1.367820561687798503e-02
2.118979184682916878e-02
1.124985854077165635e-02
1.204358486442747879e-02
1.593061696749529382e-03
5.535660319464102280e-03
2.983305272710129550e-03
9.445676799889396111e-03
-1.589038292637639897e-03
1.522295038945138462e-03
5.596419942698623202e-03
-1.147728673061651147e-02
7.018382354357463604e-03
3.309205760627073438e-03
-1.029856688076293686e-02
-3.155387422290277348e-03
-1.843126657713245117e-02
-1.079872726971459890e-02
-2.009194058490975515e-02
-1.650939385524765463e-02
1.873144842421891818e-02
