2.609993774225982666e-02
1.528496032143116662e-02
1.994707249344108979e-02
9.699506654826044183e-03
-2.595900949692095307e-03
5.189370775533896224e-03
3.089272361047092075e-03
-2.016408882780645374e-03
1.155403253739828787e-03
5.580693586279295362e-03
6.980107633091433162e-04
-2.313926552476371079e-03
8.932387665434248468e-04
2.321804859726198447e-03
2.919071064359065031e-03
4.587626967698090960e-03
-1.453744701694494046e-02
-1.370993575316815927e-02
-2.034529096363112827e-02
-2.482359157000679079e-02
4.443383534844375787e-03
