0	250	 0 0 0 0 0 1 0 0 1 0 1 0 1 0 0 0 0 0 0 1
0	250	 0 1 0 0 1 0 0 0 0 0 0 0 0 0 0 1 0 0 0 0
0	250	 0 0 0 0 0 0 1 0 0 1 1 0 0 0 0 0 0 0 1 0
0	250	 0 1 0 1 0 0 0 0 0 1 0 0 0 1 0 1 0 0 0 0
10	181	 0 0 0 0 0 1 0 0 1 0 1 0 1 0 0 0 0 0 0 1
10	87	 0 1 0 0 1 0 0 0 0 0 0 0 0 0 0 1 0 0 0 0
10	215	 0 0 0 0 0 0 1 0 0 1 1 0 0 0 0 0 0 0 1 0
10	229	 0 1 0 1 0 0 0 0 0 1 0 0 0 1 0 1 0 0 0 0
10	19	 0 0 0 0 0 1 0 0 1 0 1 0 1 0 0 0 0 0 0 0
10	4	 0 1 0 0 1 0 0 1 0 0 0 0 0 0 0 1 0 0 0 0
10	7	 0 0 1 0 0 0 1 0 0 1 1 0 0 0 0 0 0 0 1 0
10	4	 0 0 0 0 0 1 1 0 0 1 1 0 0 0 0 0 0 0 1 0
10	2	 0 0 0 0 0 1 0 0 1 0 1 0 0 0 0 0 0 0 1 0
10	7	 0 0 0 0 0 0 1 0 0 1 1 0 0 1 0 1 0 0 0 0
10	5	 0 1 0 1 0 1 0 0 1 0 1 0 1 0 0 0 0 0 0 1
10	18	 0 1 0 1 0 0 0 0 0 1 0 0 0 1 0 1 0 0 0 1
10	10	 0 1 0 1 0 0 0 0 0 1 0 0 0 0 0 1 0 0 0 0
10	3	 0 0 0 0 0 1 0 0 1 0 1 1 1 0 0 0 0 0 0 1
10	2	 0 1 1 0 1 0 0 0 0 0 0 0 0 0 0 1 0 0 0 0
10	10	 0 1 0 0 0 0 0 0 0 1 0 0 0 1 0 1 0 0 0 0
10	6	 0 1 0 1 0 0 0 0 0 1 0 0 0 1 0 1 0 0 1 0
10	14	 0 0 0 1 0 0 0 0 0 1 0 0 0 1 0 1 0 0 0 0
10	3	 0 0 0 0 0 0 0 0 0 0 0 0 0 0 0 1 0 0 0 0
10	7	 0 0 0 0 0 0 0 0 1 0 1 0 1 0 0 0 0 0 0 1
10	20	 0 0 1 0 0 1 0 0 1 0 1 0 1 0 0 0 0 0 0 1
10	3	 0 0 0 0 0 0 1 1 0 1 1 0 0 0 0 0 0 0 1 0
10	1	 0 0 0 0 0 0 1 0 0 1 1 0 1 0 0 0 0 0 1 0
10	6	 0 0 0 0 0 0 1 0 0 1 1 0 0 1 0 0 0 0 1 0
10	3	 1 1 0 1 0 0 0 0 0 1 0 0 0 1 0 1 0 0 0 0
10	2	 0 0 0 0 0 1 0 0 0 0 0 0 0 0 0 1 1 0 0 0
10	5	 0 0 0 1 0 0 0 0 0 1 0 0 0 1 0 1 0 0 0 1
10	4	 0 0 0 0 0 0 1 0 0 1 0 0 0 1 0 1 0 0 0 0
10	3	 0 0 0 0 0 0 1 0 0 1 1 0 0 0 0 0 0 0 0 1
10	9	 0 0 0 0 0 0 1 0 0 1 1 0 0 0 0 0 0 0 1 1
10	1	 0 1 0 1 0 0 0 0 0 0 0 0 0 0 0 1 0 0 0 0
10	5	 0 1 0 0 1 0 0 0 1 0 0 0 0 0 0 1 0 0 0 0
10	6	 0 1 0 0 1 0 0 0 0 0 0 0 0 0 0 0 0 0 0 0
10	3	 0 1 0 1 1 0 0 0 0 0 0 0 0 0 0 1 0 0 0 0
10	1	 0 1 0 1 0 1 0 0 0 1 0 0 0 1 0 1 0 0 0 0
10	9	 0 1 0 0 1 0 0 0 0 0 0 0 1 0 0 1 0 0 0 0
10	3	 0 0 0 0 0 0 1 0 0 0 1 0 0 0 0 0 0 0 1 0
10	3	 0 0 0 0 0 0 0 0 0 1 1 0 0 0 0 0 0 0 1 0
10	1	 0 1 0 1 0 0 0 0 0 1 0 0 0 1 0 1 0 1 0 0
10	5	 0 0 1 0 1 0 1 0 0 1 1 0 0 0 0 0 0 0 1 0
10	2	 0 1 0 0 0 0 1 0 0 1 1 0 0 0 0 0 0 0 1 0
10	5	 0 1 0 1 1 0 0 0 0 1 0 0 0 1 0 1 0 0 0 0
10	2	 0 0 0 0 0 1 0 0 1 0 0 0 0 0 0 1 0 0 0 0
10	1	 0 1 0 0 1 0 0 0 0 1 0 0 0 0 0 1 0 0 0 0
10	2	 0 1 0 0 1 0 0 0 0 0 0 0 0 1 0 1 0 0 0 0
10	6	 0 1 0 0 0 1 0 0 1 0 1 0 1 0 0 0 0 0 0 1
10	5	 0 1 0 1 0 0 0 0 0 0 1 0 1 0 0 0 0 0 0 1
10	2	 0 1 0 1 0 0 1 0 0 1 1 0 0 0 0 0 0 0 1 0
10	7	 0 1 0 1 0 0 0 0 0 1 0 0 0 0 0 0 0 0 1 0
10	4	 0 1 0 1 0 0 0 0 1 0 1 0 1 0 0 0 0 0 0 1
10	4	 0 0 0 0 0 0 0 0 0 1 0 0 0 1 0 1 0 0 0 0
10	1	 1 0 0 0 0 1 0 0 1 0 1 0 1 0 0 0 0 0 0 1
10	2	 1 0 0 0 0 0 1 0 0 1 1 0 0 0 0 0 0 0 1 0
10	1	 1 1 0 1 0 1 0 0 1 0 1 0 1 0 0 0 0 0 0 1
10	1	 0 1 1 0 1 0 0 0 0 0 0 0 0 0 0 0 0 0 0 0
10	4	 0 1 0 1 0 0 0 0 0 1 0 0 0 1 0 1 0 1 1 0
10	2	 0 0 0 0 0 1 0 0 1 0 1 0 0 1 0 1 0 0 0 0
10	1	 0 0 0 0 0 0 0 0 1 0 1 1 1 0 0 0 0 0 0 1
10	1	 0 0 0 0 0 0 1 1 0 1 1 0 0 0 0 1 0 0 0 0
10	2	 0 0 0 1 0 1 0 0 1 0 1 0 1 0 0 0 0 0 0 1
10	2	 0 0 0 0 0 1 0 0 1 0 1 0 1 0 1 0 0 0 0 1
10	2	 0 1 0 0 1 0 0 0 0 0 0 1 0 0 0 1 0 0 0 0
10	2	 0 1 0 0 0 1 0 0 1 0 1 0 0 0 0 0 0 0 0 1
10	1	 0 1 0 0 1 0 0 0 0 0 0 0 0 0 0 0 0 0 1 0
10	1	 0 1 0 1 0 0 0 0 0 1 0 0 0 1 0 0 0 0 0 1
10	4	 0 1 0 0 0 0 1 0 0 0 1 0 0 0 0 0 0 0 1 0
10	1	 0 1 0 0 1 1 0 0 0 0 0 0 0 0 0 1 0 0 0 0
10	1	 0 0 0 0 0 0 1 0 0 1 1 0 0 0 0 0 0 0 0 0
10	1	 0 0 0 0 0 0 1 0 0 1 1 0 0 0 0 0 1 0 1 0
10	1	 0 1 0 1 0 0 1 0 0 1 0 0 0 1 0 1 0 0 0 0
10	1	 0 1 0 1 0 0 0 0 0 1 0 0 0 1 1 1 0 0 0 0
10	2	 0 1 0 0 0 0 0 0 0 1 0 0 0 1 0 1 0 0 0 1
25	103	 0 0 0 0 0 1 0 0 1 0 1 0 1 0 0 0 0 0 0 1
25	24	 0 1 0 0 1 0 0 0 0 0 0 0 0 0 0 1 0 0 0 0
25	112	 0 0 0 0 0 0 1 0 0 1 1 0 0 0 0 0 0 0 1 0
25	242	 0 1 0 1 0 0 0 0 0 1 0 0 0 1 0 1 0 0 0 0
25	19	 0 0 0 0 0 1 0 0 1 0 1 0 1 0 0 0 0 0 0 0
25	16	 0 1 0 0 1 0 0 1 0 0 0 0 0 0 0 1 0 0 0 0
25	4	 0 0 0 0 0 0 1 0 0 1 1 0 0 1 0 1 0 0 0 0
25	43	 0 1 0 1 0 0 0 0 0 1 0 0 0 1 0 1 0 0 0 1
25	3	 0 1 0 0 0 0 0 0 0 1 0 0 0 1 0 1 0 0 0 0
25	4	 0 0 0 1 0 0 0 0 0 1 0 0 0 1 0 1 0 0 0 0
25	10	 0 0 1 0 0 1 0 0 1 0 1 0 1 0 0 0 0 0 0 1
25	3	 0 0 0 0 0 0 1 0 0 1 1 0 0 1 0 0 0 0 1 0
25	4	 0 0 0 1 0 0 0 0 0 1 0 0 0 1 0 1 0 0 0 1
25	3	 0 0 0 0 0 0 0 0 0 1 1 0 0 0 0 0 0 0 1 0
25	9	 0 0 1 0 1 0 1 0 0 1 1 0 0 0 0 0 0 0 1 0
25	4	 0 1 0 0 0 0 1 0 0 1 1 0 0 0 0 0 0 0 1 0
25	11	 0 1 0 1 1 0 0 0 0 1 0 0 0 1 0 1 0 0 0 0
25	1	 0 0 0 0 0 1 0 0 1 0 0 0 0 0 0 1 0 0 0 0
25	17	 0 1 0 0 0 1 0 0 1 0 1 0 1 0 0 0 0 0 0 1
25	5	 0 1 0 1 0 0 0 0 0 1 0 0 0 0 0 0 0 0 1 0
25	2	 0 0 0 0 0 0 1 1 0 1 1 0 0 0 0 1 0 0 0 0
25	8	 0 1 0 0 1 1 0 0 0 0 0 0 0 0 0 1 0 0 0 0
25	16	 0 0 0 0 0 0 1 0 0 1 1 0 0 0 0 0 0 0 0 0
25	9	 0 1 0 1 0 0 1 0 0 1 0 0 0 1 0 1 0 0 0 0
25	7	 0 1 0 1 0 0 0 0 0 1 0 0 0 1 1 1 0 0 0 0
25	1	 0 0 0 0 0 1 1 0 1 0 1 0 1 0 0 0 0 0 0 1
25	7	 0 0 0 0 0 1 0 0 1 0 1 0 1 0 0 0 1 0 0 1
25	2	 0 1 0 0 1 0 0 0 0 0 0 0 0 0 0 1 1 0 0 0
25	17	 1 1 0 0 1 0 0 0 0 0 0 0 0 0 0 1 0 0 0 0
25	7	 0 0 0 0 0 1 0 0 1 0 1 0 1 0 0 1 0 0 0 0
25	8	 0 0 0 0 0 0 1 0 0 1 1 0 1 0 0 0 0 0 0 1
25	9	 0 1 0 0 0 0 0 0 0 0 0 0 0 0 0 1 0 0 0 0
25	4	 0 0 0 0 0 0 1 0 1 1 1 0 0 0 0 0 0 0 1 0
25	17	 1 1 0 1 0 0 0 0 1 0 1 0 1 0 0 0 0 0 0 1
25	6	 0 0 0 0 0 1 0 1 0 1 1 0 0 0 0 1 0 0 0 0
25	12	 0 1 0 0 0 0 1 0 0 1 1 0 0 0 0 0 0 0 0 1
25	6	 0 0 0 0 0 1 1 0 1 0 1 0 0 0 0 0 0 0 1 0
25	4	 0 0 0 0 0 1 0 0 1 0 1 0 1 0 0 0 0 0 1 0
25	2	 0 1 0 1 0 0 1 0 1 0 1 0 1 0 0 0 0 0 0 1
25	3	 0 1 0 1 0 0 0 0 0 1 0 0 0 1 0 1 0 0 1 0
25	2	 0 0 1 0 1 0 1 0 0 1 1 0 0 0 1 0 0 0 1 0
25	16	 0 1 0 0 1 1 0 0 0 0 1 0 0 0 0 1 0 0 0 0
25	1	 0 0 0 0 0 1 0 0 1 1 1 0 0 0 0 0 0 0 1 0
25	2	 0 1 0 1 0 0 0 0 0 0 0 0 0 1 0 1 0 0 0 0
25	14	 0 0 0 0 0 0 0 0 0 1 1 0 0 0 0 0 1 0 1 0
25	6	 0 0 0 0 0 1 0 0 0 1 1 0 0 0 0 1 0 0 0 0
25	1	 0 1 0 1 0 0 0 0 0 0 0 0 0 0 0 1 0 0 0 1
25	1	 0 1 0 0 1 0 0 0 1 0 1 0 1 0 0 0 0 0 1 0
25	14	 0 1 1 1 0 0 0 0 0 1 0 0 0 0 0 1 0 0 0 0
25	3	 0 0 0 0 0 0 1 0 0 1 1 0 0 0 0 1 0 0 1 0
25	1	 0 0 0 0 0 1 0 0 0 1 0 0 0 1 0 1 0 0 0 0
25	2	 0 0 0 0 0 0 1 0 0 1 0 0 0 1 0 1 0 0 0 0
25	5	 0 1 0 1 0 1 0 0 1 0 1 0 1 0 0 0 0 0 0 1
25	1	 0 1 0 0 1 0 0 0 0 1 0 0 0 1 0 1 0 0 0 0
25	5	 0 1 0 1 1 0 0 1 0 0 0 0 0 0 0 1 0 0 0 0
25	3	 0 0 0 0 0 0 0 0 0 1 1 0 1 0 0 0 0 0 1 0
25	13	 0 1 0 1 1 0 0 0 0 1 0 0 0 1 0 1 0 0 1 0
25	3	 1 1 0 0 1 1 0 0 0 0 0 0 0 0 0 1 0 0 0 0
25	1	 1 1 0 1 0 0 0 1 1 0 1 0 1 0 0 0 0 0 0 1
25	2	 0 0 0 0 0 1 1 0 1 0 1 0 0 1 0 0 0 0 1 0
25	3	 1 0 1 0 1 0 1 0 0 1 1 0 0 0 1 0 0 0 1 0
25	4	 0 1 0 1 0 0 0 0 0 1 0 0 0 0 1 0 0 0 0 1
25	2	 0 1 0 1 1 0 0 0 1 1 0 0 0 1 0 1 0 0 0 0
25	2	 0 0 0 0 1 0 1 0 0 1 1 0 0 0 0 0 0 0 1 0
25	2	 0 1 0 1 0 0 0 0 0 1 0 0 0 1 0 1 1 0 0 0
25	4	 0 1 0 1 0 0 0 0 0 1 0 0 0 0 0 1 0 1 0 0
25	2	 0 1 0 0 0 0 1 0 0 1 1 0 0 1 0 0 0 0 1 0
25	6	 0 0 0 0 0 0 1 0 1 1 1 0 0 0 0 0 0 0 0 0
25	1	 0 0 0 0 0 0 0 0 0 1 0 0 0 1 0 1 0 0 0 0
25	8	 0 1 0 1 0 0 0 0 0 1 1 0 0 1 0 1 0 0 0 0
25	1	 0 0 0 0 0 0 1 0 0 1 0 0 0 0 0 0 0 0 1 0
25	1	 0 0 0 1 0 0 1 0 0 1 1 0 0 0 0 0 0 0 0 0
25	1	 0 1 0 0 0 0 1 0 1 1 1 0 0 0 0 0 0 0 0 1
25	4	 0 0 0 0 0 1 0 0 1 0 1 0 1 0 0 1 0 0 1 0
25	1	 1 1 0 0 1 0 0 0 0 1 0 0 0 0 0 1 0 0 0 0
25	2	 0 0 0 1 0 0 0 0 0 1 0 0 0 0 0 0 0 0 0 0
25	2	 1 1 0 1 0 0 0 0 1 0 1 0 1 0 0 0 0 0 1 0
25	5	 1 0 0 0 0 1 0 0 1 0 1 0 1 0 0 0 0 0 0 1
25	4	 1 1 0 1 0 0 0 0 1 0 1 0 0 1 0 1 0 0 0 0
25	2	 0 0 0 0 0 0 1 0 0 1 1 1 0 0 0 0 0 0 1 0
25	2	 0 1 0 1 0 0 0 0 1 1 0 0 0 1 0 1 0 0 0 0
25	1	 0 0 0 0 0 1 0 1 0 1 1 0 1 0 0 1 0 0 0 0
25	1	 0 0 0 1 0 0 1 0 1 1 1 0 0 0 0 0 0 0 0 0
25	1	 1 1 0 0 0 0 0 0 0 1 0 0 0 1 0 1 0 0 0 0
25	4	 0 1 0 1 0 0 0 1 0 1 0 0 0 1 0 1 0 0 0 0
25	4	 0 1 1 1 0 0 0 0 0 1 0 0 0 1 0 1 0 0 0 0
25	1	 1 1 0 0 1 0 0 0 0 0 0 0 0 0 0 1 1 0 0 0
25	3	 0 1 0 0 1 0 0 0 0 0 1 0 0 0 0 1 0 0 0 0
25	1	 0 0 0 1 0 0 0 0 1 0 1 0 1 0 0 0 0 0 1 0
25	1	 0 1 0 1 0 0 0 0 1 0 1 0 1 0 0 0 0 0 0 1
25	4	 0 1 0 1 0 0 0 0 0 1 0 0 0 0 0 1 0 0 0 0
25	3	 0 1 0 1 0 0 0 0 0 1 0 0 0 1 0 0 0 0 1 0
25	2	 0 0 0 0 1 0 1 0 0 1 1 0 0 0 0 1 0 0 0 0
25	1	 0 1 0 0 1 0 0 0 0 0 0 0 0 0 0 1 0 1 0 0
25	1	 0 1 0 1 0 0 0 0 0 1 0 0 1 1 0 1 0 0 0 1
25	2	 0 0 0 1 0 0 0 0 0 1 0 0 1 1 0 1 0 0 0 0
25	3	 0 0 0 1 0 0 1 0 0 1 0 0 0 1 0 1 0 0 0 1
25	1	 0 0 0 1 1 0 0 0 0 1 0 0 0 1 0 1 0 0 1 0
25	3	 0 0 0 0 0 1 0 1 0 1 1 0 1 0 0 1 0 0 1 0
25	1	 0 1 0 0 1 0 0 0 0 1 1 0 0 0 0 0 0 0 0 1
25	1	 0 0 0 0 0 0 1 0 0 1 1 0 0 0 0 0 0 0 0 1
25	1	 0 1 0 0 0 1 0 0 1 0 1 0 1 0 0 0 0 0 0 0
25	1	 0 0 0 0 0 0 1 0 1 0 1 0 1 0 0 0 0 0 1 0
25	1	 0 0 0 0 0 1 0 0 1 0 1 0 0 0 0 0 0 0 0 1
25	2	 0 0 0 0 0 0 1 1 0 1 1 0 0 0 0 0 0 0 1 0
25	1	 0 1 0 1 0 0 0 0 0 1 0 0 0 1 0 1 0 1 0 0
25	1	 0 1 0 1 0 0 0 0 0 1 0 1 0 1 0 1 0 0 0 0
25	2	 0 1 0 1 1 1 0 0 0 1 0 0 0 1 0 1 0 0 1 0
25	3	 0 1 1 1 0 0 0 0 0 1 1 0 0 1 0 1 0 0 0 0
25	1	 0 0 1 0 0 0 0 0 0 1 0 0 0 1 0 0 0 0 1 0
25	1	 0 0 0 1 0 0 1 0 0 1 1 1 0 0 0 0 0 0 1 0
25	4	 1 0 0 0 0 0 0 0 0 1 0 0 0 1 0 1 0 0 0 0
25	4	 0 0 0 0 0 1 1 0 0 1 1 0 0 0 0 0 1 0 1 0
70	10	 0 1 0 0 1 0 0 0 0 0 0 0 0 0 0 1 0 0 0 0
70	81	 0 0 0 0 0 0 1 0 0 1 1 0 0 0 0 0 0 0 1 0
70	155	 0 1 0 1 0 0 0 0 0 1 0 0 0 1 0 1 0 0 0 0
70	16	 0 0 0 0 0 1 0 0 1 0 1 0 1 0 0 0 0 0 0 0
70	40	 1 1 0 1 0 0 0 0 1 0 1 0 1 0 0 0 0 0 0 1
70	12	 0 1 0 1 0 0 0 0 0 1 0 0 0 1 0 1 0 0 1 0
70	11	 0 1 1 1 0 0 0 0 0 1 0 0 0 0 0 1 0 0 0 0
70	4	 0 0 0 0 0 0 1 0 1 1 1 0 0 0 0 0 0 0 0 0
70	64	 0 1 0 1 0 0 0 0 0 1 1 0 0 1 0 1 0 0 0 0
70	6	 0 1 0 1 0 0 0 0 0 1 0 0 0 0 0 1 0 0 0 0
70	4	 0 1 0 1 0 0 0 0 0 1 0 0 1 1 0 1 0 0 0 0
70	1	 0 0 0 1 0 0 1 0 0 1 0 0 0 1 0 1 0 0 0 0
70	18	 0 1 0 1 1 0 0 0 0 1 0 0 0 1 1 1 0 0 1 0
70	7	 0 1 0 1 0 0 0 0 0 1 1 0 0 1 0 0 0 0 0 0
70	4	 0 1 1 1 0 0 0 0 1 1 0 0 0 1 0 1 0 0 0 0
70	7	 0 0 0 1 0 0 0 0 0 1 1 0 0 0 0 0 0 0 1 0
70	29	 0 0 0 0 0 0 1 0 0 1 1 0 0 1 0 1 0 0 0 0
70	5	 0 1 0 1 0 0 0 0 0 1 1 0 0 1 0 1 0 0 0 1
70	5	 0 1 0 0 0 0 1 0 0 1 1 0 0 1 0 1 0 0 0 0
70	8	 0 1 0 1 0 0 0 0 0 1 0 0 0 1 0 0 0 0 0 0
70	30	 0 1 0 1 0 0 1 0 0 1 1 0 0 0 0 0 0 0 0 0
70	6	 0 0 0 1 0 0 0 0 1 1 0 0 1 1 0 1 0 0 0 0
70	4	 1 1 0 1 0 0 0 0 0 1 1 0 0 1 0 1 0 0 0 0
70	34	 0 1 0 1 0 0 0 0 0 1 1 1 0 1 0 1 0 0 0 0
70	7	 1 0 0 1 0 0 0 0 0 1 0 0 0 0 0 1 0 0 0 0
70	14	 0 1 0 1 0 0 0 0 0 1 1 0 0 0 0 0 0 0 1 0
70	2	 0 1 0 1 0 0 0 0 1 1 0 0 0 1 0 1 1 0 0 0
70	3	 0 1 0 1 0 0 0 0 0 1 1 0 1 1 0 0 0 0 1 0
70	1	 0 1 0 1 0 0 0 0 0 1 0 0 0 1 1 1 0 0 1 0
70	14	 0 1 0 1 0 0 0 0 0 0 1 0 1 0 0 0 0 0 0 1
70	1	 0 0 0 0 0 1 1 0 0 1 1 0 0 0 0 1 1 0 1 0
70	17	 0 1 0 1 0 0 0 0 0 1 0 1 0 1 0 1 0 0 1 0
70	2	 0 0 0 0 0 1 0 0 1 1 1 0 1 0 0 1 0 0 0 0
70	1	 0 1 1 1 0 0 1 0 0 1 1 0 0 0 0 0 0 0 0 0
70	2	 0 0 0 0 0 0 1 0 1 1 1 1 0 0 0 0 0 0 0 0
70	22	 0 1 0 1 0 0 0 0 0 1 1 0 0 0 0 1 0 0 0 1
70	4	 0 0 0 0 0 0 1 0 0 1 1 0 0 0 1 0 0 0 1 0
70	1	 0 1 0 1 0 0 0 0 0 1 1 0 1 1 0 1 0 0 0 1
70	4	 0 1 0 1 1 0 0 0 0 1 1 0 0 0 0 0 0 0 1 0
70	4	 0 0 0 1 0 0 0 0 0 1 0 0 0 0 0 1 0 0 0 0
70	1	 0 0 0 1 0 0 0 0 0 1 1 0 0 0 0 0 0 0 1 1
70	1	 0 0 0 1 0 0 0 0 0 1 1 0 0 0 0 0 0 0 0 1
70	7	 1 1 0 1 0 0 0 0 1 0 1 0 1 0 0 0 0 1 0 1
70	14	 0 1 0 1 0 0 0 0 0 1 0 0 0 0 0 1 0 0 0 1
70	16	 0 0 0 0 0 1 0 0 0 1 1 0 0 0 0 1 1 0 1 0
70	13	 0 1 0 1 0 0 0 0 0 1 1 0 0 1 0 1 0 1 0 0
70	5	 0 0 0 1 0 0 0 0 1 1 1 1 0 0 0 0 0 0 0 0
70	14	 0 0 0 0 0 0 1 1 0 1 1 0 0 0 0 1 0 0 0 0
70	4	 0 1 0 1 0 0 1 0 0 0 0 0 0 0 0 0 0 0 1 0
70	2	 0 0 0 0 0 1 0 0 0 1 1 0 0 1 0 1 0 0 0 1
70	22	 0 1 0 1 1 0 0 0 0 1 1 0 0 1 0 1 0 0 0 1
70	9	 0 1 1 1 0 0 1 0 1 1 0 0 0 1 0 1 0 0 0 0
70	4	 0 1 1 1 0 0 0 0 0 1 0 0 1 1 1 1 0 0 0 0
70	4	 0 0 0 1 0 0 0 0 1 1 0 0 1 1 0 1 0 0 0 1
70	12	 0 1 0 1 0 0 1 0 0 1 1 0 0 1 0 1 0 0 0 0
70	11	 0 1 0 0 0 0 0 0 0 1 0 0 0 0 0 1 0 0 0 0
70	3	 1 1 0 1 0 0 0 0 0 1 0 0 0 1 0 1 0 0 0 0
70	2	 0 0 0 0 0 0 1 0 1 1 1 0 0 0 0 0 0 0 1 0
70	9	 1 0 0 0 0 1 0 0 0 1 1 0 0 0 0 0 1 0 1 0
70	5	 0 0 0 1 0 0 0 0 0 1 1 0 0 1 0 1 0 0 0 0
70	6	 0 1 0 0 0 0 0 0 0 0 0 0 0 0 0 1 0 0 0 0
70	3	 0 1 0 1 0 0 0 0 0 1 0 0 0 1 1 0 0 0 0 0
70	11	 0 1 0 1 0 0 1 1 0 1 1 0 0 0 1 0 0 0 1 0
70	3	 0 1 0 0 1 0 0 0 0 0 0 0 0 0 0 0 0 0 0 0
70	2	 0 0 0 0 0 0 1 0 0 1 1 0 0 0 0 1 0 0 0 0
70	2	 0 1 0 0 0 0 1 0 0 1 1 0 0 0 0 0 0 0 1 0
70	8	 0 1 0 1 0 0 0 0 0 1 1 0 0 1 0 1 1 0 0 0
70	6	 0 1 0 1 0 0 0 0 0 1 0 0 0 1 1 1 0 0 0 0
70	7	 0 0 0 0 0 1 0 0 0 1 1 0 0 0 0 0 0 0 1 0
70	5	 1 0 0 1 1 0 0 0 0 1 1 0 0 0 0 0 0 0 1 0
70	3	 0 1 0 1 0 0 1 0 0 1 0 0 0 1 0 1 0 0 0 0
70	11	 0 1 1 1 0 0 0 0 1 1 0 0 1 1 0 1 0 0 0 0
70	2	 0 1 0 1 1 0 0 0 0 1 1 0 0 1 0 0 0 0 1 0
70	3	 0 1 0 1 0 0 0 0 0 0 0 0 0 1 0 1 1 0 0 0
70	2	 0 0 0 0 0 0 0 0 0 0 1 0 1 0 0 0 0 0 0 1
70	11	 0 1 0 1 0 0 1 0 0 1 1 0 0 0 0 0 0 0 1 0
70	1	 0 1 0 1 0 0 1 0 0 0 1 0 0 0 0 0 0 0 0 0
70	2	 0 0 0 1 0 0 0 0 0 1 1 0 0 1 0 0 0 0 0 1
70	3	 0 1 0 0 0 0 1 0 0 0 0 0 0 0 0 1 0 0 0 0
70	7	 0 1 0 1 0 0 0 0 1 0 1 0 1 0 0 0 0 0 0 1
70	1	 0 1 0 1 1 0 1 0 0 1 1 0 0 1 0 1 0 0 0 0
70	1	 0 0 0 0 1 0 1 0 0 1 1 0 0 0 0 0 0 0 1 0
70	1	 0 1 0 1 0 0 0 0 0 1 0 0 0 1 0 1 0 1 0 0
70	1	 0 1 1 1 0 0 0 0 0 1 0 0 0 1 0 1 0 0 0 0
70	3	 0 0 0 0 0 0 0 0 1 1 0 0 1 1 0 1 0 0 0 0
70	8	 0 0 0 0 0 0 0 0 0 1 1 0 0 0 0 0 0 0 0 1
70	1	 1 0 0 0 0 0 1 1 0 1 1 0 0 0 0 1 0 0 0 0
70	1	 0 1 0 0 0 0 0 0 0 1 0 0 0 1 1 0 0 0 0 0
70	2	 1 1 0 0 0 0 1 0 0 1 1 0 0 0 0 0 0 0 1 0
70	3	 1 0 0 0 0 0 1 0 0 1 1 0 0 0 0 0 1 0 1 0
70	3	 0 1 0 1 1 0 0 0 1 0 1 0 1 0 0 0 0 0 0 1
70	1	 0 0 0 0 1 0 0 0 0 0 0 0 0 0 0 1 0 0 0 0
70	1	 0 0 1 0 0 0 1 0 0 1 1 0 0 0 0 0 0 0 1 0
70	7	 1 0 0 1 0 0 0 0 1 0 1 0 1 0 0 0 0 0 0 1
70	3	 0 0 0 1 0 0 0 0 0 1 1 0 0 1 0 1 0 0 0 1
70	1	 0 1 0 0 0 0 1 0 0 0 1 0 0 0 0 0 0 0 1 0
70	2	 0 0 0 0 0 1 0 0 0 1 1 0 0 0 0 1 0 0 1 0
70	3	 1 1 0 1 0 0 0 0 1 0 1 0 1 0 0 0 0 0 1 0
70	1	 0 0 0 0 0 0 0 0 0 0 1 0 1 0 0 0 0 0 1 0
70	5	 0 1 0 1 0 0 0 1 0 1 0 0 0 1 0 1 0 0 0 0
70	1	 0 1 0 1 0 1 0 0 0 1 0 0 0 1 0 1 0 0 0 0
70	1	 0 1 0 1 0 0 0 0 0 1 0 0 0 0 0 1 0 0 1 0
70	1	 0 1 0 1 0 0 0 0 0 1 1 0 0 1 1 1 0 0 0 0
70	1	 1 1 0 1 0 0 0 0 0 1 0 0 0 1 0 0 0 0 1 0
70	1	 0 0 0 1 0 0 0 0 0 1 0 0 0 1 0 0 0 0 1 0
70	5	 1 1 1 1 0 0 0 0 0 1 1 0 0 1 0 1 0 0 0 0
70	1	 0 1 0 0 0 0 0 0 0 1 1 1 0 1 0 1 0 0 0 0
70	2	 0 1 0 1 0 0 0 0 1 1 0 1 0 1 0 1 0 0 1 0
70	2	 0 1 0 1 0 0 1 0 1 1 1 0 0 0 0 0 0 0 1 0
70	1	 0 1 0 0 0 0 1 0 0 1 1 0 0 0 1 0 0 0 1 0
70	1	 0 1 0 1 0 0 1 0 0 1 0 1 0 1 0 1 0 0 1 0
70	3	 0 1 1 1 0 0 1 0 0 1 1 0 0 0 0 0 0 0 1 0
70	2	 0 0 0 0 0 1 0 0 1 0 1 0 1 0 0 0 0 0 0 1
70	1	 1 1 0 0 0 0 0 0 0 1 0 0 0 1 0 1 0 0 0 0
70	2	 0 1 0 1 0 0 0 0 0 0 0 0 0 1 0 1 0 0 0 0
70	2	 0 0 0 0 0 0 1 0 0 1 0 0 0 1 0 1 0 0 0 0
70	2	 0 1 0 1 0 0 1 0 0 1 1 1 0 1 0 1 0 0 0 0
70	2	 0 0 1 0 0 1 0 0 0 1 1 0 0 1 0 1 0 0 0 1
70	1	 0 1 1 0 0 0 0 0 0 1 0 0 0 0 0 1 0 0 0 0
70	3	 0 0 0 1 1 0 0 0 0 1 1 0 0 0 0 0 0 0 1 0
135	9	 0 1 0 1 0 0 0 0 0 1 0 0 0 1 0 1 0 0 0 0
135	140	 0 1 0 1 0 0 0 0 0 1 1 0 0 1 0 1 0 0 0 0
135	40	 0 1 0 0 0 0 1 0 0 1 1 0 0 1 0 1 0 0 0 0
135	54	 0 1 0 1 0 0 1 0 0 1 1 0 0 0 0 0 0 0 0 0
135	22	 1 1 0 1 0 0 0 0 0 1 1 0 0 1 0 1 0 0 0 0
135	65	 0 1 0 1 0 0 0 0 0 1 1 1 0 1 0 1 0 0 0 0
135	16	 1 1 0 1 0 0 0 0 0 1 0 0 0 1 0 1 0 0 0 0
135	7	 0 1 0 1 0 0 0 0 0 1 1 0 0 1 0 1 1 0 0 0
135	8	 0 1 1 1 0 0 0 0 1 1 0 0 1 1 0 1 0 0 0 0
135	4	 0 1 0 1 0 0 0 0 1 1 1 1 0 1 0 1 0 0 0 0
135	3	 1 1 0 1 0 0 0 0 1 0 1 0 1 0 0 1 0 0 0 1
135	32	 0 0 0 1 0 0 0 0 0 1 1 0 0 0 0 0 0 0 0 0
135	12	 0 1 0 1 0 0 0 0 0 1 1 1 0 1 0 1 0 0 0 1
135	9	 0 1 0 1 0 0 1 1 0 1 1 0 0 0 1 0 0 0 0 0
135	3	 0 1 0 1 0 1 0 0 0 1 0 0 0 0 0 1 0 0 0 0
135	3	 0 1 1 1 0 0 1 1 0 1 1 0 1 0 1 1 0 0 1 0
135	8	 0 1 0 1 0 1 0 0 0 1 1 1 0 1 0 1 0 0 0 0
135	11	 0 1 1 1 0 0 1 0 1 1 0 1 0 1 0 1 0 0 0 0
135	16	 0 1 0 1 1 0 0 0 0 1 1 0 0 1 0 1 0 0 0 0
135	9	 1 1 0 1 0 0 0 0 0 1 1 1 0 1 0 1 0 0 0 0
135	7	 0 0 0 1 0 0 0 0 0 1 1 1 0 1 0 1 0 0 0 0
135	35	 0 0 0 1 0 0 1 0 0 1 1 1 0 1 0 1 0 0 0 0
135	8	 0 1 0 1 0 0 0 0 0 1 1 0 0 0 0 0 0 0 0 0
135	3	 1 0 0 1 0 0 0 0 1 0 1 0 1 0 0 1 0 0 0 1
135	21	 0 1 0 1 0 0 1 0 0 1 1 0 0 1 0 1 0 0 0 0
135	19	 0 1 0 1 0 0 0 0 0 1 1 1 0 1 0 1 1 0 0 0
135	34	 0 1 1 1 1 0 0 0 0 1 1 0 0 1 0 1 0 0 0 0
135	10	 0 1 0 1 0 0 1 0 0 1 1 1 0 1 0 0 0 0 0 0
135	5	 0 1 0 1 0 0 0 0 0 1 0 1 0 1 0 1 0 0 0 0
135	4	 1 1 0 1 0 0 1 0 0 1 1 0 0 1 0 1 0 0 0 0
135	3	 1 1 0 1 0 0 0 0 0 1 0 0 0 0 0 0 0 0 0 0
135	3	 0 1 0 1 1 0 0 0 0 1 1 1 0 1 0 1 0 0 0 0
135	2	 1 1 0 1 0 0 0 0 0 1 1 0 0 0 0 0 0 0 0 0
135	7	 0 1 0 1 0 1 0 0 0 1 1 0 0 1 0 1 0 1 0 0
135	2	 1 1 0 0 0 0 1 0 0 1 1 0 0 1 0 1 1 0 0 0
135	7	 0 0 1 1 0 0 0 0 0 1 1 0 0 0 0 0 0 0 0 0
135	9	 0 1 0 1 0 0 0 0 0 1 1 1 0 1 0 1 1 0 0 1
135	30	 0 1 0 1 0 0 0 1 0 1 1 1 0 1 0 1 0 0 0 0
135	13	 0 1 0 1 0 0 1 1 0 1 1 0 0 0 0 0 0 0 0 0
135	3	 0 1 1 1 0 1 0 0 0 1 0 0 0 0 0 1 0 0 0 0
135	17	 0 1 0 1 0 1 0 0 0 1 1 0 0 1 0 1 0 0 0 0
135	5	 1 1 0 1 0 0 1 0 0 1 1 0 0 0 0 0 0 0 0 0
135	13	 0 1 0 1 0 0 0 0 0 1 1 0 1 0 0 0 0 0 0 0
135	2	 0 1 1 1 0 0 1 0 1 1 1 0 0 0 0 0 0 0 0 0
135	14	 0 1 1 1 0 0 1 0 1 1 0 0 0 0 0 1 0 0 0 0
135	14	 0 1 0 1 0 0 0 0 1 1 1 1 1 1 0 1 0 0 0 0
135	8	 0 1 0 1 0 1 0 0 0 1 1 1 1 1 0 1 0 0 0 0
135	8	 0 1 0 1 0 0 0 0 0 1 1 0 0 1 0 0 0 0 0 0
135	10	 0 1 1 1 0 0 0 0 0 1 0 0 0 0 0 0 0 0 0 0
135	6	 0 1 0 1 0 0 0 0 0 1 1 0 0 1 0 1 0 0 0 1
135	4	 0 1 0 1 0 1 0 0 0 1 0 0 0 1 0 1 0 0 0 0
135	14	 0 1 0 0 0 0 0 0 0 1 1 0 0 1 0 1 0 0 0 0
135	9	 0 1 0 1 0 0 0 0 0 1 1 1 0 0 0 1 0 0 0 0
135	5	 0 1 0 1 0 0 0 0 0 1 1 0 0 0 1 1 1 0 1 0
135	6	 0 0 0 1 0 0 0 0 0 1 1 0 0 1 0 1 0 0 0 0
135	4	 0 1 0 1 0 0 0 0 0 1 1 1 0 1 0 1 0 0 1 0
135	6	 0 1 1 1 0 0 1 0 1 1 0 1 1 1 0 1 0 0 0 0
135	1	 0 0 0 0 0 0 1 0 0 1 1 1 0 1 0 1 0 0 0 0
135	16	 0 1 1 0 0 0 0 0 0 1 1 0 0 1 0 1 0 0 0 0
135	1	 0 1 0 1 0 0 0 0 1 0 1 0 0 1 0 1 0 0 0 0
135	5	 0 1 0 1 0 1 0 0 0 1 0 0 0 0 0 0 0 0 0 0
135	1	 1 1 0 1 0 0 0 0 1 0 1 1 1 0 0 1 0 0 0 1
135	5	 0 1 0 1 0 0 0 0 0 1 1 0 0 0 0 1 0 0 0 1
135	8	 0 1 1 1 0 0 0 0 0 1 0 0 0 1 0 1 0 0 0 0
135	2	 0 1 0 0 0 0 1 0 0 1 1 0 0 1 0 1 0 0 0 1
135	2	 0 0 0 1 0 0 1 0 0 1 1 1 0 1 1 1 0 0 0 0
135	11	 0 1 0 1 0 0 0 0 0 0 1 0 0 1 0 1 0 0 0 0
135	1	 0 1 0 1 0 0 0 0 0 1 0 0 0 0 0 0 0 0 0 0
135	14	 0 1 1 1 0 0 1 0 0 1 1 0 0 1 0 1 0 0 0 0
135	3	 1 1 0 1 0 0 0 0 1 0 1 1 1 0 0 1 0 0 0 0
135	3	 0 0 0 1 0 0 1 0 0 1 1 0 0 0 0 0 0 0 0 0
135	1	 1 1 0 1 0 1 0 0 0 1 1 1 0 1 0 1 0 0 0 0
135	2	 0 1 0 1 1 1 0 0 0 1 1 1 1 1 0 1 0 0 0 0
135	2	 0 0 0 1 0 0 0 0 0 1 0 0 0 1 0 1 0 0 0 0
135	5	 1 1 0 1 0 0 0 0 0 1 1 0 0 1 0 1 0 0 0 1
135	2	 0 1 1 1 0 1 0 0 0 1 0 0 0 1 0 1 0 1 0 0
135	1	 0 1 0 1 1 1 0 0 0 1 1 1 0 1 0 1 0 0 0 0
135	1	 0 1 0 1 0 0 0 0 0 0 1 0 1 0 0 1 0 0 0 1
135	11	 1 1 0 1 0 0 0 0 0 1 0 0 0 1 0 1 0 0 0 1
135	2	 0 0 0 1 1 0 1 0 0 1 1 1 0 1 0 1 0 0 0 0
135	2	 0 1 0 1 0 1 1 0 0 1 1 1 1 1 0 1 0 0 0 0
135	2	 0 0 1 1 0 0 0 0 0 1 1 0 0 1 0 1 0 0 0 0
135	1	 0 1 0 1 0 0 1 0 0 1 1 1 0 0 0 0 0 0 0 0
135	3	 0 0 0 1 0 0 1 0 0 1 1 1 0 1 0 1 0 0 1 0
135	2	 0 0 0 1 0 0 1 0 0 1 0 1 0 1 0 1 0 0 0 0
135	2	 0 0 1 1 0 0 1 0 0 1 1 1 0 1 0 1 0 0 0 0
135	1	 0 0 0 0 0 0 1 0 0 1 1 0 0 0 0 0 0 0 0 0
135	3	 0 1 0 1 0 0 1 0 0 1 1 1 0 1 0 1 0 0 0 0
135	1	 0 1 0 1 0 0 0 0 0 1 1 1 0 1 1 1 1 0 0 0
135	5	 0 1 1 1 1 0 0 1 0 1 1 0 0 1 0 1 0 0 0 0
135	2	 0 1 1 1 0 0 0 0 0 1 1 1 0 1 0 1 1 0 0 0
135	4	 1 1 0 1 0 0 0 0 0 1 1 1 0 0 0 1 0 0 0 0
135	1	 0 1 0 0 0 0 1 0 0 1 1 1 0 1 0 1 0 0 0 0
135	2	 0 1 0 1 0 0 1 0 1 1 0 1 0 1 0 1 0 0 0 0
135	1	 0 1 0 1 1 0 1 0 0 1 1 0 0 0 0 0 0 0 0 0
135	2	 0 1 0 1 0 0 0 0 0 1 1 1 1 1 0 1 0 0 0 0
135	3	 0 1 1 1 0 0 1 1 1 1 0 1 0 1 0 1 0 0 0 0
135	2	 0 1 0 1 0 0 1 0 0 1 1 0 0 1 0 0 0 0 0 0
135	1	 0 1 0 1 0 0 1 0 1 1 1 0 0 0 0 0 0 0 1 0
135	2	 0 1 0 1 0 0 1 1 1 1 1 0 0 0 0 0 0 0 0 0
135	3	 0 1 1 1 0 0 1 0 1 1 0 0 0 0 1 1 0 0 0 0
135	1	 0 0 0 0 0 0 0 0 0 1 1 0 0 1 0 1 0 0 0 0
135	1	 0 1 0 1 0 0 0 0 0 1 1 1 0 0 0 1 0 1 0 0
135	1	 0 1 1 1 0 0 1 0 1 1 0 1 1 1 0 0 0 0 0 0
135	1	 1 1 0 1 0 0 0 0 0 1 1 0 0 0 1 1 1 0 1 1
135	2	 0 1 0 1 0 0 0 0 0 1 1 0 0 1 0 1 0 1 0 0
135	1	 1 1 0 1 0 0 0 0 0 0 1 0 0 1 0 1 0 0 0 0
135	2	 0 1 0 1 0 0 0 0 0 1 1 1 0 1 0 0 0 0 0 1
135	1	 0 1 1 1 0 0 1 0 0 1 0 1 0 1 0 1 0 0 0 0
135	1	 0 0 0 1 0 0 1 0 0 1 1 1 0 1 0 0 0 0 0 0
135	2	 0 1 1 1 0 0 1 0 1 1 0 0 0 0 0 1 1 0 0 0
135	1	 0 0 0 1 0 0 1 0 0 1 1 1 0 1 0 1 1 0 1 0
250	22	 0 1 0 1 0 0 0 0 0 1 1 0 0 1 0 1 0 0 0 0
250	41	 0 1 0 1 1 0 0 0 0 1 1 0 0 1 0 1 0 0 0 0
250	33	 0 1 0 1 0 0 1 0 0 1 1 0 0 1 0 1 0 0 0 0
250	1	 0 1 0 1 0 1 0 0 0 1 1 0 0 1 0 1 0 0 0 0
250	25	 0 1 1 1 0 0 1 0 0 1 1 0 0 1 0 1 0 0 0 0
250	31	 0 1 1 1 0 0 0 0 0 1 1 0 0 1 0 1 0 0 0 0
250	43	 0 1 1 1 1 0 1 0 0 1 1 0 0 1 0 1 0 0 0 0
250	12	 0 1 0 1 0 0 0 0 0 1 1 0 0 1 0 0 0 0 0 0
250	58	 0 1 1 1 0 0 0 0 0 1 1 1 1 0 0 0 0 0 0 0
250	17	 0 1 1 1 0 0 0 0 0 1 1 0 0 1 0 0 0 0 0 0
250	16	 0 0 0 1 0 1 0 0 0 1 1 1 0 1 0 0 0 0 0 0
250	25	 0 1 1 1 0 0 1 0 0 1 1 0 0 0 0 0 0 0 0 0
250	34	 0 1 0 1 1 0 1 0 0 1 1 0 0 1 0 1 0 0 0 0
250	14	 0 1 0 1 0 0 0 1 1 1 1 0 0 0 1 0 0 0 0 0
250	10	 0 1 1 1 0 0 0 0 0 1 1 1 1 0 0 1 0 0 0 0
250	9	 0 1 0 1 0 0 0 0 1 0 1 1 0 1 0 1 0 0 0 0
250	29	 0 1 0 1 1 0 0 0 0 1 1 1 0 1 0 1 0 0 0 0
250	24	 0 1 0 1 1 0 0 1 0 1 1 0 0 1 0 1 0 0 0 0
250	1	 0 1 1 1 0 0 1 0 0 1 1 0 0 1 0 0 0 0 0 0
250	15	 0 1 1 1 0 0 0 0 0 1 1 0 0 1 0 1 0 0 1 0
250	7	 0 0 0 1 0 0 1 0 0 1 1 1 1 0 0 1 0 0 0 0
250	11	 0 1 1 1 0 0 0 0 1 1 1 0 0 1 0 0 0 0 0 0
250	16	 0 1 0 1 0 0 1 0 0 1 1 1 1 0 0 1 0 0 0 0
250	9	 0 1 0 1 1 0 0 0 0 1 1 0 0 1 1 1 0 0 0 0
250	17	 0 1 0 1 0 1 0 0 0 1 1 1 0 1 0 1 0 0 0 0
250	6	 0 1 1 1 0 0 1 0 0 1 1 0 0 0 0 1 0 0 0 0
250	13	 0 1 0 1 1 0 1 0 0 1 1 0 0 1 0 0 0 0 0 0
250	2	 0 1 1 1 0 0 1 0 0 1 1 0 0 1 0 1 0 1 0 0
250	7	 0 1 1 1 0 0 0 0 0 1 1 0 0 1 0 0 0 0 1 0
250	6	 0 1 0 1 1 0 0 0 0 1 0 0 0 1 0 1 0 0 0 0
250	10	 0 1 1 1 1 0 0 1 0 1 1 0 0 1 0 1 0 0 0 0
250	1	 0 1 0 1 1 0 1 0 0 1 1 0 0 0 0 1 0 0 0 0
250	8	 0 1 0 1 1 0 0 1 1 1 1 0 0 0 1 0 0 0 0 0
250	3	 1 1 0 1 0 0 0 0 0 1 1 0 0 0 0 1 0 0 0 0
250	10	 0 1 1 1 0 0 0 1 0 1 1 0 0 1 0 1 0 0 0 0
250	18	 0 1 1 0 0 0 0 0 0 1 1 0 0 1 0 1 0 0 0 0
250	7	 0 1 0 1 1 0 0 0 0 0 1 0 0 1 0 1 0 0 0 0
250	14	 0 1 1 1 0 0 1 0 0 1 1 1 0 0 0 0 0 0 0 0
250	4	 0 1 0 1 0 0 1 0 0 1 1 0 0 1 0 1 0 1 0 0
250	2	 0 1 0 1 0 0 1 1 0 1 1 1 1 0 0 1 0 0 0 0
250	16	 0 1 0 1 1 0 0 0 0 1 1 0 0 0 0 0 0 0 0 0
250	16	 0 1 0 1 1 0 0 0 0 1 1 1 0 1 1 1 0 0 0 0
250	7	 0 1 1 1 0 1 1 0 1 1 1 1 1 0 0 0 0 0 0 0
250	6	 0 1 1 1 1 0 1 0 0 1 1 0 1 1 0 1 0 0 0 0
250	7	 0 0 0 1 0 1 0 0 0 0 1 1 0 1 0 0 0 0 0 0
250	15	 0 1 0 1 0 0 1 0 0 1 1 0 1 1 1 1 0 0 0 0
250	8	 0 1 0 1 0 0 1 0 1 1 1 0 0 1 0 1 1 0 0 0
250	15	 0 1 1 1 0 0 0 0 0 1 0 0 0 0 0 0 0 0 0 0
250	1	 0 1 1 1 0 0 0 0 0 1 1 0 0 1 0 0 1 0 0 0
250	3	 0 1 1 1 0 0 0 0 0 1 0 0 1 1 0 1 0 0 0 0
250	4	 0 1 1 1 0 0 0 0 1 1 1 0 0 1 0 1 1 0 0 0
250	5	 0 1 1 1 0 0 0 0 0 1 1 1 0 1 0 1 0 0 0 0
250	5	 0 1 0 1 1 1 1 0 1 1 1 0 0 1 0 1 0 0 0 0
250	1	 0 1 1 1 0 1 1 0 1 1 1 0 0 1 0 0 0 0 0 0
250	6	 0 1 1 1 1 0 1 1 0 1 1 0 0 1 0 1 0 0 0 0
250	6	 0 1 0 1 0 1 1 0 1 1 1 0 0 1 0 1 0 0 0 0
250	12	 0 0 1 1 0 0 0 0 0 1 1 0 0 1 0 0 0 0 0 0
250	4	 0 1 1 1 0 0 0 0 0 1 1 0 0 1 0 1 1 0 0 0
250	7	 0 1 0 1 0 0 1 0 0 1 1 0 0 1 0 0 0 0 0 0
250	4	 1 1 0 1 0 0 0 0 0 1 1 1 0 1 0 1 0 0 0 0
250	2	 0 1 1 1 0 0 0 0 0 1 1 0 0 1 1 1 0 0 0 0
250	6	 0 0 0 1 0 0 0 0 0 1 1 0 0 1 0 0 0 0 0 0
250	10	 0 1 0 1 1 0 0 1 0 1 1 0 0 1 1 1 0 0 0 0
250	3	 0 1 1 1 1 0 1 0 0 1 1 0 0 1 0 0 0 0 0 0
250	5	 0 1 0 1 0 0 0 1 0 1 1 0 0 1 0 1 0 0 0 0
250	11	 0 1 0 0 0 0 0 0 0 1 1 0 0 1 0 1 0 0 0 0
250	4	 0 1 1 1 0 0 1 0 0 1 1 0 0 1 1 1 0 0 0 0
250	7	 0 1 1 1 0 0 0 1 1 1 1 0 0 0 1 0 0 0 0 0
250	8	 0 1 0 1 0 1 0 0 0 1 1 1 0 1 0 0 0 0 0 1
250	13	 0 1 0 1 0 0 1 0 0 1 1 0 1 0 0 0 0 0 0 0
250	5	 0 1 1 1 0 0 1 0 1 1 1 0 0 1 0 1 0 0 0 0
250	1	 0 1 1 1 0 0 0 0 0 1 1 1 1 0 1 0 0 0 0 0
250	1	 0 1 0 1 1 0 0 0 0 0 1 0 0 1 0 0 0 0 0 0
250	4	 0 1 1 0 0 0 0 0 0 1 1 1 0 1 0 0 0 0 0 0
250	7	 0 0 1 1 0 0 0 0 0 1 1 0 0 1 0 1 0 0 0 0
250	2	 0 1 1 1 0 0 0 0 0 1 1 0 0 1 0 1 0 0 0 1
250	3	 0 1 0 1 0 0 1 0 0 1 1 1 0 1 0 1 0 0 0 0
250	9	 0 1 1 1 0 0 0 0 0 1 1 0 0 1 1 0 0 0 0 0
250	9	 1 1 1 1 0 0 0 0 1 1 1 0 0 1 0 0 0 0 0 0
250	2	 0 1 1 1 0 0 0 0 1 1 1 1 0 1 0 0 0 0 0 0
250	2	 0 1 1 1 0 0 1 0 0 1 0 0 0 0 0 1 0 0 0 0
250	6	 0 1 0 1 1 0 0 0 0 0 1 1 1 0 0 1 0 0 0 0
250	5	 0 1 1 1 0 0 1 0 0 0 1 0 1 0 0 0 0 0 0 0
250	1	 0 0 1 0 0 0 0 0 0 1 1 0 0 1 0 1 0 0 0 0
250	1	 0 0 1 1 0 0 1 0 0 1 0 0 0 0 0 1 0 0 0 0
250	4	 0 1 1 1 0 0 0 0 0 0 1 0 0 1 0 1 0 0 0 0
250	2	 0 1 0 1 1 0 0 1 0 1 1 0 0 0 0 1 0 0 0 0
250	1	 0 0 1 1 0 1 0 0 0 1 1 1 0 1 0 0 0 0 0 0
250	7	 0 1 1 0 0 0 1 0 0 1 1 1 0 0 0 0 0 0 0 0
250	1	 0 1 0 1 0 0 1 0 0 1 1 0 1 1 1 1 0 0 1 0
250	7	 0 1 0 1 1 1 0 0 0 0 1 0 0 1 0 0 0 0 0 0
250	2	 0 1 0 1 1 0 1 0 0 1 1 0 0 0 0 0 0 0 0 0
250	2	 0 1 1 1 0 0 0 0 0 1 1 1 1 0 0 1 0 0 0 1
250	6	 0 1 0 1 0 1 0 0 0 1 1 0 0 1 0 1 0 0 0 1
250	3	 0 1 1 1 0 0 0 0 0 1 0 1 1 0 0 1 0 0 0 0
250	4	 0 0 0 1 0 0 1 0 0 1 1 1 1 0 0 1 0 0 1 0
250	1	 0 1 1 1 0 0 0 1 0 1 1 0 0 1 0 0 0 0 0 0
250	2	 0 1 0 1 1 0 0 0 0 1 1 1 0 1 1 0 0 0 0 0
250	2	 0 1 1 1 1 0 1 1 0 1 1 1 0 1 0 1 0 0 0 0
250	1	 0 1 0 1 0 0 1 1 0 1 1 0 0 1 0 1 0 0 0 0
250	2	 0 1 1 1 0 0 0 0 0 1 0 0 0 1 0 1 0 0 0 0
250	2	 0 1 0 1 0 0 0 0 0 1 0 0 0 1 0 1 0 0 0 0
250	4	 0 1 1 1 0 0 0 0 0 1 1 1 0 0 0 0 0 0 0 0
250	3	 0 1 1 1 0 0 0 0 0 1 1 1 1 1 0 0 0 0 0 0
250	1	 0 0 0 1 0 1 0 0 0 1 1 1 0 1 0 1 0 0 0 0
250	1	 0 0 1 1 0 0 0 0 0 1 1 1 1 0 0 1 0 0 0 0
250	4	 0 1 0 1 1 0 0 0 0 1 0 1 0 1 0 1 0 0 0 0
250	1	 0 1 0 1 0 0 1 0 0 1 1 0 1 0 0 1 0 0 0 0
250	1	 0 1 0 1 0 0 1 0 1 0 1 0 0 1 0 1 1 0 0 0
250	1	 0 0 1 1 1 0 1 0 0 1 0 0 0 0 0 1 0 0 0 0
250	2	 0 1 0 1 0 0 0 0 1 1 1 0 0 1 0 1 1 0 0 0
250	1	 0 1 0 1 1 0 0 0 0 1 1 1 1 0 0 1 0 0 0 0
250	1	 0 1 1 1 1 0 1 0 0 1 1 1 0 0 0 0 0 0 0 0
250	1	 0 1 1 1 1 0 1 0 0 1 1 0 0 1 0 1 1 0 0 0
250	2	 0 1 1 1 0 0 0 0 0 1 1 1 1 0 0 0 0 0 0 1
250	2	 0 0 0 1 0 1 0 0 0 1 1 0 0 1 0 0 0 0 0 0
250	3	 0 1 0 1 1 0 1 0 0 1 1 0 0 1 0 1 1 0 0 0
250	2	 0 0 0 1 0 0 1 0 0 1 1 1 1 0 1 1 0 0 0 0
250	1	 0 1 0 1 0 1 0 1 0 1 1 1 0 1 0 1 0 0 0 0
250	1	 0 1 1 0 1 0 0 1 0 1 1 0 0 1 0 1 0 0 0 0
250	3	 0 0 0 1 1 0 0 1 1 1 1 0 0 0 1 0 0 0 0 0
250	1	 0 1 0 1 0 0 1 0 0 0 1 0 1 1 1 1 0 0 0 0
250	2	 0 1 0 1 0 0 1 1 1 1 1 0 0 1 0 1 1 0 0 0
250	1	 0 1 1 1 0 0 0 0 0 1 0 0 0 0 0 0 0 0 0 1
250	2	 0 0 1 1 0 0 0 0 0 1 0 0 0 0 0 0 0 0 0 0
250	1	 0 1 1 1 0 0 0 0 0 1 1 0 0 1 1 1 0 0 1 0
250	3	 1 1 0 1 1 0 0 1 0 1 1 0 0 1 1 1 0 0 0 0
400	7	 0 1 1 1 0 0 0 0 0 1 1 1 0 0 0 0 0 0 0 0
400	24	 1 1 1 1 0 0 0 0 1 1 1 0 1 1 1 0 0 0 0 0
400	5	 1 1 1 1 0 0 0 0 1 1 1 0 1 1 1 0 0 0 0 1
400	58	 1 1 1 1 0 0 1 1 0 1 1 0 0 0 0 0 0 0 0 0
400	16	 0 0 1 1 0 0 0 0 0 1 1 0 0 1 0 1 0 0 0 0
400	23	 1 1 1 1 0 0 0 0 1 1 1 0 0 0 0 0 0 0 0 0
400	10	 0 1 1 1 0 1 0 0 0 1 1 1 0 0 0 0 0 0 0 0
400	33	 1 1 1 0 0 0 0 0 0 1 1 0 0 0 0 0 0 0 0 0
400	7	 1 1 1 1 1 0 1 0 0 1 1 0 0 1 0 1 0 0 0 0
400	12	 1 1 0 1 0 1 0 0 0 1 1 0 0 0 0 1 0 0 0 0
400	30	 1 1 0 1 0 0 1 1 0 1 1 0 0 0 0 0 0 0 0 0
400	20	 0 1 1 1 0 0 1 0 0 1 1 1 0 1 0 1 0 0 0 0
400	1	 1 1 1 1 0 0 0 0 0 1 1 1 1 0 0 0 0 0 0 0
400	5	 0 0 1 1 0 1 0 0 0 1 1 0 0 1 0 1 0 0 0 0
400	2	 0 1 1 1 0 0 1 1 0 1 1 1 1 0 0 0 0 0 0 0
400	19	 1 1 1 0 0 0 0 0 0 1 1 1 0 0 0 0 0 0 0 0
400	22	 0 1 0 1 0 0 1 0 0 1 0 0 0 1 0 1 0 0 1 0
400	9	 1 1 1 1 1 1 0 0 1 1 1 0 0 0 0 0 0 0 0 0
400	13	 1 1 1 0 0 0 1 1 0 1 1 0 0 0 0 0 0 0 0 0
400	1	 1 1 1 0 0 0 0 0 0 0 1 0 1 0 0 0 0 0 0 0
400	3	 1 1 1 1 1 0 0 0 1 1 1 0 1 1 0 0 0 0 1 0
400	6	 1 1 1 1 0 0 1 1 0 1 1 1 0 0 0 0 0 0 0 0
400	6	 1 1 1 1 0 0 0 0 1 1 1 0 0 0 0 0 1 0 0 0
400	13	 1 1 1 1 0 0 0 0 1 1 1 0 0 1 0 0 0 0 0 0
400	4	 1 1 1 1 0 0 1 1 0 1 0 0 0 1 0 0 0 0 0 0
400	5	 1 1 1 1 0 0 0 1 0 1 1 1 0 0 0 0 0 0 0 0
400	28	 1 1 1 1 0 0 0 0 1 1 1 0 1 0 0 0 0 0 0 0
400	34	 0 1 1 1 0 0 1 1 0 1 1 0 0 0 0 0 0 0 0 0
400	1	 1 1 0 1 0 1 0 0 0 1 1 0 0 0 1 1 0 0 0 0
400	1	 0 1 0 1 1 0 1 1 0 1 1 1 0 0 0 0 1 0 0 0
400	10	 1 1 1 1 0 0 0 1 1 1 1 0 1 1 1 0 0 0 0 0
400	21	 1 1 1 1 0 0 0 0 0 1 1 1 0 0 0 0 0 0 0 0
400	39	 1 1 0 1 1 0 1 0 0 1 1 1 0 1 0 1 0 0 0 0
400	12	 1 1 0 1 0 0 0 1 0 1 1 0 0 0 0 1 0 0 0 0
400	3	 0 1 0 1 0 0 0 0 0 1 1 1 0 0 0 0 0 0 0 0
400	25	 1 1 1 1 0 1 1 1 0 1 1 1 1 0 0 0 0 0 0 0
400	2	 1 1 1 1 0 1 0 0 1 1 1 0 0 0 0 0 1 0 0 0
400	1	 1 1 0 1 0 0 1 0 0 1 1 1 1 0 0 0 0 0 0 0
400	10	 1 0 1 1 0 0 1 1 0 1 1 1 0 0 0 0 0 0 0 0
400	4	 1 1 1 0 0 1 0 0 0 0 1 0 1 0 0 0 0 0 0 0
400	16	 0 1 0 1 0 0 1 1 0 1 1 0 0 0 0 0 0 0 0 0
400	4	 1 1 1 1 0 0 1 1 0 1 1 1 1 0 0 0 1 0 0 0
400	1	 0 0 1 1 0 1 1 0 0 1 1 0 0 1 0 0 0 0 0 1
400	14	 0 1 1 0 0 0 1 1 0 1 1 0 0 0 0 0 0 0 0 0
400	15	 1 1 1 1 0 0 0 0 0 0 1 0 1 0 0 0 0 0 0 0
400	3	 0 0 1 1 0 1 0 0 0 1 1 1 0 0 0 0 0 0 0 0
400	31	 1 1 1 1 0 0 0 0 1 1 1 0 0 0 0 0 0 0 1 0
400	1	 1 1 1 0 0 0 0 0 0 0 1 0 0 0 0 0 0 0 0 0
400	3	 0 1 1 1 0 0 0 0 0 1 1 1 0 1 0 1 0 0 0 0
400	2	 1 1 1 0 1 1 0 0 1 1 1 0 1 0 0 0 0 0 0 0
400	1	 1 1 1 1 0 0 0 0 1 0 1 0 0 0 0 0 0 0 0 0
400	20	 1 1 1 1 0 0 0 0 1 1 1 0 1 0 0 0 0 0 1 0
400	1	 0 1 1 1 1 1 1 0 0 1 1 0 0 0 0 1 0 0 0 0
400	6	 1 1 1 0 0 0 0 0 0 1 1 1 1 0 0 0 0 0 0 0
400	2	 1 1 1 0 0 1 0 1 0 1 1 1 0 0 0 0 0 0 0 0
400	5	 1 1 1 1 0 1 0 0 0 1 1 0 0 1 0 1 0 1 0 0
400	13	 1 1 0 1 1 0 1 0 0 1 1 0 0 0 0 0 0 0 0 0
400	2	 1 1 1 1 0 0 0 0 1 0 1 0 1 1 1 0 0 0 0 1
400	21	 1 1 1 1 0 1 0 0 1 1 1 0 0 0 0 0 0 0 0 0
400	2	 1 1 1 1 1 0 1 0 0 1 1 0 0 1 0 1 0 1 1 0
400	5	 1 1 1 0 0 0 1 1 0 1 1 0 1 1 1 0 0 0 0 0
400	3	 0 1 0 1 0 0 1 1 0 1 1 1 0 0 0 0 0 0 0 0
400	4	 1 1 1 1 0 1 1 1 0 1 1 0 0 0 0 0 0 0 0 0
400	1	 0 1 1 0 0 0 0 1 0 1 1 0 1 0 0 0 0 0 0 0
400	2	 1 1 1 1 0 1 1 1 0 1 1 1 0 0 0 0 0 0 0 0
400	7	 1 1 1 1 0 0 1 1 0 0 1 0 0 0 0 0 0 0 0 0
400	8	 0 0 1 1 0 0 0 1 0 1 1 0 0 1 0 1 0 0 0 0
400	2	 1 1 1 1 0 0 0 0 1 1 1 0 0 1 0 0 0 0 0 1
400	2	 1 1 1 1 0 0 0 0 1 1 1 0 0 1 1 0 0 0 0 1
400	5	 1 1 1 1 1 1 0 0 1 1 1 0 1 0 0 0 0 0 0 0
400	2	 1 1 0 1 1 0 1 0 0 1 1 1 0 1 0 0 0 0 0 0
400	2	 0 1 0 1 0 0 1 1 0 1 1 0 0 1 0 0 0 0 0 1
400	1	 1 1 1 0 0 0 0 0 0 1 1 0 1 0 0 0 0 0 0 0
400	1	 0 1 0 1 1 0 1 0 0 1 1 0 0 1 0 1 0 1 0 0
400	5	 1 1 0 1 0 1 0 0 1 1 1 0 0 0 1 1 0 0 0 0
400	5	 1 1 1 1 0 1 1 1 0 1 1 1 1 0 1 0 0 0 0 0
400	12	 1 1 1 0 0 0 0 0 1 1 1 0 1 0 0 0 0 0 1 0
400	17	 1 1 0 1 0 1 1 1 0 1 1 1 1 0 0 0 1 0 0 0
400	4	 1 1 1 1 0 0 0 0 1 1 1 0 1 0 0 0 1 0 0 0
400	9	 1 1 1 1 0 0 0 1 1 1 1 0 1 0 0 0 0 0 0 0
400	3	 1 1 1 1 0 1 1 1 0 1 1 0 1 0 0 0 0 0 0 0
400	3	 0 1 1 1 0 0 0 0 0 1 1 0 0 1 0 1 0 0 1 0
400	20	 0 0 1 0 0 0 1 1 0 1 1 0 0 0 0 0 0 0 0 0
400	1	 1 1 1 1 0 0 0 0 1 1 1 0 1 1 0 0 0 0 1 0
400	15	 1 1 1 1 0 0 0 1 0 1 1 1 0 1 0 1 0 0 0 0
400	1	 0 1 1 1 0 0 0 0 0 1 1 0 0 1 0 1 0 1 0 0
400	1	 1 1 1 1 0 0 0 0 1 1 0 0 1 0 0 0 0 0 0 0
400	2	 1 0 0 1 1 0 1 0 0 1 1 1 0 1 0 1 0 0 0 0
400	2	 1 1 1 1 0 0 0 1 0 1 1 1 1 0 0 0 0 0 0 0
400	7	 0 1 1 1 1 1 1 0 0 1 1 0 0 0 0 0 0 0 0 0
400	1	 0 1 1 1 0 0 1 0 1 1 1 1 0 1 0 1 0 0 0 0
400	3	 1 1 1 1 1 1 0 0 1 1 1 1 1 0 0 0 0 0 0 0
400	5	 0 1 1 1 0 0 1 1 0 1 0 0 0 1 0 0 0 0 0 0
400	4	 1 1 0 1 1 0 0 0 1 1 1 0 1 0 0 0 0 0 0 0
400	1	 1 1 0 1 0 0 1 0 0 1 1 0 1 1 1 0 0 0 0 0
400	1	 0 1 1 1 0 0 0 1 0 1 1 0 0 0 0 0 0 0 0 0
400	7	 1 1 0 1 0 0 0 0 1 1 1 0 1 0 0 0 0 0 0 0
400	4	 1 1 0 1 0 0 1 1 0 1 1 1 1 0 0 0 0 0 0 0
400	3	 1 1 1 1 0 0 0 0 0 1 1 0 0 1 0 1 0 0 0 0
400	1	 1 1 1 1 1 1 0 0 1 1 1 0 0 1 0 0 0 0 0 0
400	1	 1 1 1 0 0 1 1 1 0 1 1 0 0 0 0 0 0 0 0 0
400	1	 1 1 1 1 0 0 0 1 0 1 0 0 0 1 0 0 0 0 0 0
400	6	 1 1 0 1 0 0 0 1 0 0 1 0 0 0 0 1 0 0 0 0
400	2	 0 1 1 1 0 0 0 0 0 1 1 1 0 1 0 1 0 1 0 0
400	4	 1 1 1 1 0 0 0 0 0 1 1 0 0 1 0 1 0 1 0 0
400	5	 1 1 1 1 1 0 0 0 0 1 1 0 0 1 0 1 0 0 0 0
400	3	 1 1 1 0 0 0 0 0 0 1 1 1 0 1 0 0 0 0 0 0
400	2	 1 1 0 0 0 1 0 0 0 1 1 0 0 0 1 1 0 0 0 0
400	6	 1 1 1 1 0 1 0 1 0 1 1 1 1 0 0 0 0 0 0 0
400	2	 1 0 1 1 0 0 1 1 0 1 1 1 0 0 0 0 0 0 0 1
400	1	 1 0 1 1 0 0 0 0 0 0 1 0 1 0 0 0 0 0 0 0
400	3	 0 1 1 1 0 0 0 0 1 1 1 0 0 0 0 0 1 0 0 0
400	1	 0 1 0 1 0 0 1 0 0 1 0 0 0 1 0 1 1 0 1 0
400	1	 1 1 1 1 0 0 0 1 0 1 1 1 0 0 0 0 0 0 1 0
400	1	 1 1 1 1 0 0 0 1 1 1 1 0 0 1 1 0 0 0 0 0
400	3	 1 1 1 1 0 1 1 1 0 1 0 1 1 0 0 0 0 0 0 0
400	2	 0 1 0 1 0 0 0 0 0 1 1 1 0 1 0 1 0 0 0 0
400	3	 1 1 1 1 0 1 0 1 0 1 1 0 0 1 0 1 0 1 0 0
400	2	 1 1 1 1 0 1 0 1 0 1 1 1 0 1 0 1 0 0 0 0
400	2	 1 1 1 1 0 0 0 1 0 1 1 1 0 1 0 0 0 0 0 0
400	1	 1 0 1 1 1 0 1 0 0 1 1 1 0 1 0 1 0 0 0 0
400	3	 1 1 0 1 0 0 1 1 0 1 1 0 0 0 0 0 0 0 1 0
400	1	 1 0 1 1 0 0 1 1 0 1 1 0 0 0 0 0 1 0 0 0
400	2	 0 0 1 1 0 0 1 0 0 1 1 0 0 1 0 1 0 0 0 0
400	5	 1 1 1 1 0 0 1 0 1 1 1 0 0 0 0 0 0 0 0 0
400	2	 1 1 1 0 0 0 0 0 1 1 1 0 0 0 0 0 0 0 0 0
400	4	 1 1 0 0 1 0 1 0 0 1 1 1 0 1 0 1 0 0 0 0
400	2	 1 1 0 1 1 0 1 0 1 1 1 1 0 1 0 1 0 0 0 0
400	4	 1 0 1 1 0 0 1 1 1 1 1 1 0 0 0 0 0 0 0 0
400	1	 1 1 1 1 0 0 0 1 1 1 1 0 1 0 0 0 0 0 1 0
400	1	 1 1 1 1 1 0 0 0 1 1 1 0 0 1 0 0 0 0 0 1
400	2	 1 1 1 1 0 0 0 1 0 1 1 1 1 1 0 0 0 0 0 0
400	3	 1 1 1 1 0 0 1 1 0 1 1 0 0 1 0 1 0 0 1 0
400	2	 1 1 1 1 0 0 1 1 0 1 1 0 0 0 0 0 1 0 0 0
400	1	 1 1 1 1 0 0 1 1 0 1 1 0 0 0 0 0 0 0 1 0
400	1	 1 1 1 1 0 0 0 0 1 1 1 0 0 0 0 1 0 0 0 0
400	1	 0 1 0 1 0 0 1 0 0 1 0 0 0 1 0 0 0 0 0 0
400	1	 0 1 1 1 0 0 1 1 0 1 1 0 0 0 0 0 0 0 1 0
400	2	 0 1 0 1 0 0 0 1 1 1 1 0 1 0 0 0 0 0 0 0
400	2	 1 1 1 1 0 0 0 0 1 1 1 1 0 0 0 0 0 0 0 0
400	1	 0 1 1 1 0 0 0 0 0 1 1 1 0 1 0 0 0 0 1 0
400	2	 0 1 1 1 0 1 0 0 0 1 1 1 0 0 0 0 0 0 0 1
400	2	 0 1 1 1 0 0 1 0 0 1 1 1 0 1 0 1 1 0 0 0
400	1	 1 1 1 1 0 0 0 0 1 1 1 0 1 1 0 0 0 0 0 0
400	1	 1 1 1 1 0 0 0 0 1 1 1 0 1 0 0 1 0 0 0 0
400	1	 0 1 0 1 0 0 1 1 1 1 1 0 0 0 0 0 0 0 0 0
400	2	 1 1 1 1 0 0 0 1 1 1 1 0 0 0 0 0 0 0 1 0
400	1	 0 1 1 1 0 0 0 0 0 1 0 1 0 1 0 1 0 0 0 0
400	2	 1 1 1 0 0 0 0 0 0 1 1 1 1 0 0 0 1 0 0 0
400	4	 1 1 1 1 0 0 0 1 0 1 1 0 0 1 0 1 0 0 0 0
400	1	 1 1 1 0 1 1 0 0 1 1 1 0 0 1 0 0 0 0 0 0
590	18	 1 1 1 1 0 0 0 0 1 1 1 0 1 1 1 0 0 0 0 0
590	4	 1 1 1 1 0 0 0 0 0 1 1 1 0 0 0 0 0 0 0 0
590	70	 1 1 1 1 0 0 0 1 0 1 1 0 0 1 0 1 0 0 0 0
590	3	 1 1 1 1 0 1 1 0 0 1 1 0 1 0 1 0 0 0 0 0
590	46	 1 1 1 1 0 0 1 0 0 1 1 1 0 0 0 0 0 0 0 0
590	37	 1 1 1 1 0 0 0 0 0 1 1 0 0 1 0 1 0 0 0 0
590	10	 1 1 1 1 0 1 1 0 0 1 0 0 0 1 0 1 0 0 0 0
590	22	 1 0 1 1 0 0 0 1 0 0 1 0 0 1 0 1 0 0 0 0
590	53	 1 1 1 1 0 1 0 1 0 0 1 0 1 0 0 0 0 0 0 0
590	15	 1 1 0 1 0 0 0 0 0 1 1 0 0 1 0 1 0 0 0 0
590	31	 1 1 1 1 0 0 0 0 0 1 1 1 0 1 0 1 0 0 0 0
590	2	 1 1 1 1 0 0 0 1 0 1 1 1 0 0 1 1 0 0 0 0
590	17	 1 1 1 1 0 0 1 1 0 1 1 0 1 0 0 0 0 0 0 0
590	2	 1 1 1 1 0 0 0 1 1 0 1 0 1 0 0 0 0 0 0 0
590	11	 1 1 1 1 0 1 0 0 0 1 1 1 0 0 0 1 0 0 0 0
590	17	 1 1 1 1 0 1 1 1 0 0 1 0 0 1 0 1 0 0 0 0
590	5	 1 1 1 1 0 0 0 0 0 0 1 0 1 0 0 0 0 0 0 0
590	2	 1 1 1 1 0 0 0 1 0 1 1 0 0 0 0 1 0 0 0 0
590	42	 1 1 1 1 0 0 1 0 0 1 1 1 0 1 0 1 0 0 0 0
590	23	 1 1 1 1 0 0 0 0 0 1 1 0 1 1 0 1 0 0 0 0
590	23	 1 1 1 1 0 1 0 0 0 1 1 1 0 0 1 1 0 0 0 0
590	2	 1 1 1 1 0 0 0 1 1 0 1 0 0 1 0 1 0 0 0 0
590	26	 1 1 1 1 0 0 0 0 0 1 1 0 0 0 0 1 0 0 0 0
590	15	 1 1 1 1 0 1 0 0 0 1 1 0 0 1 0 1 0 0 0 0
590	7	 1 1 0 1 0 0 0 1 0 1 1 0 0 1 0 1 0 0 0 0
590	7	 1 1 1 1 1 1 0 1 1 1 1 0 0 1 0 1 0 0 0 0
590	14	 1 1 1 1 0 0 0 1 0 1 1 0 0 0 1 1 0 0 0 0
590	14	 1 1 1 1 0 1 0 1 0 1 1 0 0 1 0 1 0 0 0 0
590	17	 1 1 1 1 1 0 0 0 0 1 1 0 0 1 0 1 0 0 0 0
590	35	 1 1 1 1 0 0 0 0 0 1 1 1 1 0 0 0 0 0 1 0
590	5	 1 0 1 0 0 0 0 0 0 1 1 0 0 1 0 1 0 0 0 0
590	5	 1 1 1 1 0 1 1 0 1 1 1 0 1 1 0 0 0 0 0 1
590	2	 1 1 1 1 0 1 0 0 0 1 0 0 0 1 0 1 0 0 0 0
590	4	 1 1 1 1 0 1 1 1 0 1 0 1 0 0 0 1 0 0 0 0
590	18	 1 1 1 1 0 0 1 0 0 1 1 0 0 1 0 1 0 0 0 0
590	7	 1 0 1 1 0 0 0 1 1 0 1 0 1 0 0 0 0 0 0 0
590	17	 1 1 1 0 0 0 0 0 0 1 1 1 0 1 0 1 0 0 0 0
590	11	 1 1 1 0 0 0 1 0 0 1 1 1 0 0 0 0 0 0 0 0
590	2	 1 1 1 1 0 1 0 1 0 1 1 0 0 1 1 1 0 0 0 0
590	7	 1 1 1 1 0 0 0 1 1 1 1 0 1 0 0 0 0 0 0 0
590	2	 1 1 1 1 0 0 1 0 0 1 1 1 1 0 0 0 0 0 0 0
590	2	 1 1 1 1 0 1 0 1 0 0 1 0 1 0 1 1 0 0 0 0
590	1	 1 1 1 1 1 0 0 1 0 1 1 0 0 1 0 1 0 0 0 0
590	17	 1 1 1 1 0 0 0 0 1 1 1 1 0 0 0 0 0 0 1 0
590	6	 1 0 1 0 0 1 0 1 0 0 1 0 0 1 0 1 0 0 0 0
590	17	 1 1 1 1 0 0 0 1 0 1 1 0 1 0 1 1 0 0 0 0
590	2	 1 1 1 1 0 0 0 1 0 1 1 1 0 0 1 1 0 0 1 0
590	9	 1 1 1 1 0 1 0 1 0 0 1 0 1 0 0 0 0 1 0 0
590	15	 1 1 0 1 0 0 0 1 0 1 1 1 0 0 1 1 0 1 0 0
590	2	 1 1 1 1 0 0 0 0 1 1 1 0 1 1 1 0 0 0 1 0
590	8	 1 1 1 1 0 0 0 0 0 1 1 0 0 1 1 1 0 0 0 0
590	3	 1 1 1 1 1 0 0 0 0 1 1 0 1 1 0 1 0 0 0 0
590	7	 1 1 1 1 0 0 1 0 0 1 1 0 0 1 0 1 0 1 0 0
590	13	 1 1 1 1 0 1 0 0 0 1 1 1 0 1 0 1 0 0 0 0
590	2	 1 1 1 1 0 1 1 1 1 1 0 0 0 1 0 1 0 0 0 0
590	1	 1 1 1 1 0 0 0 1 0 1 1 0 0 1 0 1 0 0 0 1
590	21	 1 1 1 1 0 1 0 1 0 0 1 0 0 0 0 0 0 0 0 0
590	8	 1 1 1 1 0 0 0 1 0 1 1 1 0 0 0 0 0 0 0 0
590	3	 1 1 1 1 0 0 0 0 0 1 1 0 1 1 1 0 0 0 0 0
590	6	 1 0 1 1 0 0 0 0 1 1 1 0 1 0 1 1 0 0 0 0
590	3	 1 1 1 1 0 0 0 0 0 1 1 0 0 1 0 1 0 1 0 0
590	6	 1 1 1 1 0 1 0 0 0 1 0 0 0 0 0 1 0 0 0 0
590	5	 1 1 1 1 0 0 1 1 0 1 1 0 0 1 0 1 0 0 0 0
590	7	 0 1 1 1 0 0 1 0 0 1 1 1 0 1 0 1 0 0 0 0
590	2	 1 1 1 1 0 0 0 1 0 1 0 0 0 0 1 1 0 0 0 0
590	6	 1 1 1 1 0 0 1 0 0 1 1 1 0 0 0 1 0 0 0 0
590	10	 1 1 1 1 0 0 1 1 0 1 1 1 0 1 0 1 0 0 0 0
590	3	 1 1 1 1 0 1 0 0 1 1 1 0 1 1 1 0 0 0 0 0
590	4	 1 0 1 1 0 0 0 1 0 1 1 0 0 1 0 1 0 0 0 0
590	1	 1 1 1 1 1 0 0 1 0 1 1 0 0 0 0 1 0 0 0 0
590	2	 0 1 1 1 0 0 0 1 0 1 1 0 1 0 1 1 0 0 0 0
590	1	 1 1 1 1 0 0 0 0 0 1 1 0 1 1 0 0 0 0 0 0
590	6	 1 1 1 1 0 0 0 0 0 1 1 0 1 0 0 0 0 0 0 0
590	2	 1 0 1 0 0 1 0 1 0 1 1 0 0 1 0 1 0 0 0 0
590	1	 1 1 1 1 0 0 1 0 0 1 1 0 0 0 0 0 0 0 0 0
590	1	 0 1 1 1 0 0 0 0 0 1 1 0 0 1 0 1 0 0 0 0
590	13	 1 1 0 1 0 0 0 0 0 1 1 0 0 0 0 1 0 0 0 0
590	2	 0 1 1 1 1 0 0 0 0 1 1 0 0 1 0 1 0 0 1 0
590	4	 1 1 1 1 0 0 0 0 0 1 1 0 1 0 1 1 0 0 0 0
590	5	 1 1 0 1 1 0 0 0 0 1 1 0 0 1 0 1 0 0 0 0
590	3	 1 1 1 1 0 0 0 0 0 0 1 0 0 1 0 1 0 0 0 0
590	2	 1 0 1 1 0 0 1 0 0 1 1 1 0 0 0 0 0 0 0 0
590	1	 1 1 1 1 0 0 0 0 0 1 0 0 0 1 0 1 0 0 0 0
590	2	 1 1 1 1 0 1 0 0 0 0 1 1 0 0 1 1 0 0 0 0
590	2	 1 1 1 1 1 0 1 0 0 1 1 0 0 1 0 1 0 0 0 0
590	2	 0 1 1 1 1 0 1 0 0 1 1 0 0 1 0 1 0 0 0 0
590	7	 1 1 1 1 0 0 1 1 0 1 1 1 0 0 1 1 0 0 1 0
590	4	 1 1 1 1 0 1 0 1 0 0 1 0 0 0 0 0 0 1 0 0
590	2	 1 1 1 1 0 1 0 1 0 1 0 0 0 0 0 1 0 0 0 0
590	5	 0 1 1 1 0 0 0 1 0 1 1 0 1 1 1 1 0 0 0 0
590	3	 1 1 0 1 0 0 0 0 0 1 1 0 0 0 0 0 0 0 0 0
590	3	 1 1 1 1 0 0 0 1 0 1 1 1 1 0 0 1 0 0 0 0
590	4	 1 1 0 1 0 0 1 0 0 1 1 1 0 0 0 0 0 0 0 0
590	1	 1 1 1 1 0 0 0 1 0 0 1 1 0 0 1 1 0 0 0 0
590	2	 1 1 1 1 1 0 0 0 0 1 1 1 1 0 0 0 0 0 1 0
590	2	 1 1 1 1 0 1 0 0 0 0 1 0 0 1 0 1 0 0 0 0
590	2	 1 1 1 1 0 0 0 1 0 1 1 0 0 1 1 1 0 0 0 0
590	4	 1 1 1 1 0 0 1 0 0 1 1 1 0 1 0 1 0 0 0 1
590	5	 1 1 0 1 1 0 0 1 0 1 1 0 0 1 0 1 0 0 0 0
590	2	 1 1 1 1 0 0 0 0 0 1 1 1 1 0 0 0 1 0 1 0
590	1	 1 0 0 0 0 1 0 1 0 0 1 0 0 1 0 1 0 0 0 0
590	4	 1 0 1 0 0 0 0 1 0 0 1 0 0 1 0 1 0 0 0 0
590	2	 1 1 1 1 0 0 0 0 0 1 1 1 1 1 1 0 0 0 0 0
590	4	 1 1 1 1 0 1 1 0 0 1 0 0 0 0 0 1 0 0 0 0
590	1	 1 1 1 1 0 0 1 1 0 1 1 1 0 0 0 1 0 0 0 0
590	2	 1 0 0 1 0 1 0 1 0 0 1 0 0 1 1 1 0 0 0 1
590	2	 1 1 1 1 0 1 0 1 0 1 1 0 1 0 1 1 0 0 0 0
590	4	 1 1 1 1 1 1 0 1 1 1 1 0 0 0 0 1 0 0 0 0
590	3	 1 1 1 1 0 0 0 0 1 1 1 0 0 1 0 1 0 0 0 0
590	3	 1 1 1 1 0 0 0 1 0 1 1 0 1 0 1 0 0 0 0 0
590	1	 1 1 1 1 0 0 0 0 0 1 1 0 0 0 0 0 0 0 0 0
590	2	 1 1 1 1 0 0 0 1 0 0 1 0 1 0 0 1 0 0 0 0
590	1	 1 1 1 1 0 0 0 0 1 0 1 0 1 1 1 0 0 0 0 0
590	3	 1 1 1 1 0 1 1 1 0 0 1 0 1 0 0 0 0 0 0 0
590	1	 1 1 1 1 0 1 1 1 0 1 1 0 1 0 0 0 0 0 0 0
590	1	 1 1 1 0 0 1 0 0 0 1 1 1 0 0 0 1 0 0 0 0
590	1	 1 1 1 1 0 0 0 0 0 1 1 1 1 0 0 0 0 1 1 0
590	1	 1 1 1 1 0 1 1 0 1 1 1 0 0 1 0 0 0 0 0 1
590	1	 0 1 1 0 0 0 1 0 0 1 1 1 0 0 0 0 0 0 0 0
590	2	 1 1 0 0 0 0 1 0 0 1 1 1 0 0 0 0 0 0 0 0
590	1	 1 1 1 1 1 1 0 1 0 0 1 0 0 0 0 0 0 0 0 0
590	1	 1 0 1 1 0 0 0 1 0 1 1 0 0 1 0 1 1 0 0 0
590	3	 1 1 1 0 0 0 0 0 0 1 1 0 1 1 0 1 0 0 0 0
720	7	 1 1 1 1 0 0 0 0 0 1 1 1 0 1 0 1 0 0 0 0
720	24	 1 1 1 1 0 1 0 0 0 1 1 1 0 1 0 1 0 0 0 0
720	89	 1 1 1 1 0 1 0 1 0 0 1 0 0 0 0 0 0 0 0 0
720	14	 1 1 1 1 0 0 0 1 0 0 1 0 1 1 0 0 0 1 0 0
720	24	 1 1 1 1 1 1 0 1 0 0 1 1 1 0 0 0 0 0 0 0
720	6	 1 1 1 1 0 1 0 1 0 0 1 0 0 0 0 0 1 0 0 0
720	4	 1 1 1 1 0 1 0 1 0 0 1 0 0 0 0 1 0 0 0 0
720	23	 1 1 1 1 0 1 0 1 0 0 1 1 1 0 0 1 0 0 0 0
720	17	 1 0 1 1 1 0 1 0 0 0 1 1 0 0 0 1 0 0 0 0
720	34	 1 1 1 1 0 0 0 1 0 0 0 0 1 1 0 1 0 0 0 0
720	25	 1 1 1 1 0 0 0 0 1 1 1 1 0 1 1 1 0 0 0 0
720	13	 1 1 1 1 0 1 0 1 0 0 1 1 0 1 0 1 0 0 0 0
720	3	 1 1 1 1 0 1 0 1 0 0 1 0 0 1 0 1 0 0 0 0
720	45	 1 1 1 1 0 0 0 1 0 1 1 0 0 1 0 1 0 0 0 0
720	12	 1 1 1 1 0 1 1 0 0 1 1 1 0 1 0 1 0 0 0 0
720	1	 1 1 1 1 0 0 0 1 1 0 1 1 1 1 0 0 0 1 0 0
720	25	 1 1 1 1 0 0 0 1 0 0 1 0 0 1 0 0 0 0 0 0
720	4	 1 0 1 1 0 1 0 1 0 0 1 0 0 0 0 1 0 0 0 0
720	25	 1 1 1 1 0 1 0 0 0 1 1 1 0 1 1 1 0 0 0 0
720	7	 1 1 1 1 0 1 0 1 0 0 1 1 0 0 0 0 0 0 1 0
720	2	 1 1 1 1 0 0 1 0 0 1 0 1 0 1 1 1 0 0 0 0
720	20	 1 1 1 1 0 0 0 1 0 1 1 0 0 1 0 1 0 0 1 0
720	34	 1 1 1 1 0 1 0 1 0 1 1 1 0 1 1 1 0 0 0 0
720	10	 1 1 1 1 0 1 0 1 0 0 0 0 1 1 0 0 0 0 0 0
720	2	 1 1 1 1 1 1 1 1 0 0 1 0 0 1 0 1 0 0 0 0
720	6	 1 1 1 1 1 1 1 0 0 0 1 0 0 1 0 0 0 0 0 0
720	9	 1 1 1 1 0 1 0 1 1 0 1 1 1 1 0 0 0 1 0 0
720	2	 1 1 1 1 0 1 0 1 0 0 1 0 1 1 0 1 0 1 0 1
720	2	 1 1 1 1 1 1 0 1 0 0 1 1 1 0 0 0 0 1 0 0
720	12	 1 1 1 1 0 1 1 0 0 1 1 1 0 1 1 1 0 0 0 0
720	1	 1 1 1 1 1 1 0 1 0 0 1 1 0 1 0 1 0 0 0 0
720	7	 1 1 1 1 0 1 0 1 0 0 1 1 1 0 0 1 0 1 0 0
720	8	 1 1 1 1 0 1 0 1 0 0 0 0 1 1 0 1 0 0 0 0
720	17	 1 1 1 1 0 1 0 0 0 1 1 1 0 1 0 1 1 0 0 0
720	11	 1 1 1 1 1 1 0 1 0 1 1 0 0 1 0 1 0 0 1 0
720	1	 1 1 1 1 1 1 1 1 0 0 1 0 0 1 1 1 0 0 0 0
720	3	 0 1 1 1 0 1 0 1 0 1 1 1 0 1 1 1 0 0 0 0
720	13	 1 0 1 1 1 1 0 1 0 0 1 1 1 0 0 0 0 0 0 0
720	1	 1 1 1 1 0 0 0 1 0 0 1 0 0 1 0 1 0 0 1 0
720	8	 1 1 1 1 0 1 0 1 0 0 1 1 0 1 0 0 0 0 0 0
720	1	 1 0 1 1 0 1 0 1 0 0 1 1 1 0 0 0 0 1 0 0
720	5	 1 1 1 1 1 0 0 1 0 1 1 1 0 0 1 0 0 0 1 0
720	12	 1 1 1 1 1 0 0 0 0 1 1 0 1 1 0 1 0 0 0 0
720	7	 1 1 1 1 1 0 0 0 0 1 1 0 0 1 0 1 1 0 0 0
720	10	 1 1 1 1 0 0 0 1 0 0 0 0 0 1 0 1 0 0 0 0
720	19	 1 1 1 1 0 0 0 1 0 0 0 0 1 1 0 1 0 0 1 0
720	1	 1 1 1 1 0 1 0 1 0 0 0 0 0 1 1 1 0 0 0 0
720	6	 1 1 1 1 0 1 0 1 0 0 1 1 0 1 0 1 0 1 0 0
720	4	 0 1 1 1 0 1 0 1 0 0 1 1 0 1 0 1 0 0 0 0
720	1	 1 0 1 1 0 1 0 1 0 0 1 0 0 0 0 1 0 0 0 1
720	5	 1 1 1 1 0 1 0 1 0 1 1 1 0 1 1 1 0 1 0 0
720	3	 1 1 1 1 0 0 0 1 0 0 1 0 1 1 0 0 0 1 0 1
720	3	 1 0 1 1 1 0 1 1 0 0 1 1 0 0 1 1 0 0 0 0
720	3	 1 1 1 1 0 0 0 1 0 1 1 0 0 0 0 0 0 0 0 0
720	14	 1 0 1 1 1 0 0 1 0 1 1 1 0 1 0 1 0 0 0 0
720	1	 1 0 1 1 0 1 1 0 0 1 1 1 0 1 0 1 0 0 0 0
720	2	 1 1 0 1 0 0 0 1 0 0 1 0 0 1 0 1 0 0 1 0
720	4	 1 1 1 1 0 0 0 1 0 1 1 1 0 0 0 1 0 0 0 0
720	9	 1 1 1 0 0 0 0 0 0 0 1 0 0 1 0 0 0 0 0 0
720	19	 1 1 1 1 0 1 0 0 0 0 1 0 0 1 0 1 0 0 0 0
720	9	 1 1 1 1 1 1 0 1 0 0 1 1 1 0 0 0 0 0 0 1
720	4	 1 1 1 0 0 0 0 0 1 1 1 1 0 1 1 1 0 0 0 0
720	1	 1 1 1 1 0 0 0 0 0 1 1 0 0 1 0 1 0 0 0 0
720	2	 1 0 1 1 1 0 1 0 0 0 1 1 0 1 1 1 0 0 0 0
720	3	 1 1 1 1 0 0 0 1 0 0 0 0 1 1 0 0 0 0 0 0
720	1	 1 0 1 1 0 0 0 1 0 0 1 0 0 1 0 0 0 0 0 0
720	6	 1 1 1 0 1 1 0 1 0 0 1 1 1 0 0 0 0 0 0 0
720	10	 1 1 1 1 0 0 0 1 1 1 1 0 0 1 0 1 0 0 1 0
720	2	 1 1 1 0 0 1 0 0 0 1 1 1 0 1 0 1 1 0 0 1
720	2	 1 1 1 1 1 0 0 0 0 0 1 0 0 1 0 1 0 0 1 0
720	1	 1 1 1 1 0 1 0 1 0 0 1 1 1 0 0 0 0 0 0 0
720	1	 1 1 1 1 0 0 0 1 0 0 1 0 0 0 0 0 1 0 0 0
720	7	 1 1 1 1 1 1 0 1 0 1 1 0 0 0 1 0 0 0 1 0
720	12	 1 1 1 1 0 0 0 1 0 1 1 0 0 1 0 0 0 0 1 0
720	4	 1 1 1 1 0 0 0 0 0 1 1 0 0 0 0 1 0 0 0 0
720	4	 1 1 1 0 0 0 0 0 1 0 1 0 0 1 0 0 0 0 0 0
720	8	 1 1 1 1 0 1 0 1 0 0 1 0 0 1 0 0 0 0 0 0
720	2	 1 1 1 1 0 1 0 0 0 1 1 0 0 1 0 0 0 0 0 0
720	21	 1 1 1 1 0 0 0 0 0 1 1 1 0 0 0 1 0 0 0 0
720	4	 0 1 1 1 0 1 0 1 0 0 1 1 1 0 0 1 0 0 0 0
720	6	 1 1 1 1 0 1 0 1 0 0 0 1 0 1 0 0 0 0 0 0
720	3	 1 1 1 1 1 0 0 0 0 1 1 0 1 1 0 1 1 0 0 0
720	5	 1 0 1 1 0 1 0 0 0 0 1 0 0 0 0 1 0 0 0 1
720	3	 1 0 1 1 0 1 1 0 0 1 1 1 0 1 1 1 0 0 0 0
720	5	 1 1 1 1 0 1 0 1 0 0 1 0 0 0 1 0 0 0 0 0
720	15	 1 0 1 1 0 0 0 1 0 1 1 0 0 1 0 1 0 0 1 0
720	1	 1 1 1 1 1 0 0 0 0 1 1 0 0 1 0 1 1 0 0 1
720	4	 1 1 1 1 0 0 0 1 0 0 0 0 0 1 1 1 0 0 0 0
720	2	 1 1 1 1 0 1 0 0 0 0 1 0 1 1 0 0 0 1 0 0
720	6	 1 1 1 1 0 1 0 1 1 0 1 1 1 1 0 1 0 0 0 0
720	10	 1 1 1 1 0 1 0 1 0 0 1 1 1 1 0 0 0 1 0 0
720	11	 1 1 1 1 1 0 0 0 0 1 1 0 1 1 0 0 0 1 0 0
720	2	 1 1 1 1 1 1 0 1 0 1 1 0 0 1 0 1 0 0 0 0
720	4	 1 1 1 1 0 0 0 0 0 1 1 1 0 1 0 0 0 0 0 0
720	1	 1 1 0 1 0 0 0 0 0 1 1 1 0 1 0 1 0 0 0 0
720	4	 1 1 1 1 0 0 0 1 0 1 1 0 0 1 0 0 0 0 0 0
720	4	 1 0 1 1 0 1 0 1 0 0 1 1 0 0 0 0 0 0 1 0
720	1	 1 1 1 1 0 1 0 1 1 0 1 0 1 1 0 1 0 1 0 1
720	2	 1 1 1 1 0 1 0 1 0 0 0 0 0 1 0 1 0 0 0 0
720	1	 1 1 1 1 0 0 0 1 0 0 0 0 0 1 0 0 1 0 0 0
720	4	 1 1 1 1 0 0 0 1 0 0 0 1 0 1 0 0 0 0 0 0
720	2	 1 1 1 1 0 0 0 1 0 0 0 1 1 1 0 1 0 0 1 0
720	1	 1 1 1 1 0 1 0 0 0 1 1 1 0 1 1 1 1 0 0 1
720	5	 1 1 1 1 0 1 0 1 0 0 1 1 0 1 1 1 0 0 0 0
720	1	 1 0 1 1 0 1 0 1 0 0 0 0 0 0 0 1 0 0 0 0
720	1	 1 1 1 1 1 1 0 1 0 0 1 0 1 1 0 1 0 1 0 1
720	2	 1 1 1 1 0 1 0 1 0 0 0 0 1 1 0 1 0 0 1 0
720	2	 1 1 1 1 0 0 0 1 0 0 0 0 0 1 0 1 0 0 1 0
720	5	 1 1 0 1 0 1 0 1 1 1 1 0 0 1 1 1 0 0 0 0
720	4	 1 1 1 1 0 1 0 0 0 0 1 0 0 1 0 1 0 0 1 0
720	4	 1 0 1 1 0 1 0 1 0 0 1 1 1 0 0 1 0 0 0 0
720	1	 1 1 1 1 0 1 0 1 0 0 1 0 0 0 0 0 0 0 1 0
720	1	 1 1 1 1 0 1 0 0 0 0 1 0 0 1 0 1 1 0 0 0
720	4	 1 0 1 1 0 1 0 1 0 0 1 1 0 0 0 0 1 0 1 0
720	1	 1 1 1 1 1 1 1 1 0 0 1 0 0 1 1 1 0 1 0 0
720	1	 1 1 1 1 0 0 1 1 0 0 1 1 0 0 1 1 0 0 0 0
720	2	 1 1 1 1 0 0 0 0 0 1 1 1 0 1 0 1 0 0 1 0
720	2	 1 1 1 1 1 1 1 1 0 0 1 1 1 0 0 0 0 0 0 0
720	5	 1 1 1 1 0 0 0 1 0 0 0 0 1 0 0 1 0 0 0 0
720	2	 1 1 1 1 0 0 0 1 1 1 1 0 0 1 0 1 0 0 0 0
720	4	 1 1 0 1 0 0 0 1 0 0 1 0 0 1 0 0 0 0 0 0
720	1	 1 1 1 1 0 1 0 0 0 1 1 1 0 0 1 1 0 0 0 0
720	2	 1 1 0 1 1 1 1 1 0 0 1 0 0 1 0 1 0 0 0 0
720	2	 1 1 1 1 0 1 0 1 0 0 1 1 0 1 0 0 0 1 0 0
720	1	 1 1 1 1 0 1 0 1 0 1 1 1 0 1 0 0 0 0 0 0
720	1	 1 1 1 0 0 0 0 0 0 0 1 0 0 1 1 0 0 0 0 0
720	3	 1 1 0 1 0 0 0 0 0 1 1 0 0 1 0 1 0 0 0 0
720	3	 1 0 1 1 1 0 1 0 0 0 0 1 0 1 1 1 0 0 0 0
720	3	 1 1 1 1 0 0 0 0 1 1 1 1 0 0 0 1 0 0 0 0
720	2	 1 1 1 1 0 1 0 1 0 0 1 1 1 1 0 0 1 1 0 0
720	1	 1 0 1 1 1 0 1 0 0 0 1 1 0 0 0 0 0 0 0 0
720	2	 1 1 1 1 0 1 1 0 0 1 1 0 0 0 0 0 0 0 0 0
720	3	 1 1 1 1 0 0 0 0 0 1 1 0 1 1 0 1 0 0 0 0
720	1	 1 1 1 1 1 0 0 0 0 1 1 1 1 0 0 0 0 0 0 0
720	3	 1 1 1 1 0 1 0 1 0 0 1 1 0 0 0 0 0 0 0 0
720	5	 1 1 1 1 0 0 0 1 0 0 0 0 1 1 1 1 0 0 0 0
720	1	 1 1 1 0 0 0 0 1 0 1 1 0 0 1 0 1 0 0 0 0
720	2	 1 1 1 1 0 0 0 1 0 0 1 0 0 1 0 1 0 0 0 0
720	4	 1 1 1 1 0 1 0 1 0 0 1 1 1 0 0 0 0 0 1 0
720	1	 0 1 1 1 0 1 0 1 0 0 1 1 1 0 0 1 0 1 0 0
720	2	 1 1 1 1 0 1 0 1 0 0 0 0 1 1 0 1 0 1 0 0
720	3	 1 1 1 1 1 0 0 0 0 1 1 0 0 1 0 1 0 0 0 0
720	2	 0 1 1 1 0 0 0 1 0 0 0 0 1 1 0 1 0 0 1 0
720	2	 1 1 1 0 0 0 0 0 1 1 1 1 0 1 1 0 0 0 0 0
720	2	 1 1 0 1 0 1 0 1 0 0 1 0 0 1 0 0 0 0 0 0
880	89	 1 1 1 1 0 0 0 1 0 0 0 0 1 1 0 1 0 0 0 0
880	3	 1 1 1 1 0 0 0 1 0 0 1 0 0 1 0 0 0 0 0 0
880	30	 1 1 1 1 0 1 0 0 0 0 1 1 0 1 0 0 0 0 0 0
880	3	 1 1 1 1 0 1 0 0 0 0 1 1 1 1 0 0 0 0 0 0
880	10	 1 1 1 1 1 0 0 1 0 0 0 0 1 1 0 1 0 0 0 0
880	22	 1 1 1 1 0 1 0 1 0 0 0 1 1 1 0 0 0 0 0 0
880	20	 1 1 1 1 0 0 0 1 0 0 0 0 1 1 0 0 0 0 0 0
880	26	 1 1 1 1 0 1 0 1 1 0 1 0 0 1 0 0 0 0 0 0
880	51	 1 1 1 1 0 0 0 1 0 0 0 0 1 1 0 1 0 0 0 1
880	26	 1 1 1 1 0 1 0 1 0 0 1 0 1 1 0 0 0 0 0 0
880	21	 1 1 1 1 0 0 1 0 1 0 0 1 0 0 1 1 0 0 0 0
880	20	 1 1 1 1 0 1 0 1 0 0 0 0 1 1 0 0 1 0 1 0
880	8	 1 1 1 1 0 0 0 1 0 0 0 1 1 1 0 1 0 0 0 0
880	9	 1 1 1 1 0 0 0 1 0 0 0 1 1 1 0 0 0 0 0 0
880	26	 1 1 1 1 0 0 0 0 1 0 1 0 1 0 1 1 0 0 0 0
880	9	 1 1 1 1 0 0 1 1 0 0 0 0 1 1 0 1 0 0 0 0
880	5	 1 1 1 1 1 0 0 0 0 0 0 0 1 1 0 1 0 0 0 0
880	4	 1 1 1 1 0 0 0 0 1 0 0 0 1 1 0 0 0 0 0 0
880	1	 1 1 0 1 1 0 1 1 0 0 1 0 1 0 0 0 0 0 0 0
880	11	 1 1 1 1 0 0 0 1 0 0 1 0 0 0 0 0 0 0 0 0
880	22	 1 1 1 0 1 0 0 1 0 0 0 0 1 1 0 1 0 0 0 0
880	2	 1 0 0 1 1 0 0 1 0 0 0 0 1 1 0 1 0 0 0 0
880	10	 1 1 1 1 0 0 0 1 0 0 0 0 1 1 1 1 0 0 0 0
880	21	 1 1 1 1 0 0 1 0 0 0 0 1 0 1 1 1 0 0 0 0
880	17	 1 1 1 1 0 1 0 1 0 0 0 0 0 1 1 0 0 0 0 0
880	2	 1 1 1 1 0 1 0 1 0 0 0 0 1 1 0 1 0 0 0 0
880	30	 1 1 1 1 0 1 0 1 0 0 0 0 1 1 0 0 0 0 0 0
880	1	 1 0 1 1 0 0 0 1 0 0 0 0 1 1 0 1 0 0 0 0
880	2	 1 1 1 1 0 0 0 1 0 0 0 0 1 1 1 1 0 0 0 1
880	16	 1 1 1 1 1 0 1 1 0 0 1 0 1 1 0 0 1 0 0 0
880	30	 1 1 1 1 0 0 1 1 0 0 1 0 1 1 0 0 0 0 0 0
880	17	 1 1 1 1 0 0 0 1 0 0 1 0 0 1 0 1 0 0 0 0
880	9	 1 1 1 1 0 0 1 0 1 0 0 1 0 0 1 1 0 0 1 0
880	6	 1 1 1 1 0 0 0 1 0 0 0 0 1 1 0 1 1 0 0 0
880	2	 1 1 1 1 0 1 1 0 0 0 1 1 1 1 0 0 0 0 0 1
880	3	 1 1 1 1 0 1 1 1 0 0 1 1 0 1 0 0 0 0 0 1
880	16	 1 1 1 1 0 0 0 1 0 0 0 0 1 0 0 1 1 0 0 0
880	4	 0 1 1 1 0 0 0 1 0 0 0 0 1 1 1 1 0 0 0 1
880	5	 1 1 1 1 1 0 0 1 0 0 0 0 1 1 0 1 0 0 0 1
880	6	 1 1 1 1 0 0 1 0 0 0 1 1 0 1 0 0 0 0 0 0
880	2	 1 1 1 1 1 0 0 0 0 0 0 0 1 1 0 0 0 0 0 0
880	2	 1 1 1 1 0 1 0 1 0 0 1 0 0 1 1 0 0 0 0 0
880	4	 0 1 1 1 0 0 0 1 0 0 0 1 1 1 0 0 0 0 0 0
880	5	 1 1 1 1 1 1 0 1 0 0 1 1 0 1 0 1 0 0 0 0
880	10	 1 1 1 1 0 0 0 1 0 0 0 1 1 1 0 0 0 0 0 1
880	12	 1 1 1 1 0 0 1 0 0 0 0 1 0 0 1 1 0 0 0 0
880	11	 1 1 1 1 0 1 0 0 0 0 1 0 1 1 0 0 1 0 0 0
880	7	 1 1 1 1 0 1 0 1 0 0 0 0 1 1 0 1 1 1 0 0
880	15	 1 1 1 1 0 0 0 1 1 0 0 0 1 1 0 1 0 0 0 0
880	31	 1 1 1 1 0 0 0 0 0 0 0 0 1 1 0 1 0 0 0 0
880	1	 1 0 1 1 0 1 0 1 0 0 0 1 1 1 0 0 0 0 0 0
880	4	 1 1 1 1 0 0 0 1 0 0 0 0 0 0 0 0 0 0 0 0
880	3	 1 1 0 1 0 1 0 0 0 0 1 1 1 1 0 0 0 0 0 0
880	6	 1 1 1 1 0 1 1 1 0 0 0 1 0 1 0 0 0 0 0 0
880	3	 1 1 1 1 0 0 0 1 0 1 0 0 1 1 1 1 0 0 0 0
880	5	 1 1 1 1 0 0 0 1 0 0 0 1 1 1 1 1 0 0 0 0
880	1	 0 1 1 1 0 1 0 1 0 0 1 0 1 1 0 0 1 0 0 0
880	8	 1 0 1 1 0 0 0 1 0 0 0 0 1 1 0 0 0 0 0 0
880	2	 1 1 1 1 0 0 0 1 0 1 0 0 1 1 1 1 0 0 0 1
880	6	 1 1 1 0 1 0 0 1 0 0 0 0 1 0 0 0 0 0 0 0
880	5	 1 1 1 1 0 0 0 0 0 0 0 0 1 1 0 0 0 0 0 0
880	12	 1 1 1 1 0 0 0 1 0 0 0 0 1 1 0 1 0 0 1 0
880	6	 1 1 1 1 0 0 1 1 1 0 0 0 1 1 0 1 1 0 0 0
880	11	 1 1 1 1 0 0 0 1 0 0 0 1 1 1 0 0 0 1 0 0
880	1	 1 1 1 1 0 0 1 1 0 0 1 0 1 0 0 0 0 0 0 0
880	11	 1 1 1 1 0 0 0 1 0 0 0 0 1 1 0 1 1 0 0 1
880	20	 1 1 0 1 0 0 1 1 0 0 1 0 1 1 0 0 0 0 0 0
880	3	 1 0 1 1 0 0 0 1 0 0 1 0 0 1 0 1 0 0 0 0
880	1	 1 1 1 1 0 0 0 1 0 0 0 0 1 1 1 1 1 0 0 0
880	6	 1 1 0 1 1 0 1 1 0 0 1 0 1 1 0 0 1 0 0 0
880	2	 1 1 1 1 0 1 1 0 0 0 1 1 1 1 0 0 0 0 1 1
880	1	 0 1 1 1 0 0 0 1 0 0 0 0 1 0 0 1 0 0 0 0
880	2	 1 1 1 1 0 1 0 1 0 0 0 0 1 1 0 0 0 0 0 1
880	5	 1 1 1 1 0 0 1 1 0 0 0 0 1 1 0 1 0 0 0 1
880	2	 0 1 1 1 0 0 0 1 0 0 0 0 1 1 1 0 0 0 0 0
880	2	 1 0 1 1 0 0 0 1 0 0 0 1 1 1 0 1 0 0 0 0
880	9	 1 1 1 1 0 0 1 1 0 0 0 0 1 1 0 0 0 0 0 0
880	1	 1 1 1 1 0 0 1 1 1 0 0 0 1 1 0 0 0 0 0 0
880	2	 1 0 1 1 0 1 0 1 1 0 1 0 0 1 0 0 0 0 0 0
880	12	 1 1 1 1 0 1 0 1 1 0 1 0 0 1 0 0 0 1 0 0
880	3	 1 1 1 1 0 0 0 1 0 0 0 0 1 1 0 0 0 0 0 1
880	2	 1 1 1 1 0 0 0 1 0 0 0 0 1 0 0 1 0 0 0 1
880	11	 1 1 1 1 1 0 0 0 0 0 0 0 1 1 0 1 0 0 0 1
880	7	 1 1 1 1 0 1 0 0 0 0 0 0 1 1 0 0 0 0 0 0
880	1	 1 1 1 1 0 1 1 1 0 0 0 0 1 1 0 1 0 0 0 0
880	1	 1 1 1 1 0 1 0 1 0 1 1 0 1 1 0 0 0 0 0 0
880	6	 1 1 1 1 0 1 1 1 0 0 0 0 1 1 0 0 1 0 1 0
880	14	 1 1 1 1 0 1 1 1 0 0 0 0 1 1 0 0 0 0 0 0
880	5	 1 1 1 1 1 0 0 1 0 0 0 0 1 1 0 1 0 0 1 1
880	2	 1 1 1 1 0 0 0 1 0 0 0 0 0 1 0 1 1 0 0 1
880	4	 1 1 1 0 1 0 0 1 0 0 0 0 1 1 0 0 0 0 0 0
880	1	 1 1 1 1 0 1 0 1 0 0 0 1 1 1 0 0 0 0 1 0
880	2	 1 1 0 1 0 0 0 1 0 0 0 0 1 1 0 1 0 0 0 1
880	3	 1 1 1 1 0 1 0 1 0 0 1 0 1 1 0 0 0 0 1 0
880	3	 1 1 1 1 0 0 0 0 1 0 0 0 1 0 1 1 0 0 0 0
880	3	 1 1 1 1 0 0 0 0 0 0 0 0 1 0 0 1 0 0 0 0
880	2	 1 1 0 1 0 1 0 1 1 0 1 0 0 1 0 0 0 1 0 0
880	6	 1 1 1 1 1 0 0 1 0 0 0 0 1 1 0 0 0 0 0 0
880	9	 1 1 1 1 0 0 0 1 0 0 0 0 1 1 0 0 0 0 1 0
880	3	 1 1 1 1 0 1 0 1 0 0 1 0 0 0 0 0 0 0 0 0
880	1	 1 1 1 1 0 1 0 1 0 1 0 0 1 1 0 0 0 0 0 0
880	1	 1 1 1 0 1 0 0 0 0 0 0 0 1 0 0 0 0 0 0 0
880	3	 1 1 1 1 0 0 0 1 0 0 0 0 1 1 1 0 1 0 0 0
880	1	 1 1 1 1 0 0 0 1 0 0 0 0 0 1 1 1 1 0 0 1
880	1	 1 1 1 1 0 0 0 1 0 0 0 0 1 0 0 1 0 0 0 0
880	1	 1 1 1 1 0 1 1 1 0 0 1 0 1 1 0 0 0 0 0 0
880	1	 1 1 1 1 0 1 0 1 0 0 0 0 1 1 0 1 1 0 0 0
880	1	 1 1 1 1 0 1 0 0 0 0 1 1 0 1 0 0 0 1 0 0
880	6	 1 1 1 1 0 1 0 1 0 1 0 1 1 1 0 0 0 0 0 0
880	1	 0 1 1 1 0 0 1 0 1 0 0 1 0 0 1 1 0 0 0 0
880	1	 0 1 1 1 0 1 0 1 0 0 0 0 1 1 0 0 0 0 0 0
880	2	 1 1 1 1 0 0 1 1 0 0 1 0 1 1 1 0 0 0 0 0
880	1	 1 1 1 1 0 0 1 0 1 1 0 1 0 0 1 1 0 0 1 0
880	2	 1 1 1 1 0 0 0 1 1 0 0 0 1 0 0 1 1 0 0 0
880	2	 1 1 1 1 0 0 0 1 1 0 1 0 1 1 0 1 0 0 0 0
880	1	 1 1 1 1 0 1 0 0 0 0 1 1 1 1 0 0 0 0 0 1
880	1	 1 1 1 1 0 1 0 1 0 0 1 0 0 1 0 1 0 0 0 0
880	2	 1 1 1 1 0 0 0 1 0 0 0 1 0 0 1 1 0 0 0 0
880	1	 1 1 0 1 1 0 1 1 0 0 0 0 1 1 0 0 1 0 1 0
880	1	 1 1 1 0 1 0 0 1 0 0 0 1 1 1 0 0 0 0 0 0
880	1	 0 1 1 1 0 0 0 1 0 0 0 0 1 1 0 1 0 0 0 0
880	2	 1 1 1 1 0 0 0 1 1 0 1 0 0 1 0 0 0 0 0 0
880	1	 1 1 1 1 0 0 0 1 0 0 0 0 1 1 0 1 0 1 0 1
880	2	 1 1 1 1 0 0 0 1 0 0 1 0 0 0 1 0 0 0 0 0
880	1	 1 1 1 1 0 1 0 1 0 0 0 0 1 1 0 0 0 0 1 0
880	3	 1 1 1 1 0 0 0 1 0 0 0 0 1 1 1 1 0 1 0 1
880	1	 0 1 1 1 0 0 1 1 0 0 0 1 1 1 0 0 0 0 0 0
880	2	 1 1 0 1 0 1 0 0 0 0 1 1 1 0 0 0 0 0 0 0
880	1	 0 1 1 1 0 0 0 1 0 1 0 0 1 1 1 1 0 0 0 1
1000	53	 1 1 1 1 0 1 0 1 0 0 0 1 1 1 0 0 0 0 0 0
1000	12	 1 1 1 1 0 1 0 1 0 0 1 0 1 1 0 0 0 0 0 0
1000	12	 1 1 1 1 0 0 1 0 1 0 0 1 0 0 1 1 0 0 0 0
1000	42	 1 1 1 1 0 0 1 0 0 0 0 1 0 1 1 1 0 0 0 0
1000	1	 1 1 1 1 0 0 0 1 0 0 0 0 1 0 0 1 1 0 0 0
1000	7	 1 1 1 1 1 1 0 1 0 0 1 1 0 1 0 1 0 0 0 0
1000	12	 1 1 1 1 0 1 0 1 0 0 0 1 1 1 0 1 0 0 0 0
1000	52	 1 1 1 1 0 0 1 1 0 0 0 0 1 1 1 1 0 0 0 0
1000	21	 1 1 1 1 0 0 0 0 1 0 0 1 1 1 0 0 0 0 0 0
1000	4	 1 1 1 1 0 0 1 1 0 0 0 1 1 1 0 0 0 0 0 0
1000	32	 1 1 1 1 1 1 0 1 0 0 0 1 0 1 1 0 0 0 0 0
1000	32	 1 1 1 1 0 0 1 0 0 0 0 1 1 1 0 0 0 0 0 0
1000	39	 1 1 1 1 0 0 0 0 1 0 0 1 0 0 0 0 0 0 0 0
1000	1	 1 1 1 1 0 0 0 1 0 0 0 1 0 1 0 0 0 0 0 1
1000	8	 1 1 1 1 0 0 1 0 1 0 0 1 0 0 1 0 0 0 0 0
1000	27	 1 1 1 1 0 0 0 1 0 0 0 1 0 1 1 1 0 0 0 0
1000	12	 1 1 1 1 0 1 0 1 0 0 0 1 1 1 1 0 0 0 0 0
1000	27	 1 1 1 1 0 1 0 1 0 0 0 0 1 1 0 1 0 0 0 0
1000	15	 1 0 1 1 0 0 1 0 0 0 0 1 0 1 1 1 0 0 0 0
1000	23	 1 1 1 1 1 1 0 1 0 0 0 1 1 1 0 0 0 0 0 0
1000	7	 1 1 1 0 0 0 0 0 1 0 0 1 0 0 0 0 0 0 0 0
1000	16	 1 0 1 1 0 0 0 0 0 0 0 1 1 1 0 1 0 0 0 0
1000	25	 1 1 1 1 0 1 0 0 1 0 0 0 1 1 1 1 0 0 0 0
1000	2	 1 1 1 1 0 1 0 1 1 0 0 1 1 1 1 0 0 0 0 0
1000	8	 1 0 1 1 0 0 0 1 0 0 0 1 0 0 1 1 0 0 1 0
1000	24	 1 0 1 1 0 0 1 0 0 0 0 1 0 1 0 0 0 0 0 0
1000	23	 1 1 1 1 0 0 0 0 1 0 0 1 0 1 0 0 0 0 0 0
1000	27	 1 1 1 1 0 1 0 1 0 0 0 1 1 0 0 1 0 0 1 0
1000	1	 1 1 1 1 0 1 0 1 0 0 1 1 1 1 1 1 0 0 0 0
1000	27	 1 1 1 1 0 0 1 1 0 0 0 1 1 0 0 0 0 0 0 0
1000	3	 1 1 1 1 0 1 0 1 0 0 0 1 1 1 0 0 1 0 0 0
1000	10	 1 1 1 0 0 1 0 0 1 0 0 1 0 0 0 0 0 0 0 0
1000	11	 1 1 1 1 1 1 0 1 0 0 0 0 1 1 1 1 1 0 0 0
1000	2	 1 1 1 1 0 0 0 1 0 0 0 1 1 1 0 0 0 0 0 0
1000	5	 1 1 1 1 0 0 1 1 1 0 0 1 1 1 0 0 0 0 0 0
1000	4	 1 1 1 1 0 0 1 1 0 0 0 1 1 1 0 1 0 0 0 0
1000	3	 1 1 1 1 0 0 0 0 1 0 0 1 0 1 0 0 0 0 0 1
1000	3	 1 1 1 1 0 0 1 0 0 0 0 1 0 1 1 0 0 0 0 1
1000	12	 1 1 1 1 0 0 0 0 1 0 0 1 0 0 0 0 0 0 0 1
1000	4	 1 1 1 1 0 1 0 1 0 0 1 0 1 1 0 0 0 0 1 0
1000	3	 1 0 1 1 0 0 0 1 0 0 0 1 0 0 1 1 1 0 1 0
1000	2	 1 1 1 1 0 1 0 1 0 0 0 1 0 1 0 0 0 0 0 0
1000	10	 1 1 0 1 0 0 1 0 0 0 0 1 0 1 1 1 0 0 0 0
1000	18	 1 1 1 1 1 1 0 1 0 0 0 1 0 1 0 0 0 0 0 0
1000	1	 1 1 1 0 0 1 0 1 0 0 1 1 0 1 0 1 0 0 0 0
1000	18	 1 1 1 1 0 0 1 1 0 0 0 1 0 1 0 1 0 0 0 0
1000	1	 1 1 1 1 0 0 1 0 1 0 0 0 0 0 1 1 0 0 0 0
1000	5	 1 1 1 1 0 1 0 1 1 0 0 1 1 1 0 0 0 0 0 1
1000	7	 1 1 1 1 0 1 1 1 0 0 0 1 1 1 0 0 0 0 0 0
1000	7	 1 1 1 1 0 0 0 1 0 0 0 1 0 1 1 0 0 0 0 0
1000	12	 1 1 1 1 1 1 0 1 0 0 0 1 1 0 0 0 0 0 0 0
1000	2	 0 0 1 1 0 0 0 1 0 0 0 1 0 0 1 1 0 0 1 0
1000	4	 1 1 1 1 0 0 0 0 1 0 0 1 0 1 0 0 0 0 1 1
1000	6	 1 1 1 1 0 0 0 1 1 0 0 1 1 1 1 0 0 0 0 0
1000	6	 1 1 1 1 0 0 0 0 1 0 0 1 1 1 0 0 0 0 0 1
1000	9	 1 1 1 1 1 1 0 1 0 0 0 0 1 1 0 0 0 0 1 0
1000	6	 1 1 1 1 0 0 0 1 0 1 0 1 0 1 1 0 0 0 1 0
1000	23	 1 1 1 1 0 1 0 1 0 0 0 1 0 1 1 0 0 0 0 0
1000	3	 1 1 1 1 0 1 0 0 1 0 0 0 1 1 0 0 0 0 0 1
1000	9	 1 0 1 1 0 1 0 1 0 0 0 1 1 1 0 0 1 0 0 0
1000	4	 1 0 1 0 0 1 0 1 0 0 0 1 1 1 0 0 0 0 0 0
1000	4	 1 1 1 1 0 0 1 1 0 0 0 0 1 1 1 1 0 0 0 1
1000	9	 1 1 1 1 1 0 0 0 1 0 0 1 0 1 0 0 0 0 0 1
1000	3	 1 0 1 1 0 0 1 1 0 0 0 1 1 1 1 0 0 0 0 0
1000	5	 1 1 1 1 0 1 0 1 1 0 0 1 0 0 1 1 0 0 0 0
1000	30	 1 1 1 1 0 0 0 0 1 0 0 1 0 1 1 1 0 0 0 0
1000	1	 1 1 1 1 0 1 0 1 0 0 1 1 0 1 0 1 0 0 0 0
1000	8	 0 1 1 1 0 0 1 1 0 0 0 1 1 1 0 0 0 0 0 0
1000	1	 1 1 1 1 1 1 0 1 0 0 0 1 1 1 1 0 0 0 0 0
1000	5	 1 1 1 1 0 0 0 1 0 0 0 1 0 1 1 1 0 0 1 0
1000	7	 1 0 1 1 1 0 0 1 0 0 0 1 0 0 1 1 0 0 1 0
1000	4	 1 1 1 1 1 1 0 1 0 0 0 1 0 0 0 0 0 0 0 0
1000	3	 1 1 1 1 1 1 0 1 0 0 0 0 1 1 0 1 0 0 0 0
1000	7	 1 0 0 1 0 0 0 1 0 0 0 1 0 0 1 1 0 0 1 0
1000	1	 1 1 1 1 0 1 0 1 0 1 0 1 1 1 0 0 0 0 0 0
1000	3	 1 0 1 1 0 0 1 1 0 0 0 0 0 0 0 0 0 0 0 0
1000	5	 1 1 1 1 0 0 0 1 1 0 0 1 0 0 1 0 0 0 0 0
1000	8	 1 0 1 0 0 0 0 0 1 0 0 1 0 0 0 0 0 0 0 0
1000	1	 1 1 1 1 1 1 1 1 1 0 0 1 0 0 1 0 0 0 0 0
1000	8	 1 0 1 1 0 0 0 1 1 0 0 1 1 0 0 0 0 1 0 0
1000	1	 1 1 1 1 1 1 0 1 0 0 1 0 1 1 0 0 0 0 0 0
1000	3	 1 1 1 1 0 0 0 0 0 0 0 1 0 1 1 1 0 0 0 0
1000	2	 1 0 1 1 0 0 0 1 0 0 0 1 1 1 0 0 0 0 0 0
1000	1	 1 1 1 1 0 1 0 1 0 0 0 0 1 1 0 0 0 0 0 0
1000	1	 1 1 1 1 0 1 0 1 1 0 0 1 0 1 1 1 0 0 1 0
1000	1	 1 1 1 1 0 1 1 0 0 0 0 1 0 0 0 0 0 0 0 0
1000	2	 1 1 1 0 0 1 0 1 1 0 0 1 1 1 1 0 0 1 0 0
1000	2	 1 1 1 1 0 0 1 0 1 0 0 1 0 1 0 0 0 0 0 0
1000	1	 1 0 1 1 0 0 1 1 0 0 0 0 1 1 0 0 0 0 0 0
1000	2	 1 1 1 0 0 1 0 1 0 0 0 1 1 1 0 1 0 0 0 0
1000	1	 1 1 1 1 0 0 0 0 1 0 0 1 1 1 0 0 0 0 1 0
1000	3	 1 1 1 1 1 1 0 1 0 0 0 1 0 0 1 0 0 0 0 0
1000	1	 0 1 1 1 0 1 0 1 1 0 0 1 1 1 0 0 0 0 0 1
1000	1	 1 1 1 0 0 1 0 1 0 1 0 1 1 1 0 1 0 0 0 0
1000	1	 1 1 1 1 0 1 0 1 0 0 0 1 1 1 0 1 1 0 0 0
1000	4	 1 1 1 1 0 1 0 1 0 0 0 1 0 0 0 0 0 0 0 0
1000	1	 1 1 1 1 0 0 1 0 0 0 0 1 0 1 0 1 0 0 0 0
1000	2	 1 1 1 0 0 0 0 1 0 0 1 1 1 1 1 1 0 0 0 0
1000	3	 0 1 1 1 0 1 0 1 0 0 1 1 1 1 1 0 0 0 0 0
1000	1	 1 1 1 1 0 1 0 0 1 0 0 0 1 1 0 0 0 0 0 0
1000	3	 1 1 1 1 0 0 0 0 1 0 0 1 0 1 1 0 0 0 1 0
1000	2	 1 1 1 1 1 0 0 1 0 0 0 1 0 1 1 0 0 0 0 0
1000	3	 1 1 1 1 0 0 0 0 1 0 0 1 0 0 0 0 0 0 1 0
1000	1	 1 1 1 1 0 0 1 1 1 0 1 1 1 1 0 0 0 0 0 0
1000	1	 1 1 1 1 0 0 1 0 0 0 0 0 1 1 0 1 0 0 0 0
1000	1	 1 1 1 1 0 0 1 0 0 0 0 1 0 1 1 0 0 0 0 0
1000	2	 1 1 1 1 0 0 0 0 1 0 0 1 0 1 1 0 0 0 0 0
1000	3	 0 1 1 1 0 1 0 1 0 0 0 0 1 1 0 1 0 0 0 0
1000	1	 1 1 1 1 0 0 1 0 1 0 0 1 0 0 1 1 0 1 0 0
1000	1	 1 1 1 1 0 0 1 0 0 0 0 1 0 0 1 1 0 0 0 0
1000	1	 1 1 1 1 1 0 1 1 0 0 0 1 0 1 0 1 0 0 0 0
1000	2	 1 1 1 1 1 1 0 1 0 0 0 0 1 1 0 1 0 0 1 0
1000	2	 1 1 1 0 1 1 0 1 1 0 0 1 1 1 1 0 0 1 0 0
1000	1	 1 1 1 1 0 0 0 1 0 0 0 1 0 0 1 1 0 0 1 0
1000	2	 1 0 1 1 0 1 0 1 0 0 0 0 1 1 0 0 0 0 0 1
1000	2	 1 1 0 1 0 0 1 1 0 0 0 1 1 0 0 0 0 0 0 0
1000	3	 1 1 1 1 0 1 0 1 0 0 0 1 0 1 0 1 0 0 0 0
1000	1	 1 1 1 1 0 0 0 1 1 0 0 1 0 0 0 0 0 0 0 0
1000	1	 1 1 1 1 0 0 1 1 0 0 0 1 1 1 1 1 0 0 0 0
1000	1	 1 1 1 1 0 0 1 1 0 0 0 0 1 1 1 1 0 1 0 0
1000	1	 1 1 1 1 1 1 0 1 0 0 0 1 0 1 1 0 0 1 0 0
1000	2	 1 1 1 1 1 0 1 0 0 0 0 1 1 1 0 0 0 0 0 0
1000	1	 1 1 1 1 0 1 0 1 0 0 1 0 1 1 0 1 0 0 0 0
1000	1	 1 1 1 1 0 1 0 1 1 0 0 1 1 1 1 0 0 1 0 0
1000	2	 1 1 1 1 0 0 0 1 1 0 0 1 0 1 0 0 0 0 0 0
1000	1	 1 1 1 1 0 0 0 0 1 0 0 0 0 1 0 0 0 0 0 0
1000	2	 0 1 1 1 0 0 1 1 0 0 0 1 1 0 0 0 0 0 0 0
1000	1	 1 1 1 0 0 0 1 1 0 0 0 1 1 0 0 0 0 0 0 0
1000	2	 1 1 1 1 0 1 0 1 1 0 0 1 0 1 1 0 0 0 0 0
1000	1	 1 0 1 0 0 0 1 0 1 0 0 1 0 0 0 0 0 0 0 0
