0	250	 0 0 1 0 1 0 0 0 1 0 1 0 0 0 0 0 0 1 0 0
0	250	 1 0 1 0 0 0 0 0 0 0 0 0 0 0 0 0 0 1 0 0
0	250	 1 0 0 0 0 1 1 1 0 0 0 0 1 0 0 0 0 0 0 0
0	250	 0 1 0 0 0 0 0 0 1 0 0 0 0 0 1 0 0 0 0 0
10	182	 0 0 1 0 1 0 0 0 1 0 1 0 0 0 0 0 0 1 0 0
10	181	 1 0 1 0 0 0 0 0 0 0 0 0 0 0 0 0 0 1 0 0
10	244	 1 0 0 0 0 1 1 1 0 0 0 0 1 0 0 0 0 0 0 0
10	145	 0 1 0 0 0 0 0 0 1 0 0 0 0 0 1 0 0 0 0 0
10	2	 0 0 1 0 1 0 0 0 1 0 1 0 1 0 0 0 0 0 0 0
10	7	 0 0 1 0 0 0 0 0 0 0 0 0 0 0 0 0 0 1 0 0
10	18	 1 0 1 0 0 0 0 0 0 0 0 0 0 0 0 0 0 0 0 0
10	26	 1 0 0 0 0 1 1 1 0 0 0 0 1 0 0 0 0 1 0 0
10	3	 0 0 1 0 1 0 0 0 1 0 0 0 0 0 0 0 0 1 0 0
10	9	 1 0 0 0 0 0 0 0 0 0 0 0 0 0 0 0 0 1 0 0
10	2	 1 0 1 0 1 0 0 0 0 0 0 0 0 0 0 0 0 1 0 0
10	5	 0 0 0 0 0 1 1 1 0 0 0 0 1 0 0 0 0 0 0 0
10	5	 1 0 0 0 0 1 1 1 0 0 0 0 1 0 0 0 0 0 0 1
10	4	 1 0 1 0 0 0 0 0 0 0 0 0 0 0 0 0 1 1 0 0
10	5	 1 0 0 0 0 1 1 1 0 0 0 0 1 1 0 0 0 0 0 0
10	2	 0 1 0 1 0 0 0 0 1 0 0 0 0 0 1 0 0 0 0 0
10	2	 0 0 1 0 0 0 0 0 1 0 0 0 0 0 1 0 0 0 0 0
10	7	 0 1 0 0 0 0 0 0 1 0 0 0 0 0 0 0 0 0 0 0
10	4	 0 0 1 0 1 0 0 0 0 0 1 0 0 0 0 0 0 1 0 0
10	6	 1 0 1 0 0 0 0 1 0 0 0 0 0 0 0 0 0 1 0 0
10	9	 1 0 1 1 0 0 0 0 0 0 0 0 0 0 0 0 0 1 0 0
10	4	 1 0 1 0 0 0 0 1 0 0 0 0 1 0 0 0 0 0 0 0
10	9	 1 0 1 0 1 0 0 1 1 0 1 0 0 0 0 0 0 1 0 0
10	6	 0 1 0 0 0 0 0 0 1 0 0 0 0 0 0 0 0 1 0 0
10	1	 0 0 0 0 1 0 0 0 1 0 1 0 0 0 0 0 0 1 0 0
10	1	 1 0 0 0 0 1 1 1 0 1 0 0 1 0 0 0 0 0 0 0
10	1	 1 0 0 0 0 1 1 1 0 0 0 0 1 0 0 0 0 0 1 0
10	4	 1 0 1 0 0 1 1 1 0 0 0 0 1 0 0 0 0 0 0 0
10	4	 0 0 1 0 1 0 0 0 1 0 1 0 0 0 0 0 1 1 0 0
10	5	 1 0 1 0 0 0 0 0 0 0 0 0 0 0 0 0 0 1 1 0
10	17	 1 0 0 0 0 1 1 1 0 0 0 0 0 0 0 0 0 1 0 0
10	6	 0 0 1 0 1 0 0 0 1 0 1 0 0 0 0 0 0 0 0 0
10	2	 0 0 1 0 1 1 0 0 1 0 1 0 0 0 0 0 0 1 0 0
10	1	 1 0 1 0 0 1 0 0 0 0 0 0 0 0 0 0 0 1 0 0
10	3	 0 0 0 0 0 1 1 1 0 0 0 0 0 0 0 0 1 0 0 0
10	1	 0 1 0 0 0 1 1 1 0 0 0 0 1 0 0 0 0 0 0 0
10	3	 0 1 0 0 0 0 0 0 0 0 0 0 1 0 0 0 0 0 0 0
10	4	 1 1 0 0 0 0 0 0 1 0 0 0 0 0 1 0 0 0 0 0
10	6	 0 0 1 0 1 0 0 0 1 0 0 0 0 0 1 0 0 0 0 0
10	2	 0 1 1 0 1 0 0 0 1 0 1 0 0 0 0 0 0 1 0 0
10	1	 0 0 1 0 1 0 0 0 1 0 1 0 0 0 0 0 0 1 1 0
10	6	 0 0 1 1 1 0 0 0 1 0 1 0 0 0 0 0 0 1 0 0
10	1	 1 0 1 0 0 0 0 0 0 0 0 0 0 0 0 1 0 1 0 0
10	3	 1 0 1 0 0 0 0 0 0 0 0 0 1 0 0 0 0 1 0 0
10	2	 1 1 1 0 0 0 0 1 0 0 0 0 1 0 0 0 0 0 0 0
10	3	 1 0 1 0 0 0 0 0 0 0 0 1 0 0 0 0 0 1 1 0
10	3	 0 0 1 0 1 0 0 0 1 0 0 0 1 0 0 0 0 0 0 0
10	3	 1 0 0 0 0 1 1 0 0 0 0 0 0 0 0 0 0 0 0 0
10	1	 1 1 1 0 0 0 0 0 0 0 0 0 0 0 0 0 0 1 0 0
10	1	 1 0 1 0 0 0 0 0 0 1 0 0 0 0 0 0 0 1 0 0
10	3	 1 0 0 0 0 1 1 1 1 0 0 0 1 0 0 0 0 0 0 0
10	6	 1 0 0 0 0 1 1 1 0 0 0 0 1 0 0 0 1 0 0 0
10	2	 1 1 0 0 0 1 1 1 0 0 0 0 1 0 0 0 0 0 0 0
10	1	 0 1 0 0 1 0 0 0 1 0 0 0 0 0 1 0 0 0 0 0
10	1	 0 1 0 0 0 0 0 0 1 0 0 0 0 1 1 0 0 0 0 0
10	1	 0 1 0 0 0 1 0 0 1 0 0 0 0 0 0 0 0 1 0 0
10	1	 1 0 1 0 0 0 0 0 0 0 1 0 0 0 0 0 0 1 0 0
10	2	 0 1 0 0 0 0 0 0 1 0 0 0 1 0 0 0 0 1 0 0
10	1	 1 0 1 0 0 0 0 0 0 0 0 1 0 0 0 0 0 1 0 0
10	3	 1 0 0 0 1 1 1 1 0 0 0 0 1 0 0 0 0 0 0 0
10	1	 1 0 0 0 0 1 1 1 0 0 0 0 1 0 1 0 0 0 0 0
10	1	 0 1 0 0 0 0 0 0 0 0 0 0 0 0 1 0 0 0 0 0
10	2	 0 1 0 0 0 0 0 0 1 0 1 0 0 0 0 0 0 1 0 0
10	3	 1 0 1 0 0 1 1 1 0 0 0 0 1 0 0 0 1 0 0 0
25	191	 0 0 1 0 1 0 0 0 1 0 1 0 0 0 0 0 0 1 0 0
25	72	 1 0 1 0 0 0 0 0 0 0 0 0 0 0 0 0 0 1 0 0
25	259	 1 0 0 0 0 1 1 1 0 0 0 0 1 0 0 0 0 0 0 0
25	81	 0 1 0 0 0 0 0 0 1 0 0 0 0 0 1 0 0 0 0 0
25	7	 0 0 1 0 1 0 0 0 1 0 1 0 1 0 0 0 0 0 0 0
25	6	 0 0 1 0 0 0 0 0 0 0 0 0 0 0 0 0 0 1 0 0
25	6	 1 0 1 0 0 0 0 0 0 0 0 0 0 0 0 0 0 0 0 0
25	24	 1 0 0 0 0 1 1 1 0 0 0 0 1 0 0 0 0 1 0 0
25	15	 0 0 1 0 1 0 0 0 1 0 0 0 0 0 0 0 0 1 0 0
25	3	 1 0 0 0 0 0 0 0 0 0 0 0 0 0 0 0 0 1 0 0
25	13	 0 1 0 0 0 0 0 0 1 0 0 0 0 0 0 0 0 0 0 0
25	25	 0 0 1 0 1 0 0 0 0 0 1 0 0 0 0 0 0 1 0 0
25	13	 1 0 1 0 0 0 0 1 0 0 0 0 0 0 0 0 0 1 0 0
25	7	 1 0 1 1 0 0 0 0 0 0 0 0 0 0 0 0 0 1 0 0
25	9	 1 0 1 0 0 0 0 1 0 0 0 0 1 0 0 0 0 0 0 0
25	11	 1 0 1 0 1 0 0 1 1 0 1 0 0 0 0 0 0 1 0 0
25	3	 1 0 1 0 0 1 1 1 0 0 0 0 1 0 0 0 0 0 0 0
25	15	 1 0 0 0 0 1 1 1 0 0 0 0 0 0 0 0 0 1 0 0
25	4	 0 0 1 0 1 0 0 0 1 0 1 0 0 0 0 0 0 0 0 0
25	25	 1 1 0 0 0 0 0 0 1 0 0 0 0 0 1 0 0 0 0 0
25	20	 0 0 1 1 1 0 0 0 1 0 1 0 0 0 0 0 0 1 0 0
25	8	 0 1 0 0 0 0 0 0 1 0 0 0 0 1 1 0 0 0 0 0
25	1	 1 0 1 0 0 0 0 0 1 0 0 0 0 0 1 0 0 0 0 0
25	1	 1 0 1 0 0 0 0 0 0 1 0 0 0 0 0 0 0 0 0 0
25	6	 1 0 0 0 0 1 0 1 0 0 0 0 1 0 0 0 0 0 0 0
25	6	 0 1 0 0 0 0 1 0 1 0 0 0 0 0 1 0 0 0 0 0
25	4	 0 0 1 0 0 1 1 1 0 0 0 0 1 0 0 0 0 0 0 0
25	2	 0 0 1 0 1 0 0 0 1 0 1 0 0 0 0 0 1 1 0 0
25	12	 1 0 1 0 0 0 0 0 0 0 1 0 0 0 0 0 0 1 0 0
25	2	 1 0 1 0 0 0 1 1 0 0 0 0 1 0 0 0 0 0 0 0
25	3	 1 0 0 0 0 1 1 1 0 0 1 0 0 0 0 0 0 1 0 0
25	10	 0 0 1 0 1 0 0 0 1 0 1 0 1 0 0 0 0 1 0 0
25	6	 1 0 0 0 0 0 1 1 0 0 0 0 1 0 0 0 0 1 0 0
25	3	 1 0 1 1 0 0 0 0 0 0 0 0 0 0 0 0 1 1 0 0
25	2	 0 1 0 0 0 0 0 0 1 0 0 0 1 0 0 1 0 0 0 0
25	14	 1 1 0 0 0 0 0 0 1 0 1 0 0 0 0 0 0 1 0 0
25	10	 1 0 1 0 0 0 0 1 0 0 0 0 1 0 0 1 0 0 0 0
25	1	 1 0 0 0 0 0 0 1 0 0 0 0 1 0 0 0 0 0 0 0
25	2	 1 1 0 0 0 0 0 0 1 0 0 0 0 0 1 1 0 0 0 0
25	3	 1 0 0 0 0 0 0 0 1 0 0 0 0 0 1 0 0 0 0 0
25	1	 0 1 0 0 1 0 0 0 1 0 1 0 0 0 0 0 0 1 0 0
25	2	 1 0 0 0 0 0 1 1 0 0 0 0 1 0 0 0 0 0 0 0
25	1	 0 0 1 0 1 0 0 0 1 0 1 1 0 0 0 0 0 1 0 0
25	3	 1 0 0 0 0 1 1 1 0 0 0 0 1 0 0 0 1 0 0 0
25	2	 0 1 0 0 0 0 0 0 1 0 1 0 0 0 0 0 0 1 0 0
25	2	 0 0 1 0 1 0 0 0 1 0 1 0 0 1 0 0 0 1 0 0
25	2	 1 0 1 0 0 0 1 0 0 0 0 0 0 0 0 0 0 1 0 0
25	1	 0 1 0 0 0 0 0 0 0 0 0 0 0 0 1 0 0 0 0 0
25	6	 1 0 1 0 0 0 0 0 0 0 0 0 1 0 0 1 0 0 0 0
25	4	 0 0 1 0 1 0 0 1 0 0 0 0 1 0 0 0 0 0 0 0
25	5	 0 0 1 0 1 0 0 1 1 0 1 0 0 0 0 0 0 0 0 0
25	2	 0 1 0 0 1 0 0 0 1 0 0 0 1 0 0 0 0 0 0 0
25	1	 0 0 1 0 0 0 0 1 1 0 1 0 0 0 0 0 0 1 0 0
25	9	 0 0 1 0 0 0 0 0 1 0 0 0 0 0 1 1 0 0 0 0
25	9	 1 0 0 0 0 1 1 1 0 0 0 0 0 0 1 0 0 0 0 0
25	6	 1 0 1 0 0 0 0 0 0 0 0 0 0 1 0 0 0 1 0 0
25	2	 1 0 0 0 0 1 1 1 0 0 0 0 0 0 0 0 0 0 0 0
25	1	 1 0 0 0 0 1 1 1 0 0 0 0 1 0 0 0 0 0 1 0
25	2	 0 0 1 0 1 0 0 0 0 0 0 0 1 0 0 0 0 0 0 0
25	1	 0 1 0 0 0 0 0 0 1 0 1 1 0 0 0 0 0 1 0 0
25	1	 1 0 0 0 0 0 0 0 0 0 1 0 0 0 0 0 0 1 0 0
25	1	 0 0 1 1 1 0 0 0 1 0 1 0 0 0 0 0 0 0 0 0
25	6	 1 0 0 0 0 0 0 1 0 0 0 0 1 0 0 1 0 0 0 0
25	5	 0 0 1 0 1 0 0 0 1 0 1 0 0 0 1 0 0 1 0 0
25	3	 0 1 0 0 0 1 0 0 1 0 0 0 0 0 1 0 0 0 0 0
25	1	 0 0 1 0 1 0 0 0 1 0 0 0 0 0 0 1 0 1 0 0
25	1	 0 1 0 0 0 0 0 0 1 0 0 0 0 0 0 0 1 0 0 0
25	1	 0 0 1 1 1 0 0 0 1 0 0 0 0 0 0 0 0 1 0 0
25	3	 0 0 0 0 0 0 0 0 1 0 0 0 1 0 0 1 0 0 0 0
25	1	 0 0 1 0 1 0 0 0 1 0 1 0 0 0 1 1 0 0 0 0
25	2	 0 0 0 0 0 0 0 0 1 0 0 0 0 0 1 0 0 0 0 0
25	2	 0 1 0 0 0 0 0 1 0 0 0 0 1 0 0 0 0 0 0 0
25	1	 0 1 0 0 0 0 0 1 0 0 0 0 1 0 0 0 0 1 0 0
25	2	 1 0 1 0 0 0 0 1 0 0 0 0 1 0 0 1 0 1 0 0
25	1	 1 0 1 0 0 0 0 0 0 0 0 0 0 0 1 0 0 1 0 0
25	1	 0 0 1 1 1 0 0 0 1 0 1 0 0 0 0 0 0 1 1 0
25	1	 1 1 0 0 0 0 0 0 1 0 0 0 0 1 1 0 0 0 0 0
70	41	 0 0 1 0 1 0 0 0 1 0 1 0 0 0 0 0 0 1 0 0
70	27	 1 0 1 0 0 0 0 0 0 0 0 0 0 0 0 0 0 1 0 0
70	74	 1 0 0 0 0 1 1 1 0 0 0 0 1 0 0 0 0 0 0 0
70	6	 0 1 0 0 0 0 0 0 1 0 0 0 0 0 1 0 0 0 0 0
70	3	 0 0 1 0 1 0 0 0 1 0 0 0 0 0 0 0 0 1 0 0
70	4	 0 0 1 0 1 0 0 0 0 0 1 0 0 0 0 0 0 1 0 0
70	22	 1 0 1 0 1 0 0 1 1 0 1 0 0 0 0 0 0 1 0 0
70	1	 1 0 1 0 0 1 1 1 0 0 0 0 1 0 0 0 0 0 0 0
70	38	 1 1 0 0 0 0 0 0 1 0 0 0 0 0 1 0 0 0 0 0
70	4	 0 0 1 1 1 0 0 0 1 0 1 0 0 0 0 0 0 1 0 0
70	8	 0 1 0 0 0 0 0 0 1 0 0 0 0 1 1 0 0 0 0 0
70	26	 0 1 0 0 0 0 1 0 1 0 0 0 0 0 1 0 0 0 0 0
70	21	 1 0 0 0 0 1 1 1 0 0 1 0 0 0 0 0 0 1 0 0
70	2	 1 0 0 0 0 0 0 0 1 0 0 0 0 0 1 0 0 0 0 0
70	11	 1 0 1 0 0 0 0 0 0 0 0 0 0 1 0 0 0 1 0 0
70	9	 1 0 1 0 0 0 0 0 1 0 1 0 0 0 0 0 0 1 0 0
70	11	 1 0 0 0 1 0 0 0 1 0 0 0 0 0 0 0 0 1 0 0
70	7	 1 0 1 0 0 0 1 1 0 0 1 0 0 0 0 0 0 1 0 0
70	4	 1 1 0 1 0 0 0 0 1 0 0 0 0 0 1 0 0 0 0 0
70	33	 1 0 0 0 0 1 1 1 0 0 0 1 1 0 0 0 0 0 0 0
70	2	 0 1 0 0 0 0 0 0 1 0 0 0 0 1 1 1 0 0 0 0
70	4	 1 0 0 0 0 0 0 0 0 0 0 0 0 0 0 0 0 1 0 0
70	12	 1 0 0 1 0 1 1 1 0 0 0 0 1 0 0 0 0 0 0 0
70	11	 0 0 0 0 0 0 0 0 1 0 1 0 0 0 1 1 0 0 0 0
70	13	 1 0 1 0 1 0 0 1 1 0 1 0 0 0 1 0 0 1 0 0
70	11	 0 0 1 0 1 0 0 1 1 0 1 0 0 0 0 0 0 1 0 0
70	4	 0 0 1 0 1 0 0 0 1 0 1 0 1 0 0 0 0 0 0 0
70	14	 0 1 0 0 0 0 0 0 1 0 0 0 0 0 0 0 0 1 0 0
70	7	 1 0 0 0 1 1 1 1 0 0 0 1 1 1 0 0 0 0 0 0
70	13	 1 1 0 0 0 0 0 0 0 0 0 0 1 0 0 0 0 0 0 0
70	5	 1 0 1 0 0 0 0 0 0 0 0 0 0 0 0 0 0 0 0 0
70	6	 1 1 0 0 0 0 0 1 0 0 0 0 1 0 0 0 0 0 0 0
70	2	 1 0 0 0 1 0 0 1 1 0 1 0 1 0 0 0 0 0 0 0
70	14	 1 1 0 0 0 0 0 0 0 0 0 0 0 0 1 0 0 0 0 0
70	1	 0 1 0 0 0 0 0 0 0 0 1 0 0 0 0 0 0 1 0 0
70	36	 1 0 1 0 1 0 0 1 0 0 1 0 0 0 0 0 0 1 0 0
70	4	 1 0 1 0 0 0 0 0 1 0 1 0 1 0 0 0 0 1 0 0
70	3	 1 0 0 0 0 1 1 0 0 0 0 1 1 0 0 0 0 0 0 0
70	2	 0 1 0 0 0 0 0 0 0 1 1 0 0 0 0 0 0 1 0 0
70	7	 1 0 1 0 1 0 1 1 1 0 1 0 0 0 0 0 0 1 0 0
70	2	 1 0 1 0 1 0 0 1 1 0 1 0 0 0 1 0 0 0 0 0
70	4	 0 0 1 0 1 0 0 0 1 0 1 0 0 0 0 0 0 1 0 1
70	13	 1 0 1 0 0 0 0 0 0 0 1 0 0 0 0 0 0 1 0 1
70	1	 1 1 1 0 0 0 1 1 0 0 0 0 0 0 0 0 0 1 0 0
70	3	 1 0 0 0 0 1 1 1 0 0 0 0 0 0 0 0 0 0 0 0
70	2	 1 0 0 0 0 1 1 1 0 0 1 0 0 0 0 0 0 0 0 0
70	5	 1 0 1 0 1 0 0 0 1 0 1 0 0 0 1 1 0 0 0 0
70	23	 0 0 1 0 1 0 0 0 1 0 1 0 0 0 1 0 0 0 0 0
70	42	 1 0 0 0 0 1 1 1 0 0 1 0 0 0 0 1 0 1 0 0
70	19	 1 0 0 0 0 0 1 1 0 1 1 0 1 0 0 0 0 0 0 1
70	11	 0 1 0 0 1 0 0 0 1 0 1 0 0 0 1 1 0 0 0 0
70	9	 0 1 0 0 0 0 1 0 1 0 1 0 0 0 1 0 0 0 0 0
70	8	 1 0 0 0 0 0 0 0 1 0 0 0 0 0 0 0 0 1 0 0
70	9	 1 0 1 0 0 0 0 0 0 0 0 0 0 0 1 0 0 0 0 0
70	1	 1 1 0 0 0 0 0 0 1 0 0 0 0 0 0 0 0 1 0 0
70	16	 1 0 0 0 0 0 0 1 0 0 0 0 0 0 0 0 0 1 0 0
70	5	 1 0 1 0 0 0 0 0 0 0 0 0 0 1 0 1 0 1 0 0
70	2	 1 1 1 0 0 1 1 1 0 0 0 0 0 0 0 0 0 0 0 0
70	6	 1 0 1 0 1 0 0 0 1 0 1 0 0 0 0 0 0 1 0 0
70	6	 1 1 0 0 0 0 0 0 1 0 0 1 0 0 1 0 0 0 0 0
70	2	 0 1 0 0 0 0 0 1 0 0 1 0 0 0 0 0 0 1 0 0
70	4	 1 0 0 0 0 1 0 0 1 0 0 0 0 0 1 0 0 0 0 0
70	7	 1 1 0 0 0 0 0 0 1 0 0 0 0 0 1 0 0 1 0 0
70	8	 1 1 1 0 1 0 1 1 1 0 1 0 0 0 0 0 0 1 0 0
70	8	 1 0 0 0 0 1 1 1 0 0 0 0 1 0 0 0 1 0 0 0
70	7	 1 0 0 0 0 1 1 1 0 1 0 0 1 0 0 0 0 0 0 0
70	8	 0 0 0 1 1 0 0 0 1 0 1 0 0 0 0 0 0 1 0 0
70	16	 0 0 1 0 1 0 0 0 1 0 1 1 0 0 1 0 0 0 0 0
70	2	 1 1 1 0 0 1 1 1 0 0 0 0 0 0 0 0 0 1 0 0
70	3	 1 1 0 1 0 1 1 1 0 0 0 0 1 0 0 0 0 0 0 0
70	6	 0 0 0 0 1 0 0 0 1 0 0 0 0 0 0 0 0 1 0 0
70	3	 0 1 0 0 0 0 0 0 0 1 1 0 0 0 0 0 0 0 0 0
70	9	 1 0 0 0 0 1 1 0 0 0 1 0 0 0 0 0 0 1 0 0
70	1	 1 0 0 0 1 0 0 0 1 0 0 0 0 0 0 1 0 1 0 0
70	5	 1 0 0 0 0 1 1 0 0 0 0 1 1 0 0 1 0 0 0 0
70	5	 1 0 0 0 0 1 1 0 0 0 1 0 1 0 0 0 0 0 0 0
70	1	 1 1 0 0 0 0 0 0 1 0 1 0 0 0 0 0 0 1 0 0
70	10	 1 0 0 0 0 1 1 1 0 0 1 1 1 0 0 0 0 0 0 0
70	2	 0 1 0 0 0 0 1 0 1 0 0 0 0 0 0 0 0 1 0 0
70	1	 1 1 0 1 0 0 0 0 0 0 0 0 0 0 1 0 0 0 0 0
70	1	 1 0 0 0 0 1 1 1 1 0 0 0 0 0 0 0 0 1 0 0
70	1	 1 0 0 0 0 0 0 0 1 0 1 0 0 0 1 0 0 0 0 0
70	6	 1 0 1 0 1 0 0 1 0 0 1 0 0 0 1 0 0 0 0 0
70	5	 1 1 1 0 0 0 0 1 1 0 1 0 0 0 1 0 0 0 0 0
70	24	 1 0 1 0 0 1 1 1 0 0 0 0 1 0 0 1 0 0 0 0
70	8	 0 1 0 0 0 0 1 0 1 1 0 0 0 0 1 0 0 0 0 0
70	5	 1 0 1 0 0 0 0 0 1 0 0 0 0 1 0 0 0 1 0 0
70	1	 1 1 0 0 1 0 0 0 1 0 0 0 0 0 0 0 0 1 0 0
70	2	 1 0 0 0 0 1 1 1 0 1 1 0 0 0 1 0 0 1 0 0
70	5	 0 0 1 0 1 0 0 0 0 1 1 0 0 0 1 0 0 1 0 0
70	3	 0 0 1 0 1 0 1 1 0 1 1 0 0 0 1 0 0 1 0 0
70	2	 0 0 0 0 0 0 0 0 1 0 1 0 0 0 1 0 1 0 0 0
70	2	 0 0 1 0 0 0 0 1 1 0 1 0 0 0 0 0 0 1 0 0
70	2	 1 0 1 0 0 0 0 0 0 0 0 1 0 0 0 0 0 0 0 0
70	4	 1 0 0 0 0 1 1 1 0 0 1 0 0 1 0 1 0 1 0 0
70	5	 1 0 0 0 0 1 1 1 0 0 0 0 1 0 0 1 0 0 0 0
70	3	 1 0 1 0 1 0 1 1 1 0 0 0 0 0 0 0 0 1 0 1
70	1	 1 1 0 0 0 0 0 1 1 0 0 0 0 0 1 0 0 0 0 0
70	7	 0 0 1 0 1 0 0 1 1 0 1 0 0 0 0 1 0 1 0 0
70	4	 1 1 0 0 1 0 0 1 0 0 0 0 1 0 0 0 0 0 0 0
70	1	 1 0 1 0 1 0 1 1 1 0 1 0 0 0 0 0 1 1 0 0
70	2	 1 0 0 0 0 1 1 0 1 0 0 0 0 0 0 0 0 1 0 0
70	2	 1 0 0 0 0 1 1 1 0 0 0 0 1 0 0 0 0 0 1 0
70	5	 0 1 0 0 0 0 1 0 1 0 0 0 1 0 1 0 0 0 0 0
70	3	 0 0 1 0 1 0 0 1 1 1 1 0 0 0 0 0 0 1 0 0
70	1	 0 1 0 1 0 0 0 0 1 0 0 0 0 0 0 0 0 1 0 0
70	1	 1 0 0 0 1 1 1 1 0 0 1 0 0 0 0 1 0 1 0 0
70	2	 0 0 0 0 0 0 1 1 0 0 0 0 0 0 0 0 0 0 0 0
70	1	 1 1 1 0 0 0 0 1 1 0 1 0 1 0 1 0 0 0 0 0
70	2	 0 0 1 0 1 1 1 1 0 0 0 1 1 0 0 0 0 0 0 0
70	1	 1 1 0 0 0 0 0 0 1 0 0 0 0 0 0 0 0 1 0 1
70	1	 1 0 1 0 1 0 0 0 0 0 0 1 1 1 0 0 0 0 0 0
70	1	 1 0 1 0 0 0 0 0 0 0 0 0 0 1 0 1 0 0 0 0
70	3	 1 0 0 0 0 0 0 0 1 0 1 0 0 0 0 0 0 1 0 0
70	1	 1 1 1 0 1 0 1 1 1 0 1 0 0 0 0 0 0 0 0 0
70	2	 1 0 0 0 0 1 1 0 0 0 0 0 1 0 0 0 0 0 0 0
70	1	 1 0 1 0 1 0 1 1 1 0 1 0 0 0 0 0 0 0 0 0
70	2	 1 0 1 0 1 1 0 1 1 0 1 0 0 0 0 0 0 1 0 0
70	3	 1 0 1 0 0 1 1 1 0 0 0 0 1 0 0 0 0 1 0 0
70	1	 1 0 0 1 0 1 1 0 0 0 0 0 1 0 0 0 0 0 0 0
70	1	 0 0 0 0 0 0 0 0 0 0 1 0 0 0 1 1 0 0 0 0
70	1	 0 0 1 0 1 0 0 1 1 0 1 0 0 0 0 0 0 1 0 1
70	4	 1 0 0 0 0 1 1 0 0 0 0 1 1 0 0 0 0 0 1 0
70	5	 1 0 1 0 1 0 0 0 1 0 1 0 0 0 0 1 0 0 0 0
70	1	 1 0 1 0 0 0 0 1 0 0 0 0 0 0 1 0 0 0 0 0
70	2	 1 1 1 0 0 1 1 1 0 0 0 0 0 1 0 0 0 0 0 0
70	4	 1 0 1 0 0 0 0 0 1 0 0 0 1 0 0 0 0 0 0 0
70	1	 0 0 1 0 1 0 0 0 0 1 1 0 1 0 1 0 0 1 0 0
70	3	 1 0 0 0 0 1 1 1 0 0 0 0 0 0 0 1 0 0 0 0
70	2	 1 1 0 0 1 0 0 1 0 0 0 0 1 0 0 0 1 0 0 0
70	2	 0 0 1 0 1 0 0 0 1 0 1 0 0 0 0 1 0 1 0 0
70	1	 1 0 0 0 0 1 1 0 1 0 0 0 0 0 1 0 0 0 0 0
70	1	 1 1 0 0 0 0 1 0 1 0 0 0 0 0 0 0 0 1 0 0
70	1	 1 0 0 1 0 1 1 1 1 0 1 0 0 0 0 0 1 1 0 0
70	1	 0 0 0 0 0 0 0 0 0 0 0 0 1 0 0 0 0 0 0 0
70	2	 0 0 0 0 0 1 1 1 0 0 1 1 1 0 0 0 0 0 0 0
70	1	 0 1 1 0 1 0 0 1 0 0 1 0 0 0 0 0 0 1 0 0
70	1	 1 0 0 0 0 0 0 1 0 0 0 0 0 0 0 0 0 0 0 0
70	2	 0 0 1 0 0 0 0 1 1 0 1 0 1 0 0 0 0 1 0 0
70	1	 0 1 0 0 0 0 0 0 1 0 0 0 0 0 1 0 1 0 0 0
70	2	 1 0 1 0 1 0 0 1 1 0 1 0 0 0 0 0 0 1 1 0
70	1	 1 0 0 0 0 1 1 1 0 0 1 0 0 0 0 0 0 1 1 0
70	1	 1 0 0 1 0 1 1 1 0 0 1 0 0 0 0 0 0 1 0 0
70	4	 1 0 1 0 0 0 0 0 0 0 0 0 0 1 0 0 0 1 1 0
70	4	 1 0 0 0 1 0 0 1 1 0 1 0 1 0 0 0 0 0 0 1
70	3	 0 1 0 0 0 0 0 0 0 1 1 0 0 0 1 0 0 1 0 0
70	2	 1 1 0 1 0 0 0 0 1 0 0 0 0 0 1 0 0 1 0 0
70	1	 1 0 0 0 1 0 0 0 1 1 1 0 0 0 0 1 0 1 0 0
135	16	 1 0 1 0 1 0 0 1 1 0 1 0 0 0 0 0 0 1 0 0
135	20	 1 1 1 0 1 0 1 1 1 0 1 0 0 0 0 0 0 1 0 0
135	2	 1 0 0 0 0 1 1 1 0 1 0 0 1 0 0 0 0 0 0 0
135	72	 1 0 1 0 1 0 0 1 0 0 1 0 0 0 1 0 0 0 0 0
135	3	 0 0 1 0 1 0 0 1 1 0 1 0 0 0 0 1 0 1 0 0
135	11	 1 0 1 1 0 0 0 0 0 0 0 0 0 0 0 0 0 1 0 0
135	18	 0 0 1 0 1 0 0 0 1 1 1 0 0 0 0 0 0 1 0 0
135	31	 1 0 1 0 1 0 0 0 0 0 1 0 0 0 0 0 0 1 0 0
135	9	 1 0 0 0 0 0 1 1 0 0 1 1 1 0 0 0 0 0 0 0
135	13	 1 1 1 0 1 0 1 1 1 0 1 0 0 0 1 0 0 1 0 0
135	3	 1 0 1 0 0 0 0 1 1 0 1 0 0 0 1 0 0 0 0 0
135	58	 0 1 1 0 0 0 1 0 1 1 1 0 0 0 1 0 0 0 0 0
135	3	 1 0 1 0 1 0 0 0 0 0 1 0 0 0 0 0 0 1 1 0
135	5	 0 1 0 0 1 0 1 0 1 1 1 0 0 0 1 0 0 0 0 0
135	39	 0 1 1 1 0 0 1 0 1 1 1 0 0 0 1 0 0 0 0 0
135	19	 1 1 0 0 1 0 1 0 1 0 1 0 1 0 0 0 0 1 0 0
135	15	 1 0 1 0 0 0 0 0 1 1 1 0 0 0 0 0 0 0 0 0
135	71	 0 1 0 1 0 0 1 0 1 1 1 0 0 0 1 0 0 0 0 0
135	13	 1 0 1 1 0 0 0 0 0 0 0 0 0 0 0 0 0 0 0 0
135	12	 1 0 1 0 1 0 0 1 0 0 1 0 0 0 0 1 1 1 0 0
135	22	 0 1 1 0 1 0 1 0 1 0 1 0 0 0 0 0 0 1 0 0
135	9	 0 1 0 1 0 0 1 0 1 1 1 0 0 0 1 0 0 0 1 0
135	3	 1 0 0 0 0 1 1 1 1 0 0 0 1 0 0 0 0 0 1 0
135	58	 1 1 0 0 1 0 0 0 1 0 1 0 0 0 1 0 0 0 0 0
135	20	 1 1 0 1 0 1 1 0 0 0 1 0 0 0 0 0 0 1 0 0
135	22	 0 1 1 0 0 0 1 0 1 1 1 0 0 0 0 0 0 1 0 0
135	5	 1 1 1 0 1 0 1 1 0 0 1 0 0 0 1 0 0 1 0 0
135	26	 1 0 1 0 1 0 1 1 1 0 1 0 1 0 1 0 0 1 0 0
135	6	 1 1 1 0 1 0 1 1 0 0 1 0 0 0 0 0 0 1 0 0
135	8	 1 0 0 0 0 0 0 1 0 0 1 0 0 0 0 0 0 1 0 0
135	9	 1 0 1 0 1 0 0 0 0 0 1 0 0 0 0 1 0 1 1 0
135	14	 1 0 1 0 1 0 1 0 1 0 1 0 0 1 1 0 0 0 0 0
135	4	 0 1 0 1 0 0 1 0 1 1 1 0 0 1 1 0 0 0 0 0
135	1	 0 1 1 1 0 0 1 0 1 1 1 0 1 0 0 1 0 0 0 0
135	18	 0 0 1 0 1 0 0 1 1 1 1 0 0 0 0 1 0 1 0 0
135	2	 0 0 1 0 1 0 0 1 1 1 1 0 0 0 0 0 0 1 0 0
135	22	 1 0 1 0 1 0 1 1 1 0 1 0 0 0 1 0 0 1 0 0
135	2	 1 1 0 0 0 0 1 0 1 1 1 0 0 0 1 0 0 0 0 0
135	4	 0 0 0 0 1 0 1 0 1 1 1 0 0 0 1 0 0 0 0 0
135	1	 1 0 1 0 1 0 0 1 0 0 1 0 0 1 0 0 0 0 0 0
135	18	 0 1 0 1 0 0 1 0 1 1 1 0 0 0 0 0 0 1 0 0
135	5	 1 1 0 0 1 0 0 1 0 0 0 0 1 0 0 1 0 0 0 0
135	1	 1 0 0 0 0 1 1 0 0 0 1 0 0 1 0 0 0 1 0 0
135	10	 0 1 0 0 0 0 1 0 1 1 1 0 0 0 1 0 0 0 0 0
135	3	 1 0 1 0 1 0 0 0 0 0 1 0 0 0 1 0 0 0 0 0
135	1	 0 1 0 1 0 0 1 1 0 0 1 0 0 0 1 0 0 1 0 0
135	5	 1 1 1 1 1 0 1 1 1 0 1 0 0 0 0 0 0 1 0 0
135	1	 1 1 1 0 1 0 1 1 0 0 0 0 0 0 1 0 0 1 0 0
135	1	 1 0 1 0 1 0 0 1 0 0 1 0 1 0 0 1 0 0 1 0
135	2	 1 1 1 0 1 0 1 1 0 0 1 0 0 0 1 0 0 0 0 0
135	1	 1 1 0 1 0 1 1 0 0 0 1 0 0 1 0 0 0 1 0 0
135	2	 0 0 1 0 1 1 0 0 1 0 1 1 0 0 0 0 0 1 0 0
135	4	 0 1 0 1 0 0 1 1 0 0 1 0 0 0 0 0 0 1 0 0
135	2	 0 0 1 0 1 0 0 0 1 1 1 1 0 0 1 0 0 0 0 0
135	2	 1 0 1 0 1 0 0 1 0 0 1 1 0 0 1 0 0 0 0 0
135	4	 0 1 1 0 0 0 1 0 1 1 1 0 0 0 0 0 0 0 0 0
135	5	 0 1 0 0 1 0 1 0 1 1 1 0 0 1 1 0 0 0 0 0
135	6	 0 1 1 0 1 0 1 0 1 1 1 0 0 0 0 0 0 1 0 0
135	11	 0 1 0 1 1 0 1 0 1 1 1 0 1 0 1 0 0 0 0 0
135	6	 1 0 1 0 1 0 1 1 0 0 1 0 0 0 0 0 0 1 0 0
135	3	 1 0 0 0 0 0 1 0 0 0 1 0 0 0 0 0 0 1 0 0
135	5	 1 0 0 1 0 0 1 0 1 1 1 0 0 0 1 0 0 0 1 0
135	1	 0 1 1 0 0 0 1 0 1 1 1 0 0 0 0 1 0 1 0 0
135	1	 1 1 0 1 0 1 1 0 0 0 1 0 0 1 1 0 0 0 0 0
135	4	 0 1 0 1 0 0 1 0 1 1 1 0 0 0 1 0 0 1 1 0
135	1	 1 1 0 0 1 0 0 0 0 0 1 0 0 0 1 0 0 0 0 0
135	3	 1 0 1 0 1 0 1 1 1 1 1 0 0 0 1 0 0 1 0 0
135	1	 1 1 0 0 0 1 1 1 0 0 1 0 0 0 0 0 0 1 0 0
135	3	 1 0 0 0 0 1 1 1 0 0 1 0 0 1 0 0 0 1 0 0
135	1	 0 1 1 1 1 0 1 0 1 1 1 0 0 0 1 0 0 0 0 0
135	7	 0 1 1 1 0 0 1 0 1 1 1 1 1 0 0 1 0 0 0 0
135	5	 1 0 1 0 1 0 0 1 0 0 1 0 0 0 0 1 0 1 0 0
135	1	 1 0 0 0 0 1 1 0 0 0 1 0 0 0 0 0 0 0 0 0
135	11	 1 1 1 0 1 0 0 1 1 1 1 0 0 0 0 0 0 1 0 0
135	6	 1 0 0 0 1 0 0 1 1 0 1 0 0 0 0 0 0 1 0 0
135	13	 1 1 0 1 1 0 0 0 1 0 1 0 0 0 1 0 0 0 0 0
135	1	 1 0 1 0 1 0 0 0 0 0 1 0 0 0 0 0 0 0 0 0
135	1	 0 1 0 1 0 0 1 0 1 1 1 0 1 0 1 0 0 1 0 0
135	10	 0 1 0 0 1 0 0 1 0 0 1 0 0 0 1 0 0 0 0 0
135	7	 1 1 1 0 1 0 1 1 1 0 1 1 0 0 0 0 0 1 0 0
135	2	 1 0 1 0 1 0 0 1 0 0 1 0 0 0 1 0 0 1 0 0
135	3	 1 0 1 0 0 0 0 0 1 0 0 0 0 1 0 0 0 1 1 0
135	11	 1 0 0 0 0 0 1 1 1 0 1 1 1 0 0 0 0 0 0 0
135	1	 1 1 0 1 0 1 1 0 0 0 1 1 0 1 0 0 0 1 0 0
135	10	 1 0 1 0 1 0 0 1 1 1 1 0 0 0 0 0 0 1 0 0
135	5	 1 0 0 0 0 1 1 1 0 0 1 1 1 0 0 0 1 0 0 0
135	1	 1 1 0 0 1 0 0 0 1 0 1 0 0 0 1 1 0 0 0 0
135	3	 1 0 1 0 1 0 0 0 0 0 1 0 0 1 1 0 0 0 0 0
135	2	 0 1 1 0 0 0 0 1 0 0 1 0 0 0 1 0 0 0 0 0
135	3	 1 0 1 0 0 0 0 0 1 0 0 0 0 1 1 0 0 0 0 0
135	1	 0 1 0 1 0 1 1 0 0 0 1 0 0 1 0 0 0 1 0 0
135	1	 1 0 1 0 0 0 0 0 1 0 0 0 0 1 1 1 0 1 0 0
135	1	 0 0 1 0 1 1 0 1 1 1 1 0 0 0 0 1 0 1 0 0
135	2	 1 1 1 1 1 0 1 1 1 1 1 0 0 0 0 0 0 1 0 0
135	2	 1 0 1 0 1 0 1 0 1 1 1 0 0 0 1 0 0 0 1 0
135	1	 0 0 1 0 1 0 0 1 1 0 1 0 0 0 0 0 0 1 0 0
135	6	 1 1 0 1 0 0 1 0 1 1 1 0 0 0 1 0 0 0 0 0
135	4	 1 0 0 0 0 0 1 1 1 0 1 0 0 0 0 0 0 1 0 0
135	4	 1 0 1 0 1 0 0 0 0 0 1 0 1 0 1 0 0 0 0 0
135	4	 0 1 1 0 1 0 1 1 1 0 1 0 0 0 0 0 0 1 0 0
135	3	 1 0 1 0 1 0 0 1 0 0 1 0 0 0 1 0 0 0 0 1
135	2	 0 0 1 0 1 0 1 1 1 1 1 0 0 0 0 0 0 1 0 0
135	1	 1 0 0 0 0 1 1 1 0 0 1 0 1 1 0 0 0 1 0 0
135	2	 1 0 0 0 1 0 0 1 0 0 1 0 0 0 0 0 0 1 0 0
135	1	 1 0 1 1 0 0 0 0 0 0 0 0 0 0 0 1 1 1 0 0
135	4	 0 1 1 0 1 0 1 1 1 0 1 0 0 0 1 0 0 1 0 0
135	4	 0 0 0 1 0 0 1 0 1 1 1 0 0 0 1 0 0 0 0 0
135	3	 1 0 1 0 1 0 0 1 1 0 1 0 0 0 0 1 0 1 0 0
135	3	 0 1 1 0 0 0 1 0 1 1 1 0 0 0 1 0 0 1 0 0
135	2	 1 0 1 0 0 0 0 0 1 1 0 0 0 0 0 0 0 0 0 0
135	1	 0 1 0 0 0 0 1 0 1 1 1 0 0 0 1 1 0 0 0 0
135	1	 1 0 1 0 1 0 1 0 0 0 1 0 0 0 1 0 0 0 0 0
135	3	 0 1 0 1 0 1 1 0 0 1 1 0 0 0 0 0 0 1 0 0
135	2	 1 1 1 1 0 1 1 0 0 1 1 0 0 0 0 0 0 1 0 0
135	4	 0 1 1 1 0 1 1 0 1 1 1 1 1 0 0 1 0 0 0 0
135	2	 1 0 0 0 1 0 0 0 1 0 1 0 0 0 0 0 0 1 0 0
135	2	 1 1 1 0 1 0 0 0 0 0 1 0 0 0 0 0 0 0 0 0
135	1	 0 1 1 0 1 0 1 0 1 1 1 0 0 1 1 0 0 0 0 0
135	2	 0 1 1 1 0 0 1 0 1 1 1 0 0 0 0 1 0 1 1 0
135	1	 1 1 0 0 1 0 1 1 1 0 1 1 1 0 0 0 0 0 0 0
135	1	 1 0 0 0 0 0 0 1 0 1 1 0 0 0 0 0 0 1 0 0
135	2	 0 0 1 0 1 0 1 1 1 0 1 0 1 0 1 0 0 1 0 0
135	3	 0 0 1 0 1 0 0 1 0 0 1 0 0 0 1 0 0 0 0 0
135	2	 0 1 0 1 1 0 1 0 1 1 1 0 1 0 1 0 0 1 0 0
135	1	 0 0 1 0 0 0 0 0 1 1 1 0 0 0 0 0 0 1 0 0
135	1	 1 0 1 0 1 0 0 0 0 1 1 0 0 0 0 0 0 1 0 0
135	1	 0 1 1 1 0 0 1 1 1 1 1 0 0 0 1 0 0 0 0 0
135	1	 0 1 0 1 0 1 1 0 1 1 1 0 0 0 1 0 0 0 0 0
135	1	 0 1 0 1 0 0 1 0 1 1 1 0 0 1 1 0 0 0 1 0
135	2	 0 1 0 1 0 0 1 0 1 0 1 0 0 0 1 0 0 0 1 0
135	1	 1 1 0 0 1 0 0 1 1 0 1 0 0 0 1 0 0 0 0 0
135	1	 1 0 1 0 1 0 1 1 1 0 1 0 1 0 1 0 0 0 0 0
135	1	 1 0 1 0 1 0 1 1 1 0 1 0 1 0 1 0 0 1 1 0
135	1	 0 0 1 0 1 0 0 1 1 1 1 0 0 0 1 1 0 1 0 0
135	2	 0 1 1 1 0 0 1 0 1 1 0 1 1 0 0 1 0 0 0 0
135	3	 1 1 0 1 1 0 0 0 1 0 1 0 0 0 1 0 0 1 0 0
135	1	 1 0 1 0 0 0 0 0 0 0 1 0 0 0 0 0 0 0 0 0
250	16	 1 0 1 0 1 0 0 1 0 0 1 0 0 0 1 0 0 0 0 0
250	39	 0 1 1 0 0 0 1 0 1 1 1 0 0 0 1 0 0 0 0 0
250	73	 0 1 1 1 0 0 1 0 1 1 1 0 0 0 1 0 0 0 0 0
250	112	 0 1 0 1 0 0 1 0 1 1 1 0 0 0 1 0 0 0 0 0
250	2	 1 0 1 0 1 0 0 0 0 0 1 0 0 0 1 0 0 0 0 0
250	6	 0 0 1 1 0 0 1 0 1 1 1 0 0 0 0 0 0 1 0 0
250	30	 0 1 0 1 1 0 0 0 1 1 1 0 1 0 1 0 0 0 0 0
250	67	 1 1 1 0 1 0 0 1 0 0 1 0 0 0 1 0 0 0 0 0
250	88	 0 1 1 0 0 0 1 0 1 1 1 0 0 1 0 0 0 0 0 0
250	1	 1 0 1 0 1 0 0 0 1 1 1 0 0 1 1 0 0 0 0 0
250	5	 1 1 0 1 0 0 1 0 1 1 1 1 0 0 0 0 0 0 0 0
250	11	 0 1 0 1 0 0 0 0 1 1 1 1 0 0 1 0 0 0 0 0
250	14	 0 1 1 1 1 0 1 0 1 1 1 0 0 0 1 0 0 0 0 0
250	44	 0 0 1 1 0 0 1 0 1 1 1 0 0 0 1 0 0 0 0 0
250	1	 1 1 0 1 1 0 1 0 1 0 1 1 1 0 0 0 0 0 0 0
250	2	 0 1 0 0 0 0 1 0 1 1 1 0 0 0 1 0 0 0 0 0
250	2	 0 1 1 0 1 0 1 0 1 1 1 0 0 0 1 0 0 0 0 0
250	22	 1 1 1 0 1 0 0 1 0 0 1 0 0 1 1 0 0 0 0 0
250	42	 0 1 1 1 0 0 0 0 1 1 1 0 0 0 1 0 0 0 0 0
250	28	 0 1 1 1 1 0 1 0 0 1 1 0 0 0 1 0 0 0 0 0
250	15	 0 1 1 1 0 0 1 0 1 0 1 0 0 0 1 0 0 0 0 0
250	9	 1 0 1 1 0 1 0 1 1 1 1 1 0 0 1 0 0 0 0 0
250	15	 0 1 1 0 1 0 0 1 0 0 1 0 0 1 1 0 0 1 0 0
250	13	 0 1 1 1 0 0 1 0 1 1 1 0 1 0 1 0 0 0 0 0
250	8	 1 1 0 1 0 0 1 0 1 1 1 1 0 0 0 0 0 1 0 0
250	3	 1 0 1 0 1 0 0 0 1 1 1 0 0 0 1 0 0 0 0 0
250	18	 0 1 0 1 1 0 1 0 0 1 1 0 0 0 1 0 1 0 0 0
250	2	 1 1 1 1 0 0 1 0 1 1 1 0 0 0 1 0 0 0 0 0
250	2	 1 0 1 0 1 0 0 1 0 0 1 0 0 0 0 0 0 0 0 0
250	25	 1 1 0 1 0 0 1 0 1 1 1 0 0 0 1 0 0 0 1 1
250	15	 0 1 1 1 0 1 1 0 1 1 1 0 0 0 1 0 0 0 0 0
250	2	 1 0 1 0 1 0 1 0 1 1 1 0 0 0 1 0 0 0 0 0
250	1	 1 0 1 0 1 0 0 0 1 1 1 1 0 1 1 0 0 1 0 0
250	2	 0 1 1 1 1 0 0 0 1 0 1 0 0 1 1 0 0 0 0 0
250	5	 0 1 1 1 0 0 1 0 1 1 1 0 0 0 0 0 0 1 0 0
250	2	 0 1 0 1 0 1 1 0 1 1 1 0 1 0 1 0 0 0 0 0
250	2	 1 1 0 0 1 0 0 1 0 0 1 0 0 0 1 0 0 0 0 0
250	9	 1 1 0 0 1 0 0 0 0 0 0 0 0 0 1 0 0 0 0 0
250	7	 0 1 0 1 0 0 1 0 1 1 1 0 0 1 1 0 0 1 0 0
250	9	 0 0 1 1 0 0 1 0 1 1 1 0 0 0 0 1 0 1 0 0
250	2	 0 1 0 0 1 0 0 0 1 1 1 0 1 0 1 0 0 0 0 0
250	6	 0 1 1 1 0 0 1 0 1 1 1 0 0 0 0 0 0 0 0 0
250	2	 1 1 1 0 0 0 1 0 1 1 1 0 0 1 0 0 0 0 0 0
250	3	 0 1 0 1 1 0 0 1 1 1 1 0 1 0 1 0 0 0 0 0
250	2	 0 0 1 0 1 0 1 0 1 1 1 0 0 0 1 0 0 0 0 0
250	1	 0 1 1 1 0 0 1 0 1 1 1 0 0 0 1 0 0 0 1 0
250	7	 0 1 1 0 0 0 0 0 1 1 1 0 0 1 0 0 0 0 0 0
250	6	 0 1 1 0 0 0 1 1 1 1 1 0 0 1 0 0 0 0 0 0
250	3	 0 0 1 1 0 0 0 0 1 1 1 0 0 0 1 0 0 0 0 0
250	6	 0 1 1 1 0 0 1 0 1 1 1 0 0 0 0 0 0 0 0 1
250	1	 1 0 1 0 1 0 0 0 1 1 1 1 0 0 1 0 0 0 1 1
250	4	 1 1 1 0 1 1 0 1 0 0 1 0 0 0 1 0 0 0 0 0
250	1	 0 1 1 1 0 1 1 0 1 0 1 0 0 0 0 0 0 0 0 0
250	4	 1 0 1 0 1 0 1 0 1 1 1 0 0 0 1 0 0 0 1 0
250	1	 1 1 0 1 0 0 1 0 1 1 1 0 0 0 1 0 0 0 0 0
250	6	 0 1 1 1 1 1 1 0 1 1 1 0 0 0 1 0 0 0 0 0
250	2	 0 1 1 1 1 0 1 0 1 1 1 0 0 0 0 0 0 0 0 0
250	6	 0 1 1 0 0 0 1 0 1 1 1 0 0 0 1 0 0 0 1 1
250	10	 0 1 1 1 0 0 0 0 1 0 1 0 0 0 1 0 0 0 0 0
250	1	 0 1 1 1 0 0 1 0 1 0 1 0 0 1 0 0 0 0 0 0
250	8	 0 1 0 1 0 0 1 0 1 0 1 0 0 0 1 0 0 0 0 0
250	10	 1 0 0 0 1 0 0 1 0 0 1 0 0 0 1 0 0 0 0 0
250	8	 0 1 1 1 0 0 1 0 1 1 1 0 0 0 1 0 1 0 0 0
250	2	 1 1 1 0 0 0 0 1 0 0 1 0 0 0 1 0 0 0 0 1
250	5	 0 1 0 0 1 0 1 0 0 1 1 0 0 0 1 0 1 0 0 0
250	3	 0 1 0 1 0 0 1 0 1 1 1 0 0 0 1 1 0 1 0 0
250	2	 0 0 1 1 0 0 0 0 1 1 0 1 0 1 1 0 0 1 0 0
250	3	 1 1 0 1 0 0 1 0 1 1 1 0 0 0 1 0 1 0 0 0
250	3	 0 0 0 1 0 1 1 0 1 1 1 0 1 0 1 0 0 0 0 0
250	10	 1 0 1 0 1 0 0 1 0 0 1 0 0 1 1 0 0 0 0 0
250	11	 0 1 1 1 1 0 1 0 1 1 1 0 0 0 1 0 0 0 0 1
250	2	 1 1 1 1 0 0 0 0 1 1 1 0 0 0 1 0 0 0 0 0
250	1	 1 1 0 1 0 1 1 0 1 1 1 0 0 0 1 0 0 0 1 1
250	6	 0 1 1 1 0 0 1 0 1 1 1 1 0 0 1 0 0 0 0 0
250	11	 1 0 1 0 1 0 0 1 0 0 0 0 0 0 0 0 0 1 0 0
250	1	 0 0 1 1 0 0 1 0 1 1 0 0 0 0 1 0 0 0 0 0
250	6	 0 1 1 1 0 0 0 0 1 1 1 0 0 0 1 0 0 0 0 1
250	2	 0 0 1 0 1 0 0 0 1 1 1 1 0 1 1 0 0 0 0 0
250	1	 0 1 0 1 1 0 1 0 1 0 1 0 0 0 1 0 0 0 0 0
250	3	 1 0 1 0 1 0 0 0 1 1 1 1 0 1 1 0 0 0 1 0
250	2	 0 1 0 1 1 0 1 0 0 1 1 1 0 0 1 0 1 0 0 0
250	1	 1 1 0 1 0 0 1 0 1 1 1 0 1 0 1 0 0 0 1 1
250	1	 0 0 1 1 0 0 1 0 1 1 1 0 0 0 0 1 1 1 0 0
250	2	 0 1 1 0 0 0 0 1 1 1 1 0 0 1 1 0 0 0 0 0
250	2	 0 1 0 1 0 0 1 0 1 1 1 0 0 0 1 0 1 0 0 0
250	3	 1 1 0 0 0 0 0 0 1 1 1 0 0 0 1 0 0 0 0 0
250	1	 1 1 0 1 1 0 1 0 0 1 1 0 0 0 1 0 1 0 0 0
250	2	 0 1 1 0 1 0 0 1 0 0 1 0 0 0 1 0 0 0 0 0
250	6	 0 1 1 0 0 0 1 0 1 1 1 0 0 0 0 0 0 0 0 0
250	1	 1 1 0 1 0 1 1 0 1 1 1 0 1 0 1 0 0 0 0 0
250	2	 0 1 1 1 0 0 0 1 0 0 1 0 0 1 0 0 0 0 0 0
250	1	 0 1 1 0 0 0 1 0 1 1 1 0 0 0 1 0 0 1 0 0
250	1	 0 1 1 1 0 0 1 0 1 1 0 0 0 0 1 0 0 0 0 0
250	3	 0 1 1 1 0 0 0 0 0 1 1 0 0 0 1 0 0 0 0 0
250	1	 0 0 1 1 0 0 0 0 1 1 0 0 0 0 1 0 0 0 0 0
250	1	 0 1 1 1 0 0 0 1 1 0 1 0 0 0 1 0 0 0 0 0
250	1	 0 0 0 1 0 1 1 0 1 1 0 0 1 0 1 0 0 0 0 0
250	3	 0 1 1 0 0 0 1 0 1 1 1 1 0 0 1 0 0 0 1 1
250	1	 0 0 1 1 0 0 1 0 1 1 1 0 0 1 0 0 0 0 0 0
250	3	 0 1 0 1 0 0 1 0 1 1 1 1 0 0 0 0 0 1 0 0
250	1	 1 1 1 0 0 0 1 0 1 1 1 0 0 0 1 0 0 0 1 1
250	1	 0 1 0 1 1 0 1 0 1 1 1 0 0 0 1 0 0 0 0 0
250	2	 0 1 1 0 1 0 0 1 0 0 1 0 0 1 1 0 0 0 0 0
250	1	 1 0 1 1 0 0 1 0 1 1 1 0 0 0 1 0 0 0 0 0
250	1	 0 1 0 0 0 0 1 0 1 1 1 0 0 1 0 0 0 0 0 0
250	2	 0 1 1 0 0 0 0 0 1 1 1 0 0 0 1 0 0 0 0 0
250	1	 0 1 1 1 1 0 1 0 0 0 1 0 0 0 1 0 0 0 0 0
250	3	 0 1 1 1 0 0 1 0 1 0 0 0 0 0 1 0 0 0 0 0
250	2	 1 0 1 1 0 0 1 0 1 1 1 0 0 0 0 1 0 1 0 0
250	2	 0 1 0 1 0 0 1 0 1 0 1 0 1 0 1 0 0 0 0 0
250	1	 0 1 0 1 0 0 1 0 1 1 0 0 0 0 1 1 0 1 0 0
250	2	 0 1 0 0 0 0 0 0 1 1 1 0 1 0 1 0 0 0 0 0
250	2	 1 1 1 0 0 0 1 0 1 1 1 0 0 0 1 1 0 1 0 0
400	43	 0 1 1 1 0 0 1 0 1 1 1 0 0 0 1 0 0 0 0 0
400	31	 0 1 1 1 0 0 0 0 1 1 1 0 0 0 1 0 0 0 0 0
400	9	 1 1 1 0 0 0 0 0 1 1 1 0 0 0 1 0 0 0 0 0
400	63	 1 1 1 1 0 0 0 0 1 1 1 0 0 0 1 0 0 0 0 0
400	2	 1 1 1 1 0 0 1 0 1 1 1 0 0 0 1 0 1 0 0 0
400	13	 1 1 1 0 0 0 1 0 1 1 1 0 0 1 1 0 0 0 0 0
400	18	 1 1 1 0 1 0 0 1 0 0 1 0 0 0 0 0 0 0 0 0
400	6	 0 1 1 1 0 0 0 1 1 0 1 0 0 0 1 0 0 0 0 0
400	1	 1 1 0 0 0 0 0 0 1 1 1 0 0 1 1 0 0 0 0 0
400	1	 0 1 1 1 0 0 0 0 1 1 1 0 0 1 1 0 1 0 0 0
400	33	 1 1 1 1 0 0 1 0 1 1 1 0 0 0 1 0 0 1 0 0
400	1	 0 1 1 1 0 0 0 0 1 1 1 1 0 1 1 0 0 0 0 0
400	39	 1 1 1 1 1 0 1 1 1 1 0 0 1 0 1 0 0 0 0 0
400	5	 0 1 1 1 0 0 1 0 1 1 1 0 0 1 0 0 0 0 0 0
400	21	 0 1 1 1 0 0 1 1 1 0 1 0 0 0 1 0 0 0 0 0
400	8	 1 1 1 1 1 0 1 0 0 1 1 0 0 0 1 0 0 0 0 0
400	5	 1 1 1 1 1 0 1 0 1 1 1 0 0 0 1 0 0 0 0 0
400	90	 1 1 1 1 0 0 1 0 1 1 1 0 0 0 1 0 0 0 0 0
400	23	 0 1 1 1 0 0 1 0 0 1 1 0 0 0 1 0 0 0 0 0
400	11	 1 1 0 1 1 0 1 0 1 0 1 0 1 0 0 0 0 0 0 0
400	24	 1 1 1 1 0 0 0 0 1 1 1 0 0 0 1 1 1 0 0 0
400	8	 1 1 1 1 1 0 1 0 0 0 1 0 0 0 1 0 0 0 0 0
400	15	 0 1 1 1 0 0 0 0 1 0 1 0 0 0 1 0 0 0 0 0
400	20	 1 1 1 0 0 0 1 0 1 1 1 0 1 0 1 0 0 0 0 0
400	3	 0 1 1 1 0 0 1 0 1 1 1 0 0 0 1 0 1 0 0 0
400	4	 0 1 1 1 1 0 1 0 1 1 1 0 1 0 1 0 0 0 0 0
400	9	 0 1 1 1 0 0 0 0 1 1 1 1 0 1 1 0 1 0 0 0
400	10	 1 1 1 1 0 0 0 0 1 1 1 0 0 0 1 0 1 0 0 0
400	19	 1 1 1 1 0 0 0 0 1 1 0 0 0 0 1 0 0 0 0 0
400	1	 1 1 0 0 1 0 0 1 1 1 1 0 0 0 1 0 0 0 0 0
400	8	 1 1 1 1 1 1 1 1 1 1 1 0 1 0 1 0 0 0 0 0
400	1	 1 1 1 1 0 0 0 0 1 1 1 0 0 1 0 0 0 0 0 0
400	8	 1 1 1 0 1 0 0 1 1 1 1 0 0 0 0 0 0 0 0 0
400	9	 0 0 1 0 1 0 1 0 1 1 1 0 0 0 1 0 0 0 0 0
400	8	 1 1 1 0 0 0 0 0 1 1 1 0 0 1 1 0 0 0 0 0
400	5	 1 1 1 1 0 0 0 0 1 1 1 0 0 0 0 0 0 0 0 0
400	17	 1 1 1 1 1 0 0 0 1 1 1 0 0 0 1 0 0 0 0 0
400	3	 0 1 0 1 0 0 0 1 1 0 1 0 0 0 1 0 0 0 0 0
400	2	 0 1 1 1 0 0 0 0 1 1 1 0 0 0 0 1 0 0 0 0
400	10	 1 1 1 0 1 0 1 0 1 1 1 0 1 0 1 0 0 0 0 0
400	5	 1 1 1 1 0 0 0 0 1 1 1 0 0 0 1 0 0 0 1 0
400	5	 1 1 1 1 1 0 1 1 1 1 1 0 1 0 1 0 0 0 0 0
400	17	 0 1 1 1 1 0 1 0 1 1 1 0 0 0 1 1 0 0 0 0
400	10	 0 0 1 0 0 0 0 0 1 1 1 0 0 0 0 1 0 0 0 0
400	5	 1 1 1 1 0 0 0 0 1 1 1 0 0 1 1 0 0 0 0 0
400	16	 1 1 0 1 0 0 1 0 1 1 1 0 0 0 1 0 0 1 0 0
400	35	 1 1 1 1 1 1 1 1 1 1 0 0 1 0 1 0 0 0 0 0
400	8	 1 1 0 1 1 0 0 0 0 1 1 0 0 1 1 0 1 0 0 0
400	3	 1 1 1 0 0 0 0 1 0 0 1 0 0 0 0 0 0 0 0 0
400	3	 0 0 1 1 0 0 0 0 1 1 1 1 0 1 1 0 0 0 0 0
400	10	 1 1 1 0 0 0 1 0 1 0 1 0 0 0 0 0 0 0 0 0
400	6	 1 1 1 1 0 1 0 0 0 1 1 0 0 1 1 0 0 0 0 1
400	5	 1 1 1 1 0 0 0 0 1 1 1 1 0 1 1 0 0 0 0 0
400	3	 1 0 1 0 1 0 0 1 1 1 1 1 0 0 1 0 0 0 0 0
400	16	 1 1 0 1 1 0 1 0 0 1 1 0 0 0 1 0 0 0 0 0
400	3	 1 1 1 1 0 0 0 0 1 1 1 0 1 0 1 0 1 0 0 0
400	2	 0 1 1 1 0 0 1 0 1 1 1 0 1 0 1 0 0 0 0 0
400	18	 0 1 1 1 0 0 0 0 1 1 1 0 0 0 1 0 1 0 0 0
400	1	 1 1 1 1 0 0 1 0 1 0 1 0 0 0 1 0 1 0 0 0
400	17	 1 1 1 0 0 1 1 0 1 1 1 0 1 0 1 0 0 0 0 0
400	7	 1 1 0 1 0 0 1 0 1 1 0 0 0 0 1 1 0 0 0 0
400	3	 1 1 1 1 0 0 0 0 1 1 1 1 0 1 1 0 1 0 0 0
400	1	 1 1 1 0 0 0 1 0 1 1 1 0 0 0 1 0 1 0 0 0
400	2	 1 1 0 1 1 0 1 0 1 1 0 0 1 0 1 0 0 0 0 0
400	2	 1 1 1 0 1 0 0 1 0 0 1 0 0 0 0 0 0 0 0 1
400	6	 1 1 1 1 0 0 0 0 1 1 0 0 0 0 1 0 1 0 0 0
400	1	 1 1 1 1 0 0 1 0 1 1 1 0 0 0 0 0 0 0 0 0
400	6	 0 1 1 1 1 0 1 0 0 1 1 0 0 0 0 1 0 0 0 0
400	11	 0 1 1 1 0 0 1 0 1 1 1 0 0 1 1 0 1 0 0 0
400	11	 1 1 1 1 0 0 1 0 1 1 1 0 0 0 1 0 0 0 0 1
400	5	 0 0 1 1 0 0 1 0 0 1 1 0 0 0 1 0 0 0 0 0
400	1	 1 1 0 1 1 0 0 0 1 0 1 0 1 0 0 0 0 0 0 0
400	2	 1 1 1 1 1 0 1 0 0 0 1 0 0 0 1 0 0 0 0 1
400	1	 1 1 1 1 1 0 1 1 0 1 1 0 0 0 1 0 0 0 0 1
400	8	 0 1 1 1 0 0 1 1 1 0 1 0 0 0 1 0 0 0 1 0
400	8	 1 0 1 1 1 0 1 0 0 0 1 0 0 0 1 0 0 0 0 0
400	2	 1 1 1 0 0 0 0 0 1 1 1 1 0 1 1 0 1 0 0 0
400	7	 0 1 0 1 0 0 0 1 1 0 1 0 0 1 1 0 0 0 0 0
400	7	 1 1 0 1 1 0 1 0 1 0 1 0 1 0 0 0 1 0 0 0
400	4	 1 1 1 1 0 0 0 0 0 1 1 0 0 0 1 1 1 0 0 0
400	4	 1 1 1 1 1 0 1 0 0 0 1 0 0 0 1 1 0 0 0 0
400	1	 0 1 0 1 1 0 1 0 1 0 1 0 1 0 0 0 0 0 0 0
400	5	 0 1 1 1 0 0 0 0 1 1 1 0 0 1 0 0 0 0 0 0
400	1	 1 1 0 0 1 0 1 0 1 0 1 0 1 0 0 0 0 0 0 0
400	6	 1 1 0 0 1 0 1 0 1 1 1 0 1 0 1 0 0 0 0 0
400	3	 0 1 1 1 0 0 0 0 1 1 1 0 0 0 1 0 0 0 1 0
400	4	 1 1 1 1 0 0 0 0 1 1 1 1 0 1 1 0 0 0 0 1
400	5	 1 1 1 1 1 0 1 1 1 1 1 0 0 0 1 0 0 0 0 1
400	7	 1 1 1 0 0 0 1 0 1 1 1 0 1 1 1 0 0 0 1 0
400	9	 1 1 1 1 0 0 0 0 1 0 1 0 1 0 0 0 0 0 0 0
400	3	 1 1 0 1 0 0 0 0 1 1 1 0 0 1 1 0 1 0 0 0
400	1	 1 1 1 1 0 0 0 0 1 0 1 0 0 1 1 0 0 0 0 0
400	2	 1 1 1 1 0 1 0 0 0 1 1 0 0 1 1 0 0 0 1 0
400	5	 1 1 1 1 0 0 1 0 1 1 1 0 1 0 1 0 0 0 0 0
400	1	 1 1 1 1 0 0 0 0 1 1 1 0 0 0 1 0 0 0 0 1
400	6	 1 1 1 1 0 0 1 0 1 1 1 0 0 1 1 0 1 0 0 0
400	2	 1 1 1 0 1 0 1 1 1 0 1 0 0 0 1 0 0 0 0 0
400	2	 1 0 1 1 0 0 0 0 1 1 1 0 0 0 1 0 0 0 0 0
400	2	 1 1 1 0 1 0 1 0 1 1 1 0 0 1 1 0 0 0 0 0
400	1	 0 1 1 1 0 0 0 0 1 1 1 1 0 1 1 0 0 0 0 1
400	2	 0 1 1 1 0 0 1 0 0 1 1 0 0 0 0 0 0 0 0 0
400	1	 1 1 1 1 1 0 1 0 1 1 1 0 0 1 1 0 0 0 0 0
400	1	 0 1 1 1 1 0 1 0 1 0 1 0 1 0 0 0 0 0 0 0
400	2	 0 1 1 1 0 0 1 0 1 1 1 1 0 0 1 0 0 0 0 0
400	2	 1 1 1 0 0 0 1 0 1 0 1 0 1 0 1 0 0 0 0 0
400	2	 1 1 1 0 1 0 1 0 1 0 1 0 1 0 1 0 0 0 0 0
400	3	 1 1 1 1 1 1 0 1 1 1 0 0 1 0 1 0 0 0 0 0
400	1	 0 1 1 1 0 0 1 0 1 1 1 0 0 1 1 0 1 0 1 0
400	2	 1 1 1 1 0 0 1 0 1 1 1 0 1 0 1 0 0 0 0 1
400	1	 0 1 1 1 0 0 1 0 1 1 1 0 0 0 1 0 0 1 0 0
400	1	 1 1 1 1 1 0 1 1 1 1 0 0 0 0 1 0 0 0 0 0
400	2	 1 0 1 1 0 0 0 0 1 1 1 1 0 1 1 0 0 0 0 0
400	1	 1 1 1 1 1 1 1 0 1 1 1 0 1 0 1 0 0 0 0 0
400	1	 1 1 1 1 0 1 0 0 0 1 1 0 0 1 1 0 0 0 0 0
400	2	 1 1 0 1 1 0 0 0 1 1 0 0 0 0 1 0 1 0 0 0
400	1	 1 1 1 0 0 0 0 0 1 1 1 0 0 0 1 1 1 0 0 0
400	1	 1 1 1 0 0 0 1 0 1 1 1 0 0 1 1 0 1 0 0 0
400	1	 1 1 1 0 1 0 0 1 0 0 1 0 0 0 0 0 0 1 0 0
400	1	 1 1 1 0 1 0 1 1 1 1 0 0 1 0 1 0 0 0 0 0
400	1	 1 1 1 1 1 0 1 1 1 1 0 0 1 1 1 0 0 0 0 0
400	1	 1 1 1 1 1 0 1 0 0 0 1 0 0 0 1 0 0 0 1 0
400	1	 0 1 1 1 1 0 1 0 1 1 1 1 1 0 1 0 0 0 0 0
400	1	 1 1 1 1 0 0 0 0 1 1 1 0 0 0 0 0 1 0 0 0
400	3	 1 1 1 1 1 1 1 1 1 1 0 0 1 0 1 0 1 0 0 0
400	1	 1 1 1 0 0 1 1 0 1 1 1 0 1 0 1 0 0 0 1 0
400	2	 1 1 0 1 1 0 1 0 1 0 1 0 1 0 1 0 1 0 0 0
400	1	 1 1 1 0 0 0 1 0 0 1 1 0 1 1 1 0 0 0 1 0
400	1	 0 1 1 1 0 0 1 0 1 1 1 1 0 0 1 0 1 0 0 0
590	15	 1 1 1 1 1 1 1 1 1 1 1 0 1 0 1 0 0 0 0 0
590	11	 1 1 1 1 0 0 1 0 1 1 1 0 0 1 0 0 0 0 0 0
590	7	 1 1 1 1 0 0 0 0 0 1 1 0 0 0 0 0 0 0 0 0
590	4	 1 1 1 1 1 1 0 0 1 1 1 0 1 0 1 0 0 0 0 0
590	22	 1 1 1 1 1 0 1 1 1 1 1 0 0 0 1 0 0 0 0 0
590	1	 1 1 1 1 1 0 1 1 0 1 0 0 1 0 1 0 0 0 1 0
590	5	 1 1 1 1 0 0 0 0 0 1 1 0 0 0 1 0 0 0 0 0
590	97	 1 1 1 1 1 1 1 1 1 1 1 0 0 1 0 0 0 0 0 0
590	5	 0 1 1 0 1 0 1 0 1 1 1 0 0 1 1 0 0 0 0 1
590	60	 1 1 1 1 1 0 1 0 1 1 1 0 0 1 0 0 0 0 0 0
590	8	 1 1 1 1 1 0 0 0 1 1 1 0 0 0 1 0 0 0 0 0
590	58	 1 1 1 1 1 1 0 0 1 1 1 0 0 0 0 0 0 0 0 0
590	55	 1 1 1 1 1 0 1 1 1 1 1 0 1 0 0 0 0 0 0 0
590	18	 1 1 1 1 0 0 0 0 1 1 1 0 0 0 0 0 0 0 0 0
590	14	 1 1 1 1 1 0 1 1 1 1 0 0 1 0 1 0 0 0 0 0
590	9	 1 1 1 1 1 0 1 1 1 1 1 0 0 0 1 0 1 0 0 0
590	10	 1 1 0 1 1 0 1 0 1 1 1 0 1 0 1 0 0 0 0 0
590	2	 1 1 1 1 1 1 1 0 1 1 1 0 0 1 0 1 0 0 0 0
590	17	 1 1 1 1 1 0 1 1 1 1 1 0 0 1 0 0 0 0 0 0
590	8	 1 1 1 1 1 1 1 0 1 1 1 0 0 0 0 0 0 0 0 0
590	76	 1 1 1 1 1 1 1 1 1 1 1 0 0 0 1 0 0 0 0 0
590	13	 1 1 1 1 0 0 0 1 1 1 1 0 0 0 0 0 0 0 0 0
590	8	 1 1 1 1 1 1 1 1 0 1 1 0 0 1 0 0 0 0 0 0
590	15	 1 1 1 1 1 0 1 1 0 1 1 0 0 1 0 0 0 0 0 0
590	26	 1 1 1 1 1 0 1 1 1 0 0 0 1 1 1 0 0 0 1 0
590	14	 0 1 1 0 1 0 1 0 1 1 1 0 0 1 1 0 0 0 0 0
590	2	 0 1 1 0 1 0 1 0 1 1 1 0 1 0 0 0 0 0 0 0
590	18	 1 1 1 1 1 1 1 0 1 1 1 1 0 1 0 0 0 0 0 1
590	2	 1 0 1 1 0 0 1 0 0 1 1 1 0 1 0 0 0 0 0 0
590	6	 1 1 1 1 1 0 1 1 1 1 0 0 1 1 0 0 0 0 0 0
590	10	 1 1 1 1 1 0 0 0 1 1 1 0 0 1 0 0 0 0 1 0
590	1	 1 1 1 1 0 1 1 1 1 1 1 0 1 0 1 0 0 0 0 0
590	19	 1 1 1 1 1 1 1 1 1 1 1 0 1 0 1 0 0 0 1 0
590	22	 1 1 1 1 1 1 1 1 1 1 1 0 0 0 1 0 1 0 0 0
590	12	 1 1 1 1 0 0 0 0 1 1 1 0 0 0 1 0 0 0 1 0
590	9	 1 1 1 1 0 0 0 1 1 1 1 0 1 0 1 0 0 0 0 0
590	10	 1 1 1 1 1 0 1 0 0 1 1 0 0 1 0 0 0 0 0 0
590	6	 1 1 0 1 1 1 0 0 1 1 1 0 0 0 0 0 0 0 0 0
590	3	 1 1 1 1 1 1 0 0 1 1 1 1 0 0 0 0 0 0 0 0
590	8	 1 0 1 1 1 0 1 0 1 1 1 0 0 1 0 1 0 0 0 0
590	6	 1 1 1 1 0 1 1 1 1 1 1 0 0 1 0 0 0 0 0 0
590	8	 1 1 1 1 1 1 1 1 1 1 1 0 1 1 1 0 0 0 0 0
590	5	 1 1 1 1 1 0 1 1 1 1 0 0 1 1 1 0 0 0 0 0
590	1	 1 1 1 1 1 0 1 1 1 0 1 0 1 0 0 0 0 0 0 0
590	5	 1 1 1 1 1 0 1 0 1 1 1 0 0 0 0 1 0 0 0 0
590	4	 1 1 1 1 0 0 1 1 1 1 0 0 1 1 0 0 0 0 0 0
590	15	 1 1 1 1 1 0 0 0 1 1 1 0 1 0 1 0 0 0 0 0
590	22	 1 1 1 1 1 0 1 1 1 1 1 0 0 0 1 0 0 1 0 0
590	4	 1 1 1 1 0 0 0 1 0 1 1 0 0 0 1 0 0 0 0 0
590	12	 1 1 1 1 0 0 0 1 1 1 1 0 0 1 0 0 0 0 0 0
590	2	 1 1 1 1 1 0 0 0 1 1 1 0 0 0 0 0 0 0 0 0
590	4	 1 0 1 1 0 0 1 0 1 1 1 0 0 0 1 0 0 1 0 0
590	1	 1 0 1 1 1 0 1 1 0 1 1 0 0 0 1 0 0 0 0 1
590	4	 1 1 1 1 0 0 1 0 1 1 1 0 0 0 1 0 0 0 0 0
590	9	 1 1 1 1 1 1 0 1 1 1 1 0 1 0 1 0 0 0 0 0
590	12	 1 1 1 1 1 1 1 1 1 1 1 0 0 0 1 1 0 0 0 0
590	2	 1 0 1 1 1 0 1 0 1 1 1 0 1 1 0 1 0 0 0 0
590	1	 1 1 1 1 1 0 1 1 1 0 1 1 0 0 0 0 0 0 0 0
590	2	 1 1 1 1 0 0 1 0 1 1 1 0 0 1 0 1 1 0 0 0
590	28	 1 1 1 1 1 1 1 0 1 1 1 0 0 1 0 0 0 0 0 0
590	1	 1 1 1 1 1 0 1 1 1 1 1 0 1 0 1 0 0 0 0 0
590	8	 1 1 1 1 0 0 0 1 1 1 1 0 0 0 1 0 0 0 0 0
590	3	 0 1 1 1 1 1 1 0 1 1 1 0 0 0 0 1 0 0 0 0
590	12	 1 1 1 1 1 0 1 0 1 1 1 0 0 1 1 0 0 0 0 0
590	2	 1 1 1 1 0 0 0 1 1 1 1 0 1 0 0 0 0 0 0 0
590	9	 1 1 1 1 1 1 0 0 1 1 1 0 0 0 0 1 0 0 0 0
590	13	 1 1 1 1 1 1 1 1 0 1 1 0 1 0 1 0 0 0 0 0
590	3	 1 1 1 1 1 1 1 1 1 1 1 0 0 1 0 0 0 0 1 0
590	6	 1 1 1 1 1 0 1 1 1 1 1 0 1 0 0 0 0 0 1 0
590	1	 1 0 1 1 0 0 1 0 0 1 1 0 0 0 1 0 0 1 0 0
590	3	 1 1 1 1 1 0 1 1 0 0 1 0 1 0 0 0 0 0 0 0
590	5	 1 1 0 1 1 1 1 1 1 1 1 0 0 0 1 1 0 0 0 0
590	4	 1 1 1 0 0 0 0 0 1 1 1 0 1 0 1 0 0 0 0 0
590	2	 1 1 1 0 1 1 1 1 1 1 1 0 0 0 1 0 0 0 0 0
590	6	 0 1 1 1 0 0 0 1 1 1 1 0 0 0 0 0 0 0 0 0
590	4	 1 1 1 1 1 0 1 0 1 1 1 0 0 0 1 0 0 0 1 0
590	2	 1 1 1 1 1 0 0 0 1 1 1 0 0 1 0 0 0 0 0 0
590	2	 1 1 1 1 0 1 0 0 1 1 1 0 1 0 1 0 0 0 0 0
590	1	 0 1 1 1 0 0 0 0 1 1 1 0 0 0 0 0 0 0 0 0
590	2	 1 0 1 1 1 0 1 0 1 1 1 0 0 0 0 1 0 0 0 0
590	2	 1 1 0 1 1 0 1 1 1 1 1 0 0 0 1 0 0 1 0 0
590	1	 1 0 1 1 1 0 0 0 1 1 1 0 1 1 0 1 0 0 0 0
590	1	 1 1 1 1 1 1 1 1 1 1 1 0 1 0 0 0 0 0 0 0
590	2	 1 1 1 1 1 1 1 0 1 1 1 0 1 0 1 0 0 0 0 0
590	1	 0 1 1 1 1 1 1 1 1 1 1 0 1 1 0 1 0 0 0 0
590	2	 1 1 1 1 1 0 1 0 1 1 1 0 0 1 0 1 0 0 0 0
590	1	 0 1 1 1 1 1 1 1 1 1 1 0 0 1 0 0 0 0 0 0
590	2	 1 1 1 1 1 1 1 1 1 1 1 0 0 1 0 1 0 0 0 0
590	2	 1 1 1 1 1 1 0 0 1 1 0 0 0 0 0 0 0 0 0 0
590	5	 1 1 0 1 1 0 0 0 1 1 1 0 1 0 1 0 0 0 0 0
590	1	 1 1 1 1 1 1 1 0 1 1 1 0 0 0 0 1 0 0 0 0
590	1	 1 1 1 1 1 0 1 1 0 1 1 0 0 1 0 0 0 0 1 0
590	5	 0 0 1 1 0 0 1 0 1 1 1 0 0 0 1 0 0 1 0 0
590	2	 1 1 1 1 0 0 1 1 1 1 1 0 0 0 1 0 0 0 0 0
590	6	 1 1 1 1 1 1 1 1 1 1 1 0 0 0 1 0 0 0 1 0
590	3	 1 1 1 1 0 1 1 1 1 1 1 0 0 0 1 0 0 0 0 0
590	2	 1 1 1 1 0 0 0 1 0 1 1 0 0 0 0 0 0 0 0 0
590	5	 1 0 1 1 0 1 1 1 1 1 1 0 0 1 0 0 0 0 0 0
590	1	 1 1 1 1 1 0 1 1 1 1 0 0 1 0 0 0 0 0 0 0
590	1	 1 1 1 1 0 1 0 0 1 1 1 0 0 0 0 0 0 0 0 0
590	1	 1 1 1 1 1 1 1 1 1 1 1 1 0 0 1 0 0 0 0 0
590	1	 1 0 1 1 0 0 1 0 0 1 1 1 0 1 0 0 1 0 0 0
590	1	 1 1 1 1 0 1 1 1 1 1 1 0 0 0 1 0 1 0 0 0
590	3	 1 0 1 1 1 0 1 0 1 1 1 0 0 1 0 1 0 1 0 0
590	2	 1 1 1 1 1 0 0 0 1 1 1 0 1 0 0 0 0 0 0 0
590	1	 0 1 1 1 1 1 0 0 1 1 1 0 0 0 0 1 0 0 0 0
590	3	 1 1 1 1 1 0 1 0 1 1 1 0 0 1 1 1 0 0 0 0
720	3	 1 1 1 1 1 0 1 1 1 1 1 0 1 0 0 0 0 0 0 0
720	17	 1 1 1 1 1 0 1 1 1 1 0 0 1 0 1 0 0 0 0 0
720	18	 1 1 1 1 1 0 1 1 0 1 1 0 0 1 0 0 0 0 0 0
720	23	 1 1 1 1 1 1 1 0 1 1 1 0 0 1 0 0 0 0 0 0
720	30	 1 1 1 1 0 1 1 1 1 1 1 0 0 0 0 0 0 0 0 0
720	25	 1 1 1 1 0 0 0 0 1 1 0 0 0 1 0 0 0 0 0 0
720	40	 1 1 1 1 1 0 1 0 0 1 1 0 0 0 0 0 0 0 0 0
720	16	 1 1 1 1 0 0 0 1 1 1 1 0 0 1 0 0 0 0 0 0
720	11	 1 1 1 1 1 0 0 1 1 1 1 0 1 0 0 0 0 0 0 0
720	22	 1 1 1 1 1 1 1 1 0 1 1 1 0 1 0 0 0 0 0 0
720	102	 1 1 1 1 1 0 0 1 0 0 0 0 0 1 0 0 0 0 0 0
720	4	 1 1 1 1 1 0 1 1 0 1 1 0 1 1 0 0 0 0 0 0
720	12	 1 1 1 1 1 1 0 0 0 1 1 0 0 1 0 0 0 0 0 0
720	1	 1 1 1 1 0 0 0 1 1 1 0 0 0 1 0 0 0 0 0 0
720	20	 1 1 1 1 1 0 1 1 1 1 1 0 0 0 0 0 0 0 0 0
720	14	 1 1 1 1 0 0 0 1 1 0 1 0 0 1 0 0 0 0 0 0
720	2	 1 1 0 1 0 0 1 1 1 1 1 0 0 1 0 0 0 0 0 0
720	11	 1 1 1 1 0 0 0 1 1 1 0 1 0 0 0 0 0 0 0 0
720	5	 1 1 1 1 0 0 0 0 1 1 0 0 0 0 1 1 0 0 0 0
720	16	 1 1 1 1 1 0 0 1 0 0 0 0 1 0 0 0 0 0 0 0
720	5	 1 1 1 1 1 1 1 1 0 1 1 0 0 0 1 0 1 0 0 0
720	3	 1 1 1 1 1 0 1 0 1 0 1 0 0 1 0 0 1 0 0 0
720	19	 1 0 1 1 0 0 0 1 1 0 1 0 0 1 0 0 0 0 0 0
720	7	 1 1 1 1 1 0 0 0 1 1 0 0 0 1 1 0 0 1 0 1
720	3	 1 1 1 1 1 1 1 1 1 1 1 0 0 0 0 0 0 0 0 0
720	15	 1 1 1 1 0 0 0 0 1 1 0 0 0 1 0 0 1 0 0 0
720	15	 1 1 1 1 1 0 1 0 0 1 1 1 0 0 0 0 0 0 0 0
720	18	 1 1 1 1 1 0 1 1 1 0 1 0 1 1 0 0 0 0 0 0
720	5	 1 1 1 1 0 0 1 1 1 1 1 0 1 1 0 0 0 0 0 0
720	45	 1 1 1 1 1 0 0 1 0 0 0 0 0 0 0 0 0 0 0 0
720	29	 1 1 1 1 1 0 0 1 0 0 0 0 0 1 0 0 0 0 1 0
720	3	 1 1 0 1 1 1 1 0 1 1 0 0 0 1 0 1 1 0 0 0
720	16	 1 1 1 1 1 0 1 0 0 1 1 1 0 1 0 0 0 0 0 0
720	12	 1 1 1 1 1 1 1 0 1 1 1 0 0 1 1 0 0 0 0 0
720	13	 1 1 1 1 1 1 1 1 0 1 1 0 0 1 0 0 0 0 0 0
720	13	 1 1 1 1 0 0 0 1 0 0 0 0 0 1 0 0 0 0 1 0
720	2	 1 1 1 1 1 0 0 1 0 0 0 0 0 1 0 0 0 0 0 1
720	12	 1 1 0 1 1 0 1 0 1 1 1 0 1 0 0 0 0 0 0 0
720	4	 1 1 1 1 1 0 1 0 1 1 1 0 0 1 0 0 0 0 0 0
720	8	 1 1 1 1 1 0 0 0 1 1 0 0 0 1 1 0 0 0 0 0
720	1	 0 1 1 1 0 0 0 1 1 1 0 0 0 0 0 1 0 0 0 0
720	5	 1 1 1 1 1 0 0 1 0 0 0 0 1 1 0 0 0 0 0 0
720	5	 1 1 1 0 1 0 0 1 0 0 0 0 0 1 0 0 0 0 0 0
720	3	 0 1 1 1 1 0 1 0 0 1 1 0 0 0 0 0 0 0 0 0
720	29	 1 1 1 1 1 0 0 1 0 0 0 0 0 1 0 1 0 0 0 0
720	4	 1 1 1 1 0 0 0 0 0 0 0 0 0 1 0 0 0 0 1 0
720	3	 1 1 1 1 1 0 1 0 0 1 1 0 0 0 0 0 1 0 0 0
720	5	 1 1 1 0 1 0 1 1 0 1 1 0 1 1 0 0 0 0 0 0
720	2	 1 1 0 1 1 1 1 0 1 1 1 0 0 1 0 0 0 0 0 0
720	8	 1 1 1 1 1 0 1 0 1 0 1 0 0 0 0 0 0 0 0 0
720	7	 1 1 1 0 1 0 0 1 1 0 1 0 1 1 0 0 0 0 0 0
720	1	 1 1 0 1 1 1 1 0 1 1 1 0 0 1 1 0 0 0 0 0
720	1	 1 1 1 1 1 0 0 0 0 1 1 0 0 0 0 0 0 0 0 0
720	11	 1 1 1 1 1 1 0 0 0 1 1 0 0 1 1 0 0 1 0 0
720	10	 1 1 1 1 0 1 1 1 0 0 0 0 1 0 0 0 0 0 0 0
720	7	 1 1 1 1 1 0 1 1 1 1 1 0 0 1 0 0 0 0 0 0
720	4	 1 1 0 1 0 0 1 1 1 1 1 0 0 1 0 1 0 0 0 0
720	5	 1 1 1 1 0 0 0 0 1 1 0 0 0 0 0 1 0 0 0 0
720	10	 1 0 1 1 1 0 0 1 0 0 0 0 0 1 0 1 0 0 0 0
720	2	 1 1 1 1 1 0 1 1 1 0 1 0 0 1 0 0 0 0 0 0
720	4	 1 1 1 1 1 0 1 0 0 1 0 0 0 0 0 0 0 0 0 0
720	1	 1 1 1 1 1 0 0 0 0 0 0 0 0 1 0 0 0 0 0 0
720	4	 1 1 1 1 1 0 1 0 0 0 0 0 0 0 0 0 0 0 0 0
720	5	 1 1 1 0 1 0 1 0 1 1 1 0 1 0 0 0 0 0 0 0
720	5	 1 1 1 1 1 1 1 0 0 0 0 0 0 1 0 0 0 0 1 0
720	3	 1 1 1 1 0 0 0 1 0 0 0 0 0 1 0 0 0 0 0 0
720	5	 1 1 1 1 1 0 0 1 1 1 1 0 0 1 0 0 0 0 0 0
720	9	 1 1 1 1 1 1 1 0 0 1 1 0 0 1 0 0 0 0 0 0
720	1	 1 1 1 1 0 0 0 0 1 0 0 0 0 1 0 0 0 0 0 0
720	12	 1 1 1 1 1 0 1 1 1 0 1 0 1 0 0 0 0 0 0 0
720	1	 0 1 0 1 1 1 1 0 1 1 0 0 0 1 0 1 1 0 0 0
720	1	 1 1 1 1 0 0 0 0 0 0 0 0 0 1 0 0 0 1 1 0
720	9	 1 1 1 1 1 1 1 0 1 1 0 0 0 1 0 0 0 0 0 0
720	7	 1 1 1 1 1 0 0 1 0 1 0 0 0 1 0 0 0 0 0 1
720	5	 0 0 1 1 1 0 0 1 0 0 0 0 0 1 0 1 0 0 0 0
720	2	 1 1 1 1 1 0 1 0 1 1 1 0 0 1 0 1 0 0 0 0
720	5	 1 1 1 1 1 0 0 1 1 1 0 0 0 1 0 0 0 0 0 0
720	1	 1 1 1 1 0 1 1 1 1 1 1 0 0 0 0 1 0 0 0 0
720	11	 1 1 1 1 1 0 1 1 0 0 0 0 1 1 0 0 0 0 0 0
720	4	 1 1 1 1 1 1 1 1 1 1 1 0 0 1 0 0 0 0 0 0
720	4	 1 1 1 1 0 0 1 0 1 1 0 0 0 1 0 0 0 0 0 0
720	6	 1 1 1 1 0 1 0 0 1 1 0 0 0 0 1 0 0 0 0 0
720	5	 0 1 1 1 0 0 1 1 1 1 0 0 0 0 0 1 0 0 0 0
720	1	 1 1 1 1 1 0 0 1 0 0 0 0 0 1 0 1 0 1 0 0
720	1	 1 1 1 1 1 1 1 0 0 0 1 0 0 1 0 0 0 0 0 0
720	2	 1 1 1 1 0 1 1 1 1 0 1 0 0 0 0 0 0 0 0 0
720	2	 1 1 1 1 1 1 0 1 0 0 0 0 0 1 0 0 0 0 0 0
720	3	 1 1 1 1 0 0 0 1 1 1 1 0 0 0 0 0 0 0 0 0
720	2	 1 1 1 1 1 0 0 1 0 1 0 1 0 1 0 0 0 0 0 0
720	4	 1 1 1 1 1 1 1 1 0 1 1 0 0 1 0 1 0 0 0 1
720	21	 1 1 1 1 1 0 0 1 0 0 0 0 0 0 1 0 1 0 0 0
720	8	 1 1 0 1 1 0 1 1 1 1 0 0 1 0 1 0 0 0 0 0
720	9	 1 1 1 1 1 0 0 1 0 0 0 0 0 1 0 0 0 1 0 0
720	1	 1 1 1 1 0 0 0 1 0 0 0 0 0 1 0 0 0 1 1 0
720	3	 1 1 1 1 0 1 0 1 0 0 0 0 0 1 0 0 0 0 1 0
720	2	 1 1 1 1 1 0 1 0 0 1 1 1 0 1 1 0 0 1 0 1
720	11	 1 1 1 1 1 0 0 1 0 1 0 0 0 1 0 0 0 0 0 0
720	1	 1 1 1 1 0 0 0 1 1 0 1 0 0 1 1 0 0 0 0 0
720	1	 1 1 1 1 0 0 0 1 1 1 0 1 0 0 0 0 1 0 0 0
720	5	 1 1 1 1 1 0 1 1 0 0 0 0 1 0 0 0 0 0 0 0
720	1	 1 1 1 1 1 0 0 1 0 1 0 0 1 0 0 0 0 0 0 0
720	3	 1 1 1 1 0 0 0 0 1 1 0 0 0 0 0 0 1 0 0 0
720	1	 1 1 1 1 1 0 0 1 0 0 0 0 0 0 0 0 0 0 1 0
720	1	 1 1 1 1 0 0 0 1 0 0 0 0 0 1 0 0 1 0 1 0
720	3	 1 0 1 1 1 0 1 1 1 1 1 0 0 1 0 0 0 0 0 0
720	2	 1 1 1 1 1 1 1 0 0 0 0 0 0 0 0 0 0 0 0 0
720	3	 1 1 1 1 0 0 0 0 1 0 0 0 0 1 0 0 0 0 0 1
720	1	 1 1 1 1 1 0 1 0 0 1 1 0 0 1 0 0 0 0 0 0
720	2	 1 1 0 1 1 1 1 1 1 1 1 0 0 0 0 0 0 0 0 0
720	1	 1 1 1 1 1 0 1 0 0 1 0 0 0 1 0 0 0 0 0 0
720	1	 1 1 1 1 0 0 1 0 0 1 1 0 0 0 0 0 0 0 0 0
720	1	 1 1 1 1 1 0 1 0 1 1 1 0 0 0 0 0 0 0 0 0
720	2	 1 1 1 1 1 1 1 1 0 1 1 0 0 0 1 0 1 0 0 1
720	3	 1 0 1 1 0 0 0 0 1 0 1 0 0 1 0 0 0 0 0 0
720	1	 1 1 1 0 0 0 0 0 1 1 0 0 0 1 0 0 1 0 0 0
720	3	 1 1 1 0 1 0 0 0 0 1 1 0 0 0 0 0 0 0 0 0
720	1	 1 1 1 1 1 1 1 0 0 1 0 0 0 0 0 0 0 0 0 0
720	1	 1 1 1 1 1 0 1 0 0 0 1 1 0 1 0 0 0 0 0 0
720	2	 1 1 1 1 0 1 1 1 1 1 1 0 0 0 0 1 0 0 1 0
720	1	 1 1 1 1 1 0 0 1 0 0 0 1 0 0 0 0 0 0 1 0
720	2	 1 1 1 1 1 0 1 1 0 0 0 0 0 1 0 0 0 0 0 0
720	1	 1 1 1 1 0 1 1 1 1 1 0 0 0 0 0 0 0 0 0 0
720	1	 1 1 1 1 0 0 1 1 1 1 1 0 0 0 0 0 0 0 0 0
720	1	 1 1 1 1 1 0 0 1 0 0 0 0 1 0 0 0 0 0 1 0
720	2	 1 1 1 1 1 0 1 0 0 1 1 1 0 0 0 1 0 0 0 0
720	1	 1 1 1 1 1 0 0 1 0 0 0 0 0 0 0 1 0 0 0 0
720	1	 1 1 0 1 1 1 1 0 1 1 0 1 0 1 0 1 1 0 0 0
720	3	 1 1 0 0 1 0 1 0 1 1 1 0 1 0 0 0 0 0 0 0
720	1	 1 0 1 1 1 0 0 1 0 0 0 1 0 1 0 1 0 0 0 0
720	1	 1 1 0 1 1 0 0 1 1 1 0 0 0 1 0 0 0 0 0 0
720	3	 1 1 1 1 0 1 1 1 1 0 1 0 0 0 0 1 0 0 0 0
880	111	 1 1 1 1 1 0 0 1 0 0 0 0 0 1 0 0 0 0 0 0
880	12	 1 1 1 1 1 0 0 1 0 0 0 0 0 0 0 0 0 0 0 0
880	26	 1 1 1 1 1 1 1 1 1 0 0 0 1 1 0 0 0 0 0 0
880	57	 1 1 1 1 1 0 0 1 0 0 0 0 1 1 0 0 0 0 0 0
880	60	 1 1 1 1 1 0 0 1 0 0 0 1 0 1 0 0 0 0 0 0
880	4	 1 1 1 1 0 0 0 1 1 0 1 1 0 1 0 0 0 0 0 0
880	7	 1 1 1 1 1 0 0 1 0 0 0 0 0 1 0 0 0 1 0 0
880	5	 1 0 1 1 1 0 0 1 0 0 0 1 0 1 0 0 0 0 0 0
880	30	 1 1 1 1 0 0 0 0 1 0 0 0 0 1 0 0 0 0 0 0
880	9	 1 1 1 0 1 0 0 1 0 0 0 0 0 1 1 0 0 0 0 0
880	41	 1 0 1 1 1 0 0 1 0 0 0 1 0 1 0 0 0 0 0 1
880	2	 1 0 1 1 1 0 0 1 0 0 0 0 0 1 0 0 0 0 0 0
880	20	 1 1 1 1 1 1 1 1 1 1 0 0 1 1 0 0 0 0 0 0
880	32	 1 1 0 1 0 0 0 1 0 0 0 1 0 1 0 0 0 0 0 0
880	64	 1 1 1 1 0 0 0 0 1 0 0 0 1 1 0 0 0 0 0 0
880	19	 1 1 1 1 1 0 0 1 0 0 0 0 0 1 0 1 0 0 0 0
880	12	 1 1 1 1 1 0 0 1 0 0 1 0 0 0 0 0 0 0 0 0
880	6	 1 0 1 1 1 1 1 1 0 0 0 0 1 1 0 0 0 0 0 0
880	9	 1 1 1 1 1 0 1 0 0 1 0 0 0 1 0 0 0 0 0 0
880	26	 1 1 1 0 1 0 0 0 1 0 0 0 0 1 0 0 0 0 0 0
880	6	 1 1 1 1 1 0 1 1 1 0 0 0 0 0 0 0 0 0 0 0
880	17	 1 1 1 1 1 0 0 1 0 0 0 1 0 1 0 0 0 0 0 1
880	7	 1 1 1 0 1 0 0 1 1 0 1 1 0 1 0 0 0 0 0 0
880	3	 1 1 1 1 1 1 1 1 1 0 0 0 1 1 1 0 0 0 0 0
880	2	 1 1 1 1 0 0 0 1 1 1 0 0 0 1 0 1 0 0 0 0
880	11	 1 1 1 1 1 0 0 1 0 1 0 0 1 1 0 0 0 0 0 0
880	10	 1 1 1 1 1 0 0 1 0 0 0 1 1 1 0 0 0 0 0 0
880	5	 1 0 0 0 1 0 0 0 1 0 0 0 0 1 0 0 0 0 0 0
880	9	 1 1 1 1 1 0 0 1 1 0 0 1 0 1 0 0 0 0 0 0
880	4	 1 1 1 1 1 1 0 1 0 0 0 0 1 1 0 0 0 0 0 0
880	7	 1 1 1 0 0 0 0 1 1 0 0 1 0 1 0 0 0 0 0 0
880	15	 1 1 1 1 1 0 0 1 0 0 0 0 0 0 0 1 0 0 0 0
880	12	 1 1 1 0 1 0 0 1 0 0 0 0 0 0 0 0 0 0 0 0
880	4	 1 1 1 0 1 0 0 1 1 0 1 0 0 1 0 0 0 0 0 0
880	6	 1 1 1 1 1 0 0 0 1 0 0 0 0 0 0 0 0 0 0 0
880	11	 1 0 1 0 1 1 1 1 1 0 0 0 1 1 0 0 0 0 0 0
880	29	 1 1 1 1 1 1 1 1 1 0 0 0 1 1 1 1 0 0 0 0
880	6	 0 1 1 1 1 0 1 1 1 0 0 0 0 0 0 0 0 0 0 0
880	9	 1 1 1 1 0 0 0 1 1 0 1 1 0 0 0 0 0 0 0 0
880	2	 1 1 1 1 1 0 1 0 0 0 0 0 1 1 0 0 0 0 0 0
880	15	 0 1 1 1 1 0 0 1 0 0 0 0 1 1 0 0 0 0 0 0
880	10	 1 1 0 1 1 0 0 1 0 0 0 0 1 1 0 0 0 0 0 0
880	2	 1 1 1 1 0 0 0 1 0 0 0 0 1 0 0 0 0 0 0 0
880	15	 1 1 1 1 0 1 1 1 1 0 0 0 1 1 0 0 0 0 0 0
880	5	 1 1 1 1 0 0 0 1 1 0 1 0 1 1 0 0 0 0 0 0
880	11	 1 1 1 0 0 0 0 1 1 0 0 1 0 1 0 0 1 0 0 0
880	22	 1 1 1 1 1 0 0 0 0 0 0 0 0 1 0 0 0 0 0 0
880	6	 1 1 1 1 1 0 0 1 1 0 0 0 0 1 0 0 0 1 0 0
880	2	 1 1 0 1 0 0 0 1 0 0 0 0 1 1 0 0 0 0 0 0
880	12	 1 0 1 1 1 1 0 1 0 0 0 1 0 1 0 0 0 0 1 0
880	22	 1 0 1 1 1 0 0 1 0 0 0 0 0 1 0 0 0 1 0 0
880	11	 1 1 1 1 0 0 0 0 1 0 1 0 1 1 0 0 0 0 0 0
880	10	 1 1 1 1 1 0 1 1 1 0 0 0 0 0 0 1 0 0 0 0
880	11	 0 1 1 1 1 1 0 1 0 0 0 0 1 1 0 0 0 0 0 0
880	1	 1 1 1 1 1 0 0 1 0 0 1 1 0 0 0 0 0 0 0 0
880	1	 0 1 1 1 1 0 0 1 1 0 0 0 1 1 0 0 0 0 0 0
880	9	 1 1 1 1 1 0 0 0 0 0 0 1 0 1 0 0 0 0 0 0
880	10	 1 0 0 1 1 1 1 1 1 0 0 0 1 1 0 0 0 0 1 0
880	1	 0 1 1 1 0 0 0 1 0 0 0 0 1 0 0 0 1 0 0 0
880	1	 1 1 1 1 1 0 1 1 1 0 0 0 1 1 1 1 0 0 0 0
880	6	 1 1 1 0 0 0 0 0 1 0 0 0 1 1 0 0 0 0 0 0
880	2	 1 1 1 1 1 0 0 1 0 1 0 0 1 1 0 0 0 1 0 0
880	6	 1 1 1 1 0 0 0 0 1 0 0 0 0 1 0 0 0 0 1 0
880	2	 1 1 1 1 0 1 0 0 1 0 0 0 1 1 0 0 0 0 0 0
880	1	 1 1 1 1 1 0 0 1 0 1 0 0 1 1 0 1 0 0 0 0
880	2	 1 1 0 1 1 0 0 1 0 0 0 0 0 1 0 0 0 0 0 0
880	2	 0 1 1 1 1 0 0 1 0 0 0 0 0 1 0 0 0 0 0 0
880	2	 0 1 1 1 0 0 0 1 0 0 0 0 0 1 0 0 0 0 0 0
880	7	 1 1 1 1 1 1 1 1 1 0 0 1 1 1 0 0 0 0 0 0
880	9	 1 0 1 1 1 0 1 1 0 0 0 1 0 1 0 0 0 0 0 1
880	3	 1 1 1 1 0 0 0 1 1 0 1 1 0 0 1 0 0 0 0 0
880	1	 1 0 1 1 1 1 0 1 0 0 0 1 0 0 0 0 0 0 1 0
880	5	 1 1 1 1 1 0 1 1 0 0 0 1 0 1 0 0 0 0 0 0
880	8	 1 1 1 1 0 0 0 0 1 0 0 1 1 1 0 0 0 0 0 0
880	2	 1 1 1 1 0 0 0 1 1 0 0 0 1 1 0 0 0 0 0 0
880	4	 0 1 1 1 1 0 0 0 0 0 0 0 0 1 0 0 0 0 0 0
880	1	 1 1 1 1 0 0 0 0 1 0 0 1 0 1 0 0 1 0 0 1
880	1	 1 1 1 1 1 0 0 1 0 0 0 0 1 1 1 1 0 0 0 0
880	1	 1 1 1 1 1 0 0 1 0 0 0 1 0 1 0 0 0 0 1 0
880	2	 1 1 1 1 1 0 0 1 0 0 0 0 0 1 0 0 0 0 0 1
880	4	 1 1 1 1 1 0 1 1 1 1 0 0 0 0 0 0 0 0 0 0
880	1	 0 1 1 1 1 0 0 0 1 0 0 0 0 1 0 0 0 0 0 0
880	1	 1 1 0 1 0 0 0 1 0 0 0 0 1 0 0 1 1 0 0 0
880	3	 1 1 1 1 0 0 0 1 0 0 0 1 0 1 0 0 0 0 0 1
880	1	 1 1 0 1 1 0 0 1 0 0 0 1 0 1 0 0 0 0 0 0
880	1	 1 1 1 1 1 0 0 1 0 0 0 0 0 1 0 0 0 0 1 0
880	1	 1 1 1 1 0 0 0 0 1 1 0 0 0 1 0 0 0 0 0 0
880	1	 1 1 0 1 0 0 0 1 0 0 0 1 0 1 0 0 0 1 0 0
880	2	 1 1 1 1 1 0 0 1 0 0 0 1 1 1 0 0 1 0 0 0
880	1	 1 0 1 1 1 0 1 1 0 0 0 0 0 1 0 0 0 1 0 0
880	2	 1 1 1 1 1 1 1 1 0 0 0 0 0 1 0 0 0 0 0 0
880	1	 1 0 1 1 1 0 0 1 0 0 0 0 1 1 0 0 0 1 0 0
880	1	 1 1 1 0 1 0 0 1 0 0 0 1 0 1 0 0 0 0 0 0
880	3	 1 0 1 0 1 1 1 1 1 0 0 1 0 1 0 0 0 0 0 0
880	1	 1 1 1 1 1 0 0 1 0 0 0 1 0 1 0 0 1 0 0 0
880	1	 1 1 1 1 0 0 0 0 1 1 0 0 1 1 0 0 0 0 0 0
880	1	 1 1 1 1 0 0 0 0 1 0 0 0 1 1 1 0 0 0 0 0
880	2	 1 1 1 1 1 0 1 1 0 0 1 0 0 0 0 0 0 0 0 0
880	1	 1 1 1 1 1 0 0 1 0 0 0 1 1 1 0 0 0 0 1 0
1000	283	 1 1 1 1 1 0 0 1 0 0 0 0 0 1 0 0 0 0 0 0
1000	11	 1 1 1 1 1 0 0 1 0 0 0 1 0 1 0 0 0 0 0 0
1000	2	 1 1 1 1 1 0 0 1 0 0 0 1 0 1 0 0 0 0 0 1
1000	6	 1 1 1 1 1 0 0 0 0 0 0 0 0 1 0 0 0 0 0 0
1000	2	 1 1 1 1 1 0 0 1 0 0 0 0 0 1 0 0 0 0 0 1
1000	33	 1 1 0 1 1 0 0 1 0 0 0 0 0 1 0 0 0 0 0 0
1000	15	 1 1 1 1 1 0 0 1 0 0 0 0 1 1 0 0 0 0 0 0
1000	43	 1 1 1 1 0 0 0 0 0 0 0 0 1 1 0 1 0 0 0 0
1000	30	 1 1 1 1 1 0 0 1 0 0 0 0 0 1 0 1 0 0 0 1
1000	20	 1 1 1 1 1 1 0 1 1 0 0 0 0 1 0 0 0 0 0 0
1000	2	 1 1 1 1 1 1 0 1 0 0 0 0 0 1 0 0 0 0 0 1
1000	1	 0 1 1 1 0 0 0 0 1 0 0 0 0 1 0 0 0 0 0 0
1000	24	 1 1 0 1 1 0 0 1 0 0 0 0 0 0 0 1 0 0 0 0
1000	45	 1 1 1 1 1 1 0 1 0 0 0 0 1 1 0 0 0 0 0 0
1000	24	 1 1 1 1 1 0 0 1 0 0 1 0 0 1 0 0 0 0 0 0
1000	10	 1 1 0 1 1 0 0 1 0 0 0 1 0 1 0 0 0 0 0 0
1000	16	 1 1 1 1 1 1 0 1 0 0 0 0 0 1 0 0 0 0 0 0
1000	2	 1 1 1 1 1 1 0 1 0 1 0 0 1 1 0 0 0 0 0 0
1000	6	 1 1 1 1 1 0 0 1 0 0 0 0 0 1 0 0 0 0 1 0
1000	8	 1 1 0 1 1 0 0 1 0 0 0 0 1 1 0 0 0 0 0 0
1000	21	 1 1 1 1 0 0 0 0 0 0 0 1 0 1 0 0 0 0 0 0
1000	28	 0 1 1 1 1 0 0 1 0 0 0 0 0 1 0 0 0 0 0 0
1000	2	 1 1 1 1 1 0 0 1 0 0 0 0 0 0 0 0 0 0 0 0
1000	2	 1 1 1 1 1 0 0 1 0 0 0 0 0 1 0 0 0 1 0 0
1000	32	 1 1 1 1 1 0 1 1 0 0 0 0 0 1 0 0 0 0 0 0
1000	8	 0 1 1 1 1 1 0 0 1 0 0 1 0 1 0 0 0 0 0 0
1000	4	 1 1 1 1 0 0 0 1 0 0 0 1 0 1 0 0 0 0 0 0
1000	11	 1 1 1 1 0 0 0 0 0 0 0 1 0 1 0 1 0 0 0 0
1000	14	 1 1 1 1 1 1 1 0 1 0 0 0 1 0 0 0 0 0 1 0
1000	4	 1 1 1 1 1 1 0 1 0 0 1 0 0 1 0 0 0 0 0 0
1000	9	 1 1 1 1 1 0 0 1 0 0 0 0 0 1 0 1 0 0 1 0
1000	8	 1 1 0 1 1 0 0 1 0 0 0 1 0 1 0 1 0 0 1 0
1000	6	 1 1 1 1 1 0 0 1 0 0 0 0 0 1 1 0 0 0 0 0
1000	2	 1 1 1 1 1 1 1 1 0 0 0 0 0 0 0 0 0 0 0 0
1000	8	 1 1 1 1 0 0 0 0 1 0 0 0 1 1 0 1 0 0 0 0
1000	6	 1 1 1 1 1 1 0 1 0 0 0 0 0 1 0 0 1 0 0 1
1000	7	 1 1 1 1 0 0 0 1 0 0 0 0 1 1 0 1 0 0 0 0
1000	2	 1 1 1 1 1 1 1 0 0 0 0 1 0 1 0 1 0 1 0 0
1000	13	 1 1 1 1 1 0 0 0 0 0 0 0 1 1 0 0 0 0 0 0
1000	5	 1 1 1 1 1 1 1 0 0 0 0 0 1 1 0 1 0 0 0 0
1000	8	 1 1 1 0 1 0 0 0 0 0 0 0 0 0 0 0 0 0 1 0
1000	8	 1 1 1 1 0 1 0 1 0 0 0 0 0 1 0 0 0 1 0 0
1000	8	 0 1 1 1 1 1 0 1 0 0 0 1 0 1 0 1 0 0 1 0
1000	3	 1 1 0 1 1 0 0 1 0 0 0 0 0 0 0 0 0 0 0 0
1000	6	 0 1 0 1 1 0 0 1 0 0 0 1 0 1 0 0 0 0 0 0
1000	6	 1 1 0 0 1 0 0 1 0 0 0 0 0 0 0 1 0 0 0 0
1000	3	 1 1 0 1 1 0 0 1 0 0 0 0 1 1 0 1 0 0 0 0
1000	2	 1 1 1 1 1 0 0 0 0 0 0 0 0 1 0 1 0 0 0 1
1000	3	 1 1 1 1 1 0 0 1 0 0 0 1 0 1 0 1 1 0 0 1
1000	3	 1 1 1 1 0 0 0 0 1 0 0 0 1 1 1 1 0 0 0 0
1000	7	 1 1 1 1 0 0 0 1 1 0 0 0 0 1 0 0 0 0 0 0
1000	16	 1 1 1 1 1 0 0 1 0 0 0 0 0 1 0 0 1 0 0 0
1000	1	 1 1 1 1 0 0 0 0 0 1 0 0 1 1 0 1 0 0 0 0
1000	11	 1 1 1 1 1 0 0 0 0 0 0 0 1 1 0 1 0 0 0 0
1000	1	 1 1 1 1 1 1 0 1 0 1 0 0 1 1 0 1 0 0 0 0
1000	15	 1 1 1 1 1 0 0 1 0 0 0 0 1 1 0 1 0 0 0 0
1000	1	 1 1 1 1 0 0 0 1 0 0 0 0 0 1 0 0 0 0 0 0
1000	11	 1 1 1 1 1 0 0 1 0 0 0 0 0 1 0 0 0 0 1 1
1000	1	 1 1 1 1 1 1 0 0 0 0 0 1 0 1 0 0 0 0 0 0
1000	6	 1 1 0 1 1 0 0 1 1 0 0 0 0 0 0 1 0 0 0 0
1000	3	 1 1 1 1 1 1 1 1 0 0 0 0 1 1 0 0 0 0 0 0
1000	2	 1 1 1 1 1 0 0 1 0 0 0 0 1 1 1 0 0 0 0 0
1000	2	 1 0 1 1 1 0 0 1 0 0 0 1 0 1 0 0 0 0 0 0
1000	9	 1 1 1 1 1 1 0 1 0 0 0 0 0 1 0 0 0 0 1 1
1000	3	 1 1 0 1 1 0 0 1 0 0 0 0 1 1 0 0 0 0 0 1
1000	2	 1 1 1 1 1 1 0 1 0 0 1 1 0 1 0 0 0 0 0 0
1000	5	 1 1 1 1 0 0 0 1 0 0 1 0 0 1 0 0 0 0 1 0
1000	13	 1 1 1 1 1 0 0 1 0 0 0 0 0 1 0 1 0 0 0 0
1000	3	 1 1 0 1 1 0 0 1 0 0 0 1 0 1 0 1 1 0 0 1
1000	4	 1 1 1 1 1 0 0 1 1 0 0 0 0 1 0 0 0 0 0 0
1000	2	 1 1 1 1 1 0 0 0 0 0 0 0 0 1 0 0 0 0 0 1
1000	3	 1 1 1 1 0 0 0 0 1 0 0 0 1 1 1 1 1 0 0 0
1000	2	 1 1 1 1 1 0 0 1 0 0 0 0 1 1 0 0 1 0 0 0
1000	1	 1 1 1 1 0 0 0 1 0 0 0 0 0 1 0 1 0 0 0 1
1000	1	 1 1 0 1 1 0 0 1 0 0 0 1 0 1 0 0 0 0 0 1
1000	1	 1 1 1 1 1 1 0 1 0 0 0 0 1 0 0 1 0 0 0 0
1000	1	 1 1 1 1 1 1 1 0 0 0 0 0 0 1 0 0 0 0 0 0
1000	1	 1 1 1 0 1 0 0 1 0 0 0 0 1 1 0 0 0 0 0 0
1000	3	 1 1 0 1 1 0 0 0 0 0 0 0 0 0 0 1 0 0 0 0
1000	4	 1 1 1 1 1 0 0 1 0 0 1 0 0 1 0 0 0 1 0 0
1000	2	 1 1 1 1 1 0 1 1 0 0 0 1 0 1 0 0 0 0 0 0
1000	6	 1 1 1 1 0 0 0 0 0 0 0 1 1 1 0 1 0 0 0 0
1000	2	 1 1 1 1 1 1 0 1 0 0 0 0 0 1 0 1 0 0 0 0
1000	1	 1 1 1 1 1 1 0 1 0 0 0 0 0 1 0 0 0 0 1 0
1000	4	 1 1 1 0 1 0 0 1 0 0 0 0 0 1 0 0 0 0 0 0
1000	2	 0 1 0 1 1 0 0 1 0 0 0 1 0 1 0 0 0 0 1 0
1000	4	 1 1 1 1 0 0 0 1 0 0 0 1 0 1 0 1 0 0 1 0
1000	5	 1 1 1 1 1 0 0 1 0 0 0 0 0 1 0 1 1 0 1 0
1000	2	 0 0 1 1 1 1 0 1 0 0 0 1 0 1 0 1 0 0 1 0
1000	2	 1 1 0 1 1 0 0 1 0 0 0 0 1 1 0 1 0 0 0 1
1000	4	 1 1 0 1 1 0 0 1 0 0 0 0 0 0 0 1 1 0 0 0
1000	2	 0 1 0 1 1 0 0 1 1 0 0 1 0 1 0 0 0 0 0 0
1000	2	 0 1 1 1 1 1 0 1 0 0 0 0 0 1 0 0 0 0 1 0
1000	2	 1 1 1 1 0 0 0 1 0 1 0 0 0 1 0 0 0 1 0 0
