0	250	 0 0 1 0 0 0 1 0 0 0 0 1 0 0 1 1 0 0 1 0
0	250	 0 0 0 0 0 0 0 1 0 0 0 0 0 0 1 0 1 0 1 1
0	250	 0 0 1 0 0 0 0 0 0 1 0 0 0 0 0 0 1 0 0 0
0	250	 1 0 0 0 0 1 0 0 0 0 0 0 0 0 0 0 0 0 0 0
10	276	 0 0 1 0 0 0 1 0 0 0 0 1 0 0 1 1 0 0 1 0
10	136	 0 0 0 0 0 0 0 1 0 0 0 0 0 0 1 0 1 0 1 1
10	199	 0 0 1 0 0 0 0 0 0 1 0 0 0 0 0 0 1 0 0 0
10	113	 1 0 0 0 0 1 0 0 0 0 0 0 0 0 0 0 0 0 0 0
10	3	 0 0 1 0 0 0 1 0 0 0 0 1 0 0 1 1 0 0 0 0
10	11	 1 0 0 0 0 1 0 0 0 0 0 0 0 0 0 0 0 0 1 1
10	4	 0 0 1 0 0 0 0 0 0 0 0 1 0 0 1 1 0 0 1 0
10	7	 0 0 1 0 0 0 1 0 0 0 0 1 1 0 1 1 0 0 1 0
10	4	 0 0 1 0 0 0 1 1 0 0 0 1 0 0 1 1 0 0 1 0
10	6	 0 0 0 0 0 0 0 1 0 0 0 0 0 1 1 0 1 0 1 1
10	2	 0 0 0 0 0 0 0 1 0 0 0 0 0 0 1 0 1 0 0 1
10	3	 1 0 0 0 0 1 0 0 0 0 0 0 0 0 0 0 1 0 1 1
10	2	 0 0 1 0 0 0 1 0 0 0 1 1 0 0 1 1 0 0 1 0
10	6	 0 0 0 0 0 0 0 1 0 0 0 1 0 0 1 0 1 0 1 1
10	6	 0 0 1 0 1 0 0 0 0 1 0 0 0 0 0 0 1 0 0 0
10	12	 1 0 0 0 0 1 0 0 0 0 0 0 0 1 0 0 0 0 0 0
10	1	 0 0 1 0 0 0 1 0 0 0 0 1 0 0 0 0 0 0 0 0
10	12	 0 0 1 0 0 0 1 0 0 0 0 1 0 0 1 0 0 0 0 0
10	10	 1 0 0 0 0 1 0 0 0 0 0 0 0 0 0 0 1 0 0 0
10	5	 0 0 1 0 0 0 1 0 0 0 0 0 0 0 1 1 0 0 1 0
10	3	 1 0 1 0 0 1 0 0 0 0 0 0 0 0 0 0 0 0 0 0
10	1	 0 0 0 0 0 1 0 0 0 0 0 0 0 0 0 0 0 0 0 0
10	7	 0 0 1 0 0 0 0 0 0 1 0 0 0 1 1 0 1 0 1 1
10	13	 0 0 1 0 0 0 0 0 0 1 0 0 0 0 0 0 1 0 1 0
10	4	 0 0 0 0 0 0 0 1 1 0 0 0 0 0 1 0 1 0 1 1
10	3	 0 1 0 0 0 0 0 1 0 0 0 0 0 0 1 0 1 0 1 1
10	3	 0 0 1 0 0 0 0 0 0 1 1 0 0 0 0 0 1 0 0 0
10	3	 0 0 1 0 0 1 0 0 0 1 0 0 0 0 0 0 1 0 0 0
10	8	 1 0 1 0 0 0 0 0 0 1 0 0 0 0 0 0 1 0 0 0
10	19	 1 0 0 0 0 1 1 0 0 0 0 1 0 0 1 1 0 0 1 0
10	10	 0 0 1 0 0 0 0 0 0 1 0 0 0 1 1 1 0 0 1 0
10	1	 0 0 1 0 0 0 0 0 0 1 0 1 0 0 0 0 1 0 0 0
10	7	 0 1 1 0 0 0 0 0 0 1 0 0 0 0 0 0 1 0 0 0
10	8	 1 0 0 0 0 1 0 1 0 0 0 0 0 0 0 0 0 0 0 0
10	4	 0 0 0 0 0 0 0 1 0 0 0 0 0 0 0 0 1 0 0 0
10	2	 1 0 0 0 0 1 0 0 0 0 0 1 0 0 1 1 0 0 1 0
10	5	 0 0 0 0 0 0 0 1 0 0 0 0 1 0 1 0 1 0 1 1
10	4	 0 0 1 0 0 0 1 0 0 1 0 0 0 0 0 0 1 0 0 0
10	5	 0 0 1 0 0 0 1 0 1 0 0 1 0 0 1 1 0 0 1 0
10	4	 0 0 1 0 0 1 1 0 0 0 0 1 0 0 1 1 0 0 1 0
10	7	 0 0 1 0 0 0 0 0 0 1 0 0 0 1 0 0 1 0 0 0
10	1	 0 0 1 0 0 0 0 0 0 1 0 0 0 0 1 0 1 0 0 0
10	5	 0 0 0 0 0 0 0 1 0 0 0 0 0 0 1 1 1 0 0 1
10	4	 0 0 1 0 0 0 1 0 0 0 0 1 0 0 1 0 1 0 1 1
10	4	 0 0 0 0 0 0 0 1 0 0 0 0 0 0 1 0 1 0 0 0
10	1	 0 0 1 0 0 0 1 0 0 0 1 1 0 0 1 1 0 0 0 0
10	2	 0 0 1 0 0 0 1 0 0 0 0 1 0 1 1 1 0 0 1 0
10	3	 0 0 1 0 0 0 1 0 0 0 0 1 0 0 1 1 1 0 1 0
10	2	 0 0 0 0 0 0 1 1 0 0 0 0 0 0 1 0 1 0 1 1
10	3	 1 0 1 0 0 0 0 0 0 1 0 0 0 0 0 0 1 0 1 0
10	1	 0 0 0 0 0 1 1 0 0 0 0 1 0 0 1 1 0 0 1 0
10	2	 0 0 0 0 0 0 0 1 0 0 0 0 0 0 1 0 0 0 1 0
10	2	 0 0 1 0 0 0 0 0 0 1 0 0 0 0 0 1 1 0 0 0
10	1	 1 0 0 0 0 1 0 0 0 0 0 0 0 0 1 0 0 0 1 1
10	3	 0 0 1 0 0 0 0 0 0 0 0 1 0 0 1 1 1 0 1 0
10	4	 0 0 1 0 0 0 0 1 0 1 0 0 0 1 1 0 1 0 1 1
10	1	 0 0 0 0 0 0 0 1 0 0 0 0 0 0 0 0 0 0 0 0
10	2	 0 0 0 0 0 0 0 1 0 0 0 1 0 0 1 1 0 0 1 0
10	1	 0 0 1 0 0 0 0 0 0 0 0 0 0 0 1 0 1 0 1 1
10	2	 1 0 0 0 0 0 1 0 0 0 0 1 0 0 1 1 0 0 1 0
10	1	 0 0 1 0 0 0 1 0 0 0 1 1 0 0 1 0 0 0 0 0
10	2	 1 0 0 0 0 1 0 0 0 0 0 0 0 1 0 0 0 0 1 1
10	1	 1 0 1 0 0 0 0 0 0 1 0 0 0 0 0 0 1 0 1 1
10	1	 0 0 1 0 0 0 1 0 1 0 0 1 0 0 1 0 1 0 1 1
10	1	 0 0 0 1 0 0 0 1 0 0 0 0 0 0 1 0 1 0 1 1
10	2	 0 0 0 0 0 0 0 1 0 0 0 0 0 0 1 0 0 0 1 1
10	2	 0 0 1 1 0 0 0 0 0 1 0 0 0 0 0 0 1 0 0 0
10	2	 0 0 1 0 0 0 0 0 0 1 0 0 0 0 0 0 1 0 0 1
10	3	 0 0 0 0 0 0 0 0 0 1 0 0 0 0 0 0 1 0 0 0
10	2	 0 0 0 0 0 1 0 0 0 0 0 1 0 0 0 0 0 0 0 0
25	201	 0 0 1 0 0 0 1 0 0 0 0 1 0 0 1 1 0 0 1 0
25	66	 0 0 0 0 0 0 0 1 0 0 0 0 0 0 1 0 1 0 1 1
25	125	 0 0 1 0 0 0 0 0 0 1 0 0 0 0 0 0 1 0 0 0
25	74	 1 0 0 0 0 1 0 0 0 0 0 0 0 0 0 0 0 0 0 0
25	9	 1 0 0 0 0 1 0 0 0 0 0 0 0 0 0 0 0 0 1 1
25	7	 0 0 1 0 0 0 1 1 0 0 0 1 0 0 1 1 0 0 1 0
25	4	 0 0 0 0 0 0 0 1 0 0 0 0 0 1 1 0 1 0 1 1
25	5	 1 0 0 0 0 1 0 0 0 0 0 0 0 0 0 0 1 0 1 1
25	46	 1 0 0 0 0 1 0 0 0 0 0 0 0 1 0 0 0 0 0 0
25	5	 0 0 1 0 0 0 1 0 0 0 0 1 0 0 1 0 0 0 0 0
25	17	 1 0 0 0 0 1 0 0 0 0 0 0 0 0 0 0 1 0 0 0
25	4	 1 0 1 0 0 1 0 0 0 0 0 0 0 0 0 0 0 0 0 0
25	18	 0 0 0 0 0 1 0 0 0 0 0 0 0 0 0 0 0 0 0 0
25	10	 0 0 1 0 0 0 0 0 0 1 1 0 0 0 0 0 1 0 0 0
25	1	 1 0 1 0 0 0 0 0 0 1 0 0 0 0 0 0 1 0 0 0
25	12	 1 0 0 0 0 1 1 0 0 0 0 1 0 0 1 1 0 0 1 0
25	5	 0 0 1 0 0 0 0 0 0 1 0 0 0 1 1 1 0 0 1 0
25	4	 0 1 1 0 0 0 0 0 0 1 0 0 0 0 0 0 1 0 0 0
25	10	 1 0 0 0 0 1 0 0 0 0 0 1 0 0 1 1 0 0 1 0
25	2	 0 0 0 0 0 0 0 1 0 0 0 0 1 0 1 0 1 0 1 1
25	3	 0 0 1 0 0 0 1 0 0 1 0 0 0 0 0 0 1 0 0 0
25	5	 0 0 1 0 0 1 1 0 0 0 0 1 0 0 1 1 0 0 1 0
25	4	 0 0 1 0 0 0 0 0 0 1 0 0 0 0 1 0 1 0 0 0
25	18	 0 0 0 0 0 0 0 1 0 0 0 0 0 0 1 0 1 0 0 0
25	12	 0 0 1 0 0 0 0 1 0 1 0 0 0 1 1 0 1 0 1 1
25	3	 0 0 0 0 0 0 0 1 0 0 0 1 0 0 1 1 0 0 1 0
25	2	 1 0 0 0 0 0 1 0 0 0 0 1 0 0 1 1 0 0 1 0
25	1	 0 0 1 0 0 0 0 0 0 0 0 0 0 0 0 0 0 0 0 0
25	1	 0 0 1 0 0 0 0 0 0 1 0 1 0 0 1 1 0 0 1 0
25	5	 1 0 0 0 0 1 0 0 0 0 0 0 0 0 0 0 0 0 1 0
25	9	 0 0 1 0 0 0 1 0 0 0 0 1 0 0 0 0 1 0 0 0
25	6	 0 0 0 0 0 0 0 1 0 1 0 1 0 0 0 0 1 0 0 0
25	2	 1 0 0 0 0 1 0 0 0 0 0 0 0 0 0 0 0 0 0 1
25	1	 0 0 0 0 0 0 0 1 0 0 0 0 0 0 1 1 1 0 1 1
25	4	 0 0 1 0 0 1 0 0 0 0 0 0 0 0 0 0 1 0 1 1
25	2	 1 0 0 0 0 1 0 0 0 1 0 0 0 0 0 0 1 0 0 0
25	2	 0 0 0 0 0 0 1 0 0 0 0 1 0 0 1 1 0 0 1 0
25	11	 0 0 1 0 0 0 1 0 0 1 0 1 0 1 1 1 0 0 1 0
25	11	 1 0 0 1 0 1 0 0 0 0 0 0 0 1 0 0 0 0 0 0
25	1	 0 0 0 0 0 0 0 1 0 1 0 0 0 1 1 1 0 0 1 0
25	16	 0 0 0 0 0 0 0 1 0 0 0 0 0 0 1 1 0 0 1 0
25	5	 0 0 0 0 0 0 0 1 0 1 0 0 0 0 1 0 1 0 1 1
25	12	 1 0 1 0 0 1 0 1 0 0 0 0 0 0 0 0 0 0 0 0
25	10	 0 0 1 0 0 0 0 1 0 0 0 0 0 0 1 0 1 0 1 1
25	8	 0 0 1 0 0 0 0 0 0 1 0 0 0 0 0 0 0 0 0 0
25	5	 0 0 1 0 0 0 1 0 0 0 0 1 0 1 1 1 0 0 1 0
25	20	 0 0 1 0 0 0 1 0 0 0 0 0 0 0 0 0 0 0 0 0
25	2	 1 0 1 0 0 0 0 0 0 1 0 0 0 0 0 0 0 0 1 1
25	6	 0 1 1 0 0 0 1 0 0 0 0 1 0 0 1 0 0 0 0 0
25	12	 0 0 1 0 0 0 1 0 1 0 0 1 0 0 0 1 0 0 1 0
25	1	 0 0 0 0 0 0 0 1 0 0 0 0 0 0 0 0 1 0 0 0
25	4	 1 0 1 0 0 1 0 0 0 0 0 1 0 0 1 1 0 0 1 0
25	1	 0 0 1 0 0 0 1 0 0 0 0 1 1 0 1 1 0 0 1 0
25	6	 0 0 1 0 1 0 1 0 0 0 0 1 0 0 1 1 0 0 1 0
25	4	 0 0 1 0 0 0 0 0 0 1 0 0 0 0 1 0 1 0 1 0
25	3	 1 0 0 0 0 0 1 0 0 0 0 1 0 0 1 1 0 0 1 1
25	31	 0 0 1 0 0 0 0 0 0 0 0 1 0 0 1 1 0 0 1 0
25	3	 0 0 0 0 0 1 0 0 0 0 0 0 0 0 0 0 1 0 0 0
25	1	 1 0 1 0 0 0 0 0 0 1 0 0 0 0 0 1 1 0 1 1
25	9	 1 1 0 0 0 1 0 0 0 0 0 0 0 0 0 0 0 0 0 0
25	1	 1 0 0 0 0 1 0 0 0 0 0 1 0 1 0 0 0 0 0 0
25	6	 0 0 0 0 0 0 0 1 0 0 0 0 0 1 0 0 0 0 0 0
25	6	 1 0 0 1 0 1 0 0 0 0 0 0 0 0 0 0 0 0 0 0
25	2	 1 0 0 0 0 1 0 0 0 1 0 0 0 0 0 0 0 0 0 0
25	3	 0 1 0 0 0 1 0 0 0 0 0 0 0 0 0 0 0 0 0 0
25	3	 0 0 1 0 0 0 1 0 0 0 0 1 0 0 0 1 1 0 0 0
25	5	 0 0 1 0 0 0 1 0 0 0 0 1 0 0 0 0 0 0 0 0
25	2	 0 0 0 0 0 0 0 1 0 1 0 0 0 0 0 0 1 0 0 0
25	1	 0 0 1 0 0 0 0 0 0 1 0 0 0 0 0 1 0 0 1 0
25	2	 1 0 0 0 0 1 0 1 0 1 0 0 0 0 0 0 1 0 0 0
25	12	 0 0 0 0 0 0 0 1 1 1 0 0 0 0 0 0 1 0 0 0
25	1	 0 0 1 0 0 0 1 0 0 1 0 1 0 0 1 0 0 0 0 0
25	3	 0 0 0 0 0 0 0 1 0 0 0 0 0 0 1 0 1 0 0 1
25	6	 0 0 0 0 0 0 0 1 0 1 0 0 0 1 1 0 0 0 1 0
25	1	 1 1 0 0 0 1 0 0 0 0 0 0 1 0 0 0 0 0 0 0
25	5	 0 0 1 0 0 0 1 0 0 0 0 1 0 0 1 0 1 0 1 1
25	1	 0 0 0 0 0 0 0 1 0 0 0 0 0 0 1 0 1 0 1 0
25	2	 0 0 1 0 0 0 0 0 0 1 0 0 0 0 0 0 1 1 0 0
25	1	 1 0 0 0 0 1 0 1 0 0 0 0 0 0 0 0 0 0 0 0
25	2	 1 0 0 0 0 0 0 0 0 0 0 0 0 0 0 0 1 0 0 0
25	1	 1 0 1 0 0 0 0 0 0 1 0 0 0 0 0 0 1 0 1 0
25	2	 0 0 0 0 0 1 0 1 0 0 0 0 0 0 1 0 1 0 0 0
25	1	 1 1 0 1 0 1 0 0 0 0 0 0 1 0 0 0 0 0 0 0
25	1	 0 0 1 0 0 0 1 0 0 0 0 1 0 0 1 1 0 0 0 0
25	1	 0 0 1 0 0 0 1 0 0 1 0 1 0 0 0 0 1 0 0 0
25	1	 0 0 0 0 0 0 0 0 0 1 0 0 0 0 0 0 0 0 0 0
25	1	 0 0 1 0 0 0 0 0 0 1 0 0 0 0 0 0 0 0 1 0
25	2	 0 0 1 0 0 1 0 0 0 0 0 0 0 1 0 0 0 0 0 0
25	1	 0 0 1 1 0 0 1 0 0 0 0 1 0 0 1 1 0 0 1 0
25	1	 0 0 0 0 0 0 0 1 0 0 0 0 0 0 0 0 1 0 1 1
25	1	 1 0 0 0 0 1 1 0 0 0 0 0 0 0 0 0 0 0 0 0
25	3	 1 0 0 0 0 1 0 0 0 0 0 1 0 0 0 0 0 0 0 0
25	3	 1 0 0 0 0 1 0 0 0 0 0 0 0 1 1 0 0 0 0 0
25	2	 0 0 0 0 0 1 0 0 0 0 0 0 0 0 1 0 0 0 0 0
25	6	 0 0 0 1 0 1 0 0 0 0 0 0 0 1 0 0 0 0 0 0
25	4	 0 0 0 0 0 0 0 1 0 0 0 0 0 0 0 0 0 0 1 0
25	4	 0 0 1 0 0 0 0 0 0 0 0 0 0 1 0 0 0 0 0 0
25	2	 1 0 0 0 0 1 0 0 0 0 0 0 0 0 0 0 1 0 0 1
25	1	 1 1 0 0 0 1 0 0 0 0 0 0 0 0 0 0 1 0 0 0
25	2	 1 0 1 0 0 0 1 0 0 0 0 1 0 0 1 1 0 0 1 0
25	1	 0 0 1 0 0 0 1 0 0 0 0 0 0 0 1 1 0 0 1 0
25	1	 1 0 0 0 0 1 0 0 1 0 0 0 0 0 0 0 0 0 0 0
25	1	 0 0 1 1 0 0 1 0 0 1 0 0 0 0 0 0 1 0 0 0
25	1	 0 0 1 0 0 0 1 0 0 0 0 0 0 0 1 0 0 0 0 0
25	4	 0 0 1 0 1 0 1 0 0 1 0 1 0 0 1 1 0 0 1 0
70	42	 0 0 1 0 0 0 1 0 0 0 0 1 0 0 1 1 0 0 1 0
70	4	 1 0 0 0 0 1 0 0 0 0 0 0 0 1 0 0 0 0 0 0
70	3	 0 1 1 0 0 0 0 0 0 1 0 0 0 0 0 0 1 0 0 0
70	44	 0 0 1 0 0 0 1 0 0 0 0 1 0 0 0 0 1 0 0 0
70	40	 0 0 1 0 0 0 1 0 0 1 0 1 0 1 1 1 0 0 1 0
70	11	 0 0 1 0 1 0 1 0 0 0 0 1 0 0 1 1 0 0 1 0
70	6	 0 0 1 0 0 0 1 0 0 0 0 1 0 0 0 0 0 0 0 0
70	3	 0 0 0 0 0 0 0 1 0 0 0 0 0 0 0 0 0 0 1 0
70	27	 1 0 1 0 0 0 1 0 0 1 0 0 0 0 0 0 1 0 0 0
70	2	 0 0 0 0 0 0 0 1 0 0 0 0 0 1 1 0 1 0 1 0
70	41	 0 0 0 1 0 0 0 1 0 0 0 0 0 0 1 1 0 0 1 0
70	8	 0 0 1 0 0 0 1 0 0 0 0 0 0 0 1 1 0 0 1 0
70	4	 0 0 1 0 0 0 1 0 0 0 0 0 0 1 0 0 0 0 0 0
70	2	 0 0 1 0 0 0 0 0 0 0 0 0 0 0 0 0 0 0 0 0
70	14	 0 0 0 0 0 1 0 0 0 0 0 0 0 1 0 0 0 0 0 0
70	33	 0 0 1 0 0 0 1 0 0 1 0 1 0 1 1 0 0 0 1 0
70	2	 0 0 1 0 1 0 1 0 0 0 0 1 0 0 0 0 1 0 0 0
70	10	 0 0 1 1 0 0 0 0 0 0 0 0 0 1 0 0 0 0 0 0
70	1	 0 0 1 0 0 0 0 0 0 1 0 0 0 0 0 1 1 0 0 0
70	3	 0 0 1 0 0 0 1 0 0 0 0 1 0 0 1 1 0 0 0 0
70	7	 0 0 1 0 0 0 1 0 1 0 0 1 0 1 0 1 0 0 1 0
70	8	 0 1 0 0 0 1 0 1 0 0 1 0 0 0 0 0 0 0 1 0
70	18	 0 0 1 0 0 0 1 0 0 0 0 1 0 0 1 1 0 1 1 0
70	7	 0 0 1 0 0 1 0 0 0 0 0 0 0 1 0 0 0 0 0 0
70	16	 0 0 1 0 0 0 1 0 0 0 0 1 0 0 1 1 1 0 1 0
70	21	 1 0 1 0 0 0 0 0 0 1 0 1 0 0 0 0 0 0 1 1
70	3	 0 0 1 0 0 0 0 0 0 0 0 1 0 0 1 1 0 0 1 1
70	5	 0 0 1 0 0 1 1 0 0 0 0 1 0 0 1 1 0 0 1 0
70	13	 0 0 1 0 1 0 0 1 0 1 0 0 0 1 1 0 1 0 1 1
70	9	 1 0 1 0 1 0 1 0 0 0 0 1 0 0 1 1 0 0 1 0
70	19	 0 1 1 0 0 0 0 0 0 1 0 1 0 0 0 0 1 0 0 0
70	13	 0 0 1 0 0 0 1 0 0 0 0 0 0 0 1 1 1 0 1 0
70	3	 0 0 1 0 0 1 0 0 0 1 0 0 0 1 0 0 0 0 0 0
70	11	 0 0 0 1 0 0 1 0 0 0 0 1 0 1 0 0 1 0 0 0
70	16	 0 0 1 0 0 0 0 0 0 1 1 0 0 0 0 0 1 0 0 0
70	7	 0 0 1 0 0 0 1 0 0 0 1 1 0 0 0 0 1 0 0 0
70	12	 0 0 1 0 0 0 1 0 0 0 0 1 0 0 1 1 1 0 0 0
70	21	 0 0 0 0 0 1 0 0 0 0 0 0 0 0 1 1 0 0 1 0
70	1	 1 1 0 0 0 1 0 0 1 0 1 0 0 0 0 1 0 0 0 0
70	10	 0 0 1 0 0 0 1 0 0 1 0 1 0 0 0 1 1 0 0 0
70	13	 0 0 1 0 1 0 1 0 0 1 0 1 0 1 1 1 0 0 1 0
70	2	 0 0 0 1 0 0 0 0 0 0 0 1 0 1 1 1 0 0 1 0
70	1	 0 1 1 0 1 0 1 0 0 0 0 1 0 0 0 0 1 0 0 0
70	1	 0 0 1 1 0 0 1 0 0 0 0 1 0 0 1 1 0 0 1 0
70	3	 0 0 1 0 0 0 1 0 1 0 0 1 1 1 0 1 0 0 1 0
70	16	 0 0 1 1 0 1 1 0 0 0 0 1 0 0 1 1 0 0 1 0
70	32	 1 1 0 0 0 1 0 0 0 0 0 1 0 0 1 1 0 0 1 0
70	10	 0 1 1 0 0 0 1 0 0 1 0 1 0 0 0 0 1 0 0 0
70	29	 0 1 1 0 0 0 1 0 0 0 0 0 0 0 1 1 0 0 1 0
70	28	 0 0 1 0 0 0 1 0 0 1 0 1 0 1 0 0 0 0 0 0
70	7	 0 0 1 0 0 0 0 0 0 0 0 1 0 0 0 0 0 0 1 1
70	12	 0 0 1 0 0 0 1 0 0 0 0 1 0 0 1 0 1 0 0 1
70	16	 0 0 1 0 0 0 0 0 0 0 0 1 0 0 0 0 1 0 0 0
70	12	 0 0 1 0 0 0 1 1 0 0 0 1 0 0 1 1 0 0 1 0
70	2	 1 1 1 0 0 1 0 0 0 0 0 0 0 0 0 0 0 0 0 0
70	11	 0 0 1 0 0 0 1 0 0 0 0 0 0 1 1 1 0 0 1 0
70	10	 0 0 1 0 0 0 0 0 0 0 0 0 0 0 1 1 1 0 1 0
70	3	 0 0 1 0 0 0 0 1 0 1 0 0 0 0 0 0 1 0 0 0
70	3	 0 0 1 0 0 0 0 1 0 0 0 1 0 0 1 1 0 0 1 0
70	9	 0 0 1 0 0 0 0 1 0 0 0 0 0 0 1 1 1 0 1 0
70	21	 0 0 1 1 0 0 0 0 0 0 0 0 0 1 0 0 0 0 1 0
70	4	 0 0 1 0 0 0 0 0 0 1 0 1 0 0 1 1 0 0 1 0
70	2	 0 0 1 0 0 0 0 0 1 0 0 1 0 0 1 1 0 0 1 0
70	12	 1 0 1 0 0 0 1 0 0 1 0 1 0 1 1 0 0 0 1 0
70	1	 0 0 1 0 0 0 1 0 0 0 0 1 0 0 1 1 0 0 1 1
70	12	 0 0 1 0 0 0 1 0 0 1 0 1 0 1 1 0 0 0 0 0
70	7	 0 1 0 0 0 1 0 1 0 0 0 0 0 1 0 0 0 0 0 0
70	2	 0 0 0 0 0 0 0 1 0 1 0 0 0 1 1 0 0 0 1 0
70	6	 0 0 1 0 0 0 1 1 0 0 0 1 0 0 1 1 1 0 0 0
70	11	 0 0 1 0 0 0 0 0 0 1 1 1 0 0 0 0 1 0 0 0
70	10	 0 0 1 0 1 0 0 1 0 1 0 1 0 0 1 1 0 0 1 0
70	3	 0 0 1 0 0 0 0 0 0 0 1 1 0 0 0 0 0 0 0 0
70	11	 0 0 1 0 0 0 1 0 0 0 0 1 0 0 1 1 0 1 0 0
70	1	 1 0 1 0 0 0 0 0 0 0 0 1 0 0 0 0 0 0 1 1
70	2	 0 0 1 0 0 0 0 1 0 1 1 0 0 0 0 0 1 0 0 0
70	10	 0 0 1 0 0 0 0 0 0 1 0 1 0 0 0 0 1 0 0 0
70	13	 0 0 1 0 1 0 1 0 0 0 0 1 0 0 0 0 0 0 0 0
70	1	 1 0 1 0 0 0 1 0 0 1 0 0 0 0 0 0 1 0 0 1
70	2	 0 0 1 0 0 0 1 0 0 0 0 1 0 0 0 1 1 0 0 0
70	5	 0 0 1 0 0 0 0 0 0 1 0 0 0 1 1 0 1 0 1 0
70	1	 1 0 1 0 0 0 0 0 0 1 0 0 0 0 0 0 1 0 0 0
70	5	 1 0 1 0 0 0 1 0 0 1 1 0 0 0 0 0 1 0 0 0
70	6	 0 0 0 0 0 1 0 1 0 0 0 0 0 1 1 0 1 0 1 0
70	4	 0 1 1 0 0 0 0 0 0 1 0 1 0 1 1 0 0 0 1 0
70	1	 1 1 0 1 0 0 0 1 0 0 0 0 0 0 1 1 0 0 1 0
70	1	 0 0 1 0 0 0 1 0 0 1 1 1 0 0 0 1 0 0 1 0
70	4	 0 0 1 0 0 0 1 0 0 0 0 1 0 1 0 1 0 0 1 0
70	4	 0 0 1 0 0 0 1 0 1 0 0 1 0 0 1 1 1 0 1 0
70	7	 0 0 1 0 1 0 1 0 0 0 0 1 0 0 1 1 1 0 0 0
70	2	 0 0 0 0 0 0 1 0 0 0 0 1 0 0 0 0 1 0 0 0
70	1	 0 1 1 0 0 0 0 0 0 0 0 0 0 1 0 0 0 0 0 0
70	1	 0 0 0 1 0 0 0 1 0 0 0 1 0 0 1 1 0 0 1 0
70	2	 0 0 1 0 0 0 1 0 0 0 1 1 0 0 1 1 0 0 0 0
70	7	 0 1 1 0 0 0 0 0 0 1 0 1 0 0 0 0 1 0 1 0
70	3	 0 0 1 0 0 0 1 0 0 0 0 1 0 1 0 0 0 0 0 0
70	1	 0 0 1 0 0 0 1 0 0 0 0 0 0 0 0 0 1 0 0 0
70	2	 0 0 1 0 0 0 1 0 0 0 1 1 0 0 0 0 1 0 1 0
70	1	 1 0 1 0 1 0 1 0 0 0 0 1 0 1 0 1 0 0 1 0
70	6	 0 0 1 0 1 0 1 0 0 0 0 1 0 0 1 1 0 0 0 0
70	1	 0 0 1 0 1 0 0 1 0 1 0 1 0 0 0 1 0 0 1 0
70	4	 0 0 1 0 0 0 1 0 0 0 0 1 0 0 0 0 0 0 1 0
70	6	 0 0 0 1 0 0 0 1 0 0 0 0 0 0 1 1 0 0 0 0
70	1	 1 0 1 0 0 0 0 0 0 1 0 0 0 0 0 1 1 0 0 0
70	1	 1 1 0 0 0 1 0 0 0 0 0 1 0 0 1 1 1 0 0 0
70	2	 0 1 1 0 0 0 1 0 0 0 0 1 0 0 1 1 1 0 1 0
70	4	 0 0 1 0 0 0 0 1 0 0 0 1 0 0 0 0 1 0 0 0
70	3	 0 0 1 0 0 0 1 0 0 0 0 0 0 0 0 1 0 0 1 0
70	3	 0 0 1 0 0 0 1 0 0 0 0 0 0 0 0 0 0 0 0 0
70	3	 0 0 1 1 0 0 0 1 0 0 0 0 0 1 0 0 0 0 0 0
70	1	 0 0 1 1 0 0 0 0 0 0 0 0 0 1 1 0 0 0 0 0
70	1	 0 0 1 0 0 0 1 0 0 0 0 1 0 0 1 0 0 0 0 0
70	1	 1 0 1 0 0 0 1 0 0 0 0 1 0 0 1 1 1 0 1 0
70	1	 0 0 1 0 0 0 1 0 0 1 0 0 0 0 1 1 1 0 1 0
70	2	 0 0 0 1 0 1 1 0 0 0 0 1 0 0 1 1 0 0 1 0
70	2	 0 1 1 0 0 0 1 0 0 0 0 0 0 0 0 1 0 0 1 0
70	2	 0 1 1 0 0 0 1 0 0 1 0 1 0 1 1 0 0 0 0 0
70	2	 1 0 0 0 0 1 0 0 0 0 0 0 0 1 0 0 0 0 1 0
70	2	 0 0 1 0 0 0 1 0 0 1 0 1 0 1 0 0 0 0 1 0
70	1	 0 0 1 0 0 0 1 0 0 0 0 1 0 1 1 1 0 0 1 0
70	2	 0 0 1 0 0 0 0 0 0 1 1 1 0 1 1 1 0 0 1 0
70	1	 0 1 1 0 0 0 1 0 0 0 0 0 0 0 1 0 1 0 0 1
70	1	 0 0 1 0 0 0 1 0 0 1 0 1 0 1 0 0 1 0 0 0
70	1	 0 0 0 0 0 1 0 0 0 0 0 0 1 1 0 0 0 0 0 0
70	1	 0 1 1 0 0 0 1 0 0 1 0 1 0 1 1 0 0 0 1 0
70	2	 1 0 1 0 0 0 0 0 0 1 0 1 0 0 0 0 0 0 1 0
70	2	 0 1 1 0 0 0 0 0 0 1 0 1 0 1 0 0 1 0 0 0
70	1	 0 0 1 0 0 0 1 1 0 0 0 0 0 0 1 1 1 0 1 0
70	1	 1 0 0 0 0 1 0 0 0 0 0 0 0 0 1 1 0 0 1 0
70	2	 0 0 1 0 0 0 1 0 1 0 0 1 0 0 1 0 1 0 0 1
70	2	 0 0 1 0 0 0 0 0 0 0 0 0 0 0 0 0 1 0 0 0
70	4	 0 0 1 1 1 0 0 0 0 0 0 0 0 1 0 0 0 0 1 0
70	1	 1 1 0 1 0 0 0 1 0 0 0 0 0 1 1 1 0 0 1 0
70	1	 0 0 0 0 0 0 1 0 0 0 0 1 0 1 0 0 1 0 0 0
135	12	 0 0 1 0 0 0 1 0 0 0 0 1 0 0 1 1 0 0 1 0
135	24	 0 0 1 0 0 0 1 0 0 1 0 1 0 1 1 1 0 0 1 0
135	8	 0 0 0 1 0 0 0 1 0 0 0 0 0 0 1 1 0 0 1 0
135	6	 0 0 1 0 1 0 1 0 0 0 0 1 0 0 0 0 1 0 0 0
135	2	 0 0 1 0 0 0 1 0 0 1 0 1 0 0 0 1 1 0 0 0
135	1	 0 0 1 1 0 1 1 0 0 0 0 1 0 0 1 1 0 0 1 0
135	15	 0 0 1 0 0 0 1 0 0 1 0 1 0 1 0 0 0 0 0 0
135	7	 0 0 1 0 0 0 0 1 0 1 0 0 0 0 0 0 1 0 0 0
135	42	 0 0 1 0 0 0 0 0 0 1 1 1 0 0 0 0 1 0 0 0
135	16	 0 0 1 0 0 0 0 0 0 1 0 1 0 0 0 0 1 0 0 0
135	3	 0 0 1 0 0 0 1 0 0 1 1 1 0 0 0 1 0 0 1 0
135	4	 1 1 0 0 0 0 0 0 0 0 0 1 0 0 1 1 0 0 1 0
135	3	 0 0 1 1 1 0 1 0 0 0 0 1 0 0 0 0 0 0 0 0
135	6	 0 0 1 0 0 0 0 0 0 1 0 1 0 1 1 0 0 0 1 0
135	10	 0 0 1 0 0 0 0 0 0 1 0 1 0 1 0 0 0 0 0 0
135	102	 1 0 1 0 0 0 1 0 0 1 0 1 0 1 1 0 0 0 0 0
135	9	 0 1 1 0 0 0 1 0 0 1 0 1 0 1 1 1 0 0 1 0
135	8	 0 0 1 0 0 0 1 0 0 1 0 1 0 1 1 0 1 0 1 0
135	21	 0 0 1 0 0 0 1 0 0 1 1 1 0 1 1 1 0 0 1 0
135	17	 1 0 1 0 0 0 1 0 1 1 1 1 0 0 0 1 0 0 1 0
135	24	 1 0 1 0 0 0 1 0 0 1 1 1 0 0 0 0 1 0 0 0
135	7	 0 0 1 0 0 0 1 0 0 0 0 1 1 0 1 1 0 0 0 0
135	5	 0 0 1 0 1 0 1 1 0 1 0 0 0 0 0 0 1 0 0 1
135	39	 1 0 1 0 0 0 1 0 0 1 0 1 0 1 0 0 0 0 0 0
135	2	 0 0 1 0 0 0 0 1 0 1 1 1 0 1 0 0 1 0 0 0
135	5	 0 0 1 1 0 0 0 0 0 1 1 1 0 0 0 0 1 0 1 0
135	11	 0 1 1 0 0 0 1 0 0 1 1 1 0 0 0 0 1 0 0 0
135	12	 1 0 1 0 1 0 1 0 0 1 0 0 0 1 1 1 0 0 1 0
135	11	 0 0 1 0 0 1 0 0 0 1 1 1 0 0 0 0 1 0 0 0
135	1	 1 0 1 0 0 0 1 0 1 0 1 1 0 0 0 1 0 0 1 0
135	8	 0 0 1 0 1 0 1 0 1 0 0 1 0 0 1 0 1 0 0 0
135	4	 0 1 1 0 0 1 0 0 0 1 0 0 0 1 0 0 0 0 0 0
135	20	 0 0 0 0 0 0 1 0 0 1 0 1 0 1 0 0 0 0 0 0
135	23	 0 0 0 0 0 1 1 0 0 1 0 1 0 1 0 0 0 0 0 0
135	4	 0 0 1 0 0 0 1 0 0 1 0 1 0 0 1 0 0 0 0 0
135	2	 0 0 1 1 1 0 0 1 0 1 0 1 0 1 0 0 0 0 1 0
135	17	 0 0 1 0 0 0 1 0 0 0 0 1 0 0 1 1 1 0 0 1
135	10	 1 0 1 0 0 0 1 0 0 1 1 1 0 0 0 1 1 0 0 0
135	7	 1 0 1 0 0 0 1 0 1 0 1 1 0 0 0 1 0 0 0 0
135	2	 0 0 1 0 0 1 0 1 0 0 0 1 0 1 1 0 0 0 0 0
135	3	 0 0 1 0 0 1 0 0 0 1 0 1 0 1 0 0 0 0 0 0
135	1	 1 0 1 0 0 0 1 0 0 1 0 1 0 1 1 0 0 0 0 1
135	3	 0 0 1 0 0 0 0 1 0 1 1 0 0 0 1 0 1 0 0 0
135	10	 1 0 1 0 0 0 0 1 0 1 0 0 0 0 0 0 1 0 0 0
135	12	 0 0 1 0 0 0 1 0 0 1 0 1 0 1 0 0 0 0 1 0
135	12	 0 1 1 0 0 0 1 0 0 1 0 1 0 0 0 0 1 0 0 0
135	6	 1 0 1 1 0 0 1 0 0 1 1 0 0 0 0 1 1 0 0 0
135	1	 0 0 1 1 0 0 0 0 0 0 0 1 0 0 1 1 0 0 1 0
135	11	 0 0 1 0 1 0 1 0 0 1 0 1 0 1 0 0 0 0 0 0
135	2	 0 0 0 1 0 0 1 0 0 1 0 1 0 1 0 0 0 0 0 0
135	17	 0 0 1 0 0 0 1 0 0 1 1 1 0 1 1 0 0 0 1 0
135	8	 0 0 1 0 0 0 1 0 0 0 0 1 0 0 0 1 1 0 0 0
135	2	 0 0 1 0 0 0 1 0 0 1 0 1 1 1 0 0 0 0 0 0
135	2	 0 1 0 0 0 0 0 0 0 0 0 1 0 0 0 0 1 0 0 0
135	8	 1 0 1 1 0 0 1 0 0 1 0 1 0 1 0 0 0 0 0 0
135	4	 0 0 1 0 0 0 1 0 0 0 0 1 0 0 1 0 0 0 0 0
135	1	 1 0 1 0 0 0 1 0 0 1 0 1 0 1 0 0 0 1 0 0
135	9	 1 0 0 0 0 0 1 0 0 1 0 1 0 1 0 0 0 0 0 0
135	3	 0 0 1 1 0 0 0 1 0 1 0 0 0 1 1 1 1 0 1 1
135	6	 0 0 1 0 1 0 1 0 0 0 0 1 0 0 0 0 1 0 0 1
135	1	 1 1 1 0 0 0 1 0 0 1 0 1 0 1 1 0 0 0 0 0
135	9	 1 0 1 0 0 0 1 0 0 1 1 1 0 1 1 0 0 0 0 0
135	1	 0 0 1 0 1 0 1 0 1 0 0 1 0 0 0 0 1 0 0 0
135	11	 0 1 1 0 0 0 1 0 0 1 0 1 0 0 1 0 1 0 0 0
135	2	 0 0 1 0 0 0 1 0 0 1 1 1 0 0 1 0 0 0 0 0
135	4	 0 0 1 0 0 0 1 0 0 1 0 1 1 1 1 0 0 0 0 0
135	11	 1 0 1 0 0 0 1 0 0 1 0 1 0 1 1 0 0 0 1 0
135	3	 0 0 1 0 0 0 0 0 0 0 1 1 0 0 0 0 1 0 0 0
135	4	 1 0 1 0 0 0 1 0 0 1 1 1 0 1 0 0 0 1 0 0
135	3	 0 0 1 0 1 0 1 0 0 1 0 0 0 1 1 1 0 0 1 0
135	9	 0 0 1 0 0 0 1 0 0 1 1 1 0 1 1 1 0 0 0 0
135	2	 0 0 1 0 0 0 1 0 0 1 1 1 0 1 1 0 0 0 0 0
135	1	 0 0 1 1 1 0 0 1 0 1 1 1 0 1 1 0 0 0 0 0
135	13	 0 0 1 0 0 0 1 0 1 1 0 1 0 1 0 0 0 0 0 0
135	20	 0 0 1 1 0 1 0 1 0 0 0 0 0 1 1 0 1 0 1 0
135	5	 0 0 1 1 1 0 0 1 0 1 0 0 1 1 1 0 1 0 1 1
135	20	 0 0 0 0 0 1 1 0 0 1 0 1 0 1 0 0 0 0 0 1
135	3	 0 1 1 0 0 0 1 0 0 1 0 1 0 0 0 0 1 0 1 0
135	15	 1 0 1 0 0 0 1 0 1 1 0 1 0 1 0 0 0 0 0 0
135	5	 1 0 1 0 0 0 1 0 0 1 1 1 0 1 0 0 1 0 0 0
135	2	 1 0 1 0 0 0 1 0 1 1 1 1 0 0 0 0 1 0 0 0
135	3	 0 0 1 0 0 0 0 0 0 1 1 1 0 0 0 0 1 1 0 0
135	6	 1 0 1 0 0 0 1 0 0 0 0 1 0 1 1 0 0 0 0 0
135	5	 1 1 1 1 0 0 1 0 0 1 1 0 0 0 0 1 1 0 0 0
135	6	 0 0 0 0 0 1 1 0 0 1 0 1 0 1 1 0 0 0 0 0
135	1	 0 1 1 0 0 0 1 0 0 1 1 1 0 1 1 1 0 0 1 0
135	2	 1 0 1 0 0 0 1 1 0 1 0 1 0 1 0 0 0 0 0 0
135	10	 0 1 1 0 1 0 1 0 0 1 0 1 0 1 0 0 0 0 0 0
135	2	 1 0 1 0 0 0 1 0 0 1 0 1 0 0 0 1 0 1 0 0
135	10	 0 0 1 0 0 0 0 0 0 1 1 1 0 0 0 0 1 0 1 0
135	7	 0 1 1 0 0 0 1 0 0 1 0 1 0 1 0 0 0 0 0 0
135	1	 1 0 1 0 0 0 1 0 0 0 0 1 0 0 1 1 0 0 1 0
135	6	 1 0 1 0 0 0 1 0 1 1 1 1 0 0 0 1 0 0 0 0
135	2	 0 1 1 0 0 1 0 0 0 1 0 0 0 0 0 0 0 0 0 0
135	1	 0 0 1 0 0 1 1 0 0 1 0 1 1 1 1 0 0 0 0 0
135	1	 0 0 1 0 0 0 1 0 0 1 0 1 0 0 1 1 0 0 1 0
135	6	 1 0 1 1 0 0 1 0 0 1 1 0 0 1 1 0 0 0 0 0
135	9	 0 1 1 0 0 0 0 0 0 1 1 1 0 0 0 1 0 1 0 0
135	2	 0 0 1 0 0 0 1 0 0 1 1 1 0 0 0 0 1 0 0 0
135	6	 0 0 1 0 0 0 0 1 0 1 0 0 0 0 0 0 1 0 1 0
135	5	 0 0 1 0 0 0 1 0 0 1 1 1 0 0 0 0 0 0 0 0
135	10	 1 0 1 0 0 0 0 0 0 1 1 1 0 0 0 1 0 1 0 0
135	1	 0 0 1 1 0 1 0 1 0 1 1 1 0 1 1 0 0 0 0 0
135	1	 0 0 1 0 0 0 1 0 0 1 0 1 0 1 0 0 0 0 0 1
135	5	 0 0 1 0 0 1 0 0 0 1 0 1 0 1 1 0 0 0 1 0
135	10	 0 1 1 0 0 0 1 0 1 1 0 1 0 1 1 1 0 0 1 0
135	2	 0 0 1 0 0 0 1 0 0 1 1 1 0 1 1 0 0 0 1 1
135	6	 0 0 1 0 0 0 1 0 0 0 0 0 0 0 1 0 0 0 0 0
135	2	 1 0 1 0 0 1 1 0 0 1 0 1 0 1 1 1 0 0 0 0
135	1	 1 0 1 0 0 0 1 0 0 1 0 1 0 1 1 0 1 0 0 0
135	1	 1 0 1 0 0 0 1 0 0 1 0 1 1 0 1 1 0 0 0 0
135	3	 0 0 1 0 0 0 1 0 0 1 0 1 0 0 0 0 1 0 0 0
135	2	 0 0 1 0 0 0 1 0 0 1 0 1 0 0 1 0 0 0 1 0
135	3	 1 0 1 0 1 0 1 0 0 0 0 1 0 0 0 0 1 0 0 0
135	2	 0 0 1 0 1 0 1 0 0 1 0 0 0 1 1 0 1 0 0 0
135	2	 0 0 1 0 0 0 0 0 0 1 1 1 1 0 0 0 1 0 0 0
135	3	 0 0 1 0 0 0 0 0 0 0 0 1 0 0 0 0 1 0 0 0
135	2	 0 0 0 0 0 1 1 0 1 1 0 1 0 1 0 0 0 0 0 0
135	4	 1 0 1 0 0 0 1 0 0 1 0 1 0 0 1 1 0 0 0 0
135	3	 0 0 1 0 0 0 1 0 0 1 0 1 0 1 1 0 0 0 0 0
135	1	 0 0 1 0 1 0 1 1 0 1 0 0 0 0 0 0 1 0 1 0
135	2	 0 1 1 0 0 0 1 0 0 1 0 1 0 1 1 0 0 0 0 0
135	1	 0 1 1 0 1 0 1 0 0 1 0 0 0 1 0 0 0 0 0 0
135	1	 0 0 1 0 0 0 0 0 0 1 0 1 0 0 0 0 1 1 0 0
135	1	 0 1 1 1 1 0 1 0 0 0 0 1 0 0 0 0 0 0 0 0
135	2	 0 0 1 0 0 0 1 0 0 1 1 1 1 1 1 1 0 0 1 0
135	4	 1 0 1 0 0 1 1 0 0 1 0 1 0 1 0 0 0 0 0 0
135	3	 0 0 0 0 0 1 1 0 0 1 1 1 0 1 0 0 0 0 0 0
135	5	 0 0 1 0 0 0 1 1 0 1 0 1 1 1 0 0 0 0 0 0
135	2	 1 0 1 0 0 0 1 0 0 1 1 1 0 1 0 0 0 0 0 0
135	3	 0 0 1 0 0 0 0 0 0 0 1 1 0 0 0 1 1 0 0 0
135	1	 0 0 1 1 1 0 0 1 0 1 1 1 0 0 1 0 0 0 0 0
135	1	 0 0 1 1 0 1 0 0 0 0 0 0 0 1 1 0 1 0 1 0
135	2	 0 0 1 1 0 0 0 1 0 1 0 0 1 1 1 0 1 0 1 1
135	3	 0 0 1 0 1 0 1 0 0 1 0 1 0 1 1 0 0 0 0 0
135	1	 1 0 1 1 0 0 1 0 0 1 0 1 0 0 0 0 1 0 0 0
135	1	 0 0 0 0 0 1 1 0 0 1 1 1 0 0 0 0 1 0 0 0
135	2	 0 0 0 0 0 1 1 0 0 1 0 1 0 1 1 1 0 0 1 0
135	3	 1 0 1 0 0 0 1 0 0 1 0 1 0 0 0 0 1 0 0 0
135	2	 0 0 1 1 0 0 1 0 0 1 0 1 0 1 1 1 0 0 1 0
135	2	 0 0 1 0 0 0 1 0 0 1 1 1 0 1 1 1 1 0 1 0
135	1	 1 1 1 0 0 0 1 0 1 1 1 1 0 0 0 1 0 0 1 0
135	1	 0 0 1 0 1 0 1 0 1 0 0 1 0 0 1 0 1 1 0 0
135	1	 0 0 1 0 0 0 1 0 0 0 0 1 0 0 1 1 1 1 0 1
135	2	 0 0 1 0 1 1 1 0 0 1 0 0 0 1 1 1 0 0 1 0
135	1	 0 1 1 0 0 0 1 0 0 1 1 1 0 1 1 0 0 0 0 0
135	2	 0 1 0 0 0 1 0 0 0 1 0 0 0 0 0 0 0 0 0 0
250	3	 0 1 1 0 0 0 0 0 0 1 1 1 0 0 0 1 0 1 0 0
250	5	 0 0 1 0 0 0 0 0 0 1 1 1 0 0 0 0 0 0 0 0
250	59	 0 0 1 1 0 0 0 0 0 1 1 1 0 1 1 1 0 0 0 0
250	11	 0 0 1 1 0 0 1 0 0 1 0 1 0 0 1 0 0 0 0 0
250	20	 1 0 1 0 0 1 1 0 0 1 1 1 0 0 0 0 1 0 0 0
250	5	 0 0 1 1 0 1 0 1 0 1 0 1 0 1 1 0 0 0 0 0
250	22	 0 1 1 0 0 0 0 1 0 1 1 1 0 1 0 0 0 0 0 0
250	22	 1 0 1 1 0 0 1 0 1 1 1 1 0 1 0 0 0 0 0 0
250	36	 0 0 1 1 0 0 0 0 0 1 0 0 0 1 1 0 0 0 0 0
250	24	 0 0 1 1 0 0 0 0 0 1 1 0 0 1 1 1 0 0 0 0
250	5	 0 0 1 0 0 0 1 0 0 1 0 1 0 0 0 0 1 0 0 0
250	1	 0 1 1 0 0 0 0 1 0 0 1 1 0 1 0 0 1 0 0 0
250	3	 0 0 1 1 0 0 1 0 0 0 1 1 0 1 1 1 0 0 0 0
250	15	 0 0 1 1 0 0 0 1 0 1 1 1 0 1 0 0 0 0 0 0
250	4	 0 0 1 0 0 1 0 1 0 1 0 1 0 1 1 0 0 0 0 0
250	8	 0 0 1 1 0 0 1 0 0 1 1 1 0 0 0 0 0 0 0 0
250	8	 0 0 1 1 0 1 0 0 0 1 1 1 0 1 1 1 0 0 1 0
250	4	 1 1 1 0 0 0 1 1 0 1 0 1 0 0 0 0 1 0 0 1
250	8	 0 0 1 1 1 0 0 1 0 1 0 1 0 1 0 0 1 0 0 0
250	3	 0 0 1 0 0 0 0 0 0 1 1 1 0 1 0 1 0 0 0 0
250	6	 1 0 1 0 0 0 1 0 1 1 0 1 0 1 1 0 0 0 0 0
250	3	 0 0 1 1 0 0 0 0 1 1 1 1 0 1 1 1 0 0 0 0
250	13	 0 0 1 1 0 0 1 0 0 1 1 1 0 0 0 0 0 0 0 1
250	7	 1 0 1 0 0 1 1 0 0 1 1 1 0 0 0 0 0 0 0 0
250	18	 0 0 1 0 0 0 0 0 0 1 1 1 0 0 0 1 0 1 0 0
250	3	 0 0 1 1 0 0 1 0 0 1 0 1 0 0 0 0 0 0 0 0
250	12	 0 0 1 1 0 0 1 0 0 1 1 1 0 0 0 0 1 0 0 1
250	18	 0 0 1 1 0 0 0 0 0 1 1 1 0 1 1 1 1 0 0 0
250	9	 0 0 1 1 0 0 0 0 0 1 1 1 0 0 0 0 0 0 0 0
250	3	 0 0 1 1 0 0 1 0 0 1 1 1 0 0 0 1 0 0 0 0
250	19	 1 0 1 1 0 0 0 0 0 1 1 1 0 1 1 1 0 0 1 0
250	19	 0 0 1 1 0 1 0 0 0 1 1 1 0 0 0 0 0 0 0 0
250	18	 0 1 1 1 0 1 0 0 0 1 1 1 0 1 1 1 0 0 1 0
250	11	 0 0 1 1 0 0 0 0 0 1 0 0 0 1 1 1 0 0 0 0
250	6	 0 1 1 0 0 0 0 1 1 1 1 1 1 1 0 1 0 0 0 0
250	1	 0 0 1 1 1 0 0 0 0 1 1 1 0 0 0 0 1 1 0 1
250	11	 0 1 1 0 0 0 0 1 0 0 1 1 0 1 1 1 0 0 0 0
250	43	 0 0 1 1 0 1 0 0 0 1 1 1 0 1 1 1 1 0 0 0
250	8	 0 0 1 1 0 0 1 0 1 1 1 1 0 1 1 1 0 0 0 0
250	4	 0 1 1 1 0 0 0 0 0 1 1 1 0 1 1 1 0 0 0 0
250	1	 0 0 1 1 1 0 1 0 0 1 0 1 0 0 1 0 0 0 0 0
250	2	 0 0 1 1 0 0 0 1 0 1 1 1 0 1 0 1 0 0 1 0
250	6	 0 0 1 1 0 1 0 0 0 1 1 1 0 0 1 1 0 0 1 0
250	21	 1 0 1 1 0 0 0 0 0 1 1 1 1 1 1 1 0 0 0 0
250	5	 0 0 1 1 0 0 1 1 0 1 0 1 0 0 1 0 0 0 0 0
250	8	 0 0 1 1 0 0 1 0 0 1 0 1 0 0 0 0 1 0 1 0
250	19	 0 0 1 1 0 1 0 0 1 1 1 1 0 1 1 1 0 0 1 0
250	2	 0 0 1 0 0 0 0 0 0 1 1 1 0 0 0 1 0 0 0 0
250	4	 0 0 1 0 0 0 1 0 0 1 0 1 0 1 0 0 1 0 0 0
250	9	 0 0 1 0 0 1 1 0 0 1 1 1 0 0 0 0 0 0 0 0
250	2	 1 0 1 0 0 0 0 0 0 1 1 1 0 0 0 0 1 0 0 0
250	10	 1 0 1 0 0 1 1 0 0 1 1 1 0 1 0 0 0 0 0 0
250	19	 0 0 1 1 1 0 1 0 0 0 1 1 0 1 1 1 0 0 0 0
250	6	 0 1 1 1 0 0 0 1 0 1 1 1 0 1 0 0 0 0 0 0
250	5	 1 0 1 0 0 0 1 0 0 1 0 1 0 0 0 0 1 0 0 0
250	7	 0 0 1 1 0 0 0 1 0 1 1 1 0 1 1 1 1 0 0 0
250	11	 0 0 1 0 0 0 1 0 0 0 1 1 0 1 1 1 0 0 0 0
250	25	 0 0 1 1 0 1 0 0 0 1 1 1 1 1 1 1 1 0 0 0
250	12	 1 0 1 1 0 0 0 0 0 1 1 1 0 1 0 0 0 0 0 0
250	11	 0 0 1 1 0 0 0 0 1 1 0 1 0 0 0 0 1 1 0 1
250	6	 0 0 1 1 0 0 1 0 0 1 0 1 0 1 1 1 0 0 1 0
250	6	 0 0 1 1 0 0 0 0 0 1 1 1 0 1 1 0 0 0 0 0
250	5	 1 1 1 1 0 0 1 1 1 1 1 1 0 1 0 0 0 0 0 0
250	5	 0 0 1 1 1 0 1 0 0 1 0 1 0 0 1 1 0 0 0 0
250	3	 1 0 1 1 0 0 0 0 0 1 1 0 0 1 1 1 0 0 0 0
250	5	 0 1 1 1 0 1 0 0 0 1 1 1 0 1 1 1 1 0 0 0
250	3	 0 1 1 1 0 0 1 0 0 1 0 1 0 0 0 0 1 0 0 0
250	1	 0 1 1 0 0 0 0 0 0 1 1 1 0 0 0 1 0 0 0 1
250	2	 0 0 1 1 0 0 1 0 0 1 0 1 0 1 1 0 0 0 0 0
250	2	 0 1 1 1 0 1 1 0 1 1 0 1 0 0 0 0 1 1 0 1
250	3	 0 0 1 1 0 0 1 0 0 1 1 1 0 1 0 0 0 0 0 0
250	3	 1 0 1 0 0 1 1 0 0 1 1 1 0 0 0 0 1 0 0 1
250	3	 0 0 1 0 0 0 0 0 0 1 1 0 0 1 1 1 0 0 0 0
250	2	 0 0 1 1 0 0 1 1 0 1 1 1 0 0 0 0 0 0 0 1
250	3	 0 0 1 1 0 1 1 0 0 1 0 1 0 0 0 0 0 0 0 0
250	3	 0 0 1 1 0 0 0 0 0 1 1 1 0 0 1 1 1 0 0 0
250	6	 0 1 1 1 0 0 0 0 0 1 1 1 0 1 1 1 0 0 1 0
250	8	 1 0 1 1 0 0 0 0 0 1 1 1 1 1 1 1 1 0 0 0
250	1	 0 1 1 0 0 0 0 0 0 1 1 1 1 1 1 1 0 0 0 0
250	2	 0 0 1 1 1 0 0 1 0 1 0 1 0 1 0 0 1 0 0 1
250	9	 1 0 1 1 0 0 0 0 0 1 1 1 1 1 0 1 0 0 0 0
250	3	 0 0 1 1 0 0 1 0 0 1 0 1 1 0 0 0 1 0 1 0
250	3	 1 0 0 1 0 1 0 0 0 1 1 1 0 1 1 0 0 0 0 0
250	1	 0 0 1 1 0 0 0 0 0 1 1 0 0 1 0 0 0 0 0 0
250	2	 0 1 1 1 0 1 0 0 0 1 1 1 0 1 0 0 0 0 0 0
250	1	 1 0 1 1 1 0 0 1 0 1 0 1 0 1 0 1 1 0 0 0
250	11	 0 1 1 1 0 0 1 0 0 1 0 1 0 0 1 0 0 0 0 0
250	12	 1 1 1 0 0 1 1 0 0 1 1 1 0 0 0 0 1 0 0 0
250	5	 0 0 1 1 0 0 0 0 0 1 1 0 0 1 1 1 1 0 0 0
250	9	 0 0 1 1 0 0 1 0 0 1 0 1 0 0 0 0 0 0 0 1
250	3	 0 0 1 1 0 0 1 0 1 1 1 1 1 1 1 1 0 0 0 0
250	6	 0 1 1 1 0 0 1 1 0 1 0 1 0 0 1 0 0 0 1 0
250	6	 1 0 1 0 0 1 1 0 0 1 1 1 0 0 1 0 0 0 0 0
250	4	 0 0 1 1 0 0 1 0 0 1 0 1 0 1 1 1 0 0 0 0
250	5	 0 0 1 1 0 0 0 0 0 1 1 1 0 1 1 1 0 0 1 0
250	1	 1 0 1 0 0 0 1 0 0 1 0 1 0 1 0 0 0 0 0 0
250	4	 1 1 1 0 0 0 0 1 0 1 1 1 0 1 0 0 0 0 0 0
250	5	 0 1 1 0 0 0 0 1 0 1 1 1 0 1 0 0 0 0 0 1
250	2	 0 1 1 0 0 0 0 1 1 1 1 1 1 1 0 1 1 0 0 0
250	4	 0 0 1 1 0 1 0 0 0 1 1 1 0 1 1 1 0 0 0 0
250	4	 0 1 1 1 0 1 0 0 0 1 1 1 0 1 1 1 0 0 0 0
250	2	 1 0 1 1 0 0 1 1 1 1 1 1 0 1 1 1 0 0 1 0
250	4	 0 0 1 1 0 0 0 0 0 1 1 1 0 1 0 1 0 0 0 0
250	8	 1 1 1 1 0 0 0 0 0 1 1 1 0 1 1 1 1 0 0 0
250	1	 0 1 1 1 0 0 0 0 0 1 0 0 0 1 1 0 0 0 0 0
250	4	 0 1 1 1 0 1 0 0 0 1 1 1 0 1 1 1 1 0 1 0
250	2	 1 0 1 1 0 0 0 0 0 1 1 1 0 0 1 1 1 0 0 0
250	2	 0 0 1 1 0 0 0 0 0 1 1 1 0 1 0 0 0 0 0 0
250	2	 0 0 1 1 0 0 1 0 1 1 0 1 0 1 1 0 0 0 0 0
250	4	 1 0 0 1 0 0 0 0 0 1 1 1 0 1 1 1 0 0 1 0
250	1	 1 0 1 1 0 0 1 0 0 1 1 0 0 1 1 1 0 0 0 0
250	3	 0 0 1 0 0 0 0 0 0 1 1 1 0 0 0 1 0 0 0 1
250	2	 1 0 1 1 0 0 1 0 1 1 1 1 0 1 0 0 0 0 0 1
250	5	 1 0 1 1 0 0 0 0 0 1 0 0 0 1 1 0 0 0 0 0
250	3	 0 0 1 0 0 0 0 0 0 1 1 1 0 0 0 1 1 0 0 1
250	2	 0 1 1 0 0 0 0 0 0 1 1 1 0 1 1 1 0 0 1 0
250	3	 0 0 1 1 0 0 1 0 0 1 0 0 0 0 1 0 0 0 0 0
250	6	 0 0 1 1 0 0 0 1 1 1 1 1 0 1 0 0 0 0 0 0
250	4	 1 0 1 0 0 0 1 0 1 1 1 1 0 1 1 0 0 0 0 0
250	1	 0 0 1 1 0 0 0 0 1 1 1 1 0 1 1 1 1 0 0 0
250	3	 1 0 1 1 0 0 0 0 0 1 1 1 0 0 1 1 0 0 1 0
250	9	 0 1 1 1 0 0 0 1 0 1 0 1 0 1 0 0 0 0 0 0
250	1	 1 0 1 0 0 0 0 0 0 1 0 1 0 0 0 0 1 0 0 0
250	3	 0 0 1 1 0 0 1 0 1 1 1 1 1 0 1 1 0 0 0 0
250	3	 1 0 1 1 0 0 0 0 0 1 1 1 1 1 1 1 0 0 1 0
250	1	 0 0 1 1 0 0 1 0 0 1 0 1 0 0 1 1 0 0 0 0
250	2	 0 0 1 1 1 0 0 1 0 1 1 1 0 1 0 0 0 0 0 0
250	1	 1 0 0 1 0 0 0 0 0 1 1 1 0 1 1 0 0 0 0 0
250	1	 0 1 1 0 0 1 0 0 0 1 1 1 0 0 0 1 0 1 0 0
250	1	 0 0 1 0 0 0 1 0 0 1 1 1 0 0 0 0 1 0 0 0
250	2	 0 0 1 1 0 0 0 1 0 1 1 1 0 0 0 0 0 0 0 0
250	1	 1 0 1 1 0 0 1 0 0 1 1 1 0 0 0 0 0 0 0 1
250	2	 0 1 1 0 1 0 0 0 0 1 1 1 0 0 0 1 0 0 0 0
250	2	 0 0 1 0 0 0 1 0 0 0 1 1 0 1 1 0 0 0 0 0
250	2	 1 1 1 1 0 0 1 0 0 1 0 1 0 0 1 0 0 0 0 0
250	1	 1 0 1 1 0 1 1 1 1 1 1 1 0 1 1 1 0 0 1 0
250	1	 0 1 1 0 0 0 1 0 0 1 1 1 0 0 0 0 0 0 0 0
250	1	 1 0 1 1 0 1 0 0 1 1 1 1 0 1 1 1 0 0 1 0
250	1	 0 0 1 0 0 1 1 0 0 1 1 1 0 1 0 0 0 0 0 0
250	1	 0 1 1 0 0 0 0 0 0 1 1 1 0 0 1 1 0 1 0 0
250	1	 0 0 1 1 0 0 0 0 0 1 1 1 0 1 1 1 0 1 0 0
250	2	 0 0 1 1 0 0 1 0 0 1 1 1 0 0 1 0 0 0 0 0
250	1	 0 0 1 1 0 0 0 0 0 0 0 0 0 1 1 0 0 0 0 0
250	7	 0 1 1 0 0 0 0 0 0 1 1 1 0 0 1 1 0 0 0 0
250	1	 0 0 1 1 0 1 0 0 0 1 1 0 0 1 1 1 1 0 0 0
250	1	 1 0 1 1 0 0 0 0 0 1 1 1 1 1 1 1 0 1 0 0
250	3	 0 0 1 1 0 1 0 0 1 1 1 1 0 1 1 0 0 0 1 0
250	3	 0 0 1 0 0 1 1 0 0 1 1 1 0 0 0 0 1 0 0 0
250	1	 1 0 0 0 0 0 1 0 0 1 0 1 0 0 0 0 1 0 0 0
250	2	 0 0 1 1 0 1 1 0 0 1 1 1 1 1 1 1 1 0 0 0
250	3	 0 0 1 1 0 0 0 0 0 1 0 0 0 1 1 1 1 0 0 0
250	1	 0 1 1 1 0 1 0 1 1 1 1 1 0 1 0 0 0 0 0 0
250	1	 0 0 1 1 0 0 1 0 1 1 1 1 0 1 1 1 0 0 1 0
250	1	 1 0 1 1 0 0 0 1 0 1 1 1 0 1 0 0 0 0 0 0
250	1	 1 0 1 1 0 0 1 0 0 1 0 1 0 0 1 0 0 0 0 0
250	1	 0 0 1 1 0 0 1 1 0 1 1 1 0 1 0 0 0 0 0 0
250	1	 1 0 1 1 0 0 0 0 0 1 1 1 0 1 1 1 1 0 1 0
250	2	 0 0 1 1 1 1 0 0 0 1 1 1 0 1 1 1 1 0 0 0
250	1	 0 0 1 1 0 1 0 0 0 1 1 1 0 0 0 1 0 0 1 0
250	1	 0 0 0 1 0 1 0 0 1 1 1 1 0 1 1 1 0 0 1 0
250	2	 1 0 1 0 0 1 1 0 0 1 1 1 0 1 1 0 0 0 0 0
250	1	 0 0 1 1 1 0 1 0 0 0 1 1 0 1 1 1 0 1 0 0
250	1	 1 0 1 1 0 0 0 0 0 1 1 1 0 1 0 1 0 0 0 0
250	2	 0 0 1 1 0 0 1 1 0 1 1 1 1 0 0 0 0 0 0 1
250	1	 1 0 1 1 0 0 0 1 0 1 1 1 1 1 1 1 1 0 0 0
250	2	 1 1 1 0 0 0 0 0 0 1 1 1 1 1 1 1 0 0 0 0
250	1	 0 1 1 0 0 1 0 0 0 1 1 1 0 0 0 1 0 0 0 0
250	2	 0 0 1 0 0 1 1 0 0 1 1 1 1 0 0 0 1 0 0 0
400	2	 1 1 1 0 0 0 0 1 0 1 1 1 0 1 0 0 0 0 0 0
400	44	 1 1 1 1 0 0 0 0 0 1 1 1 0 1 1 1 0 0 0 0
400	69	 1 1 1 1 0 1 0 0 0 1 1 1 0 1 1 1 0 0 0 0
400	29	 1 1 1 1 0 0 0 0 0 1 1 1 0 1 0 0 0 0 0 0
400	1	 1 0 1 1 0 0 1 0 0 1 1 1 0 1 0 0 0 0 0 0
400	6	 1 1 1 1 0 0 0 1 0 0 1 1 0 1 1 0 0 0 0 0
400	5	 0 1 1 1 0 0 1 0 0 1 1 0 0 0 1 1 0 0 0 0
400	50	 1 1 1 1 0 0 1 0 0 1 1 1 0 1 0 0 0 0 0 0
400	21	 0 1 1 1 0 0 0 0 0 1 1 1 0 1 0 0 0 0 0 0
400	14	 0 1 1 1 0 0 1 0 0 1 1 1 0 1 1 1 0 0 0 1
400	14	 1 1 1 1 0 0 1 1 0 1 0 1 0 1 1 1 1 0 0 1
400	16	 1 1 1 1 0 1 0 1 0 1 1 1 0 1 0 0 0 0 0 0
400	10	 1 1 1 0 0 0 0 0 0 1 1 1 1 1 0 0 0 0 0 0
400	11	 1 1 1 0 0 0 0 1 1 1 1 1 0 1 0 1 0 0 1 0
400	35	 0 1 1 1 0 0 1 0 0 1 1 0 0 1 0 1 0 0 0 0
400	15	 1 1 1 0 0 0 0 0 0 1 1 1 0 1 0 0 1 0 0 0
400	2	 0 0 1 1 0 0 0 1 0 1 1 1 1 1 0 0 1 0 0 0
400	2	 0 1 1 1 0 0 1 0 1 1 1 0 0 1 0 0 0 0 0 0
400	10	 1 1 0 0 0 0 0 1 0 1 1 1 0 1 0 0 0 0 0 0
400	3	 1 1 1 0 0 0 0 1 0 0 1 1 0 1 1 1 0 0 0 1
400	8	 0 1 1 1 0 0 1 0 0 1 1 1 0 1 0 1 0 1 1 0
400	3	 0 1 1 1 0 0 1 0 0 1 1 0 0 1 1 0 1 1 0 0
400	5	 0 1 1 1 0 0 1 0 0 1 1 1 1 1 1 1 1 0 0 0
400	51	 0 0 1 1 0 0 0 0 0 1 0 1 0 1 0 0 0 0 0 0
400	13	 0 1 1 1 0 0 1 0 0 1 1 0 0 1 0 0 0 0 0 0
400	11	 1 0 1 0 0 0 0 1 0 1 1 1 0 1 0 0 0 0 0 0
400	4	 0 1 1 1 0 0 1 0 0 1 1 1 0 1 0 0 0 0 1 0
400	29	 1 1 1 1 0 0 0 0 0 1 1 1 0 0 1 1 0 0 0 0
400	3	 1 1 1 0 0 0 0 0 0 1 1 1 0 0 0 0 0 0 0 0
400	4	 1 1 1 1 0 1 0 0 0 1 1 1 0 1 1 1 0 1 0 0
400	18	 1 1 1 1 0 0 1 0 0 1 1 0 0 1 1 1 0 0 0 1
400	1	 0 1 1 0 0 0 0 1 0 1 1 1 0 1 1 0 1 1 0 0
400	4	 1 1 1 1 0 0 1 0 0 1 1 1 1 1 0 0 0 0 1 0
400	16	 1 1 1 1 0 1 0 0 0 1 1 1 0 1 1 1 0 0 1 0
400	4	 0 0 1 1 0 0 1 0 0 1 1 1 0 1 0 0 0 0 1 0
400	55	 1 1 1 0 0 0 0 1 0 1 1 1 0 0 0 0 0 0 0 0
400	6	 1 1 1 0 0 0 0 1 0 0 1 1 0 1 1 0 1 0 0 0
400	1	 1 1 1 0 0 1 0 1 0 0 1 1 0 1 1 1 0 0 0 0
400	5	 0 1 1 0 0 0 0 1 0 1 1 1 0 1 1 1 0 1 0 0
400	22	 1 1 1 1 0 1 0 0 0 1 1 1 1 1 1 1 0 0 0 0
400	25	 1 1 1 1 0 0 1 0 0 1 0 1 0 1 0 0 0 0 0 0
400	1	 1 0 1 1 0 0 0 1 0 1 1 1 0 1 0 1 0 0 0 0
400	9	 1 1 1 1 0 0 1 0 0 1 1 0 0 1 0 1 0 0 0 0
400	5	 1 1 1 1 0 0 0 1 0 0 1 0 0 1 1 0 0 0 0 0
400	7	 1 1 1 0 0 0 0 1 1 1 1 1 0 0 0 1 0 0 1 0
400	13	 1 1 1 1 0 1 0 0 0 1 1 0 0 1 0 1 0 0 0 0
400	4	 0 1 1 0 0 0 0 1 0 1 1 1 0 1 0 0 0 0 1 0
400	2	 0 0 1 1 0 0 0 1 0 1 1 1 1 1 0 0 1 1 0 0
400	2	 0 0 1 1 0 0 0 1 1 1 0 1 0 1 0 0 0 0 0 0
400	2	 1 1 1 1 0 0 0 0 0 1 1 1 1 1 0 0 0 0 0 0
400	11	 1 1 1 1 0 0 0 0 0 0 1 1 0 1 1 1 0 0 0 0
400	2	 1 1 1 0 0 0 0 1 0 0 1 1 0 1 1 0 0 0 0 0
400	5	 1 1 1 1 0 1 0 1 0 1 1 1 0 1 1 0 0 0 0 0
400	3	 0 1 1 1 0 0 1 0 0 1 1 0 0 1 1 0 0 1 0 0
400	5	 1 1 0 1 0 1 0 0 0 1 1 1 0 1 1 1 0 0 0 1
400	4	 1 1 1 0 0 0 0 1 1 1 1 1 1 1 0 1 0 0 1 0
400	5	 0 0 1 1 0 0 0 1 1 1 1 1 1 1 0 0 1 0 0 0
400	10	 1 1 1 1 0 1 0 0 0 0 1 1 0 1 1 0 0 0 0 1
400	18	 1 1 1 1 0 0 1 1 0 1 1 0 0 1 0 0 0 0 0 0
400	2	 1 0 0 1 0 0 0 0 0 1 0 1 0 1 0 0 0 0 0 0
400	10	 1 1 1 1 0 0 0 1 0 1 1 1 0 1 0 0 0 0 0 0
400	1	 1 1 1 0 0 0 0 0 0 1 1 1 1 1 1 0 0 0 0 0
400	12	 1 1 1 1 0 1 0 0 0 1 1 1 0 1 0 0 0 0 0 0
400	5	 1 1 1 0 0 0 0 0 0 1 1 1 0 1 1 1 0 0 0 0
400	13	 0 1 1 1 0 0 1 0 0 1 1 1 1 1 0 0 0 0 0 0
400	1	 1 1 1 1 0 0 0 0 0 1 1 1 0 1 1 1 0 0 1 0
400	1	 1 1 1 1 0 1 0 1 0 0 1 1 0 1 0 0 0 0 0 0
400	6	 1 1 1 0 0 0 0 1 1 1 1 1 0 1 1 1 0 0 1 0
400	2	 1 1 1 0 0 0 0 0 0 1 1 1 0 1 0 0 1 1 0 0
400	13	 1 1 1 1 0 0 1 0 0 1 0 1 0 1 0 1 0 0 0 0
400	1	 0 0 1 1 0 0 0 0 0 1 1 1 0 1 0 0 0 0 0 0
400	6	 1 1 1 1 0 1 0 0 0 1 1 1 0 1 1 1 0 0 0 1
400	4	 1 1 1 0 0 0 0 0 0 1 1 1 0 1 1 1 0 0 0 1
400	6	 1 1 1 1 0 0 1 1 0 1 1 1 0 1 0 0 0 0 0 0
400	6	 0 1 1 1 0 0 0 0 0 1 1 1 0 1 0 0 1 0 0 0
400	2	 0 1 1 1 0 0 0 0 0 1 1 1 0 1 0 0 0 0 1 0
400	4	 1 1 1 1 1 0 1 0 0 1 0 1 0 1 0 0 0 0 0 0
400	1	 0 1 1 1 0 0 1 0 0 1 1 1 0 1 1 1 0 0 1 0
400	7	 1 1 1 1 0 0 1 0 0 1 1 1 1 1 0 0 0 0 0 0
400	4	 1 1 1 1 0 0 0 0 0 1 0 1 0 1 0 0 0 0 0 0
400	4	 1 1 1 0 0 0 0 1 1 1 1 1 0 1 1 0 0 0 0 0
400	5	 0 1 1 0 0 0 0 0 0 1 1 1 0 1 1 1 0 0 0 0
400	2	 1 1 0 1 0 0 0 0 0 1 1 1 0 1 1 1 0 0 0 0
400	6	 1 1 1 1 0 0 0 0 0 0 1 1 0 0 1 1 0 0 0 0
400	1	 0 0 1 0 0 0 0 1 0 1 0 1 0 1 0 0 0 0 1 0
400	7	 1 1 1 0 0 0 0 0 0 1 0 1 0 1 0 0 1 1 0 0
400	9	 1 1 1 1 0 0 0 0 0 1 1 0 0 1 0 0 0 0 0 0
400	1	 1 1 1 1 0 0 1 1 0 1 1 1 0 1 0 0 0 0 1 0
400	4	 1 0 0 1 0 0 0 0 0 1 1 1 1 1 1 0 0 0 0 0
400	10	 1 1 1 1 1 0 0 0 0 1 1 1 0 0 1 1 0 0 0 0
400	3	 1 0 1 1 0 1 0 0 0 1 1 1 1 1 1 1 0 0 0 0
400	2	 0 0 1 1 0 0 0 1 1 0 1 1 1 1 0 0 1 0 1 0
400	1	 1 1 1 1 0 0 0 0 0 1 1 1 0 1 1 1 0 0 0 1
400	1	 1 1 1 0 0 0 0 0 0 1 1 1 1 1 0 1 0 0 1 0
400	3	 1 1 1 1 0 0 0 0 1 1 1 1 0 1 1 1 0 0 0 0
400	10	 1 1 0 1 1 1 0 0 0 1 1 1 0 1 1 1 0 0 0 1
400	1	 1 1 1 1 0 0 1 0 0 1 1 1 0 1 0 0 0 0 0 1
400	2	 1 0 1 0 0 0 0 1 0 1 1 1 0 1 0 0 0 0 0 1
400	1	 1 1 1 1 0 0 0 0 0 1 1 1 1 1 1 1 0 0 0 0
400	2	 0 0 1 1 0 0 1 0 0 1 0 1 0 1 1 1 0 0 1 0
400	2	 1 1 1 1 0 1 0 1 0 1 1 1 0 0 0 0 0 0 0 0
400	9	 0 0 1 1 0 0 0 0 0 1 0 1 0 0 0 0 0 0 0 0
400	1	 1 1 1 1 0 0 0 0 0 1 1 1 1 0 1 1 0 0 0 0
400	2	 1 1 1 1 0 1 0 0 0 1 0 1 0 1 1 1 0 1 0 0
400	1	 1 1 1 1 0 1 0 0 0 1 1 1 1 1 1 1 0 0 1 0
400	3	 0 0 1 1 0 0 1 0 0 1 1 1 0 1 0 1 0 0 1 0
400	1	 1 1 1 1 0 1 0 0 0 0 1 1 0 0 1 0 0 0 0 1
400	3	 1 1 1 1 0 1 0 0 0 1 1 1 0 0 0 0 0 0 0 0
400	1	 1 1 1 1 0 0 0 0 0 1 1 1 1 1 1 0 0 0 0 0
400	3	 1 1 1 1 0 0 0 0 0 1 1 1 0 0 0 1 0 0 1 0
400	7	 0 0 1 1 0 0 1 0 0 1 1 0 0 0 1 1 0 0 0 0
400	3	 1 1 1 1 0 0 0 0 0 1 1 1 0 1 0 0 1 0 0 0
400	1	 1 1 0 0 0 0 0 1 0 1 1 1 0 0 0 0 0 0 0 0
400	1	 1 1 1 0 0 0 0 0 0 1 1 1 0 1 0 0 1 1 1 0
400	2	 0 0 1 1 0 0 1 0 0 1 1 1 0 1 1 0 1 0 0 0
400	1	 1 1 1 1 0 0 0 1 1 1 1 1 0 1 1 0 0 0 0 0
400	1	 1 1 1 1 0 0 0 0 0 1 1 0 0 1 0 0 0 0 1 0
400	4	 1 0 0 1 0 0 0 0 0 1 1 0 1 1 1 0 0 0 0 0
400	2	 0 1 1 1 0 0 1 0 0 1 1 1 0 0 1 1 0 0 0 0
400	1	 0 1 1 1 0 0 1 0 0 1 1 0 0 1 1 1 0 0 0 1
400	1	 0 1 1 1 0 0 1 0 0 1 1 1 1 1 1 1 0 0 0 0
400	2	 1 1 1 0 0 0 0 1 0 1 1 1 1 1 1 1 0 0 0 0
400	1	 1 1 0 0 0 0 0 0 0 1 1 1 0 1 0 0 1 0 0 0
400	2	 0 0 1 0 0 0 0 0 0 1 0 1 0 1 0 0 0 0 0 0
400	1	 0 0 1 1 1 0 1 0 0 1 1 1 0 1 0 0 0 0 1 0
400	2	 1 0 1 0 0 0 0 1 0 1 1 1 0 0 0 0 0 0 0 0
400	1	 1 1 1 0 0 0 0 1 0 1 1 1 1 1 0 1 0 0 1 0
400	2	 1 1 1 1 0 0 1 1 0 1 0 0 0 1 0 0 0 0 0 0
400	1	 1 1 1 1 0 1 0 0 0 1 1 1 0 1 1 0 0 0 0 0
400	1	 1 1 1 1 0 0 0 0 0 0 1 1 0 1 1 1 0 0 1 0
590	37	 1 1 1 1 0 1 0 1 0 0 1 0 0 1 0 0 0 0 0 0
590	21	 1 1 1 1 0 0 1 0 0 1 1 1 0 1 0 1 0 0 0 0
590	57	 1 1 1 1 0 0 0 0 0 1 1 0 0 1 0 0 0 0 0 0
590	2	 1 1 1 1 0 1 0 0 1 1 1 0 0 1 0 0 0 0 0 0
590	12	 1 1 1 1 0 0 1 1 0 1 1 1 0 1 0 0 0 0 0 0
590	8	 1 1 1 1 0 0 1 0 0 1 1 1 0 1 1 0 0 0 0 0
590	17	 1 1 1 1 0 0 0 0 0 1 1 1 0 1 0 1 0 0 0 0
590	47	 1 1 1 1 0 0 1 1 0 1 1 1 0 0 1 1 0 0 0 0
590	37	 1 1 1 1 0 0 1 0 0 1 1 0 1 1 0 0 0 0 0 0
590	1	 1 1 1 1 0 0 0 1 0 1 0 1 0 1 0 0 0 0 0 0
590	2	 1 1 1 1 0 0 1 1 0 1 0 1 0 1 0 0 0 0 0 0
590	12	 1 1 1 1 0 0 1 0 0 1 1 0 0 1 0 1 1 0 0 0
590	13	 1 1 1 1 0 0 1 0 0 1 1 0 0 1 0 0 0 0 0 0
590	14	 1 1 1 1 0 0 1 1 0 1 1 0 1 1 0 0 0 0 0 0
590	10	 1 1 1 1 0 0 1 1 0 1 1 0 0 1 0 1 0 0 0 0
590	29	 1 1 1 1 0 0 1 1 0 1 0 1 1 1 0 0 0 0 0 0
590	1	 1 1 1 1 0 0 0 0 1 1 1 0 0 0 0 1 0 0 0 0
590	8	 1 1 1 1 0 1 0 0 0 0 1 0 0 1 0 0 0 0 0 0
590	21	 1 1 1 1 0 0 1 0 0 1 1 1 0 1 1 1 0 0 0 0
590	26	 1 1 1 0 0 1 0 1 0 0 1 0 0 1 0 0 0 0 0 0
590	14	 1 1 1 1 0 0 0 0 0 1 1 0 0 1 0 0 1 0 0 0
590	10	 1 0 1 1 0 0 0 0 0 1 1 1 0 1 0 1 0 0 0 0
590	50	 1 1 1 1 0 0 1 0 0 1 1 0 0 1 0 1 0 0 0 0
590	30	 1 1 1 1 0 0 1 1 0 1 1 0 0 1 0 0 0 0 0 0
590	10	 1 1 1 0 0 0 0 1 1 0 0 0 0 1 0 0 1 0 0 0
590	22	 1 1 1 1 0 0 0 0 0 1 1 0 1 1 0 0 0 0 0 0
590	1	 1 1 1 1 0 0 0 1 0 0 1 1 0 1 0 0 0 0 0 0
590	13	 1 1 1 1 0 0 1 1 0 0 1 1 0 0 1 1 0 0 0 0
590	3	 1 1 1 1 0 0 0 1 0 0 1 1 0 1 0 0 1 0 0 0
590	4	 1 1 1 1 0 0 0 1 0 0 1 0 0 1 0 0 0 0 0 0
590	2	 1 1 1 1 1 1 0 0 0 0 1 0 0 1 0 0 0 0 0 0
590	9	 1 1 1 1 0 0 1 1 0 1 0 1 0 0 0 0 0 0 0 0
590	7	 1 1 1 0 0 0 1 1 0 1 1 1 0 0 1 1 0 0 0 0
590	26	 1 1 1 1 0 1 0 1 0 1 1 1 0 0 1 1 0 0 0 0
590	5	 1 1 1 0 0 0 0 0 0 0 1 0 0 1 0 0 0 0 0 0
590	7	 1 1 1 1 0 0 1 1 0 1 1 1 0 0 1 0 0 0 0 0
590	3	 1 1 1 0 0 1 0 0 0 0 1 0 0 1 0 0 0 0 0 0
590	1	 0 1 1 1 0 0 1 0 0 1 1 0 0 1 0 0 0 0 0 0
590	1	 1 1 1 1 0 0 0 0 0 1 1 0 0 1 0 0 0 1 0 0
590	9	 1 1 1 0 0 0 0 0 0 1 1 1 0 1 0 1 0 0 0 0
590	6	 1 1 1 1 0 0 1 1 0 1 1 1 0 0 1 1 1 0 0 0
590	3	 1 1 0 1 0 0 1 0 0 1 1 0 1 1 0 0 0 0 0 0
590	35	 1 1 1 1 1 1 0 1 0 0 1 0 0 0 0 1 0 0 0 0
590	17	 1 1 1 1 0 0 0 1 0 1 1 0 0 1 1 0 0 0 0 0
590	5	 1 1 1 1 0 0 1 0 0 0 1 1 0 1 1 1 0 0 0 0
590	3	 1 1 1 1 0 0 0 0 0 0 1 1 1 1 0 0 0 0 0 0
590	4	 1 1 1 1 0 0 1 0 0 1 1 1 1 1 0 0 0 0 0 0
590	9	 1 1 1 1 0 0 1 1 0 1 0 1 1 0 0 0 0 0 0 0
590	3	 1 1 1 1 0 0 1 1 0 1 1 1 1 1 0 0 0 0 0 0
590	13	 1 1 1 1 0 0 1 0 0 1 1 1 0 0 1 1 0 0 0 0
590	11	 1 1 1 1 0 0 0 0 0 1 0 1 0 1 0 0 0 0 0 1
590	2	 1 1 1 1 0 1 0 1 0 0 1 0 0 1 0 0 1 0 0 0
590	13	 1 1 1 1 0 0 1 1 0 1 1 0 1 1 0 1 0 0 0 0
590	1	 1 1 1 1 0 0 0 1 0 0 1 1 0 1 0 1 0 0 0 0
590	2	 1 1 1 1 0 0 1 0 0 1 1 0 0 1 0 0 0 1 0 0
590	13	 1 1 1 1 0 1 0 0 1 1 1 0 0 1 1 1 0 0 0 0
590	9	 1 1 1 1 0 0 1 0 0 1 1 0 0 1 1 0 0 0 0 0
590	2	 1 1 1 1 0 0 0 1 0 1 1 1 0 0 1 1 0 0 0 0
590	6	 1 1 1 1 0 1 0 0 0 0 0 1 1 1 0 0 0 0 0 0
590	2	 1 1 1 1 0 1 1 0 0 1 1 0 0 1 0 1 0 0 0 0
590	4	 1 1 1 1 0 1 0 1 0 0 1 0 0 1 1 0 0 0 0 0
590	10	 1 1 1 1 1 0 1 1 0 1 0 1 1 1 0 0 0 0 0 0
590	2	 1 1 1 1 0 0 0 0 0 1 0 1 0 0 0 0 0 0 0 0
590	1	 1 1 1 1 0 0 0 0 0 1 0 1 1 1 0 0 0 0 0 0
590	1	 1 1 1 1 0 0 0 0 0 1 1 1 0 1 1 1 0 0 0 0
590	5	 0 1 1 1 0 0 1 1 0 1 1 1 0 0 1 1 0 0 0 0
590	2	 1 1 1 1 0 0 0 0 0 0 1 0 0 1 0 0 1 0 0 0
590	4	 1 1 1 0 0 0 1 0 0 0 1 1 0 0 0 0 0 0 0 0
590	7	 0 1 1 1 0 0 1 0 0 1 1 1 0 1 1 1 0 0 0 0
590	10	 1 1 1 1 0 0 0 0 0 1 1 0 0 1 0 1 0 0 0 0
590	10	 1 0 1 1 0 0 0 0 0 1 1 0 0 1 0 0 0 0 0 0
590	3	 1 1 1 1 0 1 0 1 0 0 1 0 0 0 0 0 1 0 0 0
590	6	 1 1 1 1 0 1 1 1 0 1 0 1 1 0 0 0 0 0 0 0
590	7	 1 1 0 1 0 0 0 0 0 1 1 1 0 1 0 0 0 0 0 0
590	8	 1 1 1 0 0 0 0 0 0 1 1 0 0 1 0 0 0 0 0 0
590	2	 1 1 1 0 0 1 0 1 0 0 0 0 0 1 0 0 0 0 0 0
590	3	 1 1 1 1 0 0 0 1 1 1 0 1 0 1 0 1 0 0 0 0
590	15	 1 1 1 1 0 0 0 1 1 0 1 1 0 1 0 0 0 0 0 0
590	6	 1 1 1 1 0 0 1 1 0 1 0 1 0 0 0 0 0 0 1 0
590	1	 1 1 1 1 0 0 0 0 0 0 1 0 0 1 0 0 0 0 0 0
590	11	 1 1 1 1 0 1 0 1 0 0 1 0 0 1 0 1 0 0 0 0
590	3	 1 1 1 1 0 0 0 0 0 1 1 1 0 1 0 1 0 0 0 1
590	8	 1 1 1 1 1 0 1 1 0 1 1 1 0 0 1 1 0 0 0 0
590	6	 1 1 1 1 0 0 1 1 0 1 0 0 1 1 0 0 0 0 0 0
590	3	 1 1 1 1 0 0 1 0 0 1 1 0 0 0 0 1 0 0 0 0
590	1	 1 1 1 1 0 0 1 0 0 1 1 1 0 0 1 1 1 0 0 0
590	6	 1 1 1 1 1 1 0 1 0 0 1 0 0 0 1 1 0 0 0 0
590	12	 1 1 1 1 0 0 1 0 0 0 1 0 0 1 0 0 0 0 0 0
590	6	 1 1 0 1 0 0 1 0 0 1 1 1 0 1 0 1 0 0 0 0
590	4	 1 0 1 0 0 0 1 1 0 1 1 1 0 0 1 1 0 0 0 0
590	6	 1 1 1 1 0 0 1 1 0 1 0 1 0 0 1 1 0 0 0 0
590	3	 1 1 1 1 1 0 1 0 0 1 1 0 1 1 0 0 0 0 0 0
590	2	 1 1 1 1 0 1 0 0 0 0 0 1 1 1 0 0 1 0 0 0
590	4	 0 1 1 1 0 0 0 1 0 1 1 1 0 0 1 1 0 0 0 0
590	3	 1 1 1 1 0 0 1 0 0 1 1 0 0 1 1 1 1 0 0 0
590	1	 1 1 1 1 0 0 1 1 0 0 1 1 0 0 0 1 0 0 0 0
590	2	 1 1 1 0 0 0 0 0 0 1 1 0 0 1 0 1 0 0 0 0
590	1	 1 1 1 0 0 0 0 0 0 1 1 1 0 0 1 1 0 0 0 0
590	7	 1 1 1 1 1 1 0 1 0 0 1 0 1 1 0 0 0 0 0 0
590	1	 0 1 1 1 0 0 1 0 0 1 1 1 0 1 1 0 0 0 0 0
590	4	 1 1 1 1 0 1 0 0 0 0 1 1 0 1 0 0 0 0 0 0
590	5	 1 1 1 1 0 0 0 0 0 0 1 1 1 0 0 0 0 0 0 0
590	2	 1 1 1 1 0 0 0 0 0 1 1 1 0 1 0 0 0 0 0 1
590	2	 1 1 1 1 0 1 0 1 1 0 0 0 0 1 0 0 1 0 0 0
590	3	 1 1 1 1 0 0 1 1 0 1 0 1 1 1 0 0 1 0 0 0
590	4	 0 1 1 1 0 0 1 1 0 1 0 1 1 1 0 0 0 0 0 0
590	4	 1 1 1 1 0 0 1 0 0 1 1 0 0 1 0 1 0 1 0 0
590	1	 1 1 1 1 0 0 0 0 0 1 1 1 0 0 0 0 0 0 0 0
590	1	 1 1 1 0 0 1 0 0 0 0 1 0 0 1 1 0 0 0 0 0
590	1	 1 1 1 1 0 0 0 0 0 1 0 1 0 1 0 0 0 0 0 0
590	2	 1 1 1 1 0 1 0 1 0 0 1 0 0 1 0 0 0 0 1 0
590	1	 1 1 1 1 0 0 0 0 0 1 1 0 1 0 0 0 0 0 0 0
590	2	 1 1 1 1 0 0 0 1 0 0 1 0 0 1 1 0 0 0 0 0
590	1	 1 1 1 1 0 0 0 1 0 1 1 1 0 0 1 0 0 0 0 0
590	1	 1 1 1 1 0 0 1 1 0 1 1 1 1 0 0 0 0 0 0 0
590	1	 1 1 1 1 0 0 1 0 0 1 0 1 0 1 0 0 0 0 0 1
590	2	 1 1 1 1 0 1 0 1 0 0 1 0 1 1 1 0 0 0 0 0
590	1	 1 1 1 0 0 0 0 0 0 1 0 1 1 1 0 0 0 0 0 0
590	2	 1 1 1 1 0 0 1 0 0 0 1 1 0 0 1 1 1 0 0 0
590	2	 1 1 1 0 0 0 0 0 0 1 1 0 0 0 0 1 0 0 0 0
720	22	 1 1 1 1 0 1 0 1 0 0 1 0 0 1 0 0 0 0 0 0
720	11	 1 1 1 1 0 0 1 0 0 0 1 1 0 1 1 1 0 0 0 0
720	46	 1 1 1 1 0 1 0 0 1 1 1 0 0 1 1 1 0 0 0 0
720	2	 1 1 1 0 0 1 0 1 0 0 1 0 0 1 0 1 0 0 0 0
720	17	 1 1 1 1 0 0 0 0 0 1 1 0 1 1 0 1 0 0 0 0
720	17	 1 1 1 1 1 1 0 1 0 0 1 0 0 1 0 0 0 0 0 0
720	12	 1 1 1 1 0 0 0 1 0 0 0 0 0 1 0 0 0 0 0 0
720	38	 1 1 1 1 0 1 0 0 0 1 1 0 0 1 0 1 0 0 0 0
720	1	 1 1 1 1 1 1 0 1 0 0 1 0 0 1 0 0 0 0 0 1
720	32	 1 1 1 1 0 0 1 0 0 0 1 1 0 0 1 1 1 0 0 0
720	58	 1 1 1 1 1 0 0 1 0 0 1 0 1 1 0 0 0 0 0 0
720	4	 1 1 1 1 1 1 0 0 0 0 1 0 1 1 0 0 0 0 0 0
720	26	 1 0 1 0 0 1 0 1 0 0 1 0 0 1 0 1 0 0 0 0
720	24	 1 1 1 1 1 1 0 1 0 0 1 1 0 1 0 0 0 0 0 0
720	34	 1 1 1 1 0 1 1 1 0 0 1 0 0 0 1 0 0 0 0 0
720	25	 1 1 1 1 0 0 1 1 0 1 1 0 1 0 1 0 0 0 0 0
720	5	 1 1 1 0 1 1 0 0 0 0 1 0 0 1 0 0 0 0 0 0
720	9	 1 1 1 1 0 0 0 1 0 1 1 1 1 1 0 1 0 0 0 0
720	19	 0 1 1 1 0 0 1 1 0 0 1 1 0 1 1 1 0 0 0 0
720	1	 1 1 1 0 0 1 0 1 0 0 1 1 0 1 0 1 0 0 0 0
720	4	 1 1 1 0 0 1 0 1 0 0 0 0 0 1 0 0 0 0 0 0
720	3	 1 1 1 1 0 0 1 0 0 0 1 1 0 0 1 1 0 0 0 0
720	57	 1 1 1 1 1 0 0 0 0 0 1 0 0 1 0 0 0 0 0 0
720	11	 1 1 1 0 0 1 0 1 0 0 1 0 0 1 0 0 0 0 0 0
720	9	 1 0 1 1 1 0 0 1 0 0 1 0 0 1 0 0 0 0 0 0
720	4	 1 1 1 1 0 0 1 0 0 0 1 0 1 1 0 0 0 0 0 0
720	2	 1 1 1 1 1 0 0 1 0 0 0 0 0 1 0 0 0 0 0 1
720	19	 1 1 1 1 0 0 0 1 0 0 0 0 0 0 0 0 0 0 0 0
720	7	 1 1 1 1 0 1 0 1 0 0 1 0 0 1 1 1 0 0 0 0
720	12	 1 1 1 1 0 1 0 1 0 0 1 1 0 1 0 0 0 0 0 0
720	21	 1 1 0 1 0 0 0 1 0 0 1 0 0 1 0 0 0 0 0 0
720	3	 1 1 1 1 0 1 0 1 0 0 1 0 0 1 1 0 1 0 0 0
720	14	 1 1 0 0 0 0 0 1 0 0 1 1 1 1 0 1 0 0 0 0
720	24	 1 1 1 1 0 1 0 0 0 0 1 0 0 1 1 1 0 0 0 0
720	16	 1 1 1 1 0 1 0 0 0 0 1 0 1 1 0 0 0 0 0 0
720	2	 1 1 1 1 0 0 0 1 0 0 1 0 0 1 0 1 0 0 0 0
720	5	 1 1 1 1 1 0 0 1 0 0 1 0 1 1 0 0 0 1 0 0
720	29	 1 1 1 1 1 1 0 1 0 0 1 0 0 1 1 0 0 0 0 0
720	3	 1 0 1 0 0 1 0 1 0 0 0 0 0 1 0 0 0 1 0 0
720	15	 1 1 1 1 0 1 0 1 0 0 1 0 0 0 0 0 0 0 0 0
720	9	 1 1 1 1 1 1 0 1 0 0 1 0 1 1 0 0 0 0 0 0
720	2	 1 1 1 0 0 1 0 0 1 1 1 0 0 1 1 1 0 0 0 0
720	9	 1 1 1 0 0 1 0 1 0 0 1 0 0 1 0 0 0 0 0 1
720	21	 1 1 1 1 0 0 1 1 0 1 1 0 0 1 1 0 0 0 0 0
720	1	 1 1 1 1 0 1 0 1 0 0 1 0 1 1 0 0 0 0 0 0
720	11	 1 1 1 1 0 0 1 0 0 0 1 1 0 1 0 0 0 0 1 0
720	8	 1 1 1 0 0 1 0 0 0 0 1 0 1 0 0 0 0 0 0 0
720	4	 1 1 1 1 0 0 0 1 0 0 1 0 0 0 0 0 0 0 0 0
720	3	 1 1 1 1 0 1 0 0 1 1 1 0 0 1 1 1 1 0 0 0
720	9	 1 1 1 1 0 1 0 0 0 1 1 0 0 1 0 1 0 1 0 0
720	5	 1 1 1 0 0 0 1 0 0 0 1 0 0 0 1 1 1 0 0 0
720	3	 1 1 1 1 0 1 0 1 0 0 1 0 0 0 1 1 0 0 0 0
720	20	 1 1 1 1 1 0 1 1 0 1 0 1 1 1 0 1 0 0 0 0
720	3	 1 1 1 1 1 0 0 1 0 0 1 1 0 1 1 1 0 1 0 0
720	5	 1 1 1 1 1 1 0 1 0 0 1 0 1 1 1 0 0 0 0 0
720	4	 1 1 1 1 0 0 1 1 0 0 1 1 0 1 1 1 0 0 0 0
720	5	 1 0 1 1 0 1 0 0 1 1 1 0 0 1 1 1 0 0 0 0
720	15	 1 1 1 1 0 1 0 0 1 1 1 0 1 1 1 1 0 0 0 0
720	1	 1 0 1 0 1 1 0 1 0 0 1 0 0 1 0 0 0 0 0 0
720	3	 1 1 1 1 1 0 1 0 0 0 1 1 0 1 0 0 0 0 1 0
720	1	 1 1 1 1 1 0 0 1 0 0 0 0 0 1 0 0 0 0 0 0
720	7	 0 1 1 1 0 0 0 0 0 1 1 0 1 1 1 0 0 0 0 0
720	17	 1 1 1 1 0 0 0 1 0 0 1 0 0 1 0 0 0 0 0 0
720	11	 1 1 1 1 0 1 0 0 0 0 1 1 0 1 0 0 0 0 0 0
720	1	 1 1 1 1 0 0 0 1 0 0 1 0 0 0 1 1 1 0 1 0
720	2	 1 1 1 0 0 1 0 0 0 0 1 0 0 1 0 0 0 0 0 0
720	1	 1 1 1 1 1 0 0 1 0 0 1 0 0 0 1 0 0 0 0 0
720	4	 1 1 0 1 0 0 0 1 0 0 1 0 0 1 0 1 0 0 0 0
720	4	 1 1 1 1 0 1 0 0 0 0 1 0 1 0 0 0 0 0 0 0
720	5	 1 1 1 1 0 0 1 0 0 0 1 0 1 1 0 0 1 0 0 0
720	4	 1 0 0 1 0 0 0 1 0 0 1 0 0 1 0 0 0 0 0 0
720	8	 1 1 1 1 0 1 0 0 1 0 0 1 0 1 1 1 0 0 0 0
720	1	 1 1 1 1 0 0 1 0 0 0 1 1 0 1 0 0 0 0 0 0
720	2	 1 1 0 1 0 0 0 1 0 0 1 0 0 1 1 1 0 0 0 0
720	5	 1 1 1 1 0 0 0 1 0 0 0 0 0 1 1 0 0 0 0 0
720	2	 1 1 1 1 1 0 0 0 0 0 1 0 1 1 0 0 0 1 0 0
720	1	 1 1 1 1 0 1 0 1 0 1 1 0 0 0 0 0 0 0 0 0
720	4	 1 1 1 1 0 1 0 0 1 0 1 1 0 1 1 1 0 1 0 0
720	1	 1 1 0 1 0 0 0 1 0 0 1 0 0 1 1 0 0 0 0 0
720	1	 1 0 1 0 0 1 0 1 0 0 1 0 0 0 0 1 0 0 0 0
720	1	 1 1 1 1 0 0 1 1 0 1 1 0 1 1 1 0 0 0 0 0
720	1	 1 1 1 1 0 0 0 1 0 0 1 0 0 1 1 1 0 0 0 0
720	1	 1 1 0 0 0 0 1 1 0 0 1 1 1 1 0 1 0 0 0 0
720	2	 1 1 1 0 0 1 0 0 1 0 1 1 0 1 1 1 0 0 0 0
720	1	 1 1 0 0 0 0 0 1 0 0 1 1 0 1 0 0 0 0 0 0
720	3	 1 1 1 1 0 0 0 1 0 0 1 0 1 1 0 0 0 0 0 0
720	2	 1 1 1 0 0 1 0 1 0 0 0 0 1 1 0 0 0 0 0 0
720	7	 0 1 1 1 0 0 0 0 0 1 1 1 1 1 1 0 0 0 0 0
720	2	 1 1 1 1 0 0 0 0 0 0 1 0 1 0 0 0 0 0 0 0
720	1	 1 1 1 1 0 1 0 0 1 0 0 1 0 1 1 0 0 0 0 0
720	1	 1 1 1 1 0 0 1 0 0 0 1 1 0 1 0 1 0 0 0 0
720	2	 1 0 1 0 0 1 0 1 0 0 1 0 0 1 0 0 0 0 1 0
720	2	 1 1 1 1 1 0 1 0 0 0 1 1 0 1 0 0 0 0 0 0
720	2	 1 1 1 1 0 0 0 0 0 0 1 0 1 1 0 1 0 0 0 0
720	4	 0 1 1 1 0 0 1 0 0 0 1 1 0 0 1 1 1 0 0 0
720	6	 1 1 1 0 0 0 0 1 0 0 1 0 0 1 0 1 0 0 1 0
720	2	 0 1 1 1 0 0 0 0 0 0 1 0 1 1 0 0 0 0 0 0
720	3	 1 1 1 1 0 0 0 1 0 0 0 1 0 1 0 0 0 0 0 0
720	1	 1 1 1 1 0 1 0 0 0 0 1 0 0 1 0 0 0 0 0 0
720	1	 1 1 1 1 0 0 1 1 0 1 1 0 0 0 1 0 0 0 0 0
720	4	 1 1 1 1 0 1 0 0 0 1 1 0 0 1 0 1 0 0 1 0
720	1	 1 1 1 1 0 0 0 0 0 0 1 1 0 0 1 1 1 0 0 0
720	1	 1 1 1 1 0 0 1 1 0 1 1 0 1 0 1 0 0 1 0 0
720	1	 1 1 1 0 1 1 0 1 0 0 1 0 0 1 0 0 0 0 0 0
720	1	 1 1 1 1 0 0 1 0 0 0 1 0 1 1 0 0 0 1 0 0
720	2	 1 1 0 1 0 0 0 0 0 0 1 0 0 1 0 0 0 0 0 0
720	8	 1 1 1 1 1 1 0 1 0 0 1 0 0 1 1 1 0 0 0 0
720	1	 1 1 1 0 0 1 0 0 1 1 1 1 0 1 1 1 0 0 0 0
720	2	 1 1 1 1 0 0 1 0 0 0 1 1 0 0 0 0 0 0 1 0
720	3	 1 1 1 1 1 0 0 0 1 1 1 1 0 1 1 1 0 0 0 0
720	3	 1 1 0 1 0 0 0 1 0 0 1 0 1 1 0 0 0 0 0 0
720	6	 1 1 1 1 0 0 1 0 0 0 1 1 0 0 1 1 1 0 0 1
720	1	 1 0 1 0 0 1 0 1 0 0 1 0 1 1 0 1 0 0 0 0
720	1	 1 1 1 1 1 0 0 0 0 0 0 0 0 1 0 0 0 0 0 0
720	3	 0 1 1 1 1 1 0 1 0 0 1 0 0 1 1 0 0 0 0 0
720	2	 1 0 1 0 0 1 0 1 0 0 0 0 0 0 0 0 0 1 0 0
720	3	 1 1 1 1 1 1 0 1 0 0 1 0 1 1 1 1 0 0 0 0
720	4	 0 0 0 1 0 0 0 1 0 0 1 0 0 1 0 0 0 0 0 0
720	1	 0 1 1 1 0 0 1 1 0 0 1 1 0 1 1 1 0 1 0 0
720	2	 1 1 1 1 1 0 0 0 0 0 1 0 0 1 0 1 0 0 0 0
720	2	 1 1 1 0 0 1 0 1 0 0 1 0 0 1 1 1 0 0 0 0
720	1	 1 1 1 1 0 1 0 0 1 0 1 0 0 1 0 0 0 0 0 0
720	1	 1 1 1 1 1 1 0 0 0 1 1 0 1 0 1 0 0 0 0 0
720	1	 1 1 1 1 1 1 0 0 0 1 1 0 1 1 0 1 0 0 0 0
720	4	 1 1 1 1 0 1 1 0 1 1 1 0 0 1 1 1 0 0 0 0
720	1	 1 0 1 0 0 1 0 1 0 0 1 1 0 1 0 1 0 0 0 0
720	2	 1 1 1 1 0 0 1 1 0 1 1 0 0 1 1 1 0 0 0 0
720	2	 1 1 1 1 1 0 1 1 0 1 0 1 1 0 0 1 0 0 0 0
720	2	 1 1 1 1 0 0 0 0 1 1 1 0 1 1 1 1 0 0 0 0
720	1	 1 1 0 1 0 0 1 0 0 0 1 0 1 1 0 0 1 0 0 0
720	1	 1 0 1 1 0 0 0 1 0 0 0 0 0 1 1 0 0 0 0 0
720	1	 1 0 1 0 0 0 0 1 0 0 1 0 1 1 0 1 0 0 0 0
880	106	 1 1 1 1 0 0 0 1 0 0 0 0 0 0 0 0 0 0 0 0
880	8	 1 1 1 1 1 0 0 1 0 0 0 0 0 1 0 0 0 0 0 0
880	2	 1 1 1 1 0 1 0 1 0 0 0 0 0 0 0 0 0 0 0 0
880	23	 1 1 1 1 0 0 0 1 0 0 0 0 0 0 0 0 1 0 0 0
880	81	 1 1 1 1 1 1 1 1 0 0 0 0 0 1 0 0 0 0 0 0
880	2	 1 1 1 1 0 1 1 1 0 0 1 0 0 1 0 0 0 0 0 0
880	24	 1 1 1 1 1 1 1 1 0 0 0 0 0 1 0 1 0 0 0 0
880	55	 1 1 1 1 0 0 0 0 1 0 0 1 0 1 1 0 0 0 0 0
880	5	 1 1 1 1 1 0 1 1 0 0 1 0 1 0 1 0 0 0 0 0
880	64	 1 1 1 1 0 0 0 1 0 0 0 0 0 1 0 0 0 0 0 0
880	29	 1 1 1 1 0 0 0 1 0 0 0 0 0 1 0 1 0 0 0 0
880	9	 1 1 1 1 0 0 0 0 1 0 0 1 0 1 1 0 0 0 0 1
880	20	 1 1 1 1 1 0 1 1 1 0 0 1 0 0 1 1 0 0 0 0
880	14	 1 1 1 1 1 0 1 1 0 0 0 0 0 1 0 1 0 0 0 0
880	9	 1 1 1 1 0 1 1 1 0 0 0 0 0 1 0 0 0 0 0 0
880	26	 1 1 1 1 0 1 0 1 1 0 0 1 1 1 0 1 0 0 0 0
880	1	 1 1 1 1 1 0 1 1 0 0 1 1 1 0 1 0 0 0 0 0
880	40	 1 1 1 1 0 0 0 1 0 0 0 0 1 1 1 0 0 0 0 0
880	18	 1 1 1 1 0 0 1 1 0 0 0 1 1 0 0 0 0 0 0 0
880	1	 1 1 1 1 0 0 0 1 0 0 0 0 0 0 1 0 0 0 0 0
880	2	 1 1 1 1 0 1 1 0 1 0 0 1 1 1 1 0 0 0 0 0
880	23	 1 1 1 1 1 1 1 1 0 0 1 0 0 1 0 0 0 0 0 0
880	3	 1 1 1 1 1 1 1 1 0 0 0 0 0 1 0 0 1 0 0 0
880	1	 1 1 1 1 0 0 1 1 0 0 0 0 0 1 0 1 0 0 0 0
880	16	 1 1 1 1 0 1 1 1 1 0 1 0 0 1 0 0 0 0 0 0
880	21	 1 1 1 1 1 1 1 1 0 0 0 0 0 1 0 1 0 1 0 0
880	4	 1 0 1 1 1 1 1 1 0 0 0 0 1 1 1 0 0 0 0 0
880	1	 1 1 1 1 0 0 0 1 0 0 0 0 0 0 0 0 0 1 0 0
880	14	 1 0 1 1 0 0 0 1 0 0 0 0 0 0 0 0 0 0 0 0
880	4	 1 1 0 1 0 1 0 0 1 0 0 1 1 1 0 0 0 0 0 0
880	1	 1 1 1 1 0 0 0 0 1 0 0 1 0 1 0 0 0 0 0 0
880	4	 1 1 1 1 0 0 0 0 1 0 0 1 1 1 1 0 0 0 0 0
880	6	 1 0 1 1 1 0 1 1 0 0 1 1 1 0 1 0 0 0 0 0
880	5	 1 1 1 1 1 1 1 1 0 0 0 0 0 0 0 0 0 0 0 0
880	19	 1 1 1 0 0 1 0 1 0 0 0 0 0 0 0 0 0 0 0 1
880	1	 1 1 1 1 1 0 1 1 0 0 0 0 0 1 0 0 0 0 0 0
880	7	 1 1 1 1 0 0 0 1 0 0 1 0 0 0 0 0 0 0 0 0
880	20	 1 1 1 1 0 0 0 0 0 0 0 0 0 1 0 0 0 0 0 0
880	3	 1 1 1 1 1 0 0 1 0 0 1 0 0 0 0 1 0 0 0 0
880	8	 1 1 1 1 0 0 0 1 0 0 0 0 1 0 0 0 0 0 0 0
880	1	 1 1 1 1 1 0 1 0 0 0 1 1 1 1 1 0 1 0 0 0
880	11	 1 1 0 1 0 0 0 1 0 0 0 0 0 1 0 1 0 0 0 0
880	3	 1 1 1 1 0 1 0 1 0 0 0 0 0 1 0 0 0 0 0 0
880	7	 1 1 1 0 0 1 0 1 0 0 0 0 0 0 1 0 0 0 0 0
880	10	 1 1 1 1 0 0 0 1 0 0 1 0 0 1 0 0 0 0 0 0
880	7	 1 1 1 1 0 1 1 1 0 0 0 0 0 0 0 0 0 0 0 0
880	8	 1 1 1 0 0 0 0 1 0 0 0 0 0 0 0 0 0 0 0 0
880	25	 1 1 1 1 1 1 1 0 0 0 0 0 0 1 0 0 0 0 0 0
880	6	 1 1 1 1 1 1 0 1 0 0 0 0 0 1 0 0 0 0 0 0
880	2	 1 1 1 1 0 0 0 1 0 0 0 0 0 0 0 0 0 0 0 1
880	13	 1 1 1 1 0 0 0 1 0 0 0 0 0 0 0 1 0 0 0 0
880	4	 0 1 1 1 0 0 0 1 0 0 0 0 0 0 0 0 0 0 0 0
880	7	 1 1 1 1 1 0 0 1 0 0 0 0 0 1 0 0 0 1 0 0
880	6	 1 1 1 1 1 0 0 1 0 0 1 0 0 0 0 1 0 0 1 0
880	4	 1 1 1 1 1 0 1 1 0 0 0 0 1 0 0 0 0 0 0 0
880	5	 1 1 1 1 0 0 0 1 0 0 0 0 0 0 1 0 0 0 0 1
880	6	 1 1 1 1 1 1 1 1 0 0 1 0 0 1 0 1 0 1 0 0
880	7	 1 1 1 1 0 1 0 1 0 0 0 0 0 0 0 0 0 1 0 0
880	8	 1 1 1 1 1 1 1 1 0 0 1 1 1 1 0 1 0 0 0 0
880	5	 0 1 1 1 0 0 0 1 0 0 0 0 0 1 0 1 0 0 0 0
880	1	 1 1 0 1 1 1 1 1 0 0 0 0 0 1 0 1 0 1 0 0
880	7	 1 1 0 0 0 1 0 1 0 0 0 0 0 0 1 0 0 0 0 0
880	3	 1 1 1 1 1 1 1 0 0 0 0 0 1 0 1 0 0 0 0 0
880	6	 1 1 1 1 0 0 1 1 1 0 0 1 0 0 1 1 0 0 0 0
880	3	 1 1 1 1 0 1 1 1 0 0 0 0 0 1 1 0 0 0 0 1
880	12	 1 1 1 1 0 0 0 1 1 0 0 0 0 0 0 0 0 0 0 0
880	2	 1 1 1 1 0 0 0 1 0 0 0 0 0 0 0 0 0 0 1 0
880	8	 1 1 1 1 0 0 0 1 0 0 0 1 0 1 0 0 0 0 0 0
880	5	 1 1 1 1 0 0 0 1 0 0 0 0 0 1 1 0 0 0 0 0
880	5	 1 1 1 1 1 0 1 0 0 0 1 1 1 1 1 1 1 0 0 0
880	3	 1 1 1 1 0 0 0 0 1 0 0 0 0 1 0 0 0 0 0 0
880	2	 0 1 1 1 0 0 0 1 0 0 0 0 0 1 0 1 0 1 0 0
880	11	 1 1 1 1 1 1 1 1 0 0 0 0 0 1 1 0 0 0 0 0
880	3	 1 1 1 1 1 1 1 1 0 1 0 0 0 1 0 1 0 0 0 0
880	2	 1 0 1 1 0 0 0 1 0 0 0 0 0 1 0 1 0 0 0 0
880	4	 1 1 1 1 1 0 1 1 1 0 1 1 1 0 1 0 0 0 0 0
880	5	 1 0 1 1 0 1 1 1 1 0 1 0 0 1 0 0 0 0 0 0
880	2	 1 1 1 1 1 1 1 1 0 0 0 1 0 1 0 1 0 1 0 0
880	2	 1 1 1 1 1 1 1 1 1 0 0 0 0 0 0 0 0 0 0 0
880	1	 1 1 1 1 0 1 1 1 0 0 0 0 0 0 0 1 0 0 0 0
880	2	 1 1 1 1 0 0 0 0 1 0 0 0 0 1 0 1 0 0 0 0
880	4	 1 1 1 1 0 0 1 1 0 0 0 0 0 1 0 0 0 0 0 0
880	2	 1 1 1 1 0 0 0 1 0 1 0 0 1 0 0 0 0 0 0 0
880	2	 1 0 1 1 1 1 0 1 1 1 0 0 1 0 0 0 0 0 1 0
880	1	 1 1 0 1 1 1 1 0 0 0 0 0 1 0 1 0 0 0 0 0
880	2	 1 1 1 1 1 1 1 1 0 0 0 0 1 1 1 0 0 0 0 0
880	2	 1 1 1 1 1 0 0 1 0 0 1 1 1 0 1 0 0 0 0 0
880	5	 1 1 1 1 1 0 0 1 0 0 0 1 0 1 0 0 0 0 0 0
880	1	 1 1 1 1 1 0 0 1 0 0 1 0 0 1 0 0 0 0 0 0
880	9	 1 1 1 1 1 1 1 1 0 0 0 0 0 1 0 0 0 1 0 0
880	2	 1 0 1 1 1 1 1 1 0 0 0 0 0 1 0 0 0 0 0 0
880	2	 1 0 1 1 0 1 1 1 0 0 0 0 1 1 1 0 0 0 0 0
880	1	 1 1 1 1 0 1 0 1 0 0 0 1 0 1 0 0 0 0 0 0
880	1	 1 0 1 1 0 0 0 1 0 0 1 0 0 1 0 1 0 0 0 0
880	2	 1 1 1 1 0 0 0 0 1 1 0 1 0 1 1 0 0 0 0 0
880	2	 1 1 1 1 0 1 1 1 0 0 0 1 0 1 0 0 0 0 0 0
880	2	 1 1 1 1 1 1 1 1 0 0 1 0 0 1 0 0 0 0 0 1
880	2	 1 1 1 1 1 1 1 1 0 0 0 0 0 0 0 0 0 0 0 1
880	2	 1 1 1 1 0 0 0 1 1 0 0 1 0 1 1 0 0 0 0 0
880	1	 1 1 1 1 1 1 1 1 0 1 0 0 0 1 0 1 0 1 0 0
880	1	 1 1 1 0 0 1 0 1 0 0 0 0 0 0 1 1 0 0 0 0
880	2	 1 1 1 1 0 0 0 0 1 0 0 0 0 1 0 1 0 0 1 0
880	3	 1 1 1 1 0 0 0 0 1 0 0 0 0 0 0 0 0 0 0 0
880	1	 1 1 1 0 0 1 0 1 0 0 0 0 0 0 0 0 0 0 0 0
880	3	 1 1 1 1 1 1 1 0 0 0 0 0 0 1 1 1 0 0 0 0
880	1	 1 1 1 1 0 0 1 1 0 0 0 0 1 0 0 0 0 0 0 0
880	1	 1 1 1 1 0 0 0 1 0 0 0 0 1 1 0 0 0 0 0 0
880	1	 1 1 1 1 0 0 0 0 0 0 0 0 0 1 0 1 0 0 0 0
880	2	 1 1 1 1 0 1 1 1 0 0 0 0 0 1 0 0 0 1 0 0
880	2	 1 1 1 1 1 1 1 1 0 0 0 0 0 1 0 1 0 1 1 0
880	1	 1 1 1 0 0 0 0 1 0 0 0 0 1 0 0 0 0 0 0 0
880	1	 1 1 1 1 0 0 0 1 0 0 1 1 0 1 0 0 0 0 0 0
880	2	 1 1 0 0 0 1 0 1 0 0 0 0 0 0 0 0 0 0 0 0
1000	14	 1 1 1 1 0 0 1 1 0 0 0 1 1 0 0 0 0 0 0 0
1000	10	 1 1 1 1 0 0 0 1 1 0 0 0 0 0 0 0 0 0 0 0
1000	1	 1 1 1 1 0 0 0 1 0 0 0 0 1 1 0 1 0 0 0 0
1000	34	 1 1 1 1 0 0 1 1 1 0 0 0 0 0 0 0 0 0 0 0
1000	21	 1 1 1 1 0 0 0 0 0 0 0 0 0 1 0 1 0 0 0 0
1000	34	 1 1 1 1 0 1 0 1 0 0 0 0 0 1 0 0 0 0 0 0
1000	14	 1 1 1 1 0 0 0 0 0 0 0 1 1 0 0 1 0 0 0 0
1000	40	 1 1 1 1 0 1 0 1 0 0 0 1 1 1 1 0 0 0 0 0
1000	38	 1 1 1 1 0 1 1 1 0 0 0 0 0 1 0 1 0 0 0 0
1000	6	 1 1 1 1 0 0 0 1 1 0 0 0 0 1 0 0 0 0 0 0
1000	12	 1 1 1 1 0 1 0 0 1 0 0 1 0 1 1 0 0 0 0 0
1000	2	 1 1 1 1 0 0 0 0 1 0 0 0 0 1 0 0 0 0 0 0
1000	1	 1 1 1 1 0 1 1 1 0 0 0 0 0 1 0 1 1 0 0 0
1000	13	 1 1 1 1 1 0 0 0 0 0 0 0 0 1 0 0 0 0 0 0
1000	35	 1 1 0 1 0 0 0 1 1 0 0 0 0 0 0 0 0 0 0 0
1000	41	 1 1 1 1 0 0 0 1 0 0 0 0 1 1 1 0 0 0 0 1
1000	16	 1 1 1 1 0 0 1 1 0 0 0 1 1 0 1 0 0 0 0 0
1000	14	 1 1 1 1 0 0 0 0 0 0 0 0 1 1 0 0 0 0 0 0
1000	4	 1 1 1 1 0 1 0 1 0 0 0 0 0 1 0 1 0 0 0 0
1000	32	 1 1 1 1 0 0 1 1 0 0 0 1 1 0 0 1 0 0 0 0
1000	8	 1 1 0 1 0 1 0 0 1 0 0 0 0 1 1 1 0 0 0 0
1000	4	 1 1 1 1 0 1 1 1 0 0 0 0 0 1 1 0 0 0 0 0
1000	9	 1 1 0 1 0 0 0 0 1 0 0 1 0 1 1 0 0 0 0 0
1000	24	 1 1 1 1 0 0 0 0 0 0 0 0 0 1 0 1 0 1 0 0
1000	41	 1 1 1 0 0 0 0 0 0 0 0 0 0 1 0 1 0 0 0 0
1000	20	 1 1 1 1 0 0 0 1 0 0 0 1 1 1 1 0 0 0 0 0
1000	7	 0 1 1 1 0 1 0 1 0 0 0 0 0 1 0 0 0 0 0 0
1000	11	 1 1 1 0 1 1 1 0 0 0 0 0 0 0 0 1 0 0 0 0
1000	13	 1 1 1 1 0 0 1 1 1 0 0 0 0 1 0 1 0 0 0 0
1000	24	 1 1 1 1 1 0 0 0 0 0 0 0 1 1 0 0 0 0 0 0
1000	3	 1 1 1 1 0 1 1 1 0 0 0 0 0 1 1 0 1 0 0 0
1000	5	 1 1 1 1 0 0 0 0 0 0 0 1 0 1 1 0 0 0 0 0
1000	17	 1 1 0 1 0 0 0 1 1 0 0 0 1 0 0 1 0 0 0 0
1000	5	 1 1 1 0 1 1 1 1 1 0 0 0 0 0 0 1 0 0 0 0
1000	7	 1 1 1 1 1 0 1 1 0 0 0 1 1 0 0 0 0 0 0 0
1000	2	 1 1 1 1 1 1 0 1 0 0 0 1 1 1 1 0 0 0 0 0
1000	5	 1 1 1 1 0 0 0 0 1 0 0 1 0 1 1 0 0 0 0 0
1000	3	 1 1 1 1 0 0 0 1 0 0 0 0 0 1 1 1 0 0 0 0
1000	5	 1 1 1 1 0 1 0 1 0 0 0 1 0 1 0 1 0 0 0 0
1000	6	 1 1 1 1 0 0 0 1 0 0 0 1 1 0 0 0 0 0 0 0
1000	4	 1 1 1 1 0 0 0 1 1 0 0 0 0 1 1 0 0 0 0 0
1000	3	 1 1 1 1 1 0 1 1 0 0 0 1 1 1 0 1 0 0 0 0
1000	5	 1 1 1 1 0 0 0 1 0 0 0 0 1 0 0 1 0 0 0 0
1000	4	 1 1 1 0 0 0 0 0 0 0 0 0 0 0 0 1 0 0 0 0
1000	5	 1 1 1 1 0 1 1 1 0 0 0 1 1 0 0 0 0 0 0 0
1000	3	 1 1 1 1 0 1 1 1 0 0 0 0 0 0 1 0 0 0 0 1
1000	7	 1 1 1 1 0 1 0 1 0 0 0 0 1 1 0 1 0 0 0 0
1000	6	 1 1 1 1 0 0 1 1 1 0 0 0 0 0 0 0 1 0 0 0
1000	6	 1 1 1 1 0 0 1 1 0 0 0 1 0 1 0 0 0 0 0 0
1000	11	 1 1 1 1 0 0 0 1 0 0 0 1 1 0 1 0 0 0 0 0
1000	11	 1 1 1 1 0 0 1 1 0 0 0 0 0 0 0 1 0 0 0 0
1000	1	 1 1 1 0 1 0 1 1 1 0 0 1 1 1 0 1 0 0 0 0
1000	4	 1 1 1 1 0 1 1 1 0 0 0 0 0 0 0 0 0 0 0 0
1000	4	 1 1 1 1 0 0 0 0 0 0 0 0 1 1 0 0 0 1 0 0
1000	5	 1 1 1 1 0 0 1 1 1 0 0 0 1 0 0 1 0 0 0 0
1000	4	 1 1 1 1 0 0 0 0 0 0 0 0 0 0 0 0 0 1 0 0
1000	1	 1 1 0 1 0 0 1 1 1 0 0 1 1 0 0 1 0 1 0 0
1000	5	 0 1 1 1 0 0 0 0 0 0 0 0 0 1 1 0 0 0 0 1
1000	4	 1 1 1 1 0 1 0 1 0 0 0 1 1 1 0 1 0 0 0 0
1000	16	 0 1 1 1 0 0 0 1 0 0 0 0 0 1 0 0 0 0 0 0
1000	6	 1 1 1 1 0 0 1 1 1 0 0 0 0 1 1 1 0 0 0 0
1000	4	 1 1 1 1 0 1 1 1 0 0 0 0 1 1 1 0 0 0 0 0
1000	6	 1 1 1 1 0 0 0 1 1 0 0 0 0 1 1 1 0 0 0 0
1000	1	 1 1 1 1 0 1 0 1 0 0 0 0 1 0 1 1 0 0 0 0
1000	11	 1 1 0 1 1 0 1 1 0 0 0 1 1 1 0 1 0 0 0 0
1000	8	 1 1 1 1 0 0 0 1 0 0 0 0 1 0 1 1 0 0 0 0
1000	21	 1 1 1 1 0 1 0 1 0 0 0 0 1 1 1 0 0 0 0 1
1000	8	 1 1 1 1 0 1 1 1 0 0 1 0 0 1 1 0 1 0 0 0
1000	14	 1 1 1 1 0 0 0 0 1 0 0 1 0 1 0 0 0 0 0 0
1000	1	 1 1 1 0 0 1 0 1 0 0 0 0 1 0 0 1 0 0 0 0
1000	8	 1 1 1 1 0 0 0 1 0 0 0 1 1 0 0 1 0 0 0 0
1000	5	 1 1 1 1 0 1 1 1 0 0 0 0 0 1 1 1 0 0 0 0
1000	7	 1 1 1 1 0 1 0 1 1 0 0 0 0 0 0 0 1 0 0 0
1000	2	 1 1 1 1 0 0 1 1 0 0 1 1 1 0 0 1 0 0 0 0
1000	7	 1 1 1 1 0 0 1 1 0 0 0 0 0 1 0 1 0 0 0 0
1000	1	 1 1 1 1 0 1 0 1 0 0 1 0 1 1 1 0 0 0 0 1
1000	9	 1 1 1 1 0 0 0 1 0 0 0 0 0 0 0 0 0 0 0 0
1000	1	 0 1 1 1 0 0 0 0 0 0 0 1 1 0 0 0 0 0 0 0
1000	7	 1 1 1 1 1 1 1 1 0 0 1 1 0 1 0 1 0 0 0 0
1000	9	 1 1 1 1 0 0 0 0 1 0 0 0 0 0 0 0 0 0 0 0
1000	10	 1 1 1 1 0 0 1 1 1 0 0 1 0 0 0 0 0 1 1 0
1000	3	 1 1 1 1 0 0 1 1 0 0 0 0 0 1 0 0 0 0 0 0
1000	4	 1 1 1 1 0 1 1 1 0 0 0 0 1 0 0 1 0 0 0 0
1000	1	 1 1 1 1 0 1 0 1 0 1 0 1 1 1 1 0 0 0 0 0
1000	8	 1 1 0 1 0 0 0 1 1 0 0 0 1 0 0 0 0 0 0 0
1000	8	 1 1 1 1 0 0 1 1 0 0 0 0 1 0 0 1 0 0 0 0
1000	2	 1 1 0 1 0 0 0 1 1 0 0 0 1 0 0 1 0 0 1 0
1000	4	 1 1 1 1 0 0 1 1 0 0 0 0 0 0 0 0 0 0 0 0
1000	1	 1 1 0 1 0 0 0 1 1 0 0 0 0 1 0 0 0 0 0 0
1000	3	 1 1 0 1 0 1 0 0 0 0 0 0 0 1 0 0 0 0 0 0
1000	3	 0 1 1 1 0 1 0 1 0 0 0 0 1 1 0 0 0 0 0 0
1000	3	 1 1 1 1 0 1 0 1 0 0 0 0 1 1 0 0 0 0 0 0
1000	3	 1 1 1 1 0 1 0 0 1 0 1 1 0 1 1 0 0 0 0 0
1000	9	 1 1 1 1 0 0 0 1 0 0 0 0 1 1 1 0 1 0 0 1
1000	1	 1 1 0 1 0 1 0 0 1 0 0 0 0 1 1 1 1 0 0 0
1000	1	 1 1 0 1 0 0 0 1 1 0 0 0 0 0 0 1 0 1 0 0
1000	1	 0 1 0 1 0 0 0 1 1 0 0 0 0 0 0 0 0 0 0 0
1000	3	 1 1 1 1 0 0 0 0 0 0 0 0 0 1 0 1 0 1 1 0
1000	4	 1 1 1 1 0 0 1 1 0 0 0 0 0 1 1 1 0 0 0 0
1000	3	 1 1 1 1 0 0 1 1 1 0 1 0 0 1 0 1 0 1 0 0
1000	11	 1 0 1 1 0 0 0 1 0 0 0 0 1 0 0 1 0 0 0 0
1000	3	 1 0 0 1 0 1 0 0 1 0 0 0 0 1 1 1 0 0 1 0
1000	5	 1 1 1 1 0 0 1 1 1 0 0 1 1 1 0 1 0 0 0 0
1000	5	 1 1 1 1 0 0 1 1 1 0 0 1 1 0 0 0 0 0 0 0
1000	2	 1 1 1 1 0 1 1 1 1 0 0 0 0 0 0 0 0 0 0 0
1000	2	 1 1 1 1 0 1 1 1 0 0 0 1 0 1 0 0 0 0 0 0
1000	1	 1 1 1 1 0 1 1 1 0 1 0 0 0 1 1 0 0 0 0 0
1000	1	 1 1 0 1 1 0 0 0 1 0 0 1 0 1 1 0 0 0 0 0
1000	3	 1 1 1 1 0 0 1 1 0 0 0 1 1 0 0 1 0 1 0 1
1000	3	 0 1 0 1 1 0 0 1 1 0 0 0 0 0 0 0 0 0 0 0
1000	3	 1 1 1 0 0 0 0 0 0 0 0 0 1 1 0 1 0 0 0 0
1000	1	 0 1 1 1 0 1 0 0 0 0 0 0 0 1 0 0 0 0 0 0
1000	4	 0 1 1 0 1 1 1 0 0 0 0 0 0 0 0 1 0 0 0 0
1000	1	 1 1 1 0 0 0 1 1 1 0 0 0 0 1 0 1 0 0 0 0
1000	2	 1 1 1 1 1 0 0 1 0 0 0 1 1 0 0 0 0 0 0 0
1000	1	 1 1 1 1 0 0 1 0 0 0 0 0 0 1 0 1 0 1 1 0
1000	1	 1 1 1 1 0 0 1 1 0 0 0 0 0 0 0 0 1 0 0 0
1000	1	 1 1 0 1 0 0 0 1 1 0 0 0 0 1 0 1 0 0 0 0
1000	3	 1 1 1 0 0 0 1 1 0 0 0 1 1 0 1 0 0 0 0 0
1000	3	 1 1 1 0 1 1 1 0 0 0 1 0 0 1 0 1 0 0 0 0
1000	1	 0 1 1 1 0 0 0 1 1 0 0 0 0 1 0 1 0 1 0 0
1000	1	 1 1 0 1 0 0 0 0 1 0 0 1 1 0 1 0 0 0 0 0
1000	1	 1 1 1 1 0 1 0 1 0 0 1 0 1 1 1 0 0 0 0 0
1000	1	 1 1 1 1 0 0 0 0 0 0 0 0 0 1 1 1 0 0 0 0
1000	2	 1 1 1 1 0 1 0 1 0 0 0 1 0 1 1 0 0 0 0 0
1000	3	 1 1 1 1 0 1 0 1 0 0 0 1 1 1 1 0 0 0 1 0
1000	1	 1 1 1 1 0 1 1 1 0 0 0 1 0 1 0 1 0 0 0 0
1000	2	 1 1 0 1 0 0 0 1 1 0 1 0 0 0 0 0 0 0 0 0
1000	2	 1 1 0 1 0 0 0 1 1 0 0 0 0 0 1 0 0 0 0 0
1000	1	 1 1 1 1 0 0 0 1 0 0 0 0 1 1 0 0 0 0 0 0
1000	3	 1 1 1 1 0 0 1 1 1 0 0 1 1 0 0 1 0 0 0 0
1000	1	 1 1 0 1 0 0 0 1 1 0 0 0 1 0 0 1 1 0 0 0
1000	2	 1 1 1 0 1 1 1 0 1 0 0 0 0 0 0 1 0 0 0 0
1000	1	 1 1 1 1 0 1 1 1 0 0 0 0 0 0 0 0 1 0 0 0
1000	1	 1 1 1 1 0 0 1 1 1 0 1 0 0 1 0 1 0 0 1 0
