0	250	 0 0 0 0 0 0 0 0 0 0 0 0 1 0 0 0 0 0 0 0
0	250	 0 1 0 0 0 0 0 0 0 0 0 0 0 0 0 1 0 0 1 0
0	250	 0 0 0 0 0 0 0 0 0 0 0 0 0 0 0 0 0 0 0 0
0	250	 0 1 1 0 0 1 0 0 1 0 0 0 0 0 0 0 1 0 0 0
10	128	 0 0 0 0 0 0 0 0 0 0 0 0 1 0 0 0 0 0 0 0
10	116	 0 1 0 0 0 0 0 0 0 0 0 0 0 0 0 1 0 0 1 0
10	173	 0 0 0 0 0 0 0 0 0 0 0 0 0 0 0 0 0 0 0 0
10	354	 0 1 1 0 0 1 0 0 1 0 0 0 0 0 0 0 1 0 0 0
10	8	 0 0 0 0 0 0 0 0 0 0 0 0 0 0 0 0 1 0 0 0
10	10	 0 0 0 0 0 1 0 0 1 0 0 0 0 0 0 0 1 0 0 0
10	23	 0 1 0 0 0 0 0 0 0 0 0 0 0 0 0 0 0 0 0 0
10	15	 0 1 0 0 0 0 0 0 0 0 0 0 0 0 0 1 0 0 0 0
10	11	 0 1 0 0 0 1 0 0 1 0 0 0 0 0 0 0 1 0 0 0
10	2	 0 1 1 0 0 1 0 0 1 0 0 0 0 0 0 0 0 0 0 0
10	5	 0 1 1 0 0 1 0 0 0 0 0 0 1 0 0 0 0 0 0 0
10	5	 0 1 0 0 0 0 0 0 1 0 0 0 0 0 0 1 0 0 1 0
10	2	 0 1 0 0 0 0 0 0 0 0 0 0 0 0 0 1 0 0 1 1
10	9	 0 0 0 0 0 0 0 0 0 0 0 0 0 0 0 0 0 0 1 0
10	7	 1 1 1 0 0 1 0 0 1 0 0 0 0 0 0 0 1 0 0 0
10	5	 0 1 1 0 0 1 0 0 1 0 1 0 0 0 0 0 1 0 0 0
10	6	 0 0 0 0 0 0 0 0 0 0 0 0 0 0 0 1 0 0 1 0
10	1	 0 1 1 0 0 1 0 0 1 0 0 0 0 0 0 1 0 0 1 0
10	4	 0 0 0 0 0 0 1 0 0 0 0 0 1 0 0 0 1 0 0 0
10	3	 0 0 0 0 0 0 0 0 0 0 0 0 1 0 0 0 1 0 0 0
10	1	 1 1 0 0 0 0 0 0 0 0 0 0 0 0 0 1 0 0 1 0
10	13	 0 1 0 0 0 0 0 0 0 0 0 0 0 0 1 1 0 0 1 0
10	2	 0 0 0 0 0 0 0 1 0 0 0 0 0 0 0 0 0 0 0 0
10	3	 0 1 1 0 0 1 0 0 0 0 0 0 0 0 0 0 0 0 0 0
10	2	 0 0 0 0 0 0 0 0 0 0 0 0 1 1 0 0 0 0 0 0
10	5	 0 1 0 0 0 0 0 0 0 0 1 0 0 0 0 1 0 0 1 0
10	5	 0 1 1 0 0 0 0 0 1 0 0 0 0 0 0 0 1 0 0 0
10	2	 0 0 0 0 0 0 0 0 0 0 0 0 1 0 0 0 0 0 1 0
10	1	 0 0 0 0 0 0 0 0 0 0 1 0 1 0 0 0 0 0 0 0
10	4	 0 0 0 0 1 0 0 0 0 0 0 0 1 0 0 0 0 0 0 0
10	2	 0 1 0 0 0 0 0 0 0 0 0 0 0 0 0 1 0 1 1 0
10	2	 0 1 0 0 0 0 0 0 0 0 0 1 0 0 0 1 0 0 1 0
10	3	 0 1 0 0 0 0 0 0 0 0 0 0 1 0 0 1 0 0 1 0
10	8	 0 1 1 0 0 1 0 1 1 0 0 0 0 0 0 0 1 0 0 0
10	9	 0 1 1 0 0 1 0 0 1 0 0 0 1 0 0 0 0 0 0 0
10	3	 0 0 0 0 0 0 0 0 0 0 0 0 1 0 0 0 0 0 0 1
10	3	 0 1 1 0 0 1 0 0 1 0 0 0 0 0 0 0 1 0 0 1
10	1	 0 1 1 0 0 1 0 0 1 0 0 0 1 0 0 0 1 0 0 0
10	9	 0 1 1 0 0 1 1 0 1 0 0 0 0 0 0 0 1 0 0 0
10	3	 0 1 0 1 0 0 0 0 0 0 0 0 1 0 0 1 0 0 0 0
10	6	 0 1 0 0 0 0 0 0 0 0 0 0 0 0 0 0 1 0 0 0
10	1	 0 0 0 0 0 0 0 0 1 0 0 0 0 0 0 0 1 0 0 0
10	1	 0 1 0 0 0 0 1 0 0 0 0 0 0 0 0 1 0 0 1 0
10	3	 0 0 0 0 0 0 0 0 1 0 0 0 0 0 0 0 0 0 0 0
10	1	 0 1 1 0 0 1 0 0 1 1 0 0 0 0 0 0 1 0 0 0
10	5	 0 1 1 0 0 0 0 0 0 0 0 0 0 0 0 1 0 0 1 0
10	3	 0 1 1 0 0 1 0 0 0 0 0 0 1 0 0 0 1 0 0 0
10	1	 0 1 1 0 0 0 0 0 0 0 0 0 0 0 0 0 0 0 0 0
10	2	 0 1 0 0 0 0 0 0 0 0 0 0 0 0 0 1 0 1 0 0
10	1	 0 1 0 0 0 1 0 0 0 0 0 0 0 0 0 0 1 0 0 0
10	1	 0 1 0 0 0 0 0 0 0 0 0 0 0 0 0 0 0 0 1 0
10	1	 1 0 0 0 0 0 0 0 0 0 0 0 0 0 0 0 0 0 0 0
10	1	 0 0 0 0 0 0 0 0 0 0 1 0 0 0 0 0 0 0 0 0
10	3	 0 1 1 1 0 1 0 0 1 0 0 0 0 0 0 0 1 0 0 0
10	1	 0 0 1 0 0 1 0 0 1 0 0 0 0 0 0 0 1 0 0 0
10	1	 0 1 1 0 0 0 1 0 0 0 0 0 0 0 0 1 0 0 1 0
25	81	 0 0 0 0 0 0 0 0 0 0 0 0 1 0 0 0 0 0 0 0
25	50	 0 1 0 0 0 0 0 0 0 0 0 0 0 0 0 1 0 0 1 0
25	46	 0 0 0 0 0 0 0 0 0 0 0 0 0 0 0 0 0 0 0 0
25	376	 0 1 1 0 0 1 0 0 1 0 0 0 0 0 0 0 1 0 0 0
25	4	 0 0 0 0 0 0 0 0 0 0 0 0 0 0 0 0 1 0 0 0
25	7	 0 1 0 0 0 0 0 0 0 0 0 0 0 0 0 0 0 0 0 0
25	12	 0 1 0 0 0 0 0 0 0 0 0 0 0 0 0 1 0 0 0 0
25	41	 0 1 1 0 0 1 0 0 1 0 0 0 0 0 0 0 0 0 0 0
25	7	 1 1 1 0 0 1 0 0 1 0 0 0 0 0 0 0 1 0 0 0
25	5	 0 1 1 0 0 1 0 0 1 0 1 0 0 0 0 0 1 0 0 0
25	1	 0 0 0 0 0 0 0 0 0 0 0 0 0 0 0 1 0 0 1 0
25	24	 0 1 1 0 0 1 0 0 1 0 0 0 0 0 0 1 0 0 1 0
25	7	 0 0 0 0 0 0 0 1 0 0 0 0 0 0 0 0 0 0 0 0
25	4	 0 1 1 0 0 1 0 0 0 0 0 0 0 0 0 0 0 0 0 0
25	3	 0 0 0 0 0 0 0 0 0 0 0 0 1 1 0 0 0 0 0 0
25	1	 0 1 1 0 0 0 0 0 1 0 0 0 0 0 0 0 1 0 0 0
25	17	 0 1 1 0 0 1 0 1 1 0 0 0 0 0 0 0 1 0 0 0
25	42	 0 1 1 0 0 1 0 0 1 0 0 0 1 0 0 0 0 0 0 0
25	10	 0 0 0 0 0 0 0 0 0 0 0 0 1 0 0 0 0 0 0 1
25	29	 0 1 1 0 0 1 0 0 1 0 0 0 0 0 0 0 1 0 0 1
25	2	 0 1 0 0 0 0 0 0 0 0 0 0 0 0 0 0 1 0 0 0
25	5	 0 1 1 0 0 0 0 0 0 0 0 0 0 0 0 1 0 0 1 0
25	52	 0 1 1 1 0 1 0 0 1 0 0 0 0 0 0 0 1 0 0 0
25	4	 0 1 1 0 0 1 0 0 0 0 0 0 0 0 0 0 1 0 0 0
25	11	 0 1 1 0 0 1 0 0 1 0 0 0 0 1 0 0 1 0 0 0
25	1	 0 1 1 0 0 1 0 1 1 0 0 0 0 0 0 0 0 0 0 0
25	8	 0 1 1 0 0 1 0 0 0 0 0 1 0 0 0 1 0 0 1 0
25	9	 0 1 0 0 0 0 0 0 0 0 0 0 0 0 0 1 0 0 1 1
25	16	 0 1 1 0 0 1 0 0 1 0 0 0 0 0 0 0 1 0 1 1
25	3	 0 0 0 0 0 1 0 0 1 0 0 0 0 0 0 0 1 0 0 0
25	13	 0 0 1 0 0 0 0 0 0 0 0 0 1 0 0 0 0 0 0 0
25	1	 0 0 0 0 0 0 0 0 1 0 0 0 0 0 0 0 0 0 0 0
25	3	 0 0 0 0 0 0 0 0 0 0 0 1 1 0 0 0 0 0 0 0
25	8	 0 1 1 0 0 1 0 0 1 0 0 0 0 0 0 0 1 1 0 0
25	3	 0 0 0 0 0 0 0 1 0 0 0 0 1 0 0 0 0 0 0 0
25	2	 0 0 0 0 0 0 1 0 0 0 0 0 1 0 0 0 0 0 0 0
25	7	 0 1 1 0 0 1 0 0 1 0 0 0 0 0 1 0 1 0 0 0
25	10	 0 1 1 0 0 1 0 0 1 0 0 0 0 0 0 0 1 0 1 0
25	3	 0 0 0 0 0 1 0 0 0 0 0 0 1 0 0 0 0 0 0 0
25	1	 0 0 0 0 0 0 0 0 0 1 0 0 0 0 0 0 0 0 0 0
25	4	 1 1 1 0 1 1 0 0 1 0 0 0 0 0 0 0 1 0 0 0
25	1	 0 1 0 0 0 0 0 0 0 0 0 0 1 0 0 0 0 0 0 0
25	2	 0 1 1 0 0 1 0 0 1 0 0 0 1 0 0 0 1 0 0 0
25	4	 0 1 1 0 1 1 0 0 1 0 0 0 0 0 0 0 1 0 0 0
25	6	 0 1 1 0 0 0 0 0 0 0 0 0 0 0 0 0 0 0 0 0
25	4	 0 1 0 0 0 0 0 0 0 0 0 0 1 0 0 0 0 0 1 0
25	2	 0 1 1 0 0 0 0 0 0 0 0 0 0 0 0 0 1 0 0 0
25	2	 1 1 1 0 0 1 0 0 1 0 0 0 0 0 0 0 0 0 0 0
25	4	 0 1 0 0 0 0 0 0 0 0 0 0 0 0 0 0 0 0 1 0
25	3	 0 0 0 0 0 0 0 1 0 0 0 0 0 0 0 0 1 0 0 0
25	2	 0 1 0 0 0 0 0 0 0 0 0 0 1 0 0 1 0 0 1 1
25	6	 0 1 0 0 0 0 0 0 0 1 0 1 0 0 0 0 0 0 0 0
25	1	 0 1 0 0 0 0 0 0 1 0 0 0 1 0 0 0 0 0 0 0
25	1	 0 1 1 1 0 1 0 0 1 0 0 0 1 0 0 0 0 0 0 0
25	4	 0 0 0 0 0 1 0 0 0 0 0 0 1 0 0 0 0 0 0 1
25	1	 0 1 1 0 0 1 1 0 1 0 0 0 0 0 0 0 1 0 0 1
25	1	 0 1 1 1 0 1 0 0 1 0 0 0 0 1 0 0 1 0 0 0
25	3	 0 1 1 1 0 1 0 0 1 0 0 0 0 0 1 0 1 0 0 0
25	1	 0 1 1 1 0 1 0 0 1 0 0 0 1 0 0 0 1 0 0 0
25	2	 0 1 1 0 0 1 0 0 0 0 0 0 0 1 0 0 1 0 0 0
25	1	 0 1 1 0 0 1 0 1 0 0 0 0 0 0 0 0 0 0 0 0
25	2	 0 1 1 0 0 0 0 0 0 0 1 0 0 0 0 0 0 0 0 0
25	1	 0 0 0 0 0 0 0 0 0 0 0 0 0 0 0 1 0 0 1 1
25	2	 0 1 1 0 0 1 0 0 0 1 0 0 0 0 0 0 0 0 0 0
25	3	 0 1 1 0 0 0 0 0 0 0 0 0 1 0 0 0 0 0 0 0
25	1	 0 1 1 1 0 1 0 0 1 0 0 0 0 0 0 0 0 0 0 0
25	1	 0 0 0 0 0 0 0 0 0 1 0 0 0 0 0 0 1 0 1 1
25	1	 1 0 0 0 0 0 0 0 0 0 0 0 1 0 0 0 0 0 0 0
25	1	 1 1 0 0 0 0 0 0 0 0 0 0 0 0 0 1 0 0 0 0
25	1	 1 1 1 0 0 0 0 0 1 0 0 0 0 0 0 0 1 0 0 0
25	1	 0 1 0 1 0 1 0 0 1 0 0 0 0 0 0 0 1 0 0 0
25	2	 0 0 1 0 0 0 0 0 0 0 0 0 0 0 0 0 0 0 0 0
70	94	 0 1 1 0 0 1 0 0 1 0 0 0 0 0 0 0 1 0 0 0
70	6	 0 1 1 0 0 1 0 0 1 0 0 0 0 0 0 0 0 0 0 0
70	27	 0 1 1 0 0 1 0 0 1 0 1 0 0 0 0 0 1 0 0 0
70	3	 0 1 1 0 0 1 0 0 1 0 0 0 0 0 0 1 0 0 1 0
70	58	 0 1 1 0 0 1 0 0 1 0 0 0 1 0 0 0 0 0 0 0
70	2	 0 0 0 0 0 0 0 0 0 0 0 0 1 0 0 0 0 0 0 1
70	133	 0 1 1 1 0 1 0 0 1 0 0 0 0 0 0 0 1 0 0 0
70	74	 0 1 1 0 0 1 0 0 0 0 0 0 0 0 0 0 1 0 0 0
70	4	 0 1 1 0 0 1 0 0 0 0 0 1 0 0 0 1 0 0 1 0
70	5	 0 1 1 0 0 1 0 0 1 0 0 0 0 0 0 0 1 0 1 1
70	7	 0 0 1 0 0 0 0 0 0 0 0 0 1 0 0 0 0 0 0 0
70	3	 0 1 1 0 0 1 0 0 1 0 0 0 0 0 0 0 1 0 1 0
70	4	 0 1 1 0 0 1 0 0 1 0 0 0 1 0 0 0 1 0 0 0
70	14	 0 1 1 0 0 0 0 0 0 0 0 0 0 0 0 0 0 0 0 0
70	16	 1 1 1 0 0 1 0 0 1 0 0 0 0 0 0 0 0 0 0 0
70	7	 0 1 0 1 0 1 0 0 1 0 0 0 0 0 0 0 1 0 0 0
70	14	 0 0 1 0 0 0 0 0 0 0 0 0 0 0 0 0 1 0 0 0
70	32	 0 1 1 0 0 1 0 0 1 1 0 0 0 0 0 0 1 0 0 0
70	15	 0 1 1 0 0 0 0 0 1 0 0 0 0 0 0 0 0 0 0 0
70	15	 0 1 0 0 0 1 0 0 1 0 0 0 0 0 0 0 1 0 0 0
70	14	 0 1 1 0 0 1 0 1 1 0 0 0 0 0 0 0 0 0 0 0
70	11	 0 0 1 0 0 0 0 0 0 1 0 0 1 0 0 0 0 0 0 0
70	4	 0 0 1 0 0 1 0 0 0 0 0 0 0 0 0 0 1 0 0 0
70	5	 0 1 1 0 0 1 0 1 1 0 0 1 0 0 0 0 0 0 0 0
70	8	 0 1 1 0 0 1 0 0 1 0 1 0 0 0 1 0 1 0 0 0
70	24	 0 1 1 1 0 1 0 0 1 0 0 0 0 0 0 0 0 0 0 0
70	9	 0 1 1 1 0 1 0 0 1 0 0 0 0 0 0 0 1 0 0 1
70	10	 0 1 1 1 0 1 0 0 1 0 0 0 1 0 0 0 0 0 0 0
70	8	 0 0 1 0 0 1 0 0 1 0 0 0 1 0 0 0 1 0 0 0
70	5	 0 0 1 0 0 1 0 0 1 1 0 0 0 0 0 0 1 0 0 0
70	8	 0 0 1 0 0 1 0 0 1 0 0 0 0 0 0 0 1 1 0 0
70	17	 0 1 1 0 0 0 0 0 1 0 0 0 0 0 0 1 0 0 1 0
70	20	 0 1 1 0 0 1 0 0 0 0 0 0 0 0 0 0 0 0 0 0
70	22	 0 1 1 0 0 1 0 0 1 1 1 0 0 0 0 0 0 0 0 1
70	2	 1 1 0 0 0 0 0 0 0 0 0 0 0 1 0 1 0 0 0 0
70	1	 0 1 1 0 0 0 0 0 1 0 0 0 0 0 0 0 1 0 1 0
70	2	 0 1 1 0 0 1 0 0 0 0 0 1 0 0 0 0 1 0 0 0
70	14	 0 1 1 0 0 1 0 0 1 1 0 0 0 0 0 1 0 0 1 0
70	2	 0 0 1 0 0 1 0 0 0 0 0 1 0 0 0 0 0 0 0 0
70	5	 0 1 1 0 0 1 0 0 1 0 0 0 1 0 0 0 1 0 1 0
70	5	 0 1 1 0 0 0 0 0 1 0 0 0 0 0 1 0 0 0 0 0
70	1	 0 1 1 0 0 1 0 0 0 0 0 0 0 0 0 0 1 0 1 0
70	2	 0 1 1 0 0 0 0 0 1 0 0 0 0 0 0 0 1 0 0 0
70	12	 1 1 1 0 0 1 0 0 1 1 0 0 0 0 0 0 1 0 0 0
70	2	 0 0 1 1 0 1 0 0 1 0 0 0 0 0 0 0 1 0 1 0
70	2	 0 1 1 0 0 1 0 0 1 0 1 0 0 0 0 0 0 0 0 0
70	2	 0 1 1 0 0 1 0 1 1 0 0 1 1 1 0 0 0 0 0 0
70	2	 0 1 1 1 0 0 0 0 0 0 0 0 0 0 0 0 0 0 0 0
70	13	 0 1 1 0 0 1 0 0 1 0 0 1 0 0 0 0 0 0 1 0
70	3	 0 1 1 0 0 0 0 0 0 0 0 0 0 0 0 1 0 0 1 1
70	9	 1 1 1 0 0 1 1 0 1 0 0 0 0 0 0 0 1 0 0 0
70	4	 0 1 1 0 0 1 0 0 1 0 0 0 0 0 0 1 1 0 0 0
70	5	 0 1 1 0 0 1 0 0 1 0 0 0 0 0 0 0 1 1 0 0
70	3	 0 1 1 0 1 1 0 0 0 0 0 1 0 0 0 1 0 0 1 0
70	3	 0 0 1 0 0 0 0 0 0 1 0 0 0 0 0 0 1 0 0 0
70	2	 0 0 1 0 0 1 0 0 0 0 0 0 0 0 0 1 1 0 0 0
70	2	 1 1 1 0 0 1 0 0 0 0 0 0 0 0 0 0 1 0 0 0
70	2	 0 1 1 0 0 1 0 0 0 0 0 1 0 0 0 1 0 0 0 0
70	3	 0 0 1 1 0 0 0 0 0 1 0 0 1 0 0 0 0 0 0 0
70	10	 0 1 1 0 0 1 0 0 1 1 1 0 0 0 0 0 0 0 0 0
70	10	 0 1 1 1 0 1 0 0 1 1 0 0 0 0 0 0 1 0 0 0
70	1	 0 1 1 0 0 1 0 1 1 0 0 0 0 0 1 0 0 0 0 0
70	3	 0 1 0 0 0 1 0 0 1 0 1 0 0 0 0 0 1 0 0 0
70	2	 0 0 1 0 0 0 0 1 0 1 0 0 1 0 0 0 0 0 0 0
70	10	 0 1 1 1 0 0 0 0 0 1 0 0 0 0 0 0 0 0 0 0
70	8	 0 0 1 0 0 1 0 0 0 0 0 0 0 0 1 1 1 0 0 0
70	3	 0 1 1 0 0 0 0 0 0 0 0 0 1 0 0 0 0 0 0 0
70	3	 0 0 1 0 0 1 0 0 0 1 0 0 0 0 0 0 1 0 0 0
70	1	 0 1 1 1 0 0 0 0 0 0 0 0 0 0 0 0 1 0 0 0
70	9	 0 1 1 0 0 0 0 0 1 0 1 0 0 0 0 0 0 0 1 1
70	5	 0 1 1 0 0 0 0 0 0 0 0 0 0 1 0 0 0 0 0 0
70	1	 0 1 1 1 0 1 1 0 1 0 0 0 1 0 0 0 0 0 0 0
70	3	 0 0 1 1 0 1 0 0 1 0 0 0 1 0 0 0 0 0 0 0
70	1	 1 1 1 0 0 1 0 0 1 0 0 0 1 0 0 0 0 0 0 0
70	1	 0 1 1 0 0 1 0 0 0 0 0 0 0 0 1 0 1 0 0 0
70	1	 0 1 1 0 0 1 0 1 1 0 0 0 0 0 0 0 0 0 0 1
70	16	 1 1 1 1 0 1 0 0 1 0 0 0 0 0 0 0 0 0 0 0
70	8	 0 1 1 1 0 1 0 0 1 1 0 0 0 0 0 1 0 0 1 0
70	3	 1 0 1 0 0 1 0 0 1 0 0 0 0 0 0 1 1 1 0 0
70	2	 0 1 1 0 0 0 0 0 1 1 0 0 0 0 0 0 0 0 0 0
70	3	 0 0 1 0 0 1 0 0 0 0 0 0 0 0 0 0 0 0 0 0
70	6	 0 1 1 1 0 1 0 0 1 0 1 0 0 0 0 0 0 0 0 0
70	2	 0 1 1 1 0 1 0 1 1 0 0 0 1 0 0 0 0 0 0 0
70	3	 1 1 1 0 0 1 0 0 1 0 0 0 0 0 0 0 1 1 0 0
70	1	 0 1 1 1 0 1 0 0 1 0 0 0 0 0 1 0 1 0 0 0
70	4	 0 1 0 0 0 1 0 0 1 1 1 0 0 0 0 0 0 0 0 1
70	2	 0 1 1 0 0 1 0 0 0 0 0 0 0 0 0 0 0 1 0 0
70	1	 0 1 1 0 0 1 0 0 1 0 1 0 0 0 0 0 1 1 0 0
70	2	 0 1 1 0 1 1 0 0 1 0 0 0 0 0 0 0 1 0 0 0
70	1	 0 1 1 0 0 1 0 0 1 0 0 0 0 0 0 0 1 0 0 1
70	5	 0 1 1 0 0 0 0 0 1 0 1 0 0 0 0 0 1 0 0 0
70	7	 0 1 1 1 0 1 0 0 0 0 0 0 0 0 0 0 1 0 0 0
70	5	 0 1 1 0 0 1 0 0 0 0 0 0 0 0 0 0 1 0 0 1
70	5	 0 1 1 0 0 0 0 0 1 0 0 0 0 0 0 0 0 0 0 1
70	2	 0 1 0 0 0 1 0 1 1 0 0 1 0 0 0 0 0 0 0 0
70	2	 1 1 1 0 0 1 0 0 1 1 1 0 0 0 0 0 0 0 0 1
70	5	 0 1 1 1 0 1 0 0 1 0 0 0 0 0 0 0 0 0 0 1
70	2	 0 1 1 0 0 0 0 0 0 1 0 0 1 0 0 0 0 0 0 0
70	2	 0 0 1 0 0 0 0 0 0 1 0 0 0 0 0 0 1 0 0 1
70	2	 1 1 1 0 0 1 0 0 1 1 1 0 0 0 0 0 1 0 0 0
70	2	 0 1 1 1 0 1 1 0 1 0 0 0 0 0 0 0 1 0 0 0
70	2	 0 1 1 1 0 1 0 0 1 0 0 1 0 0 0 0 1 0 0 0
70	1	 0 1 1 0 0 0 0 0 1 0 0 0 0 0 0 0 0 1 0 0
70	1	 0 1 1 0 0 1 1 0 1 0 1 0 0 0 0 0 0 0 0 0
70	1	 0 1 1 0 0 1 0 1 1 0 0 0 0 0 0 1 1 0 0 0
70	1	 0 1 1 0 0 0 0 1 0 1 0 0 0 0 0 0 0 0 0 0
70	1	 1 1 0 1 0 1 0 0 1 0 0 0 0 0 0 0 0 0 0 0
70	2	 0 1 0 0 0 0 0 0 0 0 0 0 1 0 0 0 0 0 0 1
70	1	 0 1 1 0 0 1 0 0 0 1 0 0 0 0 0 0 1 0 0 0
70	3	 0 0 1 0 0 0 0 0 0 1 0 0 1 0 0 0 0 0 1 0
70	1	 0 1 1 1 0 1 0 1 1 0 1 0 0 0 0 0 1 0 0 0
70	1	 1 1 0 1 0 1 0 0 1 1 0 0 0 0 0 0 1 0 0 0
70	1	 0 1 1 0 0 1 1 0 1 0 0 0 0 0 0 0 1 0 0 0
70	1	 0 1 1 1 1 1 0 0 1 0 0 0 0 0 0 0 1 0 0 0
70	5	 0 1 1 0 0 1 1 0 0 0 0 0 0 0 0 0 1 0 0 0
70	2	 0 1 1 0 0 1 0 0 0 0 0 0 0 0 0 0 1 1 0 0
70	1	 0 1 1 0 0 0 0 0 1 0 0 0 0 1 0 0 0 0 0 0
70	1	 0 1 1 0 0 1 0 1 0 0 0 1 0 0 0 0 0 0 0 0
70	1	 0 1 1 0 1 1 0 0 1 0 1 0 0 0 1 0 1 0 0 0
70	1	 0 1 1 0 0 0 0 0 1 1 0 0 0 0 0 0 1 0 0 0
70	4	 1 1 1 0 0 1 0 0 1 1 0 0 0 0 0 0 1 1 0 0
70	2	 0 1 1 0 0 0 0 0 1 0 1 0 0 0 1 0 0 0 1 1
135	42	 0 1 1 1 0 1 0 0 1 0 0 0 0 0 0 0 1 0 0 0
135	2	 0 1 1 0 0 1 0 0 0 0 0 0 0 0 0 0 1 0 0 0
135	9	 1 1 1 0 0 1 0 0 1 0 0 0 0 0 0 0 0 0 0 0
135	28	 0 1 1 0 0 1 0 0 1 1 0 0 0 0 0 1 0 0 1 0
135	44	 0 1 1 0 0 1 0 0 1 1 1 0 0 0 0 0 0 0 0 0
135	1	 0 1 1 1 0 1 0 0 1 1 0 0 0 0 0 0 1 0 0 0
135	32	 0 0 1 0 0 0 0 1 0 1 0 0 1 0 0 0 0 0 0 0
135	51	 0 1 1 1 0 0 0 0 0 1 0 0 0 0 0 0 0 0 0 0
135	39	 1 1 1 1 0 1 0 0 1 0 0 0 0 0 0 0 0 0 0 0
135	8	 1 1 1 0 0 1 0 0 1 1 1 0 0 0 0 0 1 0 0 0
135	3	 0 1 1 0 0 1 0 0 0 1 0 0 0 0 0 0 1 0 0 0
135	25	 0 1 1 0 0 1 0 0 1 1 1 0 0 0 0 0 1 0 0 0
135	5	 0 1 1 1 0 0 0 0 0 0 0 0 0 0 0 0 1 0 0 0
135	12	 0 1 1 0 0 1 0 0 1 0 1 0 0 0 0 0 0 0 0 0
135	57	 1 1 1 1 0 1 0 0 1 0 0 0 0 0 0 0 1 0 0 0
135	6	 0 1 1 1 0 1 0 0 1 1 0 0 1 0 0 1 0 0 1 0
135	4	 0 1 1 1 0 0 0 0 1 0 0 0 0 0 1 0 0 0 0 0
135	34	 0 1 1 1 0 1 0 0 1 0 0 0 0 0 0 0 0 0 0 0
135	8	 0 1 1 0 0 0 0 0 1 0 0 0 1 0 0 0 0 0 0 0
135	27	 0 1 1 1 0 0 0 0 1 0 0 0 0 0 0 0 0 0 0 0
135	4	 0 1 1 0 0 1 0 1 0 1 0 0 0 0 0 0 1 0 0 0
135	6	 0 1 1 1 0 1 0 0 1 1 0 0 1 0 0 0 1 0 0 0
135	6	 0 0 1 0 0 1 0 0 0 1 0 0 0 0 0 1 0 0 0 1
135	30	 0 1 1 0 0 0 0 1 0 1 0 0 1 0 0 0 0 0 0 0
135	6	 1 1 1 0 0 1 1 0 1 0 0 0 0 0 0 0 1 0 0 0
135	3	 0 1 1 0 0 1 0 0 1 0 1 0 0 0 1 1 0 0 1 0
135	17	 0 1 1 0 0 0 0 1 0 1 1 0 0 0 0 0 0 0 0 1
135	1	 0 0 1 0 0 0 0 0 0 1 0 0 1 0 0 0 0 0 0 0
135	26	 0 1 1 0 0 0 0 0 0 1 0 0 0 0 0 0 1 0 0 0
135	5	 0 0 1 0 0 0 0 1 0 1 1 0 1 0 0 0 0 0 0 0
135	11	 0 1 1 1 0 1 0 0 1 0 1 0 0 0 0 0 0 0 1 0
135	5	 0 1 1 0 0 1 0 1 0 0 0 0 0 0 0 0 0 0 0 0
135	8	 0 1 1 1 1 0 0 0 1 0 0 0 0 0 1 0 0 0 0 0
135	1	 0 1 1 0 0 0 0 1 0 1 0 0 0 0 0 0 1 0 0 0
135	10	 0 0 1 1 0 0 0 1 0 1 0 0 1 0 0 0 0 0 0 0
135	9	 0 1 1 0 0 1 0 0 0 0 1 0 1 0 0 0 1 0 0 0
135	8	 0 1 1 1 0 0 0 0 0 0 0 0 0 0 0 0 0 1 0 0
135	5	 0 1 1 0 0 1 0 0 1 0 1 0 0 0 0 0 0 0 0 1
135	19	 0 1 1 0 0 1 0 0 1 0 1 0 0 0 0 0 1 0 0 0
135	3	 1 1 1 1 0 0 0 0 1 0 0 0 0 0 0 1 0 0 0 1
135	3	 0 1 1 0 0 1 0 1 0 0 0 1 0 0 0 0 0 0 0 0
135	2	 0 1 1 1 0 1 0 0 1 0 0 0 1 0 0 0 0 0 0 0
135	2	 1 1 1 1 0 1 0 0 1 1 0 0 1 0 0 1 0 0 1 0
135	10	 0 1 1 1 0 0 0 0 0 1 1 0 0 0 0 0 0 0 0 0
135	7	 0 0 1 0 0 0 0 1 0 1 0 0 0 0 0 0 0 0 0 0
135	10	 0 1 1 1 0 0 0 0 0 1 0 1 0 0 0 0 0 0 0 0
135	1	 0 1 1 0 0 0 1 0 0 1 0 0 0 0 0 0 1 0 0 0
135	6	 0 1 1 1 0 1 0 0 1 0 0 0 0 0 0 0 1 0 1 0
135	12	 0 1 1 1 0 1 0 0 1 0 1 0 0 0 0 0 0 0 0 0
135	14	 0 1 1 1 0 1 0 0 1 1 1 0 0 0 0 0 1 0 0 0
135	16	 0 1 1 0 0 0 0 1 0 1 1 0 0 0 0 0 0 0 0 0
135	1	 0 1 1 0 0 0 0 0 0 1 0 0 0 0 0 0 1 1 0 0
135	5	 0 1 0 1 0 0 0 0 0 0 0 0 0 0 0 0 0 0 0 1
135	2	 1 1 1 1 0 1 0 0 1 0 0 1 0 0 0 0 1 0 0 0
135	8	 0 1 1 0 0 0 0 1 1 1 0 0 1 0 0 0 0 0 0 0
135	8	 0 1 1 1 0 1 0 0 0 0 0 1 1 0 0 1 0 0 0 0
135	9	 1 1 1 1 1 1 0 0 1 1 0 0 0 0 0 0 0 0 0 0
135	5	 0 1 1 1 0 0 0 1 0 1 1 0 0 0 0 0 0 0 0 0
135	2	 0 1 1 1 0 1 0 0 0 0 0 0 0 1 0 0 0 0 0 0
135	9	 0 1 1 0 0 1 0 0 1 0 1 0 0 0 0 1 0 0 0 0
135	4	 0 1 1 0 0 1 0 0 0 1 0 0 0 0 0 1 0 0 1 0
135	14	 0 1 1 0 0 0 0 0 0 1 1 0 0 0 0 0 0 0 0 1
135	1	 0 1 0 1 0 1 0 0 1 0 1 0 0 0 0 0 0 0 1 0
135	2	 0 1 1 1 0 1 0 0 1 1 0 0 0 0 0 1 0 0 1 0
135	4	 0 1 1 0 0 0 0 0 0 1 0 0 0 1 0 0 1 0 0 0
135	2	 0 1 1 0 0 1 0 1 0 0 0 1 0 0 0 1 0 0 0 0
135	1	 0 1 1 0 0 0 0 0 0 0 0 0 0 0 0 0 0 0 0 0
135	2	 0 1 1 0 0 1 0 0 1 1 1 1 0 0 0 0 1 0 0 0
135	6	 0 1 1 1 0 1 0 0 1 0 0 0 0 0 0 0 0 0 0 1
135	5	 0 0 1 0 0 0 0 1 0 1 1 1 1 0 0 0 0 0 0 0
135	3	 0 1 1 1 1 1 0 0 1 0 0 0 1 0 0 0 0 0 0 0
135	3	 1 1 1 0 0 0 0 1 0 1 1 0 0 0 0 0 0 0 0 1
135	1	 0 1 1 1 0 1 0 0 1 1 1 0 0 0 0 0 1 0 1 0
135	19	 0 1 1 0 0 0 0 1 1 1 1 0 0 0 0 0 0 0 0 1
135	5	 0 1 1 0 1 1 0 1 0 0 0 1 0 0 0 0 0 0 0 0
135	6	 1 1 1 1 1 1 0 0 1 1 0 0 0 0 1 0 0 0 0 0
135	2	 0 0 1 1 0 0 0 1 0 1 0 0 0 0 0 0 0 0 0 0
135	3	 0 1 1 0 0 1 0 1 0 1 0 0 1 0 0 0 0 0 0 0
135	3	 0 1 1 1 0 1 0 0 1 1 0 0 0 0 0 0 1 0 1 0
135	4	 0 1 1 0 0 1 1 0 1 1 1 0 0 0 0 0 1 0 1 0
135	3	 0 1 1 0 0 1 0 0 0 0 0 0 0 0 0 0 0 0 0 0
135	4	 0 1 1 0 0 1 0 0 1 1 1 0 1 0 0 0 0 0 0 0
135	5	 1 1 1 0 0 1 0 0 1 1 1 0 0 0 0 0 0 0 0 0
135	5	 0 1 1 1 1 0 0 0 0 1 0 0 0 0 0 0 0 0 0 0
135	2	 0 1 1 1 0 0 0 0 1 0 0 0 1 0 1 0 0 0 0 0
135	21	 0 1 1 0 0 0 0 0 0 1 1 0 0 0 0 0 0 0 0 0
135	6	 1 1 1 0 0 1 1 0 1 0 0 0 0 0 0 0 0 0 0 0
135	1	 0 1 1 0 0 1 0 0 1 1 1 0 0 0 0 1 1 0 0 0
135	1	 0 1 1 0 0 1 0 1 0 1 1 0 0 0 0 0 0 0 0 0
135	2	 1 1 1 1 0 1 0 0 1 0 0 0 0 0 0 0 0 0 1 0
135	1	 0 1 1 0 0 0 0 1 0 1 0 0 0 0 0 0 0 0 0 0
135	2	 1 1 1 0 0 1 0 0 1 0 0 0 0 0 0 1 0 0 0 0
135	2	 0 1 1 1 0 0 0 0 0 1 0 0 0 1 0 0 0 0 0 0
135	1	 0 1 1 0 0 0 0 1 0 1 0 0 1 0 0 0 0 1 0 0
135	3	 0 1 1 1 1 1 0 0 1 1 0 0 0 0 0 0 0 0 0 0
135	4	 0 1 1 0 0 1 0 0 1 0 1 0 0 0 0 0 0 0 1 0
135	5	 1 1 1 1 0 1 0 0 1 0 0 0 0 0 0 0 1 0 1 0
135	1	 0 1 1 0 0 0 0 1 0 1 0 0 1 0 0 0 1 0 0 0
135	3	 0 1 1 1 0 0 0 0 0 0 1 0 0 0 0 0 0 0 0 1
135	1	 0 1 1 1 0 1 0 0 1 0 1 0 0 0 0 0 0 0 0 1
135	1	 0 1 1 0 0 0 0 1 1 1 1 0 0 0 0 0 0 0 0 0
135	4	 1 1 1 0 0 1 0 0 0 0 0 0 0 0 0 0 0 0 0 0
135	2	 0 1 1 1 0 1 0 0 1 1 1 0 0 0 0 0 0 0 0 0
135	4	 0 1 1 0 0 1 0 0 0 1 1 0 0 0 0 0 1 0 0 0
135	1	 1 1 1 0 0 1 0 1 0 1 0 0 0 0 0 0 1 0 0 0
135	8	 1 1 1 0 0 0 0 0 0 1 0 0 0 0 0 0 1 0 0 0
135	1	 0 1 1 0 0 0 0 0 0 0 0 0 0 0 0 1 0 0 0 0
135	2	 0 1 1 0 1 1 0 0 1 0 1 0 0 0 0 0 1 0 0 0
135	1	 1 1 1 0 0 1 0 0 1 1 0 0 1 0 0 1 0 0 1 0
135	1	 1 1 1 1 0 1 0 0 1 1 1 0 0 0 0 0 1 0 0 0
135	7	 0 0 1 1 0 0 0 1 0 1 0 0 0 0 0 0 0 1 0 0
135	1	 1 1 1 1 0 1 0 0 1 0 0 0 0 0 0 0 0 0 0 1
135	1	 1 1 1 0 0 1 0 0 1 1 0 0 0 0 0 1 0 0 1 0
135	3	 1 1 1 1 0 0 0 0 1 0 0 0 0 0 0 0 0 0 0 0
135	1	 0 1 1 0 0 0 0 1 1 1 0 0 1 0 0 0 0 0 1 0
135	4	 0 1 1 0 0 1 0 0 1 0 0 0 0 0 0 0 1 0 0 0
135	2	 0 1 1 0 0 1 0 0 1 1 1 0 0 0 1 0 0 0 0 0
135	1	 1 1 1 1 0 1 0 0 0 0 0 0 0 0 0 0 0 0 0 0
135	2	 1 1 1 1 0 1 0 0 1 0 1 0 0 0 0 0 1 0 0 0
135	2	 0 1 1 1 0 1 0 0 1 1 0 1 1 0 0 1 0 0 1 0
135	1	 0 1 1 0 0 1 0 1 0 1 0 0 0 0 0 1 1 0 0 0
135	1	 0 1 1 0 0 1 0 0 1 0 1 0 0 0 1 0 0 0 1 0
135	2	 1 1 1 0 0 1 0 0 0 0 1 0 0 0 0 0 0 0 0 0
135	1	 0 1 1 1 0 0 0 0 0 0 1 0 0 0 0 0 0 1 0 0
135	1	 0 1 1 0 0 1 0 0 1 0 1 0 0 0 1 0 1 0 0 0
135	3	 0 1 1 1 0 0 0 0 0 1 1 0 0 0 1 0 0 0 0 0
135	1	 0 1 1 1 0 0 0 0 0 1 0 0 0 0 0 0 1 1 0 0
135	3	 1 1 1 1 0 1 0 1 1 0 0 1 0 0 0 0 1 0 0 0
135	1	 0 1 1 0 0 1 0 0 0 0 0 0 0 0 0 1 0 0 0 0
135	1	 1 1 1 0 0 1 1 0 1 1 0 0 0 0 0 0 0 0 0 0
135	1	 1 1 1 1 0 1 0 0 1 1 1 0 0 0 0 0 0 0 0 1
135	2	 1 1 1 0 0 1 1 0 0 1 0 0 0 0 0 0 0 0 0 0
135	2	 1 1 1 1 0 0 0 0 0 1 0 0 1 0 0 0 0 0 0 0
135	2	 0 1 1 1 0 1 0 0 1 1 0 0 0 0 0 1 0 0 0 0
135	1	 0 1 0 1 0 0 0 0 0 1 0 0 0 0 0 0 0 0 0 0
135	2	 1 1 1 1 0 0 0 0 0 1 0 0 0 0 0 0 0 0 0 0
135	2	 1 1 1 1 0 1 0 0 1 0 0 0 0 1 0 0 1 0 0 0
135	1	 0 1 1 0 0 0 0 1 0 1 0 0 1 0 0 0 0 0 1 0
135	2	 1 1 1 0 0 1 1 0 1 0 1 0 0 0 0 0 1 0 0 0
135	1	 0 1 0 0 0 1 0 0 1 0 1 0 0 0 0 0 1 0 0 0
135	1	 0 1 1 0 0 0 0 0 1 0 1 0 0 0 0 0 1 0 0 0
135	1	 0 1 1 1 0 0 0 1 1 1 1 0 0 0 0 0 0 0 0 1
135	1	 0 1 1 0 1 1 0 0 1 1 1 0 1 0 0 0 0 0 0 0
135	2	 0 0 1 0 0 0 0 1 0 1 0 0 1 0 0 0 1 0 0 0
250	40	 0 1 1 0 0 1 0 0 1 1 1 0 0 0 0 0 0 0 0 0
250	37	 1 1 1 1 1 1 0 0 1 1 0 0 0 0 1 0 0 0 0 0
250	7	 1 1 1 0 0 1 0 0 1 1 1 0 0 0 0 0 0 0 0 0
250	19	 0 1 1 0 0 0 0 0 0 1 1 0 0 0 0 0 0 0 0 0
250	57	 1 1 1 1 0 1 0 0 1 1 1 0 0 0 0 0 0 0 0 0
250	12	 0 1 1 1 0 1 0 0 1 1 1 0 0 0 0 0 0 0 0 0
250	1	 1 1 1 0 0 1 0 0 0 1 1 0 0 0 0 0 0 0 0 0
250	30	 0 0 1 1 0 0 0 0 1 1 1 0 0 0 0 0 0 0 0 0
250	8	 1 1 1 1 0 1 0 0 1 1 0 0 0 0 0 0 0 0 0 0
250	18	 0 1 1 1 1 1 0 0 1 1 0 0 0 0 1 0 0 0 0 0
250	1	 1 1 1 1 1 1 0 1 1 1 1 0 0 0 0 0 0 0 0 0
250	22	 1 1 1 1 1 1 0 0 1 1 1 0 0 0 1 0 0 0 0 0
250	15	 1 1 1 1 1 1 0 0 1 1 1 0 0 0 0 0 0 0 0 0
250	2	 0 1 1 1 0 1 0 0 0 1 0 0 0 0 0 0 0 0 0 0
250	53	 1 1 1 1 1 1 0 0 0 1 1 0 0 0 0 0 0 0 0 0
250	4	 0 0 1 1 0 0 0 0 1 1 1 0 0 1 0 0 0 0 0 0
250	7	 1 1 1 0 0 1 0 0 1 1 0 0 0 0 1 0 0 0 1 0
250	26	 0 1 1 0 0 1 0 0 1 1 1 0 0 0 0 1 0 0 0 0
250	6	 0 1 1 1 1 0 0 0 0 1 1 0 0 0 0 0 0 0 0 0
250	22	 1 1 1 1 0 1 1 0 0 1 0 0 0 0 0 0 0 0 0 0
250	15	 1 1 1 1 0 1 0 0 1 1 1 0 0 0 0 1 0 0 0 0
250	11	 1 1 1 1 0 1 0 0 1 1 1 0 0 0 1 0 0 0 1 0
250	16	 1 1 1 1 1 1 0 0 0 1 1 0 1 1 1 0 0 0 0 0
250	6	 1 1 1 1 0 1 1 0 1 1 1 0 0 0 0 0 0 0 0 0
250	3	 1 1 1 1 0 1 0 0 1 1 0 0 0 0 0 0 0 0 1 0
250	19	 1 1 1 1 0 1 0 0 0 1 1 0 0 0 0 0 0 0 0 0
250	19	 1 1 1 1 0 1 0 0 1 1 1 0 0 0 0 0 0 1 0 0
250	23	 1 1 1 1 0 0 0 0 1 1 1 0 0 0 0 0 0 0 0 0
250	15	 1 1 1 1 0 1 0 0 1 1 1 0 0 0 0 0 1 0 0 0
250	6	 0 1 1 0 0 0 0 0 0 1 1 0 0 0 0 0 0 0 1 0
250	5	 1 1 1 1 0 1 0 0 0 1 0 0 0 0 0 0 0 0 0 0
250	3	 0 1 1 0 0 1 0 0 1 1 1 0 0 0 1 0 0 0 0 1
250	4	 1 1 1 1 1 1 0 0 1 0 0 0 0 0 1 0 0 0 0 0
250	3	 0 0 1 1 0 0 1 1 1 1 1 0 0 0 0 0 0 0 0 0
250	18	 1 1 1 0 0 1 0 0 1 1 1 0 0 1 1 0 0 0 1 0
250	5	 1 1 1 1 0 1 0 0 1 1 1 1 0 0 0 0 0 0 0 0
250	15	 1 1 1 1 1 1 0 1 0 1 1 0 0 0 0 0 0 0 0 0
250	14	 1 1 1 1 1 1 0 0 0 1 1 0 0 0 0 0 1 0 0 0
250	4	 1 1 1 1 0 1 1 0 0 0 0 0 0 0 0 0 0 0 0 0
250	6	 1 1 1 0 0 1 0 0 1 0 1 0 0 0 0 0 0 0 0 0
250	7	 0 1 1 0 0 1 0 0 0 1 1 0 1 0 0 0 0 0 0 0
250	10	 1 1 1 0 0 1 0 0 1 1 1 0 1 0 0 0 0 0 0 1
250	9	 0 1 1 0 1 1 0 1 1 1 1 0 0 0 0 1 0 0 0 0
250	8	 0 1 1 0 0 0 0 0 0 1 1 0 1 1 1 0 0 0 0 0
250	8	 0 1 1 0 0 1 0 0 1 1 1 0 0 0 0 0 0 0 0 1
250	3	 1 1 1 1 1 1 0 0 1 1 0 0 0 0 0 0 0 0 0 0
250	11	 1 1 1 1 1 1 0 0 1 1 0 0 0 0 1 0 0 0 0 1
250	13	 1 1 1 0 0 1 1 0 1 1 1 0 0 0 0 0 0 0 0 0
250	8	 1 1 1 1 0 0 0 0 1 1 1 1 0 0 0 0 0 0 0 0
250	2	 1 1 1 1 1 0 0 1 1 1 1 0 0 0 0 0 0 0 0 0
250	8	 0 1 1 0 0 1 0 0 1 1 1 0 0 0 1 0 0 0 1 0
250	10	 1 1 1 0 1 1 0 0 0 1 1 0 0 0 0 0 0 0 0 0
250	19	 1 1 1 1 1 0 0 0 1 1 1 0 0 0 0 0 0 0 0 0
250	6	 1 1 1 1 0 1 0 0 1 1 1 0 0 0 0 0 0 0 1 0
250	4	 0 0 1 1 0 1 0 0 0 1 0 1 0 0 0 0 1 0 0 0
250	6	 1 1 0 0 0 1 0 0 1 1 1 0 0 0 0 1 0 0 0 0
250	8	 0 1 1 1 0 1 0 0 1 1 1 0 0 0 1 0 0 0 0 0
250	2	 1 1 1 1 0 1 0 0 1 1 1 1 0 0 0 0 0 0 0 1
250	3	 1 1 1 1 0 1 0 0 1 1 1 0 1 0 0 0 0 0 0 1
250	12	 1 1 1 1 0 1 0 0 1 1 1 0 0 0 1 0 0 0 0 0
250	6	 1 1 1 1 0 1 0 0 0 1 0 1 0 0 0 0 1 0 0 1
250	14	 1 1 1 0 1 1 0 0 1 1 0 0 0 0 0 0 0 0 0 0
250	8	 1 1 1 0 0 1 0 0 1 0 1 0 1 0 0 0 0 0 0 0
250	7	 1 1 1 1 0 1 0 0 1 1 0 0 0 0 0 1 0 0 0 0
250	8	 1 1 1 1 0 1 0 0 1 1 1 0 1 0 0 0 0 0 0 0
250	17	 0 1 1 0 1 1 0 0 1 1 1 0 0 0 0 0 0 0 0 0
250	8	 1 1 0 1 1 1 0 0 0 1 1 0 0 0 0 0 0 0 0 0
250	1	 1 1 1 1 1 1 0 0 0 1 0 0 0 0 0 0 1 0 0 0
250	1	 0 1 1 0 0 1 0 0 0 1 1 0 0 0 1 0 0 0 0 0
250	2	 1 0 1 1 1 1 0 0 1 1 0 0 0 0 1 0 0 0 0 0
250	15	 1 1 1 0 0 1 0 0 1 1 1 0 0 0 0 1 0 0 1 0
250	1	 1 1 1 1 1 1 0 0 0 1 1 0 0 1 0 0 1 0 0 0
250	1	 0 1 1 0 0 0 1 0 0 1 1 0 1 1 1 0 0 0 0 0
250	4	 1 1 0 1 1 1 0 0 1 1 1 0 0 0 0 0 0 0 1 0
250	5	 1 0 1 1 1 1 0 0 1 1 0 0 0 0 0 1 0 0 0 0
250	9	 1 1 1 1 0 1 0 0 1 0 1 0 0 0 0 0 0 0 0 0
250	20	 1 1 1 1 1 1 0 0 1 1 1 1 0 0 0 0 0 0 0 0
250	4	 1 1 0 0 0 1 0 0 1 1 1 0 0 0 1 1 0 0 0 0
250	3	 1 1 1 1 0 1 0 0 1 0 1 1 0 0 0 0 0 0 0 1
250	1	 0 1 1 0 0 0 0 0 1 1 1 0 0 0 0 0 0 0 0 0
250	1	 1 1 1 0 0 0 0 0 1 1 1 0 0 0 0 1 0 1 1 0
250	1	 1 1 1 1 0 1 0 0 1 0 0 0 0 0 0 0 0 0 0 0
250	4	 0 1 1 0 0 0 0 0 1 1 1 0 0 0 1 0 0 0 0 0
250	6	 0 1 1 1 0 1 0 0 0 1 0 0 0 1 0 1 1 0 0 0
250	6	 1 1 1 1 0 1 0 0 1 1 1 0 0 0 0 0 0 0 0 1
250	5	 0 0 1 1 0 1 0 0 1 1 1 0 0 0 0 0 0 0 0 0
250	6	 1 1 1 1 0 1 0 0 1 1 1 0 0 0 0 1 0 0 0 1
250	4	 0 1 1 0 0 1 0 0 0 1 1 0 0 0 0 0 0 0 0 0
250	4	 0 1 1 0 0 1 0 0 1 1 1 0 0 0 0 0 0 1 0 0
250	1	 1 1 1 1 1 0 0 0 1 1 1 0 0 0 1 0 0 0 0 0
250	1	 1 1 1 1 1 1 0 0 0 1 1 0 0 1 0 0 0 0 0 0
250	3	 1 1 1 1 1 0 1 1 1 1 1 0 0 0 0 0 0 0 0 0
250	3	 1 1 1 1 0 1 0 0 1 1 1 1 0 0 0 0 1 0 0 1
250	1	 0 1 1 0 1 1 0 0 1 1 1 0 0 0 0 0 0 0 0 1
250	3	 1 1 1 0 0 1 0 0 1 1 1 0 0 0 0 1 0 0 0 0
250	3	 1 1 1 0 0 1 0 0 0 1 1 0 0 0 0 0 0 0 1 0
250	1	 0 0 1 1 0 1 0 0 1 1 1 0 0 0 1 0 0 0 0 0
250	6	 0 1 1 1 0 0 0 0 1 1 1 0 0 0 0 0 0 0 0 0
250	2	 1 1 1 1 1 1 0 0 1 1 1 0 0 0 0 0 1 0 0 0
250	1	 0 1 1 0 0 0 0 0 1 1 1 0 0 0 0 0 0 1 0 0
250	6	 1 1 1 1 1 1 0 0 1 1 1 0 0 1 0 0 0 0 0 0
250	3	 1 1 1 1 0 0 0 0 1 0 1 0 0 0 0 0 0 0 0 0
250	1	 1 1 1 1 1 0 0 0 1 1 1 0 0 0 0 0 1 0 0 0
250	2	 1 1 1 1 0 1 1 0 0 1 0 0 0 0 0 0 0 0 0 1
250	1	 1 1 1 0 0 1 0 0 0 1 1 0 0 0 1 0 0 0 0 0
250	3	 0 1 1 0 1 1 0 0 1 1 1 0 0 0 0 1 0 0 0 0
250	3	 0 1 1 0 0 1 0 1 1 1 1 0 0 0 0 0 0 0 0 0
250	1	 1 1 1 1 1 1 0 1 1 1 1 0 0 0 1 0 0 0 0 0
250	4	 0 1 1 0 0 0 1 0 0 0 1 0 1 1 1 0 0 0 0 0
250	3	 1 1 0 0 0 1 0 0 1 1 1 0 1 0 1 1 0 0 0 0
250	1	 0 1 1 1 1 1 0 0 1 1 0 0 0 0 0 0 0 0 0 0
250	5	 1 1 1 1 0 1 0 0 1 1 1 0 0 1 1 0 0 0 1 0
250	3	 1 1 1 0 0 1 0 0 1 1 1 0 0 1 1 0 0 0 0 0
250	1	 1 1 1 0 0 1 0 0 1 1 1 0 0 0 0 0 0 0 0 1
250	1	 0 1 1 0 0 0 0 0 0 1 1 0 1 0 0 0 0 1 0 0
250	1	 1 1 1 0 1 1 0 0 1 1 1 0 0 1 0 0 0 0 0 0
250	1	 1 1 1 1 1 1 0 0 1 1 0 0 0 0 1 0 0 0 1 0
250	1	 0 1 1 1 0 1 0 0 0 1 0 0 0 0 0 1 0 0 0 0
250	1	 1 1 1 1 0 1 1 0 0 1 0 0 0 0 0 0 0 1 0 0
250	1	 1 1 1 1 0 1 0 1 1 1 1 0 0 0 0 0 0 1 0 0
250	2	 0 0 1 1 0 0 0 1 1 1 1 0 1 0 1 0 0 0 0 0
250	1	 1 1 1 1 0 1 0 0 1 1 1 0 1 0 0 1 0 0 0 0
250	2	 0 1 1 0 1 0 0 0 1 1 1 0 0 0 0 0 0 0 0 0
250	1	 0 1 1 0 0 0 0 0 1 1 1 0 0 0 1 0 0 0 1 0
400	2	 1 1 1 1 1 1 0 0 1 1 0 0 0 0 1 0 0 0 0 0
400	80	 1 1 1 1 0 1 0 0 1 1 1 0 0 0 0 0 0 0 0 0
400	4	 1 1 1 1 1 1 0 0 1 1 1 0 0 0 1 0 0 0 0 0
400	9	 1 1 1 1 1 1 0 0 0 1 1 0 0 0 0 0 0 0 0 0
400	7	 1 1 1 1 0 1 0 0 0 1 1 0 0 0 0 0 0 0 0 0
400	43	 1 1 1 1 1 1 0 0 1 1 1 0 0 0 0 0 0 0 0 0
400	31	 1 1 1 1 1 0 0 0 1 1 1 0 0 0 0 0 0 0 0 0
400	38	 1 1 1 1 0 1 0 0 1 1 1 1 0 0 0 0 0 0 0 0
400	7	 1 1 1 1 0 0 0 0 1 1 1 0 0 1 0 0 0 0 0 0
400	18	 1 1 1 1 1 1 0 0 0 0 1 0 0 0 0 0 0 0 0 0
400	16	 1 1 1 1 1 1 0 0 1 1 1 0 0 0 1 0 0 1 0 0
400	2	 1 1 1 1 1 1 0 0 1 1 1 0 0 1 1 0 0 0 0 0
400	29	 1 1 1 1 1 1 0 0 0 1 1 0 0 1 0 0 0 0 0 0
400	26	 1 1 1 1 1 1 0 1 0 1 1 0 0 0 0 0 0 0 0 0
400	19	 1 1 1 1 0 0 0 1 1 1 1 0 0 0 0 0 0 0 0 0
400	7	 1 1 1 1 1 1 0 0 0 1 1 1 1 0 1 0 0 0 0 0
400	7	 1 1 1 1 1 0 0 0 1 1 1 0 0 0 0 0 0 0 1 0
400	25	 1 1 1 1 1 1 0 0 0 1 1 0 0 0 0 0 1 0 0 0
400	6	 0 1 1 1 1 1 0 0 0 1 1 0 0 1 0 0 0 0 0 0
400	24	 1 0 1 1 1 1 0 0 1 1 1 0 0 0 0 0 0 0 0 0
400	31	 1 1 1 1 1 1 0 0 0 1 1 0 0 0 1 0 0 0 0 0
400	6	 1 0 1 0 0 1 0 0 1 1 1 0 0 0 0 1 0 0 0 0
400	8	 1 1 1 1 1 1 1 0 0 1 1 0 0 0 0 0 0 0 0 0
400	33	 1 1 1 1 1 1 0 0 1 1 0 0 0 0 1 1 0 0 0 0
400	2	 1 1 1 1 0 1 0 0 0 1 0 0 0 0 0 0 0 0 0 0
400	41	 1 1 1 1 0 1 1 0 0 1 0 0 0 0 0 0 0 0 0 0
400	23	 1 1 1 1 1 0 0 0 1 1 1 0 0 0 1 0 0 1 0 0
400	1	 1 1 1 1 1 1 0 0 1 1 0 0 0 0 0 0 0 0 0 0
400	19	 1 1 1 1 1 1 0 0 1 1 1 0 0 0 1 1 0 0 0 0
400	6	 1 1 1 0 1 1 0 1 1 1 1 0 0 0 1 0 0 1 0 0
400	27	 1 1 1 1 1 0 0 0 0 1 1 0 0 0 1 0 0 0 0 0
400	9	 1 1 1 1 1 1 0 0 1 1 1 0 1 0 0 0 0 0 0 0
400	19	 1 1 1 1 0 0 0 0 0 0 1 0 0 0 1 0 0 0 0 0
400	28	 1 1 1 1 1 1 0 0 0 1 1 0 0 0 0 0 0 1 0 0
400	3	 1 1 1 1 0 1 0 0 0 0 1 0 0 0 0 0 0 0 0 0
400	1	 1 0 1 0 0 1 0 0 1 1 1 0 0 0 0 1 0 1 0 0
400	1	 1 1 1 1 1 1 0 0 0 1 0 0 0 0 1 1 0 0 0 0
400	2	 1 1 1 1 0 1 1 0 0 1 1 0 0 0 1 0 0 0 0 0
400	32	 1 1 1 1 0 1 0 0 0 1 1 0 0 0 1 0 0 1 0 0
400	1	 1 1 1 1 0 1 0 0 1 1 1 0 0 0 0 0 0 0 1 1
400	5	 1 1 1 1 1 1 0 0 0 1 1 0 0 1 0 1 0 0 0 0
400	12	 1 1 1 1 1 1 0 0 0 1 1 0 1 0 0 0 0 0 0 0
400	5	 1 0 1 1 0 1 0 0 1 1 1 0 0 0 1 0 0 0 0 0
400	1	 0 1 1 1 0 1 1 0 0 1 0 0 0 0 0 0 0 0 0 0
400	2	 1 1 1 1 1 1 0 0 0 1 1 0 0 0 1 0 1 0 0 0
400	5	 1 1 1 1 1 1 1 0 0 1 1 0 0 0 0 0 1 0 0 0
400	3	 1 1 1 1 0 1 1 0 1 1 1 1 0 1 0 0 0 0 0 0
400	7	 1 1 1 1 1 0 0 0 1 1 1 0 0 1 0 0 0 0 0 0
400	4	 1 1 1 1 1 1 0 0 1 1 0 0 0 1 0 0 0 0 0 0
400	16	 1 1 1 1 0 1 0 0 1 1 1 0 0 0 0 0 0 0 0 1
400	2	 1 0 1 1 0 0 0 0 1 1 1 0 0 1 0 0 0 0 0 0
400	4	 1 1 1 1 0 1 1 0 0 1 0 0 0 1 0 0 0 0 0 0
400	12	 1 1 1 1 1 1 0 0 0 0 1 0 0 1 0 0 0 0 0 0
400	1	 1 1 1 1 1 1 0 0 0 1 1 0 0 1 0 1 0 0 0 1
400	10	 1 1 1 1 0 1 0 0 1 1 1 0 0 0 1 0 0 1 0 0
400	4	 1 1 1 1 0 1 0 0 1 1 1 0 0 0 0 0 1 0 0 0
400	15	 1 1 1 1 1 0 0 0 1 1 1 0 0 0 0 1 0 0 1 0
400	12	 0 1 1 1 0 0 0 0 0 1 0 0 1 0 0 0 0 0 0 0
400	6	 1 1 1 1 0 1 0 0 1 1 1 1 0 0 1 0 0 1 0 0
400	1	 1 1 0 1 1 0 0 0 1 1 1 0 0 0 0 0 0 0 0 0
400	2	 1 1 1 1 0 1 1 0 0 0 0 0 0 0 0 0 0 0 0 0
400	13	 1 1 1 0 1 1 0 1 0 1 1 0 0 0 1 0 0 1 0 0
400	7	 0 0 1 0 0 0 0 0 1 1 1 0 0 0 0 1 0 0 0 0
400	8	 1 1 1 1 1 1 0 0 1 1 0 0 0 0 1 0 0 1 0 0
400	7	 1 1 1 1 1 0 0 0 0 1 1 0 0 0 0 0 0 0 0 0
400	4	 1 1 1 1 1 1 0 0 1 0 1 0 0 0 0 0 0 0 0 0
400	5	 1 1 1 1 1 1 0 0 0 0 1 1 0 0 0 0 0 0 0 0
400	2	 1 1 1 1 1 1 0 0 0 1 1 0 0 1 0 0 0 0 0 1
400	5	 1 1 1 0 1 1 0 1 1 1 1 0 0 0 1 0 0 1 0 1
400	12	 1 1 1 1 1 1 0 1 1 1 1 0 0 1 0 0 0 0 0 0
400	2	 1 1 1 1 0 1 1 0 0 1 1 0 0 0 1 0 0 0 1 0
400	2	 1 1 0 1 0 1 0 0 1 1 1 0 0 0 0 0 0 0 0 1
400	1	 1 1 1 1 0 1 1 0 1 1 1 0 0 1 0 0 0 0 0 0
400	6	 1 1 1 1 1 1 0 0 1 0 0 0 0 0 1 0 0 0 0 0
400	4	 1 1 1 0 1 1 0 0 0 1 1 0 0 0 0 0 0 1 0 0
400	1	 0 1 1 1 0 1 0 0 1 1 1 0 0 0 0 0 0 0 0 1
400	21	 1 1 1 1 0 1 0 0 0 1 1 0 1 0 0 0 0 0 0 0
400	3	 1 1 1 1 0 0 0 0 0 1 1 0 0 0 0 0 0 0 0 0
400	11	 1 0 1 1 1 1 0 0 1 1 1 0 0 1 1 0 0 0 0 0
400	2	 1 1 1 1 1 1 0 1 0 1 1 0 0 0 1 0 0 0 0 0
400	2	 1 1 1 1 1 0 0 1 1 1 1 0 0 0 1 0 0 1 0 0
400	5	 1 1 1 1 1 1 0 0 0 0 0 0 0 1 0 0 0 0 0 0
400	2	 1 1 1 1 0 1 0 0 1 1 1 1 0 0 0 0 0 0 1 0
400	3	 0 1 1 1 1 1 0 0 0 1 1 0 0 0 0 0 1 0 0 0
400	1	 1 0 1 0 0 1 0 0 1 1 1 0 0 0 0 1 0 0 1 0
400	2	 1 1 1 1 1 0 0 0 1 1 1 0 0 0 1 0 0 0 0 0
400	5	 1 1 1 1 1 1 0 0 1 1 1 0 0 0 0 0 0 0 0 1
400	1	 1 1 1 1 0 1 1 0 0 1 1 0 0 0 0 0 0 0 0 0
400	3	 1 1 1 1 0 1 0 0 1 0 1 0 0 0 0 0 0 0 0 0
400	3	 1 1 1 1 0 1 0 0 0 1 1 0 0 0 0 1 0 0 0 0
400	3	 0 1 1 1 0 0 0 0 0 0 0 0 1 0 0 0 0 0 0 0
400	7	 1 1 1 1 0 0 1 0 0 1 1 0 0 0 1 0 0 0 1 0
400	2	 1 1 1 1 1 1 0 0 1 1 0 0 0 0 1 0 0 0 1 0
400	1	 1 1 1 1 1 1 0 1 0 0 1 0 0 0 0 0 0 0 0 0
400	1	 1 1 1 1 0 0 0 0 0 1 1 0 0 0 1 0 0 0 0 0
400	1	 0 1 1 1 0 1 1 0 0 1 0 0 0 1 0 0 0 0 0 0
400	2	 1 1 1 1 0 1 0 0 1 1 1 0 0 0 0 0 0 1 0 0
400	1	 1 1 1 1 1 1 0 0 0 0 1 0 0 0 0 0 0 0 0 1
400	2	 0 0 1 1 1 1 0 0 1 1 1 0 0 0 0 0 0 0 0 0
400	3	 1 1 1 1 0 1 0 0 0 1 1 0 0 0 1 0 0 0 0 0
400	1	 1 1 1 1 1 1 0 0 0 1 1 0 0 0 1 1 0 0 0 0
400	1	 1 1 1 1 1 1 0 0 1 1 1 0 0 0 1 1 0 0 0 1
400	1	 1 1 0 1 1 0 0 0 0 1 1 0 0 0 1 0 0 0 0 0
400	2	 1 1 1 1 0 0 0 0 0 0 1 0 0 0 1 0 1 0 0 0
400	1	 1 1 1 1 1 1 0 0 0 1 1 0 1 1 0 0 0 0 0 0
400	1	 1 1 1 1 0 1 1 0 1 1 1 1 0 1 1 0 0 0 0 0
400	2	 1 1 1 1 1 1 0 0 1 1 0 1 0 1 0 0 0 0 0 0
400	2	 1 0 1 1 1 0 0 0 0 1 1 0 0 0 0 0 0 0 0 0
400	1	 1 1 1 1 1 0 1 0 0 1 1 0 0 0 1 0 0 0 1 0
590	70	 1 1 1 1 0 1 0 0 1 1 1 0 0 1 0 0 0 0 0 0
590	17	 1 1 1 1 1 1 0 0 1 1 1 0 1 0 0 0 0 0 0 0
590	8	 1 1 1 1 1 1 0 1 1 1 0 0 0 1 0 0 0 0 0 0
590	15	 1 1 1 1 1 1 0 0 0 1 1 1 0 0 1 1 0 0 0 0
590	13	 1 1 1 1 1 0 0 0 1 1 0 0 0 0 0 0 0 0 0 0
590	23	 1 1 1 1 0 1 0 1 1 1 0 0 0 1 0 0 0 0 0 0
590	4	 1 1 1 1 0 1 0 1 1 1 0 0 0 1 0 0 0 0 1 0
590	73	 1 1 1 1 1 1 0 1 1 1 0 0 0 0 0 0 0 0 0 0
590	11	 0 1 1 1 1 1 0 0 1 1 0 0 1 1 0 0 0 0 0 0
590	6	 1 1 1 1 1 1 0 0 1 1 1 0 0 1 0 1 0 0 0 0
590	7	 1 1 1 1 0 1 0 1 1 0 1 0 0 0 0 0 0 0 0 0
590	6	 1 1 1 1 0 1 0 1 1 1 0 0 0 0 0 1 0 0 0 0
590	41	 1 1 1 1 1 0 0 0 1 1 0 1 0 0 0 0 0 0 0 0
590	15	 1 1 1 1 0 1 0 1 1 0 0 0 0 0 0 0 0 0 0 0
590	63	 1 1 1 1 1 0 0 0 0 1 1 1 0 0 1 1 0 0 0 0
590	82	 1 1 1 1 1 1 0 0 0 1 1 0 1 0 1 1 0 0 0 0
590	27	 1 1 1 1 1 1 0 1 1 1 0 0 0 0 0 0 0 0 1 0
590	4	 0 1 1 1 0 1 0 0 1 1 0 0 1 1 0 0 0 0 0 0
590	20	 1 1 1 1 0 1 0 1 1 0 1 0 1 0 0 0 1 0 0 0
590	1	 1 1 1 1 1 0 0 0 1 1 1 0 0 0 0 0 0 0 0 0
590	1	 1 1 1 1 1 1 0 1 1 1 1 0 0 0 0 0 0 0 0 0
590	3	 1 0 1 1 0 0 0 0 1 1 0 0 0 1 0 0 1 0 0 0
590	8	 1 1 1 1 0 1 0 0 1 1 1 0 0 1 0 1 0 0 0 0
590	6	 1 1 1 1 0 1 0 1 1 1 1 0 0 0 0 1 0 0 0 0
590	5	 1 1 1 1 0 1 0 1 1 1 0 0 0 1 0 0 1 0 0 0
590	6	 1 1 1 1 1 1 0 0 1 1 1 0 0 1 0 1 0 1 0 0
590	7	 0 1 1 1 1 1 0 1 1 1 0 0 0 1 0 1 0 0 0 0
590	45	 1 1 1 1 0 1 0 1 1 0 1 0 1 1 0 0 1 0 0 0
590	5	 1 1 1 1 1 1 1 0 0 1 1 1 0 0 1 1 0 0 0 0
590	6	 1 1 1 1 0 1 0 0 0 1 1 1 0 0 1 1 0 0 0 0
590	2	 1 1 1 1 1 1 0 1 0 1 0 0 0 0 0 0 0 0 0 0
590	5	 1 1 1 1 0 1 0 0 1 1 0 1 0 0 1 0 0 0 0 0
590	7	 1 1 1 1 1 0 0 0 0 1 1 1 0 0 0 0 0 0 0 0
590	1	 0 1 1 1 1 1 0 1 1 1 0 0 0 0 0 0 0 0 1 0
590	9	 1 0 1 1 1 1 0 0 1 1 0 0 0 1 0 0 0 0 0 0
590	26	 1 1 1 1 1 1 0 1 1 1 0 0 0 0 0 1 0 0 0 0
590	1	 0 1 1 1 0 1 0 1 1 0 1 0 1 0 0 0 1 0 0 0
590	7	 0 1 0 1 0 1 0 1 1 1 1 0 0 1 0 0 0 0 0 0
590	2	 1 0 1 1 1 1 0 0 1 1 0 0 1 0 0 0 0 0 0 0
590	1	 0 1 1 1 1 1 0 1 1 1 0 0 0 0 0 0 0 0 0 0
590	5	 1 1 1 1 1 1 1 0 0 1 1 0 0 0 1 1 0 0 0 0
590	13	 1 1 1 1 1 1 0 1 1 1 0 0 0 0 1 1 0 0 0 0
590	4	 1 1 1 1 0 0 0 1 1 1 0 0 0 0 0 1 0 0 1 0
590	11	 1 1 1 1 1 1 0 0 1 1 0 1 0 1 1 0 0 0 0 0
590	1	 1 1 0 1 1 0 0 0 0 1 1 1 0 1 0 1 0 0 0 0
590	6	 1 1 1 1 1 1 0 1 1 1 0 1 0 0 0 0 0 0 0 0
590	9	 1 1 1 1 0 0 1 1 1 1 0 0 0 1 0 0 0 0 0 0
590	7	 1 1 1 1 0 1 0 0 1 0 1 0 0 1 0 1 0 0 0 0
590	7	 1 1 1 1 1 1 0 1 0 1 1 0 0 1 0 0 0 0 0 0
590	4	 1 1 1 1 1 1 0 1 1 1 0 0 0 1 1 0 0 0 0 0
590	6	 1 1 1 1 1 1 0 1 1 1 0 1 0 0 1 0 0 0 0 0
590	10	 1 1 1 1 1 1 0 0 0 1 1 0 0 0 1 1 0 0 0 0
590	7	 1 1 1 1 0 1 1 1 1 1 1 1 0 0 1 1 0 0 0 0
590	8	 0 1 1 1 1 1 0 1 1 1 0 0 0 0 0 1 0 0 1 0
590	8	 1 1 1 1 1 1 1 0 0 1 1 1 0 1 1 1 0 0 0 0
590	11	 1 1 1 1 1 1 0 0 1 1 0 0 0 0 0 0 0 0 0 0
590	6	 1 1 1 1 1 0 1 0 1 1 0 1 0 0 0 0 0 0 0 0
590	4	 0 1 1 1 1 1 0 1 1 0 0 0 0 0 0 0 0 0 1 0
590	8	 1 1 1 1 1 1 0 1 1 1 1 0 0 1 0 0 0 0 0 0
590	14	 1 1 1 1 0 1 0 1 1 1 1 1 0 0 1 1 0 0 0 1
590	4	 0 1 1 1 0 1 0 0 1 1 0 1 0 0 1 1 0 0 0 0
590	3	 1 1 1 1 1 1 0 0 0 1 1 1 1 0 1 1 0 0 0 0
590	3	 0 1 1 1 0 1 0 0 1 1 1 0 0 1 0 0 0 0 0 0
590	2	 1 1 1 1 1 0 0 0 1 1 0 1 0 0 0 0 0 0 0 1
590	4	 1 1 1 1 1 1 0 0 0 0 1 0 1 0 1 1 0 0 0 0
590	10	 1 1 1 0 1 0 0 0 1 1 1 0 0 1 0 0 0 0 0 0
590	3	 0 1 1 1 1 1 0 1 1 1 0 0 0 0 0 0 1 0 1 0
590	4	 1 1 1 1 1 1 0 0 0 1 0 0 0 0 0 0 0 1 0 0
590	1	 1 1 1 1 1 0 0 0 1 1 0 0 1 0 0 0 0 0 0 0
590	1	 1 1 0 1 0 1 0 1 1 1 0 0 0 1 0 0 0 0 0 0
590	2	 1 1 1 1 1 1 0 0 0 1 1 0 0 1 0 1 0 0 0 0
590	5	 1 1 1 1 1 1 1 0 0 1 1 1 0 0 1 1 1 0 0 0
590	8	 1 1 1 1 1 0 1 1 1 1 0 0 0 1 0 1 0 0 0 0
590	2	 1 1 1 1 0 1 0 0 0 1 1 0 0 0 1 1 0 0 0 0
590	5	 1 1 1 1 1 1 0 1 1 0 0 0 0 0 0 0 0 0 0 0
590	9	 0 1 0 1 0 1 0 1 1 1 0 1 0 0 0 0 0 0 0 0
590	1	 0 1 1 1 1 1 0 0 1 1 0 0 1 1 0 0 1 0 0 0
590	1	 1 1 1 1 1 0 0 0 1 1 0 1 0 0 0 0 1 0 0 0
590	15	 0 1 1 0 0 1 0 0 1 1 0 1 0 0 1 1 0 0 0 0
590	8	 1 1 1 1 1 0 0 0 1 1 1 0 0 0 1 1 0 0 0 0
590	5	 1 1 1 1 1 1 1 1 0 0 0 0 0 0 0 1 0 0 0 0
590	4	 1 1 1 1 0 0 0 0 0 1 1 1 0 0 1 1 0 0 0 0
590	3	 1 0 1 1 1 1 0 0 1 1 1 0 0 1 0 0 0 0 0 0
590	6	 1 1 1 1 1 1 0 0 0 1 1 0 1 1 1 1 0 0 0 0
590	8	 1 1 1 1 1 1 0 1 0 1 1 0 1 0 1 1 0 0 0 0
590	3	 1 1 1 1 0 1 0 1 0 0 1 0 1 0 0 0 1 0 0 0
590	4	 1 1 1 1 1 1 0 1 1 1 0 1 0 0 0 1 0 0 0 0
590	1	 1 1 1 1 1 1 0 0 0 1 1 0 1 0 0 0 0 0 0 0
590	1	 1 1 1 1 1 1 0 0 1 1 1 0 0 0 0 1 0 0 0 0
590	1	 1 1 1 0 1 0 0 0 0 1 1 1 0 0 1 1 0 0 0 0
590	4	 0 1 1 1 1 1 0 1 1 0 0 0 0 1 0 0 0 0 1 0
590	4	 1 1 0 1 1 0 0 0 0 1 1 1 0 1 0 0 0 0 0 0
590	1	 0 1 1 1 0 1 0 0 1 1 0 0 0 0 0 0 0 0 0 0
590	5	 1 1 1 1 0 1 0 0 1 1 1 0 0 1 0 0 0 1 0 0
590	3	 1 1 1 1 0 1 0 1 1 1 0 1 0 1 0 0 0 0 0 0
590	1	 1 1 1 1 1 1 1 1 1 1 0 0 0 0 0 0 0 0 0 0
590	3	 1 1 0 1 1 0 0 0 1 1 0 1 0 0 0 0 0 0 0 0
590	3	 1 1 0 1 1 0 0 0 0 1 1 1 0 0 1 1 0 0 0 0
590	4	 1 1 1 1 1 0 0 0 0 1 0 1 0 0 1 1 0 0 0 0
590	2	 1 1 1 0 1 1 0 1 1 1 1 0 0 0 0 0 0 0 0 0
590	1	 1 1 0 1 1 1 1 0 0 1 1 1 0 0 1 1 0 0 0 0
590	1	 1 1 1 1 1 0 0 0 1 1 1 0 1 1 0 0 1 0 0 0
590	3	 1 1 1 1 1 1 0 0 1 1 0 1 0 0 1 0 0 0 0 0
590	1	 1 0 1 1 1 1 0 0 1 1 0 0 1 1 0 0 0 0 0 0
590	2	 1 1 1 1 0 1 0 1 1 1 1 0 0 1 0 1 0 0 0 0
590	1	 1 1 1 1 0 1 1 1 1 1 0 0 0 1 0 1 0 0 0 0
590	3	 0 1 1 1 1 1 0 1 1 0 0 0 0 0 0 0 0 0 0 0
590	2	 0 1 1 1 0 1 0 0 1 1 1 0 0 1 0 1 0 0 0 0
590	1	 1 1 1 1 1 1 0 1 1 0 0 1 0 0 1 1 0 0 0 0
590	1	 1 1 1 1 0 1 0 1 1 1 1 0 0 1 0 0 0 0 0 0
590	1	 1 1 1 1 0 1 0 0 1 1 1 0 1 1 0 0 0 0 0 0
590	2	 1 1 1 1 1 0 0 1 1 1 0 0 0 0 0 0 0 0 0 0
590	2	 1 1 1 1 1 1 0 0 0 1 1 0 1 0 0 1 0 0 0 0
590	1	 1 1 0 1 0 1 0 0 1 1 0 1 0 0 1 0 0 0 0 0
590	1	 1 1 1 1 1 1 0 1 1 0 0 0 0 0 0 1 0 0 0 0
590	2	 0 1 0 1 1 1 0 1 1 1 0 0 0 0 0 0 0 0 0 0
590	3	 0 1 1 1 1 1 0 1 1 1 0 0 0 0 1 0 0 0 0 0
590	1	 1 1 1 1 0 1 1 0 1 0 1 0 0 1 0 1 0 0 0 0
590	1	 1 1 0 1 1 1 0 1 0 1 1 0 0 1 0 0 0 0 0 0
590	3	 1 1 1 1 1 1 0 0 0 0 1 0 1 0 1 1 0 0 0 1
590	2	 1 1 1 1 1 0 0 0 1 1 1 0 0 0 0 1 0 0 0 0
720	7	 1 1 1 1 1 1 0 1 1 1 0 0 0 0 0 0 0 0 0 0
720	32	 0 1 1 1 1 1 0 1 1 1 0 0 0 1 0 1 0 0 0 0
720	1	 1 1 1 1 1 1 0 1 1 1 0 0 0 0 1 1 0 0 0 0
720	16	 1 1 1 1 0 1 0 0 1 0 1 0 0 1 0 0 0 0 0 0
720	10	 1 1 1 1 1 1 0 1 1 1 1 0 0 1 0 1 0 0 0 0
720	35	 1 1 1 1 0 1 0 0 1 1 0 0 0 1 0 0 0 0 0 0
720	22	 1 1 1 1 1 0 0 0 0 1 0 1 0 1 0 0 0 0 0 0
720	8	 1 1 1 1 1 1 0 1 1 1 0 0 0 1 0 1 0 0 0 0
720	33	 1 1 1 1 1 1 0 1 1 1 0 0 0 1 1 1 0 0 0 0
720	8	 1 1 1 1 1 1 0 1 0 1 0 0 0 0 0 0 0 0 0 0
720	35	 1 1 1 1 1 0 1 0 0 1 0 0 0 0 0 0 0 0 0 0
720	16	 1 1 1 1 0 1 1 1 1 0 0 0 0 0 0 0 0 0 0 0
720	3	 1 1 1 1 1 1 0 0 1 1 1 0 1 0 0 1 0 0 0 0
720	7	 1 1 1 1 1 0 0 0 0 1 1 0 0 1 0 1 0 0 0 0
720	4	 1 1 1 1 1 1 0 1 1 1 0 0 1 0 0 1 0 0 0 0
720	18	 1 1 1 1 1 0 0 0 0 1 0 0 0 0 1 1 0 0 0 0
720	17	 0 0 1 1 0 1 0 0 0 0 1 0 1 1 0 0 0 0 0 0
720	3	 1 1 1 1 0 1 0 1 1 1 0 0 0 1 0 0 0 0 0 0
720	58	 1 1 1 1 1 1 1 1 1 0 0 0 0 0 0 0 0 0 0 0
720	2	 0 1 1 1 1 1 1 1 1 0 0 0 0 0 0 0 0 0 0 0
720	3	 0 1 1 1 0 1 0 0 0 0 1 0 1 1 0 0 0 0 0 0
720	8	 1 1 1 1 1 0 1 0 0 1 1 0 0 0 0 0 0 0 0 0
720	2	 1 1 1 0 0 1 0 0 0 1 1 1 0 1 1 1 0 0 0 0
720	16	 1 1 1 1 1 0 0 1 1 1 0 0 0 0 1 1 0 0 0 0
720	17	 1 1 1 1 1 1 0 1 1 1 0 0 1 0 0 1 1 0 0 0
720	2	 1 1 1 1 0 1 0 1 0 0 1 0 1 0 0 0 1 0 0 0
720	26	 1 1 1 1 1 0 0 1 0 1 0 0 0 0 1 1 1 0 0 0
720	22	 1 1 1 1 0 1 1 1 0 1 0 0 0 0 1 1 1 0 0 0
720	19	 0 0 1 1 0 1 0 1 0 0 1 0 1 1 0 0 0 0 0 0
720	10	 1 1 1 0 1 0 0 1 0 1 1 0 0 1 0 0 0 0 0 0
720	4	 1 1 1 0 1 0 1 0 0 1 0 0 0 0 0 0 0 0 0 0
720	10	 1 1 1 1 0 1 0 0 0 0 1 0 0 1 0 0 0 0 0 0
720	6	 1 1 1 1 0 0 0 1 1 1 0 0 0 0 1 1 0 1 0 0
720	8	 1 1 1 1 1 0 0 0 0 0 1 0 1 1 0 0 0 0 0 0
720	10	 1 1 1 1 0 0 0 0 0 1 1 1 0 1 0 0 0 0 0 0
720	12	 1 1 1 1 1 0 0 0 0 1 0 1 0 1 0 0 0 0 1 0
720	3	 0 1 1 1 0 1 0 1 1 1 0 0 0 1 0 1 0 0 0 0
720	15	 1 1 1 1 1 0 0 1 0 1 1 0 0 1 0 1 0 0 0 0
720	22	 1 1 1 1 1 1 0 1 0 1 1 1 0 0 1 1 0 0 0 0
720	13	 1 1 1 1 1 0 0 0 0 1 1 0 1 0 0 0 1 0 0 0
720	18	 1 1 1 1 0 1 1 1 1 0 0 0 0 0 0 1 0 0 0 0
720	6	 1 1 1 1 1 1 0 1 1 0 1 0 0 1 0 1 0 1 0 0
720	2	 1 1 1 1 1 0 0 1 0 1 0 1 1 0 0 1 0 0 1 0
720	5	 0 1 1 1 1 0 0 1 0 1 0 1 1 0 0 1 0 0 0 0
720	4	 1 1 1 1 0 0 0 1 0 1 0 0 0 0 1 1 0 1 0 0
720	7	 1 1 1 1 1 0 0 0 1 1 0 1 0 0 1 0 0 0 0 0
720	12	 1 1 1 1 1 1 0 0 1 1 0 1 1 0 0 0 0 0 0 0
720	12	 1 1 1 1 0 0 0 1 0 1 0 0 0 0 1 1 1 0 0 0
720	4	 1 1 1 1 1 1 0 1 1 1 1 0 1 1 0 1 0 0 0 0
720	6	 1 1 1 0 0 1 0 0 1 1 0 0 0 1 0 0 0 0 0 0
720	8	 1 1 1 1 1 1 1 1 0 0 0 0 0 0 0 0 0 0 0 0
720	7	 1 1 1 1 0 1 0 0 1 1 1 0 1 0 0 1 1 0 0 0
720	24	 1 1 1 1 1 1 0 1 1 1 0 0 0 0 0 1 0 0 0 0
720	4	 1 1 1 1 1 1 0 1 0 1 0 0 0 1 0 0 0 0 1 0
720	4	 1 1 1 1 1 0 0 0 1 1 0 0 0 1 0 1 0 0 0 0
720	1	 1 1 0 1 0 1 0 0 1 0 1 0 0 1 0 0 0 0 0 0
720	3	 1 1 1 1 1 0 0 1 0 1 0 0 0 0 0 1 1 0 0 0
720	6	 0 1 1 1 0 0 0 1 1 1 0 0 0 1 0 1 0 0 0 0
720	7	 1 1 1 1 1 1 1 1 1 0 0 0 0 1 0 0 0 0 0 0
720	1	 1 1 1 1 0 0 0 0 1 1 0 1 0 0 1 1 0 0 0 0
720	1	 1 1 1 0 1 1 0 1 1 1 0 0 0 1 0 0 0 0 0 0
720	9	 1 1 1 0 1 1 1 1 1 1 0 0 0 0 1 0 0 0 0 0
720	12	 1 1 1 1 1 0 0 0 1 0 0 0 0 0 0 1 0 0 0 0
720	1	 1 1 1 1 1 1 0 1 1 1 0 0 0 1 0 0 0 0 0 0
720	2	 0 1 1 1 1 1 0 1 0 1 0 0 0 1 0 1 0 0 0 0
720	5	 1 1 1 1 1 0 0 1 1 1 0 0 0 1 0 1 0 0 0 0
720	10	 1 0 1 1 1 1 1 1 0 0 0 0 0 0 0 0 0 0 0 0
720	4	 1 1 1 1 0 1 1 1 1 0 1 0 1 1 0 0 0 0 0 0
720	1	 1 1 1 1 0 1 0 0 0 1 0 0 0 0 0 0 0 0 0 0
720	1	 1 1 1 1 1 0 0 1 0 1 1 0 0 0 0 1 1 0 0 0
720	2	 1 1 1 0 1 1 1 1 0 0 1 0 1 0 0 0 0 1 0 0
720	1	 1 1 1 1 1 1 0 1 1 0 1 0 0 0 0 0 0 0 0 0
720	4	 1 1 1 1 1 1 0 1 0 1 1 0 0 0 0 0 0 0 0 0
720	1	 1 1 1 1 1 1 0 1 1 1 1 0 1 1 0 1 0 1 0 0
720	3	 1 1 1 1 0 0 0 0 0 1 0 0 0 1 0 1 0 0 1 0
720	2	 1 1 1 1 1 1 0 0 1 1 0 1 0 0 1 1 0 1 0 0
720	6	 1 0 1 1 1 0 0 0 0 1 0 1 0 1 0 0 0 0 0 0
720	8	 1 0 1 1 1 1 0 1 1 1 0 0 1 0 0 1 0 0 0 0
720	6	 1 1 1 1 0 0 0 0 0 1 0 0 0 0 1 1 0 0 0 0
720	7	 1 1 1 1 1 0 0 1 0 0 1 0 1 1 0 0 0 0 0 0
720	8	 1 1 1 0 1 1 1 1 1 1 0 0 0 0 1 0 0 0 1 0
720	13	 1 1 1 1 1 0 0 0 1 1 1 1 0 0 1 1 0 0 0 0
720	2	 1 1 1 1 0 1 0 0 1 1 0 0 0 0 0 0 0 0 0 0
720	9	 1 1 1 1 0 1 1 0 1 1 0 0 0 1 0 0 0 0 0 0
720	1	 1 1 1 1 1 0 0 0 0 1 0 1 0 0 0 0 0 0 0 0
720	4	 1 1 1 1 1 1 1 1 1 1 0 0 1 0 0 1 0 0 0 0
720	1	 0 1 1 1 1 1 0 1 1 0 1 0 0 1 0 1 0 1 0 0
720	1	 0 1 1 0 1 0 0 0 0 1 1 0 0 1 0 1 0 0 0 0
720	3	 1 1 1 1 0 1 1 1 0 1 0 0 0 1 0 0 0 0 0 0
720	4	 1 0 1 1 1 1 0 0 0 1 1 0 0 0 1 1 0 1 0 0
720	3	 1 1 1 1 1 1 0 1 1 0 0 0 0 0 0 0 0 0 0 0
720	2	 1 1 1 1 0 1 0 0 0 0 1 0 1 1 0 0 0 0 0 0
720	2	 1 1 1 1 1 0 0 0 0 0 1 0 1 0 0 0 0 0 0 0
720	1	 1 1 1 1 0 0 0 1 1 1 0 0 0 0 1 0 0 0 0 0
720	1	 1 1 1 1 1 0 0 0 1 1 0 0 0 0 0 1 1 0 0 0
720	3	 1 1 1 0 1 0 1 0 1 1 0 0 0 0 0 0 0 0 0 0
720	3	 1 1 1 1 0 1 0 0 0 0 1 0 0 1 0 0 0 1 0 0
720	2	 1 1 1 1 0 0 0 1 1 1 0 0 0 0 1 1 0 1 0 1
720	2	 1 1 1 0 0 0 0 0 0 1 0 1 0 1 0 0 0 0 0 0
720	1	 1 1 1 1 0 1 0 1 0 1 0 0 0 0 1 1 1 0 0 0
720	1	 0 0 1 1 0 1 0 1 0 0 1 0 1 0 0 0 1 1 0 0
720	12	 1 1 1 1 0 1 1 1 0 0 1 0 1 1 0 0 0 0 0 0
720	3	 1 1 1 0 1 0 1 0 0 1 0 0 0 1 0 0 0 0 0 0
720	4	 1 1 1 1 0 0 0 1 1 1 0 0 0 0 0 1 0 1 0 0
720	11	 1 0 1 1 1 0 0 0 0 0 1 0 1 1 0 0 0 0 0 0
720	7	 1 1 0 1 1 1 0 1 1 1 1 0 1 1 0 1 0 0 0 0
720	1	 0 1 1 1 1 1 0 0 0 1 1 0 0 1 0 0 0 0 0 0
720	2	 1 1 1 1 1 0 0 1 1 1 1 0 1 0 0 1 1 0 0 0
720	1	 0 1 1 1 1 1 0 0 0 0 1 1 0 1 0 1 0 0 0 0
720	4	 1 0 1 1 0 1 0 0 1 0 1 0 0 1 0 0 0 0 0 0
720	1	 1 1 1 1 1 0 1 0 0 1 0 0 0 0 0 0 0 1 0 0
720	1	 1 1 1 1 1 1 0 1 1 1 0 0 1 0 0 1 1 1 0 0
720	3	 1 1 1 1 0 1 1 0 0 1 0 0 0 0 1 1 1 0 0 0
720	5	 1 1 1 1 0 1 1 0 0 1 0 1 1 0 0 1 0 0 1 0
720	2	 1 1 1 1 0 1 0 0 1 1 0 0 1 1 0 0 0 0 0 0
720	3	 0 0 1 1 0 0 1 0 0 1 0 0 0 0 0 0 0 0 0 0
720	3	 1 1 1 0 0 1 0 0 0 1 1 0 0 0 0 0 0 0 0 0
720	2	 1 1 1 1 1 0 0 1 0 1 0 0 0 1 0 1 0 0 0 0
720	3	 1 1 1 1 0 0 0 1 0 1 0 0 0 0 0 0 0 0 0 0
720	7	 1 1 1 1 1 1 1 1 1 1 0 0 0 1 0 1 0 0 0 0
720	8	 1 1 1 1 1 1 0 1 1 1 0 0 1 1 0 1 0 0 0 0
720	2	 1 1 1 1 1 0 0 1 0 0 1 0 0 1 0 1 0 0 0 0
720	4	 1 0 0 1 1 1 1 1 0 0 0 0 0 0 0 0 0 0 0 0
720	5	 1 1 1 1 1 1 1 1 0 0 1 0 1 1 0 0 0 0 0 0
720	1	 1 1 1 1 0 1 1 1 1 0 0 0 1 0 0 0 1 0 0 0
720	1	 1 1 1 1 1 1 0 1 1 1 1 1 0 0 1 1 0 0 0 0
720	1	 1 1 1 1 1 1 0 1 1 1 0 1 1 0 0 1 0 0 1 0
720	2	 1 1 1 1 1 0 1 1 1 1 0 0 0 0 1 0 0 0 1 0
720	2	 1 1 1 0 1 0 0 1 1 1 1 0 0 0 0 0 0 0 0 0
720	1	 1 1 1 0 1 0 1 0 1 1 0 0 0 0 1 1 1 0 0 0
720	2	 1 1 1 1 1 0 0 1 1 1 0 0 0 0 1 1 0 0 1 0
720	4	 1 1 0 0 0 1 0 0 1 0 1 0 0 1 0 0 0 0 0 0
720	4	 1 1 0 1 0 1 0 0 1 0 1 0 0 1 0 0 0 1 0 0
720	1	 1 1 1 1 1 1 0 1 0 1 1 0 0 0 0 1 1 0 0 0
720	3	 1 1 1 1 1 0 0 1 0 1 1 1 0 0 0 1 1 0 0 0
720	6	 1 1 1 1 1 1 0 0 1 1 0 1 0 0 1 0 0 1 0 0
720	1	 1 1 0 1 1 1 1 1 1 1 0 0 1 0 0 1 0 0 0 0
720	2	 1 1 1 1 0 1 0 1 1 0 0 0 0 0 0 0 0 0 0 0
720	1	 1 1 1 1 1 0 0 0 1 1 0 1 0 1 0 0 0 0 0 0
720	2	 1 1 1 1 1 1 0 0 0 1 0 1 0 1 0 0 0 0 0 0
720	1	 1 1 1 1 0 1 0 1 1 1 0 0 1 0 0 1 1 0 0 0
720	1	 1 1 1 1 0 1 0 1 0 0 1 0 1 0 0 1 1 0 0 0
720	1	 0 0 1 1 0 1 0 1 0 0 1 1 1 1 0 0 0 0 0 0
720	2	 1 1 1 1 0 1 0 0 0 0 1 0 0 1 0 0 0 0 1 0
720	1	 1 1 1 1 1 1 0 0 1 1 0 1 1 0 0 1 0 0 0 0
720	1	 1 1 1 1 1 1 0 0 1 1 0 1 1 0 0 0 0 1 0 0
720	1	 1 1 1 1 0 1 0 0 1 1 1 0 1 0 0 1 1 0 0 1
720	1	 1 1 1 0 0 1 0 0 1 1 1 0 1 0 0 1 1 0 0 0
720	4	 1 0 1 1 1 1 0 1 1 1 0 0 1 1 0 1 0 0 0 0
720	1	 1 1 1 1 0 1 0 1 0 0 1 0 1 1 0 0 0 0 0 0
720	1	 1 1 1 0 1 1 1 1 1 0 0 0 1 0 0 0 0 0 0 0
880	18	 1 1 1 1 1 0 0 0 1 0 0 0 0 0 0 1 0 0 0 0
880	94	 1 1 1 1 1 0 0 0 1 0 0 1 0 0 0 1 0 0 0 0
880	26	 1 1 1 1 1 1 0 1 1 1 0 0 1 0 0 0 0 0 0 0
880	48	 1 1 1 1 1 0 1 1 0 0 1 0 1 1 0 0 0 0 0 0
880	2	 1 1 1 1 1 1 1 1 1 0 0 0 0 0 1 1 0 0 0 0
880	79	 1 1 1 1 1 1 0 1 1 0 0 0 1 1 0 0 0 0 0 0
880	15	 1 1 1 1 1 0 0 0 1 0 0 0 0 0 0 0 0 0 0 0
880	3	 1 1 1 1 0 1 1 1 1 0 0 0 0 0 1 0 0 0 0 0
880	13	 1 1 1 1 1 0 0 1 0 1 0 0 0 0 0 0 0 0 0 0
880	59	 1 1 1 1 1 1 1 1 1 0 0 1 0 0 0 1 0 0 0 0
880	6	 1 1 1 1 0 0 0 0 1 0 0 0 0 0 0 0 0 0 0 0
880	17	 1 1 1 1 1 0 0 0 1 0 0 1 1 0 0 1 0 0 0 0
880	3	 1 1 1 1 0 0 0 0 1 0 0 0 0 0 0 1 0 0 0 0
880	11	 1 0 1 1 1 0 0 0 1 0 0 0 0 0 0 1 0 0 0 0
880	13	 1 1 1 1 1 0 0 0 1 0 0 0 0 1 0 0 0 0 0 0
880	3	 1 1 1 1 1 1 0 1 1 1 0 0 1 0 0 0 0 0 0 1
880	23	 1 1 1 1 0 1 0 1 1 0 0 0 0 0 1 0 0 0 0 0
880	9	 1 1 1 1 1 0 0 0 0 0 0 1 0 0 0 1 0 0 0 0
880	6	 1 1 1 1 1 0 0 0 1 0 0 0 0 0 1 1 0 0 0 0
880	2	 1 1 1 1 0 1 0 1 1 0 0 0 0 0 0 1 0 0 0 0
880	9	 1 1 1 1 1 1 0 1 0 1 0 0 0 0 0 0 0 1 1 0
880	8	 1 1 1 1 1 1 0 1 1 0 0 0 1 1 0 0 0 1 0 0
880	5	 1 0 1 1 1 1 0 0 1 0 0 1 0 0 0 0 0 0 0 0
880	14	 1 1 1 1 0 1 1 1 1 0 0 1 0 1 0 1 0 0 0 0
880	9	 1 0 1 1 0 1 1 1 1 0 0 0 0 0 1 0 0 0 0 0
880	5	 1 1 1 1 1 1 0 1 1 0 0 1 0 0 0 1 0 0 0 0
880	5	 1 1 1 0 1 1 0 0 1 0 0 0 0 0 1 0 0 0 0 0
880	12	 1 1 1 1 1 1 0 1 1 0 0 1 1 1 0 0 0 0 0 0
880	2	 1 1 1 1 1 0 0 0 0 0 0 1 1 0 0 1 0 0 0 0
880	23	 1 1 1 1 1 0 0 0 1 0 0 1 0 1 0 0 0 0 0 0
880	5	 0 1 1 1 1 0 0 0 0 0 0 1 0 0 0 1 0 0 0 0
880	14	 1 1 1 0 1 0 0 0 1 0 0 1 0 0 0 1 0 0 0 0
880	30	 1 1 1 1 1 0 1 1 0 0 0 0 1 1 0 0 0 0 0 0
880	4	 1 1 0 1 1 1 0 1 1 1 0 0 1 0 0 0 0 0 0 1
880	6	 1 1 1 1 1 0 0 1 0 1 0 0 1 0 0 0 0 0 0 0
880	9	 1 1 1 1 1 0 0 0 1 0 0 1 0 0 1 1 0 0 0 0
880	2	 1 1 1 1 0 1 0 1 1 1 0 0 1 0 0 0 0 0 0 1
880	7	 1 1 1 1 1 1 0 1 1 1 0 0 1 1 0 0 0 0 0 0
880	6	 1 1 1 0 1 0 0 0 1 0 0 0 0 0 1 1 0 0 0 0
880	13	 1 1 1 1 1 1 0 1 1 0 0 0 1 1 0 1 0 0 0 1
880	4	 1 0 1 1 1 0 0 0 1 1 0 0 0 1 1 0 0 0 0 0
880	4	 1 1 1 1 1 1 0 1 1 0 0 0 1 1 0 0 1 0 0 1
880	15	 1 0 1 1 1 1 0 1 1 0 0 0 0 0 1 1 0 0 0 0
880	9	 1 0 1 1 1 1 0 1 1 0 0 0 0 0 0 1 0 0 0 0
880	1	 1 0 1 1 1 1 0 1 1 0 0 0 1 0 1 1 0 0 0 0
880	11	 1 1 1 1 1 0 0 0 1 0 0 0 0 0 1 1 0 0 1 0
880	4	 1 1 1 1 1 0 0 0 1 0 0 1 0 0 0 0 1 1 0 0
880	5	 1 1 1 1 1 0 0 0 1 0 0 0 1 1 0 1 0 0 0 1
880	1	 1 1 1 1 1 0 0 0 1 0 0 0 0 0 1 0 0 0 1 0
880	20	 1 1 1 1 1 0 0 0 1 0 0 1 0 0 0 0 0 0 0 0
880	8	 1 1 1 1 1 1 1 1 0 0 0 1 0 0 0 1 0 0 0 0
880	2	 1 1 1 1 1 0 0 1 1 0 0 0 0 1 0 0 0 0 0 0
880	11	 1 1 1 1 1 0 0 0 1 0 0 1 0 0 0 0 0 1 0 0
880	5	 1 1 1 1 1 0 0 0 1 0 0 1 0 0 0 1 0 0 1 0
880	4	 1 1 1 1 0 1 1 1 1 0 0 1 0 1 0 1 0 1 0 0
880	1	 1 1 1 1 1 1 1 0 1 0 0 1 0 0 0 1 0 0 0 0
880	1	 0 1 1 1 1 0 0 0 0 0 0 1 1 0 0 1 0 0 0 0
880	1	 0 1 1 1 1 0 0 0 1 0 0 1 0 0 1 0 0 0 0 0
880	7	 1 1 1 1 1 0 0 0 1 0 0 1 0 0 0 1 1 0 0 0
880	2	 1 0 1 1 0 1 0 1 1 0 0 0 0 1 1 0 0 0 0 0
880	2	 1 1 1 1 0 0 0 0 1 0 0 0 0 0 0 1 0 0 1 0
880	8	 1 1 1 1 1 1 0 1 1 0 0 0 1 1 0 0 0 0 1 0
880	9	 1 1 1 1 1 1 1 1 1 0 0 1 0 0 0 1 0 1 0 0
880	3	 1 1 1 1 0 0 0 0 1 0 0 0 0 1 0 0 0 0 0 0
880	7	 1 1 1 0 1 1 1 1 1 0 0 1 0 0 0 1 0 0 1 0
880	1	 1 1 1 1 1 0 0 1 1 0 0 0 0 0 1 1 0 0 0 1
880	5	 1 1 1 1 1 1 1 1 1 0 0 1 0 1 0 1 0 0 0 0
880	13	 1 1 1 1 1 0 0 0 0 0 0 0 0 1 1 0 0 0 0 0
880	3	 1 1 1 0 1 0 0 0 1 0 0 0 0 0 1 0 0 0 0 0
880	3	 1 1 1 1 1 1 0 1 0 1 0 0 0 0 0 0 0 0 0 0
880	4	 1 1 1 0 1 1 0 1 1 0 0 0 1 1 0 0 0 0 0 0
880	12	 1 1 1 1 1 0 0 1 0 1 0 0 0 1 0 0 0 0 0 0
880	11	 1 1 1 1 1 1 1 1 1 0 0 1 0 0 0 1 0 0 1 0
880	3	 1 0 1 1 0 1 0 1 1 1 0 0 1 0 0 0 0 0 0 1
880	2	 1 1 1 1 1 1 0 1 1 0 0 0 1 1 0 0 0 0 0 1
880	4	 1 1 0 1 1 0 0 0 1 0 0 1 0 0 0 0 0 0 0 0
880	11	 1 1 1 1 0 1 0 1 1 0 0 0 1 1 0 0 0 0 0 0
880	3	 1 1 1 1 0 0 0 0 1 0 0 0 0 0 1 1 0 0 0 0
880	2	 1 1 1 1 1 1 0 1 1 0 0 0 1 0 0 1 0 0 1 0
880	14	 1 1 1 1 1 0 1 1 0 1 0 0 1 0 0 0 0 0 0 0
880	3	 1 1 1 1 1 0 1 1 0 0 1 0 1 1 0 0 0 0 1 0
880	6	 1 1 1 0 1 1 0 1 1 0 0 1 1 1 1 0 0 0 0 0
880	2	 1 1 1 1 0 1 0 1 1 1 0 0 1 0 0 0 1 0 0 1
880	1	 1 1 1 1 1 1 0 1 1 1 0 0 1 1 0 1 0 0 0 1
880	4	 1 1 1 1 1 0 0 1 1 0 0 1 0 0 0 1 0 0 0 0
880	2	 1 1 1 1 1 1 0 1 1 0 0 0 1 0 0 0 0 0 0 0
880	1	 0 1 1 1 1 0 0 0 1 0 0 1 1 0 1 1 0 0 0 0
880	4	 1 0 1 0 1 1 0 0 1 0 0 0 0 0 1 0 0 0 0 0
880	1	 1 1 1 1 1 1 0 0 1 0 0 1 0 0 0 0 0 0 0 0
880	1	 1 1 1 1 0 1 0 1 0 0 1 0 1 1 0 0 0 0 0 0
880	4	 1 0 1 1 1 0 0 1 1 0 0 0 0 0 0 1 0 0 0 0
880	1	 1 1 1 1 0 1 1 1 1 0 0 1 0 0 0 1 0 0 0 0
880	6	 1 1 1 1 1 1 0 1 1 0 0 1 1 1 0 1 0 0 0 1
880	8	 1 1 1 1 0 1 1 1 1 0 0 0 0 0 1 1 0 0 0 0
880	4	 1 1 1 1 1 0 0 1 1 0 0 0 0 0 0 1 0 0 0 0
880	2	 1 1 1 1 1 0 1 1 0 0 1 0 0 1 0 0 0 0 0 0
880	1	 1 1 1 1 0 0 0 0 1 0 0 0 0 1 0 1 0 0 0 0
880	6	 1 1 1 1 1 0 0 0 0 0 0 1 0 0 0 1 0 0 1 0
880	4	 1 1 1 1 1 0 0 0 1 0 0 0 0 0 1 1 0 1 0 0
880	3	 1 1 1 1 1 0 0 1 0 0 0 0 1 1 0 0 0 0 0 0
880	3	 1 1 1 0 1 0 0 0 1 0 0 0 0 0 0 1 0 0 0 0
880	1	 1 1 1 1 1 0 0 0 1 0 0 1 0 1 0 1 0 0 0 0
880	2	 1 1 1 1 1 0 0 0 1 0 1 1 0 0 0 1 0 0 0 0
880	12	 1 1 1 1 1 1 1 1 1 0 0 1 0 0 0 0 0 0 0 0
880	2	 1 1 1 1 1 0 1 1 1 0 0 0 0 0 0 1 0 0 0 0
880	4	 1 0 1 1 0 1 1 1 1 0 0 0 0 1 1 0 0 0 0 0
880	3	 1 1 1 0 1 0 0 1 1 0 0 0 1 1 0 0 0 0 1 0
880	2	 1 1 0 1 1 0 0 0 1 0 0 0 1 1 0 1 0 0 0 1
880	1	 1 1 1 1 1 0 0 0 1 1 0 1 0 0 0 1 0 0 0 0
880	1	 1 0 1 1 1 1 1 1 1 0 0 1 0 0 0 1 0 0 0 0
880	3	 1 1 1 1 1 1 1 1 1 0 0 1 0 0 0 1 1 0 0 0
880	3	 1 1 1 1 0 0 0 0 0 0 0 0 0 0 0 1 0 0 0 0
880	2	 1 1 1 1 1 1 1 1 1 0 0 1 1 1 1 1 0 0 0 0
880	3	 0 1 1 1 0 1 0 1 1 0 0 0 1 1 0 0 0 0 0 0
880	1	 1 1 1 1 1 1 0 0 1 0 0 0 0 1 0 0 0 0 0 0
880	1	 1 1 1 1 1 0 1 1 0 0 1 1 0 0 0 0 0 0 0 0
880	1	 1 1 1 1 1 1 0 1 1 0 0 0 1 0 0 1 0 0 0 0
880	1	 1 1 1 1 1 0 1 1 1 0 0 1 0 1 0 1 0 0 0 0
880	3	 1 1 1 1 1 1 1 1 1 0 0 0 1 0 0 0 0 0 0 0
880	1	 1 1 1 1 1 1 0 1 1 0 0 0 0 0 1 1 0 0 0 0
880	1	 1 1 1 1 1 1 0 0 1 0 0 1 0 0 0 1 0 0 0 0
880	1	 1 1 1 1 1 1 1 1 1 1 0 0 1 0 0 0 0 0 0 0
880	1	 1 1 1 1 1 0 0 0 1 0 0 1 1 0 0 1 1 0 0 0
880	2	 1 1 0 1 0 1 1 1 1 0 0 1 0 1 0 1 0 0 0 0
880	1	 1 0 1 1 0 1 1 1 1 0 0 1 0 1 0 1 0 0 0 0
880	1	 0 1 1 1 1 0 1 1 0 0 0 0 1 1 0 0 0 0 0 0
880	1	 1 1 1 1 1 0 0 0 1 0 0 1 0 0 0 1 0 1 0 0
880	1	 1 1 0 1 1 1 1 1 1 0 0 0 0 0 0 1 1 0 0 0
880	1	 1 1 1 1 1 0 0 0 0 0 0 1 0 0 0 0 0 0 1 0
880	2	 1 0 1 1 0 1 1 1 1 0 0 1 0 0 0 1 0 0 0 0
1000	82	 1 1 1 1 1 0 0 0 1 0 0 1 0 0 0 1 0 0 0 0
1000	28	 1 1 1 1 1 0 0 0 1 0 0 0 0 0 0 0 0 0 0 0
1000	3	 1 1 1 1 1 1 0 1 1 1 0 0 1 1 0 0 0 0 0 0
1000	22	 1 1 1 0 1 1 1 1 1 0 0 1 0 0 0 1 0 0 0 0
1000	2	 1 1 1 1 1 1 0 0 1 0 0 1 0 0 0 1 1 0 0 0
1000	3	 1 1 1 1 1 0 0 0 1 0 0 0 1 1 0 0 0 0 0 1
1000	36	 1 1 1 1 0 1 0 1 1 0 0 1 0 0 0 1 0 0 0 0
1000	47	 1 1 1 1 1 1 0 1 1 0 0 0 0 0 1 1 0 0 0 0
1000	9	 1 1 0 1 1 0 1 1 0 0 0 0 1 1 0 0 0 0 0 0
1000	4	 1 1 1 1 0 0 0 0 1 0 0 0 0 0 0 0 0 0 0 0
1000	3	 1 1 1 1 1 1 1 1 1 0 0 1 1 0 0 1 0 0 0 0
1000	26	 1 1 1 1 1 1 0 0 1 0 0 0 0 1 0 0 0 0 0 0
1000	7	 1 1 1 1 0 1 0 1 1 0 0 1 1 1 0 0 0 1 0 0
1000	4	 1 1 1 1 1 1 1 1 1 0 0 1 1 1 0 1 0 0 1 0
1000	19	 1 1 1 1 0 0 0 0 1 0 0 0 0 0 0 0 0 1 0 0
1000	15	 1 1 0 1 1 0 0 1 0 0 0 0 0 1 0 0 0 0 0 0
1000	4	 1 1 1 1 1 0 0 0 1 0 0 1 0 0 1 1 0 0 0 0
1000	15	 1 1 1 1 1 0 0 0 1 0 0 0 0 1 0 0 0 0 0 0
1000	11	 0 1 1 1 1 0 0 1 1 0 0 1 0 0 0 1 0 0 0 0
1000	16	 1 1 1 1 0 1 0 1 1 1 0 1 1 0 1 0 0 0 0 0
1000	8	 1 1 1 1 1 0 1 1 0 0 0 0 0 0 1 1 0 0 0 0
1000	11	 1 1 1 1 1 0 0 0 1 0 0 0 0 1 1 0 0 0 0 0
1000	16	 1 1 1 1 1 0 1 1 1 0 0 0 0 0 1 0 0 0 0 0
1000	12	 1 1 1 1 1 1 1 1 1 0 0 0 0 0 0 1 1 0 0 0
1000	5	 1 1 1 1 1 1 0 0 1 0 0 0 0 0 1 0 0 1 0 0
1000	4	 1 1 1 0 1 1 1 1 1 0 0 1 0 0 0 1 1 0 0 0
1000	4	 1 1 0 0 1 1 1 1 1 0 0 1 0 0 0 1 0 0 0 0
1000	20	 1 1 1 1 1 1 0 0 1 0 0 0 0 0 0 0 0 0 0 0
1000	9	 1 1 0 1 1 0 0 1 0 0 0 0 1 1 0 0 0 0 0 1
1000	30	 1 1 1 0 1 1 1 1 1 0 0 1 0 0 0 1 0 0 0 1
1000	9	 1 1 1 1 1 1 1 1 1 0 0 1 0 0 1 0 0 0 0 0
1000	15	 1 1 1 1 1 1 1 0 1 0 0 0 0 1 0 0 0 0 0 0
1000	22	 1 1 1 1 1 0 0 1 1 0 0 1 0 0 0 1 0 0 0 0
1000	16	 1 1 1 1 1 1 0 0 1 0 0 0 0 1 1 0 0 0 0 0
1000	15	 1 1 1 1 1 0 0 1 1 1 0 1 0 0 0 1 0 0 0 0
1000	5	 1 1 1 1 0 0 0 0 1 0 0 1 0 0 1 1 0 0 0 0
1000	4	 1 1 1 1 1 1 0 1 0 0 0 1 1 1 0 0 0 1 0 0
1000	20	 1 1 1 1 1 1 0 0 1 1 0 0 1 0 0 1 0 0 0 0
1000	2	 1 1 1 1 1 0 0 1 0 0 0 1 0 0 0 1 0 0 0 0
1000	1	 1 1 0 0 1 1 1 1 1 0 0 1 0 0 0 0 1 0 0 0
1000	1	 1 1 1 1 1 1 0 1 1 1 0 0 0 0 1 1 0 0 0 0
1000	2	 1 1 0 1 1 0 1 1 0 0 0 0 0 0 1 1 0 0 0 0
1000	3	 1 1 1 1 0 1 0 0 1 0 0 0 0 1 0 0 0 0 0 0
1000	24	 1 1 1 1 1 0 0 0 1 0 0 1 0 0 0 1 1 0 0 0
1000	7	 1 0 1 1 1 1 0 0 1 0 0 0 0 1 0 0 0 0 0 0
1000	7	 1 1 1 1 1 1 0 0 1 0 0 1 0 0 0 1 0 0 0 0
1000	1	 1 1 0 1 1 0 0 0 1 0 0 0 0 0 0 1 1 0 0 0
1000	3	 1 1 1 1 1 0 1 1 1 0 0 1 0 0 0 1 0 0 0 0
1000	10	 1 1 1 1 1 0 0 0 1 0 0 1 0 0 1 0 0 0 0 0
1000	3	 0 1 1 1 1 0 0 1 1 0 0 0 1 1 0 0 0 0 0 1
1000	7	 1 0 1 1 1 0 0 0 1 0 0 1 0 0 0 1 0 0 0 0
1000	15	 1 1 1 1 1 0 1 0 1 0 0 0 1 1 0 0 0 1 0 0
1000	6	 1 1 1 1 1 1 1 1 1 0 1 0 0 0 1 1 0 0 0 0
1000	3	 1 1 1 0 0 1 0 1 1 1 0 0 1 0 0 0 0 0 0 0
1000	19	 1 1 1 1 1 0 0 1 0 0 0 0 1 1 0 0 0 0 0 0
1000	5	 1 1 1 1 1 0 0 1 0 0 0 0 0 1 0 0 0 0 0 0
1000	8	 1 1 1 0 1 0 0 0 0 0 0 0 0 1 0 0 0 0 0 0
1000	7	 1 1 1 0 1 1 0 0 1 0 0 1 0 0 0 1 1 0 0 0
1000	2	 0 1 1 1 1 0 0 1 1 0 0 1 0 0 1 1 0 0 0 0
1000	1	 1 1 0 1 1 0 0 1 0 0 1 0 1 1 0 0 0 0 0 1
1000	5	 1 1 1 1 0 1 1 0 1 0 0 0 0 1 0 0 0 0 0 0
1000	2	 1 1 1 1 0 1 0 1 1 1 0 1 0 0 0 1 0 0 0 0
1000	2	 1 0 1 1 1 1 0 0 1 0 0 0 0 0 0 1 1 0 0 0
1000	6	 0 1 1 1 1 0 0 1 1 0 0 1 0 1 1 1 0 0 0 0
1000	15	 1 1 1 1 0 1 0 1 1 0 0 1 0 0 0 1 1 0 0 0
1000	4	 0 1 1 1 1 0 0 0 1 0 0 0 0 1 1 0 0 1 0 0
1000	11	 1 1 1 1 0 1 0 1 1 0 0 1 0 0 1 1 0 0 0 0
1000	9	 1 1 1 1 1 1 0 1 1 1 0 1 0 0 0 1 0 0 0 0
1000	7	 1 1 1 1 1 1 1 0 1 0 0 1 0 0 0 1 0 0 1 0
1000	2	 1 1 1 1 1 1 0 1 1 1 0 0 1 1 0 1 0 0 0 0
1000	2	 0 1 1 1 1 1 0 0 1 0 0 0 0 1 0 0 0 0 0 0
1000	11	 1 1 1 1 1 1 1 0 1 0 0 1 0 0 0 1 1 0 0 0
1000	5	 1 1 1 1 1 0 1 1 1 1 0 1 0 0 0 1 0 0 0 0
1000	3	 0 1 1 1 1 1 0 0 1 0 0 0 0 1 1 0 0 0 0 0
1000	10	 1 1 1 1 1 0 0 0 1 0 0 0 0 0 0 1 0 0 0 0
1000	5	 1 1 1 1 0 1 0 1 1 1 0 1 1 0 0 0 0 0 0 0
1000	1	 1 1 0 1 1 0 0 1 0 0 1 0 1 1 0 0 0 0 0 0
1000	2	 1 1 1 1 1 1 1 0 1 0 0 0 1 1 0 0 0 1 0 0
1000	1	 1 1 1 1 1 0 1 1 1 0 0 0 0 1 1 0 0 0 0 0
1000	7	 1 1 0 0 1 1 1 1 1 0 0 0 0 0 0 0 1 0 0 0
1000	2	 0 1 1 1 1 0 0 0 1 0 0 0 0 1 1 0 1 1 0 0
1000	4	 1 1 1 1 1 1 1 0 1 0 0 0 0 0 0 1 1 0 0 0
1000	3	 1 1 1 0 1 1 1 1 1 0 0 1 0 0 1 0 0 0 0 0
1000	5	 1 1 1 1 1 0 0 0 1 0 0 1 0 1 0 1 0 0 0 0
1000	5	 1 1 1 1 1 0 0 0 1 0 0 1 0 0 0 1 0 0 1 0
1000	2	 1 1 1 1 1 0 0 0 1 0 0 0 0 0 1 0 0 0 0 0
1000	9	 1 1 1 1 0 0 0 0 1 0 0 0 0 1 1 0 0 0 0 0
1000	8	 1 1 1 1 1 0 1 1 1 0 0 0 1 1 1 0 0 0 0 0
1000	5	 1 1 0 1 1 0 0 1 0 0 0 0 0 0 0 1 0 0 0 0
1000	1	 1 0 1 1 1 0 0 0 1 0 0 1 0 1 0 0 0 0 0 0
1000	3	 0 1 0 0 1 1 1 1 1 0 0 1 0 0 0 1 0 0 0 0
1000	8	 1 1 1 0 0 1 1 1 1 0 0 1 0 0 0 1 0 0 0 1
1000	1	 0 1 1 0 1 1 1 1 1 0 0 1 0 0 0 1 0 0 0 1
1000	2	 1 1 1 1 1 0 1 0 1 0 0 0 0 1 0 0 0 0 0 0
1000	4	 1 1 1 1 1 0 0 0 1 0 0 1 0 0 1 1 1 0 0 0
1000	4	 1 1 1 1 1 0 0 1 1 0 0 1 0 0 0 0 0 0 0 0
1000	1	 1 1 0 1 1 0 0 0 1 0 0 1 0 0 0 1 0 0 0 0
1000	8	 1 1 1 1 1 0 1 0 1 0 0 0 0 0 0 0 0 0 0 0
1000	2	 1 1 1 1 1 0 1 1 1 0 0 0 0 0 0 0 0 0 0 0
1000	5	 1 1 1 1 1 0 1 1 1 0 0 1 0 0 1 0 0 0 0 0
1000	6	 1 1 1 0 1 1 0 0 1 1 0 0 1 0 0 1 0 0 0 0
1000	4	 1 1 1 0 1 1 0 0 1 0 0 1 0 1 0 1 0 0 0 0
1000	2	 1 1 1 1 0 0 0 0 1 0 0 0 0 0 1 0 0 0 0 0
1000	1	 1 1 1 1 1 0 1 1 0 0 0 0 0 0 0 1 0 0 0 0
1000	3	 1 1 1 1 1 0 0 0 1 0 0 1 0 0 0 0 0 0 0 0
1000	1	 1 1 1 1 0 0 0 0 1 0 0 0 0 0 0 0 1 0 0 0
1000	5	 1 1 1 1 0 1 1 1 1 0 0 1 1 1 0 0 0 1 0 0
1000	3	 1 1 1 1 0 0 0 0 1 0 0 0 0 0 0 0 0 1 0 1
1000	4	 1 1 0 1 1 0 0 1 0 0 1 0 0 1 0 0 0 0 0 0
1000	3	 0 1 1 1 1 0 1 1 0 0 0 0 0 0 1 1 0 0 0 0
1000	1	 1 1 1 0 1 1 1 1 1 0 0 1 0 0 0 1 1 0 0 1
1000	4	 1 1 1 1 1 0 0 1 1 0 0 1 0 0 0 1 1 0 0 0
1000	1	 1 1 1 1 1 0 0 1 1 0 0 1 0 0 1 1 0 0 0 0
1000	3	 1 1 1 1 1 0 0 1 1 1 0 1 0 0 1 1 0 0 0 0
1000	4	 1 1 1 1 1 0 0 0 1 0 0 0 0 0 0 0 1 0 0 0
1000	2	 1 1 1 1 0 1 0 1 1 0 0 1 0 0 0 1 0 1 0 0
1000	4	 1 1 1 1 1 0 0 1 1 0 0 1 0 0 0 1 0 0 1 0
1000	2	 0 1 1 1 1 0 0 0 1 0 0 1 0 0 0 1 0 0 0 0
1000	2	 1 1 1 0 1 0 0 0 1 0 0 0 0 0 0 0 0 0 0 0
1000	1	 1 1 1 1 1 0 0 0 1 0 1 0 1 1 0 0 0 0 0 1
1000	1	 1 1 1 1 1 0 1 1 0 0 0 0 0 0 1 1 0 1 0 0
1000	1	 1 1 1 1 1 0 0 1 1 0 0 1 0 0 1 0 0 0 0 0
1000	1	 1 0 1 1 1 0 0 0 1 0 0 1 0 0 0 1 0 0 0 1
1000	1	 1 1 1 1 1 0 1 1 1 0 0 0 1 1 1 0 1 0 0 0
1000	2	 1 1 1 1 0 1 0 1 1 0 0 0 0 0 0 1 1 0 0 0
1000	2	 1 1 1 1 0 0 0 0 1 0 0 0 0 0 0 1 0 0 0 0
1000	3	 1 1 1 0 1 1 0 0 1 0 0 1 0 0 0 0 0 0 0 0
1000	3	 1 1 1 1 1 0 1 1 1 0 0 0 0 0 1 1 0 0 0 0
1000	1	 1 1 1 0 1 1 0 0 1 1 0 0 1 1 0 0 0 0 0 0
1000	2	 1 1 1 1 1 0 0 0 1 0 0 1 0 0 0 1 0 0 0 1
1000	2	 1 1 1 1 0 1 0 1 1 0 0 1 0 1 0 1 0 0 0 0
1000	1	 1 1 0 1 1 0 1 1 0 0 0 0 1 1 0 1 0 0 0 0
1000	3	 1 1 1 1 1 1 0 0 1 0 0 0 0 0 0 0 1 0 0 0
1000	2	 1 1 1 0 1 1 1 1 1 0 1 1 0 0 0 1 0 0 0 1
1000	1	 1 1 1 1 1 1 0 0 0 1 0 0 1 0 0 1 0 0 0 0
1000	2	 1 1 1 1 0 1 0 1 1 0 0 1 0 1 1 1 0 0 0 0
1000	1	 0 1 1 1 1 1 0 1 1 1 0 1 0 0 0 1 0 0 0 0
1000	1	 0 1 1 1 1 1 0 0 1 0 0 0 0 1 1 1 0 0 0 0
1000	1	 1 1 1 1 1 0 1 1 1 0 1 0 0 1 1 0 0 0 0 0
1000	2	 1 1 1 1 0 0 0 0 1 0 0 0 0 0 1 0 1 0 0 0
1000	1	 1 0 1 1 1 0 1 1 1 0 0 0 1 1 1 0 1 0 0 0
