0	250	 0 0 0 0 0 0 0 1 1 1 1 0 0 1 0 0 0 0 0 0
0	250	 0 0 0 1 0 0 0 0 0 0 1 0 1 0 1 0 1 0 0 0
0	250	 1 0 0 1 0 0 1 0 1 0 1 1 1 0 0 0 0 0 0 0
0	250	 0 0 1 0 0 0 0 0 0 1 0 0 0 0 0 1 0 0 0 0
10	219	 0 0 0 0 0 0 0 1 1 1 1 0 0 1 0 0 0 0 0 0
10	88	 0 0 0 1 0 0 0 0 0 0 1 0 1 0 1 0 1 0 0 0
10	295	 1 0 0 1 0 0 1 0 1 0 1 1 1 0 0 0 0 0 0 0
10	124	 0 0 1 0 0 0 0 0 0 1 0 0 0 0 0 1 0 0 0 0
10	2	 0 0 0 0 0 0 0 1 1 1 0 0 0 1 0 0 0 0 0 0
10	14	 0 0 1 0 0 0 0 1 1 1 1 0 0 1 0 0 0 0 0 0
10	2	 0 0 0 1 0 0 0 1 0 0 1 0 1 0 1 0 1 0 0 0
10	26	 0 0 0 0 0 0 0 1 1 1 1 0 0 1 0 1 0 0 0 0
10	2	 0 0 0 0 0 0 0 1 1 1 1 0 1 0 1 0 1 0 0 0
10	4	 1 0 0 1 0 0 1 0 1 0 1 1 1 0 1 0 1 0 0 0
10	5	 0 0 0 0 0 0 0 1 1 1 1 0 0 1 0 0 0 0 0 1
10	5	 1 0 0 1 0 0 1 0 1 0 1 1 1 0 1 0 0 0 0 0
10	9	 0 0 1 0 0 0 0 0 0 1 0 0 0 0 0 0 0 0 0 0
10	12	 1 0 0 1 1 0 1 0 1 0 1 1 1 0 0 0 0 0 0 0
10	5	 0 0 1 0 0 0 0 0 0 1 0 0 1 0 0 1 0 0 0 0
10	6	 0 1 1 0 0 0 0 0 0 1 0 0 0 0 0 1 0 0 0 0
10	4	 0 0 1 0 0 1 0 0 0 1 0 0 0 0 0 1 0 0 0 0
10	2	 0 0 1 0 0 0 0 0 0 0 0 0 0 0 0 1 0 0 0 0
10	1	 0 0 0 0 0 0 0 1 1 1 0 0 0 0 0 1 0 0 0 0
10	3	 0 0 0 1 0 0 0 0 0 1 0 0 0 0 0 1 0 0 0 0
10	12	 0 0 0 1 0 0 0 0 0 0 1 1 1 0 0 0 0 0 0 0
10	12	 0 0 0 1 0 0 0 0 0 0 1 0 1 0 1 0 0 0 0 0
10	1	 1 0 0 1 0 0 1 1 1 0 1 1 1 0 0 0 0 0 0 0
10	5	 0 0 1 0 0 0 0 0 0 1 0 0 0 0 1 1 0 0 0 0
10	3	 0 0 0 1 0 0 0 0 0 0 1 0 1 0 1 0 0 0 1 0
10	5	 0 0 0 0 0 0 0 1 1 1 1 0 0 0 0 0 0 0 0 0
10	14	 0 0 1 0 1 0 0 0 0 1 0 0 0 0 0 1 0 0 0 0
10	2	 0 0 1 0 0 1 0 0 0 1 0 0 0 0 0 1 0 1 0 0
10	4	 1 0 0 1 0 0 1 0 1 0 1 1 1 0 0 0 1 0 0 0
10	1	 0 0 1 0 0 0 0 1 1 1 1 0 0 0 0 1 0 0 0 0
10	3	 0 0 0 0 0 0 0 1 1 1 1 1 0 1 0 0 0 0 0 0
10	3	 0 0 0 1 0 0 0 0 0 0 1 1 1 0 1 0 1 0 0 0
10	3	 1 0 0 1 0 0 1 0 1 0 1 0 1 0 0 0 0 0 0 0
10	3	 1 0 1 0 0 0 0 0 0 1 0 0 0 0 0 1 0 0 0 0
10	2	 1 0 0 1 0 0 1 1 0 0 1 1 1 0 0 0 0 0 0 0
10	5	 0 0 0 1 0 1 0 0 0 0 1 0 1 0 1 1 1 0 0 0
10	3	 0 0 1 1 0 0 0 0 0 0 1 0 1 0 1 0 1 0 0 0
10	7	 1 0 0 0 0 0 0 1 1 1 1 0 0 1 0 0 0 0 0 0
10	4	 0 0 0 0 0 0 0 0 0 0 1 0 1 0 1 0 1 0 0 0
10	8	 1 0 0 1 0 0 1 0 1 0 1 1 1 0 0 0 0 1 0 0
10	1	 1 0 0 1 0 0 1 0 1 0 1 1 1 0 0 0 0 0 0 1
10	4	 1 1 0 1 0 0 1 0 1 0 1 1 1 0 0 0 0 0 0 0
10	2	 1 0 1 1 0 0 1 0 1 0 1 1 1 0 0 0 0 0 0 0
10	2	 0 0 0 1 0 0 0 0 0 0 1 1 1 1 0 0 0 0 0 0
10	1	 0 0 0 1 0 0 0 0 0 0 1 0 0 1 0 0 0 0 0 0
10	4	 0 0 0 0 0 0 0 1 1 1 1 0 0 1 0 0 0 1 0 0
10	3	 1 0 0 1 0 0 0 0 1 0 1 1 1 0 0 0 0 0 0 0
10	6	 0 0 0 1 0 0 1 0 1 0 1 1 1 0 0 0 0 0 0 0
10	2	 0 0 1 0 0 1 0 1 0 1 0 0 0 0 0 1 0 0 0 0
10	1	 0 0 0 1 0 0 0 0 0 0 1 0 0 0 0 1 0 0 0 0
10	2	 0 0 0 1 0 0 0 0 0 0 1 0 1 0 0 0 0 0 0 0
10	2	 0 0 0 1 0 0 0 0 0 0 1 0 1 0 0 1 0 0 0 0
10	5	 1 0 0 1 0 0 0 0 0 1 0 0 0 0 0 1 0 0 0 0
10	4	 0 0 0 1 0 1 0 0 0 0 1 0 1 0 1 0 1 0 0 0
10	2	 1 0 0 1 0 0 1 0 1 0 1 1 1 0 0 0 0 0 1 0
10	1	 1 0 0 1 1 0 1 0 0 0 1 1 1 0 0 0 0 0 0 0
10	5	 0 0 1 0 1 0 0 0 0 1 0 0 0 0 0 1 0 1 0 0
10	4	 1 0 0 1 0 0 1 0 1 0 1 1 1 0 0 1 0 0 0 0
10	2	 1 0 0 1 0 0 1 0 1 0 1 1 1 1 0 0 0 0 0 0
10	3	 0 0 0 1 0 0 0 1 1 1 1 0 0 1 0 0 0 0 0 0
10	1	 0 0 0 0 0 0 0 1 1 1 1 0 0 1 0 0 0 0 1 0
10	1	 1 0 0 0 0 0 1 0 1 0 1 1 1 0 0 0 0 0 0 0
10	2	 0 0 1 0 0 0 0 0 1 1 0 0 0 0 0 1 0 0 0 0
10	1	 0 0 0 0 0 0 0 1 1 1 0 0 0 1 0 1 0 0 0 0
10	2	 1 0 0 1 0 0 1 0 1 0 1 1 1 0 1 1 1 0 0 0
10	2	 0 1 1 0 1 0 0 0 0 1 0 0 0 0 0 1 0 0 0 0
10	2	 0 0 0 1 0 0 0 0 0 0 1 0 1 1 1 0 0 0 0 0
10	2	 0 0 1 0 0 0 1 0 0 1 0 0 0 0 0 1 0 0 1 0
10	3	 1 0 0 1 0 1 1 0 1 0 1 1 1 0 0 0 0 1 0 0
25	169	 0 0 0 0 0 0 0 1 1 1 1 0 0 1 0 0 0 0 0 0
25	43	 0 0 0 1 0 0 0 0 0 0 1 0 1 0 1 0 1 0 0 0
25	216	 1 0 0 1 0 0 1 0 1 0 1 1 1 0 0 0 0 0 0 0
25	112	 0 0 1 0 0 0 0 0 0 1 0 0 0 0 0 1 0 0 0 0
25	5	 0 0 1 0 0 0 0 1 1 1 1 0 0 1 0 0 0 0 0 0
25	5	 0 0 0 0 0 0 0 1 1 1 1 0 0 1 0 1 0 0 0 0
25	6	 0 0 0 0 0 0 0 1 1 1 1 0 0 1 0 0 0 0 0 1
25	3	 1 0 0 1 0 0 1 0 1 0 1 1 1 0 1 0 0 0 0 0
25	6	 1 0 0 1 1 0 1 0 1 0 1 1 1 0 0 0 0 0 0 0
25	17	 0 1 1 0 0 0 0 0 0 1 0 0 0 0 0 1 0 0 0 0
25	11	 0 0 1 0 0 1 0 0 0 1 0 0 0 0 0 1 0 0 0 0
25	3	 0 0 0 1 0 0 0 0 0 0 1 1 1 0 0 0 0 0 0 0
25	15	 0 0 0 0 0 0 0 1 1 1 1 0 0 0 0 0 0 0 0 0
25	13	 0 0 1 0 1 0 0 0 0 1 0 0 0 0 0 1 0 0 0 0
25	7	 0 0 0 0 0 0 0 1 1 1 1 1 0 1 0 0 0 0 0 0
25	2	 1 0 1 0 0 0 0 0 0 1 0 0 0 0 0 1 0 0 0 0
25	2	 0 0 1 1 0 0 0 0 0 0 1 0 1 0 1 0 1 0 0 0
25	61	 1 0 0 0 0 0 0 1 1 1 1 0 0 1 0 0 0 0 0 0
25	24	 1 1 0 1 0 0 1 0 1 0 1 1 1 0 0 0 0 0 0 0
25	1	 1 0 0 1 0 0 0 0 1 0 1 1 1 0 0 0 0 0 0 0
25	8	 0 0 0 1 0 0 1 0 1 0 1 1 1 0 0 0 0 0 0 0
25	11	 1 0 0 1 0 0 1 0 1 0 1 1 1 0 0 1 0 0 0 0
25	9	 0 0 0 0 0 0 0 1 1 1 1 0 0 1 0 0 0 0 1 0
25	16	 1 0 0 0 0 0 1 0 1 0 1 1 1 0 0 0 0 0 0 0
25	7	 1 0 0 1 0 0 1 0 1 0 1 1 1 0 1 1 1 0 0 0
25	4	 0 0 0 0 0 0 0 1 1 1 1 0 0 0 0 1 0 0 0 0
25	6	 0 0 0 0 0 0 0 1 1 1 0 0 0 1 0 0 0 0 0 0
25	5	 0 0 0 0 0 1 0 1 1 1 1 0 0 1 0 0 0 0 0 0
25	14	 1 0 0 0 0 1 0 1 1 1 1 0 0 1 0 0 0 0 0 0
25	6	 0 0 0 0 0 0 0 0 1 0 1 1 1 0 0 0 0 0 0 0
25	10	 0 0 1 0 0 0 0 0 0 1 1 0 1 0 1 0 1 0 0 0
25	4	 0 0 0 0 0 0 1 1 1 1 1 0 0 1 0 0 0 0 0 0
25	12	 0 0 0 0 1 0 0 1 1 1 1 0 0 1 0 0 0 0 0 0
25	2	 1 0 0 1 0 0 1 0 1 0 1 0 0 1 0 0 0 0 0 0
25	2	 0 1 0 0 0 0 0 1 1 1 1 0 0 1 0 0 0 0 0 0
25	6	 0 0 0 0 0 0 1 1 1 1 1 1 0 1 0 0 0 0 0 0
25	4	 0 0 0 1 0 0 0 1 1 1 1 1 1 0 0 0 0 0 0 0
25	4	 0 0 0 0 0 0 0 1 1 1 1 0 0 1 0 0 1 0 0 0
25	3	 1 0 0 1 0 0 1 0 1 0 1 1 0 1 0 1 0 0 0 0
25	21	 1 0 0 1 0 0 1 0 1 1 1 0 0 1 0 0 0 0 0 0
25	5	 1 0 1 0 0 0 0 1 1 1 1 0 0 1 0 0 0 0 0 0
25	6	 0 0 1 0 0 1 0 0 0 1 0 0 1 0 0 1 0 0 0 0
25	4	 1 1 0 1 0 0 1 1 1 0 1 1 1 0 0 0 0 0 0 0
25	4	 0 0 0 1 0 0 0 0 0 0 1 0 1 0 0 0 0 0 0 0
25	4	 1 0 0 1 0 0 1 0 1 0 1 1 1 0 0 0 1 0 0 0
25	2	 0 0 0 1 0 0 0 0 0 1 0 0 0 0 0 1 0 0 0 0
25	5	 0 0 0 0 0 0 0 1 0 1 1 0 0 1 0 0 0 0 0 0
25	4	 0 0 0 0 0 0 0 1 1 1 1 0 0 1 1 0 0 0 1 0
25	6	 0 0 0 0 0 1 0 1 1 1 1 0 1 1 0 0 0 0 0 0
25	2	 1 0 0 1 0 0 0 1 1 1 1 0 0 1 1 0 0 0 0 0
25	5	 1 0 0 0 0 0 0 1 1 1 1 0 0 0 0 1 0 0 0 0
25	9	 1 0 0 1 0 0 1 0 0 1 0 0 0 0 0 1 0 0 0 0
25	1	 0 0 0 0 0 0 0 1 1 1 1 0 0 1 1 0 1 0 0 0
25	6	 0 0 1 0 0 0 0 1 1 1 1 1 0 1 0 0 0 0 0 0
25	2	 1 0 0 1 0 0 1 0 1 0 1 1 0 1 0 0 0 0 0 0
25	1	 0 0 1 0 0 0 1 0 1 0 1 1 1 0 0 0 0 0 0 0
25	8	 1 0 0 0 0 0 0 1 1 1 1 0 0 0 0 0 0 0 0 0
25	1	 0 0 0 0 0 0 0 1 1 1 1 0 1 0 0 0 0 0 0 0
25	1	 0 0 1 0 0 1 0 0 0 1 1 1 1 0 0 0 0 0 0 0
25	2	 0 0 0 1 1 0 0 0 0 0 1 0 1 0 1 0 1 0 0 0
25	5	 0 0 0 0 0 0 0 1 1 0 1 0 0 1 0 0 0 0 1 0
25	1	 0 0 1 0 0 0 0 0 0 1 1 0 0 1 0 0 0 0 0 0
25	2	 1 0 0 0 0 0 0 1 1 1 1 1 1 0 0 0 0 0 0 0
25	1	 0 0 0 1 0 0 0 0 0 0 1 0 0 0 1 0 1 0 0 0
25	3	 1 0 0 1 0 0 1 0 1 1 1 1 1 0 0 0 0 0 0 0
25	4	 0 0 0 0 0 0 0 0 0 1 0 0 0 0 0 1 0 0 0 0
25	2	 0 0 1 0 0 0 0 0 0 1 0 0 0 0 0 1 0 1 0 0
25	2	 1 0 0 1 1 0 1 0 1 0 1 1 1 0 0 0 0 0 0 1
25	4	 1 0 0 1 0 0 1 1 1 1 1 0 0 1 0 0 0 0 0 0
25	2	 0 0 0 0 1 0 0 1 1 1 1 0 0 1 0 0 0 1 0 1
25	1	 0 0 0 1 0 0 0 0 0 0 1 0 0 1 0 0 0 0 0 0
25	1	 1 0 0 1 0 0 0 0 0 0 1 0 1 0 1 0 1 0 0 0
25	1	 1 0 0 1 0 0 1 0 0 0 1 0 1 0 1 0 1 0 0 0
25	1	 1 0 0 1 1 0 1 0 1 0 1 1 1 0 0 1 0 0 0 0
25	1	 0 0 0 0 1 0 0 1 1 1 1 1 1 0 0 0 0 0 0 0
25	1	 1 1 0 0 0 0 0 1 1 1 1 1 0 1 0 0 0 0 0 0
25	1	 0 0 0 1 1 0 0 1 1 1 1 0 0 0 0 0 0 0 0 0
25	1	 0 0 0 1 0 0 0 0 0 0 1 0 1 0 1 0 1 1 0 0
25	3	 1 0 0 1 0 0 1 0 0 0 1 1 1 0 0 0 0 0 0 0
25	3	 1 0 0 1 0 0 1 0 1 0 0 1 1 0 0 0 0 0 0 0
25	1	 1 0 0 1 0 0 1 0 1 0 1 1 1 1 0 0 0 0 0 0
25	1	 0 0 1 0 0 0 0 0 0 1 0 0 0 0 0 0 0 0 0 0
25	2	 0 0 1 0 0 0 0 0 0 0 0 0 0 0 0 1 0 0 0 0
25	1	 0 0 1 0 0 1 0 0 0 1 0 0 0 0 0 1 0 0 0 1
25	1	 1 0 1 1 0 0 0 0 1 0 1 1 1 0 0 0 0 0 0 0
25	1	 0 0 0 1 0 0 0 1 1 1 1 1 0 0 0 0 0 0 0 0
70	61	 0 0 0 0 0 0 0 1 1 1 1 0 0 1 0 0 0 0 0 0
70	9	 1 0 0 1 0 0 1 0 1 0 1 1 1 0 0 0 0 0 0 0
70	7	 0 0 1 0 0 0 0 0 0 1 0 0 0 0 0 1 0 0 0 0
70	14	 0 0 1 0 0 0 0 1 1 1 1 0 0 1 0 0 0 0 0 0
70	124	 0 1 1 0 0 0 0 0 0 1 0 0 0 0 0 1 0 0 0 0
70	3	 0 0 0 0 0 0 0 1 1 1 1 0 0 0 0 0 0 0 0 0
70	65	 1 0 0 0 0 0 0 1 1 1 1 0 0 1 0 0 0 0 0 0
70	38	 0 0 0 1 0 0 1 0 1 0 1 1 1 0 0 0 0 0 0 0
70	45	 0 0 0 0 1 0 0 1 1 1 1 0 0 1 0 0 0 0 0 0
70	29	 1 1 0 1 0 0 1 1 1 0 1 1 1 0 0 0 0 0 0 0
70	1	 0 0 0 0 0 0 0 1 0 1 1 0 0 1 0 0 0 0 0 0
70	17	 0 0 1 0 0 0 0 1 1 1 1 1 0 1 0 0 0 0 0 0
70	7	 1 0 0 1 1 0 1 0 1 0 1 1 1 0 0 0 0 0 0 1
70	1	 0 0 1 0 0 0 0 0 0 0 1 0 1 0 1 0 1 0 0 0
70	49	 1 0 1 0 0 0 0 1 0 1 1 0 0 1 0 0 0 0 0 0
70	20	 1 0 0 1 0 0 1 0 1 0 1 1 1 1 0 0 0 0 0 0
70	3	 0 0 1 0 0 0 0 0 0 0 1 1 1 0 0 0 0 0 0 0
70	42	 0 0 1 0 0 0 0 0 0 1 0 0 0 1 0 0 0 0 0 0
70	27	 0 0 0 1 0 0 0 1 1 1 1 0 0 1 0 0 0 0 0 0
70	1	 0 0 1 0 0 0 0 1 0 1 0 0 1 0 0 1 0 0 0 0
70	25	 1 0 0 1 0 0 1 1 1 0 1 1 1 0 0 0 0 0 0 0
70	17	 0 0 0 0 0 0 0 1 1 1 1 1 0 0 0 1 0 0 0 0
70	47	 0 0 0 0 0 0 0 1 1 1 1 1 1 0 0 0 0 0 0 0
70	14	 0 0 0 0 0 0 0 1 1 1 1 0 0 1 1 0 0 0 0 0
70	2	 1 0 0 1 1 0 1 0 1 0 1 1 1 0 0 0 0 0 0 0
70	5	 1 1 0 0 0 0 1 0 1 0 1 1 1 0 0 0 0 0 0 0
70	11	 1 0 0 1 0 0 1 0 0 1 0 0 0 1 0 0 0 0 0 0
70	1	 1 0 0 1 0 0 0 0 1 1 1 0 0 1 0 0 0 0 0 0
70	1	 0 1 1 0 0 0 0 0 1 0 0 1 1 0 0 0 0 0 0 0
70	2	 1 0 0 1 0 0 1 0 1 0 1 1 1 0 0 0 0 1 0 0
70	1	 0 0 1 0 0 0 0 0 0 0 1 0 1 0 1 0 1 0 1 0
70	6	 1 1 0 1 0 0 0 1 1 1 1 0 0 1 0 0 0 0 0 0
70	22	 0 1 0 0 0 0 0 1 1 1 1 1 0 1 0 0 0 0 0 0
70	8	 0 0 0 0 0 0 0 1 0 1 1 1 0 1 0 0 0 0 0 0
70	4	 1 0 0 0 0 0 0 1 1 1 1 0 0 1 0 0 0 1 0 0
70	9	 0 0 0 0 0 0 0 0 0 0 1 0 1 0 1 0 1 0 0 0
70	4	 0 0 0 0 0 0 0 1 1 1 1 0 1 0 0 0 0 0 0 0
70	5	 1 0 0 1 0 0 1 0 1 1 1 0 0 1 0 1 0 0 0 0
70	1	 0 1 1 0 0 0 0 1 1 1 1 0 0 1 0 0 0 0 0 0
70	12	 0 0 1 0 0 0 0 0 0 0 1 1 1 0 1 0 0 0 0 0
70	4	 1 0 1 1 0 0 0 1 0 1 1 0 0 1 0 0 0 0 0 0
70	13	 1 1 1 0 0 0 0 1 1 1 1 0 0 1 1 0 0 0 0 0
70	3	 0 0 0 1 0 1 1 1 1 0 1 0 1 0 0 0 0 0 0 0
70	6	 0 0 0 0 0 0 0 1 1 1 1 0 0 1 1 1 0 0 0 0
70	2	 1 0 0 0 0 0 0 1 1 1 1 1 0 1 0 0 0 0 0 0
70	2	 0 0 1 0 0 0 0 0 0 1 1 0 0 1 0 1 0 0 0 0
70	5	 0 0 0 0 0 0 0 1 1 1 1 0 1 1 0 0 0 0 0 0
70	3	 1 0 1 0 0 0 0 1 0 1 1 0 0 1 0 0 0 0 0 1
70	8	 1 0 1 0 0 0 0 0 0 1 0 0 0 1 0 0 0 0 0 0
70	11	 1 0 0 1 1 0 1 1 1 0 1 1 1 0 0 0 0 0 0 0
70	3	 0 0 0 0 0 0 0 1 1 1 1 0 0 1 1 0 0 0 1 0
70	3	 0 0 0 0 0 1 0 1 1 1 1 0 0 0 0 0 0 0 0 0
70	3	 1 0 0 0 0 0 0 0 1 1 1 0 0 1 0 0 0 0 0 0
70	1	 0 1 0 0 0 0 0 0 0 1 0 0 0 0 1 1 0 0 0 0
70	6	 0 1 1 0 0 0 0 0 0 1 0 0 0 0 0 1 1 0 0 0
70	2	 0 0 0 0 1 0 0 0 0 1 0 0 0 0 0 1 0 0 0 0
70	2	 0 1 1 0 0 0 0 0 0 1 0 0 0 1 0 1 0 0 0 0
70	3	 0 0 0 0 0 0 0 1 1 1 0 0 0 1 1 1 1 0 1 0
70	6	 0 1 0 0 0 0 0 1 1 1 1 1 1 0 0 0 0 0 0 0
70	9	 1 1 0 1 0 0 0 1 1 1 1 0 0 1 0 0 1 0 0 0
70	2	 1 0 0 1 0 0 1 0 1 1 1 0 0 1 1 1 0 0 0 0
70	7	 0 1 1 0 0 0 0 0 0 1 0 0 0 1 0 0 0 0 0 0
70	1	 0 0 0 1 0 0 0 1 1 1 1 1 0 1 0 0 0 0 0 0
70	2	 0 0 1 0 0 0 0 1 0 1 1 0 0 1 0 0 0 0 0 0
70	1	 0 0 0 0 0 1 0 1 1 1 1 0 0 1 0 0 0 0 0 0
70	3	 1 0 0 0 0 0 0 1 1 1 1 0 0 1 0 1 0 0 0 0
70	1	 1 0 0 1 0 0 1 1 1 0 0 1 1 0 0 0 0 0 0 0
70	5	 1 0 1 1 0 0 0 0 0 1 1 0 0 1 0 0 0 0 0 0
70	4	 0 1 0 0 0 0 0 0 0 0 0 1 1 0 0 0 0 0 0 0
70	8	 0 0 0 0 0 0 0 1 1 1 1 0 0 1 0 0 0 0 1 0
70	4	 0 0 0 0 0 0 1 1 1 1 1 0 0 1 0 0 0 0 0 0
70	1	 1 0 0 0 0 0 0 1 1 1 1 0 0 1 0 0 1 0 0 0
70	2	 1 0 0 1 0 0 0 1 1 1 1 0 0 1 0 0 0 1 0 0
70	7	 0 0 1 1 0 0 0 1 0 1 1 0 0 1 0 0 0 0 0 0
70	1	 1 1 0 1 0 0 0 1 0 1 1 0 0 1 0 0 0 0 0 1
70	2	 1 0 1 0 0 0 0 1 1 0 1 1 1 1 0 0 0 0 0 0
70	1	 1 0 0 1 0 0 0 1 1 1 1 0 0 1 0 0 0 0 0 0
70	3	 0 1 1 1 0 0 0 0 0 1 0 0 0 0 0 1 0 0 0 0
70	2	 0 1 1 0 0 0 0 0 0 1 0 0 1 0 0 1 0 0 0 0
70	4	 1 0 0 0 0 0 1 1 1 1 1 0 0 1 0 0 0 0 0 0
70	1	 1 0 1 0 0 0 0 1 1 1 1 0 0 1 0 0 0 0 0 0
70	2	 1 0 0 0 0 1 0 1 1 0 1 0 0 1 0 0 0 0 0 0
70	5	 0 0 0 0 1 0 0 0 1 1 1 0 0 1 0 0 0 0 0 0
70	7	 1 0 1 0 0 0 0 1 0 1 1 0 0 0 0 0 0 0 0 0
70	1	 1 0 1 1 0 0 0 1 0 1 1 0 0 1 0 0 0 0 1 0
70	1	 1 1 1 0 0 0 0 1 0 1 1 0 0 1 0 0 0 0 0 1
70	3	 0 1 1 0 0 0 0 0 0 1 0 1 0 0 0 1 1 0 0 0
70	4	 0 0 0 1 1 0 0 0 0 1 0 0 0 0 0 1 0 0 0 0
70	4	 0 1 1 0 0 0 0 0 0 1 0 0 0 1 1 1 0 0 0 0
70	1	 0 0 0 1 0 0 1 0 1 1 1 0 0 1 0 0 0 0 0 0
70	6	 0 0 0 1 0 0 0 1 1 1 1 0 0 0 0 1 0 0 0 0
70	1	 0 0 1 1 0 0 0 1 1 1 1 0 0 1 0 0 0 0 0 0
70	1	 1 1 0 1 0 0 0 1 1 1 0 0 0 1 0 0 0 0 0 0
70	1	 1 1 0 1 0 0 0 1 1 1 1 0 0 1 0 1 0 0 0 0
70	1	 0 1 0 0 0 0 0 1 0 1 1 1 0 1 0 0 0 0 0 0
70	1	 1 0 0 0 0 0 0 0 0 0 1 0 1 0 1 0 1 0 0 0
70	6	 1 1 0 1 1 0 1 1 1 1 1 0 0 1 0 0 0 0 0 0
70	3	 0 0 1 0 0 0 0 1 1 1 0 0 0 1 0 0 0 0 0 0
70	1	 0 1 1 0 0 0 0 0 0 1 0 0 0 0 0 0 0 0 0 0
70	1	 0 0 0 0 1 0 0 1 1 1 1 0 1 0 1 0 1 0 0 0
70	2	 1 0 1 0 0 0 0 1 0 1 1 0 0 0 0 1 0 0 0 0
70	2	 1 0 0 1 0 0 0 1 1 1 1 1 0 1 0 0 0 0 0 0
70	3	 0 0 0 1 0 0 1 0 1 0 1 1 1 1 0 0 0 0 0 0
70	1	 1 0 0 1 0 0 0 1 1 1 1 1 1 0 0 0 0 0 0 0
70	2	 0 1 0 0 0 0 0 1 1 0 1 1 1 0 0 0 0 0 0 0
70	2	 0 1 1 0 0 0 0 0 1 1 0 0 0 0 0 1 0 0 0 0
70	2	 0 0 1 0 1 0 0 1 1 1 1 0 0 1 0 0 0 0 0 0
70	2	 0 0 1 0 0 0 0 1 1 1 1 1 0 1 1 0 0 0 0 0
70	3	 1 0 0 0 0 0 1 0 1 0 1 1 1 1 0 0 0 0 0 0
70	3	 1 0 0 1 0 1 1 0 1 0 1 1 1 1 0 0 0 0 0 0
70	1	 0 0 1 0 0 0 0 0 1 1 0 0 0 1 0 0 0 0 0 0
70	2	 1 0 0 1 1 0 1 1 1 0 1 0 1 0 0 0 0 0 0 0
70	4	 1 1 0 1 1 0 0 1 1 1 1 0 0 1 0 0 1 0 0 0
70	2	 0 0 0 0 0 0 0 1 1 1 1 1 0 1 0 0 0 0 1 0
70	1	 1 0 1 0 0 0 0 1 1 0 0 1 1 1 0 0 0 0 0 0
70	1	 1 0 0 0 0 0 1 0 1 1 1 0 0 1 0 0 0 0 0 0
135	11	 0 0 0 0 0 0 0 1 1 1 1 0 0 1 0 0 0 0 0 0
135	9	 1 1 0 1 0 0 1 1 1 0 1 1 1 0 0 0 0 0 0 0
135	29	 1 0 1 0 0 0 0 1 0 1 1 0 0 1 0 0 0 0 0 0
135	4	 1 0 0 1 0 0 1 1 1 0 1 1 1 0 0 0 0 0 0 0
135	11	 1 1 0 1 0 0 0 1 1 1 1 0 0 1 0 0 0 0 0 0
135	1	 0 0 0 0 0 0 0 1 1 1 1 0 0 1 1 0 0 0 1 0
135	20	 0 0 0 1 0 0 1 1 1 1 1 0 0 1 0 0 0 0 0 0
135	2	 0 0 1 1 0 0 0 0 0 1 0 0 0 1 1 1 0 0 0 0
135	116	 1 0 1 1 0 0 0 0 0 1 1 0 1 1 0 0 0 0 0 0
135	16	 1 0 0 1 1 0 1 1 0 1 1 0 0 1 0 0 0 0 0 0
135	41	 1 1 0 1 0 0 1 1 1 1 1 0 0 1 0 0 1 0 0 0
135	13	 0 1 1 0 0 0 0 1 1 1 1 0 0 1 0 0 0 0 0 0
135	6	 1 0 1 0 0 0 0 0 0 1 1 1 1 0 1 0 0 0 0 0
135	23	 1 0 1 0 0 0 1 1 0 1 1 0 0 0 0 0 0 0 0 0
135	1	 0 0 0 0 0 0 0 1 1 1 1 0 0 0 0 0 0 1 0 1
135	25	 1 1 0 1 0 0 1 1 1 1 0 0 0 1 1 1 0 0 0 0
135	16	 0 0 1 0 0 0 1 1 0 0 1 1 1 0 0 1 0 0 0 0
135	17	 0 0 0 0 0 0 0 1 1 1 0 0 1 0 0 0 0 0 0 0
135	7	 0 0 1 0 0 0 0 1 1 1 1 0 0 1 1 0 0 1 0 0
135	2	 1 0 0 1 0 0 1 1 1 1 1 0 0 1 0 0 0 0 0 0
135	4	 0 0 0 1 0 0 1 1 1 1 1 0 1 1 0 0 0 0 0 0
135	10	 0 1 1 0 0 0 0 0 0 1 1 0 1 1 0 0 0 0 0 0
135	7	 0 1 1 1 0 0 1 1 1 0 1 0 0 1 1 0 0 0 1 0
135	31	 1 1 0 1 0 0 1 1 1 1 1 0 0 1 0 0 0 0 0 0
135	3	 1 0 1 1 0 0 0 0 0 1 0 0 1 1 0 0 0 0 0 0
135	12	 1 1 0 1 0 0 1 1 1 1 1 1 0 1 0 0 1 0 0 0
135	20	 1 0 0 1 0 0 1 1 1 1 1 0 0 1 0 0 1 0 0 0
135	51	 0 0 1 1 0 0 0 0 0 1 1 0 1 1 0 0 0 0 0 0
135	3	 1 1 0 0 0 0 1 1 1 1 1 0 0 1 0 0 1 0 0 0
135	10	 1 1 1 0 0 1 1 1 0 1 1 0 0 1 0 1 0 0 1 0
135	6	 1 0 1 0 0 0 0 1 0 1 1 1 0 1 0 0 0 0 0 0
135	5	 1 0 1 1 0 0 0 1 1 1 1 0 0 1 0 0 0 0 0 0
135	24	 1 0 1 1 0 0 1 0 1 0 1 1 1 1 0 1 0 0 0 1
135	4	 1 0 1 1 1 0 0 0 0 1 1 0 1 1 0 0 0 0 0 0
135	5	 1 0 0 1 1 0 1 1 0 1 1 0 0 1 0 1 0 0 0 0
135	12	 1 1 0 1 1 0 1 1 1 1 1 0 0 1 0 0 1 0 0 0
135	1	 0 0 0 0 0 0 0 1 1 1 0 0 0 1 0 0 1 0 0 0
135	1	 0 0 0 0 0 0 1 1 1 1 1 0 0 1 0 1 0 0 1 0
135	14	 1 1 0 1 0 0 0 1 1 1 1 0 0 1 0 0 1 0 0 0
135	4	 0 0 0 0 0 0 0 1 1 1 1 0 0 1 0 0 0 0 1 0
135	16	 1 0 1 1 0 0 0 0 0 1 1 0 1 1 1 0 0 0 0 0
135	7	 1 0 0 1 1 0 1 1 0 1 1 0 0 0 0 0 0 0 0 0
135	9	 0 0 1 0 0 0 0 1 1 1 1 1 0 1 0 0 0 0 0 0
135	9	 0 0 0 0 1 1 1 1 1 1 1 0 0 1 0 1 1 0 0 0
135	3	 1 0 1 1 0 0 0 1 0 1 1 0 0 1 0 0 0 0 0 0
135	20	 0 1 1 0 0 0 0 0 0 1 1 0 0 0 0 0 0 0 0 1
135	25	 1 0 1 0 0 1 1 1 0 1 1 0 0 0 0 0 0 0 0 0
135	3	 0 0 0 0 0 0 0 1 1 1 0 0 1 0 0 1 0 0 0 0
135	3	 0 1 1 0 0 0 0 0 0 0 1 0 1 1 0 0 0 1 0 0
135	25	 1 0 1 1 0 0 0 0 0 1 1 0 1 0 1 0 0 0 0 0
135	1	 1 0 1 1 0 0 0 0 0 1 1 0 0 1 0 0 1 0 0 0
135	11	 1 0 0 1 1 0 1 1 1 0 1 1 1 0 0 0 0 0 0 0
135	9	 1 0 1 1 0 0 0 1 0 1 1 0 1 1 0 0 0 1 0 1
135	1	 0 1 1 1 0 0 1 1 1 0 1 1 1 0 0 0 0 1 0 1
135	1	 1 0 1 0 0 0 0 1 0 1 1 0 0 1 0 0 1 0 0 0
135	6	 1 1 0 1 1 1 1 1 1 1 1 0 0 1 1 0 0 0 1 0
135	2	 1 0 1 1 0 0 0 0 0 1 1 0 1 1 0 0 0 1 0 1
135	4	 1 0 1 0 0 0 0 0 0 1 1 1 1 0 1 0 0 0 0 1
135	3	 0 0 1 0 0 0 1 0 1 0 1 0 1 0 0 0 0 0 0 0
135	2	 0 0 1 0 0 0 0 1 0 1 1 0 0 1 0 0 0 0 0 0
135	7	 0 0 1 0 0 0 0 0 0 1 1 0 0 1 0 0 0 0 0 0
135	4	 0 0 1 0 0 0 0 1 0 0 1 1 1 0 0 1 0 0 0 0
135	9	 1 0 0 1 0 0 0 0 0 0 1 1 1 0 1 0 0 0 0 0
135	4	 1 0 1 0 0 1 1 1 0 1 1 0 1 0 0 0 0 0 0 0
135	1	 0 1 1 1 0 0 1 0 1 0 1 0 1 1 1 0 0 0 1 0
135	7	 1 0 1 0 0 0 0 1 0 1 1 0 0 1 0 0 0 0 1 0
135	3	 1 0 1 1 0 0 0 1 1 1 1 0 0 1 0 0 0 0 1 1
135	2	 0 0 1 0 0 0 1 1 1 1 1 0 0 1 0 0 1 0 0 0
135	13	 0 1 1 0 0 0 0 1 1 1 1 0 0 0 0 0 0 0 0 0
135	4	 0 1 0 0 0 0 0 1 1 1 1 0 0 1 0 0 0 0 0 0
135	11	 0 1 0 1 0 0 1 1 1 1 1 1 0 1 0 0 1 0 0 0
135	5	 1 1 0 1 0 0 0 0 0 1 1 0 1 1 0 0 0 0 0 0
135	9	 1 0 1 0 0 0 1 1 1 0 1 1 1 0 0 0 0 0 0 0
135	1	 1 1 0 1 0 0 1 1 1 1 1 0 0 1 0 1 1 0 0 0
135	4	 0 0 0 0 0 1 0 1 1 1 1 1 0 1 0 0 0 0 0 0
135	5	 1 0 1 0 0 1 1 1 0 1 1 1 0 0 0 0 0 0 0 0
135	7	 1 0 0 0 0 0 1 1 1 1 1 0 0 1 0 1 0 0 1 1
135	5	 0 0 0 1 0 0 1 1 1 1 1 0 0 0 0 0 0 0 0 0
135	6	 0 0 0 1 0 0 1 0 0 1 1 0 1 1 0 0 0 0 0 0
135	1	 0 1 1 1 0 0 1 1 1 0 1 0 0 1 1 0 0 0 0 0
135	5	 0 0 1 0 0 0 0 1 1 1 1 0 0 0 0 0 0 0 0 0
135	1	 1 0 0 1 1 0 1 1 1 1 1 0 1 1 0 0 0 0 0 0
135	1	 1 1 0 0 0 0 1 0 1 1 1 0 0 1 0 0 1 0 0 0
135	5	 1 0 1 0 0 0 1 1 1 0 1 1 1 0 0 0 1 0 0 0
135	7	 1 0 1 1 0 0 0 0 0 1 1 1 1 0 0 1 0 0 0 0
135	4	 1 0 1 1 0 0 0 0 0 1 1 0 0 1 0 0 0 0 0 0
135	1	 1 1 0 1 0 0 0 0 0 1 1 0 1 0 1 0 0 0 0 0
135	4	 1 1 0 1 0 0 1 1 1 1 0 0 0 1 1 1 1 0 0 0
135	6	 1 1 0 1 0 0 1 1 1 1 1 0 1 1 0 0 0 0 0 0
135	3	 0 1 1 1 0 0 0 0 0 1 1 0 1 1 0 0 0 0 0 0
135	7	 1 0 1 1 0 0 0 1 1 1 1 0 0 1 0 0 0 0 1 0
135	1	 0 0 0 0 0 0 1 1 1 1 1 0 0 1 0 0 0 0 0 1
135	3	 1 0 1 1 0 0 0 0 0 1 1 0 1 0 0 0 0 0 0 0
135	3	 1 0 1 1 1 0 0 0 0 1 1 0 1 0 1 0 0 0 0 0
135	3	 1 0 1 1 0 0 0 1 0 1 1 1 1 1 0 0 0 1 0 1
135	1	 1 0 1 0 0 0 0 0 0 1 1 0 0 0 0 0 0 0 0 0
135	1	 0 0 1 0 0 0 1 1 0 0 1 1 1 1 0 0 0 0 0 0
135	1	 0 0 1 0 0 0 0 1 1 1 1 0 0 1 0 0 0 0 0 0
135	1	 0 1 1 1 0 0 1 1 1 0 1 0 0 1 1 0 0 0 1 1
135	6	 1 0 1 1 0 0 1 0 1 0 1 0 0 1 1 0 0 1 0 0
135	2	 1 0 1 1 0 0 0 0 1 1 0 0 0 1 0 0 0 0 0 0
135	2	 1 1 0 1 0 0 1 1 1 0 1 1 1 0 0 0 0 1 0 0
135	1	 0 0 0 1 1 0 1 1 0 1 1 0 0 1 0 0 0 0 0 0
135	1	 1 0 0 1 1 0 1 1 0 1 1 0 0 1 0 0 0 1 0 0
135	1	 0 1 1 1 0 0 0 0 0 0 1 0 1 1 0 0 0 1 0 0
135	2	 1 0 1 0 0 0 0 1 0 0 1 0 0 1 0 0 1 0 0 0
135	2	 0 0 0 0 0 0 0 1 0 1 1 1 1 0 1 0 0 0 0 0
135	1	 1 0 1 0 0 0 0 1 1 1 1 0 0 1 0 0 1 0 0 0
135	1	 1 0 1 1 0 0 1 1 1 1 1 0 0 1 0 0 1 0 0 0
135	3	 1 0 1 0 0 0 0 0 0 1 1 0 0 1 0 0 1 0 0 0
135	4	 1 0 1 1 0 0 1 0 1 0 1 1 1 1 0 1 0 0 0 0
135	1	 1 0 1 1 0 0 0 1 0 1 1 1 1 1 0 0 0 1 0 0
135	1	 0 0 0 1 0 0 1 1 1 1 1 0 0 1 0 0 1 0 0 0
135	9	 1 1 0 0 0 0 1 1 1 1 1 0 0 1 0 1 1 0 0 0
135	3	 1 0 1 1 0 0 0 0 1 1 1 0 0 1 0 0 0 0 0 0
135	1	 1 0 1 1 1 0 0 0 0 1 1 0 1 1 0 0 0 0 1 0
135	3	 0 0 1 0 0 0 0 1 1 1 1 0 0 1 1 0 0 0 0 0
135	1	 1 0 1 0 0 1 1 1 1 1 1 0 0 1 0 0 1 0 0 0
135	3	 1 0 0 1 0 0 1 0 0 1 1 0 1 1 0 0 0 0 0 0
135	1	 1 0 1 0 0 0 1 0 0 1 1 0 0 0 0 0 0 0 0 0
135	3	 0 0 1 0 0 0 1 1 0 0 0 1 1 0 0 1 0 0 0 0
135	3	 1 1 0 1 0 0 1 1 1 1 1 0 0 1 0 0 0 1 0 0
135	5	 1 1 0 1 0 1 0 1 1 1 1 0 0 1 0 0 1 0 0 0
135	2	 1 0 0 0 0 1 1 1 0 1 1 0 0 0 0 0 0 0 0 0
135	1	 1 0 1 0 0 1 1 1 0 0 1 0 1 0 0 0 0 0 0 0
135	3	 0 0 1 0 0 0 1 0 0 0 1 1 1 1 0 0 0 0 0 0
135	3	 1 0 1 1 0 0 1 1 1 1 1 0 1 1 0 0 0 0 0 0
135	2	 1 1 0 1 1 1 1 1 1 1 1 0 0 1 1 0 0 0 0 0
135	1	 1 0 1 0 0 1 1 1 1 1 0 0 0 1 1 1 0 0 0 0
135	1	 0 0 1 1 0 0 0 0 0 1 0 0 0 1 1 1 0 0 1 0
135	1	 1 0 1 1 0 0 0 0 0 1 1 0 1 1 0 0 0 1 0 0
135	1	 1 1 1 0 0 0 1 1 1 1 1 0 0 1 0 0 1 0 0 0
135	1	 1 0 1 1 0 0 0 0 0 1 1 0 1 1 0 0 0 1 1 1
135	1	 0 1 0 1 0 0 1 1 1 1 1 0 0 1 0 0 1 0 0 0
250	37	 0 0 1 1 0 0 0 0 0 1 1 0 1 1 0 0 0 0 0 0
250	3	 1 0 1 1 0 0 0 0 0 1 1 1 1 0 0 1 0 0 0 0
250	142	 1 1 1 1 0 0 0 0 0 1 1 0 1 1 0 0 0 0 0 0
250	40	 1 1 1 1 0 0 0 0 1 1 1 0 0 1 0 0 0 0 0 0
250	15	 1 1 1 1 0 1 0 0 0 1 1 0 0 1 0 0 0 0 0 0
250	38	 1 0 1 1 0 0 1 0 0 1 1 0 1 1 0 0 0 0 0 0
250	55	 1 1 1 1 0 0 0 1 0 1 1 1 0 1 0 0 0 0 0 0
250	32	 1 1 1 1 0 1 0 0 1 1 1 0 0 1 0 0 0 0 0 0
250	18	 1 0 1 1 0 0 0 0 0 1 1 1 1 0 0 0 0 0 0 0
250	28	 0 0 1 1 0 0 0 0 1 1 1 0 1 1 0 0 0 0 0 0
250	4	 1 0 1 1 0 0 0 0 0 1 1 0 1 1 1 0 0 0 0 0
250	7	 1 0 1 1 0 0 0 0 0 1 1 0 1 1 0 1 1 0 0 0
250	5	 1 1 1 1 0 1 0 0 0 1 1 0 0 1 0 0 0 0 1 0
250	11	 1 1 1 1 0 0 0 0 1 1 1 0 1 1 0 1 0 0 0 0
250	17	 0 0 1 1 0 0 0 0 1 1 1 0 1 1 0 0 0 0 0 1
250	23	 1 1 1 1 0 0 1 0 0 1 1 0 1 1 0 0 0 0 0 0
250	8	 1 0 1 1 0 1 0 0 0 1 1 0 0 1 0 0 0 0 0 0
250	11	 1 0 1 0 0 1 1 1 0 1 1 0 0 0 1 0 0 0 0 0
250	18	 1 0 1 1 0 0 1 0 0 1 0 0 1 1 0 0 0 0 0 0
250	17	 0 0 1 1 0 0 0 0 0 1 1 1 0 1 0 0 0 0 0 0
250	10	 1 1 1 0 0 1 0 0 0 1 1 0 0 1 0 0 0 0 0 0
250	8	 1 1 1 1 1 0 0 0 0 1 1 0 1 1 0 0 0 0 0 0
250	18	 1 0 1 1 0 0 1 0 0 1 1 0 1 0 0 0 0 0 0 0
250	2	 1 0 1 1 0 0 0 0 1 1 1 0 1 1 0 1 1 0 0 0
250	33	 1 1 1 1 0 0 0 0 1 1 1 0 0 1 0 1 0 0 0 0
250	9	 1 1 1 1 0 1 0 0 1 1 1 0 1 1 0 1 0 0 0 0
250	11	 1 1 0 1 0 1 0 0 0 1 1 0 0 1 0 0 0 0 0 0
250	3	 1 0 1 1 0 0 0 0 0 1 1 0 1 0 0 0 0 0 0 0
250	17	 1 1 1 1 0 1 0 0 0 1 1 0 1 1 0 0 0 0 0 0
250	4	 1 0 0 1 0 0 0 0 1 1 1 0 0 1 0 0 0 0 0 0
250	25	 1 0 1 1 0 0 0 0 0 1 1 1 1 0 1 0 0 0 0 0
250	16	 1 1 1 0 0 1 0 0 0 0 1 0 0 1 0 0 1 0 0 0
250	5	 1 1 1 1 0 0 0 0 0 1 1 1 0 1 0 0 0 0 0 0
250	6	 1 1 1 1 0 0 0 0 0 1 1 0 1 1 0 1 0 0 0 0
250	5	 1 1 1 1 0 1 0 0 1 1 1 0 0 1 0 0 0 0 1 0
250	3	 1 1 1 1 0 0 1 1 0 1 1 0 0 1 0 0 0 0 0 0
250	13	 1 1 1 1 0 0 1 0 1 1 1 0 1 1 0 0 0 0 0 0
250	8	 1 0 1 1 0 0 1 0 0 1 1 0 1 1 0 1 0 0 0 0
250	5	 1 0 1 1 0 0 1 0 0 1 1 0 1 0 0 0 1 0 0 0
250	14	 1 1 1 1 0 0 0 0 1 1 1 1 0 0 1 0 0 0 0 0
250	14	 1 1 1 1 0 0 0 0 0 1 1 1 1 0 0 1 0 0 0 0
250	5	 1 1 1 1 0 1 0 0 1 1 1 0 0 1 0 1 0 0 0 0
250	2	 0 0 1 1 1 0 0 1 0 1 1 0 1 1 0 1 0 0 0 0
250	9	 1 1 1 1 0 0 0 0 0 1 1 0 1 1 0 0 0 1 0 0
250	7	 1 0 1 1 1 0 0 0 0 1 1 0 0 1 0 0 0 1 0 0
250	1	 1 1 1 1 1 0 0 0 1 1 1 0 0 1 0 0 1 0 0 0
250	1	 1 0 1 1 0 0 1 0 0 1 1 0 0 1 0 0 0 0 0 0
250	16	 1 1 1 1 0 0 0 0 1 1 1 0 1 1 0 1 0 0 0 1
250	9	 1 0 0 1 0 0 1 0 0 0 1 0 0 1 0 0 0 0 0 0
250	3	 1 0 1 1 0 0 1 0 0 1 1 0 1 1 0 0 0 1 0 0
250	4	 1 0 1 1 0 0 0 0 0 1 1 1 0 0 0 0 0 0 0 0
250	5	 1 0 1 1 1 0 0 0 1 1 1 0 1 1 0 1 1 0 0 0
250	9	 1 1 0 1 0 1 0 0 0 1 1 0 1 1 0 0 0 0 0 0
250	3	 1 0 1 1 0 0 1 0 0 1 1 0 0 1 0 1 0 0 0 0
250	5	 0 1 1 1 0 0 0 0 0 1 1 0 1 1 0 0 0 0 0 0
250	2	 1 1 1 0 0 1 0 0 0 0 1 0 0 1 0 0 0 0 0 0
250	1	 0 0 1 1 1 0 0 0 0 1 1 0 1 1 0 0 0 0 0 0
250	2	 1 1 1 1 1 0 0 1 0 1 1 1 0 1 0 0 0 0 0 0
250	2	 1 0 1 1 0 0 0 0 0 0 1 0 1 1 0 0 0 0 0 0
250	1	 1 1 1 1 0 0 0 0 0 1 1 0 1 1 1 0 0 0 0 0
250	3	 0 0 1 1 0 0 0 0 0 1 1 1 1 1 1 0 0 0 0 0
250	4	 0 0 1 1 0 0 0 0 0 1 1 1 1 0 1 0 0 0 0 0
250	1	 1 0 1 1 0 1 0 0 0 1 1 0 1 1 0 1 1 0 0 0
250	1	 0 0 1 1 0 0 0 0 1 1 1 0 0 1 0 0 0 0 0 0
250	9	 1 1 1 1 0 0 1 0 1 1 1 0 1 1 0 0 0 1 0 0
250	2	 1 1 1 1 0 0 0 0 1 1 1 1 0 0 1 0 0 0 0 1
250	3	 1 1 1 1 0 0 1 0 0 1 1 0 0 1 0 0 0 0 0 0
250	5	 1 1 1 1 0 0 0 0 0 1 1 0 1 0 0 0 0 0 0 0
250	1	 1 0 1 0 0 0 0 0 0 1 1 0 1 1 0 1 1 0 0 0
250	7	 1 1 1 1 0 0 0 0 1 1 1 1 0 0 1 0 0 1 0 0
250	2	 1 0 1 1 1 0 0 0 0 1 1 0 1 1 0 0 0 0 0 0
250	1	 1 0 1 0 0 1 0 0 0 0 1 0 0 1 0 0 0 1 0 0
250	5	 1 1 1 1 0 0 0 0 0 0 1 0 1 1 0 0 0 0 0 0
250	2	 0 1 1 1 0 1 0 0 0 1 1 0 1 1 0 0 0 0 0 0
250	1	 0 0 1 1 0 0 1 0 0 1 1 0 0 1 0 0 0 0 0 0
250	2	 1 0 1 1 0 0 0 1 0 1 1 1 0 1 0 0 0 0 0 0
250	4	 1 1 1 1 0 0 0 0 0 1 1 1 1 0 1 0 0 0 0 0
250	5	 0 0 1 1 0 0 1 0 0 1 1 0 1 0 0 0 0 0 0 0
250	1	 1 0 1 1 0 0 1 0 1 1 1 0 1 0 0 0 0 0 0 0
250	5	 1 1 1 1 0 1 0 0 1 1 1 0 1 1 0 0 0 0 0 0
250	7	 1 0 1 1 0 1 0 0 0 1 0 0 0 1 0 0 0 0 0 0
250	4	 1 0 1 1 0 0 1 0 0 1 0 0 1 1 0 0 0 0 0 1
250	3	 1 0 1 1 0 0 1 0 0 1 1 1 1 0 1 0 0 0 0 0
250	1	 1 1 1 1 1 0 0 0 0 1 1 1 1 0 0 1 0 0 0 0
250	3	 1 1 1 1 0 0 0 1 1 1 1 0 1 1 0 1 0 0 0 1
250	6	 0 1 1 1 0 0 0 0 0 1 1 0 1 0 0 0 0 0 0 0
250	2	 1 1 1 1 1 0 0 0 0 1 1 0 1 0 0 0 0 0 1 0
250	4	 1 1 1 1 0 0 1 0 0 1 1 0 1 0 0 0 0 0 1 0
250	5	 1 1 1 0 0 0 0 0 0 1 1 0 1 1 0 0 0 0 0 0
250	4	 1 1 1 1 0 0 0 0 1 1 1 0 1 1 0 0 0 0 0 0
250	5	 1 1 1 1 0 0 0 1 1 1 1 1 0 1 0 0 0 0 0 0
250	1	 0 0 1 1 0 0 0 0 1 1 1 0 1 1 1 0 0 0 0 0
250	1	 1 1 1 1 0 0 0 0 1 1 1 0 1 1 0 1 1 0 0 0
250	4	 1 1 1 1 0 0 1 0 0 0 1 0 0 1 0 0 0 0 0 0
250	1	 1 1 1 1 0 1 0 0 0 1 1 1 1 0 0 0 0 0 0 0
250	4	 1 0 1 1 0 0 0 0 1 1 1 0 1 1 0 1 0 0 0 1
250	4	 0 0 1 1 0 0 0 0 0 0 1 0 1 1 0 0 0 0 0 0
250	4	 1 1 1 1 0 0 0 0 1 1 1 0 0 1 0 0 0 1 0 0
250	4	 1 1 0 1 0 1 0 0 1 1 1 0 0 1 0 0 0 0 0 0
250	3	 1 1 1 1 0 0 1 0 1 1 1 0 0 1 0 1 0 0 0 0
250	1	 1 1 1 1 0 0 0 0 1 1 1 0 0 0 1 0 0 0 0 0
250	3	 1 1 1 1 0 0 0 0 1 1 1 1 0 0 1 0 0 0 1 1
250	1	 1 1 1 1 0 0 0 0 0 1 1 0 0 1 0 0 0 0 1 0
250	1	 1 1 1 1 0 0 1 0 0 1 0 0 0 1 0 0 0 0 0 0
250	1	 1 0 1 0 0 1 1 1 1 1 1 1 0 0 1 0 0 1 0 0
250	3	 1 1 1 0 0 0 0 0 1 1 1 0 1 1 0 0 0 0 0 0
250	1	 1 1 1 0 0 1 1 1 0 1 1 0 0 0 1 0 0 0 0 0
250	1	 1 1 1 1 0 1 0 0 0 1 1 0 0 1 0 1 0 0 1 0
250	2	 1 1 1 1 0 0 1 0 0 1 1 0 1 0 0 0 0 0 0 0
250	2	 1 1 0 1 0 0 0 0 0 0 1 0 1 1 0 0 0 0 0 0
250	1	 1 0 1 1 0 0 1 0 0 1 1 0 1 0 1 0 0 0 0 0
250	2	 1 1 1 1 0 0 0 1 1 1 1 0 0 1 0 1 0 0 0 0
250	1	 1 0 1 1 0 0 0 0 0 1 1 1 1 0 1 0 0 1 0 0
250	1	 0 0 0 1 0 0 0 0 1 1 1 1 1 0 0 0 0 0 0 0
400	9	 1 1 1 1 0 0 0 0 0 1 1 0 1 1 0 0 0 0 0 0
400	5	 1 1 1 1 0 0 0 0 0 1 1 0 1 0 0 0 0 0 0 0
400	15	 1 1 1 1 0 0 0 0 0 1 1 0 0 1 0 0 0 0 0 0
400	15	 1 1 1 1 0 0 0 0 1 1 1 1 0 1 0 0 0 0 0 0
400	7	 1 1 1 1 0 0 0 1 0 1 1 1 1 1 0 0 0 0 0 0
400	12	 1 1 1 1 1 0 0 0 0 1 1 1 1 0 1 1 0 0 0 0
400	23	 1 1 1 1 0 0 0 1 0 1 1 1 1 0 0 0 0 0 0 0
400	26	 1 1 1 1 0 0 0 1 0 1 1 1 1 1 1 0 0 0 0 0
400	28	 1 1 1 1 0 0 0 0 0 1 1 0 1 0 0 1 0 0 0 0
400	26	 1 1 1 1 0 0 0 0 0 1 1 0 1 0 1 0 0 0 0 0
400	18	 1 1 1 1 0 0 1 0 1 1 1 0 1 1 0 0 0 0 0 0
400	27	 1 1 1 1 0 0 1 0 0 1 1 0 0 1 0 0 0 0 0 0
400	1	 1 1 1 1 0 0 1 0 0 1 1 0 1 1 0 1 0 0 1 0
400	8	 1 0 1 0 0 1 0 1 0 1 1 0 1 1 1 1 0 0 0 0
400	46	 1 1 1 1 0 0 1 0 0 1 1 0 0 0 0 1 0 0 0 0
400	2	 1 1 1 1 0 0 0 0 0 1 1 1 0 1 0 0 0 0 0 0
400	52	 1 1 1 1 0 0 0 0 0 1 0 0 1 1 0 0 0 0 0 0
400	7	 1 1 1 1 0 1 0 0 0 0 0 1 1 1 0 0 0 0 0 0
400	5	 1 1 1 1 1 0 1 0 0 1 1 1 1 0 1 1 0 0 0 0
400	37	 1 1 1 1 0 0 1 0 0 1 0 0 1 1 0 0 0 0 0 0
400	1	 1 1 1 1 0 0 1 0 1 1 1 1 1 0 0 0 0 0 0 0
400	28	 1 1 1 1 0 0 0 1 0 1 1 1 1 0 1 0 0 0 0 0
400	2	 1 1 1 1 0 0 0 0 0 1 0 0 1 0 0 0 0 0 0 0
400	28	 1 1 1 1 1 0 0 0 0 1 1 0 1 0 1 0 0 0 0 0
400	18	 1 1 1 1 0 1 1 0 0 0 1 1 1 1 0 1 0 0 0 0
400	9	 1 0 1 1 0 0 1 0 1 1 1 0 1 1 0 0 0 0 0 0
400	20	 1 1 1 1 0 0 1 0 0 1 1 0 0 1 0 0 1 0 0 0
400	28	 1 1 1 1 0 0 0 0 0 1 1 1 1 0 1 1 0 0 0 0
400	1	 1 1 1 1 0 0 0 0 0 1 1 0 1 1 1 1 0 0 0 0
400	19	 0 1 1 1 0 1 1 0 0 1 0 0 0 0 0 0 0 0 0 0
400	7	 1 1 1 1 0 0 0 1 0 1 1 0 1 0 0 0 0 0 0 0
400	28	 0 1 1 0 0 0 0 0 1 1 1 0 1 1 0 0 0 0 0 0
400	9	 1 1 1 1 1 1 0 0 0 1 1 1 0 1 0 0 0 0 0 0
400	13	 1 1 1 1 0 0 0 0 0 1 1 0 1 0 0 0 0 1 0 0
400	8	 1 1 1 1 0 0 1 1 0 1 1 0 0 0 0 1 0 0 0 0
400	5	 1 1 0 1 0 0 0 0 0 1 1 0 1 0 1 0 0 0 0 0
400	5	 1 1 1 1 0 0 0 1 0 1 1 1 1 0 0 0 0 1 0 0
400	19	 1 1 1 1 0 0 0 0 0 1 1 0 0 0 0 1 0 0 0 0
400	11	 1 1 1 1 0 0 1 0 1 1 1 0 1 1 1 0 0 0 0 0
400	18	 1 1 1 1 0 0 1 0 1 1 1 0 1 1 0 0 0 0 0 1
400	2	 1 1 1 1 0 0 1 0 0 0 0 0 1 1 0 0 0 0 0 0
400	22	 1 1 1 1 0 0 1 0 0 1 1 0 1 0 1 0 0 0 0 0
400	4	 1 1 1 1 0 0 0 0 0 1 0 0 1 1 1 0 0 0 0 0
400	9	 1 1 1 1 0 1 0 0 0 1 1 0 1 0 0 1 0 0 0 0
400	3	 1 1 1 1 0 0 0 1 0 1 1 1 1 1 1 1 0 0 0 0
400	16	 1 1 1 1 1 0 0 1 1 1 1 1 1 0 0 0 0 0 0 0
400	9	 1 1 1 1 0 1 1 0 0 0 1 1 1 1 0 0 0 0 1 0
400	26	 1 1 1 1 0 0 0 0 0 1 1 1 0 0 1 1 0 0 0 0
400	4	 1 1 1 1 0 0 1 1 1 1 1 0 1 1 0 0 0 0 0 1
400	2	 1 1 1 1 0 0 0 0 0 1 1 0 0 1 1 1 0 0 0 0
400	4	 1 1 1 1 0 0 0 1 0 1 1 1 0 0 0 0 0 0 0 0
400	5	 1 1 1 1 0 0 0 0 0 1 1 1 1 0 1 0 0 0 0 0
400	14	 1 1 1 1 0 0 1 0 0 1 1 1 1 1 0 0 0 0 0 0
400	2	 1 1 1 1 0 0 0 0 1 1 1 0 1 1 0 0 0 1 0 0
400	10	 1 1 1 1 1 0 0 0 0 1 1 1 0 0 1 1 0 0 0 0
400	7	 0 1 1 1 0 0 1 0 1 1 1 0 1 1 0 0 0 0 0 0
400	3	 1 1 1 0 0 0 0 0 0 0 1 0 1 0 1 0 0 1 0 0
400	4	 1 1 1 1 0 0 1 0 0 1 1 1 1 1 0 1 0 0 0 0
400	1	 0 0 1 1 0 0 0 0 0 1 1 0 1 0 0 1 0 0 0 0
400	7	 0 0 1 0 0 0 1 0 0 1 1 0 1 1 0 0 0 1 0 0
400	2	 1 1 1 1 0 0 0 0 1 1 1 0 0 1 0 0 1 0 0 0
400	2	 1 1 1 1 0 0 0 0 0 1 1 0 1 0 1 0 1 0 0 0
400	7	 1 1 1 1 0 0 1 0 0 1 0 0 1 1 0 0 0 0 0 1
400	9	 1 1 1 1 0 0 0 0 0 1 1 0 1 1 0 1 0 0 0 0
400	7	 1 1 1 1 0 0 1 0 0 1 1 0 1 0 1 0 0 1 0 0
400	10	 1 1 1 1 0 0 1 0 0 1 1 0 0 1 1 1 0 0 0 0
400	4	 1 1 1 1 0 0 0 1 0 1 1 0 1 1 0 1 0 0 1 0
400	2	 1 1 0 1 0 0 0 0 1 1 1 0 1 1 0 0 0 1 0 0
400	2	 1 1 1 1 0 1 0 0 0 1 1 0 0 1 0 0 0 0 0 0
400	5	 1 1 1 1 0 0 0 1 0 1 1 1 1 0 0 1 0 0 0 0
400	2	 1 1 1 1 1 0 0 0 0 1 1 0 1 0 1 1 0 0 0 0
400	2	 0 1 1 1 0 0 0 1 0 1 1 1 1 0 0 0 0 0 0 0
400	4	 1 1 1 1 0 1 0 0 1 1 1 0 1 1 0 0 0 0 0 1
400	5	 1 1 1 1 0 0 0 1 0 1 1 1 1 0 0 0 0 0 0 1
400	12	 1 1 1 1 0 1 0 0 1 0 0 1 1 1 0 0 0 0 0 0
400	1	 1 1 1 1 0 1 0 0 0 0 1 1 1 1 0 1 0 0 0 0
400	7	 1 1 1 1 0 0 1 1 0 0 1 0 0 0 0 1 0 0 0 0
400	4	 1 1 1 1 0 0 1 0 0 1 1 0 1 0 0 1 0 0 0 0
400	3	 0 1 1 1 0 0 0 0 0 1 1 0 0 0 0 1 0 0 0 0
400	3	 1 1 1 1 0 0 1 0 0 1 0 0 1 1 0 0 1 0 0 0
400	2	 1 1 1 1 0 0 0 0 0 1 1 0 1 0 0 1 0 0 1 0
400	1	 1 1 1 1 0 0 0 0 0 1 1 0 1 1 0 1 0 0 1 0
400	1	 1 1 1 1 0 0 0 0 0 1 0 0 1 1 0 1 0 0 0 0
400	3	 1 1 1 1 0 0 1 0 1 1 1 1 1 0 0 0 0 0 1 0
400	1	 1 0 1 0 0 1 0 1 0 1 1 0 1 1 0 0 0 0 0 0
400	2	 0 1 1 0 0 0 0 0 0 1 1 0 1 0 0 0 0 0 0 0
400	1	 1 0 1 0 0 0 0 1 0 1 1 0 1 1 1 1 0 0 0 0
400	2	 1 1 1 1 0 1 1 0 0 0 1 1 1 0 0 1 0 0 0 0
400	6	 1 1 1 1 0 0 1 0 1 0 1 0 0 1 0 0 0 0 0 0
400	2	 0 0 1 1 0 0 0 0 0 1 1 1 1 0 0 1 0 0 0 0
400	4	 1 1 1 1 0 0 0 0 0 1 0 0 1 1 0 0 0 0 0 1
400	2	 1 1 1 1 0 0 0 0 0 1 1 0 1 0 1 0 0 1 0 0
400	1	 1 1 1 1 0 0 1 1 0 1 1 1 1 1 1 0 0 0 0 0
400	1	 1 1 1 1 0 0 0 1 0 1 1 0 1 1 1 1 0 0 0 0
400	3	 1 1 1 1 0 0 1 0 1 1 1 0 1 1 0 0 0 1 0 0
400	3	 1 1 1 1 0 0 0 0 0 1 1 1 1 0 1 1 0 0 1 0
400	1	 1 1 1 1 0 0 1 1 0 1 1 0 0 0 0 0 0 0 0 0
400	3	 1 1 1 1 1 0 0 1 1 1 1 1 1 0 0 0 0 1 0 0
400	1	 1 1 1 1 0 0 1 0 0 1 1 1 1 0 1 0 0 0 0 0
400	3	 1 1 1 1 0 0 1 0 1 1 1 0 1 0 1 0 0 0 0 0
400	2	 1 1 1 1 1 0 0 0 0 1 1 0 0 1 0 0 1 0 1 0
400	5	 0 1 1 1 0 0 0 1 0 1 1 0 1 1 0 0 0 0 0 0
400	1	 1 1 1 1 0 0 1 0 0 1 0 0 1 1 0 0 0 0 1 0
400	3	 1 1 1 1 1 0 0 1 0 1 1 1 1 0 1 0 0 0 0 0
400	1	 1 1 1 1 0 0 0 0 0 1 0 1 1 0 1 1 0 0 0 0
400	2	 0 1 1 0 0 0 0 0 1 1 0 0 1 1 0 0 0 0 0 0
400	5	 0 1 1 1 0 0 1 0 0 1 1 0 1 0 0 1 0 0 0 0
400	4	 0 1 1 1 0 0 0 0 0 1 1 0 0 0 0 1 0 0 1 0
400	1	 1 1 1 1 0 0 1 0 0 0 1 0 1 0 1 0 0 1 0 0
400	2	 1 1 1 1 0 0 1 0 0 1 0 0 1 1 0 0 0 1 0 0
400	4	 1 1 1 1 0 1 0 0 0 1 1 0 1 0 1 0 0 0 0 0
400	2	 1 1 1 1 0 0 0 1 0 1 1 0 1 0 0 1 0 0 0 0
400	1	 1 1 1 1 0 0 1 0 1 1 0 0 1 1 0 0 0 0 0 0
400	2	 1 1 1 1 0 0 0 0 0 1 0 1 1 1 0 0 0 0 0 0
400	3	 1 1 1 1 0 1 1 0 0 1 0 0 1 1 0 0 0 0 0 0
400	2	 1 1 1 1 0 0 0 1 0 1 1 0 0 0 0 0 0 0 0 0
400	1	 0 1 1 1 0 0 0 0 1 1 1 0 1 1 0 0 0 0 0 0
400	4	 1 1 1 1 0 0 1 0 0 1 1 1 1 0 0 1 0 0 0 0
400	1	 1 1 1 1 0 1 0 1 1 1 1 0 1 1 0 0 0 0 0 1
400	1	 1 1 1 1 0 0 0 0 0 1 1 1 0 0 0 1 0 0 0 0
400	2	 1 1 1 1 0 0 1 0 0 1 1 0 1 1 0 0 0 1 0 0
400	2	 1 1 1 1 0 0 1 0 0 1 1 1 0 0 1 1 0 0 0 0
400	1	 1 1 1 1 0 0 1 0 1 1 1 0 0 1 0 0 0 0 0 0
400	1	 1 1 1 1 0 0 1 0 0 1 1 0 0 0 0 0 0 0 0 0
400	1	 1 0 1 0 0 1 0 1 1 1 1 0 1 1 1 1 0 0 0 0
400	1	 1 1 1 1 0 1 0 1 0 1 1 1 1 0 1 0 0 0 0 0
400	1	 1 1 1 1 1 0 0 0 0 1 1 0 1 0 1 0 0 1 0 0
400	1	 1 1 1 0 0 0 1 0 1 1 1 0 1 1 1 0 0 0 0 0
400	2	 1 1 1 1 0 0 1 0 1 1 1 0 1 1 0 0 0 1 0 1
400	1	 1 1 1 1 0 1 1 0 0 1 1 0 1 0 0 1 0 0 0 0
400	1	 1 1 1 0 0 0 0 0 0 0 1 1 1 0 1 0 0 1 0 0
400	2	 1 1 1 1 1 0 0 0 1 1 1 0 1 0 1 1 0 0 0 0
400	1	 1 1 1 1 0 1 0 0 0 0 1 1 0 1 0 1 0 0 0 0
590	24	 1 1 1 1 0 0 0 0 0 1 0 0 1 1 0 0 0 0 0 0
590	28	 1 1 1 1 0 0 1 0 0 1 1 1 1 1 1 0 0 0 0 0
590	24	 1 1 1 1 0 0 0 0 0 1 1 1 1 0 1 0 0 0 0 0
590	21	 1 1 1 1 0 0 1 0 0 1 1 0 1 0 1 0 0 0 0 0
590	6	 1 1 1 1 0 0 0 1 0 1 1 1 1 1 1 0 0 0 0 0
590	11	 1 1 1 0 0 1 0 1 0 0 1 1 1 0 1 0 0 0 0 0
590	22	 1 1 1 1 0 0 1 0 0 1 1 1 0 0 0 1 0 0 0 0
590	15	 1 1 1 1 0 0 1 1 0 1 1 1 0 0 0 0 0 0 0 0
590	44	 1 1 1 1 0 0 1 0 0 1 1 0 0 0 0 0 0 0 0 0
590	4	 1 1 1 1 0 0 1 0 1 1 1 1 0 0 0 0 0 0 0 0
590	51	 1 1 1 1 0 0 1 0 0 1 1 1 0 0 0 0 0 0 0 0
590	64	 1 1 1 1 0 0 1 0 1 1 1 1 1 0 0 0 0 0 0 0
590	11	 1 1 1 1 1 0 0 0 0 1 1 0 1 1 0 0 0 0 0 0
590	5	 1 1 1 1 0 0 1 0 0 1 0 0 1 1 0 1 0 0 0 0
590	19	 1 1 0 1 0 0 0 1 0 1 1 1 0 0 0 0 0 0 0 0
590	36	 1 1 1 1 0 0 1 0 0 1 1 1 1 0 0 0 0 0 0 0
590	1	 1 1 1 1 0 0 0 0 1 1 1 1 1 0 0 0 0 0 0 0
590	18	 1 0 1 1 0 0 1 0 0 1 1 1 0 1 1 0 0 0 0 0
590	2	 1 1 1 0 0 1 0 1 0 0 1 0 1 0 1 0 0 0 0 0
590	13	 1 1 1 1 0 0 1 0 0 1 0 0 1 1 0 0 0 0 0 0
590	20	 1 1 1 1 0 0 0 0 0 1 1 0 1 1 0 0 0 0 0 0
590	2	 1 1 1 1 1 1 1 0 0 1 0 0 1 0 1 0 1 0 1 0
590	2	 1 0 1 1 0 0 0 0 1 1 1 1 1 0 0 0 0 0 0 0
590	9	 1 1 1 1 0 1 1 0 0 1 1 0 1 0 1 0 1 0 1 0
590	18	 1 1 1 1 0 0 1 1 0 1 1 1 1 1 1 0 0 0 1 0
590	15	 1 1 1 1 0 0 1 0 0 1 1 0 0 0 0 1 0 0 1 1
590	12	 1 1 1 1 1 1 1 0 1 1 1 1 1 0 0 0 0 0 0 0
590	22	 1 1 1 0 0 1 0 0 0 1 0 0 1 1 1 0 0 0 0 0
590	17	 1 1 1 1 0 0 1 0 1 1 1 1 1 0 1 0 0 0 0 0
590	2	 1 1 1 1 0 0 0 0 1 1 1 0 1 0 1 0 0 0 0 0
590	15	 1 1 1 1 0 0 0 0 0 1 1 0 1 1 0 1 0 0 0 0
590	2	 1 1 1 0 0 1 0 0 0 1 1 1 1 0 0 0 0 0 0 0
590	14	 1 1 1 1 0 0 0 0 0 1 1 0 0 0 1 0 0 0 0 1
590	14	 1 1 1 1 0 0 1 0 0 1 1 1 1 1 0 0 0 0 0 0
590	7	 1 1 1 1 0 0 1 0 1 1 1 0 0 0 0 0 0 0 0 0
590	4	 1 1 1 1 0 0 0 0 0 1 1 1 1 0 0 0 0 0 0 0
590	14	 1 1 1 1 0 1 1 0 0 1 1 0 1 1 1 1 0 0 0 1
590	2	 1 1 1 1 0 0 1 0 0 1 1 0 1 1 0 0 0 0 0 0
590	7	 1 1 1 1 1 0 0 0 0 1 1 0 1 1 0 0 0 1 0 0
590	4	 1 1 1 0 0 1 0 1 0 0 1 1 1 0 1 0 0 1 0 0
590	5	 1 1 1 1 0 0 1 0 0 0 1 0 1 0 1 0 0 0 0 0
590	6	 1 1 1 1 0 0 1 1 0 1 1 0 0 0 0 0 0 0 0 0
590	9	 1 1 1 1 1 0 0 0 1 1 1 1 1 0 0 0 0 0 0 0
590	23	 1 1 1 0 0 1 1 1 0 0 1 1 1 0 1 0 0 0 0 0
590	1	 0 1 1 1 0 0 1 0 0 1 1 0 0 0 0 1 0 0 0 0
590	7	 1 1 1 1 0 0 0 0 0 1 1 0 1 1 0 0 0 0 0 1
590	6	 1 1 1 1 0 0 1 0 0 1 1 0 1 1 1 1 0 0 0 1
590	3	 1 1 1 1 0 0 0 1 1 1 1 1 1 1 1 0 0 0 0 0
590	7	 1 1 1 1 0 0 0 0 0 1 1 0 0 0 0 1 0 1 0 0
590	9	 1 1 1 1 0 0 1 0 1 0 1 0 1 0 1 0 0 0 0 0
590	3	 1 1 1 1 0 0 1 0 0 1 0 1 0 0 1 0 0 0 0 0
590	8	 1 1 1 1 0 0 0 0 0 1 0 0 1 1 0 1 0 0 0 0
590	19	 1 1 1 1 0 0 1 1 0 1 1 0 1 1 0 1 0 0 0 0
590	19	 1 1 1 1 0 0 1 0 1 1 1 1 1 1 1 0 0 0 0 0
590	1	 1 1 1 1 0 0 1 0 0 1 1 0 0 0 0 0 1 0 0 0
590	16	 1 1 1 1 0 0 0 0 1 1 1 1 0 0 0 0 0 0 0 0
590	7	 1 1 1 1 1 1 0 0 0 1 1 0 1 1 0 0 0 0 0 0
590	7	 1 1 1 1 0 0 1 0 0 1 1 0 0 1 0 0 0 0 0 0
590	6	 1 1 1 1 0 0 1 0 0 1 1 0 1 1 1 0 0 0 0 0
590	6	 1 1 1 1 0 0 0 0 1 1 1 1 1 1 1 0 0 0 1 0
590	1	 1 1 1 1 0 0 0 1 0 1 1 1 0 0 0 0 0 0 0 0
590	2	 1 1 1 1 0 0 1 0 1 1 1 1 1 0 0 1 0 0 0 0
590	11	 1 0 1 1 0 0 1 0 0 1 1 1 0 0 0 0 0 0 0 0
590	3	 1 1 1 0 0 0 1 1 0 1 1 1 0 0 0 0 0 0 0 0
590	4	 1 1 1 1 0 1 1 0 0 1 1 1 1 0 0 0 0 0 0 0
590	15	 1 1 1 1 0 0 0 0 0 1 1 0 0 0 1 0 0 0 0 0
590	6	 1 1 1 0 0 1 0 1 0 0 1 1 1 0 0 0 0 0 0 0
590	10	 1 1 1 1 0 0 0 0 0 1 1 1 1 1 1 0 0 0 0 0
590	5	 1 1 1 1 0 1 0 0 0 1 1 0 1 1 0 0 0 0 0 1
590	3	 1 1 1 0 0 0 1 0 0 1 1 1 1 1 1 0 0 0 0 0
590	3	 1 0 1 1 0 0 1 0 0 1 1 1 1 1 1 0 0 0 0 0
590	6	 1 1 1 1 0 0 1 1 0 1 1 0 1 0 1 0 0 0 0 0
590	3	 1 1 1 1 0 0 0 0 0 1 1 0 0 0 0 0 0 1 0 0
590	5	 1 1 1 0 0 0 1 0 1 1 1 1 1 0 0 0 0 0 1 0
590	8	 1 1 1 1 1 1 1 0 1 0 1 1 1 0 1 0 0 0 0 0
590	6	 1 1 1 1 0 0 0 0 0 1 1 0 0 1 0 1 0 0 0 0
590	8	 1 1 1 1 1 0 0 0 0 1 1 0 1 1 0 1 0 1 0 0
590	2	 1 1 1 1 0 0 0 1 0 1 1 1 0 0 0 0 0 1 0 0
590	4	 1 1 0 1 0 1 0 1 0 1 1 1 1 1 1 0 0 0 1 0
590	2	 0 1 1 1 0 0 1 0 0 1 0 1 0 0 1 1 0 0 0 0
590	4	 1 1 1 1 0 0 1 0 0 1 1 1 1 1 1 0 0 0 1 0
590	3	 1 1 1 0 0 1 0 0 0 1 0 0 1 1 1 0 1 0 0 0
590	1	 1 1 1 0 0 1 1 0 0 1 0 0 1 1 1 0 0 0 0 0
590	9	 1 1 1 1 1 1 1 0 0 1 0 0 1 1 1 0 0 0 0 0
590	1	 1 1 0 1 0 0 0 1 0 1 1 1 1 1 1 0 0 0 0 0
590	2	 1 1 1 1 0 0 0 1 0 1 0 1 1 1 1 0 0 0 0 0
590	7	 0 1 1 1 0 0 1 1 0 1 1 1 0 0 0 0 0 0 0 0
590	4	 1 1 1 1 0 0 1 1 0 1 0 1 0 0 0 0 0 0 0 0
590	2	 1 1 1 1 1 1 1 0 0 0 0 0 1 0 1 0 1 0 1 0
590	9	 1 1 1 1 0 0 1 0 0 1 1 0 1 1 0 1 0 0 0 0
590	4	 1 1 1 0 0 1 0 1 0 0 0 1 1 0 0 0 0 0 0 0
590	2	 1 1 1 1 0 0 1 0 1 1 1 0 1 0 1 0 0 0 0 0
590	1	 1 1 1 1 0 0 1 0 0 1 1 0 0 0 0 1 0 0 0 0
590	1	 1 0 1 1 0 1 1 0 0 1 1 1 0 1 1 0 0 0 0 0
590	2	 1 1 1 1 0 0 0 0 0 1 1 0 1 1 0 0 0 0 1 1
590	3	 1 1 1 1 0 0 1 1 0 1 1 1 1 0 0 0 0 0 0 0
590	1	 1 1 1 1 0 0 1 0 0 0 1 1 1 0 1 0 0 0 0 0
590	3	 1 1 1 1 0 0 1 0 0 1 1 1 0 0 1 0 0 0 0 0
590	2	 1 1 1 1 0 0 1 0 0 1 1 1 0 0 0 0 0 0 0 1
590	3	 1 1 1 1 0 0 0 0 0 1 1 1 1 0 1 0 0 0 0 1
590	4	 1 1 1 1 0 1 0 1 0 1 1 1 1 1 1 0 0 0 0 0
590	1	 1 1 1 1 0 0 1 1 0 1 1 1 0 0 0 0 0 0 1 0
590	1	 1 1 1 1 0 0 1 0 0 1 1 0 0 0 0 0 0 1 0 0
590	3	 1 1 0 1 0 0 0 1 0 1 1 1 0 0 0 0 0 1 0 0
590	1	 1 1 0 1 0 0 0 0 0 1 1 0 1 1 0 0 0 0 0 0
590	1	 0 1 1 1 0 0 1 1 0 1 1 1 1 1 1 0 0 0 1 0
590	3	 1 1 1 1 0 0 0 0 0 1 1 0 1 0 0 1 0 0 0 0
590	1	 1 1 1 1 0 1 0 1 0 0 1 1 1 0 1 0 0 1 0 0
590	5	 1 1 1 1 1 1 1 1 1 0 1 1 1 0 1 0 0 0 0 0
590	2	 1 1 1 1 0 0 0 0 0 1 0 0 1 1 1 0 0 0 0 0
590	2	 1 1 1 1 0 0 0 0 0 1 0 1 0 0 1 1 0 0 0 0
590	2	 1 1 1 1 0 0 1 1 0 1 1 0 1 0 0 0 0 0 0 0
590	2	 1 1 1 1 0 0 1 0 0 1 1 0 0 1 1 0 0 0 0 0
590	1	 0 1 1 1 0 0 0 0 0 1 0 0 1 1 0 0 0 0 0 0
590	1	 1 1 0 1 0 0 1 0 0 1 1 1 1 1 1 0 0 0 0 0
590	1	 1 1 1 1 0 0 1 0 0 1 1 1 1 0 1 0 0 0 0 0
590	2	 1 1 1 1 0 0 1 0 0 1 1 0 0 0 0 0 0 0 1 0
590	2	 1 1 1 1 1 0 1 0 0 1 1 1 0 0 0 0 0 0 0 0
590	1	 1 1 1 1 0 0 1 1 1 1 1 1 1 0 0 0 0 0 0 0
590	1	 1 0 1 1 0 0 1 0 1 1 1 1 1 0 1 0 0 0 0 0
590	1	 0 1 1 1 0 0 0 0 0 1 1 0 0 0 1 0 0 0 0 1
590	2	 0 1 1 1 0 0 1 0 0 1 0 1 0 0 1 0 0 0 0 0
720	15	 1 1 1 1 0 0 1 0 1 1 1 1 1 0 0 0 0 0 0 0
720	64	 1 1 1 1 0 0 1 0 0 1 0 0 1 1 0 1 0 0 0 0
720	10	 1 1 1 1 0 0 1 0 1 1 1 1 1 0 1 0 0 0 0 0
720	31	 1 1 1 1 0 0 0 0 0 1 1 0 1 1 0 1 0 0 0 0
720	12	 1 1 1 1 1 1 1 0 1 0 1 1 1 0 1 0 0 0 0 0
720	16	 1 1 1 0 1 1 1 0 0 1 0 0 1 1 1 1 0 0 0 0
720	9	 1 1 1 1 1 1 1 0 1 0 0 1 1 0 1 0 0 0 0 0
720	6	 1 1 1 1 1 0 1 0 0 1 1 1 1 0 1 0 0 0 0 0
720	3	 1 1 1 1 0 1 0 1 0 0 1 0 1 1 0 0 0 0 0 0
720	8	 1 1 0 1 0 0 1 0 0 1 1 1 1 0 0 0 0 0 0 0
720	45	 1 1 1 1 1 1 1 0 0 1 0 0 1 1 1 1 0 0 0 0
720	7	 1 1 1 1 1 1 1 0 1 0 1 1 1 1 0 1 0 0 0 0
720	22	 1 1 1 1 0 1 1 0 1 0 0 1 1 0 1 0 0 0 0 0
720	1	 1 1 1 1 0 0 1 1 0 1 0 1 1 0 0 0 0 0 0 0
720	13	 1 1 1 0 1 0 1 0 0 1 1 1 1 0 1 0 0 0 0 0
720	3	 1 0 1 1 1 1 1 0 1 1 1 1 1 0 1 0 0 0 0 0
720	2	 1 0 1 1 0 0 1 0 0 0 1 1 1 0 1 0 0 0 0 0
720	1	 1 1 1 1 0 0 1 0 0 1 0 0 1 1 1 1 0 0 0 0
720	11	 0 1 1 1 1 0 1 0 1 0 1 1 1 0 1 0 0 0 0 0
720	5	 0 1 1 1 0 0 1 0 1 1 1 1 1 0 1 0 0 0 0 0
720	16	 1 1 1 0 1 1 1 0 1 1 0 0 1 1 1 1 0 0 0 0
720	2	 1 1 1 1 1 1 1 0 1 1 0 0 1 1 1 1 0 0 0 0
720	17	 0 1 1 1 1 1 1 0 0 1 0 0 1 1 1 0 0 0 0 1
720	20	 1 1 1 1 1 1 1 0 1 1 1 1 1 0 1 0 0 0 0 0
720	43	 1 1 0 1 1 1 1 0 1 0 0 1 1 0 1 0 0 0 0 0
720	20	 1 1 1 1 0 0 0 0 0 1 0 1 1 0 0 1 0 0 0 0
720	3	 1 1 1 1 0 0 0 0 0 1 1 0 1 0 1 1 0 0 0 0
720	20	 1 1 1 1 0 0 1 1 0 1 0 0 1 1 1 1 0 0 0 0
720	5	 1 1 1 1 0 1 1 0 0 1 0 0 1 0 1 0 0 0 0 0
720	10	 1 1 1 0 0 1 1 0 0 1 0 0 1 1 1 0 0 0 0 1
720	2	 1 1 1 1 1 0 1 0 0 1 1 1 0 0 0 0 0 0 0 0
720	7	 1 1 1 1 1 1 1 0 0 1 1 1 1 1 1 0 0 0 0 1
720	7	 1 1 1 1 1 1 1 0 0 1 0 0 1 1 1 1 0 1 0 0
720	5	 1 1 1 1 0 0 1 0 0 1 1 0 1 1 0 1 0 0 0 0
720	8	 1 1 1 1 1 1 1 0 1 1 0 0 1 1 0 0 0 0 0 0
720	4	 1 1 1 1 1 1 1 0 0 1 0 1 1 1 1 0 0 0 0 0
720	21	 1 1 0 1 0 0 1 0 1 1 1 1 1 0 0 0 0 0 0 0
720	7	 1 1 1 1 0 1 1 0 1 0 1 1 1 1 0 1 0 0 0 0
720	19	 1 1 1 1 1 1 1 0 0 1 0 0 1 0 1 0 0 0 0 0
720	7	 1 1 1 1 1 1 1 0 1 1 0 0 1 1 1 0 0 0 0 0
720	14	 1 1 1 1 1 0 1 0 1 1 1 0 1 0 0 1 0 0 0 0
720	5	 1 1 1 1 0 0 0 0 0 1 1 1 1 0 0 0 0 0 0 0
720	15	 1 1 1 1 0 1 1 0 1 0 0 1 1 0 0 0 0 0 0 0
720	1	 1 1 1 1 0 0 1 0 1 1 1 1 1 0 1 0 1 0 0 0
720	10	 1 1 1 1 1 0 0 0 0 1 1 1 1 0 0 0 0 0 0 0
720	8	 1 1 1 1 0 0 0 0 0 1 1 0 1 0 1 1 0 0 0 1
720	1	 1 1 1 1 1 1 1 0 1 1 0 0 1 1 0 0 0 1 0 0
720	2	 0 1 1 1 1 1 1 0 0 1 0 1 1 0 0 1 0 1 0 0
720	3	 1 0 1 1 0 1 1 0 1 0 0 1 1 0 1 0 0 0 0 0
720	1	 1 1 1 1 1 1 1 0 0 1 0 0 1 0 0 1 0 0 0 0
720	7	 1 0 1 1 1 0 1 0 0 1 1 1 1 0 1 0 0 0 0 0
720	8	 1 1 1 1 1 1 1 0 1 1 1 1 1 0 0 0 0 0 0 0
720	6	 1 1 1 1 0 1 1 0 1 1 0 1 1 0 1 0 0 0 0 0
720	8	 1 1 1 1 1 1 1 0 1 1 1 0 1 0 0 0 0 0 0 0
720	3	 1 0 1 1 1 1 1 0 0 1 0 0 1 0 1 0 0 0 0 0
720	8	 1 1 1 1 0 0 1 0 1 1 1 0 1 0 0 0 1 0 0 0
720	2	 1 0 1 0 0 0 1 0 0 0 0 1 1 0 1 0 0 0 0 0
720	3	 1 1 1 1 0 1 1 0 1 0 0 0 1 1 0 0 0 0 0 0
720	5	 1 1 1 0 1 1 1 0 0 1 0 0 1 1 1 1 0 1 0 0
720	1	 1 1 1 1 1 0 0 0 1 1 1 1 1 0 0 0 0 0 0 0
720	1	 1 1 0 1 1 1 1 0 1 0 0 1 1 0 1 0 0 1 0 0
720	10	 1 1 1 1 0 1 1 0 1 1 0 1 0 0 1 0 1 0 0 0
720	17	 1 1 1 1 0 0 1 0 1 1 1 1 1 0 1 0 0 0 0 1
720	4	 1 1 1 1 0 1 1 0 1 0 0 1 1 0 1 1 0 0 0 0
720	4	 1 1 1 1 1 0 1 0 0 1 1 1 0 0 0 0 0 0 0 1
720	1	 1 1 1 1 0 0 1 0 0 1 0 0 1 0 1 0 0 0 0 0
720	9	 0 1 1 1 0 1 1 0 0 0 1 1 1 0 1 0 0 0 0 0
720	8	 1 1 1 1 0 0 1 0 0 0 1 0 1 1 0 0 0 0 1 0
720	1	 1 1 0 1 0 1 1 0 0 1 1 1 1 0 0 0 1 0 0 0
720	8	 1 1 0 1 0 1 1 0 0 1 0 0 1 1 1 1 0 0 0 0
720	2	 1 1 1 1 0 1 1 0 0 1 0 1 1 0 0 1 0 0 0 0
720	1	 1 0 1 1 0 0 0 0 0 1 1 0 1 0 1 1 0 0 0 0
720	5	 1 1 1 1 1 0 1 0 0 1 1 1 1 0 0 0 0 0 0 0
720	11	 1 1 1 1 1 1 1 0 0 0 0 1 1 1 1 0 0 0 0 0
720	13	 1 1 1 1 0 0 1 0 0 1 1 0 1 0 1 1 0 0 0 1
720	19	 1 1 1 1 0 1 1 0 1 1 1 1 1 0 1 0 0 0 0 0
720	2	 1 1 0 0 1 1 1 0 0 1 0 0 1 1 1 1 0 0 0 0
720	3	 1 1 1 1 1 0 1 0 1 1 1 1 1 0 1 0 0 0 0 0
720	8	 1 1 1 0 1 1 1 0 1 0 0 0 1 1 1 1 0 0 0 0
720	2	 1 0 1 1 1 0 1 0 0 1 1 1 1 0 1 1 0 0 0 0
720	4	 1 1 1 1 0 0 1 0 1 0 0 1 1 0 1 0 0 0 0 0
720	11	 1 1 1 1 1 1 1 0 0 1 1 1 1 0 1 0 0 0 0 0
720	15	 1 1 1 1 0 0 1 0 0 1 0 0 1 1 0 1 1 0 0 0
720	9	 1 1 1 0 1 1 1 0 0 1 0 0 1 1 1 1 0 0 0 1
720	7	 1 1 1 1 0 0 0 0 0 1 1 1 1 1 0 0 0 0 0 0
720	7	 1 1 1 1 0 0 1 0 0 1 0 0 1 0 1 1 0 0 0 0
720	6	 1 1 1 1 0 1 1 0 0 1 0 1 1 0 1 0 0 0 0 0
720	13	 1 1 0 1 1 1 1 0 1 0 0 1 1 0 1 0 0 0 0 1
720	2	 1 1 1 1 0 0 1 0 0 1 1 0 1 0 1 1 0 0 1 0
720	1	 1 1 1 1 1 1 1 0 1 1 1 0 1 0 0 0 0 0 0 1
720	2	 1 1 1 1 1 1 1 0 1 1 1 1 1 1 1 0 0 0 0 1
720	3	 1 1 1 1 0 0 1 0 0 0 0 0 1 1 0 1 0 0 0 0
720	4	 0 1 1 1 0 0 1 1 0 0 1 1 1 0 1 0 0 0 0 0
720	6	 1 1 1 1 1 1 1 0 1 1 1 0 1 0 1 0 0 0 0 0
720	1	 1 1 0 1 0 1 1 0 1 0 0 1 1 0 1 0 0 0 0 0
720	3	 1 0 1 1 1 0 1 0 0 1 0 0 1 1 0 0 0 0 0 0
720	3	 1 1 1 1 0 0 1 1 0 1 1 0 1 0 1 1 0 0 0 1
720	2	 1 1 1 1 0 0 0 0 0 1 1 0 1 1 1 0 0 0 0 1
720	5	 0 1 1 1 0 0 1 0 0 1 0 0 1 1 0 1 0 0 0 0
720	11	 1 1 1 1 0 0 1 1 0 1 0 0 1 1 0 1 0 0 0 0
720	2	 1 1 1 1 1 1 1 0 1 0 1 1 1 1 0 1 1 0 0 0
720	6	 0 1 1 1 0 0 1 0 1 1 1 1 1 0 1 0 1 0 0 0
720	2	 1 1 1 1 0 0 0 0 0 1 0 1 1 0 0 0 0 0 0 0
720	4	 1 1 1 1 0 0 0 0 0 1 1 0 1 1 1 0 0 0 0 0
720	2	 1 1 1 0 1 1 1 0 0 1 1 1 1 0 0 0 0 0 0 0
720	2	 1 1 1 1 1 0 1 0 0 1 0 0 1 1 1 1 0 1 0 0
720	10	 1 1 1 1 0 0 1 1 0 1 0 0 1 1 0 1 0 0 0 1
720	5	 1 1 1 1 0 0 1 0 0 1 0 0 1 1 0 0 0 1 0 0
720	1	 1 1 1 1 0 0 1 0 0 1 1 1 1 0 0 0 0 0 0 0
720	4	 1 1 1 0 1 1 1 0 0 1 0 0 1 1 0 1 0 0 0 0
720	1	 1 1 1 1 1 1 1 0 1 0 0 1 1 1 1 1 0 0 0 0
720	1	 1 1 1 1 0 0 1 0 1 0 1 1 1 1 0 1 0 0 0 0
720	2	 1 1 1 1 0 0 1 0 1 1 1 1 1 0 0 0 1 0 0 0
720	3	 1 1 0 1 0 0 1 0 0 1 1 1 1 0 0 0 0 1 0 0
720	1	 1 1 1 1 1 1 1 0 0 1 1 0 1 1 1 1 0 0 0 0
720	2	 0 1 0 1 0 0 1 0 1 1 1 1 1 0 1 0 0 0 0 0
720	7	 1 1 0 1 1 1 1 0 1 0 0 1 1 0 1 1 0 0 0 0
720	3	 1 1 1 1 1 1 1 0 0 1 0 1 1 1 1 1 0 1 0 0
720	10	 1 1 1 1 1 1 1 0 0 0 0 0 1 0 1 0 0 0 0 0
720	1	 1 1 0 0 1 1 1 0 0 1 0 0 1 0 1 0 0 0 0 0
720	1	 0 1 1 1 0 1 1 0 1 0 0 1 1 0 1 0 0 0 0 0
720	5	 1 1 1 1 1 0 1 0 0 1 0 0 1 1 0 1 0 0 0 0
720	4	 1 1 1 1 0 0 0 0 0 1 1 0 1 1 0 0 0 0 0 0
720	3	 1 0 1 1 1 1 1 0 1 0 1 1 1 0 1 0 0 0 0 0
720	1	 1 1 0 1 1 1 0 0 1 0 0 1 1 0 1 0 0 0 0 0
720	5	 1 1 1 1 1 1 1 0 1 1 0 1 1 1 0 0 0 0 0 0
720	1	 1 1 0 1 0 0 1 0 1 1 1 1 1 0 0 0 0 0 0 1
720	3	 0 1 0 1 0 0 1 0 1 1 1 1 1 0 0 0 0 0 0 0
720	1	 1 1 1 0 1 1 1 0 0 1 1 0 1 1 1 1 0 1 0 0
720	5	 1 1 1 1 0 0 1 0 1 1 1 1 1 1 1 0 0 0 0 1
720	1	 1 1 0 1 1 1 1 0 0 0 0 1 1 1 1 0 0 0 0 0
720	4	 1 0 1 1 0 0 1 1 0 1 0 0 1 1 0 1 0 0 0 0
720	2	 1 1 1 0 1 1 1 0 0 1 0 0 1 0 1 1 0 0 0 0
720	2	 1 1 1 1 0 0 0 0 0 1 1 0 1 1 0 1 1 0 0 0
720	1	 0 1 1 0 1 0 1 0 0 1 1 1 1 0 1 0 0 0 0 0
720	1	 1 1 1 1 1 1 1 0 1 1 1 1 1 1 1 0 0 0 0 0
720	1	 1 1 1 1 0 1 1 0 0 1 0 0 1 1 0 1 0 0 0 0
720	1	 1 1 1 1 0 0 1 0 1 0 1 1 1 0 1 0 0 0 0 0
720	2	 1 1 1 1 0 1 0 0 0 1 1 0 1 1 0 1 0 0 0 0
720	1	 1 1 1 1 0 0 0 0 0 1 1 0 1 1 0 1 0 0 0 1
720	1	 1 1 0 1 0 0 1 0 0 1 0 1 1 0 0 0 0 0 0 0
720	1	 1 1 1 1 1 1 1 0 0 1 0 0 1 1 1 1 0 0 1 0
720	1	 1 1 1 1 0 0 0 0 0 1 1 1 1 1 0 0 0 0 1 0
720	1	 1 1 1 1 0 0 1 1 0 1 0 0 1 1 0 1 0 1 0 0
880	55	 1 1 1 1 1 1 1 0 0 0 0 1 1 1 1 0 0 0 0 0
880	14	 1 1 1 1 1 1 1 0 1 0 0 0 1 1 0 0 0 0 0 0
880	51	 1 1 1 1 1 1 1 0 0 0 0 1 1 0 1 0 0 0 0 0
880	10	 1 1 1 1 0 1 1 0 1 0 0 0 1 1 0 1 0 0 0 0
880	7	 1 1 1 1 1 1 1 0 0 0 0 1 1 0 0 0 0 0 0 0
880	75	 1 1 1 1 0 0 1 0 1 0 0 1 1 0 0 0 0 0 0 0
880	16	 1 1 1 1 0 1 1 0 0 0 0 0 0 1 0 1 0 0 0 0
880	29	 1 1 0 1 0 1 1 0 0 0 0 0 1 0 1 0 0 0 0 0
880	68	 1 1 1 1 1 1 1 0 1 0 0 0 1 1 0 1 0 0 0 0
880	6	 1 1 0 1 0 1 1 0 1 0 0 0 1 0 1 0 0 0 0 0
880	10	 1 1 1 1 1 1 1 0 0 0 1 1 0 1 0 1 0 0 0 0
880	18	 1 1 1 1 1 1 0 0 1 0 0 0 1 1 0 0 0 0 0 0
880	1	 1 1 1 1 1 1 0 0 0 1 0 0 1 0 0 0 0 0 0 0
880	26	 1 1 1 1 0 0 1 0 0 0 0 1 1 1 1 0 0 0 0 0
880	9	 1 1 0 1 0 0 1 0 0 0 0 0 1 0 1 0 0 0 0 0
880	8	 0 1 1 1 0 1 1 0 1 0 0 0 0 1 0 0 0 0 0 0
880	15	 1 1 1 1 0 0 1 0 1 0 0 1 1 0 1 0 0 0 0 0
880	6	 1 1 1 1 1 1 1 1 1 0 0 0 1 1 0 1 0 0 0 0
880	10	 0 1 1 1 0 1 1 0 1 0 0 1 1 0 1 0 0 0 0 0
880	29	 0 1 1 1 0 1 1 0 1 0 0 0 1 1 0 0 0 0 0 0
880	18	 1 1 1 1 0 1 1 1 1 0 0 0 1 1 1 1 0 0 0 0
880	5	 1 1 1 1 0 0 1 0 0 0 0 1 1 0 0 0 0 0 0 0
880	27	 1 1 1 1 1 1 1 1 0 0 1 1 0 1 0 1 0 0 0 0
880	5	 1 1 1 1 0 1 1 0 1 0 0 0 0 1 0 0 1 0 0 0
880	8	 1 1 1 1 0 0 1 0 1 0 0 0 1 1 0 0 0 0 0 0
880	3	 1 1 1 1 1 1 1 0 0 0 0 1 1 0 1 0 0 0 0 1
880	11	 1 1 0 1 0 1 1 0 0 0 0 0 0 1 0 1 0 0 0 0
880	7	 0 1 1 1 0 0 1 0 1 0 0 1 1 0 1 0 0 0 0 0
880	8	 1 1 1 1 1 0 1 0 0 0 0 1 1 0 0 0 0 0 0 0
880	2	 1 1 1 1 0 0 1 0 1 0 0 1 1 0 0 0 1 0 0 0
880	2	 1 1 1 1 1 1 1 0 1 0 0 0 1 1 0 1 0 1 0 0
880	2	 1 1 1 0 1 1 1 0 1 1 0 1 1 0 1 0 0 0 0 0
880	10	 1 1 1 1 0 1 1 0 1 0 0 0 1 1 0 0 0 0 0 0
880	1	 1 1 1 0 1 1 1 0 1 0 0 0 1 1 0 1 0 0 0 0
880	4	 1 1 1 1 0 0 1 0 1 0 0 1 1 0 0 0 0 0 1 0
880	3	 1 1 1 1 1 1 1 0 1 0 0 0 1 1 0 1 1 0 0 0
880	5	 0 1 1 1 0 1 0 0 0 0 0 1 1 1 1 0 1 0 0 0
880	2	 1 1 1 1 0 1 1 0 1 0 0 0 0 1 1 0 1 0 0 0
880	5	 1 1 1 1 1 1 1 0 0 0 1 1 1 1 0 1 0 0 0 0
880	5	 1 1 1 1 1 1 0 0 0 0 0 0 1 1 0 1 0 0 0 0
880	1	 1 1 1 1 1 0 1 0 0 0 0 1 1 0 1 0 0 0 0 0
880	5	 0 1 1 1 0 1 1 0 1 0 0 1 1 0 1 1 0 0 0 0
880	16	 1 1 1 1 1 1 1 0 0 0 0 0 1 0 0 1 0 0 0 0
880	9	 0 1 1 1 0 1 1 0 1 0 0 1 1 0 1 1 1 0 0 0
880	1	 1 0 1 1 0 0 1 0 1 0 0 1 1 0 0 0 0 0 0 0
880	3	 1 1 1 1 0 0 1 0 1 1 1 0 1 1 0 0 0 0 0 0
880	70	 1 1 1 1 0 0 0 0 1 0 0 1 1 0 0 0 0 0 0 0
880	3	 0 1 1 1 0 1 0 0 0 0 0 0 0 1 0 1 0 0 0 0
880	14	 1 1 1 1 0 0 1 0 0 0 0 0 0 1 0 1 0 0 0 0
880	5	 1 1 1 1 1 0 1 0 1 0 0 1 1 0 0 0 0 0 0 0
880	14	 1 1 1 0 0 0 1 0 1 0 0 1 1 0 0 0 0 0 0 0
880	12	 1 1 1 1 0 1 1 0 1 0 1 0 0 1 0 0 0 0 0 0
880	2	 0 1 1 1 0 1 1 0 1 0 0 1 1 0 1 0 0 0 0 1
880	3	 1 1 1 1 1 1 1 0 1 0 1 1 1 0 0 0 0 0 0 0
880	7	 1 1 1 1 0 0 1 0 1 0 0 1 1 0 0 0 0 0 0 1
880	3	 1 1 1 0 1 1 1 0 1 0 0 1 1 1 0 0 0 0 0 0
880	5	 1 1 1 1 1 1 1 0 0 0 0 0 1 1 0 0 0 0 0 0
880	6	 1 1 1 1 1 1 1 1 0 0 0 1 1 0 0 0 0 0 0 0
880	8	 1 1 1 1 0 0 0 0 1 1 0 0 1 1 0 0 0 0 0 0
880	1	 1 1 1 1 1 1 1 0 1 0 0 1 1 0 1 0 0 0 0 1
880	2	 1 1 1 1 1 1 1 0 0 1 0 1 1 1 1 0 0 0 0 0
880	2	 1 1 1 1 0 1 1 0 1 0 0 0 1 1 0 1 0 1 0 0
880	1	 1 1 1 1 0 1 1 0 1 1 1 0 1 0 1 0 0 0 0 0
880	20	 0 1 1 1 0 1 1 0 1 0 0 1 1 0 1 1 0 0 1 0
880	13	 0 1 1 1 0 1 1 0 1 0 0 0 0 1 0 0 0 0 0 1
880	9	 1 1 1 1 0 1 1 0 0 0 0 0 1 0 1 0 0 0 0 0
880	12	 1 1 1 1 1 1 1 1 0 0 0 1 0 1 1 0 0 0 0 0
880	2	 1 1 1 1 0 0 1 0 0 0 0 0 0 0 0 1 1 0 0 0
880	5	 1 1 1 1 1 0 1 0 1 1 0 1 1 1 1 0 0 0 0 0
880	10	 0 1 1 1 1 1 1 1 0 0 0 1 1 1 1 0 0 0 0 0
880	8	 0 1 1 1 1 1 0 0 1 0 0 0 1 1 0 0 0 0 0 0
880	5	 1 1 0 1 0 1 1 0 0 0 0 0 1 0 1 0 1 0 0 0
880	1	 1 1 1 1 0 0 1 0 1 0 0 1 1 0 0 1 0 0 1 0
880	6	 1 1 1 1 1 1 1 0 0 0 0 0 1 1 0 0 1 0 0 0
880	5	 1 1 1 1 0 0 1 0 1 0 0 1 1 0 0 1 0 0 0 0
880	3	 1 1 1 0 1 1 0 0 1 0 0 0 1 1 0 0 0 0 0 0
880	2	 1 1 0 1 0 0 1 0 1 0 0 1 1 0 0 0 0 0 1 0
880	1	 1 1 1 1 1 1 1 0 1 0 0 1 1 0 1 1 0 0 1 0
880	5	 0 1 1 1 0 0 1 0 1 0 0 0 0 1 0 0 0 0 0 1
880	2	 1 1 1 1 1 1 1 0 0 0 1 1 1 0 1 0 0 0 0 0
880	10	 1 1 1 1 0 1 1 0 1 0 0 1 1 0 0 0 0 0 0 0
880	2	 1 1 0 1 0 1 1 0 0 0 0 0 0 0 1 0 0 0 0 0
880	3	 0 1 1 1 0 1 1 0 1 0 1 1 1 0 1 0 0 0 0 0
880	2	 0 0 1 1 0 1 1 0 1 0 0 1 1 0 1 0 0 0 0 1
880	3	 1 1 1 1 1 1 1 1 0 0 0 1 0 1 1 0 0 0 0 1
880	4	 1 1 0 1 0 0 1 0 0 0 0 1 1 0 0 0 0 0 0 0
880	1	 1 1 0 1 0 0 1 0 0 0 0 0 1 0 1 0 0 1 0 0
880	1	 0 1 1 1 0 1 1 0 1 0 0 0 0 1 1 0 0 0 0 0
880	5	 1 1 1 1 0 0 1 0 1 0 0 0 1 0 0 0 0 0 0 0
880	1	 1 1 1 1 1 1 1 1 1 0 0 0 1 1 0 1 0 0 0 1
880	6	 1 1 1 1 0 0 1 0 0 0 0 1 1 0 1 0 0 0 0 0
880	1	 0 1 1 1 0 0 0 0 1 0 0 1 1 0 0 0 0 0 0 0
880	7	 1 0 1 1 0 0 0 0 1 0 0 1 1 0 0 0 0 0 0 0
880	3	 1 1 1 1 1 0 0 0 1 0 0 1 1 0 0 0 0 0 0 0
880	3	 1 1 1 1 1 1 1 0 0 0 0 0 1 0 0 0 0 0 0 0
880	2	 1 1 1 1 0 0 1 0 0 0 0 0 0 1 0 0 0 0 0 0
880	5	 1 1 1 1 0 0 0 0 1 0 0 1 1 0 0 1 0 0 0 0
880	1	 1 1 1 1 0 0 1 0 1 1 0 1 1 0 0 0 0 0 0 0
880	2	 1 1 1 1 1 1 1 0 1 0 0 0 1 1 1 1 0 0 0 0
880	1	 1 1 1 1 0 0 0 0 1 0 0 1 0 0 0 0 0 0 0 0
880	1	 1 1 1 1 0 0 0 0 1 1 0 0 0 1 0 0 0 0 0 0
880	1	 0 1 1 1 0 1 1 0 1 0 1 1 0 0 1 0 0 0 0 0
880	2	 1 1 0 1 0 1 1 1 0 0 0 1 0 1 1 0 0 0 0 0
880	2	 0 1 1 1 0 1 1 0 0 0 0 0 1 0 1 0 0 0 0 0
880	1	 0 1 1 1 0 1 1 0 1 0 0 0 1 1 1 1 0 0 0 0
880	3	 1 1 1 1 0 0 0 0 0 0 0 1 1 0 1 0 0 0 0 0
880	1	 0 1 1 1 0 1 1 0 0 0 0 1 1 1 1 0 0 0 0 0
880	2	 1 1 1 1 1 1 1 1 1 0 0 0 1 1 0 0 0 0 0 0
880	1	 1 1 1 1 1 1 1 0 1 0 0 0 1 0 0 1 0 0 0 0
880	4	 1 1 1 1 1 1 0 0 1 0 0 0 1 1 0 1 0 0 0 0
880	1	 1 1 1 1 1 1 1 0 1 0 0 0 0 1 0 1 0 0 0 0
880	1	 1 1 1 1 0 1 0 0 0 1 0 0 1 0 0 0 0 0 0 0
880	1	 1 1 1 1 0 0 1 1 0 0 0 1 1 1 1 0 0 0 0 0
880	3	 1 1 1 1 0 1 1 0 0 0 0 1 1 0 1 0 0 0 0 1
880	4	 1 1 1 1 0 0 0 0 1 0 0 1 1 0 0 0 1 0 0 0
880	1	 0 1 1 1 0 1 0 0 0 0 0 0 1 1 0 1 0 0 0 0
880	1	 1 1 0 1 1 1 1 1 0 0 0 1 0 1 1 0 0 0 0 0
880	3	 1 0 1 1 1 1 1 0 0 0 0 0 1 1 0 0 1 0 0 0
880	3	 1 0 0 1 0 0 1 0 0 0 0 1 1 0 0 0 0 0 0 0
880	2	 1 1 1 1 0 0 0 0 0 1 0 0 1 1 0 0 0 0 1 0
880	1	 1 1 1 1 1 1 1 0 1 0 0 0 1 1 1 0 0 0 0 0
1000	14	 1 1 1 1 1 1 1 0 1 0 0 0 1 1 0 1 0 0 0 0
1000	2	 1 1 1 1 0 1 1 1 1 0 0 0 1 1 1 1 0 0 0 0
1000	23	 1 1 1 1 1 0 1 0 1 0 0 1 1 0 0 0 0 0 0 0
1000	8	 1 1 1 0 0 0 1 0 0 0 0 1 1 1 1 0 0 0 0 0
1000	24	 1 1 1 1 1 1 1 0 0 0 0 1 0 0 0 0 0 0 0 0
1000	21	 1 1 1 1 0 0 0 0 1 0 0 1 1 0 1 0 0 0 0 0
1000	12	 1 1 1 1 0 0 1 0 1 0 0 0 1 1 0 1 0 0 0 0
1000	60	 1 1 1 0 0 0 1 0 1 0 0 1 1 0 0 1 0 0 0 0
1000	15	 1 1 1 1 0 1 1 1 1 0 0 1 1 0 0 0 0 0 0 0
1000	7	 1 1 1 1 1 1 1 0 0 0 0 1 1 0 0 1 0 0 0 0
1000	31	 1 1 1 1 1 1 1 0 1 0 0 0 0 1 0 1 0 0 0 0
1000	23	 1 1 1 1 1 1 1 0 1 0 0 1 1 1 0 0 0 0 0 0
1000	8	 1 1 1 1 1 1 1 0 1 0 0 0 1 1 1 0 0 0 0 0
1000	19	 1 1 1 1 0 1 1 1 0 0 0 0 1 1 1 1 0 0 0 0
1000	78	 1 1 1 1 0 0 1 1 1 0 0 0 1 1 1 1 0 0 0 0
1000	16	 1 1 1 1 0 0 1 0 0 0 0 1 1 1 1 0 0 0 0 0
1000	21	 1 1 1 1 1 1 1 0 0 0 0 1 1 1 0 0 0 0 0 0
1000	2	 1 1 1 0 0 1 1 0 1 0 0 1 1 0 0 1 0 0 0 0
1000	51	 1 1 1 1 1 1 1 1 0 0 0 1 1 0 0 1 0 0 0 0
1000	3	 1 1 1 1 1 1 1 0 1 0 0 0 1 1 1 0 0 1 0 0
1000	23	 1 1 1 1 1 1 1 0 1 0 0 0 1 1 1 1 0 0 0 0
1000	11	 1 1 1 1 0 0 0 1 1 0 0 1 1 1 0 0 0 0 0 0
1000	3	 1 1 1 0 0 0 1 0 1 0 0 1 0 0 1 0 0 0 0 0
1000	8	 1 1 1 1 0 0 1 0 1 0 0 0 1 0 1 1 0 0 0 0
1000	2	 1 1 1 1 0 0 0 0 1 0 0 1 1 0 0 1 0 0 0 0
1000	4	 0 1 1 1 0 1 1 0 1 0 0 0 1 1 0 0 0 0 1 0
1000	8	 1 1 1 1 1 0 1 0 1 0 0 1 1 1 0 0 0 0 0 0
1000	2	 1 1 1 0 1 1 1 0 0 0 0 1 1 1 0 0 0 0 1 0
1000	14	 1 1 1 1 0 0 0 1 1 0 0 0 0 1 0 1 1 0 0 0
1000	15	 1 1 1 0 0 0 1 0 1 0 0 1 0 0 0 1 0 0 0 0
1000	19	 0 1 1 0 0 0 1 0 1 0 0 1 1 1 0 1 0 0 0 0
1000	2	 1 1 1 1 0 0 0 0 1 0 0 1 1 0 1 0 1 0 0 0
1000	16	 1 1 1 1 0 0 1 1 1 0 0 0 1 1 1 0 0 0 0 0
1000	6	 0 1 1 1 0 1 1 1 1 0 0 0 1 1 0 0 0 0 1 0
1000	24	 1 1 1 1 1 0 1 1 1 0 0 1 1 0 0 1 0 0 0 0
1000	3	 1 1 1 1 1 0 1 0 1 0 0 0 1 1 0 0 0 0 1 0
1000	2	 0 1 1 1 0 1 1 1 1 0 0 1 1 0 0 1 0 0 0 0
1000	6	 1 1 1 1 1 1 1 1 1 0 1 0 1 1 1 1 0 0 0 0
1000	17	 1 1 1 1 1 0 0 0 1 0 0 1 1 0 0 0 0 0 1 0
1000	1	 1 1 1 0 0 0 1 0 1 1 0 1 1 0 1 0 0 0 0 0
1000	11	 1 1 1 0 0 1 1 1 1 0 0 1 1 0 0 0 0 0 0 0
1000	3	 1 1 1 1 1 1 1 0 0 0 0 1 0 1 1 1 0 0 0 0
1000	17	 1 1 1 1 1 1 1 0 1 0 0 0 0 1 0 0 0 0 0 0
1000	6	 1 1 1 1 1 1 1 0 1 0 0 0 0 1 0 1 1 0 0 0
1000	5	 1 1 1 1 0 0 1 1 1 0 0 0 1 0 0 0 0 0 0 0
1000	11	 0 1 1 1 0 0 1 1 1 1 0 0 1 1 1 1 0 0 0 0
1000	13	 1 1 1 1 1 1 1 0 1 0 0 1 1 0 0 0 0 0 0 0
1000	8	 1 1 1 1 0 0 0 1 1 0 0 1 1 1 0 0 1 0 0 0
1000	6	 1 1 1 1 0 1 1 1 1 0 0 0 1 1 0 1 0 0 0 0
1000	5	 1 1 1 1 0 1 1 1 1 0 0 1 1 0 0 0 0 0 1 0
1000	14	 1 1 0 1 0 1 1 1 1 0 0 1 1 0 0 0 0 0 0 0
1000	4	 1 1 1 1 1 1 1 0 0 0 0 0 0 1 0 1 0 0 0 0
1000	13	 1 1 1 1 0 0 0 0 1 0 0 1 1 1 1 0 0 0 0 0
1000	1	 1 1 1 1 0 1 1 1 1 0 0 1 0 0 0 1 0 0 0 0
1000	11	 1 1 1 1 0 1 1 1 0 0 0 0 1 0 0 0 0 0 0 0
1000	5	 1 1 1 1 1 1 1 0 1 0 1 1 0 0 0 0 0 0 0 0
1000	8	 1 1 1 1 0 1 1 1 1 0 0 1 0 0 0 0 0 0 0 0
1000	2	 1 1 1 1 1 1 1 1 1 0 0 1 1 0 1 0 0 0 0 0
1000	5	 1 1 1 1 1 1 1 0 1 0 0 1 0 1 0 1 1 0 0 0
1000	12	 1 1 1 1 1 1 1 0 1 0 0 1 1 0 0 1 0 0 0 0
1000	5	 1 1 1 1 1 1 1 1 0 0 0 1 1 0 1 1 0 0 0 0
1000	2	 1 1 1 1 0 0 0 0 1 0 0 0 1 1 0 0 0 0 1 0
1000	2	 1 1 1 1 1 1 1 0 0 0 0 0 1 1 0 1 0 0 1 0
1000	10	 1 1 1 1 1 1 1 1 1 0 0 1 1 0 0 0 0 0 0 0
1000	7	 1 1 1 1 1 1 1 0 1 0 0 0 1 1 1 0 0 0 0 1
1000	6	 0 1 1 1 1 1 1 0 1 0 0 0 1 1 1 0 0 1 0 0
1000	3	 0 1 1 0 1 0 1 0 1 0 0 1 1 1 0 1 0 0 0 0
1000	15	 1 1 1 1 1 0 1 0 1 0 0 1 1 1 0 1 0 0 0 0
1000	9	 1 1 1 1 0 0 1 0 1 0 0 0 1 1 0 0 0 0 1 0
1000	6	 1 0 1 1 1 1 1 0 1 0 0 0 1 1 0 1 0 0 0 0
1000	8	 1 1 0 1 0 1 1 1 1 0 0 0 1 1 1 1 0 0 0 0
1000	2	 1 1 0 1 1 0 1 0 1 0 0 1 1 0 0 0 0 0 0 0
1000	2	 1 1 1 1 1 1 1 0 0 0 0 1 0 0 1 0 0 0 0 0
1000	2	 1 1 1 1 0 1 1 1 0 0 0 0 0 1 1 1 0 0 0 0
1000	1	 1 1 1 0 0 1 1 0 1 0 0 1 1 1 0 1 0 0 0 0
1000	1	 1 1 1 0 1 1 1 0 0 0 0 1 1 1 0 0 0 0 1 1
1000	7	 1 1 1 1 0 0 0 0 1 0 0 1 1 0 0 0 0 0 0 0
1000	5	 1 1 1 0 0 0 1 1 1 0 0 0 1 1 1 1 0 0 0 0
1000	5	 0 1 1 1 1 0 1 0 1 0 0 1 1 0 0 0 0 0 0 0
1000	1	 1 1 1 1 1 1 1 0 1 0 0 0 1 0 1 1 0 0 0 0
1000	4	 1 1 1 1 0 0 0 0 1 0 0 1 1 0 0 1 0 0 1 0
1000	3	 1 1 1 1 1 1 1 0 1 0 0 1 1 0 0 0 0 0 1 0
1000	8	 1 1 1 1 0 0 1 0 1 0 0 1 1 1 0 0 0 0 0 0
1000	1	 1 1 1 1 0 1 1 0 1 0 0 0 1 1 0 1 0 0 1 0
1000	2	 1 1 1 1 0 0 0 1 1 0 0 0 1 1 1 1 0 0 0 0
1000	1	 1 1 1 1 1 1 1 0 1 0 0 0 1 0 1 0 0 1 0 0
1000	4	 1 1 1 1 1 1 1 0 0 0 0 1 0 0 1 1 0 0 0 0
1000	2	 1 1 1 1 1 1 1 0 1 0 0 0 0 1 1 0 0 0 0 0
1000	2	 1 1 1 1 1 0 0 0 1 0 0 1 0 1 0 0 0 0 1 0
1000	4	 1 1 1 1 0 1 1 1 0 0 0 0 1 1 0 1 0 0 0 0
1000	1	 1 1 1 1 1 0 1 1 1 0 0 0 1 1 1 0 0 0 0 0
1000	1	 1 1 1 1 1 1 1 1 1 0 0 0 1 1 0 1 0 0 0 0
1000	4	 1 1 1 1 1 0 0 0 1 0 0 1 1 0 0 0 0 0 0 0
1000	1	 1 1 1 0 0 0 1 0 0 0 0 1 1 0 0 1 0 0 0 0
1000	6	 1 1 1 1 1 1 1 0 0 0 0 1 1 0 0 1 0 1 0 0
1000	2	 1 1 1 1 1 1 0 0 0 0 0 1 1 0 0 1 0 0 0 0
1000	5	 1 1 1 0 0 0 1 0 1 0 0 1 0 0 0 1 0 0 1 0
1000	2	 1 1 1 1 1 1 1 1 1 0 0 1 1 0 0 1 0 0 0 0
1000	2	 1 1 1 0 0 0 1 0 1 1 0 1 0 0 1 0 0 0 0 0
1000	1	 1 1 1 1 1 1 1 0 0 0 0 0 0 0 0 0 0 1 0 0
1000	2	 1 1 1 1 0 1 1 0 1 0 0 0 1 1 0 0 0 0 1 0
1000	2	 1 1 1 1 0 0 1 0 1 0 0 1 1 0 0 1 0 0 0 0
1000	3	 0 1 1 1 0 1 1 1 1 0 0 1 1 1 0 0 0 0 0 0
1000	1	 1 1 1 1 0 0 1 0 1 0 0 1 1 0 0 0 0 0 0 0
1000	3	 1 1 0 1 0 0 0 0 1 0 0 1 1 0 1 0 0 0 0 0
1000	2	 0 1 1 1 1 1 1 1 0 0 0 1 1 0 0 1 0 0 0 0
1000	1	 1 1 1 1 1 1 1 0 1 0 1 0 1 1 1 1 0 0 0 0
1000	6	 1 1 1 1 1 1 1 0 1 0 0 0 1 0 0 1 0 0 1 0
1000	1	 1 1 1 1 0 1 1 1 1 0 0 1 0 1 1 1 0 0 0 0
1000	1	 1 1 1 1 1 1 1 0 1 0 0 1 0 1 0 1 0 0 0 0
1000	5	 1 1 1 0 0 0 1 0 0 0 0 1 1 0 1 0 0 0 0 0
1000	5	 1 1 1 1 1 1 1 0 0 0 1 1 0 0 0 0 0 0 0 0
1000	3	 1 1 1 1 0 0 1 1 1 0 0 0 1 1 0 1 0 0 0 0
1000	1	 1 1 1 1 1 0 1 0 1 0 1 1 1 1 0 0 0 0 0 0
1000	3	 1 1 1 1 0 0 0 1 1 0 0 0 0 1 0 1 1 0 0 1
1000	2	 0 0 1 1 0 1 1 1 1 0 0 1 1 0 0 1 0 0 0 0
1000	1	 1 1 1 1 0 1 1 1 0 0 0 0 1 0 0 0 1 0 0 0
1000	1	 1 1 1 1 1 0 1 0 1 0 0 1 0 1 0 1 0 0 0 0
1000	1	 1 1 1 1 1 0 1 0 1 0 0 1 1 0 0 1 0 0 0 0
1000	3	 1 1 1 1 0 0 0 0 1 0 0 1 0 1 0 0 0 0 1 0
1000	2	 1 1 1 0 0 1 1 0 1 0 0 1 1 1 0 0 0 0 0 0
1000	2	 1 1 1 1 0 1 1 1 1 0 0 1 1 0 1 1 0 0 0 0
1000	1	 1 1 1 1 0 0 0 0 1 0 0 1 1 1 0 1 0 0 0 0
1000	2	 1 1 1 1 1 1 1 0 1 0 0 0 1 1 0 0 0 0 0 0
1000	1	 1 1 1 1 1 1 1 1 1 0 0 0 1 1 1 0 0 0 0 0
1000	1	 1 1 1 1 0 0 1 1 1 0 0 0 0 1 1 1 0 0 0 0
1000	1	 1 1 1 1 0 0 1 1 1 0 0 0 1 1 1 1 0 1 0 0
1000	1	 1 1 1 1 0 0 0 0 1 1 0 1 1 0 1 0 1 0 0 0
1000	1	 1 1 1 1 0 0 0 0 1 0 0 1 1 0 1 0 1 1 0 0
1000	1	 1 1 1 0 1 1 1 0 0 0 0 1 0 1 0 0 0 0 1 1
1000	1	 1 1 1 0 0 0 1 0 0 0 1 1 1 0 1 0 0 0 0 0
