0	250	 1 0 0 1 0 0 0 1 0 1 0 0 0 0 0 0 0 0 0 0
0	250	 0 0 0 0 0 1 0 1 0 0 0 0 1 1 0 1 0 0 0 0
0	250	 0 0 0 0 0 0 0 1 0 0 1 0 0 0 1 0 0 0 0 0
0	250	 1 0 0 0 0 0 0 0 1 0 0 1 0 0 1 0 0 1 0 1
10	287	 1 0 0 1 0 0 0 1 0 1 0 0 0 0 0 0 0 0 0 0
10	53	 0 0 0 0 0 1 0 1 0 0 0 0 1 1 0 1 0 0 0 0
10	191	 0 0 0 0 0 0 0 1 0 0 1 0 0 0 1 0 0 0 0 0
10	127	 1 0 0 0 0 0 0 0 1 0 0 1 0 0 1 0 0 1 0 1
10	5	 1 0 0 1 0 0 0 0 1 0 0 1 0 0 1 0 0 1 0 1
10	10	 0 0 0 0 0 0 0 0 1 0 0 1 0 0 1 0 0 1 0 1
10	8	 0 0 0 0 0 0 0 1 0 0 1 0 0 0 0 0 0 0 0 0
10	9	 1 0 0 0 0 0 0 0 1 0 0 1 0 0 1 0 0 0 0 0
10	7	 1 0 0 1 0 0 0 1 0 1 0 0 0 0 0 0 0 1 0 0
10	18	 1 0 0 1 0 0 0 1 0 1 0 0 0 0 0 1 0 0 0 0
10	16	 1 0 1 1 0 0 0 1 0 1 0 0 0 0 0 0 0 0 0 0
10	10	 1 0 0 1 0 0 0 1 0 1 0 0 0 1 0 0 0 0 0 0
10	5	 1 0 0 1 0 0 0 1 1 1 0 0 0 0 0 0 0 0 0 0
10	5	 0 0 0 0 0 1 1 1 0 0 0 0 1 1 0 1 0 0 0 0
10	8	 1 0 0 0 0 1 0 0 1 0 0 1 0 0 1 0 0 1 0 1
10	16	 1 0 0 0 0 0 0 0 1 0 1 1 0 0 1 0 0 1 0 1
10	17	 1 0 0 1 0 0 0 1 1 0 0 1 0 0 1 0 0 1 0 1
10	8	 1 0 0 1 0 0 0 1 0 0 1 0 0 0 1 0 0 0 0 0
10	1	 1 0 0 0 0 0 0 0 0 1 0 0 0 0 0 0 0 0 0 0
10	2	 1 0 0 0 0 0 0 1 0 1 0 0 0 0 0 0 0 0 0 0
10	3	 0 0 0 0 0 1 0 1 0 0 0 0 1 1 0 0 0 0 0 0
10	6	 0 0 1 0 0 1 0 1 0 0 0 0 1 1 0 1 0 0 0 0
10	9	 1 0 0 0 0 0 0 0 1 0 0 0 0 0 1 0 0 1 0 1
10	7	 1 0 0 0 0 0 0 0 1 0 0 1 0 0 1 0 0 1 1 1
10	6	 1 0 0 1 0 0 0 1 0 1 0 1 0 0 1 0 0 1 0 1
10	7	 0 0 0 0 0 0 0 1 0 1 0 0 0 0 0 0 0 0 0 0
10	9	 1 0 0 1 0 0 0 1 0 1 0 0 0 0 1 0 0 0 0 0
10	7	 0 0 0 0 0 0 0 1 1 0 1 0 0 0 1 0 0 0 0 0
10	12	 1 0 0 1 0 0 0 1 0 1 0 0 0 0 0 0 0 0 1 0
10	1	 1 0 0 1 0 0 0 1 0 1 0 0 1 0 0 0 0 0 0 0
10	6	 0 1 0 0 0 0 0 1 0 0 1 0 0 0 1 0 0 0 0 0
10	4	 1 0 0 1 1 0 0 1 0 0 1 0 0 0 1 0 0 0 0 0
10	3	 1 0 0 0 0 0 0 0 1 0 0 0 0 1 0 1 0 0 0 0
10	8	 1 0 0 0 0 0 0 0 1 1 0 1 0 0 1 0 0 0 0 0
10	3	 0 0 0 0 1 0 0 1 0 0 1 0 0 0 1 0 0 0 0 0
10	6	 1 0 0 0 0 0 0 1 0 0 1 0 0 0 1 0 0 0 0 0
10	4	 1 0 0 0 0 0 0 0 0 1 0 0 1 0 0 0 0 0 0 0
10	4	 0 0 0 0 0 1 1 1 0 0 1 0 0 0 1 0 0 0 0 0
10	4	 1 0 0 0 0 0 0 0 1 0 0 0 1 1 0 1 0 0 0 0
10	4	 1 0 0 1 0 0 0 1 0 1 1 0 0 0 0 0 0 0 0 0
10	4	 0 0 0 0 0 0 0 1 0 0 1 0 0 0 1 0 0 1 0 0
10	1	 0 0 0 0 0 0 0 1 0 0 1 0 1 0 1 0 0 0 0 0
10	2	 1 0 0 0 0 0 0 1 1 0 0 1 0 0 1 0 0 1 0 1
10	2	 1 0 0 0 0 0 0 0 0 0 0 1 0 0 1 0 0 1 0 1
10	2	 1 0 0 0 0 0 0 0 1 1 0 1 0 0 1 0 0 1 0 0
10	2	 1 0 0 0 0 0 0 1 1 0 1 0 0 0 1 0 0 0 0 0
10	6	 1 0 0 1 1 0 0 1 0 1 0 0 0 0 0 0 0 0 0 0
10	5	 1 0 0 1 0 0 1 1 0 1 0 0 0 0 0 0 0 0 0 0
10	1	 1 0 1 1 0 0 0 1 0 0 0 0 0 0 0 0 0 0 0 0
10	6	 1 0 0 1 0 0 0 1 0 0 0 0 0 1 0 0 0 0 0 0
10	3	 0 0 0 0 0 0 0 1 0 1 0 0 0 1 0 0 0 0 0 0
10	2	 1 0 0 1 0 0 0 0 0 1 0 0 0 0 0 0 0 0 0 0
10	6	 1 0 0 1 0 0 0 1 0 1 0 0 0 0 0 0 0 0 0 1
10	3	 0 0 0 0 0 0 0 1 0 0 1 1 0 0 1 0 0 0 0 0
10	2	 0 0 0 0 0 0 1 1 0 0 1 0 0 0 1 0 0 0 0 0
10	4	 0 0 0 0 0 0 0 1 0 0 1 0 0 0 1 0 0 0 1 0
10	1	 1 0 0 0 0 0 0 0 1 0 1 1 0 0 0 0 0 1 0 1
10	2	 1 0 0 1 0 0 0 1 0 1 1 0 0 0 1 0 0 0 0 0
10	3	 1 0 0 1 0 0 0 1 0 1 0 0 0 0 1 0 0 1 0 1
10	1	 1 0 0 1 0 0 0 1 0 0 0 0 1 1 0 1 0 0 0 0
10	1	 0 0 0 0 0 0 0 1 0 0 1 0 0 0 1 0 0 1 0 1
10	3	 0 0 0 0 0 0 0 1 0 0 0 0 0 0 0 0 0 0 0 0
10	2	 0 0 0 0 0 1 0 1 1 0 0 0 1 1 0 1 0 0 0 0
10	2	 0 0 0 1 0 0 0 1 0 0 1 0 0 0 1 0 0 0 0 0
10	2	 1 0 0 1 0 0 0 0 1 0 1 1 0 0 1 0 0 1 0 1
10	1	 1 0 0 1 0 0 0 1 0 1 0 1 0 0 1 0 0 1 0 0
10	1	 0 0 0 0 0 1 0 1 0 0 0 0 1 1 0 1 1 0 0 0
10	2	 0 0 0 0 0 0 0 0 0 0 1 0 0 0 1 0 0 0 0 0
10	2	 1 1 0 0 0 0 0 0 1 0 0 1 0 0 1 0 0 1 0 1
10	3	 1 0 0 0 0 0 0 0 1 0 0 1 1 0 1 0 0 1 0 1
10	2	 1 0 0 0 0 0 0 0 0 0 1 1 0 0 1 0 0 1 0 1
10	1	 0 0 0 0 0 0 0 1 1 0 1 0 0 1 1 0 0 0 0 0
10	4	 1 0 0 1 0 0 0 1 0 1 0 1 0 0 0 0 0 0 1 0
25	257	 1 0 0 1 0 0 0 1 0 1 0 0 0 0 0 0 0 0 0 0
25	15	 0 0 0 0 0 1 0 1 0 0 0 0 1 1 0 1 0 0 0 0
25	130	 0 0 0 0 0 0 0 1 0 0 1 0 0 0 1 0 0 0 0 0
25	20	 1 0 0 0 0 0 0 0 1 0 0 1 0 0 1 0 0 1 0 1
25	8	 1 0 0 1 0 0 0 0 1 0 0 1 0 0 1 0 0 1 0 1
25	14	 0 0 0 0 0 0 0 1 0 0 1 0 0 0 0 0 0 0 0 0
25	1	 1 0 0 0 0 0 0 0 1 0 0 1 0 0 1 0 0 0 0 0
25	25	 1 0 0 1 0 0 0 1 0 1 0 0 0 0 0 0 0 1 0 0
25	50	 1 0 0 1 0 0 0 1 0 1 0 0 0 0 0 1 0 0 0 0
25	33	 1 0 1 1 0 0 0 1 0 1 0 0 0 0 0 0 0 0 0 0
25	12	 1 0 0 1 0 0 0 1 0 1 0 0 0 1 0 0 0 0 0 0
25	10	 0 0 0 0 0 1 1 1 0 0 0 0 1 1 0 1 0 0 0 0
25	5	 1 0 0 0 0 0 0 0 1 0 1 1 0 0 1 0 0 1 0 1
25	1	 1 0 0 1 0 0 0 1 1 0 0 1 0 0 1 0 0 1 0 1
25	28	 1 0 0 1 0 0 0 1 0 0 1 0 0 0 1 0 0 0 0 0
25	43	 1 0 0 0 0 0 0 1 0 1 0 0 0 0 0 0 0 0 0 0
25	14	 1 0 0 0 0 0 0 0 1 0 0 0 0 0 1 0 0 1 0 1
25	5	 0 0 0 0 0 0 0 1 0 1 0 0 0 0 0 0 0 0 0 0
25	25	 1 0 0 1 0 0 0 1 0 1 0 0 0 0 1 0 0 0 0 0
25	23	 1 0 0 1 0 0 0 1 0 1 0 0 0 0 0 0 0 0 1 0
25	3	 1 0 0 1 0 0 0 1 0 1 0 0 1 0 0 0 0 0 0 0
25	3	 0 1 0 0 0 0 0 1 0 0 1 0 0 0 1 0 0 0 0 0
25	2	 1 0 0 0 0 0 0 0 1 0 0 0 0 1 0 1 0 0 0 0
25	1	 1 0 0 0 0 0 0 0 1 1 0 1 0 0 1 0 0 0 0 0
25	27	 0 0 0 0 0 1 1 1 0 0 1 0 0 0 1 0 0 0 0 0
25	6	 1 0 0 1 0 0 0 1 0 1 1 0 0 0 0 0 0 0 0 0
25	1	 0 0 0 0 0 0 0 1 0 0 1 0 0 0 1 0 0 1 0 0
25	3	 1 0 0 1 1 0 0 1 0 1 0 0 0 0 0 0 0 0 0 0
25	3	 1 0 0 1 0 0 0 1 0 0 0 0 0 1 0 0 0 0 0 0
25	10	 1 0 0 1 0 0 0 0 0 1 0 0 0 0 0 0 0 0 0 0
25	3	 1 0 0 1 0 0 0 1 0 1 0 0 0 0 0 0 0 0 0 1
25	29	 1 0 0 1 0 0 0 1 0 0 0 0 1 1 0 1 0 0 0 0
25	2	 0 0 0 0 0 0 0 1 0 0 1 0 0 0 1 0 0 1 0 1
25	25	 0 0 0 1 0 0 0 1 0 0 1 0 0 0 1 0 0 0 0 0
25	6	 1 0 0 1 0 0 0 1 0 1 0 1 0 0 0 0 0 0 1 0
25	3	 1 0 0 0 0 1 0 1 0 0 0 0 1 1 0 1 0 0 0 0
25	2	 1 0 1 1 0 0 0 1 0 1 0 0 0 0 1 0 0 0 0 0
25	8	 1 0 0 1 0 1 0 1 0 1 0 0 0 0 0 0 0 0 0 0
25	8	 0 0 0 0 0 0 0 1 0 0 1 0 0 0 1 1 0 0 0 0
25	5	 1 0 0 1 0 0 1 1 0 1 0 0 0 0 0 1 0 0 0 0
25	2	 1 0 0 0 0 0 0 0 1 0 0 0 0 1 0 0 0 0 0 0
25	1	 0 0 0 1 0 0 0 1 0 1 0 0 0 0 1 0 0 0 0 0
25	2	 0 1 0 0 0 0 0 1 0 0 1 0 0 0 0 0 0 0 0 0
25	25	 1 0 0 1 0 0 0 1 0 1 0 0 0 0 1 1 0 0 0 0
25	1	 0 0 0 0 0 1 0 1 0 0 0 0 1 0 0 1 1 0 0 0
25	4	 1 0 0 1 0 0 0 1 0 1 0 0 1 1 0 0 0 0 0 0
25	2	 1 0 0 0 0 0 0 1 0 1 0 0 0 0 0 1 0 0 0 0
25	2	 1 0 1 1 0 0 0 1 0 1 0 1 0 0 1 0 0 1 0 0
25	3	 0 0 0 0 0 0 0 1 0 0 1 0 0 1 1 0 0 0 0 0
25	3	 0 0 0 0 0 0 0 1 0 0 1 1 0 0 1 0 0 0 0 0
25	4	 1 0 0 1 0 0 0 1 0 1 0 0 0 1 0 0 0 0 1 0
25	8	 1 0 1 1 0 0 0 1 0 0 0 0 0 1 0 0 0 0 0 0
25	2	 1 0 0 0 0 0 0 0 0 0 0 0 1 1 0 1 0 0 0 0
25	6	 1 0 0 0 0 0 0 1 0 1 0 0 0 0 1 0 0 0 0 0
25	2	 1 0 0 1 0 0 0 1 0 1 0 0 1 1 0 1 0 0 0 0
25	4	 1 0 0 1 1 0 0 1 0 0 0 0 1 1 0 1 0 0 0 0
25	7	 0 0 0 1 0 0 0 1 0 0 0 0 1 1 0 1 0 0 0 0
25	2	 1 0 0 0 0 0 0 1 0 0 1 0 0 0 1 0 0 0 0 0
25	2	 0 0 0 1 0 0 0 1 0 1 0 0 1 0 0 0 0 0 0 0
25	7	 1 0 0 1 0 0 0 1 0 0 0 0 0 0 0 0 0 0 0 0
25	1	 0 0 0 0 0 0 0 1 0 0 0 0 0 0 1 0 0 1 0 0
25	2	 1 0 0 0 0 0 0 1 0 1 0 0 1 0 0 0 0 1 0 0
25	2	 0 1 0 0 0 1 1 1 0 0 1 0 1 0 1 0 0 0 0 0
25	2	 1 0 0 1 0 0 0 0 1 0 0 1 0 0 0 0 0 0 1 0
25	2	 1 0 0 0 0 0 0 1 0 1 0 0 0 1 0 1 0 0 0 0
25	2	 1 0 0 1 0 0 0 0 0 1 0 0 0 0 0 0 0 1 0 0
25	1	 0 0 0 0 0 1 1 1 0 0 0 0 0 1 0 1 0 0 0 0
25	2	 1 0 0 0 0 0 0 0 0 0 0 0 0 1 0 1 0 0 0 0
25	1	 1 0 0 1 0 1 0 1 0 0 0 0 1 1 0 1 0 0 0 0
25	2	 1 0 0 1 0 0 0 0 1 0 0 1 0 0 1 0 0 0 0 0
25	2	 0 0 0 0 0 0 0 1 0 0 0 0 0 0 0 0 0 0 0 0
25	1	 0 0 0 0 0 1 1 1 0 0 1 0 0 0 1 0 0 1 0 1
25	1	 0 0 0 0 0 1 1 1 0 0 1 0 0 1 0 0 0 0 0 0
25	1	 1 0 0 1 0 0 0 1 1 1 0 0 0 0 0 0 0 0 0 0
25	2	 1 0 0 1 0 0 1 1 0 1 0 0 0 0 0 0 0 0 0 0
25	1	 1 0 0 1 0 0 0 1 0 1 0 1 0 0 0 0 0 0 0 0
25	1	 0 0 0 0 0 0 0 1 0 0 1 0 0 0 1 0 0 0 0 1
25	3	 1 0 1 1 0 0 0 1 0 1 0 0 0 0 0 0 0 1 0 0
25	1	 1 0 0 1 0 0 0 1 0 1 1 0 0 0 1 0 0 0 0 0
25	4	 1 0 1 1 0 0 0 1 0 0 1 0 0 0 1 0 0 0 0 0
25	1	 1 0 0 1 0 1 0 1 0 0 1 0 0 0 1 0 0 0 0 0
25	1	 1 0 0 1 0 0 0 1 0 1 0 1 1 0 0 0 0 0 0 0
25	2	 0 0 1 1 0 0 0 1 0 1 0 0 0 1 1 0 0 0 0 0
25	1	 1 0 0 1 0 1 0 1 0 1 0 0 1 0 0 0 0 0 0 0
25	2	 1 0 1 1 0 0 0 1 0 0 0 1 0 1 0 0 0 0 0 0
25	1	 1 0 1 0 0 0 0 1 0 0 1 0 0 0 1 0 0 0 0 0
70	137	 1 0 0 1 0 0 0 1 0 1 0 0 0 0 0 0 0 0 0 0
70	13	 0 0 0 0 0 0 0 1 0 0 1 0 0 0 1 0 0 0 0 0
70	88	 1 0 0 1 0 0 0 1 0 1 0 0 0 0 0 1 0 0 0 0
70	49	 1 0 1 1 0 0 0 1 0 1 0 0 0 0 0 0 0 0 0 0
70	79	 1 0 0 1 0 0 0 1 0 0 1 0 0 0 1 0 0 0 0 0
70	65	 1 0 0 1 0 0 0 1 0 1 1 0 0 0 0 0 0 0 0 0
70	13	 1 0 0 1 1 0 0 1 0 1 0 0 0 0 0 0 0 0 0 0
70	3	 0 0 0 1 0 0 0 1 0 0 1 0 0 0 1 0 0 0 0 0
70	97	 1 0 0 1 0 1 0 1 0 1 0 0 0 0 0 0 0 0 0 0
70	16	 1 0 0 0 0 1 1 1 0 0 1 0 0 0 1 0 0 0 0 0
70	8	 0 0 0 0 0 1 0 1 0 0 1 0 0 0 1 0 0 0 0 0
70	32	 1 0 0 1 0 0 0 1 0 1 0 0 0 0 0 0 0 0 0 1
70	1	 1 0 0 0 0 0 0 1 0 0 1 1 0 0 1 0 0 0 0 0
70	2	 1 0 1 1 0 0 0 1 0 1 0 0 0 0 0 1 0 0 0 0
70	2	 1 0 0 1 0 0 0 1 0 1 1 0 0 0 0 1 0 0 0 0
70	6	 1 0 0 1 0 1 0 1 0 1 0 0 0 0 0 0 0 1 0 0
70	2	 0 0 0 0 0 1 0 0 0 0 1 0 0 0 1 0 0 0 0 0
70	6	 1 0 0 1 1 0 0 1 0 1 0 0 0 0 0 1 0 0 0 0
70	8	 1 0 0 1 0 0 0 1 0 1 1 0 0 0 0 0 0 0 1 0
70	15	 1 0 0 0 0 1 0 1 0 1 0 0 0 0 0 0 0 0 0 0
70	15	 1 1 0 1 0 0 0 1 0 0 1 0 0 0 1 0 0 0 0 0
70	14	 1 1 0 1 0 0 0 1 0 1 1 0 1 0 0 0 0 0 0 0
70	3	 1 0 1 1 0 1 0 1 0 1 0 0 0 0 0 0 0 0 0 1
70	27	 1 0 0 1 0 0 0 1 0 1 0 0 0 0 1 0 0 0 0 1
70	11	 1 0 1 0 0 0 0 1 0 1 0 0 0 0 0 0 0 0 0 0
70	2	 0 0 0 0 0 0 0 1 1 1 0 0 0 0 1 0 0 0 0 0
70	13	 1 0 0 1 0 0 1 1 0 0 1 0 0 0 1 0 0 0 0 0
70	9	 1 0 1 1 0 0 0 1 0 1 0 0 0 0 0 0 0 0 0 1
70	3	 1 0 0 1 0 0 0 1 0 1 0 0 0 0 0 0 0 0 1 0
70	12	 1 1 0 1 0 0 0 1 0 1 0 0 0 0 0 0 0 0 0 0
70	2	 1 0 0 1 0 0 0 1 0 1 0 0 0 0 0 0 0 1 0 1
70	10	 1 0 0 0 0 0 0 1 0 1 1 0 0 0 0 1 0 0 0 0
70	5	 1 0 0 1 0 0 0 0 0 1 1 0 0 0 0 0 0 0 0 0
70	22	 1 0 0 1 0 0 0 0 0 1 0 0 0 0 0 0 0 0 0 0
70	10	 1 0 0 1 0 0 0 1 0 1 0 0 0 0 0 1 0 0 0 1
70	13	 1 0 0 1 0 0 0 1 0 1 1 0 0 0 1 1 0 0 0 0
70	18	 1 0 0 1 0 0 0 1 0 0 1 0 0 0 0 0 0 0 0 1
70	2	 1 0 0 1 0 0 0 1 0 1 0 0 0 1 1 0 0 0 0 0
70	2	 1 0 0 1 1 0 1 1 0 1 0 0 0 0 0 0 0 0 0 0
70	5	 1 0 0 0 0 0 0 1 0 0 1 0 0 0 1 0 0 0 0 0
70	10	 1 1 0 1 0 0 0 1 0 1 1 0 0 0 1 0 0 0 0 0
70	1	 1 0 1 1 0 0 0 1 0 0 0 0 0 0 0 0 0 0 0 0
70	1	 1 0 0 1 0 0 1 1 0 0 1 0 0 0 0 0 0 0 0 0
70	15	 1 0 0 1 0 0 0 1 0 1 0 1 0 0 0 1 0 0 0 0
70	6	 1 0 0 1 0 0 0 1 0 0 1 0 0 0 0 0 0 0 0 0
70	4	 1 1 1 1 0 0 0 1 1 1 0 0 0 0 0 0 0 0 0 0
70	21	 1 0 0 1 0 0 0 1 0 1 0 1 0 0 0 0 0 0 0 0
70	3	 1 0 0 1 0 0 0 1 0 1 0 0 0 1 0 0 0 0 0 1
70	1	 1 0 0 0 0 1 1 1 0 0 1 0 0 0 0 0 0 0 0 0
70	3	 0 0 0 1 0 0 0 1 0 0 1 0 0 0 0 0 0 0 0 0
70	4	 1 0 0 1 0 0 0 0 0 1 1 0 0 0 0 0 0 0 0 1
70	1	 1 0 0 1 0 0 1 1 0 1 0 0 0 0 0 0 0 0 0 0
70	2	 1 0 0 1 0 0 0 1 0 1 1 0 0 0 0 0 0 0 1 1
70	1	 1 1 0 1 1 0 1 1 0 1 0 0 0 0 0 0 0 0 0 0
70	5	 1 0 0 0 0 1 1 1 0 0 1 0 0 0 0 0 0 0 0 1
70	1	 1 0 0 1 0 1 0 1 0 1 1 0 0 0 1 0 0 0 0 0
70	5	 1 1 0 0 0 0 0 1 0 0 1 1 0 0 1 0 0 0 0 0
70	2	 1 0 0 0 0 0 1 1 0 0 1 1 0 0 1 0 0 0 0 0
70	2	 1 0 0 1 0 0 1 0 0 1 0 0 0 1 0 1 0 0 0 0
70	2	 1 0 1 1 0 0 0 1 0 0 1 0 0 0 0 0 0 0 0 0
70	1	 0 0 0 0 0 0 0 1 0 0 1 0 0 0 1 0 0 0 1 0
70	2	 1 0 0 1 1 0 0 1 0 0 1 0 0 0 1 0 0 0 0 0
70	4	 1 0 0 1 0 0 0 1 0 1 0 0 0 0 0 0 1 0 0 1
70	5	 1 0 0 1 1 0 0 1 1 1 0 0 0 0 0 1 0 0 0 0
70	1	 1 0 0 1 0 0 0 0 0 1 0 0 0 0 0 0 0 0 0 1
70	1	 1 0 0 1 0 0 0 0 0 1 1 0 0 0 1 1 0 0 0 0
70	1	 1 1 0 0 0 0 0 0 0 1 1 0 0 0 1 0 0 0 0 0
70	1	 1 0 0 1 0 0 0 1 0 0 1 0 0 0 0 1 0 0 0 0
70	3	 0 0 0 1 0 0 0 1 0 1 0 0 0 0 0 1 0 1 0 0
70	4	 0 0 0 0 0 0 0 1 0 1 0 0 0 0 0 0 0 0 0 0
70	8	 0 0 0 1 0 0 0 1 0 0 1 0 0 0 1 0 0 0 0 1
70	3	 1 0 1 1 0 1 0 1 0 1 1 0 0 0 0 0 0 0 0 1
70	3	 1 0 0 1 0 0 0 1 0 1 1 0 1 0 0 0 0 0 1 1
70	2	 1 0 0 1 1 0 0 1 0 1 0 0 0 0 0 0 0 0 1 1
70	1	 1 0 0 1 1 0 0 1 0 0 1 0 0 0 0 0 0 0 0 0
70	2	 0 0 1 0 0 0 0 1 0 0 1 0 0 0 1 0 0 0 0 0
70	1	 1 0 0 1 0 0 0 1 0 1 0 0 0 1 0 1 0 0 0 0
70	2	 1 0 1 1 0 0 0 1 0 1 0 0 0 0 0 0 0 0 1 0
70	6	 1 0 0 1 0 1 0 1 0 1 0 0 0 1 0 0 0 0 0 0
70	2	 1 0 0 1 0 0 0 1 0 0 0 0 0 0 0 0 1 0 0 1
70	1	 1 0 0 0 0 1 1 1 0 0 1 0 0 0 1 0 0 0 0 1
70	1	 1 1 0 1 0 1 0 1 0 1 0 0 0 0 0 0 0 0 0 0
70	3	 1 0 1 1 0 1 0 1 0 1 0 0 0 0 0 0 0 0 0 0
70	4	 1 0 0 1 0 0 1 0 0 1 0 0 0 0 0 0 0 0 0 0
70	1	 0 0 0 0 0 0 0 1 0 1 1 0 0 0 1 0 0 0 0 0
70	2	 1 0 0 1 0 1 0 1 0 1 0 1 0 0 0 0 0 0 0 0
70	3	 1 0 0 1 0 0 1 1 0 0 0 0 0 0 1 0 0 0 0 0
70	2	 1 0 1 1 1 0 0 1 0 1 0 0 0 0 0 0 0 0 0 1
135	114	 1 0 0 1 0 0 0 1 0 1 0 0 0 0 0 0 0 0 0 0
135	58	 1 0 0 1 0 0 0 1 0 1 0 0 0 0 0 1 0 0 0 0
135	46	 1 0 1 1 0 0 0 1 0 1 0 0 0 0 0 0 0 0 0 0
135	15	 1 0 0 1 0 0 0 1 0 1 1 0 0 0 0 0 0 0 0 0
135	14	 1 0 0 1 1 0 0 1 0 1 0 0 0 0 0 0 0 0 0 0
135	44	 1 0 0 1 0 1 0 1 0 1 0 0 0 0 0 0 0 0 0 0
135	3	 1 0 0 1 0 0 0 1 0 1 0 0 0 0 0 0 0 0 0 1
135	9	 1 1 0 1 0 0 0 1 0 1 1 0 1 0 0 0 0 0 0 0
135	1	 1 0 0 1 0 0 0 1 0 1 0 0 0 0 0 0 0 0 1 0
135	58	 1 1 0 1 0 0 0 1 0 1 0 0 0 0 0 0 0 0 0 0
135	17	 1 0 0 0 0 0 0 1 0 1 1 0 0 0 0 1 0 0 0 0
135	13	 1 0 0 1 0 0 1 1 0 1 0 0 0 0 0 0 0 0 0 0
135	9	 1 0 0 0 0 0 1 1 0 0 1 1 0 0 1 0 0 0 0 0
135	2	 1 0 0 0 0 0 0 1 0 1 0 0 0 0 0 0 0 0 0 0
135	43	 1 1 0 1 0 0 0 1 0 1 1 0 1 0 0 0 0 0 0 1
135	34	 1 0 1 1 0 0 0 1 0 1 0 0 0 0 0 1 0 0 0 0
135	19	 1 0 0 1 1 0 0 1 0 0 1 0 0 0 0 0 0 0 0 0
135	3	 1 0 0 1 0 1 0 1 0 1 1 0 0 0 0 0 0 0 0 0
135	8	 1 0 0 1 0 0 0 1 0 1 0 0 0 1 0 1 0 0 0 0
135	5	 1 0 0 1 0 0 0 1 0 1 1 0 0 0 0 1 0 0 0 0
135	2	 1 0 0 1 0 0 0 1 0 1 0 0 0 1 0 0 0 0 0 0
135	10	 1 1 0 1 0 0 0 1 0 1 0 0 0 0 0 0 0 0 0 1
135	2	 1 0 0 1 0 0 0 0 0 1 0 0 0 0 0 1 0 0 0 0
135	2	 1 0 1 1 0 0 0 1 1 1 0 0 0 0 0 0 0 0 0 0
135	1	 1 0 0 1 0 0 0 1 0 0 1 0 0 0 0 0 0 0 0 0
135	13	 1 0 1 1 0 0 0 1 0 1 1 0 1 0 0 1 0 0 0 0
135	1	 1 0 1 1 0 0 0 1 0 1 0 0 0 1 0 0 0 0 0 0
135	1	 1 0 0 0 0 0 0 1 0 1 0 0 0 0 0 1 0 0 0 0
135	5	 1 0 0 1 0 0 0 1 0 1 0 1 0 0 0 0 1 0 0 0
135	14	 1 0 0 1 0 0 0 1 0 1 1 0 1 0 0 0 0 0 0 1
135	4	 1 0 0 1 0 0 0 0 0 1 0 0 0 0 0 0 0 0 0 0
135	5	 1 0 0 1 0 1 0 1 1 0 1 0 0 0 1 0 0 0 0 0
135	10	 1 0 0 0 0 0 0 1 1 1 1 0 0 0 0 1 0 0 0 0
135	7	 1 0 0 1 0 0 0 0 0 1 1 0 0 0 0 0 0 0 0 0
135	3	 1 0 0 1 0 1 0 1 1 0 1 1 0 0 1 0 0 0 0 0
135	16	 1 0 0 1 0 0 0 1 0 1 0 0 0 0 0 0 1 0 0 0
135	4	 1 0 0 1 0 0 0 1 0 1 1 0 0 0 0 0 1 0 1 0
135	12	 1 0 1 0 1 0 0 0 0 1 0 1 0 0 0 1 0 0 0 0
135	5	 0 0 1 1 0 0 0 1 0 1 0 0 0 0 0 0 0 0 0 0
135	1	 1 1 0 1 0 0 0 1 0 1 1 0 0 0 0 1 0 0 0 0
135	6	 1 1 0 1 0 0 0 1 0 1 0 0 0 0 1 0 0 0 0 0
135	1	 1 0 0 1 0 0 0 1 0 1 0 0 0 0 0 0 0 1 0 0
135	20	 1 0 0 1 0 0 0 0 0 1 1 0 1 0 0 0 1 0 0 0
135	4	 1 0 0 1 0 0 0 1 0 1 1 0 1 0 0 1 0 0 0 0
135	5	 1 0 0 1 0 0 1 1 0 0 1 1 0 0 1 0 0 0 0 0
135	1	 1 0 1 1 0 0 0 0 0 1 0 0 0 0 0 0 0 0 0 0
135	11	 1 0 0 1 0 0 0 1 0 1 0 0 0 1 1 0 0 0 0 0
135	23	 1 1 0 1 1 0 0 1 0 1 0 0 1 0 0 0 0 0 0 0
135	12	 1 0 0 1 0 0 0 1 0 1 0 0 0 1 0 1 1 0 0 0
135	5	 1 0 0 1 0 0 0 1 0 1 0 1 0 0 0 1 1 0 0 0
135	8	 1 0 0 1 0 0 0 1 1 1 0 0 0 1 0 1 0 0 0 0
135	12	 1 0 0 1 0 0 0 1 0 1 0 0 1 0 0 0 0 0 0 0
135	2	 1 1 0 1 0 0 0 1 0 1 1 0 1 1 0 0 0 0 0 1
135	4	 1 0 1 1 0 0 0 1 0 1 0 0 0 0 0 1 0 0 1 0
135	7	 1 0 0 1 0 0 0 0 0 1 0 0 0 1 0 1 0 0 0 0
135	28	 1 1 0 1 0 0 0 1 0 1 1 0 0 0 1 0 0 0 0 0
135	3	 1 1 0 1 0 0 0 1 0 1 1 0 1 0 0 0 0 0 1 0
135	5	 1 1 0 1 0 0 0 1 0 0 0 0 0 0 0 1 0 0 0 0
135	1	 1 0 1 1 0 0 0 1 0 0 0 0 0 0 0 0 0 0 0 0
135	4	 1 1 0 0 0 0 0 1 0 1 0 0 0 0 0 1 0 0 0 0
135	3	 1 0 0 1 0 0 0 0 0 1 0 0 1 0 0 0 0 0 0 0
135	1	 1 0 0 1 0 0 0 1 0 1 0 0 0 0 0 1 1 0 0 0
135	4	 1 1 0 1 0 0 0 1 0 1 1 0 1 1 1 0 0 0 0 0
135	6	 1 0 0 1 1 0 0 1 0 0 1 0 1 0 0 0 0 0 0 0
135	14	 1 1 0 1 0 0 0 0 0 1 0 0 0 0 0 0 0 0 0 1
135	3	 1 0 0 1 1 0 0 1 0 0 1 0 0 0 0 1 0 0 0 0
135	27	 1 0 1 0 0 0 0 1 0 1 1 0 0 0 0 1 0 0 0 0
135	1	 0 0 0 1 0 0 0 0 0 1 1 0 1 0 0 0 1 0 0 0
135	2	 1 0 1 1 0 1 0 1 0 1 0 0 0 0 0 0 0 0 0 0
135	1	 1 0 0 1 0 0 0 1 1 0 0 0 0 0 1 0 0 0 0 0
135	1	 1 1 0 1 0 0 0 1 0 1 0 0 0 0 0 0 0 0 1 0
135	7	 0 1 0 1 0 0 0 1 0 1 0 0 0 0 0 0 0 0 0 0
135	7	 1 1 0 0 0 0 1 1 0 0 1 1 0 0 1 0 0 0 0 0
135	2	 1 0 1 1 0 0 0 0 0 1 0 0 0 0 0 1 0 0 0 0
135	5	 1 0 0 1 0 0 0 0 0 1 0 0 0 0 0 0 0 1 0 0
135	2	 1 0 0 1 1 1 0 1 0 1 1 0 1 1 0 0 0 0 0 1
135	3	 1 0 0 1 0 0 0 1 0 1 0 0 0 1 0 0 0 0 0 1
135	13	 1 0 0 1 0 1 0 1 1 1 0 0 0 1 0 1 0 0 0 0
135	2	 1 1 0 1 0 0 0 1 0 1 0 0 0 0 0 1 0 0 0 0
135	2	 1 1 0 1 0 0 0 0 0 1 1 0 1 0 0 0 1 0 0 0
135	1	 1 1 0 1 0 0 0 1 0 1 1 0 1 0 0 1 0 0 0 0
135	3	 1 0 1 1 0 0 0 1 0 1 1 0 1 0 1 0 0 0 0 0
135	2	 1 0 1 1 0 0 0 1 0 1 1 0 0 0 0 1 0 0 0 0
135	1	 1 0 0 1 0 0 0 1 0 1 1 0 1 0 0 0 0 0 0 0
135	2	 1 0 0 1 0 0 0 1 1 1 0 0 0 0 0 0 0 0 0 0
135	3	 1 1 0 1 0 0 0 1 0 1 0 0 1 0 0 1 0 0 0 0
135	1	 1 0 0 1 0 1 0 1 1 1 1 0 1 0 0 0 0 0 0 0
135	2	 1 0 0 1 0 0 0 1 0 0 0 0 0 0 0 0 0 0 0 0
135	12	 1 0 0 1 0 0 0 1 0 1 0 0 0 0 1 0 0 0 0 0
135	2	 1 0 1 1 0 0 0 1 0 1 0 1 0 0 0 1 1 0 0 0
135	3	 1 1 0 1 0 0 1 1 0 1 0 0 0 0 0 0 1 1 0 0
135	7	 1 0 0 1 0 0 0 1 0 1 0 0 1 0 0 1 0 0 1 0
135	1	 1 0 1 1 0 0 0 1 0 1 0 0 0 0 0 1 0 0 0 1
135	1	 1 0 0 1 0 0 0 1 1 1 0 0 0 0 0 0 1 0 0 0
135	2	 1 0 0 1 0 0 0 0 0 1 1 0 0 0 0 0 1 0 1 0
135	2	 1 0 1 1 0 0 0 0 0 1 0 0 0 1 0 0 0 0 0 0
135	1	 1 1 0 1 1 0 0 1 1 1 0 0 1 0 0 0 0 0 0 0
135	2	 1 0 0 1 0 0 0 0 0 1 1 0 0 1 0 1 0 0 0 0
135	1	 1 0 0 1 0 0 0 1 1 1 0 0 0 0 0 1 0 0 0 0
135	1	 1 0 0 1 1 0 0 1 0 1 0 1 0 0 0 0 0 0 0 0
135	2	 1 0 1 1 1 0 0 1 0 1 0 0 0 0 0 0 0 0 0 0
135	3	 1 0 0 1 1 0 0 0 0 1 0 0 0 0 0 0 0 0 0 0
135	1	 1 1 1 1 0 0 0 1 0 1 0 0 0 0 0 0 0 0 0 0
135	3	 1 0 0 1 1 0 0 1 0 0 1 0 0 0 0 0 0 1 0 0
135	2	 1 0 1 1 0 0 0 0 0 1 1 0 1 0 0 0 1 0 0 0
135	2	 1 0 0 1 0 0 1 1 0 1 0 0 1 0 0 0 0 0 0 0
135	1	 1 1 1 1 0 0 0 1 0 0 0 0 0 0 0 0 0 0 0 0
135	6	 1 0 0 1 1 1 0 1 1 0 1 1 0 0 0 0 0 0 0 0
135	1	 1 0 0 1 0 1 0 1 1 1 0 0 0 1 0 1 0 0 1 0
135	1	 1 0 1 1 0 0 0 1 0 1 0 0 0 0 0 0 0 0 0 1
135	1	 1 0 1 1 0 0 0 1 0 1 1 0 1 0 0 0 0 0 0 1
135	3	 1 0 1 1 0 0 0 1 0 1 0 0 0 0 0 1 1 0 1 0
135	2	 1 1 0 1 0 0 0 0 0 1 0 0 0 0 0 1 0 0 0 0
135	1	 1 0 0 1 1 1 0 1 0 1 1 0 0 0 0 0 0 0 0 1
135	1	 1 0 0 0 1 0 0 0 0 1 0 1 0 0 0 1 0 0 0 0
135	3	 1 0 1 1 0 0 0 1 0 1 0 0 1 0 0 0 0 0 0 0
135	2	 1 0 0 1 0 1 0 1 0 1 0 0 0 0 0 1 0 0 0 0
135	1	 1 0 0 0 0 0 0 1 0 1 1 0 0 0 0 1 1 0 0 0
135	3	 1 1 0 1 0 0 0 1 0 1 1 0 0 0 0 0 0 0 0 1
135	3	 1 0 0 1 0 0 0 1 0 1 1 0 1 0 0 0 0 0 1 1
135	1	 1 0 0 1 0 1 1 1 1 0 1 1 0 0 1 0 0 0 0 0
135	1	 1 0 0 1 0 1 0 1 0 1 0 0 0 0 0 0 1 0 0 0
135	2	 1 0 0 0 0 0 0 1 0 1 0 0 0 0 0 0 1 0 0 0
135	1	 1 1 0 1 0 0 0 1 0 1 1 0 0 0 1 1 0 0 0 0
135	2	 1 0 0 1 0 1 1 1 1 1 0 0 0 1 0 1 0 0 0 0
250	14	 1 0 1 1 0 0 0 1 0 1 0 0 0 0 0 1 0 0 0 0
250	21	 1 1 0 1 0 0 0 1 0 1 1 0 1 0 0 1 0 0 0 0
250	139	 1 1 0 1 0 1 0 1 0 1 1 0 1 0 0 0 0 0 0 0
250	5	 1 0 1 1 0 0 0 1 1 1 1 0 1 0 0 1 0 0 0 0
250	3	 1 1 0 1 0 0 0 1 0 1 1 0 1 0 0 0 0 0 0 0
250	13	 1 0 1 1 0 0 0 1 0 1 0 0 0 0 0 1 0 0 0 1
250	54	 1 1 0 1 0 1 0 1 0 1 1 0 1 0 0 0 0 0 1 0
250	38	 1 1 0 1 0 1 0 1 0 1 1 0 1 1 0 0 0 0 0 0
250	44	 1 1 0 1 0 1 0 0 0 1 1 0 1 0 0 0 0 0 0 0
250	4	 1 0 1 1 0 0 0 1 0 1 1 1 0 0 1 0 0 0 0 0
250	1	 1 1 0 1 0 1 0 1 0 0 0 0 0 0 0 1 0 0 0 0
250	30	 1 0 1 1 0 0 1 0 0 0 1 1 0 0 0 0 0 0 0 0
250	4	 1 1 0 1 0 0 0 1 0 1 1 0 1 0 0 0 0 0 0 1
250	32	 1 1 0 1 1 0 0 1 0 1 1 0 1 0 0 1 0 0 0 0
250	16	 1 0 1 0 0 0 0 0 0 1 1 1 0 0 0 1 0 0 0 0
250	37	 1 0 1 1 0 0 0 1 0 1 0 0 0 0 0 0 0 0 0 0
250	6	 1 0 1 1 0 0 0 1 0 1 1 0 1 1 0 0 0 0 0 0
250	12	 1 1 0 1 0 1 0 1 0 1 1 0 1 0 0 0 1 0 0 0
250	7	 1 1 0 1 0 0 0 0 1 1 1 0 0 1 0 0 0 0 0 0
250	17	 1 1 0 1 1 1 0 0 0 1 1 0 1 0 0 0 0 0 0 0
250	1	 1 0 1 1 0 1 0 1 0 1 0 0 1 0 0 0 0 0 0 1
250	14	 1 1 0 1 0 0 0 0 1 1 1 0 1 0 0 1 0 0 0 0
250	6	 1 1 0 1 0 1 0 1 0 1 1 0 1 0 0 1 0 0 0 1
250	5	 1 1 0 1 0 1 1 0 0 1 1 1 0 0 0 0 0 0 0 0
250	48	 1 1 0 1 0 1 0 1 0 1 1 0 1 1 0 0 0 0 1 0
250	2	 1 1 0 1 0 1 0 1 0 1 1 0 0 0 0 0 0 0 0 0
250	11	 1 1 0 1 0 1 0 0 1 1 1 0 1 0 0 0 1 0 0 0
250	3	 1 1 0 1 0 1 0 1 0 1 0 0 1 0 0 0 0 0 0 0
250	4	 1 1 0 1 0 1 1 1 0 1 1 0 1 0 0 1 0 0 0 0
250	3	 1 0 1 1 0 0 0 1 0 1 1 0 1 0 0 0 0 0 0 0
250	5	 1 0 1 0 0 0 1 0 0 1 1 1 0 0 0 1 0 0 0 0
250	4	 1 1 0 1 0 0 0 1 0 1 1 1 1 0 0 0 0 0 0 0
250	1	 1 1 0 1 0 0 0 1 0 0 1 0 1 0 1 1 0 0 0 1
250	3	 0 1 0 1 0 1 0 1 0 1 1 0 1 1 0 0 0 0 0 0
250	6	 0 1 0 1 0 0 0 1 0 1 1 0 1 0 1 1 0 0 0 0
250	4	 1 1 0 1 0 1 0 0 0 1 1 0 1 0 0 0 0 0 0 1
250	9	 1 0 0 1 0 0 0 0 1 1 1 0 1 0 0 0 0 0 0 1
250	1	 1 1 0 1 0 1 1 1 0 1 1 0 1 0 0 0 0 0 1 0
250	10	 1 1 0 1 0 1 0 0 0 1 1 0 1 0 0 1 0 0 0 0
250	5	 1 1 0 1 0 1 0 1 1 1 1 0 1 0 0 1 0 0 0 0
250	4	 0 1 0 1 0 1 0 1 1 1 1 0 1 0 0 0 0 0 0 0
250	6	 1 0 0 1 0 0 0 1 0 1 1 0 1 1 0 0 0 0 0 0
250	4	 1 0 1 0 0 1 0 0 0 1 1 1 0 0 0 1 0 0 0 0
250	3	 1 1 0 1 0 1 0 0 0 1 1 0 1 0 0 1 1 0 0 1
250	4	 1 1 0 1 0 1 0 1 0 1 1 0 0 1 0 0 0 0 0 0
250	3	 1 0 1 0 0 0 0 1 1 1 1 0 1 0 0 1 0 0 0 0
250	5	 1 0 1 0 0 0 1 0 0 0 1 1 0 0 0 0 0 0 0 0
250	16	 1 0 1 1 0 1 0 1 0 1 1 0 1 0 0 0 0 0 1 0
250	3	 1 1 0 1 0 0 1 1 0 1 1 0 1 0 0 1 0 0 0 0
250	7	 1 1 0 1 0 1 0 1 0 1 1 0 1 1 1 0 0 0 0 0
250	12	 1 1 0 1 0 1 0 1 0 1 1 0 0 0 0 0 0 0 0 1
250	7	 1 0 1 1 0 0 0 1 0 1 1 1 1 1 0 0 0 0 0 0
250	11	 1 1 0 1 0 0 0 1 0 1 1 0 1 0 1 0 0 0 0 0
250	10	 1 0 0 1 0 0 0 0 1 1 1 0 1 0 1 1 0 0 0 0
250	14	 1 1 0 1 0 1 0 1 1 1 1 0 1 0 0 0 0 0 1 0
250	1	 1 0 1 1 0 1 0 1 1 1 1 0 1 1 0 0 0 0 0 0
250	6	 0 1 0 1 0 0 0 1 0 1 1 0 1 0 1 0 0 0 1 0
250	14	 1 1 0 1 0 1 0 1 0 1 1 0 1 1 0 0 0 0 0 1
250	8	 1 1 0 1 0 1 0 0 0 1 1 0 1 0 0 0 0 0 1 0
250	10	 1 0 0 0 0 0 0 1 0 1 1 0 1 1 0 0 0 0 1 0
250	1	 1 0 0 0 0 0 1 1 0 1 1 1 1 0 0 1 0 0 0 1
250	4	 1 0 1 1 0 1 1 0 0 1 1 0 1 0 0 0 0 0 0 0
250	3	 1 1 0 1 0 1 0 0 0 1 1 1 0 0 0 1 0 0 0 0
250	1	 1 0 1 1 0 0 0 1 1 1 1 0 1 0 0 0 0 0 1 0
250	1	 1 1 0 1 0 1 0 1 0 1 1 0 1 0 1 1 0 0 0 0
250	3	 1 0 1 1 0 0 0 1 0 1 0 0 0 0 0 0 0 0 1 0
250	2	 1 1 0 1 0 1 0 1 1 1 1 1 1 0 1 0 0 0 0 0
250	3	 1 0 0 1 0 1 0 0 0 1 1 0 1 0 0 0 0 0 0 0
250	9	 1 1 0 1 0 1 1 1 0 1 1 0 1 0 0 0 0 0 0 1
250	4	 1 1 0 1 0 1 0 0 0 1 1 0 1 1 0 0 0 0 1 0
250	10	 1 0 1 1 0 0 1 1 0 1 1 1 1 0 0 1 1 0 0 1
250	4	 1 0 1 1 0 1 0 1 0 1 1 0 1 0 0 0 0 0 0 0
250	13	 1 0 0 1 0 0 0 0 1 1 1 0 1 0 0 0 0 0 0 0
250	2	 1 0 1 0 0 0 0 1 1 1 1 0 1 0 0 0 0 0 0 0
250	5	 1 0 1 1 0 1 0 0 0 1 1 0 1 0 0 0 0 0 0 0
250	3	 1 0 0 0 0 0 0 1 0 1 1 0 1 1 0 0 0 0 0 0
250	3	 1 1 0 1 0 1 0 1 1 1 1 0 1 1 0 0 0 0 0 0
250	6	 1 1 0 1 0 1 0 1 1 1 1 0 1 0 0 0 0 0 0 1
250	3	 1 0 1 1 1 0 0 1 0 1 1 0 1 1 0 0 0 0 0 0
250	4	 1 1 0 1 0 1 1 1 0 1 1 0 1 0 0 1 1 0 0 0
250	1	 1 0 0 1 1 0 0 0 0 1 1 1 0 1 0 0 0 0 0 0
250	1	 1 1 0 1 0 1 0 1 0 1 1 0 1 0 0 0 0 1 1 1
250	7	 1 1 0 1 0 1 0 1 0 1 1 1 1 0 0 0 1 0 0 0
250	3	 1 0 1 1 0 0 0 1 0 1 0 0 0 0 0 0 0 1 0 0
250	7	 1 1 0 1 0 0 1 1 0 0 1 0 1 0 1 1 0 0 0 1
250	7	 1 0 1 1 1 0 0 1 0 1 1 1 1 1 0 0 0 0 0 0
250	2	 1 0 1 1 0 0 1 0 0 0 1 0 1 0 1 0 0 0 1 0
250	1	 1 0 1 0 0 1 0 1 0 1 1 0 1 1 0 0 0 0 1 0
250	17	 1 1 1 1 0 0 0 1 0 1 0 0 0 0 0 0 0 0 0 0
250	3	 1 1 0 1 0 0 0 0 1 1 1 0 0 0 0 0 0 0 0 0
250	6	 1 0 1 1 0 1 1 1 0 1 0 0 1 0 0 0 0 0 0 1
250	1	 1 1 0 1 0 0 0 1 1 1 1 1 1 0 0 1 0 0 0 0
250	2	 1 1 0 1 0 1 0 0 0 1 1 1 1 0 0 0 0 0 0 0
250	2	 1 1 0 0 0 0 0 0 0 1 1 1 0 0 0 1 0 0 0 0
250	2	 1 1 0 1 0 0 1 0 0 0 1 1 0 0 0 0 0 0 0 0
250	4	 1 1 0 1 0 0 0 0 1 1 1 0 1 0 0 0 0 0 0 0
250	1	 1 1 0 1 0 1 0 1 1 1 1 0 1 0 1 0 0 0 1 0
250	5	 1 1 0 1 0 0 0 0 1 1 1 0 1 0 1 1 0 0 0 0
250	8	 1 1 0 1 0 0 0 1 0 0 1 0 1 0 0 1 0 0 0 0
250	2	 1 0 0 1 0 1 0 0 1 1 1 0 1 0 0 0 0 0 0 1
250	3	 1 1 0 1 0 1 0 0 0 1 0 0 1 0 0 1 0 0 0 0
250	2	 1 1 0 1 0 1 0 0 0 1 1 0 0 0 0 1 0 0 0 0
250	5	 1 0 1 1 1 1 0 1 0 1 1 0 1 1 0 0 0 0 0 0
250	2	 1 1 0 1 0 0 0 1 0 1 1 0 1 1 0 0 0 0 1 0
250	1	 1 1 0 1 0 1 0 1 0 1 1 0 1 0 1 0 0 0 1 0
250	1	 1 1 0 1 0 0 0 1 0 1 1 0 1 0 0 1 1 0 0 0
250	3	 1 1 0 1 0 1 0 1 0 1 1 0 1 0 1 0 0 0 0 0
250	2	 1 1 0 1 0 1 0 0 0 0 1 0 1 0 0 0 0 0 0 0
250	1	 0 0 1 1 0 0 1 0 0 0 1 1 0 0 0 0 0 0 0 0
250	2	 1 0 0 1 0 0 0 0 1 1 1 0 0 1 0 0 0 0 0 0
250	1	 1 1 0 1 0 1 0 1 0 1 1 0 0 0 1 0 0 0 0 0
250	1	 1 0 1 1 0 0 1 1 0 0 0 1 1 0 0 1 1 0 0 1
250	5	 1 1 0 1 0 1 0 1 1 1 1 0 1 1 1 0 0 0 0 0
250	1	 1 1 0 1 0 0 0 1 0 1 1 1 1 1 0 0 0 0 0 0
250	1	 1 1 0 1 0 0 0 1 0 1 1 0 1 0 1 0 0 0 0 1
250	1	 1 0 0 1 0 1 0 1 0 1 1 0 1 0 0 1 0 0 0 1
250	1	 0 0 1 1 0 0 0 1 0 1 1 0 1 1 0 0 0 0 1 0
250	1	 1 1 0 1 0 1 0 1 0 1 1 0 1 0 0 1 0 0 0 0
250	1	 1 0 0 1 0 1 0 1 0 1 1 0 1 0 0 0 0 0 0 0
250	1	 1 0 1 1 0 0 1 0 0 0 1 1 0 0 0 0 1 0 0 0
250	1	 1 1 0 1 1 0 0 1 0 1 1 0 1 0 0 0 0 0 0 0
250	2	 1 1 0 1 0 1 0 0 0 1 1 0 1 0 0 1 1 1 0 1
250	1	 1 1 0 1 1 1 0 1 0 1 1 0 0 1 0 0 0 0 0 0
250	3	 1 1 0 1 0 1 0 1 1 1 1 0 1 0 0 0 0 1 1 0
250	1	 1 1 0 1 0 1 1 1 0 1 1 0 1 1 0 0 0 0 0 1
400	27	 1 1 1 1 0 0 0 0 1 1 1 0 1 0 0 1 0 0 0 0
400	3	 1 1 0 1 0 1 1 1 0 1 1 0 1 0 0 0 0 0 0 0
400	63	 1 1 1 1 0 1 0 0 1 1 1 0 1 0 1 0 0 0 0 0
400	7	 1 0 1 1 0 1 1 0 0 1 1 1 1 0 0 0 0 0 1 0
400	46	 1 1 1 1 0 0 0 0 1 1 1 0 1 0 0 0 0 0 0 0
400	35	 1 0 1 1 0 0 0 1 1 1 1 0 1 0 0 0 0 0 0 1
400	1	 1 1 0 1 0 1 0 1 0 1 1 0 1 0 0 0 0 0 0 0
400	37	 1 1 1 1 0 0 1 0 0 1 1 1 0 0 1 1 0 0 0 0
400	16	 1 1 1 1 0 0 0 0 1 0 1 0 1 0 0 0 0 0 0 0
400	18	 1 0 1 1 0 1 0 1 0 1 1 0 1 0 0 0 0 0 0 0
400	39	 1 1 1 1 0 0 1 0 0 1 1 1 0 0 0 1 0 0 0 1
400	4	 1 0 0 1 0 1 0 0 0 1 1 0 1 0 0 0 0 0 1 0
400	15	 1 1 0 1 1 1 0 1 0 1 1 0 0 0 1 1 0 0 0 0
400	15	 1 0 1 1 0 0 0 1 0 1 1 1 1 0 0 0 0 0 0 0
400	9	 1 1 1 1 0 0 0 0 1 0 1 0 1 0 0 1 0 0 0 0
400	5	 1 1 1 1 0 1 0 1 0 1 1 0 0 0 1 1 0 0 0 0
400	18	 1 1 0 1 0 0 1 0 0 1 1 1 0 0 0 1 0 0 0 1
400	9	 1 1 1 1 0 0 0 1 1 0 1 0 0 0 1 1 0 0 0 0
400	10	 1 1 1 0 1 0 0 1 1 1 1 0 1 0 0 0 0 0 0 0
400	7	 1 0 1 0 0 0 0 1 0 1 1 0 1 0 0 1 0 0 0 1
400	35	 1 1 1 0 0 0 0 0 1 1 1 0 1 0 0 1 0 0 0 0
400	6	 1 1 1 1 0 0 0 0 1 1 1 0 1 0 1 1 0 0 0 0
400	2	 1 1 1 1 0 0 0 0 0 0 1 0 1 0 0 0 0 0 0 0
400	3	 1 1 0 1 0 0 0 1 1 1 1 0 1 0 0 0 0 0 0 0
400	17	 1 0 1 1 0 0 0 1 1 0 0 0 0 0 0 1 0 0 0 0
400	9	 1 1 1 1 0 0 1 0 0 1 1 0 0 1 0 0 0 0 0 0
400	15	 1 0 1 1 0 1 0 1 0 1 1 0 0 0 0 0 0 0 0 0
400	3	 1 1 0 1 1 1 0 0 0 1 1 0 0 0 0 0 1 0 0 0
400	14	 1 1 1 1 0 1 0 0 1 1 1 0 1 0 1 0 0 0 0 1
400	4	 1 1 1 1 0 0 1 0 0 1 1 1 0 0 1 0 0 1 0 0
400	7	 1 1 1 1 0 0 1 0 0 1 1 1 0 0 1 1 0 0 0 1
400	16	 1 1 1 1 0 0 0 0 1 0 1 0 1 0 0 0 0 0 0 1
400	6	 1 1 0 1 0 0 0 1 0 1 0 1 1 0 0 0 0 0 1 0
400	13	 1 1 0 1 0 0 0 1 0 1 1 0 1 0 0 0 0 0 0 0
400	7	 1 1 1 1 1 0 0 1 1 1 1 0 1 0 0 0 0 0 0 0
400	17	 1 0 1 1 0 1 0 1 0 1 1 0 1 1 0 1 0 0 0 0
400	3	 1 1 1 0 0 0 0 0 1 1 1 0 1 0 1 1 0 0 0 0
400	2	 1 0 0 1 0 0 0 1 0 1 0 0 1 0 1 1 0 0 0 0
400	1	 1 0 0 1 0 1 1 1 0 0 1 0 0 0 0 1 0 0 0 0
400	3	 1 0 1 0 0 0 0 1 1 1 1 0 1 0 0 1 0 0 0 0
400	14	 1 1 1 1 0 0 1 0 0 1 1 1 0 0 0 1 0 0 0 0
400	5	 1 1 1 1 0 1 1 0 0 1 1 1 0 0 1 0 0 1 0 0
400	4	 1 1 1 1 0 0 0 0 1 1 1 0 0 0 0 1 0 0 1 0
400	4	 1 1 1 1 0 0 0 0 1 1 1 0 1 0 0 0 0 0 0 1
400	10	 1 0 1 1 0 1 0 0 0 1 1 0 1 0 0 0 0 0 1 0
400	2	 1 0 0 1 0 1 0 1 1 0 0 0 1 1 0 0 0 0 0 0
400	22	 1 1 1 1 0 0 0 1 1 1 1 0 1 0 1 0 0 0 0 0
400	3	 1 1 1 1 0 0 0 0 0 1 1 1 0 0 0 1 0 0 0 1
400	6	 1 1 1 1 0 1 0 0 1 1 1 0 1 0 0 0 0 0 0 0
400	5	 1 1 1 0 0 0 0 1 0 1 1 0 1 0 0 0 0 0 0 1
400	3	 1 1 1 1 0 0 1 0 0 1 1 1 0 1 0 1 0 0 0 1
400	3	 1 1 1 1 0 0 0 0 1 0 1 0 1 0 0 1 0 0 1 0
400	1	 1 1 1 1 0 1 0 1 0 1 1 0 1 1 0 0 0 0 1 0
400	8	 1 0 1 1 0 0 0 0 1 1 1 0 1 0 0 0 0 0 0 0
400	5	 1 1 1 1 0 1 0 0 1 0 1 0 0 0 0 1 0 0 0 0
400	3	 1 1 1 1 1 1 1 0 1 1 1 0 1 0 1 0 0 0 0 0
400	3	 1 1 1 1 0 1 0 0 0 1 1 0 0 1 0 1 0 0 0 0
400	11	 1 1 1 1 1 1 0 0 0 1 1 1 0 0 0 1 0 0 0 1
400	11	 1 1 1 0 0 0 0 0 1 1 1 1 0 0 1 1 0 0 0 0
400	3	 1 1 0 1 0 1 0 1 0 1 1 0 1 1 0 0 0 0 0 0
400	6	 1 0 1 1 0 0 1 0 0 1 1 1 0 0 1 1 0 0 0 0
400	2	 1 1 1 1 0 0 0 0 1 1 1 0 1 0 1 0 0 0 0 1
400	4	 1 1 1 0 0 0 0 0 1 1 1 0 1 0 1 0 0 0 0 0
400	7	 1 1 0 1 0 0 1 0 1 1 0 1 1 0 0 0 0 0 1 0
400	18	 1 1 0 1 0 0 0 1 1 1 1 0 1 0 1 0 0 0 0 0
400	9	 1 1 1 1 1 0 0 0 1 1 1 0 1 0 0 1 0 0 0 0
400	3	 1 1 1 1 0 0 1 1 0 0 1 0 1 0 0 1 0 0 0 0
400	17	 1 0 0 1 0 1 0 1 1 1 0 0 1 1 0 0 0 0 0 0
400	9	 1 1 1 1 0 1 0 1 0 1 1 0 1 0 1 0 0 0 0 0
400	12	 1 1 1 1 0 1 0 0 1 1 1 0 1 1 1 0 0 0 0 0
400	10	 0 1 1 1 0 1 0 0 1 1 1 0 1 0 1 0 0 0 1 0
400	7	 1 1 0 0 0 0 0 1 0 1 1 0 1 0 0 1 0 0 0 1
400	2	 1 0 1 0 0 0 0 1 1 1 1 0 1 0 1 0 0 1 0 0
400	8	 1 1 0 1 0 0 0 1 1 0 1 0 0 0 0 0 0 0 1 0
400	2	 1 1 1 1 0 1 1 1 0 0 1 0 0 0 0 1 0 0 0 0
400	8	 1 1 1 1 0 0 0 0 1 0 0 0 1 0 0 0 0 0 0 0
400	4	 1 1 0 1 0 0 1 0 0 1 0 1 0 0 0 1 0 0 0 1
400	3	 1 1 1 0 0 1 0 0 1 1 1 0 1 0 1 0 0 0 0 1
400	2	 1 0 1 0 0 0 0 1 1 1 1 0 1 0 0 1 0 0 0 1
400	4	 1 1 1 1 0 0 1 0 0 1 1 1 0 0 1 0 0 0 0 0
400	10	 1 1 1 1 0 0 0 0 1 0 1 0 1 1 0 0 0 0 0 0
400	2	 1 0 1 1 0 1 0 0 0 1 0 0 1 0 0 0 0 0 1 0
400	2	 1 1 0 1 0 0 0 1 1 0 1 0 0 0 0 0 0 1 1 0
400	6	 1 1 1 1 0 0 1 0 0 1 1 1 1 0 0 0 0 0 0 0
400	2	 1 1 0 1 0 1 1 1 0 1 1 0 1 0 0 0 1 0 0 0
400	1	 1 1 1 0 0 0 0 0 1 1 1 0 1 0 0 0 0 0 0 0
400	5	 1 1 1 1 0 0 0 0 1 1 1 0 0 1 0 0 0 0 0 0
400	4	 1 1 1 1 0 0 0 0 1 1 1 0 1 0 1 0 0 1 0 0
400	7	 1 1 0 1 0 0 0 1 0 1 1 0 1 0 0 0 0 0 0 1
400	14	 1 1 1 1 0 0 1 0 0 1 1 0 1 0 0 0 0 0 0 0
400	1	 1 1 0 1 0 1 0 0 0 1 0 0 1 0 0 0 0 0 1 0
400	1	 1 1 1 1 0 0 1 0 0 1 1 1 0 0 1 0 0 0 1 0
400	2	 1 1 0 1 0 0 0 0 1 1 1 0 1 0 0 1 0 0 0 0
400	3	 1 1 1 1 0 1 0 0 1 0 1 0 1 0 0 0 0 0 0 0
400	4	 1 1 1 1 0 0 1 0 0 1 1 0 0 1 0 0 1 0 0 0
400	2	 1 0 1 1 0 1 0 0 1 0 1 0 1 0 0 1 0 0 1 0
400	4	 1 1 1 1 0 0 1 1 1 1 1 0 1 0 0 1 0 0 0 1
400	2	 1 0 1 1 0 1 1 1 0 1 1 0 0 0 1 0 0 0 0 0
400	2	 1 1 1 1 0 1 0 0 1 1 1 1 1 0 1 0 0 0 0 0
400	9	 1 1 1 1 1 0 1 0 0 1 1 1 0 0 0 1 0 0 0 1
400	1	 1 1 1 1 1 0 0 1 1 1 1 0 1 0 1 0 0 0 0 0
400	3	 1 1 1 0 0 0 1 0 0 0 1 1 0 0 1 1 0 0 0 1
400	3	 1 0 1 1 1 0 1 0 0 1 1 1 0 0 1 1 0 0 0 0
400	2	 1 0 1 0 0 1 0 1 0 1 1 0 1 0 0 1 1 0 0 1
400	4	 1 1 0 1 0 0 0 1 1 0 1 0 0 0 0 0 0 1 0 0
400	1	 1 1 0 0 0 0 0 1 0 1 1 0 1 0 0 1 0 0 0 0
400	2	 1 0 1 1 0 1 1 0 0 1 1 1 1 0 0 0 1 0 1 0
400	2	 1 1 1 0 0 0 0 0 1 1 1 1 1 0 0 1 0 0 0 0
400	4	 1 1 1 0 0 0 0 0 1 1 1 0 1 0 1 1 0 0 1 0
400	1	 1 0 0 1 0 0 0 1 1 1 0 0 1 1 0 0 0 0 0 0
400	1	 1 1 1 0 0 0 1 0 0 0 1 0 0 0 0 1 0 0 0 0
400	3	 1 1 1 1 0 1 0 0 1 1 1 0 1 0 1 1 0 0 0 0
400	2	 1 1 1 1 0 0 1 0 0 1 1 1 0 0 1 1 1 0 0 0
400	2	 1 1 1 1 0 0 0 1 1 0 0 0 0 0 1 1 0 0 0 0
400	4	 1 0 1 1 0 0 1 0 1 1 1 1 0 0 1 1 0 0 0 0
400	2	 1 1 0 1 0 0 0 0 1 0 0 0 1 0 0 0 0 0 0 0
400	3	 1 1 0 1 0 0 1 0 0 0 1 1 0 0 0 0 0 0 0 1
400	3	 1 1 0 1 0 1 1 1 0 1 1 0 1 0 0 0 0 0 1 0
400	2	 1 1 1 1 0 1 0 0 0 1 1 0 1 0 1 0 0 0 0 0
400	3	 1 1 1 1 0 0 0 0 1 1 1 1 1 0 0 0 0 0 0 0
400	1	 1 1 1 1 0 0 0 0 1 1 1 0 1 0 1 1 0 1 0 0
400	2	 1 1 1 1 1 0 0 1 1 1 1 0 1 0 0 0 0 0 1 0
400	3	 0 1 1 1 0 0 1 0 0 1 1 1 0 0 0 1 0 0 0 0
400	1	 1 1 1 1 1 1 0 0 1 1 1 0 1 0 0 1 0 0 0 0
400	2	 1 0 1 1 0 0 1 0 0 1 1 1 0 0 1 0 0 0 1 0
400	2	 1 0 1 1 0 1 0 1 0 1 1 1 1 0 0 0 0 0 1 0
400	1	 1 0 1 1 0 1 0 0 1 1 1 0 1 1 1 0 0 0 0 0
400	1	 1 1 1 1 0 0 1 0 0 1 1 1 0 0 0 0 0 0 0 0
400	1	 1 1 1 1 0 0 1 1 0 1 1 0 0 0 1 1 0 0 0 0
400	1	 1 0 1 1 0 0 0 1 0 1 1 0 1 0 1 0 0 0 0 0
400	2	 1 1 1 1 1 1 0 0 1 1 1 0 1 0 0 0 0 0 0 0
400	2	 1 1 1 1 0 0 0 1 1 1 0 0 1 1 0 0 0 0 0 0
400	2	 1 0 1 1 0 1 0 0 1 1 1 0 1 0 1 0 0 0 0 0
400	2	 1 1 0 0 0 0 0 1 0 1 1 0 1 0 1 1 0 0 0 0
400	1	 1 1 0 1 0 0 0 1 1 0 1 0 1 0 0 0 0 0 0 0
400	1	 1 1 1 1 0 0 0 0 1 1 1 0 1 0 0 0 0 1 0 0
400	2	 1 1 1 1 0 0 1 0 0 1 1 1 0 0 0 1 1 0 0 1
400	1	 1 1 0 1 0 0 1 0 0 1 1 1 1 0 0 1 0 0 0 1
400	1	 1 1 0 1 0 0 1 1 1 1 1 0 1 0 0 0 0 0 0 0
400	4	 1 1 1 1 1 0 1 1 1 1 1 0 1 0 0 0 0 0 0 0
400	1	 1 1 1 1 1 0 1 0 0 1 1 1 0 1 0 1 0 0 0 1
400	1	 1 1 1 1 0 1 0 0 1 1 1 1 1 1 1 0 0 0 0 0
400	1	 1 1 1 1 0 0 1 0 0 0 1 1 0 0 1 0 0 0 0 0
400	1	 1 1 1 1 0 0 1 0 0 1 1 1 1 1 0 0 0 0 0 0
400	1	 1 1 1 1 0 0 1 1 0 1 1 1 1 0 0 0 0 0 0 0
400	1	 1 1 1 1 0 0 0 0 1 1 1 0 0 1 0 0 1 0 0 0
590	5	 1 1 1 1 1 0 0 0 1 1 0 0 1 0 1 0 0 0 0 0
590	14	 1 1 1 1 0 1 1 1 0 0 1 0 1 0 0 1 0 0 1 0
590	18	 1 1 1 1 1 0 0 0 1 1 0 0 1 0 1 1 0 0 0 0
590	79	 1 1 1 1 0 0 1 0 1 1 0 1 1 0 1 1 0 0 1 0
590	17	 1 1 1 0 0 0 1 0 0 1 0 1 1 0 0 1 0 0 0 0
590	5	 1 1 1 1 0 0 0 0 1 1 0 0 0 0 1 0 0 0 0 0
590	1	 1 1 1 1 1 1 0 0 1 1 0 0 1 0 1 0 0 0 0 0
590	31	 1 1 1 1 1 0 0 0 0 1 0 0 1 0 1 1 0 0 0 0
590	2	 1 1 1 1 0 0 1 0 0 1 0 0 1 0 0 1 0 0 0 0
590	13	 1 1 1 1 1 0 0 0 0 1 1 0 1 0 1 0 0 0 0 0
590	4	 0 1 1 1 1 0 0 0 1 1 0 0 1 0 1 0 0 0 0 0
590	12	 1 1 1 1 0 1 0 0 1 1 0 0 0 1 0 1 0 1 0 0
590	19	 1 1 1 1 0 0 0 0 1 1 0 0 0 1 1 0 0 0 0 0
590	81	 1 1 1 1 1 0 0 1 1 1 1 1 1 1 1 0 0 0 0 0
590	5	 1 1 1 1 0 0 0 0 1 1 0 0 0 0 1 1 0 0 0 0
590	4	 1 1 1 1 1 1 0 0 1 1 0 0 1 0 0 0 0 0 0 0
590	46	 1 1 0 1 1 1 0 1 0 0 1 1 0 1 1 1 0 0 0 0
590	15	 1 1 1 1 1 1 1 1 0 0 1 0 1 0 0 1 0 0 0 0
590	3	 1 1 1 1 1 0 0 0 0 1 0 0 1 0 1 1 0 0 1 0
590	8	 1 1 1 1 0 1 0 0 1 1 0 0 0 1 1 0 0 0 0 0
590	22	 1 1 1 1 1 0 0 0 0 1 0 0 1 0 1 0 0 0 0 0
590	13	 1 1 1 1 0 0 0 0 0 1 1 0 1 0 0 1 0 0 0 0
590	4	 1 1 1 1 0 1 0 0 0 1 0 0 1 1 0 0 1 0 0 1
590	35	 1 1 1 1 1 0 0 0 1 1 1 0 1 0 1 0 0 0 0 1
590	12	 1 1 1 1 1 1 1 1 0 0 1 0 1 0 0 1 0 1 0 0
590	22	 1 1 1 1 0 1 1 1 0 0 1 0 0 0 0 1 0 0 1 0
590	14	 1 1 1 1 1 0 0 0 1 1 0 0 1 0 0 1 0 0 0 0
590	8	 1 1 1 1 1 0 0 0 1 1 0 0 0 1 1 1 1 0 1 0
590	37	 1 1 1 1 0 1 0 0 1 1 0 0 0 0 1 1 0 0 0 0
590	2	 0 1 1 1 1 0 0 0 1 1 0 0 1 0 1 0 0 0 0 1
590	10	 1 1 1 1 0 0 0 0 0 1 0 1 1 1 0 0 1 0 0 0
590	6	 1 1 1 1 1 1 0 0 1 1 0 0 1 1 0 0 0 0 0 0
590	7	 1 1 1 1 1 0 0 0 0 1 1 0 1 1 1 1 0 0 0 0
590	11	 1 1 0 1 0 1 0 0 1 1 1 0 0 0 0 1 0 0 0 1
590	21	 1 1 1 1 0 1 0 0 1 1 0 0 0 0 1 0 0 0 0 0
590	7	 1 1 1 1 0 1 1 1 0 0 1 0 1 0 0 1 0 1 1 0
590	1	 1 1 0 1 0 1 0 1 0 0 1 1 0 1 1 1 0 0 0 0
590	2	 1 1 1 1 0 0 1 1 0 1 1 0 0 1 1 1 0 0 0 0
590	6	 1 0 1 1 1 0 0 0 0 1 1 0 1 0 1 0 0 0 0 0
590	1	 1 1 1 1 0 1 0 0 0 1 1 0 1 0 1 0 0 0 0 0
590	2	 1 1 1 1 0 1 0 0 1 1 1 0 0 0 1 1 0 0 0 0
590	8	 1 1 1 1 0 1 0 0 1 1 0 0 0 0 1 0 0 0 1 0
590	7	 1 1 1 1 1 1 1 0 1 1 0 0 1 0 0 0 0 0 0 0
590	2	 1 1 1 0 0 0 1 0 0 1 0 1 1 0 1 1 0 0 0 0
590	4	 1 1 1 1 0 1 0 0 1 1 0 0 0 1 0 1 0 0 0 0
590	9	 1 1 1 1 1 1 0 0 1 1 0 0 1 0 0 0 0 1 0 0
590	18	 1 0 1 1 1 0 0 0 1 1 0 1 1 0 1 0 0 0 0 0
590	8	 1 1 1 1 0 0 0 1 0 0 1 0 1 0 0 1 0 1 1 0
590	16	 1 1 1 1 1 0 0 1 1 1 0 0 1 0 1 1 0 0 0 0
590	29	 1 1 1 1 0 0 0 0 0 1 0 0 1 0 1 1 0 0 0 0
590	3	 1 1 1 0 0 0 1 0 1 1 0 1 1 1 0 1 0 0 0 0
590	17	 1 1 1 0 0 0 0 0 0 1 0 1 1 1 0 0 1 0 0 0
590	1	 1 1 1 1 1 0 1 0 1 1 0 0 0 0 1 1 0 0 0 0
590	6	 1 0 1 0 0 0 1 0 0 1 1 1 1 1 0 1 0 0 0 0
590	9	 1 1 0 1 1 0 0 0 1 1 0 0 1 0 1 0 0 0 0 0
590	2	 0 1 1 1 1 0 1 0 0 1 0 0 1 1 1 0 0 0 0 0
590	2	 1 1 1 1 1 0 0 0 0 0 0 0 1 0 1 1 0 0 0 0
590	2	 1 1 1 1 0 0 0 0 0 1 1 0 1 0 0 0 0 1 0 0
590	6	 1 1 0 1 1 1 0 0 0 0 1 1 0 1 1 1 0 0 0 0
590	3	 1 1 1 1 1 0 0 1 1 1 0 0 1 0 1 0 0 0 0 0
590	9	 1 1 1 1 0 1 0 1 0 1 0 0 0 0 1 1 0 0 1 0
590	11	 1 1 1 1 1 0 0 0 1 1 1 0 0 0 1 0 0 0 0 1
590	2	 1 1 1 1 1 0 0 0 0 1 0 1 1 1 0 0 1 0 0 0
590	2	 1 1 1 1 1 1 0 0 1 1 0 0 1 1 0 1 0 0 0 0
590	3	 1 1 0 1 1 1 0 1 0 0 1 0 1 0 1 1 0 0 0 0
590	12	 1 1 0 1 0 1 0 0 1 1 1 0 0 0 0 1 0 0 0 0
590	2	 1 1 1 0 0 0 1 0 1 1 0 1 1 0 1 1 0 0 1 0
590	3	 1 1 1 1 1 0 0 1 1 1 1 1 1 1 1 0 0 0 0 1
590	3	 1 1 1 1 0 0 1 0 1 1 0 1 1 0 1 1 0 1 0 0
590	1	 1 1 1 1 0 0 0 0 1 1 1 1 0 0 0 1 0 0 1 0
590	2	 1 1 1 1 1 0 0 1 1 1 1 1 0 1 1 0 0 0 0 0
590	4	 1 1 0 1 1 1 0 1 0 0 1 1 0 1 0 1 0 0 0 0
590	6	 1 1 1 1 1 0 1 1 0 0 1 0 1 0 0 1 0 1 0 0
590	4	 1 1 0 1 0 1 0 0 1 1 1 0 0 0 0 1 0 0 1 1
590	8	 1 1 1 1 0 1 0 0 1 1 0 0 0 1 0 0 1 0 0 0
590	3	 1 1 1 1 1 0 0 0 0 0 1 0 1 0 1 1 0 0 0 0
590	3	 1 1 1 1 0 0 1 0 1 1 0 1 1 0 1 1 0 0 0 0
590	4	 1 1 1 1 0 1 0 0 1 1 0 0 1 0 0 1 0 0 0 0
590	1	 1 1 1 1 1 1 0 0 1 1 0 0 0 0 1 0 0 0 0 1
590	11	 1 1 1 1 0 0 1 0 1 1 0 1 0 0 1 1 0 0 1 0
590	1	 1 0 1 1 1 0 0 1 1 1 1 1 1 1 1 0 0 0 0 0
590	2	 0 1 1 1 1 0 0 0 1 1 0 0 1 0 1 1 0 0 0 1
590	4	 1 1 1 1 0 1 1 0 1 1 0 0 0 0 1 0 0 0 0 0
590	7	 1 0 1 1 0 0 0 0 0 1 0 0 1 0 1 1 0 0 0 0
590	1	 1 1 1 0 0 0 1 0 1 1 0 1 1 0 1 0 0 0 1 0
590	3	 1 1 1 1 1 1 1 1 0 0 1 0 1 0 0 1 0 0 1 0
590	1	 1 1 1 1 0 1 0 0 1 1 0 0 0 0 1 1 0 1 1 0
590	3	 1 1 1 1 1 0 0 0 0 0 1 0 1 0 0 1 0 0 1 0
590	3	 1 1 1 1 0 1 0 0 1 0 0 0 0 1 0 1 0 1 0 0
590	2	 1 1 0 1 1 0 0 1 0 0 1 1 0 1 1 1 0 0 0 0
590	5	 1 1 1 1 0 0 0 1 0 1 0 0 0 0 1 1 0 0 1 0
590	6	 1 1 1 1 0 1 0 0 0 0 1 0 0 0 0 1 0 0 1 0
590	2	 1 1 1 0 0 1 1 0 0 1 0 1 1 0 0 1 0 0 0 0
590	3	 1 1 1 1 0 0 1 0 0 1 0 0 1 0 0 1 0 0 0 1
590	7	 0 1 1 1 1 0 0 1 1 1 1 1 1 1 1 0 0 0 0 0
590	5	 1 1 1 1 1 1 0 1 0 0 1 0 1 0 0 1 0 0 0 0
590	1	 1 1 1 1 0 0 0 0 0 0 1 0 1 0 0 1 0 0 0 0
590	1	 1 1 0 1 1 1 0 1 0 0 1 1 0 1 1 1 0 0 1 0
590	3	 1 1 1 1 1 0 0 0 0 1 1 0 1 0 0 0 0 0 0 0
590	3	 1 1 1 0 0 0 1 0 0 1 0 1 1 1 0 1 0 0 0 0
590	7	 1 1 1 1 0 0 0 0 1 1 0 0 0 0 1 0 1 0 0 0
590	3	 1 1 0 1 0 0 0 0 1 1 1 1 1 1 1 1 0 0 1 0
590	3	 1 1 1 1 0 1 0 1 0 0 1 0 0 0 0 1 0 0 1 0
590	1	 1 1 1 0 0 1 0 0 1 1 0 0 0 0 1 0 0 0 0 0
590	2	 1 0 1 1 0 0 0 0 0 1 1 0 1 0 1 0 0 0 0 0
590	1	 1 1 1 1 0 1 1 1 0 0 1 0 0 1 0 0 1 0 0 0
590	2	 1 1 1 1 1 0 0 0 0 1 1 0 1 0 0 1 0 1 1 0
590	3	 1 1 0 1 1 1 0 1 0 0 1 1 0 1 1 0 0 0 0 0
590	3	 1 1 1 1 1 0 0 0 1 1 1 0 1 1 1 1 0 0 0 0
590	5	 1 0 1 1 1 0 0 0 1 1 0 0 1 0 1 1 0 0 0 0
590	3	 1 1 1 1 0 0 1 0 1 1 0 1 1 0 0 1 0 0 1 0
590	1	 1 1 1 1 1 0 0 0 0 1 0 0 1 0 1 1 0 0 0 1
590	2	 1 1 0 1 1 0 0 1 1 1 1 1 1 1 1 0 0 0 0 0
590	1	 1 1 1 1 0 0 0 0 0 1 1 0 0 0 0 1 0 0 0 0
590	2	 1 1 1 0 0 0 1 1 0 1 1 0 0 1 1 1 0 0 0 0
590	3	 1 1 1 1 1 0 0 1 1 1 0 0 1 0 1 1 0 1 0 0
590	1	 1 1 1 1 0 0 0 1 1 1 1 1 0 0 0 1 0 0 1 0
590	1	 1 1 1 1 0 0 0 1 0 1 1 0 0 0 1 1 0 0 1 0
590	1	 1 0 1 1 0 0 0 0 0 1 1 0 0 0 1 0 0 0 0 0
590	2	 1 1 1 1 0 0 1 0 1 1 0 0 0 1 1 0 0 0 0 0
590	3	 1 1 1 1 1 0 0 1 1 1 1 1 1 1 0 1 0 1 0 0
590	2	 1 1 1 1 1 0 0 0 1 1 1 0 1 0 1 1 0 0 0 0
590	1	 1 1 1 1 0 0 0 0 1 1 0 0 0 0 0 1 0 0 0 0
590	1	 1 1 1 1 0 1 1 1 0 0 1 0 1 0 0 1 1 0 1 0
590	2	 1 1 1 1 0 0 1 0 1 1 1 1 1 0 1 1 0 0 1 0
590	1	 1 1 1 1 1 0 0 0 0 1 0 0 1 0 1 1 0 1 0 0
590	1	 1 1 0 0 1 1 0 1 0 0 1 1 0 1 1 1 0 0 0 0
590	1	 1 1 1 1 0 1 1 1 0 0 1 0 0 0 0 1 1 0 1 0
590	1	 1 1 1 1 1 1 1 0 1 1 0 0 1 1 0 0 0 0 0 0
590	1	 1 0 1 1 0 1 0 0 1 1 0 0 0 0 1 0 0 0 0 0
590	2	 1 1 1 1 0 0 1 1 0 0 1 0 1 0 0 1 0 1 1 0
590	1	 1 1 1 1 0 0 0 0 1 1 1 1 0 0 0 1 0 1 1 0
590	1	 0 1 1 1 1 0 0 0 1 1 0 0 1 0 1 1 1 0 0 1
590	1	 1 0 1 1 1 0 0 0 0 0 1 0 1 0 0 1 0 0 1 0
720	86	 1 1 1 1 0 1 0 0 1 0 0 0 0 0 1 1 0 0 0 0
720	10	 1 1 1 1 1 0 0 0 0 1 1 0 1 0 1 1 0 0 0 0
720	16	 1 1 1 1 0 1 0 0 1 0 0 0 0 0 1 0 0 0 0 0
720	4	 1 1 1 1 0 1 0 1 0 1 0 0 0 0 1 0 0 0 0 0
720	3	 1 1 1 1 0 1 0 0 1 1 0 0 1 0 0 0 0 0 0 0
720	29	 1 1 1 1 1 0 0 0 0 1 0 0 0 1 1 0 0 0 0 0
720	6	 1 1 1 1 0 1 0 0 1 1 0 1 0 0 1 0 0 0 0 0
720	4	 1 1 1 1 0 1 0 0 1 1 0 0 0 0 1 0 0 0 1 0
720	35	 1 1 1 1 0 1 1 1 0 1 0 0 0 0 1 0 0 0 0 0
720	11	 1 1 1 1 1 0 0 1 0 1 0 0 1 0 1 1 0 0 0 0
720	8	 1 1 1 1 0 1 0 0 1 1 0 0 0 0 1 0 1 0 0 0
720	9	 1 1 1 1 0 1 0 0 1 1 1 0 0 0 0 1 0 0 0 0
720	11	 1 1 1 1 1 0 1 1 0 1 0 0 0 0 1 0 0 0 0 0
720	72	 1 1 1 1 0 0 0 0 1 0 0 0 0 0 1 1 0 0 0 0
720	15	 1 1 1 1 1 0 0 1 0 1 0 1 1 0 0 1 0 0 0 0
720	1	 1 1 1 1 0 1 0 1 1 0 0 0 1 0 1 0 0 0 0 0
720	6	 1 0 1 1 1 0 0 1 1 1 0 0 1 1 0 1 0 0 0 0
720	21	 1 1 1 1 0 1 0 0 1 1 1 0 1 0 1 1 0 0 0 0
720	58	 1 1 1 1 1 0 0 1 0 1 1 0 1 0 1 1 0 0 0 0
720	13	 1 1 1 1 0 0 1 1 1 0 1 0 1 0 1 0 0 0 0 0
720	1	 1 1 1 1 0 0 0 0 1 1 0 1 0 0 1 0 0 0 0 0
720	38	 1 1 1 1 0 1 0 1 0 1 0 0 1 0 1 0 0 0 0 0
720	4	 1 1 1 1 0 1 0 0 1 1 0 0 1 0 1 1 0 0 0 0
720	10	 1 1 1 1 0 0 0 0 1 0 0 0 0 0 1 0 0 0 0 0
720	20	 1 1 1 1 0 0 0 1 1 1 0 0 1 0 1 0 0 0 0 0
720	2	 1 1 1 1 1 0 1 1 0 1 0 1 1 0 0 1 0 0 0 1
720	15	 1 1 1 1 1 0 1 1 0 1 0 0 1 0 0 1 0 0 0 0
720	33	 1 1 1 1 1 0 0 1 0 1 0 0 1 0 1 0 0 0 0 0
720	25	 1 1 1 1 1 1 0 0 0 0 0 0 0 0 0 1 0 0 0 0
720	42	 1 1 1 1 1 0 1 1 0 0 0 1 1 0 0 1 0 0 0 0
720	7	 1 1 1 1 1 0 1 1 0 1 0 0 1 0 1 0 0 0 0 0
720	1	 1 1 0 1 0 1 0 0 1 1 0 0 0 0 1 1 0 0 0 0
720	17	 1 1 1 1 1 0 0 0 0 1 0 0 1 1 1 0 0 0 0 0
720	8	 1 1 1 1 0 1 0 1 1 0 0 1 1 0 1 0 0 0 0 0
720	6	 1 1 0 1 0 1 0 0 1 0 0 0 0 0 1 1 0 0 0 0
720	9	 1 1 1 1 0 1 0 1 1 1 1 0 0 0 0 1 0 0 0 0
720	3	 1 1 1 1 0 0 0 0 1 1 0 0 1 1 0 1 0 0 0 0
720	9	 0 1 1 1 1 0 0 1 0 0 0 0 1 0 1 0 0 0 0 0
720	4	 1 1 1 1 0 1 0 1 0 1 1 0 0 0 1 0 0 0 0 0
720	4	 1 1 1 1 1 0 0 0 0 1 0 0 0 1 1 0 1 0 0 0
720	4	 0 1 1 1 1 0 0 1 0 0 0 1 0 1 1 1 0 0 0 0
720	7	 1 1 1 1 1 0 0 0 1 0 0 0 0 0 1 0 0 0 0 0
720	21	 1 1 1 1 1 0 1 1 1 0 0 0 1 0 1 0 0 0 0 0
720	2	 1 1 1 0 0 1 0 1 1 0 0 0 1 0 1 0 0 0 0 0
720	3	 1 1 1 1 1 0 0 1 0 1 1 0 1 0 0 1 0 0 0 0
720	4	 1 1 1 1 0 1 0 0 1 0 0 1 0 0 1 1 0 0 0 0
720	2	 1 1 1 1 0 1 1 1 0 1 0 0 1 0 0 1 0 0 0 0
720	1	 1 1 1 1 1 0 1 1 1 0 0 0 1 0 1 0 1 0 0 0
720	1	 1 1 1 1 0 0 1 0 0 1 1 0 1 0 1 1 0 0 0 0
720	4	 1 1 1 1 1 0 0 0 0 1 1 0 1 0 0 1 0 0 0 1
720	11	 1 1 0 1 0 1 0 0 1 1 0 1 0 0 1 0 0 0 0 0
720	9	 0 1 1 1 0 1 0 0 1 1 0 0 1 0 0 0 1 0 0 0
720	5	 1 1 1 1 0 1 0 0 1 1 0 0 1 0 0 0 1 0 0 1
720	16	 1 1 1 1 0 1 0 0 1 0 0 0 0 0 1 1 0 0 0 1
720	9	 0 1 1 1 1 0 1 1 1 1 0 0 1 0 1 0 0 0 0 0
720	2	 1 1 1 1 1 0 0 0 1 1 0 0 0 0 1 1 0 0 0 0
720	4	 1 1 1 1 0 0 0 0 1 0 0 0 0 1 1 1 1 0 0 0
720	3	 1 1 1 1 0 1 0 0 1 0 0 0 0 1 1 1 0 0 0 0
720	4	 1 1 1 0 0 0 0 0 1 0 0 0 0 0 0 1 0 0 0 0
720	2	 1 1 1 1 1 0 1 1 0 0 0 1 1 1 0 1 0 0 0 0
720	2	 1 0 1 1 1 1 0 0 1 1 0 0 1 0 0 0 1 0 0 0
720	5	 1 1 1 1 1 0 1 1 0 1 0 0 0 0 0 0 0 0 0 0
720	2	 1 1 1 0 0 0 0 0 1 0 0 0 0 0 1 1 0 0 0 0
720	6	 1 1 1 1 1 1 1 1 0 1 0 0 0 0 1 0 0 0 0 0
720	2	 1 1 1 1 0 1 0 0 1 0 0 0 0 0 1 0 0 0 0 1
720	1	 1 1 1 1 0 1 0 0 1 0 0 0 0 0 1 0 1 0 0 0
720	8	 1 1 1 1 1 0 0 1 0 1 1 0 1 0 1 1 0 0 0 1
720	2	 1 1 1 1 1 0 0 1 0 1 1 0 1 0 0 1 0 0 0 1
720	3	 1 1 1 1 1 0 0 1 0 0 0 0 1 0 1 0 0 0 1 0
720	4	 1 1 1 1 1 0 0 1 0 1 1 0 1 0 1 0 0 0 0 0
720	8	 1 1 1 1 0 0 0 0 1 0 1 0 0 0 1 0 0 0 0 0
720	7	 1 1 1 1 1 0 1 1 0 0 0 1 1 0 0 0 0 0 0 0
720	12	 1 1 1 1 1 1 0 1 1 0 0 1 1 0 1 0 0 0 0 0
720	2	 1 1 0 0 0 1 0 0 1 0 0 0 0 0 1 0 0 0 0 0
720	1	 1 1 1 1 0 1 0 0 1 1 0 0 0 0 1 1 0 0 0 0
720	3	 1 1 1 1 0 1 0 0 1 1 0 1 0 0 1 1 0 0 0 0
720	8	 1 1 1 1 1 1 0 0 1 0 0 0 0 0 1 1 0 0 0 0
720	2	 1 1 1 1 0 0 0 0 1 0 0 0 0 0 1 0 1 0 0 0
720	5	 1 1 1 1 1 0 1 1 1 0 1 0 0 0 1 0 0 0 0 0
720	1	 1 1 1 1 1 0 1 1 0 0 0 0 0 1 1 0 0 0 0 0
720	1	 1 1 1 1 0 1 0 0 1 0 0 0 0 1 1 0 0 0 0 0
720	1	 1 1 1 1 0 0 0 0 0 0 0 0 0 0 1 0 0 0 0 0
720	5	 1 1 1 1 1 0 1 1 0 1 0 0 1 0 0 1 0 1 0 0
720	11	 1 1 1 1 0 0 0 1 0 1 0 0 1 0 1 0 0 0 0 0
720	8	 1 1 0 1 0 1 0 1 1 0 0 1 1 0 1 0 0 0 0 0
720	1	 1 1 1 1 1 0 0 1 0 1 1 0 1 0 0 1 0 1 0 0
720	2	 1 1 0 1 0 1 0 1 1 1 0 1 0 0 1 0 0 0 0 0
720	2	 1 1 0 1 0 1 0 0 1 0 0 0 0 0 1 0 1 0 0 0
720	3	 1 1 1 1 1 0 0 1 0 1 0 1 1 0 1 1 0 0 0 0
720	3	 1 1 1 1 1 0 1 1 0 1 0 0 1 0 0 1 0 0 1 0
720	5	 1 1 1 1 0 1 0 0 1 0 0 0 0 0 1 1 1 0 0 0
720	1	 0 1 1 1 0 1 0 0 1 0 0 0 0 0 1 0 0 0 0 0
720	4	 1 1 1 1 1 1 0 0 0 0 0 0 0 1 0 1 0 0 0 0
720	1	 1 1 1 1 1 0 1 1 0 0 0 1 1 0 0 1 0 0 1 0
720	4	 1 1 1 1 1 0 1 1 1 0 0 1 1 0 0 1 0 0 0 0
720	1	 1 1 1 1 0 0 0 0 1 0 0 0 0 1 1 1 0 0 0 0
720	6	 1 1 1 1 0 0 0 0 1 0 0 0 1 0 0 1 0 0 0 0
720	4	 1 1 1 0 1 0 0 0 0 1 0 1 0 0 1 1 0 0 0 0
720	1	 1 1 1 1 0 0 0 0 1 0 0 0 0 0 1 1 0 1 0 0
720	1	 0 1 1 1 0 1 0 1 0 1 1 0 0 0 1 0 0 0 0 0
720	8	 1 1 1 1 1 0 0 0 0 1 1 0 0 0 1 1 0 0 0 0
720	4	 1 1 1 1 0 1 0 1 1 1 0 0 1 0 1 0 0 0 0 0
720	1	 1 1 1 1 0 0 0 0 1 0 1 0 1 0 0 1 0 0 0 0
720	1	 1 1 1 1 1 1 0 0 0 0 0 0 0 0 0 1 0 0 1 0
720	1	 0 1 0 1 1 0 1 1 0 0 0 1 1 0 0 1 0 0 0 0
720	1	 1 1 1 1 1 1 1 1 1 1 0 0 1 0 0 1 0 0 0 0
720	1	 1 1 1 1 1 0 1 0 1 1 0 0 1 0 0 0 1 0 0 1
720	6	 1 1 1 1 0 1 1 1 0 1 0 0 0 0 1 0 0 0 1 0
720	1	 1 1 1 1 1 0 1 1 0 1 0 0 0 0 1 0 0 0 1 0
720	2	 1 1 1 1 0 0 0 1 0 1 1 0 1 0 1 1 0 0 0 0
720	3	 1 1 1 1 0 0 0 1 1 1 0 1 1 0 1 0 0 0 0 0
720	1	 1 1 1 1 1 1 0 1 0 1 0 0 1 0 1 0 0 0 0 0
720	2	 1 1 0 1 1 0 1 1 0 0 0 1 1 0 0 1 0 0 0 0
720	1	 1 0 1 1 0 1 0 1 1 1 1 0 0 0 0 1 0 0 0 0
720	2	 1 1 1 1 1 0 1 1 1 0 0 0 1 0 1 1 0 0 0 0
720	1	 1 1 1 1 0 1 0 0 1 0 0 1 0 0 0 1 0 0 0 0
720	1	 1 1 1 1 0 0 0 1 1 0 0 0 0 0 0 0 1 0 0 0
720	1	 1 1 1 1 0 1 0 0 0 0 0 0 0 0 1 0 0 0 0 1
720	2	 1 1 1 1 1 1 0 0 0 0 0 0 0 1 1 1 0 0 0 0
720	1	 1 1 1 0 1 0 0 0 0 1 0 1 0 0 1 0 0 0 0 0
720	2	 1 1 1 1 1 0 0 1 0 1 0 0 0 0 1 1 0 0 0 0
720	1	 1 1 1 1 0 1 0 0 1 1 1 0 0 0 0 0 0 0 0 0
720	2	 1 1 1 1 1 0 0 1 0 1 1 0 1 0 1 1 0 1 0 0
720	1	 1 1 1 1 0 0 1 0 1 0 1 0 1 0 1 0 0 0 0 0
720	2	 1 0 1 1 1 1 0 0 0 0 0 0 0 0 0 1 0 0 0 0
720	5	 1 1 1 1 1 0 1 0 0 1 0 0 1 1 1 0 0 0 0 0
720	2	 1 1 1 1 0 1 0 1 1 0 0 1 1 0 1 0 1 0 0 0
720	1	 0 1 1 1 1 0 0 1 0 0 0 0 1 1 1 0 0 0 0 0
720	3	 1 1 1 1 1 0 1 1 1 0 0 0 0 0 1 0 0 0 0 0
720	1	 1 1 1 1 0 0 1 1 0 1 0 0 0 0 0 0 0 0 0 0
880	47	 1 1 1 1 0 0 0 0 1 0 0 0 0 0 1 1 0 0 0 0
880	15	 1 1 1 1 0 1 0 1 1 0 0 0 1 0 1 0 0 0 0 0
880	28	 1 1 1 1 1 1 0 0 0 0 0 0 0 0 0 1 0 0 0 0
880	50	 1 1 1 1 1 1 0 0 1 0 0 0 0 0 1 1 0 0 0 0
880	19	 1 1 1 1 1 1 0 0 0 0 0 0 0 0 0 0 0 0 0 0
880	30	 1 1 1 1 1 1 0 0 1 0 0 0 0 0 0 1 0 0 0 0
880	23	 1 1 1 1 1 1 0 0 1 0 0 1 1 0 1 0 0 0 0 0
880	7	 1 1 1 1 1 1 0 1 0 0 0 0 0 0 0 1 0 0 0 0
880	3	 0 1 1 1 0 0 0 0 1 0 0 0 0 0 1 1 0 0 0 0
880	3	 1 1 1 1 1 1 1 0 1 0 0 0 0 0 1 1 0 0 0 0
880	2	 1 1 1 1 1 1 1 1 0 0 0 0 0 0 0 1 0 0 0 0
880	5	 1 1 1 1 0 1 0 1 1 0 0 0 1 0 0 0 0 0 0 0
880	63	 1 1 1 1 1 1 1 0 1 0 0 0 0 0 0 1 0 0 0 0
880	23	 1 1 1 0 1 1 1 1 0 0 0 0 0 0 0 1 0 0 0 0
880	5	 1 1 1 1 1 1 0 1 1 0 0 0 1 0 1 0 0 0 0 0
880	12	 1 1 1 1 1 1 1 0 1 0 0 0 0 0 1 0 0 0 0 0
880	9	 0 1 1 1 0 0 0 0 1 0 0 0 0 0 0 1 0 0 0 0
880	5	 1 1 1 1 1 0 0 0 1 0 0 1 1 0 0 1 0 0 0 0
880	10	 1 1 1 1 1 1 1 0 1 0 0 0 0 0 1 1 0 0 1 0
880	25	 1 1 1 1 1 1 1 0 1 0 0 1 1 0 0 1 0 0 0 0
880	5	 1 1 1 1 1 1 0 0 1 0 0 1 1 0 1 0 0 1 0 0
880	13	 1 1 1 1 0 0 0 1 0 0 0 0 0 0 0 1 0 0 1 0
880	22	 1 1 1 1 1 0 0 0 1 0 0 0 0 0 1 1 0 0 0 0
880	20	 1 1 1 1 0 1 0 0 0 0 0 1 1 0 0 1 0 0 0 0
880	8	 0 1 1 1 0 0 0 0 1 0 0 1 1 0 1 1 0 0 0 0
880	3	 1 1 1 1 1 1 1 0 1 0 0 0 0 0 0 0 0 0 0 0
880	13	 1 1 1 1 0 1 0 1 1 0 0 1 1 0 0 1 0 0 0 0
880	35	 1 1 1 1 0 1 0 1 1 0 0 0 0 0 0 1 0 0 0 0
880	4	 1 1 1 1 1 1 0 0 0 0 0 0 0 0 0 0 0 0 1 0
880	14	 1 0 1 1 1 1 0 0 1 0 0 0 0 0 0 1 0 0 0 0
880	1	 1 1 1 1 0 0 0 0 1 0 0 0 0 1 1 1 0 0 0 0
880	10	 0 1 1 1 0 0 0 0 1 0 0 0 0 1 0 1 0 0 0 0
880	20	 1 1 1 1 0 0 0 0 1 0 0 0 0 0 0 1 0 0 0 0
880	8	 1 1 1 1 1 1 0 0 0 0 0 1 0 0 0 1 0 0 0 0
880	24	 1 1 1 1 1 1 0 1 0 0 0 0 1 0 0 1 0 0 0 0
880	11	 1 1 1 1 0 1 0 1 1 0 0 0 1 0 1 0 0 0 0 1
880	18	 1 1 1 1 1 1 0 1 1 0 0 0 1 0 0 0 0 0 0 0
880	17	 1 1 1 1 1 0 0 0 1 0 0 1 0 0 0 1 0 0 0 0
880	16	 1 1 1 1 0 1 0 1 1 0 0 0 0 0 0 1 0 0 0 1
880	6	 1 1 1 1 1 1 0 0 1 0 0 0 0 0 1 0 0 0 0 0
880	1	 1 1 1 1 1 1 0 0 0 0 0 1 1 0 0 1 0 0 0 0
880	11	 1 0 1 1 0 0 0 0 1 0 0 0 0 0 1 1 0 0 0 0
880	1	 1 1 1 1 0 1 0 1 1 0 0 0 0 0 1 0 0 0 0 0
880	7	 1 0 1 1 1 1 0 1 0 0 0 0 0 0 0 1 0 0 0 0
880	18	 1 1 1 1 1 0 0 1 0 0 0 0 0 0 1 1 0 0 0 0
880	23	 1 1 1 1 0 0 0 0 1 0 0 0 0 0 0 1 1 0 0 0
880	4	 1 1 1 0 0 1 1 0 1 0 0 0 0 0 1 1 0 0 0 0
880	5	 1 1 1 1 1 1 0 0 1 0 0 1 1 1 0 1 0 0 0 0
880	8	 1 1 1 1 0 1 0 0 0 0 0 0 0 0 0 0 0 0 1 0
880	1	 0 1 1 1 1 1 0 0 1 0 0 0 0 0 1 1 0 0 0 0
880	3	 0 1 1 1 1 1 1 0 1 0 0 0 0 0 1 0 0 0 0 0
880	1	 1 1 1 0 1 0 0 0 1 0 0 0 0 0 1 1 0 0 0 0
880	2	 1 1 1 1 1 1 0 0 1 0 0 0 0 0 1 1 0 0 1 0
880	3	 1 1 1 1 1 1 1 0 1 0 1 0 0 0 0 1 0 0 0 0
880	8	 1 1 1 1 1 1 1 0 0 0 0 0 0 0 0 0 0 0 1 0
880	4	 1 1 1 1 1 1 0 1 0 0 0 0 0 0 1 1 0 0 0 0
880	2	 1 1 1 1 0 1 0 1 1 0 0 0 1 0 1 0 1 0 0 0
880	19	 1 1 1 1 1 1 0 1 0 0 0 0 0 0 0 1 0 0 1 0
880	19	 1 1 1 1 1 1 0 1 0 0 0 0 1 0 0 1 0 0 0 1
880	9	 1 1 1 1 0 1 0 1 0 0 0 0 1 0 0 1 0 0 0 0
880	2	 1 1 1 1 1 1 0 1 0 0 1 0 0 1 1 1 0 0 0 0
880	3	 1 1 0 1 0 0 0 0 1 0 0 0 0 0 1 1 0 0 0 0
880	7	 1 1 1 1 1 1 0 1 0 0 0 0 0 0 0 1 0 1 0 0
880	12	 1 1 1 1 0 1 0 0 0 0 0 0 0 0 0 0 0 0 0 0
880	8	 1 1 1 1 1 0 1 0 1 0 0 0 0 0 0 1 0 0 0 0
880	5	 0 1 1 1 0 0 0 0 1 0 0 0 0 0 0 1 0 0 0 1
880	1	 0 1 1 1 1 1 1 0 1 0 0 0 0 0 1 1 0 0 0 0
880	10	 1 1 1 1 0 1 0 1 1 0 0 0 0 0 0 0 0 0 0 0
880	1	 0 1 1 1 0 0 0 0 1 1 0 0 0 0 0 1 0 0 0 0
880	4	 1 1 1 1 1 1 0 0 1 0 0 0 0 0 0 1 1 0 0 0
880	1	 1 1 0 1 1 0 0 1 0 0 0 0 0 0 0 0 0 0 0 0
880	4	 1 1 1 1 1 0 0 0 1 0 0 0 0 0 1 1 0 1 0 0
880	9	 1 1 1 0 1 1 0 1 0 0 0 0 1 0 0 1 0 0 0 0
880	1	 1 1 1 1 0 1 0 0 0 0 0 1 1 0 1 1 0 0 0 0
880	3	 1 1 1 1 1 1 1 0 1 0 0 0 0 1 1 0 1 0 0 0
880	3	 1 1 1 0 1 1 1 1 0 0 0 0 0 1 0 1 0 0 0 0
880	4	 1 1 1 1 1 1 1 0 1 0 0 0 0 0 0 0 0 1 0 0
880	1	 1 1 1 1 0 1 0 1 0 0 0 0 0 0 1 0 0 0 0 0
880	1	 1 1 1 1 1 1 0 1 0 0 0 0 0 1 1 1 0 0 0 0
880	3	 1 1 1 0 1 1 0 0 0 0 0 0 0 0 0 1 0 0 0 0
880	2	 1 1 0 1 0 1 0 0 0 0 0 0 0 0 1 1 0 0 1 0
880	1	 1 1 1 1 1 1 1 0 1 0 0 0 0 1 0 1 0 0 0 0
880	5	 1 1 1 1 0 1 0 0 1 0 0 1 1 0 0 1 0 0 0 0
880	6	 1 1 1 1 0 0 0 0 1 0 1 0 0 0 0 1 0 0 0 0
880	10	 1 1 1 1 0 0 0 0 1 1 0 0 0 0 0 1 0 0 0 0
880	3	 1 1 1 1 1 1 0 0 0 1 0 0 0 0 0 1 0 0 0 0
880	3	 0 0 1 1 1 1 0 1 0 0 0 0 0 0 0 1 0 0 0 0
880	4	 1 1 1 1 0 1 1 1 0 0 0 0 0 0 1 0 0 0 0 0
880	2	 1 1 1 1 0 0 0 0 1 0 0 0 1 0 0 1 0 0 0 0
880	3	 1 1 1 1 1 1 1 0 0 0 0 0 0 0 0 0 0 0 0 0
880	3	 1 1 1 0 1 1 1 1 0 0 0 0 0 0 1 1 0 0 0 0
880	1	 1 1 1 1 0 1 0 1 1 0 0 0 1 0 1 0 0 1 0 0
880	5	 0 1 1 1 1 1 1 0 1 0 0 0 0 1 1 0 1 0 0 0
880	1	 1 1 1 1 0 1 0 0 0 0 0 0 0 0 0 1 0 0 0 0
880	2	 1 0 1 1 0 1 0 0 1 0 0 0 0 0 0 1 0 0 0 0
880	2	 1 1 0 1 0 1 0 1 1 0 0 0 1 0 1 0 0 0 0 0
880	3	 0 1 1 1 1 0 0 0 1 0 0 0 0 0 1 1 0 0 0 0
880	1	 1 1 1 0 1 1 1 1 0 1 0 0 0 0 0 1 0 0 0 0
880	3	 1 1 1 1 1 1 0 1 0 0 0 0 1 0 0 1 0 1 0 0
880	2	 1 1 1 1 1 1 1 0 1 0 0 0 0 1 1 0 1 0 1 0
880	3	 1 0 1 1 0 1 0 1 1 0 0 1 1 0 1 0 0 0 0 1
880	2	 1 1 1 1 1 0 0 0 1 0 0 0 0 0 0 1 0 0 0 0
880	4	 0 1 1 1 1 1 1 0 1 0 0 0 0 0 0 1 0 0 0 0
880	1	 1 1 1 1 1 1 1 0 0 0 0 0 0 0 0 1 0 0 0 0
880	3	 1 1 1 1 1 1 0 0 1 0 0 1 1 0 1 0 1 1 0 0
880	1	 1 1 1 1 1 0 0 0 1 0 0 0 0 0 1 1 1 0 0 0
880	1	 1 1 1 1 0 1 0 1 1 0 0 1 1 0 0 0 0 0 0 0
880	1	 1 1 1 1 0 1 0 1 0 0 0 0 0 0 0 1 0 0 0 0
880	4	 1 1 1 1 1 1 0 0 0 0 0 1 0 0 0 0 0 0 0 0
880	4	 1 1 1 1 1 0 0 0 1 0 0 1 0 0 0 0 0 0 0 0
880	1	 1 0 1 1 0 0 0 0 1 0 1 0 0 0 1 1 0 0 0 0
880	2	 1 1 1 1 0 0 0 1 1 0 0 0 0 0 0 1 1 0 0 0
880	1	 1 1 0 1 0 0 0 0 1 0 1 0 0 0 0 1 0 0 0 0
880	1	 1 1 1 1 0 1 0 1 1 0 0 0 1 0 1 1 0 0 0 0
880	1	 1 1 1 1 1 0 0 0 1 1 0 0 0 0 0 1 0 0 0 0
880	1	 1 1 1 1 0 1 0 0 0 0 0 0 1 0 0 1 0 0 0 1
880	1	 1 1 1 1 0 1 0 1 1 0 0 0 1 0 0 1 0 0 0 1
880	2	 1 0 1 1 1 1 0 1 0 0 0 1 0 0 0 1 0 0 0 0
880	1	 1 0 1 1 0 1 0 0 0 0 0 0 0 0 0 1 0 0 0 0
880	1	 1 1 1 1 1 1 0 0 0 0 0 0 0 0 0 1 0 1 0 0
880	2	 1 1 1 0 1 1 0 0 0 0 0 0 0 0 0 0 0 0 0 0
880	4	 1 1 1 1 1 1 0 0 1 0 0 0 0 0 0 0 0 0 0 0
880	3	 1 1 1 1 1 1 1 0 1 0 0 0 0 0 0 1 1 0 0 0
880	1	 1 1 1 1 1 1 1 0 1 0 0 1 0 0 0 1 0 0 0 0
880	1	 1 1 1 0 0 0 0 0 1 0 0 0 0 0 0 1 0 0 0 0
880	1	 1 0 1 1 1 1 0 1 0 0 0 0 1 0 0 1 0 0 0 0
880	1	 1 1 1 1 1 1 0 1 1 0 0 0 0 0 0 1 0 0 0 1
880	1	 1 1 1 1 1 0 0 1 1 0 0 0 0 0 1 1 0 0 0 0
880	1	 1 1 1 1 1 1 0 1 0 0 0 0 0 0 0 0 0 1 0 0
880	3	 0 1 1 1 0 0 0 0 1 1 0 0 0 0 0 1 0 1 0 0
1000	71	 1 1 1 1 0 0 0 0 1 0 0 0 0 0 1 1 0 0 0 0
1000	6	 1 1 1 1 0 1 0 1 1 0 0 0 0 0 0 1 0 0 0 0
1000	39	 1 1 1 1 1 0 0 0 1 0 0 1 0 0 0 1 0 0 0 0
1000	47	 1 1 1 1 0 1 0 1 1 0 0 0 0 0 0 0 0 0 0 0
1000	21	 1 1 1 1 0 1 0 0 0 0 0 1 1 0 1 1 0 0 0 0
1000	13	 1 1 1 1 1 0 1 0 1 0 0 0 0 0 1 1 0 0 0 0
1000	5	 1 1 1 1 0 1 0 0 1 0 0 0 0 0 1 1 0 0 0 0
1000	53	 1 1 1 0 1 0 0 0 1 0 0 0 0 0 1 1 0 0 0 0
1000	23	 1 1 1 1 0 1 0 0 0 0 0 1 1 0 0 1 0 0 0 1
1000	11	 1 1 1 1 0 1 0 0 1 0 0 0 0 0 0 0 0 0 0 0
1000	12	 1 1 1 1 0 1 0 1 1 0 0 0 0 0 1 1 0 0 0 0
1000	19	 1 1 1 1 1 0 0 1 1 0 0 0 0 0 1 1 1 0 0 0
1000	2	 0 1 1 1 0 0 0 0 1 0 0 0 0 0 1 1 0 0 0 0
1000	27	 1 1 1 1 0 1 0 1 1 0 0 1 0 0 0 1 0 0 0 0
1000	6	 1 1 1 1 1 1 1 0 0 0 0 1 0 0 0 0 0 0 0 0
1000	6	 1 1 1 1 0 1 0 1 1 0 0 0 0 0 0 1 1 0 0 0
1000	2	 1 1 1 1 1 1 1 0 1 0 0 1 1 0 0 1 1 0 0 0
1000	47	 1 1 1 1 0 1 0 0 0 0 0 1 1 1 0 1 0 0 0 0
1000	25	 1 1 1 1 0 0 0 0 1 0 0 0 0 0 1 1 0 0 1 0
1000	4	 1 1 1 1 1 1 1 0 0 0 0 0 0 0 0 1 0 0 0 0
1000	4	 0 1 1 1 1 0 0 1 1 0 0 0 1 1 0 1 0 0 0 0
1000	4	 1 1 1 1 0 1 0 0 1 0 0 1 1 0 1 1 0 0 0 0
1000	22	 1 1 1 1 1 0 0 0 1 0 0 0 0 0 1 1 0 0 0 0
1000	13	 1 0 1 1 0 1 0 1 1 0 0 0 0 0 0 1 0 1 0 0
1000	22	 1 1 1 0 1 0 0 0 0 0 0 0 0 0 0 1 1 0 0 0
1000	7	 0 1 1 1 0 0 0 0 1 0 1 0 0 0 1 1 0 0 0 0
1000	4	 1 1 1 1 1 1 0 0 0 0 0 1 1 0 1 1 0 0 0 0
1000	2	 1 1 1 0 0 0 0 0 1 0 0 0 0 0 1 1 0 0 0 0
1000	18	 1 1 1 0 1 1 0 0 1 0 0 1 0 0 0 1 0 0 0 0
1000	31	 1 1 1 0 0 1 1 0 0 0 0 0 0 0 0 1 0 0 0 0
1000	22	 1 1 1 1 1 1 1 1 0 1 0 0 0 0 0 1 0 0 0 0
1000	9	 1 1 1 1 1 0 1 0 1 0 0 1 1 0 0 1 1 0 0 0
1000	9	 1 1 1 1 1 1 0 0 0 0 1 1 1 0 1 1 0 0 0 0
1000	10	 1 1 1 0 0 1 1 0 0 0 0 0 1 0 0 1 0 0 0 0
1000	8	 1 1 1 1 0 1 0 0 1 0 0 1 0 0 0 1 0 0 0 0
1000	9	 1 1 1 0 0 1 0 0 1 0 0 0 0 0 0 0 0 0 0 0
1000	4	 1 1 0 1 1 0 0 0 1 0 0 0 0 0 0 1 0 0 0 0
1000	3	 1 1 1 1 0 1 0 0 0 0 0 1 1 0 0 0 0 0 0 1
1000	25	 0 1 1 1 0 1 0 0 1 0 0 1 1 0 1 1 0 0 0 0
1000	1	 1 1 1 1 0 1 0 0 1 0 0 1 1 0 0 1 0 0 0 1
1000	16	 1 1 1 1 1 0 0 0 1 0 0 0 0 0 1 1 1 0 0 0
1000	3	 1 1 1 1 1 0 0 0 0 0 0 0 0 0 1 1 0 0 0 0
1000	6	 1 1 1 1 0 1 0 1 1 0 1 0 0 0 0 0 0 0 0 0
1000	4	 1 1 1 1 1 1 1 0 1 1 0 1 1 0 0 1 1 0 0 0
1000	1	 1 1 1 1 0 0 0 1 1 0 0 0 0 0 1 1 0 0 1 0
1000	2	 1 1 1 1 1 1 1 0 1 0 0 0 0 0 0 1 0 0 0 0
1000	1	 0 1 1 0 1 0 0 0 1 0 0 1 1 0 0 1 1 0 0 0
1000	8	 1 1 0 1 0 0 0 0 1 0 0 0 0 0 1 1 0 0 0 0
1000	13	 1 1 1 0 1 0 0 0 1 0 0 0 1 0 1 1 0 0 0 0
1000	7	 1 0 1 1 0 1 0 1 1 0 0 1 0 0 0 1 0 0 0 0
1000	2	 1 1 1 1 1 1 1 0 0 0 1 1 0 0 0 0 0 0 0 0
1000	2	 1 1 1 1 1 1 1 0 1 0 0 1 1 0 1 1 1 0 0 0
1000	1	 1 1 1 0 1 1 0 0 1 0 0 1 0 0 0 1 1 0 0 0
1000	3	 1 1 1 0 1 0 0 0 1 0 0 0 0 0 1 0 0 0 0 0
1000	5	 1 1 1 1 0 1 0 0 0 0 1 1 1 1 0 1 0 0 0 0
1000	12	 1 1 1 1 0 1 1 0 0 0 0 1 1 0 1 1 0 0 1 0
1000	3	 1 1 1 1 0 1 0 1 1 0 0 0 1 1 0 1 0 0 0 0
1000	15	 0 1 1 0 1 0 0 0 0 0 0 0 0 0 0 1 1 0 0 0
1000	9	 1 1 1 1 1 0 0 0 0 0 0 0 0 0 1 1 1 0 0 0
1000	4	 1 1 1 1 0 1 0 1 1 0 0 1 0 0 0 1 1 0 0 0
1000	2	 1 1 1 1 1 1 1 0 0 0 0 1 1 0 1 1 0 0 1 0
1000	17	 1 1 1 1 0 1 0 0 1 0 0 1 1 0 0 1 1 0 0 0
1000	1	 1 1 1 1 1 0 0 0 1 0 0 0 0 0 0 1 1 0 0 0
1000	10	 1 1 1 1 0 1 0 0 0 0 0 1 1 1 0 1 0 0 1 0
1000	5	 1 1 1 0 0 1 0 0 1 0 0 1 1 0 1 1 0 0 0 0
1000	2	 0 1 1 0 1 0 1 0 1 0 0 1 0 0 0 1 0 0 0 0
1000	4	 1 1 1 1 0 1 0 0 1 0 1 0 0 0 1 1 0 0 0 0
1000	1	 1 1 1 0 0 0 0 0 1 0 0 0 1 0 1 1 0 0 0 0
1000	1	 0 1 1 1 0 1 0 0 0 0 0 1 1 0 1 1 0 0 0 0
1000	9	 1 1 1 1 0 1 1 0 0 0 0 0 1 0 1 1 0 0 1 0
1000	12	 0 1 1 0 1 1 0 0 1 0 0 1 0 0 0 1 0 0 0 0
1000	2	 0 1 0 1 1 1 1 1 0 0 0 0 0 0 1 1 0 0 0 0
1000	5	 1 1 1 1 0 1 0 0 0 0 0 0 0 0 1 1 0 0 0 0
1000	1	 0 1 0 1 1 1 1 1 0 0 0 0 0 0 0 1 1 0 0 0
1000	1	 1 1 1 1 0 1 1 0 0 0 0 1 1 1 0 1 0 0 0 0
1000	10	 1 1 1 1 0 1 0 1 0 1 0 1 1 0 1 1 0 0 0 1
1000	2	 1 1 1 0 1 1 0 1 1 0 0 0 1 1 0 1 0 0 0 0
1000	9	 1 1 1 1 0 0 0 1 1 0 0 0 0 0 1 1 0 0 0 0
1000	8	 1 1 1 1 0 0 0 0 1 1 0 0 0 0 1 1 0 0 0 0
1000	2	 1 1 1 1 0 1 0 0 1 0 0 0 0 0 1 0 0 0 0 0
1000	10	 1 1 1 1 1 1 1 0 1 0 0 0 0 0 1 1 0 0 0 0
1000	11	 1 1 1 0 1 1 0 0 1 0 0 1 0 1 0 1 0 0 0 0
1000	4	 0 0 1 0 1 0 1 0 1 0 0 1 0 0 0 1 0 0 0 0
1000	1	 1 1 1 1 0 0 0 0 1 0 0 0 1 0 1 1 0 0 1 0
1000	1	 0 1 1 1 0 0 0 0 1 0 0 0 0 0 0 1 0 0 0 0
1000	1	 1 1 1 1 1 1 0 0 0 0 0 0 0 0 1 1 0 0 0 0
1000	3	 1 1 1 1 0 0 0 0 1 0 0 0 0 0 0 1 0 0 0 0
1000	2	 1 1 1 1 0 1 1 0 0 0 1 1 1 0 1 1 0 0 1 0
1000	3	 1 1 1 0 1 1 0 0 1 0 0 0 0 0 1 1 0 0 0 0
1000	1	 1 1 1 0 1 0 0 0 1 1 0 1 1 0 0 1 1 0 0 0
1000	1	 1 1 1 1 1 0 0 0 0 0 0 0 0 0 0 1 1 0 0 0
1000	4	 1 1 1 1 0 0 0 0 1 0 0 0 0 0 1 0 0 0 0 0
1000	5	 1 0 1 1 0 1 0 1 1 0 0 0 0 0 0 0 0 0 0 0
1000	2	 0 1 1 0 1 0 0 0 1 0 0 0 0 0 1 1 0 0 0 0
1000	4	 1 1 1 1 0 1 1 0 1 0 0 0 0 0 1 1 1 0 0 0
1000	2	 1 1 1 1 0 0 1 1 1 0 0 0 0 0 0 1 0 0 1 0
1000	1	 1 0 1 0 1 0 0 0 1 0 0 1 0 0 1 1 0 0 0 0
1000	3	 1 1 1 0 1 0 0 0 1 0 0 1 0 0 0 1 0 0 0 0
1000	2	 0 1 1 1 0 1 0 0 1 0 0 1 1 0 1 1 0 0 0 1
1000	2	 1 1 1 1 1 1 1 0 1 0 0 1 1 1 0 1 0 0 0 0
1000	2	 1 1 1 1 0 1 0 1 1 0 0 1 0 0 0 0 0 0 0 0
1000	1	 1 1 1 1 1 0 0 0 1 0 1 1 0 0 1 1 0 0 0 0
1000	2	 0 1 1 1 0 0 0 0 0 0 0 0 0 0 0 1 0 0 0 0
1000	2	 1 1 1 0 1 0 0 0 0 0 0 1 1 1 0 1 0 0 0 0
1000	2	 1 1 1 0 1 1 0 0 0 0 0 0 0 0 0 1 1 0 0 0
1000	1	 0 1 1 1 0 1 0 0 0 0 0 0 0 0 0 1 1 0 0 0
1000	1	 1 1 1 1 1 0 0 0 0 0 0 1 1 0 1 1 0 0 0 0
1000	1	 0 1 1 1 0 1 0 0 0 0 0 1 1 1 0 1 0 0 0 0
1000	4	 0 1 1 1 1 0 0 1 1 0 0 0 1 1 0 1 0 1 0 0
1000	1	 1 1 1 1 0 1 0 1 1 0 0 1 1 0 1 1 0 0 0 0
1000	1	 1 1 1 0 0 1 1 0 0 0 0 0 0 0 0 1 0 0 0 1
1000	1	 1 1 1 0 0 1 1 0 0 0 0 0 0 0 0 0 0 0 0 0
1000	2	 1 1 1 1 1 1 1 0 0 0 0 1 1 0 1 1 1 0 1 0
1000	3	 1 1 1 0 1 0 0 0 1 0 0 0 0 0 0 1 0 0 0 0
1000	1	 1 1 1 1 0 1 0 0 0 0 0 1 1 1 0 1 0 0 0 1
1000	1	 1 1 1 1 0 0 0 0 1 0 0 0 1 0 1 1 0 0 0 0
1000	3	 1 1 1 1 0 0 0 0 1 0 0 1 0 0 1 1 0 0 0 0
1000	1	 1 1 1 1 0 1 0 0 0 0 0 1 1 0 1 1 0 1 0 0
1000	4	 1 1 1 1 1 0 1 0 1 0 0 0 1 0 1 1 0 0 0 0
1000	2	 1 1 1 1 0 0 0 0 0 0 0 1 1 0 0 1 0 0 0 1
1000	1	 1 1 1 1 0 1 0 0 0 0 0 1 1 0 0 1 1 0 0 1
1000	1	 1 1 1 1 1 0 0 1 0 0 0 0 0 0 1 1 1 0 0 0
1000	1	 1 0 1 0 0 1 1 0 0 0 0 0 0 0 0 1 0 0 0 0
1000	2	 1 1 1 1 1 1 0 1 0 1 0 0 0 0 0 1 0 0 0 0
1000	1	 1 1 1 0 0 1 0 0 0 0 0 0 1 0 0 1 0 0 0 0
1000	1	 1 0 1 0 0 0 0 0 1 0 0 0 1 0 1 1 0 0 0 0
1000	2	 1 1 1 0 1 1 0 1 1 0 1 0 1 1 0 1 0 0 0 0
1000	2	 1 1 1 1 0 0 0 0 1 0 0 0 0 0 0 1 1 0 0 0
1000	2	 0 1 1 0 1 0 0 0 1 0 0 0 0 0 1 1 0 0 1 0
1000	1	 1 1 1 1 0 0 1 1 1 1 0 0 0 0 0 1 0 0 1 0
