0	250	 0 0 0 0 0 0 1 1 0 1 0 0 0 0 0 0 0 1 0 0
0	250	 0 0 0 0 1 0 0 0 0 1 0 1 1 0 1 0 0 0 0 0
0	250	 0 0 0 1 0 0 1 0 0 0 0 0 0 0 1 0 0 1 1 0
0	250	 1 1 0 1 0 0 1 0 0 1 0 0 0 0 0 0 0 0 0 0
10	229	 0 0 0 0 0 0 1 1 0 1 0 0 0 0 0 0 0 1 0 0
10	211	 0 0 0 0 1 0 0 0 0 1 0 1 1 0 1 0 0 0 0 0
10	115	 0 0 0 1 0 0 1 0 0 0 0 0 0 0 1 0 0 1 1 0
10	174	 1 1 0 1 0 0 1 0 0 1 0 0 0 0 0 0 0 0 0 0
10	7	 0 0 0 0 0 0 1 1 0 1 0 1 1 0 1 0 0 0 0 0
10	1	 0 0 0 1 0 0 1 0 0 0 0 0 0 0 1 0 0 1 0 0
10	17	 1 1 0 1 0 0 1 0 0 1 0 0 0 0 0 0 0 1 0 0
10	3	 1 1 0 1 0 0 1 0 0 1 0 0 0 0 1 0 0 0 0 0
10	8	 1 0 0 0 0 0 1 1 0 1 0 0 0 0 0 0 0 1 0 0
10	18	 0 0 0 0 1 0 0 0 0 1 0 1 1 0 1 0 1 0 0 0
10	2	 0 0 0 0 1 0 0 0 0 1 0 1 1 0 1 1 0 0 0 0
10	1	 0 0 0 1 0 0 1 1 0 0 0 0 0 0 1 0 0 1 1 0
10	12	 0 0 0 0 1 0 0 0 0 1 0 1 1 0 1 0 0 1 1 0
10	2	 0 0 0 1 0 0 1 0 0 0 0 0 0 0 0 0 0 1 0 0
10	3	 0 0 0 1 0 0 1 0 0 0 0 0 1 0 1 0 0 0 0 0
10	6	 0 0 0 1 0 0 1 0 0 1 0 0 0 0 0 0 0 0 0 0
10	3	 1 1 0 1 0 0 1 0 0 1 0 1 1 0 1 0 0 0 0 0
10	7	 1 0 0 0 1 0 0 0 0 1 0 1 1 0 1 0 0 0 0 0
10	5	 0 0 1 0 0 0 1 1 0 1 0 0 0 0 0 0 0 1 0 0
10	11	 0 0 0 0 0 0 1 1 0 1 0 0 0 0 0 0 0 1 1 0
10	2	 0 0 0 1 0 0 1 0 0 0 0 0 0 0 1 0 1 1 1 0
10	10	 1 1 0 1 0 0 1 0 0 1 1 0 0 0 0 0 0 0 0 0
10	12	 1 1 0 1 0 0 1 0 0 1 0 0 0 0 0 0 0 0 0 1
10	11	 0 0 0 1 0 0 0 1 0 1 0 0 0 0 0 0 0 1 0 0
10	5	 1 1 0 1 0 0 1 1 0 1 0 0 0 0 0 0 0 1 0 0
10	2	 0 0 0 0 0 0 1 0 0 1 0 0 0 0 0 0 0 1 0 0
10	1	 0 0 0 0 0 0 0 1 0 1 0 0 0 0 0 0 0 1 0 0
10	1	 0 0 0 0 1 0 0 0 0 1 0 1 1 0 0 0 0 0 0 0
10	2	 0 0 0 0 0 0 1 1 0 1 0 0 0 1 0 0 0 1 0 0
10	4	 0 0 0 1 1 0 0 0 0 1 0 1 1 0 1 0 0 0 0 0
10	2	 0 0 1 0 1 0 0 0 0 1 0 1 1 0 1 1 0 0 0 0
10	12	 0 0 0 0 1 0 1 0 0 0 0 0 0 0 1 0 0 1 1 0
10	1	 0 0 0 0 0 0 1 1 0 1 0 0 1 0 0 0 0 1 0 0
10	4	 0 0 0 0 1 0 0 0 0 1 0 0 1 0 1 0 0 0 0 0
10	5	 0 0 0 1 0 0 1 0 1 0 0 0 0 0 1 0 0 1 1 0
10	6	 1 1 0 1 0 1 1 0 0 1 0 0 0 0 0 0 0 0 0 0
10	3	 0 0 0 0 0 0 1 1 0 1 0 0 0 0 0 0 0 0 0 0
10	3	 0 0 0 0 0 0 1 1 0 0 0 0 0 0 0 0 0 1 0 0
10	1	 0 1 0 1 0 0 1 0 0 1 0 0 0 0 0 0 0 0 0 0
10	5	 0 0 0 0 0 0 0 0 0 1 0 1 1 0 1 0 0 0 0 0
10	3	 1 1 0 1 0 0 1 0 0 1 0 0 0 1 0 0 0 0 0 0
10	4	 1 0 0 1 0 0 1 1 0 0 0 0 0 0 1 0 0 1 1 0
10	4	 1 1 0 1 0 1 1 1 0 1 0 0 0 0 0 0 0 1 0 0
10	2	 0 0 0 0 0 0 1 1 0 0 0 0 0 1 0 0 0 1 0 0
10	1	 0 0 0 0 1 0 0 0 0 1 0 1 1 0 0 0 0 1 0 0
10	3	 0 0 0 0 1 0 1 1 0 1 0 0 0 0 0 0 0 1 0 0
10	2	 0 1 0 0 0 0 1 1 0 1 0 0 0 0 0 0 0 1 0 0
10	4	 0 0 0 0 1 0 0 0 0 1 0 1 1 0 1 0 0 0 0 1
10	5	 0 0 0 1 0 0 1 0 0 0 0 0 1 0 1 0 0 1 1 0
10	1	 1 1 0 1 1 0 1 0 0 1 0 0 0 0 0 0 0 0 0 0
10	3	 1 1 0 1 0 0 1 0 0 1 0 0 0 0 0 0 0 0 1 0
10	2	 1 0 0 0 0 0 1 1 0 1 0 0 0 0 0 0 0 1 1 0
10	2	 0 0 0 0 1 0 0 0 0 1 0 0 0 0 0 0 0 1 0 0
10	4	 0 0 0 0 1 0 0 0 0 1 0 1 1 0 1 0 0 1 0 0
10	3	 0 0 0 0 1 0 0 0 0 0 0 1 1 0 1 0 0 0 0 0
10	4	 1 1 0 1 0 0 1 0 0 1 0 0 0 0 0 1 0 0 0 0
10	1	 1 1 0 1 0 0 1 0 0 0 0 0 0 0 0 0 0 0 0 0
10	1	 1 1 0 0 0 0 1 0 0 1 0 0 0 0 0 0 0 1 0 0
10	1	 0 0 1 0 1 0 0 0 0 1 0 1 1 0 1 0 1 0 0 0
10	1	 0 0 0 1 1 0 0 0 0 1 1 1 1 0 1 0 0 0 0 0
10	2	 0 0 0 1 0 0 1 1 0 0 0 0 0 1 1 0 0 1 0 0
10	1	 1 1 0 1 0 1 1 0 0 1 0 0 0 0 0 0 1 0 0 0
10	3	 0 0 0 0 1 0 0 0 0 1 0 1 1 0 1 0 1 1 1 0
10	1	 1 0 0 0 1 0 0 0 0 1 0 1 1 0 1 0 0 1 1 0
10	1	 1 0 0 0 1 0 0 0 0 1 0 1 1 0 1 0 0 1 0 0
10	2	 1 1 0 1 0 0 1 1 0 1 0 0 0 0 0 0 0 0 0 0
10	1	 0 0 0 1 1 0 1 1 0 1 0 0 0 0 0 0 0 1 0 0
10	4	 0 1 0 1 0 0 1 0 0 0 0 0 0 0 1 0 0 1 1 0
10	1	 0 0 0 0 0 0 1 1 1 1 0 0 0 0 0 0 0 1 0 0
10	1	 1 1 0 1 0 0 1 0 0 1 0 1 0 0 0 0 0 0 0 0
10	1	 0 1 0 0 1 0 0 0 0 1 0 1 1 0 1 0 0 1 1 0
10	1	 0 0 0 1 1 0 1 0 1 0 0 0 0 0 1 0 0 1 1 0
10	2	 0 0 0 0 1 0 1 1 0 1 0 0 0 0 0 1 0 1 0 0
10	1	 0 0 0 0 0 0 1 0 0 0 0 0 1 0 1 0 0 1 1 0
25	151	 0 0 0 0 0 0 1 1 0 1 0 0 0 0 0 0 0 1 0 0
25	217	 0 0 0 0 1 0 0 0 0 1 0 1 1 0 1 0 0 0 0 0
25	10	 0 0 0 1 0 0 1 0 0 0 0 0 0 0 1 0 0 1 1 0
25	114	 1 1 0 1 0 0 1 0 0 1 0 0 0 0 0 0 0 0 0 0
25	14	 0 0 0 0 0 0 1 1 0 1 0 1 1 0 1 0 0 0 0 0
25	53	 1 1 0 1 0 0 1 0 0 1 0 0 0 0 0 0 0 1 0 0
25	6	 0 0 0 0 1 0 0 0 0 1 0 1 1 0 1 0 1 0 0 0
25	4	 0 0 0 0 1 0 0 0 0 1 0 1 1 0 1 0 0 1 1 0
25	3	 1 1 0 1 0 0 1 0 0 1 0 1 1 0 1 0 0 0 0 0
25	13	 1 0 0 0 1 0 0 0 0 1 0 1 1 0 1 0 0 0 0 0
25	4	 0 0 1 0 0 0 1 1 0 1 0 0 0 0 0 0 0 1 0 0
25	4	 0 0 0 0 0 0 1 1 0 1 0 0 0 0 0 0 0 1 1 0
25	14	 1 1 0 1 0 0 1 0 0 1 1 0 0 0 0 0 0 0 0 0
25	8	 1 1 0 1 0 0 1 0 0 1 0 0 0 0 0 0 0 0 0 1
25	20	 0 0 0 1 0 0 0 1 0 1 0 0 0 0 0 0 0 1 0 0
25	39	 1 1 0 1 0 0 1 1 0 1 0 0 0 0 0 0 0 1 0 0
25	6	 0 0 0 0 1 0 0 0 0 1 0 0 1 0 1 0 0 0 0 0
25	19	 0 1 0 1 0 0 1 0 0 1 0 0 0 0 0 0 0 0 0 0
25	3	 0 0 0 0 0 0 0 0 0 1 0 1 1 0 1 0 0 0 0 0
25	4	 1 1 0 1 0 0 1 0 0 1 0 0 0 1 0 0 0 0 0 0
25	2	 0 1 0 1 0 0 1 0 0 0 0 0 0 0 1 0 0 1 1 0
25	10	 0 0 0 0 0 0 1 1 1 1 0 0 0 0 0 0 0 1 0 0
25	5	 0 0 0 0 0 0 1 0 0 0 0 0 1 0 1 0 0 1 1 0
25	4	 0 0 0 0 1 0 1 0 0 1 0 0 0 0 0 0 0 0 0 0
25	1	 0 0 0 0 1 0 0 1 0 1 0 1 1 0 1 0 1 0 0 0
25	12	 0 0 0 0 1 0 0 1 0 1 0 1 1 0 1 0 0 0 0 1
25	7	 0 0 0 1 0 0 1 0 1 0 0 0 0 0 1 0 0 1 0 0
25	1	 0 1 0 0 1 0 0 0 0 1 0 1 1 0 1 0 0 0 0 0
25	3	 0 0 0 1 0 0 0 1 0 1 0 1 0 0 0 0 0 1 0 0
25	2	 1 1 0 1 0 0 1 0 0 1 0 0 0 0 0 0 0 0 1 0
25	4	 1 1 0 1 0 0 1 0 1 1 0 0 0 0 0 0 0 0 0 0
25	5	 1 1 0 1 0 0 1 0 0 1 0 0 0 0 0 1 0 1 0 0
25	3	 0 0 0 0 1 0 0 0 0 1 0 1 1 0 1 0 0 1 1 1
25	2	 1 0 0 1 1 0 0 0 0 1 0 1 1 0 1 0 0 0 0 0
25	4	 1 0 0 0 1 0 0 0 0 1 0 1 1 0 1 0 0 1 0 0
25	5	 0 0 0 0 0 0 1 0 0 1 0 0 0 0 0 0 0 0 0 0
25	8	 1 0 0 1 0 0 0 1 0 1 0 0 0 0 0 0 0 1 0 0
25	8	 0 0 0 0 0 0 0 1 0 1 0 0 0 0 0 0 0 1 0 0
25	12	 1 1 0 1 0 0 1 0 0 1 0 0 1 0 1 0 0 1 1 0
25	2	 0 0 0 1 0 0 0 1 0 1 0 1 0 0 0 0 0 0 0 0
25	1	 0 0 0 1 0 0 0 1 0 1 0 0 0 0 0 0 0 1 0 1
25	3	 0 0 0 0 1 0 1 1 0 1 0 0 0 1 0 0 0 0 0 0
25	8	 0 0 0 1 0 0 1 1 0 1 0 0 0 0 0 0 0 1 0 0
25	10	 0 1 0 0 1 0 0 0 0 1 0 1 1 1 1 0 0 0 0 0
25	1	 0 0 0 0 0 0 1 1 0 1 0 0 0 0 0 1 0 1 0 0
25	3	 1 0 0 0 0 0 1 0 0 1 0 0 0 0 0 0 0 1 0 0
25	4	 0 0 0 0 0 0 1 1 0 1 0 0 0 0 0 0 0 0 0 0
25	1	 0 0 1 0 1 0 0 0 0 1 0 1 1 0 1 0 0 0 0 0
25	3	 1 1 0 1 0 0 1 0 0 0 0 0 0 0 0 0 0 1 0 0
25	12	 0 1 0 1 0 0 1 0 0 1 0 0 0 0 0 0 0 1 0 0
25	7	 1 1 0 1 1 0 1 0 0 1 1 0 0 0 0 0 0 0 0 0
25	2	 1 1 0 1 0 0 1 0 0 1 0 0 1 0 1 0 0 0 0 0
25	6	 0 0 0 1 0 0 1 0 0 0 0 0 1 0 1 0 0 1 0 0
25	6	 0 0 0 0 1 0 0 0 0 1 0 1 1 0 1 0 0 1 0 0
25	8	 0 0 0 1 0 0 1 0 0 1 0 0 0 0 0 1 0 0 0 0
25	4	 1 0 0 1 0 0 1 0 0 1 1 0 0 0 0 0 0 0 0 0
25	6	 1 1 0 1 0 0 1 1 0 0 0 0 0 0 0 0 0 1 0 0
25	7	 1 1 0 1 0 0 1 1 0 1 0 1 0 0 0 0 0 1 0 0
25	2	 0 0 0 0 1 0 1 0 0 1 0 1 1 0 1 0 0 0 0 0
25	5	 0 0 0 0 1 1 0 0 0 1 0 1 1 0 1 0 0 0 0 0
25	5	 1 1 0 1 0 0 1 0 0 1 0 0 0 0 0 1 0 0 0 0
25	5	 1 1 0 1 0 0 1 0 0 1 0 0 1 0 0 0 0 1 0 0
25	4	 1 0 0 0 1 0 0 0 1 1 0 1 1 0 1 0 0 0 0 0
25	1	 0 0 0 1 0 0 0 1 0 1 0 0 0 0 0 0 0 0 0 1
25	2	 0 0 0 0 1 0 0 1 0 1 0 0 0 0 0 0 0 1 0 0
25	9	 1 1 0 0 0 0 1 0 0 1 0 0 0 0 0 0 0 0 0 0
25	4	 1 1 0 1 0 0 1 0 0 1 0 1 1 0 1 0 0 0 1 0
25	1	 0 0 0 1 0 0 0 1 0 1 0 1 1 0 1 0 0 0 0 0
25	4	 0 0 0 0 1 0 0 0 0 1 1 1 1 0 1 0 0 0 0 0
25	2	 0 0 0 0 1 0 0 0 0 1 0 1 1 1 1 0 0 0 0 0
25	1	 0 0 0 0 1 0 1 0 0 1 0 1 1 0 1 0 0 1 1 1
25	5	 0 0 0 0 0 0 1 1 0 1 0 0 0 0 1 0 0 1 0 0
25	1	 1 0 0 1 1 0 1 0 0 1 1 0 0 0 0 0 0 0 0 0
25	1	 0 0 0 0 1 0 0 1 0 1 0 1 1 0 1 0 0 0 0 0
25	1	 1 1 0 1 0 0 1 0 0 1 0 0 1 0 1 0 0 1 0 0
25	1	 0 0 0 1 1 0 0 0 0 1 0 1 1 0 1 0 0 0 0 0
25	1	 1 1 0 1 0 0 1 1 0 1 0 0 1 0 1 0 0 1 1 0
25	1	 0 0 0 1 0 0 1 0 0 1 0 0 0 0 0 0 0 1 0 0
25	2	 0 0 0 0 0 0 1 1 0 1 0 0 0 0 1 0 0 1 1 0
25	3	 0 0 0 0 1 0 0 0 0 1 0 1 1 0 0 0 0 1 0 0
25	7	 0 0 0 0 0 0 1 1 1 1 0 1 1 0 1 0 0 0 0 0
25	1	 0 0 0 0 0 0 1 1 0 1 0 0 0 0 0 0 1 1 0 0
25	2	 1 1 0 1 0 0 0 1 0 1 0 0 0 0 0 0 0 1 0 0
25	2	 0 0 0 0 0 0 1 0 0 0 0 1 1 0 1 0 0 1 1 0
25	5	 0 0 0 0 0 0 1 0 0 0 0 0 1 0 1 0 0 0 1 0
25	1	 1 1 0 1 0 0 1 1 0 1 0 0 0 0 0 1 0 1 0 0
25	2	 1 0 0 1 0 0 1 1 0 1 0 0 0 0 0 0 0 1 0 0
25	3	 0 1 0 0 1 1 0 0 0 1 0 1 1 1 1 0 0 0 0 0
25	2	 1 0 0 1 0 0 1 0 0 1 1 0 1 0 0 0 0 0 0 0
25	1	 1 0 0 0 1 0 1 0 0 1 0 1 1 0 1 0 0 1 1 1
25	3	 0 0 0 0 0 0 1 1 0 1 0 1 0 0 0 0 0 1 0 0
25	1	 0 0 0 1 0 0 1 0 0 1 0 0 0 0 0 0 0 0 0 0
25	4	 0 0 0 0 1 0 0 0 0 0 0 1 1 0 1 0 0 0 0 0
25	1	 1 1 0 1 0 0 1 0 0 1 1 0 0 0 0 0 0 1 0 0
25	2	 1 1 0 1 0 0 1 0 0 0 1 0 0 0 0 0 0 0 0 0
25	3	 0 1 0 0 1 0 0 0 0 1 0 0 1 1 1 0 0 0 0 0
25	1	 1 0 0 1 0 0 1 0 0 1 1 0 1 0 0 1 0 0 0 0
70	19	 0 0 0 0 0 0 1 1 0 1 0 0 0 0 0 0 0 1 0 0
70	19	 0 0 0 0 1 0 0 0 0 1 0 1 1 0 1 0 0 0 0 0
70	27	 1 1 0 1 0 0 1 0 0 1 0 0 0 0 0 0 0 0 0 0
70	34	 0 0 0 0 0 0 1 1 0 1 0 1 1 0 1 0 0 0 0 0
70	33	 1 1 0 1 0 0 1 0 0 1 0 0 0 0 0 0 0 1 0 0
70	13	 0 0 0 1 0 0 0 1 0 1 0 0 0 0 0 0 0 1 0 0
70	35	 1 1 0 1 0 0 1 1 0 1 0 0 0 0 0 0 0 1 0 0
70	5	 0 0 1 0 1 0 0 0 0 1 0 1 1 0 1 0 0 0 0 0
70	3	 1 1 0 1 0 0 1 0 0 0 0 0 0 0 0 0 0 1 0 0
70	2	 0 0 0 0 1 0 0 0 0 1 0 1 1 1 1 0 0 0 0 0
70	1	 0 0 0 0 0 0 1 0 0 0 0 0 1 0 1 0 0 0 1 0
70	5	 1 0 0 1 0 0 1 0 0 1 1 0 1 0 0 0 0 0 0 0
70	11	 0 1 0 0 1 0 0 0 0 1 0 0 1 1 1 0 0 0 0 0
70	5	 0 0 0 1 0 0 1 0 0 0 0 0 0 0 1 0 0 1 0 0
70	1	 0 0 0 0 1 0 0 0 1 1 0 1 1 0 1 0 0 0 0 0
70	2	 0 0 0 0 1 0 0 1 0 1 0 1 1 0 1 0 0 0 0 0
70	30	 0 0 0 0 1 0 1 0 0 1 1 1 1 0 1 0 0 0 0 0
70	3	 0 0 0 1 1 0 1 1 0 1 0 0 0 0 0 0 0 1 0 0
70	19	 1 1 0 1 0 0 1 1 0 1 0 1 1 0 1 0 0 0 0 0
70	23	 1 1 0 0 1 0 1 1 0 1 0 0 0 0 0 0 0 1 0 0
70	2	 0 0 0 0 1 0 0 0 0 1 0 1 1 0 0 0 0 0 0 0
70	16	 0 0 0 0 0 0 1 1 1 1 1 0 0 0 0 0 0 1 0 0
70	5	 0 0 1 0 0 0 1 1 0 1 0 1 0 0 0 0 0 1 0 0
70	18	 1 1 0 1 0 0 1 1 1 1 0 0 0 0 0 0 0 0 0 0
70	2	 1 1 0 1 0 0 1 1 0 1 0 0 0 0 1 0 0 1 0 0
70	4	 0 0 0 1 1 0 0 0 0 1 0 0 1 0 1 0 0 0 0 0
70	5	 0 0 0 0 1 0 0 0 0 0 0 0 0 0 0 0 0 1 0 0
70	25	 1 1 0 1 0 0 1 1 0 0 1 1 0 0 0 0 0 1 0 0
70	2	 1 0 0 1 1 0 0 0 0 1 0 1 1 0 1 0 0 0 0 0
70	6	 0 0 0 0 0 0 1 1 1 1 0 0 0 0 1 0 0 1 0 0
70	12	 1 1 0 1 0 0 1 0 0 1 0 1 1 0 1 0 0 0 0 0
70	51	 1 1 0 1 0 0 1 0 0 1 1 0 1 0 1 0 0 0 1 0
70	4	 0 0 0 0 0 1 1 1 0 1 0 0 0 0 0 0 0 1 0 0
70	18	 1 1 0 1 1 0 1 0 0 1 1 0 0 1 0 0 0 0 0 0
70	8	 1 1 0 0 1 0 1 1 0 1 0 0 0 1 0 0 0 1 0 0
70	2	 0 0 0 0 1 0 0 0 0 1 0 0 1 0 0 0 0 0 0 0
70	2	 0 0 0 0 0 0 1 1 1 1 0 1 1 0 1 0 0 1 0 0
70	2	 1 1 0 0 1 0 1 1 0 1 0 0 0 0 0 0 0 0 0 0
70	2	 1 0 0 0 0 0 1 1 0 1 0 1 0 0 1 0 0 0 0 0
70	8	 0 1 0 0 1 1 0 0 0 1 0 1 1 1 1 0 0 0 0 0
70	7	 1 0 0 1 0 0 0 1 0 1 0 1 0 0 0 0 1 1 0 0
70	5	 1 1 0 1 0 0 1 0 0 1 0 0 1 0 1 0 0 0 0 0
70	5	 1 1 0 1 0 0 1 1 0 1 0 1 1 0 1 0 0 0 1 0
70	1	 1 0 0 0 1 0 0 0 0 1 1 1 1 1 1 0 0 0 0 0
70	13	 1 1 0 1 0 0 1 1 1 0 1 1 0 0 0 0 0 1 0 0
70	12	 1 1 0 1 0 0 1 0 0 1 1 0 1 0 1 0 0 0 0 0
70	7	 1 1 0 1 0 0 1 1 0 0 0 0 0 0 0 0 0 1 0 0
70	4	 1 1 0 1 0 0 0 0 0 1 1 0 1 0 1 0 0 0 1 0
70	19	 0 0 0 1 1 0 0 0 0 1 0 0 1 0 0 0 0 0 0 0
70	10	 0 0 0 0 1 0 0 0 0 1 0 1 1 0 1 0 0 0 1 0
70	4	 1 1 0 1 0 0 1 1 0 1 0 0 0 0 0 0 0 0 0 0
70	3	 1 1 0 0 1 0 1 1 0 1 0 0 0 0 0 0 1 1 0 0
70	3	 1 0 0 0 0 0 1 1 0 1 0 1 0 0 0 0 0 0 0 0
70	26	 1 1 0 1 0 0 1 1 0 1 0 1 1 0 0 0 0 0 0 0
70	8	 1 1 0 1 0 0 1 1 0 1 1 1 0 0 0 0 0 1 0 0
70	5	 1 1 0 1 1 0 0 0 1 1 0 1 1 0 1 0 0 0 0 0
70	22	 0 0 0 0 0 0 1 1 0 1 1 0 0 0 0 0 0 1 0 0
70	3	 1 1 0 1 0 1 1 0 0 1 0 0 0 0 0 0 0 1 0 0
70	8	 1 0 0 0 0 0 1 1 0 1 0 1 0 0 0 0 0 1 1 0
70	16	 1 1 0 1 1 0 1 1 0 0 1 1 0 0 0 0 0 1 0 0
70	5	 1 0 0 1 0 0 1 0 0 1 0 1 1 0 1 0 0 0 0 0
70	31	 1 1 0 1 0 1 1 0 0 1 1 0 1 0 1 0 0 0 0 0
70	2	 0 0 1 0 1 0 0 0 0 0 0 1 1 0 1 0 0 0 0 0
70	2	 0 1 0 0 1 1 0 0 0 1 0 1 1 0 1 0 0 0 0 0
70	2	 0 1 0 0 1 0 0 0 0 1 0 1 1 0 1 0 0 0 0 0
70	1	 0 0 0 1 0 0 1 0 0 0 0 0 1 0 1 0 0 0 1 0
70	6	 1 1 0 0 0 0 1 0 0 1 0 1 1 0 1 0 0 0 0 0
70	1	 0 0 0 0 0 0 1 1 1 1 0 0 0 0 0 0 0 1 0 0
70	5	 0 0 1 0 0 1 1 1 0 1 0 1 0 0 0 0 0 1 0 0
70	3	 1 1 0 1 0 0 1 0 0 1 1 0 0 0 0 0 0 1 0 0
70	3	 1 0 0 0 0 0 1 0 0 1 0 1 1 0 1 0 0 0 1 0
70	2	 0 0 0 1 0 0 0 1 0 1 0 1 0 0 0 0 1 1 0 0
70	5	 1 0 0 1 0 0 1 1 0 1 0 1 1 0 1 0 0 0 1 0
70	3	 0 0 0 1 0 0 1 1 0 1 0 0 0 0 0 0 0 1 1 0
70	3	 0 0 0 0 0 0 1 1 0 1 0 1 0 0 1 0 0 0 0 0
70	14	 1 0 0 1 0 0 1 0 0 1 0 0 0 0 0 0 0 1 0 0
70	3	 1 1 0 1 0 0 1 1 0 1 0 0 0 1 0 0 0 1 0 0
70	2	 0 0 1 0 0 0 0 0 0 1 0 1 1 1 1 0 0 0 0 0
70	3	 1 0 0 0 1 0 0 0 0 0 1 1 0 0 1 0 0 0 0 0
70	2	 0 0 0 0 0 0 1 1 0 1 0 1 1 0 1 0 0 1 0 0
70	12	 1 1 0 1 0 0 0 0 0 1 0 1 1 0 1 0 0 0 0 0
70	2	 0 0 0 0 1 0 0 0 0 0 1 1 1 0 1 0 0 0 0 0
70	10	 0 0 0 0 1 0 1 0 0 1 0 0 0 0 0 0 0 1 0 0
70	6	 1 1 0 0 0 0 1 0 0 0 0 1 1 0 1 0 0 0 0 0
70	4	 1 1 0 1 1 0 1 0 0 1 0 0 0 0 0 0 0 0 0 0
70	2	 0 1 0 0 0 0 1 1 0 1 0 1 1 0 1 0 0 0 0 0
70	4	 1 1 0 0 1 0 1 1 0 1 0 0 0 1 0 0 0 1 0 1
70	13	 1 1 0 1 0 0 1 1 0 1 1 0 0 0 0 0 0 1 0 0
70	1	 1 1 0 1 0 0 1 0 1 1 0 0 0 0 0 0 0 0 0 0
70	1	 1 1 0 1 0 0 1 1 1 0 0 0 0 0 0 0 0 1 0 0
70	8	 0 0 0 0 0 0 1 1 0 1 0 0 0 0 0 0 0 1 1 0
70	13	 1 1 0 1 0 0 1 0 0 1 0 0 0 0 0 0 0 1 1 0
70	1	 1 1 0 1 0 0 1 1 1 1 0 0 0 0 0 0 0 1 0 0
70	6	 0 0 0 1 1 0 0 0 0 1 0 1 1 0 0 0 0 0 0 0
70	4	 1 0 0 1 0 0 0 0 0 1 1 0 1 0 0 0 0 0 0 0
70	7	 1 1 0 1 0 0 0 1 0 0 1 1 0 0 0 0 0 1 0 0
70	2	 1 1 0 1 0 0 1 0 0 1 0 1 1 0 1 0 1 0 0 0
70	3	 0 1 0 1 0 0 1 0 0 1 1 0 1 0 1 0 0 0 1 0
70	3	 1 1 0 1 1 0 1 0 0 1 1 0 0 1 1 0 0 0 0 0
70	3	 1 0 0 1 1 0 1 1 0 1 0 0 0 0 0 0 0 1 1 0
70	2	 0 0 0 0 0 0 1 1 0 1 0 0 0 0 0 0 0 0 0 0
70	2	 0 0 0 1 0 0 0 1 0 1 0 1 0 0 0 0 0 0 0 0
70	1	 1 0 1 0 0 0 1 1 0 1 0 1 0 0 0 0 0 1 1 0
70	1	 1 0 0 1 0 0 1 0 0 1 1 0 0 1 1 0 0 0 0 0
70	4	 0 0 0 0 1 0 1 0 0 1 1 1 1 0 1 0 0 1 0 0
70	2	 1 1 0 0 1 0 1 0 0 1 0 0 0 0 0 0 0 1 0 0
70	1	 1 0 0 1 0 0 0 0 0 1 0 0 0 0 0 0 0 1 0 0
70	1	 1 0 0 1 0 0 1 0 0 1 1 1 1 0 1 0 0 0 0 0
70	1	 0 0 0 0 0 0 0 0 0 1 0 1 1 0 1 0 0 0 0 0
70	3	 1 1 0 1 0 1 1 1 0 1 0 0 0 0 0 0 0 1 0 0
70	2	 1 1 0 1 1 0 1 1 0 1 1 0 0 1 0 0 0 0 0 0
70	1	 1 0 0 0 0 0 0 1 0 1 0 1 0 0 0 0 0 1 1 0
70	4	 1 1 0 1 0 0 0 0 0 1 0 1 1 0 1 0 0 0 0 1
70	11	 1 1 0 1 0 0 1 0 0 1 0 0 0 0 1 0 0 1 1 0
70	6	 1 0 0 1 0 0 1 0 0 1 0 0 0 0 0 0 0 1 1 0
70	4	 0 0 0 0 0 0 1 0 0 1 1 1 1 0 1 0 0 0 0 0
70	2	 1 1 0 1 0 0 1 1 0 1 0 0 1 0 1 0 0 0 0 0
70	5	 0 0 1 0 1 0 0 0 0 1 0 1 1 0 0 0 0 1 0 0
70	8	 1 0 0 0 0 0 1 1 0 1 1 1 0 0 0 0 0 1 0 1
70	4	 1 1 0 1 0 0 1 1 0 0 1 1 0 0 0 0 0 0 0 0
70	2	 1 1 0 1 0 0 1 1 0 1 0 1 0 0 0 0 0 1 1 0
70	3	 1 1 0 1 0 0 1 1 1 1 0 0 0 0 1 0 0 1 0 0
70	6	 0 0 0 0 0 1 0 0 0 1 0 1 1 0 0 0 0 0 0 0
70	2	 1 0 0 1 0 0 0 0 0 1 0 1 1 0 1 0 0 0 0 0
70	2	 0 0 0 1 0 0 1 1 1 1 1 0 0 0 0 0 0 1 0 0
70	1	 0 0 0 1 1 0 0 0 0 1 0 0 1 1 1 0 0 0 0 0
70	2	 0 0 0 1 1 0 0 0 0 1 0 0 1 0 0 0 0 0 0 1
70	1	 1 1 0 0 1 1 1 1 0 1 0 0 0 0 0 0 1 1 0 0
70	8	 1 1 0 1 0 1 1 0 0 1 1 0 1 0 0 0 0 0 0 0
70	4	 0 0 0 0 1 0 1 1 0 1 1 1 1 0 0 0 0 1 0 0
70	3	 1 1 0 1 0 0 1 1 0 1 0 1 1 1 1 0 0 0 0 0
70	4	 1 1 0 1 0 0 1 1 0 1 1 0 1 0 0 0 0 0 0 0
70	2	 0 1 0 0 1 0 0 0 0 1 1 0 0 0 0 0 0 1 0 0
70	2	 1 1 0 0 0 0 1 0 0 1 0 0 0 0 0 0 0 1 0 0
70	2	 0 0 1 0 0 0 1 1 0 1 0 0 0 0 0 0 0 1 0 0
70	1	 1 1 1 1 0 0 1 0 0 1 0 0 0 0 0 0 0 1 0 0
70	1	 1 0 0 1 0 0 1 1 0 1 1 0 1 0 0 0 0 0 0 0
70	1	 0 0 0 0 0 0 1 1 1 1 1 0 1 0 0 0 0 1 0 0
70	4	 1 1 0 0 1 0 1 1 0 1 1 0 0 0 0 0 1 1 0 0
70	2	 1 1 0 1 0 1 1 1 0 1 0 1 1 0 0 0 0 0 0 0
70	1	 1 1 0 1 0 0 1 0 0 1 0 0 1 0 1 0 0 0 0 1
70	2	 1 1 0 0 1 0 1 1 0 1 0 0 0 0 0 0 0 0 1 0
70	1	 0 0 0 1 1 0 0 0 0 1 0 1 1 0 0 0 0 1 1 0
70	1	 0 0 0 0 0 1 0 0 0 1 0 0 1 0 1 0 0 0 0 0
70	1	 0 1 0 0 1 0 0 0 0 1 0 0 1 0 0 0 0 0 0 0
70	1	 1 0 0 1 0 0 1 0 0 1 1 0 1 0 0 0 0 0 0 1
70	2	 1 0 0 1 0 0 1 0 0 1 1 0 1 1 0 0 0 0 0 0
70	2	 1 1 0 1 0 0 1 1 0 1 0 1 1 0 1 0 0 0 0 1
70	1	 1 1 0 1 0 0 1 1 1 0 0 0 0 0 0 0 0 0 0 0
70	2	 1 1 0 1 0 0 1 1 0 1 0 0 0 1 1 0 0 1 0 0
135	30	 1 1 0 1 0 0 1 1 0 1 0 1 1 0 1 0 0 0 0 0
135	2	 1 1 0 1 0 0 1 0 0 1 0 1 1 0 1 0 0 0 0 0
135	77	 1 1 0 1 1 0 1 0 0 1 1 0 0 1 0 0 0 0 0 0
135	9	 0 1 0 0 1 1 0 0 0 1 0 1 1 1 1 0 0 0 0 0
135	5	 1 0 0 0 1 0 0 0 0 1 1 1 1 1 1 0 0 0 0 0
135	53	 1 1 0 1 0 0 1 1 1 0 1 1 0 0 0 0 0 1 0 0
135	20	 1 1 0 1 0 0 1 0 0 1 1 0 1 0 1 0 0 0 0 0
135	51	 1 1 0 1 0 1 1 0 0 1 1 0 1 0 1 0 0 0 0 0
135	2	 1 0 0 0 0 0 1 1 0 1 1 1 0 0 0 0 0 1 0 1
135	7	 0 0 0 0 0 0 1 1 0 1 1 0 0 0 0 0 1 1 0 0
135	8	 1 1 0 1 0 0 1 1 1 0 1 1 0 0 0 0 0 0 0 0
135	57	 1 1 0 1 1 1 1 0 0 1 1 0 0 1 0 0 0 1 0 0
135	5	 1 1 0 1 1 1 1 0 0 1 1 0 1 0 1 0 0 0 0 0
135	2	 0 0 0 1 1 0 0 0 0 1 0 0 1 0 1 0 0 1 0 0
135	42	 1 1 0 1 0 0 1 1 1 0 1 1 1 0 0 0 0 1 0 0
135	13	 1 1 0 1 0 1 1 0 0 1 0 0 1 0 0 0 0 0 0 0
135	20	 1 1 1 1 0 0 1 1 0 1 0 1 1 0 0 0 0 0 0 0
135	29	 1 1 1 1 0 1 1 0 0 1 1 0 1 0 1 0 0 0 0 0
135	60	 1 1 1 1 0 1 1 0 0 1 1 0 1 0 0 0 0 0 0 0
135	9	 1 1 0 1 0 0 1 0 1 1 0 0 0 0 0 0 0 1 0 0
135	6	 1 1 0 0 0 0 1 1 1 0 1 1 0 0 0 0 0 1 0 0
135	34	 1 1 1 1 0 1 1 0 0 1 1 0 1 1 1 0 0 0 0 0
135	2	 1 0 0 0 1 0 0 0 1 1 1 1 1 1 1 0 0 0 0 0
135	5	 1 0 0 0 1 0 0 0 0 1 1 0 0 1 0 0 0 1 0 0
135	18	 1 1 0 1 0 1 1 0 0 1 1 0 1 1 1 0 0 0 0 0
135	44	 1 1 0 1 0 1 1 0 0 1 1 0 0 0 0 0 0 1 0 1
135	11	 1 1 1 1 0 1 1 0 1 1 1 0 1 0 1 0 0 0 0 0
135	5	 0 1 0 0 1 1 0 0 0 0 1 1 0 0 0 0 0 1 0 0
135	8	 1 1 0 0 1 1 0 0 0 1 0 1 1 1 1 0 0 0 0 0
135	7	 1 1 0 1 0 1 1 0 0 1 1 1 1 1 1 0 0 0 0 0
135	9	 1 1 1 1 0 0 1 0 0 1 0 1 1 0 1 0 0 0 0 0
135	8	 1 1 0 1 0 0 1 1 0 1 1 0 0 1 0 0 0 1 0 0
135	2	 1 1 0 1 1 0 1 1 1 1 0 1 0 0 0 0 0 1 0 0
135	2	 1 1 0 1 0 0 1 0 0 1 0 0 1 0 1 0 0 0 0 0
135	31	 1 0 1 0 1 0 0 0 1 1 1 1 1 1 1 0 0 0 0 0
135	4	 1 0 0 1 0 1 1 0 0 1 1 0 1 0 1 0 0 0 0 0
135	27	 1 1 1 1 0 1 1 0 0 1 1 0 1 1 0 0 0 0 0 0
135	18	 1 1 1 1 0 1 1 0 1 1 1 0 1 1 1 0 0 0 0 0
135	3	 1 1 0 1 0 1 1 0 0 1 1 0 1 0 1 0 0 0 0 1
135	1	 1 1 1 1 0 0 1 1 1 1 0 1 1 0 0 0 0 0 0 0
135	6	 1 1 0 1 1 1 1 0 0 1 1 1 1 0 1 0 1 0 0 0
135	14	 1 1 1 1 0 1 1 0 0 1 0 0 1 0 0 0 0 1 0 0
135	13	 1 1 0 1 0 1 1 0 0 1 1 0 0 0 0 0 0 1 0 0
135	2	 1 1 0 1 0 0 1 0 0 1 0 1 1 0 1 0 0 1 0 0
135	11	 1 1 0 1 1 1 1 0 0 1 1 0 1 0 0 0 0 0 0 0
135	3	 1 1 0 0 0 0 1 1 0 1 1 1 0 0 0 0 0 1 0 1
135	2	 1 1 0 1 0 0 1 0 0 1 0 1 1 0 1 0 0 0 1 0
135	4	 1 0 0 1 0 0 1 0 1 0 0 0 0 0 0 1 0 1 0 0
135	9	 1 1 0 1 0 1 1 0 0 0 1 0 1 0 1 0 0 0 0 0
135	3	 1 1 0 0 1 0 0 0 0 1 0 1 1 1 1 0 0 0 0 0
135	1	 0 1 0 0 0 1 0 0 0 1 0 1 1 1 1 0 0 0 0 0
135	8	 1 1 0 1 0 0 1 1 1 0 0 1 0 0 0 0 0 1 0 0
135	3	 1 1 0 1 1 0 1 1 1 0 1 1 1 0 0 0 0 1 0 0
135	3	 1 1 1 0 1 0 0 0 1 1 1 1 1 1 1 0 0 0 0 0
135	5	 1 1 1 1 0 0 1 0 0 1 0 1 1 0 0 0 0 0 0 0
135	4	 1 0 1 1 0 0 1 1 0 0 1 1 0 0 0 0 0 1 0 0
135	3	 1 1 0 0 0 0 1 1 1 0 0 1 0 0 0 0 0 1 0 0
135	1	 0 1 0 0 1 1 0 0 0 0 1 1 0 0 0 1 0 1 1 0
135	3	 1 1 0 1 1 0 1 0 0 1 1 0 0 1 1 0 0 0 0 0
135	5	 1 1 0 1 0 0 1 1 1 1 1 0 1 0 0 0 0 1 0 0
135	2	 0 1 0 1 0 0 1 1 1 0 1 1 0 0 0 0 0 1 0 0
135	8	 1 1 0 1 0 1 1 0 0 1 1 0 1 0 0 0 0 0 0 0
135	1	 1 1 0 1 1 0 1 0 1 0 1 1 0 0 0 0 0 1 0 0
135	3	 1 1 0 1 0 1 1 0 0 1 0 0 1 0 0 0 0 1 0 0
135	5	 1 1 1 1 0 1 1 0 0 1 1 0 1 1 1 0 0 0 1 0
135	4	 1 1 0 1 0 1 1 0 1 1 1 0 1 1 1 0 0 0 0 0
135	8	 1 1 1 1 0 0 1 0 0 1 0 1 1 0 1 0 0 0 1 0
135	3	 1 1 0 0 0 1 1 0 0 1 1 0 1 1 0 0 0 0 0 0
135	1	 0 1 0 1 0 1 1 0 0 1 1 0 0 0 1 0 0 0 0 0
135	8	 0 1 0 0 1 1 1 0 0 1 1 0 1 0 1 0 0 0 0 0
135	1	 1 1 0 0 0 0 1 1 1 0 1 1 0 0 0 0 0 0 0 0
135	2	 1 0 1 1 0 0 1 1 0 1 0 1 1 0 0 0 0 0 0 0
135	2	 1 1 1 1 0 1 1 0 0 1 1 0 1 0 0 0 0 0 1 0
135	2	 1 1 1 1 0 0 1 0 0 1 1 0 1 1 1 0 0 0 0 0
135	9	 1 1 0 1 0 0 1 0 0 1 1 1 0 0 0 0 0 1 0 0
135	4	 1 1 0 1 1 1 1 0 1 1 1 0 1 1 1 0 0 0 0 0
135	3	 1 1 1 1 1 1 0 0 0 1 0 1 1 1 1 0 0 0 0 0
135	1	 1 1 1 1 0 1 1 0 0 1 1 0 0 1 0 0 0 1 0 0
135	3	 1 1 1 1 1 0 1 1 1 1 0 1 1 0 0 0 0 0 0 0
135	2	 1 1 1 0 0 0 1 1 0 1 1 1 0 0 0 0 0 1 0 1
135	1	 1 1 0 1 0 1 1 0 0 1 0 0 1 1 1 0 0 0 0 0
135	1	 1 1 0 1 0 1 1 1 1 0 1 1 0 0 0 0 0 1 0 0
135	1	 1 1 0 1 1 0 1 0 0 1 1 0 0 1 0 0 1 0 0 0
135	8	 1 1 0 1 0 0 1 1 1 0 1 1 1 0 0 0 0 1 0 1
135	4	 1 1 1 1 1 1 1 0 0 1 1 0 1 0 1 0 0 0 0 0
135	2	 1 1 1 1 0 1 1 0 1 1 1 0 1 0 0 0 0 0 0 0
135	2	 1 0 0 1 0 0 1 0 0 1 0 0 1 0 1 0 0 1 0 0
135	1	 1 1 0 0 1 0 1 1 1 0 0 1 0 0 0 0 0 1 0 0
135	1	 1 1 0 1 1 0 1 1 1 1 1 0 1 0 0 0 0 1 0 0
135	5	 1 1 0 1 0 0 1 1 1 0 1 1 0 1 1 0 0 0 0 0
135	1	 1 1 0 1 0 1 1 0 0 1 1 0 1 0 1 0 0 1 0 0
135	3	 1 1 1 1 0 1 1 0 0 1 1 0 1 0 1 0 0 1 0 0
135	2	 1 1 1 1 0 0 1 0 0 1 0 0 1 0 1 0 0 0 0 0
135	4	 1 1 0 0 0 0 1 1 0 1 1 0 1 0 1 0 0 0 0 0
135	1	 1 1 0 1 1 0 1 0 1 0 1 1 0 0 0 0 0 0 0 0
135	1	 1 1 0 1 1 0 1 0 0 1 1 1 0 1 0 0 0 0 0 0
135	1	 1 1 0 1 0 0 1 1 1 1 1 1 1 0 0 0 0 1 0 0
135	2	 1 1 1 1 0 0 1 0 0 1 1 0 1 0 0 0 0 0 0 0
135	2	 1 1 0 0 0 1 1 1 1 0 1 1 0 0 0 0 0 1 0 0
135	1	 1 1 1 1 0 1 1 0 0 1 1 0 1 1 0 0 0 0 0 1
135	2	 1 1 1 1 0 1 0 0 1 1 1 0 1 1 1 0 0 0 0 0
135	4	 1 0 0 1 1 1 1 0 0 1 1 0 1 0 0 0 0 0 0 0
135	1	 1 1 0 0 0 0 1 1 1 1 1 0 1 0 0 0 0 1 0 0
135	5	 1 1 0 1 0 0 1 0 0 0 1 0 1 1 0 0 0 0 0 0
135	3	 1 1 0 1 1 0 1 0 0 1 1 0 0 1 0 0 0 0 0 1
135	1	 1 1 0 0 1 1 1 0 0 1 1 0 1 0 1 0 0 0 0 0
135	1	 1 1 0 1 0 1 1 0 0 1 1 0 1 0 1 0 0 0 1 0
135	1	 1 1 1 1 0 1 1 1 1 0 1 1 0 0 0 0 0 1 0 0
135	2	 1 1 0 1 0 1 1 0 0 0 1 0 1 0 0 0 0 0 0 0
135	2	 1 1 0 0 0 0 1 1 1 0 1 0 1 0 0 0 0 0 0 0
135	1	 1 1 1 1 0 0 1 0 0 1 1 0 1 1 1 0 0 1 0 0
135	1	 1 1 0 1 0 1 1 1 0 1 1 0 0 1 0 0 0 1 0 0
135	1	 1 1 0 1 1 1 1 0 1 1 1 0 0 1 0 0 0 1 0 0
135	1	 1 1 1 1 0 1 0 0 0 1 1 0 1 0 0 0 0 0 0 0
135	1	 1 0 0 0 1 0 0 0 0 1 1 0 0 1 0 1 0 1 0 0
135	2	 0 1 0 1 0 1 1 0 0 1 1 0 1 1 1 0 0 0 0 0
135	1	 1 0 0 1 0 1 1 0 0 1 1 0 1 0 1 0 0 1 0 0
135	1	 1 1 1 1 0 1 1 0 1 1 1 0 1 1 1 0 0 1 0 0
135	1	 1 1 0 1 0 1 1 0 0 1 1 0 1 0 0 0 0 1 0 0
135	2	 1 1 1 0 1 0 0 1 1 1 1 1 1 1 1 0 0 0 0 0
135	1	 1 1 1 1 1 1 1 0 0 1 1 0 1 1 1 0 0 0 1 0
250	54	 1 1 1 1 0 1 1 0 1 1 1 0 1 1 1 0 0 0 0 0
250	7	 1 1 0 1 0 1 1 0 1 1 1 0 1 1 1 0 0 0 0 0
250	37	 1 1 1 1 0 0 1 0 0 1 1 0 1 1 1 0 0 0 0 0
250	2	 1 1 1 1 0 0 1 0 0 1 1 0 1 0 1 0 0 0 0 0
250	4	 1 1 0 1 0 0 1 1 1 1 1 0 1 0 0 0 0 0 0 0
250	37	 1 1 1 1 1 1 1 0 0 1 1 0 1 1 1 0 0 0 0 0
250	16	 1 1 1 1 0 0 1 0 1 1 1 0 1 1 1 0 0 0 0 0
250	97	 1 1 1 1 0 1 0 0 1 1 1 0 1 1 1 0 0 0 0 0
250	83	 1 1 1 1 0 1 1 0 1 1 1 0 1 1 0 0 1 0 0 0
250	15	 1 1 0 1 0 0 1 0 1 1 1 0 1 1 0 0 0 0 0 0
250	16	 1 1 1 1 0 1 1 1 0 1 1 0 1 1 1 0 0 0 0 0
250	29	 1 1 0 1 0 1 1 0 1 1 1 1 1 1 1 0 0 0 0 0
250	5	 1 0 1 1 0 1 0 1 1 1 1 0 1 1 1 0 0 0 0 0
250	47	 1 1 0 1 1 1 0 0 0 1 1 0 1 0 1 1 0 0 0 0
250	14	 1 1 1 1 0 0 1 1 1 1 1 0 1 1 1 0 0 0 0 0
250	6	 1 1 0 1 0 1 1 0 1 1 1 0 1 1 0 0 0 0 0 0
250	3	 1 1 0 1 0 1 1 0 1 1 1 1 0 0 0 0 0 0 0 0
250	35	 1 1 1 1 0 1 0 0 1 1 1 0 1 0 1 0 0 0 0 0
250	9	 1 1 1 1 0 1 1 0 1 1 1 1 1 1 1 0 0 0 0 0
250	5	 1 1 0 1 0 0 1 1 1 1 0 0 1 0 0 0 0 1 0 0
250	5	 1 1 0 1 0 0 1 0 1 1 1 1 1 1 1 0 0 0 0 0
250	15	 1 1 0 1 0 1 0 0 1 1 1 0 1 1 1 0 0 1 0 0
250	11	 1 1 0 1 0 1 1 0 0 1 1 0 1 1 1 1 0 0 1 0
250	13	 1 1 0 1 0 0 1 0 0 1 1 0 1 1 0 0 1 0 0 0
250	10	 1 1 1 1 0 0 0 0 0 1 1 0 1 0 1 0 0 0 0 0
250	1	 1 1 1 1 1 1 1 0 0 1 1 0 1 1 1 0 0 0 1 0
250	7	 1 1 0 1 0 1 1 0 1 1 1 0 1 1 1 1 0 0 1 0
250	7	 1 1 0 1 0 0 1 0 0 1 1 0 1 1 1 0 0 0 0 0
250	12	 1 1 1 1 0 1 1 0 1 1 1 0 1 1 1 0 0 0 0 1
250	14	 1 1 0 1 0 1 1 0 0 1 1 0 1 1 1 0 0 0 0 0
250	32	 1 1 1 1 0 1 1 0 1 1 1 0 1 1 0 0 0 0 0 0
250	15	 1 1 0 1 0 0 1 1 1 1 1 0 1 1 1 0 0 0 0 0
250	3	 1 1 1 1 0 1 0 0 1 1 0 0 1 1 1 0 0 0 0 0
250	1	 1 1 0 1 0 1 1 0 1 1 1 0 0 1 1 0 0 0 0 0
250	4	 1 1 1 1 1 1 1 0 0 1 1 0 1 1 1 0 0 1 0 0
250	14	 1 0 1 1 0 0 0 1 0 1 0 0 1 1 1 0 0 0 0 0
250	13	 1 1 0 1 0 1 0 0 0 1 1 0 1 1 1 0 0 1 0 0
250	9	 1 1 1 1 0 1 0 0 1 1 1 0 1 1 0 0 1 0 0 0
250	10	 1 1 0 1 0 0 1 1 1 1 1 0 1 1 1 0 0 1 0 0
250	9	 1 1 1 1 0 0 1 1 1 1 1 0 1 0 1 0 0 0 0 0
250	1	 1 1 0 1 0 1 1 0 1 1 1 1 0 0 0 1 0 0 0 0
250	28	 1 1 1 1 1 1 0 0 1 1 1 0 1 1 0 0 0 0 0 0
250	24	 1 1 1 1 0 1 0 0 1 1 1 1 1 1 1 0 0 0 0 0
250	3	 1 0 1 1 0 1 1 0 1 1 1 0 1 1 1 0 0 0 0 0
250	2	 1 1 1 1 0 0 1 1 1 1 1 0 1 1 1 0 0 0 1 0
250	3	 1 1 1 1 0 1 0 0 1 1 1 0 1 1 1 1 0 0 1 0
250	6	 1 1 1 1 0 1 0 0 1 1 1 0 1 1 1 0 0 0 0 1
250	15	 1 1 0 1 0 0 1 0 0 1 1 0 1 1 1 0 1 0 0 0
250	6	 1 0 1 1 0 1 0 1 1 1 1 0 1 1 1 0 1 0 0 0
250	3	 1 1 0 1 0 1 0 0 1 1 1 0 1 1 1 0 0 1 1 0
250	5	 1 1 1 1 0 1 1 0 1 1 1 0 1 1 0 1 1 0 0 0
250	2	 1 1 1 1 0 1 0 1 1 1 1 0 1 1 1 0 0 0 0 0
250	2	 1 1 1 1 0 1 1 0 1 1 1 0 1 1 0 0 1 0 0 1
250	1	 1 1 1 1 0 0 0 0 1 0 1 0 1 1 1 0 0 0 0 0
250	7	 1 1 0 1 0 0 1 0 0 1 0 0 1 1 0 0 1 0 0 0
250	6	 1 1 1 1 1 0 1 1 0 1 1 0 1 0 1 0 0 0 0 0
250	6	 1 1 1 1 0 0 1 0 0 1 1 0 1 0 0 0 0 0 0 1
250	2	 1 1 0 1 0 1 0 0 1 0 0 0 1 1 1 0 0 0 0 0
250	6	 1 1 1 1 0 1 1 0 1 1 1 0 1 1 0 1 0 0 1 0
250	2	 1 1 1 1 1 1 1 0 0 1 1 0 1 1 1 0 0 0 0 1
250	2	 1 1 0 1 0 1 1 0 1 1 0 1 1 0 0 0 0 1 0 0
250	2	 1 0 1 1 0 1 1 0 1 1 1 0 1 1 0 0 1 0 0 0
250	3	 1 1 1 1 0 1 0 1 0 1 1 0 1 1 1 0 0 0 0 0
250	4	 1 1 1 1 1 1 1 0 1 1 1 1 1 1 1 0 0 0 0 0
250	1	 1 0 1 1 0 1 0 0 1 0 1 0 1 1 1 0 0 1 0 0
250	5	 1 1 1 1 0 1 1 0 1 1 1 1 1 1 0 0 1 0 0 0
250	4	 1 1 0 1 0 1 1 0 0 1 1 0 1 1 1 0 0 1 0 0
250	5	 1 1 1 1 0 1 1 0 1 1 1 0 1 1 0 0 0 1 0 0
250	8	 1 0 1 1 0 0 1 0 0 1 1 0 1 1 1 0 0 0 0 0
250	3	 1 1 1 1 0 1 1 0 1 1 1 0 1 1 1 0 0 0 1 0
250	1	 1 1 1 1 0 0 1 0 0 1 1 0 0 1 1 0 0 0 0 0
250	1	 1 1 1 1 1 1 0 0 1 1 1 0 1 1 1 0 0 0 0 0
250	1	 1 1 1 1 0 0 1 0 1 1 1 0 1 1 0 0 1 0 0 0
250	1	 1 1 0 0 0 0 1 0 1 1 1 0 1 1 0 0 0 0 0 0
250	3	 1 1 1 1 0 0 1 1 1 1 1 0 0 1 1 0 0 0 0 0
250	2	 1 1 1 1 0 0 0 0 1 0 1 0 1 1 1 0 0 1 0 0
250	1	 1 0 0 1 0 0 1 1 1 1 1 0 1 1 1 0 0 1 0 0
250	2	 1 1 1 1 0 0 1 1 1 1 0 0 1 0 1 0 0 0 0 0
250	4	 1 1 1 1 0 1 1 0 0 1 1 0 1 1 1 1 1 0 1 0
250	1	 1 1 1 1 0 1 0 0 0 1 1 0 1 0 1 1 0 0 0 0
250	6	 1 0 1 1 0 1 0 1 1 1 1 0 1 1 1 0 0 1 0 0
250	2	 1 1 0 1 1 1 0 0 0 1 1 0 1 0 1 0 0 0 0 0
250	2	 1 1 1 0 0 1 1 0 1 1 1 0 1 1 1 0 0 0 0 0
250	4	 1 1 1 1 0 0 1 0 0 1 1 0 1 1 1 0 0 0 0 1
250	3	 1 1 1 1 0 0 1 1 1 1 1 0 1 1 1 0 0 0 0 1
250	2	 1 1 1 1 0 0 1 1 1 0 1 0 1 1 1 0 0 0 0 0
250	5	 1 1 1 1 0 1 1 0 1 1 1 0 1 1 0 0 0 0 0 1
250	2	 1 1 1 1 0 0 1 1 1 0 1 0 1 1 1 0 0 0 1 0
250	3	 0 1 0 0 0 0 1 0 1 1 1 0 1 1 0 0 0 0 0 0
250	1	 1 1 1 1 0 1 1 0 1 1 0 1 1 0 0 0 0 1 0 0
250	2	 1 1 1 1 0 1 0 0 1 1 1 0 1 0 0 0 0 1 0 0
250	1	 1 1 1 1 0 1 1 1 0 1 1 0 1 1 0 0 0 0 0 0
250	2	 1 1 0 1 1 1 0 0 0 1 1 1 1 1 1 0 0 0 0 0
250	1	 1 1 1 1 0 0 1 0 0 1 1 1 1 1 1 0 0 0 0 0
250	1	 1 1 0 1 0 0 1 0 1 1 1 1 1 1 0 0 0 0 0 0
250	3	 1 1 0 1 0 0 1 0 0 1 1 0 1 1 0 0 0 0 0 0
250	2	 1 1 0 1 0 1 0 0 1 0 1 0 1 1 1 0 0 1 0 0
250	2	 1 1 0 1 0 0 1 0 0 1 1 0 1 1 1 0 0 0 0 1
250	2	 1 1 0 1 0 0 1 0 1 1 1 0 1 1 1 0 0 0 0 0
250	1	 1 1 0 1 0 1 0 0 1 1 1 1 0 0 0 1 0 0 0 0
250	4	 0 1 0 1 0 1 0 0 0 1 1 0 1 0 1 1 0 0 0 0
250	4	 1 1 1 1 0 1 0 0 0 1 1 0 1 1 1 0 0 0 0 0
250	1	 1 1 1 1 0 1 0 0 1 1 1 0 1 1 0 0 0 0 0 0
250	1	 1 1 1 1 0 1 0 0 1 1 1 0 1 0 0 0 0 0 0 1
250	1	 1 0 1 1 0 1 0 1 1 1 0 0 1 1 1 0 0 0 0 0
250	1	 1 1 0 1 1 1 0 0 0 1 1 0 1 0 1 1 1 0 0 0
250	1	 1 1 0 1 0 1 0 0 1 1 1 0 1 1 0 0 0 0 0 0
250	1	 1 1 1 1 0 1 0 0 1 1 1 0 1 0 1 0 1 0 0 0
250	4	 1 1 0 1 0 0 1 0 0 1 1 1 1 1 1 0 0 0 0 0
250	1	 1 1 1 1 0 0 1 0 0 1 1 0 1 1 1 0 0 1 0 0
250	1	 1 1 0 1 0 0 1 0 0 1 1 0 1 0 1 1 0 0 0 0
250	2	 1 1 0 1 1 1 0 0 0 1 1 0 1 1 1 0 0 0 0 0
250	2	 1 1 0 1 0 1 0 0 1 1 1 1 0 0 0 0 0 0 0 0
250	2	 1 1 1 1 0 1 1 0 1 1 1 0 1 1 1 0 0 1 0 0
250	3	 1 1 1 1 0 1 0 0 1 1 1 0 1 1 1 0 0 0 1 0
250	2	 1 1 0 1 0 1 0 0 1 1 1 0 1 1 1 0 0 0 0 0
250	1	 1 1 1 1 0 1 1 0 1 1 1 0 1 0 0 0 1 0 0 0
250	2	 1 1 0 1 0 1 1 0 0 1 1 1 1 1 1 0 0 0 0 0
250	1	 1 1 0 1 0 1 0 0 0 1 1 0 1 0 1 1 0 0 0 0
250	2	 1 1 1 1 1 1 0 0 0 1 1 0 1 0 1 1 0 0 0 0
250	4	 1 1 1 1 0 1 0 0 1 1 0 0 1 0 1 0 0 0 0 0
250	2	 1 1 0 1 0 0 1 0 0 1 1 0 1 1 1 0 0 0 1 1
400	9	 1 1 1 1 0 1 0 0 1 1 1 0 1 1 1 0 0 0 0 0
400	46	 1 1 1 1 0 1 1 1 0 1 1 0 1 1 1 0 0 0 0 0
400	33	 1 1 1 1 0 1 0 0 1 1 1 0 1 0 1 0 0 0 0 0
400	67	 1 1 1 1 0 1 0 0 1 1 1 1 1 1 1 0 0 0 0 0
400	65	 1 1 1 1 0 1 0 1 1 1 1 0 1 1 1 0 0 0 0 0
400	8	 1 1 1 1 0 1 1 0 1 1 1 0 1 0 1 0 0 0 0 0
400	23	 1 1 1 1 0 1 0 0 1 1 1 0 0 1 0 0 1 0 0 0
400	36	 1 1 1 1 0 1 0 0 1 1 1 1 0 1 0 1 0 0 0 0
400	15	 1 1 1 1 1 0 0 0 0 1 1 0 1 1 1 0 0 0 0 0
400	21	 1 1 0 1 1 1 0 0 1 1 1 0 1 1 1 0 0 0 0 0
400	21	 1 0 1 1 0 1 0 0 1 1 1 1 1 1 1 0 0 0 0 0
400	5	 1 0 1 1 0 0 1 1 1 1 1 0 1 0 1 0 0 0 0 0
400	17	 1 1 1 1 0 1 1 0 1 1 1 0 0 1 0 1 1 0 0 0
400	9	 1 1 1 1 0 1 0 0 1 1 1 0 0 0 0 0 1 0 0 0
400	8	 1 1 1 0 0 1 0 0 1 1 1 0 1 0 1 0 0 0 0 0
400	3	 1 1 1 1 1 1 0 1 1 1 1 0 1 1 1 0 0 1 0 0
400	4	 1 1 1 1 0 1 0 1 0 1 1 0 1 1 1 0 0 0 0 0
400	4	 1 0 1 1 0 1 0 0 1 1 1 1 0 1 0 1 0 0 0 0
400	30	 1 1 1 1 1 0 1 0 0 1 1 0 1 0 1 0 0 0 0 0
400	13	 1 1 1 1 1 0 0 0 0 1 1 1 1 1 1 0 0 0 0 0
400	4	 1 0 1 1 0 0 1 0 1 1 1 0 1 0 1 0 1 0 0 0
400	2	 1 1 1 1 1 0 0 0 1 1 1 0 0 1 0 0 1 0 0 0
400	1	 1 1 1 0 0 1 1 0 1 1 1 1 1 1 1 0 0 0 0 0
400	10	 1 1 1 1 0 1 1 1 1 1 1 1 1 1 0 0 0 0 0 0
400	13	 1 0 1 1 0 1 0 1 1 1 1 0 1 1 1 0 0 0 0 0
400	14	 1 0 1 1 0 1 0 1 1 0 1 0 1 1 1 0 0 0 0 0
400	11	 0 1 1 1 0 1 1 1 1 0 1 0 1 0 1 0 0 0 0 0
400	19	 1 0 1 1 0 1 1 1 1 1 1 0 1 0 1 0 0 0 0 0
400	5	 1 1 1 1 0 1 0 0 1 1 1 1 1 1 0 0 0 0 0 0
400	3	 1 1 1 1 0 0 1 1 1 1 1 0 1 0 1 0 0 0 0 0
400	1	 1 1 1 0 0 1 0 0 1 1 1 1 0 1 0 0 1 0 0 0
400	6	 1 1 1 1 1 1 0 1 1 1 1 0 1 1 1 0 0 0 0 0
400	2	 1 1 1 1 1 0 1 1 1 1 1 1 1 1 1 0 0 0 0 1
400	2	 1 1 1 1 0 1 0 1 1 1 1 1 1 1 1 0 1 0 0 0
400	12	 0 1 1 1 0 1 1 1 1 1 1 0 1 1 1 0 0 0 0 0
400	1	 1 0 1 1 0 0 1 1 1 1 1 0 1 1 1 0 0 0 0 0
400	13	 1 1 1 1 1 0 1 0 0 1 1 0 1 0 1 1 0 0 0 0
400	4	 1 1 1 1 1 0 0 0 0 1 1 1 1 1 1 1 0 0 0 0
400	9	 1 1 1 1 0 1 1 1 1 1 1 0 1 0 1 0 0 0 0 0
400	2	 1 1 1 1 0 1 0 1 1 1 1 1 1 1 1 0 0 0 0 0
400	23	 1 1 1 1 0 1 0 0 1 1 0 1 1 1 1 0 0 0 0 0
400	11	 1 1 1 1 0 1 0 1 1 1 1 0 1 0 1 0 0 1 0 0
400	8	 1 0 1 1 0 1 0 0 1 1 1 0 0 1 1 0 0 0 0 0
400	23	 1 1 0 0 1 1 0 0 1 1 1 0 1 1 1 0 0 0 0 0
400	13	 1 1 1 1 0 1 1 1 1 1 0 1 1 1 0 0 0 0 0 0
400	3	 1 1 1 1 0 0 0 0 1 1 1 1 1 1 1 0 0 0 0 0
400	19	 1 1 1 1 0 1 0 0 1 1 1 0 0 1 1 0 0 0 0 1
400	7	 1 1 1 1 1 0 1 0 0 1 1 0 1 1 0 1 1 0 0 0
400	9	 1 1 1 1 1 0 0 0 1 1 1 0 1 1 1 0 0 0 0 0
400	19	 1 1 0 1 1 1 0 0 1 1 1 0 0 1 1 0 0 0 0 0
400	7	 0 0 1 1 1 1 1 0 1 1 1 1 1 1 1 0 0 0 0 1
400	2	 1 1 1 1 0 1 1 0 1 1 1 0 0 1 0 0 1 0 0 0
400	2	 1 1 1 1 0 1 1 0 0 1 1 0 1 0 1 0 0 0 0 0
400	14	 0 1 1 1 0 1 0 0 1 1 1 0 0 0 0 0 1 0 0 0
400	1	 1 1 1 0 0 1 0 0 1 1 1 1 0 1 1 0 0 0 1 0
400	2	 1 1 1 1 1 0 1 0 0 1 0 0 1 0 1 0 0 0 0 0
400	6	 1 1 1 0 0 1 1 0 1 1 1 1 1 1 1 0 1 0 0 0
400	14	 0 1 1 1 0 1 0 0 1 1 1 0 0 1 0 1 1 0 0 0
400	7	 1 1 1 1 0 1 1 1 1 1 1 1 1 1 0 0 1 0 0 0
400	13	 1 0 1 1 0 0 1 1 1 1 1 0 1 0 1 0 1 0 0 0
400	12	 1 0 1 1 0 0 1 0 1 1 1 0 1 1 1 0 0 0 0 0
400	7	 1 0 1 1 0 0 1 0 1 1 1 0 1 0 1 0 0 0 0 0
400	10	 1 0 1 1 0 0 1 1 0 1 1 0 1 1 1 0 0 0 0 0
400	2	 1 0 1 1 0 1 1 1 0 1 1 0 1 1 1 0 0 0 0 0
400	1	 1 1 1 1 0 1 1 1 0 1 0 0 1 1 1 0 0 0 0 0
400	7	 1 1 1 1 1 1 0 0 1 1 1 1 1 1 1 0 0 0 0 0
400	2	 1 1 0 1 0 1 0 1 1 1 1 0 1 1 1 0 0 0 0 0
400	1	 1 1 0 1 0 1 0 0 1 1 1 0 0 1 0 0 1 0 0 0
400	5	 0 1 0 1 1 1 0 0 1 1 1 0 1 1 1 0 0 0 0 0
400	3	 1 0 1 1 0 1 0 0 1 1 1 1 0 1 1 1 0 0 0 0
400	1	 1 0 1 1 0 1 0 0 1 0 1 1 1 1 1 0 0 0 0 0
400	3	 1 1 1 1 0 1 0 0 1 0 1 0 1 1 1 0 0 0 0 0
400	4	 1 1 0 1 0 1 0 1 1 1 1 1 1 1 0 0 0 0 0 0
400	2	 1 1 1 1 0 1 1 0 1 1 1 1 1 1 1 0 0 0 1 0
400	1	 1 0 1 1 0 0 1 1 1 1 1 0 1 0 1 0 0 0 0 1
400	3	 1 1 0 0 0 1 0 0 1 1 1 0 1 0 1 0 0 0 0 0
400	2	 1 1 1 0 1 0 1 0 0 1 1 0 1 0 1 0 0 0 0 0
400	2	 1 1 0 0 1 1 0 0 1 1 0 1 1 1 1 0 0 0 0 0
400	6	 1 1 1 1 0 1 0 1 1 1 1 0 1 0 1 0 0 0 0 0
400	1	 1 0 1 1 0 1 0 1 0 1 1 0 1 0 1 0 0 0 0 0
400	1	 1 0 1 1 0 0 0 1 1 1 1 0 1 0 1 0 0 0 0 0
400	5	 1 0 1 1 0 1 0 0 1 1 0 1 1 1 1 0 0 0 0 0
400	2	 1 1 1 1 0 1 1 1 1 1 0 1 1 0 0 0 0 0 0 0
400	1	 1 1 1 1 0 1 1 0 1 1 1 1 1 1 1 0 0 0 0 0
400	1	 1 1 1 1 1 0 1 0 0 1 1 1 1 0 1 0 0 0 0 0
400	4	 1 1 1 1 1 0 0 0 0 1 1 0 1 0 1 0 0 0 0 0
400	2	 1 0 1 1 0 0 1 1 1 1 1 0 1 1 0 1 1 0 0 0
400	5	 1 1 1 1 0 1 1 0 0 1 1 1 1 1 1 1 0 0 0 0
400	3	 1 0 1 1 0 0 1 1 1 1 1 0 1 0 1 1 0 0 0 0
400	1	 0 1 1 1 0 1 0 0 1 1 1 1 1 1 1 0 0 0 0 0
400	5	 1 1 1 1 1 1 0 0 0 1 1 0 1 1 1 0 0 0 0 0
400	5	 1 1 1 0 1 0 0 0 1 1 1 0 0 1 0 0 1 0 0 0
400	1	 1 0 1 1 0 0 1 0 1 0 0 0 1 1 1 0 0 0 0 0
400	8	 1 1 1 0 0 0 1 0 1 1 1 1 1 1 1 0 1 0 0 0
400	5	 1 1 1 1 0 1 0 0 1 1 1 1 1 1 1 1 0 0 0 0
400	2	 1 1 1 1 0 1 0 0 0 1 1 1 1 1 1 1 0 0 0 0
400	2	 1 1 1 1 0 1 1 0 1 0 1 0 1 1 1 0 0 0 0 0
400	2	 1 1 1 1 0 1 1 1 1 1 1 1 1 1 1 0 0 0 0 0
400	1	 0 1 1 1 1 1 0 1 1 1 1 0 1 1 1 0 0 1 0 0
400	1	 1 1 0 1 1 1 0 0 1 1 0 1 1 1 0 0 0 0 0 0
400	7	 0 0 1 1 1 1 0 0 1 1 1 0 0 1 1 0 0 0 0 0
400	7	 1 1 1 1 0 1 0 0 1 1 1 0 1 1 1 0 0 1 0 0
400	1	 1 1 1 1 0 1 1 1 0 0 1 0 1 1 1 0 0 0 0 0
400	1	 1 1 1 1 0 1 1 0 1 1 1 0 1 1 1 0 0 0 0 0
400	3	 1 0 1 0 0 1 1 1 1 1 1 0 1 0 1 0 0 0 0 0
400	1	 0 1 1 0 0 1 0 0 1 1 1 1 0 1 0 0 1 0 0 0
400	1	 1 0 1 1 0 1 0 0 0 1 1 0 1 0 1 0 0 0 0 0
400	2	 1 1 1 1 0 1 1 1 1 1 1 0 1 0 1 0 1 0 0 0
400	4	 0 1 1 1 0 1 1 0 1 1 1 0 0 1 0 1 1 0 0 0
400	2	 1 1 1 1 0 0 0 0 1 1 1 0 1 1 1 0 0 0 0 0
400	3	 1 1 1 0 0 1 1 0 1 1 1 1 1 0 1 0 0 0 0 0
400	4	 1 0 0 1 0 0 1 1 1 1 1 0 1 0 1 0 0 0 0 0
400	3	 1 1 1 1 0 1 1 1 1 1 1 0 0 1 0 1 1 0 0 0
400	2	 1 1 0 1 1 0 0 0 0 1 1 1 1 1 1 1 0 0 0 0
400	2	 1 1 1 1 1 0 1 0 0 1 1 1 0 1 0 1 1 0 0 0
400	8	 1 1 1 1 1 1 1 0 0 1 1 0 1 1 0 1 1 0 0 0
400	3	 1 0 1 1 0 1 1 0 1 1 1 0 1 0 1 0 0 0 0 0
400	2	 1 0 1 1 0 0 1 1 0 1 1 0 1 1 1 0 0 1 0 0
400	1	 1 0 1 1 0 1 1 1 1 1 0 1 1 1 0 0 0 0 0 0
400	3	 1 1 1 0 0 1 0 0 1 1 1 1 1 1 1 0 0 0 0 1
400	3	 0 1 1 1 0 1 0 0 1 1 1 0 0 1 1 0 0 0 0 1
400	1	 1 0 1 1 0 1 0 0 0 1 1 1 1 1 1 0 1 0 0 0
400	1	 1 1 1 1 0 1 0 0 1 1 1 1 0 1 0 0 1 0 0 0
400	1	 1 1 1 1 0 1 0 0 1 1 1 1 0 1 0 1 1 0 0 0
400	1	 1 1 0 1 1 1 0 0 1 1 1 0 1 1 1 0 0 0 1 0
400	3	 1 1 0 1 0 1 1 0 1 1 1 0 0 1 0 1 1 0 0 0
400	1	 1 1 1 1 0 1 0 1 1 1 1 1 1 0 1 0 0 1 0 0
400	2	 0 1 1 1 1 1 0 1 1 1 1 0 0 1 1 0 0 1 0 0
400	3	 1 0 1 1 0 1 0 0 0 1 1 0 0 0 1 0 0 0 0 0
400	1	 1 0 1 1 0 1 1 0 1 1 1 0 1 0 1 0 0 1 0 0
400	1	 1 1 1 1 0 1 0 0 1 1 1 0 1 1 0 1 0 0 0 0
400	1	 1 1 1 1 1 0 0 0 1 1 1 1 1 1 1 0 0 0 0 1
400	1	 1 0 1 1 0 0 1 0 1 0 1 0 0 1 0 1 1 0 0 0
400	1	 1 0 1 1 0 0 1 1 1 1 1 0 0 1 1 0 0 0 0 1
400	1	 1 0 1 1 0 0 1 0 1 0 1 0 1 0 1 0 1 0 0 0
400	1	 1 1 1 1 0 1 0 0 1 1 1 0 1 0 1 0 0 0 0 1
400	1	 1 1 1 1 0 1 0 0 1 1 1 0 1 1 0 0 1 0 0 0
400	1	 1 1 1 1 0 1 0 0 1 1 1 0 0 1 0 0 0 0 0 0
400	3	 1 1 1 1 1 1 0 0 1 1 1 0 1 1 1 0 0 0 0 0
400	1	 1 1 0 0 1 1 0 0 1 1 1 0 0 1 1 0 0 0 0 0
400	2	 1 1 1 1 0 0 1 1 0 1 1 0 1 1 1 0 0 0 0 0
400	2	 0 1 1 1 1 1 0 0 0 1 1 0 1 1 1 0 0 0 0 0
400	1	 1 0 1 1 0 1 0 0 0 1 1 0 0 1 1 0 0 0 0 0
590	21	 1 1 1 1 0 1 0 0 1 1 1 0 1 0 1 0 0 0 0 0
590	13	 1 1 1 1 0 1 0 1 1 1 1 0 0 1 1 0 0 0 0 0
590	27	 1 1 1 1 0 1 0 1 1 1 1 0 1 0 1 0 0 0 0 0
590	24	 1 1 1 1 0 1 0 0 1 1 1 0 0 1 1 0 0 0 0 0
590	37	 1 1 1 1 0 1 1 1 1 1 1 0 0 1 1 0 0 0 0 0
590	4	 1 1 1 1 0 1 0 0 1 1 0 0 0 1 1 0 0 0 0 0
590	9	 1 1 1 1 0 0 0 0 1 1 1 0 0 1 1 0 0 0 0 0
590	10	 1 1 1 1 0 0 1 0 0 1 1 0 1 0 1 0 0 0 0 0
590	47	 1 1 1 1 1 0 0 0 1 1 1 1 1 0 1 0 0 0 0 0
590	11	 1 1 1 1 1 1 1 1 0 1 1 0 1 0 1 0 0 0 0 0
590	25	 1 1 1 1 0 0 0 0 1 1 1 0 1 1 0 0 0 0 0 0
590	18	 1 1 1 1 0 0 0 0 1 1 0 0 1 0 1 0 0 0 0 0
590	5	 1 1 1 1 1 1 1 0 1 1 1 1 1 0 0 0 0 0 0 0
590	48	 1 1 1 1 0 1 1 0 1 1 1 0 1 0 0 0 0 0 0 0
590	3	 1 1 1 1 1 1 1 1 1 1 1 0 0 1 1 0 0 0 0 0
590	26	 1 1 1 1 0 1 0 0 1 0 1 0 1 0 1 0 0 0 0 0
590	3	 1 1 1 1 0 1 0 1 1 1 1 0 1 0 1 0 0 0 1 0
590	4	 1 1 1 1 0 0 0 0 1 1 1 1 1 0 1 0 0 0 0 0
590	9	 1 1 1 1 1 1 1 0 0 1 1 0 1 0 1 0 1 0 0 0
590	8	 0 1 1 1 1 0 0 0 1 1 0 0 1 1 1 0 0 1 0 0
590	16	 1 1 1 1 1 0 1 1 1 1 1 0 0 1 1 0 0 0 0 0
590	16	 1 1 1 1 1 0 1 1 0 1 1 0 1 0 1 0 0 0 0 0
590	6	 1 1 1 1 1 0 0 0 1 1 1 1 1 0 1 1 1 0 0 0
590	4	 1 0 1 1 0 1 1 1 1 1 1 0 1 1 1 0 0 0 0 0
590	16	 1 1 1 1 0 0 0 0 1 1 1 0 1 0 1 0 0 0 0 0
590	11	 1 1 1 1 0 1 1 1 1 0 1 0 0 1 1 0 0 0 1 0
590	3	 1 1 1 1 0 1 0 0 1 1 0 0 0 1 1 1 1 0 0 0
590	8	 1 1 1 1 0 0 0 0 1 1 1 0 0 1 1 0 0 0 0 1
590	6	 1 1 1 1 1 1 1 1 1 1 1 0 1 1 1 0 0 0 0 0
590	44	 1 1 1 1 0 1 0 0 1 1 1 0 1 1 0 0 0 0 0 0
590	10	 1 1 1 1 0 1 0 0 1 1 0 0 0 1 1 1 0 0 0 0
590	29	 1 1 1 1 0 1 0 0 1 0 1 1 1 0 1 0 0 0 0 0
590	3	 1 1 1 1 1 0 1 0 1 1 1 0 1 1 1 0 0 0 0 0
590	25	 0 1 1 1 0 1 0 0 1 1 1 0 1 0 1 0 0 0 0 0
590	13	 1 1 1 1 0 0 0 0 1 1 0 0 0 1 1 0 0 0 0 0
590	23	 1 1 1 1 0 1 1 0 1 1 0 0 0 1 1 0 0 0 0 0
590	16	 1 1 1 1 0 1 1 1 1 1 0 0 0 1 1 0 0 0 1 0
590	22	 1 1 1 0 0 1 0 0 1 1 1 1 1 0 1 0 0 0 0 0
590	3	 1 0 1 1 0 1 1 1 1 1 1 1 0 1 1 0 0 0 0 0
590	15	 1 1 1 0 0 0 0 0 1 1 0 0 1 1 1 0 0 1 0 0
590	9	 1 1 1 1 0 1 1 0 1 1 0 0 0 1 1 1 1 0 0 0
590	4	 1 1 1 1 0 1 0 0 1 1 0 1 1 0 1 0 0 0 0 0
590	4	 1 0 1 1 1 0 1 1 1 1 1 0 0 1 1 0 0 0 0 0
590	13	 1 1 1 1 1 1 1 0 0 1 1 0 1 0 1 0 1 0 1 0
590	1	 1 1 1 1 1 0 0 1 0 1 1 0 1 0 1 0 0 0 0 0
590	4	 1 1 1 1 1 1 0 1 1 1 1 0 1 1 1 0 1 0 1 0
590	5	 1 0 1 0 0 1 0 1 1 1 1 0 0 1 1 0 0 1 0 0
590	3	 0 1 1 1 1 0 0 0 1 1 1 1 1 0 1 0 0 0 0 1
590	22	 1 1 1 1 0 1 0 1 1 1 1 0 0 1 1 1 0 0 0 0
590	4	 1 1 1 1 0 1 0 0 1 1 1 0 1 1 1 0 0 0 0 0
590	3	 1 1 1 1 1 0 0 0 1 1 1 0 1 0 1 0 0 0 0 0
590	3	 1 0 1 1 0 1 1 1 1 1 0 0 1 1 1 0 0 1 0 0
590	2	 1 1 0 1 1 0 0 0 1 1 1 1 1 0 1 0 0 0 0 0
590	8	 1 1 1 1 0 1 1 1 1 1 0 0 0 1 1 0 0 0 0 0
590	2	 1 0 1 1 0 1 0 1 1 1 1 0 1 1 1 0 0 0 0 0
590	6	 1 0 1 1 0 1 0 0 1 1 1 0 1 1 0 0 0 0 0 0
590	15	 1 1 1 1 0 1 1 1 1 1 1 0 1 1 1 0 0 0 0 0
590	5	 1 1 1 1 0 0 1 0 0 1 1 0 1 0 1 0 0 0 0 1
590	5	 1 1 1 1 1 1 1 0 0 1 1 0 0 1 1 0 0 1 0 0
590	8	 1 1 1 1 1 0 0 0 0 1 0 0 0 1 1 0 0 0 1 0
590	1	 1 1 1 1 0 1 1 0 1 1 1 0 0 1 1 0 0 0 0 0
590	1	 0 1 1 1 1 1 1 0 0 1 1 0 1 0 1 0 1 0 0 0
590	8	 0 1 1 0 1 0 0 0 1 1 1 1 1 0 1 0 0 1 0 0
590	6	 1 1 1 1 1 0 1 1 1 1 1 0 1 1 1 0 0 1 0 0
590	12	 1 1 1 1 1 1 1 1 1 1 1 0 0 1 0 0 0 0 0 0
590	5	 1 1 1 1 0 1 0 0 1 1 1 1 1 0 1 0 0 0 0 0
590	8	 0 1 1 1 0 1 0 0 1 1 1 0 1 1 1 0 0 0 0 0
590	3	 1 1 1 1 1 1 1 1 1 1 0 0 1 0 1 0 0 0 0 0
590	1	 1 1 1 1 0 1 1 0 0 1 1 0 1 1 1 0 0 0 0 0
590	2	 1 1 1 1 0 1 1 0 1 1 1 0 1 1 1 0 0 1 0 0
590	10	 1 1 0 1 1 0 0 0 1 1 1 0 1 0 1 0 0 0 0 0
590	1	 1 1 1 1 0 1 1 0 1 1 1 0 1 0 0 1 0 0 0 0
590	7	 1 0 1 0 0 1 0 0 1 1 1 1 1 0 1 0 0 0 0 0
590	7	 1 1 1 1 0 1 1 0 1 1 0 0 1 1 1 0 0 1 0 0
590	7	 1 1 1 1 0 0 0 0 1 1 1 0 0 1 0 0 0 0 0 0
590	1	 1 1 1 1 0 0 0 0 1 1 0 0 0 1 1 0 0 1 0 0
590	4	 0 1 1 1 0 0 0 0 1 1 1 1 1 0 1 0 0 0 0 1
590	11	 1 1 1 1 0 0 1 1 1 1 1 0 0 1 1 0 0 0 0 0
590	4	 1 1 1 1 1 1 0 1 1 1 1 0 1 0 1 0 0 0 0 0
590	5	 1 1 1 1 0 0 0 0 1 0 1 0 1 0 1 0 0 0 0 0
590	2	 1 1 1 1 0 1 0 0 0 0 1 0 1 0 1 0 0 0 0 0
590	1	 1 1 1 1 1 0 1 1 1 0 1 0 0 1 1 0 0 0 0 0
590	4	 1 1 1 1 0 1 0 0 1 1 1 0 1 0 0 0 0 0 0 0
590	6	 1 1 1 1 0 1 1 1 0 1 1 0 1 0 1 0 0 0 0 1
590	3	 1 1 1 1 1 0 0 0 1 1 1 1 1 0 1 0 0 1 0 0
590	1	 1 1 1 1 0 0 0 0 1 1 0 0 1 0 1 0 1 0 0 0
590	5	 1 1 1 1 1 0 0 0 1 1 1 0 1 1 1 0 0 0 0 0
590	8	 1 1 0 1 1 0 0 0 1 1 1 0 1 0 1 1 0 0 0 0
590	7	 1 1 1 1 0 1 1 1 1 0 1 0 1 0 1 0 0 0 0 0
590	2	 1 1 1 1 0 0 0 0 1 1 1 0 1 1 1 0 0 1 0 0
590	3	 1 0 1 1 0 1 1 1 1 1 1 0 0 1 1 0 0 0 0 0
590	3	 1 1 1 1 1 0 0 0 1 0 1 1 1 0 1 1 1 0 0 0
590	8	 1 1 1 1 1 0 0 0 1 1 1 1 1 0 0 1 1 0 0 0
590	1	 1 1 1 0 0 1 0 0 1 0 1 1 1 0 1 0 0 0 0 0
590	2	 1 1 1 1 0 0 0 0 1 1 0 0 1 0 0 0 0 0 0 0
590	1	 1 1 1 1 1 0 1 1 1 1 1 0 0 1 1 0 0 1 0 0
590	5	 1 1 1 0 0 0 0 1 1 1 0 0 1 1 1 0 0 1 0 0
590	4	 0 1 1 1 0 1 0 0 1 1 1 0 1 1 1 0 0 0 1 0
590	2	 1 1 1 1 0 1 1 1 1 0 1 0 0 1 1 0 0 1 0 0
590	1	 1 1 1 1 1 0 0 0 1 1 1 0 0 1 1 0 0 0 0 0
590	5	 1 1 1 1 0 1 0 0 1 1 1 0 1 1 0 1 1 0 0 0
590	3	 1 1 1 1 1 0 1 1 1 1 1 0 1 0 0 0 0 0 0 0
590	3	 1 1 1 1 0 1 0 0 1 1 0 0 0 1 1 0 0 0 1 0
590	2	 1 1 1 0 0 0 0 0 1 1 0 0 0 1 1 0 0 0 0 0
590	7	 1 1 1 1 1 1 1 1 1 1 1 0 1 1 1 0 0 1 0 0
590	1	 1 1 1 1 0 0 0 0 0 1 0 0 1 0 1 0 1 0 0 0
590	1	 1 1 1 1 0 1 1 0 1 1 1 0 1 0 1 0 0 0 0 1
590	3	 1 1 1 1 0 1 0 0 1 0 1 0 0 1 1 0 0 0 0 0
590	1	 1 0 1 1 0 1 1 0 1 1 1 0 1 0 0 0 0 0 0 0
590	2	 1 1 1 1 1 1 1 1 1 1 1 0 0 1 1 1 0 0 0 0
590	2	 1 1 1 1 0 1 0 0 1 1 1 0 1 1 0 0 1 0 0 0
590	3	 1 0 1 1 0 1 1 0 1 1 0 0 0 1 1 0 0 0 0 0
590	4	 1 1 1 1 1 1 1 0 0 1 1 1 1 0 1 0 1 0 1 0
590	3	 0 0 1 0 0 1 0 1 1 1 1 0 0 1 1 0 0 1 0 0
590	1	 1 1 0 1 0 1 0 1 1 1 1 0 0 1 1 1 0 0 0 0
590	2	 1 1 1 1 0 1 1 1 1 1 1 0 1 1 0 0 0 0 0 0
590	1	 1 1 1 1 0 1 1 0 1 0 1 0 0 1 1 0 0 0 1 0
590	1	 1 1 1 1 0 1 1 0 1 1 0 0 0 1 1 0 0 0 1 0
590	3	 1 1 1 0 0 0 0 0 1 1 0 0 1 1 1 0 0 0 0 0
590	1	 0 1 1 0 1 0 0 0 1 1 1 1 1 0 1 0 0 0 0 1
590	2	 1 1 1 1 1 0 0 0 1 1 0 1 1 0 1 0 0 0 0 0
590	2	 1 1 1 0 1 1 1 0 1 1 1 1 1 0 0 0 0 0 0 0
590	1	 1 1 1 1 0 0 0 0 1 1 0 1 0 1 1 0 0 0 0 0
590	1	 1 0 1 1 1 0 1 1 1 1 1 1 0 1 1 0 0 0 0 0
590	1	 1 1 1 1 1 1 0 1 1 1 1 0 0 1 1 1 0 0 0 0
590	2	 1 1 1 1 1 1 1 0 0 1 1 0 0 1 0 0 0 1 0 0
590	2	 1 1 1 1 0 1 1 0 1 1 0 0 1 1 1 0 0 0 0 0
720	6	 1 1 1 1 0 1 1 1 1 1 1 0 0 1 1 0 0 0 0 0
720	30	 1 1 1 1 0 1 0 0 1 0 1 0 1 0 1 0 0 0 0 0
720	10	 1 1 1 1 0 1 0 0 1 0 1 1 1 1 1 0 0 0 0 0
720	13	 1 1 1 1 0 1 1 1 1 1 1 0 1 1 1 0 0 0 0 0
720	107	 1 1 1 1 0 1 0 0 1 0 0 1 1 1 1 0 0 0 0 0
720	58	 1 1 1 1 0 0 1 0 1 0 0 0 1 0 0 0 0 0 0 0
720	3	 1 1 1 1 1 1 0 1 1 1 1 0 1 1 0 1 0 0 0 0
720	9	 1 1 1 1 0 1 0 0 1 0 1 1 0 1 0 0 0 0 0 0
720	3	 1 1 1 1 1 1 0 0 1 0 0 0 0 1 1 0 0 0 0 1
720	3	 1 1 1 1 0 0 0 0 1 0 1 1 1 0 1 0 0 0 0 0
720	28	 1 1 1 1 0 0 0 0 1 1 1 0 1 1 1 0 0 0 0 0
720	12	 1 1 1 1 0 0 0 0 0 0 1 1 1 0 1 0 0 0 0 0
720	38	 1 1 1 1 0 1 0 0 0 0 1 0 1 0 1 0 0 0 0 0
720	3	 1 1 1 1 0 1 1 1 1 1 1 0 1 0 1 0 0 0 0 0
720	2	 1 1 1 0 0 0 1 0 1 0 0 0 1 0 0 0 0 0 0 1
720	14	 1 1 1 1 1 1 1 1 1 1 1 0 1 0 1 0 0 0 0 0
720	5	 0 1 1 1 1 0 1 1 0 1 1 0 1 1 1 0 0 0 0 0
720	7	 1 1 1 1 1 1 0 0 1 0 1 1 0 0 1 0 0 0 0 0
720	74	 1 1 1 1 0 1 0 0 1 0 0 1 1 0 0 0 0 0 0 0
720	2	 1 0 1 1 0 1 0 0 1 0 0 1 1 1 1 0 0 0 0 0
720	7	 1 1 1 1 0 1 0 0 1 0 0 0 1 0 0 0 0 0 0 0
720	8	 1 1 1 1 0 1 0 0 1 0 1 0 0 1 1 0 0 0 0 0
720	29	 1 1 1 1 0 1 0 0 1 0 1 0 0 0 1 0 0 0 0 0
720	28	 1 1 1 1 0 1 0 1 1 0 1 0 1 1 1 0 0 0 0 0
720	4	 1 1 1 1 0 0 0 0 1 0 1 0 0 0 1 0 0 0 0 0
720	3	 1 1 1 1 0 1 0 0 1 1 1 0 0 1 1 0 0 0 0 0
720	15	 1 1 1 1 0 1 0 1 1 0 1 0 1 1 0 0 0 0 0 0
720	57	 1 1 1 0 0 1 0 0 0 0 0 1 1 1 1 0 0 0 0 0
720	10	 1 1 1 1 1 1 0 0 1 0 1 0 1 1 1 0 0 0 0 0
720	3	 1 1 1 1 0 0 0 0 0 0 1 1 1 0 1 0 0 1 0 0
720	26	 1 1 1 1 1 1 0 0 1 1 1 1 0 0 1 0 0 0 0 0
720	8	 1 1 1 0 1 0 0 1 1 1 1 0 1 1 0 1 0 0 0 0
720	10	 1 1 1 1 0 1 0 0 1 0 0 1 1 1 1 0 1 0 0 0
720	1	 1 0 1 1 0 1 0 0 1 0 0 0 1 1 1 0 0 0 0 0
720	7	 1 1 1 1 0 0 1 0 1 0 0 0 0 0 0 0 0 0 0 0
720	2	 1 1 1 1 0 0 0 1 1 0 1 0 1 1 1 0 0 0 0 0
720	16	 1 1 1 1 0 1 0 0 1 0 0 1 1 0 0 0 0 0 0 1
720	18	 1 1 1 1 0 1 0 0 1 1 0 1 1 0 0 0 0 0 0 0
720	9	 1 1 1 1 0 1 0 0 1 0 0 1 0 0 0 0 0 0 0 0
720	3	 1 1 1 1 0 0 0 1 0 1 1 0 1 0 1 0 0 0 0 0
720	12	 1 1 1 1 1 1 0 0 1 0 0 0 0 1 0 0 0 0 0 1
720	1	 1 1 1 1 1 1 0 1 0 1 1 0 1 1 1 0 0 0 0 0
720	11	 1 1 1 1 1 1 0 1 1 1 1 0 1 1 0 0 0 0 0 0
720	8	 1 1 1 1 0 0 0 0 1 1 1 0 1 1 0 0 0 0 0 0
720	5	 1 1 1 1 0 1 1 1 1 0 1 1 0 0 1 0 0 0 0 0
720	22	 1 1 1 1 0 1 1 0 1 0 0 0 1 1 1 0 0 0 0 0
720	8	 1 1 1 1 0 1 1 1 1 1 1 0 1 0 1 0 0 1 0 0
720	3	 1 0 1 0 0 1 0 0 1 0 0 0 1 0 0 0 0 0 0 0
720	4	 1 0 1 1 0 1 0 0 1 0 1 0 0 1 1 0 0 0 0 0
720	2	 1 1 1 1 0 1 1 1 1 1 0 0 1 1 1 0 0 0 0 0
720	2	 1 1 1 1 0 1 0 0 1 0 1 0 1 0 0 0 0 0 0 1
720	2	 1 0 1 1 0 1 1 1 1 1 1 0 1 0 1 0 0 1 0 0
720	4	 1 1 1 1 1 1 0 0 0 1 1 0 1 1 1 0 0 0 0 0
720	4	 1 1 1 1 0 1 0 0 0 1 0 0 1 1 1 0 1 0 1 0
720	7	 1 1 1 1 0 1 0 0 1 0 0 0 1 0 1 0 0 0 0 0
720	2	 1 1 1 1 1 1 0 0 1 0 1 0 1 0 0 0 0 0 0 0
720	1	 1 1 1 1 0 0 0 0 0 0 1 1 1 1 1 0 0 0 0 0
720	3	 1 1 1 1 0 1 0 1 1 0 1 0 0 0 1 0 0 0 0 0
720	7	 1 0 1 1 0 1 0 0 1 0 1 1 1 1 1 0 0 0 0 0
720	3	 1 1 1 1 0 0 0 0 1 1 1 1 1 0 1 0 0 0 0 0
720	6	 1 1 1 1 1 1 0 0 1 0 0 1 1 0 0 0 0 0 0 0
720	7	 1 1 1 1 0 1 0 0 1 0 0 1 1 1 1 0 0 0 0 1
720	1	 1 1 1 1 0 1 0 1 0 1 1 0 1 0 0 0 0 0 0 0
720	3	 1 1 1 1 0 1 0 0 0 1 0 0 1 1 1 0 0 0 0 0
720	16	 1 1 1 1 0 1 0 0 0 0 0 1 1 1 1 0 0 0 0 0
720	8	 1 1 1 1 0 0 0 0 0 0 0 1 1 0 1 0 0 0 0 0
720	12	 1 1 1 1 0 1 0 0 0 0 1 1 1 0 1 0 0 0 0 0
720	1	 1 1 1 1 0 1 0 0 1 0 1 0 1 1 0 0 0 0 0 0
720	4	 1 1 1 1 0 1 1 0 1 0 1 0 1 1 1 0 0 0 0 0
720	2	 1 1 0 1 0 1 0 0 1 0 0 1 1 1 1 0 0 0 0 0
720	4	 1 1 1 1 0 1 0 0 1 0 0 1 1 0 0 0 1 0 0 0
720	4	 1 1 1 1 0 1 0 0 0 0 1 0 1 1 0 0 0 0 0 0
720	5	 1 1 1 1 0 1 0 1 1 0 1 0 0 1 0 0 0 0 0 0
720	4	 1 1 1 1 0 0 0 0 0 0 1 1 0 0 1 0 0 0 0 0
720	6	 1 1 1 1 0 1 0 1 1 0 1 0 1 0 1 0 0 1 0 0
720	1	 1 1 1 1 1 1 0 1 1 1 1 0 1 1 1 0 0 0 0 0
720	5	 1 1 1 1 0 1 1 1 1 0 0 0 1 1 1 0 0 0 0 0
720	4	 1 1 1 1 0 0 0 0 0 0 1 1 1 1 1 0 1 0 0 0
720	3	 1 1 0 1 1 0 1 0 1 1 1 0 1 1 0 0 0 0 0 0
720	3	 1 1 1 1 0 1 0 1 1 1 1 1 1 1 0 0 0 0 0 0
720	3	 1 1 1 1 0 1 0 1 1 0 0 0 0 0 1 0 0 0 0 0
720	1	 1 1 1 1 0 1 0 1 1 1 1 0 1 1 0 1 0 0 0 0
720	1	 1 0 1 1 0 0 0 0 1 0 0 1 1 1 1 0 0 0 0 0
720	2	 1 1 1 1 1 1 0 0 1 0 1 0 0 0 1 0 0 0 0 0
720	2	 1 1 1 1 0 0 1 0 1 0 0 0 0 0 1 0 0 0 0 0
720	3	 1 1 1 1 0 0 0 0 1 0 1 1 1 0 1 0 1 0 0 0
720	2	 1 0 1 1 0 1 1 1 0 1 1 0 1 0 1 0 0 1 0 0
720	2	 1 1 1 1 0 0 0 1 0 1 1 0 1 1 1 0 0 0 0 0
720	4	 1 1 0 1 0 1 0 0 1 0 0 1 0 0 0 0 0 0 0 0
720	1	 1 1 1 1 0 0 1 0 1 0 0 0 1 0 0 0 0 1 0 0
720	2	 1 1 1 1 0 0 0 0 0 0 1 1 1 0 1 0 0 0 1 0
720	2	 1 1 1 1 0 1 0 0 0 0 1 0 1 0 1 1 0 0 0 0
720	1	 1 1 1 1 0 1 0 0 1 0 1 1 0 0 1 0 0 0 0 0
720	9	 1 1 1 1 1 1 0 0 1 1 1 1 0 1 1 0 0 0 0 0
720	5	 1 1 0 0 1 0 0 1 1 1 1 0 1 1 0 1 0 0 0 0
720	1	 1 1 1 1 0 1 0 0 0 0 1 0 1 0 0 0 0 0 0 0
720	3	 1 1 1 1 0 0 0 1 1 1 1 0 0 1 1 0 0 0 0 0
720	4	 1 1 1 1 0 0 1 0 1 0 0 1 1 1 1 0 0 0 0 0
720	1	 0 1 1 1 1 0 1 1 0 1 1 0 1 1 1 0 0 0 1 0
720	1	 1 1 1 1 0 1 0 0 1 0 1 1 1 0 0 0 0 0 0 0
720	8	 1 0 1 1 0 1 0 0 1 0 1 0 0 1 0 0 0 0 0 0
720	5	 1 1 1 0 0 1 0 0 1 0 0 1 1 0 0 0 1 0 0 0
720	2	 1 1 1 1 1 1 1 1 1 1 1 0 1 1 1 0 0 0 0 0
720	2	 1 1 1 1 0 1 0 1 0 1 1 0 1 1 0 0 0 0 0 0
720	3	 1 1 1 0 0 1 0 0 0 0 0 1 1 1 0 0 0 0 0 0
720	2	 1 1 1 0 1 0 0 1 1 1 1 0 1 1 0 0 0 0 0 0
720	5	 1 1 1 0 0 1 0 1 0 1 1 0 1 0 1 0 0 0 0 0
720	1	 1 1 1 1 1 1 0 1 1 0 1 0 1 1 0 0 0 0 0 0
720	2	 1 1 1 1 0 1 0 0 0 1 1 0 1 1 1 0 0 0 0 0
720	2	 1 1 1 1 1 1 0 0 1 1 0 1 1 0 0 0 0 0 0 0
720	1	 1 1 1 1 0 1 0 0 1 0 0 1 1 1 0 1 0 0 0 0
720	2	 1 1 1 1 0 1 0 0 1 1 0 0 1 0 1 0 0 0 0 0
720	1	 1 1 1 0 0 1 0 0 0 0 1 0 1 0 1 0 0 0 0 0
720	1	 1 1 1 1 1 1 0 0 1 0 1 0 1 1 0 1 0 0 0 0
720	3	 1 1 1 1 1 1 0 1 1 1 1 1 1 1 1 0 0 0 0 0
720	1	 1 1 1 1 0 1 1 1 1 0 1 1 1 0 0 0 0 0 0 0
720	1	 1 1 1 1 0 1 0 1 1 1 1 0 1 0 1 0 0 1 0 0
720	1	 1 1 1 1 0 0 0 0 1 0 0 0 1 0 0 0 0 0 0 0
720	3	 1 1 1 1 0 1 0 1 1 0 1 1 0 1 0 0 0 0 0 0
720	2	 1 1 1 1 0 0 0 0 1 1 1 0 1 1 1 0 1 0 0 0
720	1	 1 0 1 1 0 1 0 0 1 1 0 1 1 0 0 0 0 0 0 0
880	172	 1 1 1 1 0 1 0 0 1 0 0 1 1 1 1 0 0 0 0 0
880	26	 1 1 1 1 0 1 0 0 0 0 0 1 1 1 1 0 0 0 0 0
880	8	 1 1 1 1 0 1 0 0 1 0 0 1 0 0 1 0 0 0 0 0
880	43	 1 1 1 1 0 1 0 0 1 0 0 1 1 1 0 0 0 0 0 0
880	28	 1 1 1 1 0 1 0 0 1 0 0 1 1 1 1 0 0 0 0 1
880	3	 1 1 1 1 0 0 1 0 1 0 0 0 0 0 1 1 0 0 0 0
880	5	 1 1 1 1 0 1 0 0 1 0 0 1 0 1 1 1 0 0 0 0
880	6	 1 1 1 1 1 1 0 0 1 0 0 0 0 1 1 0 0 0 0 0
880	4	 1 1 1 1 0 1 1 0 1 0 0 0 0 0 1 1 0 0 0 0
880	29	 1 1 1 1 0 1 0 0 1 0 0 1 1 1 1 0 1 0 0 0
880	2	 1 1 1 1 0 1 0 0 1 0 0 1 1 0 1 1 0 0 0 1
880	4	 1 1 1 1 0 1 1 1 1 0 1 1 1 1 0 0 0 0 0 0
880	9	 1 1 1 1 1 1 0 0 1 0 1 1 0 0 0 0 0 0 0 0
880	1	 1 0 1 1 0 1 0 0 1 0 0 1 0 1 1 0 0 0 0 0
880	34	 1 1 1 1 0 1 0 0 1 0 0 1 0 1 0 0 0 0 0 0
880	25	 1 1 1 1 1 1 0 0 1 0 0 1 1 1 0 0 0 0 0 0
880	2	 1 1 1 0 1 1 0 1 1 0 1 0 1 1 1 0 0 0 0 0
880	13	 1 1 1 1 0 1 0 0 1 0 0 1 1 0 1 0 0 0 0 0
880	9	 1 1 1 0 0 1 0 0 1 0 0 1 1 1 1 0 0 0 0 0
880	27	 1 1 1 1 0 1 0 0 1 0 0 0 0 0 1 1 0 0 0 0
880	13	 1 1 1 1 0 0 1 0 0 0 1 0 1 0 1 0 0 0 0 0
880	14	 0 1 1 1 0 1 0 0 1 0 0 1 0 0 1 0 0 1 0 0
880	4	 1 1 1 1 0 0 1 0 1 0 1 0 0 0 1 1 0 0 0 0
880	14	 1 1 1 1 1 1 0 0 1 0 0 1 1 1 1 0 0 0 0 0
880	24	 1 1 1 1 0 1 0 0 1 0 0 0 1 1 1 0 0 0 0 0
880	3	 1 1 1 1 0 1 0 0 1 0 0 1 1 1 1 1 0 0 0 0
880	9	 1 1 1 1 0 1 1 0 1 0 0 0 1 0 1 0 0 0 0 0
880	1	 1 1 1 0 0 1 0 0 1 0 0 1 1 1 1 0 1 0 1 1
880	24	 1 1 1 1 0 1 0 0 1 0 0 0 1 0 0 0 0 0 1 0
880	2	 1 1 1 1 0 1 0 0 1 0 0 1 0 0 1 1 0 0 0 0
880	13	 0 1 1 1 0 1 0 0 1 0 0 1 1 1 1 0 0 0 0 0
880	1	 1 1 1 1 0 1 0 0 1 0 0 1 1 0 1 1 1 0 0 1
880	4	 1 1 1 1 0 1 0 0 1 0 1 1 1 1 0 0 0 0 0 0
880	12	 1 1 1 1 0 0 1 0 1 0 0 1 1 1 1 0 0 0 0 0
880	12	 1 1 1 1 0 1 0 0 1 0 0 1 0 1 1 1 0 0 0 1
880	14	 1 1 1 1 0 0 0 0 0 1 0 0 1 0 1 0 0 0 0 0
880	4	 1 1 1 1 0 0 0 0 1 0 0 1 0 0 1 0 0 0 0 0
880	9	 1 1 1 1 0 0 0 0 0 1 0 0 1 0 0 0 0 0 0 0
880	21	 1 1 1 1 0 1 0 0 1 0 0 0 0 1 1 0 0 0 0 0
880	16	 1 1 1 1 1 1 1 0 1 0 0 1 1 1 1 0 0 0 0 0
880	17	 1 1 1 1 0 0 1 0 1 0 0 1 1 1 1 0 0 1 0 0
880	7	 1 1 1 1 0 0 0 0 1 0 0 1 1 0 1 1 0 0 0 1
880	2	 1 1 1 1 0 1 0 0 1 0 1 1 1 1 1 0 1 0 0 0
880	11	 1 1 0 1 0 0 0 0 1 0 0 1 1 0 1 0 0 0 0 0
880	16	 1 1 1 1 0 1 0 0 1 0 0 1 0 0 1 1 0 1 0 0
880	1	 1 1 1 1 0 1 0 1 1 0 0 1 0 1 0 0 0 0 0 0
880	8	 1 1 1 1 0 1 0 0 0 0 0 1 1 1 1 1 0 0 0 1
880	8	 1 0 1 1 0 1 0 0 1 0 0 1 0 1 0 0 0 0 0 0
880	6	 1 1 1 1 0 0 0 0 0 0 0 1 1 1 1 0 0 0 0 0
880	2	 0 1 1 1 0 1 0 0 1 0 0 1 0 0 1 0 0 0 0 0
880	3	 0 1 1 1 0 1 1 0 1 0 0 0 0 0 1 1 0 0 0 0
880	9	 1 1 0 1 0 0 1 0 1 0 0 1 1 1 1 0 0 0 0 0
880	12	 1 0 1 1 0 1 0 0 1 0 0 1 0 1 1 1 0 0 0 0
880	3	 1 0 1 1 0 1 0 0 1 0 0 1 0 1 0 1 0 0 0 0
880	6	 1 1 1 1 1 0 0 0 1 0 0 1 1 1 0 0 0 0 0 0
880	9	 1 1 1 0 1 1 0 1 1 1 0 0 1 1 1 0 0 0 0 0
880	1	 1 1 1 0 0 1 0 0 1 0 0 1 1 1 1 0 1 0 0 0
880	15	 1 0 1 1 0 1 0 0 1 0 0 0 0 0 1 1 0 0 0 0
880	4	 1 1 1 1 0 0 0 0 1 0 0 1 0 1 1 0 0 0 0 0
880	27	 1 1 1 1 1 1 1 0 1 0 0 0 0 1 1 0 0 0 0 0
880	1	 1 1 1 1 0 1 1 1 1 0 1 1 1 0 0 0 0 0 0 0
880	1	 1 1 1 1 0 1 0 0 1 1 0 0 1 1 1 0 0 0 0 0
880	8	 0 1 1 1 0 1 0 0 0 0 0 1 1 1 1 0 0 0 0 0
880	5	 1 1 1 1 0 1 1 0 0 0 1 0 1 0 1 0 0 0 0 0
880	1	 1 1 1 1 0 1 1 0 0 0 0 1 0 1 0 0 0 0 0 0
880	3	 1 1 1 1 0 1 0 0 1 0 1 1 1 1 1 0 0 0 0 0
880	5	 1 1 1 1 0 1 0 0 1 0 0 1 0 1 1 0 0 0 0 0
880	6	 1 1 1 1 0 0 0 0 1 0 0 1 1 1 1 0 0 0 0 0
880	2	 0 1 1 1 1 1 0 0 1 0 0 1 1 1 0 0 0 0 0 0
880	5	 1 1 1 0 0 0 1 0 0 0 1 0 1 0 1 0 0 0 0 0
880	3	 1 1 1 0 0 1 0 0 1 0 0 1 1 0 1 1 0 0 0 1
880	6	 1 1 1 1 0 1 0 0 1 1 0 1 1 0 1 0 0 0 0 0
880	1	 1 1 1 1 0 1 1 0 1 0 0 1 1 1 1 0 0 0 0 0
880	1	 1 1 1 1 0 0 1 1 1 0 0 1 1 1 1 0 0 1 0 0
880	18	 1 1 1 1 0 1 0 0 0 0 0 0 1 1 1 0 0 0 0 0
880	2	 1 1 1 1 0 1 0 0 1 0 0 0 0 1 0 0 0 0 0 0
880	1	 1 1 1 1 0 0 0 0 1 0 0 0 0 0 1 1 0 0 0 0
880	1	 1 1 1 0 1 1 0 0 1 0 0 1 1 0 1 0 0 0 0 0
880	2	 0 1 1 1 0 1 0 0 1 0 0 0 0 0 1 1 0 0 0 0
880	5	 1 1 1 1 1 0 0 0 1 0 0 1 1 0 0 0 0 0 0 0
880	3	 1 1 1 1 0 0 1 0 1 0 1 0 0 0 1 1 1 0 1 1
880	2	 1 1 0 1 0 1 0 0 1 0 0 1 1 1 1 0 0 0 0 0
880	9	 1 1 1 1 1 1 0 0 1 0 0 0 0 1 0 0 0 0 0 0
880	2	 1 1 1 1 1 1 0 0 1 0 0 1 0 1 0 0 0 0 0 0
880	1	 1 0 1 1 0 1 0 1 1 0 0 1 0 1 0 0 0 0 0 0
880	3	 1 1 1 1 0 1 0 0 1 0 1 0 1 0 1 0 0 0 0 0
880	8	 1 1 1 1 1 0 0 0 1 0 0 1 1 1 1 0 0 0 0 0
880	2	 1 0 1 1 0 1 0 1 1 0 0 1 1 1 1 1 0 0 0 1
880	13	 1 1 1 1 0 1 0 0 1 0 1 1 0 1 0 0 0 0 0 0
880	5	 1 1 1 0 1 1 0 0 1 0 0 1 1 1 1 0 0 0 0 0
880	1	 0 1 1 1 0 1 0 0 1 0 0 1 1 1 1 1 0 0 0 0
880	2	 1 0 1 1 0 0 0 0 1 0 0 1 1 1 1 0 1 0 0 0
880	2	 1 1 1 1 0 0 0 0 1 0 0 1 1 0 1 0 0 0 0 0
880	4	 1 1 1 1 0 1 0 0 1 0 0 1 1 1 1 0 0 0 1 0
880	1	 1 0 1 1 0 1 0 0 1 0 0 1 1 1 1 0 0 0 0 0
880	2	 1 1 1 1 0 1 1 0 1 0 0 1 1 1 1 0 0 0 0 1
880	1	 1 1 1 1 0 0 0 1 0 1 0 0 1 0 0 0 0 0 0 0
880	2	 1 1 1 1 0 1 0 0 0 1 0 0 1 0 0 0 0 0 0 0
880	1	 1 1 1 1 1 1 0 0 1 0 1 1 0 0 0 0 0 1 0 0
880	1	 1 1 1 1 0 1 0 0 1 0 0 0 1 0 1 1 0 0 0 0
880	4	 1 1 1 1 0 1 1 0 1 0 0 0 1 0 0 0 0 0 1 0
880	2	 1 1 1 1 0 1 0 0 1 0 0 0 1 0 0 0 0 1 1 0
880	4	 1 1 0 0 0 1 0 0 1 0 0 1 1 0 1 0 0 0 0 0
880	1	 1 1 1 1 0 0 0 0 1 0 0 0 1 0 0 0 0 0 1 0
880	1	 1 1 1 1 0 0 0 0 1 0 0 1 1 0 1 1 0 0 0 0
880	1	 1 0 1 1 0 1 0 0 1 0 0 0 0 0 1 0 0 0 0 0
880	3	 0 1 1 1 1 1 0 0 1 0 0 0 0 1 1 0 0 0 0 0
880	2	 1 1 1 1 0 1 0 1 1 0 0 1 1 0 1 0 0 0 0 0
880	3	 0 1 1 1 0 1 0 0 1 0 0 0 0 1 1 0 0 0 0 0
880	1	 1 1 1 1 0 1 0 0 1 0 1 0 0 1 1 0 0 0 0 0
880	2	 1 0 1 1 0 1 0 0 1 0 0 1 0 1 1 1 0 1 0 0
880	2	 1 1 1 0 0 1 0 0 0 0 0 1 1 0 1 1 0 0 0 1
880	1	 1 1 1 1 1 0 0 0 1 0 0 0 0 1 0 0 0 0 0 0
1000	35	 1 1 1 1 0 1 0 0 1 0 0 1 1 1 1 0 0 0 0 0
1000	28	 1 1 1 1 0 1 0 0 0 0 0 1 1 1 1 0 0 0 0 0
1000	14	 1 1 1 1 1 1 0 0 1 0 0 1 1 1 1 0 0 0 0 0
1000	9	 1 1 1 1 0 0 1 0 1 0 0 1 1 1 1 0 0 0 0 0
1000	6	 1 1 1 1 1 1 1 0 1 0 0 1 1 1 1 0 0 0 0 0
1000	17	 1 1 1 0 0 1 0 0 1 0 0 1 1 1 1 0 0 0 0 0
1000	27	 1 1 1 1 0 1 0 0 1 0 0 1 1 1 1 0 0 1 0 0
1000	18	 1 1 1 1 1 0 0 0 1 0 0 1 1 1 1 0 0 0 0 0
1000	27	 0 1 1 1 1 0 0 0 1 0 0 1 1 1 1 0 0 0 0 0
1000	15	 1 1 1 1 0 1 0 0 0 0 0 1 0 1 1 0 0 0 0 0
1000	1	 1 1 1 1 0 1 0 0 1 0 0 1 1 0 1 0 0 1 0 0
1000	5	 1 1 1 1 1 1 0 0 1 0 0 0 1 1 1 0 0 0 0 0
1000	32	 1 1 1 1 0 1 0 0 1 0 0 0 0 0 1 0 0 0 0 0
1000	7	 1 1 1 1 0 1 0 0 0 0 0 1 1 1 1 0 1 0 0 0
1000	6	 1 1 1 1 1 1 0 0 1 0 0 0 1 1 1 0 0 0 0 1
1000	21	 1 1 1 1 1 0 0 0 1 0 0 1 0 1 0 1 0 0 0 0
1000	47	 1 1 1 1 0 0 0 0 0 0 0 1 1 1 1 0 0 0 0 0
1000	19	 1 1 1 1 1 0 0 0 1 0 0 1 1 1 1 1 0 0 0 0
1000	4	 1 1 1 1 0 1 0 0 1 0 0 1 0 1 0 0 1 0 0 0
1000	52	 1 1 1 1 1 0 1 0 1 0 0 1 0 0 1 0 0 0 0 0
1000	8	 1 1 1 1 0 1 0 0 1 0 0 1 1 0 0 0 0 1 0 0
1000	3	 1 1 1 1 0 1 0 0 1 0 0 0 0 1 1 0 0 0 0 0
1000	13	 1 1 1 1 0 1 0 0 0 0 0 1 1 1 0 0 0 0 0 0
1000	28	 1 1 1 1 0 1 0 0 1 0 0 0 0 0 0 1 0 0 0 0
1000	25	 1 1 1 1 1 1 0 0 1 1 0 1 1 1 1 0 0 0 0 0
1000	2	 1 0 1 1 1 0 1 1 1 0 0 1 0 1 0 0 0 0 0 0
1000	9	 1 1 0 1 0 0 0 0 1 0 0 1 1 1 1 0 0 0 1 0
1000	6	 1 1 1 1 0 1 0 0 0 0 0 1 0 1 1 0 0 1 0 0
1000	3	 1 1 1 1 0 0 0 0 1 0 0 1 1 0 1 0 0 1 0 0
1000	20	 1 1 1 1 0 0 0 0 0 0 0 1 1 1 1 1 0 0 0 0
1000	22	 1 1 1 1 1 0 1 0 1 0 0 1 1 1 1 0 0 0 0 0
1000	9	 1 1 1 1 1 1 0 0 1 0 0 1 0 1 0 0 0 0 0 0
1000	3	 1 1 1 1 0 1 0 0 1 0 0 1 1 0 1 0 0 0 0 0
1000	22	 1 0 1 1 1 0 0 0 1 0 0 1 1 1 1 0 0 0 1 0
1000	3	 1 1 1 1 0 0 0 0 1 0 0 0 0 0 1 0 0 0 0 0
1000	8	 1 1 1 1 0 0 0 0 1 0 0 1 1 1 0 0 0 0 0 0
1000	4	 1 1 1 1 0 1 0 0 1 0 0 1 0 0 0 0 0 0 0 0
1000	3	 1 1 1 1 0 1 0 1 0 0 0 1 1 1 1 0 0 0 0 0
1000	2	 1 0 1 1 0 1 0 0 0 0 0 1 0 1 1 0 0 0 0 0
1000	3	 0 1 1 1 1 0 0 1 1 0 0 1 1 1 0 0 0 0 0 0
1000	8	 0 1 1 1 1 1 0 0 0 0 1 0 1 1 1 0 0 0 0 0
1000	1	 1 1 1 1 1 1 1 0 1 0 0 1 1 0 0 0 0 1 0 0
1000	4	 1 1 1 1 1 1 1 0 1 0 0 1 1 0 1 0 0 1 0 0
1000	10	 1 1 0 1 1 0 1 0 1 0 0 1 0 0 1 0 0 0 0 0
1000	5	 0 1 1 1 1 0 0 0 1 0 0 1 1 1 0 0 0 1 0 0
1000	12	 0 1 1 1 1 1 0 0 1 0 0 0 1 1 1 0 0 0 0 0
1000	2	 1 0 1 1 1 1 1 0 1 0 0 1 1 1 1 0 0 0 0 0
1000	1	 1 1 0 1 0 1 0 0 1 0 0 1 1 0 1 0 0 1 0 0
1000	17	 1 1 1 0 0 1 0 0 0 0 0 1 1 1 1 0 0 0 0 0
1000	10	 0 0 1 1 1 0 0 0 1 0 0 1 1 1 1 0 0 0 0 0
1000	13	 1 1 1 1 0 1 0 1 1 0 0 0 1 1 1 0 0 1 0 0
1000	13	 0 1 1 1 0 0 1 0 1 0 0 1 1 1 1 0 0 0 0 0
1000	7	 1 1 1 1 0 1 0 0 0 0 0 1 0 0 0 0 0 0 0 0
1000	48	 1 1 1 1 0 1 0 0 1 0 0 1 1 1 1 0 1 1 0 0
1000	12	 1 1 1 1 0 1 0 1 1 0 0 0 0 0 1 0 0 0 0 0
1000	3	 0 1 1 1 1 0 0 0 1 0 0 1 1 1 1 0 0 0 0 1
1000	9	 1 1 1 1 0 0 0 0 0 0 0 1 1 1 1 0 1 0 0 0
1000	2	 1 1 1 0 0 0 0 0 0 0 0 1 1 1 1 0 0 0 0 0
1000	4	 0 1 1 1 1 0 0 0 1 0 0 1 1 1 1 0 0 0 1 0
1000	2	 1 1 1 1 1 1 0 0 0 0 0 1 0 1 1 0 0 0 0 0
1000	7	 1 1 0 0 0 1 0 0 1 0 0 1 1 0 1 0 0 1 0 0
1000	1	 0 1 1 1 0 1 0 0 1 0 0 0 0 0 1 0 0 0 0 0
1000	7	 1 1 1 1 1 1 0 0 1 0 0 0 1 1 1 0 0 0 1 0
1000	9	 1 1 1 1 0 1 0 0 1 0 0 0 1 1 1 0 0 0 0 0
1000	1	 1 1 0 1 1 0 0 0 1 0 0 1 1 1 1 0 0 0 0 0
1000	4	 0 1 1 1 1 0 0 0 1 0 0 1 1 1 0 0 0 0 0 0
1000	5	 1 1 1 1 1 0 1 0 1 0 0 1 0 0 1 1 0 0 0 0
1000	3	 1 1 1 1 1 1 0 0 1 1 0 1 1 1 0 0 0 0 0 0
1000	12	 1 1 0 1 1 1 1 0 1 0 0 1 1 0 1 0 0 1 0 0
1000	4	 1 1 1 1 0 1 0 0 1 1 0 1 0 1 0 0 0 0 0 0
1000	1	 1 1 1 1 0 1 0 0 1 0 1 1 1 1 1 0 1 1 0 0
1000	4	 1 1 1 1 1 0 0 0 1 0 0 1 0 1 1 0 0 0 0 0
1000	4	 1 0 1 1 1 0 0 0 0 0 0 1 1 1 1 0 0 0 0 0
1000	6	 1 1 1 1 0 1 0 0 1 0 0 1 0 1 1 0 0 0 0 0
1000	8	 1 1 1 1 0 1 1 1 0 0 0 1 1 1 1 0 0 0 0 0
1000	8	 1 0 0 1 0 1 0 0 0 0 0 1 0 1 1 0 0 1 0 0
1000	12	 1 1 1 0 0 1 0 0 0 0 0 1 1 1 1 0 0 0 1 0
1000	1	 1 1 1 1 0 1 0 0 0 0 0 1 0 1 1 1 0 0 0 0
1000	6	 1 0 1 1 1 0 0 0 1 0 0 1 1 1 0 0 0 0 0 0
1000	1	 1 0 1 1 1 0 0 0 1 0 0 1 0 1 1 0 0 0 0 0
1000	1	 1 0 1 1 1 0 1 0 1 0 0 1 0 0 1 0 0 0 0 0
1000	2	 1 1 1 1 1 1 1 0 1 0 0 1 1 0 1 0 0 1 1 0
1000	7	 1 1 1 1 1 1 1 0 1 0 0 1 1 0 1 0 0 0 1 0
1000	2	 1 1 1 0 0 0 0 0 0 0 0 0 1 1 1 0 0 0 0 0
1000	10	 0 1 1 1 0 1 0 0 1 0 0 0 0 1 0 0 0 0 0 0
1000	1	 1 1 1 1 1 0 1 0 0 0 0 1 0 0 1 0 0 0 0 0
1000	1	 1 1 1 1 0 1 0 0 1 0 1 0 0 0 0 1 0 0 0 0
1000	2	 0 1 1 1 1 0 0 0 1 0 0 1 1 1 1 0 1 1 0 0
1000	6	 1 1 1 1 0 1 0 0 1 0 0 1 1 1 1 0 1 0 0 0
1000	5	 1 1 0 1 1 1 1 0 1 0 0 1 1 1 1 0 0 0 0 0
1000	1	 1 1 1 1 1 1 0 0 1 0 0 0 0 1 1 0 0 0 0 0
1000	7	 1 1 1 1 1 0 0 0 0 0 0 1 1 1 1 0 0 0 0 0
1000	2	 1 1 1 1 1 0 0 0 1 0 0 1 1 1 0 1 0 0 0 0
1000	2	 0 1 1 1 1 0 0 0 1 0 0 1 1 1 1 0 1 0 0 0
1000	1	 0 1 1 1 0 0 0 0 0 0 0 1 1 1 1 0 1 0 0 0
1000	2	 0 1 0 1 1 0 0 1 0 0 0 1 1 1 1 0 0 0 0 0
1000	3	 1 1 0 1 1 1 1 0 1 0 0 0 1 1 1 0 0 1 0 0
1000	3	 1 0 0 1 0 1 0 0 0 0 0 1 0 1 1 0 0 0 1 0
1000	7	 0 1 1 1 0 1 0 0 1 0 0 1 1 1 1 0 0 0 0 0
1000	2	 1 1 1 1 0 0 0 0 0 0 0 1 1 1 1 0 0 0 1 0
1000	2	 0 1 1 1 1 0 0 1 0 1 0 0 1 0 1 0 0 0 0 1
1000	1	 1 1 1 1 1 0 1 0 1 0 0 1 0 0 1 0 0 0 1 0
1000	1	 1 1 1 1 1 0 0 0 1 0 0 1 1 1 1 0 0 1 0 0
1000	3	 0 1 1 1 1 0 0 0 1 0 0 1 0 1 1 0 0 0 0 0
1000	2	 1 1 1 1 1 1 0 0 1 1 0 1 0 0 1 0 0 0 0 0
1000	3	 1 1 1 1 1 0 1 0 1 0 0 1 1 0 0 0 0 1 0 0
1000	4	 1 1 1 1 0 0 0 0 1 0 0 1 1 1 1 0 0 0 0 0
1000	3	 1 1 0 1 0 0 0 0 1 0 0 1 1 0 1 0 0 0 0 0
1000	2	 1 0 1 1 0 1 0 0 0 0 0 1 1 1 1 0 0 0 0 0
1000	4	 1 1 1 1 0 0 0 0 0 0 0 1 0 1 1 0 0 0 0 0
1000	1	 1 1 0 1 1 0 1 0 1 1 0 1 0 0 1 0 0 0 0 0
1000	1	 1 1 1 0 0 1 0 0 1 0 0 1 1 1 1 0 1 0 0 0
1000	3	 0 1 1 1 1 1 0 0 0 0 0 1 1 1 1 0 0 0 1 0
1000	3	 1 1 1 1 0 1 0 0 1 0 0 1 0 0 1 0 0 0 0 0
1000	2	 1 1 1 1 0 0 0 0 0 0 0 1 1 1 0 1 0 0 0 0
1000	2	 1 0 1 1 1 1 0 0 1 0 0 0 0 0 1 0 0 0 0 0
1000	1	 1 1 1 1 0 1 0 1 1 0 0 0 1 1 1 0 0 0 0 1
1000	1	 1 1 1 1 0 1 0 0 1 1 0 1 0 1 0 0 1 0 0 0
1000	1	 1 1 0 1 1 1 0 0 1 0 0 1 1 1 1 0 0 0 0 0
1000	1	 1 1 1 1 0 1 0 0 0 0 0 1 1 1 1 0 0 0 1 0
1000	2	 1 1 1 1 1 0 0 0 1 0 0 1 1 1 1 0 0 0 1 0
1000	1	 1 1 1 1 0 1 0 0 1 0 0 0 1 1 1 0 0 0 1 0
1000	2	 1 0 1 1 1 0 0 0 1 0 0 1 1 1 1 0 1 0 0 0
1000	2	 1 0 1 1 1 0 0 0 1 0 0 0 0 0 1 0 0 0 0 0
1000	1	 1 1 0 1 1 1 1 0 1 0 0 0 0 0 1 0 0 0 0 0
1000	3	 1 1 1 1 1 1 0 0 1 0 0 1 1 0 0 0 0 1 0 0
1000	1	 1 1 1 1 0 0 0 0 0 0 0 1 1 1 1 0 0 1 0 0
1000	1	 1 1 1 1 1 0 0 0 1 0 0 1 1 1 1 1 0 0 1 0
1000	1	 0 1 1 1 1 0 0 1 1 0 0 1 0 1 0 0 0 0 0 0
1000	1	 0 1 1 1 1 0 0 1 1 0 0 1 1 1 0 0 0 1 0 0
1000	2	 1 1 1 1 0 1 0 1 1 0 0 1 1 1 1 0 1 1 0 0
1000	2	 0 1 1 1 0 1 0 0 1 0 0 0 1 0 1 0 0 0 0 0
