0	250	 0 0 0 1 0 0 0 0 1 0 0 1 0 0 0 1 1 0 1 0
0	250	 0 0 1 1 0 0 0 0 0 0 0 0 0 0 0 0 0 0 0 0
0	250	 0 0 1 0 1 0 0 0 0 1 0 1 0 0 0 0 0 0 0 0
0	250	 0 0 0 0 1 0 1 0 1 1 0 1 0 0 0 0 0 1 0 0
10	143	 0 0 0 1 0 0 0 0 1 0 0 1 0 0 0 1 1 0 1 0
10	148	 0 0 1 1 0 0 0 0 0 0 0 0 0 0 0 0 0 0 0 0
10	286	 0 0 1 0 1 0 0 0 0 1 0 1 0 0 0 0 0 0 0 0
10	186	 0 0 0 0 1 0 1 0 1 1 0 1 0 0 0 0 0 1 0 0
10	3	 0 0 1 0 1 0 1 0 1 1 0 1 0 0 0 0 0 1 0 0
10	12	 0 0 0 0 1 0 1 0 1 1 0 1 0 0 0 0 0 0 0 0
10	8	 0 0 0 1 0 0 0 0 1 0 1 1 0 0 0 1 1 0 1 0
10	7	 0 0 0 1 0 0 0 0 0 0 0 1 0 0 0 1 1 0 1 0
10	5	 0 0 1 0 1 0 0 0 0 1 0 1 0 0 1 0 0 0 0 0
10	1	 0 0 1 0 1 0 0 0 0 1 0 1 0 0 0 0 0 1 0 0
10	3	 0 0 0 1 0 0 0 0 1 0 0 1 0 0 0 1 1 1 1 0
10	13	 0 0 1 1 0 0 0 0 0 0 0 0 0 0 1 0 0 0 0 0
10	11	 0 0 1 0 1 1 0 0 0 1 0 1 0 0 0 0 0 0 0 0
10	2	 0 0 0 1 0 0 0 0 1 0 0 1 0 0 0 1 1 0 0 0
10	10	 0 0 0 0 1 1 1 0 1 1 0 1 0 0 0 0 0 1 0 0
10	1	 0 1 0 0 1 0 1 0 1 1 0 1 0 0 0 0 0 1 0 0
10	2	 0 0 1 1 0 0 1 0 1 1 0 1 0 0 0 0 0 1 0 0
10	7	 0 0 1 1 0 0 0 0 1 1 0 1 0 0 0 0 0 1 0 0
10	2	 0 0 1 0 0 0 0 0 1 0 0 1 0 0 0 1 1 0 1 0
10	5	 0 0 1 1 0 0 0 0 0 0 0 0 0 0 0 0 0 1 0 0
10	15	 0 0 1 0 1 0 0 0 1 1 0 1 0 0 0 0 0 0 0 0
10	5	 0 0 1 1 0 0 0 0 1 0 0 1 0 0 0 1 1 0 1 0
10	2	 0 0 0 0 1 0 0 0 1 0 0 1 0 0 0 1 1 0 1 0
10	2	 0 0 0 1 0 0 0 0 1 0 0 1 0 0 0 0 0 1 0 0
10	3	 0 0 0 1 0 0 0 0 1 0 0 1 0 0 1 1 1 0 1 0
10	2	 0 0 0 1 0 0 0 0 1 0 0 1 0 0 0 1 1 0 1 1
10	1	 0 0 0 1 0 0 0 0 1 0 0 0 0 0 0 1 1 0 1 0
10	1	 0 0 0 1 1 0 0 0 1 0 0 1 0 0 0 1 1 0 1 0
10	3	 0 0 0 0 1 0 1 0 1 1 0 1 0 0 1 0 0 1 0 0
10	4	 0 0 0 0 1 0 1 0 1 1 1 1 0 0 0 0 0 1 0 0
10	1	 0 0 0 0 1 0 1 0 1 1 0 0 0 0 0 0 0 1 0 0
10	3	 0 0 0 0 1 0 1 0 1 1 0 1 0 0 0 0 1 1 0 0
10	2	 0 0 0 1 0 0 0 0 1 0 0 1 1 0 0 1 1 0 1 0
10	11	 0 0 0 1 0 0 0 0 0 0 0 0 0 0 0 0 0 0 0 0
10	4	 0 0 0 0 1 0 1 0 1 1 0 1 0 0 0 0 0 1 1 0
10	3	 0 0 0 0 0 0 0 0 0 0 0 0 0 0 0 0 0 0 0 0
10	12	 0 0 1 0 1 0 0 0 0 1 0 1 0 0 0 0 0 0 1 0
10	3	 0 0 0 0 1 0 0 0 0 0 0 0 0 0 0 0 0 0 0 0
10	1	 0 0 0 1 0 0 0 0 0 0 0 1 0 0 0 0 0 0 0 0
10	2	 0 0 0 1 0 0 0 0 1 0 0 1 0 0 0 0 1 0 1 0
10	3	 1 0 0 1 0 0 0 0 1 0 0 1 0 0 0 1 1 0 1 0
10	5	 0 0 1 1 0 0 1 0 0 0 0 0 0 0 0 0 0 0 0 0
10	5	 0 0 0 0 1 0 1 0 1 1 0 1 0 1 0 0 0 1 0 0
10	3	 0 0 0 1 0 0 0 0 0 0 1 1 0 0 0 1 1 0 1 0
10	4	 0 0 1 0 1 0 0 0 1 1 1 1 0 0 0 0 0 1 0 0
10	1	 0 0 1 1 0 0 0 0 0 0 0 0 0 1 0 0 0 0 0 0
10	6	 1 0 1 0 1 0 0 0 0 1 0 1 0 0 0 0 0 0 0 0
10	2	 0 0 1 0 1 0 0 0 0 1 0 0 0 0 0 0 0 0 0 0
10	3	 0 0 0 0 1 1 0 0 0 1 0 1 0 0 0 0 0 0 0 0
10	4	 0 0 1 0 1 0 0 0 0 1 0 1 0 0 0 1 1 0 1 0
10	1	 0 0 0 1 0 0 0 0 1 1 0 1 0 0 0 1 1 0 1 0
10	2	 0 1 1 1 0 0 0 0 0 0 0 0 0 0 1 0 0 0 0 0
10	1	 0 0 1 0 1 1 0 0 0 1 0 1 0 0 0 0 0 0 1 0
10	2	 0 0 1 0 0 0 0 0 0 0 1 0 0 0 0 0 0 0 0 0
10	1	 0 0 0 1 0 0 0 0 1 0 0 1 0 0 0 0 0 0 0 0
10	2	 0 0 1 0 1 0 0 0 0 0 0 0 0 0 0 0 0 0 0 0
10	1	 0 0 0 0 1 1 1 0 1 1 0 1 0 0 0 0 1 0 1 0
10	1	 0 0 0 0 1 0 1 0 1 1 0 1 0 0 1 0 0 0 0 0
10	1	 0 0 1 1 0 0 0 0 0 0 0 0 1 0 0 0 0 0 0 0
10	2	 0 0 1 1 0 0 0 0 0 0 1 0 0 0 0 0 0 0 0 0
10	3	 0 1 1 1 0 0 0 0 0 0 0 0 0 0 0 0 0 0 0 0
10	1	 0 0 1 0 1 0 0 0 0 1 0 1 0 0 0 1 0 0 0 0
10	3	 0 0 1 0 1 0 0 0 0 1 0 1 1 0 0 0 0 0 0 0
10	1	 0 0 1 0 1 0 0 0 0 1 0 1 0 1 0 0 0 0 0 0
10	1	 0 0 1 0 1 0 0 0 0 1 0 1 0 0 0 0 0 0 0 1
10	2	 0 0 1 0 1 0 0 0 0 1 0 1 0 0 0 0 1 0 0 0
10	1	 0 0 1 0 1 0 0 0 0 1 1 1 0 0 0 0 0 0 0 0
10	1	 0 0 0 0 1 0 1 0 1 1 0 1 0 0 0 0 0 1 0 1
10	2	 0 0 1 0 1 0 1 0 0 1 0 0 0 0 0 0 0 0 0 0
25	33	 0 0 0 1 0 0 0 0 1 0 0 1 0 0 0 1 1 0 1 0
25	117	 0 0 1 1 0 0 0 0 0 0 0 0 0 0 0 0 0 0 0 0
25	283	 0 0 1 0 1 0 0 0 0 1 0 1 0 0 0 0 0 0 0 0
25	51	 0 0 0 0 1 0 1 0 1 1 0 1 0 0 0 0 0 1 0 0
25	16	 0 0 1 0 1 0 1 0 1 1 0 1 0 0 0 0 0 1 0 0
25	24	 0 0 0 0 1 0 1 0 1 1 0 1 0 0 0 0 0 0 0 0
25	50	 0 0 0 1 0 0 0 0 1 0 1 1 0 0 0 1 1 0 1 0
25	4	 0 0 1 0 1 0 0 0 0 1 0 1 0 0 1 0 0 0 0 0
25	4	 0 0 1 0 1 0 0 0 0 1 0 1 0 0 0 0 0 1 0 0
25	1	 0 0 0 1 0 0 0 0 1 0 0 1 0 0 0 1 1 1 1 0
25	16	 0 0 1 1 0 0 0 0 0 0 0 0 0 0 1 0 0 0 0 0
25	9	 0 0 1 1 0 0 0 0 1 1 0 1 0 0 0 0 0 1 0 0
25	8	 0 0 1 1 0 0 0 0 0 0 0 0 0 0 0 0 0 1 0 0
25	41	 0 0 1 0 1 0 0 0 1 1 0 1 0 0 0 0 0 0 0 0
25	3	 0 0 1 1 0 0 0 0 1 0 0 1 0 0 0 1 1 0 1 0
25	5	 0 0 0 0 1 0 1 0 1 1 1 1 0 0 0 0 0 1 0 0
25	11	 0 0 0 0 1 0 1 0 1 1 0 0 0 0 0 0 0 1 0 0
25	1	 0 0 0 1 0 0 0 0 1 0 0 1 1 0 0 1 1 0 1 0
25	9	 0 0 0 1 0 0 0 0 0 0 0 0 0 0 0 0 0 0 0 0
25	6	 0 0 0 0 1 0 1 0 1 1 0 1 0 0 0 0 0 1 1 0
25	2	 0 0 1 0 1 0 0 0 0 1 0 1 0 0 0 0 0 0 1 0
25	3	 0 0 0 0 1 0 1 0 1 1 0 1 0 1 0 0 0 1 0 0
25	21	 1 0 1 0 1 0 0 0 0 1 0 1 0 0 0 0 0 0 0 0
25	26	 0 0 1 0 1 0 0 0 0 1 0 1 0 0 0 1 1 0 1 0
25	1	 0 0 1 1 0 0 0 0 0 0 0 0 1 0 0 0 0 0 0 0
25	7	 0 0 1 0 1 0 0 0 0 1 0 1 1 0 0 0 0 0 0 0
25	14	 0 0 1 0 1 0 0 0 0 1 0 1 0 0 0 0 1 0 0 0
25	8	 0 0 0 1 0 0 0 0 1 1 0 1 0 0 0 0 0 1 0 0
25	12	 0 0 1 0 1 0 0 1 0 1 0 1 0 0 0 0 0 0 0 0
25	18	 0 0 1 1 1 0 0 0 0 1 0 1 0 0 0 0 0 0 0 0
25	22	 0 0 0 0 1 0 0 0 0 1 0 1 0 0 0 0 0 0 0 0
25	3	 0 0 1 1 0 0 0 0 0 0 0 1 0 0 0 1 1 0 1 0
25	14	 0 0 1 1 0 0 0 0 0 1 0 1 0 0 0 0 0 0 0 0
25	18	 0 0 1 1 0 0 0 0 0 0 0 1 0 0 0 0 0 0 0 0
25	5	 0 1 1 1 0 0 1 0 1 1 0 1 0 0 0 0 0 1 0 0
25	2	 0 0 0 1 0 0 0 0 1 0 0 1 0 0 0 0 0 1 0 0
25	10	 0 0 1 1 0 0 0 0 0 0 0 0 0 0 1 0 0 0 1 0
25	6	 0 0 1 1 0 0 0 0 1 1 0 1 0 0 0 0 0 0 0 0
25	4	 0 0 1 0 1 0 1 0 1 1 0 0 0 0 0 0 0 1 0 0
25	1	 0 0 0 1 0 0 0 0 1 0 0 0 0 0 0 1 1 0 1 0
25	4	 0 0 1 1 0 0 1 0 0 0 0 0 0 0 0 0 0 0 0 0
25	1	 0 0 0 0 1 0 1 0 1 1 0 1 0 0 0 0 1 1 0 0
25	2	 0 0 1 1 0 0 0 0 0 0 0 0 0 0 0 0 0 0 1 0
25	3	 1 0 1 0 1 0 0 0 0 1 0 1 0 1 0 0 0 0 0 0
25	10	 0 0 0 1 0 0 0 0 1 0 1 1 0 0 0 1 0 0 0 0
25	3	 0 0 1 1 0 0 0 0 0 0 0 0 0 1 0 0 0 0 0 0
25	2	 0 0 0 1 0 0 0 0 0 0 0 0 0 0 0 0 0 1 0 0
25	5	 0 0 1 1 0 0 0 0 0 1 0 0 0 0 0 0 0 0 1 0
25	6	 0 0 0 1 1 0 1 0 1 1 0 1 0 0 0 0 0 1 0 0
25	1	 0 0 0 1 0 0 0 0 1 0 0 1 0 0 0 1 1 0 0 0
25	3	 0 0 1 1 1 0 0 0 0 0 0 0 0 0 0 0 0 0 0 0
25	3	 0 0 1 0 1 1 0 0 0 1 0 1 0 0 0 0 0 0 0 0
25	1	 0 0 0 0 1 0 1 0 1 1 0 1 0 0 1 0 0 1 0 0
25	1	 0 0 1 1 0 1 0 0 0 1 0 0 0 0 0 0 0 0 1 0
25	2	 0 0 1 0 1 0 0 0 0 1 0 1 0 1 0 0 0 0 0 0
25	1	 0 0 1 0 1 0 0 1 0 1 0 1 0 0 0 1 1 0 1 0
25	3	 0 0 0 1 0 0 0 1 1 1 0 1 0 0 0 0 0 1 0 0
25	1	 0 0 1 1 1 0 0 0 0 1 0 1 0 0 0 0 0 1 0 0
25	1	 0 0 1 0 1 0 0 0 0 1 0 0 0 0 0 0 0 0 0 0
25	4	 0 1 1 1 0 0 0 0 0 0 0 0 0 0 0 0 0 1 0 0
25	1	 0 0 1 1 0 0 0 0 0 0 0 0 0 0 0 0 0 0 0 1
25	3	 0 0 0 0 1 0 1 0 1 1 0 1 0 0 0 0 0 1 0 1
25	1	 0 0 1 0 1 1 0 0 0 1 0 1 0 0 0 1 1 0 1 0
25	6	 0 0 0 0 1 0 0 0 0 1 0 1 0 0 0 0 1 0 0 0
25	1	 0 0 0 0 1 0 1 0 0 0 0 0 0 0 0 0 0 0 0 0
25	3	 0 0 0 1 0 0 0 0 1 0 1 1 1 0 0 1 1 0 1 0
25	1	 1 0 1 0 1 0 0 1 0 1 0 1 0 0 0 0 0 0 0 0
25	4	 0 0 1 0 1 0 1 0 1 1 0 1 0 0 0 0 0 0 0 0
25	3	 0 0 1 0 1 0 0 0 0 1 0 1 0 0 0 1 0 0 0 0
25	3	 0 0 0 1 0 0 0 0 0 0 0 1 0 0 0 0 0 0 0 0
25	7	 0 0 1 1 0 0 0 1 0 0 0 1 0 0 0 0 0 0 0 0
25	1	 0 0 0 1 0 0 1 0 1 1 0 1 0 0 0 0 0 1 0 0
25	2	 0 0 0 1 0 0 0 0 0 1 0 1 0 0 0 0 0 0 0 0
25	1	 0 0 0 1 0 0 0 0 1 0 0 1 0 0 0 0 0 0 0 0
25	1	 0 0 0 0 1 0 1 0 1 0 0 0 0 0 0 0 0 0 0 0
25	3	 0 0 1 0 0 0 0 0 0 0 0 0 0 0 0 0 0 0 0 0
25	1	 0 0 0 0 1 0 1 0 1 1 0 1 0 0 0 1 0 1 0 0
25	2	 0 0 0 0 1 0 1 0 1 1 1 1 0 0 0 0 0 0 0 0
25	4	 0 1 0 1 0 0 0 0 1 0 1 1 0 0 0 1 1 0 1 0
25	1	 0 0 0 0 1 0 1 0 1 1 0 0 0 0 0 1 0 1 0 0
25	2	 1 0 1 1 1 0 0 0 0 1 0 1 0 0 0 0 0 0 0 0
25	1	 0 0 1 1 1 0 0 0 0 1 0 1 0 0 0 1 0 1 0 0
25	2	 0 1 1 0 1 0 0 0 0 1 1 1 0 0 0 0 1 0 0 0
70	13	 0 0 1 1 0 0 0 0 0 0 0 0 0 0 0 0 0 0 0 0
70	113	 0 0 1 0 1 0 0 0 0 1 0 1 0 0 0 0 0 0 0 0
70	4	 0 0 0 1 0 0 0 0 1 0 1 1 0 0 0 1 1 0 1 0
70	3	 0 0 1 0 1 0 0 0 0 1 0 1 0 0 1 0 0 0 0 0
70	1	 0 0 1 0 1 0 0 0 0 1 0 1 0 0 0 0 0 1 0 0
70	34	 0 0 1 0 1 0 0 0 1 1 0 1 0 0 0 0 0 0 0 0
70	36	 0 0 1 0 1 0 0 0 0 1 0 1 0 0 0 0 1 0 0 0
70	6	 0 0 1 0 1 0 0 1 0 1 0 1 0 0 0 0 0 0 0 0
70	51	 0 0 1 1 1 0 0 0 0 1 0 1 0 0 0 0 0 0 0 0
70	5	 0 0 0 0 1 0 0 0 0 1 0 1 0 0 0 0 0 0 0 0
70	65	 0 0 1 1 0 0 0 0 0 1 0 1 0 0 0 0 0 0 0 0
70	6	 0 0 1 1 0 0 0 0 0 0 0 1 0 0 0 0 0 0 0 0
70	53	 0 0 1 1 0 0 0 0 0 1 0 0 0 0 0 0 0 0 1 0
70	8	 0 0 1 0 1 0 1 0 1 1 0 1 0 0 0 0 0 0 0 0
70	42	 0 1 1 0 1 0 0 0 0 1 0 1 0 0 0 0 0 0 0 0
70	25	 1 0 0 1 0 0 0 0 1 0 1 1 0 0 0 1 1 0 1 0
70	18	 0 0 1 0 1 0 0 0 1 1 1 1 0 0 0 0 0 0 0 0
70	36	 1 1 1 0 1 0 0 0 0 1 0 1 0 0 0 0 0 0 0 0
70	80	 0 0 1 1 0 0 0 0 1 1 1 1 0 0 0 0 0 0 0 0
70	4	 0 1 1 1 1 0 0 0 0 1 0 1 0 0 0 0 0 0 0 0
70	2	 0 0 1 0 0 0 0 0 0 1 0 1 0 0 0 0 0 0 0 0
70	1	 0 0 0 0 1 0 1 0 1 1 1 1 0 0 0 0 0 1 1 0
70	10	 1 1 1 1 0 0 0 0 0 1 0 1 0 0 0 0 0 0 0 0
70	29	 0 0 1 1 0 0 0 1 1 1 0 1 0 0 0 0 0 0 0 0
70	2	 0 0 1 0 1 0 0 0 0 1 0 1 1 0 0 0 0 0 0 0
70	6	 0 0 0 1 0 0 0 0 1 1 0 1 0 0 0 0 0 0 0 0
70	2	 0 0 0 0 1 0 0 0 1 1 1 1 0 0 0 0 0 0 0 0
70	8	 0 0 1 1 1 0 0 0 1 1 0 1 0 0 0 0 0 0 0 0
70	2	 0 0 1 0 1 0 0 0 0 1 1 1 0 0 0 0 0 0 0 0
70	15	 0 1 1 0 1 0 0 0 0 1 0 1 0 0 1 0 0 0 0 0
70	17	 0 0 1 0 1 1 0 0 0 1 0 1 0 0 0 1 0 0 0 0
70	4	 0 0 0 1 1 0 0 0 0 1 0 1 0 0 0 0 0 0 0 0
70	10	 0 1 0 0 1 0 0 0 0 1 0 1 0 0 0 0 0 0 0 0
70	5	 0 1 1 1 0 0 0 0 0 0 0 0 0 0 0 0 0 0 0 0
70	2	 0 0 1 1 1 0 0 0 0 1 1 1 0 0 0 0 0 0 0 0
70	33	 0 0 1 1 0 0 0 0 0 1 0 0 0 0 0 0 0 0 0 0
70	19	 0 0 0 0 1 0 0 0 0 1 0 1 0 0 0 0 0 1 0 0
70	4	 0 0 1 0 1 0 0 0 1 1 1 1 0 0 0 0 0 0 1 0
70	13	 0 0 1 1 0 0 0 0 1 1 1 1 0 0 0 0 0 0 1 0
70	1	 0 0 1 1 1 0 0 0 1 0 0 1 0 0 0 0 0 0 0 0
70	4	 0 1 1 1 1 0 0 0 1 1 0 1 0 0 0 0 0 0 0 0
70	18	 1 0 1 0 0 0 0 0 0 1 0 1 0 0 0 0 0 0 0 0
70	2	 0 0 1 0 0 0 0 0 1 1 0 1 0 0 0 0 0 1 0 0
70	2	 0 1 0 0 1 0 0 0 0 1 0 1 1 0 0 0 0 0 0 0
70	28	 0 0 1 1 0 0 0 0 1 1 1 1 0 0 0 0 1 0 0 0
70	1	 0 0 1 1 0 0 0 0 1 0 1 1 0 0 0 1 0 0 0 0
70	3	 0 0 1 0 0 0 0 0 1 1 0 1 0 0 0 0 0 0 0 0
70	4	 0 1 0 0 1 0 0 1 0 1 0 1 0 0 0 0 0 0 0 0
70	2	 0 0 0 0 1 0 0 0 0 1 1 1 0 0 0 0 0 0 0 0
70	8	 0 0 1 1 0 0 0 0 0 1 0 1 1 0 0 0 0 0 0 0
70	1	 0 0 1 1 0 0 0 0 1 1 1 1 0 1 0 0 0 0 0 0
70	1	 1 1 1 0 1 0 0 0 1 1 0 1 0 0 0 0 0 0 0 0
70	1	 0 0 0 1 0 0 0 0 1 1 0 1 0 0 0 0 1 1 0 0
70	1	 0 0 1 1 0 0 0 0 0 1 0 0 1 0 0 0 0 0 1 0
70	2	 0 1 1 0 1 0 0 0 1 1 0 1 0 0 0 0 0 0 0 0
70	1	 1 0 0 1 0 0 0 0 1 0 1 1 0 0 0 1 0 0 1 0
70	2	 0 0 1 0 1 0 1 0 1 1 0 1 0 0 0 0 0 0 1 0
70	13	 0 0 1 0 1 1 0 0 0 1 0 1 0 0 0 0 0 0 0 0
70	1	 0 0 1 0 1 0 0 0 0 1 0 0 0 0 0 0 0 0 0 0
70	5	 0 0 1 0 1 0 0 0 0 1 0 1 0 0 0 1 0 0 0 0
70	1	 0 0 1 0 0 0 1 0 1 1 0 1 0 0 0 0 0 0 0 0
70	6	 0 0 1 1 0 0 0 0 1 1 1 0 0 0 0 0 0 0 0 0
70	1	 0 1 0 0 1 0 0 0 0 1 0 1 1 1 0 0 0 0 0 0
70	4	 0 0 1 0 1 0 0 0 1 1 1 1 0 0 0 0 1 1 0 0
70	1	 0 1 1 1 1 1 0 0 0 1 0 1 0 0 0 1 0 0 0 0
70	5	 0 0 1 1 0 0 0 0 1 1 1 1 0 0 1 0 0 0 0 0
70	7	 0 0 1 1 1 0 0 0 0 1 0 0 0 0 0 0 0 0 0 0
70	6	 0 0 1 1 0 0 0 0 0 1 0 1 0 0 0 0 0 0 1 0
70	1	 0 0 1 1 0 0 0 0 1 1 0 1 0 0 0 0 0 0 0 0
70	3	 0 0 1 0 1 0 0 0 0 1 0 1 0 1 0 0 0 0 0 0
70	2	 0 0 1 1 0 0 0 1 1 0 0 1 0 0 0 0 0 0 0 0
70	2	 0 0 1 0 0 0 0 0 1 1 1 1 0 1 0 0 0 0 0 0
70	1	 0 0 1 1 0 0 0 1 1 1 0 0 0 0 0 0 0 0 0 0
70	6	 0 0 0 0 1 0 1 0 1 1 0 1 0 0 0 0 0 0 0 0
70	3	 1 0 1 0 0 0 0 0 1 1 0 1 0 0 0 0 1 1 0 0
70	3	 0 0 1 0 1 0 0 0 0 1 0 1 0 0 0 0 0 0 0 1
70	3	 0 0 1 1 0 0 0 0 0 1 0 0 0 0 0 0 0 1 1 0
70	1	 0 0 1 0 1 0 1 0 1 1 0 1 0 0 0 0 0 0 0 1
70	5	 1 1 0 0 1 0 0 0 0 1 0 1 0 0 0 0 0 0 0 0
70	5	 0 1 1 1 0 0 0 1 1 1 0 1 0 0 0 0 0 0 0 0
70	4	 0 0 1 0 1 0 0 0 0 1 0 0 1 0 0 0 1 0 0 0
70	1	 0 0 1 0 1 0 1 0 1 1 0 1 0 1 0 0 0 0 1 0
70	1	 0 0 1 0 1 0 0 0 0 1 0 1 0 1 0 0 0 0 1 0
70	1	 0 0 1 0 1 0 0 1 0 1 0 1 0 0 0 0 1 0 0 0
70	1	 0 0 1 0 1 0 0 0 0 1 0 0 0 0 0 0 0 0 1 0
70	1	 0 0 1 1 1 0 0 0 0 1 0 1 0 1 0 0 0 0 0 0
70	3	 0 0 1 0 1 0 1 0 0 1 0 1 0 0 0 0 0 0 0 0
70	1	 0 1 1 1 1 0 0 0 0 1 0 0 0 0 0 0 0 0 0 0
70	1	 0 0 1 0 1 1 0 0 0 1 0 1 1 0 0 1 0 0 0 0
70	1	 1 0 1 1 0 0 0 0 0 1 0 0 0 0 0 0 0 0 0 0
70	1	 0 0 1 1 1 1 0 0 0 1 0 0 0 0 0 0 0 0 0 0
70	2	 0 0 1 0 1 0 0 0 0 1 0 0 0 1 0 0 0 0 0 0
70	2	 0 0 1 0 1 0 0 0 1 1 0 1 0 0 0 0 0 0 0 1
70	3	 0 1 1 0 1 0 0 0 0 1 0 1 0 0 0 1 1 0 1 0
70	1	 1 0 0 1 0 0 0 0 0 1 0 0 0 0 0 0 1 0 0 0
70	2	 0 0 1 0 1 0 0 0 1 0 0 0 0 0 0 0 0 0 0 0
70	2	 0 0 1 0 1 0 0 0 0 1 1 1 0 0 0 0 0 1 0 0
70	2	 0 1 0 0 0 0 0 1 1 1 0 1 0 0 0 0 0 0 0 0
70	1	 0 0 1 1 1 0 0 0 0 1 0 1 0 0 1 0 0 0 0 0
70	2	 0 0 0 0 1 0 1 0 1 1 0 0 0 0 0 0 0 0 0 0
70	2	 0 0 1 1 0 1 0 0 0 0 0 0 0 0 0 0 1 0 1 0
70	1	 0 1 1 1 0 0 0 0 0 1 0 0 0 0 0 0 0 0 1 0
70	4	 0 1 1 0 1 0 0 0 0 1 0 1 0 0 0 0 0 1 0 0
70	4	 1 1 1 0 0 0 0 0 0 1 0 1 0 0 0 0 0 0 0 0
70	1	 0 1 1 1 1 0 0 0 0 1 0 1 0 0 0 0 0 1 0 0
70	1	 0 0 1 1 0 0 0 0 1 1 0 1 0 0 0 0 0 0 1 0
135	5	 0 0 1 0 1 0 0 0 1 1 0 1 0 0 0 0 0 0 0 0
135	8	 0 0 1 1 1 0 0 0 0 1 0 1 0 0 0 0 0 0 0 0
135	72	 0 0 1 1 0 0 0 0 0 1 0 1 0 0 0 0 0 0 0 0
135	23	 0 1 1 0 1 0 0 0 0 1 0 1 0 0 0 0 0 0 0 0
135	73	 1 1 1 0 1 0 0 0 0 1 0 1 0 0 0 0 0 0 0 0
135	142	 0 0 1 1 0 0 0 0 1 1 1 1 0 0 0 0 0 0 0 0
135	22	 0 1 1 1 1 0 0 0 0 1 0 1 0 0 0 0 0 0 0 0
135	6	 0 0 1 1 0 0 0 0 0 1 0 0 0 0 0 0 0 0 0 0
135	34	 0 0 1 1 0 0 0 0 1 1 1 0 0 0 0 0 0 0 0 0
135	28	 0 0 1 1 0 0 0 0 1 1 0 1 0 0 0 0 0 0 0 0
135	13	 0 0 1 1 0 0 0 0 1 1 1 1 0 0 0 1 0 0 0 0
135	22	 0 0 1 1 0 1 0 0 1 1 1 1 0 0 0 0 0 0 0 0
135	26	 0 1 1 1 1 0 0 0 0 1 0 1 0 0 0 0 1 0 0 0
135	24	 0 0 1 0 0 0 0 0 1 1 1 1 1 0 0 0 0 0 0 0
135	5	 0 0 1 0 0 0 0 0 1 1 1 1 0 0 0 0 1 0 0 0
135	7	 0 0 1 1 0 0 0 0 1 1 0 1 0 0 0 0 0 0 1 0
135	17	 1 0 1 1 0 0 1 0 1 1 1 1 0 0 0 0 0 0 0 0
135	12	 1 1 1 0 0 0 0 0 1 1 0 1 0 0 0 0 0 0 0 0
135	7	 1 0 1 1 0 0 0 0 1 1 0 1 0 0 0 0 0 0 0 0
135	17	 0 0 1 1 0 0 0 0 1 1 1 1 1 0 0 0 0 0 0 0
135	10	 0 0 1 0 1 0 0 0 0 1 0 0 0 0 0 0 0 0 0 0
135	18	 0 0 1 1 0 0 0 0 1 1 0 1 0 0 0 0 0 1 0 0
135	11	 0 0 1 1 0 0 0 0 0 1 1 1 0 0 0 0 0 0 0 0
135	14	 0 1 1 1 0 0 0 0 1 1 1 1 0 0 0 0 0 0 0 0
135	2	 1 1 1 1 1 0 0 0 0 1 0 1 0 0 0 0 0 1 1 0
135	3	 1 1 1 0 1 0 0 0 1 1 1 0 0 0 0 0 0 0 0 0
135	9	 1 1 1 0 1 0 0 0 0 1 0 0 0 0 0 0 0 0 0 0
135	1	 0 0 1 1 0 0 0 0 0 1 0 0 0 0 1 0 0 0 1 0
135	8	 0 0 1 1 0 0 0 0 1 1 1 1 0 1 0 0 0 0 0 0
135	3	 0 0 1 1 0 0 0 0 0 1 0 0 0 0 0 0 1 0 0 0
135	1	 0 1 1 1 1 0 0 1 1 1 0 1 0 0 0 0 0 0 1 0
135	13	 0 0 1 1 0 0 0 1 1 1 1 1 0 0 0 0 0 0 0 0
135	4	 0 0 1 1 0 0 0 0 1 1 0 0 0 0 0 0 0 0 0 0
135	10	 0 0 1 1 0 0 0 0 1 1 0 1 0 1 0 0 0 0 0 0
135	18	 1 0 1 1 0 1 0 0 1 1 1 1 0 0 0 0 0 0 0 0
135	10	 0 1 1 1 0 0 0 1 1 1 0 1 0 0 0 0 0 1 0 0
135	4	 1 1 1 0 1 0 0 0 0 1 0 1 1 0 0 0 0 0 0 1
135	1	 1 0 0 1 0 0 0 0 1 1 1 1 0 0 0 0 0 0 0 0
135	21	 0 0 1 1 0 1 1 0 0 1 1 0 0 0 0 0 0 0 0 0
135	12	 1 1 1 0 1 0 0 0 0 1 1 1 0 0 0 0 0 0 0 0
135	3	 0 0 1 1 0 0 1 0 1 1 1 1 0 0 0 0 0 0 0 0
135	2	 1 0 1 0 1 0 0 0 0 1 0 1 1 0 0 0 0 0 0 0
135	5	 1 1 1 0 0 0 0 0 1 1 0 1 0 0 0 1 0 0 0 0
135	8	 0 0 1 1 1 1 0 0 0 1 0 1 0 0 0 0 0 0 0 0
135	10	 0 0 1 1 0 1 0 0 1 1 1 0 0 0 0 0 0 0 0 0
135	6	 0 0 1 1 0 0 0 0 0 1 1 1 0 0 0 0 0 0 0 1
135	12	 0 0 1 1 0 0 0 0 1 1 1 0 0 1 0 0 0 0 0 0
135	6	 1 0 1 1 1 0 0 1 0 1 0 0 0 0 0 0 0 0 0 0
135	13	 0 1 1 1 1 0 0 0 0 1 0 1 0 0 0 0 0 1 1 0
135	6	 0 0 1 0 0 0 0 0 1 1 1 1 0 0 0 0 0 0 0 0
135	2	 0 0 1 1 0 1 1 0 1 1 0 0 0 0 0 0 0 0 0 0
135	5	 0 0 1 1 0 0 0 0 0 1 0 1 0 0 1 0 0 0 0 0
135	7	 0 0 1 1 1 0 0 0 1 1 1 1 0 0 0 0 0 0 0 0
135	6	 0 0 1 1 0 0 0 0 0 1 0 1 0 1 0 0 0 0 0 0
135	28	 0 1 1 1 0 0 0 0 1 1 0 1 0 0 0 0 0 0 0 0
135	12	 0 0 1 1 0 1 0 0 1 0 1 1 0 0 0 0 0 0 0 0
135	6	 0 1 1 1 0 0 1 0 1 1 1 1 0 0 0 0 0 0 0 0
135	1	 0 0 1 0 1 0 0 0 0 1 0 0 0 0 0 0 0 0 1 0
135	5	 1 1 1 1 1 0 0 0 1 1 0 1 0 0 0 0 0 1 1 0
135	4	 0 1 1 1 0 0 0 0 1 1 1 1 1 0 0 0 0 0 0 0
135	3	 0 0 1 1 0 0 0 0 1 1 1 1 0 0 0 0 1 0 0 0
135	2	 0 0 1 1 0 0 0 0 0 1 0 1 0 0 0 0 1 0 0 0
135	3	 0 1 1 1 0 1 0 0 1 1 1 1 0 0 0 0 0 0 0 0
135	5	 0 0 1 0 0 1 0 0 1 1 1 1 0 0 0 0 0 0 0 0
135	5	 0 0 1 1 0 0 0 1 1 1 1 1 0 0 1 0 0 0 0 0
135	4	 0 0 1 0 0 1 0 0 1 1 1 0 0 0 0 0 0 0 0 0
135	3	 0 0 1 1 1 0 1 0 0 1 0 1 0 0 0 0 0 0 0 0
135	7	 0 0 1 0 0 0 0 0 1 1 0 1 0 0 0 0 0 0 0 0
135	1	 0 0 1 1 0 1 0 0 0 1 0 1 0 0 0 0 0 0 0 0
135	5	 1 1 1 0 1 0 0 0 0 1 0 1 0 0 0 1 0 0 0 0
135	3	 1 1 1 0 1 0 0 0 1 1 1 0 0 0 0 0 0 0 0 1
135	1	 1 0 1 1 0 1 1 0 0 1 1 0 0 0 0 0 0 0 0 0
135	3	 1 1 1 0 0 0 0 0 0 1 0 1 0 0 0 0 0 0 0 0
135	1	 0 1 1 0 1 0 0 0 1 1 1 1 0 0 1 0 0 0 0 0
135	2	 0 0 1 1 0 0 0 0 1 1 1 0 0 0 0 0 0 0 0 1
135	4	 1 0 1 1 0 1 1 0 1 1 1 1 0 0 0 0 0 0 0 0
135	3	 0 0 1 1 0 0 0 0 1 0 1 1 1 0 0 0 0 0 0 0
135	1	 0 0 1 1 0 0 0 0 1 1 0 0 0 0 0 0 1 0 0 0
135	1	 0 1 0 1 0 0 0 0 1 1 0 1 0 0 0 0 0 0 0 0
135	1	 1 1 1 0 1 0 1 0 0 1 0 1 0 0 0 0 0 0 0 0
135	6	 0 1 1 1 1 0 0 0 0 1 1 1 0 0 0 0 1 0 0 0
135	5	 0 1 1 1 0 0 0 0 0 1 0 1 0 0 0 0 1 0 0 0
135	1	 0 0 1 1 0 0 0 0 1 1 0 0 0 0 0 1 0 0 0 0
135	8	 1 1 1 0 1 0 0 0 1 1 1 1 0 0 0 0 0 0 0 0
135	2	 0 0 1 1 1 0 0 1 1 1 0 1 0 0 0 0 0 0 0 0
135	2	 0 1 1 1 0 0 0 0 0 1 0 1 0 0 0 0 0 0 0 0
135	1	 0 0 1 1 0 1 0 0 1 1 0 1 0 0 0 0 0 0 1 0
135	5	 0 0 1 1 0 1 0 0 1 1 1 0 0 0 0 1 0 0 0 0
135	2	 0 0 1 1 0 0 0 0 1 1 1 1 0 0 0 0 0 0 0 1
135	2	 0 1 1 1 1 0 0 0 0 1 1 1 0 0 0 0 0 0 0 0
135	1	 1 1 1 1 1 0 0 0 1 1 1 1 0 0 0 0 0 0 0 0
135	2	 0 0 1 1 0 0 0 1 0 1 0 1 0 0 0 0 0 0 0 0
135	1	 1 0 1 1 0 1 0 0 1 1 0 1 0 0 0 0 0 0 0 0
135	3	 0 0 1 0 0 0 1 0 1 1 1 1 1 0 0 0 0 0 0 0
135	1	 0 1 1 1 0 0 0 0 0 1 1 1 0 0 0 0 0 0 0 0
135	1	 0 1 1 1 0 0 0 0 1 1 1 0 0 0 0 0 0 0 0 0
135	3	 1 1 1 0 0 0 0 0 0 1 0 0 0 0 0 0 0 0 0 0
135	1	 0 1 0 1 0 0 0 1 1 1 0 1 0 0 0 0 0 1 0 0
135	1	 1 1 1 1 1 0 0 0 0 1 1 1 0 0 0 0 0 0 0 0
135	1	 1 0 1 1 0 0 0 0 0 1 0 1 0 0 0 0 0 0 0 0
135	1	 0 0 1 0 0 0 0 0 1 1 1 1 1 0 0 0 0 0 1 0
135	1	 0 0 1 0 0 0 0 0 1 0 1 1 0 0 0 0 1 0 0 0
135	1	 1 0 1 1 0 0 1 0 0 1 1 1 0 0 0 0 0 0 0 0
135	1	 1 0 1 1 0 0 0 0 1 1 1 1 1 0 0 0 0 0 0 0
135	1	 0 0 1 0 0 0 0 0 0 1 0 0 0 0 0 0 1 0 0 0
135	1	 0 0 1 1 0 1 0 1 1 1 1 1 0 0 0 0 0 0 0 0
135	1	 0 0 1 1 0 0 0 1 1 1 0 1 0 1 0 0 0 0 0 0
135	3	 1 0 1 1 1 0 0 0 0 1 0 0 0 0 0 0 0 0 0 0
250	27	 1 1 1 0 1 0 0 0 1 1 1 1 0 0 0 0 0 0 0 0
250	27	 1 1 1 0 1 0 0 0 0 1 1 1 0 1 0 0 0 0 0 0
250	50	 1 0 1 1 0 0 0 0 1 1 1 1 0 0 0 0 0 0 0 0
250	13	 0 1 1 1 0 0 0 0 1 1 1 1 0 0 0 0 0 0 1 0
250	36	 1 1 1 1 0 0 0 0 1 1 1 1 0 0 0 0 0 0 0 0
250	5	 1 1 1 1 1 0 0 1 0 1 0 1 0 0 0 0 0 1 0 0
250	17	 0 0 1 1 0 1 1 0 1 1 1 1 0 0 0 0 0 0 0 0
250	8	 1 1 1 1 0 0 1 0 1 1 1 1 0 0 0 0 0 0 0 0
250	9	 1 1 1 0 1 0 0 0 1 1 1 1 0 1 0 0 0 0 0 0
250	55	 1 1 1 1 0 0 0 0 0 1 1 1 0 0 0 0 0 0 0 0
250	5	 1 1 1 1 0 0 0 0 1 1 1 1 0 0 0 1 0 0 0 0
250	2	 1 1 1 0 1 0 1 0 0 1 1 0 0 0 0 0 0 0 0 0
250	5	 0 0 1 1 1 0 0 0 0 1 1 1 0 0 0 0 1 0 0 0
250	5	 1 1 0 0 0 0 1 0 0 1 1 1 0 0 0 0 0 0 0 0
250	5	 1 1 1 1 0 0 1 1 0 1 1 0 0 1 0 0 0 0 0 0
250	8	 1 1 1 1 1 0 0 0 1 1 0 1 1 0 0 0 0 1 0 0
250	8	 1 0 1 1 0 0 0 0 1 1 1 1 0 0 0 1 0 0 0 0
250	4	 1 0 1 1 0 0 0 0 0 1 1 1 0 1 0 0 0 0 0 0
250	19	 1 1 1 1 0 0 0 0 0 1 0 1 0 0 0 0 0 0 0 0
250	21	 1 1 1 0 1 0 0 1 0 1 0 1 0 0 0 0 0 1 0 0
250	7	 1 1 1 1 0 0 0 0 1 1 1 1 1 0 0 1 0 1 0 0
250	4	 1 1 1 1 0 0 0 0 1 1 1 0 0 0 0 1 0 0 0 0
250	34	 1 1 1 1 1 0 0 0 1 1 1 1 0 0 0 0 0 0 0 0
250	3	 0 0 1 0 1 0 0 0 1 1 1 1 0 0 0 0 0 0 0 0
250	4	 1 0 1 1 0 0 0 0 1 1 1 1 1 0 0 0 0 0 0 0
250	5	 0 1 1 0 1 0 0 0 1 1 1 1 1 0 0 0 0 0 0 0
250	3	 0 0 1 1 0 1 1 0 0 1 1 1 1 0 0 0 0 1 0 0
250	14	 0 0 1 1 0 1 1 0 0 1 1 1 0 0 0 0 0 0 0 1
250	64	 1 1 1 1 0 0 1 1 0 1 1 1 0 1 0 0 0 0 0 0
250	5	 1 1 1 0 0 0 0 0 0 1 1 1 1 0 0 0 1 0 0 0
250	4	 1 1 1 1 1 0 0 0 1 1 1 1 1 0 0 0 0 0 0 0
250	22	 1 1 1 1 1 0 1 0 0 1 0 1 0 0 0 0 0 0 0 0
250	6	 0 1 1 0 1 0 0 0 1 1 1 1 0 0 0 0 0 0 0 0
250	5	 1 1 1 1 0 0 0 0 1 1 0 1 1 0 0 1 0 1 0 0
250	12	 0 0 1 1 1 0 0 0 1 1 1 1 0 0 0 0 0 0 0 0
250	13	 1 1 1 1 1 0 0 0 1 1 1 1 0 0 0 0 1 0 0 0
250	2	 1 0 1 1 1 0 0 0 1 1 1 1 0 0 0 0 0 0 0 0
250	5	 0 0 1 1 1 0 0 0 0 1 1 1 0 0 0 1 1 0 0 0
250	6	 0 1 1 1 0 0 0 0 1 1 1 1 1 0 0 0 0 0 0 1
250	3	 1 1 1 1 1 0 0 1 1 1 0 1 1 0 0 0 0 0 0 0
250	28	 1 1 1 1 1 1 1 0 1 1 1 1 1 0 0 0 0 0 0 0
250	23	 1 0 1 0 0 0 0 0 1 1 1 1 0 0 0 0 0 0 0 0
250	9	 1 1 1 1 0 0 1 1 0 1 1 0 0 0 0 0 0 0 0 0
250	8	 1 1 0 1 1 0 0 0 1 1 0 1 1 0 0 0 0 0 0 0
250	7	 1 0 1 1 0 0 0 0 1 1 1 0 0 0 0 0 0 0 0 0
250	8	 1 1 1 1 0 0 1 1 0 1 1 1 0 0 0 0 0 0 0 0
250	4	 1 0 1 1 0 1 0 0 1 1 1 1 0 0 0 0 0 0 0 0
250	3	 1 1 1 1 0 0 0 0 0 1 1 1 0 0 0 0 0 0 0 1
250	1	 1 1 0 1 0 0 1 0 0 1 1 0 0 1 0 0 0 0 0 0
250	15	 0 0 1 1 0 1 1 0 1 1 1 1 0 1 0 0 0 0 0 0
250	3	 1 1 1 1 1 1 1 1 0 1 1 0 0 1 0 0 0 0 0 0
250	4	 1 1 1 0 1 0 0 0 0 1 0 1 0 0 0 0 1 0 0 0
250	5	 1 1 1 0 1 0 0 0 1 1 1 1 0 0 0 1 0 0 0 0
250	8	 1 1 1 1 1 0 0 0 1 1 1 1 0 0 1 0 0 0 0 0
250	5	 0 0 1 1 1 0 0 0 0 1 0 1 0 0 0 0 1 0 0 0
250	3	 0 1 1 1 0 0 0 1 0 1 0 1 1 0 0 0 0 0 0 1
250	2	 1 1 0 1 0 0 0 0 1 1 1 1 0 0 0 0 0 0 0 0
250	4	 0 0 1 1 1 0 0 0 1 1 1 1 0 1 0 0 0 0 0 0
250	4	 1 1 1 1 0 0 0 0 1 1 1 1 1 0 0 0 0 0 1 0
250	5	 1 1 1 0 1 0 0 0 0 1 1 1 0 0 0 0 0 0 0 0
250	3	 0 1 1 0 1 0 0 0 0 1 1 1 0 1 0 0 0 0 0 0
250	19	 1 1 1 1 0 0 0 0 1 1 1 1 1 0 0 0 0 0 0 0
250	10	 1 1 1 1 0 0 0 0 1 1 1 1 0 0 0 0 0 1 0 0
250	7	 1 1 1 1 0 0 1 1 0 0 1 1 0 1 0 0 0 0 0 0
250	3	 1 0 1 1 0 0 0 0 1 1 0 1 0 0 0 0 0 1 0 0
250	21	 0 0 1 1 1 0 0 0 1 1 1 1 0 0 1 0 0 0 0 0
250	3	 0 0 1 0 1 0 1 0 0 1 1 0 0 1 0 0 0 0 0 0
250	4	 1 1 1 1 0 0 0 0 1 1 1 0 0 0 1 0 0 0 0 0
250	2	 1 0 1 1 0 0 0 0 1 1 0 1 0 0 0 0 1 0 0 0
250	5	 1 0 1 1 0 0 1 1 0 1 1 1 0 0 0 0 0 0 0 0
250	3	 1 1 1 0 1 0 0 0 1 1 1 1 1 1 0 0 1 0 0 0
250	5	 1 1 1 1 1 1 1 1 1 1 1 1 1 0 0 0 0 0 0 0
250	3	 0 1 1 0 1 0 0 0 1 1 1 1 1 0 0 1 0 0 0 0
250	3	 1 1 1 1 1 0 0 0 1 1 1 1 1 0 0 0 0 1 0 0
250	11	 0 1 1 0 0 0 0 0 1 1 0 1 0 0 0 0 0 0 0 0
250	1	 1 1 0 0 0 0 0 0 0 1 1 1 0 0 0 0 0 0 0 0
250	21	 0 1 1 0 1 0 0 0 1 1 0 1 1 0 0 0 0 0 0 0
250	5	 0 1 1 0 1 0 0 0 1 1 1 1 0 0 0 0 0 1 0 0
250	2	 1 1 1 1 1 0 0 0 0 1 1 1 0 0 0 0 0 0 0 0
250	1	 1 1 1 1 1 0 0 0 1 1 1 1 1 0 0 1 0 1 0 0
250	2	 1 1 1 1 0 0 0 1 1 1 0 1 1 0 0 1 0 1 0 0
250	2	 0 0 1 1 0 1 1 1 0 1 1 1 0 1 0 0 0 0 0 1
250	8	 0 0 1 1 0 1 1 0 1 1 1 1 0 0 0 0 1 0 0 0
250	3	 1 1 1 1 0 0 0 0 0 1 1 1 0 0 0 1 1 0 0 0
250	2	 1 1 0 0 0 0 1 0 0 1 1 1 1 0 0 0 0 0 0 0
250	2	 0 1 1 1 1 0 0 0 1 1 1 1 0 0 0 0 0 0 1 0
250	9	 1 0 1 1 0 0 0 0 0 1 1 1 0 0 0 0 0 0 0 0
250	1	 0 0 1 0 1 0 0 0 1 1 1 1 1 0 0 0 0 0 0 0
250	2	 1 1 1 1 1 0 1 0 0 1 1 1 0 0 0 0 0 0 0 0
250	6	 1 1 1 1 0 0 0 0 0 1 1 1 0 0 1 0 0 0 0 0
250	2	 1 1 1 1 0 0 0 0 0 1 0 0 0 0 0 0 0 0 0 0
250	12	 1 1 1 1 0 0 1 1 0 1 1 1 0 1 1 0 0 0 0 0
250	14	 1 1 1 1 0 0 1 1 0 1 1 1 1 1 0 0 0 0 0 0
250	5	 1 0 1 1 1 0 0 0 0 1 1 1 0 0 0 0 0 0 0 0
250	5	 1 1 1 1 1 1 1 0 1 0 1 1 1 0 0 0 0 0 0 0
250	5	 1 1 1 1 0 0 1 0 1 1 0 1 0 0 0 0 0 0 0 0
250	1	 1 1 1 1 1 0 0 1 1 1 1 0 0 0 0 1 0 0 0 0
250	3	 1 0 1 1 0 0 0 0 1 1 0 1 0 0 0 0 0 0 0 0
250	4	 0 1 1 1 0 0 0 0 1 1 1 1 0 0 0 0 0 0 0 0
250	4	 1 1 1 0 0 0 1 1 0 1 1 1 0 1 0 0 0 0 0 0
250	7	 1 1 1 0 1 0 0 0 0 1 1 1 1 0 0 0 1 0 0 0
250	8	 0 0 1 1 1 1 0 0 1 1 1 1 0 0 0 0 0 0 0 0
250	5	 1 1 1 0 0 0 0 0 0 1 0 1 0 0 0 0 1 0 0 0
250	1	 0 1 1 0 1 0 0 0 0 1 0 1 0 1 0 0 0 0 0 0
250	3	 1 1 1 0 0 0 0 0 1 1 1 1 0 0 0 0 0 0 0 0
250	1	 1 1 1 1 0 0 0 0 0 1 0 1 0 0 0 1 0 0 0 0
250	1	 1 1 1 1 0 0 1 1 0 1 0 1 0 1 0 0 0 0 0 0
250	1	 1 1 1 1 0 0 1 1 0 0 1 1 0 0 0 0 0 0 0 0
250	1	 0 0 1 1 0 1 1 0 1 1 1 1 1 0 0 0 0 1 0 0
250	3	 1 1 1 1 0 0 0 0 1 1 1 1 0 0 0 0 0 0 1 0
250	1	 0 1 1 1 1 0 0 0 1 1 1 1 0 0 0 0 0 1 0 0
250	1	 0 0 1 1 0 1 1 0 0 1 1 0 1 0 0 0 0 1 0 0
250	1	 1 1 1 1 1 0 1 1 0 1 1 1 0 0 0 0 0 0 0 0
250	1	 1 1 1 0 1 0 0 0 1 1 1 1 0 0 0 0 1 0 0 0
250	2	 0 0 1 1 0 1 1 0 0 1 0 1 0 1 0 0 0 0 0 0
250	3	 1 1 1 1 0 0 0 0 0 1 1 1 0 1 0 0 0 0 0 0
250	2	 0 0 1 1 0 0 0 0 1 1 1 1 1 0 0 0 0 0 0 0
250	4	 1 1 1 1 1 1 1 0 0 1 1 1 0 0 1 0 0 0 0 0
250	1	 1 1 1 1 0 0 1 1 1 1 1 1 0 0 0 0 0 1 0 0
250	3	 1 1 1 1 0 0 0 1 1 1 0 1 1 0 0 1 0 0 0 0
250	1	 1 0 0 1 0 0 0 0 1 1 1 1 0 0 0 0 0 0 0 0
250	1	 1 1 1 1 0 0 0 0 1 0 1 1 0 0 0 0 0 0 0 0
250	3	 1 1 1 1 0 0 1 0 0 1 1 0 0 1 0 0 0 0 0 0
250	2	 1 1 1 0 0 0 1 1 0 1 1 1 0 1 0 0 0 0 1 0
250	1	 0 0 1 1 1 0 0 0 1 1 1 1 1 0 0 1 0 1 0 0
250	1	 1 1 1 0 1 0 0 1 0 1 0 1 0 0 0 0 0 0 0 0
250	1	 0 1 1 0 0 0 0 0 1 0 1 1 0 0 0 0 0 0 0 0
250	1	 1 1 1 1 0 0 1 1 0 1 1 1 1 1 0 0 0 1 0 0
250	1	 1 0 1 1 0 0 0 0 1 0 1 1 0 0 0 0 0 0 0 0
250	2	 0 1 1 1 0 0 0 0 1 1 0 1 0 0 0 0 0 0 1 0
250	1	 1 1 1 1 0 0 0 0 0 1 0 1 0 0 1 0 0 0 0 0
250	5	 1 1 0 0 0 0 0 0 0 1 1 1 1 0 0 0 1 0 0 0
250	2	 1 1 1 0 0 0 0 0 1 1 1 1 1 0 0 0 1 0 0 0
250	1	 1 0 1 0 0 1 0 0 1 1 1 1 0 0 0 0 0 0 0 0
250	2	 0 0 1 0 1 0 0 0 1 1 1 1 0 0 1 0 0 0 0 0
250	1	 0 1 1 1 1 1 0 0 1 1 1 1 0 0 0 0 0 0 0 0
250	1	 0 0 1 1 0 1 1 0 0 1 0 1 0 0 0 0 0 0 0 0
400	17	 1 1 1 1 1 1 1 0 1 1 1 1 1 0 0 0 0 0 0 0
400	22	 1 1 1 1 0 0 1 1 0 1 1 1 0 0 0 0 0 0 0 0
400	6	 1 1 1 1 0 0 1 0 0 1 1 1 0 0 0 0 0 0 0 0
400	3	 1 1 1 1 1 0 0 0 1 1 1 0 0 1 0 0 0 0 0 0
400	6	 1 1 1 1 0 0 0 0 0 1 1 1 0 0 0 1 0 0 0 0
400	33	 1 1 1 1 0 1 1 1 0 1 1 1 0 0 0 1 0 0 0 0
400	39	 1 1 1 1 0 0 1 0 0 1 1 0 1 1 0 0 0 0 0 0
400	3	 1 1 1 1 1 1 1 0 1 1 1 1 0 1 0 0 0 0 1 0
400	24	 1 1 1 1 1 0 0 0 0 1 0 0 0 0 0 0 0 0 0 0
400	13	 1 1 1 1 0 0 1 1 0 1 0 0 0 1 0 0 0 0 0 0
400	30	 1 1 1 1 0 1 1 1 0 1 1 1 0 0 0 0 0 0 0 0
400	58	 1 1 1 1 0 0 1 0 0 1 1 1 0 0 0 1 0 0 0 0
400	14	 1 1 1 1 1 1 1 0 1 1 0 1 0 1 0 0 0 0 0 0
400	18	 1 1 1 1 0 1 1 1 0 1 1 1 1 1 0 0 0 0 0 1
400	2	 1 1 1 1 1 1 1 1 0 1 1 1 0 0 0 1 0 0 0 0
400	16	 1 1 1 1 0 1 1 1 0 0 1 1 0 0 0 1 0 0 0 0
400	6	 1 1 1 1 0 1 1 1 0 0 1 0 0 1 1 0 0 0 0 0
400	37	 1 1 1 1 1 1 1 0 1 1 1 1 1 1 0 0 0 0 0 0
400	40	 1 1 1 1 0 0 0 0 1 1 1 1 0 0 0 0 0 0 0 0
400	41	 1 1 1 1 0 0 1 1 0 1 1 1 0 0 0 1 0 0 0 0
400	63	 1 1 1 1 0 0 1 0 0 1 1 0 0 1 0 0 0 0 0 0
400	2	 1 1 1 1 1 0 0 0 1 1 1 0 0 1 0 0 0 1 0 0
400	2	 1 1 1 1 0 0 1 1 1 1 1 1 1 0 0 0 0 0 0 0
400	5	 1 1 1 1 0 1 0 0 1 0 1 1 0 1 0 0 0 0 0 0
400	33	 1 1 1 1 0 0 1 1 0 1 1 0 0 1 0 0 0 0 0 0
400	21	 1 1 1 1 0 0 1 0 0 1 1 0 1 1 0 1 0 0 1 0
400	8	 1 1 1 1 0 0 1 1 0 1 1 1 0 0 0 0 1 0 0 0
400	9	 1 1 1 1 0 0 1 0 1 1 1 1 0 0 0 0 0 0 0 0
400	11	 1 1 1 1 0 0 1 0 0 1 1 0 1 1 0 0 0 0 0 1
400	10	 1 1 1 1 0 0 1 1 0 1 1 1 0 1 0 0 0 1 0 0
400	12	 1 1 1 1 0 1 1 0 0 1 1 1 0 0 0 1 0 0 0 0
400	13	 1 1 0 1 0 0 1 1 0 1 0 0 0 1 0 1 0 0 0 0
400	15	 1 1 1 1 0 0 1 1 1 1 1 1 0 0 0 0 0 0 0 0
400	3	 1 1 1 1 0 1 1 1 0 1 1 1 1 1 0 0 1 0 0 0
400	5	 1 1 1 1 1 0 1 0 0 1 1 1 0 0 0 1 0 0 0 0
400	9	 1 1 1 1 0 1 1 1 0 1 1 1 0 1 0 0 0 1 1 0
400	4	 1 1 1 1 1 1 1 0 0 1 1 1 1 1 0 0 0 0 0 0
400	3	 1 1 1 1 0 1 1 1 0 1 1 1 1 1 0 0 0 0 0 0
400	39	 1 1 1 1 0 0 1 0 0 1 1 1 0 1 0 0 0 1 0 0
400	4	 1 1 1 1 1 0 1 0 0 1 0 0 0 1 0 0 0 0 0 0
400	30	 1 1 1 1 1 0 0 0 0 0 0 0 0 0 0 0 0 0 0 0
400	4	 0 0 1 1 0 0 0 0 1 1 1 1 0 0 0 0 0 0 0 0
400	19	 1 1 1 1 0 0 0 0 1 1 0 0 1 1 0 0 0 0 0 0
400	4	 1 1 1 1 0 0 1 0 1 1 1 1 1 0 0 0 0 0 0 0
400	3	 1 0 1 1 1 0 0 0 0 1 0 0 0 0 0 0 0 0 0 0
400	8	 0 1 1 1 1 0 0 0 1 1 1 1 0 0 0 0 0 0 0 0
400	14	 1 1 1 1 0 1 1 1 0 1 0 0 0 1 0 0 1 0 0 0
400	4	 1 1 1 0 0 0 1 0 0 1 1 0 0 1 0 0 0 0 0 0
400	5	 1 1 1 1 0 0 1 0 1 1 1 1 0 0 0 1 0 0 0 0
400	10	 1 1 1 1 0 0 1 1 0 1 1 1 1 1 0 1 0 0 0 0
400	4	 1 1 1 1 1 1 1 0 1 1 1 1 1 0 0 1 0 0 0 0
400	5	 0 1 1 1 0 0 1 0 0 1 1 1 0 0 0 1 0 0 0 0
400	2	 0 1 1 1 0 0 1 0 0 1 1 1 0 0 1 0 0 0 1 0
400	4	 1 1 1 1 1 1 1 0 1 0 1 1 1 1 0 0 0 0 0 0
400	5	 1 1 1 1 0 1 1 1 1 1 1 1 1 0 0 0 0 0 1 0
400	1	 1 1 1 1 0 0 0 1 1 1 0 0 1 1 0 0 0 0 0 0
400	3	 1 1 1 1 0 0 1 1 0 1 0 0 0 0 0 0 0 0 0 0
400	2	 1 1 1 1 1 0 0 0 1 1 1 0 0 1 0 0 0 0 1 0
400	10	 1 1 1 1 0 0 0 0 0 1 1 1 0 0 0 1 0 0 0 1
400	17	 1 1 1 1 1 1 1 0 1 1 1 1 0 1 0 0 0 0 1 1
400	4	 1 1 1 1 0 0 0 1 0 1 0 0 0 1 0 0 0 0 0 0
400	6	 1 1 1 1 1 1 1 0 1 1 0 1 0 1 0 1 0 0 0 0
400	3	 1 0 1 1 0 0 1 0 0 1 1 0 0 1 0 0 0 0 0 0
400	1	 1 1 1 1 0 1 1 1 0 1 1 1 0 1 0 1 0 0 0 0
400	4	 0 1 1 1 0 0 0 1 0 1 0 0 0 1 0 0 0 0 0 0
400	3	 1 1 1 0 0 0 1 0 0 1 1 1 0 0 0 1 0 0 0 0
400	5	 1 1 1 1 1 0 1 1 0 1 1 1 0 0 0 0 0 0 0 0
400	2	 1 1 1 1 0 0 1 1 0 0 1 1 0 1 0 0 0 1 0 0
400	7	 1 1 1 1 1 0 0 0 0 1 1 1 0 0 0 1 0 0 0 0
400	13	 1 1 1 1 0 1 1 1 0 1 1 1 0 0 1 1 0 0 0 0
400	4	 1 1 1 1 0 1 1 1 0 1 1 1 0 0 0 1 0 1 0 0
400	3	 1 1 1 1 1 0 1 0 1 1 1 1 1 1 0 0 0 0 0 0
400	5	 1 1 1 1 0 0 1 1 1 1 1 1 0 0 0 0 0 0 0 1
400	3	 0 0 1 1 0 0 0 0 1 1 1 1 0 0 0 0 0 1 0 0
400	3	 1 1 1 1 0 1 1 1 0 1 1 1 0 1 0 0 0 0 0 0
400	2	 1 1 1 1 0 1 1 1 0 1 1 0 1 1 0 0 0 0 0 0
400	3	 1 1 1 1 0 1 0 0 1 1 1 1 0 1 0 0 0 0 1 1
400	3	 1 0 1 1 1 0 0 1 0 1 1 1 0 1 0 0 0 1 0 0
400	2	 1 1 1 1 0 1 1 0 1 0 1 1 0 1 0 0 0 0 0 0
400	7	 1 1 1 1 0 0 1 0 1 1 1 1 0 0 0 0 1 0 0 0
400	3	 1 1 1 1 0 0 1 0 1 1 1 1 1 0 0 1 0 0 0 0
400	1	 1 1 1 1 0 0 1 1 0 1 1 0 1 1 0 0 0 0 0 1
400	7	 1 1 1 1 1 1 0 0 1 1 1 0 0 0 0 1 0 0 0 0
400	1	 1 1 1 1 1 1 1 0 1 1 1 1 1 1 0 0 0 0 0 1
400	6	 0 1 1 1 1 1 1 0 1 1 1 1 1 0 0 0 0 0 0 0
400	1	 0 1 1 1 1 0 0 0 1 1 1 0 0 1 0 0 0 0 0 0
400	2	 1 1 1 1 0 1 0 1 0 1 1 1 0 0 0 1 0 0 0 0
400	2	 1 1 1 1 0 0 1 1 0 1 1 0 0 1 0 0 0 0 0 1
400	1	 1 1 1 1 0 0 1 1 0 1 0 1 1 1 0 0 0 0 0 1
400	2	 1 1 1 1 0 0 1 0 0 1 1 1 1 1 0 0 0 0 1 0
400	1	 1 1 1 1 0 0 1 1 1 1 1 1 0 1 0 0 0 1 0 0
400	3	 1 1 0 1 1 0 1 0 1 1 1 1 1 1 0 0 0 0 0 0
400	2	 1 1 1 1 1 1 0 0 1 1 1 1 1 0 0 0 0 0 0 0
400	1	 1 1 1 1 0 0 1 1 0 1 1 1 1 1 0 0 1 0 0 0
400	4	 1 1 1 1 0 0 1 0 0 1 1 0 1 1 0 0 0 1 0 0
400	3	 1 1 1 1 0 0 1 0 0 1 1 1 1 0 0 1 0 0 0 0
400	4	 1 1 1 1 0 0 1 0 0 1 1 1 0 0 0 1 0 0 0 1
400	4	 1 1 1 1 0 0 1 0 0 1 1 0 0 1 0 0 1 0 0 0
400	1	 1 1 1 1 1 1 1 0 1 1 0 1 0 1 0 1 0 0 1 0
400	1	 1 1 1 1 0 1 1 1 0 1 1 1 1 1 0 1 0 0 0 0
400	1	 1 1 1 1 1 1 1 0 0 1 1 0 1 1 0 0 0 0 0 0
400	2	 1 1 1 1 1 0 0 0 1 1 1 1 0 0 0 0 0 0 0 0
400	1	 1 1 1 1 1 1 1 0 1 1 1 1 1 1 0 0 0 0 1 1
400	3	 1 1 1 1 0 0 0 0 1 1 1 1 0 1 0 0 0 1 0 0
400	1	 1 1 0 1 0 0 1 1 0 1 0 0 0 1 0 0 0 0 0 0
400	1	 1 1 1 1 1 1 1 0 1 1 0 1 0 1 0 0 1 0 0 0
400	2	 1 0 1 1 0 0 1 0 0 1 1 1 0 0 0 1 0 0 0 0
400	1	 1 1 1 1 0 1 1 0 0 1 1 0 1 1 0 1 0 0 1 0
400	2	 1 1 1 1 1 1 1 0 1 0 0 1 0 1 0 1 0 0 0 0
590	44	 1 1 1 1 0 0 1 1 0 1 1 1 0 0 0 0 0 0 0 0
590	52	 1 1 1 1 0 0 0 0 1 1 1 1 0 0 0 0 0 0 0 0
590	7	 1 1 1 1 0 0 0 0 1 1 1 1 0 0 0 1 0 0 0 0
590	10	 1 1 1 1 0 1 1 1 0 1 1 1 1 0 1 0 0 0 0 0
590	97	 1 1 1 1 0 0 1 0 0 1 1 1 0 0 0 0 0 0 0 0
590	54	 1 1 1 1 0 1 1 0 0 1 1 1 1 0 1 0 0 0 0 0
590	24	 1 1 1 1 0 0 1 0 0 1 1 1 1 0 1 0 0 0 0 0
590	5	 1 1 1 0 1 1 1 0 0 1 1 1 0 0 0 1 0 0 0 0
590	15	 1 1 1 1 0 0 1 0 0 1 1 1 1 1 1 0 0 0 0 0
590	16	 1 1 1 1 0 0 1 0 0 1 1 1 1 0 0 0 0 0 0 0
590	27	 1 1 1 1 0 1 1 0 0 0 1 1 0 0 1 0 0 0 0 0
590	18	 1 1 1 1 0 1 1 0 0 1 1 1 1 1 1 0 0 0 0 0
590	2	 1 1 1 1 0 1 1 0 1 1 1 1 0 0 0 1 0 0 0 0
590	16	 1 1 1 1 0 0 0 1 0 1 1 1 0 1 1 0 0 0 0 0
590	22	 1 1 1 1 0 1 1 0 0 1 1 0 0 0 1 0 0 0 0 0
590	6	 1 0 1 1 0 0 0 0 1 1 1 1 0 0 0 1 0 0 0 0
590	1	 0 1 1 1 0 0 1 0 0 1 1 1 1 0 1 0 0 0 0 0
590	7	 1 1 1 1 0 1 1 0 0 1 1 1 0 0 0 0 0 0 0 0
590	17	 1 1 1 1 0 1 1 0 0 1 1 1 0 1 1 0 0 0 0 0
590	17	 1 1 1 1 0 0 1 1 0 1 1 1 1 0 1 0 0 0 0 0
590	6	 1 1 1 1 1 1 1 0 0 1 1 1 0 0 1 0 0 0 0 0
590	18	 1 1 1 1 1 0 1 0 0 1 0 0 1 1 0 0 0 0 0 0
590	9	 1 0 1 1 0 0 0 0 0 1 1 1 0 1 0 1 0 0 0 0
590	15	 1 1 1 1 0 0 1 1 1 1 1 0 0 0 1 0 0 0 0 0
590	14	 1 1 0 1 0 0 1 0 0 1 0 0 1 1 0 0 0 0 0 0
590	2	 0 1 1 1 0 1 1 1 0 1 1 1 0 0 1 0 0 0 0 1
590	13	 1 1 1 1 0 1 1 1 0 1 1 1 0 0 0 1 0 0 0 0
590	4	 1 1 1 1 0 1 1 0 1 1 1 1 0 0 1 0 0 0 0 0
590	4	 0 1 1 1 0 1 1 1 0 0 1 1 0 0 1 0 0 0 0 0
590	6	 1 1 1 1 0 1 1 1 0 1 1 1 1 0 0 0 0 0 0 0
590	5	 1 1 0 1 0 0 1 0 0 1 1 1 0 0 0 0 0 0 0 0
590	1	 1 1 1 1 0 1 1 1 0 1 1 1 0 1 0 0 0 0 0 0
590	1	 0 1 1 1 1 0 1 0 0 1 0 0 1 1 0 0 0 0 0 0
590	1	 1 1 1 1 0 0 1 0 1 1 1 1 0 0 0 1 0 0 0 0
590	1	 1 1 1 1 1 0 1 0 0 1 1 1 1 0 1 0 0 0 0 1
590	19	 1 1 1 1 0 1 1 1 1 1 1 1 0 0 0 1 0 0 0 0
590	30	 1 1 1 1 0 1 1 0 0 0 1 1 0 1 1 0 0 0 0 0
590	23	 1 1 1 1 0 0 1 0 0 1 0 1 0 0 0 0 0 0 0 0
590	1	 1 0 1 1 0 0 0 1 0 1 1 1 0 0 0 0 0 0 0 0
590	6	 1 1 1 1 1 1 1 0 1 1 1 1 0 0 1 0 0 0 0 0
590	5	 1 1 1 1 0 0 1 0 0 1 1 0 0 0 0 0 0 0 0 0
590	2	 1 0 1 1 0 1 1 1 0 1 1 1 0 0 0 0 0 0 0 0
590	6	 1 1 1 1 0 0 1 0 0 1 1 1 0 0 0 1 0 0 0 0
590	7	 1 1 1 1 1 1 1 0 1 1 1 0 1 0 0 0 0 0 0 0
590	15	 0 1 1 1 0 0 0 1 0 1 1 1 0 1 1 0 0 0 0 0
590	9	 1 1 1 1 0 0 1 0 0 1 1 1 0 0 1 0 0 0 0 0
590	7	 1 1 1 1 0 0 0 0 0 1 1 1 0 0 0 1 0 0 0 1
590	6	 1 1 1 1 0 1 1 1 0 0 1 1 0 0 1 0 0 0 0 0
590	23	 1 1 1 1 1 1 1 0 0 0 1 1 0 0 1 0 0 0 0 0
590	10	 1 0 1 1 0 0 0 0 1 1 1 1 0 0 0 0 0 0 0 0
590	1	 0 0 1 1 0 0 0 0 0 1 1 1 0 1 0 1 0 0 0 0
590	1	 1 1 1 0 0 0 1 1 1 1 1 1 0 1 0 0 0 0 0 0
590	1	 1 1 1 1 0 1 1 0 1 1 1 0 0 0 0 0 0 0 0 0
590	8	 1 0 1 1 0 0 1 0 0 1 1 1 1 0 1 0 0 0 0 0
590	9	 1 1 0 1 0 1 1 0 0 0 1 1 0 1 1 0 0 0 0 0
590	5	 1 1 1 0 0 0 1 0 0 1 0 1 0 0 0 0 0 0 0 0
590	7	 1 1 1 1 0 1 1 0 0 1 1 0 0 0 0 0 0 0 0 0
590	5	 0 1 1 1 0 1 1 0 0 0 1 1 0 1 1 0 0 0 0 0
590	2	 1 1 1 1 0 0 1 1 0 1 1 1 0 0 0 1 0 0 0 1
590	5	 1 1 1 1 0 0 1 0 0 0 1 1 0 0 0 0 0 0 0 0
590	2	 1 1 1 1 0 0 1 0 0 1 1 1 0 0 0 0 0 0 0 1
590	4	 1 1 1 1 0 1 1 0 0 1 1 1 0 1 1 0 1 0 0 0
590	14	 1 1 1 1 0 1 1 1 0 1 0 1 0 0 0 1 0 0 0 0
590	1	 1 0 1 1 0 0 1 0 0 1 1 1 0 1 1 0 0 0 0 0
590	17	 0 1 1 1 0 1 1 1 0 1 1 1 0 0 1 0 0 0 0 0
590	3	 1 1 1 1 0 0 1 0 0 1 1 1 0 0 0 0 0 0 1 0
590	14	 1 1 1 1 1 0 1 0 0 0 1 1 1 0 1 0 0 0 0 0
590	9	 1 1 1 1 1 1 1 0 0 0 1 1 0 1 1 0 0 0 0 0
590	11	 1 1 1 1 0 0 1 0 0 1 0 1 0 0 1 0 0 0 0 0
590	1	 1 1 1 1 0 1 1 1 1 1 1 0 0 0 1 0 0 0 0 0
590	7	 1 1 1 1 0 0 1 1 0 0 1 1 0 0 0 0 0 0 0 0
590	3	 1 1 1 1 1 0 1 0 0 1 1 1 0 0 0 0 0 0 0 0
590	2	 1 1 1 1 0 1 1 0 0 1 1 1 0 0 0 0 0 1 0 0
590	4	 1 1 1 1 0 0 1 0 1 1 1 1 0 0 1 0 0 0 0 0
590	6	 1 1 1 1 0 0 1 0 0 1 1 1 1 1 0 0 0 0 0 0
590	4	 0 1 1 1 0 0 0 0 1 1 1 1 0 0 0 0 0 0 0 0
590	1	 1 1 1 1 0 1 1 0 0 0 1 1 1 0 1 0 0 0 0 0
590	4	 1 1 1 0 0 1 1 1 0 1 1 1 0 1 0 0 0 0 0 0
590	13	 1 1 1 1 0 0 1 0 0 1 0 1 0 0 0 0 1 0 0 0
590	5	 1 1 1 1 0 0 0 0 0 1 1 0 0 0 0 0 0 0 0 0
590	2	 1 1 1 1 0 0 1 0 1 1 1 1 0 1 0 1 0 0 0 0
590	2	 1 0 1 1 0 1 1 0 0 1 1 1 0 0 0 0 0 0 0 0
590	5	 1 1 1 1 0 1 0 1 1 1 1 1 0 0 0 1 0 0 0 0
590	5	 1 1 1 1 0 1 1 0 0 0 1 1 0 1 1 0 0 0 0 1
590	1	 0 1 1 1 0 1 1 1 0 1 1 1 1 0 1 0 0 0 0 0
590	1	 1 1 1 1 0 1 1 0 0 0 1 1 0 0 0 0 0 0 0 0
590	1	 1 1 1 1 0 1 1 1 0 1 1 1 0 1 1 0 0 0 0 0
590	2	 1 1 1 1 1 0 1 0 0 1 0 1 0 0 0 0 0 0 0 0
590	6	 0 1 1 1 0 1 1 1 0 1 1 1 0 0 1 0 0 0 1 0
590	2	 1 1 1 1 0 1 1 1 1 1 1 1 0 0 0 0 0 0 0 0
590	6	 1 1 1 1 0 0 1 1 0 1 0 1 0 0 0 0 0 0 0 0
590	2	 1 1 1 1 0 1 1 0 0 0 1 1 0 0 1 0 0 0 0 1
590	2	 1 1 1 1 0 1 1 0 0 1 1 1 1 1 1 1 0 0 0 0
590	1	 1 0 1 1 0 0 0 0 0 1 1 0 0 1 0 1 0 0 0 0
590	2	 1 1 1 1 0 0 1 0 0 1 1 0 0 1 0 0 0 0 0 0
590	2	 1 1 1 1 0 1 0 1 1 1 0 1 0 0 0 1 0 0 0 0
590	1	 1 1 1 1 0 0 1 0 0 0 1 1 0 1 1 0 0 0 0 0
590	2	 1 1 0 1 0 0 1 0 0 1 1 1 0 1 0 0 0 0 0 0
590	2	 1 1 0 1 0 1 1 0 0 0 1 1 0 0 0 1 0 0 0 0
590	4	 1 1 1 1 0 1 1 0 0 1 0 1 0 0 0 0 1 0 0 0
590	4	 1 1 0 1 1 0 1 0 0 1 1 1 1 0 1 0 0 0 0 0
590	3	 1 1 1 1 0 1 1 0 0 1 0 1 1 1 1 0 0 0 0 0
590	2	 1 0 1 1 0 0 0 0 1 1 1 1 0 0 0 1 0 1 0 0
590	5	 0 1 1 1 0 1 1 0 0 1 1 1 0 0 1 0 0 0 0 0
590	1	 1 1 1 1 0 0 1 1 0 1 1 1 0 0 0 0 0 0 0 1
590	1	 1 1 1 1 0 0 1 0 0 1 1 1 0 1 1 0 0 0 0 0
590	3	 1 1 1 0 0 1 1 0 0 1 1 0 0 0 0 0 0 0 0 0
590	3	 0 1 1 1 0 1 1 0 0 1 1 1 0 0 0 0 0 0 0 0
590	2	 1 1 1 1 0 1 1 0 0 1 1 1 1 0 0 0 0 0 0 0
590	1	 1 1 1 1 0 1 1 0 0 0 1 0 0 0 1 0 0 0 0 0
590	1	 1 0 1 1 0 0 0 0 1 1 1 1 0 1 0 1 0 0 0 0
590	3	 1 1 0 1 0 1 1 1 0 1 1 1 0 0 0 1 0 0 0 0
590	2	 1 1 1 1 0 0 1 1 1 1 1 1 0 0 0 1 0 0 0 0
590	2	 1 1 1 1 1 1 1 0 1 1 1 1 0 0 1 0 0 1 0 0
590	2	 1 1 1 1 0 1 1 0 0 1 1 1 0 0 0 1 0 0 0 0
590	1	 1 1 0 1 0 0 1 0 0 1 0 0 1 0 1 0 0 0 0 0
590	1	 1 0 1 1 0 1 1 0 0 1 1 1 1 0 1 0 0 0 0 0
590	1	 1 1 1 1 0 1 1 0 0 1 1 1 1 0 1 0 0 1 0 0
590	5	 1 1 1 1 1 0 1 1 0 1 0 0 1 1 0 0 0 0 0 0
590	2	 1 1 1 1 0 1 1 1 1 1 1 1 0 0 0 1 1 0 0 0
590	3	 1 1 1 1 0 0 1 0 0 1 0 1 0 1 0 0 0 0 0 0
590	2	 1 0 1 1 0 0 1 0 0 1 1 1 0 1 1 0 0 0 1 0
590	1	 1 1 1 1 1 0 1 0 0 1 1 1 1 0 1 0 0 0 0 0
590	1	 1 1 1 1 0 1 1 1 1 1 1 1 1 1 1 0 0 0 1 0
590	2	 1 1 1 1 0 1 1 0 0 1 0 1 1 0 1 0 1 0 0 0
720	6	 1 1 1 1 0 1 1 0 0 1 1 1 1 0 1 0 0 0 0 0
720	3	 1 1 1 1 0 0 1 0 0 1 1 1 1 0 0 0 0 0 0 0
720	11	 1 1 1 1 0 1 1 1 1 1 1 1 0 0 0 1 0 0 0 0
720	3	 1 1 1 1 0 0 1 0 0 1 0 1 0 0 1 0 0 0 0 0
720	15	 1 1 1 1 0 1 1 0 0 1 0 1 1 0 1 0 0 0 0 0
720	69	 1 1 1 1 1 1 1 0 0 0 0 1 1 1 1 0 0 0 0 0
720	28	 1 1 1 1 1 1 1 0 0 0 0 1 1 0 1 0 0 0 0 0
720	16	 1 1 1 1 1 1 1 0 0 0 1 0 0 1 1 0 0 0 0 0
720	12	 1 1 1 1 0 0 1 0 0 0 1 1 0 0 1 0 0 0 0 0
720	22	 1 1 1 1 0 0 1 1 1 0 1 0 0 0 1 0 1 0 0 0
720	5	 1 1 1 1 1 0 1 1 1 0 1 0 0 0 1 0 0 0 0 0
720	13	 1 1 1 1 0 1 1 0 0 1 0 1 0 0 0 1 0 0 0 0
720	94	 1 1 1 1 1 1 1 0 0 0 0 0 1 1 1 0 0 0 0 0
720	39	 1 1 1 1 1 1 1 0 0 0 0 0 1 1 0 0 0 0 0 0
720	3	 1 1 1 1 0 0 1 0 0 0 1 0 0 1 1 0 0 0 0 0
720	7	 1 1 1 1 1 1 1 0 0 0 0 0 1 1 1 1 0 0 0 0
720	10	 1 1 1 1 0 0 0 0 1 0 1 1 0 0 0 0 0 0 0 0
720	20	 1 1 1 1 1 1 0 0 0 0 0 1 1 0 1 0 0 0 0 0
720	2	 0 1 1 1 0 0 1 1 0 0 1 1 0 0 0 0 0 0 0 0
720	6	 1 1 1 1 1 1 1 0 0 0 0 0 1 1 1 0 0 0 1 0
720	23	 1 1 1 1 1 1 1 0 0 0 0 1 1 1 1 1 0 0 0 0
720	7	 1 1 1 1 1 1 1 0 0 0 0 0 1 1 0 1 0 0 0 0
720	16	 1 1 1 1 0 0 1 0 0 1 0 1 1 1 1 0 0 0 0 0
720	19	 1 1 1 1 1 1 1 0 0 0 0 0 0 1 1 1 0 0 0 0
720	7	 1 1 1 1 1 1 1 0 0 0 0 1 1 0 1 1 0 0 0 0
720	52	 1 1 1 1 1 1 1 0 1 0 0 1 1 1 1 1 0 0 0 0
720	7	 1 1 1 1 0 0 0 0 0 0 1 1 0 1 0 1 0 0 0 0
720	3	 1 1 1 1 0 1 1 0 0 0 0 0 1 1 1 0 0 0 0 0
720	4	 1 1 1 1 1 1 1 0 0 0 0 0 1 1 1 0 1 0 0 0
720	14	 1 1 1 1 1 1 1 0 0 0 0 1 0 1 1 0 0 0 0 0
720	6	 1 1 1 1 1 1 1 1 0 0 1 1 0 1 1 0 0 0 0 0
720	9	 1 1 1 1 0 1 1 1 0 0 1 1 0 0 1 0 0 0 0 0
720	15	 1 1 1 1 1 0 1 0 0 0 0 0 1 1 1 0 0 0 0 0
720	4	 1 1 1 1 1 0 1 0 0 0 0 1 1 1 1 0 0 0 0 0
720	18	 1 1 1 1 1 1 1 0 0 0 0 0 0 0 1 0 0 0 0 0
720	4	 1 1 1 0 1 1 1 0 0 0 0 1 1 1 1 0 0 0 1 0
720	43	 1 1 1 1 1 1 1 0 0 0 0 1 1 0 1 1 0 0 1 0
720	4	 1 1 1 1 0 1 1 0 1 1 1 1 0 0 0 1 0 0 0 0
720	19	 1 1 1 1 0 0 1 0 1 0 1 1 0 1 0 1 0 0 0 0
720	12	 1 1 1 0 0 1 1 0 0 0 1 1 0 0 1 0 0 0 0 0
720	6	 1 1 1 1 0 1 1 1 1 1 1 1 0 0 1 1 0 0 0 0
720	2	 1 1 1 0 0 0 1 0 0 0 1 1 0 1 0 1 0 0 1 0
720	2	 1 1 1 1 0 1 1 1 0 0 1 1 0 1 0 0 0 1 0 0
720	2	 1 1 1 1 0 1 0 0 0 1 0 1 1 0 1 0 0 0 1 0
720	12	 1 1 1 1 0 1 1 1 0 0 1 1 0 0 1 0 0 0 0 1
720	10	 0 1 1 1 1 1 1 0 0 0 0 1 1 0 1 0 0 0 0 0
720	5	 1 1 1 1 1 1 1 1 0 0 0 1 1 0 0 0 0 0 0 0
720	11	 1 1 1 1 1 1 1 0 0 0 0 1 0 1 1 0 0 1 0 0
720	3	 1 1 1 1 1 1 1 0 0 0 1 1 0 0 0 0 0 0 0 0
720	4	 1 1 1 1 0 0 1 0 0 0 1 0 0 0 1 0 0 0 0 0
720	10	 1 1 1 1 1 0 1 1 0 0 1 1 0 0 1 0 0 0 0 1
720	12	 1 1 1 1 0 1 1 1 0 0 1 1 1 1 1 0 0 0 0 0
720	2	 1 1 1 1 0 1 1 0 0 1 0 1 1 0 0 0 0 0 0 0
720	2	 1 1 0 1 1 1 1 0 0 0 0 1 1 1 1 0 0 0 0 0
720	1	 1 1 1 1 0 0 0 0 0 0 0 1 0 1 0 1 0 0 0 0
720	5	 1 1 1 1 1 0 1 0 0 0 0 0 0 0 1 0 0 0 0 0
720	4	 1 1 1 1 1 0 1 1 1 0 0 1 1 0 1 0 0 0 0 0
720	1	 1 1 1 1 0 0 1 0 0 1 0 1 0 0 1 0 1 0 0 0
720	9	 1 1 1 1 0 0 0 1 1 0 1 0 0 0 1 0 1 0 0 0
720	2	 1 1 1 1 0 0 0 0 1 0 1 1 0 0 0 1 0 0 0 1
720	6	 1 1 1 1 0 1 1 1 1 1 0 1 0 0 0 1 0 0 0 0
720	4	 1 1 1 1 1 1 1 0 0 0 1 1 1 0 1 0 0 0 0 0
720	5	 1 1 0 1 1 1 1 0 0 0 1 0 0 1 1 0 0 0 0 0
720	19	 1 1 1 1 1 0 1 1 1 0 1 0 0 0 1 0 1 0 0 0
720	3	 0 1 1 1 1 1 1 0 0 0 0 0 1 1 1 0 0 0 0 0
720	12	 1 1 1 1 0 0 1 0 0 1 0 1 1 0 1 0 0 0 0 0
720	6	 1 1 1 1 1 1 1 0 0 0 0 0 0 1 1 0 1 0 0 0
720	1	 1 1 1 1 1 1 1 0 0 0 0 1 1 0 0 1 0 0 0 0
720	4	 1 1 1 1 0 1 0 0 0 0 1 0 1 1 1 0 0 0 0 0
720	1	 1 1 1 1 0 0 1 0 1 1 1 1 1 0 0 0 0 0 0 0
720	3	 1 1 1 1 0 0 1 1 1 0 0 1 1 0 1 0 0 0 0 1
720	11	 1 1 1 1 0 0 0 0 1 0 1 1 0 0 0 1 1 0 0 0
720	6	 1 1 1 1 1 1 1 0 0 0 0 0 0 1 1 0 0 0 1 0
720	6	 1 1 1 1 1 1 0 0 0 0 0 1 1 1 1 0 0 0 0 0
720	2	 1 1 1 1 0 0 1 0 0 0 1 1 0 0 1 0 1 0 0 0
720	10	 1 1 1 1 1 1 1 0 0 0 0 0 1 1 0 0 0 0 1 0
720	2	 1 1 1 1 0 0 0 1 1 0 1 1 0 0 0 0 0 0 0 0
720	5	 1 1 1 1 0 1 1 0 1 1 0 1 1 0 1 0 0 0 0 1
720	18	 1 1 1 1 0 0 1 1 1 0 0 0 1 1 0 0 0 0 0 0
720	4	 1 1 1 1 1 1 1 0 0 0 1 0 0 0 1 0 1 0 0 0
720	6	 1 1 1 1 0 0 1 0 0 0 0 0 0 0 1 0 0 0 0 0
720	2	 1 1 1 1 1 1 1 0 0 0 1 0 0 0 0 1 0 0 0 0
720	1	 1 1 1 0 0 0 0 0 1 0 1 1 0 0 0 1 0 0 0 1
720	1	 1 1 1 1 1 0 1 1 0 0 1 0 0 0 1 0 1 0 0 0
720	1	 1 1 1 1 0 1 0 0 0 0 1 0 1 1 1 0 0 0 1 0
720	2	 1 1 1 1 0 0 1 1 0 0 1 1 0 1 1 0 0 0 0 0
720	1	 1 1 1 1 1 1 1 1 0 0 0 1 1 1 1 0 0 0 0 0
720	1	 1 1 1 1 1 1 1 0 0 0 0 1 1 1 1 0 0 1 0 0
720	5	 1 1 1 1 0 0 1 1 1 0 0 0 0 0 1 0 1 0 0 0
720	2	 1 1 1 1 1 1 1 0 1 0 0 0 1 1 0 0 0 0 0 0
720	1	 1 1 1 1 1 1 1 0 1 0 0 1 0 1 1 1 0 0 0 0
720	2	 1 1 1 0 1 1 1 0 0 0 0 1 0 1 1 0 0 0 1 0
720	3	 1 1 1 1 1 1 1 0 0 1 1 1 1 0 0 0 0 0 0 0
720	3	 1 1 1 1 1 1 1 1 0 0 1 1 1 0 1 1 0 0 1 0
720	2	 1 1 1 1 1 1 1 0 0 0 0 0 1 0 0 1 0 0 1 0
720	2	 1 1 1 1 0 0 0 1 1 0 1 0 0 0 1 0 0 0 0 0
720	10	 1 0 1 1 1 1 1 0 0 0 0 0 1 1 1 0 0 0 0 0
720	1	 1 1 1 1 1 1 1 0 0 0 0 0 0 1 1 1 0 0 1 0
720	4	 1 1 1 1 1 1 1 0 0 0 0 0 0 1 1 1 1 0 0 0
720	1	 1 1 0 1 0 1 1 1 0 0 1 1 0 0 1 0 0 0 0 0
720	1	 1 1 1 1 0 0 1 0 1 0 1 1 0 1 1 1 0 0 0 0
720	2	 1 0 1 1 1 1 1 1 0 0 0 0 1 1 0 0 0 0 0 0
720	3	 0 1 1 1 0 1 1 1 0 0 1 1 0 0 1 0 0 0 0 1
720	1	 1 1 1 1 0 0 1 0 0 0 0 1 1 1 1 0 0 0 0 0
720	2	 1 1 1 1 1 1 1 0 0 0 0 0 0 1 0 0 0 0 0 0
720	2	 1 1 1 1 0 0 1 1 0 0 1 1 0 0 0 0 0 0 0 0
720	1	 1 1 1 1 0 1 1 1 0 0 1 0 1 1 1 0 0 0 0 0
720	1	 1 1 1 1 1 1 1 0 0 0 0 1 0 1 0 0 0 0 0 0
720	1	 1 1 1 0 1 1 1 0 0 0 0 1 1 1 1 1 0 0 1 0
720	5	 1 1 1 1 1 1 1 0 0 0 1 0 0 1 1 0 1 0 0 0
720	1	 1 1 1 1 0 0 1 1 1 1 0 1 1 0 1 0 0 0 1 0
720	1	 1 1 1 1 0 1 1 0 0 1 0 1 0 0 0 1 0 0 0 1
720	2	 1 1 1 1 1 1 1 0 1 0 0 0 1 1 1 0 0 0 0 0
720	1	 1 1 1 1 0 1 1 0 1 1 0 1 0 0 0 1 0 0 0 0
720	1	 1 1 1 1 1 0 0 1 1 0 1 0 0 0 1 0 1 0 0 0
720	2	 1 1 1 1 0 1 1 0 1 0 0 1 1 1 1 1 0 0 0 0
720	1	 1 1 1 1 0 1 1 0 0 0 0 0 1 1 1 0 0 0 1 0
720	1	 1 1 1 1 0 1 1 0 0 1 0 1 1 1 1 0 0 0 0 0
720	2	 1 1 1 0 0 0 0 0 1 0 1 1 0 0 0 1 0 0 0 0
720	2	 1 1 0 1 0 1 1 1 0 1 0 1 1 0 1 0 0 0 0 0
720	1	 1 1 1 1 0 0 1 1 0 0 1 0 0 0 1 0 1 0 0 0
720	1	 0 1 1 1 0 0 1 1 0 0 1 1 1 0 0 0 0 0 0 0
720	2	 1 1 1 1 1 1 0 0 1 0 0 1 1 1 1 1 0 0 0 0
720	2	 1 1 1 0 1 1 1 0 0 0 0 1 0 1 1 0 0 0 0 0
720	3	 1 1 1 1 1 1 1 1 0 0 1 1 0 1 1 1 0 0 0 0
720	1	 1 1 1 1 0 1 0 0 0 1 0 1 1 0 1 0 0 0 0 0
720	3	 1 1 1 1 0 0 1 0 1 0 0 0 1 1 0 0 0 0 0 0
880	47	 1 1 1 1 1 1 1 0 0 0 0 1 1 1 1 0 0 0 0 0
880	19	 1 1 1 1 1 1 1 0 0 0 0 0 1 1 1 0 0 0 0 0
880	3	 1 1 1 1 0 1 1 1 1 1 0 1 0 1 0 1 0 0 0 0
880	58	 0 1 1 1 0 0 1 1 0 0 0 1 1 0 1 1 0 0 0 0
880	6	 1 1 1 1 1 1 1 0 0 0 0 0 0 0 1 0 0 0 0 0
880	27	 1 1 1 1 1 0 1 1 0 0 0 0 0 0 1 0 0 0 0 0
880	24	 1 1 1 1 1 1 1 0 0 0 0 0 1 1 0 0 0 0 0 0
880	19	 1 1 0 1 1 0 1 0 0 0 0 1 1 1 1 0 0 0 0 0
880	123	 1 1 1 1 1 1 1 1 0 0 0 0 1 1 1 0 0 0 0 0
880	12	 1 1 1 1 1 0 1 1 0 0 0 0 0 1 1 0 0 0 0 1
880	2	 1 1 1 1 0 0 1 0 0 0 0 0 0 0 1 0 0 0 0 0
880	1	 1 1 1 1 1 1 1 0 0 0 0 1 1 1 1 0 1 0 0 0
880	10	 1 1 1 1 1 1 1 0 0 0 0 1 1 0 1 0 0 1 0 0
880	16	 0 1 1 1 1 0 1 1 0 0 0 0 0 0 1 0 0 0 0 0
880	4	 1 1 1 1 1 0 0 0 0 0 0 1 1 1 1 0 1 0 0 0
880	14	 1 1 1 1 1 0 1 1 0 0 0 1 0 0 1 0 0 0 0 0
880	10	 1 1 1 1 0 0 1 0 0 0 1 0 0 0 1 0 0 0 0 0
880	5	 1 1 1 1 1 0 1 1 0 1 0 0 0 0 1 0 0 0 0 0
880	14	 1 1 1 1 0 1 1 0 0 0 0 0 1 1 0 1 0 0 0 0
880	7	 1 1 1 1 1 1 1 0 0 0 1 1 0 1 1 0 0 0 0 0
880	4	 1 1 1 1 1 1 1 0 0 0 0 1 0 0 1 1 1 0 0 0
880	8	 1 1 1 1 0 0 0 0 0 0 0 1 1 0 1 0 0 0 0 0
880	5	 1 0 1 1 1 1 1 0 0 0 0 1 1 1 1 0 1 0 0 0
880	25	 1 1 1 1 1 1 1 1 0 0 0 1 1 0 1 0 0 0 0 0
880	18	 1 1 1 1 1 1 1 1 0 0 0 0 1 1 0 0 0 0 0 0
880	9	 1 1 0 1 0 0 1 1 1 0 0 1 1 1 1 0 0 0 0 0
880	4	 1 1 1 1 0 0 0 1 0 0 0 1 1 0 1 1 0 0 0 0
880	3	 1 1 1 1 1 1 0 0 0 0 0 1 1 0 1 0 0 0 0 0
880	16	 1 1 1 1 1 1 1 1 0 0 0 0 1 1 1 0 1 1 0 0
880	16	 1 1 1 1 1 1 1 1 0 0 0 1 1 1 1 0 0 0 0 0
880	13	 1 1 1 1 1 0 1 0 1 0 0 1 0 0 1 0 0 0 0 0
880	7	 1 1 1 1 1 1 1 0 0 0 0 1 1 1 1 1 0 0 0 1
880	6	 1 1 1 1 1 1 1 1 1 0 0 1 1 0 1 1 0 0 0 1
880	9	 1 1 1 1 1 1 1 0 0 1 0 1 1 1 1 0 1 0 0 0
880	10	 1 1 0 1 1 0 1 0 0 1 0 1 1 1 1 0 0 0 0 0
880	21	 1 1 1 1 1 1 0 0 0 0 0 1 0 0 1 0 0 0 0 0
880	46	 1 0 1 1 1 1 0 0 0 0 0 1 1 1 1 0 1 0 0 0
880	9	 1 1 1 1 1 1 1 0 0 0 0 1 0 1 1 0 0 0 0 0
880	8	 1 1 1 1 1 0 1 1 1 0 0 1 1 0 1 0 1 0 0 0
880	3	 1 1 1 1 0 1 1 0 0 0 0 1 1 1 1 0 0 0 0 1
880	2	 1 1 1 1 1 1 0 0 0 0 0 1 1 1 1 1 0 0 0 1
880	9	 1 1 1 1 1 1 0 0 0 0 0 1 1 1 1 0 0 0 0 0
880	8	 1 1 1 1 1 0 1 1 0 0 0 0 0 1 0 0 0 0 0 0
880	5	 1 1 1 1 1 1 1 0 0 0 0 0 1 1 1 0 1 0 0 0
880	3	 1 1 1 1 1 1 1 1 0 0 0 0 1 1 1 0 1 0 0 0
880	7	 1 0 1 1 1 1 1 0 0 0 0 1 1 0 1 1 0 0 0 0
880	4	 1 1 1 1 1 0 1 1 0 0 0 1 1 1 1 0 0 0 0 1
880	26	 1 1 1 1 1 1 1 0 0 0 1 1 1 1 1 0 0 0 0 0
880	1	 1 1 1 1 1 1 1 1 0 1 0 1 1 0 1 0 0 0 0 0
880	10	 1 1 1 1 1 1 1 1 0 0 0 1 0 0 1 0 0 0 0 0
880	12	 1 1 1 1 1 1 1 0 0 0 0 1 1 0 1 0 0 0 0 0
880	8	 1 1 0 1 1 1 1 0 0 0 0 1 1 1 1 0 0 0 0 0
880	5	 1 1 1 1 0 0 1 0 0 1 1 0 0 0 1 0 0 0 0 0
880	22	 1 1 1 1 0 1 1 0 0 0 0 0 0 1 1 0 0 0 0 0
880	8	 1 1 1 1 1 1 1 0 0 0 1 0 1 1 1 0 0 0 0 0
880	1	 1 1 1 1 1 1 1 0 1 0 1 1 0 1 1 0 0 0 0 0
880	4	 1 1 1 1 0 0 0 1 0 0 0 1 1 0 1 1 0 0 0 1
880	12	 1 0 1 1 1 1 0 0 0 0 0 1 1 1 1 0 0 0 0 0
880	1	 1 1 1 1 1 0 1 1 1 0 0 1 1 0 1 1 1 0 0 0
880	3	 1 1 1 1 0 0 1 0 0 1 0 0 1 1 1 0 1 0 0 0
880	1	 1 1 1 1 1 1 1 1 0 0 0 0 1 1 1 1 0 0 0 0
880	17	 1 1 1 1 0 0 1 0 0 0 0 0 1 1 1 0 0 0 0 0
880	4	 1 0 1 1 1 1 1 0 0 0 0 1 1 1 1 0 0 0 0 0
880	16	 1 1 1 1 0 0 1 1 0 0 0 0 0 0 1 0 0 0 0 0
880	1	 1 1 1 1 0 0 1 0 0 0 0 1 1 1 0 1 0 0 0 1
880	3	 1 1 1 1 1 1 1 1 1 0 0 1 1 0 1 1 0 0 0 0
880	5	 1 1 1 1 1 1 1 1 0 1 0 1 0 0 1 0 0 0 0 0
880	5	 1 1 1 1 0 0 1 0 0 1 0 0 0 0 1 0 0 0 0 0
880	2	 1 0 1 1 0 0 1 0 0 1 0 0 1 1 0 1 0 0 0 1
880	5	 1 1 1 1 1 1 0 1 0 0 0 0 0 0 1 0 0 0 0 0
880	1	 0 1 1 1 0 0 1 1 0 0 0 1 1 0 1 1 0 0 1 0
880	2	 0 0 1 1 1 1 1 0 0 0 0 1 1 0 1 1 0 0 0 0
880	2	 1 1 1 0 1 1 1 0 1 0 1 1 0 1 1 0 0 0 0 0
880	9	 1 1 1 1 1 0 1 1 0 0 0 0 1 1 1 0 0 0 0 0
880	1	 1 1 1 1 1 1 0 0 1 0 0 0 1 1 1 0 0 0 0 0
880	2	 1 1 0 1 1 0 1 1 0 0 0 0 0 1 1 0 0 0 0 1
880	2	 0 0 1 1 1 0 1 1 0 0 0 0 0 0 1 0 0 0 0 0
880	5	 1 1 1 1 1 1 1 0 1 0 0 0 1 1 1 0 0 0 0 0
880	2	 1 0 0 1 1 1 0 0 0 0 0 1 1 1 1 0 1 0 0 0
880	3	 1 1 1 1 0 1 1 0 0 0 0 0 1 1 0 0 0 1 0 0
880	1	 1 1 1 1 0 1 1 0 1 0 0 1 1 0 1 0 1 0 0 0
880	7	 1 0 1 1 0 0 0 0 0 0 0 0 0 0 1 0 0 0 0 0
880	7	 1 1 1 1 0 0 1 1 0 0 0 1 1 0 1 1 0 0 1 0
880	4	 1 1 1 1 1 0 1 0 0 0 0 1 1 1 1 0 0 0 0 0
880	9	 1 1 1 1 1 1 1 1 1 0 0 1 1 0 1 0 0 0 0 0
880	5	 1 1 1 1 1 1 0 1 0 0 0 0 0 0 1 0 0 0 1 0
880	4	 1 0 1 1 0 0 1 0 0 1 0 0 0 0 1 0 1 0 0 0
880	1	 1 0 1 1 0 0 1 0 0 0 0 0 0 0 1 0 0 0 0 0
880	3	 1 1 1 1 0 1 1 0 0 0 0 0 1 1 1 0 0 0 0 0
880	3	 1 1 1 1 1 1 1 1 0 0 0 1 0 1 1 0 0 0 0 0
880	3	 1 0 1 1 0 0 1 0 0 1 0 0 0 1 1 0 0 0 0 0
880	5	 1 0 1 1 1 1 1 1 1 0 0 1 0 0 1 0 0 0 0 0
880	5	 1 1 1 1 1 1 1 0 1 0 0 1 1 1 1 0 0 0 0 0
880	1	 1 1 0 1 0 0 0 0 0 0 0 1 1 0 1 0 0 0 0 0
880	1	 1 1 1 1 0 0 0 1 0 0 0 1 1 0 1 1 0 0 1 0
880	2	 1 1 1 1 1 0 1 0 1 0 0 1 0 0 1 0 0 1 0 0
880	2	 1 1 0 1 1 1 0 0 0 0 0 1 0 0 1 0 0 0 0 0
880	1	 1 0 1 1 1 1 0 0 0 0 0 1 0 1 1 0 1 0 0 0
880	1	 1 1 1 1 0 0 0 0 0 1 0 0 1 1 1 0 1 0 0 0
880	2	 1 1 1 1 1 0 1 0 1 0 0 1 1 1 1 0 0 0 0 0
880	3	 1 1 1 1 1 0 1 1 0 0 0 0 0 0 1 0 0 1 0 0
880	1	 1 1 0 1 1 0 1 0 0 0 0 1 1 1 1 1 0 0 0 0
880	3	 0 1 1 1 1 0 1 1 0 0 0 0 0 0 1 0 0 1 0 0
880	2	 1 1 1 1 0 1 1 0 0 0 0 0 1 0 0 1 0 0 0 0
880	3	 1 1 1 1 1 0 1 1 0 0 0 1 1 1 1 0 1 0 0 1
880	1	 1 1 1 1 1 1 1 1 0 0 0 1 0 0 1 1 0 0 0 0
880	1	 1 1 1 1 1 0 1 1 1 0 0 1 1 0 1 1 1 0 1 0
880	1	 1 1 1 1 1 1 1 0 0 0 0 0 0 1 1 0 1 0 0 0
880	1	 1 1 1 1 1 0 1 1 0 0 0 0 1 1 1 0 1 0 0 0
880	1	 1 1 1 1 1 1 0 0 0 0 0 1 1 0 1 1 1 0 0 0
880	1	 1 1 1 1 0 1 1 0 0 0 0 1 1 0 1 0 0 0 0 0
880	3	 1 1 1 1 1 1 1 0 0 0 0 0 0 1 1 0 0 0 0 0
880	1	 1 1 1 1 1 0 1 1 0 0 0 0 0 0 1 0 1 0 0 0
880	1	 1 1 0 1 1 1 1 1 0 0 0 0 1 1 1 0 1 1 0 0
880	2	 1 0 1 1 1 1 0 0 0 0 0 0 1 1 1 0 1 0 0 0
880	2	 1 0 1 1 1 1 1 1 0 1 0 1 1 0 1 0 0 0 0 0
880	2	 1 0 1 1 1 1 1 0 0 0 1 0 1 1 1 0 0 0 0 0
880	2	 1 0 1 1 1 1 1 1 0 1 0 1 0 0 1 0 0 0 0 0
880	2	 1 1 1 1 0 1 1 0 0 0 0 0 1 1 0 0 0 1 0 1
1000	22	 1 1 1 1 1 1 1 1 0 0 0 0 1 1 1 0 0 0 0 0
1000	7	 1 1 1 1 1 1 1 0 0 0 0 1 1 0 1 0 0 0 0 0
1000	56	 1 1 1 1 0 1 1 0 0 0 0 0 0 1 1 0 0 0 0 0
1000	13	 1 1 1 1 0 0 1 0 0 0 0 0 1 1 1 0 0 0 0 0
1000	24	 1 1 1 1 1 0 1 0 1 0 0 1 0 0 1 1 0 0 0 0
1000	12	 1 1 1 1 0 1 1 1 0 0 0 0 1 1 1 0 0 0 0 0
1000	7	 1 1 1 1 0 0 1 1 0 0 0 1 1 0 1 1 0 0 0 0
1000	4	 1 1 1 1 1 1 1 1 0 0 0 0 1 0 1 0 0 0 0 0
1000	6	 1 0 1 1 1 1 1 1 0 0 0 0 1 1 1 0 0 0 0 0
1000	15	 1 1 1 1 1 0 1 0 1 0 0 1 1 0 1 1 0 0 0 0
1000	26	 1 1 1 1 0 1 1 0 0 0 0 0 1 1 1 0 0 0 0 0
1000	1	 1 1 1 1 0 0 1 1 0 0 0 1 1 0 1 0 0 0 0 0
1000	32	 1 1 1 1 1 1 1 1 1 0 0 0 1 1 1 0 0 0 0 0
1000	20	 1 1 1 1 0 1 1 0 1 0 0 1 1 1 0 0 0 0 0 0
1000	15	 0 1 1 1 1 1 1 1 0 0 0 0 1 1 1 0 0 0 0 0
1000	49	 1 1 1 1 1 1 1 0 0 0 0 0 1 1 1 0 0 0 0 0
1000	2	 1 1 1 1 0 1 1 0 0 0 0 0 1 1 0 0 0 0 0 0
1000	26	 1 1 1 1 0 1 1 0 0 0 0 0 1 0 1 0 0 0 0 0
1000	11	 1 1 1 1 1 1 1 1 0 0 0 1 1 0 1 0 0 0 0 0
1000	59	 1 1 1 1 0 0 1 0 0 0 0 0 1 0 1 0 0 0 0 0
1000	64	 1 1 1 1 0 0 1 1 0 0 0 1 1 1 1 1 0 0 0 0
1000	6	 1 0 0 1 1 0 1 0 0 0 0 1 1 0 1 0 0 0 0 0
1000	11	 1 1 1 1 1 1 1 0 0 0 1 1 1 1 1 1 0 0 0 0
1000	13	 1 1 1 0 1 1 1 1 1 0 0 0 1 1 1 0 0 0 0 0
1000	2	 1 1 1 1 0 1 1 0 0 0 1 0 1 1 1 0 0 0 0 0
1000	5	 1 1 1 1 1 0 1 0 1 0 0 1 1 0 1 0 0 0 0 0
1000	23	 1 1 0 1 1 1 1 1 0 0 0 0 1 1 1 1 0 0 0 0
1000	7	 1 1 1 1 0 1 1 1 1 0 0 0 1 1 1 0 0 0 0 0
1000	9	 1 1 1 1 0 0 1 1 0 0 0 0 1 1 1 0 0 0 0 0
1000	2	 1 1 1 1 0 0 1 1 0 0 0 1 1 0 0 0 0 0 0 0
1000	11	 1 1 1 1 1 1 1 1 0 0 0 1 1 1 0 0 0 0 0 0
1000	6	 1 1 0 1 1 1 1 1 0 0 0 0 1 1 1 0 0 0 0 0
1000	6	 1 1 1 1 1 1 1 1 0 0 0 0 1 1 1 0 1 0 0 0
1000	17	 1 1 1 1 1 0 1 0 0 0 0 1 1 1 1 1 0 0 0 0
1000	1	 0 0 1 1 1 1 1 1 0 0 0 0 1 1 1 0 0 0 0 0
1000	6	 1 1 1 1 1 1 1 1 1 0 1 0 1 1 0 0 0 0 0 0
1000	60	 1 1 1 1 1 1 1 0 1 0 0 0 0 1 1 0 0 0 0 0
1000	15	 1 1 1 1 1 1 1 0 0 0 0 0 1 0 1 0 0 0 0 0
1000	6	 1 1 1 1 0 1 1 1 0 0 0 0 1 0 1 0 0 0 0 0
1000	3	 1 0 0 1 1 0 1 0 0 0 0 0 1 0 1 0 0 0 0 0
1000	8	 1 0 0 1 1 0 1 0 0 0 0 1 1 1 1 1 0 0 0 0
1000	4	 1 1 0 1 0 1 1 0 1 0 0 1 1 1 0 0 0 0 0 0
1000	3	 1 0 1 0 1 1 1 1 1 0 0 0 1 1 1 0 0 0 0 0
1000	8	 1 1 1 1 1 1 0 1 0 0 0 0 1 0 1 0 0 0 0 0
1000	6	 1 1 1 0 1 1 1 1 0 0 0 0 0 1 1 0 0 0 0 0
1000	11	 1 0 1 1 1 1 1 1 1 0 0 0 1 1 1 0 0 0 0 0
1000	3	 1 1 1 1 1 0 1 0 1 0 0 1 1 1 1 0 0 0 0 0
1000	12	 1 1 1 1 1 0 1 1 1 0 0 0 1 1 1 0 0 0 0 0
1000	1	 1 1 1 1 0 1 1 0 0 0 0 1 1 1 1 1 0 0 0 0
1000	4	 1 1 1 1 0 1 1 0 1 0 0 1 1 0 0 0 0 0 1 0
1000	5	 1 1 1 1 1 0 1 0 1 0 0 0 0 1 1 0 1 0 0 0
1000	10	 1 1 1 1 0 1 1 1 0 0 0 1 1 0 1 0 0 0 0 0
1000	17	 1 1 1 1 1 1 1 0 0 0 0 0 1 0 1 1 0 0 0 0
1000	9	 1 1 0 1 0 1 1 0 0 0 0 0 1 0 1 0 0 0 0 0
1000	12	 1 1 1 1 0 0 1 1 1 0 0 0 1 1 1 0 0 0 0 0
1000	2	 1 1 1 1 0 1 1 0 1 0 0 0 0 1 1 0 0 0 0 0
1000	2	 1 1 1 1 0 1 1 1 0 0 0 1 1 1 1 0 0 0 0 0
1000	1	 1 1 1 1 1 0 1 0 1 0 0 1 1 1 1 1 0 0 0 0
1000	2	 1 1 1 1 0 0 1 0 1 0 0 1 1 0 1 1 0 0 0 0
1000	3	 1 1 0 1 1 1 1 1 1 0 0 0 1 1 1 1 0 0 0 0
1000	5	 1 1 1 1 0 0 1 1 0 0 0 1 1 1 0 1 0 0 0 0
1000	2	 1 1 1 1 1 1 1 0 1 0 0 0 1 0 1 0 0 0 0 0
1000	2	 1 1 1 1 0 0 1 0 0 0 0 0 1 0 1 0 1 0 0 0
1000	2	 1 1 1 1 1 0 1 0 1 0 0 1 0 1 1 0 0 0 0 0
1000	6	 1 1 1 1 1 1 1 0 0 0 0 0 1 1 1 1 0 0 0 0
1000	3	 1 1 1 1 1 1 1 0 0 0 0 0 1 1 1 0 1 0 0 0
1000	4	 1 1 1 1 0 0 1 1 0 0 0 0 1 1 1 1 0 0 0 0
1000	6	 1 1 1 1 1 1 1 0 0 0 0 1 1 0 1 0 1 0 0 0
1000	13	 1 0 0 1 1 0 1 0 0 0 0 0 1 1 1 0 0 0 0 0
1000	1	 1 1 1 1 0 0 1 1 0 0 0 0 1 0 1 0 0 0 0 1
1000	1	 1 1 1 1 1 0 1 0 1 1 0 1 1 0 1 1 0 0 0 0
1000	5	 1 1 1 1 1 1 1 1 1 1 0 0 1 1 1 0 0 0 0 0
1000	11	 1 0 1 1 0 1 1 1 0 0 0 1 1 0 1 1 0 0 0 0
1000	1	 1 1 1 1 0 1 1 1 0 1 0 0 0 1 0 0 0 0 0 0
1000	6	 1 1 1 1 0 0 1 0 0 0 0 0 0 1 1 0 0 0 0 0
1000	2	 1 1 1 1 0 1 1 0 0 0 0 0 0 1 1 0 0 0 0 1
1000	9	 1 1 1 1 0 0 0 0 0 0 0 0 1 0 1 0 0 0 0 0
1000	5	 1 1 1 1 0 0 1 1 0 0 1 1 1 1 1 1 0 0 0 0
1000	2	 1 1 1 1 0 1 1 1 1 1 0 0 1 1 1 0 0 0 0 0
1000	4	 1 1 0 1 1 0 1 0 0 0 0 1 1 1 1 1 0 0 0 0
1000	3	 1 1 1 1 0 1 1 1 0 0 0 0 1 1 1 0 0 0 1 0
1000	2	 1 1 1 1 1 1 1 1 1 0 0 1 1 1 1 0 0 0 0 0
1000	1	 1 1 1 1 0 1 1 0 1 0 0 0 1 0 1 0 0 0 0 0
1000	8	 1 1 1 1 1 0 1 1 0 0 0 1 1 1 1 1 0 0 0 0
1000	7	 1 1 1 1 1 1 1 1 0 0 0 0 1 1 1 0 1 1 0 0
1000	1	 1 1 1 1 0 1 1 0 1 0 0 1 1 1 1 1 0 0 0 0
1000	6	 1 1 1 1 0 1 1 0 0 0 0 0 0 1 1 1 0 0 0 0
1000	3	 0 1 1 1 1 0 1 1 0 0 0 0 1 1 1 0 0 0 0 0
1000	4	 0 1 1 1 1 1 1 1 0 0 0 0 1 1 1 0 0 1 0 0
1000	2	 1 1 1 1 0 0 1 0 1 0 0 0 1 0 1 0 0 0 0 0
1000	6	 1 1 1 0 1 1 1 1 1 0 0 0 1 0 1 0 0 0 0 0
1000	5	 1 1 1 1 1 1 1 0 1 0 0 0 0 1 1 0 0 0 1 0
1000	2	 1 1 1 1 1 0 1 0 1 0 0 1 1 1 1 0 1 0 0 0
1000	2	 1 1 1 1 1 0 1 0 1 0 0 1 1 1 1 0 0 1 0 0
1000	5	 1 1 1 1 0 1 1 0 0 0 0 1 1 0 1 0 0 0 0 0
1000	3	 1 1 1 1 1 1 1 1 1 0 0 0 1 1 1 0 1 0 0 0
1000	3	 1 1 1 1 0 1 1 0 1 0 0 0 1 1 1 0 0 0 0 0
1000	2	 1 1 1 0 1 1 1 1 1 0 0 0 1 1 1 0 1 0 0 1
1000	1	 1 1 1 1 0 0 1 1 0 0 0 0 0 1 1 1 0 0 0 0
1000	1	 1 0 1 0 1 1 1 1 1 0 0 0 1 1 1 1 0 0 0 0
1000	1	 1 1 1 1 1 0 1 1 0 0 0 1 1 0 1 0 0 0 0 0
1000	1	 1 1 0 1 1 1 1 0 0 0 0 1 1 0 1 0 0 0 0 0
1000	2	 1 1 1 1 1 0 1 0 1 0 0 1 0 0 1 0 0 0 0 0
1000	1	 1 1 1 1 0 1 1 0 0 0 0 0 1 1 1 0 0 0 1 0
1000	3	 1 0 0 1 0 0 1 0 0 0 0 1 1 0 1 0 0 0 0 0
1000	5	 1 1 1 1 1 1 0 1 1 0 1 0 1 1 0 0 0 0 0 0
1000	2	 1 1 1 1 1 1 1 1 1 0 0 0 0 1 1 0 0 0 0 0
1000	2	 1 1 1 1 0 0 1 1 0 0 0 0 1 0 1 0 0 0 0 0
1000	1	 1 1 1 1 1 0 1 0 0 0 0 1 0 1 1 0 0 0 0 0
1000	2	 1 1 0 1 1 1 1 1 1 0 0 1 0 1 1 0 0 0 0 0
1000	1	 1 1 1 1 1 1 1 1 0 0 0 1 1 1 1 0 0 0 0 0
1000	4	 1 1 0 1 0 1 1 0 0 0 0 0 1 1 1 0 0 0 0 0
1000	1	 1 1 1 1 0 1 1 1 1 0 0 1 1 1 0 0 0 0 0 0
1000	1	 0 1 1 0 1 1 1 1 0 0 0 0 1 1 1 0 0 0 0 0
1000	3	 1 1 1 1 1 1 1 0 0 0 0 0 1 1 1 0 0 0 1 0
1000	3	 1 1 1 0 0 0 1 0 0 0 0 0 1 0 1 0 0 0 0 0
1000	1	 1 1 1 1 1 1 1 0 0 0 0 0 0 0 1 0 0 0 0 0
1000	2	 1 1 1 1 1 1 0 1 0 0 0 0 1 1 1 0 0 0 0 0
1000	1	 1 1 1 1 1 1 0 1 0 0 0 0 1 0 1 0 1 0 0 0
1000	2	 1 1 1 1 0 0 1 1 1 0 0 0 1 1 1 1 0 0 0 0
1000	1	 1 1 0 1 0 1 1 0 0 0 0 1 0 1 1 0 0 0 0 0
