0	250	 0 0 0 1 0 0 0 0 0 0 1 0 0 0 0 0 1 0 0 0
0	250	 0 1 0 0 0 0 0 0 0 0 0 0 0 0 0 0 0 0 0 0
0	250	 0 1 0 0 0 0 0 1 0 0 0 0 0 0 1 0 1 0 0 1
0	250	 0 0 0 0 0 0 0 0 1 0 0 0 0 0 0 1 0 0 1 0
10	316	 0 0 0 1 0 0 0 0 0 0 1 0 0 0 0 0 1 0 0 0
10	117	 0 1 0 0 0 0 0 0 0 0 0 0 0 0 0 0 0 0 0 0
10	121	 0 1 0 0 0 0 0 1 0 0 0 0 0 0 1 0 1 0 0 1
10	186	 0 0 0 0 0 0 0 0 1 0 0 0 0 0 0 1 0 0 1 0
10	11	 0 0 0 0 0 0 0 0 0 0 0 0 0 0 0 0 0 0 0 0
10	6	 0 0 0 1 0 0 0 0 0 0 1 0 0 0 0 1 1 0 0 0
10	10	 0 0 0 1 0 0 0 0 0 0 0 0 0 0 0 0 1 0 0 0
10	2	 0 1 0 0 0 1 0 0 0 0 0 0 0 0 0 0 0 0 0 0
10	4	 0 0 0 1 0 0 0 0 0 0 0 0 0 0 1 0 1 0 0 1
10	5	 0 0 0 0 0 0 0 0 1 0 0 0 0 0 1 0 1 0 0 1
10	5	 0 0 0 1 0 1 0 0 0 0 1 0 0 0 0 0 1 0 0 0
10	11	 0 1 0 0 0 0 1 1 0 0 0 0 0 0 1 0 1 0 0 1
10	2	 0 0 0 0 0 0 0 1 0 0 0 0 0 0 1 0 1 0 0 1
10	2	 0 0 0 0 0 0 0 0 1 1 0 0 0 0 0 1 0 0 1 0
10	10	 1 0 0 0 0 0 0 0 0 0 0 0 0 0 0 1 0 0 1 0
10	3	 0 0 0 1 0 0 0 0 0 0 1 0 0 0 1 0 1 0 0 1
10	7	 0 0 0 1 0 0 0 0 1 0 1 0 0 0 0 0 1 0 0 0
10	6	 0 0 0 1 0 0 1 0 0 0 1 0 0 0 0 0 1 0 0 0
10	1	 0 1 0 0 0 0 0 0 0 0 0 0 0 0 0 0 1 0 0 0
10	5	 0 1 0 0 0 0 0 0 0 0 0 0 0 0 0 0 0 0 1 0
10	1	 1 1 0 0 0 0 0 1 0 0 0 0 0 0 1 0 1 0 0 1
10	1	 0 1 0 0 0 1 0 1 0 0 0 0 0 0 1 0 1 0 0 1
10	1	 1 0 0 0 0 0 0 0 1 0 0 0 0 0 1 0 1 0 0 1
10	12	 0 1 0 0 0 0 0 1 0 0 0 0 0 0 1 0 1 0 0 0
10	6	 0 1 0 0 0 0 0 1 0 0 0 0 0 0 0 1 0 0 1 0
10	12	 0 0 0 1 0 0 0 0 0 0 1 0 0 0 1 0 1 0 0 0
10	4	 0 1 0 0 0 0 0 1 0 0 0 0 0 0 1 0 1 0 1 1
10	10	 0 1 0 0 0 0 0 1 0 0 0 0 0 0 1 0 0 0 0 1
10	3	 0 1 0 0 0 0 0 0 0 0 0 0 0 0 1 0 1 0 0 1
10	5	 0 1 0 0 0 0 0 0 0 0 1 0 0 0 0 0 1 0 0 0
10	8	 0 1 0 1 0 0 0 0 0 0 1 0 0 0 0 0 1 0 0 0
10	2	 0 1 0 0 0 0 0 1 1 0 0 0 0 0 0 1 0 0 1 0
10	3	 0 1 0 0 0 0 0 1 0 0 0 0 0 0 1 1 1 0 0 1
10	3	 0 0 0 0 0 0 0 0 1 0 1 0 0 0 0 1 0 0 1 0
10	5	 0 0 0 0 0 0 0 0 1 0 0 0 0 0 0 1 0 0 0 0
10	3	 0 0 0 1 0 0 0 0 1 0 0 0 0 0 0 1 0 0 1 0
10	2	 0 0 0 0 0 0 0 0 0 0 1 0 0 0 0 0 0 0 0 0
10	1	 1 0 0 0 0 0 0 0 1 0 0 1 0 0 0 0 1 0 0 1
10	3	 0 1 0 0 0 0 0 1 0 0 0 0 0 0 0 0 1 0 0 0
10	2	 0 1 0 0 0 1 0 0 1 0 0 0 0 0 0 1 0 0 1 0
10	1	 0 0 0 1 0 0 0 1 0 0 0 0 0 0 1 0 1 0 0 1
10	14	 0 0 0 1 0 0 0 0 0 0 1 1 0 0 0 0 1 0 0 0
10	2	 0 0 0 1 0 0 0 0 0 0 1 0 0 0 0 0 1 0 1 0
10	8	 1 0 0 1 0 0 0 0 0 0 1 0 0 0 1 0 1 0 0 0
10	2	 0 1 0 1 0 0 0 0 0 0 0 0 0 0 0 0 0 1 0 0
10	4	 0 0 0 1 0 0 0 0 0 0 0 0 0 0 0 0 0 0 0 0
10	2	 0 1 0 0 0 0 1 1 0 0 0 0 0 0 1 0 1 0 0 0
10	5	 0 0 0 1 0 0 0 0 0 1 1 0 0 0 0 0 1 0 0 0
10	5	 0 0 1 1 0 0 0 0 0 0 1 0 0 0 0 0 1 0 0 0
10	3	 0 1 0 0 0 0 0 0 1 0 0 0 0 0 0 0 0 0 0 0
10	4	 0 1 0 0 0 0 0 0 0 0 1 0 0 0 0 0 0 0 0 0
10	8	 0 0 0 1 0 0 0 0 0 0 1 1 0 0 0 1 1 0 0 0
10	4	 1 1 0 0 0 0 1 1 0 0 0 0 0 0 1 0 1 0 0 1
10	4	 1 0 0 0 0 0 0 0 1 0 0 0 0 0 1 0 0 0 0 1
10	1	 0 0 0 1 0 0 0 1 0 0 0 0 0 0 1 0 0 0 0 1
10	2	 0 0 0 0 0 0 0 0 0 0 1 0 0 0 0 0 1 0 0 0
10	3	 0 1 0 0 0 0 0 0 0 0 0 0 0 0 0 1 0 0 0 0
10	1	 1 1 0 0 0 0 0 0 0 0 0 0 0 0 0 0 0 0 0 0
10	1	 0 1 0 0 0 0 0 1 0 0 0 0 0 1 1 0 1 0 0 1
10	1	 0 0 0 0 0 0 0 0 1 0 0 0 0 0 0 1 1 0 1 0
10	1	 0 0 0 0 0 0 0 0 1 0 1 0 0 0 0 0 1 0 0 0
10	1	 0 0 0 1 0 0 0 0 0 0 1 0 0 0 0 0 1 0 0 1
10	1	 0 0 0 1 0 0 0 0 0 0 1 0 0 0 0 0 1 1 0 0
10	1	 0 1 1 0 0 0 0 0 0 0 0 0 0 0 0 0 0 0 0 0
10	1	 0 1 0 0 0 0 0 0 0 0 0 0 0 1 0 0 0 0 0 0
10	2	 0 1 0 0 0 0 0 1 0 0 0 1 0 0 1 0 1 0 0 1
10	1	 0 0 0 0 0 0 0 0 1 0 0 1 0 0 0 1 0 0 1 0
25	249	 0 0 0 1 0 0 0 0 0 0 1 0 0 0 0 0 1 0 0 0
25	18	 0 1 0 0 0 0 0 0 0 0 0 0 0 0 0 0 0 0 0 0
25	35	 0 1 0 0 0 0 0 1 0 0 0 0 0 0 1 0 1 0 0 1
25	92	 0 0 0 0 0 0 0 0 1 0 0 0 0 0 0 1 0 0 1 0
25	18	 0 0 0 0 0 0 0 0 0 0 0 0 0 0 0 0 0 0 0 0
25	16	 0 0 0 1 0 0 0 0 0 0 1 0 0 0 0 1 1 0 0 0
25	13	 0 0 0 1 0 0 0 0 0 0 0 0 0 0 0 0 1 0 0 0
25	7	 0 0 0 1 0 1 0 0 0 0 1 0 0 0 0 0 1 0 0 0
25	45	 0 1 0 0 0 0 1 1 0 0 0 0 0 0 1 0 1 0 0 1
25	6	 0 0 0 0 0 0 0 0 1 1 0 0 0 0 0 1 0 0 1 0
25	7	 0 1 0 0 0 0 0 1 0 0 0 0 0 0 1 0 1 0 0 0
25	3	 0 1 0 0 0 0 0 0 0 0 0 0 0 0 1 0 1 0 0 1
25	3	 0 1 0 0 0 0 0 0 0 0 1 0 0 0 0 0 1 0 0 0
25	18	 0 1 0 1 0 0 0 0 0 0 1 0 0 0 0 0 1 0 0 0
25	1	 0 0 0 1 0 0 0 0 1 0 0 0 0 0 0 1 0 0 1 0
25	5	 0 0 0 0 0 0 0 0 0 0 1 0 0 0 0 0 0 0 0 0
25	7	 1 0 0 0 0 0 0 0 1 0 0 1 0 0 0 0 1 0 0 1
25	17	 0 1 0 0 0 0 0 1 0 0 0 0 0 0 0 0 1 0 0 0
25	26	 0 0 0 1 0 0 0 0 0 0 1 1 0 0 0 0 1 0 0 0
25	8	 1 0 0 1 0 0 0 0 0 0 1 0 0 0 1 0 1 0 0 0
25	14	 0 1 0 0 0 0 1 1 0 0 0 0 0 0 1 0 1 0 0 0
25	54	 0 0 0 1 0 0 0 0 0 1 1 0 0 0 0 0 1 0 0 0
25	41	 0 1 0 0 0 0 0 0 1 0 0 0 0 0 0 0 0 0 0 0
25	6	 1 1 0 0 0 0 1 1 0 0 0 0 0 0 1 0 1 0 0 1
25	7	 1 0 0 0 0 0 0 0 1 0 0 0 0 0 1 0 0 0 0 1
25	8	 0 0 0 0 0 0 0 0 0 0 1 0 0 0 0 0 1 0 0 0
25	4	 0 1 0 0 0 0 0 0 0 0 0 0 0 0 0 1 0 0 0 0
25	4	 0 0 0 0 0 0 0 0 1 0 0 0 0 0 0 1 1 0 1 0
25	14	 0 0 0 1 0 0 0 0 0 0 1 0 0 0 0 0 1 1 0 0
25	4	 0 0 0 0 0 0 0 0 1 0 0 1 0 0 0 1 0 0 1 0
25	15	 0 0 0 1 0 0 0 0 0 0 1 0 0 0 0 1 0 0 1 0
25	3	 0 0 0 1 0 0 0 1 0 0 1 0 0 0 0 0 1 0 0 0
25	8	 0 1 0 1 0 0 0 0 0 0 1 0 0 0 0 0 1 0 1 0
25	3	 0 0 0 1 1 0 0 0 0 0 1 0 0 0 0 0 1 0 0 0
25	5	 0 1 0 1 0 0 0 0 1 0 1 0 0 0 0 0 1 0 0 0
25	2	 0 0 0 1 0 0 0 0 0 0 1 0 0 0 1 1 0 0 1 0
25	8	 0 0 1 0 0 0 0 0 1 0 0 0 0 0 0 1 0 0 1 0
25	1	 0 1 1 1 0 0 0 0 0 0 1 0 0 0 0 0 1 0 1 0
25	8	 0 0 0 1 0 0 0 0 0 0 1 0 0 0 0 0 0 0 1 0
25	3	 0 1 0 0 0 0 0 0 0 0 0 0 0 0 0 0 1 0 0 0
25	5	 0 0 0 1 0 0 0 0 0 0 1 0 0 0 0 0 0 0 0 0
25	4	 0 1 0 0 0 0 0 1 0 0 0 0 0 1 1 0 1 0 0 1
25	9	 0 1 0 1 0 0 0 0 0 0 1 0 0 0 0 1 0 0 1 0
25	2	 0 1 0 0 0 0 0 1 0 0 0 0 0 0 0 1 0 1 1 0
25	7	 0 0 0 0 0 0 0 0 1 0 0 0 0 0 0 0 0 0 0 0
25	2	 0 0 0 1 0 0 0 0 0 0 0 0 0 0 1 0 1 0 0 0
25	8	 1 0 0 1 0 0 0 0 0 0 1 0 0 0 0 0 1 0 0 0
25	2	 0 0 0 1 0 1 0 0 0 0 1 1 0 0 0 0 1 0 0 0
25	2	 0 0 0 1 0 0 0 0 0 0 1 0 0 0 1 0 1 1 0 0
25	1	 0 0 1 0 0 0 0 0 1 0 0 0 0 0 0 1 0 0 0 0
25	5	 0 1 0 0 0 0 0 1 0 0 0 1 0 0 0 0 1 0 0 1
25	1	 0 1 0 0 0 0 0 1 0 0 0 1 0 0 0 1 0 1 1 0
25	2	 0 0 1 1 0 0 1 0 0 0 1 0 0 0 0 0 1 0 0 0
25	2	 0 0 0 1 0 0 0 0 0 0 1 1 0 0 0 0 1 0 0 1
25	1	 0 1 0 0 0 0 1 1 0 0 0 0 0 0 1 0 0 0 0 0
25	2	 1 0 1 0 0 0 0 0 1 0 0 0 0 0 1 0 0 0 0 1
25	3	 0 0 0 0 0 0 0 0 1 0 0 0 0 0 1 0 1 0 0 1
25	1	 0 1 0 0 0 0 1 1 1 0 0 0 0 0 0 1 0 0 1 0
25	4	 0 0 0 1 0 0 0 0 0 0 1 0 0 1 0 0 1 0 0 0
25	17	 0 0 0 0 0 0 0 0 1 0 1 0 0 0 0 1 0 0 1 0
25	4	 0 1 0 0 0 1 0 1 0 0 0 0 0 0 1 0 1 0 0 0
25	1	 0 1 0 1 0 0 0 1 0 0 0 0 0 0 1 0 1 0 0 0
25	6	 0 1 0 0 0 0 1 1 0 0 1 0 0 0 1 0 1 0 0 0
25	4	 0 0 0 1 1 0 0 0 0 0 1 0 1 0 0 0 1 0 0 0
25	4	 0 1 0 0 1 0 0 0 0 0 1 0 0 0 0 0 1 0 0 0
25	2	 0 1 0 1 0 0 1 0 0 0 1 0 0 0 0 0 1 0 0 0
25	3	 0 1 0 1 0 0 0 0 0 0 1 1 0 0 0 0 1 0 0 0
25	2	 0 1 0 0 0 0 1 1 0 0 1 0 0 0 1 1 1 0 0 0
25	4	 0 0 1 1 0 0 0 0 0 0 1 0 0 0 0 0 1 0 0 0
25	10	 0 0 0 1 0 0 0 0 0 0 1 0 0 1 1 0 1 0 0 1
25	2	 0 1 0 0 0 0 1 1 0 0 1 0 0 0 0 0 1 0 0 0
25	4	 0 0 0 1 0 0 0 0 0 0 1 0 0 0 1 0 1 0 0 0
25	4	 0 1 0 0 0 0 0 0 1 0 0 0 0 0 0 1 0 0 1 0
25	7	 0 0 0 0 0 0 0 0 1 0 0 0 0 0 0 1 0 0 0 0
25	3	 0 0 0 1 0 0 0 0 0 0 0 0 0 0 0 1 1 0 0 0
25	7	 0 1 0 0 0 0 0 0 0 0 1 0 0 0 0 1 0 0 0 0
25	3	 0 0 0 1 0 0 1 0 0 0 1 0 0 0 0 0 1 1 0 0
25	4	 0 0 0 0 0 0 0 0 1 0 1 0 0 0 0 1 1 0 1 0
25	2	 0 1 0 0 0 0 0 1 0 0 0 0 0 0 1 0 0 0 0 0
25	3	 0 1 0 0 0 0 1 1 0 0 0 0 0 0 1 1 1 0 0 1
25	3	 0 1 0 0 1 0 1 1 0 0 0 0 0 0 1 0 1 0 0 1
25	1	 1 0 0 1 0 0 0 0 1 0 1 0 0 0 1 0 1 0 0 0
25	2	 1 1 0 0 0 0 1 1 0 0 0 0 0 0 1 0 1 0 0 0
25	4	 0 0 0 1 1 0 0 0 0 0 1 1 0 0 0 1 1 0 0 0
25	1	 0 0 0 1 0 0 0 0 1 0 0 0 0 0 0 1 1 0 1 0
25	4	 0 1 0 0 0 0 1 0 0 0 1 0 0 0 1 0 1 0 0 0
25	1	 0 0 0 1 0 0 0 0 0 0 0 0 0 0 0 0 0 0 0 0
25	1	 0 1 0 0 0 0 0 0 0 0 0 0 0 0 0 0 0 0 0 1
25	2	 0 1 0 0 0 0 0 1 0 0 0 0 0 0 0 0 0 0 1 0
25	1	 0 0 0 0 0 0 0 0 1 0 0 0 0 0 0 1 1 0 0 0
25	1	 0 0 0 0 0 0 0 0 1 0 0 0 0 0 0 0 1 0 0 1
25	1	 0 1 0 0 0 0 1 1 0 0 0 0 0 0 1 0 0 0 1 0
25	2	 0 1 0 1 0 0 0 0 0 0 1 0 0 0 0 0 0 0 0 0
25	1	 0 1 0 0 0 0 0 1 0 0 0 0 0 0 0 0 1 0 0 1
25	1	 0 1 0 0 1 0 1 1 0 0 0 0 0 0 1 0 1 0 0 0
25	1	 0 0 0 1 0 0 0 0 0 1 1 1 0 0 0 0 1 0 0 0
25	3	 0 1 0 0 0 0 0 0 1 0 0 0 0 0 0 0 0 1 0 0
25	3	 0 0 0 0 0 0 0 0 0 0 1 0 0 0 0 0 0 0 1 0
25	1	 0 1 0 0 0 0 0 1 0 1 0 0 0 0 0 1 0 1 1 0
25	1	 0 0 0 1 0 0 0 0 0 0 0 0 0 0 1 0 1 0 1 0
70	218	 0 0 0 1 0 0 0 0 0 0 1 0 0 0 0 0 1 0 0 0
70	2	 0 1 0 0 0 0 0 1 0 0 0 0 0 0 1 0 1 0 0 1
70	40	 0 0 0 1 0 0 0 0 0 0 1 0 0 0 0 1 1 0 0 0
70	9	 0 0 0 1 0 0 0 0 0 0 0 0 0 0 0 0 1 0 0 0
70	6	 0 1 0 1 0 0 0 0 0 0 1 0 0 0 0 0 1 0 0 0
70	36	 0 0 0 1 0 0 0 0 0 0 1 1 0 0 0 0 1 0 0 0
70	53	 0 0 0 1 0 0 0 0 0 1 1 0 0 0 0 0 1 0 0 0
70	43	 0 1 0 0 0 0 0 0 1 0 0 0 0 0 0 0 0 0 0 0
70	20	 0 1 0 1 0 0 0 0 1 0 1 0 0 0 0 0 1 0 0 0
70	12	 0 0 0 1 0 0 0 0 0 0 1 0 0 0 0 0 0 0 0 0
70	16	 0 0 1 1 0 0 0 0 0 0 1 0 0 0 0 0 1 0 0 0
70	17	 0 0 0 1 0 0 0 0 0 0 1 0 0 0 1 0 1 0 0 0
70	21	 0 0 1 1 0 0 0 0 0 0 1 0 0 0 0 1 1 0 0 0
70	2	 0 1 0 0 0 0 0 0 0 0 1 0 0 0 0 1 1 0 0 0
70	18	 0 1 0 0 1 0 0 0 1 0 0 0 0 0 0 0 0 0 0 0
70	16	 1 1 0 0 0 0 0 0 1 0 0 0 0 0 0 0 0 0 0 0
70	33	 0 0 0 1 1 0 0 0 0 0 1 0 0 0 0 0 1 0 0 0
70	6	 0 0 0 1 0 0 0 0 1 0 1 0 0 0 0 0 1 0 0 0
70	13	 0 1 0 0 0 0 0 0 1 0 0 0 0 0 0 0 0 1 0 0
70	16	 0 1 0 1 0 0 0 0 0 0 0 0 0 0 0 0 1 0 0 0
70	4	 0 0 0 1 0 0 0 1 0 0 1 0 0 0 0 0 0 0 0 0
70	4	 0 0 0 1 0 0 0 0 0 0 1 1 1 0 0 0 1 0 0 0
70	2	 0 1 0 1 0 0 0 0 0 0 1 1 0 0 0 0 1 0 0 0
70	7	 0 1 0 1 0 0 0 0 0 0 1 0 0 0 1 0 1 0 0 0
70	7	 0 1 0 1 0 0 0 1 0 0 0 0 0 0 0 0 1 0 0 0
70	10	 0 0 0 1 1 0 0 0 0 1 1 0 1 0 0 0 1 0 0 0
70	2	 0 1 0 0 0 0 0 0 0 0 0 0 0 0 0 0 0 0 0 1
70	3	 0 1 0 0 0 0 0 0 1 0 1 0 0 0 0 0 0 0 0 1
70	27	 0 0 0 1 0 0 0 0 0 1 1 0 1 0 0 0 1 0 0 0
70	10	 1 1 0 0 0 0 1 1 0 0 0 0 0 0 0 0 0 0 0 0
70	5	 0 0 0 1 0 0 0 0 0 0 1 0 0 0 0 0 1 0 1 0
70	11	 0 0 0 0 0 0 0 0 0 0 1 0 0 0 0 0 0 0 0 1
70	11	 0 0 1 1 0 0 0 0 0 0 1 0 0 1 0 0 1 0 0 0
70	11	 0 1 0 0 0 0 0 0 0 1 1 0 1 0 0 0 1 0 0 0
70	6	 0 0 0 0 0 0 0 0 0 0 1 0 0 0 0 1 0 0 0 0
70	8	 0 1 0 1 0 0 0 0 1 0 1 0 0 0 0 1 1 0 0 0
70	12	 0 1 0 0 0 0 0 0 1 0 0 0 0 0 0 0 1 0 0 0
70	6	 0 0 0 1 0 0 1 0 0 0 1 0 0 0 0 0 1 0 0 0
70	15	 0 0 0 1 0 0 0 1 0 0 1 0 0 0 0 0 1 0 0 0
70	7	 0 0 0 1 0 0 1 0 0 1 1 0 0 0 0 0 1 0 0 0
70	1	 0 0 0 1 0 0 0 0 0 1 1 1 0 0 0 0 1 0 0 0
70	1	 1 1 0 1 0 0 0 0 1 0 1 0 0 0 0 0 1 0 0 0
70	4	 0 0 0 1 1 0 0 0 0 0 1 0 0 1 0 0 1 0 0 0
70	3	 0 0 0 1 0 0 0 0 1 0 0 0 0 0 0 0 1 0 0 0
70	9	 0 1 1 1 0 0 0 0 1 0 1 0 0 0 0 0 1 0 0 0
70	7	 0 1 0 0 0 0 0 0 0 0 1 0 0 0 0 1 0 0 0 0
70	1	 1 0 0 1 0 0 0 0 0 0 1 0 0 0 0 0 1 0 0 0
70	5	 0 1 1 0 1 0 0 0 1 0 0 0 0 0 0 0 0 0 0 0
70	2	 0 1 1 1 0 0 0 0 0 0 1 0 1 0 0 1 1 0 0 0
70	9	 0 0 0 1 1 0 0 0 0 1 1 0 1 1 0 0 1 0 0 0
70	2	 0 0 0 1 0 0 0 0 1 0 1 0 0 0 0 0 0 0 0 0
70	11	 1 1 0 0 0 0 1 1 0 0 0 0 0 0 0 0 1 0 0 0
70	4	 0 0 0 1 0 0 0 1 0 0 0 0 0 0 0 0 1 0 0 0
70	5	 0 0 0 1 0 0 0 0 0 0 1 1 0 0 1 0 1 0 0 0
70	1	 0 0 0 1 0 0 0 0 0 1 1 0 0 0 0 0 1 0 0 1
70	12	 0 1 0 1 0 0 0 0 0 0 0 0 0 1 0 0 1 0 0 0
70	2	 0 1 0 1 0 0 0 0 0 1 0 0 0 0 0 0 1 0 0 0
70	4	 0 0 0 1 1 0 0 0 1 0 0 0 0 0 0 0 0 0 0 0
70	2	 0 1 0 0 0 0 0 0 1 0 0 0 0 0 0 0 1 0 1 0
70	3	 0 0 0 1 0 0 0 0 0 0 1 0 0 1 0 0 1 0 0 0
70	3	 0 0 0 1 1 0 0 0 0 1 1 0 0 0 0 0 1 0 0 0
70	9	 0 1 0 0 1 0 0 0 1 0 0 0 1 0 0 0 0 0 0 0
70	2	 0 1 0 1 0 0 0 0 0 0 0 1 0 0 0 0 1 0 0 0
70	8	 0 0 0 1 0 0 0 0 0 0 1 0 0 0 0 0 1 1 0 0
70	10	 0 1 0 0 1 0 0 1 1 0 0 0 0 0 0 0 0 0 0 0
70	6	 0 0 0 1 0 0 0 0 0 1 1 0 0 0 1 0 1 0 0 0
70	3	 0 1 0 0 1 0 0 0 1 0 0 0 0 0 1 0 1 0 0 0
70	4	 0 0 0 0 0 0 0 0 0 0 0 0 0 0 0 0 0 0 0 1
70	2	 0 0 0 1 1 0 0 0 0 0 1 0 1 0 0 0 1 0 0 0
70	1	 0 0 0 0 0 0 0 0 1 0 0 0 0 0 0 0 0 0 0 0
70	7	 1 1 0 0 0 0 0 0 1 0 0 0 0 0 0 0 1 0 0 0
70	1	 0 0 0 0 0 0 0 0 0 0 0 0 0 1 0 0 1 0 0 0
70	3	 0 1 0 0 0 0 0 0 1 0 0 0 0 0 1 0 0 0 0 0
70	16	 0 1 1 1 0 0 0 0 0 0 1 0 0 0 0 1 1 0 0 0
70	2	 0 1 0 0 1 0 0 0 1 0 0 0 0 0 0 0 0 1 0 0
70	4	 0 0 0 1 0 0 0 0 0 0 1 0 0 0 0 1 0 0 0 0
70	3	 0 0 0 1 0 0 0 0 0 0 0 0 0 0 0 0 0 0 0 1
70	2	 0 0 0 1 0 1 0 0 0 0 1 0 0 0 0 0 1 0 0 0
70	1	 0 0 0 1 0 0 0 0 0 0 1 0 1 0 0 0 1 0 0 0
70	4	 0 0 0 0 0 0 0 0 0 1 1 0 0 0 0 0 1 0 0 0
70	4	 0 0 1 1 0 1 0 0 0 0 1 0 0 0 0 1 1 0 0 0
70	5	 0 0 0 1 1 0 0 0 0 0 1 0 0 0 0 1 1 0 0 0
70	1	 0 0 0 0 0 1 0 0 0 0 1 0 0 0 0 1 0 0 0 0
70	5	 0 0 0 1 1 0 0 0 1 0 1 0 0 0 0 0 0 0 0 0
70	3	 0 0 0 1 0 0 0 0 0 1 1 0 0 0 1 0 1 0 0 1
70	2	 0 1 0 0 0 0 0 0 0 0 1 0 0 0 0 0 1 0 0 0
70	3	 0 1 0 0 0 0 0 0 1 0 0 0 0 1 0 0 1 0 0 0
70	1	 1 0 0 1 0 0 0 0 0 0 1 1 0 0 0 0 1 0 0 0
70	4	 0 0 1 1 0 0 0 0 0 0 1 0 0 0 0 0 0 0 0 0
70	1	 0 0 0 1 1 1 0 0 0 0 1 0 0 0 0 0 1 0 0 0
70	3	 0 0 0 1 0 0 1 0 1 0 1 0 0 0 0 0 1 0 0 0
70	1	 0 0 0 1 0 0 0 0 0 0 0 0 0 1 0 0 1 0 0 0
70	2	 1 1 0 1 0 0 0 0 0 0 1 1 1 0 0 0 1 0 0 0
70	1	 0 1 0 0 0 0 0 0 0 0 0 0 0 0 0 1 1 0 0 0
70	1	 0 1 0 0 0 0 0 0 0 1 1 0 0 0 0 0 1 0 0 0
70	2	 1 1 0 0 0 0 0 0 0 1 1 0 1 0 0 0 1 0 0 0
70	1	 0 0 0 1 0 0 0 0 0 0 1 1 0 0 0 0 1 1 0 0
70	1	 0 1 0 1 0 0 1 0 1 0 1 0 0 0 0 0 1 0 0 0
70	1	 0 0 1 1 0 0 0 0 0 1 1 0 0 0 0 1 1 0 0 0
70	1	 0 0 1 1 0 0 0 1 0 0 1 0 0 0 0 1 1 0 0 0
70	3	 0 0 0 1 1 0 0 0 0 0 1 0 0 0 0 0 1 1 0 0
70	2	 0 1 1 1 0 0 0 0 1 0 1 0 0 0 0 1 1 0 0 0
70	1	 0 1 0 1 0 0 0 0 0 0 1 0 0 1 0 0 1 0 0 0
70	5	 0 1 0 1 0 0 1 0 0 0 0 1 0 0 0 0 1 0 0 0
70	2	 1 1 1 1 0 0 0 0 0 0 1 0 0 0 0 1 1 0 0 0
135	26	 0 0 0 1 0 0 0 0 0 0 1 0 0 0 0 0 1 0 0 0
135	8	 0 0 0 1 0 0 0 0 0 1 1 0 0 0 0 0 1 0 0 0
135	11	 0 0 0 1 0 0 0 0 0 0 1 0 0 0 0 0 0 0 0 0
135	33	 0 0 1 1 0 0 0 0 0 0 1 0 0 0 0 1 1 0 0 0
135	1	 0 0 0 1 1 0 0 0 0 0 1 0 0 0 0 0 1 0 0 0
135	17	 0 0 0 1 1 0 0 0 0 1 1 0 1 0 0 0 1 0 0 0
135	4	 0 0 1 1 0 0 0 0 0 0 1 0 0 1 0 0 1 0 0 0
135	13	 0 1 0 0 0 0 0 0 0 1 1 0 1 0 0 0 1 0 0 0
135	12	 0 1 0 0 0 0 0 0 1 0 0 0 0 0 0 0 1 0 0 0
135	5	 0 0 0 1 0 0 0 0 0 1 1 1 0 0 0 0 1 0 0 0
135	30	 1 0 0 1 0 0 0 0 0 0 1 0 0 0 0 0 1 0 0 0
135	29	 0 0 0 1 1 0 0 0 0 1 1 0 1 1 0 0 1 0 0 0
135	18	 0 0 0 1 0 0 0 0 0 1 1 0 0 0 0 0 1 0 0 1
135	24	 0 0 0 1 0 0 0 0 0 1 1 0 0 0 0 1 1 0 0 0
135	1	 0 1 0 1 0 0 0 0 0 0 1 1 0 0 1 0 1 0 0 0
135	1	 0 0 0 0 0 0 0 0 1 0 0 0 0 0 0 0 0 0 0 0
135	6	 1 1 0 0 0 0 0 0 1 0 0 0 0 1 0 0 0 0 0 0
135	55	 1 1 1 1 0 0 0 0 0 0 1 0 0 0 0 1 1 0 0 0
135	9	 0 1 1 1 0 0 0 0 0 0 1 0 0 0 0 1 1 0 0 1
135	24	 0 1 1 1 0 0 0 0 0 0 1 0 0 0 0 0 1 0 0 0
135	21	 1 0 0 1 0 0 0 0 0 0 1 0 0 0 0 1 1 0 0 0
135	5	 0 0 0 1 1 0 1 0 0 1 0 0 1 1 0 0 1 0 0 0
135	7	 0 0 0 1 0 0 0 0 0 0 1 0 1 0 0 0 1 0 0 1
135	1	 0 0 0 1 0 0 0 0 0 1 1 0 1 0 0 0 1 0 0 1
135	53	 0 1 1 0 0 0 0 0 0 1 1 1 1 0 0 0 1 0 0 0
135	14	 0 0 1 1 0 0 0 0 0 1 1 0 0 0 0 0 1 0 0 0
135	2	 0 0 0 1 0 1 0 0 0 1 1 0 0 0 0 0 1 1 0 0
135	3	 0 0 1 1 0 0 0 0 0 0 1 0 0 0 0 0 0 0 0 0
135	10	 0 0 0 1 0 0 1 0 0 1 1 0 0 0 0 0 1 0 0 0
135	6	 1 1 0 1 0 0 0 0 0 0 1 0 1 0 1 0 1 0 0 0
135	16	 0 0 0 1 1 0 1 0 0 1 1 1 1 1 0 0 1 0 0 0
135	15	 1 1 1 1 0 0 0 0 0 0 1 0 0 0 0 0 0 0 0 0
135	8	 0 0 0 1 0 0 0 0 1 1 1 0 0 0 0 1 1 0 0 0
135	16	 0 1 0 1 0 1 0 0 0 1 1 0 0 0 0 0 1 0 0 1
135	8	 1 0 0 1 0 0 0 0 0 0 1 0 0 0 0 0 1 1 0 0
135	6	 0 0 0 1 1 0 0 0 0 0 1 0 1 1 0 0 1 0 0 0
135	13	 0 0 0 1 0 1 0 0 0 1 1 0 0 0 0 0 0 0 0 0
135	15	 1 1 0 1 0 0 0 0 0 0 1 0 1 1 1 0 1 0 0 0
135	4	 1 0 0 1 0 0 0 0 0 0 1 0 1 0 0 0 1 0 0 0
135	8	 1 0 0 1 0 0 0 0 0 0 1 0 0 0 0 1 1 0 0 1
135	3	 0 0 0 1 0 0 1 0 0 1 1 0 0 0 0 0 0 0 0 0
135	12	 0 0 1 1 0 0 1 0 0 1 1 0 0 0 0 0 1 0 0 0
135	3	 0 1 0 0 1 0 0 0 1 1 0 0 0 0 0 0 0 0 0 1
135	18	 0 0 0 0 1 0 0 0 0 1 1 0 1 1 0 1 1 0 0 1
135	12	 0 0 0 1 0 0 0 0 1 0 1 0 0 0 0 1 1 0 0 0
135	3	 1 0 0 1 0 0 1 0 0 0 1 0 0 0 0 0 1 0 0 0
135	9	 0 0 1 1 0 0 0 0 0 0 1 0 0 0 0 0 1 0 0 0
135	1	 0 0 1 1 0 0 0 0 0 1 1 0 0 0 0 0 0 0 0 0
135	1	 0 1 0 1 0 0 0 0 1 0 1 0 0 1 0 0 1 0 0 0
135	2	 1 1 0 1 0 0 0 0 0 0 1 1 0 0 1 0 1 0 0 0
135	10	 0 1 0 1 1 0 0 0 0 0 1 1 0 0 1 0 1 0 0 0
135	10	 0 1 0 1 0 0 0 0 1 0 0 0 0 0 0 0 0 0 0 0
135	7	 0 0 0 1 0 0 0 0 0 1 1 0 0 0 1 0 1 0 0 0
135	5	 0 0 0 1 0 0 0 0 0 0 1 0 0 0 0 1 1 0 0 1
135	15	 1 0 0 1 0 0 0 0 0 1 1 0 0 0 0 0 1 0 0 0
135	2	 1 0 1 1 0 1 0 0 0 0 0 0 0 0 0 0 0 0 0 0
135	12	 1 0 0 1 0 0 0 0 0 0 1 0 0 0 0 0 1 0 0 1
135	4	 0 1 1 1 0 0 0 0 0 0 1 0 1 0 0 1 1 0 0 0
135	4	 0 1 0 1 0 0 0 1 1 0 1 0 0 1 0 0 0 1 0 0
135	13	 0 0 0 1 0 0 0 0 1 0 1 1 1 0 0 0 0 0 0 0
135	20	 0 0 0 1 0 0 0 0 0 0 1 1 0 0 1 0 1 0 0 0
135	2	 1 0 0 1 1 0 0 0 0 0 1 0 1 1 0 1 1 0 0 1
135	1	 0 1 0 1 1 0 0 0 0 1 1 0 1 0 0 0 1 0 0 0
135	16	 0 0 0 1 1 0 0 0 0 0 1 0 0 0 0 1 1 0 0 0
135	2	 0 0 0 1 1 0 0 0 0 1 1 0 1 0 0 0 1 0 0 1
135	7	 1 0 0 1 1 0 0 0 0 1 1 0 1 0 0 0 1 0 0 0
135	3	 0 1 0 1 0 0 0 0 0 1 1 0 1 1 0 0 1 0 1 0
135	5	 1 1 1 1 0 0 0 0 0 0 1 0 0 0 0 0 1 0 0 1
135	7	 0 0 0 1 0 0 1 0 0 0 1 0 0 0 0 0 0 0 0 0
135	3	 0 1 0 0 0 0 0 0 0 1 0 0 1 0 0 0 1 0 0 0
135	3	 1 0 0 0 1 0 0 0 0 1 1 0 1 1 0 1 1 0 0 1
135	10	 0 0 0 1 0 0 1 0 0 1 1 0 1 1 0 0 1 0 0 1
135	28	 0 0 1 1 0 0 0 0 0 1 1 0 0 0 0 1 1 0 0 0
135	4	 0 1 1 1 0 0 0 1 0 0 1 0 0 0 0 0 1 0 0 0
135	3	 0 0 0 1 1 0 0 0 0 1 0 0 1 1 1 0 1 0 0 0
135	7	 1 1 1 1 0 0 0 0 0 0 1 1 0 1 0 0 1 0 0 0
135	8	 0 1 0 1 0 0 1 0 0 1 1 0 0 0 0 1 1 0 0 0
135	4	 0 0 0 0 1 0 0 0 1 1 1 0 1 1 0 0 1 0 0 0
135	5	 1 0 1 0 0 0 0 0 0 1 1 1 1 0 0 0 1 0 0 0
135	7	 0 1 1 0 0 0 0 0 0 1 1 1 1 0 0 0 1 1 0 0
135	6	 1 0 0 1 0 0 0 0 0 1 1 0 0 0 0 1 1 0 0 0
135	1	 0 0 1 1 0 0 0 1 0 0 1 0 0 0 0 1 1 0 0 0
135	7	 1 0 0 1 1 0 0 0 0 1 1 0 1 1 0 0 1 0 0 0
135	5	 0 1 0 1 0 1 0 0 0 0 1 1 0 0 1 0 1 0 0 0
135	6	 0 1 1 1 0 0 0 0 0 0 1 0 1 0 0 1 1 0 0 1
135	1	 0 0 0 1 0 0 0 0 1 1 1 0 0 0 0 1 1 0 1 0
135	2	 1 1 1 1 0 0 0 0 0 1 0 0 1 1 1 0 1 0 0 0
135	3	 0 1 0 1 1 0 0 0 0 0 1 0 0 0 0 0 1 0 0 0
135	4	 0 1 1 1 0 0 0 0 0 0 1 0 0 0 0 0 0 0 0 0
135	3	 1 1 1 1 0 0 0 0 0 0 1 0 0 1 0 1 1 0 0 0
135	5	 1 1 1 1 0 0 0 0 0 0 1 0 0 0 0 1 0 0 0 0
135	3	 1 1 0 1 1 0 0 0 0 0 1 0 1 0 1 0 1 0 0 0
135	6	 1 0 0 1 1 0 0 0 0 0 1 0 0 0 0 0 1 1 0 0
135	4	 1 1 0 1 0 0 0 0 0 1 1 0 1 1 1 0 1 0 0 0
135	3	 0 0 1 1 0 0 0 0 0 1 1 1 1 0 0 0 1 1 0 0
135	7	 1 0 0 1 1 0 0 0 0 0 1 0 0 0 0 0 1 0 0 0
135	2	 1 0 1 1 0 0 0 0 0 0 1 0 0 0 0 0 1 0 0 0
135	7	 1 1 1 1 0 1 0 0 0 0 1 0 0 0 0 1 1 0 0 0
135	3	 0 1 0 1 1 0 0 0 1 0 1 1 0 0 0 0 1 0 0 0
135	7	 0 0 1 1 0 0 0 0 0 1 1 0 0 0 0 0 1 1 0 0
135	3	 0 0 1 1 0 0 0 0 0 0 1 0 0 1 1 0 1 0 0 0
135	3	 1 0 0 1 0 1 0 0 0 0 1 0 0 0 0 0 1 0 0 0
135	5	 0 0 0 1 0 0 0 0 0 1 1 0 0 0 0 1 1 0 0 1
135	2	 0 1 0 1 0 0 0 0 0 1 1 0 0 0 0 1 1 0 0 0
135	3	 0 1 1 1 0 0 0 0 0 0 1 0 0 0 0 0 1 0 0 1
135	3	 0 1 1 0 0 0 0 0 0 1 1 1 1 0 0 0 1 0 0 1
135	4	 0 1 1 0 0 0 0 0 0 1 1 0 1 1 0 1 1 0 0 1
135	2	 0 0 1 1 0 1 0 0 0 0 1 0 0 0 0 1 1 0 0 0
135	1	 1 0 0 1 0 0 0 0 0 0 1 0 0 0 0 0 0 0 0 0
135	2	 0 0 0 1 0 0 0 0 0 1 1 0 0 1 0 1 1 0 0 0
135	2	 1 1 1 1 0 0 0 0 0 0 1 0 1 0 0 1 1 0 0 0
135	3	 0 1 1 1 0 0 0 0 1 0 1 0 0 0 0 0 1 0 0 0
135	4	 0 0 0 0 1 0 0 0 0 1 1 0 1 1 0 1 1 1 0 1
135	1	 0 1 0 1 0 0 0 0 1 0 0 0 0 0 0 1 0 0 0 0
135	2	 0 0 0 1 0 0 0 0 0 1 1 0 0 0 1 0 1 0 1 0
135	1	 1 1 1 1 0 0 0 0 0 0 1 0 0 0 0 0 1 1 0 1
135	4	 0 1 0 1 1 0 1 0 0 1 1 0 0 0 0 1 1 0 0 0
135	3	 0 1 1 1 0 0 0 0 0 0 1 0 1 0 0 1 1 0 1 1
135	1	 0 1 1 1 0 0 0 0 0 0 1 0 0 0 0 1 1 0 0 0
135	1	 0 1 0 0 0 0 0 0 0 1 1 0 1 0 0 1 1 0 0 0
135	1	 0 0 0 1 1 0 0 0 0 1 1 0 1 1 0 1 1 0 0 0
135	2	 0 1 1 1 0 0 0 0 0 1 1 0 0 0 0 0 1 0 0 0
135	1	 0 0 0 1 1 0 1 0 0 1 1 0 0 0 0 0 1 0 0 0
135	1	 1 1 1 1 0 0 0 0 0 0 1 0 1 0 1 0 1 0 0 0
135	3	 1 1 1 1 0 0 0 0 0 0 1 0 0 0 0 0 0 1 0 0
135	1	 1 0 0 1 0 0 0 0 0 0 1 0 0 1 0 0 1 1 0 0
135	1	 1 0 0 1 0 0 0 0 0 0 1 1 0 0 1 0 1 0 0 0
135	3	 0 0 0 1 0 0 1 0 0 0 1 0 0 0 0 1 0 0 0 0
135	1	 0 0 1 1 0 0 0 0 0 1 0 0 0 0 0 1 1 0 0 0
135	1	 1 0 0 1 1 0 0 0 0 0 1 1 0 0 0 0 1 0 0 0
135	1	 1 1 1 0 0 0 0 0 0 1 1 0 1 1 0 1 1 0 0 1
250	27	 1 1 1 1 0 0 0 0 0 1 1 1 1 0 0 0 1 0 0 0
250	157	 1 1 1 1 0 0 0 0 0 1 1 0 0 1 0 1 1 0 0 0
250	47	 1 1 1 1 0 0 0 0 1 1 1 0 1 1 0 0 1 0 0 0
250	3	 1 1 1 1 0 0 0 0 0 0 1 1 1 0 0 0 1 0 0 0
250	9	 1 1 1 0 0 0 0 0 0 1 1 1 1 0 0 0 1 0 0 0
250	1	 1 0 1 1 0 1 0 1 0 0 0 0 0 0 0 0 0 0 0 1
250	4	 1 1 1 1 0 0 0 0 0 1 1 0 1 1 0 1 1 0 0 0
250	4	 0 1 1 1 0 0 0 0 0 0 1 0 1 0 0 1 1 0 0 0
250	53	 1 1 1 1 0 0 0 0 0 1 1 1 0 1 0 1 1 0 0 0
250	38	 1 1 1 1 0 0 0 0 0 1 1 0 0 1 0 1 0 0 0 0
250	16	 1 1 1 1 0 0 0 0 1 1 1 0 1 1 0 0 1 0 0 1
250	12	 1 1 1 1 0 0 0 1 0 0 1 0 0 0 0 1 1 0 0 0
250	3	 1 1 1 1 0 0 0 0 0 1 1 0 0 0 0 1 1 0 0 0
250	12	 1 1 1 1 0 1 0 0 0 1 1 0 0 1 0 1 1 0 0 0
250	8	 1 1 1 0 1 0 0 0 1 0 0 0 0 1 0 0 0 0 0 0
250	6	 1 1 1 0 0 0 0 1 0 1 1 1 1 0 0 0 1 0 0 0
250	15	 1 0 1 1 0 0 0 0 0 1 1 0 0 1 0 1 0 0 0 0
250	4	 1 1 0 1 0 0 0 0 0 1 1 0 1 0 1 1 1 0 0 0
250	1	 1 1 1 1 0 0 0 0 1 1 1 0 0 0 0 0 1 0 0 0
250	118	 1 1 1 1 0 0 0 0 0 1 1 1 1 0 0 0 0 0 0 0
250	1	 0 1 1 1 0 0 0 0 0 1 1 0 1 1 0 1 1 0 0 0
250	2	 1 1 1 1 0 0 0 0 1 1 1 0 1 1 0 0 1 1 0 0
250	59	 1 0 1 1 0 0 0 0 0 1 1 1 1 0 0 0 0 0 0 0
250	3	 1 1 1 0 0 0 1 1 0 1 1 1 1 0 0 0 1 0 0 0
250	5	 1 1 1 1 0 0 1 0 0 1 1 0 1 1 0 0 1 0 0 0
250	7	 1 1 1 0 1 0 0 0 0 1 1 0 0 0 0 1 1 1 0 0
250	1	 1 0 1 1 0 0 0 0 1 1 1 0 0 1 0 1 1 0 0 0
250	13	 0 1 1 1 0 0 0 0 1 1 1 0 1 1 0 0 1 0 0 1
250	6	 1 1 1 1 0 0 0 0 1 1 1 1 1 1 0 0 1 0 0 1
250	12	 1 1 1 1 0 0 0 0 1 1 1 0 0 0 1 0 1 0 0 0
250	6	 1 1 0 1 0 0 0 0 1 1 1 0 0 0 0 0 1 0 0 0
250	9	 1 1 1 1 0 0 0 0 0 1 1 0 0 1 0 1 1 0 1 0
250	2	 1 1 1 0 0 0 0 0 0 1 1 0 1 1 0 1 1 0 0 0
250	4	 1 1 1 0 0 0 0 0 0 0 1 0 0 1 0 1 1 0 0 0
250	2	 1 1 1 1 0 0 0 1 0 0 0 0 0 0 0 1 1 0 0 0
250	14	 1 0 1 1 0 0 0 0 0 1 1 0 0 0 0 1 1 0 0 0
250	5	 1 1 0 1 0 0 0 1 0 1 1 0 1 0 1 1 1 0 0 0
250	1	 0 1 1 1 0 0 0 0 1 1 1 1 0 1 0 1 1 0 0 0
250	4	 1 1 1 1 0 0 0 0 0 1 1 1 1 0 0 0 1 0 0 1
250	6	 0 1 0 0 0 0 0 0 0 1 1 0 1 1 0 1 1 0 0 0
250	5	 1 1 1 1 0 1 0 0 1 1 1 0 1 1 0 0 1 1 0 0
250	2	 0 1 1 1 0 0 0 0 0 0 0 0 1 0 0 0 1 0 0 0
250	3	 1 0 1 1 0 0 0 0 0 1 1 1 0 1 0 1 1 0 0 0
250	10	 0 1 1 1 0 0 0 0 1 1 1 0 1 0 0 1 1 0 0 0
250	2	 1 1 1 1 0 0 1 0 0 1 1 0 0 1 0 1 0 0 0 0
250	5	 1 1 1 1 0 1 0 0 0 1 1 1 1 1 0 0 1 0 0 0
250	6	 1 0 1 1 0 0 0 0 0 1 1 0 0 1 0 1 1 0 0 0
250	2	 1 1 1 1 0 0 0 0 1 1 0 0 0 0 0 0 1 0 0 0
250	19	 1 1 1 1 0 0 1 0 0 1 0 0 0 0 0 0 0 0 0 1
250	5	 1 1 1 1 0 0 0 0 0 1 1 1 1 0 0 0 1 1 0 0
250	10	 1 1 1 0 0 0 0 0 1 1 1 0 1 1 0 0 1 0 0 1
250	5	 0 1 1 1 0 0 0 0 0 1 1 0 1 1 0 1 0 0 0 0
250	3	 1 1 1 1 0 0 0 0 1 1 1 1 1 1 0 0 1 1 1 0
250	6	 1 0 1 1 0 0 0 0 1 1 1 0 1 1 0 0 1 0 0 1
250	10	 1 1 1 1 0 0 0 1 0 1 1 1 1 0 0 0 1 0 1 0
250	4	 1 1 1 1 0 0 0 0 1 0 0 0 0 1 0 0 0 0 0 0
250	2	 1 1 1 1 0 0 0 0 0 1 1 0 0 1 0 0 1 0 0 0
250	11	 1 1 0 1 0 0 0 0 0 1 1 0 0 1 0 1 0 0 0 0
250	2	 1 1 1 1 0 0 0 0 0 1 1 1 1 0 0 0 0 0 1 0
250	6	 1 0 1 1 0 0 0 1 0 0 0 0 0 0 0 0 1 0 0 1
250	2	 1 1 1 1 0 1 0 1 0 0 0 0 0 0 0 0 0 0 0 1
250	2	 1 1 1 1 0 0 0 0 0 1 1 0 1 1 0 0 1 1 0 0
250	4	 0 1 1 1 0 0 0 0 0 0 1 0 0 1 0 1 1 0 0 0
250	1	 1 1 0 1 0 0 1 0 0 1 0 0 0 0 0 0 0 0 0 1
250	4	 1 1 0 1 0 1 0 1 1 0 0 0 0 0 0 0 0 0 0 1
250	12	 1 0 1 1 0 0 0 1 0 0 1 1 1 0 0 0 1 0 0 0
250	2	 1 1 1 1 0 0 0 0 0 1 1 0 0 1 0 1 1 0 0 1
250	6	 1 1 1 1 0 0 0 0 1 1 0 0 0 0 1 1 1 0 0 0
250	1	 1 1 1 1 0 0 0 0 1 1 1 1 1 0 0 0 0 0 0 0
250	3	 1 1 1 1 0 0 0 0 0 1 1 0 1 1 0 1 0 0 0 0
250	1	 0 1 1 1 0 0 0 0 1 1 1 0 1 1 0 0 0 0 0 0
250	5	 1 1 1 1 1 0 0 1 0 0 0 0 1 0 0 0 1 0 0 0
250	1	 1 1 1 1 0 0 0 0 1 1 0 0 1 1 0 0 1 0 0 1
250	2	 1 1 1 0 1 0 0 0 0 1 1 0 0 1 0 1 0 0 0 0
250	4	 1 1 1 1 1 0 0 1 0 1 1 0 0 1 0 1 1 0 0 0
250	5	 1 0 1 1 0 0 0 0 0 1 1 1 0 1 0 1 0 0 0 0
250	2	 1 1 1 1 0 0 0 1 0 1 1 1 1 0 0 0 1 1 1 0
250	1	 1 1 1 1 0 0 0 0 1 1 1 0 1 1 0 0 0 0 0 0
250	1	 1 1 1 0 1 0 0 0 1 0 0 0 0 1 0 1 0 0 0 0
250	3	 1 1 1 1 0 0 0 0 0 0 0 0 1 0 0 0 0 0 0 0
250	3	 1 0 1 1 0 0 0 0 0 1 1 0 0 0 0 0 1 0 0 0
250	3	 1 1 1 1 0 1 0 0 0 0 0 0 1 0 0 1 1 0 0 0
250	2	 1 1 1 1 0 0 0 1 0 1 1 0 0 1 0 1 1 0 0 0
250	2	 1 1 1 0 0 0 0 1 0 1 1 0 1 0 0 0 1 0 0 0
250	4	 0 0 1 1 0 0 0 0 0 1 1 0 0 1 0 1 0 0 0 0
250	2	 1 1 1 1 0 0 0 0 0 1 1 1 0 0 0 0 0 0 0 0
250	2	 1 1 1 1 0 0 0 0 0 1 1 0 1 0 0 0 0 0 0 0
250	3	 1 1 0 0 0 0 0 0 0 0 1 0 0 1 0 1 1 0 0 0
250	4	 1 1 1 1 0 0 0 0 1 1 0 0 0 0 0 0 0 0 0 1
250	2	 1 1 1 0 1 0 0 0 1 1 1 0 0 0 0 0 1 0 0 0
250	2	 1 1 1 1 1 0 0 1 0 0 1 1 1 0 0 0 1 0 0 0
250	1	 1 1 1 1 0 0 0 0 0 0 1 1 1 0 0 0 1 0 1 0
250	5	 1 0 1 0 0 0 0 0 0 1 1 1 1 0 0 0 1 0 0 0
250	1	 1 1 1 1 0 1 0 0 0 1 1 0 0 1 1 1 1 0 0 0
250	1	 1 0 1 1 0 0 0 0 0 0 1 1 1 0 0 0 0 0 0 0
250	2	 1 0 1 1 0 0 0 1 0 0 0 0 0 0 0 0 1 0 1 1
250	7	 1 1 1 1 0 0 0 0 0 1 1 1 0 1 0 1 0 0 0 0
250	7	 1 1 1 0 0 0 0 0 0 1 1 0 0 1 0 1 1 0 0 0
250	7	 1 1 1 1 1 0 0 0 1 1 1 0 1 1 0 0 1 0 0 0
250	6	 1 0 1 1 0 0 1 0 0 1 1 0 0 1 0 1 0 0 0 0
250	1	 1 0 1 1 1 0 0 0 0 1 1 1 1 0 0 0 0 0 0 0
250	2	 1 1 1 0 0 0 1 1 0 1 1 0 1 0 0 0 1 0 0 0
250	3	 1 1 1 1 0 0 0 0 1 0 0 0 0 0 0 0 0 0 0 0
250	2	 1 1 1 1 0 0 0 0 0 1 1 0 0 0 0 1 1 1 0 0
250	1	 1 1 1 1 0 0 0 1 0 0 1 0 0 1 0 1 1 0 0 0
250	2	 1 1 1 1 0 1 0 0 0 1 1 0 0 1 0 1 0 0 0 0
250	1	 1 1 1 1 0 0 1 0 0 1 1 0 0 1 0 1 1 0 0 0
250	1	 1 1 1 0 1 0 0 0 0 1 1 0 0 0 0 1 1 0 0 0
250	2	 1 1 1 1 0 0 0 0 0 1 1 0 0 1 1 1 1 0 0 0
250	1	 1 1 1 1 0 0 0 0 0 1 0 0 0 1 0 1 1 0 0 0
250	1	 1 1 1 1 0 0 1 0 1 1 1 0 1 1 0 0 1 0 0 0
250	2	 1 0 1 1 0 0 0 0 1 1 1 0 1 1 0 0 1 0 0 0
250	3	 1 1 1 1 0 0 0 1 1 1 1 0 1 1 0 0 1 0 0 1
250	4	 0 1 1 1 0 0 1 0 0 1 1 0 1 1 0 1 1 0 0 0
250	2	 1 0 1 1 0 0 0 0 0 1 1 1 1 1 0 0 0 0 0 0
250	2	 0 0 1 1 0 0 0 0 0 1 1 1 1 0 0 0 0 0 0 0
250	1	 1 0 1 1 0 0 0 0 0 1 1 1 1 0 0 0 0 0 1 0
250	4	 1 0 1 1 0 0 0 0 0 1 1 1 1 0 1 0 0 0 0 0
250	1	 1 1 1 1 0 0 1 0 0 1 1 1 1 1 0 0 1 0 0 0
250	1	 1 1 1 1 1 0 0 0 0 1 1 0 1 1 0 0 1 1 0 0
250	3	 1 1 0 0 0 0 1 0 0 1 0 0 0 0 0 0 0 0 0 1
250	2	 1 1 1 1 0 0 0 1 0 0 1 0 0 1 0 1 1 0 1 0
250	1	 1 1 1 1 0 0 0 0 1 1 1 0 0 1 0 1 1 0 0 0
250	2	 1 1 1 0 0 0 0 0 0 1 1 1 1 0 0 0 0 0 0 0
250	1	 0 1 1 1 0 0 0 0 1 1 1 0 1 1 0 0 1 0 0 0
250	1	 1 1 1 1 0 0 0 1 0 0 1 0 0 0 0 0 1 0 0 0
250	2	 1 0 1 1 0 0 0 0 0 1 0 1 1 0 0 0 0 0 0 0
250	1	 0 1 1 1 0 0 0 1 0 1 1 0 1 1 0 1 0 0 0 0
250	1	 1 1 1 1 0 0 0 1 0 1 1 1 1 0 0 0 1 0 1 1
250	3	 1 1 1 0 1 0 0 0 1 1 1 0 1 1 0 0 1 0 0 0
400	169	 1 1 1 1 0 0 0 0 0 1 1 1 1 0 0 0 0 0 0 0
400	13	 1 1 0 1 0 0 0 0 1 1 1 0 1 0 0 0 0 0 0 0
400	10	 1 1 1 1 1 0 0 0 0 1 1 0 0 1 0 1 0 0 0 0
400	22	 1 1 1 1 1 0 0 0 0 0 1 1 1 1 0 1 0 0 0 0
400	3	 1 1 1 1 0 0 0 0 0 1 1 1 1 1 0 0 0 0 0 0
400	34	 1 1 1 1 0 0 0 1 0 1 1 1 1 0 0 0 0 0 0 0
400	7	 1 1 1 1 0 0 0 0 0 1 1 1 0 1 1 1 1 0 0 0
400	41	 1 1 1 1 0 0 0 0 0 1 1 1 1 1 1 0 0 0 0 0
400	56	 1 1 1 0 0 0 0 0 0 1 1 0 0 1 0 1 0 0 0 0
400	7	 1 1 1 1 0 0 0 0 0 1 1 1 1 0 1 0 0 0 0 0
400	6	 1 0 1 1 0 0 1 1 0 1 1 0 0 1 0 0 0 0 0 0
400	4	 1 1 1 1 0 0 0 0 0 1 1 1 1 0 0 1 1 0 0 0
400	3	 1 1 0 1 1 0 0 0 0 0 1 1 1 1 0 1 0 0 0 0
400	14	 1 1 1 1 0 0 0 0 1 1 0 1 0 1 0 0 1 0 0 0
400	24	 1 1 1 1 0 0 0 0 0 1 1 1 0 1 0 1 0 0 0 0
400	8	 1 1 0 1 0 0 0 1 1 1 1 0 1 0 0 1 0 0 0 0
400	8	 1 1 1 1 0 0 0 0 0 1 1 0 1 0 0 0 1 0 0 0
400	1	 1 1 1 1 0 0 0 0 0 1 1 1 1 1 1 1 1 0 1 0
400	13	 1 0 1 1 1 0 0 0 1 1 1 0 1 0 0 0 0 0 0 0
400	52	 1 1 1 1 0 0 0 0 0 1 1 1 0 1 0 1 1 0 0 0
400	4	 1 0 1 1 0 0 1 1 0 1 1 0 0 1 0 0 1 0 0 0
400	3	 1 1 1 1 0 0 0 0 0 1 1 1 0 1 1 1 1 0 0 1
400	3	 1 1 1 1 0 0 0 0 0 1 1 0 0 1 0 1 0 1 0 0
400	4	 1 1 1 1 1 0 0 0 1 1 1 0 1 1 1 0 0 0 0 0
400	18	 1 1 1 0 1 0 0 0 0 0 1 1 1 1 0 1 0 0 0 0
400	6	 1 1 1 1 0 0 0 1 0 1 1 1 1 0 0 1 1 0 0 0
400	8	 1 1 1 1 0 0 0 0 0 1 1 1 1 1 1 1 0 0 0 0
400	26	 1 1 1 1 0 0 0 0 0 0 1 1 1 1 0 1 0 0 0 0
400	7	 1 1 1 1 0 0 0 1 1 1 1 0 1 1 0 1 0 0 0 0
400	2	 1 0 1 1 0 0 0 0 0 1 1 1 1 1 1 0 0 0 0 0
400	10	 1 1 0 1 0 0 1 1 1 1 1 0 0 1 0 1 0 0 0 0
400	23	 1 1 1 1 0 0 0 1 0 1 1 1 1 0 0 1 0 0 0 0
400	9	 1 0 1 1 0 0 0 1 0 1 1 1 1 0 0 0 0 0 0 0
400	11	 1 1 1 1 0 0 0 0 0 1 0 1 1 0 0 0 0 0 0 0
400	1	 1 1 1 1 0 0 0 1 1 1 1 1 1 0 0 1 0 0 0 0
400	8	 1 0 1 1 0 0 0 0 0 1 1 0 1 0 0 0 1 0 0 0
400	3	 1 1 1 1 0 0 0 0 0 1 0 1 0 1 0 1 1 0 0 0
400	3	 1 1 1 1 0 0 0 0 0 1 1 1 1 0 0 0 0 0 0 1
400	3	 1 1 0 1 1 0 0 0 0 1 1 1 1 1 0 1 0 0 0 0
400	4	 1 1 1 1 0 0 0 0 0 1 1 1 1 0 0 0 0 0 1 0
400	18	 1 1 1 1 1 0 0 0 0 0 1 1 1 0 0 0 0 0 0 0
400	11	 1 1 1 1 0 1 0 1 0 1 1 1 1 0 0 0 1 0 0 0
400	2	 1 1 1 1 0 0 0 1 1 1 1 0 1 0 0 1 1 0 0 0
400	3	 1 1 1 1 1 0 0 0 1 1 1 0 0 1 1 0 0 0 0 0
400	14	 1 0 1 0 0 0 0 1 0 1 1 1 1 0 0 0 0 0 0 0
400	5	 1 1 1 1 0 0 0 0 0 1 1 1 1 1 1 0 1 0 0 0
400	8	 1 1 1 1 0 0 0 1 0 1 1 0 1 0 0 0 0 0 0 0
400	15	 1 1 1 1 1 0 1 0 0 0 1 1 1 1 0 1 0 0 0 0
400	5	 1 1 1 1 0 0 0 0 0 0 1 1 1 0 0 0 0 0 1 0
400	9	 1 1 1 1 0 0 0 0 0 1 1 0 1 1 1 0 0 0 0 0
400	2	 1 1 1 1 0 0 0 0 1 1 1 1 1 1 1 0 0 0 0 0
400	13	 1 1 1 0 0 0 1 1 0 1 1 1 1 0 0 0 0 0 0 0
400	9	 1 1 1 1 0 0 0 0 0 1 1 1 1 0 0 0 1 0 0 1
400	1	 1 1 1 0 0 0 0 0 0 1 1 0 0 1 0 0 0 0 0 0
400	5	 1 1 1 1 0 0 0 1 0 1 0 1 1 0 0 1 1 0 0 0
400	3	 1 1 1 1 1 0 0 0 0 0 1 1 1 0 0 0 0 1 0 0
400	37	 1 1 1 0 0 0 0 0 0 1 1 1 0 1 0 1 0 0 0 0
400	14	 1 1 1 1 0 0 1 0 0 1 1 1 1 0 0 0 0 0 0 0
400	10	 1 1 1 0 0 0 0 1 0 0 1 0 0 1 0 1 0 0 0 0
400	9	 1 1 1 0 0 0 1 1 0 1 1 0 0 1 0 1 0 0 0 0
400	3	 1 1 1 1 0 0 1 1 0 1 0 0 0 1 0 0 0 1 0 0
400	1	 1 1 1 0 0 0 0 0 0 1 1 0 1 0 0 0 0 0 0 0
400	2	 1 1 1 1 0 0 0 0 0 1 1 0 0 1 0 0 1 0 0 0
400	7	 1 1 1 1 0 0 0 1 0 1 1 1 1 0 0 0 0 1 0 0
400	6	 1 1 0 0 0 0 0 0 0 1 1 0 0 1 0 1 0 0 0 0
400	1	 1 0 0 1 0 0 0 1 1 1 1 0 1 0 0 1 0 0 0 0
400	11	 1 1 1 1 0 0 0 0 0 1 1 1 0 0 0 1 1 0 0 0
400	8	 1 1 1 0 0 0 0 0 0 1 1 0 0 1 1 0 0 0 0 0
400	7	 0 1 1 0 0 0 0 1 0 1 1 1 1 0 0 0 0 0 0 0
400	7	 1 1 1 1 0 0 0 0 1 1 1 0 0 1 0 1 0 0 0 1
400	1	 1 0 1 1 0 0 1 1 0 1 1 0 1 1 0 0 0 0 0 0
400	3	 1 1 1 1 0 0 0 0 0 1 1 0 0 1 0 1 1 0 0 0
400	1	 1 1 1 0 1 0 0 0 1 1 1 0 0 1 0 1 0 0 0 1
400	5	 1 1 1 1 0 0 0 0 0 1 1 1 1 0 0 0 0 0 1 1
400	1	 1 1 1 1 0 0 0 0 0 1 0 1 0 1 0 0 1 0 0 0
400	3	 1 1 1 1 1 0 0 0 0 1 1 1 1 0 0 0 0 0 0 0
400	4	 1 1 0 1 1 0 0 0 0 0 1 1 1 0 0 0 0 0 0 0
400	8	 1 1 1 1 0 0 0 0 0 1 1 0 0 1 0 0 0 0 0 0
400	2	 1 0 1 1 0 0 0 0 0 1 1 1 1 0 0 1 1 0 0 0
400	1	 1 0 1 1 1 0 0 0 1 1 1 0 1 0 0 0 0 0 0 1
400	5	 1 0 1 1 1 0 0 1 0 1 1 1 1 0 0 0 0 0 0 0
400	2	 1 1 1 1 0 1 0 1 0 1 1 1 1 1 0 0 1 0 0 0
400	2	 1 1 1 1 0 0 0 0 0 1 1 0 1 0 1 0 0 0 0 0
400	3	 0 1 1 1 0 0 1 0 0 1 1 1 1 0 0 0 0 0 0 0
400	2	 1 1 1 1 0 0 0 0 0 1 1 1 1 1 1 0 0 1 0 0
400	1	 1 1 1 0 0 0 0 0 0 1 1 0 0 1 0 1 1 0 0 0
400	2	 1 0 1 1 0 0 0 1 0 1 1 1 1 1 1 1 0 0 0 0
400	2	 1 1 1 1 0 0 0 1 0 1 1 1 1 0 0 0 1 0 0 0
400	2	 1 1 1 1 0 0 0 0 0 1 1 1 0 1 0 1 1 1 0 0
400	3	 1 1 1 1 0 0 0 0 0 0 1 0 1 1 0 1 0 0 0 0
400	2	 0 1 1 0 0 0 0 1 0 1 1 1 1 0 0 0 0 1 0 0
400	1	 1 1 1 1 0 0 0 0 0 1 1 1 0 1 0 0 0 0 0 0
400	4	 1 1 1 1 0 0 0 0 0 1 0 1 0 1 1 1 1 0 0 0
400	2	 1 1 1 1 0 0 1 0 0 1 1 1 0 1 1 1 1 0 0 0
400	1	 1 0 1 1 1 1 0 0 1 1 1 0 1 0 0 0 0 0 0 0
400	2	 1 1 1 1 0 0 0 0 0 1 1 1 1 1 1 1 1 0 0 1
400	5	 0 1 1 1 1 0 0 0 1 1 1 0 1 1 1 0 0 0 0 0
400	1	 1 1 1 1 1 0 0 0 0 0 1 1 1 0 0 1 0 0 0 0
400	1	 1 0 1 0 0 0 0 1 0 1 1 1 1 0 0 0 0 1 0 0
400	1	 1 1 0 1 0 0 1 0 0 1 1 1 1 0 0 0 0 0 0 0
400	2	 1 1 1 1 0 0 1 1 0 1 1 0 0 1 0 0 1 0 0 0
400	2	 1 1 1 1 0 0 0 0 0 1 1 1 0 1 0 0 0 1 0 0
400	2	 1 0 1 1 0 0 1 1 0 1 1 1 1 0 0 1 0 0 0 0
400	2	 1 1 1 1 0 0 0 0 1 0 1 1 1 1 0 1 0 0 0 0
400	2	 1 0 1 1 0 0 0 0 0 1 1 0 1 0 0 0 0 0 0 0
400	1	 1 1 1 0 0 0 0 0 0 1 1 1 0 1 0 1 1 0 0 0
400	1	 1 1 1 0 0 0 0 0 0 0 1 1 1 1 0 1 0 0 0 0
400	1	 1 0 1 1 0 0 0 0 0 1 1 0 0 1 0 1 0 0 0 0
400	2	 1 1 1 1 0 0 0 0 0 1 1 1 1 0 0 0 1 0 0 0
400	2	 1 1 1 1 0 0 0 1 0 1 1 1 1 1 0 0 0 0 0 0
400	1	 1 0 1 0 0 0 0 0 0 1 1 0 0 1 0 1 0 0 0 0
400	4	 1 1 1 0 0 0 0 0 0 1 1 0 0 1 0 1 0 1 0 0
400	2	 1 1 1 0 0 0 1 0 0 1 1 0 0 1 0 1 0 0 0 0
400	1	 1 1 1 1 1 0 0 0 1 1 1 0 1 1 1 0 1 0 0 0
400	2	 1 1 1 1 0 0 0 0 0 1 1 1 1 0 0 0 0 1 1 0
400	1	 0 1 1 0 0 0 1 1 0 1 1 0 0 1 0 1 0 0 0 0
400	1	 1 1 1 1 0 0 0 0 1 1 1 1 1 0 1 1 1 0 0 0
400	1	 1 1 1 1 0 0 0 0 0 0 1 0 0 1 0 0 0 0 0 0
590	12	 1 1 1 1 0 0 0 0 0 1 1 1 1 1 1 0 0 0 0 0
590	1	 1 1 1 1 0 0 0 0 0 1 1 0 0 1 1 0 0 0 0 0
590	10	 1 1 1 0 0 0 0 0 1 1 1 1 0 1 1 0 0 0 0 0
590	21	 1 1 1 1 0 0 1 0 1 1 1 1 0 1 0 0 0 0 0 0
590	14	 1 1 1 1 0 0 1 0 0 1 1 1 1 0 0 0 0 0 0 0
590	56	 1 1 1 1 1 0 0 0 1 0 1 0 0 1 1 0 0 0 0 0
590	2	 1 1 1 1 1 0 0 0 0 0 1 1 1 1 1 1 0 0 0 0
590	28	 1 1 1 1 0 1 0 0 0 1 1 0 1 1 1 0 0 0 0 0
590	5	 1 0 1 1 0 0 0 0 0 1 1 1 1 0 0 1 0 0 0 0
590	22	 1 1 1 1 0 0 1 0 0 0 0 1 1 0 0 0 0 0 0 0
590	5	 1 1 1 0 0 0 0 0 1 1 1 1 0 1 0 1 0 0 0 0
590	53	 1 1 1 1 0 0 0 0 0 1 1 0 0 1 1 1 0 0 0 0
590	12	 1 1 1 1 0 0 1 0 0 1 1 1 0 0 0 0 0 0 0 0
590	21	 1 1 1 1 0 1 0 0 0 1 1 0 0 1 1 0 0 0 0 0
590	15	 1 1 1 1 0 0 0 0 1 1 1 1 0 1 0 1 0 0 0 0
590	29	 1 1 1 1 0 1 0 0 0 1 1 1 0 1 1 0 0 0 0 0
590	1	 1 1 1 1 0 0 0 0 0 1 1 0 1 0 0 1 0 0 0 0
590	6	 1 1 1 1 0 0 0 1 0 1 1 1 1 1 1 0 0 0 0 0
590	1	 1 1 1 1 0 0 0 1 0 1 1 0 0 1 0 1 0 0 0 0
590	12	 1 1 1 1 0 0 0 0 0 1 1 0 0 0 1 0 0 0 0 0
590	16	 1 1 0 1 0 1 1 0 0 1 1 1 1 0 1 0 0 0 0 0
590	32	 1 1 1 1 0 0 0 0 0 1 1 0 1 1 1 0 1 0 0 0
590	8	 1 1 1 0 0 0 0 0 0 1 1 1 1 0 0 0 0 0 0 0
590	13	 1 1 1 1 1 0 0 0 0 0 1 0 0 1 1 0 0 0 0 0
590	3	 1 1 1 1 0 1 1 0 0 1 1 1 0 0 0 0 1 0 0 0
590	28	 1 1 1 1 0 1 0 0 0 1 1 1 0 0 0 1 0 0 0 0
590	19	 1 1 0 1 0 1 1 1 1 1 1 1 0 1 0 0 0 0 0 0
590	18	 1 1 1 1 0 0 0 0 1 1 1 0 0 1 0 1 0 0 0 0
590	6	 0 1 1 1 0 0 0 1 1 1 1 1 0 1 0 0 0 0 0 0
590	19	 1 1 1 1 0 0 1 0 0 1 1 0 1 1 1 0 0 0 0 0
590	33	 1 1 1 1 0 0 0 0 0 1 1 0 0 1 1 0 1 0 0 0
590	11	 1 1 1 1 1 0 0 0 0 1 1 1 1 1 1 0 1 0 0 0
590	1	 1 1 1 0 0 0 0 0 1 1 1 1 0 1 1 1 0 0 0 0
590	11	 1 1 0 1 0 0 0 0 0 1 1 0 1 0 1 0 0 0 0 0
590	6	 1 1 1 1 0 0 1 0 1 1 1 1 0 1 0 0 0 0 0 1
590	2	 1 0 1 1 0 0 0 0 0 1 1 0 1 1 1 0 0 0 0 0
590	27	 1 1 1 1 0 0 0 0 1 0 1 0 0 1 1 0 0 0 0 0
590	1	 1 1 0 0 0 0 0 0 1 1 1 1 0 1 1 0 0 0 0 0
590	16	 1 1 1 1 1 0 0 0 1 0 1 0 0 1 1 1 0 0 0 0
590	5	 1 1 1 1 1 0 0 0 1 1 1 0 0 1 1 0 0 0 0 0
590	13	 1 1 1 1 0 0 0 0 0 1 1 0 1 1 1 0 0 0 0 0
590	4	 1 1 0 1 0 0 0 0 0 1 1 0 0 1 1 0 1 0 0 0
590	8	 1 1 1 1 0 0 1 0 0 1 1 0 0 1 1 1 0 0 0 0
590	1	 1 1 1 1 0 0 0 0 1 1 1 1 0 1 1 1 0 0 0 0
590	2	 1 1 1 0 0 0 0 0 0 0 1 1 1 0 0 0 0 0 0 0
590	6	 1 1 1 1 0 0 0 0 1 1 1 1 1 0 0 0 0 0 0 0
590	23	 1 1 1 1 0 1 0 0 0 0 1 1 1 1 1 0 0 0 0 0
590	2	 1 1 0 1 0 0 0 0 0 1 1 0 0 1 1 1 0 0 0 0
590	9	 1 1 1 1 0 1 0 0 0 0 1 0 0 1 1 0 0 0 0 0
590	7	 1 1 0 0 0 0 0 0 1 1 1 1 0 1 0 0 0 0 0 0
590	1	 1 1 1 1 0 0 0 0 1 0 0 0 1 0 1 0 0 0 1 0
590	29	 1 1 1 1 0 1 0 0 0 1 0 0 0 1 1 0 0 0 0 0
590	1	 0 1 1 1 0 0 1 0 1 1 1 1 1 1 0 0 0 0 1 0
590	5	 1 1 1 0 0 0 0 0 1 1 1 0 0 1 1 0 0 0 0 0
590	2	 1 0 1 1 0 0 0 0 0 1 1 1 1 1 1 0 0 0 0 0
590	3	 1 1 1 1 0 1 1 0 1 1 1 1 0 1 0 0 0 0 0 0
590	11	 1 1 1 1 0 1 0 0 0 1 1 0 1 1 0 0 0 0 0 0
590	9	 1 1 1 1 0 0 1 0 0 1 1 0 0 0 0 0 0 0 0 0
590	5	 1 0 1 1 1 0 0 0 0 0 1 0 0 1 1 1 0 0 0 0
590	3	 1 1 1 1 1 0 0 0 0 1 1 1 1 1 1 0 0 0 0 0
590	9	 1 1 1 1 0 1 0 0 0 1 1 0 0 1 1 0 0 1 0 0
590	1	 1 1 1 1 0 0 1 0 0 1 1 0 0 1 1 1 0 1 0 0
590	5	 1 1 1 1 1 0 0 0 0 1 0 1 1 1 0 0 1 0 0 0
590	11	 1 1 1 1 0 0 0 0 0 1 1 1 1 1 0 0 0 0 0 0
590	1	 1 1 1 1 0 1 0 0 0 1 1 0 0 1 1 1 0 0 0 0
590	6	 1 1 1 1 0 0 0 0 0 1 1 1 1 0 0 0 0 0 0 0
590	6	 0 1 1 1 0 1 0 0 0 1 1 0 0 1 1 0 0 0 0 0
590	7	 1 0 1 1 1 0 0 0 0 1 1 0 0 1 1 1 0 0 0 0
590	12	 1 1 1 1 1 0 0 1 1 0 1 0 0 1 1 0 0 1 0 0
590	8	 1 1 1 1 0 0 0 0 1 1 1 1 0 1 0 1 0 0 0 1
590	13	 1 1 1 1 0 0 0 1 0 1 1 1 0 1 0 1 0 0 0 0
590	1	 1 1 1 0 0 0 0 0 0 1 1 1 1 0 0 0 0 1 0 0
590	3	 1 1 1 1 0 0 0 0 0 1 1 0 0 1 1 0 1 0 0 1
590	13	 1 0 1 1 1 0 1 0 1 0 1 0 0 1 1 0 0 0 0 0
590	6	 1 1 1 1 0 0 0 1 0 1 1 0 0 1 1 1 0 0 0 0
590	2	 1 1 0 1 0 0 0 0 0 1 1 1 1 0 0 1 0 0 0 0
590	2	 1 1 1 1 0 0 0 0 0 0 0 1 1 0 0 0 0 0 0 0
590	1	 1 1 1 1 0 0 0 0 0 1 0 0 0 1 1 1 0 0 0 0
590	11	 1 1 0 0 0 0 0 1 1 1 1 1 0 1 1 0 0 0 0 0
590	6	 1 1 1 1 1 0 0 0 1 0 1 0 0 0 1 1 0 0 0 0
590	5	 1 1 1 1 0 0 0 1 1 1 1 1 0 1 0 0 0 0 0 0
590	2	 1 1 1 1 0 1 1 0 0 0 0 1 1 0 0 0 0 0 0 0
590	3	 1 1 1 1 0 0 0 0 0 1 1 0 0 1 1 1 1 0 0 0
590	2	 1 1 1 1 0 1 0 0 0 1 1 0 1 1 1 0 1 0 0 0
590	3	 1 1 1 1 0 0 0 0 1 1 0 0 0 1 0 1 0 0 0 0
590	4	 0 0 1 1 1 0 0 0 0 0 1 0 0 1 1 1 0 0 0 0
590	3	 1 0 1 1 1 0 0 0 0 1 1 1 1 1 1 0 0 0 0 0
590	3	 1 1 1 1 0 1 0 0 1 1 1 1 0 1 0 1 0 0 0 0
590	1	 1 1 1 1 1 0 0 0 1 0 1 0 1 1 1 0 0 0 0 0
590	5	 0 1 1 1 0 0 0 0 0 1 1 0 0 1 1 1 0 0 0 0
590	3	 1 1 0 1 0 1 1 0 0 1 1 1 0 0 1 0 0 0 0 0
590	1	 1 1 1 0 0 0 0 1 1 1 1 1 1 1 1 0 0 0 0 0
590	10	 1 0 1 1 0 0 0 0 0 1 1 1 1 1 0 0 0 0 0 0
590	1	 1 1 1 0 0 0 1 0 1 0 1 0 0 1 1 0 0 0 0 0
590	1	 1 1 1 1 0 1 0 0 0 1 1 0 1 1 1 1 0 0 0 0
590	9	 1 1 1 1 0 0 1 0 1 1 1 1 0 0 1 0 0 0 0 0
590	1	 1 1 1 1 0 0 1 0 1 1 1 1 0 1 1 0 0 0 0 0
590	4	 1 1 1 1 0 0 0 0 1 0 1 0 0 1 1 0 0 1 0 0
590	1	 1 1 1 0 0 0 0 1 1 1 1 1 0 1 1 1 0 0 0 0
590	5	 1 1 1 1 0 0 1 0 1 0 1 0 0 1 1 0 0 1 0 0
590	1	 1 1 1 1 0 0 0 0 1 0 0 0 1 1 1 0 0 1 0 0
590	2	 1 1 1 1 0 0 0 0 1 1 1 1 0 1 1 0 0 0 0 0
590	2	 1 1 1 0 1 0 0 0 1 0 1 0 0 1 1 0 0 0 0 0
590	6	 1 1 1 1 0 0 0 0 1 1 1 0 1 1 1 0 1 0 0 0
590	5	 1 1 1 1 0 1 1 0 0 1 1 1 0 0 0 1 0 0 0 0
590	1	 1 1 1 0 0 0 0 0 1 1 1 1 0 1 1 1 1 0 0 0
590	2	 1 1 0 1 0 0 0 0 1 0 1 0 0 1 1 0 0 0 0 0
590	2	 0 1 1 1 0 0 0 0 1 0 1 0 0 1 1 0 0 0 0 0
590	2	 1 1 1 1 0 0 0 0 0 0 1 0 0 1 1 0 0 0 0 0
590	5	 1 1 1 1 0 0 0 0 1 0 1 0 0 1 0 0 0 0 0 0
590	1	 1 1 0 0 0 0 0 0 1 1 1 1 0 1 0 0 0 1 0 0
590	2	 1 1 1 1 0 1 1 0 1 1 0 1 0 1 0 0 0 0 0 0
590	4	 1 0 1 1 1 0 1 0 0 1 1 1 1 0 1 0 0 0 0 0
590	1	 1 1 1 1 0 0 1 0 1 1 1 1 0 1 1 0 0 1 0 0
590	5	 1 1 1 1 0 0 1 0 0 1 1 1 1 0 1 0 0 0 0 0
590	1	 1 1 1 1 0 1 0 1 0 1 1 0 1 1 1 0 0 0 0 0
590	2	 1 1 1 0 0 1 0 0 0 1 1 0 1 1 1 0 0 0 0 0
590	1	 1 1 1 1 1 1 0 0 0 1 1 0 0 1 1 0 0 0 0 0
590	2	 1 1 1 1 0 1 0 0 0 1 1 1 0 0 0 1 0 0 0 1
590	1	 1 0 1 1 0 0 0 0 1 0 1 0 0 1 1 0 0 0 0 0
590	1	 1 1 1 1 0 0 0 0 1 0 1 1 0 1 1 0 0 0 0 0
590	1	 1 1 1 1 0 0 0 1 0 1 1 0 1 1 1 0 0 0 0 0
590	1	 1 1 1 1 0 0 1 0 1 1 1 1 0 1 0 1 0 0 0 1
590	1	 1 1 0 1 0 1 1 0 0 1 1 1 1 0 0 0 0 0 0 0
590	1	 1 1 0 1 0 1 0 0 1 0 1 0 0 1 1 0 0 0 0 0
590	1	 1 1 1 1 0 0 0 0 0 1 1 0 0 1 1 1 0 1 0 0
590	1	 1 0 1 1 1 0 0 0 1 0 1 0 0 1 1 0 0 0 0 0
590	1	 1 1 1 1 1 0 0 0 0 0 1 1 1 1 1 1 0 1 0 0
590	1	 1 1 1 1 0 0 1 0 0 1 1 1 0 0 0 1 0 0 0 0
590	1	 1 1 1 1 0 0 0 1 1 1 1 0 0 1 0 1 0 0 0 0
590	1	 1 1 1 1 0 1 0 0 0 0 1 1 0 0 0 1 0 0 0 0
590	2	 1 1 1 1 0 1 0 0 0 1 0 1 0 0 0 1 0 0 0 0
590	1	 1 1 1 1 0 1 0 0 0 1 1 0 0 0 0 1 0 0 0 0
590	1	 1 1 1 1 1 0 0 0 0 1 0 1 1 1 1 0 1 0 0 0
590	1	 1 1 1 0 0 0 0 0 1 1 1 0 0 1 1 0 1 0 0 0
720	4	 1 1 1 1 0 0 0 0 1 1 1 1 0 1 0 1 0 0 0 0
720	26	 1 1 1 1 0 0 1 0 0 1 1 0 0 1 1 1 0 0 0 0
720	26	 1 1 1 1 1 0 0 0 1 1 0 0 0 1 1 0 0 0 0 0
720	10	 1 1 1 1 0 0 0 0 1 1 0 1 0 1 0 1 0 0 0 0
720	18	 1 1 1 1 0 0 0 0 0 0 1 1 1 0 0 0 0 0 0 0
720	6	 1 1 1 1 0 0 0 0 1 1 1 1 0 1 1 1 0 0 0 0
720	13	 1 1 1 1 1 0 0 0 1 0 0 0 0 1 1 1 0 0 0 0
720	4	 1 1 1 1 0 0 1 0 0 1 1 0 1 0 1 0 0 0 0 0
720	7	 1 0 1 1 1 1 0 0 1 0 1 0 1 1 1 0 0 0 0 0
720	19	 1 1 1 1 0 1 0 0 1 1 0 1 0 1 0 1 0 0 0 0
720	46	 1 1 1 1 0 0 1 0 0 1 0 0 1 1 0 0 0 0 0 0
720	72	 1 1 1 1 0 1 0 0 0 1 1 1 0 0 1 1 1 0 0 0
720	22	 1 1 1 1 1 0 0 1 0 1 1 0 1 0 1 0 0 0 0 0
720	25	 1 1 1 1 1 0 0 0 1 0 0 0 0 1 1 1 0 0 1 0
720	10	 1 1 0 1 0 0 1 0 0 1 1 0 0 1 1 1 0 0 0 0
720	20	 1 1 1 1 1 0 0 0 0 1 0 0 1 0 1 0 0 0 0 0
720	17	 1 1 1 1 0 0 0 0 1 0 1 0 1 0 1 0 0 0 0 0
720	2	 1 1 1 1 0 0 1 1 0 1 1 0 1 0 1 1 0 0 0 0
720	10	 1 1 1 1 0 0 1 1 1 0 1 0 0 1 1 1 0 0 0 0
720	7	 1 1 1 1 0 0 0 0 1 1 1 1 0 1 1 1 0 0 1 0
720	68	 1 1 1 1 0 1 0 0 1 1 0 1 0 1 0 1 1 0 0 0
720	20	 1 1 1 1 0 0 0 1 1 0 0 0 0 1 1 1 1 0 1 0
720	8	 1 1 1 1 1 0 0 0 1 0 0 0 0 0 1 1 0 0 0 0
720	5	 1 1 1 1 0 0 1 0 0 1 1 1 0 1 1 1 1 0 1 0
720	3	 1 1 1 1 1 0 0 0 1 1 0 0 0 1 1 0 0 0 0 1
720	16	 1 1 1 1 0 0 0 0 0 0 1 0 1 0 0 0 0 0 0 0
720	1	 1 1 1 1 1 1 0 1 1 0 1 1 0 1 0 0 0 0 0 0
720	7	 1 1 0 1 0 1 0 1 1 1 0 1 0 1 0 1 0 0 0 0
720	15	 1 1 1 1 0 1 0 0 1 1 0 1 0 1 0 1 0 0 0 1
720	5	 1 1 1 1 1 0 0 0 0 1 0 0 0 0 1 0 0 0 0 0
720	4	 1 1 1 1 1 0 0 0 1 0 1 0 1 1 1 0 0 0 0 0
720	2	 1 1 1 1 1 1 0 0 0 0 1 1 0 1 0 0 0 0 0 0
720	9	 1 1 1 1 0 1 0 0 1 0 1 0 1 1 1 0 0 0 0 0
720	2	 1 1 1 1 1 0 1 1 0 1 1 0 1 0 1 1 0 0 0 0
720	16	 1 1 1 1 1 0 0 1 0 1 0 1 0 1 0 1 1 0 0 0
720	7	 1 1 1 0 1 0 1 0 0 1 1 0 1 1 0 0 0 0 0 0
720	7	 1 1 0 1 1 1 0 1 1 0 1 1 0 1 0 0 0 0 0 0
720	20	 1 1 0 1 1 0 0 1 0 1 1 0 0 1 1 1 0 0 0 0
720	10	 0 1 1 1 1 0 0 0 1 1 0 0 0 1 1 0 0 0 0 0
720	5	 1 1 1 1 0 0 1 1 1 1 0 0 1 1 0 0 0 0 0 0
720	6	 1 1 1 1 0 0 1 0 0 1 0 0 1 1 0 0 0 0 1 0
720	4	 1 1 1 1 0 0 0 0 0 1 1 0 1 0 1 0 0 0 0 0
720	11	 1 1 0 1 0 1 0 0 1 1 0 1 0 1 0 1 0 0 0 1
720	3	 1 1 1 1 1 0 0 0 1 0 0 0 0 1 0 1 0 0 0 0
720	7	 1 1 1 1 1 0 0 1 1 0 0 0 0 1 1 1 0 0 1 0
720	9	 1 1 1 1 0 1 0 0 0 1 1 1 0 0 0 1 0 0 0 0
720	3	 1 1 1 1 1 0 0 0 0 1 1 0 1 0 1 0 0 0 1 0
720	5	 1 1 1 1 0 1 0 0 0 1 1 1 0 0 1 0 1 0 0 0
720	1	 1 1 1 1 1 0 0 0 1 1 0 0 1 1 0 0 0 1 0 0
720	7	 1 1 1 1 1 0 0 1 0 1 1 1 0 0 1 1 1 0 0 0
720	9	 1 1 1 1 1 1 0 1 0 1 1 0 0 1 1 1 0 0 0 0
720	6	 1 0 1 1 0 0 1 0 0 1 1 0 1 0 1 0 0 0 0 0
720	8	 1 1 1 1 1 0 0 0 1 0 0 0 0 1 1 0 0 0 0 0
720	1	 1 1 1 1 0 0 1 1 0 1 1 0 1 0 0 0 0 0 0 0
720	15	 1 1 1 1 1 0 0 0 1 0 0 0 0 1 0 1 1 0 0 0
720	3	 1 1 1 1 1 0 0 0 1 0 1 0 0 1 0 1 0 0 1 0
720	11	 1 1 1 1 0 0 0 0 1 0 1 0 1 0 0 0 0 0 0 0
720	1	 1 1 1 1 0 0 0 0 1 1 1 1 1 1 0 0 0 0 0 0
720	2	 1 1 1 1 1 0 1 1 0 1 1 0 1 0 0 1 0 0 0 0
720	7	 1 1 1 1 0 0 0 0 1 0 1 0 1 0 1 0 0 0 0 1
720	21	 1 1 1 1 0 1 0 0 0 0 1 0 1 1 1 0 0 0 0 0
720	7	 1 1 1 1 1 0 0 0 1 1 0 0 0 0 0 0 0 0 0 0
720	1	 1 1 1 1 0 1 0 0 0 1 1 1 0 0 0 0 0 0 0 0
720	2	 1 1 1 1 0 0 0 0 1 1 1 1 0 1 1 1 0 0 0 1
720	9	 1 1 1 1 1 0 0 0 1 1 0 0 1 0 1 0 0 0 0 0
720	7	 1 1 1 1 1 1 0 0 0 1 1 1 0 0 1 1 1 0 0 0
720	2	 1 1 1 1 1 1 0 0 1 0 1 0 1 1 1 0 0 0 0 0
720	3	 0 1 0 1 0 0 1 0 0 1 1 0 0 1 1 1 0 0 0 0
720	2	 1 1 1 1 0 1 0 0 0 1 1 1 0 0 0 1 1 0 0 0
720	5	 1 1 1 1 0 1 0 0 1 1 0 1 0 0 0 1 1 0 0 0
720	5	 0 1 1 1 1 0 0 0 1 1 0 0 0 1 1 0 0 0 0 1
720	10	 1 1 1 1 1 0 1 0 0 1 0 0 0 1 1 1 0 0 0 0
720	10	 0 1 1 1 1 0 0 0 1 1 0 0 0 1 1 1 0 0 0 0
720	6	 1 1 1 1 1 0 0 0 1 1 0 0 0 1 0 0 0 0 0 0
720	1	 1 1 1 1 0 0 0 0 1 1 1 0 1 0 1 0 0 0 0 0
720	4	 1 1 1 1 0 1 0 0 0 1 1 0 1 0 1 0 0 0 0 0
720	2	 1 1 1 1 0 1 0 0 1 1 1 1 0 1 0 1 0 0 0 0
720	9	 1 0 1 1 1 1 0 1 1 0 1 0 1 1 1 0 0 0 0 0
720	3	 1 1 1 1 0 0 1 0 0 0 1 1 1 0 0 0 0 0 0 0
720	6	 1 1 1 1 0 0 1 0 0 1 1 0 0 0 1 0 0 0 0 0
720	2	 1 1 1 1 1 0 0 0 1 0 0 0 0 1 1 1 0 0 0 1
720	4	 1 1 1 1 0 1 0 0 1 0 1 0 0 1 0 1 0 0 1 0
720	3	 1 0 1 1 0 0 0 0 1 1 1 1 0 1 1 1 1 0 0 0
720	5	 1 1 1 1 1 0 1 1 0 1 1 0 1 0 0 1 0 0 0 1
720	2	 1 1 1 1 0 0 0 0 1 1 1 1 1 1 0 1 0 0 0 0
720	1	 1 1 1 1 0 0 0 0 1 0 1 1 1 0 1 0 0 0 0 0
720	4	 1 1 1 1 0 1 0 0 1 1 1 1 1 1 0 0 0 0 0 0
720	2	 1 1 1 1 0 1 0 0 0 0 1 0 1 1 0 0 0 0 0 0
720	4	 1 1 1 1 0 0 1 0 0 1 1 0 0 1 1 0 0 0 0 0
720	1	 1 1 1 1 0 0 1 0 0 1 1 1 0 0 1 1 1 0 0 0
720	1	 1 1 1 1 0 0 1 0 1 1 0 0 0 1 1 0 0 0 0 0
720	5	 1 1 0 1 1 1 0 1 1 0 1 1 0 1 0 1 0 0 0 0
720	1	 1 1 1 1 0 1 0 0 0 1 1 1 0 1 0 0 0 0 0 0
720	1	 1 1 1 1 0 0 1 1 1 1 1 0 0 1 1 1 0 0 0 0
720	6	 1 1 1 1 0 0 0 0 0 0 1 0 1 0 0 0 1 0 0 0
720	3	 1 1 1 1 1 1 0 1 0 1 1 0 0 1 1 1 0 0 1 0
720	2	 1 1 1 0 1 0 0 0 1 0 0 0 0 1 0 1 1 0 0 0
720	4	 1 1 1 1 0 0 0 0 0 0 1 0 0 1 1 0 0 0 0 0
720	2	 1 1 1 1 1 0 0 0 1 1 0 0 0 0 1 0 0 0 0 0
720	1	 1 0 1 1 0 1 0 0 0 1 1 1 0 0 1 1 1 0 0 0
720	2	 1 1 1 1 0 1 0 0 1 0 0 1 0 1 0 1 1 0 0 0
720	6	 1 1 1 1 0 1 0 0 1 0 1 0 1 1 1 1 0 0 0 0
720	1	 0 1 1 1 0 1 0 0 0 1 1 1 0 0 1 0 1 0 0 0
720	1	 1 1 1 1 1 0 0 0 1 1 0 0 1 0 1 1 0 0 0 0
720	1	 1 1 1 1 0 1 0 0 0 1 1 1 1 1 0 0 0 0 0 0
720	4	 1 1 1 1 0 0 0 0 0 0 1 1 1 1 0 0 0 0 0 0
720	2	 1 1 1 1 0 1 0 0 1 0 0 0 0 1 1 1 0 0 1 0
720	3	 1 1 1 1 1 0 0 0 1 1 1 1 0 0 0 0 0 0 0 0
720	5	 1 1 1 1 0 1 0 0 0 1 1 0 0 1 1 1 0 0 0 0
720	8	 1 1 1 1 1 0 0 0 0 0 1 0 1 0 0 0 0 0 0 0
720	4	 1 1 1 1 0 0 1 1 1 0 1 0 0 1 0 1 1 0 0 0
720	3	 1 1 1 1 1 1 0 1 0 1 1 0 1 0 1 0 0 0 0 0
720	1	 1 1 1 1 0 0 1 0 0 1 1 0 0 1 1 1 1 0 0 0
720	1	 1 1 1 1 0 0 0 1 1 0 0 0 0 1 1 1 1 0 1 1
720	3	 1 1 1 1 1 0 0 0 1 0 1 0 1 1 1 1 0 0 0 0
720	5	 1 1 1 1 0 1 0 0 0 1 1 1 0 0 0 1 0 0 1 0
720	2	 1 1 1 1 1 0 0 0 1 0 0 0 1 0 1 0 0 0 0 0
720	4	 0 1 0 1 0 0 1 0 0 0 1 0 0 1 1 1 0 0 0 0
720	3	 1 1 1 1 0 0 0 0 1 0 1 0 0 1 0 1 0 0 1 0
720	3	 1 1 1 1 0 1 0 0 1 1 0 1 0 1 0 1 1 0 1 0
720	1	 1 1 1 1 1 0 1 0 0 1 1 1 0 0 1 1 1 0 0 0
720	4	 1 1 1 1 0 0 1 0 1 1 1 1 0 1 1 1 0 0 0 0
720	1	 1 1 1 1 0 1 0 0 0 1 1 0 0 1 1 1 0 0 1 0
720	1	 1 1 1 1 0 1 0 0 0 1 1 1 0 0 1 1 1 0 1 0
720	1	 1 1 0 1 0 0 0 1 1 0 0 0 0 1 1 1 1 0 1 0
720	1	 1 0 1 1 0 0 1 0 0 1 1 0 1 0 1 0 1 0 0 0
720	4	 0 1 1 1 1 0 0 0 1 0 0 0 0 1 0 1 1 0 0 0
720	2	 1 1 1 1 0 0 0 0 1 1 1 1 0 1 0 0 0 0 0 0
720	3	 1 1 0 1 0 0 1 0 0 1 1 0 0 0 1 0 0 0 0 0
720	1	 1 1 1 1 1 0 1 1 0 1 1 0 1 1 0 0 0 1 0 0
720	3	 1 1 1 1 1 0 0 0 1 0 0 0 1 1 0 0 0 0 0 0
720	3	 1 1 0 1 1 0 1 0 0 1 1 0 1 0 1 0 0 0 0 0
720	1	 1 1 0 1 1 1 0 0 1 1 0 1 0 1 0 1 0 0 0 0
720	2	 1 1 1 1 0 0 1 1 1 0 1 0 1 1 1 0 0 0 0 0
720	1	 1 1 1 1 0 1 0 0 0 1 1 1 0 0 1 0 0 0 0 0
720	4	 1 1 1 1 1 0 0 0 1 1 0 0 0 1 1 1 0 0 1 0
720	1	 1 1 1 1 0 1 0 0 1 1 0 1 0 1 0 0 1 0 0 0
720	1	 1 1 0 1 1 0 0 1 1 1 1 0 0 1 1 1 0 0 0 0
720	2	 1 1 0 1 1 0 0 1 0 1 1 1 0 1 1 1 0 0 0 0
720	1	 1 0 0 1 0 0 1 0 0 1 1 0 1 0 1 0 0 0 0 0
720	1	 1 1 1 1 1 0 0 0 1 0 0 0 0 1 1 0 1 0 0 0
720	3	 1 1 1 1 0 0 0 0 1 0 0 0 1 0 0 0 0 0 0 0
720	2	 1 1 1 1 0 0 0 0 1 1 1 0 1 0 1 0 0 0 0 1
720	2	 1 1 0 1 0 1 0 0 0 0 1 0 1 1 1 0 0 0 0 0
720	1	 1 0 1 1 1 1 0 0 0 1 1 1 0 0 1 1 1 0 0 0
720	4	 1 1 1 1 1 1 0 1 0 1 1 1 0 1 1 1 0 0 1 0
720	3	 1 1 1 1 0 1 0 0 1 0 0 1 0 0 0 1 1 0 0 0
720	1	 1 1 0 1 1 1 0 1 1 1 1 0 0 1 1 1 0 0 0 0
720	1	 1 1 0 1 1 0 1 0 0 1 1 1 0 0 1 1 1 0 0 0
880	46	 1 1 1 1 0 1 0 0 1 1 0 1 0 1 0 1 0 0 0 0
880	8	 1 1 1 1 1 0 0 0 1 0 0 0 0 1 1 0 0 0 0 0
880	41	 1 1 1 1 0 0 0 1 0 0 1 1 0 0 0 0 0 0 0 0
880	5	 1 1 1 1 0 1 0 0 0 1 0 1 0 1 1 1 0 0 0 0
880	10	 1 1 1 1 0 1 0 0 1 1 0 1 0 1 1 1 0 0 0 0
880	10	 1 1 1 1 1 1 0 0 1 1 0 0 0 1 1 0 0 0 0 0
880	31	 1 1 1 1 0 0 0 0 1 0 0 0 0 0 0 0 0 0 0 0
880	57	 1 1 1 1 0 0 0 0 1 0 0 1 0 1 0 1 0 0 0 0
880	23	 1 1 1 1 0 0 0 0 0 0 0 0 0 1 1 1 0 0 0 0
880	1	 1 1 1 1 1 0 0 1 0 1 0 1 0 1 0 1 0 0 0 1
880	10	 1 1 1 1 0 0 0 0 1 0 0 1 0 1 0 1 1 0 0 0
880	2	 1 1 1 1 1 0 1 0 1 0 0 0 0 1 1 0 0 0 0 0
880	45	 1 1 1 1 0 0 0 0 1 0 0 0 0 0 1 0 0 0 0 0
880	18	 1 1 1 1 0 1 0 0 1 1 0 1 1 1 0 1 0 0 0 0
880	1	 1 1 1 1 1 0 0 1 1 1 0 0 1 0 1 0 0 1 1 0
880	5	 1 1 1 1 0 1 0 0 0 1 0 0 0 1 0 1 0 0 0 0
880	4	 1 0 1 1 0 0 0 1 0 0 0 1 0 1 0 1 1 0 0 0
880	7	 1 0 1 1 0 1 0 0 1 0 0 1 1 1 0 1 0 0 1 0
880	24	 1 1 1 1 1 1 0 1 0 1 0 1 0 1 0 1 0 0 0 0
880	25	 1 0 1 1 0 0 0 1 0 0 0 1 0 1 0 1 0 0 0 0
880	9	 1 1 1 1 0 1 0 0 1 0 0 1 0 1 0 1 1 0 0 0
880	6	 1 1 1 1 0 1 0 0 1 1 0 1 0 0 0 0 0 0 0 0
880	28	 1 1 1 1 0 0 1 0 1 0 0 1 0 0 0 0 1 0 1 0
880	4	 1 1 1 1 0 1 0 1 1 1 0 1 0 1 0 1 0 0 0 0
880	2	 1 1 1 1 0 0 0 0 1 0 0 0 0 1 1 0 0 0 0 0
880	1	 1 0 1 1 0 1 0 0 1 1 0 1 0 1 1 1 0 0 0 0
880	34	 1 1 1 1 0 0 1 0 0 0 0 0 0 1 1 1 0 0 0 0
880	15	 1 1 1 1 1 0 0 0 1 0 0 0 0 1 1 0 0 1 0 0
880	5	 1 0 1 1 0 1 0 0 1 0 0 1 0 1 1 1 0 0 0 0
880	3	 1 1 1 1 0 1 0 0 1 0 1 1 0 0 0 0 0 1 0 0
880	3	 1 1 1 1 0 1 0 0 1 0 1 0 1 1 1 0 0 0 0 0
880	2	 1 1 1 1 0 1 0 0 1 0 0 1 0 1 1 1 0 0 0 0
880	33	 1 1 1 1 1 0 0 0 1 0 0 1 0 0 0 0 1 0 0 0
880	3	 1 0 1 1 0 1 0 0 1 1 0 1 1 1 1 1 0 0 0 0
880	4	 1 0 1 1 0 1 0 0 1 0 0 1 1 1 0 1 0 0 0 0
880	13	 1 1 0 1 1 0 0 1 1 1 0 1 0 1 1 0 0 0 0 0
880	7	 1 0 1 1 1 0 1 0 1 0 0 0 0 1 1 0 0 0 0 0
880	6	 1 1 1 1 0 1 0 0 1 0 0 1 0 1 0 1 0 0 0 0
880	10	 1 1 1 1 1 0 0 0 1 0 0 0 0 0 1 0 0 0 0 0
880	8	 1 1 1 1 0 1 0 1 1 0 0 1 0 1 0 1 1 0 0 0
880	8	 1 1 1 1 0 1 0 0 0 1 0 0 0 1 0 1 1 0 0 0
880	1	 1 1 1 1 0 0 0 0 1 0 0 0 0 1 1 0 0 0 0 1
880	2	 1 0 1 1 1 0 1 0 1 0 0 0 1 0 1 0 0 1 1 0
880	4	 1 1 1 1 0 1 0 1 1 0 0 0 1 1 0 1 0 0 0 0
880	3	 1 1 0 1 1 0 0 0 1 0 0 0 0 0 1 0 0 0 0 0
880	1	 1 0 1 1 0 1 0 0 1 0 0 1 0 0 0 0 1 0 0 0
880	11	 1 1 1 1 0 0 1 0 1 0 0 0 0 1 1 0 0 0 0 0
880	27	 1 1 1 1 0 1 0 0 1 0 0 1 0 0 0 0 0 0 0 0
880	22	 0 1 1 1 0 0 1 0 0 0 0 0 0 1 1 1 0 0 0 0
880	2	 1 1 0 1 1 0 0 1 1 1 1 1 0 1 1 0 0 0 0 0
880	2	 1 1 1 0 1 0 0 1 1 1 0 0 1 0 1 0 0 1 1 0
880	5	 1 1 1 1 0 0 1 0 1 0 0 1 0 0 0 0 1 1 0 0
880	20	 1 1 1 1 1 0 1 0 1 0 0 0 0 1 1 0 0 1 0 0
880	15	 1 1 1 1 0 1 0 0 1 1 0 1 0 0 0 0 0 0 0 1
880	3	 1 0 1 1 0 1 0 0 1 0 0 0 0 1 0 1 0 0 0 0
880	2	 1 1 1 1 0 0 0 0 1 0 0 0 0 0 1 0 0 0 1 0
880	5	 1 0 1 1 0 1 0 0 1 1 0 1 0 0 1 1 0 0 0 0
880	7	 1 1 1 1 1 0 0 0 1 1 0 1 0 1 1 1 0 0 0 0
880	14	 1 1 1 1 1 0 0 1 1 1 0 0 1 0 1 0 0 0 1 0
880	9	 1 1 1 1 1 0 0 1 1 0 0 0 0 0 1 0 0 0 0 0
880	11	 1 1 1 1 1 0 0 1 1 1 0 0 1 0 1 0 0 0 0 0
880	6	 1 1 1 1 1 0 0 0 1 0 0 0 0 1 1 1 0 0 0 0
880	9	 1 0 1 1 0 0 0 0 1 0 0 0 0 0 1 0 0 0 0 0
880	1	 1 1 0 1 0 1 0 1 1 1 0 1 0 1 0 1 0 0 0 0
880	7	 1 1 1 0 1 0 0 0 1 0 0 0 0 1 1 0 0 0 0 0
880	3	 1 1 1 1 1 1 0 0 1 1 0 1 0 1 0 1 0 1 0 0
880	1	 1 1 1 1 0 0 0 1 1 1 0 0 1 0 1 0 0 1 1 0
880	5	 1 0 1 1 0 1 0 1 1 1 0 1 1 1 1 1 0 0 0 0
880	3	 1 0 1 0 0 1 0 0 1 1 0 1 0 1 1 0 0 0 0 0
880	1	 1 1 1 1 0 0 0 1 0 0 0 1 0 1 0 1 0 0 0 0
880	3	 1 1 1 1 0 1 0 0 1 0 0 0 0 0 0 0 0 0 0 0
880	5	 1 1 1 1 0 0 1 0 1 0 0 0 0 0 0 0 0 0 0 0
880	2	 1 1 1 1 1 0 0 1 1 1 0 0 1 0 1 1 0 1 1 0
880	1	 1 1 1 1 0 0 0 1 1 1 0 1 0 1 0 1 0 0 0 0
880	4	 1 1 1 1 0 0 0 0 1 0 0 0 1 0 1 0 0 0 1 0
880	5	 1 0 1 1 0 0 0 0 1 0 0 1 0 1 0 1 0 0 0 0
880	2	 1 1 1 1 0 0 0 0 1 0 0 0 0 0 1 1 0 0 0 0
880	1	 1 1 1 1 1 0 0 0 1 1 0 1 0 1 1 1 0 1 0 0
880	1	 1 0 1 1 0 1 1 0 0 0 0 1 0 1 1 1 0 0 0 0
880	1	 1 1 1 1 0 1 0 0 1 1 0 1 0 0 0 1 0 0 0 0
880	4	 1 1 1 1 1 0 1 0 1 0 0 0 0 1 1 0 1 0 0 0
880	4	 0 1 1 1 0 1 0 0 1 0 0 0 0 1 1 1 0 0 0 0
880	11	 1 1 1 1 0 1 0 0 1 1 0 0 0 1 0 1 1 0 0 0
880	14	 1 0 1 1 0 1 0 0 0 0 0 1 0 0 0 0 1 0 0 0
880	6	 0 1 1 1 0 0 1 0 1 0 0 0 0 1 1 1 0 0 0 0
880	7	 0 1 1 1 0 0 0 0 1 0 0 0 0 1 1 1 0 0 0 0
880	3	 1 1 1 1 0 1 0 0 1 0 0 0 0 1 0 1 1 0 0 0
880	3	 1 1 1 1 0 0 1 0 0 0 0 0 0 0 0 0 1 0 0 0
880	8	 1 1 1 1 1 0 1 0 1 0 0 0 0 0 1 0 0 0 0 0
880	10	 1 1 1 1 0 0 0 0 1 0 0 1 0 1 0 1 0 0 0 1
880	2	 1 1 0 1 1 0 0 1 1 1 0 0 1 0 1 0 0 1 1 0
880	1	 1 1 1 0 0 0 1 0 0 0 0 0 0 1 1 1 0 0 0 0
880	2	 1 1 1 1 1 0 0 0 0 0 0 1 0 0 0 0 1 0 0 0
880	3	 1 1 1 1 0 0 0 0 1 0 1 0 1 0 1 0 0 0 0 0
880	4	 1 1 1 1 1 0 0 1 0 1 0 1 0 1 0 1 0 0 0 0
880	1	 1 1 0 1 0 0 0 0 0 0 0 0 0 1 1 1 0 0 0 0
880	10	 1 1 1 1 1 0 0 0 1 0 0 1 0 0 0 1 0 0 0 0
880	3	 1 1 1 1 1 0 0 1 0 0 1 1 0 0 0 0 0 0 0 0
880	4	 1 1 1 1 0 0 0 1 0 0 0 0 0 1 1 1 0 0 0 0
880	4	 1 1 1 1 1 1 0 0 1 1 0 1 0 0 0 0 0 0 0 0
880	2	 1 1 0 1 0 1 0 1 1 1 0 0 0 1 1 0 0 0 0 0
880	1	 1 1 1 1 0 1 0 0 0 1 0 1 0 1 0 1 0 0 1 0
880	3	 1 1 1 1 1 0 0 1 1 1 0 1 0 1 1 0 0 0 0 0
880	5	 1 1 1 1 0 1 0 0 1 1 1 1 0 1 0 1 0 0 0 0
880	1	 1 1 0 1 0 0 0 1 0 0 1 1 0 0 0 0 0 0 0 0
880	4	 1 1 1 1 0 0 0 0 1 0 1 1 0 1 0 1 0 0 0 0
880	1	 1 1 1 1 0 0 0 0 0 0 1 0 0 1 1 1 0 0 0 0
880	1	 1 1 1 1 1 1 0 1 0 1 0 1 0 1 0 1 0 1 0 0
880	3	 1 0 1 1 0 0 0 1 1 0 0 1 0 1 0 1 0 0 0 0
880	5	 1 0 1 1 0 0 1 0 0 0 0 0 0 1 1 1 0 0 0 0
880	3	 1 1 1 1 0 0 0 1 0 0 0 1 1 1 0 1 0 0 0 0
880	4	 1 1 1 1 1 0 0 1 1 1 0 1 1 0 1 1 0 1 1 0
880	1	 1 1 1 1 0 1 0 0 1 1 0 1 0 0 0 0 1 1 0 0
880	1	 0 1 1 1 0 0 1 0 0 0 0 0 0 1 0 0 1 0 0 0
880	3	 1 1 1 1 0 0 0 0 1 1 0 1 0 1 0 1 1 0 0 0
880	1	 1 0 1 1 0 1 0 0 1 0 0 1 1 1 0 1 0 0 1 1
880	3	 1 1 1 0 1 0 0 0 1 0 0 1 0 0 0 0 1 0 0 0
880	2	 1 1 1 1 0 0 0 0 1 1 0 1 0 1 1 1 0 0 0 0
880	2	 0 1 1 1 0 1 0 0 1 1 0 1 0 1 0 1 0 0 0 0
880	3	 1 1 1 1 1 1 0 0 1 1 0 1 0 1 0 1 0 0 0 0
880	1	 1 1 1 1 1 1 0 0 1 1 0 0 0 1 1 0 0 0 1 0
880	2	 1 1 1 1 0 0 0 1 1 0 0 0 0 0 1 0 0 0 0 0
880	1	 1 1 1 1 0 1 0 1 0 1 0 1 0 1 0 1 0 0 0 0
880	4	 1 1 0 1 1 0 0 1 1 1 0 1 0 1 1 0 0 0 0 1
880	2	 0 1 1 1 1 0 0 0 1 0 0 0 0 0 1 0 0 0 0 0
880	4	 1 1 1 1 1 0 0 0 1 1 0 1 1 1 1 1 0 0 0 0
880	1	 1 1 1 1 1 1 0 1 1 1 0 0 1 0 1 0 0 0 1 0
880	3	 1 1 1 1 1 0 0 1 1 1 0 1 1 0 1 0 0 0 1 0
880	2	 1 1 1 1 1 0 0 1 1 0 0 0 0 0 1 0 0 0 0 1
880	2	 1 1 1 1 0 0 1 0 1 0 0 0 0 1 1 1 0 0 0 0
880	1	 1 1 0 1 0 0 0 1 1 1 0 0 1 0 1 0 0 1 1 0
880	2	 1 1 1 1 0 1 0 0 0 1 0 1 0 0 0 0 1 0 0 0
880	2	 1 1 0 1 0 0 0 0 1 0 0 0 0 0 1 0 0 0 0 0
880	1	 1 0 1 1 0 1 1 0 0 0 0 1 0 0 0 0 0 0 0 1
880	2	 1 1 1 1 1 0 0 0 1 0 0 1 0 1 0 1 1 0 0 0
880	1	 1 1 1 1 0 1 0 1 1 1 0 1 0 1 1 1 0 0 0 0
880	1	 1 1 1 1 1 0 0 1 0 1 0 1 0 1 0 0 0 0 0 1
880	1	 0 1 1 1 0 1 0 0 1 1 0 1 1 1 0 1 0 0 0 0
880	1	 1 1 1 1 0 1 0 1 1 1 0 1 1 1 0 1 0 0 0 0
880	1	 0 1 0 1 0 0 1 0 0 0 0 0 0 1 1 1 0 0 0 0
880	2	 1 0 1 0 0 1 0 1 1 1 0 1 1 1 1 1 0 0 0 0
880	1	 1 1 1 1 1 1 0 1 1 1 0 0 1 0 1 1 0 1 1 0
880	5	 1 1 1 1 1 0 0 1 1 0 0 0 0 1 1 0 0 1 0 0
1000	1	 1 1 1 1 0 0 0 0 0 0 0 0 0 1 1 1 0 0 0 0
1000	28	 1 1 1 1 0 1 0 0 1 0 0 1 0 0 0 0 0 0 0 0
1000	6	 1 1 1 1 1 0 0 1 1 0 0 0 0 0 0 0 0 0 0 0
1000	3	 1 1 1 1 0 0 0 0 1 0 0 1 0 0 0 0 1 0 1 0
1000	4	 1 1 1 1 0 1 0 0 1 0 0 0 0 0 1 0 0 0 0 0
1000	111	 1 1 1 1 0 1 0 1 1 0 0 1 0 0 0 0 0 0 0 0
1000	4	 1 1 1 1 1 1 0 1 0 0 1 1 0 0 0 0 0 0 0 0
1000	13	 1 1 1 1 1 0 1 0 1 0 0 0 1 0 0 1 0 0 0 0
1000	42	 1 1 1 1 0 0 1 0 1 0 0 0 0 0 1 0 0 0 0 0
1000	3	 1 1 1 0 1 0 0 1 1 0 0 0 0 0 0 0 0 0 0 0
1000	1	 1 1 1 0 1 0 0 1 1 0 0 0 0 0 0 0 0 0 0 1
1000	35	 1 1 1 1 0 0 0 0 1 0 0 0 0 0 1 1 0 0 0 0
1000	2	 1 1 1 1 1 0 0 0 1 0 0 1 1 1 0 0 0 0 0 0
1000	74	 1 1 1 1 0 0 0 1 1 0 0 0 0 0 0 0 0 0 0 0
1000	3	 1 1 1 1 0 0 1 0 1 0 0 0 0 0 0 0 0 1 0 0
1000	11	 1 1 1 1 1 0 0 0 1 0 0 1 0 0 0 0 0 0 0 0
1000	5	 1 1 1 1 1 0 0 1 1 0 0 1 1 0 1 0 0 0 0 0
1000	4	 1 1 1 1 0 1 0 0 0 0 0 0 0 1 1 1 0 0 0 0
1000	16	 1 1 1 1 1 0 0 1 1 1 0 0 1 1 0 1 0 0 0 0
1000	4	 1 1 1 1 1 1 1 0 1 1 0 1 0 0 0 1 0 0 0 0
1000	2	 1 1 1 1 0 1 0 1 1 0 0 0 0 0 0 0 0 0 0 0
1000	17	 1 1 1 1 1 0 1 0 1 0 0 1 0 0 0 0 0 0 0 0
1000	69	 1 1 1 1 1 0 0 0 1 0 0 0 0 0 0 0 0 0 0 0
1000	3	 1 1 1 1 0 1 0 1 1 0 0 0 0 0 1 1 0 0 0 0
1000	25	 1 1 1 1 0 1 0 0 1 0 0 0 0 0 1 1 0 0 0 0
1000	11	 1 1 1 1 1 0 0 0 1 0 0 0 1 0 0 1 0 0 0 0
1000	8	 1 1 1 1 1 1 0 1 0 0 0 1 1 1 0 0 0 0 0 0
1000	2	 1 1 1 1 0 1 1 0 1 0 0 1 0 1 1 1 0 0 0 0
1000	5	 1 1 1 1 1 0 0 0 1 0 0 1 1 0 1 0 0 0 0 0
1000	4	 0 1 1 1 1 0 1 1 0 0 0 1 0 0 0 0 0 0 0 0
1000	6	 1 1 1 0 0 0 0 0 0 0 0 0 0 0 0 0 0 0 0 0
1000	4	 1 0 1 1 1 0 1 0 1 0 0 0 1 0 0 1 0 0 0 0
1000	2	 0 1 1 1 0 1 0 1 1 0 0 1 0 0 0 0 0 0 0 0
1000	6	 1 1 1 1 1 0 1 0 1 0 0 0 1 0 0 0 0 0 0 1
1000	3	 1 1 1 1 0 1 1 0 1 1 0 1 0 1 1 1 0 0 1 0
1000	36	 1 1 1 1 0 0 1 1 1 0 0 0 0 0 1 0 0 0 0 0
1000	16	 1 1 1 1 1 1 1 1 0 0 0 1 0 0 0 0 0 0 0 0
1000	11	 1 1 1 1 1 0 0 1 1 0 0 1 0 0 1 0 0 0 0 0
1000	12	 1 0 1 1 0 1 0 0 1 0 0 1 0 0 0 0 0 0 0 0
1000	7	 1 1 1 1 0 1 0 1 1 0 0 1 0 0 1 1 1 0 0 0
1000	8	 0 1 1 1 0 1 0 0 0 0 0 0 0 1 1 0 0 0 0 0
1000	17	 1 1 1 1 1 1 0 0 0 0 1 1 0 1 0 0 0 0 0 0
1000	3	 1 1 1 0 0 1 1 0 1 1 0 1 0 1 1 0 0 0 1 0
1000	1	 1 1 1 1 1 1 1 0 1 1 0 1 0 0 0 1 1 0 0 0
1000	15	 1 1 1 1 0 0 0 1 1 0 0 0 0 0 0 1 0 0 0 0
1000	1	 1 1 1 1 0 1 0 0 1 0 0 1 0 0 0 0 0 1 0 0
1000	5	 0 1 1 1 1 1 0 0 1 0 0 0 0 1 1 1 0 0 0 0
1000	9	 1 1 1 1 1 0 0 0 1 0 0 1 0 0 0 1 0 0 0 0
1000	16	 1 1 1 1 0 0 0 0 1 0 0 0 1 0 0 1 0 0 0 0
1000	6	 0 1 1 1 1 0 0 0 1 0 0 0 0 0 1 0 0 0 0 0
1000	2	 1 1 1 1 0 1 0 0 1 0 0 1 0 0 0 0 0 0 0 1
1000	9	 1 1 1 1 1 1 0 1 0 0 0 1 1 0 0 0 0 0 0 0
1000	1	 0 1 0 1 0 0 1 1 0 0 0 1 0 0 0 0 0 0 0 0
1000	10	 1 1 1 1 1 1 1 0 1 0 0 0 0 0 1 0 0 1 0 0
1000	14	 1 1 1 1 0 0 0 1 1 0 0 1 0 0 0 0 0 0 0 0
1000	5	 1 1 0 1 0 1 0 1 1 0 0 0 0 0 1 1 0 0 0 0
1000	2	 1 1 1 1 1 1 0 0 1 1 0 1 0 0 0 1 1 0 0 0
1000	1	 1 1 1 1 0 1 0 1 1 1 0 1 0 0 0 0 0 0 0 0
1000	2	 1 1 1 1 0 0 0 1 1 0 0 1 1 0 0 1 1 0 0 0
1000	8	 1 1 1 1 0 1 0 1 1 0 0 1 0 0 0 1 0 0 0 0
1000	7	 1 1 1 1 0 1 0 1 0 1 0 1 0 0 0 0 0 0 0 0
1000	2	 1 1 1 1 1 0 0 0 1 1 0 0 0 0 0 0 0 0 0 0
1000	6	 1 1 1 1 1 0 0 0 1 0 1 1 1 0 1 0 0 0 0 0
1000	19	 1 1 1 1 1 1 0 1 1 0 1 1 0 0 1 0 0 0 0 0
1000	4	 1 1 1 1 1 1 0 1 0 0 0 1 1 1 1 1 0 0 0 1
1000	1	 1 1 1 1 1 1 0 1 0 0 0 1 1 1 0 0 0 0 1 0
1000	5	 1 0 1 1 1 0 1 0 1 0 0 0 1 0 0 1 0 1 0 0
1000	2	 1 1 1 1 0 0 0 1 0 0 0 1 0 0 0 0 0 0 0 0
1000	5	 1 1 1 1 0 1 1 1 1 0 0 0 0 0 0 0 0 0 0 0
1000	13	 1 1 1 1 1 1 0 1 0 0 0 1 0 0 1 1 0 0 0 0
1000	6	 1 1 1 1 0 1 0 1 1 0 0 1 0 0 0 0 0 0 0 1
1000	4	 0 1 1 1 0 1 0 0 1 0 0 0 0 0 1 1 0 0 0 0
1000	4	 0 1 0 1 0 1 0 1 1 0 0 0 0 0 1 1 0 0 0 0
1000	5	 0 1 1 1 0 1 0 1 1 0 0 0 0 0 1 1 0 0 0 0
1000	2	 1 1 1 1 1 0 0 0 1 0 0 0 0 0 1 1 0 0 0 0
1000	3	 1 1 1 1 0 0 1 1 1 1 0 1 1 1 1 1 0 0 0 0
1000	7	 1 1 1 1 0 1 0 1 1 0 0 0 0 0 1 1 1 0 0 0
1000	5	 1 1 1 1 0 1 0 1 1 0 0 1 0 0 0 0 1 1 0 0
1000	2	 1 1 1 1 1 1 0 1 0 0 0 1 0 0 0 0 0 0 0 0
1000	4	 0 1 1 1 0 1 0 0 1 0 0 1 0 0 0 0 0 0 0 0
1000	6	 1 1 1 1 1 1 0 1 0 0 1 1 1 0 0 0 0 0 0 0
1000	2	 1 1 1 1 1 1 0 0 1 0 0 0 0 0 0 0 0 0 0 0
1000	3	 1 1 1 0 1 0 0 0 1 0 0 0 0 0 0 0 0 0 0 0
1000	7	 1 1 1 1 1 0 0 0 1 0 1 0 0 0 0 0 0 0 0 0
1000	6	 1 1 1 0 1 0 0 1 1 0 0 1 1 0 0 0 0 0 0 0
1000	2	 1 1 1 1 0 0 0 1 0 0 0 0 0 0 1 1 0 0 0 0
1000	4	 0 1 1 1 1 0 0 0 1 0 0 0 0 0 1 0 1 0 0 0
1000	1	 0 1 1 1 0 0 0 0 1 0 0 0 0 0 0 0 0 0 0 0
1000	2	 1 1 1 1 1 0 0 0 1 0 1 1 0 0 0 0 0 0 0 0
1000	2	 1 1 1 1 0 0 0 1 1 1 0 0 0 0 0 1 0 0 0 0
1000	4	 1 1 0 1 0 1 1 1 1 0 0 0 0 0 1 1 0 0 0 0
1000	1	 1 1 1 1 1 0 1 0 1 0 0 1 0 0 1 1 0 0 0 0
1000	4	 1 1 1 1 0 1 0 1 1 0 0 0 1 0 0 1 0 0 0 0
1000	1	 0 0 1 1 0 1 0 1 1 0 0 0 0 1 1 1 0 0 0 0
1000	3	 1 1 1 1 0 0 0 1 1 0 0 1 1 0 0 1 1 0 1 0
1000	3	 1 0 1 1 1 0 1 0 1 0 0 0 1 0 0 1 0 1 1 0
1000	2	 0 1 1 1 0 1 1 1 1 0 0 0 0 0 0 0 0 0 0 0
1000	6	 1 1 1 1 1 0 1 0 1 0 0 1 0 0 1 0 0 0 0 0
1000	2	 1 1 1 1 0 0 0 1 1 0 0 1 0 1 1 1 0 0 0 0
1000	10	 1 1 1 1 0 1 0 0 1 0 0 1 0 0 0 0 1 0 0 0
1000	4	 1 0 1 0 1 0 0 1 1 0 0 0 0 0 0 0 0 0 0 1
1000	1	 1 1 1 1 1 1 0 1 1 1 0 0 1 1 0 1 0 0 0 0
1000	2	 1 1 1 1 0 1 0 0 1 0 1 0 0 0 1 1 0 0 0 0
1000	2	 1 1 0 1 0 1 0 0 1 0 0 0 0 0 1 1 0 0 0 0
1000	2	 1 1 1 0 0 0 0 0 0 0 0 0 0 0 1 0 0 0 0 0
1000	1	 1 1 0 1 0 1 0 1 1 0 0 0 0 1 1 1 0 0 0 0
1000	2	 1 1 1 1 0 0 1 1 1 1 0 1 1 1 1 1 1 0 0 0
1000	2	 1 1 1 1 0 0 1 0 1 0 0 0 1 0 0 1 0 0 0 0
1000	5	 1 1 1 1 0 0 0 0 1 0 0 0 0 0 0 0 0 0 0 0
1000	3	 1 1 1 1 1 0 1 0 1 0 0 1 0 0 0 0 0 0 0 1
1000	5	 1 1 1 1 0 1 0 0 1 0 0 0 0 0 0 0 0 0 0 0
1000	3	 1 1 1 1 1 0 1 0 1 0 0 0 1 0 0 1 0 0 0 1
1000	1	 1 1 1 1 1 0 1 1 1 0 0 0 0 0 1 0 0 0 0 0
1000	1	 0 1 1 1 0 1 0 1 0 0 0 0 0 1 1 0 0 0 0 0
1000	2	 1 1 1 1 1 0 0 0 0 0 1 1 0 1 0 0 0 0 0 0
1000	3	 1 1 1 1 0 0 0 0 0 0 0 0 0 0 0 0 0 0 0 0
1000	1	 0 1 1 1 0 0 0 1 1 0 0 0 0 0 0 0 0 0 0 0
1000	2	 1 1 1 1 0 0 0 0 1 0 0 1 0 0 0 0 1 0 0 0
1000	2	 1 1 1 1 0 1 0 1 1 0 0 1 0 0 0 0 0 0 1 0
1000	2	 1 1 1 1 0 1 0 1 0 0 0 1 0 0 0 0 0 0 0 0
1000	2	 1 1 1 1 0 0 0 0 1 0 0 1 0 0 1 1 0 0 0 0
1000	2	 1 1 1 1 0 0 0 1 1 0 0 0 0 0 0 0 0 0 1 0
1000	1	 1 1 1 1 0 1 0 0 1 0 0 0 0 0 1 1 1 0 0 0
1000	1	 1 1 1 0 0 0 1 0 0 0 0 0 0 0 0 0 0 0 0 0
1000	1	 1 1 1 0 0 0 0 0 1 0 0 0 0 0 0 0 0 0 0 0
1000	3	 1 1 1 1 0 1 1 1 1 0 0 0 0 0 1 0 0 0 0 0
1000	5	 1 1 1 1 0 1 0 1 1 1 0 1 0 0 1 1 1 0 0 0
1000	1	 1 1 1 1 0 1 0 0 1 0 0 1 0 0 0 0 0 0 1 1
1000	1	 1 1 1 1 1 1 0 1 0 0 0 1 1 0 1 0 0 0 0 0
1000	2	 1 1 1 0 1 0 0 1 1 0 1 1 1 0 0 0 0 0 0 0
1000	3	 0 1 1 1 0 0 1 1 1 0 0 0 0 0 1 0 0 0 1 0
1000	1	 1 1 1 0 0 1 0 1 1 0 0 0 1 0 0 1 0 0 0 0
