0	250	 0 0 1 0 0 0 1 0 0 0 0 0 0 0 0 0 0 1 0 0
0	250	 0 0 0 1 0 1 0 0 0 1 0 0 0 1 0 0 0 0 1 0
0	250	 1 1 0 0 1 0 0 0 0 0 1 0 0 0 0 0 0 1 0 1
0	250	 1 0 0 1 1 0 0 0 0 0 0 0 0 0 1 0 0 0 0 0
10	126	 0 0 1 0 0 0 1 0 0 0 0 0 0 0 0 0 0 1 0 0
10	229	 0 0 0 1 0 1 0 0 0 1 0 0 0 1 0 0 0 0 1 0
10	189	 1 1 0 0 1 0 0 0 0 0 1 0 0 0 0 0 0 1 0 1
10	124	 1 0 0 1 1 0 0 0 0 0 0 0 0 0 1 0 0 0 0 0
10	9	 0 0 1 0 0 0 1 0 0 0 0 0 0 0 0 0 0 0 1 0
10	6	 0 0 0 1 1 0 0 0 0 0 0 0 0 0 1 0 0 0 0 0
10	1	 1 0 0 1 1 0 0 0 0 0 0 0 0 0 0 0 0 1 0 0
10	5	 0 0 1 0 0 0 1 0 0 0 0 0 0 0 0 0 0 1 0 1
10	11	 1 0 0 1 1 0 0 0 0 0 0 0 0 0 0 0 0 0 0 0
10	2	 0 0 0 1 0 1 0 0 0 1 0 0 0 1 0 0 0 0 0 0
10	15	 1 1 0 0 1 0 1 0 0 0 0 0 0 0 0 0 0 1 0 0
10	16	 1 1 0 0 1 0 0 0 0 1 0 0 0 1 0 0 0 0 1 0
10	17	 1 0 0 1 0 1 0 0 0 1 0 0 0 1 0 0 0 0 1 0
10	11	 1 0 0 1 1 0 0 0 0 0 1 0 0 0 0 0 0 1 0 1
10	9	 0 0 1 0 0 0 0 0 0 0 0 0 0 0 0 0 0 1 0 0
10	2	 0 0 0 1 0 1 0 1 0 1 0 0 0 1 0 0 0 0 1 0
10	4	 0 0 0 1 0 1 0 0 0 1 0 0 0 1 1 0 0 0 1 0
10	1	 0 0 0 1 0 1 0 0 0 1 0 0 0 1 0 1 0 0 1 0
10	5	 0 0 1 0 0 0 1 0 0 1 0 0 0 1 0 0 0 0 1 0
10	6	 1 1 0 0 1 0 0 0 0 0 1 0 0 0 1 0 0 0 0 0
10	23	 1 1 0 0 1 0 0 0 0 0 1 0 0 0 0 0 0 1 0 0
10	6	 1 1 0 0 1 0 0 0 0 0 1 0 0 1 0 0 0 1 0 1
10	5	 1 1 0 0 1 0 1 0 0 0 1 0 0 0 0 0 0 1 0 1
10	8	 0 1 0 0 1 0 0 0 0 0 1 0 0 0 0 0 0 1 0 1
10	5	 1 0 0 1 1 0 0 0 0 1 0 0 0 0 1 0 0 0 0 0
10	1	 0 0 0 1 0 0 1 0 0 0 0 0 0 0 0 0 0 1 0 1
10	12	 0 0 0 1 0 1 0 0 0 1 1 0 0 1 0 0 0 0 1 0
10	4	 1 1 0 0 1 0 0 0 0 0 1 1 0 0 0 0 0 1 0 1
10	14	 1 1 0 0 1 0 0 0 0 0 1 0 0 0 0 1 0 1 0 1
10	5	 1 0 1 1 1 0 0 0 0 0 0 0 0 0 1 0 0 0 0 0
10	11	 1 0 0 1 1 0 0 0 0 0 1 0 0 0 1 0 0 0 0 0
10	1	 1 0 0 1 0 1 0 0 0 1 0 0 0 1 1 0 0 0 1 0
10	1	 0 0 0 1 0 1 0 0 0 0 1 0 0 0 0 0 0 1 0 1
10	2	 0 0 1 0 0 0 1 1 0 0 0 0 0 0 0 0 0 1 0 0
10	1	 1 0 0 1 1 0 0 0 0 0 0 1 0 0 1 0 0 0 0 0
10	1	 0 0 0 1 0 1 0 0 0 1 0 0 0 0 0 0 0 0 1 1
10	2	 1 1 0 1 0 1 0 0 0 1 0 0 0 1 0 0 0 0 1 0
10	11	 0 0 0 1 0 1 0 0 0 1 0 0 0 0 0 0 0 0 1 0
10	2	 0 0 0 1 0 0 0 0 0 1 0 0 0 1 0 0 0 0 1 0
10	2	 0 0 1 0 0 0 1 0 0 0 0 0 0 0 0 0 1 0 0 0
10	9	 1 0 0 1 1 0 0 0 1 0 1 0 0 0 1 0 0 0 0 0
10	7	 0 0 0 1 1 0 0 0 0 0 1 0 0 0 1 0 0 0 0 0
10	1	 0 0 1 0 0 0 1 0 0 0 0 0 1 0 0 0 0 1 0 0
10	2	 1 0 0 1 1 0 0 0 0 0 0 0 0 0 1 1 0 0 0 0
10	5	 1 1 0 0 1 0 0 1 0 1 0 0 0 0 0 0 0 0 1 0
10	3	 1 1 0 0 1 0 0 0 0 0 1 0 0 0 0 0 0 0 1 0
10	2	 1 1 0 0 1 1 0 0 0 1 0 0 0 0 0 0 0 0 1 0
10	6	 1 0 0 1 1 0 0 0 0 1 0 0 0 1 0 0 0 0 1 0
10	3	 0 0 1 0 0 1 1 0 0 0 0 0 0 0 0 0 0 1 0 0
10	2	 0 0 1 1 0 1 0 0 0 1 0 0 0 1 0 0 0 0 1 0
10	8	 1 1 0 0 1 0 0 0 0 0 1 0 0 0 0 0 1 1 0 1
10	1	 1 1 0 0 1 0 0 0 0 1 1 0 0 0 0 0 0 1 0 0
10	2	 1 0 1 1 1 0 0 0 1 0 0 0 0 0 1 0 0 0 0 0
10	1	 0 0 1 0 1 0 0 0 0 0 0 0 0 0 1 0 0 0 0 0
10	1	 1 0 0 1 1 0 0 0 0 0 0 0 0 1 0 0 0 0 1 0
10	3	 1 1 0 0 1 0 0 0 1 0 1 0 0 0 0 0 0 1 0 1
10	2	 1 1 1 0 1 0 0 0 0 0 1 0 0 0 0 0 0 1 0 1
10	2	 1 1 0 0 1 0 0 0 0 0 0 0 0 0 0 0 0 1 0 1
10	1	 1 1 0 1 1 0 0 0 0 0 1 0 0 0 0 0 0 1 0 1
10	1	 1 0 0 1 1 1 0 0 0 0 0 0 0 0 1 0 0 0 0 0
10	2	 0 0 1 0 0 0 1 0 1 0 0 0 0 0 0 0 0 1 0 1
10	6	 0 0 1 0 0 0 0 0 1 0 0 0 0 0 0 0 0 1 0 0
10	4	 1 1 0 0 1 0 0 0 0 1 1 0 0 0 0 0 0 0 1 0
10	2	 0 0 1 0 0 0 1 0 0 0 0 0 0 1 0 0 0 0 1 0
10	2	 0 0 0 0 1 0 0 0 0 0 1 0 0 0 0 0 0 1 0 1
10	1	 1 0 0 1 1 0 0 0 0 1 1 0 0 1 0 0 0 0 1 0
10	1	 1 0 0 1 0 1 0 0 0 1 0 0 0 1 0 1 0 0 1 0
10	1	 0 0 1 0 0 0 0 0 0 0 0 0 0 0 0 0 0 1 1 0
10	3	 1 1 1 0 1 0 0 0 0 0 1 0 0 0 1 0 0 0 0 0
10	1	 0 0 1 0 0 0 1 0 0 0 0 0 0 0 0 0 1 1 0 0
10	2	 0 0 1 0 0 0 1 0 0 0 0 0 0 0 0 0 0 1 1 0
10	1	 1 0 0 1 1 1 0 0 0 1 0 0 0 1 0 0 0 0 1 0
10	1	 1 0 0 0 1 0 0 0 0 0 1 1 0 0 0 0 0 1 0 1
10	2	 1 0 1 1 1 0 0 0 0 0 0 1 0 0 1 0 0 0 0 0
10	3	 0 0 0 1 1 1 0 0 0 1 0 0 0 0 0 0 0 0 1 1
10	1	 0 1 0 1 0 1 0 0 0 1 0 0 0 1 0 0 0 0 1 0
25	54	 0 0 1 0 0 0 1 0 0 0 0 0 0 0 0 0 0 1 0 0
25	127	 0 0 0 1 0 1 0 0 0 1 0 0 0 1 0 0 0 0 1 0
25	206	 1 1 0 0 1 0 0 0 0 0 1 0 0 0 0 0 0 1 0 1
25	88	 1 0 0 1 1 0 0 0 0 0 0 0 0 0 1 0 0 0 0 0
25	5	 1 0 0 1 1 0 0 0 0 0 0 0 0 0 0 0 0 0 0 0
25	9	 1 1 0 0 1 0 0 0 0 1 0 0 0 1 0 0 0 0 1 0
25	25	 1 0 0 1 0 1 0 0 0 1 0 0 0 1 0 0 0 0 1 0
25	5	 1 0 0 1 1 0 0 0 0 0 1 0 0 0 0 0 0 1 0 1
25	3	 0 0 1 0 0 0 0 0 0 0 0 0 0 0 0 0 0 1 0 0
25	3	 0 0 0 1 0 1 0 0 0 1 0 0 0 1 1 0 0 0 1 0
25	7	 1 1 0 0 1 0 0 0 0 0 1 0 0 0 1 0 0 0 0 0
25	11	 1 1 0 0 1 0 0 0 0 0 1 0 0 0 0 0 0 1 0 0
25	34	 1 1 0 0 1 0 0 0 0 0 1 0 0 1 0 0 0 1 0 1
25	3	 0 1 0 0 1 0 0 0 0 0 1 0 0 0 0 0 0 1 0 1
25	5	 1 0 0 1 1 0 0 0 0 1 0 0 0 0 1 0 0 0 0 0
25	8	 0 0 0 1 0 1 0 0 0 1 1 0 0 1 0 0 0 0 1 0
25	3	 1 1 0 0 1 0 0 0 0 0 1 1 0 0 0 0 0 1 0 1
25	6	 1 1 0 0 1 0 0 0 0 0 1 0 0 0 0 1 0 1 0 1
25	16	 1 0 1 1 1 0 0 0 0 0 0 0 0 0 1 0 0 0 0 0
25	13	 1 0 0 1 1 0 0 0 0 0 1 0 0 0 1 0 0 0 0 0
25	14	 1 1 0 1 0 1 0 0 0 1 0 0 0 1 0 0 0 0 1 0
25	5	 0 0 0 1 0 1 0 0 0 1 0 0 0 0 0 0 0 0 1 0
25	6	 1 0 0 1 1 0 0 0 1 0 1 0 0 0 1 0 0 0 0 0
25	22	 0 0 1 1 0 1 0 0 0 1 0 0 0 1 0 0 0 0 1 0
25	1	 1 1 0 0 1 0 0 0 0 0 1 0 0 0 0 0 1 1 0 1
25	1	 1 1 0 0 1 0 0 0 0 1 1 0 0 0 0 0 0 1 0 0
25	11	 1 1 0 0 1 0 0 0 1 0 1 0 0 0 0 0 0 1 0 1
25	7	 1 1 0 1 1 0 0 0 0 0 1 0 0 0 0 0 0 1 0 1
25	4	 0 0 1 0 0 0 0 0 0 0 0 0 0 0 0 0 0 1 1 0
25	2	 1 0 0 1 1 1 0 0 0 1 0 0 0 1 0 0 0 0 1 0
25	5	 0 0 0 1 1 1 0 0 0 1 0 0 0 0 0 0 0 0 1 1
25	1	 1 1 1 0 1 0 0 0 0 0 1 1 0 0 0 0 0 1 0 1
25	2	 1 0 0 1 1 0 0 0 0 0 1 0 0 0 1 0 1 0 0 0
25	4	 1 1 0 0 1 0 0 0 0 1 1 0 0 1 1 0 0 0 1 0
25	1	 0 0 1 0 0 0 1 0 1 0 0 0 0 0 0 0 0 1 0 0
25	3	 0 1 0 0 1 0 0 0 0 0 1 1 0 0 0 0 0 1 0 1
25	1	 0 0 0 1 0 1 0 0 0 1 0 0 0 0 0 0 0 1 0 1
25	22	 1 1 0 0 1 0 0 0 0 0 1 0 0 0 0 0 0 1 1 0
25	5	 1 1 0 0 1 0 0 0 0 0 1 0 0 0 0 0 0 0 0 1
25	2	 1 0 0 1 1 0 0 0 0 0 0 0 1 0 1 0 0 0 0 0
25	2	 0 0 1 0 0 0 1 0 0 1 0 0 0 1 0 0 0 0 1 1
25	3	 1 1 1 0 1 0 0 0 0 1 1 0 0 0 0 0 0 0 1 0
25	1	 0 0 0 1 0 1 0 0 0 1 0 1 0 0 1 0 0 0 0 0
25	2	 1 0 0 1 1 0 0 0 0 1 0 0 0 1 0 1 0 0 1 0
25	5	 0 0 0 1 1 0 0 0 0 0 1 0 0 0 1 0 0 0 0 0
25	2	 1 1 0 0 1 0 0 0 0 0 1 0 0 0 0 0 0 0 1 0
25	4	 0 0 0 1 0 1 0 0 0 1 0 0 0 1 1 0 0 0 1 1
25	1	 1 1 0 0 1 0 0 1 0 1 0 0 0 1 0 0 0 0 1 0
25	2	 1 0 0 1 1 1 0 0 0 1 0 0 0 0 0 0 0 1 0 0
25	3	 0 0 0 1 1 0 0 0 0 0 0 0 0 0 0 0 0 0 0 0
25	2	 0 1 0 0 1 0 0 0 0 1 0 0 0 1 0 0 0 0 1 0
25	3	 1 1 1 0 1 0 0 0 0 1 0 0 0 0 0 0 0 0 0 0
25	11	 0 0 0 1 0 1 0 0 0 1 0 0 0 1 0 0 0 0 1 1
25	5	 1 1 0 0 1 0 0 1 0 0 1 0 0 0 0 0 0 1 0 1
25	8	 1 1 0 1 1 0 0 0 0 0 0 0 0 0 1 0 0 0 0 0
25	1	 0 0 1 1 0 0 0 0 0 0 1 0 0 0 0 0 0 1 0 1
25	6	 0 0 0 1 0 1 0 0 0 1 0 0 0 1 0 0 0 0 0 0
25	6	 0 0 0 1 0 1 0 0 0 1 0 1 0 1 0 0 0 0 1 0
25	21	 0 0 0 1 1 1 0 0 0 1 0 0 0 1 0 0 0 0 1 0
25	2	 1 0 0 0 1 0 0 0 0 0 1 0 0 0 0 0 0 1 0 1
25	8	 1 1 0 0 1 0 0 0 0 0 1 0 1 0 0 0 0 1 0 1
25	3	 0 0 0 0 0 1 0 0 0 1 0 0 0 1 0 1 0 0 1 0
25	8	 1 1 0 0 1 0 0 0 0 1 1 0 0 0 1 0 0 0 0 0
25	4	 1 1 0 0 1 0 0 0 0 1 1 0 0 0 0 0 0 1 0 1
25	6	 0 0 0 1 0 0 1 0 0 0 0 0 0 0 0 0 0 1 0 0
25	1	 1 1 0 0 1 0 0 0 0 0 1 0 0 0 0 0 0 0 0 0
25	8	 0 0 0 1 0 1 0 0 0 1 0 0 0 0 0 0 0 1 0 0
25	5	 0 0 0 1 0 1 0 0 0 1 0 0 0 1 0 0 1 0 1 0
25	6	 1 0 0 1 0 1 0 0 0 1 0 1 0 1 0 0 0 0 1 0
25	1	 0 0 0 1 0 1 0 0 0 1 1 0 0 1 0 1 0 0 1 0
25	6	 1 1 0 0 1 0 0 0 0 0 1 0 1 0 1 0 0 1 0 1
25	2	 1 1 0 0 1 0 0 0 0 0 0 0 0 0 1 0 0 0 0 0
25	3	 1 1 0 0 1 0 0 0 0 1 0 0 0 0 1 0 0 0 0 0
25	3	 0 0 1 1 0 0 1 0 0 0 0 0 0 0 0 0 0 1 0 0
25	10	 1 0 0 1 0 1 0 0 0 1 1 0 0 1 0 0 0 0 1 0
25	6	 1 1 0 0 1 0 0 0 0 1 1 1 0 0 0 0 0 1 0 1
25	7	 1 1 0 1 0 1 0 1 0 1 0 0 0 1 0 0 0 0 1 0
25	1	 0 0 1 0 0 0 0 0 1 0 0 0 0 0 0 0 0 0 0 0
25	2	 1 0 0 1 0 1 0 0 0 1 0 0 0 1 0 0 0 1 0 1
25	1	 0 0 0 1 1 1 0 0 0 0 1 0 0 0 0 1 0 1 0 1
25	2	 1 1 0 0 1 0 0 0 0 0 0 0 0 0 0 0 0 1 0 0
25	1	 0 0 1 0 0 0 1 0 0 0 0 0 0 0 0 0 0 0 0 0
25	2	 0 1 0 1 0 1 0 0 0 1 0 0 0 1 0 0 0 0 1 0
25	2	 1 0 0 1 0 1 0 0 0 1 0 0 0 1 0 1 0 0 1 0
25	1	 0 1 1 0 0 0 0 0 0 0 0 0 0 0 0 0 0 1 0 0
25	1	 1 1 0 0 0 0 0 0 0 0 1 0 0 0 0 0 0 1 0 0
25	2	 0 0 1 0 0 0 1 0 0 0 1 0 0 1 0 0 0 1 0 1
25	5	 0 0 0 1 0 1 0 0 0 0 1 0 0 0 0 0 0 1 0 1
25	3	 1 1 0 0 1 0 0 0 0 0 1 0 0 1 0 0 0 0 1 0
25	3	 0 0 0 1 1 1 0 0 0 1 0 0 0 1 0 0 0 0 1 1
25	2	 0 0 0 1 1 0 0 0 0 1 0 0 0 1 0 1 0 0 1 0
25	2	 1 0 0 1 1 0 0 0 0 1 0 0 0 1 0 0 0 0 1 0
25	2	 0 0 1 0 0 0 0 0 0 0 1 1 0 0 0 0 0 1 0 1
25	2	 1 1 0 1 1 0 0 0 0 1 0 0 0 0 0 0 0 1 0 0
25	3	 1 1 0 0 1 0 0 0 0 0 0 0 0 0 0 0 0 1 0 1
25	2	 0 0 0 1 0 1 0 0 0 0 0 0 0 1 0 0 0 0 1 0
25	1	 1 1 0 0 0 0 0 0 0 0 1 0 0 0 0 0 0 1 0 1
25	3	 1 0 0 0 1 0 0 0 0 0 0 0 0 0 1 0 0 0 0 0
25	1	 1 0 0 0 1 0 0 0 0 0 0 0 0 0 0 0 0 0 0 0
25	1	 1 0 0 1 1 0 0 1 0 0 0 0 0 0 0 0 0 0 0 0
25	1	 1 0 0 1 0 1 0 0 0 1 0 0 0 1 0 0 0 0 0 0
25	2	 1 1 0 0 0 0 0 0 0 0 1 0 0 0 1 0 0 0 0 0
25	5	 1 1 0 0 1 0 0 0 0 0 1 1 1 0 0 0 0 1 0 1
25	2	 1 0 0 1 1 1 0 1 0 1 0 0 0 1 0 0 0 0 1 0
25	1	 1 1 0 0 1 0 0 0 1 1 1 0 0 1 1 0 0 0 1 0
25	2	 0 0 0 1 1 0 0 0 0 0 0 0 0 0 0 0 0 0 1 0
25	1	 0 0 0 0 0 0 1 0 0 0 0 0 0 0 0 0 0 1 0 0
25	1	 0 0 1 1 0 1 0 0 0 1 0 0 0 1 0 0 0 1 0 0
25	2	 0 0 1 0 0 0 1 0 0 0 0 0 0 0 1 0 0 0 0 0
25	1	 0 0 0 1 0 1 0 0 0 1 0 1 0 0 0 0 0 0 1 0
25	1	 1 0 0 1 1 0 0 0 0 0 0 0 0 0 0 0 0 1 0 0
25	3	 1 0 0 1 0 1 0 0 0 1 0 0 0 0 0 0 0 0 1 0
25	2	 0 0 0 1 0 1 0 1 0 1 0 1 0 0 1 0 0 0 0 0
25	4	 0 0 0 1 0 1 0 0 0 1 0 0 0 1 1 1 0 0 1 1
70	48	 0 0 0 1 0 1 0 0 0 1 0 0 0 1 0 0 0 0 1 0
70	16	 1 1 0 0 1 0 0 0 0 0 1 0 0 0 0 0 0 1 0 1
70	59	 1 0 0 1 0 1 0 0 0 1 0 0 0 1 0 0 0 0 1 0
70	16	 1 1 0 0 1 0 0 0 0 0 1 0 0 0 0 0 0 1 0 0
70	50	 1 1 0 1 0 1 0 0 0 1 0 0 0 1 0 0 0 0 1 0
70	12	 0 0 1 1 0 1 0 0 0 1 0 0 0 1 0 0 0 0 1 0
70	4	 1 1 0 0 1 0 0 0 0 1 1 0 0 1 1 0 0 0 1 0
70	6	 0 0 0 1 1 1 0 0 0 1 0 0 0 1 0 0 0 0 1 0
70	27	 1 1 0 0 1 0 0 0 0 1 1 0 0 0 1 0 0 0 0 0
70	40	 1 0 0 1 0 1 0 0 0 1 1 0 0 1 0 0 0 0 1 0
70	8	 1 1 1 0 1 0 0 0 0 0 1 0 0 0 0 0 0 1 0 1
70	6	 1 0 0 1 0 1 0 0 0 1 0 0 0 0 0 0 0 1 0 0
70	6	 0 0 0 1 0 1 0 0 0 1 0 0 0 0 0 0 0 1 1 0
70	8	 1 0 0 1 1 0 0 0 0 0 0 0 0 0 1 0 0 1 0 0
70	3	 1 1 0 0 1 0 0 0 0 1 1 0 0 0 0 0 0 1 1 0
70	7	 0 0 0 1 0 1 1 0 0 1 0 0 0 0 0 0 0 1 0 0
70	30	 1 0 0 1 1 0 0 1 0 0 0 0 0 0 1 0 0 0 0 0
70	7	 1 1 0 1 0 1 0 0 0 1 0 0 0 1 0 0 0 1 1 0
70	1	 0 0 0 1 0 1 0 0 0 1 0 0 0 1 0 0 0 1 0 1
70	6	 1 0 0 1 0 1 0 0 0 1 0 0 0 0 0 0 0 1 0 1
70	7	 0 0 0 1 0 1 0 0 0 1 0 0 0 1 0 0 0 0 0 0
70	27	 0 0 0 1 0 1 0 0 0 1 0 0 0 0 1 0 0 0 0 0
70	1	 0 0 0 1 0 1 0 0 0 1 0 0 0 1 1 0 0 0 1 0
70	31	 1 1 0 1 0 1 0 0 1 1 0 0 0 1 0 0 0 0 1 0
70	14	 1 1 0 1 1 0 0 0 0 0 1 0 0 0 0 0 0 1 0 1
70	19	 1 1 0 0 1 0 0 0 0 1 0 1 0 0 0 0 0 1 0 0
70	3	 1 1 0 0 1 0 0 0 0 0 0 0 0 0 0 0 0 1 0 1
70	17	 0 1 0 0 1 0 0 0 0 0 1 0 0 0 0 0 0 1 0 1
70	37	 1 1 0 1 1 1 0 0 0 1 0 0 0 1 0 0 0 0 1 0
70	5	 1 1 0 1 1 0 0 1 0 0 0 0 0 0 1 0 0 0 0 0
70	6	 1 1 1 1 1 0 0 0 0 0 0 0 0 0 0 0 0 0 0 0
70	9	 1 1 0 0 1 0 0 1 0 0 1 0 0 0 0 0 0 1 0 0
70	3	 0 0 0 1 0 1 0 0 0 1 0 0 0 0 0 1 0 0 0 0
70	3	 0 0 0 1 0 1 0 0 0 1 1 0 0 0 0 0 0 1 0 1
70	5	 1 1 0 0 1 1 0 0 0 1 1 0 0 0 0 0 0 1 1 0
70	3	 1 1 0 0 0 0 0 0 0 0 1 0 0 0 0 0 0 1 0 1
70	19	 1 1 1 1 1 0 1 0 0 0 0 0 0 0 1 0 0 0 0 0
70	12	 1 1 1 0 1 0 0 0 0 0 1 0 0 0 0 0 0 0 0 0
70	14	 1 1 1 1 1 0 0 0 0 0 1 0 0 1 0 0 0 0 1 0
70	15	 0 0 1 1 0 1 0 1 0 1 0 0 0 1 0 0 0 0 1 0
70	4	 1 1 0 0 1 0 0 0 1 0 1 0 0 0 0 1 0 0 1 1
70	14	 1 0 1 1 1 1 0 0 0 0 0 0 0 0 1 0 0 0 1 0
70	5	 1 1 0 0 1 0 0 0 0 0 1 0 0 1 0 0 0 1 0 0
70	3	 0 0 0 1 0 1 0 0 0 1 0 1 0 1 0 0 0 0 1 0
70	12	 1 0 0 1 0 1 0 0 0 1 0 0 0 1 0 0 0 0 0 0
70	7	 1 1 0 0 1 1 0 0 0 0 1 0 0 0 0 0 0 0 0 1
70	5	 1 1 0 0 1 0 0 0 0 0 1 0 0 0 0 0 0 0 1 0
70	2	 0 0 0 1 0 1 0 0 0 1 0 0 0 0 0 0 0 0 1 0
70	13	 1 1 0 0 1 0 0 0 0 0 1 0 0 1 0 0 0 1 0 1
70	8	 1 0 0 1 0 1 0 0 0 1 0 0 0 1 0 0 1 0 1 0
70	3	 1 1 1 1 1 0 0 0 0 1 0 0 0 0 1 0 0 0 0 0
70	6	 1 0 0 1 0 1 0 0 0 1 0 0 0 1 0 0 0 1 1 0
70	1	 0 0 1 0 0 0 1 0 0 1 0 0 0 1 0 0 0 0 0 0
70	12	 1 1 1 1 0 1 0 0 0 1 0 0 0 1 0 0 0 0 1 0
70	2	 0 0 1 1 0 1 0 0 0 1 0 1 0 1 0 0 0 0 1 0
70	10	 1 1 1 1 1 0 0 0 0 0 1 0 0 0 0 0 0 0 0 0
70	8	 1 1 0 1 1 1 0 0 0 1 0 0 1 1 0 0 0 0 1 0
70	4	 1 1 0 1 1 1 0 0 0 1 0 0 0 0 0 0 0 1 1 0
70	18	 1 1 0 1 1 1 0 0 0 1 0 0 0 1 1 0 0 0 1 0
70	2	 1 1 0 0 1 0 0 0 1 0 0 0 0 1 0 0 0 0 1 0
70	1	 1 1 0 0 1 0 0 0 0 0 1 0 0 0 0 0 0 1 1 0
70	4	 0 0 0 1 1 1 0 0 0 1 0 0 0 1 0 0 1 0 1 0
70	2	 0 0 0 1 0 1 0 0 1 1 0 0 1 1 0 0 0 0 0 1
70	2	 1 1 0 1 0 1 0 0 0 1 0 0 0 1 0 0 0 0 0 0
70	42	 1 1 0 1 0 1 0 0 0 1 1 0 0 0 0 0 0 1 0 0
70	7	 1 0 0 0 0 1 0 0 0 1 1 0 0 0 1 0 0 1 0 1
70	3	 1 1 1 1 1 0 0 1 0 0 1 0 0 1 0 0 0 0 1 0
70	1	 0 0 0 1 0 1 0 0 0 1 1 0 0 1 0 0 0 0 1 0
70	4	 1 1 0 1 0 1 0 0 1 1 0 0 0 1 0 0 0 0 0 0
70	16	 1 0 0 1 1 0 0 1 0 1 0 0 0 0 1 0 0 0 0 0
70	9	 1 1 0 0 1 0 0 0 0 1 0 0 0 1 0 0 0 0 1 0
70	2	 1 0 0 1 0 1 0 0 0 1 1 0 0 0 0 0 0 0 0 0
70	1	 1 1 1 1 1 0 0 0 0 1 0 0 0 1 0 0 0 0 1 0
70	1	 1 1 0 0 1 0 0 1 0 1 1 0 0 1 1 0 0 0 1 0
70	8	 1 0 0 1 0 1 1 0 0 1 1 0 0 1 0 0 0 0 1 0
70	1	 1 0 0 1 1 0 1 1 0 0 0 0 0 0 1 0 0 0 0 0
70	4	 1 1 0 1 0 1 0 0 1 1 0 0 0 1 0 0 0 1 1 0
70	9	 1 1 0 1 0 1 0 0 0 1 0 0 0 0 0 1 0 0 0 0
70	2	 0 0 0 1 0 1 0 0 0 1 0 0 0 1 0 0 0 1 1 0
70	1	 1 0 0 1 0 1 0 0 0 1 0 0 0 1 0 0 0 1 0 1
70	3	 1 0 0 1 0 1 0 0 0 1 1 0 0 1 0 0 0 0 1 1
70	2	 1 1 0 1 1 0 0 1 0 0 0 0 0 0 0 0 0 1 0 0
70	1	 0 0 1 1 0 0 0 0 0 1 0 0 0 1 0 0 0 0 1 0
70	1	 0 0 0 1 0 1 0 0 1 1 0 0 0 0 1 0 0 0 0 0
70	15	 1 1 0 1 1 1 0 0 0 1 0 0 0 1 0 1 0 0 1 0
70	5	 0 0 0 1 0 1 1 0 0 1 0 0 0 0 0 1 0 0 0 0
70	1	 1 0 1 1 1 0 0 0 0 0 1 0 0 0 0 0 0 0 0 0
70	1	 0 0 1 1 0 1 1 0 0 1 0 0 0 0 0 0 1 1 0 0
70	3	 1 0 0 1 0 1 0 0 0 1 1 0 0 1 0 0 0 0 0 0
70	8	 0 0 1 1 0 1 0 0 0 1 0 0 0 1 1 0 0 0 1 0
70	3	 1 1 0 0 1 0 0 0 0 1 0 0 0 0 1 0 0 0 0 0
70	3	 1 1 0 1 0 1 0 0 0 1 1 0 0 0 0 0 0 1 1 0
70	1	 1 1 0 0 1 1 0 1 0 0 0 0 0 0 1 0 0 0 0 0
70	10	 1 1 0 1 0 1 0 0 0 1 1 1 0 0 0 0 0 1 0 0
70	2	 0 0 1 1 0 1 0 0 0 1 0 0 0 1 0 0 0 1 0 1
70	2	 1 1 0 1 1 1 0 0 0 1 0 0 0 1 0 0 0 0 0 0
70	4	 1 1 0 0 0 0 0 0 0 1 0 0 0 1 0 0 0 0 1 0
70	4	 1 1 1 1 0 1 0 0 0 1 0 0 0 1 1 0 0 0 0 0
70	2	 0 0 0 1 0 1 0 0 0 0 0 0 0 1 0 0 0 0 1 0
70	2	 0 0 0 1 0 1 0 0 0 1 1 0 0 0 1 0 0 0 0 0
70	1	 0 0 0 0 0 1 0 0 0 1 0 0 0 0 1 0 0 0 0 0
70	5	 1 1 0 0 1 0 0 1 0 0 1 0 0 0 0 0 0 1 0 1
70	4	 1 0 1 1 0 1 0 0 0 1 0 0 0 1 0 0 0 0 1 0
70	3	 1 1 0 0 1 1 0 0 0 1 0 0 0 1 0 0 0 0 1 0
70	1	 1 1 0 1 0 1 1 0 0 1 0 0 0 1 0 0 0 0 1 0
70	3	 0 0 0 1 1 1 0 0 0 1 0 0 0 0 0 0 0 0 1 0
70	2	 1 1 1 1 1 0 0 0 0 0 1 0 0 1 0 1 0 0 1 0
70	2	 1 1 1 1 1 0 1 0 0 0 1 0 0 0 0 0 0 0 0 0
70	2	 0 0 1 1 0 1 0 0 0 1 0 0 0 0 1 0 0 0 0 0
70	1	 0 0 1 1 0 1 0 1 0 1 0 0 0 1 1 0 0 0 0 0
70	2	 1 0 0 0 1 0 0 1 0 0 1 0 0 0 0 0 0 1 0 0
70	1	 1 1 0 0 1 0 0 1 0 1 1 0 0 0 1 0 0 0 0 0
70	1	 1 0 0 1 0 1 0 0 0 0 0 0 0 1 0 0 0 0 1 0
70	1	 1 0 0 1 0 1 1 0 0 1 0 0 0 1 0 0 0 0 1 0
70	2	 0 0 0 1 0 1 0 0 0 1 0 0 0 0 0 1 0 1 1 0
70	4	 1 0 1 1 1 0 0 0 0 0 0 0 0 0 1 0 0 1 0 0
70	3	 0 0 0 1 1 1 0 0 0 1 0 0 0 1 0 0 0 1 0 1
70	2	 1 1 0 1 1 1 0 0 1 1 0 0 0 1 0 0 0 0 1 0
70	1	 1 0 0 1 0 1 0 0 0 1 0 0 0 0 0 1 0 0 0 0
70	1	 0 0 0 1 0 1 0 0 0 1 0 1 0 0 0 1 0 0 0 0
70	1	 1 1 0 1 1 0 0 0 0 0 0 0 0 0 1 0 0 1 0 0
70	3	 0 0 0 0 1 0 0 0 0 0 1 0 0 0 0 0 0 0 0 1
70	1	 0 1 0 0 1 0 0 0 0 0 1 0 0 0 0 0 0 0 0 0
70	1	 1 1 0 1 1 1 0 0 0 0 0 0 0 0 0 0 0 0 0 0
70	1	 1 1 0 1 1 0 0 1 0 0 0 0 0 0 1 0 0 0 1 0
70	2	 0 0 1 1 0 1 0 0 0 0 1 0 0 0 0 0 0 0 0 1
70	1	 1 0 0 0 0 1 0 0 0 1 0 0 0 0 1 0 0 1 0 0
70	1	 0 0 0 1 0 1 0 0 0 0 0 0 0 0 1 0 0 1 0 0
70	1	 1 1 0 0 1 0 0 1 0 0 0 0 0 0 0 0 0 1 1 0
70	2	 1 0 0 1 0 1 0 0 0 1 1 0 1 1 0 0 0 0 1 0
70	1	 1 0 0 1 1 0 0 0 0 0 0 1 0 0 1 0 0 1 0 0
70	1	 1 1 0 0 1 0 1 0 0 0 1 0 0 1 0 0 0 1 0 1
135	8	 0 0 0 1 0 1 0 0 0 1 0 0 0 1 0 0 0 0 1 0
135	5	 1 1 0 0 1 0 0 0 0 0 1 0 0 0 0 0 0 1 0 1
135	57	 1 1 0 1 0 1 0 0 0 1 0 0 0 1 0 0 0 0 1 0
135	10	 0 0 0 1 0 1 0 0 0 1 0 0 0 0 1 0 0 0 0 0
135	4	 1 1 0 1 0 1 0 0 1 1 0 0 0 1 0 0 0 0 1 0
135	21	 1 1 1 1 1 0 0 0 0 0 1 0 0 1 0 0 0 0 1 0
135	39	 1 1 1 1 0 1 0 0 0 1 0 0 0 1 0 0 0 0 1 0
135	3	 1 1 0 1 1 1 0 0 0 1 0 0 0 1 0 0 0 0 0 0
135	29	 1 1 1 1 1 0 0 0 0 1 1 0 0 0 1 0 0 0 0 0
135	2	 1 1 1 1 1 0 0 0 0 0 1 0 0 0 1 0 0 0 0 0
135	2	 1 1 0 1 1 1 0 0 0 1 0 0 0 1 1 0 0 0 0 0
135	44	 1 1 0 1 0 1 0 0 0 1 1 0 0 0 1 0 0 0 0 0
135	11	 1 1 0 1 0 1 0 0 0 1 0 0 1 1 1 0 0 0 0 0
135	9	 1 1 1 1 0 1 0 0 1 1 0 0 0 1 0 0 0 0 1 0
135	37	 1 1 1 1 1 0 0 0 0 0 0 0 0 0 1 0 0 0 0 0
135	20	 1 1 1 1 1 0 0 0 0 0 1 0 0 1 0 0 0 1 1 0
135	10	 1 1 0 1 0 1 1 0 0 1 1 0 0 0 1 0 0 0 0 0
135	11	 1 1 1 1 1 0 1 0 0 0 1 0 0 0 0 1 0 0 0 0
135	22	 1 1 1 1 1 0 0 0 1 0 1 0 0 0 0 0 0 1 0 0
135	1	 0 1 0 1 0 1 0 0 0 1 1 0 0 0 0 0 0 1 0 0
135	7	 1 1 1 1 0 1 0 0 1 1 0 0 0 1 1 0 0 0 0 0
135	12	 0 1 0 0 1 0 0 0 0 1 1 0 0 0 1 0 0 1 0 0
135	4	 1 1 0 1 0 1 0 1 1 1 0 0 0 1 0 0 0 0 1 0
135	5	 1 1 1 1 1 0 1 1 0 0 1 0 0 0 0 0 0 0 0 0
135	39	 1 1 1 1 0 1 0 0 0 1 1 0 1 0 1 0 0 0 0 0
135	15	 1 1 0 1 0 1 0 0 1 1 0 0 0 1 1 0 0 0 0 0
135	44	 1 1 1 1 1 0 1 0 0 1 1 0 0 0 0 1 0 0 0 0
135	9	 1 1 1 1 1 0 0 0 0 1 0 0 0 1 0 0 0 0 1 0
135	5	 1 1 1 1 1 0 1 0 0 0 1 0 0 0 1 0 0 0 0 0
135	1	 1 1 0 1 0 1 1 0 0 1 1 1 0 0 1 0 0 0 0 0
135	21	 1 1 1 1 0 1 0 0 0 1 0 0 0 0 1 0 0 0 0 0
135	4	 1 1 1 1 0 1 0 0 0 1 0 1 0 0 0 1 0 1 0 0
135	7	 1 1 1 1 1 0 0 1 1 0 1 0 0 1 1 0 0 0 0 0
135	8	 1 1 1 1 1 0 1 0 0 0 0 0 0 0 1 0 0 0 1 0
135	1	 1 1 1 1 0 1 0 0 0 0 0 0 0 0 1 0 0 0 0 0
135	8	 1 1 0 0 0 1 0 0 1 1 0 0 0 1 0 0 0 0 0 0
135	12	 1 1 1 1 0 1 0 0 0 1 0 0 1 1 1 0 0 0 0 0
135	9	 0 1 1 1 1 0 0 0 0 0 1 0 0 1 0 0 0 0 1 0
135	25	 1 1 1 1 0 0 0 1 0 1 1 0 0 1 0 0 0 0 1 0
135	5	 0 1 1 1 0 1 0 0 0 1 0 0 0 1 1 0 0 0 0 0
135	6	 1 1 1 1 1 0 1 0 0 1 1 0 0 1 1 0 0 0 0 0
135	3	 1 1 1 1 0 1 0 0 0 1 1 0 0 0 1 0 0 0 0 0
135	21	 1 1 0 1 0 1 1 0 0 1 1 1 0 0 1 0 0 0 1 0
135	6	 1 1 0 1 0 1 1 0 0 1 0 0 0 1 0 0 0 0 1 0
135	16	 1 1 1 1 0 1 0 0 0 1 0 0 0 1 0 0 0 0 1 1
135	12	 1 1 1 1 0 0 0 0 0 1 1 0 0 0 1 0 0 0 0 0
135	6	 1 1 0 1 1 0 0 0 0 0 0 0 0 0 1 0 0 0 0 0
135	5	 1 0 1 1 0 1 0 1 0 1 0 0 0 1 1 0 1 0 0 0
135	4	 0 0 0 1 0 1 0 0 0 1 0 1 0 1 0 0 0 0 0 0
135	9	 1 1 1 1 1 0 0 0 0 1 1 0 0 0 1 0 0 0 0 1
135	12	 1 1 1 1 0 0 0 1 1 0 1 0 0 1 1 0 0 0 0 0
135	2	 1 1 1 1 1 0 1 0 0 1 0 0 0 1 0 0 0 0 1 0
135	17	 1 1 1 1 0 1 0 0 0 1 0 0 0 0 0 0 1 0 0 0
135	3	 1 1 1 1 1 0 0 1 1 0 1 0 0 0 0 0 0 1 1 0
135	2	 1 1 0 1 0 1 1 0 1 1 0 0 0 1 1 0 0 0 0 0
135	16	 1 1 1 0 1 0 0 0 1 0 1 0 0 0 0 0 0 1 0 0
135	1	 1 1 0 1 0 1 0 0 0 1 0 0 0 1 0 0 0 0 0 1
135	3	 0 0 1 1 0 1 0 1 0 1 0 0 0 1 0 0 0 0 0 0
135	1	 1 1 0 1 1 1 0 0 0 1 0 0 1 1 0 0 0 0 0 0
135	9	 1 1 1 1 1 1 0 0 0 1 0 0 0 1 0 0 0 0 0 0
135	1	 0 0 0 1 0 1 0 0 0 0 0 0 0 0 1 1 0 0 0 0
135	2	 1 1 0 1 0 1 0 0 1 1 0 0 0 1 1 0 0 0 1 0
135	13	 1 1 1 1 1 0 0 0 0 0 1 0 1 1 0 0 0 0 1 0
135	6	 1 1 1 1 1 0 0 0 0 0 0 0 1 0 1 0 0 0 0 0
135	1	 1 1 1 1 0 1 0 0 0 1 1 0 1 0 1 0 0 1 0 0
135	8	 1 1 1 1 1 1 0 0 0 0 1 0 0 1 0 0 0 0 0 0
135	6	 1 1 0 0 1 0 0 0 0 0 1 0 0 0 1 0 0 0 0 0
135	1	 1 1 0 0 0 1 0 0 0 1 0 0 0 1 0 0 0 0 1 0
135	2	 1 1 1 1 1 0 0 0 0 1 1 0 0 1 1 0 0 0 0 0
135	1	 1 1 0 1 0 1 0 0 0 1 1 0 0 0 1 0 0 1 0 0
135	1	 1 1 0 1 0 1 1 0 0 1 1 0 0 0 1 0 0 0 1 0
135	1	 0 1 0 1 1 1 0 0 0 1 1 0 0 0 0 0 0 1 0 0
135	3	 1 1 0 1 0 1 0 0 0 1 1 1 0 0 1 0 0 0 0 0
135	6	 1 0 0 1 0 1 0 0 0 0 1 0 0 0 1 0 0 0 0 0
135	12	 0 1 1 1 1 0 0 0 0 0 1 0 0 0 1 0 0 1 0 0
135	4	 1 1 1 1 0 1 0 1 1 1 0 0 0 1 0 0 0 0 1 0
135	2	 1 1 1 1 0 1 0 0 1 1 0 0 0 1 1 0 0 1 0 0
135	16	 0 1 1 1 1 0 1 0 0 1 1 0 0 0 1 0 0 0 0 0
135	2	 1 1 1 1 1 0 1 0 0 1 1 0 0 0 0 1 0 1 0 0
135	3	 1 1 1 1 1 0 1 1 1 0 1 0 0 1 1 0 0 0 0 0
135	9	 1 1 1 1 1 1 0 0 0 1 0 0 0 1 0 0 0 1 0 0
135	3	 1 1 1 1 1 0 0 0 1 0 0 0 0 1 0 0 0 0 1 0
135	7	 1 1 0 1 0 1 0 0 0 1 0 0 0 1 0 0 0 0 0 0
135	1	 1 1 1 1 1 0 1 0 0 0 1 0 1 1 1 0 0 0 0 0
135	2	 1 1 0 1 0 1 0 0 0 1 1 0 0 0 0 0 1 1 0 0
135	1	 1 1 1 0 0 1 0 0 1 1 0 0 0 1 1 0 0 0 0 0
135	1	 1 1 1 1 1 0 1 1 0 0 1 1 0 0 0 0 0 0 0 0
135	5	 1 0 1 1 0 1 0 0 0 1 1 0 1 0 1 0 0 0 0 0
135	2	 1 1 0 1 1 0 0 1 0 0 1 0 0 0 1 0 0 0 0 0
135	1	 1 1 1 1 0 1 0 0 0 1 0 0 0 0 0 0 0 1 0 0
135	6	 1 1 1 1 0 0 0 0 0 0 1 0 0 1 0 0 0 1 1 0
135	1	 0 0 0 1 0 1 0 0 0 1 0 0 0 0 1 0 0 1 0 0
135	12	 1 1 1 1 1 0 0 0 0 0 1 0 0 1 1 0 0 0 1 0
135	9	 1 1 0 1 0 0 0 0 0 1 1 0 0 0 1 0 0 0 0 0
135	3	 1 1 1 1 0 1 0 0 1 1 0 0 0 0 0 0 0 0 1 0
135	1	 1 1 1 1 1 0 0 0 0 0 0 0 0 0 1 0 0 0 1 0
135	4	 1 1 1 1 1 0 1 0 0 1 1 0 1 0 1 0 0 0 0 0
135	3	 1 1 0 1 0 1 1 0 0 0 1 0 0 0 1 0 0 0 0 0
135	3	 0 0 0 1 0 1 0 1 0 1 0 0 0 1 0 0 0 0 1 0
135	5	 1 1 1 1 1 0 0 0 0 0 0 0 0 0 1 0 0 1 0 0
135	3	 1 1 1 1 0 1 0 0 1 1 0 0 1 1 1 0 0 0 0 0
135	8	 1 1 1 1 1 0 1 0 0 1 1 1 0 1 1 0 0 0 0 0
135	3	 1 1 1 1 0 1 0 1 1 0 1 0 0 1 1 0 0 0 0 0
135	1	 0 1 1 0 1 0 1 0 1 1 0 0 0 1 1 0 0 0 0 0
135	7	 1 1 1 1 1 0 0 0 0 0 1 0 0 1 0 0 0 1 0 0
135	1	 0 1 0 0 1 0 0 0 0 1 1 1 0 0 1 0 0 0 1 0
135	2	 1 1 0 1 1 0 0 0 0 0 0 0 0 0 1 0 0 1 0 0
135	2	 1 1 0 1 0 1 0 0 0 1 0 0 0 0 0 0 0 0 1 0
135	2	 1 1 1 1 0 1 0 0 0 1 0 0 0 1 0 0 1 0 1 0
135	3	 1 1 0 1 0 1 1 0 0 1 1 0 0 0 1 0 0 0 0 1
135	1	 1 1 1 1 1 0 1 0 0 0 1 0 0 0 1 1 0 0 0 0
135	1	 1 1 1 1 1 0 1 0 0 0 1 0 0 1 0 1 0 0 0 0
135	1	 1 1 1 1 1 0 0 0 1 0 1 0 0 0 0 0 0 1 0 1
135	1	 1 1 0 1 0 1 1 0 0 0 1 1 0 0 1 0 0 0 1 0
135	2	 1 1 1 0 1 0 1 0 1 0 1 0 0 0 0 0 0 1 0 0
135	1	 1 1 0 1 0 1 0 0 0 1 0 0 0 1 0 0 0 1 1 0
135	2	 1 1 1 1 0 0 0 0 0 0 1 0 0 1 0 0 0 0 1 0
135	1	 1 1 1 0 0 1 0 0 0 1 0 0 0 1 0 0 0 0 1 0
135	4	 1 1 0 1 1 0 0 0 0 1 1 0 0 0 1 0 0 0 0 0
135	3	 1 1 0 1 0 1 0 0 1 1 0 0 0 1 1 0 0 1 0 0
135	1	 1 1 0 1 0 1 0 0 0 1 1 0 1 0 1 0 0 1 0 0
135	2	 1 1 1 1 0 1 0 1 1 1 0 0 0 1 0 0 0 1 1 0
135	1	 1 1 0 1 0 1 0 0 0 1 1 0 0 0 0 0 0 1 0 0
135	2	 0 1 0 1 0 1 0 0 0 1 1 0 0 1 0 0 0 0 1 0
135	1	 0 1 0 0 0 1 0 0 1 1 0 0 0 1 1 0 0 0 0 0
135	1	 1 1 1 1 1 0 1 1 0 0 0 0 0 1 0 0 0 0 1 0
135	1	 1 1 1 1 1 0 1 0 0 1 0 0 0 1 0 0 0 0 0 0
135	3	 1 1 1 1 0 1 0 0 0 0 0 0 0 0 1 1 0 0 0 0
135	1	 1 1 1 1 0 0 1 0 0 0 1 0 0 0 0 1 0 0 0 0
135	1	 1 1 1 1 1 0 0 0 1 0 0 0 0 1 0 0 0 0 0 0
135	4	 1 0 1 1 0 1 0 0 0 1 1 0 1 0 1 0 0 0 0 1
135	2	 1 1 1 1 1 0 0 0 0 1 1 1 0 0 1 0 0 0 1 0
135	1	 0 1 0 1 0 1 0 0 0 1 0 0 1 1 1 0 0 0 0 0
135	1	 1 0 1 1 1 0 0 0 0 0 0 0 0 0 1 0 0 0 0 0
135	1	 1 1 1 1 1 0 0 0 1 0 0 0 0 0 1 0 0 0 0 0
135	4	 1 1 1 1 1 0 0 0 1 0 1 0 1 0 0 0 0 1 0 0
135	2	 1 1 1 1 1 0 1 1 0 0 1 0 0 0 0 0 0 0 1 0
135	3	 1 1 1 1 0 1 0 0 0 1 1 0 1 0 0 0 0 0 0 0
135	2	 1 1 0 1 0 1 1 0 0 1 1 1 0 0 1 0 1 0 1 0
135	2	 1 0 1 1 0 1 0 1 0 1 0 0 0 1 1 0 0 0 0 0
135	1	 1 1 1 1 0 1 0 0 0 1 0 0 0 0 0 1 1 0 0 0
135	1	 1 1 0 1 1 1 0 0 0 1 0 1 1 1 0 0 0 0 0 0
135	3	 1 1 1 0 1 0 0 0 0 0 1 0 0 0 1 0 0 0 1 0
250	35	 1 1 1 1 1 0 0 0 0 1 1 0 0 0 1 0 0 0 0 0
250	7	 1 1 1 1 1 0 1 0 0 1 1 0 0 1 1 0 0 0 0 0
250	65	 1 1 1 1 0 0 0 0 0 1 1 0 0 0 1 0 0 0 0 0
250	2	 1 1 0 1 0 1 0 0 0 1 1 0 0 0 1 1 0 0 0 0
250	9	 1 1 1 1 1 0 1 0 0 1 1 1 0 0 1 0 0 0 0 0
250	13	 1 1 1 1 0 0 0 1 0 1 1 0 0 0 1 0 0 0 0 0
250	2	 1 1 1 1 0 1 0 0 0 1 1 0 0 0 1 0 0 0 0 0
250	113	 1 1 1 1 1 0 1 0 0 1 1 0 0 0 1 0 0 0 0 0
250	8	 1 1 1 1 1 0 0 0 0 1 1 0 0 0 1 0 0 1 0 0
250	48	 1 1 1 1 1 0 1 0 1 1 1 0 0 1 1 0 0 0 0 0
250	14	 1 1 1 1 1 0 0 0 0 1 1 0 1 0 1 0 0 0 0 0
250	1	 1 1 1 1 1 1 0 0 1 1 1 0 1 0 0 0 0 0 0 0
250	20	 1 1 1 1 0 1 0 1 0 1 1 0 0 0 1 0 0 0 0 0
250	36	 1 1 1 1 1 0 1 0 0 1 1 0 0 0 1 0 0 1 0 0
250	53	 1 1 1 1 0 0 0 0 0 1 1 0 0 1 1 0 0 0 0 0
250	7	 1 1 1 1 0 0 0 0 0 1 1 0 0 0 1 0 0 1 0 0
250	20	 1 1 1 1 1 1 0 0 0 0 1 0 0 0 1 0 0 0 0 0
250	13	 1 1 1 1 1 0 1 0 0 1 1 0 0 0 0 1 0 0 0 1
250	1	 1 1 1 1 0 1 0 0 1 1 1 0 0 0 1 0 0 0 0 0
250	14	 0 1 1 1 0 0 0 0 0 1 1 1 0 1 1 0 0 0 0 0
250	2	 1 1 1 1 1 0 0 0 0 1 1 0 1 0 1 1 0 0 0 0
250	37	 1 1 1 1 0 0 0 1 0 1 1 0 0 0 1 1 0 0 0 0
250	10	 1 1 1 1 0 0 0 0 0 1 0 0 0 1 1 0 0 0 0 0
250	16	 0 1 1 1 1 0 1 0 0 1 1 0 0 1 1 0 0 0 0 0
250	8	 1 1 1 1 0 0 0 1 0 1 1 0 0 0 1 0 1 0 0 0
250	55	 1 1 1 1 0 1 1 1 0 1 1 0 0 0 1 0 0 0 0 0
250	4	 1 1 1 1 0 1 0 0 0 1 0 0 1 1 1 0 0 1 0 0
250	4	 1 1 1 1 1 1 1 0 0 1 1 0 0 1 1 0 0 0 0 0
250	3	 1 1 1 1 1 0 0 0 0 1 1 0 0 0 0 0 0 0 0 0
250	2	 1 1 1 1 1 0 1 0 0 1 1 0 0 0 1 0 0 0 0 1
250	5	 1 1 1 1 1 1 1 0 0 1 1 0 0 0 1 0 0 0 0 0
250	12	 1 1 1 1 1 0 1 0 0 1 1 0 0 1 1 1 0 0 0 0
250	3	 1 1 1 1 0 1 1 1 0 1 1 0 0 0 1 1 0 0 0 0
250	13	 1 1 1 1 1 0 1 0 0 1 0 1 0 0 1 0 0 0 0 0
250	1	 1 1 1 1 1 0 1 0 1 1 1 0 0 1 1 0 0 0 1 0
250	2	 1 0 1 1 1 0 0 0 0 1 1 0 1 0 1 0 0 0 0 0
250	7	 1 1 1 1 1 0 0 0 0 1 1 0 1 0 1 0 0 0 0 1
250	2	 1 1 1 1 1 1 0 0 1 1 0 0 1 0 0 0 0 0 0 0
250	5	 0 1 0 1 0 1 0 0 0 1 1 0 0 0 1 0 0 0 0 0
250	3	 1 1 1 1 0 1 0 0 0 1 1 0 0 1 0 1 0 0 1 0
250	6	 1 1 1 1 1 0 0 0 1 1 1 0 0 0 1 0 0 0 0 1
250	2	 1 1 1 1 1 0 1 0 1 1 0 0 0 1 1 0 0 0 0 0
250	9	 1 1 1 1 0 1 0 1 0 1 1 0 0 0 0 1 0 0 0 1
250	6	 1 1 1 1 1 0 1 0 0 1 1 0 0 0 1 1 0 0 0 0
250	1	 1 1 1 1 1 0 1 0 0 1 1 0 1 0 1 0 0 0 0 0
250	4	 1 1 1 1 1 1 1 0 1 1 1 0 0 1 1 0 0 0 0 0
250	4	 1 1 0 0 1 0 1 0 1 1 1 0 0 1 1 0 0 0 0 0
250	15	 1 1 1 1 1 0 0 1 0 1 1 0 0 0 1 1 0 0 0 0
250	2	 1 1 1 1 1 1 1 0 0 1 1 0 0 0 0 1 0 0 0 1
250	23	 1 1 1 1 1 0 0 0 0 1 1 0 0 1 1 0 0 0 0 0
250	29	 1 1 1 1 0 0 1 0 0 1 1 0 0 0 1 0 0 0 0 0
250	3	 1 1 0 1 0 1 0 0 0 1 1 0 1 0 1 1 0 0 0 0
250	15	 1 1 0 1 0 0 0 0 0 1 1 0 0 0 1 1 0 0 0 0
250	7	 1 1 1 1 0 1 0 1 0 1 1 0 0 0 1 1 0 0 0 0
250	1	 0 1 1 1 1 0 1 0 0 1 1 0 0 1 1 0 0 1 0 0
250	9	 1 1 1 1 1 0 0 0 0 1 0 0 0 0 1 0 0 0 0 0
250	16	 1 1 1 1 0 1 1 0 0 1 1 0 0 0 1 0 0 1 0 0
250	3	 1 1 1 1 0 0 0 1 0 1 1 0 0 1 1 0 0 0 0 0
250	3	 1 1 1 1 1 0 1 0 1 1 1 0 0 0 1 1 0 0 0 0
250	1	 1 1 1 1 1 0 0 0 0 1 1 0 0 0 1 0 1 0 0 0
250	1	 1 1 1 1 0 0 1 0 0 1 0 1 0 0 1 0 0 0 0 0
250	3	 1 1 1 0 0 0 0 0 0 1 1 0 0 0 1 0 0 0 0 0
250	3	 1 1 1 1 1 0 0 0 0 1 1 0 1 0 1 0 1 0 0 0
250	7	 1 1 1 0 1 0 1 0 0 1 1 0 0 0 0 1 0 0 0 1
250	5	 1 0 1 1 1 0 1 0 0 1 1 0 0 1 1 1 0 0 0 0
250	4	 1 1 1 1 0 0 1 0 0 1 1 0 0 0 1 0 0 1 0 0
250	4	 1 1 1 1 1 0 0 0 0 1 0 0 0 0 1 1 0 0 0 0
250	3	 0 1 1 1 0 0 0 0 0 1 0 1 0 1 1 0 0 0 0 0
250	1	 1 1 1 1 0 1 1 1 0 1 1 0 0 0 0 0 0 0 0 0
250	8	 1 1 1 1 1 0 0 0 1 1 1 0 0 0 1 0 0 0 0 0
250	7	 1 1 1 1 1 1 0 0 1 1 0 0 0 0 1 0 0 0 0 0
250	3	 1 1 1 1 1 0 1 0 0 0 1 0 0 0 1 0 0 1 0 0
250	4	 1 1 1 1 0 1 0 0 0 1 0 0 1 1 1 1 0 1 0 0
250	4	 1 1 1 1 1 0 1 0 1 1 1 0 0 0 1 0 0 0 0 1
250	3	 1 1 1 1 1 0 0 0 1 1 0 0 0 1 1 0 0 0 0 0
250	2	 1 1 1 1 0 0 0 0 0 1 1 0 0 1 1 0 0 1 0 0
250	6	 0 1 1 1 0 0 0 0 0 1 1 0 0 1 1 0 0 0 0 0
250	10	 1 1 1 1 1 0 1 0 1 1 1 0 1 0 1 0 0 0 0 0
250	1	 1 1 1 1 0 1 1 0 0 1 1 1 0 0 1 0 0 1 0 0
250	1	 1 1 1 1 0 0 0 0 0 1 1 1 0 1 1 0 0 0 0 0
250	2	 1 1 1 1 0 1 1 1 0 1 1 0 0 0 1 0 0 0 1 0
250	3	 1 1 1 1 1 1 0 1 0 1 1 0 0 0 1 1 0 0 0 0
250	3	 1 1 0 1 1 0 1 0 0 1 1 0 0 0 1 0 0 0 0 0
250	1	 0 1 1 1 0 0 0 0 0 1 1 1 0 0 1 0 0 1 0 0
250	1	 1 1 1 1 1 0 0 0 0 1 1 0 1 0 1 0 0 0 1 0
250	5	 1 0 1 1 1 0 1 0 0 1 1 0 0 0 1 0 0 1 0 0
250	1	 1 1 1 1 1 0 1 0 0 1 1 0 0 0 0 0 0 1 0 0
250	1	 1 1 1 1 0 0 0 1 1 1 1 0 0 0 1 1 0 0 0 0
250	4	 1 1 1 1 1 1 0 0 0 1 1 0 0 1 1 0 0 0 0 0
250	10	 1 1 1 1 1 0 0 1 0 1 1 0 0 0 1 1 0 1 0 0
250	3	 1 1 1 1 0 1 1 0 0 1 1 0 0 1 1 0 0 0 0 0
250	2	 1 1 1 1 1 0 1 1 0 1 1 0 0 0 1 0 0 0 0 0
250	2	 1 1 1 1 0 1 0 0 0 1 0 0 1 1 1 0 0 0 0 0
250	4	 1 1 1 1 1 0 0 0 0 0 1 1 1 0 1 0 0 0 0 0
250	1	 1 0 0 1 0 1 0 0 0 1 1 0 0 1 1 0 0 0 0 0
250	2	 1 1 1 1 1 0 0 0 1 1 1 0 0 1 1 0 0 0 0 0
250	1	 1 1 1 1 1 0 1 0 0 1 1 0 0 0 1 0 1 0 0 0
250	4	 1 1 1 1 1 0 1 0 0 0 1 0 0 0 1 0 0 0 0 0
250	3	 0 1 1 1 0 0 0 1 0 1 1 0 0 0 1 1 0 0 0 0
250	7	 1 1 1 1 0 0 1 0 0 1 1 0 0 0 1 0 1 0 0 0
250	2	 1 1 1 1 0 0 1 0 0 1 1 0 0 0 0 0 0 0 0 0
250	1	 1 1 1 1 0 0 1 0 0 1 0 0 0 0 1 0 0 0 0 0
250	2	 0 1 1 1 0 0 0 0 0 1 0 1 0 1 1 0 0 1 0 0
250	1	 1 1 1 1 1 0 0 1 0 0 1 0 0 0 1 1 0 1 0 0
250	1	 1 1 1 1 0 1 0 1 0 1 1 0 0 0 1 0 0 1 0 0
250	1	 1 1 1 1 0 0 0 0 0 1 1 0 0 0 1 1 0 0 0 0
250	1	 1 0 1 1 1 0 0 0 0 1 0 0 0 0 1 1 0 0 0 0
250	1	 0 1 1 1 0 0 0 0 0 1 1 0 0 0 1 1 0 0 0 0
250	1	 1 1 1 1 0 0 0 0 0 1 1 0 0 0 1 0 1 0 0 0
250	2	 1 0 1 1 1 0 1 0 1 1 1 0 0 1 1 0 0 0 0 0
250	1	 1 1 1 1 1 1 0 0 0 0 1 0 0 0 1 1 0 0 0 0
250	7	 0 1 1 1 0 0 0 0 0 1 1 1 1 1 1 0 0 0 0 0
250	1	 1 1 1 1 0 0 0 1 0 1 1 1 0 0 1 1 0 0 0 0
250	2	 1 0 1 1 1 0 1 0 0 1 1 0 1 1 1 1 0 0 0 0
250	1	 0 1 1 1 1 0 0 0 0 1 1 1 0 1 1 0 0 0 0 0
250	1	 1 1 1 1 0 1 0 1 0 1 1 0 0 0 1 0 0 1 0 1
400	47	 1 1 1 1 1 0 0 0 0 1 1 0 0 0 1 0 0 0 0 0
400	33	 1 1 1 1 1 0 1 0 0 1 1 0 0 0 1 0 0 0 0 0
400	10	 1 1 1 1 1 1 1 0 0 1 1 0 0 0 1 0 0 0 0 0
400	43	 1 1 1 1 1 0 1 0 0 1 1 0 0 0 0 0 0 0 0 0
400	35	 1 1 1 1 0 0 1 0 0 1 1 0 0 0 1 0 0 0 0 0
400	19	 1 1 1 1 0 0 0 1 0 1 1 0 0 1 1 0 0 0 0 0
400	18	 1 1 1 1 1 0 1 0 0 1 1 0 0 0 1 0 0 0 0 1
400	11	 1 1 1 1 0 0 0 0 0 1 1 0 0 0 1 1 0 0 0 0
400	16	 1 1 1 1 0 0 0 1 0 1 1 0 0 1 0 0 0 0 0 0
400	34	 1 1 1 1 1 0 1 0 1 1 1 0 1 0 1 0 0 0 0 0
400	12	 1 1 1 1 1 0 1 0 0 1 1 0 0 1 1 1 0 0 0 0
400	6	 1 1 1 1 1 1 1 0 0 1 1 0 0 0 1 1 0 0 0 0
400	2	 1 1 1 1 1 0 1 0 1 1 1 0 0 0 1 0 0 0 0 0
400	18	 0 1 1 1 1 0 1 0 0 1 1 0 1 0 1 0 0 0 0 0
400	15	 1 1 1 1 0 0 1 0 0 1 0 0 1 1 1 0 0 0 0 0
400	13	 1 1 1 1 1 0 0 1 0 0 1 0 0 0 1 0 0 0 1 0
400	37	 1 1 1 1 0 0 0 0 0 1 1 0 0 1 1 0 0 0 0 0
400	40	 1 1 1 1 0 0 1 0 1 1 1 0 0 0 1 0 0 0 0 0
400	10	 0 1 1 1 1 0 1 0 0 1 1 0 0 0 0 0 0 0 0 0
400	5	 1 1 1 1 0 0 0 0 0 1 1 0 0 0 1 0 0 0 0 0
400	5	 1 1 1 1 0 0 1 1 0 1 1 0 0 0 1 0 0 0 0 0
400	25	 1 1 1 1 1 1 1 0 1 1 1 0 1 0 1 1 0 0 0 0
400	4	 1 1 1 1 1 0 1 1 0 0 1 0 0 0 1 0 0 0 1 0
400	2	 1 1 1 1 1 0 1 0 1 1 1 0 1 0 1 0 1 0 0 1
400	3	 0 1 1 1 1 0 1 0 0 1 1 0 0 0 1 0 0 0 0 0
400	10	 1 1 0 1 1 0 0 0 0 0 1 0 0 0 1 1 1 0 0 0
400	21	 1 1 0 1 0 0 0 0 0 1 1 0 0 1 1 1 0 0 0 0
400	7	 1 0 1 1 1 0 1 0 1 1 1 0 1 0 1 0 0 0 0 0
400	34	 0 1 1 1 1 0 0 0 0 1 1 0 1 0 1 0 0 0 0 0
400	19	 1 1 1 1 0 0 0 0 0 1 0 0 1 0 1 1 0 0 0 0
400	23	 1 1 1 1 1 0 0 0 0 1 1 0 0 0 0 0 0 0 0 0
400	21	 1 1 0 1 0 0 1 0 1 1 1 0 0 0 1 0 0 0 0 0
400	20	 1 1 1 1 0 0 1 0 0 1 1 0 1 0 1 0 1 0 0 0
400	1	 1 1 1 1 1 0 1 0 1 1 1 0 0 0 1 1 0 0 0 0
400	2	 1 1 1 1 0 0 0 0 0 1 1 0 0 1 1 1 0 0 0 0
400	9	 1 1 1 1 1 1 1 1 0 1 1 0 0 0 1 1 0 0 0 0
400	10	 1 1 1 1 1 0 0 1 0 1 1 0 0 0 1 1 0 0 0 1
400	7	 1 1 1 1 1 1 1 0 0 1 1 0 0 0 0 1 0 0 0 0
400	6	 1 1 1 1 1 0 1 0 0 1 1 0 0 1 1 1 0 0 0 1
400	16	 1 1 1 1 1 0 0 0 1 1 0 0 0 0 1 1 0 0 0 0
400	4	 1 0 1 1 1 0 1 0 0 1 1 0 0 0 1 0 0 0 0 1
400	15	 1 1 1 1 1 0 1 0 0 1 0 0 0 0 1 0 0 0 0 0
400	9	 1 1 1 1 1 0 1 0 0 0 1 0 0 1 1 1 0 0 0 0
400	4	 0 1 1 1 1 0 1 0 0 1 1 0 0 1 0 0 0 0 0 0
400	8	 1 1 1 1 1 0 0 1 0 1 1 0 0 0 1 0 0 0 0 0
400	17	 1 1 1 1 1 1 1 1 0 1 1 0 0 0 1 0 0 0 0 0
400	24	 1 1 1 1 1 0 0 0 0 1 0 0 0 0 1 1 0 0 0 1
400	8	 1 1 1 1 0 0 1 0 1 0 1 0 0 0 1 0 0 0 0 0
400	3	 1 1 1 1 1 0 1 0 0 1 1 0 1 0 1 0 0 0 0 1
400	5	 1 1 1 1 1 1 1 0 0 1 1 0 0 1 1 0 1 0 0 0
400	1	 1 1 0 1 1 0 1 0 0 1 1 0 0 0 1 0 0 0 0 1
400	8	 1 0 1 1 1 0 1 0 1 1 1 0 0 0 1 0 0 0 0 0
400	4	 1 0 1 1 1 0 1 0 1 1 1 0 1 1 1 1 0 0 0 0
400	8	 1 1 1 1 1 0 0 0 1 1 1 0 0 0 1 0 0 0 0 0
400	6	 1 1 1 1 1 0 1 0 0 1 1 0 0 1 1 0 0 0 0 1
400	5	 1 1 1 1 1 0 1 1 1 1 1 0 1 0 1 0 0 0 0 0
400	4	 1 1 1 1 1 0 0 0 1 1 1 0 1 0 1 0 0 0 0 0
400	3	 1 1 1 1 0 0 0 0 1 1 1 0 0 0 1 0 0 0 0 0
400	1	 1 1 0 1 0 0 1 0 1 1 1 0 0 0 1 0 0 1 0 0
400	3	 1 1 1 1 1 0 1 0 1 1 1 0 0 0 1 1 1 0 0 0
400	3	 1 1 1 1 1 1 1 0 0 1 1 0 0 0 0 1 1 0 0 0
400	7	 1 0 1 1 1 0 0 1 1 1 1 0 0 1 1 0 0 0 0 0
400	6	 1 1 1 1 1 0 1 0 0 1 1 0 0 1 1 0 1 0 0 0
400	1	 1 1 1 1 1 1 1 0 1 1 1 0 0 0 1 0 0 0 0 0
400	1	 1 1 1 1 0 0 0 1 0 1 1 0 0 1 1 0 0 0 0 1
400	3	 1 1 1 1 1 0 1 1 0 1 1 0 0 0 1 0 0 0 0 1
400	4	 1 0 1 0 1 0 1 0 1 1 1 0 0 1 1 0 0 0 0 0
400	4	 1 1 1 1 1 0 0 1 0 0 1 0 0 0 1 0 0 0 0 0
400	17	 1 1 1 1 0 0 1 0 1 1 1 0 0 0 1 0 1 0 0 0
400	5	 0 1 1 1 1 0 0 0 0 1 1 0 0 0 0 0 0 0 0 0
400	1	 1 1 0 1 0 0 1 0 1 1 1 0 0 1 1 1 0 0 0 1
400	14	 1 1 1 1 1 0 1 0 0 1 1 0 1 0 1 0 0 0 0 0
400	5	 1 1 1 1 0 0 1 0 0 1 0 0 1 1 1 0 0 0 1 0
400	2	 1 1 1 1 0 0 1 0 0 1 1 0 0 1 1 0 0 0 0 0
400	2	 1 1 1 1 0 0 0 0 1 1 1 0 0 0 0 1 0 0 0 0
400	2	 1 1 1 1 0 0 0 1 0 1 1 0 1 0 1 0 0 0 0 0
400	5	 1 1 1 1 0 0 1 0 0 1 0 0 1 1 1 0 1 0 0 0
400	2	 0 1 1 1 1 0 1 0 0 1 1 0 0 0 1 0 0 0 0 1
400	7	 0 1 1 1 1 0 1 0 0 1 1 0 1 0 1 0 1 1 0 0
400	3	 1 1 1 1 1 0 0 1 0 1 1 0 1 1 1 0 0 0 0 0
400	3	 1 1 1 0 1 0 1 0 0 1 1 0 0 0 1 0 0 0 0 1
400	2	 1 1 1 1 0 0 0 1 0 1 1 0 1 1 0 0 0 0 0 0
400	1	 1 1 1 1 1 0 1 1 0 1 1 0 0 1 1 1 0 0 0 0
400	2	 1 1 1 1 1 1 1 0 1 1 1 0 0 0 1 1 0 0 0 0
400	1	 0 1 1 1 1 0 0 1 0 1 1 0 0 0 1 0 0 0 0 0
400	1	 1 0 0 1 1 0 1 0 1 1 1 0 0 0 1 0 0 0 0 0
400	2	 1 1 1 1 0 0 0 0 0 1 1 0 0 0 1 1 0 0 0 1
400	3	 1 1 1 1 0 0 1 0 1 1 1 0 0 0 1 0 0 0 0 1
400	2	 0 1 1 1 1 0 1 0 0 1 1 1 1 0 1 0 0 0 0 0
400	1	 1 0 1 1 0 0 1 0 0 1 0 0 1 1 1 0 0 0 0 0
400	1	 1 1 1 1 0 0 1 0 1 1 1 0 0 0 0 0 0 0 0 0
400	1	 1 1 1 1 0 0 1 0 1 1 0 0 0 0 1 0 0 0 0 0
400	1	 1 0 1 1 0 0 0 0 0 1 1 0 0 0 1 0 0 0 0 0
400	1	 1 1 0 1 0 0 0 0 0 1 1 0 0 1 1 1 0 1 0 0
400	3	 0 1 1 1 1 0 1 0 0 1 0 0 1 0 1 1 0 0 0 0
400	3	 1 1 0 1 0 0 1 0 0 1 1 0 1 0 1 0 1 0 0 0
400	2	 1 1 1 1 1 0 1 0 0 0 0 0 0 1 1 1 0 0 0 0
400	2	 1 1 1 1 0 0 0 0 1 1 1 1 0 0 1 0 0 0 0 0
400	2	 1 1 1 1 1 1 1 1 0 1 1 0 1 0 1 0 0 0 0 0
400	1	 1 1 1 1 1 0 0 0 0 1 1 0 1 0 1 0 0 0 0 0
400	1	 0 1 1 1 1 0 1 0 0 1 1 0 1 0 0 0 0 0 0 0
400	1	 1 1 0 1 0 0 1 0 1 1 1 0 0 0 1 0 0 0 1 0
400	2	 1 1 1 1 1 1 1 0 0 1 1 1 0 0 1 0 0 0 0 1
400	1	 1 1 1 1 0 0 1 0 1 0 1 0 0 0 1 0 0 0 0 1
400	3	 1 1 1 1 0 0 1 0 1 1 1 0 0 0 1 1 0 0 0 0
400	1	 1 1 1 1 0 0 1 0 1 1 1 0 1 0 1 0 0 0 0 0
400	2	 1 1 0 1 0 0 0 0 0 1 1 0 0 1 1 1 0 0 0 1
400	2	 1 0 1 1 1 0 1 0 1 1 1 0 1 0 1 0 0 0 0 1
400	1	 1 0 1 1 0 0 0 0 0 1 1 0 0 1 1 0 0 0 0 0
400	1	 1 1 1 0 0 0 0 0 0 1 1 0 0 0 1 1 0 0 0 0
400	1	 1 1 1 1 0 0 1 1 0 1 1 0 0 1 0 0 0 0 0 0
400	2	 0 1 1 1 1 0 1 0 1 1 1 0 0 0 1 0 0 0 0 0
400	3	 1 1 1 1 0 0 0 0 0 1 1 0 0 1 1 0 1 0 0 0
400	1	 1 0 0 1 0 0 0 0 0 1 1 0 0 1 1 1 0 0 0 0
400	3	 0 1 0 1 1 0 0 0 0 1 1 0 1 0 1 0 0 0 0 0
400	5	 1 1 1 0 1 0 1 0 0 0 1 0 0 1 1 1 0 0 0 0
400	1	 1 1 0 1 0 0 1 0 0 1 1 0 1 0 1 0 0 0 0 0
400	5	 1 1 1 1 1 0 0 0 0 1 1 0 0 0 1 0 0 0 1 0
400	3	 1 1 1 1 1 0 0 0 0 1 1 0 0 0 1 0 0 1 0 0
400	1	 1 1 1 1 1 0 0 0 0 1 1 0 0 0 1 0 0 0 0 1
400	1	 1 1 1 1 1 0 1 0 0 1 1 1 0 0 1 0 0 0 0 0
400	1	 1 1 1 1 1 1 1 0 0 1 1 0 0 1 1 0 0 0 0 0
400	2	 0 1 1 1 0 0 1 0 0 1 0 0 1 1 1 0 0 0 0 0
400	3	 1 1 1 1 0 0 1 0 0 1 1 0 1 1 1 0 0 0 0 0
400	1	 1 1 1 1 1 1 1 0 1 1 1 0 1 0 0 1 0 0 0 0
400	3	 0 1 1 1 1 0 1 0 0 1 1 1 1 0 1 1 0 0 0 0
400	1	 1 1 0 1 0 0 1 1 1 1 1 0 0 0 1 0 0 0 0 0
400	2	 1 1 1 1 0 0 1 0 0 1 1 0 1 0 1 0 0 0 0 0
400	1	 1 1 1 1 1 0 0 0 0 1 0 0 0 0 1 1 0 0 1 1
400	3	 1 0 1 1 1 0 1 0 1 1 0 0 0 0 1 0 0 0 0 0
400	1	 1 1 1 1 1 0 1 1 0 1 1 0 0 1 1 0 0 0 0 1
400	1	 1 1 1 1 1 1 1 0 0 1 1 0 0 1 1 0 0 0 0 1
400	2	 0 0 1 1 1 0 1 0 0 1 1 0 1 0 0 0 0 0 0 0
590	16	 1 1 1 1 0 0 1 0 0 1 1 0 0 0 1 0 0 0 0 0
590	54	 1 1 1 1 0 0 0 0 0 1 0 0 1 0 1 1 0 0 0 0
590	21	 1 1 1 1 0 0 1 0 0 1 1 0 1 0 1 0 0 0 0 0
590	8	 1 1 1 1 0 0 0 0 0 0 1 0 0 0 0 0 0 0 0 0
590	42	 1 1 1 1 0 0 0 0 1 0 1 0 0 0 1 0 0 0 0 0
590	5	 1 1 1 1 0 0 0 0 0 0 1 0 0 1 1 0 0 0 0 0
590	3	 0 1 1 1 1 1 1 0 0 1 1 0 0 0 1 0 0 0 0 0
590	29	 1 1 1 1 0 0 1 0 0 1 0 0 1 0 1 1 0 0 0 0
590	2	 0 1 1 1 0 0 1 1 0 1 1 0 0 0 1 0 1 0 0 0
590	23	 1 0 1 1 0 0 0 0 1 0 1 0 0 0 1 0 0 0 0 0
590	8	 1 1 1 1 0 0 1 0 0 0 1 0 0 0 0 0 0 1 0 0
590	52	 1 1 1 1 1 1 0 0 0 1 1 0 0 1 1 1 0 0 0 0
590	9	 1 1 1 1 0 0 0 0 1 1 1 0 0 0 1 1 0 0 0 0
590	4	 1 1 1 1 1 0 1 1 1 1 0 0 0 1 1 1 0 0 1 0
590	8	 1 1 1 1 0 0 0 0 1 1 1 0 0 0 0 0 0 0 0 0
590	35	 1 1 1 1 0 0 1 0 0 1 1 1 0 0 1 0 0 0 0 0
590	52	 1 1 1 1 0 0 1 0 0 0 0 0 0 0 0 0 0 0 0 0
590	17	 0 1 1 1 0 0 1 0 0 0 1 0 0 0 1 0 0 0 0 0
590	34	 1 1 1 1 0 0 0 0 1 0 1 0 0 1 1 1 0 0 0 0
590	18	 1 1 1 1 0 0 1 0 0 1 0 0 1 0 0 1 0 0 0 0
590	9	 1 1 1 1 1 1 0 0 0 1 1 0 0 0 1 1 0 0 0 0
590	16	 1 0 1 1 0 0 0 0 0 1 1 1 1 0 1 0 0 0 0 0
590	5	 1 1 1 1 0 0 0 0 0 1 0 0 0 1 1 0 0 0 0 0
590	2	 1 1 1 1 0 0 1 0 0 1 0 0 0 0 1 1 0 0 0 0
590	1	 1 1 1 1 0 0 1 0 1 1 0 0 0 0 1 0 0 0 0 1
590	8	 1 1 1 1 0 0 1 0 0 0 1 1 0 1 1 1 0 0 0 0
590	12	 1 1 1 1 0 0 1 0 0 1 1 0 0 0 0 0 0 1 0 0
590	7	 1 1 0 1 0 0 0 0 0 1 1 0 0 0 1 0 0 0 0 0
590	7	 1 1 1 1 0 0 0 0 0 0 1 0 0 0 0 0 0 1 0 0
590	10	 0 1 1 1 0 1 1 0 0 1 1 0 1 0 1 0 0 0 0 0
590	3	 1 1 1 1 0 0 0 0 0 0 0 0 1 0 1 1 0 0 0 0
590	14	 1 1 1 1 0 0 0 0 0 1 1 0 1 0 0 1 0 0 0 0
590	14	 1 1 1 1 0 0 0 0 1 0 1 1 0 0 1 1 0 0 0 0
590	13	 1 1 1 1 0 0 1 0 1 1 0 0 1 0 0 1 0 0 0 0
590	8	 1 1 0 1 0 0 1 0 0 1 1 1 0 0 0 1 0 0 0 0
590	7	 1 1 1 1 0 0 0 1 1 1 1 0 0 0 1 1 0 0 0 0
590	1	 1 0 1 1 1 1 0 0 0 1 1 0 0 1 1 1 0 0 0 0
590	15	 1 1 1 1 0 0 0 0 1 1 1 0 0 0 1 1 0 1 0 0
590	1	 1 1 1 1 1 0 1 0 0 1 1 0 0 0 0 0 1 0 0 0
590	1	 1 1 1 1 1 1 1 0 0 1 1 0 0 0 1 0 0 0 0 1
590	19	 1 1 1 1 1 1 0 0 0 1 1 0 0 1 1 1 0 0 0 1
590	11	 1 1 1 1 0 0 0 1 1 1 1 0 0 0 1 0 0 0 0 1
590	3	 0 0 1 1 1 1 1 0 0 1 1 0 1 0 1 0 0 0 0 0
590	14	 1 1 1 1 0 0 1 0 0 1 1 1 0 0 1 1 0 0 0 0
590	7	 1 1 1 1 0 0 0 0 0 1 1 0 0 0 0 0 0 0 0 0
590	2	 1 1 1 1 0 1 0 0 0 1 1 1 1 1 1 1 0 0 0 0
590	2	 1 0 1 1 0 0 0 0 0 1 1 0 0 0 1 1 0 0 0 0
590	1	 1 1 1 1 1 0 1 0 0 1 0 0 0 0 1 1 0 0 0 0
590	3	 1 1 1 1 0 0 1 0 1 1 0 0 0 0 1 0 0 0 1 0
590	18	 1 1 1 1 0 0 0 0 1 1 1 0 0 0 0 0 0 1 0 0
590	1	 1 0 1 1 0 0 0 0 0 1 0 0 1 0 1 1 0 0 0 0
590	4	 0 1 1 1 0 0 1 0 0 1 0 0 1 0 1 1 0 1 0 0
590	5	 1 1 1 1 0 0 0 0 1 1 1 0 0 0 1 1 0 0 0 1
590	5	 1 1 1 1 0 0 0 0 0 1 0 0 1 0 1 1 0 1 0 0
590	3	 1 1 1 1 1 1 0 0 0 1 1 0 0 1 1 0 0 0 0 0
590	9	 1 1 1 1 0 0 1 0 0 1 1 0 0 0 1 1 0 0 0 0
590	3	 1 1 1 1 0 0 1 0 0 0 0 0 0 0 0 0 0 0 0 1
590	10	 1 1 1 1 0 0 0 0 0 1 0 0 1 0 1 1 1 0 0 0
590	2	 1 1 1 0 0 0 1 0 0 1 1 0 0 0 1 0 0 0 1 0
590	16	 1 1 1 1 1 1 0 0 0 1 1 1 1 1 1 1 0 0 0 0
590	7	 1 1 0 1 0 0 0 0 0 0 1 0 0 0 0 1 0 0 0 0
590	8	 1 1 1 1 1 1 0 0 1 1 1 0 0 1 1 1 0 0 0 0
590	3	 1 1 1 1 1 1 1 0 0 0 1 0 0 0 0 0 0 0 0 0
590	3	 1 1 1 1 0 1 0 0 0 1 0 0 1 0 1 1 0 0 0 0
590	1	 1 1 1 1 0 0 1 0 0 0 1 0 0 0 0 0 0 0 1 0
590	3	 1 1 1 1 0 0 0 0 0 1 1 1 0 0 1 0 0 0 0 0
590	5	 0 1 1 1 0 0 0 0 0 0 0 0 1 0 1 1 0 0 0 0
590	6	 1 1 1 1 1 0 1 0 0 1 0 0 0 0 1 1 1 0 0 0
590	1	 1 1 1 1 1 0 0 0 1 0 1 0 0 0 0 0 0 0 0 0
590	3	 1 1 1 1 0 0 1 0 1 1 0 1 0 0 1 0 0 0 1 0
590	6	 1 1 1 1 0 0 1 0 1 0 0 0 0 0 1 0 0 0 1 0
590	1	 1 1 1 1 0 0 0 0 0 0 1 0 0 0 0 0 0 0 1 0
590	8	 1 1 1 1 0 0 1 0 0 0 1 0 0 0 0 0 0 0 0 0
590	9	 1 1 1 1 0 0 1 0 0 1 1 0 1 0 1 0 0 0 1 0
590	3	 1 1 1 0 1 1 0 0 0 1 1 0 0 1 0 1 0 1 0 0
590	1	 1 1 0 1 0 0 1 0 0 1 1 0 0 0 1 0 0 0 0 0
590	6	 1 1 1 1 0 0 0 0 0 1 0 0 1 1 1 1 0 0 0 0
590	3	 1 0 1 1 1 1 0 0 0 1 1 1 0 1 1 1 0 0 0 0
590	3	 1 1 1 1 1 1 1 0 1 1 1 0 0 0 1 0 0 0 0 1
590	9	 1 1 1 1 0 0 0 0 1 0 1 0 0 1 1 1 0 0 1 0
590	3	 1 0 1 1 0 0 0 0 0 0 1 0 0 1 1 1 0 0 0 0
590	2	 1 0 1 1 1 1 0 0 0 1 1 0 0 0 0 0 0 1 0 0
590	5	 1 1 1 1 0 0 1 0 1 1 1 0 0 0 1 1 0 0 0 0
590	4	 1 1 1 1 0 0 1 0 1 0 1 0 0 1 1 1 0 0 0 0
590	12	 1 1 1 1 0 0 1 0 1 1 0 0 0 0 1 0 0 1 0 1
590	1	 1 1 1 1 0 0 1 0 0 1 0 0 0 0 0 0 0 0 0 0
590	2	 1 1 1 1 0 1 1 0 0 0 0 0 0 0 0 0 0 0 0 1
590	1	 1 1 1 1 0 0 1 0 0 1 1 1 1 1 1 1 0 0 0 0
590	2	 1 1 1 1 1 1 0 0 0 1 1 0 1 0 1 0 0 0 0 0
590	4	 1 1 1 1 1 1 0 0 0 1 1 0 0 0 1 0 0 0 0 0
590	8	 1 1 1 1 0 0 1 0 0 1 1 1 0 0 0 1 0 0 0 0
590	2	 1 1 1 1 0 0 1 0 0 0 0 0 0 0 1 0 0 0 0 0
590	1	 1 1 1 0 0 0 1 0 0 1 1 0 1 0 1 1 0 0 0 0
590	10	 1 0 1 1 1 1 0 0 0 1 1 1 1 1 1 1 0 0 0 0
590	2	 1 1 1 1 1 1 1 0 0 1 1 0 0 1 1 1 0 0 0 1
590	8	 1 1 1 1 0 0 1 0 0 0 1 0 0 0 1 0 0 0 0 0
590	4	 1 1 0 1 1 1 1 0 0 1 0 0 1 0 1 1 0 1 0 0
590	3	 1 1 1 1 1 1 0 0 0 1 1 1 1 1 1 1 0 0 0 1
590	2	 1 0 1 1 0 0 0 0 1 1 1 0 0 1 1 1 0 0 0 1
590	6	 1 1 1 1 0 0 0 0 1 1 1 0 0 1 1 1 0 0 0 0
590	4	 1 1 1 1 1 0 1 1 0 1 1 0 0 0 1 0 0 1 0 0
590	4	 1 1 1 0 0 0 0 0 0 1 1 0 1 0 0 1 0 0 0 0
590	7	 1 1 1 1 0 0 1 0 1 1 0 0 1 0 0 1 0 1 0 0
590	1	 1 1 1 1 0 0 0 0 0 1 0 0 1 0 1 0 0 1 0 0
590	2	 1 1 1 1 0 0 1 0 1 1 1 1 0 0 1 1 0 0 0 0
590	4	 1 1 1 1 1 1 0 0 0 1 0 0 1 0 1 1 0 1 0 0
590	8	 1 1 1 1 0 0 0 0 1 0 1 1 0 0 0 1 0 0 0 0
590	2	 1 1 1 1 0 0 1 0 1 1 1 0 0 0 1 0 0 0 0 0
590	3	 1 1 1 1 0 0 1 0 0 1 1 0 0 0 0 0 0 0 0 0
590	1	 1 1 1 1 0 0 0 0 0 1 1 0 1 0 1 0 0 0 0 0
590	8	 1 1 1 1 0 0 0 0 1 0 1 0 0 0 1 0 1 0 0 0
590	1	 1 1 1 1 0 0 0 0 0 0 1 0 0 0 1 0 0 0 0 0
590	1	 1 1 0 1 0 0 1 0 0 1 0 0 0 0 1 1 0 0 0 0
590	2	 1 1 0 1 0 0 0 0 0 1 1 0 0 1 1 0 0 0 0 0
590	1	 0 1 0 1 0 0 0 0 0 1 1 0 0 0 1 0 0 0 0 0
590	2	 1 1 0 1 0 1 1 0 0 1 1 1 0 0 0 1 0 0 0 0
590	5	 1 1 1 1 0 0 0 0 1 1 1 0 0 1 1 1 0 1 0 0
590	2	 1 1 1 0 1 0 1 0 0 1 0 0 0 0 1 1 0 0 0 0
590	2	 1 1 0 0 0 0 1 0 0 1 1 1 0 0 1 0 0 0 0 1
590	2	 1 1 0 1 0 0 0 0 1 0 1 0 0 0 0 1 0 0 0 0
590	1	 1 1 1 1 1 0 1 0 0 0 1 0 0 0 0 0 0 0 0 0
590	1	 1 1 1 1 0 0 0 0 0 0 1 0 0 1 1 0 0 0 1 0
590	5	 1 1 1 1 1 1 0 0 0 1 1 0 1 0 0 1 0 0 0 0
590	3	 1 1 1 1 0 0 1 0 0 1 1 1 0 0 1 0 0 0 1 0
590	2	 1 1 1 1 0 0 1 1 0 1 1 0 0 0 1 0 1 0 0 0
590	1	 1 1 1 1 0 0 1 0 0 0 1 0 1 0 0 0 0 1 0 0
590	3	 1 1 1 1 0 0 0 1 0 1 1 0 1 0 0 1 0 0 0 0
590	1	 1 1 0 1 0 0 1 0 0 1 1 1 0 0 0 1 0 1 0 0
590	1	 1 1 1 1 0 0 0 0 0 1 0 1 1 0 1 1 1 0 0 0
590	1	 1 1 0 1 0 0 0 0 0 0 1 0 0 1 0 1 0 0 0 0
590	2	 1 0 1 1 1 1 0 0 0 1 1 1 0 1 0 1 0 0 0 0
590	1	 1 1 1 1 0 0 0 0 1 1 1 0 0 0 1 1 0 1 0 1
590	1	 1 1 1 1 0 1 0 0 0 1 1 0 0 1 1 1 0 0 0 0
590	1	 1 1 1 1 1 0 1 0 0 1 1 0 0 0 1 1 0 0 0 0
590	1	 0 1 0 1 0 0 1 0 0 0 1 0 0 0 1 0 0 0 0 0
590	1	 1 1 1 1 0 0 0 0 0 0 1 0 0 1 0 0 0 1 0 0
590	2	 1 1 1 1 0 0 0 0 0 1 1 0 1 0 0 1 0 0 1 0
590	1	 1 1 1 1 0 0 0 0 0 1 1 0 0 1 0 0 0 0 0 0
590	1	 1 1 0 1 1 0 1 0 0 1 0 0 0 0 1 1 1 0 0 0
590	2	 1 1 1 0 1 0 1 0 0 1 0 0 0 0 1 1 1 0 0 0
590	2	 1 1 1 1 0 1 0 0 0 1 0 0 1 1 1 1 0 0 0 0
590	1	 0 1 1 1 1 0 1 0 0 0 1 0 0 0 0 0 0 0 0 0
720	7	 1 1 1 1 0 0 0 0 0 0 1 0 0 1 1 0 0 0 0 0
720	22	 1 1 1 1 0 0 1 0 0 0 0 0 0 0 0 0 0 0 0 0
720	9	 1 1 1 1 1 1 0 0 0 1 0 0 0 0 1 1 0 0 0 0
720	31	 1 1 1 1 0 0 1 0 0 1 1 1 1 1 1 1 0 0 0 0
720	29	 1 1 1 1 0 0 1 0 1 0 1 0 0 1 1 1 0 0 0 0
720	35	 1 1 1 1 1 0 1 1 1 1 0 0 0 1 1 0 0 0 0 0
720	19	 1 1 1 1 1 1 0 0 1 0 0 0 0 1 1 1 1 0 0 0
720	31	 1 1 1 1 1 0 1 1 1 0 0 0 1 0 1 1 0 0 0 0
720	19	 1 1 1 1 1 0 1 1 1 0 0 0 0 0 1 0 1 0 0 0
720	2	 1 1 1 1 0 0 0 0 0 1 0 1 1 0 1 0 1 0 0 0
720	39	 1 1 1 1 1 0 1 0 0 1 1 0 0 0 0 0 0 0 0 0
720	15	 1 1 1 1 1 1 0 0 1 0 0 0 0 1 0 1 1 0 1 0
720	35	 1 1 1 1 1 0 0 0 0 1 0 1 1 0 1 1 0 1 0 0
720	16	 1 1 1 1 0 0 1 0 0 0 0 0 0 1 0 1 0 0 1 0
720	25	 1 1 1 1 1 1 0 0 1 0 0 0 0 1 0 0 0 0 0 0
720	14	 0 1 1 1 0 0 1 0 0 0 0 0 0 0 0 0 0 0 0 0
720	8	 1 1 1 1 1 0 1 1 1 1 0 0 0 1 1 1 1 1 0 0
720	8	 1 1 1 1 0 0 1 1 0 0 0 0 0 0 0 0 0 0 0 0
720	41	 1 1 1 1 1 0 1 0 1 0 1 0 0 1 1 1 0 0 0 0
720	1	 0 1 1 1 0 1 0 0 0 0 1 0 0 1 1 1 1 0 0 0
720	6	 1 1 1 1 1 1 0 0 1 0 0 0 0 1 1 1 0 0 0 0
720	1	 1 1 0 1 0 0 1 0 0 1 1 1 0 1 1 1 0 0 0 0
720	10	 1 1 1 1 0 0 1 0 0 0 0 0 0 0 1 0 1 0 0 0
720	6	 1 1 1 1 0 0 0 0 1 0 0 0 0 1 1 0 0 0 1 0
720	28	 1 1 1 1 1 0 1 1 1 0 0 0 0 0 1 1 0 0 0 0
720	4	 1 1 1 1 0 0 1 0 0 0 0 0 0 1 1 1 1 0 0 0
720	12	 1 1 1 1 1 0 0 0 0 1 0 1 1 0 0 0 0 1 0 0
720	6	 1 1 1 1 1 0 1 0 0 0 1 1 0 0 0 0 0 0 0 0
720	22	 1 1 1 1 1 0 1 1 1 0 0 1 0 1 1 0 1 0 0 0
720	4	 1 1 1 1 0 1 1 0 1 0 0 0 0 0 0 0 0 0 0 0
720	4	 1 1 1 1 0 0 1 0 0 0 0 0 0 1 0 0 0 0 0 0
720	8	 1 1 1 1 0 1 1 0 0 1 1 1 1 1 1 1 0 0 0 0
720	5	 1 1 1 1 1 1 0 0 1 1 0 0 1 0 0 0 0 0 0 0
720	28	 1 0 1 1 0 0 1 0 0 0 0 0 0 0 0 0 0 0 0 0
720	15	 1 1 1 1 1 0 1 0 1 0 0 0 1 0 1 1 0 0 0 0
720	8	 1 1 1 1 1 0 0 0 1 0 0 0 0 1 0 0 0 0 0 0
720	8	 1 1 1 1 0 1 0 0 0 0 1 1 1 0 1 0 1 0 0 0
720	8	 1 1 1 1 1 0 1 1 1 0 0 0 0 0 0 0 0 0 0 0
720	5	 1 1 1 1 1 0 0 0 0 1 0 1 1 1 1 1 0 1 0 0
720	13	 1 1 1 1 1 0 1 1 1 0 0 0 0 0 1 0 1 1 0 0
720	3	 1 1 1 1 0 0 1 0 0 1 0 1 0 0 1 0 0 0 0 0
720	2	 1 1 1 1 1 1 0 1 1 0 0 0 0 1 1 0 0 0 1 0
720	1	 1 1 1 1 0 0 1 0 1 0 0 0 0 0 1 0 1 0 0 0
720	4	 0 1 1 1 0 1 0 0 0 0 1 1 1 0 1 0 1 0 0 0
720	18	 1 1 1 1 1 1 0 0 1 1 0 1 0 1 1 0 0 0 0 0
720	7	 1 1 0 1 1 0 1 1 1 0 0 1 0 0 0 0 1 0 0 0
720	3	 1 1 1 1 0 0 1 0 0 0 0 1 0 0 0 0 0 0 0 0
720	40	 1 1 1 1 0 0 1 0 0 1 1 1 1 1 1 0 0 0 0 0
720	12	 1 1 1 1 0 0 1 1 0 0 0 0 0 0 0 0 0 0 0 1
720	5	 1 1 1 1 1 0 1 0 0 1 1 1 1 1 1 1 0 0 0 0
720	9	 1 1 1 1 0 0 0 0 1 0 0 0 0 0 0 0 0 0 0 0
720	6	 1 1 1 1 1 0 1 1 1 1 0 0 1 0 1 1 0 0 0 0
720	4	 1 1 1 1 0 0 1 0 0 0 0 0 1 0 1 1 0 1 0 0
720	2	 0 1 1 1 1 1 0 0 0 1 0 0 0 0 1 1 0 0 0 0
720	8	 1 1 1 1 1 0 1 0 0 1 1 1 0 0 0 0 0 0 0 0
720	3	 1 1 1 1 1 1 0 0 1 0 0 0 0 1 0 0 0 0 1 0
720	1	 1 1 1 1 0 1 0 0 0 0 1 1 1 0 0 1 0 0 1 0
720	3	 1 1 1 1 1 0 1 0 1 0 1 0 0 0 1 0 1 0 0 1
720	14	 1 1 1 1 0 0 1 0 0 0 1 0 0 0 0 1 0 0 1 0
720	7	 1 1 1 1 1 1 1 0 1 0 0 0 1 0 1 1 0 0 0 0
720	8	 1 1 1 1 1 1 0 0 1 1 1 1 1 1 1 1 0 0 0 0
720	3	 1 1 0 1 0 0 1 0 0 1 0 1 0 0 1 0 0 0 0 0
720	2	 1 1 1 1 1 0 1 1 1 0 0 1 0 0 0 0 1 0 0 0
720	18	 1 1 1 1 0 0 1 0 0 0 0 0 0 1 0 1 0 0 0 0
720	14	 1 1 1 1 1 0 1 1 1 0 0 0 0 1 1 1 1 0 0 0
720	4	 1 1 1 1 0 0 1 1 1 1 0 0 0 1 1 0 0 0 0 0
720	6	 0 1 1 1 0 0 1 0 0 0 0 0 0 1 1 0 1 0 0 0
720	6	 1 1 1 1 0 0 1 1 0 1 1 1 1 1 1 1 0 0 0 0
720	5	 1 1 1 1 1 0 1 1 1 0 0 1 0 0 1 0 1 0 0 1
720	8	 1 1 1 1 1 0 1 1 1 0 0 0 0 1 1 1 0 0 0 0
720	2	 1 1 1 1 0 0 0 0 1 0 0 0 0 1 0 1 1 0 1 0
720	1	 1 1 1 1 1 0 1 1 1 0 0 0 0 0 1 0 0 0 1 0
720	3	 1 1 0 1 1 1 1 0 1 0 0 0 0 0 1 1 0 1 0 0
720	2	 1 1 1 1 0 0 1 0 0 0 0 0 0 0 1 1 0 0 0 0
720	2	 1 1 1 1 0 0 1 0 0 1 1 1 1 1 1 1 0 0 0 1
720	13	 1 1 1 0 0 0 1 0 1 0 1 0 0 1 1 1 0 0 0 0
720	2	 1 1 1 1 0 0 1 0 0 1 0 0 0 1 1 1 0 0 0 1
720	1	 1 1 1 1 0 0 1 0 0 1 1 1 1 1 1 1 0 1 0 0
720	4	 1 0 0 1 0 0 1 0 0 1 1 1 0 1 1 1 0 0 0 0
720	2	 1 1 1 1 0 0 1 0 1 0 0 0 0 0 0 0 0 0 0 0
720	3	 1 1 1 1 1 1 0 0 0 1 1 0 0 0 0 0 0 0 1 0
720	2	 1 1 1 1 0 0 0 0 0 0 0 0 0 0 0 0 0 0 0 1
720	5	 1 1 1 1 0 0 0 0 0 1 1 1 1 1 1 1 0 0 0 0
720	3	 1 1 1 1 0 0 1 0 0 0 0 0 0 0 1 1 1 0 0 0
720	5	 0 1 1 1 0 0 0 0 0 0 1 1 1 0 1 0 1 0 0 0
720	1	 1 1 1 1 0 0 1 0 1 0 0 1 0 0 0 0 0 0 0 0
720	9	 1 1 1 1 1 0 1 1 1 0 0 0 0 1 1 0 0 0 0 0
720	3	 1 1 1 1 1 0 1 0 0 0 0 0 0 0 0 0 0 0 0 0
720	1	 1 1 1 1 1 1 0 0 1 0 1 0 0 1 1 1 0 0 0 0
720	5	 1 0 1 1 0 0 1 0 0 0 0 0 0 0 1 1 0 0 0 0
720	5	 1 1 1 1 1 0 1 1 1 1 0 1 1 1 1 1 0 1 0 0
720	5	 1 1 1 1 1 1 0 0 1 0 0 0 1 1 1 1 1 0 0 0
720	7	 1 1 1 1 0 0 0 0 0 0 0 0 0 1 0 0 0 0 0 0
720	2	 1 1 1 1 0 0 1 0 0 0 1 1 0 0 0 0 0 0 0 0
720	4	 1 1 1 1 0 0 1 1 0 0 0 0 0 1 1 0 0 0 0 0
720	2	 1 1 1 1 0 0 1 0 0 0 1 0 0 0 1 1 0 0 0 0
720	1	 0 1 1 1 0 0 1 0 0 1 1 1 1 1 1 0 0 0 0 0
720	3	 1 1 1 1 0 0 0 0 0 0 1 0 0 1 1 0 0 0 1 0
720	1	 1 1 1 1 1 0 1 1 1 0 0 0 1 1 1 1 0 0 0 0
720	3	 1 1 1 1 1 0 1 1 1 0 0 1 0 0 1 1 0 0 0 0
720	4	 1 0 1 1 0 0 1 0 0 0 0 0 0 0 0 0 0 0 1 0
720	1	 1 1 1 0 1 1 0 0 0 1 1 0 0 0 1 0 1 0 1 0
720	6	 1 1 1 1 1 0 1 0 1 1 0 0 1 0 1 1 0 0 0 0
720	3	 1 0 1 0 0 0 1 0 1 0 1 0 0 1 1 1 0 0 0 0
720	1	 0 1 1 1 0 0 0 1 0 0 1 1 1 0 1 0 1 0 0 0
720	1	 1 1 1 1 0 0 1 0 0 1 1 1 1 0 1 1 0 0 0 0
720	13	 1 1 1 1 0 0 1 0 0 1 1 0 0 0 0 0 0 0 0 0
720	1	 1 1 1 1 1 0 1 1 1 1 0 1 0 1 1 0 0 0 0 0
720	4	 1 1 1 1 1 0 0 1 1 0 0 0 1 0 1 1 0 0 0 0
720	3	 1 1 1 1 1 0 1 1 1 0 1 0 0 0 1 1 0 0 0 0
720	3	 1 1 1 1 1 0 1 1 1 0 1 0 0 0 0 0 1 0 0 0
720	1	 0 1 1 1 1 1 0 0 0 1 0 0 1 0 1 1 0 0 0 0
720	1	 1 1 0 1 1 0 1 0 0 1 1 1 0 0 0 0 0 0 0 0
720	2	 1 1 1 1 1 1 0 0 1 0 0 0 0 1 0 1 0 0 0 0
720	3	 1 1 1 1 0 0 0 0 0 0 1 1 1 0 1 0 1 0 0 0
720	1	 0 1 1 1 0 0 1 0 0 0 0 0 0 0 1 1 0 0 0 0
720	2	 1 1 1 1 0 0 1 0 1 0 1 0 0 0 0 1 0 0 1 0
720	2	 1 1 1 1 1 1 0 0 1 0 0 1 0 1 1 0 1 0 0 0
720	1	 1 1 1 1 1 0 1 1 1 0 0 0 0 1 0 1 1 0 1 0
720	2	 1 1 1 1 1 1 0 0 1 1 1 1 1 1 0 0 0 0 0 0
720	1	 1 1 1 1 0 0 0 0 0 0 0 0 0 1 0 1 0 0 1 0
720	2	 1 1 1 1 1 0 1 0 1 0 0 0 1 0 1 0 0 0 0 0
720	2	 1 1 1 1 0 0 1 0 0 1 1 0 1 1 1 0 0 0 0 0
720	1	 1 1 1 1 1 0 1 0 0 1 1 1 0 1 1 1 0 0 0 0
720	2	 1 0 1 1 0 0 1 0 0 0 1 0 0 0 0 1 0 0 1 0
720	1	 0 1 1 1 0 0 0 0 1 0 0 0 0 1 0 1 1 0 1 0
720	1	 1 1 1 0 0 1 1 0 1 0 1 0 0 1 1 1 0 0 0 0
880	46	 1 1 1 1 1 0 1 1 1 0 0 0 1 0 1 1 0 0 0 0
880	29	 1 1 1 1 1 0 1 1 1 0 0 0 0 1 1 0 0 0 0 0
880	55	 1 1 1 1 1 1 1 0 1 0 0 0 1 1 1 1 0 0 0 0
880	3	 1 0 1 1 1 0 1 1 1 0 0 0 0 1 1 0 0 0 0 0
880	84	 1 1 1 1 1 0 1 1 1 0 0 0 1 1 1 1 0 0 0 0
880	19	 1 0 1 1 1 1 0 0 1 0 0 0 1 1 0 0 0 0 0 0
880	41	 1 1 1 1 1 0 1 1 1 0 0 0 0 1 0 0 0 0 0 0
880	8	 1 1 1 1 0 0 1 0 0 0 0 0 1 1 1 1 1 0 0 0
880	3	 1 1 1 1 1 0 1 1 1 0 0 0 0 0 0 0 0 0 0 0
880	30	 1 1 1 1 1 1 0 0 1 0 0 0 0 1 1 0 0 0 0 0
880	23	 1 1 1 1 1 1 0 0 0 0 0 0 0 1 1 1 1 0 0 0
880	9	 0 1 1 0 1 1 0 0 0 1 0 0 0 0 1 1 0 0 1 0
880	4	 1 1 1 1 1 1 0 0 1 0 0 0 1 1 0 0 0 0 0 0
880	41	 1 1 1 1 0 0 1 1 1 0 0 0 1 1 1 1 0 0 0 0
880	5	 1 1 1 1 1 1 0 0 0 0 0 1 1 0 1 1 0 0 0 0
880	7	 1 1 1 1 1 0 1 1 1 0 0 1 1 0 1 1 0 0 0 0
880	2	 1 1 1 1 1 0 1 0 1 0 0 0 1 1 1 1 0 0 0 0
880	2	 1 1 0 1 1 1 0 0 1 0 0 0 0 0 0 0 0 1 0 0
880	17	 1 0 1 1 1 1 0 0 0 0 0 1 1 0 0 0 0 0 0 0
880	4	 0 1 1 1 1 1 0 0 0 0 0 0 0 1 1 1 1 0 0 0
880	4	 1 1 1 1 0 0 1 1 0 0 0 0 0 1 1 1 0 0 0 0
880	10	 1 1 1 1 1 0 0 1 1 0 0 0 0 1 1 0 0 0 0 1
880	11	 1 0 1 1 1 0 1 1 1 0 0 0 1 0 1 1 0 0 0 0
880	8	 1 1 1 1 1 1 1 0 1 0 0 0 1 1 1 1 0 0 0 1
880	2	 1 1 1 1 1 0 1 1 1 0 0 0 0 1 0 0 1 0 0 0
880	3	 1 1 1 1 1 1 0 0 1 1 0 0 0 1 1 0 0 0 0 0
880	3	 1 1 0 1 1 1 1 0 1 0 0 0 1 1 1 1 0 0 0 0
880	6	 1 0 1 1 1 1 0 0 0 0 0 0 1 1 0 0 0 0 0 0
880	6	 1 1 1 1 1 1 0 0 1 0 0 1 0 1 1 0 0 0 0 0
880	3	 1 1 1 1 1 1 1 0 0 0 0 0 0 1 1 1 1 0 0 0
880	7	 1 1 1 1 1 1 1 0 1 0 0 0 1 0 1 1 0 0 0 0
880	1	 1 1 0 1 0 1 0 0 0 0 0 0 0 1 1 1 0 1 0 0
880	1	 0 1 1 1 1 0 1 1 0 0 0 0 0 0 0 0 0 0 0 1
880	8	 1 1 1 1 1 0 1 1 1 0 1 0 1 1 1 1 0 0 0 0
880	8	 1 1 1 1 1 0 1 1 1 0 0 0 0 1 1 0 0 0 1 0
880	12	 1 1 1 1 0 0 1 1 1 0 0 0 1 1 1 1 0 0 0 1
880	3	 1 1 0 1 1 1 1 0 1 0 0 0 1 1 1 1 0 0 1 0
880	2	 1 1 1 1 1 1 1 0 0 0 0 0 0 1 1 1 0 0 0 0
880	90	 1 1 1 1 1 1 0 0 0 0 0 1 1 0 0 1 0 0 0 0
880	6	 1 1 1 1 1 1 0 0 0 0 0 1 1 0 0 0 1 0 0 0
880	25	 1 1 1 1 1 1 1 0 1 0 0 0 1 1 1 1 1 0 0 0
880	9	 1 1 1 1 1 0 1 0 1 0 0 0 1 1 1 1 0 0 1 0
880	10	 0 1 1 1 1 1 0 0 1 0 0 0 0 1 1 0 0 0 0 0
880	10	 1 1 1 1 1 0 1 0 1 0 0 0 0 1 1 0 0 0 1 0
880	10	 1 1 1 1 1 1 0 0 1 0 0 0 1 0 1 0 1 0 0 0
880	6	 1 1 1 1 1 1 1 0 1 0 0 0 1 0 1 0 0 0 0 0
880	3	 1 1 0 1 1 0 1 1 1 0 0 0 0 1 1 0 0 0 0 0
880	1	 0 1 0 1 0 1 0 0 0 0 0 0 0 1 1 1 1 1 0 0
880	26	 1 1 1 1 1 0 1 0 1 0 0 0 0 1 0 0 0 0 0 0
880	4	 0 1 1 1 1 1 1 0 1 0 0 0 1 1 1 1 0 0 0 1
880	1	 1 0 1 1 1 0 1 1 1 0 0 0 0 1 1 1 0 0 0 0
880	14	 1 1 1 1 1 0 0 1 1 0 0 0 1 1 1 1 0 0 0 0
880	8	 1 1 1 1 1 0 0 1 1 0 0 0 0 1 0 0 0 0 0 0
880	7	 1 1 1 1 1 0 1 0 1 0 0 0 1 1 1 0 0 0 0 0
880	16	 1 1 0 1 1 0 1 0 1 0 0 0 1 1 1 1 1 0 0 0
880	3	 1 1 1 1 1 0 0 0 1 0 0 0 0 1 1 0 0 0 0 0
880	10	 1 1 1 1 1 0 1 1 0 0 0 0 1 0 1 1 0 0 0 0
880	12	 1 1 1 1 1 1 1 1 1 0 0 0 0 1 1 0 0 0 0 0
880	2	 1 1 1 1 0 0 0 1 1 0 0 0 1 1 1 1 0 0 0 1
880	1	 1 1 1 1 1 1 1 0 1 0 0 0 0 0 1 1 0 0 0 0
880	2	 1 1 1 1 1 0 0 1 1 0 0 0 0 1 1 0 0 0 0 0
880	3	 1 1 1 1 1 1 1 0 1 0 1 0 1 0 1 1 0 0 0 0
880	4	 0 1 1 1 1 0 0 1 0 0 0 0 0 0 0 0 0 0 0 1
880	25	 1 1 1 1 1 0 1 0 1 0 0 0 0 1 1 0 0 0 0 0
880	4	 1 1 1 1 1 1 1 0 1 0 0 0 1 1 0 0 0 0 0 0
880	5	 1 1 1 1 0 0 1 1 0 0 0 0 1 1 1 1 0 0 0 0
880	5	 1 1 1 1 0 1 1 0 1 0 0 0 1 1 1 1 0 0 0 0
880	1	 1 1 1 1 0 1 1 1 1 0 0 0 0 1 1 1 0 0 0 0
880	7	 1 1 1 1 1 1 0 0 1 0 0 0 1 0 1 1 0 0 0 0
880	4	 1 1 0 1 0 1 0 0 0 0 0 0 0 1 1 1 0 0 0 0
880	3	 1 1 0 1 0 1 0 0 0 0 0 0 0 1 0 0 0 0 0 0
880	5	 0 1 1 1 1 1 0 0 1 0 0 0 1 0 1 1 0 0 0 0
880	2	 1 1 1 1 1 1 1 0 1 0 0 1 1 1 1 1 0 0 0 0
880	2	 1 1 1 1 1 0 1 1 1 0 0 0 0 1 0 1 0 0 0 0
880	6	 1 1 1 1 1 0 0 0 1 0 0 0 0 1 1 0 0 0 0 1
880	3	 1 1 1 1 1 0 0 1 1 0 0 0 0 1 1 1 0 0 0 0
880	2	 0 1 1 1 1 0 0 1 0 0 0 0 0 0 0 0 0 0 0 0
880	7	 1 0 1 1 1 1 0 0 1 0 0 0 1 1 0 0 0 0 0 1
880	1	 1 1 1 1 0 0 1 1 1 0 0 0 0 1 0 0 0 0 0 0
880	5	 1 0 1 1 1 1 0 0 0 0 0 1 1 0 0 1 0 0 0 0
880	2	 1 1 1 1 1 0 1 0 1 0 0 0 1 1 0 0 0 0 0 0
880	4	 1 1 1 0 1 0 1 1 0 0 0 0 1 0 1 1 0 0 0 0
880	4	 1 1 1 1 1 1 1 0 1 1 0 0 1 1 1 1 0 0 0 0
880	1	 0 1 1 1 1 0 1 1 1 0 0 0 0 1 0 0 0 0 0 0
880	10	 1 1 1 1 0 0 1 1 1 0 1 0 1 1 1 1 0 0 0 0
880	1	 1 1 1 1 0 0 1 1 0 0 0 0 0 0 1 1 0 0 0 0
880	1	 1 0 1 1 1 1 0 0 0 0 0 0 1 1 0 0 0 1 0 0
880	8	 1 1 1 1 1 0 1 0 1 0 0 0 0 1 1 1 0 1 0 0
880	7	 1 1 1 1 1 0 1 1 1 0 0 0 1 0 0 0 1 0 0 0
880	4	 1 0 1 1 1 1 0 0 1 0 0 0 1 0 1 1 0 0 0 0
880	3	 1 1 1 1 1 0 1 1 1 0 0 0 0 1 1 0 0 0 0 1
880	2	 1 1 1 1 1 1 0 0 0 0 0 0 1 1 1 1 0 0 0 0
880	2	 1 1 1 1 1 0 1 0 1 0 0 0 0 1 1 1 1 0 0 0
880	5	 1 1 1 1 1 0 1 1 1 0 0 0 1 1 1 0 0 0 0 0
880	2	 1 1 1 1 1 0 1 1 1 0 0 1 1 1 1 1 0 0 0 0
880	4	 1 1 1 1 0 0 1 1 1 1 0 0 1 1 1 1 0 0 0 0
880	1	 1 0 1 1 0 0 1 1 1 0 0 0 1 1 1 1 0 0 0 0
880	1	 1 1 1 1 1 1 1 1 1 0 0 0 1 1 1 1 1 0 0 0
880	3	 1 0 1 1 1 0 1 0 1 0 0 0 0 1 1 0 0 0 1 0
880	2	 1 1 1 1 1 1 1 0 1 0 0 0 0 1 1 0 0 0 0 0
880	1	 1 1 1 1 0 0 1 1 1 0 0 1 1 0 0 0 0 0 0 0
880	1	 1 1 1 1 1 0 1 0 1 0 0 1 1 0 0 1 0 0 0 0
880	1	 0 1 1 1 1 1 1 0 1 0 0 0 0 1 1 0 0 0 0 0
880	2	 0 1 1 1 1 0 1 1 1 0 0 0 1 0 1 1 0 0 0 0
880	1	 1 1 1 1 1 1 1 1 1 0 0 0 0 1 0 0 0 0 0 0
880	3	 1 0 1 1 1 0 1 1 1 0 0 0 0 1 0 0 0 0 0 0
880	3	 1 1 1 1 1 1 0 0 0 0 0 0 0 1 0 1 1 0 0 0
880	2	 1 1 1 1 0 0 0 1 1 0 0 0 1 1 1 1 0 0 0 0
880	1	 1 1 1 1 1 0 1 1 0 0 0 1 1 0 1 1 0 0 0 0
880	1	 1 0 1 1 1 1 0 0 0 0 0 0 1 1 0 0 0 0 1 0
880	2	 1 1 1 0 1 0 1 1 1 0 1 0 1 1 1 1 0 0 0 0
880	2	 1 1 1 1 1 0 1 1 0 0 0 0 0 1 1 1 0 0 0 0
880	1	 1 1 1 1 1 1 0 0 1 0 0 0 1 1 1 1 0 0 0 0
880	1	 1 1 1 1 0 0 1 1 1 0 0 0 1 1 1 0 0 0 0 0
880	1	 1 0 1 1 1 0 1 1 0 0 0 0 0 1 1 1 0 0 0 0
880	2	 1 1 1 1 1 1 1 1 1 0 0 0 1 0 1 1 0 0 0 0
880	1	 1 1 1 1 1 0 1 1 0 0 0 0 0 1 1 0 0 0 0 0
880	1	 1 1 1 1 1 1 1 0 0 0 0 0 1 1 1 1 0 0 0 0
880	1	 1 1 1 1 0 1 1 1 0 0 0 0 0 1 1 1 0 0 0 0
880	3	 1 1 0 1 1 1 1 0 1 0 0 0 1 1 1 1 1 0 0 0
880	1	 1 1 0 1 1 0 1 0 1 0 0 0 1 1 1 1 1 0 0 1
880	1	 1 1 1 1 0 0 0 0 1 0 0 0 0 1 1 0 0 0 0 0
1000	6	 1 1 1 1 1 0 1 1 1 0 0 0 1 0 1 1 0 0 0 0
1000	34	 1 1 1 1 1 1 1 0 1 0 0 0 1 1 1 1 0 0 0 0
1000	65	 1 1 1 1 1 0 1 1 1 0 0 0 1 1 1 1 0 0 0 0
1000	11	 1 1 1 1 0 0 1 1 1 0 0 0 1 1 1 1 0 0 0 0
1000	6	 1 1 1 1 1 1 0 0 0 0 0 1 1 0 0 1 0 0 0 0
1000	35	 1 1 1 1 1 1 1 0 1 0 0 0 0 1 1 1 0 0 0 0
1000	2	 1 1 1 1 1 1 1 0 1 0 0 0 1 1 1 1 0 0 1 0
1000	12	 1 1 1 1 1 0 1 1 1 0 0 0 0 1 0 1 0 0 0 0
1000	19	 1 1 1 1 1 1 1 1 1 0 0 0 0 1 1 0 0 0 0 0
1000	37	 1 1 1 1 0 0 1 1 1 0 0 0 0 1 1 1 0 0 0 0
1000	2	 1 1 1 1 1 0 0 0 1 0 0 0 1 1 1 1 0 0 0 0
1000	7	 1 1 1 1 1 1 0 0 1 0 0 0 0 0 0 1 0 0 0 0
1000	3	 1 1 1 0 1 1 1 0 1 0 0 0 1 1 0 0 0 0 0 0
1000	1	 1 1 1 1 1 0 1 1 1 0 0 0 0 1 1 0 1 0 1 0
1000	12	 1 1 1 1 1 1 0 0 1 0 0 0 1 0 1 1 0 0 0 0
1000	21	 1 1 1 1 1 1 0 0 1 0 0 0 0 1 0 0 0 0 0 0
1000	9	 1 1 1 1 1 0 1 0 1 0 0 0 1 0 0 0 0 0 0 0
1000	13	 1 1 1 1 1 1 1 0 0 0 0 1 1 0 1 0 0 0 0 0
1000	8	 1 0 1 1 1 1 1 0 1 0 0 0 1 1 1 1 0 0 0 0
1000	1	 1 1 1 1 1 0 1 1 1 0 0 0 1 0 0 1 0 0 0 0
1000	15	 1 1 1 1 1 0 0 1 1 0 0 0 1 0 1 1 0 0 0 0
1000	1	 1 1 1 1 1 0 1 1 1 0 0 0 0 1 1 0 0 0 1 0
1000	20	 1 1 1 1 1 0 1 0 1 0 0 0 0 0 1 0 0 0 0 0
1000	6	 1 1 1 1 1 0 1 1 1 0 0 0 1 0 0 0 0 0 0 0
1000	16	 1 1 1 1 1 1 1 0 1 0 0 0 1 0 1 1 0 0 0 0
1000	15	 1 1 1 1 0 0 1 0 1 0 0 0 1 1 1 1 0 0 0 0
1000	23	 0 1 0 1 1 0 1 1 1 0 0 0 0 0 1 1 0 0 0 0
1000	5	 1 1 1 1 1 1 0 0 0 0 0 0 1 0 0 1 0 0 0 0
1000	4	 1 1 1 1 1 1 0 1 1 0 0 0 0 1 1 0 0 0 0 0
1000	23	 1 1 1 0 1 1 1 0 1 0 0 0 1 1 0 1 0 0 0 0
1000	1	 1 1 1 1 1 1 1 0 0 0 0 1 1 0 1 0 0 0 1 0
1000	12	 1 1 1 1 1 0 1 0 1 0 0 0 1 1 0 0 0 0 0 0
1000	3	 1 1 1 1 1 1 1 0 1 0 0 0 1 1 1 0 0 0 0 0
1000	15	 1 1 1 1 1 0 1 1 1 0 0 0 1 1 1 1 0 0 1 0
1000	7	 1 1 1 1 1 0 1 0 1 0 0 0 1 1 1 1 1 0 0 0
1000	8	 0 1 1 1 1 1 0 0 1 0 0 0 0 0 0 1 0 0 0 0
1000	8	 1 1 1 1 1 0 1 1 1 0 0 0 1 1 0 0 0 0 0 0
1000	7	 1 1 1 1 0 0 1 1 1 0 0 0 1 1 1 0 1 0 1 0
1000	33	 1 1 1 1 1 1 1 0 0 0 0 1 1 0 0 0 0 0 0 0
1000	15	 1 1 1 0 0 0 1 1 1 0 0 0 1 1 1 1 0 0 0 0
1000	7	 1 0 1 1 1 0 1 1 1 0 0 0 1 1 1 1 0 0 0 0
1000	12	 1 1 1 1 1 0 1 1 0 0 0 0 1 0 1 1 0 0 0 0
1000	2	 1 1 1 1 0 0 1 1 1 0 0 0 0 1 1 0 0 0 0 1
1000	2	 1 1 1 1 0 1 1 1 1 0 0 0 1 1 1 1 0 0 0 0
1000	1	 0 1 1 1 1 0 1 1 1 0 0 0 0 0 1 1 0 0 0 0
1000	6	 1 1 1 1 1 1 1 0 0 0 0 0 1 1 1 1 0 0 0 0
1000	39	 1 1 1 1 0 0 1 0 1 0 0 0 1 0 0 1 0 0 0 0
1000	10	 1 1 1 1 1 1 1 1 1 0 0 0 1 1 1 1 0 0 1 0
1000	9	 1 1 1 0 1 1 1 0 1 0 0 0 1 0 1 1 0 0 0 0
1000	6	 1 1 1 1 1 1 1 0 0 0 0 0 0 0 1 1 0 0 0 0
1000	2	 1 1 1 1 1 0 1 1 1 1 0 0 0 1 0 1 1 0 0 0
1000	58	 1 1 1 1 1 1 0 0 1 0 0 1 1 1 0 0 0 0 0 0
1000	13	 1 1 1 1 1 0 1 1 1 1 0 0 0 0 0 1 0 0 0 0
1000	15	 1 1 1 1 1 1 1 0 1 0 0 0 0 1 1 0 0 0 0 0
1000	10	 1 1 1 1 1 1 0 0 1 1 0 0 0 1 0 0 0 0 0 0
1000	5	 1 1 1 1 1 1 0 1 1 0 1 0 0 1 1 0 0 0 0 0
1000	4	 1 1 1 1 1 1 0 0 1 0 0 0 0 1 1 0 1 0 1 0
1000	3	 1 1 1 1 1 1 1 0 1 0 0 1 1 1 1 1 0 0 1 0
1000	11	 1 1 1 1 0 0 1 1 1 0 0 0 1 0 0 0 0 0 0 0
1000	9	 1 1 1 1 1 1 0 0 1 0 0 0 0 1 0 0 0 1 0 0
1000	13	 1 1 1 1 1 0 1 1 1 0 0 1 1 0 1 0 0 0 0 0
1000	14	 1 1 1 1 1 1 0 0 1 0 0 1 1 1 1 1 0 0 0 0
1000	1	 1 1 1 1 1 1 1 1 1 0 0 0 0 1 0 0 0 0 0 0
1000	2	 1 1 1 1 1 1 0 0 1 0 0 0 0 0 1 1 0 0 0 0
1000	3	 1 1 1 1 1 0 1 1 1 0 0 0 1 1 0 0 0 0 1 0
1000	2	 1 0 1 1 0 0 1 1 1 0 0 0 1 1 1 1 0 0 0 0
1000	2	 1 1 1 1 1 1 0 0 0 0 0 1 0 0 1 0 0 0 0 0
1000	4	 1 1 1 1 1 1 1 1 1 0 0 0 1 1 1 1 1 0 1 0
1000	1	 1 1 1 1 0 1 0 1 1 0 0 1 1 1 1 0 1 0 1 0
1000	3	 1 1 1 0 1 1 1 0 1 0 0 0 1 0 1 0 0 0 0 0
1000	3	 0 1 1 1 1 0 1 1 1 0 0 0 1 1 1 1 0 0 0 0
1000	3	 1 1 1 1 1 1 1 0 1 0 0 0 0 1 1 1 1 0 0 0
1000	2	 1 1 1 1 0 0 1 0 1 0 0 0 0 1 0 0 0 0 0 0
1000	8	 1 1 1 1 1 1 0 0 1 0 0 0 1 1 1 1 0 0 0 0
1000	9	 1 1 1 1 0 0 1 0 1 0 0 0 1 1 1 1 1 0 0 0
1000	7	 1 1 1 1 1 0 0 0 1 0 0 0 1 1 0 0 0 0 0 0
1000	5	 0 1 1 1 1 1 1 0 0 0 0 0 0 0 1 1 0 0 0 0
1000	1	 1 1 0 1 1 0 1 1 1 0 0 0 0 0 0 1 0 0 0 1
1000	8	 1 1 1 1 1 0 1 0 1 0 0 0 1 1 0 1 0 0 0 0
1000	4	 1 1 1 1 1 0 0 1 1 0 0 0 1 1 1 1 0 0 0 0
1000	3	 1 1 1 1 1 0 1 1 1 0 0 0 1 0 1 1 0 0 1 0
1000	1	 1 1 0 1 0 0 1 1 1 0 0 0 1 1 1 1 0 0 0 0
1000	4	 1 1 1 1 1 0 1 0 1 0 0 0 1 0 0 0 0 0 0 1
1000	3	 1 1 1 1 1 0 0 0 0 0 0 0 1 0 0 1 0 0 0 0
1000	3	 1 1 0 1 1 1 1 1 1 0 0 0 1 1 1 1 0 0 1 0
1000	2	 0 1 1 1 1 1 1 1 1 0 0 0 1 1 1 1 0 0 1 0
1000	3	 1 1 0 1 0 0 1 1 1 0 0 0 1 0 0 0 0 0 0 0
1000	2	 1 1 1 1 1 1 0 0 1 0 0 0 0 1 1 1 0 0 0 0
1000	3	 1 1 1 1 1 1 1 0 1 0 0 0 1 1 0 1 0 0 0 0
1000	6	 1 1 1 1 1 0 1 0 1 0 0 0 0 0 0 0 0 0 0 0
1000	1	 1 1 1 1 1 0 0 0 1 0 1 0 1 1 0 1 0 0 0 0
1000	7	 1 1 1 1 1 1 1 1 1 0 0 0 0 1 0 0 1 0 0 0
1000	1	 1 0 1 1 0 1 0 1 1 0 0 0 0 1 0 0 0 0 1 1
1000	2	 1 1 1 1 1 0 1 0 1 0 0 0 1 1 1 0 0 0 0 0
1000	2	 1 1 1 1 1 1 0 0 0 0 0 1 1 1 0 1 0 0 0 0
1000	1	 1 0 0 1 1 1 0 0 1 0 0 0 0 1 0 1 0 0 0 0
1000	1	 1 1 1 1 1 1 1 0 0 0 0 1 0 1 1 1 0 0 0 0
1000	2	 1 0 1 1 1 1 1 1 1 0 0 0 0 0 1 1 0 0 0 0
1000	1	 1 1 1 1 1 1 1 1 1 0 0 0 1 0 1 1 0 0 0 0
1000	1	 1 1 1 1 1 0 1 1 0 0 0 0 1 1 1 1 0 0 0 0
1000	2	 1 1 1 0 1 1 1 0 1 0 0 1 1 1 0 1 0 0 0 0
1000	1	 1 1 1 1 1 0 1 0 1 0 0 0 1 1 0 0 0 0 1 0
1000	2	 0 1 1 1 1 0 1 0 1 0 0 0 1 1 1 1 1 0 0 0
1000	1	 0 1 1 1 0 1 0 0 1 0 0 0 0 0 0 1 0 0 0 0
1000	1	 1 1 0 1 1 1 0 0 1 1 0 0 0 1 0 0 0 0 0 0
1000	2	 1 1 1 1 1 1 1 1 1 0 0 0 0 0 1 1 0 0 0 0
1000	2	 1 1 1 1 0 1 0 1 1 0 0 0 0 1 0 0 0 0 1 1
1000	3	 1 1 1 1 1 0 1 0 1 0 0 0 0 1 0 0 0 0 0 0
1000	10	 1 1 1 1 1 1 1 0 1 0 0 0 0 0 0 1 0 0 0 0
1000	3	 0 1 1 1 1 1 0 0 0 0 0 1 1 0 0 1 0 0 0 0
1000	3	 1 1 1 1 1 0 1 0 1 0 0 0 1 0 0 0 1 0 0 0
1000	2	 1 1 1 1 1 0 0 1 1 0 0 1 1 0 1 1 0 0 0 0
1000	3	 1 1 1 1 1 0 1 0 1 0 0 1 1 1 1 1 0 0 0 0
1000	1	 1 1 1 0 1 1 1 0 1 0 0 0 1 0 0 1 0 0 0 0
1000	5	 1 1 1 1 1 1 0 1 1 0 0 1 1 1 0 0 0 0 0 0
1000	2	 1 1 1 1 1 1 1 0 1 0 0 0 0 1 1 0 0 1 0 0
1000	2	 1 1 1 1 0 0 1 1 1 0 0 0 1 0 1 0 0 0 0 0
1000	1	 1 1 1 1 0 0 0 0 1 0 0 0 1 1 1 1 1 0 0 0
1000	1	 1 1 1 1 1 1 1 1 1 0 0 0 1 0 1 1 0 0 1 0
1000	3	 1 1 0 1 1 1 1 1 1 0 0 0 1 1 0 1 0 0 1 0
1000	1	 1 1 1 1 1 0 1 0 1 0 0 0 1 0 0 1 0 0 0 0
1000	1	 1 0 1 1 1 0 1 1 1 0 0 0 1 1 1 1 0 0 1 0
1000	3	 1 1 1 1 1 1 1 1 1 0 0 0 1 1 1 1 0 0 0 0
1000	3	 1 1 1 1 1 1 0 0 0 0 0 0 1 0 1 1 0 0 0 0
1000	1	 1 1 1 1 1 1 0 0 0 0 0 1 0 0 1 1 0 0 0 0
1000	3	 1 1 1 1 1 1 1 1 1 0 0 0 0 1 1 0 0 0 0 1
1000	2	 1 1 1 1 1 1 1 1 1 0 0 0 1 1 1 0 0 0 0 0
1000	1	 1 1 1 1 0 1 1 1 1 0 0 0 0 1 1 1 0 0 0 0
1000	2	 1 1 1 1 0 0 1 1 1 0 0 0 0 1 1 1 1 0 0 0
1000	3	 1 1 1 1 1 1 0 0 1 0 0 0 0 1 0 0 0 0 0 1
1000	2	 1 1 1 1 1 1 0 0 0 0 0 0 1 0 0 1 0 1 0 0
1000	1	 1 1 1 1 1 0 1 1 1 1 0 0 1 1 1 1 0 0 1 0
1000	2	 1 1 1 1 0 0 1 1 1 0 0 0 1 1 1 1 0 0 1 0
1000	2	 0 1 1 1 0 0 1 0 1 0 0 0 1 0 0 1 0 0 0 0
1000	2	 1 1 1 1 1 0 1 0 1 0 0 0 0 1 1 0 0 0 0 0
1000	2	 1 1 1 1 1 1 1 1 1 0 1 0 0 1 1 0 0 0 0 0
1000	2	 1 1 1 1 1 1 0 0 0 0 0 0 1 1 1 1 0 0 0 0
1000	2	 1 1 1 0 0 0 1 0 1 0 0 0 1 1 1 1 1 0 0 0
1000	2	 1 1 1 0 1 0 0 1 1 0 0 1 1 0 1 1 0 0 0 0
1000	4	 1 1 1 0 1 0 1 0 1 0 0 1 1 1 1 1 0 0 0 0
