0	250	 0 0 1 1 0 0 0 0 0 1 0 1 0 0 0 0 0 0 1 0
0	250	 0 0 0 0 1 0 0 0 0 0 0 0 1 0 0 0 0 0 0 1
0	250	 0 1 1 0 1 0 0 0 0 0 0 1 0 0 0 0 0 1 0 0
0	250	 1 1 1 1 1 0 0 0 0 0 0 0 0 0 1 0 0 0 0 0
10	204	 0 0 1 1 0 0 0 0 0 1 0 1 0 0 0 0 0 0 1 0
10	115	 0 0 0 0 1 0 0 0 0 0 0 0 1 0 0 0 0 0 0 1
10	206	 0 1 1 0 1 0 0 0 0 0 0 1 0 0 0 0 0 1 0 0
10	198	 1 1 1 1 1 0 0 0 0 0 0 0 0 0 1 0 0 0 0 0
10	4	 0 0 1 1 0 0 0 0 0 1 0 1 0 0 0 0 0 1 0 0
10	7	 0 0 1 1 0 0 0 0 0 0 0 0 0 0 1 0 0 0 0 0
10	7	 0 1 1 0 1 0 0 0 0 0 0 0 0 0 1 0 0 0 0 0
10	22	 0 1 1 1 0 0 0 0 0 1 0 1 0 0 0 0 0 0 1 0
10	20	 1 1 1 1 1 0 0 0 0 0 0 0 1 0 0 0 0 0 0 1
10	5	 1 1 1 1 1 0 0 0 0 0 0 1 0 0 0 0 0 0 1 0
10	4	 0 0 0 0 1 0 1 0 0 0 0 0 1 0 0 0 0 0 0 1
10	4	 0 1 1 0 1 0 0 0 0 0 1 1 0 0 0 0 0 1 0 0
10	2	 1 1 1 0 1 0 0 0 0 0 0 1 0 0 0 0 0 1 0 0
10	9	 1 1 1 1 1 0 0 0 0 0 0 0 0 0 0 0 0 0 0 0
10	2	 0 0 1 1 0 0 0 0 0 0 0 1 0 0 0 0 0 1 0 0
10	9	 1 1 1 1 1 0 0 0 0 1 0 1 0 0 0 0 0 0 1 0
10	7	 0 0 1 1 0 0 0 0 0 1 0 1 0 0 0 0 0 1 1 0
10	2	 0 0 0 0 1 0 0 0 0 0 0 0 1 0 0 0 0 0 1 0
10	5	 0 0 1 1 0 0 0 0 0 1 0 1 0 0 0 0 0 0 1 1
10	3	 0 0 0 0 1 0 0 0 0 0 0 0 1 0 0 0 1 0 0 1
10	10	 0 1 1 0 1 0 0 0 0 1 0 1 0 0 0 0 0 1 0 0
10	8	 0 1 1 0 1 0 0 0 0 0 0 1 0 0 0 0 1 1 0 0
10	4	 0 0 1 1 0 0 0 0 0 1 0 1 0 0 0 0 0 0 0 1
10	1	 1 0 1 1 0 0 0 0 0 1 0 1 0 0 0 0 0 0 1 0
10	7	 1 1 1 1 1 0 0 0 0 0 0 0 0 0 1 0 0 1 0 0
10	6	 0 1 1 1 0 0 0 0 0 1 0 1 0 0 0 0 0 0 0 0
10	2	 0 1 1 0 1 0 0 0 0 0 0 1 1 0 0 0 0 1 0 0
10	3	 0 0 0 0 1 0 0 0 0 1 0 0 0 0 0 0 0 1 0 0
10	1	 0 0 1 1 0 0 0 0 0 1 0 1 1 0 0 0 0 0 1 1
10	2	 0 1 1 0 1 0 0 0 0 0 0 1 1 0 0 0 0 0 0 1
10	4	 0 1 1 1 1 0 0 0 0 0 0 0 0 0 1 0 0 0 0 0
10	3	 0 0 1 1 0 0 1 0 0 1 0 1 0 0 0 0 0 0 1 0
10	3	 1 1 0 1 1 0 0 0 0 0 0 0 0 0 1 0 0 0 0 0
10	3	 1 1 1 0 1 0 0 0 0 0 0 0 0 0 1 0 0 0 0 0
10	7	 1 1 1 1 0 0 0 0 0 0 0 0 0 0 1 0 0 0 0 0
10	2	 0 0 0 0 1 0 0 0 0 0 0 0 0 0 0 0 0 0 1 0
10	3	 1 1 1 1 0 0 0 0 0 1 0 1 0 0 0 0 0 0 1 0
10	3	 0 0 1 1 0 0 0 0 0 1 0 1 0 0 0 0 0 0 0 0
10	3	 0 0 1 0 1 0 0 0 0 0 0 0 1 0 0 0 0 0 0 1
10	1	 0 1 1 0 0 0 0 0 0 0 0 1 0 0 0 0 0 1 0 0
10	1	 0 1 1 0 1 0 1 0 0 0 0 1 0 1 0 0 0 1 0 0
10	2	 0 1 1 0 1 0 0 0 0 0 0 1 0 0 0 0 0 1 0 1
10	1	 0 1 1 0 1 0 0 0 0 1 0 1 0 0 0 0 0 0 1 0
10	4	 1 1 1 1 1 0 0 0 0 0 0 0 0 0 0 0 0 0 1 0
10	3	 1 1 1 1 1 0 0 0 0 0 0 0 0 0 1 0 0 0 1 0
10	2	 0 0 0 0 1 0 0 0 0 0 0 0 0 0 0 0 0 0 0 0
10	6	 0 0 1 1 0 0 0 0 0 1 1 1 0 0 0 0 0 0 1 0
10	1	 0 0 1 1 0 0 0 0 0 1 0 1 0 1 0 0 0 0 1 0
10	3	 0 0 1 1 0 0 0 0 0 0 0 1 0 0 0 0 0 0 1 0
10	3	 0 0 0 0 1 0 0 0 0 0 0 1 1 0 0 0 0 0 0 1
10	3	 0 0 0 0 1 0 0 0 1 0 0 0 1 0 0 0 0 0 0 1
10	6	 0 1 1 0 1 0 0 0 0 0 0 1 0 1 0 0 0 1 0 0
10	2	 0 0 1 1 0 0 0 0 1 1 0 1 0 0 0 0 0 0 1 1
10	2	 0 0 1 1 1 0 0 0 0 0 0 0 0 0 1 0 0 0 0 0
10	2	 0 0 1 1 0 0 0 0 0 1 0 1 1 0 0 0 0 0 0 1
10	5	 1 1 1 1 1 0 0 0 0 0 0 1 0 0 0 0 0 1 0 0
10	3	 1 1 0 0 1 0 0 0 0 0 0 0 1 0 0 0 0 0 0 1
10	2	 0 0 0 0 1 0 0 0 0 0 0 0 0 0 1 0 0 0 0 0
10	1	 0 1 1 1 1 0 0 0 0 0 0 1 0 0 0 0 0 1 0 0
10	2	 0 1 1 0 1 0 0 0 0 0 0 1 0 0 1 0 0 1 0 0
10	5	 1 1 1 1 1 0 0 0 0 0 0 0 0 0 1 0 1 0 0 0
10	5	 1 1 1 1 1 0 1 0 0 0 0 0 0 0 1 0 0 0 0 0
10	3	 1 1 1 1 1 0 0 0 1 0 0 0 0 0 1 0 0 0 0 0
10	5	 0 1 1 1 1 0 0 0 0 0 0 1 0 0 0 0 0 0 1 0
10	1	 0 0 0 0 1 0 0 0 0 0 0 0 1 0 0 0 0 1 0 0
10	1	 1 1 1 1 1 0 0 0 0 0 0 0 0 0 0 0 0 1 0 0
10	1	 0 0 1 1 0 0 0 0 0 1 0 1 0 0 0 0 1 0 1 0
10	1	 0 0 0 0 0 0 0 0 0 0 0 0 1 0 0 0 0 0 0 1
10	2	 0 0 0 0 1 0 0 0 0 0 0 0 1 0 0 0 0 1 0 1
10	3	 0 1 1 0 1 0 0 1 0 0 0 1 0 0 0 0 0 1 0 0
10	1	 1 1 1 1 1 0 0 0 0 0 1 0 0 0 1 0 0 0 0 0
10	2	 1 1 1 1 1 0 0 0 0 1 0 0 0 0 1 0 0 0 0 0
10	1	 1 1 1 1 1 0 0 0 0 0 0 0 1 0 0 0 1 0 0 1
10	1	 1 1 1 1 1 1 0 0 0 0 0 0 1 0 0 0 0 0 0 1
10	1	 0 0 1 1 0 0 0 0 1 1 0 1 0 0 0 0 0 1 1 0
10	2	 0 1 1 1 1 0 0 0 0 1 0 0 0 0 1 0 0 0 0 0
25	146	 0 0 1 1 0 0 0 0 0 1 0 1 0 0 0 0 0 0 1 0
25	25	 0 0 0 0 1 0 0 0 0 0 0 0 1 0 0 0 0 0 0 1
25	55	 0 1 1 0 1 0 0 0 0 0 0 1 0 0 0 0 0 1 0 0
25	246	 1 1 1 1 1 0 0 0 0 0 0 0 0 0 1 0 0 0 0 0
25	12	 0 0 1 1 0 0 0 0 0 1 0 1 0 0 0 0 0 1 0 0
25	37	 0 1 1 1 0 0 0 0 0 1 0 1 0 0 0 0 0 0 1 0
25	1	 1 1 1 1 1 0 0 0 0 0 0 1 0 0 0 0 0 0 1 0
25	2	 1 1 1 0 1 0 0 0 0 0 0 1 0 0 0 0 0 1 0 0
25	6	 1 1 1 1 1 0 0 0 0 0 0 0 0 0 0 0 0 0 0 0
25	5	 0 0 1 1 0 0 0 0 0 0 0 1 0 0 0 0 0 1 0 0
25	22	 1 1 1 1 1 0 0 0 0 1 0 1 0 0 0 0 0 0 1 0
25	7	 0 1 1 0 1 0 0 0 0 1 0 1 0 0 0 0 0 1 0 0
25	6	 0 1 1 0 1 0 0 0 0 0 0 1 0 0 0 0 1 1 0 0
25	6	 0 0 1 1 0 0 0 0 0 1 0 1 0 0 0 0 0 0 0 1
25	10	 0 1 1 0 1 0 0 0 0 0 0 1 1 0 0 0 0 1 0 0
25	8	 0 0 1 1 0 0 1 0 0 1 0 1 0 0 0 0 0 0 1 0
25	3	 0 0 1 1 0 0 0 0 0 1 0 1 0 0 0 0 0 0 0 0
25	2	 0 1 1 0 1 0 0 0 0 1 0 1 0 0 0 0 0 0 1 0
25	10	 1 1 1 1 1 0 0 0 0 0 0 0 0 0 0 0 0 0 1 0
25	30	 1 1 1 1 1 0 0 0 0 0 0 0 0 0 1 0 0 0 1 0
25	16	 0 0 1 1 0 0 0 0 0 1 1 1 0 0 0 0 0 0 1 0
25	28	 1 1 1 1 1 0 0 0 0 0 0 0 0 0 1 0 1 0 0 0
25	19	 1 1 1 1 1 0 1 0 0 0 0 0 0 0 1 0 0 0 0 0
25	15	 1 1 1 1 1 0 0 0 1 0 0 0 0 0 1 0 0 0 0 0
25	4	 0 1 1 0 1 0 0 1 0 0 0 1 0 0 0 0 0 1 0 0
25	23	 0 0 1 1 0 0 0 1 0 1 0 1 0 0 0 0 0 0 1 0
25	15	 1 1 1 1 0 0 1 0 0 0 0 0 0 0 1 0 0 0 0 0
25	2	 1 1 1 0 1 0 0 1 0 0 0 1 0 0 0 0 0 1 0 0
25	7	 0 0 1 1 0 1 0 0 0 1 0 1 0 0 0 0 0 0 0 1
25	21	 0 0 1 1 0 0 0 0 0 1 0 0 1 0 0 0 0 0 0 1
25	1	 0 1 1 0 1 0 0 0 0 0 0 1 0 0 1 0 0 0 0 0
25	3	 0 0 1 1 0 0 0 0 0 1 0 0 0 0 0 0 0 0 1 0
25	5	 0 0 1 1 0 0 0 0 0 1 1 1 0 0 0 0 1 0 1 0
25	23	 1 1 1 1 1 0 1 0 0 0 0 0 0 0 0 0 0 1 0 0
25	4	 0 0 1 1 0 0 0 0 0 1 0 1 0 1 0 0 0 0 0 1
25	13	 1 0 1 1 1 0 1 0 0 0 0 0 0 0 1 0 0 0 0 0
25	3	 1 1 1 1 1 0 0 0 0 0 0 1 0 0 0 0 0 0 0 1
25	3	 0 0 1 1 1 0 0 0 0 1 0 1 0 0 0 0 0 0 1 0
25	6	 1 1 1 1 1 0 0 0 0 0 0 0 0 0 1 0 0 0 0 1
25	1	 0 1 1 1 1 0 0 0 0 0 0 0 0 0 1 0 0 0 0 0
25	2	 0 0 0 0 1 0 1 0 0 0 0 1 1 0 0 0 0 0 0 1
25	2	 1 1 1 0 1 0 0 0 0 0 0 1 0 0 0 1 1 1 0 0
25	1	 0 0 1 1 0 0 0 0 0 1 0 0 0 0 1 0 0 0 0 0
25	23	 1 1 1 1 0 0 0 0 0 1 0 1 0 0 0 0 0 0 1 0
25	1	 0 0 1 1 0 1 0 0 0 1 0 1 0 0 0 0 0 0 0 0
25	1	 1 1 1 1 1 0 0 0 0 1 0 1 0 0 0 0 0 1 0 0
25	8	 1 1 1 0 1 0 0 0 0 1 0 1 0 0 0 0 0 0 1 0
25	5	 0 0 1 1 0 0 0 0 0 1 0 1 0 0 0 1 0 0 1 0
25	2	 0 0 0 1 0 0 0 0 0 1 0 1 0 0 0 0 0 0 1 0
25	1	 0 1 1 0 1 0 0 0 0 0 0 0 0 0 1 0 1 0 0 0
25	12	 1 1 1 1 1 0 0 0 0 0 0 0 0 0 1 0 0 1 0 0
25	5	 1 1 1 1 1 0 0 0 0 1 1 1 0 0 0 0 0 0 1 0
25	3	 1 1 1 1 1 0 0 0 0 0 0 1 0 0 1 0 0 0 0 0
25	8	 0 0 1 1 0 0 0 0 0 0 0 0 0 0 1 0 0 1 0 0
25	2	 1 1 1 1 0 0 0 0 0 0 0 1 0 0 0 0 0 1 0 0
25	6	 0 0 1 1 0 0 0 0 0 0 0 1 0 0 0 0 0 0 1 0
25	5	 1 1 1 1 1 0 0 0 0 0 0 0 0 0 1 1 0 0 0 0
25	3	 0 1 1 0 1 0 0 0 1 0 0 1 0 0 0 0 1 1 0 0
25	8	 0 0 1 1 0 0 0 0 0 1 0 1 1 0 1 0 0 0 1 0
25	5	 1 0 0 0 1 0 0 0 0 0 0 0 1 0 0 0 0 0 0 1
25	2	 1 1 1 1 0 0 0 0 0 1 0 0 0 0 1 0 0 0 0 0
25	2	 0 0 0 0 1 0 0 0 0 0 0 0 1 0 0 0 0 0 1 1
25	5	 1 1 1 1 1 0 0 0 0 1 0 1 1 0 0 0 0 0 1 0
25	4	 0 0 1 1 0 0 0 0 0 1 1 1 0 0 0 1 1 0 1 0
25	1	 0 0 0 1 0 0 0 0 0 1 0 0 0 0 0 0 0 0 1 0
25	1	 0 1 1 0 1 0 0 0 0 0 0 0 1 0 0 0 0 0 0 1
25	3	 1 1 1 1 1 0 0 0 0 0 0 0 0 0 0 0 0 1 0 0
25	1	 1 1 1 0 1 0 0 0 0 0 0 1 0 0 1 0 0 0 0 0
25	1	 1 0 1 1 0 0 0 0 0 1 1 1 0 0 0 0 0 0 1 0
25	1	 1 1 0 1 1 0 0 0 0 0 0 0 0 0 1 0 0 0 0 0
25	4	 1 1 1 1 1 0 0 0 0 1 0 1 0 0 0 0 1 0 1 0
25	1	 0 1 1 1 1 0 0 0 0 1 0 1 0 0 0 0 0 0 1 0
25	2	 0 1 1 1 0 0 0 0 0 1 0 1 0 0 1 0 0 0 1 0
25	3	 1 1 1 1 1 0 0 0 0 1 0 0 0 0 1 0 0 1 0 0
25	1	 0 1 1 0 1 0 0 0 0 0 0 1 0 0 0 0 0 1 1 0
25	3	 0 1 1 0 1 0 0 0 0 0 0 0 0 0 1 0 0 0 0 0
25	1	 1 1 1 0 1 0 0 1 0 0 0 1 0 0 0 0 0 0 0 0
25	1	 1 0 1 1 1 0 1 0 0 0 0 0 0 0 0 0 0 1 0 0
25	1	 0 0 0 0 1 0 0 0 0 1 0 0 0 0 1 0 0 1 0 0
25	1	 0 1 0 0 1 0 0 0 0 0 0 0 1 0 0 0 0 0 0 1
25	1	 0 1 1 0 1 0 0 0 0 0 0 1 0 0 0 0 0 0 0 0
25	2	 1 1 1 1 1 0 0 0 0 0 1 0 0 0 1 0 0 0 0 0
25	1	 1 1 1 1 1 0 0 0 0 0 0 0 1 0 1 0 0 0 0 0
25	1	 1 1 1 1 1 0 1 0 0 0 0 0 0 0 1 0 0 0 0 1
25	1	 1 1 1 1 0 0 1 0 0 0 0 0 0 0 1 0 0 0 0 1
25	1	 0 1 1 0 1 0 0 0 0 0 0 1 1 0 0 0 0 0 1 0
70	39	 1 1 1 1 1 0 0 0 0 0 0 0 0 0 1 0 0 0 0 0
70	6	 0 1 1 1 0 0 0 0 0 1 0 1 0 0 0 0 0 0 1 0
70	36	 1 1 1 1 1 0 0 0 0 0 0 0 0 0 0 0 0 0 0 0
70	15	 1 1 1 1 1 0 0 0 0 0 0 0 0 0 1 0 0 0 1 0
70	15	 0 0 1 1 0 0 0 0 0 1 1 1 0 0 0 0 0 0 1 0
70	4	 1 1 1 1 1 0 0 0 0 0 0 0 0 0 1 0 1 0 0 0
70	53	 1 1 1 1 1 0 1 0 0 0 0 0 0 0 1 0 0 0 0 0
70	56	 1 1 1 1 1 0 0 0 1 0 0 0 0 0 1 0 0 0 0 0
70	10	 0 0 1 1 0 0 0 0 0 1 1 1 0 0 0 0 1 0 1 0
70	1	 1 0 1 1 1 0 1 0 0 0 0 0 0 0 1 0 0 0 0 0
70	26	 1 1 1 1 1 0 0 0 0 1 1 1 0 0 0 0 0 0 1 0
70	9	 1 1 1 1 1 0 0 0 0 0 1 0 0 0 1 0 0 0 0 0
70	18	 0 1 1 1 0 0 0 0 0 1 0 1 1 0 1 0 0 0 1 0
70	2	 1 1 1 1 1 0 1 0 0 0 0 0 0 0 0 0 0 1 0 1
70	12	 0 1 1 1 0 0 0 0 0 1 0 1 1 0 0 0 0 0 1 0
70	18	 1 1 1 1 1 0 0 0 0 0 0 1 0 0 1 0 1 0 0 0
70	6	 1 1 1 1 1 0 0 0 0 0 0 0 0 0 0 0 0 0 1 0
70	11	 1 1 1 1 0 0 0 0 0 0 1 0 0 0 1 0 0 0 0 0
70	30	 0 1 0 1 0 0 0 0 0 0 0 0 0 0 1 0 0 1 0 0
70	14	 1 1 1 1 1 0 0 1 1 0 0 0 0 0 1 0 0 0 0 0
70	11	 1 1 1 1 0 0 0 1 0 1 0 1 0 0 0 0 0 0 1 0
70	8	 0 1 1 1 0 0 0 0 0 0 0 0 0 0 0 0 0 0 0 0
70	5	 0 0 1 1 0 0 0 0 0 1 1 1 0 0 0 0 0 0 0 0
70	6	 1 0 1 1 1 0 1 0 0 0 0 0 0 0 1 0 0 0 1 0
70	14	 0 0 1 0 0 0 0 0 1 1 0 1 0 0 0 0 0 0 1 0
70	3	 0 0 1 1 1 0 0 0 1 0 0 0 0 0 1 0 0 0 0 0
70	4	 1 1 1 1 0 0 0 0 1 1 0 1 0 0 1 0 0 0 1 0
70	7	 1 1 1 1 1 0 0 1 0 0 0 0 0 0 1 0 0 0 0 0
70	7	 1 1 1 1 1 0 0 0 0 0 1 0 0 0 1 0 0 0 0 1
70	2	 1 0 1 1 1 0 1 0 0 0 0 1 0 0 0 0 1 1 0 0
70	32	 1 1 1 1 0 0 0 0 0 1 0 1 0 0 1 0 0 0 0 0
70	7	 1 1 1 1 1 0 0 0 0 1 1 1 0 0 0 0 0 1 1 0
70	36	 1 1 1 1 1 0 0 0 0 1 1 1 0 0 1 0 0 0 0 0
70	3	 1 1 1 1 1 0 0 0 0 0 1 0 0 0 0 0 0 0 0 0
70	1	 0 0 1 1 0 0 0 0 1 1 1 1 0 0 0 0 0 0 1 0
70	40	 1 1 1 1 0 0 0 0 0 1 0 1 1 0 0 0 0 0 1 0
70	11	 1 1 1 1 1 0 1 0 0 1 0 1 0 0 0 0 0 0 1 0
70	8	 0 1 1 1 0 0 0 0 1 0 0 0 0 0 1 0 0 0 0 0
70	6	 0 0 1 1 0 0 0 1 0 1 0 1 0 0 0 0 0 0 1 0
70	4	 1 1 1 1 0 0 0 0 0 0 1 0 0 0 1 0 0 0 0 1
70	32	 1 0 1 0 0 0 0 0 1 1 0 1 0 0 0 0 0 0 1 0
70	2	 1 1 1 1 0 0 0 0 0 1 1 1 0 0 0 0 0 0 0 0
70	23	 1 1 1 1 1 1 0 0 1 0 0 0 0 0 1 0 0 0 0 0
70	8	 1 1 1 1 1 0 0 0 0 0 0 0 0 0 1 0 1 0 1 0
70	4	 0 1 1 1 0 0 1 0 0 1 0 1 0 0 0 0 0 0 1 0
70	2	 0 0 1 1 0 0 0 0 0 1 0 1 1 0 1 0 0 0 1 0
70	5	 0 0 1 0 0 0 0 0 1 1 1 1 0 0 0 0 0 0 1 0
70	2	 0 1 1 1 1 0 0 1 0 0 0 1 0 0 0 0 1 0 1 0
70	6	 1 1 1 1 1 0 0 0 1 0 0 0 0 0 1 0 0 0 1 0
70	4	 1 1 1 1 0 0 0 1 0 1 0 1 0 0 1 0 0 0 0 0
70	4	 0 0 1 1 0 0 0 0 0 1 1 1 0 0 0 0 1 0 0 0
70	15	 1 1 1 1 1 0 0 0 0 1 1 1 0 0 0 0 0 0 0 0
70	3	 1 0 1 1 0 0 0 0 1 1 0 1 0 0 1 0 0 0 1 0
70	4	 1 1 1 1 0 0 0 0 1 0 0 0 0 0 1 0 0 0 0 0
70	14	 1 0 1 1 0 0 0 0 0 1 1 1 0 0 0 0 1 0 1 0
70	9	 1 1 1 1 1 0 0 1 0 0 1 0 0 0 1 0 0 0 0 0
70	3	 1 1 1 0 1 0 1 0 0 0 0 0 0 0 1 0 0 0 0 0
70	2	 1 0 1 1 1 0 1 1 0 0 0 0 0 0 1 0 0 0 0 0
70	1	 1 1 1 1 1 0 1 0 0 0 0 0 0 0 1 0 0 1 0 1
70	4	 1 1 1 1 1 0 0 0 0 0 0 0 1 0 1 1 0 0 0 0
70	1	 1 1 1 1 1 0 0 0 0 0 0 0 0 0 0 0 1 0 0 0
70	6	 1 1 1 1 1 0 0 0 0 1 0 1 0 0 0 1 0 0 1 0
70	7	 1 1 1 1 1 0 0 0 0 0 1 1 0 0 1 0 0 0 0 0
70	11	 1 1 1 1 0 0 0 0 1 1 0 0 0 0 1 0 0 0 1 0
70	1	 1 1 0 1 1 0 0 0 0 0 1 0 0 0 1 0 0 0 0 0
70	10	 0 0 1 1 1 0 0 0 1 0 0 0 1 0 1 0 0 0 0 0
70	22	 1 1 1 1 0 0 0 0 1 1 1 1 0 0 0 0 0 0 0 0
70	7	 0 0 1 1 0 0 0 0 1 0 0 0 0 0 1 0 0 0 0 0
70	4	 0 1 1 1 1 0 0 0 0 1 0 1 0 0 0 0 0 0 1 0
70	2	 1 1 1 1 1 1 1 0 0 0 0 0 0 0 1 0 0 0 0 0
70	16	 1 1 1 1 1 0 1 0 0 1 1 1 0 0 0 0 0 0 1 0
70	2	 1 1 1 0 1 0 0 0 0 0 1 0 0 0 1 0 0 0 0 0
70	4	 0 1 1 1 0 0 0 0 1 1 0 0 0 0 1 0 0 0 0 0
70	8	 0 0 1 1 0 0 1 0 1 1 0 1 0 0 0 1 0 0 1 0
70	2	 1 1 1 1 1 1 0 0 0 0 1 1 0 0 1 0 0 0 0 0
70	9	 1 1 1 1 0 0 1 0 0 0 1 0 0 0 1 0 0 0 0 0
70	3	 1 1 1 1 1 0 0 1 0 0 0 0 0 0 1 0 0 0 1 0
70	1	 1 1 1 1 1 0 0 0 0 0 0 1 0 0 0 0 1 0 0 0
70	5	 0 0 1 1 1 0 0 0 1 1 0 0 0 0 1 0 0 0 0 0
70	1	 1 0 1 0 0 0 0 0 1 1 0 1 0 0 0 0 0 0 1 1
70	10	 1 1 1 1 1 0 0 0 1 1 1 1 0 0 0 0 0 0 0 0
70	1	 1 1 1 1 0 0 0 0 0 1 0 1 1 0 0 0 0 0 0 0
70	5	 1 1 1 1 1 0 0 1 1 0 0 0 0 0 1 1 0 0 0 0
70	4	 1 1 0 1 1 0 1 0 0 1 0 1 0 0 0 0 0 0 1 0
70	6	 1 1 1 1 0 0 0 0 0 0 1 0 0 0 1 1 0 0 0 1
70	2	 1 1 1 1 1 0 0 0 0 0 1 1 0 0 0 0 0 1 1 0
70	9	 1 1 1 0 0 0 0 0 1 1 0 1 0 0 0 0 0 0 1 0
70	1	 1 1 1 1 1 1 0 0 1 0 0 0 1 0 1 0 0 0 0 0
70	4	 0 1 1 1 0 0 0 0 0 0 1 0 1 0 1 0 0 0 0 0
70	3	 1 1 1 1 0 0 0 1 0 0 0 0 0 0 1 0 0 0 0 0
70	3	 0 1 1 1 0 0 0 1 1 0 0 0 0 0 1 0 0 0 0 0
70	2	 0 0 1 1 0 0 0 1 0 1 1 1 0 0 0 0 0 0 1 0
70	2	 0 0 0 1 0 0 0 0 0 1 1 1 0 0 1 0 0 0 0 0
70	4	 1 1 1 1 1 0 0 0 1 0 0 1 0 0 1 0 1 0 0 0
70	3	 0 0 1 1 0 0 0 0 0 0 1 0 0 0 1 0 0 0 0 0
70	3	 1 1 1 1 1 0 0 0 0 1 1 1 1 0 1 0 0 0 1 0
70	1	 1 1 1 1 1 0 0 0 0 1 0 1 0 0 1 0 0 0 0 0
70	2	 0 1 1 1 1 0 0 0 0 1 0 1 1 0 0 0 0 0 1 0
70	1	 1 1 1 1 1 0 1 0 0 0 0 0 0 0 1 0 0 0 1 0
70	1	 1 1 1 1 1 0 0 1 0 1 1 1 0 0 0 0 0 1 1 0
70	4	 1 1 1 1 1 0 1 0 0 1 0 1 0 0 0 0 0 0 1 1
70	3	 1 1 1 0 0 0 0 0 1 1 0 0 0 0 1 0 0 0 1 0
70	2	 0 0 1 0 0 0 1 0 1 1 0 1 0 0 0 0 0 0 0 0
70	2	 0 1 1 1 1 0 0 0 0 1 0 1 0 0 1 0 0 0 0 0
70	2	 1 1 1 1 0 0 0 0 0 1 0 1 0 0 0 0 0 0 1 0
70	1	 1 1 1 1 1 1 0 0 1 0 0 0 0 0 1 0 0 0 1 0
70	4	 1 1 1 1 1 0 0 0 1 0 0 1 0 0 0 0 0 1 1 0
70	1	 0 0 1 1 0 0 0 0 0 0 0 0 0 0 1 0 1 0 0 0
70	2	 1 1 1 1 1 0 0 0 1 1 1 1 0 0 1 0 0 0 0 0
70	1	 1 0 1 1 1 0 0 0 0 1 0 1 1 0 0 0 0 0 1 0
70	1	 1 1 0 1 1 0 0 0 1 0 0 0 0 0 1 0 0 0 0 0
70	4	 0 0 1 1 0 0 0 0 0 0 1 1 0 0 0 0 1 0 1 0
70	1	 1 1 1 1 0 0 0 1 0 1 0 1 0 0 0 0 1 0 1 0
70	2	 1 1 1 1 1 1 0 1 1 0 0 0 0 0 1 0 0 0 0 0
70	2	 1 1 1 1 1 0 0 0 1 0 0 0 0 0 1 0 1 0 1 0
70	1	 0 0 1 1 1 0 0 0 1 0 0 0 1 0 1 0 0 0 1 0
70	4	 1 1 1 1 0 0 0 0 1 1 1 1 1 0 0 0 0 0 0 0
70	1	 1 1 1 0 1 0 0 0 1 1 1 1 0 0 0 0 0 0 0 0
70	3	 1 1 0 1 1 0 1 0 0 0 0 0 0 0 1 0 0 0 1 0
70	1	 0 1 1 1 0 0 0 0 0 0 0 0 0 0 1 0 0 0 0 0
70	1	 0 1 1 1 0 0 0 0 0 1 0 1 1 0 1 0 0 0 0 0
70	1	 1 1 1 1 1 0 0 1 1 1 0 0 0 0 1 0 0 0 0 0
70	1	 1 1 1 1 0 0 0 1 0 1 1 0 1 0 1 0 0 0 0 0
70	2	 0 1 1 1 0 0 0 1 0 1 0 1 0 0 0 0 0 0 1 0
70	1	 1 1 1 1 1 0 0 0 0 0 0 1 0 0 1 0 0 0 1 0
70	1	 0 1 1 1 1 0 0 0 0 1 1 1 0 0 0 0 0 0 0 0
70	1	 1 1 1 1 1 0 0 0 1 1 0 1 0 0 1 0 0 0 1 0
70	2	 1 0 1 1 1 0 0 0 0 0 0 0 0 0 0 0 0 0 0 0
70	2	 0 0 1 1 0 0 1 0 0 1 1 1 0 0 0 0 1 0 1 0
70	1	 1 0 1 1 1 0 0 0 0 1 1 1 0 0 0 0 0 0 1 0
70	2	 0 1 1 1 0 0 0 0 0 1 0 1 0 0 1 0 0 0 1 0
70	1	 1 1 1 1 0 1 0 1 0 1 0 1 0 0 0 0 0 0 1 0
70	1	 1 1 1 1 1 0 0 0 0 1 1 0 0 0 1 0 0 0 0 1
70	1	 1 0 1 1 1 0 0 0 1 0 0 0 0 0 1 0 0 0 1 0
70	4	 1 1 1 1 0 0 0 0 0 0 0 0 0 0 0 0 1 0 1 0
70	1	 1 1 0 1 0 0 0 0 1 1 1 1 0 0 0 0 0 0 0 0
70	1	 0 1 1 1 0 0 0 0 0 1 0 0 0 0 1 0 0 0 0 0
70	2	 0 0 1 1 0 0 0 0 0 0 1 0 0 1 1 0 0 0 0 0
135	5	 1 1 1 1 1 0 0 1 1 0 0 0 0 0 1 0 0 0 0 0
135	4	 1 1 1 1 0 0 0 0 1 1 0 0 0 0 1 0 0 0 1 0
135	115	 1 1 1 1 0 0 0 0 1 1 1 1 0 0 0 0 0 0 0 0
135	34	 1 1 1 1 1 0 0 0 1 1 1 1 0 0 0 0 0 0 0 0
135	23	 1 1 1 1 1 0 0 0 1 0 0 1 0 0 1 0 1 0 0 0
135	70	 1 1 1 1 0 0 0 0 1 1 1 1 1 0 0 0 0 0 0 0
135	55	 1 1 1 1 0 0 0 1 0 1 1 0 1 0 1 0 0 0 0 0
135	2	 1 1 1 1 1 0 1 0 0 1 1 1 1 0 0 0 0 0 1 0
135	38	 1 0 1 1 1 0 0 0 1 1 1 1 0 0 0 0 0 0 0 0
135	6	 1 1 1 1 0 0 0 0 1 1 0 0 0 0 1 0 0 0 1 1
135	11	 1 1 0 1 0 0 0 0 1 1 1 1 0 1 0 0 0 0 0 0
135	17	 1 1 1 0 0 0 0 0 1 1 1 1 0 0 0 0 0 0 0 0
135	1	 1 1 1 1 0 0 0 0 1 0 1 1 0 0 1 0 0 0 0 0
135	59	 1 1 1 1 1 0 0 0 1 1 1 1 1 0 0 0 0 0 0 0
135	47	 1 1 1 1 1 0 0 1 0 1 1 0 0 0 0 0 0 0 0 0
135	12	 1 1 1 1 0 0 0 1 0 1 1 1 1 0 0 0 0 0 0 0
135	1	 1 1 1 1 0 0 0 0 0 1 1 1 0 0 0 0 0 0 0 0
135	6	 1 1 1 1 1 1 1 0 0 1 1 1 0 0 0 0 0 0 1 0
135	6	 1 1 1 1 0 0 0 1 1 1 1 1 0 0 0 0 0 0 0 0
135	7	 0 1 1 1 1 0 1 0 0 1 1 1 0 0 0 0 0 0 0 0
135	3	 1 1 1 1 0 0 1 0 1 1 1 1 0 0 0 0 0 0 0 0
135	10	 1 1 0 1 0 0 0 0 1 1 1 1 0 0 0 0 0 0 0 0
135	41	 1 1 1 1 1 0 0 0 1 1 1 1 0 1 1 0 0 0 0 0
135	13	 1 0 1 1 0 0 0 1 1 1 1 1 1 0 0 0 0 0 0 0
135	7	 1 1 1 1 0 0 0 0 1 1 1 1 0 1 0 0 0 0 0 0
135	1	 1 1 1 0 1 0 0 0 1 1 1 1 0 0 0 0 0 0 0 0
135	2	 1 1 1 1 1 0 1 0 0 1 0 1 1 0 0 0 0 0 1 0
135	12	 1 1 0 1 0 0 0 1 1 1 1 1 0 1 0 0 0 0 0 0
135	5	 1 1 1 1 1 0 1 1 0 1 1 0 0 0 0 0 0 0 0 0
135	3	 0 1 1 1 1 0 1 0 0 0 0 0 0 0 1 0 0 0 0 0
135	7	 1 1 1 1 1 0 0 0 1 0 0 1 0 0 1 0 0 0 0 0
135	7	 1 1 1 1 1 0 1 0 0 0 1 1 1 0 0 0 0 0 0 0
135	13	 1 1 1 1 0 1 0 0 1 1 1 1 1 0 0 0 0 0 0 0
135	2	 1 1 1 1 1 1 1 0 0 1 1 1 1 0 0 0 0 0 1 0
135	2	 1 1 1 1 1 0 1 0 1 1 1 1 0 0 0 0 0 0 0 0
135	3	 1 1 1 1 0 0 1 0 0 1 1 1 1 0 0 0 0 0 1 0
135	6	 1 1 1 0 1 0 0 1 0 1 1 0 0 0 0 0 0 0 0 0
135	1	 1 1 1 1 1 1 0 0 0 1 1 1 1 0 0 1 0 0 1 0
135	17	 1 1 1 0 0 0 0 0 1 1 1 1 1 0 0 0 0 0 0 0
135	2	 1 1 1 1 0 0 0 0 1 1 1 1 0 0 0 1 0 0 1 0
135	6	 1 0 0 1 1 0 0 0 1 1 1 1 0 1 0 0 0 0 0 0
135	6	 0 0 1 1 0 0 0 0 0 1 1 1 0 0 0 0 0 0 0 0
135	16	 0 1 1 1 1 0 1 0 0 1 0 1 0 0 0 0 0 0 0 0
135	1	 1 1 1 1 0 1 0 0 1 0 0 1 0 0 1 1 0 0 0 0
135	38	 1 1 0 1 1 1 1 0 0 1 1 1 0 0 0 0 0 0 1 0
135	2	 1 1 1 1 1 0 1 1 0 1 1 0 1 0 0 0 0 0 0 0
135	2	 0 1 1 1 1 0 1 0 0 1 1 1 1 0 0 0 0 0 1 0
135	5	 1 0 1 1 0 0 0 1 1 1 1 1 0 0 0 0 0 0 0 0
135	1	 1 1 1 0 1 0 0 1 0 1 1 0 0 0 0 0 0 0 0 1
135	8	 0 1 1 1 1 0 1 0 0 1 1 1 0 0 0 0 0 0 1 0
135	1	 1 1 1 1 0 0 0 0 1 1 0 1 0 0 0 0 0 0 1 0
135	1	 1 1 1 1 0 0 0 1 0 1 1 1 0 0 0 0 0 1 0 0
135	4	 1 1 1 1 1 0 1 0 0 1 1 0 0 0 1 0 0 1 0 0
135	13	 1 1 1 1 0 0 0 1 0 1 1 1 1 0 0 0 0 0 1 0
135	19	 1 1 1 0 1 0 1 0 0 1 1 1 0 0 0 0 0 0 1 0
135	1	 1 0 1 1 0 0 0 1 0 1 1 1 1 0 0 0 0 0 0 0
135	6	 1 1 0 1 0 0 0 1 1 1 1 1 1 0 0 0 0 0 0 0
135	1	 1 0 0 1 1 1 0 0 1 1 1 1 0 1 0 0 0 0 0 0
135	2	 0 0 1 1 0 0 0 1 1 1 1 1 1 0 0 0 0 0 0 0
135	1	 1 1 1 1 1 0 0 1 0 1 1 0 0 0 0 0 0 0 0 1
135	18	 1 1 1 1 0 0 0 0 1 1 1 0 0 0 0 0 0 0 0 0
135	3	 1 1 1 1 1 0 0 0 1 1 1 1 0 1 0 0 0 0 0 0
135	2	 1 1 1 1 0 0 1 0 0 1 1 1 0 1 0 0 0 0 0 0
135	4	 1 1 1 1 0 0 0 0 1 1 1 1 1 0 1 0 0 0 0 0
135	3	 1 1 1 1 0 0 0 0 1 1 0 0 0 0 1 0 0 0 0 0
135	4	 1 1 1 1 0 0 1 0 1 0 1 1 0 0 1 0 0 0 0 0
135	1	 1 1 1 1 0 0 0 1 0 1 1 1 0 0 0 0 0 0 0 0
135	6	 1 1 0 1 0 0 0 0 1 1 1 1 0 1 1 0 0 0 0 0
135	4	 1 1 1 1 0 0 0 1 1 1 1 1 0 1 0 0 0 0 0 0
135	7	 1 1 1 1 1 0 1 0 1 1 1 1 1 0 0 1 0 0 0 0
135	11	 1 1 1 1 1 1 1 0 0 1 1 1 0 0 0 0 0 0 0 0
135	4	 1 1 1 1 1 0 1 0 0 0 1 1 1 0 0 0 1 0 0 0
135	13	 1 1 1 1 0 0 0 1 0 0 1 0 1 0 1 0 0 0 0 0
135	1	 1 1 1 1 1 1 1 0 0 1 1 1 0 1 0 0 0 0 1 0
135	3	 1 1 1 1 0 0 0 1 1 0 0 1 0 1 1 0 0 0 0 0
135	3	 1 1 1 1 1 0 0 0 0 1 1 1 0 0 0 0 0 0 0 0
135	1	 1 1 1 1 1 0 0 0 1 1 1 1 1 0 0 1 0 0 0 0
135	1	 1 1 1 1 0 0 1 0 1 1 1 1 0 0 1 0 0 0 0 0
135	1	 1 1 1 1 1 0 1 0 0 1 1 0 0 1 0 0 0 0 0 0
135	1	 1 1 1 1 0 0 0 1 1 1 1 0 1 0 1 0 0 0 0 0
135	5	 1 0 0 1 1 0 0 0 1 1 1 1 0 1 0 0 0 0 1 0
135	1	 0 0 1 1 0 0 0 0 0 1 1 1 1 0 0 0 0 0 0 0
135	6	 1 1 1 1 1 0 0 0 1 0 1 1 0 1 0 0 0 0 0 0
135	3	 1 0 1 1 0 0 0 0 1 1 1 1 0 0 0 0 0 1 0 0
135	1	 1 1 1 1 0 0 0 1 0 1 1 0 0 0 0 0 0 0 0 0
135	1	 1 1 1 1 0 0 0 0 1 1 1 1 0 0 1 0 0 0 0 0
135	2	 1 1 1 1 1 0 0 1 0 1 1 0 1 0 1 0 0 0 0 0
135	2	 1 1 1 1 0 0 0 0 1 0 1 1 0 0 1 0 0 0 0 1
135	2	 1 1 0 1 0 0 0 0 1 1 1 0 0 0 0 0 0 0 0 0
135	2	 1 0 1 1 0 0 0 0 1 1 1 1 0 1 0 0 0 0 0 0
135	1	 1 1 1 1 0 0 0 0 1 1 1 1 1 1 0 0 0 0 0 0
135	6	 1 1 1 0 1 0 1 0 0 1 1 1 0 0 0 0 0 0 0 0
135	1	 1 1 1 1 1 0 0 1 1 0 0 0 0 0 0 0 0 0 0 0
135	3	 1 1 1 1 0 0 0 0 1 1 1 1 0 0 1 0 0 0 1 1
135	3	 1 1 1 1 0 0 0 0 1 1 1 1 0 1 1 0 0 0 0 0
135	2	 1 1 1 1 0 0 0 1 0 1 1 0 1 0 0 0 0 0 0 0
135	1	 0 1 1 1 0 0 0 1 0 1 1 1 1 0 0 0 0 0 0 0
135	2	 1 1 0 1 1 0 0 1 0 1 1 0 0 0 0 0 0 0 0 0
135	1	 1 1 1 1 0 0 0 0 0 1 1 1 0 1 0 0 0 0 0 0
135	1	 1 1 1 1 1 0 0 0 1 1 1 1 0 1 1 0 0 0 0 1
135	3	 0 1 1 0 1 0 0 0 1 1 1 1 0 0 0 0 0 0 0 0
135	2	 1 1 0 1 1 0 0 0 1 1 1 1 0 0 0 1 0 0 0 0
135	3	 1 1 1 1 0 0 0 0 1 1 1 0 1 0 1 0 0 0 0 0
135	3	 1 1 1 0 1 0 0 0 1 1 1 1 1 0 0 0 0 0 0 0
135	2	 0 1 1 1 1 0 0 0 1 1 1 1 0 0 0 0 0 0 0 0
135	2	 1 1 1 0 1 0 1 0 0 1 0 0 0 0 1 0 0 0 0 0
135	2	 1 1 1 1 0 0 0 1 0 0 1 1 0 0 0 0 0 0 0 0
135	1	 1 0 1 1 0 0 0 0 1 1 1 1 0 0 0 0 0 0 1 0
135	1	 1 1 1 1 0 0 0 0 1 1 1 1 1 1 0 0 0 0 1 0
135	1	 1 1 1 1 1 0 0 1 1 0 0 0 0 0 1 0 0 0 0 1
135	1	 1 1 1 1 0 0 0 0 1 1 1 1 1 0 0 1 0 0 0 0
135	2	 1 1 1 1 0 0 0 0 1 1 1 1 1 0 0 0 0 0 1 0
135	4	 1 1 1 1 0 0 0 0 0 1 1 1 1 0 0 0 0 0 0 0
135	4	 1 0 1 1 1 0 0 0 1 1 1 1 1 0 0 0 0 0 0 0
135	1	 1 1 1 1 1 0 0 0 1 1 1 0 1 0 0 0 0 0 0 0
135	1	 1 1 1 1 1 0 1 1 0 1 1 0 0 0 0 1 0 0 0 0
135	2	 1 1 1 1 1 0 0 1 1 0 0 1 0 0 1 0 0 0 0 0
135	1	 1 0 0 1 1 0 0 0 1 1 1 1 0 1 1 0 0 0 0 0
135	4	 0 0 1 0 0 0 0 0 0 1 1 1 0 0 0 0 0 0 0 0
135	2	 1 1 0 1 1 1 1 0 0 1 1 1 1 0 0 0 0 0 1 0
135	3	 1 1 0 0 1 1 1 0 0 1 1 1 0 0 0 0 0 0 1 0
135	1	 1 1 0 1 1 1 1 0 0 1 1 1 0 0 0 0 0 0 1 1
135	2	 1 1 1 1 1 0 0 0 1 1 0 1 0 1 0 0 0 0 0 0
135	4	 1 1 1 1 0 0 0 1 1 1 1 1 1 1 0 0 0 0 0 0
135	1	 1 1 1 1 0 0 0 1 1 1 0 1 0 1 0 0 0 0 0 0
250	12	 1 1 1 1 0 0 0 0 1 1 1 1 0 0 0 0 0 0 0 0
250	30	 1 1 1 1 1 0 0 0 1 1 1 1 0 0 0 0 0 0 0 0
250	13	 1 1 1 1 0 0 0 0 1 1 1 1 1 0 0 0 0 0 0 0
250	37	 1 1 1 1 1 0 0 0 1 1 1 1 1 0 0 0 0 0 0 0
250	2	 1 1 1 1 1 0 0 1 0 1 1 0 0 0 0 0 0 0 0 0
250	11	 1 1 1 0 0 0 0 0 1 1 1 1 1 0 0 0 0 0 0 0
250	19	 1 1 1 1 0 0 0 1 0 1 1 1 0 0 0 0 0 0 0 0
250	6	 1 1 1 1 1 1 1 0 0 1 1 1 0 0 1 1 0 0 0 0
250	9	 1 1 1 1 0 0 0 1 0 1 1 1 1 1 0 0 0 0 0 0
250	39	 1 1 1 1 1 1 0 0 1 1 1 1 1 0 0 0 0 0 0 0
250	9	 1 1 0 1 0 0 1 0 1 1 1 1 0 0 0 0 0 0 0 0
250	15	 1 1 1 1 0 0 0 0 1 1 1 1 1 0 0 1 1 0 0 0
250	6	 1 1 1 1 1 0 0 0 1 1 1 1 0 1 0 0 0 0 0 0
250	21	 1 1 1 1 1 1 0 0 1 1 1 1 1 1 1 0 0 0 0 0
250	1	 1 1 1 1 1 0 0 1 0 1 1 0 0 1 0 0 0 0 0 0
250	25	 1 1 1 0 0 0 0 1 1 0 1 1 0 0 0 0 0 0 0 0
250	40	 1 1 1 1 0 0 0 1 1 1 1 1 1 0 0 0 0 0 0 0
250	6	 1 1 1 1 1 0 0 1 1 1 1 1 1 0 0 0 0 0 0 0
250	6	 1 1 0 1 1 1 1 1 0 1 1 1 0 0 1 0 0 0 0 0
250	13	 1 1 1 1 0 0 0 0 1 1 1 1 0 0 1 0 1 0 0 0
250	86	 1 1 1 1 0 0 0 0 1 1 1 0 0 0 0 0 0 0 0 0
250	11	 1 1 1 1 1 0 0 0 1 1 1 1 0 0 0 0 0 0 1 0
250	12	 1 0 1 1 0 0 0 1 0 1 1 1 1 1 0 0 0 0 0 0
250	3	 1 1 0 1 0 0 1 0 1 1 1 0 0 0 0 0 0 0 0 0
250	15	 1 1 1 1 1 0 0 0 1 1 1 0 0 0 0 0 0 1 0 0
250	2	 1 1 1 1 1 1 0 1 1 1 1 1 1 0 0 0 0 0 0 0
250	9	 1 1 1 1 1 1 0 0 0 1 1 1 1 0 0 0 0 0 0 0
250	46	 1 1 1 1 0 0 0 0 1 1 1 1 0 0 1 1 0 0 1 0
250	5	 1 1 1 1 1 1 0 0 1 1 1 1 0 1 0 0 0 0 0 0
250	58	 1 1 1 1 0 0 0 0 1 1 1 1 0 0 1 0 0 0 0 0
250	2	 1 1 1 0 0 0 0 1 1 0 1 1 0 0 0 1 0 0 0 1
250	11	 1 1 1 1 0 0 0 0 1 1 1 1 0 1 0 0 0 0 0 0
250	3	 1 1 1 1 1 1 1 0 1 1 1 1 1 0 0 0 0 0 0 0
250	24	 1 1 1 1 0 0 0 0 1 1 1 1 1 0 0 0 0 0 1 0
250	4	 1 1 1 1 1 1 0 0 1 1 1 1 0 0 1 1 0 0 0 0
250	8	 1 1 1 1 1 0 1 0 1 1 1 1 1 0 0 0 0 0 0 0
250	8	 1 1 1 1 1 0 0 0 1 1 1 1 1 1 1 0 0 0 0 0
250	34	 1 1 1 1 1 0 0 0 0 1 1 0 0 0 0 0 0 0 0 0
250	29	 1 1 0 1 0 0 1 0 1 1 1 1 0 0 0 1 0 0 0 0
250	12	 1 1 1 1 0 1 1 0 1 1 1 1 1 0 0 0 0 0 0 0
250	21	 1 1 1 1 1 1 0 0 1 1 1 1 1 1 0 0 0 0 0 0
250	16	 1 1 1 1 1 1 0 1 1 1 1 1 0 0 0 0 0 0 0 0
250	4	 1 1 1 1 1 1 0 0 1 1 1 1 1 0 0 0 1 0 0 0
250	11	 1 1 1 1 1 1 0 1 0 1 0 0 1 0 0 0 0 0 0 0
250	1	 1 1 1 1 1 1 0 0 1 1 1 1 0 0 0 0 0 0 0 0
250	6	 0 1 1 0 0 0 0 1 1 0 1 1 0 0 0 0 0 0 0 0
250	2	 1 1 1 1 1 0 0 0 1 1 0 1 0 1 0 0 0 0 0 0
250	13	 1 1 1 1 1 0 0 0 1 1 1 0 0 0 0 0 0 0 0 0
250	1	 1 1 1 1 0 0 1 0 1 1 1 0 0 0 0 0 0 0 0 0
250	8	 1 1 1 1 1 1 0 0 1 1 1 1 1 0 0 0 0 1 0 0
250	4	 1 1 1 0 1 1 1 0 0 1 1 1 0 0 1 1 0 0 0 0
250	4	 1 1 1 1 1 1 0 0 1 1 1 1 1 0 0 0 0 0 1 0
250	1	 1 1 1 1 1 1 0 1 1 1 1 1 0 1 0 0 0 0 0 0
250	11	 1 1 1 1 0 0 0 1 1 0 1 1 0 0 0 0 0 0 0 0
250	4	 1 1 1 1 0 0 1 0 1 1 1 1 1 0 0 0 0 0 0 0
250	1	 1 1 1 1 1 1 1 0 0 1 1 1 0 1 1 1 0 0 0 0
250	3	 1 1 1 1 0 0 0 0 1 1 1 0 1 0 0 0 0 1 0 0
250	2	 1 1 1 1 1 1 0 1 1 0 1 1 0 0 0 1 0 0 0 1
250	10	 1 1 1 1 0 0 0 0 1 1 1 0 0 0 0 0 1 0 0 0
250	3	 1 1 1 0 0 0 1 1 0 1 1 1 1 1 1 0 0 0 0 0
250	1	 1 1 1 0 1 1 0 0 1 1 1 0 1 0 0 0 0 0 0 0
250	2	 1 1 1 0 0 0 0 0 1 1 1 1 1 0 1 1 1 0 0 0
250	5	 1 1 1 0 0 0 0 0 1 1 1 1 1 0 0 1 0 0 0 0
250	2	 1 1 1 1 0 0 0 0 1 1 1 0 0 0 0 0 0 0 0 1
250	9	 1 1 1 1 0 0 0 0 1 1 1 0 0 0 1 0 0 0 0 0
250	6	 1 1 1 1 1 1 0 0 1 1 1 0 1 0 0 1 0 0 0 0
250	21	 1 1 1 1 1 1 0 1 0 1 1 1 0 0 0 0 0 0 0 0
250	5	 0 1 1 1 1 1 0 0 1 1 1 1 1 1 1 0 0 0 0 0
250	2	 1 1 1 1 0 0 0 0 1 1 1 1 0 0 1 0 1 0 0 1
250	1	 1 0 1 1 1 0 0 0 0 1 1 0 0 0 0 0 0 0 0 0
250	7	 1 1 1 1 0 0 0 1 1 1 1 1 1 0 0 0 0 1 0 0
250	1	 1 1 1 1 0 0 0 1 0 1 1 1 1 1 0 1 1 0 0 0
250	2	 1 1 1 1 0 0 0 0 1 1 1 1 0 0 0 0 0 0 1 0
250	1	 1 1 0 1 0 0 0 0 1 1 1 0 0 0 0 0 0 0 0 0
250	3	 1 1 1 1 1 1 1 0 0 1 1 1 0 0 1 0 0 0 0 0
250	3	 1 1 0 1 0 0 1 0 1 1 1 1 0 0 1 0 1 0 0 0
250	1	 0 1 1 1 1 0 0 0 1 1 1 1 1 0 0 0 0 0 0 0
250	17	 1 1 1 1 1 0 0 1 0 1 1 0 1 0 0 0 0 0 0 0
250	1	 1 1 1 1 0 0 0 1 1 1 1 1 0 0 0 0 0 0 0 0
250	1	 1 0 1 1 1 1 0 1 1 1 1 1 1 0 0 0 0 0 0 0
250	4	 1 1 1 1 1 0 0 0 1 1 1 1 1 0 0 0 0 1 0 0
250	1	 1 1 1 0 1 0 0 0 1 1 1 1 1 0 0 0 0 0 0 0
250	6	 1 1 1 1 0 0 1 0 1 1 1 1 0 1 0 0 0 0 0 0
250	15	 0 1 1 1 1 1 0 0 1 1 1 1 1 1 0 0 0 0 0 0
250	1	 0 1 1 1 1 1 0 1 1 1 1 1 1 0 0 0 0 1 0 0
250	3	 1 1 1 1 1 0 1 0 1 1 1 1 0 1 0 0 0 0 0 0
250	1	 1 1 1 1 1 0 0 0 1 0 1 1 0 0 0 0 0 0 0 0
250	7	 1 1 1 1 0 0 0 1 0 1 1 0 0 0 0 0 0 0 0 0
250	3	 1 1 1 1 0 0 0 1 1 1 1 0 0 0 0 0 0 0 0 0
250	1	 1 1 0 1 1 0 0 0 1 1 1 0 0 0 0 0 0 1 0 0
250	2	 1 1 1 1 0 0 0 0 1 1 1 1 1 0 1 1 0 0 1 0
250	9	 1 1 1 1 0 0 0 0 1 1 1 1 0 0 1 0 0 0 1 0
250	1	 1 1 0 1 0 0 0 0 1 1 1 1 1 0 0 0 0 0 1 0
250	1	 1 1 1 1 0 0 0 0 1 1 1 0 1 0 0 0 0 0 1 0
250	4	 1 1 1 0 0 0 0 0 1 1 1 1 0 0 1 0 1 0 0 0
250	1	 1 0 1 1 1 0 0 0 1 1 1 1 0 0 0 0 0 0 0 0
250	2	 1 1 1 1 1 0 0 1 1 1 1 0 1 0 0 0 0 0 0 0
250	1	 1 1 1 1 1 0 0 0 1 1 1 0 0 0 0 1 0 1 0 0
250	1	 0 1 1 1 1 1 1 0 0 1 1 1 0 1 1 1 0 0 0 0
250	2	 1 0 1 1 1 1 0 1 1 1 1 1 1 0 0 0 1 0 0 0
250	3	 1 1 1 0 1 1 1 0 0 1 0 1 0 0 1 0 0 0 0 0
250	2	 1 1 1 1 0 0 0 0 1 1 1 1 1 1 1 0 0 0 0 0
250	1	 1 1 1 1 0 0 0 1 0 0 1 1 1 1 0 0 0 0 0 0
250	3	 1 1 1 0 0 0 0 0 1 1 1 1 0 0 1 1 0 0 1 0
250	1	 1 1 1 0 0 0 0 0 1 1 1 1 1 0 0 0 0 1 0 1
250	2	 1 1 0 1 0 0 1 0 0 1 1 1 0 0 0 1 0 0 0 0
250	2	 1 1 1 1 1 1 0 0 1 1 1 0 1 0 0 1 0 1 0 0
250	1	 1 0 1 1 1 0 0 0 0 1 1 0 0 0 1 0 0 0 0 0
400	12	 1 1 1 1 0 0 0 0 1 1 1 1 1 0 0 0 0 0 0 0
400	87	 1 1 1 1 0 0 0 1 1 1 1 1 1 0 0 0 0 0 0 0
400	5	 1 1 1 1 0 0 0 0 1 1 1 0 0 0 0 0 0 0 0 0
400	23	 1 1 1 1 0 1 0 0 1 1 1 1 1 1 1 0 0 0 0 0
400	54	 1 1 1 1 0 0 0 1 1 1 1 1 0 0 1 0 0 0 0 0
400	6	 1 1 1 1 0 0 0 1 1 1 1 1 0 0 0 1 0 0 0 0
400	6	 1 1 1 1 1 1 1 1 1 1 1 1 0 0 0 1 0 0 0 0
400	5	 1 0 1 1 1 1 0 1 0 1 1 1 1 0 0 0 0 0 0 0
400	5	 1 0 1 1 0 0 0 0 1 1 1 0 0 0 0 0 0 0 0 0
400	20	 1 1 1 1 1 1 0 1 1 1 1 1 0 0 0 1 0 0 0 0
400	9	 1 1 1 1 0 0 1 0 1 0 1 1 0 0 0 0 0 0 0 0
400	13	 1 1 1 1 0 0 0 1 1 1 1 1 1 0 1 0 0 0 0 0
400	44	 1 1 1 1 0 0 0 1 1 1 1 1 1 0 0 0 0 1 0 0
400	18	 1 0 1 1 1 0 0 1 0 1 1 1 0 0 0 0 0 0 0 0
400	13	 1 0 1 1 1 1 0 1 0 1 1 1 0 1 0 0 0 0 0 0
400	20	 1 1 1 1 0 0 0 1 1 1 1 1 0 0 0 0 0 0 0 0
400	3	 1 0 1 1 0 0 0 1 1 1 1 1 1 0 0 0 0 0 0 0
400	19	 1 0 1 1 0 0 0 0 1 1 1 0 1 0 0 0 0 0 0 0
400	13	 1 0 1 1 0 0 0 0 1 1 1 0 0 0 1 0 0 0 0 0
400	22	 1 1 1 1 1 1 0 1 1 1 1 1 0 0 0 0 0 0 0 0
400	4	 1 1 1 1 0 1 1 0 1 1 1 1 1 1 0 1 0 1 0 0
400	3	 0 1 1 1 1 0 0 1 0 1 1 1 0 0 0 0 0 0 0 0
400	2	 1 0 1 1 1 0 0 1 0 1 1 1 0 0 0 0 0 0 0 1
400	16	 1 1 1 1 1 0 0 0 0 1 1 0 1 0 0 0 0 0 0 0
400	4	 1 0 1 1 1 1 0 1 0 1 1 1 1 0 0 0 0 0 0 1
400	31	 0 1 1 1 0 0 0 0 1 1 1 1 1 0 0 0 0 0 0 0
400	32	 1 1 1 1 1 0 0 0 1 1 1 0 0 0 0 0 0 1 0 0
400	7	 1 1 1 1 0 0 0 1 1 1 1 0 1 1 0 0 0 1 0 0
400	9	 1 1 1 1 0 0 0 1 1 1 1 1 1 0 0 0 0 1 0 1
400	8	 1 1 1 1 0 0 0 1 1 1 1 1 1 0 1 0 0 0 0 1
400	3	 1 1 1 1 1 1 1 1 1 1 1 1 1 0 0 0 0 0 0 0
400	6	 1 1 1 1 0 1 0 1 1 1 1 1 1 0 1 0 0 0 0 0
400	3	 1 1 1 1 0 1 0 0 1 1 1 1 1 0 0 0 0 0 0 0
400	27	 1 0 1 1 1 1 0 1 0 1 0 1 0 0 1 0 1 0 0 0
400	2	 1 1 1 1 0 0 0 1 1 1 1 1 1 1 0 0 0 0 0 0
400	7	 1 0 1 1 1 0 0 1 0 1 1 1 1 0 0 1 0 0 0 0
400	9	 1 1 1 1 1 1 0 1 1 1 1 1 0 0 1 1 0 0 0 0
400	3	 1 0 1 1 1 0 0 1 0 1 1 0 0 0 0 0 0 0 0 1
400	2	 1 0 1 1 0 0 0 0 1 1 1 1 1 0 0 0 0 0 0 0
400	8	 1 0 1 1 1 1 0 1 0 1 1 1 0 1 0 0 1 0 0 0
400	10	 1 0 1 1 0 0 0 0 1 1 1 0 1 0 1 0 0 0 0 0
400	1	 1 1 0 1 0 1 0 0 1 1 1 1 1 1 1 0 0 0 0 0
400	16	 0 1 1 1 0 0 0 0 1 1 1 0 1 0 0 0 0 0 0 0
400	4	 1 0 1 1 1 1 0 1 0 1 1 1 0 0 0 0 0 0 0 0
400	7	 1 1 1 1 0 0 0 1 1 1 1 1 1 0 1 1 0 1 0 0
400	14	 0 1 1 0 1 1 0 0 1 1 1 1 1 0 0 1 0 0 0 0
400	3	 1 0 0 1 1 0 0 1 0 1 1 1 0 0 0 0 0 0 0 0
400	8	 1 1 1 1 1 1 1 1 1 1 1 1 1 0 0 0 0 1 0 0
400	8	 1 0 1 1 1 1 0 1 0 1 0 1 1 0 0 0 0 0 0 0
400	2	 1 1 1 1 0 1 0 0 1 1 1 1 1 1 1 1 0 0 0 0
400	30	 1 1 1 1 0 0 1 0 1 0 1 1 0 0 1 0 0 0 0 0
400	8	 1 1 0 1 0 0 0 1 1 1 1 1 1 0 1 0 0 0 0 0
400	8	 1 1 1 1 0 0 0 1 0 1 1 1 0 0 1 0 0 0 0 0
400	5	 1 1 0 0 0 0 0 0 1 1 1 1 1 0 0 1 0 1 0 0
400	4	 0 1 1 0 1 1 0 0 1 1 1 1 1 1 0 1 0 1 0 0
400	2	 1 0 1 1 0 0 0 1 1 1 1 1 1 0 0 0 0 1 0 0
400	11	 1 1 1 1 1 0 0 0 1 1 1 1 1 0 0 0 0 0 0 0
400	8	 1 1 1 1 0 0 0 1 1 1 1 1 1 0 0 1 0 0 0 0
400	1	 0 1 0 1 0 0 0 1 1 1 1 1 1 0 1 0 0 0 0 0
400	2	 1 1 1 1 0 0 0 0 0 1 1 0 1 0 0 0 0 0 0 0
400	1	 1 1 1 1 0 0 0 1 1 1 1 1 1 0 0 0 0 0 0 1
400	6	 0 1 1 1 0 1 0 0 1 1 1 0 1 0 0 0 0 0 0 0
400	6	 1 1 1 1 0 0 0 1 1 1 0 1 1 0 0 0 0 0 0 0
400	11	 1 0 1 1 0 0 0 0 1 0 1 0 0 0 0 0 0 0 0 0
400	5	 0 1 1 1 1 1 0 1 0 1 1 1 1 1 1 0 0 0 0 0
400	3	 1 1 1 1 1 0 0 1 1 1 1 1 1 0 1 0 0 0 0 1
400	9	 1 1 1 1 0 0 0 0 1 1 1 1 1 0 1 1 0 0 0 0
400	15	 1 0 1 1 0 0 0 1 1 1 1 0 1 1 0 0 0 1 0 0
400	2	 1 1 1 1 0 1 0 1 0 1 1 1 1 0 0 0 0 0 0 1
400	3	 0 0 1 1 1 1 0 1 0 1 1 1 0 1 0 0 0 0 0 0
400	3	 1 1 1 1 0 1 0 0 1 1 1 1 1 0 0 1 0 1 0 0
400	5	 1 0 1 1 1 1 1 1 0 1 1 1 1 0 0 0 0 0 0 0
400	10	 0 1 1 1 0 0 0 1 1 1 1 1 1 0 0 0 0 0 0 0
400	1	 1 0 1 1 0 0 0 0 1 0 1 1 1 0 0 0 0 0 0 0
400	3	 0 0 1 1 1 1 0 1 0 1 0 1 0 0 1 0 1 0 0 0
400	2	 1 1 0 1 0 1 0 1 1 1 1 1 0 0 0 1 1 0 0 0
400	6	 0 1 1 1 0 0 0 0 1 1 1 0 1 0 0 0 0 1 0 0
400	3	 1 1 1 1 1 1 0 1 1 1 1 1 0 1 0 0 0 0 0 0
400	2	 1 1 1 1 1 1 0 1 1 1 1 1 0 0 0 1 0 1 0 0
400	4	 0 1 1 1 1 0 0 0 0 1 1 0 1 0 0 0 0 0 0 0
400	1	 1 1 1 1 0 0 1 0 1 0 1 1 1 0 1 0 0 0 0 0
400	8	 1 1 1 1 0 0 0 1 1 1 1 0 0 0 1 0 0 0 0 0
400	1	 0 1 1 0 1 1 0 0 1 1 1 1 0 0 1 0 0 0 0 0
400	2	 1 0 1 1 0 0 0 1 0 1 1 1 1 0 0 0 0 0 0 0
400	2	 1 0 1 1 1 1 0 1 0 1 1 1 0 0 1 0 0 0 0 0
400	4	 1 1 1 0 0 0 0 1 1 1 1 1 0 0 0 0 0 0 0 0
400	14	 1 1 1 1 1 1 0 0 1 1 1 1 1 1 1 1 0 0 0 0
400	11	 1 0 1 0 0 0 0 1 1 1 1 1 1 0 0 0 0 1 0 0
400	5	 1 1 1 1 0 0 0 1 0 1 1 1 1 0 0 1 0 0 0 0
400	5	 1 1 1 1 0 0 0 1 1 1 1 1 1 0 1 1 0 0 0 0
400	2	 1 1 1 1 0 0 1 0 1 1 1 0 1 0 0 0 0 0 0 0
400	5	 1 1 1 0 0 1 0 0 1 1 1 1 1 1 1 0 0 0 0 0
400	2	 1 1 1 1 0 0 0 0 1 1 1 1 1 1 1 0 0 0 0 0
400	3	 1 1 1 1 0 0 1 0 1 0 1 1 0 0 0 1 0 0 0 0
400	5	 1 0 1 1 1 0 0 1 0 1 1 1 0 0 0 1 0 0 0 0
400	3	 1 1 1 0 1 0 0 0 0 1 1 0 1 0 0 0 0 0 0 0
400	1	 1 1 1 1 1 0 0 0 1 1 1 0 0 0 0 0 0 1 1 0
400	3	 1 1 1 1 0 1 0 1 1 0 1 1 1 0 1 0 0 0 0 0
400	1	 1 0 1 1 0 0 0 0 1 0 1 0 1 0 1 0 0 0 0 0
400	3	 0 1 1 1 0 0 1 0 1 1 1 0 1 0 0 0 0 0 0 0
400	3	 0 1 1 0 1 1 0 0 1 1 1 1 1 0 0 1 0 0 1 0
400	4	 1 0 1 1 1 0 1 1 0 1 1 1 1 0 0 0 0 0 0 0
400	2	 1 1 1 1 0 0 0 1 0 1 1 1 0 0 0 0 0 0 0 0
400	3	 1 1 1 1 1 1 1 1 1 1 1 1 0 0 0 0 0 0 0 0
400	1	 1 0 1 1 1 0 0 1 0 1 1 1 1 0 0 0 0 0 0 0
400	1	 0 1 1 1 1 0 0 1 0 0 1 1 0 0 0 0 0 0 0 0
400	1	 1 1 1 1 0 0 0 0 1 1 1 1 0 0 0 0 0 0 0 1
400	12	 1 1 1 1 1 0 0 1 1 1 1 1 0 0 1 0 0 0 0 0
400	2	 1 1 1 1 0 0 0 1 1 1 1 1 0 0 0 1 0 1 0 0
400	2	 1 1 1 1 0 0 1 0 1 0 1 1 0 0 0 0 0 0 0 1
400	2	 1 0 1 1 0 0 0 0 1 1 1 0 0 0 1 0 0 1 0 0
400	3	 1 1 1 1 1 0 0 0 0 1 1 1 1 0 0 0 0 0 0 0
400	1	 0 1 1 1 0 1 0 0 1 1 1 1 1 0 0 0 0 0 0 0
400	1	 1 1 1 1 0 0 0 1 1 1 0 1 1 0 0 0 0 1 0 1
400	5	 1 1 1 1 0 0 0 1 1 0 1 1 1 0 1 0 0 0 0 1
400	5	 1 1 1 1 0 1 0 0 1 1 1 0 1 1 1 1 0 0 0 0
400	3	 1 1 1 1 0 0 0 1 1 1 1 1 1 1 1 0 0 0 0 0
400	1	 1 1 1 1 0 0 0 1 1 1 1 1 0 0 1 0 0 0 0 1
400	4	 0 1 0 1 0 0 0 0 1 1 1 1 1 0 1 0 0 0 0 0
400	1	 1 1 1 1 0 0 0 1 0 1 1 1 1 0 0 0 0 0 0 0
400	3	 1 1 1 1 1 1 1 1 1 1 1 1 0 0 0 1 0 1 0 0
400	1	 1 1 1 1 1 0 0 0 0 1 1 0 1 0 0 0 0 1 0 0
400	2	 1 0 1 1 0 0 0 0 1 1 1 0 1 0 0 0 0 1 0 0
400	2	 0 1 1 1 1 1 0 1 1 1 1 1 0 0 0 1 0 0 0 0
400	1	 1 1 1 1 0 0 0 1 0 1 1 1 1 0 0 0 0 0 1 0
400	1	 1 1 1 1 0 1 0 1 1 1 1 1 1 0 0 0 0 0 0 0
400	1	 1 1 1 1 0 1 0 0 1 0 1 1 1 1 1 0 0 0 0 0
400	1	 1 1 1 1 0 0 0 1 1 1 1 1 0 0 0 1 1 0 0 0
400	1	 1 1 1 1 0 0 0 1 1 1 1 1 1 0 0 0 0 1 1 0
400	2	 1 0 1 1 0 0 0 0 1 1 1 0 0 1 1 0 0 0 0 0
400	1	 0 1 1 0 0 0 0 0 1 1 1 1 1 0 0 0 0 0 0 0
400	2	 1 0 1 1 1 1 0 1 0 1 0 1 0 1 1 0 1 0 0 0
400	1	 1 0 1 1 1 1 0 0 0 1 0 1 0 0 1 0 1 0 0 0
400	1	 1 1 1 1 1 0 0 1 0 1 1 1 1 0 0 1 0 0 0 0
400	1	 1 1 1 0 0 0 1 0 1 0 1 1 0 0 1 0 0 0 0 0
400	1	 1 1 1 1 1 0 0 0 1 0 1 1 1 0 0 0 0 0 0 0
400	1	 0 1 1 1 0 0 0 0 1 1 1 0 1 0 1 0 0 1 0 0
400	1	 1 0 1 0 0 0 0 1 1 1 1 1 0 0 0 0 0 0 0 0
400	1	 0 1 1 0 1 1 0 0 1 1 1 1 1 1 0 1 0 0 1 0
400	2	 0 1 0 1 0 0 1 0 1 1 1 1 1 0 1 0 0 0 0 0
590	39	 1 1 1 1 1 0 0 1 1 1 1 1 1 0 1 0 0 0 0 0
590	15	 1 1 1 1 1 0 0 1 1 1 1 1 0 0 0 1 0 0 0 0
590	4	 1 1 1 1 0 1 0 0 1 0 0 1 1 1 1 0 0 0 0 0
590	2	 1 1 1 1 0 1 0 0 1 0 1 1 1 1 0 0 0 0 0 0
590	19	 1 1 1 1 0 0 0 1 1 1 1 1 1 0 1 0 0 0 0 0
590	28	 1 1 1 1 1 0 0 1 0 1 1 1 1 1 1 0 0 0 0 0
590	4	 1 1 1 1 1 0 1 1 0 1 1 1 0 0 0 1 0 0 0 0
590	34	 1 1 1 1 0 1 0 1 1 1 1 1 1 0 1 0 0 0 0 0
590	60	 0 1 1 1 0 0 1 1 1 1 1 1 0 0 0 0 0 0 0 0
590	9	 1 1 1 1 1 0 0 1 1 1 1 1 1 1 1 0 0 0 0 0
590	34	 1 1 1 1 1 0 1 1 0 1 1 1 1 1 1 0 0 0 0 0
590	8	 1 1 1 1 0 1 0 1 1 0 1 1 1 1 0 0 0 0 0 0
590	4	 1 1 1 1 0 0 1 1 1 0 0 1 1 1 1 0 0 0 0 0
590	33	 1 1 1 1 0 1 0 1 1 0 1 0 1 1 0 0 0 0 0 0
590	8	 1 1 1 1 0 0 0 1 1 1 1 1 1 0 0 1 0 0 0 1
590	15	 1 1 1 1 0 1 0 1 1 0 1 1 1 1 1 1 0 0 0 0
590	3	 1 1 1 1 1 0 0 1 1 1 1 1 1 0 1 0 1 0 0 0
590	3	 1 1 1 1 0 0 0 0 1 1 1 1 1 1 0 0 0 0 0 0
590	11	 1 1 1 1 0 1 0 0 1 1 1 1 1 0 1 0 0 0 0 0
590	1	 1 1 0 1 1 0 0 1 1 1 1 1 1 0 1 0 0 0 0 0
590	5	 1 1 1 1 0 0 0 1 1 0 1 1 1 1 0 0 0 0 0 0
590	2	 1 1 1 1 1 0 0 0 1 1 1 1 1 0 1 0 0 0 0 0
590	19	 0 1 1 1 0 0 1 1 1 1 1 1 1 0 0 1 0 0 0 0
590	10	 1 1 1 1 1 0 0 1 1 1 1 1 1 1 0 0 0 0 0 0
590	10	 1 1 1 1 0 1 0 1 1 0 1 1 1 1 1 0 0 0 0 1
590	21	 1 1 1 1 1 0 1 1 0 1 1 1 0 1 0 0 0 0 0 0
590	8	 1 1 1 1 1 0 0 1 1 0 1 1 1 0 1 0 0 0 0 0
590	6	 1 1 0 1 0 1 0 0 1 0 1 1 1 1 1 1 0 0 0 0
590	7	 0 1 1 1 1 1 0 1 1 0 1 1 1 0 1 0 0 0 0 0
590	24	 1 1 1 1 0 1 0 1 1 0 0 1 1 1 1 0 0 0 0 1
590	2	 0 1 1 1 0 0 1 1 1 1 1 1 1 1 0 0 0 0 0 0
590	19	 1 1 1 1 1 0 0 1 0 1 1 1 0 0 0 1 0 0 0 0
590	22	 1 1 1 1 0 0 1 1 1 0 0 1 1 0 1 0 0 0 0 0
590	15	 1 1 1 1 0 1 0 1 1 0 1 1 1 1 1 0 0 0 1 0
590	22	 1 1 1 1 0 0 0 1 1 1 1 0 1 1 0 0 0 0 0 0
590	3	 1 1 1 1 0 1 1 0 1 0 0 1 1 1 1 0 0 0 0 0
590	10	 1 1 1 1 1 0 1 1 0 0 1 1 0 1 1 0 0 0 0 0
590	6	 1 1 1 1 1 0 0 1 1 1 1 1 1 0 0 1 0 0 0 0
590	1	 1 1 0 1 0 1 0 1 0 1 1 1 1 1 1 0 0 0 0 1
590	6	 1 1 1 1 1 0 1 1 0 1 1 1 0 0 0 0 0 0 1 0
590	9	 1 1 1 1 0 0 0 0 1 1 1 1 1 0 0 0 0 0 0 0
590	17	 1 1 1 1 0 1 1 0 1 0 0 1 1 1 1 0 0 0 1 0
590	3	 0 1 1 1 0 0 1 0 1 1 1 1 0 0 0 0 0 0 0 0
590	9	 0 0 1 1 1 1 0 1 1 1 1 1 1 0 1 0 0 0 0 0
590	20	 0 1 1 1 1 1 0 1 1 0 1 1 1 1 0 0 0 0 0 0
590	5	 1 1 1 1 1 1 0 1 1 0 1 1 1 1 0 1 0 0 0 0
590	11	 1 1 1 1 1 0 0 1 1 1 1 0 1 0 1 0 1 0 0 0
590	2	 1 1 1 1 1 0 0 1 1 0 1 1 1 0 0 0 0 0 0 0
590	10	 1 1 0 1 0 1 0 1 0 1 1 1 1 1 1 0 0 0 0 0
590	2	 1 1 1 1 1 0 0 1 1 1 1 1 1 0 1 0 0 0 1 0
590	22	 0 1 1 1 1 0 0 1 1 1 1 1 0 1 0 1 1 0 0 0
590	2	 1 1 1 0 0 1 0 1 1 0 1 1 1 1 0 0 0 0 0 0
590	1	 1 1 1 1 1 0 0 1 0 1 1 1 0 1 1 0 0 1 0 0
590	14	 1 1 0 1 0 1 1 0 1 0 1 1 1 0 0 0 0 0 0 0
590	4	 1 1 1 1 0 1 1 0 0 0 0 1 1 1 1 0 0 0 0 0
590	3	 1 1 1 1 1 0 0 0 1 1 1 1 1 0 1 0 0 1 0 0
590	13	 1 1 1 1 1 0 1 1 0 1 1 1 1 1 0 0 0 0 0 0
590	14	 0 1 1 1 1 1 0 1 1 0 1 1 1 1 1 0 0 0 0 0
590	13	 0 1 1 1 1 0 0 1 0 1 1 1 1 1 1 0 0 0 0 0
590	2	 1 1 1 1 1 0 0 1 1 0 1 1 1 0 0 0 1 0 0 0
590	1	 1 0 1 1 1 0 1 1 1 1 1 1 0 0 0 0 0 0 0 0
590	1	 1 1 1 1 1 1 1 1 1 1 1 1 0 0 0 1 0 0 0 0
590	4	 1 1 1 1 0 0 0 0 0 0 0 1 0 1 0 0 1 0 0 0
590	17	 1 1 1 1 1 0 0 0 1 1 1 1 1 0 0 0 0 0 0 1
590	6	 1 1 1 1 1 0 0 1 0 1 1 1 1 1 0 0 0 1 0 0
590	5	 1 1 1 1 1 0 0 1 0 0 1 1 0 1 1 0 0 0 0 0
590	15	 1 1 1 1 1 1 0 0 1 0 0 1 1 1 1 0 0 0 0 0
590	9	 1 1 1 1 0 1 0 1 1 0 1 1 0 1 0 0 0 0 0 0
590	2	 1 1 1 1 0 0 0 0 0 1 0 0 0 1 0 0 0 0 0 0
590	3	 1 1 1 1 0 1 0 1 1 0 1 1 1 1 1 0 0 0 0 0
590	3	 1 1 1 1 0 1 0 1 1 0 1 1 1 1 0 1 0 0 0 0
590	8	 1 1 1 1 1 0 1 1 1 1 1 1 1 0 0 1 0 0 0 0
590	4	 1 1 1 1 0 0 0 1 1 1 0 1 1 0 1 0 0 0 0 0
590	7	 0 1 1 1 0 0 0 1 1 0 1 1 1 1 0 0 0 0 0 0
590	6	 1 0 1 1 1 0 0 0 1 0 1 1 1 1 0 0 0 0 0 0
590	1	 0 1 1 1 0 1 0 1 1 0 1 0 1 1 0 0 0 0 0 0
590	14	 0 1 1 1 0 0 1 1 1 1 1 1 1 0 1 0 0 0 0 0
590	2	 1 1 1 1 1 0 0 1 1 1 1 1 1 0 0 0 0 0 0 0
590	2	 1 1 1 1 1 0 0 1 1 0 0 1 1 1 1 0 0 0 1 0
590	2	 1 1 1 1 0 0 0 1 1 1 1 1 0 0 0 1 0 0 0 0
590	8	 1 1 1 1 0 1 0 0 1 0 1 1 1 1 0 0 0 0 1 0
590	1	 1 1 1 1 0 1 0 1 1 1 1 1 1 0 0 0 0 0 0 0
590	7	 1 1 0 1 0 1 0 1 0 1 1 1 0 1 1 0 0 0 0 0
590	2	 1 1 1 1 1 0 1 1 0 0 1 1 1 0 1 0 0 0 0 0
590	1	 0 1 1 1 1 1 0 1 1 1 1 1 1 0 0 0 0 0 0 0
590	3	 0 1 1 1 0 0 0 1 1 1 1 1 1 0 1 0 0 0 0 0
590	13	 1 1 1 1 1 0 1 1 0 0 0 1 1 1 0 0 0 0 0 0
590	1	 1 1 1 1 1 0 0 1 0 1 1 1 1 1 1 0 1 0 0 0
590	7	 1 1 1 1 1 0 0 1 0 1 1 1 1 0 1 0 0 0 0 0
590	4	 0 1 1 1 1 1 0 1 1 1 1 1 1 0 1 0 0 0 0 0
590	1	 1 1 0 1 1 0 0 1 1 1 1 1 0 0 1 0 1 0 0 0
590	8	 1 1 1 0 0 1 1 0 1 0 0 1 1 1 1 0 0 0 1 0
590	6	 0 1 1 1 0 1 0 1 1 1 1 1 1 0 1 0 0 0 0 0
590	3	 1 1 1 1 0 0 0 1 1 1 1 0 1 1 1 0 0 0 0 0
590	4	 1 0 1 1 1 0 1 1 0 1 1 1 1 1 1 0 0 0 0 0
590	4	 1 1 1 1 1 0 1 1 1 1 1 1 1 0 0 1 0 1 0 0
590	6	 0 1 1 1 1 1 0 1 1 0 0 1 1 1 1 0 0 0 0 0
590	2	 1 1 1 1 1 0 0 1 1 1 1 1 1 0 1 0 0 0 0 1
590	1	 1 1 1 1 1 0 1 1 0 1 1 1 1 1 1 0 0 0 1 0
590	1	 1 1 1 1 0 1 0 0 1 0 0 1 1 1 1 0 0 0 0 1
590	1	 1 1 1 1 1 1 0 1 1 0 1 1 1 1 1 0 0 0 1 0
590	2	 1 1 1 1 0 1 1 0 1 0 0 1 1 1 1 0 0 0 0 1
590	5	 1 1 1 1 0 0 0 1 1 0 1 0 1 0 0 0 0 0 0 0
590	6	 1 1 1 1 0 1 0 0 0 1 0 0 0 1 0 0 0 0 0 0
590	2	 1 1 0 1 1 0 1 1 1 1 1 1 1 0 0 1 0 0 0 0
590	1	 1 1 1 1 1 0 0 1 1 0 1 1 1 0 1 0 0 0 0 1
590	1	 0 1 1 1 0 0 1 1 1 1 1 1 1 0 1 0 0 0 0 1
590	4	 1 1 1 1 0 1 0 1 0 0 1 1 1 1 0 0 0 0 0 0
590	5	 1 1 1 1 1 0 0 1 1 1 1 1 1 0 1 0 1 0 0 1
590	1	 1 1 1 1 0 0 1 0 1 1 1 1 1 1 0 0 0 0 0 0
590	3	 1 1 1 1 0 1 0 0 1 1 1 1 0 0 1 0 0 0 0 0
590	1	 0 1 1 1 0 0 1 1 0 1 1 1 1 0 0 1 0 0 0 0
590	1	 0 1 1 0 0 0 1 1 1 1 1 1 1 0 0 1 0 0 0 0
590	2	 0 1 1 1 0 0 1 1 1 1 0 1 1 1 0 0 0 0 0 0
590	2	 0 1 1 0 0 0 1 1 1 1 1 1 1 1 0 0 0 0 0 0
590	3	 0 1 1 1 0 0 0 1 1 1 1 1 0 1 0 1 1 0 0 0
590	3	 1 1 1 1 0 1 0 1 1 1 1 1 1 1 0 0 0 0 0 0
590	1	 0 1 1 1 0 0 0 0 0 0 0 1 0 1 0 0 1 0 0 0
590	3	 1 1 1 1 1 0 1 1 0 1 1 1 1 0 1 0 0 0 0 0
590	2	 1 1 1 1 0 1 1 0 1 0 1 1 1 1 0 0 0 0 0 0
590	1	 1 1 1 1 1 0 1 1 0 0 1 1 1 0 0 0 1 0 0 0
590	3	 1 1 0 1 1 0 1 1 0 1 1 1 0 0 0 0 0 0 1 0
590	2	 1 1 1 1 0 1 1 0 1 0 0 1 0 1 1 0 0 0 1 0
590	1	 1 1 1 1 0 0 0 0 0 1 0 0 0 0 0 0 0 0 0 0
590	1	 1 1 1 1 1 0 1 1 1 1 1 1 1 1 0 1 0 0 0 0
590	1	 1 1 1 1 0 0 0 0 1 1 0 1 1 0 1 0 0 0 0 0
590	2	 1 1 1 1 0 0 1 1 1 1 1 1 1 0 0 1 0 0 0 0
590	1	 1 1 1 1 1 0 0 1 1 1 1 1 1 1 0 1 1 0 0 0
590	3	 1 1 1 1 0 0 1 1 1 0 1 1 0 0 0 0 0 0 0 0
590	2	 1 1 1 1 1 0 0 1 1 0 0 1 1 1 0 0 0 0 0 0
590	1	 1 1 1 1 0 1 0 1 1 1 1 0 1 0 1 0 0 0 0 0
590	2	 1 1 1 1 0 1 0 1 1 0 1 0 1 1 1 0 0 0 0 0
590	1	 1 1 1 1 0 0 0 1 1 1 1 1 1 0 1 1 0 0 0 1
590	2	 1 1 0 1 0 1 1 0 1 0 1 1 1 1 1 1 0 0 0 0
590	1	 1 1 1 1 0 0 0 0 1 1 1 1 1 0 0 1 0 0 0 0
590	1	 1 1 1 1 0 1 1 0 1 0 0 1 1 1 1 0 0 0 1 1
590	1	 0 1 1 1 1 0 0 1 1 1 1 0 0 1 0 1 1 0 0 0
590	1	 1 1 1 0 1 0 0 1 1 0 0 1 1 1 1 0 0 0 1 0
590	1	 1 1 1 1 1 1 0 1 1 1 1 1 1 0 1 0 0 0 1 0
720	19	 1 1 1 1 1 0 0 1 1 1 1 1 1 0 1 0 0 0 0 0
720	31	 1 1 1 1 1 0 1 1 0 0 0 1 1 1 0 0 0 0 0 0
720	2	 1 1 1 1 0 1 0 1 1 0 1 0 1 1 1 0 0 0 0 0
720	27	 1 1 1 1 0 1 1 0 1 0 0 1 0 1 0 0 0 0 0 0
720	6	 1 1 1 1 1 0 1 1 1 0 0 1 1 1 0 0 0 0 0 0
720	9	 0 1 1 1 1 0 1 1 0 0 0 1 1 1 0 0 0 0 0 0
720	7	 1 1 1 1 0 0 0 1 1 0 1 1 1 0 1 0 0 0 0 0
720	21	 1 1 1 1 0 1 0 1 1 0 1 1 1 1 0 1 0 0 0 0
720	13	 1 0 1 1 1 0 0 1 0 1 0 1 1 1 1 1 0 0 0 0
720	22	 1 1 1 1 0 0 0 1 1 1 0 0 1 1 1 0 0 0 0 0
720	8	 1 1 1 1 0 1 1 0 1 0 0 1 0 1 0 0 0 0 1 0
720	10	 1 1 1 1 0 1 1 0 1 0 0 1 0 0 0 0 0 0 0 0
720	29	 1 1 1 1 1 1 0 0 1 0 0 1 1 1 0 0 0 0 0 0
720	20	 1 1 1 1 0 1 0 0 1 0 0 1 0 1 0 0 0 0 0 0
720	12	 1 1 1 1 1 0 1 1 0 0 0 1 1 1 1 0 0 0 0 0
720	39	 1 1 1 1 0 0 1 1 0 0 0 1 1 1 0 1 0 0 0 0
720	7	 1 1 1 1 0 1 1 1 0 0 0 1 1 0 1 0 0 0 0 0
720	18	 1 1 1 1 0 1 1 1 1 0 0 1 1 0 1 0 0 0 0 0
720	2	 1 1 1 1 0 1 1 0 1 0 0 1 0 1 0 1 1 0 0 0
720	1	 0 1 1 1 0 0 1 0 0 1 0 1 1 1 1 1 0 0 0 0
720	18	 1 1 1 1 0 1 0 0 1 0 1 1 1 1 0 1 0 0 0 0
720	36	 1 1 1 1 0 1 0 1 1 0 1 1 0 0 0 1 0 0 0 1
720	15	 1 1 1 1 0 1 0 0 1 0 0 1 0 1 1 0 0 0 1 0
720	8	 1 1 1 1 0 0 0 1 0 0 0 1 1 1 0 0 0 0 0 1
720	5	 1 1 1 1 0 1 0 0 1 0 0 1 1 1 0 1 0 0 0 0
720	34	 0 1 1 1 1 0 0 1 0 0 0 1 1 1 0 0 0 0 0 0
720	3	 1 1 1 0 1 0 1 1 1 0 1 1 0 1 1 1 0 0 0 0
720	19	 1 1 1 1 0 1 1 1 1 0 0 1 0 0 0 1 0 0 0 0
720	14	 1 1 1 1 0 0 0 1 1 0 1 1 1 0 0 0 0 0 0 0
720	4	 1 1 1 1 1 1 1 1 0 0 0 1 1 1 0 0 0 0 0 1
720	4	 1 0 1 1 1 0 1 1 0 0 0 1 1 1 1 0 0 0 0 0
720	21	 1 1 1 1 0 0 1 1 0 0 0 1 1 1 0 0 0 0 0 0
720	15	 0 1 1 1 1 0 0 1 0 0 0 0 1 1 0 0 0 0 0 0
720	5	 1 1 1 1 0 1 1 0 1 0 1 1 0 0 0 0 0 0 0 0
720	20	 0 1 1 1 0 1 1 0 1 0 0 1 0 1 1 0 0 0 0 0
720	3	 1 1 1 1 0 0 0 1 0 0 1 0 1 1 0 0 0 0 0 0
720	10	 1 1 1 1 1 0 0 1 1 0 1 0 1 0 1 0 0 0 0 0
720	3	 1 1 1 1 0 1 1 0 1 0 0 0 1 1 0 1 0 0 0 0
720	10	 1 1 1 1 0 0 0 1 1 0 1 1 1 1 0 0 0 0 0 0
720	31	 0 1 1 1 1 0 1 1 0 0 0 0 1 1 0 0 0 0 0 0
720	4	 1 1 0 1 0 0 0 1 1 1 1 1 1 0 1 0 0 0 0 0
720	5	 0 1 1 1 0 0 0 1 0 1 0 1 1 1 1 1 0 0 0 0
720	9	 1 1 1 1 1 1 0 0 1 0 0 1 1 1 0 0 1 0 0 0
720	13	 1 1 1 0 1 0 0 1 1 0 0 0 1 1 0 0 0 0 0 1
720	5	 1 1 1 1 0 0 1 0 0 0 1 1 1 1 1 0 1 0 0 0
720	1	 1 1 1 1 1 0 1 1 1 0 1 0 1 0 1 0 0 0 0 0
720	6	 0 1 1 1 1 0 0 1 0 0 0 1 1 0 0 0 1 0 0 0
720	2	 1 1 1 0 0 1 1 0 1 0 0 1 0 1 0 0 0 0 1 0
720	1	 1 1 1 1 0 1 1 0 1 0 0 1 1 0 1 0 0 0 0 0
720	4	 1 1 1 1 0 0 0 1 1 0 1 1 0 0 0 1 0 0 0 1
720	17	 0 1 1 1 0 1 0 1 1 0 1 1 0 1 1 1 0 0 0 0
720	9	 1 1 1 1 0 0 0 1 0 1 0 1 1 1 1 1 0 0 0 0
720	1	 1 1 0 1 0 0 0 1 1 0 1 1 0 0 0 1 0 0 0 0
720	13	 1 1 1 1 1 0 1 1 1 0 0 1 0 0 1 0 0 0 0 0
720	8	 1 1 1 1 0 0 1 1 1 0 1 0 1 0 1 0 0 0 0 0
720	11	 1 1 1 0 1 0 0 1 1 0 1 1 1 0 1 0 0 0 0 0
720	16	 1 1 1 1 0 0 0 1 0 0 0 1 1 0 0 0 0 0 0 0
720	4	 1 1 1 1 0 1 0 0 1 0 0 1 1 0 1 0 0 0 0 0
720	3	 1 1 1 1 1 0 0 1 1 0 1 1 1 0 1 1 0 0 0 0
720	10	 1 1 1 1 0 0 1 1 0 0 0 1 1 1 1 0 0 0 0 0
720	9	 1 0 1 1 0 0 0 1 1 0 1 1 1 0 1 0 0 0 0 1
720	4	 1 1 1 1 0 1 1 0 1 0 1 1 0 0 0 1 0 0 0 1
720	4	 1 1 1 1 1 1 0 0 0 0 0 1 1 1 0 0 0 0 0 0
720	12	 1 0 1 1 1 1 1 0 1 0 0 1 1 0 1 0 0 0 0 0
720	7	 1 1 1 0 0 1 1 1 1 0 0 1 0 0 0 1 0 0 0 0
720	4	 0 1 1 1 1 0 0 1 0 0 0 1 1 1 0 0 0 0 1 0
720	4	 1 1 1 1 0 0 0 1 0 0 0 1 1 1 0 0 0 0 0 0
720	3	 0 1 1 1 0 1 0 0 1 1 0 1 1 0 0 0 1 0 0 0
720	1	 1 1 1 1 0 1 1 0 1 0 0 1 1 1 0 0 0 0 0 0
720	1	 1 0 1 1 0 1 0 0 1 0 0 1 1 0 1 0 0 0 0 0
720	1	 1 1 1 1 0 0 1 1 1 0 1 1 1 0 1 0 0 0 0 0
720	10	 0 1 1 1 0 1 1 0 1 0 0 1 0 1 0 0 0 0 0 0
720	14	 1 1 1 1 0 0 0 1 1 0 1 1 0 0 0 1 0 0 0 0
720	4	 1 0 1 1 0 1 0 1 1 0 0 0 1 1 0 0 0 0 0 0
720	7	 1 1 1 1 0 0 1 1 1 0 1 0 1 0 0 0 0 0 0 0
720	4	 1 1 1 1 1 0 1 1 1 0 0 1 0 0 0 1 0 0 0 0
720	15	 1 1 1 1 0 1 1 1 0 0 0 1 1 0 1 0 1 0 0 0
720	4	 1 1 1 1 1 0 1 1 0 0 0 1 1 0 1 0 0 0 0 0
720	24	 1 1 1 1 0 0 0 1 1 1 0 0 1 1 1 0 0 0 1 0
720	2	 0 1 1 1 0 1 1 0 0 0 0 1 1 0 1 0 0 0 0 0
720	15	 1 1 1 1 0 0 0 1 0 1 0 1 1 1 1 0 0 0 0 0
720	3	 0 1 1 1 1 0 0 1 0 0 0 1 1 1 0 1 1 0 0 0
720	5	 1 1 1 0 1 0 0 1 1 0 0 0 1 1 0 0 0 0 0 0
720	2	 1 1 1 1 0 1 1 1 1 0 0 1 0 0 0 0 0 0 0 0
720	5	 1 1 1 1 0 0 1 0 1 0 0 1 0 1 0 0 0 0 1 0
720	1	 1 1 1 1 0 1 0 1 0 0 1 1 0 0 0 1 0 0 0 1
720	6	 1 1 1 1 1 0 0 1 0 0 0 1 1 1 0 0 0 0 0 0
720	1	 1 1 1 1 0 0 1 0 0 1 1 1 1 1 1 0 0 0 0 0
720	5	 1 1 0 1 0 0 0 1 1 0 1 1 1 0 0 0 0 0 0 0
720	2	 1 1 1 1 1 0 1 1 1 0 0 1 0 0 1 0 1 0 0 0
720	6	 1 0 1 1 0 1 0 0 1 0 0 0 0 1 1 0 0 0 0 0
720	1	 1 1 1 1 0 0 1 1 1 0 1 1 1 0 1 0 0 0 1 0
720	1	 1 1 1 1 0 1 1 0 1 0 0 1 0 1 0 0 0 0 0 1
720	1	 0 1 1 1 0 0 0 1 1 1 0 0 1 1 1 0 0 0 0 0
720	6	 1 1 1 1 0 1 0 0 1 0 0 0 0 1 1 0 0 0 1 0
720	5	 1 1 1 1 1 1 0 0 1 0 0 1 1 1 0 0 0 0 0 1
720	1	 1 1 1 1 0 0 0 1 0 0 0 1 1 1 0 1 0 0 0 0
720	4	 1 0 1 1 1 0 1 1 0 0 0 1 1 1 0 0 0 0 0 0
720	5	 1 1 1 1 1 0 1 1 0 0 1 1 1 1 0 0 0 0 0 1
720	1	 0 1 1 1 1 0 1 1 0 0 0 0 1 1 0 1 0 0 0 0
720	2	 1 1 1 1 1 1 0 0 1 0 0 1 1 1 0 0 0 0 1 0
720	1	 0 1 1 1 0 1 0 1 1 0 0 1 0 1 0 0 0 0 0 0
720	1	 1 1 1 0 1 0 0 1 0 0 0 0 1 1 0 0 0 0 0 0
720	1	 1 1 1 1 0 1 1 0 1 0 0 1 0 0 0 0 0 0 1 0
720	1	 1 1 1 1 0 1 0 1 1 0 1 1 0 0 1 1 0 0 0 1
720	1	 1 1 1 1 1 0 0 1 1 0 1 1 1 0 0 0 0 0 0 0
720	4	 1 1 1 1 0 1 1 0 1 1 0 1 1 1 0 0 0 0 0 0
720	1	 1 1 1 1 0 0 1 1 1 0 0 1 0 0 1 0 1 0 0 0
720	4	 1 1 1 1 0 1 0 0 1 1 0 0 0 1 1 0 0 0 1 0
720	2	 1 1 1 1 0 1 0 1 1 0 1 1 1 1 0 1 0 0 0 1
720	2	 1 1 1 1 0 0 1 1 0 0 0 0 1 1 0 0 0 0 0 0
720	1	 1 1 1 1 1 0 1 1 0 0 0 0 1 1 0 0 0 0 0 0
720	2	 1 1 1 1 0 1 1 0 0 1 1 1 1 1 1 0 0 0 0 0
720	1	 1 1 1 1 1 0 0 1 0 1 1 1 1 0 1 0 0 0 0 0
720	1	 1 1 1 1 0 1 1 0 1 0 0 1 0 1 0 0 0 1 0 0
720	2	 1 1 1 1 1 1 0 0 1 0 0 1 1 1 0 1 0 0 0 0
720	1	 1 1 1 1 0 1 0 0 1 0 0 1 0 1 0 0 1 0 0 0
720	1	 0 1 1 1 1 0 0 1 0 0 0 0 1 1 0 0 0 0 1 0
720	2	 1 0 1 1 1 0 1 1 1 0 1 0 1 0 1 0 0 0 0 0
720	3	 1 1 0 1 0 0 0 1 0 1 0 1 1 1 1 1 0 0 0 0
720	3	 1 1 1 1 0 0 0 1 0 0 0 1 0 0 0 0 0 0 0 0
720	4	 0 0 1 1 1 1 1 0 1 0 0 1 1 0 1 0 0 0 0 0
720	4	 1 1 1 1 0 0 0 1 1 0 1 1 0 0 1 1 0 0 0 1
720	2	 1 1 1 1 0 1 0 1 1 0 1 1 1 1 0 0 0 0 0 1
720	1	 1 1 1 1 1 1 0 0 1 0 0 1 0 1 0 0 0 0 0 0
720	2	 1 1 1 1 0 1 1 0 1 0 0 1 0 0 0 1 0 0 0 0
720	2	 1 1 1 1 0 0 0 1 1 0 1 1 1 0 0 0 0 0 1 0
720	1	 1 1 0 1 0 0 0 1 1 0 1 1 1 1 0 0 0 0 0 0
720	1	 0 1 1 1 1 0 1 1 0 0 1 0 1 1 0 0 0 0 0 0
720	2	 0 1 1 1 1 0 0 1 0 0 0 1 1 0 0 0 1 0 0 1
720	3	 1 1 1 1 0 0 0 1 0 1 0 1 1 0 1 1 0 0 0 0
720	2	 1 1 1 1 0 1 1 1 1 0 1 0 1 0 1 0 0 0 0 0
720	2	 1 1 1 1 0 0 0 1 0 0 0 1 1 0 0 0 0 0 0 1
720	2	 1 0 1 1 1 1 1 0 1 0 1 1 1 0 1 0 0 0 0 0
720	2	 1 0 1 1 1 0 1 1 0 0 0 1 1 1 0 0 1 0 0 0
880	11	 1 1 1 1 0 0 1 1 0 0 0 1 1 1 0 1 0 0 0 0
880	69	 1 1 1 1 0 0 1 1 0 0 0 1 1 1 0 0 0 0 0 0
880	10	 1 1 1 1 1 1 0 0 1 0 0 1 0 1 0 0 0 0 0 0
880	3	 1 1 1 1 0 1 1 0 1 0 0 1 0 1 0 0 1 0 0 0
880	1	 1 1 1 1 0 0 1 1 0 0 0 1 1 1 0 0 0 0 1 0
880	8	 1 1 1 1 1 0 1 1 0 0 0 1 1 0 0 0 0 0 0 0
880	8	 1 1 1 1 0 0 1 1 0 0 1 1 1 1 1 0 0 0 0 0
880	4	 1 1 1 1 0 0 1 1 1 0 0 1 0 0 1 0 0 0 0 0
880	6	 1 1 1 1 0 0 0 1 0 0 0 1 0 1 1 0 0 0 0 1
880	3	 1 0 1 1 0 1 1 0 1 0 0 1 0 1 0 0 1 0 0 0
880	34	 1 1 1 1 1 0 0 1 1 0 0 1 1 1 0 0 0 1 0 0
880	24	 1 1 1 1 1 1 0 0 1 0 0 1 0 0 0 1 0 0 0 0
880	7	 1 1 1 1 0 0 1 1 0 0 0 1 0 1 0 0 1 0 0 0
880	7	 1 1 1 1 1 0 1 1 0 0 0 1 0 0 0 0 0 0 0 0
880	1	 1 1 0 1 0 0 0 1 1 1 0 1 1 1 0 1 0 0 0 0
880	8	 1 1 1 1 1 1 1 1 1 1 0 1 1 1 0 1 0 0 0 1
880	61	 1 1 1 1 0 0 1 0 0 0 0 0 1 1 0 0 0 0 0 0
880	14	 1 1 1 1 1 1 0 0 1 0 0 1 1 0 1 0 0 0 0 0
880	18	 1 1 1 1 1 0 0 1 1 0 0 1 1 1 0 0 0 0 0 0
880	2	 1 1 1 1 0 0 0 1 0 1 0 1 0 1 0 0 1 0 0 0
880	1	 1 1 1 1 0 1 1 1 1 0 0 1 1 1 0 0 0 0 0 1
880	40	 1 1 1 1 1 1 0 0 1 0 0 1 0 0 1 0 0 1 0 0
880	36	 1 1 1 1 0 1 1 0 1 0 0 1 0 0 0 0 1 0 0 0
880	11	 0 1 1 1 0 0 1 1 1 0 0 1 0 0 1 0 0 0 0 0
880	33	 1 1 1 1 0 0 0 0 1 0 0 1 0 0 1 0 0 0 0 0
880	11	 1 1 1 1 0 0 1 1 1 0 0 1 0 1 0 0 0 0 0 0
880	3	 1 1 1 1 1 0 1 0 1 0 0 1 1 1 0 0 0 0 0 1
880	9	 1 1 1 1 1 0 0 1 1 1 0 1 0 1 0 0 0 0 0 0
880	29	 1 1 1 1 0 0 1 0 0 0 1 0 1 1 0 0 0 0 0 0
880	11	 1 1 1 1 1 0 0 0 1 0 0 1 0 0 0 0 0 0 0 0
880	19	 1 1 1 1 0 1 0 0 1 0 1 1 1 1 1 0 0 0 0 0
880	26	 1 1 1 1 1 0 0 1 1 0 0 1 0 0 0 0 1 0 0 0
880	11	 1 1 1 1 1 0 0 1 1 0 0 1 1 0 1 0 0 0 0 0
880	5	 0 1 1 1 0 0 0 0 1 0 0 1 0 0 1 0 0 0 0 0
880	12	 1 1 1 1 0 0 0 1 0 0 0 1 0 1 1 0 0 0 0 0
880	2	 1 1 1 1 1 0 1 1 1 0 0 0 1 1 0 1 0 0 0 1
880	10	 1 1 1 1 0 0 0 1 0 0 0 1 1 1 0 1 0 0 0 1
880	1	 1 1 1 0 1 1 0 0 1 0 0 1 0 1 0 0 0 0 0 0
880	2	 1 1 1 1 0 0 0 0 0 0 0 0 1 1 0 0 0 0 0 0
880	9	 1 1 1 1 0 0 1 0 0 0 0 1 0 1 0 1 0 0 0 0
880	8	 1 1 1 1 0 0 1 1 1 0 0 1 0 0 0 1 0 0 0 0
880	2	 1 1 1 1 0 0 1 1 1 0 0 1 0 1 0 0 1 0 0 0
880	7	 1 1 1 1 0 0 1 1 1 0 0 1 1 0 1 0 0 0 0 0
880	31	 1 0 1 1 0 1 1 0 1 0 0 1 0 1 0 1 1 0 0 0
880	4	 1 0 1 1 0 0 1 1 0 0 0 1 1 1 0 0 0 0 1 0
880	1	 1 1 1 1 0 0 0 1 0 0 0 1 1 1 0 0 0 0 0 0
880	2	 1 1 1 1 0 0 1 1 0 0 0 1 0 1 0 0 0 0 0 0
880	5	 1 1 1 1 0 0 1 1 1 0 0 0 0 0 1 0 0 0 1 0
880	1	 1 1 1 1 1 1 0 0 1 0 0 1 1 0 0 1 0 0 0 0
880	8	 1 1 1 1 1 0 1 1 1 0 0 0 1 1 1 1 0 0 0 1
880	7	 1 1 1 1 1 0 0 1 1 0 0 1 0 0 0 0 0 0 1 0
880	6	 1 1 1 1 1 1 0 0 1 1 0 0 1 1 0 0 0 0 0 0
880	11	 1 1 1 1 1 0 0 1 1 0 0 1 1 1 0 0 0 0 1 0
880	3	 0 1 1 1 0 0 0 0 1 0 0 0 1 1 0 0 0 0 0 0
880	2	 1 1 1 1 0 0 1 1 0 0 0 1 1 1 1 0 0 0 0 0
880	9	 1 1 1 1 0 0 0 0 1 0 1 1 1 1 1 0 0 0 0 0
880	32	 1 1 1 1 1 1 0 0 1 0 0 1 0 0 0 0 0 0 0 0
880	7	 0 1 1 1 1 0 1 1 0 0 0 1 1 0 0 0 0 0 0 0
880	2	 1 1 1 1 0 0 0 1 0 1 0 1 1 1 0 1 0 0 0 1
880	17	 1 1 1 1 0 0 1 1 1 0 0 1 0 0 0 0 0 0 0 0
880	16	 1 1 1 1 0 0 1 1 1 1 0 1 0 1 0 0 0 0 0 0
880	3	 1 1 1 1 1 1 1 0 1 0 0 1 0 1 0 0 0 0 0 0
880	3	 0 1 1 1 0 0 1 0 0 0 0 0 0 1 0 0 0 0 0 0
880	3	 1 1 1 1 0 0 1 0 0 0 0 1 1 1 0 0 0 0 1 0
880	7	 1 1 1 1 0 1 1 0 1 0 0 1 0 1 0 1 1 0 0 0
880	1	 1 0 1 1 0 0 1 1 0 0 0 1 1 1 0 1 0 0 1 0
880	4	 1 1 1 1 1 1 0 0 1 0 0 1 0 0 0 0 1 0 0 0
880	3	 1 1 1 1 1 0 0 1 1 0 0 1 0 0 0 0 0 0 0 0
880	4	 0 1 1 1 1 0 1 1 0 0 0 0 1 1 0 0 0 0 0 0
880	2	 1 1 1 1 0 0 1 0 0 0 0 1 1 1 0 0 0 0 0 0
880	2	 1 1 1 1 0 0 1 1 1 0 0 0 1 1 1 1 0 0 0 1
880	5	 1 1 1 1 0 0 1 1 0 0 0 1 1 1 0 0 0 1 0 1
880	1	 1 1 1 1 1 0 0 1 1 0 0 1 0 0 0 1 0 0 0 1
880	2	 1 1 1 1 0 0 1 1 0 0 0 1 1 1 0 0 0 0 0 1
880	4	 1 1 1 1 0 0 1 1 1 0 0 1 1 1 0 0 0 0 0 1
880	2	 1 1 1 1 0 0 1 1 0 0 0 1 1 0 1 0 0 0 0 0
880	6	 1 1 0 1 0 0 0 0 1 0 0 1 0 1 0 0 0 0 0 0
880	1	 0 1 1 1 0 1 1 1 0 0 1 0 1 1 0 0 0 1 0 0
880	3	 1 1 1 1 1 1 0 0 1 0 0 0 0 1 0 1 1 0 0 0
880	6	 1 1 1 1 1 1 0 0 1 0 0 1 0 1 0 1 0 0 0 0
880	2	 1 1 1 1 0 1 1 1 1 0 0 1 0 0 1 0 0 0 0 0
880	3	 1 1 1 0 1 0 1 1 0 0 0 1 0 0 0 0 0 0 0 0
880	4	 1 1 1 1 1 0 1 0 1 0 0 1 0 0 1 0 0 0 0 0
880	10	 1 1 1 1 1 0 0 1 1 0 0 0 1 1 0 1 0 0 0 1
880	2	 0 1 1 1 0 0 0 1 1 0 0 1 1 1 0 0 0 1 0 0
880	3	 0 1 1 1 0 0 0 0 1 0 1 1 1 1 1 0 0 0 0 0
880	2	 1 1 1 1 1 1 0 0 1 0 0 0 1 1 0 0 0 0 0 0
880	1	 1 1 1 1 0 0 1 1 0 0 0 1 0 1 0 0 1 0 0 1
880	3	 1 1 1 0 0 0 0 1 0 0 0 1 1 1 0 1 0 0 0 1
880	3	 1 1 1 1 0 0 1 1 1 0 0 1 1 0 0 0 0 0 0 0
880	3	 1 1 1 1 1 1 1 1 0 0 0 1 1 1 0 0 0 0 0 0
880	1	 1 1 1 1 1 1 0 0 1 0 0 1 1 0 1 0 0 1 0 0
880	3	 1 1 1 1 1 0 0 1 1 0 0 1 1 0 0 0 0 1 0 0
880	4	 1 1 1 0 1 1 0 0 1 0 0 1 0 0 1 0 0 1 0 0
880	4	 0 1 1 1 1 1 0 0 1 0 0 1 0 0 1 0 0 1 0 0
880	5	 0 1 1 1 0 0 1 1 1 0 0 1 0 0 1 0 0 1 0 0
880	4	 1 1 1 1 0 0 1 0 1 0 0 1 0 0 1 0 0 0 0 0
880	1	 1 1 1 1 0 0 0 1 1 0 0 1 0 0 0 1 0 0 0 0
880	2	 1 0 1 1 0 1 1 0 1 0 0 0 0 1 0 1 1 0 0 0
880	1	 1 0 1 1 1 1 0 0 1 0 0 1 1 0 0 1 0 0 0 0
880	2	 1 1 1 1 0 0 1 1 0 0 0 0 1 1 0 0 0 0 0 0
880	2	 1 1 1 1 1 1 0 0 1 0 0 1 0 0 0 1 1 0 0 0
880	1	 1 1 1 1 0 0 1 1 1 0 0 1 1 1 0 1 0 0 0 1
880	5	 1 1 1 1 0 0 1 0 1 0 0 1 0 0 1 0 0 1 0 0
880	3	 1 1 1 1 0 0 1 1 0 0 0 1 1 1 0 1 0 1 0 0
880	5	 1 0 1 1 0 0 1 1 0 0 0 1 1 1 0 0 0 0 0 0
880	7	 1 1 1 1 0 0 1 1 0 0 1 1 0 1 1 0 0 0 0 0
880	3	 1 1 1 1 1 1 0 0 1 0 0 0 0 0 0 1 0 0 0 0
880	5	 1 1 1 1 0 0 1 0 0 0 0 0 1 1 0 0 0 1 0 0
880	1	 1 1 1 1 1 1 0 0 1 0 0 1 0 0 1 0 0 1 1 0
880	1	 0 1 1 1 0 0 1 1 1 0 0 1 1 0 1 0 0 0 0 0
880	4	 1 1 1 1 1 0 0 1 1 1 0 0 0 1 0 0 0 0 0 0
880	3	 1 1 1 1 1 1 0 1 1 0 0 1 0 0 0 0 1 0 0 0
880	6	 1 1 1 1 1 0 0 1 1 0 0 1 0 0 1 0 1 0 0 0
880	1	 1 1 1 1 1 0 1 1 0 0 0 0 1 1 0 1 0 0 0 1
880	1	 1 1 1 1 0 0 1 1 1 0 0 1 0 0 0 1 0 0 1 0
880	3	 1 1 1 1 1 1 0 0 1 0 0 1 1 0 0 0 0 0 0 0
880	2	 1 1 1 1 1 0 0 1 1 0 0 0 1 1 1 1 0 0 0 1
880	4	 1 1 1 1 0 0 1 1 1 0 0 1 1 1 0 0 0 0 1 0
880	1	 1 0 1 1 0 1 1 0 1 0 0 1 0 1 0 1 0 0 0 0
880	1	 1 1 1 1 1 0 1 1 1 0 0 0 1 1 0 0 0 1 0 0
880	3	 1 1 1 1 1 0 1 1 1 0 0 1 0 0 0 1 0 0 1 0
880	3	 1 1 0 1 0 0 1 1 0 0 0 1 1 1 0 0 0 0 0 0
880	4	 1 1 1 1 1 0 0 1 1 0 0 1 1 1 0 0 1 0 0 0
880	1	 1 1 1 1 0 1 1 0 1 0 0 1 1 0 0 0 1 0 0 0
880	3	 0 1 1 1 0 0 1 1 1 0 0 1 0 0 1 0 1 0 0 0
880	3	 1 1 1 1 1 0 1 1 1 0 0 1 0 0 0 0 1 0 0 0
880	3	 1 1 1 1 0 0 1 1 0 0 0 1 0 0 0 1 0 0 0 0
880	2	 1 1 1 1 0 0 0 1 1 0 0 1 1 1 0 0 0 0 0 0
880	1	 1 1 1 1 1 1 0 1 1 0 0 0 0 1 0 1 1 0 0 0
880	2	 1 1 1 1 0 1 0 1 1 0 0 1 0 0 1 0 0 0 0 0
880	2	 1 1 0 0 0 0 0 1 0 0 0 1 1 1 0 1 0 0 0 1
880	1	 1 1 1 1 0 0 0 0 1 0 0 1 0 0 0 0 0 0 0 0
880	3	 1 1 1 1 0 0 0 0 1 0 0 1 1 1 0 0 0 0 1 0
880	2	 1 1 1 1 1 0 1 0 0 0 0 0 1 1 0 0 0 0 0 0
880	2	 1 1 1 1 0 0 0 1 0 0 0 1 0 0 0 0 0 0 0 0
880	2	 1 1 1 1 0 1 1 0 1 0 0 1 1 1 0 0 0 0 0 0
880	2	 1 1 1 1 1 1 0 1 1 0 0 1 1 1 0 1 0 0 0 1
880	1	 1 0 1 1 1 1 0 0 1 0 0 1 1 0 1 0 0 0 0 0
880	1	 1 1 1 1 1 1 0 1 1 0 0 1 1 1 0 0 0 1 0 0
880	1	 1 1 1 1 0 0 1 1 1 0 0 1 0 1 0 0 0 0 1 0
880	2	 1 1 1 1 1 0 0 0 0 0 0 0 1 1 0 0 0 0 0 0
880	1	 1 1 1 1 1 0 0 1 1 0 0 1 0 0 1 0 0 0 1 0
880	2	 1 1 0 1 1 0 1 0 0 0 0 1 1 1 1 0 0 0 0 0
880	2	 1 1 1 0 0 0 1 1 1 1 0 1 0 1 0 0 0 0 0 0
880	3	 1 1 1 1 0 0 1 1 1 1 0 0 0 1 0 0 0 0 0 0
880	2	 0 1 1 1 1 1 0 0 1 0 0 1 0 0 1 0 0 1 1 0
880	1	 1 1 1 1 0 0 0 1 1 1 0 1 1 1 0 0 0 0 0 0
1000	2	 1 1 1 1 1 1 0 0 1 0 0 1 0 0 0 1 0 0 0 0
1000	36	 1 1 1 1 1 1 0 0 1 0 0 1 1 0 1 0 0 0 0 0
1000	7	 1 1 1 1 1 1 0 0 1 0 0 1 0 0 0 0 0 0 0 0
1000	13	 1 1 1 1 0 0 1 0 0 0 0 1 1 1 0 0 0 0 0 0
1000	4	 1 1 1 1 0 1 1 1 1 0 0 1 0 0 0 0 0 0 0 0
1000	39	 1 1 1 1 1 0 1 0 1 0 0 1 0 0 0 0 0 0 0 0
1000	18	 1 1 1 1 1 1 0 0 1 0 0 1 0 0 1 0 0 0 0 0
1000	8	 1 1 1 1 1 1 0 1 1 0 0 1 1 0 1 0 0 0 0 0
1000	57	 1 1 1 1 0 0 1 1 1 0 0 1 1 0 1 0 0 0 0 0
1000	15	 1 1 1 1 1 1 0 0 1 0 0 1 1 0 0 0 0 0 0 0
1000	19	 1 1 1 1 0 0 1 0 0 0 0 0 0 0 0 0 0 0 0 0
1000	21	 1 1 1 1 1 1 0 0 0 0 0 1 1 1 0 0 0 0 0 0
1000	8	 1 1 1 1 1 1 0 0 1 0 0 0 1 1 0 1 0 0 0 1
1000	1	 0 0 1 1 0 0 1 1 0 0 0 1 1 0 0 0 0 0 0 0
1000	4	 1 1 1 1 1 0 1 1 1 0 0 1 1 1 0 0 0 0 0 0
1000	55	 1 1 1 1 0 0 0 1 1 0 0 1 1 1 0 0 0 0 0 1
1000	2	 1 1 1 1 1 1 0 0 1 0 1 1 0 0 0 0 0 0 0 0
1000	1	 1 1 0 1 0 1 1 1 1 0 0 1 0 0 0 0 0 0 0 0
1000	7	 1 1 1 1 0 0 1 1 0 0 1 1 1 1 0 0 0 0 0 0
1000	22	 1 1 1 0 0 1 1 1 1 0 0 1 1 0 1 0 0 0 0 0
1000	34	 1 0 1 1 1 0 1 0 1 0 0 1 0 0 0 0 0 0 0 0
1000	27	 1 1 1 1 0 0 1 0 0 0 0 1 0 0 0 0 0 0 0 0
1000	1	 1 1 1 1 1 1 0 0 1 0 1 1 1 0 1 0 0 0 1 0
1000	7	 1 1 1 1 1 1 0 0 1 1 0 1 0 0 0 0 0 0 0 1
1000	15	 1 1 1 1 1 1 0 0 1 0 0 1 1 0 1 0 1 0 0 0
1000	12	 1 1 1 1 0 0 1 1 0 0 0 1 1 0 0 1 0 0 0 0
1000	5	 1 1 1 0 0 1 1 1 1 0 0 1 0 0 0 0 0 0 0 0
1000	23	 1 1 1 1 1 0 1 0 1 0 0 1 1 1 0 0 0 0 0 0
1000	8	 1 1 1 1 1 1 0 0 1 0 0 1 1 0 1 1 0 0 0 0
1000	1	 1 1 1 1 0 1 0 0 1 0 0 1 0 0 0 0 0 0 0 1
1000	11	 1 1 1 1 1 1 0 0 1 0 0 1 0 1 0 1 0 0 0 0
1000	17	 0 1 1 1 1 1 0 0 0 0 0 0 1 1 0 1 0 0 0 1
1000	34	 1 1 1 1 0 0 1 1 1 0 0 1 1 0 0 1 0 0 0 1
1000	34	 1 1 1 1 1 1 0 0 0 0 0 1 1 0 1 0 0 0 0 0
1000	1	 1 1 1 1 1 1 1 0 0 0 0 1 1 1 0 0 0 0 0 1
1000	25	 1 1 1 0 1 1 0 0 1 0 0 1 1 0 1 0 0 0 0 0
1000	10	 1 1 1 1 1 1 1 0 0 0 0 1 0 0 0 0 0 0 0 0
1000	9	 1 0 1 1 0 1 1 1 1 0 0 1 0 0 0 1 0 1 0 0
1000	19	 1 1 1 1 0 1 1 1 1 0 0 1 0 0 1 0 0 0 0 0
1000	15	 1 0 1 1 0 1 1 1 1 0 0 1 1 0 0 0 0 0 0 0
1000	8	 1 1 1 1 1 1 0 0 1 0 0 1 1 0 1 1 1 0 0 0
1000	20	 1 1 0 1 0 1 1 1 1 0 0 1 0 0 1 0 0 0 0 1
1000	6	 1 1 0 1 1 1 0 0 1 0 0 1 0 0 1 0 0 0 0 0
1000	1	 1 1 1 1 0 0 1 1 1 0 0 1 1 0 0 0 0 0 0 0
1000	3	 1 1 1 1 0 0 1 0 0 0 0 1 0 0 0 0 0 1 1 0
1000	4	 1 1 1 1 0 0 1 0 0 0 0 1 0 0 0 1 0 0 0 0
1000	37	 1 1 1 1 1 1 0 0 0 0 0 0 1 0 1 0 0 0 0 0
1000	11	 1 1 1 1 1 1 1 0 1 0 0 1 0 0 1 0 0 0 0 0
1000	11	 1 0 1 1 0 1 1 1 1 0 1 1 0 0 0 1 0 1 0 0
1000	4	 1 1 1 1 0 0 1 1 1 0 0 1 1 0 1 1 0 0 0 0
1000	2	 1 1 1 1 1 1 0 1 1 0 0 1 1 0 1 0 0 1 0 0
1000	1	 1 1 0 1 0 1 1 1 0 0 0 1 0 0 0 0 0 0 0 0
1000	5	 1 1 1 1 0 1 1 1 1 0 1 1 0 0 0 1 0 1 0 0
1000	7	 1 0 1 1 0 1 1 1 1 0 0 1 0 0 0 0 0 0 0 0
1000	8	 1 1 1 1 1 0 0 0 1 0 0 1 1 1 0 0 0 0 0 0
1000	1	 0 1 1 1 0 1 1 1 1 0 0 1 0 0 1 0 0 0 0 0
1000	11	 0 1 1 1 1 1 0 0 0 0 0 1 0 0 0 0 0 0 0 0
1000	6	 1 1 1 0 0 1 1 1 0 0 0 1 1 0 1 0 0 0 0 0
1000	4	 1 1 1 1 1 0 1 0 1 0 0 1 1 1 0 0 0 0 1 0
1000	14	 1 1 1 0 1 1 0 1 1 0 0 1 0 0 0 0 0 0 0 0
1000	7	 1 1 1 1 1 1 0 0 1 0 1 1 0 0 0 1 0 0 0 0
1000	13	 1 1 1 1 1 0 1 1 1 0 0 1 1 1 1 0 0 0 0 0
1000	1	 1 1 1 1 0 0 1 1 0 0 1 1 1 1 0 0 0 0 0 1
1000	2	 1 0 1 1 1 0 1 0 1 1 0 1 0 0 0 0 0 0 0 0
1000	3	 1 0 1 1 1 1 1 1 1 0 0 1 1 0 0 0 0 0 0 0
1000	3	 1 1 1 1 1 1 0 0 1 0 0 1 0 0 1 0 0 0 0 1
1000	12	 1 1 1 1 0 0 1 1 0 0 0 1 1 0 1 0 0 0 0 0
1000	12	 1 1 1 1 1 0 1 1 1 0 0 1 1 1 0 0 0 1 0 0
1000	4	 1 1 1 1 1 0 1 0 0 0 0 0 0 0 0 0 0 0 0 0
1000	6	 1 1 1 1 0 1 0 1 1 0 0 1 1 1 0 0 0 0 0 1
1000	1	 1 1 1 1 1 1 0 0 0 0 0 0 1 0 1 0 0 1 0 0
1000	1	 1 0 1 1 0 1 1 1 1 0 1 1 0 1 0 1 0 1 0 0
1000	5	 1 1 1 1 1 1 0 0 1 0 0 0 0 0 0 0 0 0 0 0
1000	4	 1 0 1 1 0 1 1 1 1 0 0 1 1 0 1 0 0 0 0 0
1000	4	 1 1 1 0 1 1 0 1 1 0 0 1 0 0 1 0 0 0 0 0
1000	5	 1 1 1 1 0 0 1 1 0 0 0 1 1 0 0 1 0 1 0 0
1000	6	 1 1 1 1 0 1 0 0 1 0 0 1 1 0 1 1 1 0 0 0
1000	5	 1 1 1 1 1 1 1 1 1 1 0 1 0 0 0 0 0 0 0 1
1000	3	 1 1 1 1 1 1 0 0 0 0 0 0 1 1 0 0 0 0 0 0
1000	6	 1 1 1 1 1 1 0 0 0 0 0 0 1 0 0 0 0 0 0 0
1000	2	 0 1 1 1 1 0 1 1 1 0 0 1 1 1 1 0 0 0 0 0
1000	1	 1 0 1 1 1 1 0 1 1 0 0 1 1 0 0 0 0 0 0 0
1000	2	 0 0 1 1 1 1 0 1 1 0 0 1 1 1 0 0 0 0 0 1
1000	2	 1 1 1 1 1 0 0 0 0 0 0 1 1 0 0 0 0 0 0 0
1000	2	 1 0 0 1 0 1 1 1 1 0 0 1 1 0 0 0 0 0 0 0
1000	3	 1 1 1 1 1 0 0 0 0 0 0 0 1 0 1 0 0 0 0 0
1000	3	 1 1 1 1 1 1 0 0 0 0 0 1 1 0 1 1 0 0 1 0
1000	3	 1 1 1 1 1 1 0 0 0 0 0 1 0 0 0 0 0 0 0 0
1000	2	 1 1 1 1 1 1 0 0 1 1 0 1 0 0 0 0 0 0 0 0
1000	9	 1 0 0 1 1 0 1 0 1 0 0 1 0 0 0 0 0 0 0 0
1000	1	 1 1 1 1 1 0 1 0 1 0 0 1 0 0 0 0 0 0 0 1
1000	5	 1 0 1 1 0 1 1 1 1 0 0 1 0 0 1 0 0 0 0 1
1000	2	 1 1 1 1 0 0 1 1 1 0 0 1 1 0 0 1 0 0 0 0
1000	2	 1 1 1 1 1 0 1 0 1 0 0 1 1 0 0 0 0 0 0 0
1000	1	 1 1 1 1 1 0 1 0 1 0 0 1 1 1 0 0 1 0 0 0
1000	2	 1 1 1 1 1 1 0 1 0 0 0 1 1 0 1 0 0 0 0 0
1000	2	 1 1 1 1 1 1 1 0 0 0 0 1 0 0 0 0 0 0 0 1
1000	2	 1 1 1 1 1 1 0 1 1 0 0 1 0 0 1 0 0 0 0 0
1000	1	 1 1 1 1 1 0 0 0 1 1 0 1 0 0 0 0 0 0 0 0
1000	3	 1 1 1 1 1 0 1 0 0 0 0 1 1 0 0 1 0 0 0 0
1000	1	 1 1 1 1 0 0 0 1 1 0 0 1 1 0 0 0 0 0 0 0
1000	2	 1 1 1 1 0 1 0 0 1 0 0 1 1 0 0 0 0 0 0 1
1000	4	 0 1 1 0 1 1 0 0 1 0 0 1 1 0 1 0 0 0 0 0
1000	1	 1 1 1 1 1 0 1 1 1 0 0 1 1 1 0 1 0 1 0 0
1000	1	 1 0 0 1 1 0 1 0 1 0 1 1 0 0 0 0 0 0 0 0
1000	1	 1 1 1 1 1 1 0 0 1 0 0 1 0 0 0 0 0 0 0 1
1000	1	 1 1 1 1 0 0 0 1 1 0 1 1 1 1 0 0 0 0 0 1
1000	1	 1 0 1 1 0 0 1 1 1 0 0 1 1 0 1 0 0 0 0 0
1000	1	 1 1 0 1 0 1 1 1 0 0 0 1 1 0 0 0 0 0 0 0
1000	1	 1 1 1 0 1 1 0 0 1 0 0 1 0 0 1 0 0 0 0 0
1000	2	 1 1 1 1 0 0 1 0 1 0 0 1 1 0 1 0 0 0 0 0
1000	3	 1 1 1 1 0 0 1 0 0 1 0 0 0 0 0 0 0 0 0 0
1000	1	 1 1 1 1 0 0 1 0 0 0 0 1 0 1 0 0 0 0 0 0
1000	1	 1 1 1 1 0 1 0 0 1 0 0 1 1 0 1 0 1 0 0 0
1000	2	 0 1 1 1 1 1 1 0 0 0 0 1 1 1 0 0 0 0 0 1
1000	3	 1 1 1 1 1 1 0 0 0 0 0 0 1 1 1 0 0 0 0 0
1000	2	 1 1 1 1 0 1 0 0 0 0 0 0 1 0 1 0 0 0 0 0
1000	1	 1 1 1 1 0 1 1 1 1 0 1 1 1 0 0 1 0 1 0 0
1000	1	 1 1 1 1 1 1 1 0 1 0 0 0 0 0 0 0 0 0 0 0
1000	2	 1 1 1 1 1 1 1 1 1 1 0 1 0 0 0 0 0 1 0 1
1000	3	 1 1 1 0 1 1 1 1 1 0 0 1 0 0 0 0 0 0 1 0
1000	1	 1 1 1 1 0 0 0 1 1 0 0 1 1 0 1 0 0 0 0 0
