0	250	 0 0 0 0 1 1 1 0 0 0 1 0 0 0 0 0 0 0 0 0
0	250	 0 1 0 1 0 1 0 0 0 0 0 0 0 0 1 0 1 0 0 0
0	250	 1 1 0 0 0 0 0 0 0 0 0 0 0 0 1 1 1 0 1 0
0	250	 1 0 1 0 0 0 0 0 0 0 1 0 0 0 0 1 0 0 1 0
10	159	 0 0 0 0 1 1 1 0 0 0 1 0 0 0 0 0 0 0 0 0
10	118	 0 1 0 1 0 1 0 0 0 0 0 0 0 0 1 0 1 0 0 0
10	146	 1 1 0 0 0 0 0 0 0 0 0 0 0 0 1 1 1 0 1 0
10	301	 1 0 1 0 0 0 0 0 0 0 1 0 0 0 0 1 0 0 1 0
10	6	 0 1 0 1 0 0 0 0 0 0 0 0 0 0 1 1 1 0 1 0
10	1	 0 1 0 1 0 0 0 0 0 0 1 0 0 0 0 1 0 0 1 0
10	8	 1 1 0 0 0 0 0 0 0 0 0 0 1 0 1 1 1 0 1 0
10	1	 1 0 1 0 0 0 0 1 0 0 1 0 0 0 0 1 0 0 1 0
10	18	 0 0 0 0 1 1 1 0 0 0 1 0 0 0 0 1 0 0 1 0
10	3	 1 1 0 0 0 0 0 0 0 0 0 0 0 0 1 0 1 0 0 0
10	4	 0 0 0 0 0 1 1 0 0 0 1 0 0 0 0 0 0 0 0 0
10	4	 0 1 0 1 0 1 0 0 0 0 0 0 1 0 1 0 1 0 0 0
10	1	 0 1 0 1 0 1 0 1 0 0 0 0 0 0 1 0 1 0 0 0
10	4	 1 0 1 0 1 0 0 0 0 0 1 0 0 0 0 1 0 0 1 0
10	14	 1 1 0 0 0 0 0 0 0 0 0 0 0 0 1 0 1 0 0 1
10	8	 0 0 0 0 1 1 1 0 0 0 1 0 0 0 0 0 0 0 1 0
10	19	 1 0 0 1 0 1 0 0 0 0 0 0 0 0 1 0 1 0 0 0
10	3	 0 0 0 0 1 1 1 0 0 0 1 0 0 0 0 0 0 1 0 0
10	8	 0 1 0 1 0 1 1 0 0 0 0 0 0 0 1 0 1 0 0 0
10	1	 0 1 0 1 0 1 0 0 0 0 0 0 0 0 1 0 0 0 0 0
10	3	 0 1 0 1 0 1 0 0 1 0 0 0 0 0 1 0 1 0 0 0
10	14	 1 0 1 0 0 0 0 0 0 0 1 0 0 0 0 0 0 0 1 0
10	4	 1 0 1 0 0 0 0 0 0 0 1 0 0 0 0 1 0 0 1 1
10	1	 1 1 0 0 0 0 0 0 0 0 0 0 1 0 1 1 0 0 1 0
10	2	 1 0 1 0 0 0 0 0 0 0 0 0 0 0 0 0 0 0 0 0
10	1	 1 0 1 0 0 0 0 0 0 0 1 0 0 0 1 0 1 0 0 0
10	2	 1 0 1 0 0 0 1 0 0 0 1 0 0 0 0 0 0 0 0 0
10	10	 1 0 1 0 1 1 1 0 0 0 1 0 0 0 0 0 0 0 0 0
10	8	 0 0 0 0 1 1 1 0 0 0 1 0 0 0 0 0 1 0 0 0
10	5	 0 1 0 1 0 1 0 0 0 1 0 0 0 0 1 0 1 0 0 0
10	1	 1 1 0 0 0 0 0 0 0 0 0 0 0 0 1 1 1 0 1 1
10	1	 1 0 1 0 0 0 0 0 0 0 1 0 0 0 0 0 0 0 0 0
10	10	 1 0 1 0 0 0 0 0 0 0 0 0 0 0 1 1 1 0 1 0
10	2	 0 0 0 0 1 1 1 0 0 0 1 1 0 0 0 0 0 0 0 0
10	5	 0 1 0 1 0 1 0 0 0 0 0 0 0 0 1 0 1 1 0 0
10	8	 1 0 1 1 0 0 0 0 0 0 1 0 0 0 0 1 0 0 1 0
10	4	 1 0 0 0 1 1 1 1 0 0 1 0 0 0 0 0 0 0 0 0
10	1	 1 1 0 0 0 1 0 0 0 0 0 0 0 0 0 1 1 0 1 0
10	1	 0 0 0 0 1 1 1 0 1 0 1 0 0 0 0 0 1 0 0 0
10	1	 0 0 0 0 1 1 1 0 0 0 0 0 0 0 1 0 1 0 0 0
10	3	 1 0 1 0 0 0 0 0 0 0 0 0 0 0 1 0 1 0 0 0
10	5	 0 0 0 0 1 1 1 0 1 0 1 0 0 0 0 0 0 0 0 0
10	2	 0 0 0 0 1 1 1 0 0 0 0 0 0 0 0 0 0 0 0 0
10	4	 1 1 0 0 1 0 0 0 0 0 0 0 0 0 1 1 1 0 1 0
10	4	 1 0 0 0 0 0 0 0 0 0 0 0 0 0 1 1 1 0 1 0
10	1	 1 1 0 0 0 0 0 0 0 1 0 0 0 0 1 1 1 0 1 0
10	2	 1 0 1 0 0 0 0 0 0 0 1 0 0 0 1 1 0 0 1 0
10	3	 1 1 0 0 0 0 0 0 0 0 0 0 0 0 0 1 1 0 1 1
10	3	 0 0 0 0 0 1 0 0 0 0 0 0 0 0 1 0 1 0 0 0
10	3	 1 1 0 0 0 0 0 1 0 0 0 0 0 0 1 0 1 0 0 0
10	1	 1 0 1 0 0 1 0 0 1 0 0 0 0 0 1 0 1 0 0 0
10	9	 1 0 1 0 0 0 0 0 0 0 1 1 0 0 0 1 0 0 1 0
10	2	 1 1 0 0 0 0 0 0 0 0 0 0 0 0 0 0 0 0 0 0
10	2	 1 0 0 0 0 0 0 0 0 0 0 0 1 0 1 1 0 0 1 0
10	1	 0 1 0 1 0 1 0 0 0 0 1 0 0 0 0 1 0 0 1 0
10	1	 0 0 0 0 1 1 1 0 0 0 1 0 0 0 1 0 0 0 0 0
10	1	 0 0 0 0 1 1 1 1 0 0 1 0 0 0 0 0 0 0 0 0
10	3	 0 1 0 0 1 1 1 0 0 0 1 0 0 0 0 0 0 0 0 0
10	1	 1 1 0 0 0 1 0 0 0 0 0 0 0 0 1 1 1 0 1 0
10	3	 1 0 1 0 0 0 0 0 0 0 1 0 0 0 0 1 1 0 1 0
10	2	 1 0 1 0 0 0 0 0 0 0 1 0 0 1 0 1 0 0 1 0
10	2	 1 0 1 0 0 0 0 0 1 0 1 0 0 0 1 0 1 0 0 0
10	2	 1 0 1 0 1 0 1 0 0 0 1 0 0 0 0 0 0 0 0 0
10	2	 0 0 0 0 1 0 0 0 0 0 0 0 0 0 1 1 1 0 1 0
10	1	 0 0 0 0 1 0 0 0 0 0 1 0 0 0 0 1 0 0 1 0
10	5	 1 0 0 0 1 1 1 0 0 0 1 0 0 0 0 0 0 0 0 0
10	2	 0 0 0 0 1 1 1 0 0 0 1 0 0 0 0 1 0 0 0 0
10	2	 0 1 0 1 0 1 0 0 0 0 0 0 0 0 1 1 1 0 0 0
10	1	 1 1 0 1 0 1 0 0 0 0 0 0 0 0 1 0 1 0 0 0
10	2	 1 1 0 0 0 0 0 0 0 0 0 0 0 0 1 1 0 0 1 0
10	4	 0 1 0 1 0 1 0 0 0 0 0 0 1 0 0 0 1 0 0 0
10	4	 0 1 0 1 0 1 0 0 1 0 0 0 1 0 1 0 1 0 0 0
10	4	 1 1 0 0 0 0 0 0 0 0 0 0 1 0 1 1 0 0 0 0
10	1	 1 0 1 0 1 1 1 0 0 0 1 0 0 0 0 0 1 0 0 0
10	1	 0 0 0 0 1 0 1 0 0 0 0 0 0 0 0 0 0 0 0 0
25	167	 0 0 0 0 1 1 1 0 0 0 1 0 0 0 0 0 0 0 0 0
25	20	 0 1 0 1 0 1 0 0 0 0 0 0 0 0 1 0 1 0 0 0
25	52	 1 1 0 0 0 0 0 0 0 0 0 0 0 0 1 1 1 0 1 0
25	240	 1 0 1 0 0 0 0 0 0 0 1 0 0 0 0 1 0 0 1 0
25	8	 1 1 0 0 0 0 0 0 0 0 0 0 1 0 1 1 1 0 1 0
25	47	 0 0 0 0 1 1 1 0 0 0 1 0 0 0 0 1 0 0 1 0
25	7	 0 1 0 1 0 1 0 0 0 0 0 0 1 0 1 0 1 0 0 0
25	15	 1 1 0 0 0 0 0 0 0 0 0 0 0 0 1 0 1 0 0 1
25	9	 0 0 0 0 1 1 1 0 0 0 1 0 0 0 0 0 0 0 1 0
25	6	 1 0 0 1 0 1 0 0 0 0 0 0 0 0 1 0 1 0 0 0
25	16	 1 0 1 0 0 0 0 0 0 0 1 0 0 0 0 1 0 0 1 1
25	26	 1 0 1 0 1 1 1 0 0 0 1 0 0 0 0 0 0 0 0 0
25	12	 0 0 0 0 1 1 1 0 0 0 1 0 0 0 0 0 1 0 0 0
25	2	 1 0 1 0 0 0 0 0 0 0 1 0 0 0 0 0 0 0 0 0
25	3	 1 0 1 1 0 0 0 0 0 0 1 0 0 0 0 1 0 0 1 0
25	12	 1 0 0 0 1 1 1 1 0 0 1 0 0 0 0 0 0 0 0 0
25	4	 1 1 0 0 0 0 0 0 0 1 0 0 0 0 1 1 1 0 1 0
25	14	 1 0 1 0 0 0 0 0 0 0 1 0 0 0 1 1 0 0 1 0
25	1	 1 0 1 0 0 1 0 0 1 0 0 0 0 0 1 0 1 0 0 0
25	8	 1 0 1 0 0 0 0 0 0 0 1 1 0 0 0 1 0 0 1 0
25	1	 0 0 0 0 1 1 1 0 0 0 1 0 0 0 1 0 0 0 0 0
25	13	 1 0 1 0 0 0 0 0 0 0 1 0 0 0 0 1 1 0 1 0
25	2	 1 0 0 0 1 1 1 0 0 0 1 0 0 0 0 0 0 0 0 0
25	14	 0 0 0 0 0 0 0 0 0 0 1 0 0 0 0 1 0 0 1 0
25	7	 0 1 0 0 0 0 0 0 0 0 0 0 0 0 1 1 1 0 1 0
25	15	 1 0 1 0 0 0 0 0 0 0 1 0 0 0 0 1 0 0 0 0
25	11	 1 0 1 0 0 0 0 0 0 0 1 0 0 0 0 1 0 1 1 0
25	3	 0 0 0 0 1 0 1 0 0 0 1 0 0 0 0 0 0 0 0 0
25	3	 1 0 1 0 0 0 0 0 0 0 0 0 0 0 0 1 0 0 1 0
25	4	 1 1 1 0 0 0 0 0 0 0 1 0 0 0 0 1 0 0 1 0
25	8	 1 0 1 0 0 1 0 0 0 0 1 0 0 0 0 1 0 0 1 0
25	19	 1 0 0 0 1 1 1 1 0 0 1 0 0 0 0 0 0 0 1 0
25	5	 1 0 1 0 1 0 0 0 0 0 1 0 0 0 0 1 0 0 1 0
25	24	 0 0 1 0 0 0 0 0 0 0 1 0 0 0 0 1 0 0 1 0
25	6	 1 0 1 0 0 0 0 0 0 1 1 0 0 0 0 1 0 0 1 0
25	8	 1 0 1 1 0 0 0 0 1 0 1 0 0 0 0 1 0 0 1 0
25	4	 1 1 0 0 0 0 1 0 0 0 1 0 0 0 1 0 0 0 0 0
25	6	 1 0 1 0 0 0 0 0 0 0 1 0 0 1 0 1 0 0 1 0
25	10	 1 0 1 0 0 0 0 0 0 0 1 0 1 0 0 1 0 0 0 0
25	2	 0 0 0 0 1 1 1 0 0 0 1 0 0 0 1 1 1 0 1 0
25	2	 1 1 0 0 0 0 0 0 0 0 0 0 0 0 0 1 0 0 1 0
25	2	 1 0 0 1 0 1 0 0 0 0 0 0 0 0 1 0 1 0 1 0
25	2	 1 1 0 0 0 0 1 0 0 0 1 0 0 0 0 0 0 0 0 0
25	1	 0 0 0 0 0 1 1 0 0 0 1 0 0 0 0 0 0 0 1 0
25	5	 1 0 1 0 0 0 0 1 0 0 1 0 1 0 0 1 0 0 1 0
25	4	 1 1 0 0 0 0 1 0 0 0 1 0 0 0 1 0 0 0 0 1
25	3	 0 0 0 0 1 0 0 0 0 0 1 0 0 0 0 1 1 0 1 0
25	3	 0 0 0 0 1 1 1 0 0 0 1 0 0 0 0 1 0 1 1 0
25	2	 1 0 1 0 0 0 0 0 0 0 0 0 0 0 1 0 1 0 0 0
25	6	 1 1 0 0 0 0 0 0 0 0 0 0 0 0 1 1 1 1 1 0
25	1	 1 1 0 0 0 0 0 0 1 0 0 0 0 0 1 1 1 0 1 0
25	9	 1 1 0 0 0 0 0 0 0 0 0 0 0 0 1 0 1 0 1 1
25	8	 1 0 1 0 0 0 1 0 0 0 1 0 0 0 0 1 0 0 1 1
25	3	 1 0 1 0 0 0 0 0 0 0 1 0 0 1 0 0 0 0 0 0
25	7	 1 1 0 0 0 0 0 0 0 0 1 0 0 0 0 1 0 0 1 0
25	8	 0 0 0 1 1 1 1 0 0 0 1 0 0 0 0 0 0 0 0 0
25	3	 0 0 0 0 1 1 1 0 0 0 1 0 0 0 0 0 0 0 0 1
25	2	 0 0 0 0 1 0 1 0 0 0 1 0 0 0 0 1 0 0 1 0
25	3	 1 1 1 0 0 0 0 0 0 0 0 0 0 0 1 0 1 0 0 1
25	10	 0 0 0 0 1 1 1 0 0 0 1 0 0 0 0 0 0 0 1 1
25	1	 0 1 0 0 0 1 0 0 0 0 0 0 0 0 1 0 1 0 0 0
25	6	 1 1 0 0 0 0 0 0 0 0 1 0 0 0 1 1 1 0 1 0
25	3	 1 0 1 0 0 0 0 1 0 0 1 0 0 0 0 1 0 0 1 0
25	1	 1 1 0 0 0 0 1 0 0 0 0 0 0 0 1 0 1 0 0 1
25	3	 0 0 0 0 1 1 1 0 1 0 1 0 0 0 0 0 0 0 1 0
25	3	 1 0 1 0 0 0 0 0 0 0 1 0 0 0 1 1 1 0 1 0
25	2	 1 1 0 0 0 0 0 0 0 0 0 0 0 0 1 0 1 0 1 0
25	2	 1 0 1 0 0 0 0 0 1 0 1 0 0 0 0 1 0 0 1 0
25	2	 0 0 0 0 1 1 1 0 0 0 1 0 0 0 0 1 1 0 1 0
25	1	 0 1 0 1 0 1 0 0 0 0 1 0 0 0 1 0 1 1 0 0
25	7	 0 0 0 0 0 1 1 0 0 0 1 0 0 0 1 0 0 0 0 0
25	4	 1 0 1 0 0 0 0 0 0 1 1 0 0 0 0 1 1 0 1 0
25	1	 1 0 1 0 0 0 0 0 0 0 1 0 0 0 0 1 0 0 0 1
25	1	 1 0 0 0 0 0 0 0 0 0 0 0 0 0 0 1 0 0 1 0
25	1	 1 0 1 0 0 1 0 0 0 0 1 0 0 0 0 0 0 0 0 0
25	2	 0 0 0 0 0 0 0 0 1 0 0 0 0 0 1 1 1 0 1 0
25	3	 0 0 0 0 1 1 1 0 0 0 1 0 0 0 0 1 0 0 0 0
25	5	 0 0 0 0 1 1 1 0 0 1 1 0 0 0 0 0 0 0 0 0
25	3	 0 0 0 0 1 1 1 0 0 0 1 0 0 1 0 1 0 0 1 0
25	2	 1 0 1 0 0 0 0 1 0 0 1 0 0 0 0 1 1 0 1 0
25	2	 0 0 1 0 1 0 0 0 0 0 1 0 0 0 0 1 0 0 1 0
25	5	 1 1 1 1 0 0 0 0 1 0 1 0 0 0 0 1 0 0 1 0
25	3	 1 1 1 0 0 0 1 0 0 0 1 0 0 0 0 0 0 0 0 0
25	1	 0 0 0 0 1 0 0 0 0 0 0 0 0 0 1 1 1 0 1 0
25	1	 1 0 1 0 0 0 0 0 0 0 0 0 0 0 1 1 1 1 1 0
25	3	 1 0 1 0 0 0 0 0 0 0 1 0 0 0 0 1 1 1 1 0
25	2	 1 0 1 0 1 1 1 1 0 0 1 0 0 0 0 0 0 0 0 0
25	2	 1 0 0 0 1 1 1 0 0 0 1 0 0 0 0 0 0 0 1 1
25	1	 0 0 1 0 0 1 1 0 0 0 1 0 0 0 0 0 0 0 0 0
25	1	 0 0 0 0 1 1 1 0 0 0 1 0 0 1 0 0 0 0 0 0
25	1	 0 0 0 0 1 1 0 0 0 0 1 0 0 0 0 0 0 0 0 0
25	1	 1 1 0 0 0 0 0 0 0 0 0 0 0 1 1 0 1 0 0 1
25	2	 1 0 1 0 0 0 0 0 0 1 1 0 0 0 0 1 0 0 0 0
25	1	 1 0 1 0 0 1 0 0 0 1 1 0 0 0 0 1 0 0 1 0
25	3	 0 0 0 0 1 0 0 1 0 0 1 0 0 0 0 1 1 0 1 0
70	11	 0 0 0 0 1 1 1 0 0 0 1 0 0 0 0 0 0 0 0 0
70	252	 1 0 1 0 0 0 0 0 0 0 1 0 0 0 0 1 0 0 1 0
70	24	 0 0 0 0 1 1 1 0 0 0 1 0 0 0 0 1 0 0 1 0
70	52	 1 0 1 0 0 0 0 0 0 0 1 0 0 0 0 0 0 0 0 0
70	7	 1 0 1 0 0 0 0 0 0 0 1 0 0 0 0 1 1 0 1 0
70	13	 1 0 0 0 1 1 1 0 0 0 1 0 0 0 0 0 0 0 0 0
70	40	 1 0 1 0 0 0 0 0 0 0 1 0 0 0 0 1 0 0 0 0
70	12	 1 0 1 0 0 1 0 0 0 0 1 0 0 0 0 1 0 0 1 0
70	13	 0 0 1 0 0 0 0 0 0 0 1 0 0 0 0 1 0 0 1 0
70	11	 1 1 0 0 0 0 0 0 0 0 1 0 0 0 0 1 0 0 1 0
70	1	 1 1 0 0 0 0 0 0 0 0 1 0 0 0 1 1 1 0 1 0
70	14	 1 0 1 0 0 0 0 1 0 0 1 0 0 0 0 1 0 0 1 0
70	5	 1 0 1 0 0 0 0 0 1 0 1 0 0 0 0 1 0 0 1 0
70	10	 1 1 1 1 0 0 0 0 1 0 1 0 0 0 0 1 0 0 1 0
70	3	 1 0 1 0 1 1 1 0 0 0 1 0 0 0 0 0 0 0 1 0
70	22	 1 0 1 0 0 0 1 0 0 0 1 0 0 0 0 1 0 0 1 0
70	4	 0 1 0 0 1 1 1 0 0 0 1 0 0 0 0 0 0 0 0 0
70	5	 1 1 0 0 0 0 0 0 0 0 1 0 0 0 0 0 0 0 0 0
70	40	 1 0 1 1 0 0 0 1 0 0 1 0 0 0 0 1 0 0 1 0
70	77	 1 0 1 0 0 0 0 0 0 0 1 0 1 0 0 1 0 0 1 0
70	15	 1 1 0 0 1 1 1 0 0 0 1 0 0 0 0 0 0 0 0 0
70	3	 1 0 1 0 1 1 1 0 1 0 1 0 0 0 0 0 0 0 0 0
70	19	 1 1 1 1 0 0 0 0 0 0 1 0 1 0 0 1 0 1 1 0
70	6	 0 0 0 0 1 0 1 0 0 0 1 0 0 0 1 0 0 0 0 0
70	4	 1 0 1 0 0 0 0 0 0 0 0 0 0 0 1 1 1 0 1 0
70	11	 0 0 1 0 0 0 0 1 0 0 1 0 0 0 0 1 0 0 0 0
70	1	 1 0 0 0 1 1 1 0 0 0 1 0 0 0 0 1 0 0 1 0
70	2	 1 0 1 1 0 0 0 0 0 0 1 0 0 0 0 1 0 0 1 0
70	23	 1 0 1 1 0 1 0 1 0 0 1 0 0 0 0 1 0 0 1 0
70	7	 0 0 0 0 1 1 1 0 0 0 1 0 0 0 0 0 0 0 1 0
70	6	 1 0 1 1 0 0 0 1 0 0 1 0 0 0 0 1 0 0 0 0
70	3	 1 1 0 0 0 0 0 0 0 1 0 0 0 0 1 1 1 0 1 0
70	9	 1 1 1 0 1 1 0 0 0 0 1 0 0 0 0 1 0 0 0 0
70	10	 1 1 1 0 0 0 0 0 0 0 1 0 0 0 0 1 0 0 1 0
70	3	 0 0 0 0 1 1 1 1 0 0 1 0 0 0 0 1 1 0 1 0
70	31	 1 1 1 1 0 0 0 1 1 0 1 0 0 0 0 1 0 0 1 0
70	6	 1 0 1 1 0 0 0 0 0 0 1 0 1 0 0 1 0 0 1 0
70	1	 0 0 1 0 0 0 0 0 0 0 1 0 0 0 0 1 0 0 0 1
70	19	 1 1 0 0 0 0 0 0 0 0 1 0 0 0 0 1 0 0 1 1
70	2	 0 0 0 0 1 0 0 0 0 0 1 1 1 0 0 1 0 1 1 0
70	6	 1 1 1 0 1 1 0 0 0 0 1 0 0 0 0 1 0 0 1 0
70	17	 1 0 1 0 0 0 0 0 0 0 1 1 0 0 0 1 0 0 0 0
70	1	 1 1 1 0 0 0 0 0 0 0 1 0 0 0 0 0 0 0 0 0
70	7	 1 0 1 1 0 0 0 0 1 0 1 0 0 0 0 1 0 0 1 0
70	4	 0 0 0 0 1 1 1 0 0 0 0 0 0 0 0 0 0 0 0 0
70	5	 1 0 0 0 1 1 1 0 0 0 1 0 0 0 0 1 0 0 0 0
70	6	 1 1 0 0 1 1 0 0 0 0 1 0 0 0 0 1 0 0 0 0
70	4	 1 1 1 1 0 0 0 0 0 0 1 0 1 0 0 1 0 1 0 0
70	7	 1 1 1 0 0 0 0 0 0 0 1 0 0 0 0 1 0 1 1 0
70	5	 1 1 1 0 1 0 0 0 0 0 1 0 0 1 0 1 1 0 1 0
70	1	 0 0 0 1 1 1 1 0 0 1 1 0 0 0 0 0 0 0 1 0
70	9	 0 0 1 0 1 0 0 0 0 0 1 0 0 0 0 1 1 0 0 0
70	16	 1 1 0 0 0 0 0 0 0 0 1 0 0 0 1 1 0 0 1 0
70	7	 1 0 1 0 0 0 0 1 1 0 1 0 0 0 0 1 0 0 1 0
70	1	 0 1 0 0 1 1 1 0 0 1 1 0 0 0 0 0 0 0 0 0
70	3	 0 1 0 0 0 0 0 0 0 0 1 0 0 0 0 1 0 0 1 0
70	2	 0 0 0 0 1 1 1 0 0 0 1 0 0 0 1 1 0 0 1 0
70	1	 0 0 0 1 1 1 1 0 0 0 1 0 0 0 0 0 0 0 1 1
70	1	 1 0 1 0 0 0 0 0 0 0 1 1 1 0 1 1 0 0 0 0
70	3	 1 0 1 0 0 0 0 0 0 0 1 0 0 0 0 0 0 0 1 0
70	3	 1 1 1 0 1 0 0 0 0 0 1 0 0 0 1 1 1 0 1 0
70	3	 0 0 1 0 1 0 0 0 0 0 0 0 0 0 0 1 1 0 0 0
70	1	 0 0 0 0 1 1 0 0 0 0 1 0 0 0 1 1 0 0 1 0
70	3	 1 0 1 0 1 0 1 0 0 0 1 0 0 0 0 1 0 0 1 0
70	6	 0 1 0 0 1 1 1 0 0 0 1 0 0 0 0 1 0 0 1 0
70	1	 1 0 0 0 0 0 0 0 0 0 1 0 0 0 0 1 0 0 1 0
70	3	 1 0 0 0 1 1 1 0 0 0 1 0 0 0 1 1 0 0 1 0
70	2	 1 1 1 0 1 1 0 0 0 1 1 0 0 0 0 1 0 0 0 0
70	2	 1 0 1 0 0 0 0 0 0 0 1 0 0 0 0 1 0 0 0 1
70	2	 1 0 1 0 0 0 0 0 0 0 0 0 0 0 0 0 0 0 1 0
70	2	 1 1 1 1 0 0 1 0 0 0 1 0 0 0 1 1 0 0 1 0
70	6	 1 0 1 0 0 0 0 0 0 0 1 0 0 0 0 1 0 0 1 1
70	2	 1 1 1 1 0 0 0 1 0 0 1 1 0 0 0 1 0 0 1 0
70	4	 1 0 1 0 0 0 0 1 0 0 1 0 0 0 0 0 0 1 0 0
70	2	 1 0 1 0 0 0 0 0 0 0 1 0 0 1 0 1 0 0 1 0
70	5	 1 1 1 1 0 0 0 0 0 0 1 0 1 0 1 1 0 1 1 0
70	1	 1 0 0 0 1 1 1 0 0 0 1 0 0 0 0 1 0 1 1 0
70	1	 1 1 1 0 0 0 0 0 0 0 1 0 0 0 0 1 0 1 0 0
70	2	 0 0 0 0 1 1 1 0 0 0 1 0 0 0 1 0 0 0 0 0
70	2	 1 0 1 0 0 0 0 0 0 0 1 1 0 0 0 1 0 0 1 0
70	7	 1 0 1 0 0 0 0 0 0 0 1 0 0 0 0 1 1 0 0 0
70	1	 1 0 1 0 1 1 1 0 1 0 1 0 0 0 0 0 0 0 1 0
70	1	 1 1 1 1 0 0 0 0 1 0 1 0 0 1 0 1 0 0 1 0
70	2	 0 1 0 0 1 1 1 0 0 0 1 0 0 0 0 0 0 1 0 0
70	2	 1 1 1 1 0 1 0 0 0 0 1 0 1 0 0 1 0 1 1 0
70	3	 1 0 1 1 0 1 0 1 0 1 1 0 0 0 0 1 0 0 1 0
70	2	 1 1 1 1 1 0 0 1 1 0 1 0 0 0 0 1 0 0 1 0
70	4	 1 0 0 0 1 1 1 0 1 0 1 0 0 0 0 1 0 0 0 0
70	2	 1 1 1 1 0 0 0 0 0 0 1 0 1 0 0 0 0 1 0 0
70	1	 0 0 1 0 1 0 0 0 0 0 1 0 0 0 1 1 1 0 0 0
70	1	 1 0 1 0 0 0 0 0 0 0 1 0 0 0 0 1 0 1 1 0
70	1	 1 0 1 0 1 1 1 0 0 0 1 0 0 0 0 0 0 0 0 0
70	2	 0 0 0 0 1 1 1 1 0 0 1 0 0 0 0 1 0 0 1 0
70	3	 1 1 1 0 1 0 0 0 0 0 1 0 0 0 0 1 0 0 1 0
70	1	 0 1 0 0 1 1 1 0 0 0 1 0 0 0 0 1 0 0 0 0
70	2	 1 0 1 0 0 1 0 0 0 0 1 0 0 0 0 0 0 0 0 0
70	2	 1 0 0 0 1 1 1 0 0 0 1 0 0 0 0 0 1 0 0 0
70	1	 1 0 1 0 0 0 0 0 1 0 1 0 0 0 0 1 0 1 1 0
70	2	 1 1 0 1 1 1 1 0 0 0 1 0 0 0 0 0 0 0 0 0
70	2	 0 0 0 0 1 1 1 0 0 0 0 0 0 0 0 0 0 0 0 1
70	1	 1 0 1 0 0 0 0 0 0 0 0 0 0 0 1 1 0 0 1 0
70	1	 0 1 0 0 1 1 0 0 0 0 1 0 0 0 0 0 0 1 0 0
135	11	 1 0 1 0 0 0 0 0 0 0 1 0 0 0 0 1 0 0 1 0
135	6	 1 0 1 0 0 0 0 0 0 0 1 0 0 0 0 0 0 0 0 0
135	3	 1 0 1 0 0 0 0 0 0 0 1 0 0 0 0 1 0 0 0 0
135	7	 1 0 1 0 0 0 0 1 0 0 1 0 0 0 0 1 0 0 1 0
135	9	 1 0 1 0 0 0 0 0 0 0 1 0 1 0 0 1 0 0 1 0
135	1	 1 0 1 1 0 1 0 1 0 0 1 0 0 0 0 1 0 0 1 0
135	9	 1 0 1 1 0 0 0 0 1 0 1 0 0 0 0 1 0 0 1 0
135	110	 1 1 1 0 1 1 0 0 0 1 1 0 0 0 0 1 0 0 0 0
135	57	 1 1 0 1 1 1 1 0 0 0 1 0 0 0 0 0 0 0 0 0
135	74	 1 0 1 0 0 0 0 0 0 1 1 0 1 0 0 1 0 0 1 0
135	5	 1 0 1 1 0 0 0 1 0 0 1 0 0 0 0 1 1 0 1 0
135	1	 1 0 1 0 0 0 0 1 0 0 1 0 0 0 0 0 0 0 0 0
135	8	 1 1 1 1 0 0 0 0 0 0 1 0 1 0 0 1 0 0 0 0
135	16	 1 0 1 0 0 0 0 0 0 1 1 0 0 0 0 1 0 0 0 0
135	34	 1 0 1 1 0 1 0 1 0 1 1 0 0 0 0 0 0 0 0 0
135	6	 1 1 1 1 0 0 0 0 0 0 1 0 0 0 0 0 0 0 0 0
135	20	 1 1 1 0 1 1 1 0 0 1 1 0 0 0 0 1 0 0 1 0
135	25	 1 1 0 1 1 1 1 1 0 0 1 0 0 0 0 0 0 0 0 0
135	33	 1 1 1 0 0 1 0 0 0 1 1 0 0 0 0 1 0 0 0 0
135	3	 1 1 1 1 0 0 0 0 0 0 1 0 0 0 0 1 0 0 1 0
135	9	 1 1 0 1 1 1 1 0 0 0 1 0 0 0 0 0 0 0 1 0
135	16	 1 1 1 0 0 0 0 0 0 0 1 0 0 0 0 1 0 0 1 0
135	31	 1 0 1 1 0 0 0 0 0 0 1 0 0 0 0 1 0 0 1 0
135	4	 1 1 0 1 1 1 1 0 0 0 1 1 0 0 0 0 0 0 0 0
135	13	 1 1 1 0 0 0 0 0 0 0 1 0 1 0 0 1 0 0 1 0
135	7	 1 0 1 0 0 1 0 0 0 0 1 0 0 0 0 0 0 0 0 0
135	12	 1 1 1 1 0 1 0 0 0 0 1 0 1 0 0 1 0 1 1 0
135	21	 1 0 1 1 0 1 0 1 0 1 1 0 0 0 0 0 1 0 0 0
135	9	 1 1 1 1 1 0 0 0 1 0 1 0 0 0 0 0 0 0 0 0
135	48	 1 1 1 0 1 1 0 0 0 1 1 0 0 0 0 1 0 0 1 0
135	5	 0 0 0 0 1 1 0 1 0 1 1 0 0 0 0 0 1 0 0 0
135	1	 1 1 0 1 1 0 0 1 0 0 1 1 0 0 0 1 0 0 1 0
135	12	 1 0 1 0 0 0 0 0 0 1 1 0 0 0 0 0 0 0 0 0
135	9	 1 0 1 0 0 0 0 0 0 1 1 0 1 0 0 1 0 0 0 0
135	12	 1 1 1 1 1 1 1 0 0 1 1 0 0 0 0 0 0 0 0 0
135	5	 1 0 1 1 0 0 0 0 0 0 1 0 0 0 0 1 1 0 1 0
135	4	 1 1 1 0 0 0 0 0 0 0 1 0 1 0 0 0 1 0 0 0
135	15	 0 1 0 0 1 0 1 0 0 0 0 0 0 0 1 0 0 0 0 0
135	10	 1 1 1 0 1 1 0 0 0 1 1 0 0 0 0 0 0 0 0 0
135	11	 1 0 1 0 0 0 0 1 0 1 1 0 0 0 0 0 1 0 0 0
135	7	 1 1 0 1 0 0 0 1 0 0 1 0 0 0 0 1 0 0 1 0
135	3	 1 0 1 1 0 1 0 1 0 1 1 1 0 0 0 0 0 0 0 0
135	4	 1 0 1 1 0 0 0 1 1 0 1 1 0 0 0 0 0 0 0 0
135	5	 1 1 1 0 1 1 0 0 1 1 1 0 0 0 0 1 0 0 0 0
135	27	 1 0 1 1 0 0 0 1 0 1 1 0 0 0 0 0 0 0 0 0
135	6	 1 1 1 0 0 1 0 0 0 1 1 0 0 0 0 1 1 0 0 0
135	11	 1 0 0 0 0 0 0 0 0 0 1 0 0 0 0 1 0 0 0 0
135	10	 1 0 1 0 0 0 0 1 0 0 1 1 0 0 0 1 0 0 1 0
135	1	 1 0 1 1 0 0 0 0 0 0 1 1 0 0 0 1 0 0 0 0
135	1	 1 0 1 0 0 0 0 1 0 1 0 0 0 0 0 1 0 0 0 0
135	10	 1 0 1 1 0 0 0 1 0 0 1 0 0 0 0 1 1 0 0 0
135	4	 1 1 1 1 0 0 0 1 0 0 1 0 0 0 0 0 0 0 0 0
135	6	 1 0 1 1 0 0 0 1 0 0 1 0 0 0 0 1 0 0 0 0
135	1	 1 1 1 0 1 1 0 1 0 1 1 0 0 0 0 1 1 0 1 0
135	3	 1 0 0 0 0 1 0 0 0 1 1 0 0 0 0 1 0 0 0 1
135	3	 1 1 1 0 0 1 0 0 0 1 1 0 0 0 0 1 0 0 1 0
135	1	 0 0 1 0 0 1 0 0 0 0 1 0 0 0 0 1 0 0 1 0
135	6	 1 0 1 1 0 0 0 1 0 0 1 0 0 0 0 0 0 0 1 0
135	2	 1 1 1 0 1 1 0 0 0 1 1 0 0 1 0 1 0 0 0 0
135	1	 0 1 1 0 1 0 1 0 0 1 1 0 0 0 0 1 0 0 1 0
135	16	 1 1 1 0 0 1 0 0 1 1 1 0 0 0 0 0 0 0 0 0
135	4	 1 0 1 0 0 0 0 1 0 0 1 0 0 1 0 1 0 0 1 0
135	5	 1 0 1 1 0 0 0 1 1 0 1 0 0 0 0 1 0 0 1 0
135	5	 1 1 1 1 0 0 0 0 0 0 1 0 1 0 0 0 0 0 0 0
135	6	 1 0 1 0 0 0 0 0 0 0 0 0 0 0 0 1 0 0 1 0
135	10	 1 0 1 0 0 0 0 1 0 0 1 1 0 0 0 0 0 0 0 0
135	15	 1 1 1 0 0 1 0 0 0 1 1 0 1 0 0 1 0 0 0 0
135	4	 0 0 0 0 1 1 0 1 0 1 1 0 1 0 0 0 1 0 0 0
135	11	 1 1 1 0 1 1 1 0 0 1 1 0 1 0 0 1 0 0 1 0
135	1	 0 1 1 0 1 1 0 0 0 1 1 0 0 0 0 1 0 0 0 0
135	5	 1 1 1 1 0 0 0 0 0 0 1 0 0 1 0 1 0 0 1 0
135	5	 1 1 1 0 1 1 0 0 0 1 1 0 0 0 0 1 0 1 0 0
135	1	 1 0 1 0 0 0 0 0 0 1 1 0 1 0 1 1 0 0 1 0
135	5	 1 0 1 1 0 1 0 1 0 1 1 0 1 0 0 0 0 0 0 0
135	2	 1 0 1 0 0 1 0 0 0 1 1 0 0 0 0 1 0 0 0 0
135	2	 0 0 1 0 0 1 0 0 0 0 1 0 1 0 0 1 0 0 1 0
135	5	 1 0 1 1 0 1 0 0 0 0 1 0 0 0 0 1 0 0 0 0
135	6	 1 0 1 0 0 0 0 0 0 0 1 1 0 0 0 0 0 0 0 0
135	5	 1 0 1 0 0 0 0 0 0 1 1 0 1 0 0 0 0 0 0 0
135	1	 0 1 0 1 1 1 1 0 0 0 1 0 0 0 0 0 0 0 0 0
135	3	 1 1 0 1 1 1 1 0 0 0 1 0 0 1 0 0 0 0 0 0
135	6	 1 0 1 1 0 0 0 0 0 0 0 0 0 0 0 1 0 0 0 0
135	1	 0 0 1 0 1 1 0 1 0 1 1 0 1 0 0 0 1 0 0 0
135	1	 1 1 1 0 1 1 1 0 0 1 1 0 0 0 0 1 0 0 0 0
135	2	 1 1 1 0 0 1 0 0 0 1 1 0 0 0 0 0 0 0 0 0
135	1	 0 1 0 1 0 0 0 0 0 0 1 0 0 0 0 1 0 0 0 0
135	2	 1 0 1 0 0 0 0 1 0 1 1 0 0 0 0 1 0 0 0 0
135	3	 1 1 0 0 1 1 1 0 0 0 1 0 0 0 0 0 0 0 0 0
135	5	 1 0 1 1 0 1 0 0 0 1 1 0 0 0 0 0 0 0 0 0
135	7	 1 0 1 1 0 0 0 0 0 0 0 0 0 0 0 1 0 0 1 0
135	1	 0 1 1 0 1 1 0 0 0 1 1 0 0 0 1 1 0 0 0 0
135	3	 1 0 1 0 0 0 0 1 0 0 1 0 0 0 0 1 0 0 0 0
135	2	 0 1 1 0 0 0 0 0 0 1 1 0 0 0 0 0 0 0 0 0
135	6	 1 1 1 0 1 1 0 1 0 1 1 0 0 0 0 0 0 0 0 0
135	1	 0 0 1 0 0 0 0 0 0 0 1 0 1 0 0 1 0 0 1 0
135	1	 1 0 1 0 0 1 0 0 0 1 1 0 1 0 0 1 0 0 1 0
135	1	 1 1 0 1 1 1 1 1 1 0 1 0 0 0 0 0 0 0 0 0
135	4	 0 1 1 0 0 1 0 0 0 1 1 0 0 0 0 1 0 0 0 0
135	3	 1 1 1 1 1 1 1 0 0 1 1 0 0 0 0 0 1 0 0 0
135	1	 1 1 1 0 0 1 0 1 0 1 1 0 0 0 0 1 1 0 0 0
135	1	 1 0 0 0 0 1 0 0 0 1 1 0 0 0 0 0 0 0 0 0
135	2	 1 1 1 0 0 0 0 0 0 1 1 0 1 0 0 1 0 0 1 0
135	2	 1 1 0 1 1 1 1 0 0 1 1 0 0 0 0 0 1 0 0 0
135	1	 1 0 1 1 0 0 0 0 0 0 1 1 0 0 0 1 0 0 1 0
135	2	 1 0 1 0 0 0 0 0 0 1 1 0 0 0 0 1 0 0 1 0
135	1	 1 1 1 0 1 1 0 0 0 1 1 0 0 0 0 1 1 0 0 0
135	1	 1 0 1 0 0 0 0 0 1 1 1 0 1 0 0 1 0 0 1 0
135	2	 1 0 1 0 0 0 0 0 0 1 1 0 1 0 0 1 0 1 1 0
135	2	 1 1 1 1 0 0 0 0 0 0 1 0 0 1 0 0 0 0 0 0
135	1	 0 1 0 1 1 1 1 1 0 0 1 0 0 0 0 0 0 0 0 0
135	1	 1 1 1 1 0 0 0 0 0 0 1 0 1 0 0 1 0 0 1 0
135	1	 1 1 1 1 0 1 0 0 0 0 1 0 1 0 0 1 0 1 0 0
135	1	 1 1 1 1 1 1 1 0 0 1 1 0 0 0 1 0 0 0 0 0
135	3	 1 1 1 0 1 1 0 1 1 1 1 0 0 0 0 1 0 0 0 0
135	2	 1 1 1 0 1 1 0 0 1 0 1 0 0 0 0 1 0 0 0 0
135	2	 1 0 1 0 0 0 0 1 0 0 1 1 1 0 0 1 0 0 1 0
135	3	 1 1 1 0 1 1 0 1 0 1 1 0 0 1 0 1 0 0 0 0
250	109	 1 1 1 0 1 1 0 0 0 1 1 0 0 0 0 1 0 0 0 0
250	16	 1 0 1 0 0 0 0 0 0 1 1 0 1 0 0 1 0 0 1 0
250	38	 1 1 1 0 0 1 0 0 0 1 1 0 0 0 0 1 0 0 0 0
250	49	 1 1 1 0 1 1 0 0 0 1 1 0 0 0 0 1 0 0 1 0
250	5	 1 1 1 0 1 1 0 0 0 1 1 0 0 0 0 0 0 0 0 0
250	11	 1 1 1 0 1 1 0 0 1 1 1 0 0 0 0 1 0 0 0 0
250	8	 1 1 0 1 1 1 1 0 1 0 1 0 0 0 0 0 0 0 0 0
250	8	 1 1 1 0 1 0 0 0 0 0 1 0 0 0 0 1 0 0 0 0
250	28	 1 1 1 1 0 0 0 0 0 1 1 0 0 0 0 0 0 0 0 0
250	22	 1 1 1 1 1 1 0 0 0 1 1 0 0 0 0 1 0 0 0 0
250	11	 1 1 1 1 0 0 0 0 0 0 1 0 0 0 0 0 0 0 1 0
250	16	 1 1 1 0 0 1 0 0 0 1 1 0 0 0 0 0 0 0 0 0
250	6	 1 1 0 1 0 0 1 0 0 0 1 0 0 0 0 0 0 0 0 0
250	6	 1 1 1 1 1 0 0 0 0 1 1 1 0 0 0 1 0 0 1 0
250	24	 1 1 1 0 0 1 0 0 0 1 1 1 0 0 0 1 0 0 0 0
250	16	 1 1 1 0 0 1 0 0 0 1 1 0 1 1 0 0 0 0 0 0
250	25	 1 0 1 1 1 1 0 1 0 1 0 0 1 0 0 0 0 0 0 0
250	11	 1 0 1 1 0 1 0 0 0 1 1 0 0 0 0 1 0 0 0 0
250	3	 1 1 1 0 1 1 1 0 0 1 1 0 0 0 0 1 0 0 0 0
250	6	 1 1 1 1 0 1 0 0 0 1 1 0 0 0 0 1 0 0 0 0
250	7	 1 1 1 1 0 1 0 0 1 0 1 0 1 0 0 0 0 0 0 0
250	10	 1 1 1 1 0 0 0 0 0 0 1 1 1 0 0 0 0 0 0 0
250	5	 1 1 1 0 0 0 0 0 0 1 1 0 1 0 0 1 0 0 1 0
250	8	 1 1 1 0 1 1 0 0 0 1 1 0 0 0 0 1 0 0 0 1
250	17	 1 1 1 0 0 1 0 0 0 1 1 0 0 0 0 0 0 0 1 0
250	1	 1 1 1 1 0 0 0 0 0 0 1 0 0 0 1 1 0 0 0 0
250	12	 1 1 1 1 1 1 0 0 0 1 1 0 0 0 0 1 0 0 1 0
250	15	 1 1 1 0 0 0 0 0 0 1 1 0 0 0 0 1 0 0 0 0
250	5	 1 1 1 0 0 0 0 1 0 0 1 0 0 1 1 1 0 0 0 0
250	7	 1 0 1 0 1 0 0 0 0 0 1 0 0 0 0 1 0 0 0 0
250	12	 1 1 1 0 0 0 0 0 0 1 1 0 0 0 0 0 0 0 0 0
250	8	 1 1 1 1 1 1 0 1 0 1 0 0 1 0 0 0 0 0 0 0
250	8	 1 1 1 0 1 1 0 0 0 1 1 0 0 0 1 1 0 0 1 0
250	4	 1 1 1 1 0 0 0 0 0 0 1 0 0 0 0 1 0 0 0 1
250	4	 1 1 1 1 0 1 0 0 0 1 1 1 0 0 0 1 0 0 0 0
250	6	 1 0 1 1 1 1 1 1 0 1 0 0 1 0 0 0 0 0 1 1
250	2	 1 0 1 1 1 0 0 1 0 1 0 0 1 0 0 0 0 0 0 0
250	3	 1 1 0 1 1 1 0 1 0 1 1 0 0 0 0 1 0 0 0 0
250	21	 1 1 1 1 0 1 0 0 1 1 1 0 0 0 0 1 0 0 0 0
250	4	 1 1 1 0 1 1 1 0 0 1 1 0 0 0 0 1 0 1 0 0
250	10	 1 1 1 0 1 0 0 0 0 1 1 0 0 1 0 1 0 0 0 0
250	9	 1 1 1 0 1 1 0 0 0 1 1 1 0 0 0 1 0 0 1 0
250	6	 1 0 1 1 1 1 0 1 0 1 0 1 1 0 0 0 0 0 0 0
250	35	 1 1 1 0 0 1 0 0 0 1 1 1 0 0 0 1 0 0 1 0
250	4	 1 1 1 1 0 1 0 0 0 0 1 1 1 0 0 0 0 0 0 0
250	2	 1 1 1 0 1 1 0 0 1 1 1 0 0 0 0 1 0 0 1 0
250	9	 1 0 1 0 1 1 0 0 0 1 0 0 1 0 0 1 0 0 0 0
250	3	 1 1 1 0 0 0 0 1 0 0 1 0 0 0 0 1 0 0 1 0
250	11	 1 1 0 1 1 1 0 1 0 1 1 0 0 0 0 0 0 0 1 0
250	1	 1 1 1 0 0 1 0 0 1 0 1 0 0 0 0 0 0 0 1 0
250	6	 1 0 1 1 0 0 0 0 0 1 1 0 0 0 0 1 0 0 0 0
250	9	 1 1 1 0 0 1 0 0 0 1 1 0 0 0 0 0 1 0 1 0
250	1	 1 1 1 0 0 1 0 0 0 1 1 1 0 0 0 0 0 0 0 0
250	20	 1 1 1 1 0 0 0 0 0 1 1 0 0 0 0 1 0 0 0 0
250	5	 1 1 1 0 0 1 0 0 1 1 1 0 0 0 0 1 0 0 0 0
250	5	 1 1 1 1 1 1 0 1 0 1 1 0 0 1 0 0 0 1 0 0
250	5	 1 1 1 1 0 1 0 0 0 0 1 1 0 0 0 0 0 1 0 0
250	4	 1 1 1 0 0 0 0 0 0 0 1 1 1 0 0 0 0 0 0 0
250	16	 1 1 1 1 0 1 0 0 0 1 1 0 0 0 0 1 0 0 1 0
250	3	 1 1 1 1 0 0 1 0 0 0 0 0 0 0 0 0 0 0 0 0
250	9	 1 1 1 0 0 1 0 0 0 1 1 0 0 0 1 0 1 0 1 0
250	12	 1 1 1 0 0 0 0 0 0 1 1 0 0 1 1 1 0 0 0 0
250	8	 1 0 1 1 1 1 0 0 0 1 0 0 1 0 1 1 0 0 0 0
250	16	 1 1 1 0 1 1 1 0 1 1 1 0 0 0 0 1 0 0 0 0
250	5	 1 1 0 1 1 1 0 1 0 1 0 0 0 0 0 1 0 0 0 0
250	3	 1 0 1 0 0 0 0 0 0 1 1 0 1 0 0 0 0 0 0 0
250	3	 1 1 0 1 1 1 0 1 0 0 1 0 0 0 0 1 0 0 0 0
250	3	 1 1 1 0 1 1 0 0 0 1 1 0 0 0 0 1 0 1 1 0
250	3	 1 1 1 0 0 1 0 0 0 0 1 0 1 1 0 0 0 0 0 0
250	1	 1 1 1 0 0 0 0 0 0 0 1 0 0 0 0 0 0 0 0 0
250	2	 1 1 1 0 1 1 0 0 0 1 0 0 1 1 1 1 0 0 0 0
250	1	 0 0 1 1 1 1 1 1 0 1 0 0 1 0 0 0 0 0 1 1
250	9	 1 1 1 1 0 1 0 0 0 1 1 1 0 0 0 1 0 0 1 0
250	6	 1 1 1 1 0 0 0 0 0 1 1 1 0 0 0 1 0 0 1 0
250	2	 1 1 1 0 0 0 0 0 0 1 1 0 0 0 0 0 0 0 1 0
250	20	 1 1 0 1 0 0 0 0 0 0 1 0 0 0 0 0 0 0 1 0
250	5	 0 0 1 1 1 1 0 1 0 1 0 0 1 0 0 0 0 0 0 0
250	4	 1 0 1 1 0 0 0 0 0 0 1 0 0 0 1 1 0 0 0 0
250	1	 1 1 1 0 0 1 0 0 0 1 1 0 1 0 0 1 0 0 1 0
250	8	 1 1 1 0 0 0 0 0 0 1 1 0 0 0 0 1 1 0 0 0
250	2	 1 0 0 0 1 0 0 0 0 0 1 0 0 0 0 1 0 0 0 0
250	8	 1 1 1 1 0 1 0 0 0 1 1 1 0 1 0 1 0 0 0 0
250	5	 1 1 1 0 1 1 0 0 0 1 1 1 0 0 1 1 0 0 1 0
250	1	 1 1 1 0 0 1 0 0 1 0 1 0 0 0 0 0 0 1 1 0
250	7	 1 1 1 0 0 1 0 0 1 1 1 0 0 0 0 0 0 1 1 0
250	2	 1 1 1 1 0 0 1 0 0 0 0 0 0 0 0 1 0 0 0 0
250	4	 1 1 1 1 0 0 1 0 0 1 1 1 0 0 0 1 0 0 1 0
250	1	 1 1 1 0 0 1 0 0 0 0 1 1 0 0 0 1 0 0 0 0
250	5	 1 1 1 0 0 1 0 0 0 1 1 0 0 0 1 1 0 0 0 0
250	1	 1 1 1 0 0 1 0 0 1 1 1 0 1 1 0 0 0 0 0 0
250	2	 1 0 1 1 1 0 0 1 0 1 0 0 1 0 0 0 0 0 1 0
250	2	 1 1 1 0 1 0 0 0 0 1 1 0 1 1 0 1 0 0 0 0
250	9	 1 1 1 0 0 1 0 0 0 1 1 1 0 1 0 1 0 0 1 0
250	1	 1 1 1 0 0 1 0 0 0 1 0 1 0 0 0 1 0 0 1 0
250	1	 1 1 1 0 0 1 1 0 1 1 1 0 0 0 0 0 0 1 0 0
250	1	 1 1 1 1 1 1 0 1 0 1 1 0 0 1 0 0 1 1 0 0
250	3	 1 1 1 1 1 1 0 0 0 1 1 0 0 0 0 1 1 0 0 0
250	1	 1 0 1 1 1 1 1 1 0 1 0 0 1 0 0 0 0 0 0 0
250	3	 1 1 1 1 0 0 1 0 0 0 1 0 0 0 1 1 0 0 0 0
250	1	 1 1 1 0 0 1 1 0 0 1 1 1 0 0 0 1 0 0 1 0
250	5	 1 1 1 0 0 1 0 0 0 1 1 1 1 0 0 1 0 0 1 0
250	1	 1 1 1 0 0 1 0 0 1 0 1 0 0 0 0 1 0 0 0 0
250	1	 1 1 1 0 0 1 0 0 0 1 1 0 0 0 0 1 0 0 1 0
250	3	 1 1 1 0 1 1 0 0 0 1 1 0 1 0 0 1 0 0 1 0
250	3	 1 1 1 1 0 0 0 0 0 0 1 0 0 0 1 1 0 0 1 0
250	2	 1 1 1 1 0 1 0 0 0 1 1 1 0 0 0 0 0 1 1 0
250	2	 0 1 1 0 1 1 0 0 0 1 1 0 0 0 0 1 0 0 0 0
250	1	 1 1 1 0 0 1 0 0 0 1 1 0 0 1 0 1 0 0 0 0
250	1	 1 1 1 0 1 1 0 0 0 1 0 0 0 0 0 1 0 0 0 1
250	1	 1 1 1 0 0 1 0 0 1 1 0 0 0 0 0 0 0 1 0 0
250	1	 0 0 1 1 0 1 1 1 0 1 0 0 1 0 0 0 0 0 1 1
250	3	 1 1 1 0 1 1 1 0 0 1 1 1 0 1 0 1 0 0 0 0
250	1	 1 1 1 0 0 1 0 0 0 1 1 0 1 0 0 0 0 0 0 0
250	4	 1 1 1 1 0 1 0 0 0 0 1 1 0 0 0 1 0 0 1 0
250	3	 1 0 1 0 0 1 0 0 0 1 1 0 1 0 0 1 0 0 1 0
250	1	 1 1 1 1 0 0 0 0 0 0 1 0 0 1 0 0 0 0 1 0
250	1	 1 1 1 0 0 0 0 0 0 1 0 0 1 0 0 1 0 0 1 0
250	4	 1 0 1 1 1 1 0 0 0 1 1 0 0 0 0 1 0 0 1 0
250	4	 1 0 1 0 1 1 0 0 0 1 0 0 1 0 1 1 0 0 0 0
250	1	 1 1 1 0 1 1 0 0 0 1 0 0 1 0 1 1 1 0 0 0
250	1	 1 1 1 0 0 1 0 0 0 1 1 1 0 0 1 1 0 0 1 0
250	4	 1 1 1 1 0 1 0 0 0 0 1 1 1 0 0 0 1 0 0 0
250	1	 1 1 1 0 0 0 0 0 0 0 1 1 0 0 0 0 0 1 1 0
250	1	 1 1 1 1 1 1 0 0 0 1 1 1 0 0 0 1 0 0 1 0
250	3	 1 1 1 1 0 0 1 0 0 1 1 0 0 0 1 1 0 0 0 0
250	1	 1 1 1 0 1 0 1 0 0 0 1 0 0 0 0 0 0 0 0 0
250	1	 1 1 1 0 1 1 0 1 0 1 0 0 1 0 0 0 0 0 0 0
250	1	 1 1 1 0 0 0 0 0 0 1 1 0 0 0 0 1 0 0 1 0
250	1	 1 1 1 1 0 1 0 0 0 1 1 0 0 0 0 1 1 0 0 0
250	3	 1 1 0 0 1 1 0 0 0 1 1 0 0 0 0 1 0 0 1 0
250	1	 1 1 0 1 1 1 1 0 1 0 0 0 0 0 0 0 0 0 0 0
250	1	 1 1 1 1 1 1 0 0 0 1 1 0 0 0 1 1 0 0 0 0
250	1	 1 0 1 0 0 1 0 0 0 1 1 0 1 1 0 0 0 0 0 0
250	1	 1 1 1 0 0 0 0 0 0 1 1 0 0 0 0 0 1 0 0 0
250	2	 1 1 1 1 1 1 0 1 1 1 0 0 1 0 0 0 0 0 0 0
250	1	 1 1 1 1 0 1 0 0 0 1 1 1 1 0 0 1 0 0 0 0
250	2	 1 1 1 0 1 1 0 0 0 1 1 1 0 0 0 1 0 0 0 0
250	1	 1 1 1 0 0 1 0 0 0 1 1 1 0 0 0 0 0 0 1 0
250	1	 1 1 1 0 0 1 0 0 0 1 1 1 0 0 0 1 1 0 1 0
250	1	 1 1 1 1 0 1 0 0 0 1 1 0 1 0 0 1 0 0 1 0
250	1	 1 1 1 1 0 1 0 0 0 1 1 0 0 0 1 0 1 0 1 0
250	1	 1 0 1 1 1 1 0 0 1 1 0 0 1 0 1 1 0 0 0 0
250	2	 1 1 0 1 0 1 0 0 0 1 1 1 0 0 0 1 0 0 1 0
250	2	 1 1 1 0 0 0 0 0 0 0 1 0 0 0 1 1 0 0 1 0
400	41	 1 1 1 1 0 0 0 0 0 1 1 0 0 0 1 1 0 0 0 0
400	7	 1 1 1 1 0 1 0 0 0 1 1 0 0 0 0 1 0 0 0 0
400	1	 1 1 1 1 0 0 0 0 0 1 1 0 0 1 0 0 0 1 1 0
400	12	 1 1 1 1 0 0 0 1 0 1 1 0 0 0 0 1 0 0 0 0
400	16	 1 1 1 1 0 0 1 0 0 1 1 0 0 0 1 1 0 0 0 0
400	4	 1 0 1 1 1 1 1 1 1 1 0 0 1 0 0 0 0 0 0 0
400	14	 1 1 1 1 0 1 0 0 0 1 1 0 0 1 1 1 0 0 0 0
400	3	 1 1 1 1 0 1 0 0 0 1 1 1 0 0 0 0 0 0 0 0
400	47	 1 1 1 1 1 1 0 0 1 1 1 0 1 0 0 0 0 0 0 0
400	21	 1 1 1 0 0 1 0 1 0 1 1 1 0 0 0 1 0 0 0 0
400	25	 1 1 1 1 0 0 0 1 0 1 1 0 1 0 0 1 0 0 0 1
400	7	 1 0 1 1 1 1 1 0 1 1 1 0 0 1 1 1 0 0 0 0
400	6	 1 1 0 1 0 0 1 0 0 0 1 0 0 0 1 1 0 0 1 0
400	8	 1 1 1 1 1 0 0 1 1 1 1 0 1 0 0 0 0 0 0 0
400	35	 1 1 1 1 0 0 0 0 0 1 1 1 0 0 0 0 0 0 0 0
400	30	 1 1 1 1 0 0 0 0 0 1 0 0 1 0 1 1 0 0 0 1
400	3	 1 1 1 1 0 1 0 0 1 1 1 1 0 0 0 0 0 0 0 0
400	9	 1 1 1 1 0 0 0 0 0 0 1 0 0 0 1 1 0 0 0 0
400	17	 1 1 1 1 0 0 0 0 1 1 1 0 0 0 1 1 0 0 0 1
400	27	 1 1 1 1 1 0 0 0 0 1 1 0 0 0 0 1 0 0 0 0
400	6	 1 1 1 1 1 0 1 1 1 1 0 0 0 1 0 1 0 0 0 0
400	5	 1 1 1 1 0 0 0 0 0 1 1 1 0 0 1 0 0 0 0 0
400	10	 1 0 1 1 0 0 0 0 0 1 0 0 0 0 1 1 0 0 0 1
400	6	 1 1 1 1 0 0 0 0 0 1 1 0 0 1 1 1 0 0 0 0
400	14	 1 1 1 0 0 0 0 1 1 1 1 0 0 0 1 1 0 0 1 0
400	33	 1 1 1 1 0 0 0 1 0 1 1 0 1 0 0 0 0 0 0 0
400	2	 1 1 1 1 0 0 0 1 0 1 1 0 0 0 1 1 0 0 0 0
400	4	 1 1 1 1 0 0 0 1 1 1 1 0 0 0 0 0 0 0 0 0
400	5	 1 1 1 1 0 0 0 0 1 1 1 0 0 1 1 1 0 0 0 1
400	4	 1 1 1 1 0 1 0 0 1 1 1 0 1 0 0 0 0 0 0 0
400	10	 1 1 1 1 0 0 0 0 0 1 1 0 1 0 1 1 0 0 0 0
400	28	 1 1 1 1 1 1 0 0 1 1 1 0 1 0 0 1 0 0 0 0
400	45	 1 1 1 1 0 0 1 1 0 1 1 0 1 0 0 0 0 0 0 0
400	6	 1 1 1 1 0 1 0 0 1 1 0 0 1 0 1 1 0 1 1 0
400	5	 1 1 1 0 0 1 0 1 0 1 1 1 0 0 1 1 0 0 0 0
400	1	 1 1 1 1 1 1 0 0 1 1 1 0 1 0 1 0 0 0 0 0
400	3	 1 0 1 0 1 1 1 1 0 0 0 0 0 0 0 0 0 0 0 0
400	5	 1 0 1 0 0 1 0 0 0 1 1 1 0 0 0 1 0 0 0 0
400	39	 1 1 1 1 0 1 0 0 0 1 1 0 0 0 1 1 0 1 0 0
400	4	 1 1 1 1 0 0 0 0 1 1 0 0 0 0 1 1 0 0 0 1
400	8	 1 1 1 1 0 0 0 0 0 1 0 0 0 0 0 1 0 0 0 0
400	2	 1 1 1 0 0 0 0 1 0 0 1 0 1 1 1 0 0 0 0 0
400	20	 1 1 1 1 0 1 0 0 1 1 0 0 1 0 1 1 0 1 0 0
400	1	 1 1 1 1 0 0 0 0 0 1 1 0 0 1 0 0 0 0 0 0
400	5	 0 0 1 1 0 0 0 1 0 1 1 0 0 0 0 1 0 0 0 0
400	2	 1 1 1 1 1 0 1 0 0 1 1 0 0 0 0 1 0 0 0 0
400	5	 1 1 1 1 1 1 0 0 0 1 1 0 0 0 1 1 0 1 0 0
400	8	 1 1 1 1 0 1 0 0 0 1 1 0 0 0 1 1 0 0 0 1
400	5	 1 0 1 1 1 1 1 1 0 1 0 0 1 0 0 0 0 0 0 0
400	2	 1 1 1 1 0 0 1 0 0 1 1 0 1 0 1 1 0 0 0 0
400	21	 1 1 1 1 0 0 0 0 0 0 1 0 0 1 0 0 0 0 0 0
400	10	 1 1 1 0 0 1 0 1 0 1 1 1 0 0 0 1 0 1 0 0
400	4	 1 1 1 1 0 0 0 1 1 1 1 0 0 1 0 1 0 0 0 0
400	7	 1 1 1 1 0 0 0 0 0 1 1 1 0 0 1 0 0 1 0 0
400	2	 1 1 1 1 0 0 0 1 0 1 1 0 0 0 0 1 0 0 0 1
400	10	 1 1 1 1 0 0 0 0 0 1 1 0 0 1 1 0 0 0 0 0
400	36	 1 1 1 1 0 0 0 1 1 1 1 0 1 0 0 0 0 0 0 0
400	10	 1 1 1 0 0 0 1 1 0 1 1 0 1 1 1 1 0 0 0 0
400	13	 1 0 1 1 0 0 0 0 0 1 0 0 0 0 1 1 0 0 0 0
400	3	 1 1 1 1 0 0 0 0 0 1 1 0 1 0 0 1 0 0 0 1
400	8	 1 1 1 0 0 1 0 1 0 1 1 0 0 0 1 1 0 0 0 0
400	4	 1 1 1 0 0 1 0 1 0 0 1 1 0 0 0 1 0 0 0 0
400	1	 1 1 1 1 0 0 0 0 1 1 1 0 0 1 1 1 0 0 0 0
400	7	 1 1 1 1 0 0 0 0 0 1 1 1 1 0 0 0 0 0 0 1
400	2	 1 0 1 1 1 1 1 1 1 1 0 0 0 0 0 0 0 1 0 0
400	6	 1 1 1 1 0 0 0 1 0 1 1 0 0 0 1 1 0 0 0 1
400	5	 1 0 1 1 0 0 1 0 0 1 1 0 0 0 1 1 0 0 0 0
400	3	 1 1 1 1 0 0 0 0 0 1 1 0 1 0 0 0 0 0 0 0
400	3	 1 1 0 1 1 1 0 0 1 1 1 0 1 0 0 0 0 0 0 0
400	6	 1 1 1 1 1 1 0 0 1 1 1 0 1 0 0 0 1 0 0 0
400	5	 1 1 1 1 0 1 0 0 1 1 0 0 1 0 1 1 0 1 0 1
400	1	 1 1 1 0 0 0 0 1 1 1 1 0 1 0 1 0 0 0 0 0
400	18	 1 1 1 1 0 0 0 0 0 1 0 0 1 0 1 0 0 0 0 0
400	2	 1 0 1 1 0 0 0 0 0 1 0 0 0 0 0 1 0 0 0 1
400	1	 1 1 1 1 0 0 0 0 1 1 1 0 0 1 1 0 0 1 1 0
400	1	 1 0 0 1 1 1 1 1 1 1 0 0 1 0 0 0 0 0 0 0
400	1	 0 1 1 1 0 0 0 0 0 1 1 1 0 0 0 0 0 0 0 0
400	8	 1 1 1 1 1 1 0 0 0 1 1 0 0 0 0 1 0 0 0 0
400	2	 1 1 1 1 1 1 1 0 0 1 1 0 0 0 1 1 0 1 0 0
400	1	 1 1 0 0 0 1 0 1 0 1 1 0 0 0 1 1 0 0 0 0
400	5	 1 0 1 1 0 0 1 0 0 1 1 0 0 0 1 1 1 0 0 0
400	5	 1 1 1 1 1 1 0 0 1 1 1 0 1 0 0 0 0 0 0 1
400	10	 1 1 1 1 1 1 0 0 1 1 1 0 0 0 0 0 0 0 0 0
400	6	 1 1 1 1 1 1 1 1 0 0 0 0 0 0 0 0 0 0 0 0
400	2	 1 1 1 1 0 0 1 1 0 1 1 0 1 0 1 1 0 0 0 0
400	11	 1 1 1 1 0 1 0 1 0 1 1 0 0 0 0 1 0 0 0 0
400	2	 0 1 1 1 0 1 0 0 0 1 1 0 0 1 1 1 0 0 0 0
400	6	 1 0 1 1 0 1 0 0 0 1 1 0 0 1 1 1 0 0 0 0
400	4	 1 1 0 1 1 0 1 1 1 1 0 0 0 1 0 1 0 0 0 0
400	1	 1 1 0 1 0 1 0 0 1 1 1 0 1 0 0 0 0 0 0 0
400	3	 1 1 1 1 0 0 0 0 0 1 1 1 1 0 1 0 0 1 0 0
400	1	 1 1 1 1 0 1 1 0 0 1 1 1 0 0 0 1 0 0 1 0
400	2	 1 1 1 1 1 1 0 0 0 1 1 1 0 0 0 0 0 0 0 0
400	5	 1 1 1 1 0 0 0 0 0 1 1 0 0 0 0 0 0 0 0 0
400	6	 1 1 1 1 0 0 0 1 1 1 1 0 0 0 1 1 0 0 0 1
400	1	 0 1 1 0 0 0 0 1 1 1 1 1 0 0 0 0 0 0 0 0
400	8	 1 1 1 1 0 0 0 1 0 1 1 0 1 0 0 1 0 0 0 0
400	4	 1 0 1 1 0 0 1 1 0 1 1 0 1 0 0 0 0 0 0 0
400	1	 1 1 1 1 0 0 1 1 0 1 1 0 1 1 0 0 0 0 0 0
400	3	 1 1 1 1 0 0 1 1 0 1 1 0 1 0 0 1 0 0 0 0
400	1	 1 1 1 1 0 1 0 0 1 1 0 0 1 0 1 1 1 0 0 0
400	4	 1 1 1 1 0 0 0 1 0 1 1 0 1 0 0 1 0 0 1 1
400	1	 1 1 0 1 0 0 0 1 0 1 1 0 1 0 0 1 0 0 0 1
400	2	 1 0 1 1 0 0 0 0 0 1 1 1 0 0 0 0 0 0 0 0
400	1	 1 1 1 0 0 0 0 0 0 1 1 1 0 0 0 0 0 0 0 0
400	1	 1 1 1 1 0 1 0 0 1 1 1 1 0 1 0 0 0 0 0 0
400	3	 1 1 1 0 0 0 0 1 1 0 1 0 0 0 1 1 0 0 1 0
400	2	 1 1 1 1 1 0 0 0 0 1 1 0 1 1 1 1 0 0 0 0
400	1	 1 1 1 1 0 1 1 0 0 1 1 0 0 0 1 1 1 0 0 0
400	6	 1 1 1 1 0 0 0 0 0 1 1 0 0 0 0 1 0 0 0 0
400	2	 1 1 1 1 1 1 1 0 0 1 1 0 0 0 0 1 0 0 0 0
400	4	 1 1 1 1 0 0 0 0 0 1 1 0 0 0 1 1 0 1 0 0
400	2	 1 1 1 1 0 0 0 0 0 0 1 1 0 0 0 0 0 0 0 0
400	1	 0 1 1 1 1 1 0 0 1 1 1 0 1 0 0 1 0 0 0 0
400	2	 0 1 1 1 0 0 0 1 1 1 1 1 0 0 0 1 1 0 0 0
400	3	 1 1 1 1 0 0 0 0 0 0 1 0 0 1 0 1 0 0 0 0
400	5	 1 1 1 0 0 0 0 1 1 1 1 0 1 0 0 0 0 0 0 0
400	1	 1 1 1 0 0 0 0 0 0 1 1 0 1 0 0 1 0 0 0 1
400	1	 1 1 1 1 0 0 0 0 0 0 1 0 1 0 1 0 0 0 0 0
400	1	 1 1 1 1 1 0 0 0 0 1 1 1 0 0 0 1 0 1 0 0
400	4	 1 1 1 0 0 0 0 1 1 1 1 0 0 0 1 1 0 0 0 0
400	1	 1 1 1 1 0 1 0 0 0 1 1 0 0 0 1 1 0 0 0 0
400	2	 1 1 1 1 0 1 1 0 1 1 1 0 0 1 1 1 0 0 0 0
400	2	 1 1 1 1 1 1 0 0 1 1 1 0 1 0 0 0 0 1 0 0
400	2	 0 1 1 1 0 0 0 1 0 1 1 0 1 0 0 1 0 0 0 1
400	2	 1 1 1 0 0 0 0 0 0 1 0 0 1 0 1 1 0 0 0 1
400	2	 1 1 1 1 0 0 0 0 1 1 1 0 0 0 0 1 0 0 0 1
400	6	 1 1 1 1 0 0 0 0 0 1 1 0 1 0 0 1 0 0 0 0
400	3	 1 1 1 1 0 1 1 0 1 1 0 0 1 0 1 1 0 1 0 1
400	1	 1 1 1 1 0 0 0 1 0 1 1 0 1 1 1 1 0 0 0 0
400	2	 1 1 1 0 0 0 0 1 0 1 1 0 0 0 1 1 0 0 0 0
400	2	 1 1 1 1 0 1 0 0 1 1 0 0 0 0 0 1 0 0 0 0
400	1	 1 1 1 1 0 1 0 1 0 1 1 1 0 0 1 1 0 0 0 0
400	1	 1 1 1 1 0 1 0 0 0 1 1 0 0 0 0 1 1 0 0 0
400	2	 1 0 1 1 0 1 0 0 0 1 1 0 0 0 0 1 0 0 0 0
400	3	 1 1 1 1 0 0 1 1 0 1 1 0 0 0 0 1 0 0 0 0
400	1	 1 1 1 1 0 0 1 0 0 1 1 0 0 0 1 1 1 0 0 0
400	1	 1 1 1 0 0 0 1 1 0 1 1 0 1 0 0 0 0 0 0 0
400	1	 1 0 1 1 0 1 0 0 0 1 1 0 0 0 1 1 0 1 0 0
400	2	 1 1 1 1 0 1 0 0 0 1 1 0 0 0 1 1 0 1 0 1
400	1	 1 1 1 0 1 0 0 1 0 0 1 0 1 1 1 0 0 0 0 0
400	1	 0 1 1 1 0 0 0 0 0 1 1 1 0 0 1 0 0 1 0 0
590	31	 1 1 1 1 0 1 0 0 0 1 1 0 0 1 1 1 0 0 0 0
590	6	 1 1 1 1 0 0 0 1 0 1 1 0 1 0 0 0 0 0 0 0
590	52	 1 1 1 1 1 1 0 0 1 1 1 0 1 0 0 1 0 0 0 0
590	3	 1 1 1 1 1 1 0 0 1 1 1 0 0 0 1 1 0 0 0 0
590	46	 1 1 1 1 0 0 1 1 0 0 1 0 1 0 0 0 0 0 0 0
590	21	 1 1 1 1 0 0 1 1 0 1 1 1 1 1 1 1 0 0 0 0
590	15	 1 1 1 1 1 1 0 0 0 1 1 0 1 0 0 1 0 0 0 0
590	28	 1 1 1 1 1 1 0 1 0 0 1 0 1 0 0 0 0 0 0 0
590	11	 1 1 1 1 0 0 1 0 1 1 1 0 0 0 1 1 0 0 0 0
590	10	 1 1 1 1 1 1 0 0 1 1 1 1 0 0 1 1 0 0 0 0
590	4	 1 1 1 1 1 1 0 0 0 1 1 1 1 0 0 1 0 0 0 0
590	2	 1 1 0 1 0 0 1 1 0 1 1 0 1 0 1 1 0 0 1 0
590	4	 1 1 1 1 1 1 0 1 0 0 1 0 1 0 0 0 0 0 1 0
590	21	 1 1 1 1 1 1 0 0 1 1 1 0 0 0 1 1 0 0 1 0
590	10	 1 1 1 1 0 1 0 0 0 0 1 0 1 0 0 0 0 0 0 0
590	49	 1 1 1 1 1 1 0 1 1 1 1 0 1 0 0 1 0 0 0 0
590	47	 1 1 1 1 1 0 0 0 1 1 1 0 0 0 0 1 0 0 0 0
590	33	 1 1 1 1 1 1 0 1 1 1 0 0 1 0 0 1 0 0 0 0
590	46	 1 1 1 1 1 1 0 0 1 1 1 0 0 0 0 0 0 0 0 0
590	26	 1 1 1 1 1 1 0 0 1 1 1 1 0 1 1 1 0 0 0 0
590	2	 1 1 1 1 1 1 0 0 0 1 1 1 0 0 0 1 0 0 0 0
590	11	 1 1 1 1 1 1 0 0 1 1 1 1 1 0 0 1 0 0 0 0
590	20	 1 1 1 1 0 1 1 0 0 0 1 0 1 0 0 0 0 0 0 0
590	9	 1 1 1 1 0 1 0 0 0 1 1 0 1 0 0 1 0 0 0 0
590	12	 1 1 1 1 0 0 0 0 1 1 1 0 1 0 0 1 0 0 0 0
590	17	 1 1 1 1 1 1 0 0 0 0 1 0 1 0 0 0 0 0 0 0
590	17	 1 1 1 1 1 1 0 0 1 0 1 0 0 0 0 1 0 0 0 0
590	10	 1 1 1 1 0 0 1 0 1 1 1 0 0 0 1 1 0 0 0 1
590	8	 1 1 1 1 0 0 1 1 1 0 1 0 0 0 1 0 0 0 0 0
590	21	 1 1 1 1 1 1 0 0 1 1 1 0 1 0 0 0 0 0 0 0
590	4	 1 1 1 1 0 0 0 1 0 0 0 1 0 0 0 1 0 0 0 0
590	28	 1 1 1 1 1 0 0 0 1 1 0 0 0 0 0 1 0 0 0 0
590	3	 1 1 1 1 0 0 1 1 0 1 1 0 1 0 1 1 0 0 1 0
590	1	 1 1 1 1 0 1 0 0 0 0 1 0 1 0 1 0 1 0 0 0
590	13	 1 1 1 1 1 1 0 0 1 1 1 0 1 0 1 1 0 0 1 0
590	11	 0 1 1 1 1 0 0 0 1 1 1 0 0 0 0 1 0 0 0 0
590	3	 1 1 1 1 1 1 1 1 1 0 0 0 1 0 0 1 0 0 0 0
590	1	 1 1 1 1 0 0 1 1 1 0 1 0 0 0 0 1 0 0 0 0
590	4	 1 1 1 1 1 1 0 0 1 0 1 1 1 0 0 1 0 0 0 0
590	19	 1 1 1 1 1 1 0 1 0 0 0 1 0 0 0 1 0 0 0 0
590	2	 1 1 1 0 1 1 1 0 0 1 1 0 0 0 0 1 0 0 0 0
590	8	 1 1 1 1 1 1 0 1 0 0 1 0 1 0 0 1 0 0 0 0
590	2	 1 1 0 1 1 1 0 0 0 0 1 0 1 0 0 1 0 0 0 0
590	13	 1 1 1 1 1 1 0 1 1 0 0 0 1 0 1 1 0 0 0 0
590	6	 1 1 1 1 0 0 1 1 0 1 1 0 1 0 0 1 0 0 0 0
590	7	 1 1 1 1 0 0 0 1 0 0 1 0 1 0 0 0 0 0 0 0
590	1	 1 1 1 1 1 1 0 0 0 1 1 0 0 1 1 1 0 0 0 0
590	5	 1 0 1 1 0 1 1 0 0 0 1 0 1 0 1 0 0 0 0 0
590	3	 1 0 1 1 1 1 0 0 0 1 1 1 1 0 0 1 0 0 0 0
590	4	 1 1 1 1 1 1 0 0 1 1 1 0 1 0 1 1 0 0 0 0
590	2	 1 1 1 0 1 0 0 0 1 1 1 0 0 0 0 1 0 0 0 0
590	1	 0 1 1 1 1 1 0 0 1 1 1 0 0 0 0 0 0 0 0 0
590	10	 1 1 1 1 0 0 1 0 1 1 1 0 0 0 0 1 0 0 0 0
590	2	 0 1 1 1 1 0 0 0 1 1 1 1 0 0 0 1 0 0 0 0
590	2	 1 1 0 1 1 1 0 1 1 1 0 0 1 0 0 1 0 0 0 0
590	3	 1 1 1 1 0 1 0 0 0 0 1 0 1 0 0 1 0 0 0 0
590	9	 1 1 1 1 1 1 0 1 1 1 0 0 1 0 0 0 0 0 0 0
590	1	 1 1 1 1 1 1 1 0 0 0 1 0 1 0 1 0 0 0 0 0
590	7	 1 1 1 1 0 1 0 0 0 1 1 0 0 1 0 1 0 0 0 0
590	4	 1 1 1 1 1 1 0 1 1 0 1 0 1 0 0 0 0 0 0 0
590	2	 1 1 1 1 0 1 0 0 1 0 1 0 1 0 0 0 0 0 0 0
590	10	 1 1 1 1 1 1 0 1 0 0 0 0 1 0 1 1 0 0 0 0
590	1	 1 1 1 1 1 1 0 1 1 0 0 1 0 1 0 1 0 0 0 0
590	2	 1 1 1 1 1 1 0 1 1 1 1 0 1 0 0 1 0 0 0 1
590	3	 1 1 1 0 1 0 0 0 0 1 1 0 0 1 1 1 0 0 0 0
590	9	 1 1 1 1 0 0 1 0 1 1 1 0 0 0 0 0 0 0 0 0
590	1	 1 1 1 1 0 1 0 0 1 1 1 0 0 0 1 1 0 0 0 0
590	10	 1 1 0 1 1 1 0 0 1 0 1 0 0 0 0 1 0 0 0 0
590	2	 1 1 1 1 0 1 0 1 1 1 1 0 1 0 0 1 0 0 0 0
590	7	 1 0 1 1 1 1 0 0 1 1 1 1 1 0 0 1 0 0 0 0
590	1	 1 1 1 1 0 0 1 0 1 1 1 0 1 0 0 1 0 0 0 0
590	4	 1 0 1 1 1 1 0 1 0 0 0 1 0 0 0 1 0 0 0 0
590	1	 1 1 1 1 0 0 1 1 1 1 1 0 0 0 0 1 0 0 0 1
590	5	 1 1 1 1 0 1 0 1 1 0 0 0 1 0 1 1 0 0 0 0
590	3	 1 1 1 1 0 1 0 0 0 1 1 0 0 1 1 1 0 0 0 1
590	2	 1 1 1 1 1 0 0 0 1 1 1 0 0 1 0 1 0 0 0 0
590	10	 1 1 1 1 1 1 0 1 1 0 0 0 1 0 0 1 0 0 0 0
590	7	 1 1 1 1 0 1 0 0 0 1 1 0 1 0 1 1 0 0 1 0
590	1	 1 1 1 1 1 1 0 0 1 1 1 1 0 1 0 1 0 0 0 1
590	4	 1 1 1 1 1 0 0 0 1 1 1 0 0 0 0 1 0 0 0 1
590	9	 1 1 1 1 0 0 0 0 1 1 0 0 0 0 0 1 0 0 0 0
590	6	 1 0 1 1 0 0 0 0 1 1 1 0 1 0 0 0 0 0 0 0
590	1	 0 1 1 1 1 0 0 0 1 1 1 0 1 0 0 1 0 0 0 0
590	6	 1 0 1 1 1 1 0 0 1 1 1 0 1 0 0 1 0 0 0 0
590	4	 1 1 1 1 0 0 1 1 0 0 1 0 1 0 0 0 0 1 0 0
590	1	 1 1 1 1 1 0 0 0 1 0 0 0 0 0 0 1 0 0 0 0
590	2	 1 1 1 1 1 0 0 0 1 1 0 0 0 0 1 1 0 0 0 0
590	7	 1 1 1 1 1 1 0 1 1 0 0 0 1 1 1 1 0 0 0 0
590	5	 1 1 1 1 0 0 0 0 1 1 1 0 0 0 0 1 0 0 0 0
590	2	 1 1 1 1 1 1 0 1 1 1 1 0 0 0 0 0 0 0 0 0
590	2	 1 1 1 1 1 1 0 1 1 1 1 0 1 0 0 1 1 0 0 0
590	1	 1 1 1 1 1 0 0 0 1 1 1 0 0 0 0 0 0 0 0 0
590	2	 1 1 1 1 1 1 0 0 1 1 1 1 0 0 0 0 0 0 0 0
590	1	 1 0 1 1 1 1 0 0 1 1 1 0 0 0 0 0 0 0 0 0
590	3	 1 1 1 1 1 1 0 0 0 0 1 1 0 0 0 1 0 0 0 0
590	1	 1 1 1 1 1 1 0 0 1 1 1 0 1 0 0 0 1 0 0 0
590	1	 1 1 1 1 1 1 0 1 1 1 1 0 1 0 0 1 0 1 0 1
590	7	 1 1 1 1 0 0 0 0 0 0 1 0 0 1 1 1 0 0 0 0
590	2	 1 1 1 1 0 0 1 1 1 1 1 0 1 0 0 1 0 0 0 0
590	5	 1 1 1 1 1 0 0 0 1 1 1 0 0 1 1 1 0 0 0 1
590	2	 1 1 1 1 1 1 0 0 1 1 1 0 1 0 0 1 0 0 0 1
590	2	 1 1 1 1 0 0 1 1 0 0 1 0 1 0 1 0 0 0 0 0
590	1	 1 1 1 1 1 0 1 1 0 0 1 0 1 0 0 0 0 0 0 0
590	1	 1 0 1 1 0 0 1 1 0 0 1 0 1 0 0 0 0 0 0 0
590	1	 1 1 1 1 1 1 0 1 1 1 0 0 1 0 0 1 0 0 1 0
590	5	 1 1 1 0 1 1 0 0 1 1 1 1 0 1 1 1 0 0 0 0
590	6	 1 1 1 1 0 1 0 0 0 1 0 0 0 1 0 1 0 0 0 0
590	3	 1 1 0 1 1 1 0 1 1 1 1 0 1 0 0 1 0 0 0 1
590	1	 1 1 1 0 1 1 0 0 1 0 1 0 0 0 0 1 0 0 0 0
590	2	 1 1 1 1 0 1 0 0 1 1 1 0 1 0 0 0 0 0 0 0
590	5	 1 1 1 0 0 1 0 0 0 1 1 0 0 1 1 1 0 0 0 0
590	5	 1 1 1 1 0 0 1 1 1 0 1 0 1 0 0 0 0 0 0 0
590	2	 1 1 1 1 0 0 1 1 0 1 1 0 1 0 0 0 0 0 0 0
590	3	 1 1 1 0 0 0 1 1 0 0 1 0 1 0 0 0 0 0 0 0
590	5	 1 1 1 0 1 1 0 0 0 0 1 0 1 0 0 0 0 0 0 0
590	1	 1 1 1 1 1 1 0 1 1 0 1 0 1 0 1 1 0 0 0 0
590	2	 1 1 1 1 0 0 0 1 0 0 1 0 1 0 1 0 0 0 0 0
590	3	 1 0 1 1 1 1 0 1 1 1 0 0 0 0 0 1 0 0 0 0
590	3	 1 1 1 1 1 0 0 0 1 1 1 1 0 1 0 1 0 0 0 1
590	1	 1 1 1 1 1 1 0 1 0 1 1 0 0 1 1 1 0 0 0 0
590	1	 1 1 1 1 1 1 0 0 0 1 1 0 0 1 0 1 0 0 0 0
590	1	 1 1 1 1 1 1 1 1 0 0 1 0 1 0 0 0 0 0 0 0
590	1	 1 1 1 1 0 0 1 1 0 0 1 0 1 0 0 0 0 0 0 1
590	1	 1 1 1 1 1 1 0 1 0 0 0 0 1 0 0 0 0 0 0 0
590	1	 1 1 1 1 0 1 0 0 0 0 1 0 1 0 1 0 0 0 0 0
590	1	 1 0 1 1 0 1 0 0 0 0 1 0 1 0 0 0 0 0 0 0
590	1	 1 1 1 1 1 1 1 1 1 1 1 0 1 0 0 1 0 0 0 0
590	2	 1 1 1 1 1 1 0 0 1 1 1 1 1 0 0 1 0 0 0 1
590	1	 1 0 1 1 1 1 0 0 1 0 1 0 0 0 0 1 0 0 0 0
590	1	 1 1 1 1 1 0 0 0 1 1 1 0 1 0 0 0 0 0 0 0
590	2	 1 1 1 1 0 1 0 0 1 1 1 0 1 0 1 1 0 0 1 0
590	1	 1 1 1 1 1 1 1 0 1 0 0 0 1 0 0 1 0 0 0 0
590	3	 1 1 1 1 0 1 0 1 0 0 1 0 1 0 0 1 0 0 0 0
590	3	 1 1 1 1 1 1 1 0 1 1 1 0 1 0 1 1 0 0 0 0
590	2	 1 1 1 1 1 1 0 1 1 1 1 0 1 0 0 1 1 0 0 1
720	5	 1 1 1 1 0 1 0 0 0 1 1 0 0 1 1 1 0 0 0 0
720	67	 1 1 1 1 1 1 0 1 0 0 0 1 0 0 0 1 0 0 0 0
720	29	 1 1 1 1 1 1 0 1 1 0 0 0 1 0 1 1 0 0 0 0
720	6	 1 1 1 1 1 1 0 1 1 1 0 0 1 0 0 0 0 0 0 0
720	16	 1 1 0 1 1 1 0 0 1 0 1 0 0 0 0 1 0 0 0 0
720	41	 1 1 1 1 0 1 0 1 1 0 0 0 1 0 1 1 0 0 0 0
720	14	 1 1 1 1 1 1 0 0 1 1 1 0 0 0 0 1 0 0 0 0
720	22	 1 1 1 1 1 1 0 0 1 0 1 0 1 0 0 0 0 0 0 0
720	32	 1 1 1 1 0 0 0 1 1 0 0 0 1 0 1 1 0 0 0 0
720	4	 1 1 1 1 0 0 0 1 0 0 1 0 1 0 1 1 0 0 0 0
720	47	 1 1 1 1 0 0 1 1 1 0 0 0 1 0 1 1 0 0 0 0
720	2	 1 1 1 1 1 1 0 1 1 1 0 0 1 0 1 1 0 0 0 0
720	4	 1 1 1 1 1 1 0 1 1 1 1 0 1 0 0 0 0 0 0 0
720	6	 1 1 1 1 1 1 0 1 0 0 0 1 1 0 0 1 0 0 0 0
720	13	 1 1 1 1 1 0 0 1 0 0 1 0 0 0 0 0 0 0 0 0
720	4	 1 1 1 1 1 0 0 0 0 1 1 0 0 1 1 0 0 0 0 0
720	15	 1 1 1 1 1 0 0 1 1 0 0 0 1 0 0 0 0 0 0 0
720	19	 1 1 0 1 1 1 0 0 1 0 1 0 1 0 0 1 0 0 0 0
720	20	 1 1 1 1 0 0 1 1 0 0 0 0 0 0 1 1 0 0 0 0
720	5	 1 1 1 1 0 1 0 0 1 0 1 0 1 0 0 0 0 0 0 0
720	4	 1 1 1 1 1 0 0 1 0 0 1 0 0 0 1 0 0 0 0 0
720	16	 1 1 1 1 1 1 0 0 0 0 0 1 0 0 0 1 0 0 0 0
720	5	 1 1 1 1 1 1 0 0 1 1 1 0 0 0 1 1 0 0 1 0
720	9	 1 1 1 1 1 0 0 0 1 0 0 0 1 0 1 1 1 0 0 0
720	18	 1 1 1 1 1 1 0 1 1 0 0 1 0 0 0 1 0 0 0 0
720	18	 1 1 1 1 1 1 0 1 1 0 0 0 1 0 0 0 0 0 0 1
720	1	 1 1 1 1 1 0 0 1 0 0 1 1 0 0 1 0 0 0 0 0
720	32	 1 1 1 0 1 1 0 1 0 0 0 1 0 0 0 0 0 0 0 0
720	17	 1 1 1 1 1 0 0 1 0 0 1 0 1 0 0 0 0 0 0 0
720	1	 1 1 1 1 1 1 0 0 1 1 1 0 1 0 0 1 0 0 0 0
720	43	 1 1 1 1 0 1 0 0 0 1 0 0 1 0 0 1 0 0 0 0
720	12	 1 1 1 1 0 1 0 1 1 0 0 0 1 0 0 0 0 0 0 0
720	14	 1 1 1 1 1 0 0 1 0 0 0 1 0 0 0 0 0 0 0 0
720	8	 1 1 0 1 1 1 0 0 0 0 1 0 1 0 0 1 0 0 0 0
720	8	 1 1 1 1 1 0 1 1 0 0 1 0 0 0 0 0 0 0 1 0
720	1	 0 1 1 1 1 0 0 1 0 0 1 0 1 0 0 0 0 0 0 0
720	8	 1 1 1 1 1 1 0 0 1 0 1 0 0 0 1 1 0 0 0 0
720	27	 1 1 1 1 1 1 0 0 1 0 0 0 1 0 1 1 0 0 0 0
720	12	 1 1 1 1 0 0 1 0 1 0 0 0 1 0 1 1 0 0 0 0
720	8	 1 1 1 1 1 1 0 0 0 1 1 0 0 1 1 1 0 0 0 0
720	10	 1 1 1 1 0 1 0 1 0 0 0 1 0 0 0 1 0 0 0 0
720	9	 1 1 1 1 1 1 0 0 1 0 1 0 0 0 0 1 0 0 0 0
720	6	 1 0 1 1 0 0 1 1 1 0 0 0 1 0 1 1 0 0 0 0
720	18	 1 1 1 1 0 0 0 1 1 0 0 1 1 1 1 1 0 0 0 0
720	12	 1 1 1 1 1 1 0 1 1 0 1 0 1 0 1 1 0 0 0 0
720	12	 1 1 1 1 0 0 0 1 1 0 0 0 1 0 0 0 0 0 0 0
720	21	 1 1 1 1 0 1 0 0 1 0 0 0 1 0 1 1 0 0 0 0
720	16	 1 1 1 0 1 0 0 1 1 0 0 0 1 0 1 1 0 0 0 0
720	11	 1 1 1 1 1 1 0 0 1 0 0 0 1 0 1 1 0 1 0 0
720	5	 1 1 1 1 1 1 0 1 1 0 0 0 1 0 0 1 0 0 0 0
720	5	 1 1 1 1 1 1 0 1 1 0 0 0 1 0 1 0 0 0 0 0
720	3	 1 1 1 1 0 0 0 1 0 0 1 0 1 0 1 0 0 0 0 0
720	5	 1 1 1 1 1 0 0 1 0 0 1 0 1 1 0 0 0 0 0 0
720	4	 1 1 1 0 1 1 0 0 1 1 1 0 1 0 0 1 0 0 0 0
720	2	 0 1 1 1 1 0 0 1 0 0 0 1 0 0 0 0 0 0 0 0
720	1	 1 1 1 1 1 1 0 1 1 0 0 0 1 0 1 1 1 0 0 0
720	1	 1 1 1 1 1 1 0 1 0 0 0 0 0 0 1 0 0 0 0 0
720	2	 0 1 1 1 1 1 0 1 1 1 0 0 1 0 0 1 0 0 0 0
720	13	 1 1 1 1 1 0 0 1 0 0 0 0 0 0 0 0 0 0 0 0
720	1	 1 1 1 1 0 0 1 1 1 0 0 0 1 0 0 0 0 0 0 0
720	1	 1 1 1 1 1 0 0 1 0 0 1 0 1 1 1 1 0 0 0 0
720	9	 0 1 1 1 0 1 0 1 0 0 1 0 1 0 0 0 0 0 0 0
720	7	 1 1 1 1 1 0 1 0 0 0 1 0 0 0 0 0 0 0 1 0
720	2	 0 1 1 1 1 0 0 1 0 0 1 0 0 0 0 0 0 0 0 0
720	1	 1 1 1 1 1 1 0 0 1 0 0 1 1 0 1 1 0 0 0 0
720	4	 0 1 1 1 1 1 0 0 0 1 1 0 0 1 1 1 0 0 0 0
720	14	 1 1 1 1 1 1 1 0 1 0 1 0 0 0 1 1 0 0 0 0
720	2	 0 1 1 1 1 0 0 1 0 0 1 0 1 0 0 1 0 0 0 0
720	5	 1 1 1 1 1 0 0 1 1 0 0 0 1 0 0 0 0 0 0 1
720	2	 1 1 1 1 1 1 0 0 1 0 0 0 1 0 0 0 0 0 0 0
720	4	 1 1 1 1 0 0 0 1 0 0 0 0 0 0 1 1 0 0 0 0
720	7	 1 1 1 1 0 0 0 1 0 0 1 0 1 0 0 0 0 0 0 0
720	4	 1 1 1 1 1 1 0 1 0 0 0 0 1 0 1 1 0 0 1 0
720	1	 1 1 1 1 0 0 1 1 1 0 0 0 1 0 0 1 0 0 0 0
720	1	 1 1 1 1 0 0 1 1 0 0 1 0 1 0 1 1 0 0 0 0
720	3	 1 1 1 1 1 0 0 0 1 0 1 0 0 0 0 1 0 0 0 0
720	4	 1 1 1 1 1 1 0 1 0 0 0 0 1 0 0 1 0 0 0 0
720	6	 1 1 0 1 1 0 0 1 1 1 0 0 1 0 0 1 0 0 0 0
720	4	 1 1 1 1 1 1 0 0 1 1 1 1 0 0 0 1 0 0 0 0
720	7	 1 1 1 1 0 0 1 1 0 0 0 0 0 0 1 1 0 0 0 1
720	3	 0 1 1 1 1 1 0 1 0 0 0 1 1 0 0 1 0 1 0 0
720	8	 1 1 1 1 1 1 0 1 0 0 0 0 0 0 1 1 0 0 0 0
720	5	 1 1 1 1 1 0 0 1 0 0 0 1 0 0 1 0 0 0 0 0
720	2	 1 1 1 1 0 1 0 0 0 0 0 0 1 0 1 1 0 0 0 0
720	1	 1 1 1 0 1 1 0 1 1 1 1 0 0 0 1 1 0 0 1 0
720	2	 1 1 1 1 0 1 0 0 0 0 0 0 0 0 0 0 0 0 0 0
720	1	 1 1 1 1 0 0 1 1 1 0 0 0 1 0 1 1 1 0 0 0
720	1	 1 1 1 1 1 0 0 0 0 0 0 1 0 0 0 1 0 0 0 0
720	3	 1 1 1 1 1 1 0 0 0 0 0 1 0 0 0 1 0 0 1 0
720	1	 1 1 0 1 0 1 0 0 0 1 0 0 1 0 0 1 0 0 0 0
720	1	 1 1 1 1 0 0 0 1 0 0 0 1 1 1 1 1 0 0 0 0
720	4	 1 0 1 1 1 0 0 1 0 0 1 0 1 1 0 0 0 0 0 0
720	6	 1 1 1 1 1 0 0 1 0 0 0 0 1 0 0 0 0 0 0 1
720	1	 1 1 1 1 1 0 0 0 1 0 1 0 1 0 0 1 0 0 0 0
720	1	 1 1 1 1 1 1 0 1 0 0 0 1 0 0 0 1 0 0 0 1
720	5	 1 1 1 1 0 0 0 1 1 0 0 0 1 0 0 0 0 0 0 1
720	1	 1 1 1 1 0 0 0 0 0 1 1 0 0 1 1 1 0 0 0 0
720	2	 1 1 1 1 0 1 0 0 0 0 0 1 0 0 0 1 0 0 0 0
720	5	 1 1 1 1 1 1 0 1 0 0 0 1 0 1 0 1 0 0 0 0
720	2	 1 1 0 1 1 1 0 0 1 0 1 1 0 0 0 1 0 0 0 0
720	1	 1 1 1 1 1 0 0 1 1 0 0 0 1 0 1 1 0 0 0 0
720	2	 1 1 1 1 1 0 0 0 0 0 1 0 1 0 0 0 0 0 0 0
720	3	 1 1 1 1 0 1 0 1 0 1 0 0 1 0 0 1 0 0 0 0
720	3	 1 1 1 0 0 1 0 0 0 1 0 0 1 0 0 1 0 0 0 0
720	4	 1 1 1 1 1 0 0 1 0 0 0 1 0 0 0 1 0 0 0 0
720	1	 1 1 0 1 1 1 1 0 0 0 1 0 1 0 0 1 0 0 0 0
720	2	 1 1 1 1 0 1 0 1 1 0 0 0 1 0 0 1 0 0 0 0
720	8	 1 1 1 1 0 0 0 0 1 0 0 0 1 0 1 1 0 0 0 0
720	3	 1 1 1 1 1 1 0 1 1 0 0 0 1 0 0 0 0 0 0 0
720	3	 1 1 1 1 1 1 0 0 1 0 1 0 1 0 0 1 0 0 0 0
720	1	 1 1 1 1 1 1 0 1 1 0 0 0 1 0 1 1 0 0 1 0
720	1	 1 1 0 1 1 1 0 0 1 0 1 0 0 0 1 1 0 0 0 0
720	1	 0 1 1 1 0 1 0 1 1 0 0 0 1 0 1 1 0 0 0 0
720	5	 1 1 1 1 0 0 1 1 0 0 0 0 0 0 1 1 1 0 0 0
720	2	 1 1 1 1 1 1 0 1 1 0 0 1 0 0 0 1 0 0 1 0
720	1	 1 1 1 1 0 1 0 0 0 1 0 0 1 0 1 1 0 0 0 0
720	2	 1 1 0 1 1 1 0 0 1 0 0 0 1 0 1 1 0 1 0 0
720	2	 1 1 1 1 0 1 0 1 0 1 0 0 0 0 0 1 0 0 0 0
720	1	 1 1 1 1 0 1 0 1 1 0 0 1 0 0 0 0 0 0 0 0
720	2	 1 1 1 1 0 1 0 1 1 0 1 0 1 0 0 0 0 0 0 0
720	1	 1 1 1 1 0 1 0 0 1 0 1 0 0 0 0 1 0 0 0 0
720	4	 1 1 1 1 1 1 0 1 1 0 0 0 0 0 1 1 0 0 0 0
720	3	 1 1 1 1 1 1 0 1 1 0 1 0 1 0 0 0 0 0 0 0
720	1	 1 1 1 0 1 1 0 1 0 0 0 0 0 0 1 1 0 0 0 0
720	1	 1 1 1 1 0 0 0 1 1 0 0 0 1 0 1 1 0 0 0 1
720	1	 1 1 1 1 1 1 0 1 1 1 1 0 1 0 0 0 0 0 1 0
720	2	 1 1 0 0 1 1 0 1 0 0 0 1 0 0 0 0 0 0 0 0
720	3	 1 1 1 1 1 1 0 0 1 0 0 0 1 0 1 1 0 0 1 0
720	1	 1 1 1 1 1 1 0 0 0 0 0 0 1 0 1 1 0 0 0 0
720	1	 1 1 1 1 0 0 1 0 1 0 0 0 1 0 1 1 0 0 0 1
720	1	 1 1 1 0 1 1 0 1 1 0 0 0 1 0 1 0 0 0 0 0
880	37	 1 1 1 1 1 1 0 1 0 0 0 1 0 0 0 1 0 0 0 0
880	7	 1 1 1 1 0 0 0 0 1 0 0 0 1 0 0 1 0 0 0 0
880	10	 1 1 1 1 0 0 0 1 1 0 0 0 1 0 1 1 1 0 0 0
880	32	 1 1 1 1 0 1 0 1 0 0 0 1 0 0 0 1 0 0 0 0
880	68	 1 1 1 1 0 0 1 0 1 0 0 0 1 0 1 0 0 0 0 0
880	42	 1 1 1 1 1 0 0 0 1 0 0 1 0 0 0 1 0 0 0 0
880	44	 1 1 1 1 0 1 0 1 0 0 0 1 0 1 0 1 0 0 0 0
880	4	 1 1 1 1 1 0 1 1 0 0 0 0 1 0 1 1 0 0 0 0
880	16	 1 1 1 0 1 1 0 1 0 0 0 0 1 0 1 1 0 0 0 0
880	24	 1 1 0 1 0 0 0 0 1 0 0 0 1 1 0 1 0 0 0 0
880	8	 1 1 1 1 0 0 1 0 1 0 1 0 1 0 1 0 0 0 0 0
880	4	 1 1 1 1 1 1 0 1 0 0 0 1 0 0 0 1 0 1 0 0
880	2	 0 1 1 1 0 0 1 0 1 0 0 0 1 0 0 1 0 0 0 0
880	2	 1 1 1 1 0 1 0 1 0 0 0 1 0 1 0 1 0 1 0 0
880	35	 1 1 1 1 0 0 0 0 1 0 0 1 1 0 0 1 0 0 0 0
880	16	 1 1 1 1 1 0 1 1 0 0 0 0 1 0 1 1 1 0 0 0
880	37	 1 1 1 1 1 1 0 1 0 0 0 1 0 1 0 1 0 0 0 0
880	9	 1 1 1 1 0 0 0 1 1 0 0 0 1 0 0 1 0 0 1 0
880	27	 1 1 1 1 0 0 0 1 0 0 0 1 1 0 0 1 0 0 1 0
880	10	 1 1 1 1 1 0 0 0 1 0 0 0 0 0 1 1 0 0 0 0
880	13	 1 1 0 1 0 0 0 1 1 0 0 0 1 1 1 1 1 0 0 1
880	4	 1 1 1 1 0 0 0 0 1 0 0 0 1 1 1 1 0 0 1 1
880	31	 1 0 1 1 1 0 0 0 0 0 0 1 0 0 0 1 0 0 0 0
880	19	 1 1 1 1 0 1 0 1 0 0 0 1 0 0 1 1 1 0 0 0
880	1	 1 1 1 1 1 0 0 0 1 0 0 1 1 0 0 1 0 0 0 0
880	14	 1 1 1 1 0 0 0 0 1 0 0 0 1 0 0 1 0 0 1 1
880	3	 1 0 1 1 1 0 1 0 0 0 0 0 1 0 0 1 0 0 0 0
880	2	 1 0 1 1 0 1 0 1 0 0 0 1 0 0 0 1 0 0 1 0
880	13	 1 1 1 1 0 1 0 1 0 0 0 0 1 1 1 1 1 0 0 0
880	2	 0 1 1 1 0 0 0 0 1 0 1 0 1 0 0 1 0 0 0 0
880	2	 1 1 1 1 0 0 0 1 0 0 0 1 0 1 0 1 0 0 0 0
880	9	 0 1 1 1 0 0 0 1 1 0 0 0 1 0 1 1 0 0 0 0
880	18	 1 1 1 1 0 1 0 1 0 0 0 1 0 0 0 1 0 1 0 0
880	7	 1 1 1 1 0 0 0 1 1 0 0 0 1 0 0 1 0 0 0 0
880	4	 1 1 1 1 1 0 1 0 0 0 0 0 1 0 1 1 0 0 1 0
880	18	 1 1 1 1 1 0 0 1 0 0 0 0 1 0 1 1 0 0 0 0
880	5	 1 1 1 1 1 0 1 0 0 0 0 0 1 0 1 0 0 0 0 0
880	7	 1 1 1 1 1 0 1 1 0 0 0 0 1 0 1 1 1 0 0 1
880	14	 1 1 1 1 0 0 0 0 0 0 0 1 1 0 0 1 0 0 1 0
880	4	 1 1 1 1 0 0 1 0 1 0 0 0 1 0 1 0 0 0 1 0
880	3	 1 1 1 1 1 1 0 1 1 0 0 1 0 1 0 1 0 0 0 0
880	4	 0 0 1 1 0 0 0 0 1 0 0 0 1 0 0 1 0 0 0 0
880	7	 1 1 1 1 1 1 0 1 0 0 0 0 1 0 0 1 0 0 1 1
880	2	 1 1 1 1 0 1 0 1 0 0 0 1 0 0 0 1 1 0 0 0
880	4	 1 1 1 1 1 0 0 0 0 0 0 1 1 1 0 1 0 0 0 0
880	8	 1 0 1 1 1 0 0 0 0 0 0 1 0 0 0 1 1 0 0 0
880	12	 1 1 1 1 0 0 0 1 0 0 0 0 0 0 1 1 1 0 0 0
880	12	 1 1 1 1 0 1 0 1 0 0 0 0 1 0 0 1 0 0 0 0
880	5	 1 1 1 0 0 0 0 1 1 0 0 0 1 0 1 1 1 0 0 0
880	24	 1 1 1 1 0 0 0 1 1 0 0 0 1 0 1 1 0 0 0 0
880	10	 1 1 1 1 0 0 0 1 1 0 0 0 1 0 1 1 1 0 0 1
880	22	 1 0 1 1 0 0 1 0 1 0 0 0 1 0 1 0 0 0 1 0
880	13	 1 1 1 1 0 0 0 0 1 0 0 0 1 0 1 0 0 0 0 0
880	4	 1 0 1 1 0 0 0 1 1 0 0 0 1 0 1 1 0 0 0 0
880	18	 1 1 1 1 1 0 0 0 0 0 0 1 0 0 0 1 0 0 0 0
880	12	 1 1 1 1 0 1 0 1 0 0 0 1 0 1 1 1 0 1 0 0
880	1	 1 1 1 1 0 0 0 0 1 0 0 1 0 0 0 1 0 0 0 0
880	4	 1 1 1 1 0 0 1 0 1 0 0 0 1 0 1 0 0 0 1 1
880	2	 1 1 1 1 1 0 0 0 1 0 0 1 1 0 1 1 0 0 0 0
880	1	 1 1 1 1 1 0 0 1 1 0 0 1 1 0 0 1 0 0 0 0
880	10	 1 1 1 0 0 0 1 0 1 0 0 0 1 0 1 1 0 1 0 0
880	3	 1 1 1 1 1 0 0 1 1 0 0 1 0 0 0 1 0 0 0 0
880	1	 1 1 0 1 0 1 0 1 0 0 0 1 0 1 0 1 0 0 0 0
880	4	 1 1 1 0 1 0 0 1 0 0 0 0 1 0 1 1 0 0 0 0
880	2	 1 1 1 1 1 1 0 1 0 0 0 0 0 0 0 1 0 1 0 0
880	2	 1 1 0 1 1 0 0 0 0 0 0 1 0 0 0 1 0 0 0 0
880	1	 1 1 1 0 1 1 0 1 0 0 0 1 0 0 0 1 0 0 0 0
880	7	 1 1 1 1 0 1 0 1 0 0 1 1 0 1 0 1 0 0 0 0
880	1	 1 1 1 0 0 1 0 1 1 0 0 1 0 0 0 1 0 0 0 0
880	4	 1 1 1 0 0 0 1 0 1 0 1 0 1 0 1 1 0 0 0 0
880	7	 1 1 1 1 0 1 0 1 0 0 0 1 1 0 1 1 1 0 0 0
880	7	 1 1 1 1 0 0 1 0 1 0 0 0 1 0 0 1 0 0 1 0
880	2	 1 1 0 1 0 0 0 1 0 0 0 1 1 0 0 1 0 0 0 0
880	2	 1 1 1 1 1 1 0 0 1 0 0 0 1 0 0 1 0 0 0 0
880	8	 1 1 1 1 0 0 0 0 0 0 0 1 1 0 0 1 0 0 0 0
880	6	 1 1 1 0 0 0 1 0 1 0 0 0 1 0 1 0 0 0 0 0
880	1	 1 1 1 1 0 0 1 0 1 0 0 1 1 0 1 0 0 0 0 0
880	2	 1 1 1 0 1 0 0 0 1 0 0 0 1 0 1 0 0 0 0 0
880	5	 1 1 0 1 0 0 0 0 1 0 0 0 1 1 0 1 0 0 1 0
880	1	 1 1 1 1 1 0 1 0 0 0 0 0 1 0 1 1 0 0 0 0
880	5	 1 1 1 1 1 0 1 1 0 0 0 0 1 0 1 1 1 0 1 0
880	4	 1 1 1 1 0 0 1 0 1 0 0 0 1 0 1 1 0 0 0 1
880	2	 1 1 1 1 0 0 0 1 0 0 0 1 1 0 0 1 0 0 0 1
880	3	 1 1 1 1 0 0 0 1 0 0 0 1 1 0 0 1 0 1 0 0
880	9	 1 1 1 1 1 0 1 0 1 0 0 0 1 0 0 1 0 0 1 0
880	10	 1 1 1 1 0 0 1 0 1 0 0 0 1 0 0 1 0 0 0 0
880	3	 1 1 1 1 1 1 0 1 0 0 0 1 1 0 0 1 0 0 1 0
880	11	 1 1 1 1 0 1 0 1 1 0 0 0 1 0 1 1 1 0 0 0
880	3	 0 1 1 1 1 0 0 0 0 0 0 1 0 0 0 1 0 0 0 0
880	2	 1 1 1 0 1 1 0 1 0 0 0 1 1 0 1 1 0 0 0 0
880	3	 1 1 1 1 0 0 0 1 0 0 0 1 0 1 0 1 0 1 0 0
880	3	 1 1 1 1 0 0 0 0 1 0 0 1 1 0 1 1 0 0 0 0
880	1	 1 1 1 1 0 1 0 1 0 0 0 0 1 1 1 0 1 0 0 0
880	5	 1 1 0 1 0 1 1 1 0 0 0 1 0 0 0 1 0 0 0 0
880	1	 1 1 1 1 1 0 0 0 1 0 0 0 1 0 0 1 0 0 1 1
880	2	 1 1 1 1 1 0 0 0 1 0 0 0 1 0 1 1 1 0 0 0
880	2	 1 0 1 1 1 0 0 0 0 0 0 1 0 0 1 1 1 0 0 0
880	4	 1 1 1 1 1 1 0 0 1 0 0 1 0 0 0 1 0 0 0 0
880	2	 0 1 1 1 1 0 0 0 1 0 0 1 0 0 0 1 0 0 0 0
880	1	 1 0 1 1 0 0 0 0 1 0 0 0 1 0 0 1 0 0 1 1
880	3	 1 1 1 0 0 0 1 0 1 0 0 0 0 0 1 1 0 1 0 0
880	2	 1 1 1 1 0 1 0 0 0 0 0 1 0 0 0 1 0 0 0 0
880	2	 1 1 1 0 1 1 0 0 1 0 0 0 1 0 1 0 0 0 0 0
880	1	 1 1 0 1 0 0 0 1 1 0 0 0 1 0 1 1 0 0 0 0
880	1	 0 1 1 0 1 0 0 1 0 0 0 0 1 0 1 1 0 0 0 0
880	2	 1 1 1 1 1 0 0 1 0 0 0 0 1 0 0 1 0 0 1 0
880	2	 1 0 1 1 1 0 0 0 0 0 0 0 1 0 1 0 0 0 0 0
880	3	 1 0 1 1 1 0 0 0 0 0 0 1 0 0 1 1 1 0 1 0
880	3	 1 1 0 1 0 0 0 0 1 0 0 0 1 0 0 1 0 0 0 0
880	1	 1 1 1 1 1 1 0 1 0 0 0 1 0 1 0 1 0 0 0 1
880	1	 1 1 1 0 0 0 0 1 0 0 0 1 1 0 0 1 0 0 1 0
880	2	 1 0 1 1 1 0 0 0 1 0 0 1 0 0 0 1 0 0 0 0
880	1	 1 0 1 1 1 0 1 1 0 0 0 0 1 0 0 1 0 0 0 0
880	2	 1 1 1 1 0 1 0 1 0 0 0 1 0 0 0 1 1 1 0 0
880	2	 1 1 0 1 0 1 0 1 0 0 0 0 1 0 0 1 0 0 0 0
880	1	 1 1 1 1 1 0 1 0 0 0 0 1 0 0 0 1 0 0 0 0
880	1	 1 1 1 1 1 0 0 0 0 0 0 1 0 0 0 0 0 0 0 0
880	3	 1 1 1 1 0 0 0 1 0 0 0 1 0 1 0 1 0 1 0 1
880	3	 1 1 1 1 1 1 0 0 1 0 0 0 0 0 0 1 0 0 0 0
880	1	 1 1 1 1 0 0 0 0 1 0 0 1 1 0 0 1 0 1 0 0
880	2	 0 1 1 1 0 0 0 1 1 0 0 0 1 0 1 1 0 1 0 0
880	2	 1 1 1 1 1 1 0 0 1 0 0 1 0 0 1 0 0 0 0 0
880	1	 1 1 1 1 0 1 0 0 0 0 0 1 0 0 0 1 0 0 1 0
880	1	 1 1 1 1 0 0 1 0 1 0 0 0 1 0 1 0 0 1 0 0
880	1	 1 0 1 0 1 1 0 1 0 0 0 0 1 0 1 1 0 0 0 0
880	3	 1 1 1 1 1 0 0 1 1 0 0 0 0 0 1 1 0 0 0 0
880	1	 1 1 1 1 0 1 0 1 0 1 0 0 1 1 1 1 1 0 0 0
880	1	 0 1 1 1 0 0 0 1 1 0 0 0 1 0 1 1 0 0 0 1
880	1	 1 1 1 1 0 0 0 1 0 0 0 0 1 0 1 1 0 0 0 0
880	2	 1 1 0 1 1 0 0 1 0 0 0 0 1 0 1 1 0 0 0 0
880	3	 1 1 1 1 0 0 0 1 0 0 0 0 0 0 1 1 1 0 1 0
880	1	 1 1 1 1 1 0 0 0 0 0 0 1 0 0 0 1 0 0 0 1
1000	1	 1 1 1 1 0 1 0 1 0 0 0 1 0 0 1 1 1 0 0 0
1000	25	 1 1 1 1 1 0 0 0 1 0 0 1 0 0 1 1 0 0 0 0
1000	25	 1 1 1 1 1 0 1 0 1 0 0 1 0 0 0 1 0 1 0 0
1000	4	 1 1 1 1 0 1 0 0 0 0 0 1 0 0 0 1 0 0 0 0
1000	11	 1 1 1 1 1 0 0 0 1 0 0 1 1 0 0 1 0 0 1 0
1000	37	 1 1 1 1 0 0 0 0 1 0 0 1 1 0 1 1 0 0 0 0
1000	7	 1 1 1 1 0 1 0 0 1 0 0 1 0 1 0 1 0 0 0 0
1000	27	 1 1 1 1 1 0 1 0 1 0 0 1 0 0 1 1 0 0 0 0
1000	19	 1 1 1 1 1 0 0 0 0 0 0 1 0 1 0 1 0 0 0 0
1000	25	 1 1 1 1 0 1 0 0 1 0 0 0 1 0 0 1 0 0 0 0
1000	29	 1 1 1 1 1 1 0 1 1 0 0 1 1 0 0 1 0 0 1 0
1000	19	 1 1 1 1 0 0 0 0 1 0 0 1 1 1 1 1 0 0 0 0
1000	10	 1 1 1 1 1 1 1 0 1 0 0 1 0 1 0 1 0 0 1 0
1000	7	 1 1 1 1 0 0 0 0 1 1 0 0 1 0 1 1 0 0 0 0
1000	45	 1 1 1 1 0 0 0 0 1 0 0 1 0 1 0 1 0 0 0 0
1000	1	 1 1 1 1 0 1 0 1 0 0 0 1 0 0 0 1 1 0 0 0
1000	1	 1 1 1 1 0 0 0 0 1 0 0 1 1 0 1 1 0 1 0 0
1000	40	 1 1 1 1 1 0 1 1 1 0 0 1 0 0 1 1 0 0 0 0
1000	19	 1 1 1 0 1 1 1 1 1 0 0 1 0 1 0 1 0 0 1 0
1000	7	 1 1 1 1 1 0 0 0 0 0 0 1 0 1 0 1 0 1 0 1
1000	6	 1 1 0 1 1 0 0 0 0 0 0 1 0 0 0 1 0 0 0 1
1000	3	 1 1 1 1 0 0 0 0 0 0 0 0 1 0 1 1 0 0 1 0
1000	29	 1 1 1 1 1 1 0 1 1 0 0 1 1 1 0 1 0 0 0 0
1000	20	 1 1 0 1 1 0 0 0 1 0 0 1 1 0 0 1 0 0 1 0
1000	1	 1 1 1 1 0 0 1 0 0 0 0 1 0 0 0 1 0 0 0 0
1000	1	 1 1 0 1 0 0 0 0 1 0 0 0 1 0 0 1 0 0 0 0
1000	5	 1 1 1 1 1 0 0 1 1 0 0 1 0 0 1 1 0 0 0 0
1000	55	 1 1 1 1 0 1 0 0 1 0 0 0 0 0 0 1 0 0 0 0
1000	1	 1 1 1 1 0 1 1 0 1 0 0 1 0 0 0 1 0 0 0 0
1000	45	 1 1 1 1 0 0 0 1 0 0 0 0 0 0 1 1 0 0 1 0
1000	18	 1 0 1 1 1 0 1 0 1 0 0 1 0 1 0 1 0 0 0 0
1000	23	 1 1 1 1 1 1 0 1 1 0 1 1 0 0 1 1 1 0 0 0
1000	10	 1 1 1 1 1 1 0 0 1 0 0 1 0 0 1 1 1 0 0 0
1000	3	 1 1 1 1 1 0 1 1 0 0 0 1 0 0 1 1 0 0 0 0
1000	22	 1 1 1 1 1 0 0 0 0 0 0 1 1 0 1 1 0 0 1 0
1000	7	 1 1 1 1 0 1 1 1 1 0 0 1 0 0 1 1 1 0 0 0
1000	7	 1 1 1 1 1 0 1 0 0 0 0 1 0 0 0 1 0 1 0 0
1000	10	 1 1 1 1 0 1 0 1 1 0 0 1 1 1 0 1 0 0 0 0
1000	1	 1 1 1 1 0 0 0 1 1 0 0 1 0 0 1 1 0 1 0 0
1000	4	 1 1 1 1 1 0 1 0 0 0 0 1 0 0 0 1 0 0 1 0
1000	13	 1 1 1 1 0 0 0 0 0 0 0 1 0 1 0 1 0 0 0 0
1000	5	 1 1 1 1 0 0 0 0 1 0 0 1 0 0 0 1 0 1 0 0
1000	2	 1 1 1 1 1 0 0 0 1 0 0 1 0 1 1 1 0 0 0 0
1000	5	 1 1 1 1 0 1 1 0 1 0 0 0 1 0 0 1 0 0 0 0
1000	15	 1 1 0 1 1 0 0 0 0 0 0 1 0 0 0 1 0 0 0 0
1000	2	 1 1 1 1 1 1 1 0 1 0 0 1 1 1 0 1 0 0 1 0
1000	6	 1 1 1 0 1 0 0 0 1 0 0 1 0 0 1 1 0 1 0 0
1000	14	 1 1 1 1 0 1 0 0 1 0 0 0 0 1 0 1 0 0 0 0
1000	2	 1 1 1 0 0 1 0 1 1 0 0 1 1 1 0 1 0 0 0 0
1000	6	 1 1 1 1 0 0 1 0 1 0 0 1 0 0 0 1 0 0 1 0
1000	8	 1 1 1 1 0 0 1 0 1 0 0 1 0 0 1 1 0 0 0 0
1000	1	 1 1 1 1 1 1 1 1 0 0 0 1 0 0 1 1 0 0 0 0
1000	3	 1 1 1 1 0 0 1 0 1 0 0 1 0 1 0 1 0 0 0 0
1000	7	 0 1 1 1 0 1 0 0 1 0 0 0 1 0 0 1 0 0 0 0
1000	3	 1 1 1 1 0 1 0 1 1 0 0 1 0 1 0 1 0 0 1 0
1000	3	 1 1 1 1 0 1 0 0 1 0 0 1 0 1 0 1 1 0 1 0
1000	3	 1 1 1 1 0 1 0 0 0 0 0 1 0 0 1 1 0 0 0 0
1000	6	 1 1 1 0 0 0 1 0 1 0 0 1 0 0 0 1 0 1 0 0
1000	8	 1 1 1 1 0 1 0 0 1 0 0 1 1 0 0 1 0 0 1 0
1000	5	 1 1 1 1 1 1 1 1 1 0 0 1 0 0 1 1 1 1 0 0
1000	1	 1 1 1 1 1 1 0 1 1 0 1 1 0 0 1 1 1 0 1 0
1000	26	 1 0 1 1 0 1 0 0 0 0 0 1 0 0 0 1 0 0 0 0
1000	5	 1 1 0 1 1 0 1 0 1 0 0 1 0 0 0 1 0 0 0 0
1000	9	 1 1 1 1 1 0 0 0 0 0 0 1 0 1 0 1 0 0 1 0
1000	25	 1 1 1 1 0 1 0 0 1 0 0 1 0 0 0 1 0 0 0 0
1000	5	 1 1 1 1 1 0 0 0 1 0 0 1 0 0 0 1 0 0 0 0
1000	5	 1 1 1 1 0 1 0 0 1 0 1 1 0 1 0 1 0 0 0 0
1000	5	 1 1 1 1 1 0 1 1 1 0 0 1 0 1 1 1 0 0 0 0
1000	3	 1 1 1 1 0 0 0 0 1 0 0 0 0 0 0 1 0 0 0 0
1000	6	 1 1 1 0 1 0 1 1 1 0 0 1 0 0 1 1 1 0 0 0
1000	4	 1 1 1 1 1 0 0 0 0 0 0 1 0 1 0 1 0 1 1 0
1000	5	 1 1 1 1 0 0 0 0 1 1 0 1 0 0 1 1 0 0 0 0
1000	2	 1 1 1 0 0 0 1 0 1 0 0 1 0 0 0 1 0 0 0 0
1000	4	 1 0 1 1 1 0 1 1 1 0 0 1 0 0 1 1 0 0 0 0
1000	5	 1 1 1 1 1 0 1 1 1 0 0 1 1 1 0 1 0 0 0 0
1000	22	 1 1 1 1 0 1 0 0 1 0 0 0 0 0 0 1 0 1 0 0
1000	1	 1 1 1 1 0 1 0 0 0 0 0 0 0 0 0 1 0 0 0 0
1000	2	 1 1 1 1 1 0 0 0 1 0 0 1 0 1 0 1 0 0 1 0
1000	4	 1 1 1 1 0 1 0 0 1 0 0 0 1 0 1 1 0 0 0 0
1000	1	 1 1 1 1 1 1 0 0 0 0 0 1 1 0 1 1 0 0 1 0
1000	3	 1 1 1 1 0 1 0 0 0 0 0 1 0 1 0 1 0 0 0 0
1000	4	 1 1 1 1 0 0 0 0 1 0 0 1 0 0 1 1 0 1 0 0
1000	3	 1 1 1 1 1 1 0 1 1 0 0 1 1 0 0 1 0 0 0 0
1000	7	 1 1 1 1 1 1 0 1 1 0 0 1 1 0 1 1 0 0 1 0
1000	1	 1 1 1 1 1 0 1 1 1 0 0 1 1 0 1 1 0 0 0 0
1000	3	 1 1 1 1 0 0 0 0 0 0 0 1 0 1 0 1 0 1 0 1
1000	6	 1 1 0 1 1 0 1 1 1 0 0 1 0 0 1 1 0 0 0 0
1000	7	 1 1 1 1 1 0 0 1 1 0 0 1 0 0 1 1 0 0 1 0
1000	3	 1 1 1 0 1 1 1 1 1 0 0 1 0 1 0 1 0 0 0 0
1000	1	 1 1 1 1 1 1 1 1 0 0 0 1 1 0 0 1 0 0 1 0
1000	1	 1 1 1 1 0 0 1 1 0 0 0 1 0 0 1 1 0 0 0 0
1000	1	 1 1 1 1 0 0 0 1 1 1 0 1 0 0 1 1 0 0 0 0
1000	1	 1 1 1 1 0 1 0 0 1 0 0 0 0 0 1 1 0 1 0 0
1000	1	 1 1 1 1 0 0 0 0 1 0 1 1 0 0 1 1 0 1 0 0
1000	1	 1 1 1 1 1 0 0 0 1 0 0 1 0 0 1 1 0 0 1 0
1000	3	 1 1 1 1 0 0 0 0 1 0 0 1 0 1 1 1 0 0 0 0
1000	2	 1 1 1 1 1 0 0 0 0 0 0 1 0 0 1 1 0 1 0 0
1000	4	 1 1 1 1 0 0 0 0 1 0 0 1 1 0 1 1 0 0 1 0
1000	6	 1 1 0 1 1 1 0 1 1 0 0 1 1 0 0 1 0 0 1 0
1000	3	 1 1 1 1 1 1 0 0 1 0 0 1 1 0 0 1 0 0 1 0
1000	1	 1 1 0 1 1 1 0 1 1 0 1 1 0 0 1 1 1 0 0 0
1000	2	 1 1 1 0 1 0 0 0 0 0 0 1 1 0 1 1 0 0 1 0
1000	1	 1 1 1 1 0 0 0 1 1 0 0 0 0 0 1 1 0 1 0 0
1000	1	 1 1 1 1 1 0 0 0 0 0 1 1 0 1 0 1 0 0 1 0
1000	2	 1 1 1 1 0 0 0 0 1 0 0 1 1 0 0 1 0 0 1 0
1000	1	 1 1 1 1 1 0 1 0 1 0 0 1 0 0 1 1 1 0 0 0
1000	2	 1 1 1 1 1 0 1 1 1 0 0 1 0 0 0 1 0 0 0 0
1000	3	 1 1 1 0 1 0 1 0 0 0 0 1 0 0 0 1 0 0 1 0
1000	1	 1 1 1 1 1 0 0 0 1 0 0 1 0 0 0 1 0 1 0 0
1000	4	 0 1 1 1 0 0 0 0 1 0 0 1 0 1 0 1 0 0 0 0
1000	1	 1 1 1 1 1 0 1 1 1 0 0 0 0 0 1 1 0 0 0 0
1000	1	 1 1 1 0 1 1 1 1 1 0 0 1 0 1 1 1 0 0 1 0
1000	1	 1 1 0 0 1 0 0 0 1 0 0 1 1 0 0 1 0 0 1 0
1000	3	 1 0 1 1 1 1 1 0 1 0 0 1 0 1 0 1 0 0 0 0
1000	2	 1 1 1 1 1 0 0 0 0 0 0 1 1 1 1 1 0 0 1 0
1000	1	 1 1 1 1 0 0 0 0 0 0 0 0 0 1 0 1 0 0 0 0
1000	2	 1 1 0 1 1 0 0 0 0 0 0 1 0 0 0 1 0 1 0 0
1000	4	 1 1 1 1 1 0 0 0 1 0 0 0 0 1 0 1 0 0 1 0
1000	1	 1 1 1 1 1 0 0 0 1 0 0 1 0 1 0 1 0 0 0 0
1000	1	 1 1 1 1 1 0 0 0 0 0 0 1 0 0 0 1 0 1 0 0
1000	2	 1 1 1 1 1 0 1 1 1 0 0 1 0 0 1 1 1 0 0 0
1000	4	 1 1 1 1 0 0 0 1 0 0 0 0 0 0 1 1 0 0 0 0
1000	2	 1 0 1 1 1 0 1 1 1 0 0 1 1 1 0 1 0 0 0 0
1000	1	 1 1 1 1 1 1 0 0 1 0 0 1 1 0 1 1 0 0 1 0
1000	2	 1 1 1 1 1 0 1 0 1 0 0 0 0 0 1 1 0 0 0 0
1000	2	 1 1 1 1 0 0 0 0 1 0 1 1 1 1 1 1 0 0 0 0
1000	1	 1 1 1 1 0 0 0 0 1 0 0 1 0 0 0 1 0 0 0 0
1000	3	 0 0 1 1 0 1 0 0 0 0 0 1 0 0 0 1 0 0 0 0
