0	250	 1 1 0 0 0 0 0 0 0 0 1 0 0 1 0 0 1 0 0 0
0	250	 0 0 0 1 0 0 0 0 0 0 0 1 0 0 1 1 0 0 0 0
0	250	 0 1 1 1 0 1 0 0 0 0 0 0 0 0 1 0 0 1 0 0
0	250	 0 0 0 0 0 0 0 0 0 0 0 0 0 0 0 0 0 0 0 0
10	314	 1 1 0 0 0 0 0 0 0 0 1 0 0 1 0 0 1 0 0 0
10	149	 0 0 0 1 0 0 0 0 0 0 0 1 0 0 1 1 0 0 0 0
10	202	 0 1 1 1 0 1 0 0 0 0 0 0 0 0 1 0 0 1 0 0
10	61	 0 0 0 0 0 0 0 0 0 0 0 0 0 0 0 0 0 0 0 0
10	10	 0 0 0 1 0 1 0 0 0 0 0 0 0 0 1 0 0 1 0 0
10	2	 0 1 1 1 0 1 0 0 0 0 0 1 0 0 1 1 0 0 0 0
10	14	 1 1 0 0 0 0 0 0 1 0 1 0 0 1 0 0 1 0 0 0
10	2	 0 0 0 1 0 0 0 0 1 0 0 1 0 0 1 1 0 0 0 0
10	8	 0 0 0 1 0 0 0 0 0 0 0 1 0 1 1 1 0 0 0 0
10	1	 0 1 1 1 0 1 0 1 0 0 0 0 0 0 1 0 0 1 0 0
10	3	 0 1 1 1 0 1 0 0 0 0 0 0 0 0 1 0 0 1 0 1
10	2	 1 1 0 0 0 0 0 0 0 0 1 0 0 0 1 0 0 1 0 0
10	4	 0 1 1 1 0 1 0 0 0 0 0 0 0 0 0 0 0 0 0 0
10	22	 1 1 0 0 0 1 0 0 0 0 1 0 0 1 0 0 1 0 0 0
10	2	 0 1 1 1 0 1 1 0 0 0 0 0 0 0 1 0 0 1 0 0
10	14	 0 1 1 1 0 1 0 0 0 1 0 0 0 0 1 0 0 1 0 0
10	3	 0 0 0 0 0 0 0 0 0 0 0 0 0 0 0 0 1 0 0 0
10	1	 0 0 0 1 0 0 0 0 0 0 0 1 0 0 0 0 1 0 0 0
10	7	 0 0 0 0 0 0 0 0 0 0 0 1 0 0 1 1 0 0 0 0
10	14	 1 1 0 0 0 0 0 0 0 0 1 0 0 1 0 1 1 0 0 0
10	6	 0 0 0 1 0 0 0 0 0 0 0 0 0 0 1 1 0 0 0 0
10	6	 1 0 0 1 0 0 0 0 0 0 0 1 0 0 1 1 0 0 0 0
10	8	 0 0 0 1 0 0 0 0 0 0 0 1 0 0 1 0 0 1 0 0
10	6	 0 0 0 1 0 0 0 0 0 0 0 0 0 0 1 0 0 1 0 0
10	7	 0 1 0 0 0 0 0 0 0 0 1 0 0 1 0 0 1 0 0 0
10	4	 0 0 0 1 0 0 0 0 0 0 1 1 0 0 1 1 0 0 0 0
10	1	 0 1 1 1 0 1 0 0 0 0 0 0 0 0 0 0 0 1 0 0
10	2	 0 0 1 1 0 1 0 0 0 0 0 0 0 0 1 0 0 1 0 0
10	16	 0 1 1 1 0 1 0 0 0 0 0 0 0 0 1 0 0 0 0 0
10	6	 1 1 0 1 0 0 0 0 0 0 0 1 0 0 1 1 0 0 0 0
10	1	 1 0 0 0 0 0 0 0 0 0 1 0 0 1 0 0 1 0 0 0
10	2	 1 1 1 0 0 0 0 0 0 0 1 0 0 1 0 0 1 0 0 0
10	5	 0 0 0 1 0 0 0 0 0 0 0 1 0 0 0 1 0 0 0 0
10	3	 0 0 0 0 0 0 0 0 0 0 0 0 0 0 1 0 0 0 0 0
10	1	 0 1 1 1 0 1 0 0 0 1 0 0 0 0 1 0 0 0 0 0
10	1	 0 0 0 1 0 0 0 0 0 0 0 0 0 1 0 0 1 0 0 0
10	1	 1 1 0 0 0 0 0 0 0 0 0 0 0 0 1 0 0 1 0 0
10	7	 0 1 1 1 0 1 0 0 0 0 0 0 0 0 0 0 1 0 0 0
10	1	 0 1 1 1 0 1 0 0 0 0 1 0 0 1 0 0 1 0 0 0
10	1	 0 0 0 0 0 0 0 0 0 0 1 0 0 1 0 0 1 0 0 0
10	4	 0 0 0 1 0 1 0 0 0 0 1 0 0 1 0 0 1 0 0 0
10	1	 0 0 0 1 0 0 0 0 0 0 0 0 0 0 0 0 0 0 0 0
10	2	 0 0 0 1 1 0 0 0 0 0 0 1 0 0 1 1 0 0 0 0
10	4	 0 0 0 1 0 0 0 0 0 0 0 1 0 0 1 1 1 0 0 0
10	3	 0 0 0 0 0 0 0 0 0 0 1 0 0 0 0 0 0 0 0 0
10	2	 1 1 0 0 0 0 0 0 0 0 1 0 0 1 0 0 0 0 0 0
10	1	 0 0 0 1 0 1 0 0 0 0 0 1 0 0 1 1 0 0 0 0
10	2	 0 0 0 1 0 0 0 0 0 0 0 1 0 0 1 1 0 0 1 0
10	2	 0 1 1 1 0 1 0 0 0 0 0 0 0 0 1 0 1 1 0 0
10	4	 0 1 1 1 0 1 1 0 0 0 0 0 0 0 1 0 0 0 0 0
10	6	 1 0 0 0 0 0 0 0 0 0 0 0 0 0 0 0 0 0 0 0
10	3	 1 0 0 1 0 0 0 0 0 0 0 1 0 0 1 1 0 1 0 0
10	3	 0 1 1 1 0 1 1 0 0 1 0 0 0 0 1 0 0 0 0 0
10	1	 1 1 0 0 0 0 0 0 0 0 1 0 0 1 1 1 0 0 0 0
10	3	 0 0 0 0 0 0 0 0 0 0 1 0 0 0 1 0 0 1 0 0
10	1	 1 1 0 0 1 0 0 0 0 0 1 0 0 1 0 0 1 0 0 0
10	2	 0 1 1 1 0 1 0 0 1 0 0 0 0 0 0 0 0 0 0 0
10	7	 1 1 1 1 0 1 0 0 0 1 0 0 0 0 1 0 0 1 0 0
10	1	 1 1 0 1 0 1 0 0 0 0 0 0 0 0 1 0 0 1 0 0
10	2	 0 0 0 1 0 0 0 0 0 0 1 0 0 1 0 0 1 0 0 0
10	4	 0 0 0 1 0 0 0 0 0 0 0 1 0 0 1 1 0 1 0 0
10	5	 0 1 1 0 0 0 0 0 0 0 0 0 0 0 0 0 0 0 0 0
10	4	 0 1 1 0 0 1 0 0 0 0 1 0 0 1 0 0 1 0 0 0
10	2	 0 0 0 0 0 0 0 0 0 0 0 0 0 0 1 1 0 0 0 0
10	2	 1 1 0 0 0 1 0 0 0 0 1 0 0 0 1 1 0 0 0 0
10	1	 1 1 0 1 0 0 0 0 0 0 1 0 0 1 0 0 1 0 0 0
10	1	 0 1 1 1 0 1 0 0 0 0 0 0 0 0 1 1 0 1 0 0
10	1	 0 1 1 1 0 1 0 0 0 0 0 0 0 1 1 0 0 1 0 0
10	2	 1 1 0 0 0 0 0 0 1 0 0 0 0 1 0 0 1 0 0 0
10	1	 1 1 0 0 0 0 0 0 0 0 1 0 0 1 0 1 1 1 0 0
10	1	 0 0 1 1 0 1 0 0 1 0 0 0 0 0 1 0 0 1 0 0
10	2	 0 0 0 1 0 0 0 0 0 0 0 0 0 1 0 0 0 0 0 0
25	237	 1 1 0 0 0 0 0 0 0 0 1 0 0 1 0 0 1 0 0 0
25	62	 0 0 0 1 0 0 0 0 0 0 0 1 0 0 1 1 0 0 0 0
25	131	 0 1 1 1 0 1 0 0 0 0 0 0 0 0 1 0 0 1 0 0
25	10	 0 0 0 0 0 0 0 0 0 0 0 0 0 0 0 0 0 0 0 0
25	1	 0 0 0 1 0 1 0 0 0 0 0 0 0 0 1 0 0 1 0 0
25	10	 1 1 0 0 0 0 0 0 1 0 1 0 0 1 0 0 1 0 0 0
25	5	 0 0 0 1 0 0 0 0 0 0 0 1 0 1 1 1 0 0 0 0
25	36	 1 1 0 0 0 1 0 0 0 0 1 0 0 1 0 0 1 0 0 0
25	4	 0 1 1 1 0 1 0 0 0 1 0 0 0 0 1 0 0 1 0 0
25	11	 1 1 0 0 0 0 0 0 0 0 1 0 0 1 0 1 1 0 0 0
25	2	 1 0 0 1 0 0 0 0 0 0 0 1 0 0 1 1 0 0 0 0
25	5	 0 0 0 1 0 0 0 0 0 0 0 0 0 0 1 0 0 1 0 0
25	32	 0 1 1 1 0 1 0 0 0 0 0 0 0 0 1 0 0 0 0 0
25	26	 1 1 0 1 0 0 0 0 0 0 0 1 0 0 1 1 0 0 0 0
25	4	 0 0 0 1 0 0 0 0 0 0 0 1 0 0 0 1 0 0 0 0
25	6	 0 1 1 1 0 1 0 0 0 0 0 0 0 0 0 0 1 0 0 0
25	1	 0 1 1 1 0 1 0 0 0 0 0 0 0 0 1 0 1 1 0 0
25	1	 1 0 0 0 0 0 0 0 0 0 0 0 0 0 0 0 0 0 0 0
25	15	 1 1 1 1 0 1 0 0 0 1 0 0 0 0 1 0 0 1 0 0
25	1	 0 0 0 1 0 0 0 0 0 0 0 1 0 0 1 1 0 1 0 0
25	5	 0 1 1 0 0 1 0 0 0 0 1 0 0 1 0 0 1 0 0 0
25	5	 1 1 0 0 0 0 0 0 0 0 1 0 0 1 0 0 1 0 0 1
25	6	 1 1 0 0 0 0 0 0 0 0 1 1 0 1 0 0 1 0 0 0
25	11	 0 1 1 1 0 1 0 0 0 0 1 0 0 0 1 0 0 0 0 0
25	1	 1 1 0 0 0 0 0 0 0 0 0 1 0 0 1 1 0 0 0 0
25	10	 1 0 0 0 0 0 0 0 0 0 1 0 0 1 0 0 1 0 0 0
25	6	 1 1 0 0 0 0 0 0 0 1 1 0 0 1 0 0 1 0 0 0
25	12	 1 1 0 0 0 0 0 0 0 0 1 0 0 1 1 0 1 0 0 0
25	25	 1 1 0 0 0 0 0 0 0 0 1 0 0 1 0 0 0 1 0 0
25	12	 1 1 0 0 0 0 0 0 0 0 0 0 0 0 1 0 0 1 0 0
25	20	 1 1 1 0 0 0 0 0 0 0 1 0 0 1 0 0 1 0 0 0
25	2	 1 1 0 0 0 0 0 0 1 0 1 0 0 1 0 1 1 0 0 0
25	13	 1 1 0 1 0 0 0 0 0 0 0 1 0 0 0 1 0 0 0 0
25	3	 1 1 0 0 0 0 0 0 0 0 1 0 0 1 0 0 0 0 0 0
25	7	 1 1 1 1 0 1 0 0 0 0 0 0 0 0 1 0 0 1 0 0
25	12	 1 1 0 0 0 0 0 0 0 0 1 0 0 0 1 1 0 0 0 0
25	3	 0 1 1 1 0 0 0 0 0 0 0 1 0 0 1 1 0 0 0 0
25	27	 1 1 0 0 1 0 0 0 0 0 1 0 0 1 0 0 1 0 0 0
25	11	 1 1 0 0 0 0 0 0 0 0 1 0 0 0 0 0 1 0 0 0
25	3	 1 1 0 0 0 0 0 0 1 1 1 0 0 1 0 0 1 0 0 0
25	1	 0 1 1 0 0 1 0 0 0 0 0 0 0 0 1 0 0 1 0 1
25	6	 1 1 0 1 0 1 0 0 0 0 0 0 0 0 0 0 1 0 0 0
25	6	 1 1 0 0 0 0 0 0 0 0 1 0 0 1 1 1 0 1 0 0
25	11	 1 1 0 0 0 0 0 0 0 0 1 0 1 1 0 0 1 0 0 0
25	2	 1 0 0 1 0 0 0 0 0 0 0 1 1 0 1 1 0 0 0 0
25	11	 0 1 1 1 0 1 0 0 0 0 0 0 0 0 1 0 1 0 0 0
25	6	 0 0 0 1 0 0 0 0 0 1 1 1 0 1 0 0 1 0 0 0
25	16	 1 1 0 0 0 0 0 0 1 0 1 0 0 1 0 1 0 0 0 0
25	3	 0 0 0 1 0 0 0 0 1 0 0 1 0 0 1 1 0 0 0 0
25	5	 1 1 0 0 1 0 0 0 0 0 1 0 0 0 1 0 0 1 0 0
25	1	 0 1 1 0 0 1 0 0 0 1 0 0 0 0 1 0 0 1 0 0
25	6	 1 1 1 0 0 0 0 0 0 0 1 0 0 1 1 0 1 0 0 0
25	2	 1 1 0 0 1 0 0 0 0 0 1 0 1 1 0 0 1 0 0 0
25	5	 1 1 0 0 0 1 0 0 0 0 1 0 0 0 1 0 0 1 0 0
25	19	 0 1 0 1 0 0 0 0 0 0 0 1 0 0 1 1 0 0 0 0
25	4	 0 1 1 1 0 1 0 0 0 0 0 0 0 0 1 0 0 1 1 0
25	3	 0 1 1 1 0 1 0 0 0 0 0 1 0 0 1 0 0 1 0 0
25	1	 0 0 0 0 0 0 0 1 0 0 0 0 0 0 0 0 0 0 0 0
25	1	 0 1 1 1 0 1 0 0 0 0 0 0 0 1 1 0 0 0 0 0
25	3	 1 0 0 0 0 0 0 0 1 0 1 0 0 1 0 0 1 0 0 0
25	4	 1 1 0 0 0 0 0 0 0 0 0 1 0 0 0 1 0 0 0 0
25	11	 0 1 1 1 0 0 0 1 0 1 1 0 0 1 0 0 1 0 0 0
25	1	 1 1 0 0 0 0 0 0 0 0 1 0 0 1 0 0 1 0 1 0
25	6	 0 1 1 1 0 1 0 0 0 0 0 0 0 1 0 0 1 0 0 0
25	2	 1 1 1 0 0 1 0 0 0 0 1 0 0 1 0 0 1 0 0 0
25	1	 1 1 0 0 0 0 0 0 1 0 1 1 0 1 0 0 1 0 0 0
25	9	 1 1 0 0 0 0 1 0 1 0 1 0 0 1 0 0 1 0 0 0
25	2	 0 0 1 0 0 1 0 0 0 0 0 0 0 0 0 1 0 0 0 0
25	1	 0 0 0 1 0 0 0 0 0 0 0 1 0 1 0 0 1 0 0 0
25	1	 0 1 0 0 0 0 0 0 0 0 1 0 0 1 0 0 1 0 0 0
25	5	 0 1 1 1 0 0 0 0 1 0 1 0 0 1 0 1 0 0 0 0
25	2	 1 1 0 0 0 0 0 0 0 0 1 0 0 1 0 0 1 1 0 0
25	1	 1 1 0 0 0 1 1 0 0 0 1 0 0 1 0 0 1 0 0 0
25	4	 1 0 0 1 0 0 0 0 0 0 0 1 0 0 1 1 1 0 0 0
25	3	 0 0 1 1 0 0 0 0 0 0 0 1 0 0 0 1 0 0 0 0
25	2	 0 0 0 1 0 0 0 0 0 0 1 1 0 0 1 1 0 1 0 0
25	4	 1 1 0 0 0 1 0 0 0 0 1 0 0 1 1 1 0 0 0 0
25	1	 1 1 1 0 0 0 0 0 0 0 1 0 0 1 0 0 0 1 0 0
25	2	 1 1 0 1 0 0 0 0 0 0 1 1 0 0 0 1 0 0 0 0
25	3	 1 1 0 0 0 0 0 0 0 1 1 0 0 0 0 0 1 0 0 0
25	1	 0 0 0 1 0 0 0 0 0 0 0 1 0 0 0 0 1 0 0 0
25	1	 1 1 0 1 0 0 0 1 0 1 1 0 0 1 0 0 1 0 0 0
25	1	 1 0 0 1 0 0 0 0 0 0 0 1 1 0 1 0 0 1 0 0
25	2	 0 1 1 1 0 1 0 1 0 0 0 0 0 0 1 0 0 1 0 0
25	1	 0 0 0 0 0 0 0 0 1 0 1 0 0 1 0 0 1 0 0 0
25	1	 1 1 0 0 0 0 0 0 1 0 1 0 0 1 0 1 0 0 1 0
25	1	 0 0 1 0 0 1 0 0 0 0 0 0 0 0 0 0 0 0 0 0
25	3	 0 1 0 0 1 0 0 0 0 0 1 0 0 1 0 0 1 0 0 0
25	2	 1 1 0 1 0 0 0 0 0 0 0 1 0 0 1 0 0 1 0 0
25	2	 1 1 0 0 0 0 1 0 0 0 1 0 0 1 0 0 1 0 0 0
25	1	 1 1 0 1 0 0 0 0 0 0 1 0 0 1 0 0 1 0 0 0
25	3	 0 0 0 1 0 0 1 0 0 0 0 1 0 0 1 1 0 0 0 0
25	2	 1 1 1 1 0 1 0 0 0 0 0 0 0 0 1 0 0 0 0 0
25	1	 1 1 0 0 0 0 0 0 0 0 1 0 0 1 0 1 1 0 0 1
25	2	 0 1 0 0 0 0 0 0 0 0 1 0 0 1 1 0 1 0 0 0
25	1	 1 1 0 1 0 0 0 0 0 0 0 1 0 0 0 1 0 0 0 1
25	1	 0 1 1 1 0 0 0 0 0 0 0 1 0 0 1 1 0 1 0 0
25	1	 1 1 0 1 1 0 0 0 0 0 1 0 0 1 0 0 1 0 0 0
25	2	 1 1 1 0 0 1 0 0 0 0 1 0 0 1 0 0 1 0 0 1
70	122	 1 1 0 0 0 0 0 0 0 0 1 0 0 1 0 0 1 0 0 0
70	17	 0 1 1 1 0 1 0 0 0 0 0 0 0 0 1 0 0 1 0 0
70	48	 1 1 0 0 0 0 0 0 0 0 1 0 0 1 0 1 1 0 0 0
70	13	 0 1 1 1 0 1 0 0 0 0 0 0 0 0 1 0 0 0 0 0
70	85	 1 1 1 1 0 1 0 0 0 1 0 0 0 0 1 0 0 1 0 0
70	3	 1 1 0 0 0 0 0 0 0 0 1 0 0 1 0 0 1 0 0 1
70	23	 1 0 0 0 0 0 0 0 0 0 1 0 0 1 0 0 1 0 0 0
70	39	 1 1 0 0 0 0 0 0 0 1 1 0 0 1 0 0 1 0 0 0
70	66	 1 1 0 0 0 0 0 0 0 0 1 0 0 1 1 0 1 0 0 0
70	14	 1 1 0 0 0 0 0 0 0 0 1 0 0 1 0 0 0 1 0 0
70	2	 1 1 0 1 0 0 0 0 0 0 0 1 0 0 0 1 0 0 0 0
70	26	 1 1 0 0 0 0 0 0 0 0 1 0 0 0 0 0 1 0 0 0
70	7	 1 1 0 0 0 0 0 0 0 0 1 0 1 1 0 0 1 0 0 0
70	23	 1 1 0 0 0 0 0 0 0 0 1 0 0 1 0 0 0 0 0 0
70	15	 0 1 1 1 0 1 0 0 0 0 0 0 0 1 0 1 1 0 0 0
70	4	 1 0 0 0 0 0 0 0 0 0 1 0 0 1 1 0 1 0 0 0
70	17	 1 1 0 0 0 0 0 0 0 0 1 0 0 1 1 0 0 0 0 0
70	25	 1 1 0 0 0 0 0 0 0 0 1 0 0 0 0 1 1 0 0 0
70	10	 1 1 0 0 0 0 1 0 0 0 1 0 0 1 0 0 0 1 0 0
70	5	 0 1 0 1 0 0 0 0 0 1 1 1 0 1 0 0 1 0 0 0
70	1	 1 1 0 1 0 1 0 0 0 0 1 0 0 1 0 0 1 0 0 0
70	2	 0 0 0 1 0 0 0 0 0 0 0 0 0 0 1 0 0 1 0 0
70	8	 1 1 0 0 1 0 0 0 0 0 1 0 0 1 0 1 1 0 0 0
70	12	 1 1 0 0 0 0 0 0 0 0 1 0 0 1 0 0 1 0 1 0
70	12	 0 1 1 1 0 1 0 0 0 0 1 0 0 1 1 0 1 0 0 0
70	20	 0 1 1 1 0 0 1 0 1 0 1 0 0 1 0 1 0 0 0 0
70	3	 1 1 0 0 0 0 0 0 0 0 1 0 0 1 1 0 1 0 1 0
70	18	 1 1 0 0 0 0 0 0 0 1 0 0 0 1 0 0 1 0 0 0
70	10	 1 1 0 0 0 0 0 0 0 0 0 0 0 1 0 0 1 0 0 0
70	2	 1 1 1 1 0 1 0 0 0 1 0 0 0 0 0 0 1 0 0 0
70	6	 0 1 1 1 0 1 0 0 0 0 0 0 0 1 1 1 0 0 0 0
70	13	 1 1 0 1 0 0 0 0 0 0 1 1 0 1 0 0 1 0 0 0
70	14	 0 1 1 1 0 1 0 0 0 0 0 0 0 1 0 0 1 0 0 0
70	11	 0 1 1 1 0 1 0 0 0 0 1 0 0 0 1 0 0 1 0 0
70	7	 1 1 0 0 0 0 1 0 0 0 1 0 0 1 1 0 1 0 0 0
70	15	 1 1 0 1 1 0 0 0 0 0 1 0 0 1 0 1 1 0 0 0
70	13	 0 0 0 1 0 0 0 0 0 1 1 0 0 1 1 1 0 1 0 0
70	9	 0 1 0 1 0 0 0 0 0 0 1 0 0 1 0 1 1 0 0 0
70	4	 1 1 0 0 0 0 0 0 0 0 0 0 0 1 1 0 0 0 0 0
70	3	 1 1 0 0 0 0 0 0 0 0 1 0 0 1 0 1 1 1 0 0
70	2	 1 0 0 0 0 0 0 0 0 0 1 0 0 1 0 0 1 0 1 0
70	5	 1 1 0 0 0 0 0 1 0 0 1 1 1 1 0 0 1 0 0 0
70	13	 1 1 1 0 0 0 0 0 0 0 1 0 0 1 1 0 1 0 0 0
70	10	 1 1 0 1 0 0 0 0 0 0 1 1 0 1 0 0 0 0 0 0
70	2	 1 1 0 1 0 0 0 0 0 0 1 0 0 1 0 0 1 1 0 0
70	1	 1 1 0 0 0 1 0 0 0 1 0 0 0 0 1 0 0 1 0 0
70	13	 0 1 1 1 0 0 0 0 0 0 1 0 0 0 1 0 0 1 0 0
70	4	 0 1 0 0 0 0 1 0 0 0 1 0 0 1 0 0 0 1 0 0
70	6	 1 1 0 0 0 0 0 0 0 0 1 0 0 1 0 0 1 1 0 0
70	4	 1 1 0 0 0 0 0 0 0 0 0 0 0 1 0 0 0 1 0 0
70	3	 0 1 1 1 0 1 0 0 0 0 0 0 0 0 1 1 0 0 1 0
70	2	 1 1 0 1 0 1 0 0 0 0 1 0 0 0 1 0 1 1 0 1
70	1	 0 1 1 1 0 1 0 0 0 0 1 0 0 0 0 0 1 0 0 0
70	4	 1 1 0 1 0 0 0 0 0 0 1 0 0 1 0 1 1 0 0 0
70	1	 1 1 0 0 1 0 0 0 0 0 0 0 0 0 1 0 0 1 0 0
70	2	 0 1 0 0 0 0 0 0 0 0 1 0 0 1 0 0 1 0 0 0
70	1	 0 1 1 0 0 0 0 0 0 0 1 0 0 1 1 0 1 0 0 0
70	2	 1 1 1 1 0 1 0 0 0 1 0 0 0 0 0 0 0 1 0 0
70	6	 0 1 0 0 0 0 0 0 0 0 1 0 1 1 1 0 1 0 0 0
70	4	 1 1 1 1 0 1 0 0 0 1 0 0 0 1 0 0 1 0 0 0
70	2	 0 1 0 1 0 1 0 0 0 0 0 0 0 0 1 0 0 1 0 0
70	2	 0 1 1 1 0 1 0 0 0 1 0 0 0 0 1 0 0 1 0 0
70	4	 1 1 0 1 0 1 0 0 0 1 1 0 0 1 1 0 1 0 0 0
70	5	 1 1 1 1 0 1 0 0 0 0 0 0 0 0 1 0 0 1 0 0
70	4	 1 1 0 0 0 0 0 0 1 0 1 0 0 1 0 0 1 0 0 0
70	3	 1 1 1 1 0 1 0 0 0 1 0 1 0 0 1 0 0 1 0 0
70	1	 1 1 0 0 0 0 0 0 0 0 1 0 0 1 0 0 0 1 1 0
70	4	 1 1 0 1 0 0 0 0 0 0 1 0 0 0 0 1 1 0 0 0
70	5	 1 1 0 0 0 0 0 1 0 0 1 0 0 0 0 1 1 0 0 0
70	3	 0 1 1 1 0 1 0 0 0 0 1 0 0 0 1 0 1 0 0 0
70	1	 0 1 1 0 0 1 0 0 0 0 1 0 0 1 1 0 1 0 0 0
70	1	 1 1 0 0 0 1 0 0 0 0 0 0 0 1 1 1 0 0 0 0
70	5	 0 1 1 1 0 1 0 0 0 0 1 1 0 1 0 0 0 0 0 0
70	5	 0 1 1 1 0 0 0 0 0 0 1 0 0 1 0 0 1 0 0 0
70	3	 0 1 0 1 0 0 0 0 0 0 1 0 0 1 0 0 1 0 0 0
70	3	 1 1 0 0 0 0 0 0 0 0 1 0 0 0 1 0 1 0 0 0
70	2	 1 1 0 0 1 0 0 0 0 0 1 0 0 1 0 0 0 1 0 0
70	6	 0 0 0 1 0 0 0 0 0 0 1 0 0 0 1 0 0 1 0 0
70	2	 1 0 0 0 0 0 0 1 0 0 1 1 1 1 0 0 1 0 0 0
70	6	 0 1 1 1 0 1 0 0 0 0 0 0 0 0 1 0 0 1 1 0
70	3	 1 1 1 1 0 1 0 0 0 0 1 0 0 1 0 0 1 0 0 0
70	1	 1 1 0 0 0 1 0 0 0 0 0 0 0 0 1 0 0 1 0 0
70	5	 0 1 1 1 0 0 0 0 0 0 1 0 0 1 1 0 1 0 0 0
70	2	 1 1 0 0 0 0 1 0 0 0 1 0 0 1 0 0 1 0 0 0
70	1	 1 1 1 1 0 1 0 0 0 1 0 0 0 0 1 0 1 1 0 0
70	3	 1 1 1 0 0 0 0 0 0 0 1 0 0 0 0 0 1 0 0 0
70	1	 1 1 0 1 1 0 0 0 0 0 1 0 0 1 1 0 1 0 0 0
70	8	 1 1 0 1 0 0 0 0 0 0 1 0 0 1 0 0 1 0 1 0
70	3	 1 1 1 1 0 0 0 0 0 0 1 0 0 1 0 0 1 1 0 0
70	1	 1 0 0 0 0 0 0 0 0 1 0 0 0 0 1 0 0 1 0 0
70	5	 1 1 0 0 0 0 0 0 0 0 1 0 0 0 1 0 0 1 0 0
70	1	 0 0 0 0 0 0 0 0 0 0 1 0 0 1 0 0 1 0 0 0
70	1	 1 1 0 1 0 0 0 0 0 0 1 0 0 1 0 0 1 0 0 0
70	1	 1 1 0 0 0 0 0 0 0 1 1 0 0 1 0 0 0 0 0 0
70	2	 1 1 0 1 0 0 0 0 0 0 1 0 0 1 0 0 0 1 0 0
70	2	 1 1 0 0 0 0 0 0 0 0 1 0 0 0 0 0 1 0 0 1
70	1	 1 1 0 0 0 0 0 0 0 1 0 0 0 1 0 0 1 0 0 1
70	2	 0 1 0 0 0 0 0 0 0 0 0 0 0 1 0 0 1 0 0 0
70	2	 1 1 0 0 0 0 0 0 0 0 0 0 0 1 1 0 1 0 0 0
70	5	 0 1 0 1 0 0 0 0 0 0 1 1 0 1 0 0 1 0 0 0
70	2	 0 1 1 1 0 0 0 1 0 0 1 0 0 0 1 0 0 1 0 0
70	2	 1 1 0 1 0 0 0 0 1 0 1 0 0 0 0 1 1 0 0 0
70	1	 1 1 1 1 0 1 0 0 0 0 1 0 0 1 0 1 0 0 0 0
70	1	 1 1 1 1 0 0 0 0 0 0 1 0 0 1 0 0 0 1 1 0
70	4	 1 0 0 0 0 0 0 0 0 1 1 0 0 1 0 0 1 0 0 0
70	3	 1 1 0 1 0 1 0 0 0 1 0 0 0 0 1 0 0 1 0 0
70	2	 0 1 0 0 0 0 0 0 0 0 1 0 0 0 0 1 0 1 0 0
70	2	 1 1 1 1 0 1 1 0 0 1 0 0 0 0 1 0 0 1 0 0
70	4	 1 1 1 1 0 1 0 0 0 1 0 0 0 0 1 0 0 0 0 0
70	2	 0 1 0 0 0 0 0 0 0 0 1 0 0 0 0 0 1 0 0 0
70	2	 1 0 0 0 0 0 0 0 0 0 1 0 0 1 1 0 1 0 0 1
70	2	 1 1 0 0 0 0 1 0 0 0 1 1 0 1 0 0 0 1 0 0
70	3	 0 1 0 1 0 1 0 0 0 0 1 0 0 0 1 0 0 1 0 0
70	1	 1 1 0 0 0 0 1 0 0 0 1 0 0 1 1 0 0 0 0 0
70	2	 1 1 1 1 0 1 0 0 0 0 0 0 1 0 1 0 0 1 0 0
70	1	 1 1 0 1 0 0 0 0 0 0 1 1 1 1 0 0 1 0 1 0
70	1	 1 1 1 1 0 1 0 0 0 0 0 0 0 1 0 1 1 0 0 0
70	1	 1 1 1 1 0 1 0 0 0 1 1 0 0 1 0 0 1 0 0 0
70	1	 1 1 0 0 0 0 0 0 0 0 1 0 0 0 0 0 1 1 0 0
70	2	 1 1 0 0 0 0 0 0 0 1 0 0 0 1 0 1 1 0 0 0
70	1	 1 1 1 1 0 1 0 0 0 0 1 0 0 0 1 0 0 1 0 0
70	2	 0 1 1 1 0 1 0 0 0 0 0 0 0 0 1 0 1 1 0 0
70	1	 1 1 0 0 0 0 0 0 0 0 0 0 0 0 0 1 1 0 0 0
70	2	 1 1 1 0 0 0 0 0 0 1 0 0 0 1 0 0 1 0 0 0
70	1	 0 1 1 1 0 1 0 0 0 1 0 0 0 1 0 0 1 0 0 0
70	1	 1 0 0 0 0 1 0 0 0 0 0 0 0 1 1 1 0 0 0 0
70	2	 1 1 0 0 0 0 0 0 0 1 0 0 0 1 0 0 0 0 0 1
70	1	 1 1 0 1 0 1 0 0 0 1 0 0 0 0 1 1 0 1 0 0
135	3	 1 1 0 0 0 0 0 0 0 0 1 0 0 1 0 0 1 0 0 0
135	1	 1 1 0 0 0 0 0 0 0 0 1 0 0 1 0 1 1 0 0 0
135	13	 1 1 1 1 0 1 0 0 0 1 0 0 0 0 1 0 0 1 0 0
135	5	 1 1 0 0 0 0 0 0 0 0 1 0 0 1 0 0 0 0 0 0
135	1	 0 1 1 1 0 0 1 0 1 0 1 0 0 1 0 1 0 0 0 0
135	9	 1 1 1 1 0 1 0 0 0 1 0 0 0 0 0 0 0 1 0 0
135	2	 1 1 1 1 0 1 0 0 0 1 0 0 0 1 0 0 1 0 0 0
135	26	 1 1 1 1 0 1 0 0 0 1 1 0 0 1 0 0 1 0 0 0
135	36	 1 1 1 0 0 0 0 0 0 1 1 0 0 1 0 0 1 0 0 0
135	22	 1 1 1 1 0 1 0 0 0 1 0 0 0 0 1 1 0 1 0 0
135	43	 1 1 0 0 0 0 0 0 0 0 0 0 1 1 0 0 1 0 0 0
135	18	 0 1 1 1 0 0 0 0 0 1 1 0 0 1 0 0 1 0 0 0
135	22	 1 1 1 1 0 0 0 1 0 0 1 0 0 1 0 0 0 0 0 0
135	12	 1 1 0 0 0 0 0 0 0 0 1 1 0 1 0 0 0 0 0 0
135	8	 1 1 0 1 0 0 0 0 0 0 1 0 0 1 0 0 1 0 0 0
135	12	 1 1 1 1 0 1 0 0 0 0 0 0 0 0 1 0 0 1 0 0
135	13	 0 1 0 1 0 0 0 1 0 0 1 0 0 1 0 1 1 0 0 0
135	17	 0 1 1 1 0 1 0 0 0 0 1 1 0 1 0 0 0 0 0 0
135	17	 1 1 1 1 0 1 0 0 0 1 0 1 0 0 1 0 0 1 0 0
135	30	 0 1 1 1 0 0 0 0 0 1 1 0 0 1 0 0 0 0 0 0
135	3	 1 1 1 1 0 1 0 0 0 1 0 0 0 1 0 1 1 0 0 0
135	1	 1 1 1 1 0 1 0 0 0 1 0 0 0 1 1 0 1 0 0 0
135	6	 1 1 0 1 0 0 0 0 1 0 1 1 0 1 0 0 1 0 0 0
135	16	 0 1 1 1 0 1 0 0 0 0 1 1 0 1 0 1 0 0 0 0
135	14	 0 1 1 1 0 0 0 0 1 1 1 0 0 0 0 0 1 0 1 0
135	52	 0 1 1 1 0 0 0 0 0 1 1 0 0 1 1 0 0 0 0 0
135	18	 1 1 1 1 0 1 0 0 0 1 0 0 0 0 1 0 0 0 0 0
135	6	 1 1 0 0 0 0 0 0 0 0 1 0 0 0 0 1 1 0 1 0
135	20	 1 1 1 0 0 0 1 0 1 0 1 0 0 1 0 1 0 0 0 0
135	8	 1 1 0 1 0 1 0 0 0 1 0 1 0 0 1 0 0 1 0 0
135	9	 1 1 1 1 0 1 0 0 0 1 0 0 0 1 1 0 0 1 0 0
135	35	 1 1 1 1 0 0 0 0 0 0 1 0 0 1 0 0 1 0 0 0
135	15	 0 1 1 1 0 1 1 0 0 0 1 1 0 1 0 0 0 0 0 0
135	28	 1 1 1 0 0 0 0 0 0 1 1 0 0 1 0 0 0 0 0 0
135	3	 1 1 0 0 0 0 1 0 0 0 1 0 0 1 0 0 0 0 0 0
135	6	 1 1 0 0 0 0 0 0 0 0 0 0 1 1 1 0 1 0 0 0
135	5	 1 1 1 1 0 1 0 0 0 0 0 0 0 1 1 0 1 1 0 0
135	15	 1 1 1 1 1 1 0 0 0 0 0 0 0 1 1 0 0 1 0 0
135	2	 1 1 0 1 0 1 0 0 0 1 0 0 0 0 1 0 0 1 0 0
135	1	 0 1 1 1 0 0 1 0 1 0 1 0 0 1 0 0 1 0 0 0
135	9	 1 1 0 0 0 0 0 1 0 0 1 0 0 1 0 0 0 0 0 0
135	7	 0 1 0 1 0 0 1 0 1 0 1 0 0 1 0 1 0 0 1 0
135	7	 1 1 0 1 0 0 0 0 0 0 1 0 0 1 1 0 0 0 0 0
135	5	 1 1 1 1 0 1 0 0 0 1 1 0 0 1 0 1 1 0 0 0
135	13	 1 0 1 1 0 0 0 1 0 0 1 0 0 1 0 0 0 0 0 0
135	6	 1 1 1 0 0 1 1 0 1 0 1 0 0 1 0 1 0 0 0 0
135	5	 1 1 0 1 0 0 0 0 1 0 1 1 0 1 0 0 1 0 1 0
135	13	 0 1 1 1 0 1 0 0 1 0 1 1 0 1 0 1 0 0 0 0
135	2	 1 1 1 0 0 0 0 0 0 0 1 0 0 1 1 0 0 0 0 0
135	3	 1 1 1 1 0 1 1 0 0 1 0 0 0 0 1 0 0 1 0 0
135	4	 1 1 1 0 0 0 0 0 1 0 1 0 0 1 0 1 0 0 0 0
135	7	 1 1 1 1 0 1 1 0 0 1 1 0 0 1 0 0 1 0 0 0
135	11	 1 1 1 1 0 1 0 0 0 0 0 0 0 0 1 0 1 1 0 0
135	16	 1 1 1 1 0 1 0 0 0 1 1 0 0 1 0 0 0 0 0 0
135	5	 1 1 1 1 0 1 0 0 0 0 0 0 0 1 0 0 0 1 0 0
135	3	 1 1 0 0 0 0 0 0 0 1 1 0 0 1 0 1 1 0 0 0
135	1	 1 1 1 0 0 0 0 0 0 1 0 1 0 0 0 0 1 0 0 0
135	9	 1 1 1 1 0 1 0 0 0 0 1 1 0 1 0 0 0 0 0 0
135	10	 1 1 0 1 0 0 0 0 0 1 1 0 0 1 0 0 0 0 0 0
135	3	 0 1 1 1 0 0 0 0 1 1 1 0 0 1 0 0 0 0 0 0
135	2	 0 1 1 1 0 1 1 0 0 0 1 1 0 0 0 0 0 0 0 0
135	3	 1 1 1 1 0 0 0 0 0 1 1 0 0 1 0 0 1 0 0 0
135	1	 1 1 0 0 0 0 1 0 0 0 1 1 0 1 0 0 0 0 0 0
135	3	 1 1 0 0 0 0 1 0 1 0 0 0 0 1 0 1 0 0 0 0
135	2	 0 1 1 1 0 1 0 0 0 1 0 0 0 0 0 0 0 1 0 0
135	1	 0 1 1 0 0 0 0 0 0 1 1 0 0 1 0 0 0 0 0 0
135	8	 1 1 1 1 0 0 0 1 0 0 1 0 0 1 0 1 1 0 0 0
135	8	 1 1 1 1 0 1 0 0 0 1 1 0 0 1 0 0 0 1 0 0
135	11	 1 1 0 0 0 0 1 0 0 1 1 0 0 1 0 0 1 0 0 0
135	2	 0 1 1 0 0 0 0 0 0 1 1 0 0 1 0 0 1 0 0 0
135	8	 0 1 1 1 0 0 1 0 1 1 1 0 0 1 0 0 0 0 0 0
135	3	 1 1 0 0 0 0 1 0 0 0 1 0 0 1 0 1 0 0 0 0
135	3	 1 1 0 0 0 0 0 0 0 1 1 0 0 1 0 0 1 1 0 0
135	6	 1 1 1 1 1 1 0 0 0 1 0 0 0 0 1 1 0 1 0 0
135	2	 1 1 1 0 0 0 0 0 0 0 0 0 1 1 0 0 1 0 0 0
135	2	 0 1 1 0 0 1 0 0 0 0 1 1 0 1 0 1 0 0 0 0
135	12	 1 0 0 1 0 0 0 0 0 0 1 0 0 0 0 0 1 0 0 0
135	1	 1 1 0 0 0 0 0 1 0 0 1 0 0 1 0 0 1 0 0 0
135	5	 0 1 1 1 0 0 0 0 0 1 1 0 0 0 1 0 0 0 0 0
135	21	 0 1 1 1 0 0 0 0 0 0 1 0 0 1 0 0 0 0 0 0
135	1	 1 1 0 0 0 0 0 0 0 1 0 1 0 0 1 0 0 0 0 0
135	1	 1 0 0 0 0 0 0 0 0 1 0 1 0 0 1 0 0 1 0 0
135	2	 1 1 1 0 0 0 0 0 0 1 1 1 0 1 0 0 1 0 0 0
135	3	 0 1 1 1 0 1 0 0 0 1 0 0 0 0 1 1 0 1 0 0
135	11	 1 1 0 1 0 0 0 0 0 0 1 0 0 1 0 0 1 0 1 0
135	1	 0 1 1 1 0 1 1 0 0 0 1 1 0 1 0 0 1 0 0 0
135	1	 1 1 1 1 0 1 0 0 0 1 0 0 0 0 1 1 1 1 0 0
135	1	 1 1 1 1 0 1 0 0 0 1 0 0 0 0 0 0 0 0 0 0
135	1	 1 1 1 0 0 1 0 0 0 1 1 0 0 1 0 0 0 0 0 0
135	2	 0 1 1 1 0 0 1 0 0 0 1 0 0 1 0 0 1 0 0 0
135	1	 1 1 1 1 0 0 0 0 0 0 1 0 0 1 0 0 0 0 0 0
135	1	 1 0 1 1 0 0 0 0 0 0 0 0 1 1 0 0 1 0 0 0
135	3	 1 1 0 0 0 1 0 0 0 0 0 1 0 0 1 0 0 0 0 0
135	4	 1 1 1 1 0 1 0 0 0 0 1 0 0 1 0 0 0 0 0 0
135	2	 1 1 1 1 0 1 1 0 0 1 1 0 0 1 0 0 1 0 1 0
135	4	 1 1 1 1 0 1 1 0 0 1 1 1 0 1 0 0 1 0 0 0
135	13	 1 1 1 0 0 0 0 0 0 1 0 1 0 0 0 0 1 1 0 0
135	4	 1 1 1 1 0 0 1 0 0 0 1 1 0 1 0 0 0 0 0 0
135	2	 1 1 0 1 0 0 0 0 0 0 1 0 0 1 0 0 0 0 0 0
135	9	 1 1 1 1 0 0 0 1 0 0 1 0 1 1 0 0 0 0 0 0
135	2	 0 1 1 1 0 0 0 0 0 1 1 0 0 1 0 0 0 0 0 1
135	1	 1 1 1 0 0 1 0 0 0 0 0 0 0 0 1 0 1 1 0 0
135	5	 1 1 0 0 0 0 0 0 0 0 1 0 1 1 0 0 1 1 0 0
135	1	 1 1 1 0 0 0 1 0 1 0 1 1 0 1 0 1 0 0 1 0
135	1	 1 1 0 0 0 0 0 0 0 0 1 0 0 0 0 0 1 1 0 0
135	1	 0 1 1 1 0 1 0 0 0 0 1 1 0 1 0 1 1 0 0 0
135	2	 1 1 0 1 0 0 1 1 0 0 1 1 1 1 0 0 0 0 0 0
135	3	 0 1 0 1 0 0 1 0 1 0 1 0 0 1 0 1 0 0 0 0
135	5	 1 1 1 0 0 0 0 0 0 1 0 1 0 0 1 0 0 1 0 0
135	1	 1 1 0 0 0 1 1 0 0 0 1 1 0 1 0 1 0 0 0 0
135	1	 1 1 1 0 0 0 1 0 0 1 1 0 0 1 0 0 0 0 0 0
135	4	 1 1 0 0 0 0 0 1 0 0 1 0 0 1 0 1 0 0 0 0
135	1	 0 1 0 1 0 0 1 0 1 0 1 0 0 0 0 1 0 0 1 0
135	1	 0 1 1 1 0 0 1 0 0 1 1 1 0 1 0 0 0 0 0 0
135	2	 1 1 1 1 0 1 0 0 0 1 1 1 0 1 0 0 1 0 0 0
135	2	 1 1 0 1 1 0 0 0 0 0 1 0 0 1 0 1 0 0 0 0
135	2	 1 1 0 1 0 0 1 0 1 0 1 0 0 0 0 1 0 0 1 0
135	2	 0 1 1 0 0 0 1 0 1 0 1 0 0 1 0 1 0 0 0 0
135	2	 0 1 1 1 0 1 0 0 0 0 1 1 0 1 1 0 0 1 0 0
135	1	 1 1 1 1 0 1 0 0 0 1 1 0 0 1 0 0 1 1 0 0
135	2	 0 1 1 1 0 0 0 0 0 1 0 0 1 1 0 0 1 0 0 0
135	3	 1 0 1 0 0 1 1 0 1 0 1 0 0 1 0 1 0 0 0 0
135	2	 0 1 1 1 0 1 0 0 0 0 0 0 0 0 1 0 0 1 0 0
135	2	 1 1 1 1 0 1 1 0 0 1 1 1 0 0 1 0 0 0 0 0
135	2	 1 1 1 0 0 1 0 0 0 1 1 0 0 1 0 0 1 0 0 0
135	1	 1 1 0 1 0 1 0 0 0 0 0 0 0 0 1 0 0 1 0 0
135	2	 0 1 1 1 0 0 0 0 0 0 1 1 0 1 0 1 0 0 0 0
135	4	 0 1 1 1 1 0 0 0 1 1 1 0 0 0 0 0 1 0 1 0
135	5	 0 1 0 1 0 1 1 0 0 0 1 1 0 1 0 0 0 0 0 0
135	4	 1 1 0 0 0 0 0 0 0 1 1 0 0 1 0 1 1 0 1 0
135	1	 1 1 0 1 0 0 1 0 0 1 1 0 0 1 0 0 1 0 0 0
135	1	 1 0 0 1 0 0 0 0 0 0 1 0 1 0 0 0 1 0 0 0
135	1	 0 1 1 1 0 1 1 0 0 0 1 1 1 1 0 0 1 0 0 0
135	2	 1 1 1 0 0 0 1 1 0 1 1 0 0 1 0 0 0 0 0 0
135	5	 1 1 1 1 0 0 1 0 0 0 1 1 0 1 0 0 0 0 0 1
135	1	 1 1 0 1 0 0 0 0 0 0 1 0 0 1 0 1 0 0 1 0
135	1	 1 1 1 1 0 1 0 0 0 1 1 0 0 1 0 0 1 0 1 0
135	1	 0 1 1 1 0 0 0 0 0 1 1 0 0 1 0 0 1 0 1 0
135	1	 0 1 0 1 0 0 0 1 0 0 1 0 0 1 0 0 1 0 0 0
135	2	 0 0 1 0 0 1 1 0 1 0 1 0 0 1 0 1 0 0 0 0
135	2	 0 1 1 1 0 0 0 0 0 1 1 0 0 1 0 1 0 0 0 0
135	1	 1 1 1 1 0 0 1 0 0 0 1 0 0 1 0 0 1 0 0 0
135	1	 1 1 1 0 0 0 0 0 0 0 1 0 0 1 0 0 1 0 0 0
135	3	 1 1 1 1 0 0 0 0 0 1 1 0 0 1 1 0 0 0 0 0
135	2	 0 1 1 1 0 0 1 0 1 0 1 0 0 1 0 1 0 0 1 0
135	1	 1 1 0 0 0 0 1 0 0 0 1 0 0 1 0 1 1 1 0 0
135	1	 1 1 0 0 0 1 0 0 0 0 1 0 0 1 0 0 0 0 0 0
135	3	 1 1 0 1 0 1 0 0 0 1 1 0 0 1 0 0 1 0 0 0
135	1	 1 1 1 1 0 0 0 1 0 0 1 0 0 1 0 0 1 0 0 0
135	1	 0 1 0 1 0 0 0 1 0 0 1 0 0 1 0 1 1 0 0 1
135	2	 0 1 1 1 0 0 0 0 0 1 0 0 0 1 0 0 0 0 0 0
135	3	 0 1 1 1 0 0 0 0 0 1 0 0 0 1 1 0 0 0 0 0
135	1	 1 1 1 0 0 0 1 0 1 0 1 0 0 1 0 1 1 0 0 0
135	2	 1 1 1 0 0 0 0 0 0 1 1 0 1 1 0 0 0 0 0 0
135	1	 1 0 0 1 0 0 0 0 1 0 1 1 0 1 0 0 1 0 1 0
135	2	 0 1 1 1 0 1 0 0 1 0 1 1 1 1 0 1 0 0 0 0
135	1	 1 1 1 1 0 0 0 0 0 1 1 0 0 1 0 0 0 0 0 0
135	1	 1 1 0 1 0 0 0 0 0 1 1 0 0 1 0 0 0 0 0 1
135	1	 0 1 0 0 0 1 0 0 0 0 1 1 0 1 0 1 0 0 0 0
135	1	 1 1 0 0 0 0 0 0 1 1 0 1 0 0 1 0 0 0 0 0
135	2	 1 0 0 0 0 0 0 0 0 1 1 1 0 0 1 0 0 1 0 0
135	1	 0 1 1 1 0 0 1 0 0 0 1 0 0 1 0 0 1 0 0 1
250	21	 0 1 1 1 0 0 0 0 0 1 1 0 0 1 0 0 0 0 0 0
250	38	 1 1 1 0 0 0 0 0 0 1 1 0 0 1 0 0 0 0 0 0
250	55	 1 1 1 1 0 1 0 0 0 1 1 0 0 1 0 0 0 0 0 0
250	60	 1 1 1 1 0 1 0 0 0 0 1 1 0 1 0 0 0 0 0 0
250	12	 0 1 1 1 0 0 0 0 0 1 1 0 0 1 0 1 1 0 0 0
250	35	 1 1 1 1 0 0 0 0 0 1 1 0 0 1 0 0 0 0 0 0
250	37	 1 1 1 1 0 0 0 0 0 1 1 0 0 1 0 0 1 0 0 0
250	2	 1 1 1 0 0 0 0 0 0 1 1 0 0 1 0 0 0 1 0 0
250	10	 1 1 1 1 0 1 0 0 0 0 1 1 0 1 0 0 0 0 0 1
250	3	 1 1 1 0 0 0 0 0 0 1 1 1 0 1 0 0 0 0 0 0
250	13	 0 1 0 1 0 0 0 0 0 1 1 0 0 1 0 0 0 0 0 0
250	9	 0 1 1 1 0 0 0 0 0 1 1 0 0 1 1 1 1 0 0 0
250	4	 1 1 1 1 0 0 0 0 0 1 1 0 0 1 1 0 0 0 0 0
250	6	 0 1 0 1 0 1 0 0 0 1 1 0 0 1 0 1 1 0 0 0
250	18	 1 1 1 1 0 1 0 0 0 1 1 0 0 1 0 0 1 0 0 0
250	15	 1 1 1 1 0 0 0 0 0 1 1 0 1 1 0 0 0 0 0 0
250	10	 1 1 1 1 0 1 0 0 0 1 1 1 0 1 0 0 0 0 0 1
250	22	 1 1 1 1 0 0 0 0 1 1 1 0 0 1 0 0 0 0 0 0
250	1	 1 1 1 1 0 0 1 0 0 0 1 0 0 1 0 0 0 0 0 1
250	6	 1 1 1 0 0 0 0 0 0 1 1 0 1 1 0 0 0 0 0 0
250	11	 0 1 1 1 0 0 0 0 0 1 1 0 0 1 1 0 0 0 0 0
250	19	 1 1 1 0 1 0 0 0 0 1 1 0 0 1 0 1 0 0 0 0
250	58	 1 1 1 1 0 1 0 0 0 1 1 0 0 1 0 1 1 0 0 0
250	29	 1 1 1 1 0 0 0 0 0 1 1 0 0 1 0 1 0 0 0 0
250	7	 1 1 1 1 0 0 0 0 1 1 1 0 0 0 0 0 0 0 1 0
250	1	 1 1 1 1 0 1 0 0 0 1 1 0 0 1 0 1 0 0 0 0
250	14	 0 1 1 1 0 1 0 0 1 0 1 1 0 1 0 0 0 0 0 0
250	4	 0 1 1 1 0 0 0 0 0 1 1 1 0 1 0 0 0 0 0 0
250	12	 1 1 1 1 0 0 0 0 0 1 0 0 0 1 0 0 0 0 0 0
250	16	 0 1 0 1 0 0 0 0 0 1 1 0 0 1 0 0 1 0 0 0
250	26	 1 1 1 0 0 0 0 0 0 1 1 0 0 1 0 1 0 1 0 0
250	1	 1 1 1 1 0 1 0 0 0 0 1 1 0 1 0 0 1 0 0 0
250	14	 1 1 0 1 0 0 0 0 0 1 1 0 0 1 0 0 1 0 0 0
250	7	 0 1 1 1 0 0 0 0 1 1 1 0 0 1 0 1 1 1 0 0
250	25	 1 1 0 1 0 0 1 0 0 1 1 1 0 1 1 0 1 0 0 0
250	7	 1 1 1 1 0 0 0 0 0 1 1 0 0 1 0 0 0 0 0 1
250	4	 0 1 1 1 0 1 0 0 1 0 1 1 1 1 0 1 0 1 0 0
250	1	 0 0 1 1 0 1 0 0 1 0 1 1 0 1 0 0 0 0 0 0
250	24	 1 1 1 0 0 0 1 0 0 1 1 0 0 1 0 1 0 0 0 0
250	1	 1 1 1 1 0 0 1 0 0 1 1 1 0 1 0 0 0 0 0 1
250	3	 0 1 0 1 0 0 0 0 1 1 1 0 0 1 0 0 0 0 0 0
250	2	 0 1 0 1 0 1 1 0 0 1 1 0 0 1 0 1 1 0 0 0
250	2	 1 1 1 1 0 1 0 0 0 1 0 0 0 1 0 1 1 0 0 0
250	14	 1 1 1 1 1 0 0 0 1 1 1 0 0 1 0 0 0 0 0 0
250	3	 1 1 1 1 0 1 0 0 0 1 1 0 0 1 1 0 1 0 0 1
250	26	 0 1 1 1 1 0 1 0 1 1 1 0 0 1 0 1 0 0 0 0
250	5	 1 1 0 1 0 0 0 0 0 1 1 0 0 1 0 0 1 0 1 0
250	7	 0 1 1 1 0 0 0 0 0 1 1 0 0 1 1 1 1 1 0 0
250	1	 1 1 1 0 0 0 0 0 0 1 1 0 1 1 0 1 1 0 0 0
250	3	 1 1 1 1 1 0 0 0 1 1 1 0 0 1 0 1 0 0 0 0
250	12	 1 1 1 1 0 1 0 0 0 0 1 0 0 1 0 0 0 0 0 0
250	8	 1 1 1 1 0 0 0 0 0 1 1 0 0 1 0 0 1 1 0 0
250	7	 1 1 1 1 0 0 0 0 1 1 1 0 0 1 0 1 1 0 0 0
250	3	 1 1 1 1 0 0 1 0 1 1 1 0 0 1 0 0 0 0 0 0
250	5	 0 1 1 1 1 0 0 0 1 1 1 0 0 0 0 1 0 0 0 0
250	6	 0 1 1 1 0 0 0 0 0 1 0 0 0 1 0 1 1 0 0 0
250	1	 0 1 1 1 0 1 0 0 1 0 1 1 0 1 0 0 0 1 0 0
250	20	 1 1 1 0 0 0 0 0 0 1 1 0 0 1 0 0 1 0 1 0
250	1	 0 1 0 1 0 0 0 0 0 1 1 0 1 1 0 0 0 0 0 0
250	10	 1 1 1 1 0 0 0 0 0 1 1 0 0 0 0 0 0 0 0 0
250	1	 0 1 1 1 0 1 0 0 1 1 1 1 0 1 0 0 0 0 0 0
250	4	 1 0 1 0 0 1 0 1 0 1 1 0 1 1 0 0 0 0 0 0
250	4	 0 1 1 1 0 1 0 0 0 1 1 0 0 1 0 0 1 0 0 1
250	1	 0 1 1 1 0 0 1 0 0 1 1 0 0 1 0 0 0 0 0 0
250	1	 1 1 1 0 0 0 0 0 1 1 1 0 0 1 1 0 0 0 0 0
250	1	 0 1 1 1 0 0 0 0 0 1 0 0 0 1 1 0 0 0 0 0
250	4	 0 1 1 1 0 1 0 0 0 1 1 0 0 1 0 1 1 0 0 0
250	7	 1 1 1 0 1 0 0 0 0 1 1 0 1 1 0 0 0 0 1 0
250	4	 1 1 1 1 0 1 0 0 0 1 1 0 0 1 0 1 0 0 0 1
250	3	 0 1 1 1 0 1 0 0 1 0 1 1 1 1 0 0 0 0 0 0
250	4	 1 1 1 1 0 0 0 1 1 1 1 0 0 1 0 0 0 0 0 0
250	4	 1 1 0 1 0 0 0 0 0 1 1 0 0 1 0 1 1 0 0 0
250	8	 1 1 1 0 0 0 0 0 0 1 1 0 0 1 0 1 1 1 0 0
250	13	 1 1 1 0 1 0 0 0 0 1 1 0 0 1 0 0 0 0 0 0
250	6	 1 1 1 1 0 1 0 0 0 1 1 0 1 1 0 0 0 0 0 0
250	3	 0 1 1 1 0 1 0 0 0 0 1 1 0 1 0 0 0 0 0 1
250	2	 0 1 1 1 0 1 0 0 0 1 1 0 0 1 0 1 0 0 0 0
250	7	 1 1 0 0 0 0 0 0 0 1 1 0 0 1 0 0 0 0 0 0
250	6	 0 1 1 0 0 0 0 0 0 1 1 0 0 1 1 1 1 0 0 0
250	5	 1 1 1 1 0 1 0 0 0 1 1 1 0 1 0 0 1 0 0 0
250	3	 0 1 1 1 0 0 1 0 0 1 1 0 0 1 1 0 0 0 0 0
250	8	 1 1 1 1 0 1 0 0 0 0 1 1 0 1 1 0 1 0 0 0
250	3	 1 1 0 1 0 0 0 0 0 1 1 0 0 1 0 0 0 0 0 0
250	3	 1 1 1 1 0 0 1 0 0 0 1 0 0 1 0 1 0 0 0 0
250	4	 0 1 1 1 0 0 0 0 0 1 1 0 0 1 0 1 1 1 0 0
250	3	 1 1 1 0 0 0 1 0 0 1 0 0 0 1 0 0 0 0 0 0
250	3	 1 1 1 1 0 1 1 0 0 1 1 0 0 1 0 1 1 0 0 0
250	2	 1 1 1 1 0 1 0 0 0 0 1 0 0 1 0 1 0 0 0 0
250	3	 0 1 1 1 0 0 0 0 1 1 1 0 0 1 0 1 0 0 0 0
250	1	 0 1 0 1 0 1 0 0 0 1 1 0 0 1 0 0 0 0 0 0
250	5	 0 1 0 1 0 0 0 0 0 1 1 1 0 1 0 0 0 0 0 0
250	1	 1 1 1 1 0 0 0 0 0 1 0 0 0 1 0 1 1 0 0 0
250	4	 0 1 1 1 0 1 0 1 0 1 1 0 1 1 0 0 0 0 0 0
250	1	 0 1 0 1 0 0 0 0 0 1 0 0 0 1 1 0 0 0 0 0
250	3	 1 1 1 1 0 0 1 0 1 0 1 0 0 1 0 1 0 0 0 0
250	2	 1 1 1 1 0 1 0 0 0 0 1 1 0 1 1 0 0 0 0 0
250	1	 1 1 1 1 0 1 0 0 0 0 0 1 0 1 0 0 0 0 0 0
250	10	 1 1 1 1 0 1 0 0 0 1 1 0 0 0 0 1 1 0 0 0
250	6	 0 1 1 1 0 0 0 0 0 1 1 0 0 1 0 0 1 0 0 0
250	6	 0 1 0 1 0 1 0 0 1 0 1 1 1 1 0 1 0 1 0 0
250	2	 0 1 0 1 0 0 0 0 0 1 1 0 0 1 0 0 1 0 1 0
250	2	 0 1 1 1 0 1 0 0 1 0 1 1 0 0 0 0 0 1 0 0
250	2	 0 1 1 0 0 0 1 0 0 1 1 0 0 1 0 1 0 0 0 0
250	1	 1 1 1 1 0 0 0 0 1 1 1 0 0 0 0 1 0 0 0 0
250	1	 0 1 1 0 0 0 0 0 0 1 1 0 0 1 0 0 0 0 0 0
250	2	 1 1 1 1 0 1 0 0 0 1 1 0 0 1 1 0 0 0 0 0
250	1	 0 1 0 1 0 0 0 0 0 1 1 0 0 0 0 0 0 0 0 0
250	2	 0 1 0 1 0 1 0 0 0 1 0 0 0 1 0 1 1 0 0 0
250	2	 1 1 1 0 0 0 1 0 1 1 1 0 0 1 0 0 0 0 0 0
250	1	 1 1 1 1 0 1 0 0 0 1 1 0 1 1 0 1 0 0 0 0
250	3	 1 1 1 1 0 0 0 0 0 0 0 0 0 1 0 0 0 0 0 0
250	5	 1 1 1 1 0 0 0 0 0 1 0 0 0 1 0 1 0 0 0 0
250	1	 0 1 1 1 1 0 1 0 1 1 1 0 0 1 0 1 0 1 0 0
250	3	 1 1 1 0 0 0 0 0 0 1 1 0 0 1 0 0 0 0 1 0
250	1	 1 1 1 1 0 0 1 0 0 1 1 0 0 1 0 1 1 0 0 0
250	4	 0 1 1 1 0 1 0 0 0 1 1 0 0 1 0 1 0 0 0 1
250	2	 1 1 1 1 0 1 0 0 0 0 1 1 0 1 0 0 0 0 1 1
250	1	 1 1 1 1 0 1 0 0 0 1 1 1 0 1 0 1 1 0 0 0
250	1	 1 1 1 1 0 0 0 0 0 1 0 0 0 1 0 0 0 0 1 0
250	1	 0 1 0 1 1 0 0 0 0 1 1 0 0 1 0 0 1 0 0 0
250	3	 1 1 1 0 0 0 0 0 0 0 1 0 0 1 0 1 0 1 0 0
250	1	 0 1 1 1 1 1 0 0 1 0 1 1 1 1 0 1 0 1 0 0
250	1	 0 1 1 1 0 0 0 1 0 1 1 0 0 1 0 0 1 0 0 0
400	15	 0 1 1 1 0 0 0 0 0 1 1 0 0 1 0 0 0 0 0 0
400	21	 1 1 1 1 0 0 0 0 0 1 1 0 0 1 0 0 0 0 0 0
400	77	 1 1 1 1 0 0 0 0 0 1 1 0 1 1 0 0 0 0 0 0
400	68	 1 1 1 1 0 0 0 0 1 1 1 0 0 1 0 0 0 0 0 0
400	127	 1 1 1 1 0 0 1 0 0 1 1 0 1 1 0 0 0 0 0 0
400	13	 1 1 1 1 0 1 0 0 1 1 1 0 0 1 0 0 0 0 0 0
400	36	 1 1 1 1 1 0 1 0 0 1 1 0 1 1 0 0 0 0 0 0
400	32	 1 1 1 1 0 0 1 0 0 1 1 0 0 1 0 0 0 0 0 0
400	5	 1 1 1 1 0 0 0 0 1 1 1 0 0 1 1 0 0 0 0 0
400	13	 1 1 1 1 0 0 0 0 0 1 1 0 0 1 1 0 0 0 0 0
400	65	 1 1 1 1 1 0 0 0 0 1 1 0 0 1 1 1 0 0 0 0
400	15	 0 1 1 1 0 0 0 0 0 1 1 0 1 1 0 0 0 0 0 0
400	12	 1 1 1 1 0 0 0 0 1 1 1 0 1 1 0 1 0 0 0 0
400	2	 1 1 1 1 1 0 0 0 1 1 1 0 0 1 0 0 0 0 0 0
400	18	 1 1 1 1 0 0 1 0 1 0 1 0 1 1 0 0 0 0 0 0
400	3	 1 1 1 1 0 1 0 0 1 1 1 0 0 1 0 0 1 0 0 0
400	15	 1 1 1 1 0 0 0 0 1 0 1 1 0 1 0 0 0 0 0 0
400	4	 1 1 1 1 0 0 0 0 0 1 1 0 1 1 1 0 0 0 0 0
400	13	 1 1 1 1 1 0 1 0 0 1 1 0 1 1 0 0 0 1 0 0
400	1	 1 1 1 1 1 0 1 1 0 1 1 0 1 1 0 0 0 0 0 0
400	13	 1 0 1 1 1 0 0 1 1 1 1 0 0 1 0 0 0 0 0 1
400	24	 1 1 1 1 0 1 0 0 0 1 1 0 1 1 0 0 0 0 0 0
400	13	 1 1 1 1 0 0 0 0 0 1 1 1 0 1 1 0 0 0 0 0
400	11	 0 1 0 1 0 0 0 0 1 1 1 0 0 1 0 0 0 0 0 0
400	21	 1 1 1 1 0 0 0 0 0 1 1 0 1 1 0 0 0 0 1 0
400	2	 1 1 1 1 1 1 0 0 0 1 1 0 0 1 1 1 0 0 0 0
400	11	 1 1 1 1 1 0 0 0 0 1 1 0 1 1 0 0 0 0 0 0
400	18	 1 1 1 1 1 0 1 0 0 1 1 0 1 0 0 0 0 0 0 0
400	4	 1 1 1 1 0 0 0 0 0 1 1 1 1 1 0 0 0 0 0 0
400	9	 1 1 1 1 0 0 0 0 1 0 1 1 0 1 0 0 1 0 0 0
400	17	 1 0 1 1 1 0 0 0 0 1 1 0 0 1 0 0 0 0 0 0
400	1	 0 1 1 0 1 0 1 0 1 1 1 0 0 1 0 0 0 0 0 0
400	2	 1 1 1 1 0 0 0 0 0 1 1 0 0 1 1 1 0 0 0 0
400	7	 1 1 1 1 1 0 0 0 0 1 1 0 0 1 1 0 0 0 0 0
400	6	 1 1 1 1 0 0 1 0 1 1 1 0 0 1 1 0 0 1 0 0
400	4	 0 1 1 1 0 0 0 0 0 1 1 0 0 1 1 0 0 0 0 0
400	1	 1 1 1 1 0 0 0 0 0 1 1 0 0 1 1 1 0 0 1 0
400	3	 1 1 1 1 1 0 0 0 0 1 1 0 0 1 0 0 0 0 0 0
400	15	 1 1 1 1 0 0 1 1 1 1 1 0 0 1 0 0 0 0 0 0
400	11	 1 1 1 1 0 0 1 0 0 1 1 0 1 1 0 1 0 0 0 0
400	7	 1 1 1 1 0 1 0 0 0 1 1 0 1 0 0 0 0 0 0 0
400	4	 1 1 1 1 0 1 0 0 1 1 1 0 0 0 0 0 0 0 0 0
400	5	 1 1 1 1 1 0 1 0 0 1 1 1 0 1 1 0 0 0 0 0
400	11	 1 1 1 1 0 0 0 0 0 1 1 0 1 0 0 0 0 0 0 0
400	1	 1 1 1 1 0 1 1 0 1 0 1 0 1 1 0 0 0 0 0 0
400	20	 1 1 1 1 0 0 0 0 1 1 1 0 0 1 0 0 0 0 0 1
400	7	 1 1 1 1 1 0 0 0 0 1 1 0 0 1 1 1 0 1 0 0
400	4	 1 0 1 1 0 0 0 0 1 1 1 0 1 1 0 1 0 0 0 0
400	1	 1 1 1 1 0 0 0 0 0 0 1 0 1 1 1 0 0 0 0 0
400	13	 1 1 1 1 0 1 0 0 0 0 1 0 1 1 0 0 0 0 0 0
400	3	 1 1 1 1 1 0 0 0 0 1 1 0 0 0 1 1 0 0 0 0
400	12	 1 1 1 1 0 0 1 0 0 1 1 0 0 1 1 1 0 0 0 0
400	3	 1 1 1 1 0 0 1 0 0 1 1 1 1 1 0 0 0 0 0 0
400	3	 1 0 1 1 1 0 0 1 1 1 1 0 0 0 0 0 0 0 0 1
400	2	 1 1 0 1 0 0 0 0 1 1 1 0 1 1 0 0 0 0 0 0
400	10	 1 1 1 1 0 1 0 0 0 1 1 0 0 1 1 1 0 0 0 0
400	5	 1 1 1 1 1 0 1 0 0 1 1 0 1 0 0 1 0 0 0 0
400	3	 1 1 1 1 0 0 0 0 0 1 1 1 0 1 0 0 0 0 0 0
400	1	 1 0 1 1 0 0 0 0 0 1 1 0 1 1 0 0 0 0 0 0
400	2	 0 1 1 1 1 0 1 0 0 1 1 0 1 1 0 0 0 0 0 0
400	3	 1 1 1 1 0 0 0 0 1 1 1 0 1 1 0 0 0 1 0 0
400	4	 0 1 0 1 0 0 0 0 1 1 1 0 0 1 1 0 0 0 0 0
400	1	 1 1 1 1 0 0 0 0 1 1 1 0 0 1 1 0 0 1 0 0
400	2	 0 1 1 0 1 0 1 0 1 1 1 0 0 0 0 0 0 0 0 0
400	3	 1 1 1 1 0 0 0 0 0 0 1 0 0 1 0 0 0 0 0 0
400	5	 1 1 1 1 0 0 0 1 0 1 1 0 1 1 0 0 0 0 0 0
400	5	 1 1 1 1 0 0 1 0 0 1 1 0 1 1 0 0 0 1 0 0
400	12	 1 1 0 1 0 0 1 0 0 1 1 0 1 1 0 0 0 0 0 0
400	7	 1 1 1 1 0 0 1 1 0 1 1 0 0 1 0 0 0 0 0 0
400	1	 1 1 1 1 0 1 0 0 0 1 1 0 1 1 0 0 0 1 0 0
400	1	 1 1 1 1 0 0 0 0 0 0 1 0 0 1 1 1 0 0 0 0
400	4	 1 1 1 1 0 1 0 0 1 1 1 0 0 0 0 0 1 0 0 0
400	1	 1 1 1 1 1 1 1 0 0 1 1 0 1 1 0 0 0 1 0 0
400	2	 1 1 1 0 0 0 0 0 0 1 1 1 0 1 1 0 0 0 0 0
400	2	 1 1 1 1 1 0 1 0 0 1 1 0 0 1 0 0 0 0 0 0
400	13	 1 1 1 1 0 0 1 0 0 1 1 0 1 0 0 1 0 0 0 0
400	1	 1 1 1 1 0 0 1 0 1 1 1 0 0 1 0 0 0 0 0 0
400	3	 1 1 1 1 0 0 0 0 0 1 1 0 0 1 0 1 0 0 0 0
400	6	 1 1 1 0 1 0 1 0 0 1 1 0 1 1 0 0 0 0 0 0
400	1	 1 1 1 1 0 0 0 0 1 1 1 0 1 1 1 1 0 0 0 0
400	5	 1 0 1 1 1 0 0 1 1 1 1 0 0 1 0 0 0 1 0 1
400	2	 1 1 1 1 0 0 0 0 1 1 1 0 0 1 0 0 0 1 0 1
400	2	 1 1 1 1 0 1 0 0 0 1 1 0 1 0 0 1 0 0 0 0
400	4	 1 1 1 1 0 0 0 0 1 1 1 0 1 1 0 0 0 0 0 0
400	6	 1 1 1 1 0 0 0 0 0 1 1 0 0 1 1 0 0 0 0 1
400	1	 1 0 1 1 1 0 1 0 0 1 1 0 1 0 0 1 0 0 0 0
400	3	 1 1 1 1 0 0 1 0 0 1 1 0 1 1 0 0 1 0 0 0
400	1	 1 0 1 1 1 0 0 0 0 1 1 0 0 1 1 1 0 0 0 0
400	3	 1 1 1 1 0 1 1 0 0 1 1 0 1 1 0 0 0 0 0 0
400	2	 1 1 1 1 0 0 0 0 0 1 1 1 1 1 1 0 0 0 0 0
400	2	 1 1 1 1 0 1 1 0 0 1 1 0 0 1 1 1 0 0 0 0
400	1	 1 1 1 1 0 1 0 0 0 1 1 0 0 1 1 1 0 0 0 1
400	2	 1 1 1 1 0 1 0 0 0 0 1 1 0 1 0 0 0 0 0 0
400	2	 0 0 1 1 1 0 0 0 0 1 1 0 0 1 0 0 0 0 0 0
400	1	 0 1 1 1 0 0 1 0 0 1 1 0 1 1 0 0 0 0 0 0
400	2	 1 1 1 1 1 0 0 1 1 1 1 0 0 0 0 0 0 0 0 1
400	4	 1 1 1 1 0 0 0 0 1 1 1 1 1 1 0 0 0 0 0 0
400	3	 1 1 1 1 0 0 1 0 0 1 1 0 0 1 0 0 0 0 0 1
400	1	 1 1 1 1 1 0 0 0 0 1 1 0 1 1 0 0 0 0 1 0
400	1	 1 1 1 1 0 0 1 0 0 0 1 0 1 1 0 0 0 0 0 0
400	2	 1 1 1 1 1 0 0 0 0 1 0 0 0 1 1 1 0 0 0 0
400	3	 0 1 1 1 0 0 0 0 0 1 1 0 1 1 0 1 0 0 0 0
400	1	 1 1 1 1 0 1 0 0 0 1 1 1 1 1 0 0 0 0 0 0
400	1	 1 1 1 1 0 0 0 0 0 0 1 0 1 1 0 0 0 0 1 0
400	2	 1 1 1 1 0 0 0 0 0 1 1 1 1 0 0 0 0 0 0 0
400	1	 1 1 1 1 0 1 0 0 0 0 1 1 1 1 0 0 0 0 0 0
590	25	 1 1 1 1 0 0 1 0 0 1 1 0 1 1 0 0 0 0 0 0
590	28	 1 1 1 1 1 0 0 0 0 1 1 0 0 1 1 0 0 0 0 0
590	30	 1 1 1 1 0 0 0 0 0 1 1 0 1 1 0 1 0 0 0 0
590	19	 1 1 1 1 0 1 0 0 0 0 1 0 1 1 1 0 0 0 0 0
590	32	 1 1 1 1 0 0 1 1 1 1 1 0 1 1 0 1 0 0 0 0
590	23	 1 1 1 1 0 0 1 0 0 0 1 0 1 1 1 0 0 0 0 0
590	112	 1 1 1 1 0 0 0 0 0 0 1 1 1 1 0 0 0 0 0 0
590	14	 1 1 1 1 0 1 0 0 0 0 1 0 1 1 0 1 0 0 0 0
590	7	 1 0 1 1 0 0 1 0 0 0 1 0 1 1 1 0 0 0 0 0
590	17	 1 1 1 1 1 0 1 0 0 1 1 1 1 1 1 0 0 0 0 0
590	8	 1 1 1 1 0 0 1 0 0 1 1 0 1 1 0 1 0 0 0 0
590	4	 1 1 1 1 0 1 1 0 0 0 1 0 1 1 1 0 0 0 0 0
590	14	 1 1 1 1 0 0 0 0 0 0 1 0 0 1 0 0 0 0 0 0
590	4	 1 1 1 1 0 0 1 1 1 1 1 0 1 1 0 0 0 0 0 0
590	18	 1 1 1 1 0 0 1 1 1 1 1 0 1 1 1 1 0 0 0 0
590	14	 1 1 0 1 0 1 1 0 0 0 1 1 1 1 0 1 0 0 0 0
590	100	 1 1 1 1 0 0 0 1 0 1 1 0 1 1 0 0 0 0 0 0
590	5	 1 1 1 1 0 1 0 0 0 0 1 0 1 1 0 1 0 1 0 0
590	4	 1 1 1 1 1 0 1 0 0 1 1 0 1 1 0 1 0 0 0 0
590	12	 1 1 1 1 0 0 0 1 0 0 1 0 1 1 0 0 0 0 0 0
590	5	 1 1 1 1 0 1 0 0 0 0 1 0 1 1 1 1 0 1 0 0
590	3	 1 1 1 1 0 0 1 0 0 1 0 0 1 1 0 1 0 1 0 0
590	15	 0 1 1 1 1 0 1 0 0 1 1 1 1 1 1 0 0 0 0 0
590	1	 1 1 0 1 0 1 0 0 0 1 1 0 1 1 0 1 0 0 0 0
590	5	 1 1 1 1 0 0 1 0 0 1 1 1 1 0 1 1 0 0 0 0
590	40	 1 1 1 1 0 1 1 0 0 1 1 1 1 1 0 1 0 1 0 0
590	2	 1 1 1 1 1 0 0 0 0 0 1 0 1 1 0 0 0 0 0 0
590	17	 1 1 1 1 0 0 1 0 0 1 1 1 1 1 1 0 0 0 0 0
590	3	 1 1 1 1 0 1 1 0 0 1 1 0 1 1 1 0 0 0 0 0
590	20	 1 1 1 1 0 0 0 0 0 1 1 0 1 1 0 0 0 0 0 0
590	5	 1 1 0 1 0 1 0 0 0 0 1 1 1 1 1 0 0 0 0 0
590	7	 1 1 1 1 0 1 0 0 1 0 1 0 1 1 0 1 0 0 0 0
590	1	 1 1 0 1 1 0 0 0 0 0 1 1 1 1 0 1 0 0 0 0
590	11	 1 1 1 1 1 0 1 0 0 1 1 0 1 1 1 1 0 0 0 0
590	2	 1 1 1 1 0 1 0 0 0 0 1 0 0 1 1 1 0 0 0 0
590	9	 0 1 0 1 0 0 0 0 0 1 1 0 1 1 0 1 0 0 0 0
590	28	 1 1 1 1 0 0 0 0 0 0 1 1 1 1 0 1 0 0 0 0
590	6	 1 1 1 0 0 0 1 0 0 1 0 0 1 1 0 1 0 1 0 0
590	18	 1 1 0 1 0 0 0 0 0 0 1 0 1 1 0 0 0 0 0 0
590	17	 1 1 0 1 0 1 0 0 0 0 0 1 1 1 1 0 0 0 0 0
590	4	 1 1 1 1 0 1 0 0 0 1 1 0 1 1 0 1 0 0 0 0
590	8	 1 0 1 1 0 0 1 1 1 1 1 0 1 1 1 0 0 0 0 0
590	7	 1 1 1 1 0 0 0 0 0 0 1 0 0 1 1 0 0 0 0 0
590	1	 1 1 1 1 0 0 1 1 1 1 1 0 1 0 0 1 0 0 0 0
590	6	 1 1 1 1 1 0 0 1 0 1 1 0 1 1 0 0 0 0 0 0
590	15	 1 1 1 1 0 1 0 0 0 0 1 0 1 0 0 1 0 0 0 0
590	6	 1 0 1 1 1 0 1 0 0 1 1 1 1 1 1 0 0 0 0 0
590	7	 1 1 1 1 0 1 0 0 0 0 1 0 1 0 1 1 0 1 0 0
590	1	 1 1 0 1 1 0 0 0 0 0 1 1 1 1 0 0 0 0 0 0
590	7	 1 1 1 1 1 0 1 0 0 1 1 1 1 1 1 0 1 0 0 0
590	13	 1 1 0 1 0 1 1 0 0 1 1 0 1 1 0 1 0 0 0 0
590	10	 0 1 1 1 0 1 0 1 0 1 1 0 1 1 0 0 0 0 0 0
590	7	 1 1 1 1 0 0 0 1 1 1 1 0 1 1 0 0 0 0 0 0
590	2	 1 1 1 1 0 0 0 1 0 1 1 0 1 1 0 0 1 0 0 0
590	4	 1 1 1 1 0 0 0 1 0 1 0 0 1 1 0 0 0 0 0 0
590	16	 1 1 1 1 0 0 0 1 0 1 1 0 0 1 0 0 0 0 0 0
590	1	 1 1 1 1 0 1 1 0 0 1 1 1 1 0 1 1 0 0 0 0
590	11	 1 1 0 1 0 0 0 0 0 0 0 1 1 1 1 0 0 0 0 0
590	1	 1 1 1 1 0 0 1 1 1 0 1 0 1 1 0 1 1 0 0 0
590	8	 0 1 1 1 0 0 0 0 0 0 1 1 1 1 0 0 0 0 0 0
590	7	 1 1 0 1 1 0 1 0 0 1 1 0 0 1 0 1 0 0 0 0
590	13	 1 1 1 1 0 1 1 0 0 1 1 1 1 1 1 0 0 0 0 1
590	5	 1 1 1 1 1 0 1 0 0 1 1 1 0 1 1 0 0 0 0 0
590	1	 1 1 1 1 1 0 0 0 0 1 1 1 1 1 1 0 0 0 0 0
590	4	 1 1 1 1 0 1 1 0 0 0 0 0 1 1 1 0 0 0 0 0
590	4	 1 1 0 1 1 1 0 0 0 1 1 1 0 1 1 0 0 0 0 0
590	1	 1 0 1 1 0 1 0 0 0 1 1 0 1 1 0 1 0 0 0 0
590	1	 1 1 1 1 1 1 1 0 0 1 0 1 0 1 1 0 0 0 1 0
590	2	 1 1 1 1 0 0 1 1 0 1 1 0 1 1 0 1 0 0 0 0
590	2	 1 1 0 1 0 1 0 0 0 0 1 0 1 1 0 1 0 0 0 0
590	3	 0 1 1 1 0 0 1 0 0 1 1 1 1 1 1 0 0 0 0 0
590	11	 1 1 1 1 0 0 1 0 0 1 1 1 1 1 1 0 1 0 0 0
590	3	 0 1 1 1 0 0 1 1 1 1 1 0 1 0 0 1 0 0 0 0
590	4	 1 1 0 1 0 0 0 0 0 0 1 0 1 1 0 1 0 1 0 0
590	10	 1 1 1 1 0 0 0 0 0 1 1 0 1 1 1 1 0 0 0 0
590	1	 1 1 1 1 1 0 0 0 0 0 1 1 1 1 0 0 0 0 0 0
590	1	 0 1 1 1 1 0 1 0 0 1 1 1 1 1 1 0 0 1 0 0
590	1	 1 1 0 1 0 1 0 0 0 1 1 0 1 1 1 1 0 0 0 0
590	5	 1 1 1 1 1 0 0 0 1 1 1 0 0 1 1 0 0 0 0 0
590	3	 1 1 1 1 0 1 1 0 0 0 1 0 1 1 0 1 0 0 0 0
590	5	 1 1 1 1 0 0 0 0 0 0 1 1 1 0 0 1 0 0 0 0
590	1	 1 0 1 1 0 1 0 0 0 0 1 0 1 1 1 1 0 1 1 0
590	4	 0 1 1 1 0 1 0 1 0 1 1 0 1 1 0 1 0 1 0 0
590	7	 1 1 1 1 0 0 1 1 1 1 1 0 1 1 1 0 0 0 0 0
590	1	 1 1 1 1 0 0 0 0 0 0 1 1 1 1 0 0 0 0 0 1
590	7	 1 1 1 1 0 0 0 0 0 0 1 0 1 1 0 0 0 0 0 0
590	1	 1 1 0 1 0 0 0 0 0 0 1 1 1 1 0 0 0 0 0 0
590	1	 0 1 1 1 0 0 1 0 0 1 1 0 1 1 0 1 0 0 0 0
590	1	 1 1 0 1 0 1 0 0 0 1 1 0 1 1 0 1 0 1 0 0
590	4	 1 1 1 1 0 1 0 0 0 0 1 0 0 1 1 0 0 0 0 0
590	3	 1 1 1 1 0 1 1 0 0 0 1 0 0 1 0 1 0 0 0 0
590	2	 1 0 1 1 0 0 1 1 1 1 1 0 1 1 0 1 0 0 0 0
590	1	 1 1 0 1 1 0 1 0 0 1 1 0 0 1 1 1 0 0 0 0
590	2	 0 1 1 1 0 1 0 0 0 0 1 0 1 1 1 0 0 0 0 0
590	1	 0 1 1 1 0 0 0 0 0 1 1 0 1 1 0 1 0 0 0 0
590	1	 1 1 1 1 0 1 0 1 0 0 1 0 1 1 1 0 0 0 0 0
590	1	 1 1 1 1 0 0 1 0 0 0 1 1 1 1 1 0 0 0 0 0
590	6	 1 1 1 1 0 1 0 0 0 0 1 1 1 1 0 0 0 0 0 0
590	3	 1 1 0 1 0 0 0 1 0 1 1 0 1 1 0 0 0 0 0 0
590	2	 1 1 1 1 1 0 0 0 0 0 1 0 1 1 0 0 0 0 1 0
590	1	 0 1 1 1 0 0 0 0 0 0 1 1 1 1 0 1 0 0 0 0
590	2	 0 0 1 1 0 1 0 1 0 1 1 0 1 1 0 0 0 0 0 0
590	1	 1 1 1 1 0 1 1 0 0 1 0 1 1 1 1 0 0 0 0 1
590	1	 1 1 1 1 0 1 0 0 0 1 1 1 1 1 1 0 0 0 0 1
590	3	 1 1 0 1 1 1 0 0 1 1 1 1 0 1 1 0 0 0 0 0
590	2	 1 1 1 1 0 0 1 0 0 1 1 1 1 1 0 1 0 1 0 0
590	1	 1 1 1 1 0 1 1 0 0 1 1 0 1 1 0 1 0 0 0 0
590	1	 1 1 1 1 0 0 0 0 0 1 1 1 1 1 0 1 0 1 0 0
590	1	 1 1 1 1 1 0 0 1 0 1 1 1 1 1 0 1 0 0 0 0
590	1	 1 1 1 1 0 1 0 1 0 1 1 0 1 1 0 1 0 1 0 0
590	4	 0 1 1 1 0 0 1 1 1 1 1 0 1 1 0 1 0 0 0 0
590	1	 1 1 1 1 0 1 0 0 0 0 1 0 1 1 0 1 0 0 0 1
590	2	 1 1 1 1 1 0 1 0 0 1 1 1 1 1 1 0 0 0 1 0
590	1	 1 0 1 1 0 1 1 0 0 1 1 1 1 1 1 0 0 0 0 1
590	1	 1 1 1 1 1 0 0 0 0 1 1 1 1 1 1 1 0 0 0 0
590	1	 1 1 1 1 1 1 1 1 0 1 0 1 0 1 1 0 0 0 1 0
720	9	 1 1 1 1 0 0 0 0 0 0 1 1 1 1 0 0 0 0 0 0
720	12	 1 1 1 1 0 0 0 0 0 1 1 0 1 1 0 0 0 0 0 0
720	28	 1 1 1 1 1 0 1 0 0 1 1 0 1 1 1 1 0 0 0 0
720	8	 1 1 1 1 0 0 0 0 0 0 1 1 1 1 0 1 0 0 0 0
720	43	 1 1 1 1 0 0 1 0 0 0 1 1 1 1 0 0 0 0 0 0
720	41	 1 1 1 1 0 1 0 0 1 0 1 0 1 1 1 0 0 0 0 0
720	8	 1 1 1 1 1 0 0 0 0 1 1 0 1 1 1 0 0 0 0 0
720	28	 1 1 1 1 0 0 1 0 0 1 1 0 1 1 0 0 0 0 0 0
720	3	 1 1 1 1 0 0 0 1 1 1 0 0 1 1 1 1 1 0 0 0
720	20	 1 1 1 1 0 1 1 0 0 0 1 0 0 0 1 0 0 0 0 0
720	8	 1 1 1 1 0 1 0 0 0 1 0 1 1 1 0 0 0 0 0 0
720	19	 1 1 1 1 0 0 0 0 0 0 1 1 1 1 0 0 0 0 0 1
720	11	 1 1 1 1 1 1 0 0 0 0 1 1 1 1 0 0 0 0 0 0
720	23	 1 1 1 1 1 0 0 0 0 1 0 0 0 0 0 0 0 0 0 0
720	43	 1 1 1 1 1 0 1 0 0 1 1 0 1 1 1 0 0 0 0 0
720	1	 1 1 1 1 0 0 1 0 0 1 1 0 1 1 1 1 0 0 0 0
720	15	 1 1 1 1 0 0 1 0 0 0 1 1 1 1 0 0 0 1 0 0
720	66	 1 1 1 1 0 0 0 1 1 0 1 1 1 1 0 1 0 0 0 0
720	21	 1 1 1 1 0 0 0 0 0 0 0 1 1 1 0 0 0 0 0 0
720	12	 1 1 1 1 0 0 1 0 0 0 1 0 1 1 0 0 0 0 0 0
720	16	 1 1 1 1 0 0 0 0 0 0 1 1 0 1 0 1 0 0 0 0
720	6	 1 1 1 1 0 0 0 0 1 0 1 1 1 1 0 0 0 0 0 0
720	30	 1 1 1 1 0 0 1 0 0 0 1 1 1 1 0 1 0 0 0 0
720	13	 1 1 1 1 0 0 0 0 0 0 1 1 1 1 0 0 0 1 0 0
720	6	 1 1 1 1 1 0 1 0 0 1 1 0 0 1 1 1 0 1 0 0
720	10	 1 1 1 1 0 1 1 0 1 0 1 0 0 0 1 0 0 0 0 0
720	2	 1 1 1 1 1 1 1 0 0 1 1 0 1 1 1 1 0 0 0 0
720	11	 1 1 1 1 0 0 1 0 0 1 0 0 1 1 1 1 0 0 0 0
720	5	 1 1 1 1 0 0 1 1 1 1 1 0 1 1 1 0 0 0 0 0
720	10	 1 1 1 1 0 0 1 0 0 0 1 1 1 1 0 0 0 0 0 1
720	6	 1 1 1 1 0 0 1 0 0 1 0 0 0 1 1 1 1 0 0 0
720	8	 1 1 1 1 0 0 0 0 0 0 1 0 1 1 0 1 0 0 0 0
720	4	 1 1 1 1 1 0 1 0 0 0 1 0 1 1 0 0 0 0 0 0
720	9	 1 1 1 1 0 0 0 0 1 0 1 0 1 1 1 0 0 0 0 0
720	27	 1 1 0 1 0 0 0 0 0 0 0 1 1 1 0 0 0 0 0 0
720	1	 1 1 1 1 1 0 0 0 0 0 0 1 0 1 0 0 0 0 0 0
720	6	 1 1 1 1 0 0 1 0 0 0 1 1 1 1 1 1 0 0 0 0
720	2	 1 1 1 1 1 1 0 0 0 0 1 1 0 1 0 1 0 0 0 0
720	13	 1 1 1 1 1 0 0 1 0 0 1 1 1 1 0 0 0 0 0 0
720	26	 1 1 1 1 0 0 1 0 0 0 0 1 1 1 0 0 0 0 0 0
720	4	 1 1 1 1 0 1 0 0 0 1 0 0 1 1 0 0 1 0 0 0
720	4	 1 1 1 1 0 0 0 1 1 1 0 0 1 1 0 0 0 0 0 0
720	4	 1 1 1 1 1 1 1 0 0 1 1 0 1 1 0 0 0 0 0 0
720	2	 1 1 1 1 0 1 1 0 0 1 1 0 1 1 1 0 0 0 0 0
720	3	 1 1 1 1 0 0 0 1 1 0 1 0 1 1 0 0 0 0 0 0
720	15	 1 1 1 1 0 0 0 1 1 1 1 0 1 1 0 0 0 0 0 0
720	2	 1 1 1 1 1 1 0 0 1 0 1 0 1 1 1 0 1 0 0 0
720	3	 1 1 1 1 0 1 0 0 0 0 1 0 0 0 1 0 0 0 0 0
720	6	 1 1 1 1 1 0 0 0 0 1 0 1 0 1 1 1 0 1 0 0
720	16	 0 1 1 1 0 0 0 0 1 1 1 1 1 1 0 0 0 0 0 0
720	2	 0 1 1 1 0 0 0 0 0 0 1 0 1 1 0 0 0 0 0 0
720	16	 1 1 1 1 1 0 0 0 0 0 1 1 1 1 1 0 0 0 0 0
720	3	 1 1 1 1 0 0 1 0 0 0 1 1 1 1 1 0 0 0 0 0
720	4	 1 1 1 1 0 1 0 0 1 0 1 0 1 1 1 1 0 0 0 0
720	3	 1 1 1 1 0 1 1 0 0 0 1 1 1 1 0 0 0 0 0 0
720	1	 1 1 1 0 1 0 1 0 0 1 1 0 1 1 1 0 0 0 0 0
720	1	 1 1 1 1 0 1 1 0 1 0 1 1 0 0 1 0 0 0 0 0
720	20	 1 1 1 1 0 1 0 0 0 1 1 1 1 1 0 1 0 0 0 0
720	4	 1 1 1 1 0 0 1 0 0 1 1 1 1 1 0 0 0 0 0 0
720	2	 1 1 1 1 0 0 1 0 0 0 1 1 1 0 0 0 0 0 0 0
720	9	 1 1 1 1 0 1 0 0 0 0 1 0 1 1 0 0 0 0 0 0
720	6	 1 1 1 1 0 0 1 0 0 0 1 1 1 1 0 1 1 0 0 0
720	4	 1 1 1 1 0 0 1 0 0 1 1 0 1 1 0 0 0 0 0 1
720	2	 1 1 1 1 0 1 1 0 1 0 1 0 1 1 1 0 0 0 0 0
720	2	 1 1 1 1 0 1 0 1 1 0 1 0 1 1 1 0 0 0 0 0
720	13	 1 1 1 1 0 1 0 0 1 0 1 1 1 1 1 0 0 0 0 0
720	6	 1 1 1 0 0 1 0 0 0 1 1 1 1 1 0 0 0 0 0 0
720	12	 1 1 1 1 1 1 1 0 0 1 1 0 1 1 1 0 0 0 0 0
720	6	 1 1 1 1 1 1 0 0 0 1 1 1 1 0 0 0 0 0 0 0
720	1	 0 1 1 1 0 1 0 0 1 0 1 0 0 1 1 0 0 0 0 0
720	5	 1 1 1 1 0 0 0 0 0 1 1 0 1 1 1 1 0 0 0 0
720	7	 1 1 1 1 0 1 0 1 0 0 0 1 1 1 0 0 0 0 0 0
720	16	 1 1 1 1 1 0 1 0 0 0 1 1 1 1 0 0 0 1 0 0
720	1	 1 1 0 1 0 0 0 0 0 0 1 0 1 1 0 0 0 0 0 0
720	10	 1 1 1 1 0 0 1 0 0 0 0 1 1 1 1 1 0 0 0 0
720	4	 1 1 1 1 0 0 1 0 0 0 1 1 0 1 0 0 0 0 0 0
720	1	 1 1 1 1 1 0 1 0 0 1 1 0 1 1 0 1 0 0 0 0
720	11	 1 1 1 1 0 1 1 0 0 0 1 1 1 1 0 0 0 1 0 0
720	1	 1 1 0 1 0 0 0 0 0 0 1 1 1 1 0 0 0 1 0 0
720	5	 1 1 1 1 1 0 1 0 0 1 0 0 1 1 1 0 0 0 0 0
720	5	 1 1 1 1 1 0 1 0 0 1 1 1 1 1 1 0 0 0 0 0
720	8	 1 1 1 1 0 0 1 0 0 0 1 1 1 1 0 0 1 1 0 0
720	1	 1 1 1 0 1 0 1 0 0 0 1 0 1 1 0 0 0 0 0 0
720	2	 1 1 1 1 0 0 0 1 1 0 1 0 1 1 1 0 0 0 0 0
720	1	 1 1 1 1 1 0 0 1 0 1 0 0 0 1 1 1 1 1 0 0
720	8	 1 1 1 0 0 1 0 0 0 1 1 1 1 1 1 0 0 0 0 0
720	2	 0 1 1 1 1 0 0 1 0 0 1 1 1 1 0 0 0 0 0 0
720	5	 1 1 1 1 0 0 1 0 1 0 1 1 1 1 0 0 0 1 0 0
720	1	 1 1 1 0 0 0 1 0 0 1 0 0 1 1 1 1 0 0 0 0
720	4	 1 1 1 1 0 0 0 1 1 1 1 0 1 1 1 0 0 0 0 0
720	1	 0 1 1 1 0 0 0 1 1 1 1 0 1 1 0 0 0 0 0 0
720	1	 1 1 1 1 0 1 0 0 1 0 1 1 1 1 0 0 0 0 0 0
720	4	 1 1 1 1 0 0 0 0 0 0 1 1 1 1 0 1 1 0 0 0
720	4	 1 1 1 1 1 0 1 0 0 0 1 1 1 1 0 0 0 0 0 1
720	6	 1 1 1 1 1 0 1 0 1 1 1 0 1 1 1 0 0 0 0 0
720	1	 1 1 1 1 0 1 1 0 0 0 1 1 1 1 0 1 0 0 0 0
720	3	 0 1 0 1 0 0 0 0 0 0 0 1 1 1 0 0 0 0 0 0
720	1	 0 1 1 1 0 0 0 0 0 0 1 0 1 1 0 1 0 0 0 0
720	1	 1 1 1 1 0 0 0 0 1 0 1 0 0 1 1 0 0 0 0 0
720	3	 1 1 1 1 1 0 1 0 0 0 1 1 0 1 0 1 0 0 0 0
720	2	 0 1 1 1 0 0 1 0 0 0 0 1 1 1 0 0 0 0 0 0
720	2	 1 1 0 1 0 1 0 0 1 0 1 0 1 1 1 0 0 0 0 0
720	2	 1 1 1 1 1 0 0 0 0 1 1 0 1 1 1 0 0 0 0 1
720	2	 1 0 1 1 1 0 1 0 0 1 1 0 1 1 1 0 0 0 0 0
720	3	 1 1 1 1 0 0 0 0 0 1 1 1 1 1 0 1 1 0 0 0
720	3	 1 1 1 1 1 0 1 1 0 0 1 0 1 1 0 0 0 0 0 0
720	1	 1 1 0 1 0 1 0 0 0 1 1 1 1 1 0 1 0 0 0 0
720	7	 1 1 1 1 0 1 0 0 0 0 1 1 1 1 0 1 0 0 0 0
720	1	 1 1 0 1 1 0 1 0 0 0 1 1 1 1 0 0 0 1 0 0
720	1	 1 1 1 1 0 1 0 0 1 0 1 1 1 1 0 1 0 0 0 0
720	1	 1 1 1 1 0 1 1 0 1 0 1 1 1 1 0 1 0 0 0 0
720	5	 1 1 1 1 0 1 0 0 1 0 1 1 1 1 1 1 0 0 0 0
720	1	 1 1 1 1 0 0 0 0 0 0 1 1 1 1 0 0 1 0 0 0
720	2	 1 0 1 1 0 0 1 0 0 0 0 1 1 1 0 0 0 0 0 0
720	5	 1 1 1 1 0 1 0 0 0 1 1 0 1 1 0 0 1 0 0 0
720	3	 1 1 1 1 0 0 0 1 1 1 0 0 1 1 0 0 1 0 0 0
720	2	 1 1 1 1 0 0 0 1 1 1 1 0 1 1 0 1 0 0 0 0
720	1	 1 1 1 1 0 0 1 0 0 1 1 1 1 1 1 0 0 0 0 0
720	5	 1 1 1 0 0 1 0 0 0 1 1 1 0 1 0 0 0 0 0 0
720	3	 1 1 1 1 1 1 0 0 0 1 1 0 1 1 1 0 0 0 0 0
720	3	 1 1 1 1 0 1 0 1 1 0 0 1 1 1 0 0 0 0 0 0
720	1	 1 1 0 1 1 0 0 1 0 1 0 0 0 1 1 1 1 1 0 0
720	1	 1 1 1 1 1 0 1 0 1 1 1 0 1 1 0 0 0 0 0 0
720	2	 1 1 1 1 1 0 0 0 0 0 1 0 0 0 1 0 0 0 0 0
720	1	 1 1 1 1 0 0 0 0 0 0 1 1 0 1 0 0 0 1 0 0
720	1	 1 1 1 1 0 0 1 0 0 1 1 0 1 1 1 0 0 0 0 0
720	3	 1 1 1 1 0 1 0 0 0 0 1 1 1 1 0 0 0 0 0 0
720	1	 1 1 1 1 1 1 1 0 0 0 1 1 1 1 0 0 0 0 0 0
720	1	 0 1 1 1 0 0 0 0 0 0 1 1 1 1 0 0 0 0 0 1
720	3	 1 1 1 1 0 0 1 0 0 0 0 1 1 1 0 1 0 0 0 0
720	2	 1 1 1 1 0 0 1 1 1 0 1 1 1 1 0 0 0 1 0 0
880	41	 1 1 1 1 0 0 1 0 0 1 0 1 1 1 0 0 0 0 0 0
880	150	 1 1 1 1 0 0 1 0 0 0 0 1 1 0 1 1 0 0 0 0
880	10	 1 1 1 1 0 0 1 0 0 1 0 1 1 1 1 0 0 0 0 0
880	13	 1 1 1 1 0 0 0 1 1 0 0 1 1 0 1 1 0 0 0 0
880	2	 1 1 1 1 0 0 1 0 0 0 1 0 1 1 0 1 0 0 0 0
880	13	 1 1 1 1 1 0 1 0 0 0 0 1 1 0 1 1 0 0 0 0
880	50	 0 1 1 1 0 0 1 0 0 0 0 1 1 0 1 1 0 0 0 0
880	62	 1 1 1 1 0 0 1 0 0 0 0 1 1 1 1 1 0 0 0 0
880	22	 1 1 1 1 0 1 1 0 0 0 0 0 0 0 0 0 0 0 0 1
880	6	 1 1 1 1 1 1 0 0 0 0 1 0 1 1 1 0 0 0 0 0
880	16	 1 1 1 1 0 1 0 1 1 0 0 1 1 0 0 1 0 0 0 0
880	34	 1 1 1 1 0 0 1 0 0 0 0 1 1 1 1 0 0 0 0 0
880	4	 1 1 1 1 1 1 0 0 0 0 1 0 1 1 0 0 0 0 0 0
880	6	 1 1 1 1 0 0 1 0 0 0 0 1 1 1 1 1 1 0 0 0
880	17	 1 1 1 1 0 1 1 0 0 0 0 1 1 0 1 1 0 0 0 0
880	13	 1 1 1 1 0 0 1 0 0 0 0 0 1 1 0 1 0 0 0 0
880	18	 1 1 0 1 1 1 0 0 0 0 1 0 1 1 0 0 0 0 0 0
880	5	 1 1 1 1 0 1 0 1 1 0 0 1 1 0 0 0 0 0 0 0
880	1	 1 1 0 1 1 1 0 1 1 0 0 1 1 0 0 1 0 0 0 0
880	14	 1 1 1 1 0 0 1 0 0 1 1 0 1 1 0 0 0 0 0 0
880	5	 1 1 1 1 0 1 1 0 0 0 0 1 1 0 1 1 0 0 1 0
880	20	 1 1 1 1 0 0 1 0 0 0 0 0 1 0 1 1 0 0 0 0
880	28	 1 1 1 1 0 0 1 0 0 0 0 0 1 1 1 1 1 0 0 0
880	5	 1 1 1 1 0 0 0 1 1 1 0 1 1 1 1 0 0 0 0 0
880	2	 1 1 1 1 1 0 1 0 0 1 0 0 1 1 0 0 0 0 0 0
880	15	 1 1 1 1 0 0 1 0 0 0 0 1 1 1 0 0 0 0 0 0
880	3	 1 1 1 1 0 0 1 0 0 0 1 0 1 0 0 0 0 0 0 0
880	3	 1 1 0 1 0 0 1 0 0 1 0 0 1 1 0 0 0 0 0 0
880	5	 1 1 1 1 0 0 0 1 1 1 0 1 0 1 1 0 0 0 0 0
880	14	 1 1 1 1 1 0 0 0 1 1 0 0 0 0 1 1 0 0 0 0
880	29	 1 0 1 1 0 0 1 0 0 0 0 1 1 0 1 1 0 0 0 0
880	12	 1 1 0 1 0 0 1 0 1 0 0 1 1 0 1 0 0 0 1 0
880	4	 1 1 1 1 0 1 1 0 0 0 0 1 0 0 1 1 0 0 1 0
880	13	 1 1 1 1 0 0 1 0 0 0 0 1 1 0 1 1 1 0 0 0
880	1	 1 1 1 1 0 0 1 0 0 0 0 1 1 1 0 1 0 0 0 0
880	34	 1 0 1 1 0 0 0 1 1 0 0 1 1 0 0 1 0 0 0 0
880	6	 1 1 1 1 1 0 1 0 0 0 0 1 1 1 1 1 0 0 0 0
880	1	 0 1 1 1 0 1 1 0 0 0 0 1 1 0 1 1 0 0 0 0
880	2	 1 1 0 1 0 0 1 0 1 0 0 1 1 0 1 1 0 0 0 0
880	9	 1 1 1 1 0 1 0 1 1 0 0 1 1 0 1 1 0 0 0 0
880	10	 1 0 1 1 0 0 1 0 0 0 0 1 1 1 1 0 0 0 0 1
880	4	 1 1 0 1 0 0 1 0 0 0 0 1 1 1 0 0 0 0 0 0
880	18	 0 1 0 1 0 0 1 0 0 0 0 1 1 0 1 1 0 0 0 0
880	1	 1 1 1 1 0 0 1 0 0 1 0 0 1 1 0 1 0 0 0 0
880	8	 1 1 1 1 0 0 1 0 0 0 1 0 1 1 0 0 0 0 0 0
880	4	 1 1 1 1 0 1 1 0 0 1 1 1 1 0 1 1 0 0 0 0
880	4	 1 1 0 1 1 1 0 0 1 0 0 1 1 1 0 1 0 0 0 0
880	13	 1 0 1 1 0 0 1 0 0 0 0 1 1 0 1 1 1 0 0 0
880	1	 1 1 1 1 0 1 0 0 1 0 0 0 1 0 0 1 0 0 0 0
880	4	 1 1 1 1 0 1 1 0 0 0 0 1 1 0 0 1 0 0 0 0
880	4	 0 1 0 1 0 1 1 0 1 0 1 0 1 1 0 0 0 0 0 0
880	7	 0 0 1 1 0 0 1 0 0 0 0 1 1 0 1 1 0 0 0 0
880	5	 1 1 1 1 1 0 1 0 0 0 0 0 1 1 0 0 0 0 0 0
880	3	 1 0 1 1 0 0 0 1 1 0 0 1 1 0 1 1 0 0 0 0
880	3	 1 1 1 1 0 0 1 0 1 0 0 1 1 0 1 1 1 0 0 0
880	3	 1 1 0 1 0 0 1 0 0 0 0 1 1 1 0 0 0 0 1 0
880	5	 1 1 1 1 0 0 1 0 0 0 1 0 1 1 0 0 1 0 0 0
880	16	 1 1 1 1 0 1 1 0 1 0 0 0 1 0 0 1 0 0 0 0
880	4	 1 1 1 1 0 0 1 0 0 0 0 0 1 1 1 1 0 0 0 0
880	1	 1 1 1 1 0 1 1 1 0 1 0 0 1 1 0 0 0 0 0 0
880	5	 1 1 1 1 1 1 1 0 0 1 0 0 1 1 0 0 0 0 0 0
880	2	 1 1 1 1 0 0 0 1 1 1 0 1 1 1 1 0 1 1 0 0
880	1	 1 1 1 1 0 0 1 0 0 0 0 1 1 0 0 1 0 0 0 0
880	15	 1 1 1 1 0 0 1 0 0 0 0 1 1 1 1 0 0 0 0 1
880	1	 1 1 1 1 0 0 0 1 0 0 0 1 1 0 1 1 0 0 0 0
880	2	 1 1 0 1 0 0 1 0 1 0 0 1 1 1 1 0 1 0 1 0
880	1	 1 1 0 1 0 0 1 0 0 0 0 0 0 0 0 1 0 0 0 0
880	12	 1 1 0 1 0 0 1 0 0 0 1 0 1 1 0 1 0 0 0 0
880	3	 1 1 1 1 0 1 0 0 0 0 1 0 1 1 1 0 0 0 0 0
880	1	 1 1 1 1 0 0 0 1 1 0 0 1 1 0 0 1 0 0 0 0
880	3	 0 1 1 1 0 0 0 1 1 0 0 1 1 0 0 1 0 0 0 0
880	3	 1 1 0 1 0 0 1 0 0 0 0 1 1 0 1 1 0 0 0 0
880	3	 1 1 0 1 1 1 0 0 1 0 0 1 0 0 0 1 0 1 0 0
880	7	 1 1 1 1 0 0 0 1 1 1 0 1 1 1 0 1 0 0 0 0
880	2	 1 1 1 1 1 0 1 0 0 0 0 1 1 1 0 0 0 0 0 0
880	3	 1 0 1 1 0 0 0 1 1 0 0 1 1 1 0 1 0 0 0 0
880	6	 0 1 1 1 0 0 1 0 0 0 1 1 1 0 1 1 1 0 0 0
880	3	 0 1 0 1 0 0 1 0 0 0 0 1 1 0 0 1 0 0 0 0
880	6	 1 1 1 1 0 0 1 0 0 0 0 1 1 0 1 1 0 0 1 0
880	4	 1 0 1 1 0 0 0 1 1 0 0 0 1 0 0 1 0 0 0 0
880	2	 1 1 1 1 0 0 0 0 0 0 0 1 1 1 1 0 0 0 0 0
880	3	 1 1 1 1 0 0 1 0 0 1 0 1 1 1 0 1 0 0 0 0
880	1	 1 1 1 1 0 0 1 0 0 1 0 1 1 1 0 0 1 0 0 0
880	4	 1 1 1 0 0 0 1 0 0 0 0 1 1 0 1 1 0 0 0 0
880	2	 1 1 1 1 0 0 1 0 0 0 0 1 1 1 1 0 1 0 0 0
880	1	 1 1 0 1 0 1 0 0 0 0 1 0 1 1 0 0 0 0 0 0
880	3	 1 1 1 1 1 1 0 0 0 0 1 1 1 1 1 0 0 0 0 1
880	5	 1 0 1 1 0 0 1 0 0 0 0 1 1 0 1 0 0 0 0 1
880	3	 1 0 1 1 0 0 1 0 0 0 0 1 1 1 1 1 1 0 0 0
880	4	 1 1 0 1 0 0 1 0 1 0 0 1 1 1 1 1 1 0 0 0
880	3	 1 1 1 0 0 0 1 0 0 1 0 1 1 1 1 0 0 0 0 0
880	1	 1 1 1 1 1 0 1 0 1 1 0 0 0 0 1 1 0 0 0 0
880	5	 1 1 0 1 1 0 1 0 0 0 0 1 1 1 0 0 0 0 0 0
880	2	 1 1 1 1 0 0 1 0 1 1 0 1 1 1 1 1 0 0 0 0
880	1	 1 0 1 1 1 0 0 1 1 0 0 1 1 1 0 1 0 0 0 0
880	2	 0 1 1 1 0 0 1 0 0 0 0 1 1 0 1 1 0 0 0 1
880	1	 1 1 1 1 0 1 1 0 0 0 0 0 0 0 0 0 0 0 0 0
880	3	 1 1 1 1 0 0 1 0 0 1 1 0 1 0 0 1 0 0 0 0
880	1	 1 1 1 1 0 0 0 1 1 1 0 1 1 1 0 0 0 0 0 0
880	1	 1 0 1 1 0 0 0 1 1 0 0 0 1 1 1 1 1 0 0 0
880	3	 0 1 1 1 0 0 1 0 0 1 0 1 1 0 1 1 0 0 0 0
880	5	 1 1 1 1 0 0 0 0 0 0 0 1 1 1 1 1 0 0 0 0
880	5	 1 1 1 1 0 0 1 0 0 0 0 1 1 1 1 1 0 0 0 1
880	1	 1 1 1 1 1 1 0 0 0 0 1 0 1 0 1 0 0 0 0 0
880	1	 1 0 0 1 0 0 0 1 1 0 0 1 1 0 0 1 0 0 0 0
880	1	 1 1 0 1 1 1 0 1 1 0 0 1 1 1 0 1 0 0 0 0
880	3	 1 1 1 1 0 0 1 1 0 1 0 1 0 0 1 1 0 0 0 0
880	1	 0 1 1 1 0 0 1 0 0 0 0 1 1 1 1 0 0 0 0 1
880	1	 1 1 1 1 0 0 1 0 0 0 1 0 1 1 1 0 0 0 0 0
880	1	 1 1 1 1 0 0 1 0 0 0 0 0 1 1 0 1 1 0 0 0
880	2	 1 1 0 1 0 0 1 0 0 0 0 1 1 1 1 1 0 0 0 0
880	1	 1 1 1 1 0 0 0 1 1 1 0 1 1 0 1 1 0 0 0 0
880	1	 1 1 1 1 0 0 1 0 1 0 0 1 1 0 1 1 0 0 0 0
880	3	 1 1 0 1 0 1 1 0 1 0 0 1 1 0 1 0 0 0 1 0
880	1	 1 1 1 1 0 0 1 0 0 0 0 1 1 0 1 0 1 0 0 0
880	2	 1 0 1 1 0 0 0 0 0 0 0 1 1 1 1 0 0 0 0 1
880	3	 0 1 0 1 0 0 1 0 0 0 0 1 1 0 1 1 0 0 0 1
880	1	 1 1 1 1 0 0 0 1 0 0 0 1 0 0 1 1 0 0 0 0
880	2	 0 1 1 1 0 0 1 0 1 0 0 1 1 0 1 1 1 0 0 0
880	3	 1 1 0 1 0 0 1 0 1 0 0 1 1 1 1 0 1 1 1 0
880	2	 1 1 1 1 1 0 0 1 1 1 0 1 1 1 0 1 0 0 0 0
1000	5	 1 1 1 1 0 0 1 0 0 1 0 1 1 1 0 0 0 0 0 0
1000	188	 1 1 1 1 0 0 1 0 0 0 0 1 1 0 1 1 0 0 0 0
1000	6	 1 1 1 1 1 0 1 0 0 0 0 1 1 0 1 1 0 0 0 0
1000	101	 1 1 1 1 0 0 1 0 0 0 0 0 1 0 1 1 0 0 0 0
1000	7	 1 0 1 1 0 0 1 0 0 0 0 1 1 0 1 1 0 0 0 0
1000	6	 1 1 1 1 0 0 1 0 0 0 0 1 0 0 1 1 0 0 0 0
1000	10	 1 1 1 1 0 0 1 0 0 0 0 0 1 0 1 0 0 0 0 0
1000	9	 1 1 1 1 0 1 0 1 1 0 0 1 1 0 0 0 0 0 0 1
1000	14	 1 1 1 1 0 1 1 0 1 0 0 1 1 0 1 1 0 0 0 0
1000	5	 1 1 1 1 0 0 1 0 0 0 0 1 1 0 1 1 0 0 0 1
1000	28	 1 0 1 1 0 0 1 1 1 0 0 1 1 0 1 1 0 0 0 0
1000	70	 1 1 1 1 0 1 1 0 0 0 0 1 1 0 1 1 0 0 0 0
1000	12	 1 1 1 1 0 0 1 0 0 0 0 0 1 1 0 0 0 0 0 0
1000	46	 1 1 1 0 0 0 1 0 0 0 0 1 1 0 1 1 0 0 0 0
1000	40	 1 1 1 1 0 0 1 0 0 0 0 1 1 0 1 1 1 0 0 0
1000	2	 1 0 1 1 0 0 1 0 0 0 0 1 1 1 1 1 0 0 0 0
1000	3	 1 1 1 1 0 1 1 0 1 0 0 1 1 0 0 1 0 0 0 0
1000	39	 1 1 1 1 0 1 1 0 0 0 0 0 1 0 1 1 0 0 0 0
1000	14	 1 0 1 0 0 0 1 0 1 0 0 1 0 1 0 0 0 0 0 0
1000	7	 1 1 1 1 0 0 1 0 0 1 0 0 1 0 1 1 0 0 0 0
1000	28	 1 1 1 1 0 1 1 0 1 0 0 0 1 0 1 1 0 0 0 0
1000	3	 1 1 1 1 0 1 1 0 1 0 0 1 1 0 0 1 0 0 1 0
1000	7	 1 1 0 1 1 0 1 0 0 0 0 1 1 0 1 1 1 0 0 0
1000	7	 0 1 1 1 0 0 1 0 0 0 0 0 1 0 1 1 0 0 0 0
1000	6	 1 1 1 1 0 0 1 0 0 0 1 1 1 0 1 1 0 0 0 0
1000	2	 1 1 1 1 0 0 1 0 1 0 0 1 1 0 0 1 0 0 0 1
1000	8	 1 1 1 1 1 1 1 0 1 0 0 1 1 0 0 1 0 0 1 0
1000	20	 1 1 1 1 1 0 1 0 0 0 0 1 1 0 1 1 1 0 0 0
1000	2	 1 1 1 1 0 1 1 0 1 0 0 0 1 0 1 0 0 0 1 0
1000	26	 1 0 1 1 0 0 1 0 0 0 0 0 1 0 1 1 0 0 0 0
1000	13	 1 1 1 1 0 0 0 0 0 0 0 1 1 0 1 1 0 0 0 0
1000	7	 1 1 1 1 0 0 1 0 0 0 0 0 1 0 1 1 0 0 1 0
1000	10	 1 0 1 0 0 0 1 0 0 0 0 1 1 1 1 1 0 0 0 0
1000	7	 1 1 1 1 0 0 1 1 0 0 0 1 1 0 1 1 0 0 0 0
1000	5	 1 1 1 1 0 0 1 0 0 0 1 0 1 0 1 1 0 0 0 0
1000	5	 1 1 1 1 0 1 1 0 1 0 0 1 1 0 1 1 0 0 1 0
1000	3	 1 1 1 1 0 0 1 0 0 1 0 1 1 0 0 1 0 0 0 1
1000	3	 1 1 1 1 0 0 1 0 0 0 0 0 1 0 1 1 0 0 0 1
1000	2	 1 1 1 1 1 0 1 0 0 0 0 1 1 1 1 1 0 0 0 0
1000	1	 1 1 1 1 0 0 1 0 1 0 0 0 1 0 1 0 0 0 0 0
1000	12	 1 1 0 1 0 1 1 0 0 0 0 0 1 0 1 1 0 0 0 0
1000	8	 0 1 1 1 0 0 1 0 0 0 0 0 1 0 1 1 1 0 0 0
1000	2	 1 1 1 1 0 1 1 0 0 0 0 1 0 0 1 1 0 0 0 1
1000	21	 1 1 1 0 0 0 1 0 1 0 0 1 1 0 1 1 0 0 0 0
1000	4	 1 1 1 0 0 0 1 0 0 0 0 1 1 0 1 1 1 0 0 0
1000	4	 1 1 1 1 0 1 1 0 0 0 0 1 1 0 1 1 1 0 0 0
1000	1	 1 1 0 1 1 0 1 0 0 0 0 1 0 0 1 1 1 0 0 0
1000	4	 1 0 0 1 0 0 1 0 0 0 0 1 1 1 1 1 0 0 0 1
1000	12	 1 1 1 1 0 1 1 0 0 0 0 1 1 0 1 0 0 0 0 0
1000	2	 1 0 0 1 0 0 1 0 0 0 0 1 1 0 1 1 0 0 0 0
1000	3	 1 0 1 1 0 0 1 1 1 0 0 1 1 0 0 1 0 0 0 0
1000	2	 1 0 1 0 0 0 1 0 0 0 0 0 1 0 1 1 0 0 1 0
1000	5	 1 1 1 1 0 0 1 0 0 0 1 1 0 0 1 1 0 0 0 0
1000	6	 1 1 1 1 1 0 0 1 0 0 0 1 1 0 1 0 0 0 1 0
1000	5	 1 1 1 0 0 1 1 0 0 0 0 1 1 0 1 1 0 0 0 0
1000	2	 1 1 1 1 1 0 1 0 0 0 0 1 1 0 1 1 1 0 1 0
1000	2	 1 1 1 1 1 0 1 0 0 0 0 0 1 0 1 1 0 0 0 0
1000	3	 1 1 1 1 0 1 1 0 1 0 0 1 1 0 0 1 0 1 0 0
1000	5	 1 1 1 1 0 0 1 1 0 1 0 0 1 0 1 1 0 0 0 0
1000	3	 1 1 1 1 0 0 1 1 1 0 0 1 1 0 0 1 0 0 0 0
1000	3	 1 1 0 1 0 0 1 0 1 1 0 1 1 1 0 0 0 0 0 0
1000	1	 1 0 0 1 0 0 1 0 0 0 0 1 1 1 1 1 1 0 0 1
1000	2	 1 1 1 1 0 0 1 0 0 0 0 1 1 0 1 1 0 0 1 0
1000	1	 1 0 1 1 1 0 1 0 0 0 0 1 1 0 1 1 1 0 0 0
1000	1	 1 1 1 1 0 0 0 1 0 0 0 1 1 0 1 1 0 0 0 0
1000	7	 1 0 1 1 0 0 1 0 0 0 0 1 1 0 1 0 0 0 1 0
1000	4	 1 1 1 1 0 0 1 0 0 0 0 0 1 0 1 1 0 1 0 0
1000	2	 1 1 1 0 0 1 1 0 1 0 0 1 1 0 1 1 0 0 0 0
1000	5	 1 1 1 1 0 1 1 0 0 0 0 0 1 0 1 1 0 0 0 1
1000	1	 1 1 1 1 0 1 1 0 0 0 0 0 1 0 0 1 0 0 0 0
1000	1	 1 1 1 1 0 1 1 0 1 0 0 1 1 0 0 0 0 0 1 0
1000	2	 1 1 1 1 0 1 1 0 1 0 0 0 1 0 1 0 1 0 1 0
1000	6	 1 1 1 1 0 0 1 0 0 0 0 1 1 1 0 0 0 0 0 0
1000	10	 1 1 1 1 0 1 1 0 1 0 0 0 0 1 0 0 0 0 0 0
1000	2	 1 1 1 1 0 0 1 0 0 0 0 0 1 0 0 1 0 0 0 0
1000	2	 1 1 1 1 0 0 1 0 1 0 0 0 1 0 1 1 0 0 0 0
1000	3	 1 1 1 1 1 1 1 0 1 0 0 1 1 0 1 1 0 0 0 0
1000	1	 1 0 1 1 0 1 1 0 1 0 0 1 1 0 1 1 0 0 0 0
1000	7	 0 1 1 1 0 1 1 0 0 0 0 0 0 0 1 1 0 0 1 0
1000	2	 1 1 1 1 0 1 1 0 0 0 0 1 1 1 1 0 0 0 0 0
1000	3	 1 1 1 1 1 0 1 0 0 0 0 1 1 0 0 1 0 0 1 0
1000	1	 1 0 1 1 0 0 1 1 1 0 0 0 1 0 1 1 0 0 0 0
1000	4	 1 1 1 1 0 0 1 0 0 0 0 1 1 0 0 1 0 0 0 0
1000	1	 1 0 0 1 0 0 1 0 0 0 0 1 1 1 0 1 0 0 0 0
1000	4	 1 0 1 1 0 0 1 1 1 0 0 1 1 0 1 1 1 0 0 0
1000	1	 1 1 1 1 0 0 1 0 0 0 0 0 1 1 0 1 0 0 0 0
1000	3	 1 1 1 1 0 1 1 0 1 0 0 1 1 1 0 1 0 0 0 0
1000	1	 1 1 0 1 1 0 1 1 0 0 0 1 1 0 1 1 1 0 0 0
1000	4	 1 0 1 1 0 0 1 1 0 0 0 0 1 0 1 1 0 0 0 0
1000	4	 1 1 1 1 0 0 1 0 1 0 0 1 1 0 1 1 0 0 0 0
1000	1	 1 0 1 1 0 0 1 0 0 0 0 1 1 0 1 0 0 0 0 0
1000	1	 1 1 1 1 0 1 1 1 1 0 0 0 1 0 1 0 0 0 1 0
1000	2	 1 1 1 1 0 0 1 1 0 0 0 1 1 0 1 1 0 0 1 0
1000	3	 1 1 1 1 0 1 1 0 1 0 0 1 1 0 0 1 0 1 1 0
1000	4	 1 1 1 1 0 0 1 0 0 0 0 0 1 0 0 1 1 0 0 0
1000	4	 1 1 1 1 0 0 1 0 0 0 0 0 0 0 0 1 0 0 0 0
1000	1	 0 1 1 1 0 1 0 0 0 0 0 0 0 0 1 1 0 0 1 0
1000	2	 1 1 1 1 0 0 1 1 1 0 0 1 1 0 1 1 0 0 0 0
1000	2	 1 0 1 1 0 0 1 0 0 0 0 1 1 0 1 1 1 0 0 0
1000	1	 1 1 0 1 0 0 1 0 0 0 0 1 1 0 1 1 0 0 0 0
1000	1	 1 1 1 1 0 0 1 0 0 0 0 0 1 1 1 1 0 0 0 0
1000	1	 1 1 1 1 0 0 1 0 0 0 0 0 1 0 0 0 0 0 0 0
1000	1	 1 1 0 1 0 0 0 0 0 0 0 1 1 0 1 1 0 0 0 0
1000	1	 1 1 1 1 0 1 0 0 0 0 0 1 1 0 1 1 1 0 0 0
1000	3	 1 1 0 1 1 0 1 0 0 0 0 0 0 0 1 1 1 0 0 0
