0	250	 0 0 0 0 0 0 0 0 0 0 0 1 0 1 0 0 0 0 0 0
0	250	 0 0 1 0 0 0 0 0 0 0 0 0 0 0 0 0 0 0 0 0
0	250	 1 0 1 0 0 1 1 0 1 1 1 0 0 0 0 0 0 0 0 0
0	250	 0 0 1 0 1 1 0 0 0 0 0 0 0 1 0 0 0 1 0 1
10	64	 0 0 0 0 0 0 0 0 0 0 0 1 0 1 0 0 0 0 0 0
10	75	 0 0 1 0 0 0 0 0 0 0 0 0 0 0 0 0 0 0 0 0
10	488	 1 0 1 0 0 1 1 0 1 1 1 0 0 0 0 0 0 0 0 0
10	113	 0 0 1 0 1 1 0 0 0 0 0 0 0 1 0 0 0 1 0 1
10	2	 0 0 0 0 0 0 0 0 0 0 0 0 0 1 0 0 0 1 0 1
10	5	 0 0 0 0 1 1 0 0 0 0 0 0 0 1 0 0 0 1 0 1
10	2	 0 0 0 0 0 0 0 0 0 0 0 0 0 0 0 0 0 0 0 0
10	2	 0 0 1 0 0 0 0 0 0 0 0 1 0 1 0 0 0 0 0 0
10	14	 1 0 1 0 0 1 0 0 0 0 0 0 0 1 0 0 0 1 0 1
10	9	 0 0 1 0 0 1 1 0 1 1 1 0 0 0 0 0 0 0 0 0
10	31	 1 0 1 0 0 0 1 0 1 1 1 0 0 0 0 0 0 0 0 0
10	6	 0 0 1 0 1 1 0 0 1 0 0 0 0 1 0 0 0 1 0 1
10	4	 0 0 1 0 0 0 0 0 0 0 0 0 0 1 0 0 0 1 0 1
10	4	 1 0 1 0 0 1 1 0 1 0 0 0 0 0 0 0 0 0 0 0
10	9	 1 0 1 0 0 1 1 0 1 1 1 0 0 0 0 0 0 0 0 1
10	3	 0 0 1 0 0 0 0 0 0 0 1 0 0 0 0 0 0 0 0 0
10	22	 1 0 1 0 0 1 1 0 1 1 1 1 0 0 0 0 0 0 0 0
10	5	 1 0 1 0 0 1 1 0 1 1 1 0 0 0 1 0 0 0 0 0
10	7	 1 0 1 0 0 1 1 0 1 1 1 0 0 0 0 0 0 1 0 0
10	1	 0 1 0 0 0 0 0 0 0 0 0 1 0 1 0 0 0 0 0 0
10	15	 1 0 1 0 0 1 1 1 1 1 1 0 0 0 0 0 0 0 0 0
10	12	 0 0 1 0 1 1 0 0 1 1 1 0 0 0 0 0 0 0 0 0
10	1	 0 0 0 0 0 0 0 0 0 1 0 1 0 1 0 0 0 0 0 0
10	3	 1 0 1 0 0 1 0 0 1 1 1 0 0 0 0 0 0 0 0 0
10	3	 0 0 1 0 0 0 0 0 1 1 1 0 0 0 0 0 0 0 0 0
10	1	 0 0 1 0 1 1 0 0 0 0 0 0 0 1 0 0 0 0 0 0
10	3	 0 0 1 0 0 0 0 0 0 0 0 0 1 0 0 0 0 0 0 0
10	10	 1 0 1 0 0 1 1 0 1 1 1 0 1 0 0 0 0 0 0 0
10	7	 0 0 1 0 1 1 0 0 0 0 0 0 1 1 0 0 0 1 0 1
10	2	 0 0 1 0 0 0 0 0 0 1 1 0 0 0 0 0 0 0 0 0
10	5	 0 0 0 0 0 0 0 0 0 0 0 1 0 1 0 0 1 0 0 0
10	3	 1 0 1 1 0 1 1 0 1 1 1 0 0 0 0 0 0 0 0 0
10	1	 1 0 1 0 1 1 1 0 1 1 1 0 0 0 0 0 0 0 0 0
10	8	 0 0 1 0 1 1 0 0 0 0 0 0 0 1 0 0 1 1 0 1
10	10	 0 0 1 1 1 1 0 0 0 0 0 0 0 1 0 0 0 1 0 1
10	7	 1 1 1 0 0 1 1 0 1 1 1 0 0 0 0 0 0 0 0 0
10	2	 0 0 1 1 0 0 0 0 0 0 0 0 1 0 0 0 0 0 0 0
10	2	 0 0 0 0 0 0 0 0 0 0 0 1 0 1 0 0 0 1 0 1
10	3	 1 0 0 0 0 0 0 0 0 0 0 0 0 0 0 0 0 0 0 0
10	1	 0 0 1 0 1 1 0 0 0 0 0 0 0 1 0 0 0 1 0 0
10	1	 1 0 1 0 0 1 1 0 1 0 1 0 0 0 0 0 0 0 0 0
10	4	 0 0 1 0 1 1 0 0 0 0 0 0 0 1 0 1 0 1 0 1
10	1	 0 0 1 0 1 1 0 0 0 0 1 0 0 1 0 0 0 1 0 1
10	2	 0 0 1 0 1 1 0 0 0 0 0 0 0 1 0 0 0 1 1 1
10	2	 0 0 1 0 0 0 1 0 1 1 1 0 0 0 0 0 0 0 0 0
10	1	 1 0 1 0 0 1 1 0 1 0 0 0 0 1 0 0 0 1 0 1
10	5	 1 0 1 0 1 1 0 0 0 0 0 0 0 1 0 0 0 1 0 1
10	2	 0 0 1 0 0 0 0 0 0 0 0 0 1 1 0 0 0 0 0 0
10	1	 1 0 1 0 0 1 1 0 1 1 1 0 0 0 0 1 0 0 0 0
10	1	 0 0 1 0 1 1 0 0 0 0 0 1 0 1 0 0 0 0 0 0
10	1	 1 0 1 0 0 1 1 0 1 1 1 0 0 0 0 0 0 1 0 1
10	4	 0 0 1 0 1 1 0 0 0 0 0 0 0 0 0 0 0 0 0 0
10	2	 1 0 1 0 0 1 1 0 1 1 1 1 0 0 0 0 0 0 0 1
10	1	 0 0 0 0 0 0 0 0 0 0 0 1 0 1 0 0 0 0 1 0
10	1	 0 0 0 0 0 0 0 0 0 0 0 0 0 1 0 0 0 0 0 0
10	1	 0 0 1 0 0 0 0 0 0 1 0 0 0 0 0 0 0 0 0 0
10	2	 1 0 1 0 0 1 1 0 1 1 0 0 0 0 0 0 0 0 0 0
10	3	 0 0 1 0 1 1 0 0 0 1 1 0 0 0 0 0 0 0 0 0
25	36	 0 0 1 0 0 0 0 0 0 0 0 0 0 0 0 0 0 0 0 0
25	524	 1 0 1 0 0 1 1 0 1 1 1 0 0 0 0 0 0 0 0 0
25	32	 0 0 1 0 1 1 0 0 0 0 0 0 0 1 0 0 0 1 0 1
25	7	 1 0 1 0 0 1 0 0 0 0 0 0 0 1 0 0 0 1 0 1
25	5	 0 0 1 0 0 1 1 0 1 1 1 0 0 0 0 0 0 0 0 0
25	78	 1 0 1 0 0 0 1 0 1 1 1 0 0 0 0 0 0 0 0 0
25	18	 1 0 1 0 0 1 1 0 1 1 1 0 0 0 0 0 0 0 0 1
25	47	 1 0 1 0 0 1 1 0 1 1 1 1 0 0 0 0 0 0 0 0
25	7	 1 0 1 0 0 1 1 0 1 1 1 0 0 0 1 0 0 0 0 0
25	2	 1 0 1 0 0 1 1 0 1 1 1 0 0 0 0 0 0 1 0 0
25	25	 1 0 1 0 0 1 1 1 1 1 1 0 0 0 0 0 0 0 0 0
25	1	 0 0 1 0 1 1 0 0 1 1 1 0 0 0 0 0 0 0 0 0
25	3	 0 0 0 0 0 0 0 0 0 1 0 1 0 1 0 0 0 0 0 0
25	7	 1 0 1 0 0 1 0 0 1 1 1 0 0 0 0 0 0 0 0 0
25	34	 1 0 1 0 0 1 1 0 1 1 1 0 1 0 0 0 0 0 0 0
25	2	 0 0 1 0 1 1 0 0 0 0 0 0 1 1 0 0 0 1 0 1
25	10	 1 0 1 1 0 1 1 0 1 1 1 0 0 0 0 0 0 0 0 0
25	35	 1 1 1 0 0 1 1 0 1 1 1 0 0 0 0 0 0 0 0 0
25	8	 1 0 1 0 1 1 0 0 0 0 0 0 0 1 0 0 0 1 0 1
25	3	 1 0 1 0 0 1 1 0 1 1 1 0 0 0 0 1 0 0 0 0
25	1	 0 0 1 0 1 1 0 0 0 0 0 0 0 0 0 0 0 0 0 0
25	4	 0 0 1 0 0 0 0 0 0 1 0 0 0 0 0 0 0 0 0 0
25	9	 0 0 1 0 0 0 0 0 0 0 1 0 0 0 0 0 0 0 0 0
25	6	 1 0 1 0 0 1 1 0 1 1 1 0 0 1 0 0 0 1 0 1
25	4	 1 0 1 0 0 1 1 0 0 1 1 0 0 0 0 0 0 0 0 0
25	4	 1 0 1 0 0 1 1 0 0 0 0 0 0 1 0 0 0 1 0 1
25	6	 1 0 1 0 0 1 1 0 1 1 1 1 0 0 1 0 0 0 0 0
25	9	 1 0 1 0 0 1 0 0 1 1 1 0 0 0 1 0 0 0 0 0
25	4	 1 0 1 0 0 1 1 0 1 1 1 0 0 1 0 0 0 0 0 0
25	3	 1 0 1 0 0 1 1 0 1 0 1 0 0 0 0 0 0 0 0 0
25	2	 0 0 1 0 0 0 0 0 0 0 0 0 0 1 0 0 0 0 0 0
25	1	 0 0 1 0 0 0 0 0 0 0 0 0 0 0 0 0 0 1 0 1
25	4	 1 0 1 0 0 0 1 0 1 1 1 0 0 0 0 0 0 1 0 1
25	2	 1 0 1 0 0 1 1 0 0 0 1 0 0 0 0 0 0 0 0 0
25	6	 1 0 0 0 0 1 1 0 1 1 1 0 0 0 0 0 0 0 0 0
25	2	 0 0 1 0 0 0 0 0 0 0 1 0 0 0 0 0 0 0 0 1
25	1	 0 0 1 0 0 0 0 0 0 0 1 1 0 0 0 0 0 0 0 0
25	1	 0 0 1 0 0 0 0 0 1 1 1 0 0 0 0 0 0 0 0 0
25	1	 1 0 1 0 0 0 1 0 1 1 1 0 0 0 0 0 1 0 0 0
25	2	 0 0 1 0 0 0 0 0 0 0 0 0 0 1 0 0 1 1 0 1
25	1	 1 0 1 0 0 1 1 0 1 1 0 0 0 0 0 0 1 0 0 0
25	2	 1 0 1 0 1 1 0 0 0 0 0 0 0 0 0 0 0 1 0 1
25	2	 1 0 1 0 0 1 1 0 0 1 1 0 0 1 0 0 0 0 0 0
25	2	 0 0 1 0 0 0 0 0 1 1 1 0 0 0 0 0 0 0 0 1
25	2	 1 0 1 0 0 1 1 0 1 1 1 0 0 0 0 0 0 1 0 1
25	5	 0 1 1 0 1 1 0 0 0 0 0 0 0 1 0 0 0 1 0 1
25	3	 1 0 1 0 0 0 1 0 1 1 1 0 0 0 0 1 0 0 0 0
25	4	 0 0 1 0 0 1 1 0 1 1 1 1 0 0 0 0 0 0 0 0
25	4	 1 0 1 0 0 0 1 0 1 1 1 1 0 0 0 0 0 0 0 0
25	4	 1 0 1 0 0 1 1 0 1 0 1 0 1 0 0 0 0 0 0 0
25	2	 0 0 1 0 1 1 0 0 0 0 1 0 0 0 0 0 0 0 0 0
25	1	 0 0 1 0 1 1 0 0 0 0 0 0 0 1 0 0 0 0 0 0
25	1	 0 0 0 0 0 0 0 0 0 0 0 0 0 0 0 0 0 0 0 0
25	1	 1 0 1 0 0 1 1 0 1 1 0 0 0 0 0 0 0 0 0 0
25	2	 1 0 0 0 0 1 0 0 1 1 1 0 0 0 0 0 0 0 0 0
25	2	 0 0 1 0 0 0 0 0 0 0 1 0 0 1 0 0 0 0 0 0
25	2	 0 0 1 0 0 0 0 0 0 0 1 0 0 0 0 0 0 1 0 0
25	3	 1 0 1 0 1 1 1 0 1 1 1 1 0 0 1 0 0 0 0 0
25	1	 1 0 1 0 0 1 0 0 1 0 1 0 0 0 0 0 0 0 0 0
70	286	 1 0 1 0 0 1 1 0 1 1 1 0 0 0 0 0 0 0 0 0
70	18	 1 0 1 0 0 0 1 0 1 1 1 0 0 0 0 0 0 0 0 0
70	14	 1 0 1 0 0 1 1 0 1 1 1 0 0 0 0 0 0 0 0 1
70	42	 1 0 1 0 0 1 1 0 1 1 1 1 0 0 0 0 0 0 0 0
70	19	 1 0 1 0 0 1 1 0 1 1 1 0 0 0 1 0 0 0 0 0
70	28	 1 0 1 0 0 1 0 0 1 1 1 0 0 0 0 0 0 0 0 0
70	44	 1 0 1 0 0 1 1 0 1 1 1 0 1 0 0 0 0 0 0 0
70	34	 1 0 1 1 0 1 1 0 1 1 1 0 0 0 0 0 0 0 0 0
70	84	 1 1 1 0 0 1 1 0 1 1 1 0 0 0 0 0 0 0 0 0
70	1	 1 0 1 0 0 1 1 0 0 1 1 0 0 0 0 0 0 0 0 0
70	12	 1 0 1 0 0 1 1 0 1 1 1 1 0 0 1 0 0 0 0 0
70	59	 1 0 1 0 0 1 0 0 1 1 1 0 0 0 1 0 0 0 0 0
70	16	 1 0 1 0 0 1 1 0 1 1 1 0 0 1 0 0 0 0 0 0
70	5	 1 0 1 0 0 1 1 0 0 0 1 0 0 0 0 0 0 0 0 0
70	17	 1 0 1 0 0 1 1 0 1 0 1 0 1 0 0 0 0 0 0 0
70	24	 1 0 1 0 0 1 0 0 1 1 1 0 0 0 0 0 0 0 0 1
70	12	 1 0 1 1 0 1 1 0 1 1 1 0 1 0 0 0 0 0 0 0
70	6	 1 0 1 0 0 0 0 0 1 1 1 0 0 0 1 0 0 0 0 0
70	12	 1 0 1 0 0 1 1 0 1 1 0 0 0 0 0 0 0 0 0 0
70	9	 1 1 1 0 0 0 1 0 1 1 1 0 0 0 0 0 0 0 0 0
70	2	 1 0 1 0 0 0 1 0 1 1 1 0 0 0 0 0 0 1 0 0
70	9	 1 0 1 0 0 1 1 0 0 1 1 1 0 0 1 0 0 0 0 0
70	25	 1 0 1 0 0 1 0 0 1 1 1 0 0 1 1 0 0 0 0 0
70	23	 1 0 0 0 0 0 1 0 1 1 1 0 0 0 0 0 0 0 0 0
70	11	 1 0 1 1 0 0 1 0 1 1 1 0 0 0 0 0 0 0 0 0
70	3	 1 0 1 0 0 1 0 0 0 0 1 0 0 0 0 0 0 0 0 0
70	5	 1 0 1 0 0 1 1 0 0 1 1 1 0 0 0 0 0 0 0 0
70	4	 1 0 1 0 0 1 1 0 1 1 1 0 1 0 0 0 0 0 1 0
70	1	 1 1 1 0 0 1 1 0 1 0 1 0 0 0 0 0 0 0 0 0
70	1	 1 0 1 0 0 1 1 0 1 1 1 0 0 0 0 1 0 0 0 0
70	1	 1 0 1 0 0 0 1 0 1 1 1 1 0 0 0 0 0 1 0 1
70	23	 1 0 1 0 0 1 1 0 1 1 1 0 0 0 0 0 0 1 0 0
70	2	 0 0 1 0 0 1 1 0 1 1 1 0 0 0 0 0 0 0 0 1
70	13	 1 0 1 0 0 0 1 0 1 1 0 0 0 0 0 0 0 1 0 1
70	4	 1 0 1 0 0 1 0 1 1 1 1 0 0 0 0 0 0 0 0 1
70	6	 0 0 1 0 0 1 1 0 1 1 1 0 0 0 0 0 0 0 0 0
70	8	 1 1 1 0 0 1 1 0 1 1 1 0 1 0 0 0 0 0 0 0
70	4	 1 0 1 1 0 1 1 0 1 1 1 1 0 0 0 0 0 0 0 0
70	21	 1 1 1 0 0 1 1 0 1 1 1 0 0 0 0 1 0 0 0 0
70	2	 0 0 1 1 0 1 1 0 1 1 1 0 0 0 0 0 0 0 0 1
70	3	 1 0 1 0 0 0 1 0 1 1 1 0 0 0 0 1 0 0 0 0
70	11	 0 1 1 0 0 1 1 0 1 1 1 0 0 0 0 0 0 0 0 0
70	3	 1 0 0 0 0 0 1 0 1 1 1 1 0 0 0 0 0 1 0 1
70	5	 1 0 1 0 0 1 1 0 1 1 1 0 0 0 0 0 1 0 0 0
70	4	 1 0 1 0 0 0 1 0 1 1 0 0 0 0 0 0 0 0 0 0
70	4	 1 0 1 0 1 1 1 0 1 1 1 0 0 0 1 0 0 0 0 0
70	6	 1 0 1 1 0 0 1 0 1 1 1 1 0 0 0 0 0 0 0 0
70	2	 1 0 1 0 0 0 1 0 1 0 1 0 1 0 0 0 0 0 0 0
70	6	 1 0 1 0 0 1 1 1 1 1 1 0 0 0 0 0 0 0 0 0
70	5	 1 0 1 0 0 1 1 0 1 1 1 0 1 0 0 0 0 0 0 1
70	1	 1 0 1 0 1 1 0 0 1 1 1 0 0 1 1 0 0 0 0 0
70	2	 1 0 1 0 0 0 0 0 1 1 1 0 0 0 0 0 0 0 0 0
70	4	 1 1 1 0 0 1 1 0 1 0 1 0 1 0 0 0 0 0 0 0
70	3	 1 0 1 0 0 1 1 0 0 1 1 0 1 0 0 0 0 0 0 0
70	4	 1 0 1 0 0 0 1 0 1 1 1 0 1 0 0 0 0 0 0 0
70	7	 1 0 1 1 0 1 0 0 1 1 1 0 0 1 1 0 0 0 0 0
70	2	 1 0 1 0 0 1 1 0 0 1 1 1 1 0 0 0 0 0 0 0
70	1	 1 0 1 0 0 1 0 1 1 1 1 0 0 0 0 0 0 0 1 1
70	1	 1 1 1 0 0 1 1 0 1 1 1 0 0 0 1 0 0 0 0 0
70	2	 1 1 1 0 0 1 1 0 1 1 1 1 0 0 0 0 0 0 0 0
70	1	 1 0 1 0 0 1 0 0 1 1 1 0 0 0 1 0 0 0 0 1
70	1	 0 0 1 0 0 1 1 0 1 1 1 0 0 0 1 0 0 0 0 0
70	1	 1 1 1 0 0 1 1 1 1 1 1 0 0 0 0 0 0 0 0 0
70	2	 1 0 1 1 0 1 1 0 1 1 1 0 1 0 0 0 1 0 0 0
70	2	 1 1 1 0 0 1 0 0 1 1 1 0 0 0 0 0 0 0 0 0
70	1	 1 0 1 0 0 1 0 0 1 1 1 0 1 0 1 0 0 0 0 0
70	4	 1 0 1 1 0 1 1 0 1 1 1 0 0 0 0 1 0 0 0 0
70	2	 1 0 1 0 0 1 1 0 1 1 1 0 0 0 0 0 1 1 0 0
135	79	 1 0 1 0 0 1 1 0 1 1 1 0 0 0 0 0 0 0 0 0
135	5	 1 0 1 0 0 0 1 0 1 1 1 0 0 0 0 0 0 0 0 0
135	9	 1 0 1 0 0 1 1 0 1 1 1 1 0 0 0 0 0 0 0 0
135	15	 1 0 1 0 0 1 1 0 1 1 1 0 0 0 1 0 0 0 0 0
135	36	 1 0 1 1 0 1 1 0 1 1 1 0 0 0 0 0 0 0 0 0
135	47	 1 1 1 0 0 1 1 0 1 1 1 0 0 0 0 0 0 0 0 0
135	34	 1 0 1 1 0 0 1 0 1 1 1 0 0 0 0 0 0 0 0 0
135	8	 1 0 1 0 0 1 1 0 1 1 1 0 0 0 0 0 0 1 0 0
135	11	 1 1 1 0 0 1 1 0 1 1 1 0 1 0 0 0 0 0 0 0
135	53	 1 0 1 1 0 1 1 0 1 1 1 1 0 0 0 0 0 0 0 0
135	15	 1 1 1 0 0 1 1 0 1 1 1 0 0 0 0 1 0 0 0 0
135	30	 1 0 1 0 0 0 1 0 1 1 0 0 0 0 0 0 0 0 0 0
135	10	 1 0 1 1 0 0 1 0 1 1 1 1 0 0 0 0 0 0 0 0
135	5	 1 0 1 0 0 1 1 1 1 1 1 0 0 0 0 0 0 0 0 0
135	12	 1 0 1 1 0 1 0 0 1 1 1 0 0 0 0 0 0 0 0 0
135	47	 1 0 1 1 0 0 1 0 1 1 1 0 0 1 0 0 0 0 0 0
135	24	 1 1 1 0 1 1 1 0 1 1 1 0 0 0 0 0 0 0 0 0
135	9	 1 1 1 0 0 1 1 0 1 1 1 1 0 0 0 0 0 0 0 0
135	37	 1 0 1 0 0 0 0 0 1 1 1 0 0 0 0 0 0 0 0 0
135	5	 1 0 1 0 0 1 1 1 0 1 1 0 0 0 0 0 0 0 0 0
135	9	 1 0 1 0 0 1 1 0 1 0 1 0 0 0 0 0 0 0 0 0
135	10	 1 0 1 0 1 1 1 0 1 1 1 0 0 0 0 0 0 0 0 0
135	1	 1 1 1 0 0 1 1 0 1 1 0 0 0 0 0 0 0 0 0 0
135	9	 1 1 1 0 1 1 1 1 1 1 1 0 0 0 0 0 0 0 0 0
135	13	 1 0 1 1 0 1 1 0 1 1 1 1 0 0 0 0 1 0 0 0
135	7	 1 0 1 1 0 1 0 0 0 1 1 0 0 1 0 0 0 0 0 0
135	11	 1 1 1 0 1 1 0 0 1 1 1 0 0 0 1 0 0 0 0 0
135	1	 1 0 1 0 0 1 0 0 1 0 1 0 0 0 0 0 0 0 0 0
135	15	 1 1 1 1 0 1 1 0 1 1 1 1 0 0 0 0 0 0 0 0
135	9	 1 0 1 0 0 1 1 0 1 1 1 0 0 0 0 0 0 0 1 0
135	2	 1 1 1 1 0 1 1 0 1 1 1 0 0 0 0 0 0 0 0 0
135	19	 1 1 1 0 0 1 1 0 1 1 1 0 0 0 1 0 0 0 0 0
135	3	 0 1 1 0 0 1 1 0 0 1 1 0 0 0 0 0 0 0 0 0
135	28	 1 0 1 0 0 1 0 0 0 1 1 0 0 1 0 0 0 0 0 0
135	3	 1 1 1 1 0 1 1 0 1 1 1 1 0 0 0 0 0 0 1 0
135	26	 1 0 1 1 0 1 1 1 1 1 1 0 0 0 0 0 0 0 0 0
135	9	 1 1 1 1 0 1 1 0 1 1 1 0 1 0 0 0 0 0 0 0
135	10	 1 0 1 1 0 1 1 0 1 1 1 0 1 1 0 0 0 0 0 0
135	5	 1 1 1 0 0 1 1 0 1 1 1 0 0 1 0 0 0 0 0 0
135	4	 1 0 1 0 0 0 1 0 1 1 1 0 0 1 0 0 0 0 0 0
135	9	 1 0 0 0 0 1 1 0 1 0 1 0 0 0 0 0 0 0 0 0
135	7	 1 0 1 1 1 1 0 0 1 1 1 0 1 1 0 0 0 0 0 0
135	12	 1 0 1 1 0 0 0 0 1 1 1 0 0 0 0 0 0 0 0 0
135	51	 1 1 0 0 0 1 1 0 1 1 1 0 0 0 0 0 0 0 0 0
135	14	 1 0 1 1 0 0 1 0 0 1 1 0 0 0 0 0 0 0 0 0
135	1	 1 0 1 1 0 0 1 0 1 1 1 1 0 1 0 0 0 0 0 0
135	3	 1 1 1 0 0 1 1 0 1 0 1 0 0 0 0 0 0 0 0 0
135	1	 0 1 1 0 0 1 1 0 1 1 1 0 0 0 1 0 0 0 0 0
135	6	 1 0 1 1 0 1 0 1 1 1 1 0 0 0 0 0 0 0 0 0
135	7	 1 1 1 0 0 0 0 0 1 1 1 0 0 0 0 0 0 0 0 0
135	3	 1 1 1 0 0 1 0 0 1 1 1 1 0 0 0 0 0 0 0 0
135	1	 1 1 1 1 0 1 1 0 1 1 1 0 0 0 0 0 0 0 1 0
135	2	 1 1 1 0 1 1 1 1 1 1 1 0 0 0 0 1 0 0 0 0
135	19	 1 0 1 1 0 1 0 0 0 1 1 0 1 1 0 0 0 0 0 0
135	1	 1 0 1 1 0 1 1 1 1 1 1 1 0 0 0 0 0 0 0 0
135	8	 1 0 1 0 0 1 1 0 1 1 1 0 0 0 0 0 1 0 0 0
135	3	 1 0 1 1 0 0 1 0 1 1 0 0 0 0 0 0 0 0 0 0
135	6	 1 1 1 0 0 1 1 0 1 1 1 0 1 0 0 0 0 0 1 0
135	2	 1 1 1 0 1 1 0 0 1 1 1 0 0 1 0 0 0 0 0 0
135	4	 1 1 1 0 0 1 0 0 1 1 1 0 0 0 0 0 0 0 1 0
135	3	 1 1 1 0 1 1 1 0 1 1 1 0 0 0 1 0 0 0 0 0
135	13	 1 1 1 0 0 1 1 0 1 1 1 1 1 0 0 1 0 0 0 0
135	1	 1 0 1 1 0 1 1 0 0 1 1 0 0 1 0 0 0 0 0 0
135	3	 1 0 1 0 0 1 1 0 1 1 1 0 0 0 0 1 0 0 0 0
135	1	 1 0 1 0 0 1 1 0 1 1 1 1 0 1 0 0 0 0 0 0
135	3	 0 1 1 0 0 1 1 0 1 0 1 0 0 0 1 0 0 0 0 0
135	2	 1 1 1 0 0 1 1 1 1 1 1 0 0 0 0 0 0 0 0 0
135	10	 1 0 1 1 0 1 1 0 1 1 1 1 0 0 1 0 0 0 0 0
135	5	 1 0 1 1 0 1 1 0 0 1 1 1 0 0 0 0 0 0 0 0
135	9	 1 0 1 0 0 1 0 0 0 1 1 0 0 1 1 0 0 0 0 0
135	7	 1 1 1 1 1 1 1 0 1 1 1 0 1 0 0 0 0 0 0 0
135	6	 1 1 1 0 1 1 1 0 1 1 1 0 0 0 1 0 0 0 1 0
135	3	 1 1 0 0 0 0 1 0 1 1 1 0 0 0 0 0 0 0 0 0
135	3	 1 1 1 0 0 1 0 0 1 1 1 0 0 0 0 0 0 0 0 0
135	3	 1 0 1 0 0 1 1 0 0 1 1 0 0 1 0 0 0 0 0 0
135	2	 1 0 1 1 1 1 0 0 1 1 1 0 0 0 0 0 0 0 0 0
135	5	 1 1 1 0 1 1 1 1 1 1 1 0 0 0 0 0 1 0 0 0
135	5	 1 1 1 0 1 1 1 1 1 1 0 0 0 0 0 0 0 0 0 0
135	2	 0 0 1 0 0 1 0 0 0 1 1 0 0 1 0 0 0 0 0 0
135	1	 1 1 1 1 0 1 1 0 1 1 1 1 0 0 0 0 0 1 1 0
135	1	 1 1 0 0 0 1 1 0 1 1 1 0 0 0 0 0 0 0 1 0
135	2	 1 0 1 1 0 1 1 0 1 1 1 0 1 0 0 0 0 0 0 0
135	10	 1 1 1 0 0 1 1 0 1 1 1 1 0 1 0 0 0 0 0 0
135	1	 1 0 1 0 0 1 1 0 1 1 0 0 0 0 1 0 0 0 0 0
135	1	 1 1 1 0 1 1 1 0 1 1 1 0 1 0 0 0 0 0 0 0
135	5	 1 1 1 0 1 1 0 0 1 1 1 0 0 0 1 0 0 0 0 1
135	7	 0 0 1 1 0 1 0 1 1 1 1 0 0 0 0 0 0 0 0 0
135	4	 1 0 1 1 0 1 0 1 1 1 1 1 0 1 0 0 0 0 0 0
135	3	 1 0 1 1 0 1 0 0 1 1 1 0 0 0 0 0 0 0 1 0
135	2	 1 0 0 0 0 1 1 0 0 1 1 0 1 1 0 0 0 0 0 0
135	1	 1 1 1 0 0 1 0 0 1 1 1 0 0 0 0 0 1 0 0 0
135	2	 1 0 1 1 0 1 1 0 1 1 1 0 0 0 0 0 0 0 0 1
135	5	 1 1 1 0 0 1 1 0 0 1 0 0 0 0 0 0 0 0 0 0
135	3	 1 1 1 1 0 1 1 0 1 1 1 0 1 0 0 0 0 0 0 1
135	1	 0 1 1 0 1 1 1 1 1 1 0 0 0 0 0 0 0 0 0 0
135	1	 1 0 1 0 0 0 1 0 1 1 1 1 0 0 0 0 0 0 0 0
135	2	 1 1 1 1 1 1 1 0 1 1 1 0 0 0 0 0 0 0 0 0
135	2	 1 0 1 0 0 1 0 0 1 1 1 0 0 0 0 0 0 0 0 0
135	1	 0 0 1 0 0 0 1 0 1 1 1 0 0 0 0 0 0 0 0 0
135	1	 1 0 1 0 0 1 1 0 1 0 1 0 0 0 0 0 0 0 1 0
135	4	 1 0 1 0 0 1 1 0 0 1 1 0 0 0 0 0 0 0 1 0
135	2	 1 0 1 1 0 1 1 0 1 1 1 0 0 0 0 0 0 0 1 0
135	2	 1 1 1 1 0 0 1 0 1 1 1 1 0 1 0 0 0 0 0 0
135	2	 1 1 1 1 0 1 0 1 1 1 1 0 0 0 0 0 0 0 0 0
135	1	 0 0 1 1 0 1 0 0 0 1 1 0 1 1 0 0 0 0 0 0
135	1	 1 1 1 0 0 1 0 1 1 1 1 0 0 0 0 0 0 0 1 0
135	1	 0 0 1 0 0 1 1 0 0 1 1 0 0 1 0 0 0 0 0 0
250	16	 1 0 1 1 0 1 1 0 1 1 1 0 0 0 0 0 0 0 0 0
250	141	 1 1 1 1 0 1 1 0 1 1 1 1 0 0 0 0 0 0 0 0
250	3	 1 0 1 1 0 1 1 0 1 1 1 0 1 0 0 0 0 0 0 0
250	36	 1 1 1 1 0 1 1 0 1 1 1 0 0 0 0 0 0 0 0 0
250	51	 1 1 1 1 0 1 1 0 1 1 1 1 1 0 0 0 0 0 0 0
250	12	 1 1 1 1 0 0 1 0 1 1 1 1 0 0 0 0 0 0 0 0
250	21	 1 1 1 1 0 1 1 0 1 1 1 0 1 0 0 0 0 0 0 0
250	1	 1 0 1 1 1 1 1 0 1 1 1 0 1 0 0 0 0 0 0 0
250	26	 1 1 1 0 0 1 0 0 0 1 1 1 0 0 0 0 0 0 0 0
250	32	 1 1 1 1 0 0 0 1 0 1 1 0 0 0 0 0 0 0 0 0
250	4	 1 1 1 1 0 1 1 0 1 1 1 0 1 0 1 0 0 0 0 0
250	1	 1 1 1 0 0 1 1 0 1 1 1 1 0 0 0 1 0 0 0 0
250	10	 1 0 1 1 0 1 1 1 1 1 1 0 0 0 1 0 0 0 0 0
250	3	 1 1 1 1 0 1 1 1 1 1 1 0 0 0 0 0 0 0 0 0
250	2	 1 1 1 1 0 0 0 1 1 1 1 0 0 0 0 0 0 1 0 0
250	24	 1 0 1 1 0 0 1 0 1 1 1 1 1 0 0 0 0 0 0 0
250	9	 1 1 1 0 1 1 0 0 1 1 1 0 0 0 1 0 0 0 0 0
250	7	 1 1 1 0 0 1 1 0 1 1 1 1 0 0 0 0 0 0 0 0
250	25	 1 1 1 1 0 0 1 0 1 1 1 1 1 0 0 0 0 0 0 0
250	46	 1 1 1 1 1 1 1 0 1 1 1 1 0 0 0 0 0 0 0 0
250	29	 1 1 1 1 0 0 1 1 1 0 0 1 0 0 0 0 0 0 0 0
250	14	 1 0 1 1 0 0 0 1 1 1 1 0 0 0 0 0 0 0 0 0
250	7	 1 0 1 1 1 1 0 0 1 1 1 0 0 0 0 0 0 0 0 0
250	60	 1 1 0 1 0 0 1 0 1 1 1 0 0 0 0 0 0 0 0 0
250	9	 1 1 1 1 0 1 1 1 1 1 1 0 0 0 1 0 0 0 0 0
250	1	 1 1 1 1 0 1 1 1 1 1 1 1 0 0 0 0 0 0 0 0
250	9	 1 1 1 1 0 1 1 0 0 1 1 1 0 0 0 0 0 0 0 0
250	7	 1 0 0 1 0 1 0 0 1 1 1 0 0 0 0 0 0 0 0 0
250	6	 0 1 1 0 1 1 0 0 1 1 1 0 0 0 1 0 0 0 0 0
250	5	 1 1 1 1 0 1 1 0 1 1 1 1 1 0 0 0 0 0 1 0
250	6	 1 1 1 1 0 0 0 1 0 1 1 1 1 0 0 0 0 0 0 0
250	21	 1 1 1 1 0 1 1 0 1 1 1 1 1 0 0 0 1 0 0 0
250	3	 1 1 1 1 1 1 0 0 1 1 1 0 0 0 1 0 0 0 0 0
250	5	 1 1 1 1 0 1 0 1 1 1 1 0 0 0 0 0 0 1 0 0
250	11	 1 1 1 1 0 1 1 1 0 1 1 0 0 0 0 0 0 0 0 0
250	13	 1 1 1 1 0 1 1 0 1 1 1 1 0 1 0 0 0 0 0 0
250	4	 1 1 1 1 0 0 1 1 1 1 1 0 0 0 0 0 0 0 0 0
250	5	 1 1 1 1 0 0 0 1 1 1 1 0 0 1 1 0 0 0 0 0
250	16	 1 1 1 1 0 1 1 0 1 1 1 1 0 0 0 0 0 0 0 1
250	6	 1 1 1 1 0 1 1 0 1 1 0 1 0 0 0 0 0 0 0 0
250	15	 1 0 1 1 1 1 1 0 1 1 1 0 0 0 1 0 0 0 0 0
250	23	 1 1 1 0 1 1 0 0 1 1 1 0 0 1 0 0 1 1 0 0
250	3	 1 1 1 1 1 0 1 0 1 1 1 1 0 0 0 0 0 0 0 0
250	13	 1 1 1 0 1 1 1 0 1 1 1 0 0 0 1 0 0 0 0 0
250	6	 1 0 1 1 0 1 1 1 1 1 1 0 0 0 0 0 0 0 0 0
250	1	 1 1 1 1 0 0 0 1 1 1 1 0 0 0 0 0 0 1 1 0
250	15	 1 0 1 1 0 1 1 0 0 1 1 1 0 0 0 0 0 0 1 0
250	5	 1 1 1 0 1 1 0 0 1 1 1 0 0 0 0 0 0 0 0 0
250	7	 1 1 0 1 1 0 1 0 1 1 1 0 0 0 0 0 0 0 0 0
250	11	 1 1 1 1 0 1 1 0 1 1 0 1 0 0 0 0 0 0 0 1
250	2	 1 1 1 1 0 0 0 1 0 0 1 0 0 0 0 0 0 0 0 0
250	5	 1 0 1 1 1 1 0 0 1 1 1 0 0 0 0 0 0 0 1 0
250	15	 1 1 1 1 0 0 1 0 1 1 1 1 0 0 0 0 0 1 0 0
250	9	 1 1 1 1 0 0 1 1 1 0 0 1 1 0 0 0 0 0 0 0
250	2	 1 1 1 1 0 0 1 1 1 1 1 1 0 0 0 0 0 1 0 0
250	5	 1 1 1 1 1 0 1 1 1 1 1 0 0 0 1 0 0 0 0 0
250	10	 1 1 0 1 0 1 1 0 1 1 1 1 1 0 0 0 0 0 0 0
250	2	 1 1 1 1 0 1 0 1 1 1 1 0 0 0 1 0 0 0 0 0
250	6	 1 0 1 1 0 0 0 1 1 1 1 0 0 1 1 0 0 0 0 0
250	17	 1 1 1 0 0 0 1 0 1 1 1 1 0 0 0 0 0 0 0 0
250	4	 1 0 1 1 0 1 1 1 1 0 1 0 0 0 1 0 0 0 0 0
250	3	 1 1 1 0 1 1 0 0 1 1 0 0 0 1 0 0 1 1 0 0
250	8	 1 0 1 1 0 1 1 1 1 1 1 0 0 0 1 0 0 0 0 1
250	2	 1 1 1 1 0 1 1 1 1 0 0 1 0 0 0 0 0 0 0 0
250	2	 0 1 1 1 0 1 1 0 1 1 1 1 0 0 0 0 0 0 0 0
250	8	 1 1 1 1 0 1 0 0 1 1 1 1 0 0 0 0 0 0 0 0
250	8	 1 1 0 1 0 0 1 0 1 1 0 0 0 0 0 0 0 0 0 0
250	4	 1 0 1 1 0 1 1 1 1 1 0 0 0 0 0 0 0 0 0 0
250	3	 0 1 1 1 0 1 1 0 1 1 1 1 1 0 0 0 0 0 0 0
250	1	 1 1 0 1 0 0 1 0 0 1 1 0 0 0 0 0 0 0 0 0
250	1	 1 1 1 1 0 0 0 1 0 1 1 1 0 0 0 0 0 0 0 1
250	7	 1 1 1 1 1 0 1 1 1 1 1 0 0 0 0 0 0 0 0 0
250	1	 1 0 1 1 0 1 0 0 0 1 1 1 0 0 0 0 0 0 0 0
250	4	 1 1 1 1 0 0 1 0 1 1 0 1 0 0 0 0 0 0 0 1
250	3	 1 0 1 1 0 1 1 1 1 1 1 0 0 0 1 1 0 0 0 0
250	1	 1 0 1 1 0 0 1 0 1 1 1 1 1 0 0 0 1 0 0 0
250	4	 1 1 0 1 0 0 1 0 1 1 1 0 1 0 0 0 0 0 0 0
250	6	 1 1 1 1 1 1 1 0 1 1 0 1 0 0 0 0 0 0 0 0
250	1	 1 1 1 1 0 1 1 0 0 1 1 1 0 0 0 0 0 0 1 0
250	1	 1 1 1 1 0 1 1 0 1 1 1 1 0 0 1 0 0 0 0 0
250	8	 1 1 1 1 0 1 1 0 0 1 1 1 1 0 0 0 0 0 0 0
250	3	 1 1 1 1 1 1 1 0 1 1 1 0 0 0 0 0 0 0 0 0
250	3	 1 0 1 1 1 1 0 0 1 1 1 0 0 0 1 0 0 0 1 0
250	1	 1 1 1 1 0 0 0 1 0 0 1 0 1 0 0 0 0 0 0 0
250	4	 1 0 1 1 0 1 0 0 1 1 1 0 0 0 0 0 0 0 0 0
250	4	 1 0 1 1 1 1 0 0 1 1 1 0 1 0 0 0 0 0 0 0
250	2	 1 1 1 1 0 0 1 1 1 0 0 1 1 1 1 0 0 0 0 0
250	3	 1 1 1 1 0 1 1 0 1 1 1 1 0 0 0 0 0 0 1 0
250	1	 1 1 1 1 0 1 1 0 1 1 1 0 1 0 0 0 0 1 0 0
250	2	 1 1 1 1 0 1 1 0 1 1 1 0 1 0 0 1 0 0 0 0
250	2	 1 1 1 1 1 1 1 0 1 1 1 1 0 0 0 0 1 0 0 0
250	1	 0 1 1 1 0 1 1 1 1 1 1 0 0 0 1 0 0 0 0 0
250	2	 0 1 1 0 1 1 0 0 1 0 1 0 0 0 1 0 0 0 0 0
250	2	 0 0 1 1 0 1 1 1 1 1 0 0 0 0 0 0 0 0 0 0
250	1	 1 0 1 1 0 1 0 0 1 1 1 1 0 0 0 0 0 0 0 0
250	1	 1 1 0 1 0 0 1 0 1 1 1 0 1 0 0 0 0 0 1 0
250	1	 1 1 1 1 0 1 1 0 1 1 1 1 1 0 0 0 0 0 0 1
250	2	 1 1 1 1 0 1 1 0 1 1 0 1 1 0 0 0 0 0 0 0
250	1	 1 1 1 1 0 1 1 0 1 1 1 1 1 0 0 0 0 1 0 0
250	3	 1 1 0 1 0 0 0 0 1 1 1 0 0 0 0 0 0 0 0 0
250	1	 1 0 0 1 1 1 1 0 1 1 1 0 0 0 1 0 0 0 0 0
250	1	 1 1 0 1 0 1 0 0 1 1 1 1 1 0 0 0 0 0 0 0
400	252	 1 1 1 1 0 1 1 0 1 1 1 1 0 0 0 0 0 0 0 0
400	20	 1 1 1 1 0 0 0 1 1 1 1 0 0 1 1 0 0 0 0 0
400	24	 1 1 1 1 0 1 1 1 1 0 1 0 0 0 0 0 0 0 0 0
400	18	 1 0 1 1 1 0 1 0 1 1 1 1 1 0 0 0 0 0 0 0
400	23	 1 0 1 0 1 1 0 0 1 1 1 0 1 0 1 0 0 0 0 0
400	2	 1 1 1 1 0 0 0 1 1 1 1 0 0 0 1 0 0 0 0 0
400	11	 1 1 1 1 0 1 1 1 1 1 1 0 0 0 0 1 0 0 0 0
400	60	 1 1 1 1 0 1 0 0 1 1 1 1 0 0 0 0 0 0 0 0
400	7	 1 1 1 1 0 0 0 1 1 1 0 0 0 1 1 0 0 0 0 0
400	39	 1 1 1 1 0 1 0 0 1 0 1 1 0 0 0 0 0 0 0 0
400	8	 1 1 1 0 0 1 1 1 1 1 1 1 0 1 1 0 0 0 0 0
400	23	 1 1 1 1 0 1 1 0 1 1 1 1 0 0 0 0 0 0 1 0
400	1	 1 1 1 1 0 0 1 1 1 1 1 0 0 0 0 1 0 0 0 0
400	6	 1 1 1 1 0 1 1 0 1 1 1 0 0 0 1 0 0 0 0 0
400	1	 1 0 1 1 0 1 0 0 1 1 1 0 0 1 0 1 0 0 0 0
400	16	 1 1 1 1 0 0 0 1 1 1 1 0 0 1 0 0 0 0 0 0
400	5	 0 1 1 0 1 0 0 1 1 1 1 0 0 0 0 0 1 0 0 0
400	1	 1 1 1 1 0 0 0 1 1 1 1 0 1 1 0 0 0 0 0 0
400	1	 1 1 1 1 0 0 0 1 1 1 1 0 0 1 1 1 0 0 0 0
400	32	 1 1 1 1 0 1 1 0 1 1 1 0 0 1 1 0 0 0 0 0
400	16	 1 1 1 1 0 1 1 1 1 1 1 1 0 0 0 0 0 0 0 0
400	1	 1 1 1 1 0 1 0 0 1 0 1 1 0 0 0 0 0 0 1 0
400	12	 1 0 1 1 0 0 0 1 1 1 1 0 0 1 1 0 0 0 0 0
400	8	 1 1 1 1 0 1 1 0 0 1 1 1 0 1 0 0 0 0 0 0
400	1	 1 1 1 1 0 0 0 1 1 1 1 0 0 0 1 1 0 0 0 0
400	4	 0 1 1 1 0 1 0 0 1 1 1 0 0 1 0 1 0 0 0 0
400	1	 1 1 1 1 0 1 0 0 1 1 1 1 0 1 0 0 0 0 0 0
400	11	 1 1 1 1 0 1 1 0 1 1 1 1 0 0 1 0 0 0 0 0
400	17	 1 1 1 1 0 0 0 0 1 1 1 0 0 1 0 1 0 0 0 0
400	8	 1 1 1 1 0 0 0 1 1 1 1 0 0 0 0 0 0 0 0 0
400	2	 1 1 0 0 0 1 1 0 1 1 1 1 0 0 0 0 0 0 0 0
400	2	 1 1 1 1 1 1 1 0 1 1 1 0 0 1 0 1 0 0 0 0
400	7	 1 1 1 1 0 1 0 0 1 1 1 1 0 1 1 0 0 0 0 0
400	2	 1 1 1 1 0 1 1 0 1 1 1 1 1 0 0 0 0 0 0 0
400	22	 1 1 1 1 0 0 0 0 1 1 1 0 0 1 1 1 0 0 0 0
400	5	 1 1 1 1 0 1 1 0 1 1 1 1 0 1 0 0 0 0 0 0
400	1	 1 1 1 1 0 1 0 0 1 1 1 1 0 0 1 0 0 0 0 0
400	22	 1 1 1 1 0 1 1 1 0 0 1 0 0 0 0 0 0 0 0 0
400	1	 1 1 1 1 0 1 1 0 0 1 1 1 1 0 1 0 1 0 0 0
400	32	 1 1 1 1 0 1 1 0 1 1 1 1 0 0 0 0 0 0 0 1
400	22	 1 1 1 1 0 0 0 1 1 0 1 0 0 1 1 1 0 0 0 0
400	20	 1 1 1 1 0 1 0 0 1 1 1 0 1 0 0 0 0 0 0 0
400	3	 1 1 1 1 0 1 1 0 1 1 1 1 0 1 0 0 0 0 1 0
400	23	 0 1 1 1 0 1 1 0 1 1 1 1 0 0 0 0 0 0 0 0
400	14	 1 1 1 1 0 0 0 1 1 1 1 1 0 0 0 0 0 0 1 0
400	3	 1 1 1 1 0 1 0 0 1 1 1 0 0 1 1 1 0 0 0 0
400	4	 1 1 1 1 0 0 1 1 1 1 0 0 1 0 0 0 0 0 1 0
400	6	 1 1 1 1 0 0 1 0 1 1 1 1 0 0 0 0 0 0 0 0
400	2	 1 1 1 1 0 1 0 1 1 1 1 0 0 1 1 0 0 0 0 0
400	6	 1 1 1 1 0 0 0 1 0 1 0 0 0 1 1 0 0 0 0 0
400	4	 1 1 1 1 0 0 0 1 1 0 1 0 0 1 1 0 0 0 0 0
400	6	 1 1 1 1 1 1 1 0 1 1 1 1 0 0 0 0 0 0 0 0
400	5	 0 1 1 1 0 1 0 0 1 1 1 1 0 0 1 0 0 0 0 0
400	1	 1 1 1 1 0 1 1 0 1 1 1 1 0 1 0 0 0 1 1 0
400	4	 1 1 1 1 0 0 1 1 1 1 1 0 1 0 0 0 0 0 1 0
400	5	 1 1 1 1 0 0 0 0 1 1 1 1 0 0 0 0 0 0 0 0
400	5	 0 1 1 1 0 1 0 0 1 1 1 0 0 1 0 1 0 0 0 1
400	1	 1 1 0 1 0 1 0 0 1 1 1 0 1 0 0 0 0 0 0 0
400	13	 1 1 1 1 0 1 0 0 1 1 1 1 0 0 0 0 0 0 0 1
400	3	 1 1 1 1 0 1 1 0 1 1 1 0 0 1 0 1 0 0 0 0
400	3	 1 1 1 1 0 1 0 0 1 0 1 1 0 1 1 0 0 0 0 0
400	1	 1 1 1 0 0 1 1 1 1 1 1 1 0 0 0 0 0 0 0 0
400	10	 1 1 1 1 0 1 0 0 1 1 1 1 1 1 1 0 0 0 0 0
400	1	 1 1 1 1 0 0 0 1 1 0 1 0 0 1 1 1 0 0 1 0
400	4	 1 1 1 1 0 0 1 1 1 1 1 1 0 0 0 0 0 0 0 0
400	5	 0 1 1 1 1 1 1 0 1 1 1 1 0 0 0 0 0 0 0 0
400	7	 1 1 1 1 0 0 1 1 1 1 1 0 0 1 1 0 0 0 0 0
400	1	 1 1 1 1 0 1 1 0 1 0 1 1 0 0 0 0 0 0 0 0
400	7	 1 1 1 1 0 0 0 0 1 1 1 0 0 0 1 0 0 0 0 0
400	6	 1 1 1 1 0 1 0 0 1 1 0 1 0 0 0 0 0 0 0 0
400	2	 1 0 1 0 1 1 0 0 1 1 1 0 1 0 0 0 0 0 1 0
400	4	 1 1 1 1 0 1 1 0 0 1 1 1 0 1 0 0 0 0 1 0
400	5	 1 1 1 1 0 1 1 0 0 1 1 1 1 0 1 0 0 0 0 0
400	2	 1 1 1 1 0 1 1 0 1 1 0 1 0 0 0 0 0 0 0 0
400	5	 1 1 1 0 0 1 1 0 1 1 1 1 0 0 0 0 0 0 0 0
400	1	 1 1 1 0 0 1 0 1 1 1 1 1 0 1 1 0 0 0 0 0
400	4	 1 1 1 1 0 0 0 1 0 0 1 0 0 1 1 1 0 0 0 0
400	1	 1 1 1 1 0 0 0 0 0 1 0 0 0 1 1 0 0 0 0 0
400	14	 1 1 1 1 0 1 1 0 0 1 1 1 0 1 1 0 0 0 0 0
400	5	 1 1 1 1 0 1 1 0 1 0 1 0 0 0 0 0 0 0 0 0
400	3	 1 1 1 1 0 1 1 0 1 1 1 0 1 0 0 0 0 0 0 0
400	1	 1 1 1 1 0 0 1 0 1 1 1 1 0 1 0 0 0 0 0 0
400	1	 1 1 1 1 0 1 0 0 1 1 1 0 1 1 0 0 0 0 0 0
400	5	 1 1 1 1 1 1 1 0 0 1 1 0 0 1 0 0 0 0 0 0
400	1	 1 1 1 1 0 1 1 0 1 1 1 0 0 1 0 1 0 0 0 1
400	1	 1 1 1 1 0 1 1 1 1 1 1 0 0 1 1 0 0 0 0 0
400	1	 1 1 1 1 0 1 1 1 1 0 1 0 0 0 0 0 0 0 1 0
400	2	 1 1 1 1 1 1 0 0 1 1 1 1 0 0 0 0 0 0 0 0
400	1	 0 1 0 1 0 1 1 0 1 1 1 1 0 0 0 0 0 0 0 0
400	1	 0 1 1 1 0 1 1 0 0 1 1 1 0 0 0 0 0 0 0 0
400	3	 1 1 1 1 0 1 1 1 1 1 1 1 0 1 1 0 0 0 0 0
400	1	 1 1 1 1 0 1 1 0 1 1 1 1 0 1 1 0 0 0 0 0
400	1	 0 1 1 1 0 1 1 0 1 1 1 0 0 1 1 0 0 0 0 0
400	3	 1 1 1 1 0 1 1 0 1 1 1 0 0 0 0 0 0 0 0 0
400	1	 1 1 1 1 0 1 1 1 1 0 1 0 0 0 0 0 0 1 0 0
400	1	 1 1 1 1 0 1 0 1 1 0 1 0 0 0 0 0 0 0 0 0
400	2	 0 1 1 1 0 1 1 0 1 1 1 1 0 0 0 0 0 0 1 0
400	1	 1 1 1 1 0 0 0 1 1 1 1 0 0 1 0 1 0 0 0 0
400	1	 1 1 1 1 0 1 1 1 1 1 1 1 0 0 0 0 0 0 1 0
400	1	 1 1 1 1 0 1 1 0 0 1 1 1 0 0 0 0 0 0 0 0
400	2	 1 1 1 0 1 1 1 0 1 1 1 0 0 1 0 1 0 0 0 0
400	1	 1 1 1 1 0 1 0 1 1 1 1 0 1 0 0 0 0 0 0 0
400	2	 1 1 0 1 0 1 0 1 1 1 1 0 0 1 1 0 0 0 0 0
590	92	 1 1 1 1 0 1 1 0 1 1 1 1 0 0 0 0 0 0 0 0
590	23	 1 1 1 1 0 1 1 0 1 1 1 1 1 0 1 0 0 0 0 0
590	31	 1 1 1 1 0 1 1 0 1 0 1 0 0 1 1 0 0 0 0 0
590	11	 1 1 1 1 0 1 1 0 0 0 1 1 0 1 1 0 0 0 0 0
590	51	 1 1 1 1 0 1 1 0 1 1 0 1 1 0 0 0 0 0 0 0
590	22	 1 1 1 1 1 1 1 0 1 1 1 1 1 0 0 0 0 0 0 0
590	1	 1 0 1 1 0 1 1 1 1 0 1 0 0 1 1 0 0 0 0 0
590	3	 1 1 1 0 0 1 1 0 0 1 1 0 0 1 1 0 0 0 0 0
590	3	 1 1 1 1 0 1 1 0 1 0 1 0 0 1 1 0 0 0 0 1
590	23	 1 1 1 0 1 0 1 0 1 0 1 1 0 1 1 0 0 0 0 0
590	8	 1 0 1 1 0 1 1 0 1 1 0 1 1 0 0 0 0 0 0 0
590	8	 1 1 1 1 0 1 1 0 1 0 0 0 0 1 1 0 0 0 0 0
590	32	 1 1 1 1 0 0 1 0 0 1 1 0 0 1 1 0 0 0 0 0
590	56	 1 1 1 1 0 1 1 0 1 1 0 1 0 0 0 0 0 0 0 0
590	33	 1 1 1 1 0 1 1 0 1 1 1 1 0 1 1 0 0 0 0 0
590	9	 1 1 1 0 0 1 1 0 1 1 1 0 0 0 0 0 0 0 0 0
590	22	 1 1 1 1 1 0 1 1 1 0 1 0 0 1 1 0 0 0 0 0
590	3	 1 0 1 0 0 1 0 1 1 1 0 0 0 1 0 0 0 0 0 0
590	12	 1 1 1 1 0 1 1 0 1 0 1 0 0 1 1 0 0 1 0 0
590	27	 1 1 1 1 1 0 1 0 1 1 1 1 0 1 1 0 0 0 0 0
590	4	 1 0 1 1 1 1 1 0 1 0 1 1 0 0 0 0 0 0 0 0
590	17	 1 1 1 1 0 1 1 0 1 1 0 0 1 0 0 0 0 0 0 0
590	9	 1 1 1 1 1 1 1 0 0 0 1 0 0 1 1 0 0 0 0 0
590	1	 1 1 1 1 0 1 1 0 1 1 0 1 0 0 1 0 0 0 0 0
590	22	 1 1 1 1 0 1 1 0 1 1 0 1 1 0 0 0 0 1 0 0
590	41	 1 1 1 1 0 0 1 0 1 1 0 1 0 1 0 0 0 0 0 0
590	1	 1 1 0 1 1 1 1 0 0 0 1 0 0 1 1 0 0 0 0 0
590	22	 1 1 0 1 1 1 1 0 1 0 1 0 0 1 1 0 0 0 1 0
590	4	 1 1 1 1 0 0 1 0 1 1 0 1 1 0 0 0 0 0 0 0
590	5	 1 1 1 1 0 1 1 1 1 0 1 0 0 1 1 1 0 0 0 0
590	13	 1 0 1 1 0 1 1 0 1 1 0 1 0 0 0 0 0 0 0 0
590	36	 1 1 1 1 0 1 1 0 1 1 0 1 1 1 1 0 0 0 0 0
590	6	 1 1 1 1 0 1 1 0 1 1 1 1 1 0 0 0 0 0 0 0
590	28	 1 1 1 1 0 1 1 0 1 0 0 0 0 0 0 1 0 0 0 0
590	2	 1 1 1 0 0 1 1 0 1 1 1 1 0 0 0 0 0 0 0 0
590	8	 1 0 1 0 1 0 1 0 1 1 1 1 0 1 1 0 0 0 0 0
590	1	 1 1 0 1 0 1 1 0 1 1 0 1 1 0 0 0 0 0 0 0
590	1	 1 1 1 1 1 0 1 1 1 0 1 0 0 1 0 0 0 0 0 0
590	4	 1 1 1 1 0 1 1 0 1 0 1 1 0 1 1 0 0 1 0 0
590	1	 1 1 0 1 0 1 1 0 1 1 1 1 0 1 1 0 0 0 0 0
590	3	 1 1 1 1 0 1 0 0 1 1 0 1 0 0 0 0 0 0 0 0
590	9	 1 1 0 1 1 1 1 0 1 1 0 1 1 0 0 0 0 0 0 0
590	12	 1 1 1 1 0 0 1 0 1 0 1 1 0 1 1 0 0 0 0 0
590	2	 1 1 1 1 1 0 1 0 1 0 1 1 0 1 1 0 0 0 0 0
590	1	 1 1 1 0 1 0 1 0 0 0 1 0 0 1 1 0 0 0 0 0
590	5	 1 1 1 0 0 1 1 0 1 1 1 1 0 1 1 0 0 0 0 0
590	2	 1 1 1 0 0 1 1 0 1 1 1 0 0 0 0 0 0 1 0 0
590	11	 1 1 1 1 1 0 1 1 1 1 1 0 1 1 1 0 0 0 0 0
590	1	 1 1 1 1 0 1 1 0 1 0 0 0 0 1 1 0 0 0 1 0
590	4	 1 1 1 1 1 0 1 0 0 1 1 0 0 1 1 0 0 0 0 0
590	6	 1 1 1 1 0 1 1 0 1 1 1 0 0 1 1 0 0 0 1 0
590	1	 0 1 1 1 0 0 1 0 1 1 1 1 0 0 0 0 0 0 0 0
590	8	 1 1 1 1 0 1 1 0 1 1 1 1 0 1 0 0 0 0 0 0
590	8	 1 0 1 1 0 1 1 0 1 1 1 1 0 0 0 0 0 0 0 0
590	3	 1 1 1 1 0 0 1 1 1 1 0 1 0 1 0 0 0 0 0 0
590	2	 1 0 1 1 0 1 1 0 1 0 0 1 0 0 0 1 0 0 0 0
590	10	 1 0 1 0 1 1 0 1 1 1 0 0 0 1 0 0 0 0 0 0
590	13	 1 0 1 1 0 1 1 0 1 1 1 1 1 0 1 0 0 0 0 0
590	4	 1 1 1 1 0 0 1 0 0 0 1 1 0 1 1 0 0 0 0 0
590	1	 1 0 1 0 1 0 1 0 1 1 1 1 1 0 0 0 0 0 0 0
590	5	 1 1 0 1 0 1 1 0 1 1 1 1 0 0 0 0 0 0 0 0
590	5	 1 0 1 1 1 1 1 0 1 0 1 1 0 0 0 0 0 0 0 1
590	1	 1 1 1 0 0 1 1 0 1 1 1 1 0 1 0 0 0 0 0 0
590	2	 1 1 1 1 0 0 1 0 0 1 1 0 0 1 1 0 0 1 0 0
590	3	 1 1 1 1 0 1 0 0 1 1 1 1 0 1 1 0 0 0 0 0
590	1	 1 0 1 1 0 1 1 0 1 0 0 0 0 0 0 1 0 1 0 0
590	7	 1 1 1 1 0 1 1 0 1 0 1 1 0 1 1 0 0 0 0 0
590	1	 1 1 1 1 0 1 1 0 1 1 0 1 1 0 0 0 0 0 1 0
590	7	 1 1 1 1 0 1 0 0 1 1 0 1 1 1 1 0 0 0 0 0
590	2	 1 1 0 1 0 1 1 0 1 0 0 0 0 0 0 1 0 0 0 0
590	4	 1 1 1 0 0 1 1 0 1 1 0 1 1 1 1 0 0 0 0 0
590	4	 1 1 1 1 0 1 1 0 0 0 1 0 0 1 1 0 0 0 0 0
590	11	 1 0 1 0 0 0 1 0 1 1 0 1 0 1 0 0 0 0 0 0
590	14	 1 1 1 1 0 1 1 0 1 1 0 1 0 0 0 0 1 0 0 0
590	2	 1 0 0 1 1 1 1 0 1 0 1 1 0 0 0 0 0 0 0 0
590	4	 1 1 0 1 0 1 1 1 1 1 0 1 1 0 0 0 0 0 0 0
590	5	 1 1 1 0 0 1 1 0 1 1 1 0 0 1 1 0 0 0 0 0
590	1	 1 0 1 1 0 1 1 0 1 1 1 1 1 0 0 0 0 0 0 0
590	5	 1 0 1 1 0 1 1 0 1 0 1 0 0 1 1 0 0 0 0 1
590	1	 1 1 1 1 0 1 1 0 1 0 1 0 0 1 1 0 1 0 0 1
590	9	 1 1 0 1 0 1 1 0 1 1 1 1 1 0 0 0 0 0 0 0
590	5	 1 1 1 1 0 1 1 0 1 1 1 1 1 0 0 0 1 0 0 0
590	7	 0 1 1 1 0 1 1 0 1 0 0 0 0 0 0 1 0 0 0 0
590	1	 1 1 0 1 0 1 1 0 1 1 0 1 0 0 0 0 0 0 0 0
590	3	 1 1 1 1 1 1 1 0 1 1 1 1 0 1 1 0 0 1 0 0
590	6	 1 1 0 1 0 1 1 0 1 1 0 1 1 0 0 0 1 0 0 0
590	3	 1 1 1 1 0 1 1 0 1 1 0 1 0 0 0 0 0 1 0 0
590	3	 1 1 1 1 0 1 0 0 1 1 0 0 1 0 0 0 0 0 0 0
590	2	 1 1 0 1 0 0 1 0 1 1 0 1 0 1 0 0 0 0 0 0
590	4	 1 1 1 1 0 0 1 0 1 1 0 1 0 1 0 1 0 0 0 0
590	1	 1 1 1 0 0 1 1 0 0 0 1 1 0 1 1 0 0 0 0 0
590	5	 1 1 1 1 0 1 1 1 1 1 0 1 0 1 0 0 0 0 0 0
590	8	 1 1 1 1 0 1 1 0 1 1 1 1 0 0 0 0 0 0 0 1
590	2	 1 1 1 0 1 1 1 0 1 1 1 1 0 0 0 0 0 0 0 0
590	9	 1 1 1 1 0 0 1 0 1 1 0 1 1 1 1 0 0 0 0 0
590	6	 1 1 1 1 0 1 1 1 1 1 0 1 1 0 0 0 0 0 0 0
590	2	 1 1 0 1 1 0 1 0 1 0 1 0 0 1 1 0 0 0 1 0
590	4	 1 1 1 1 0 1 1 0 1 1 1 1 1 1 0 0 0 0 0 0
590	1	 1 0 1 1 0 0 1 1 1 1 0 1 0 1 0 0 0 0 0 0
590	1	 1 1 0 1 1 1 1 0 1 1 1 1 0 0 0 0 0 0 0 0
590	1	 0 1 1 1 0 1 0 0 1 1 0 1 1 1 1 0 0 0 0 0
590	1	 1 1 1 1 1 1 1 0 1 1 1 0 0 1 1 0 0 0 1 0
590	1	 1 1 0 1 0 1 1 0 1 1 1 0 0 1 1 0 0 0 1 0
590	1	 1 0 1 1 0 1 1 0 1 1 0 1 0 1 0 1 0 0 0 0
590	1	 1 1 0 1 0 1 1 1 1 1 0 1 1 0 1 0 0 0 0 0
590	2	 0 1 1 1 0 1 1 0 1 1 1 1 1 0 1 0 0 0 0 0
590	4	 1 1 1 1 1 0 1 0 1 0 1 1 0 1 1 1 0 0 0 0
590	2	 1 0 1 1 0 1 1 0 1 0 1 1 0 0 0 0 0 0 0 0
590	1	 1 1 1 1 0 1 0 0 1 1 1 1 1 0 0 0 1 0 0 0
590	2	 0 1 1 0 1 1 1 0 1 1 0 1 1 1 1 0 0 0 0 0
590	1	 1 1 1 1 0 1 1 0 1 1 1 1 0 0 0 1 0 0 0 0
590	1	 1 1 1 1 0 1 1 0 0 0 1 1 1 1 1 0 0 0 0 0
590	1	 1 1 1 1 0 1 1 0 1 1 1 0 0 1 0 0 0 0 0 0
590	1	 0 1 1 1 1 1 1 0 1 1 1 1 1 0 0 0 0 0 0 0
590	1	 1 1 1 1 1 1 1 0 1 1 1 1 1 0 0 1 0 0 0 0
590	1	 1 1 1 1 0 1 1 0 0 1 0 1 0 0 0 0 0 0 0 0
590	1	 1 1 1 1 0 1 1 0 1 0 0 0 0 1 1 0 0 1 0 0
590	1	 1 1 1 1 0 1 1 0 1 1 0 0 1 0 0 0 0 1 0 0
590	2	 1 1 1 1 0 1 1 0 1 1 0 1 1 1 0 0 0 0 0 0
590	2	 1 1 1 1 0 1 1 1 1 0 0 0 0 0 0 1 0 0 0 0
590	2	 1 1 1 1 0 1 0 0 1 1 1 1 1 1 1 0 0 0 0 0
590	1	 1 1 0 1 0 0 1 0 1 0 1 0 0 1 1 0 0 0 1 0
720	39	 1 1 1 1 0 1 1 0 1 1 1 1 0 0 0 0 0 0 0 0
720	3	 1 1 1 1 0 1 1 0 1 1 1 1 0 1 1 0 0 0 0 0
720	14	 1 1 1 1 1 0 1 0 1 1 1 1 0 1 1 0 0 0 0 0
720	4	 1 1 1 1 0 1 1 0 1 1 1 1 0 1 0 0 0 0 0 0
720	49	 1 1 1 1 0 1 0 0 1 1 0 1 1 1 1 0 0 0 0 0
720	16	 1 1 1 1 0 1 1 0 1 1 0 0 1 0 0 0 0 1 0 0
720	7	 1 1 1 1 0 1 1 0 1 1 1 0 0 0 0 0 0 1 0 0
720	40	 1 1 1 1 0 1 1 0 1 0 0 1 1 0 1 0 0 0 0 0
720	46	 1 1 1 1 0 0 1 0 1 1 1 1 0 1 1 0 0 0 0 0
720	17	 1 1 1 1 1 1 1 0 1 1 0 0 1 0 0 0 0 0 0 0
720	16	 1 1 1 1 1 0 1 1 1 1 0 0 1 1 0 0 0 0 0 0
720	65	 1 1 1 1 0 1 1 0 1 0 0 1 1 1 1 0 0 0 0 0
720	41	 1 1 1 1 0 1 1 0 1 1 0 0 0 0 1 0 0 0 0 0
720	10	 1 1 1 1 0 0 1 0 1 1 0 1 1 1 1 0 0 0 0 0
720	23	 1 1 1 1 1 0 1 0 1 1 0 0 1 1 0 0 0 0 0 0
720	6	 1 1 1 1 1 1 1 0 1 1 0 0 1 0 0 0 0 1 0 0
720	30	 1 1 1 1 1 0 1 1 1 1 0 0 1 1 1 0 0 0 0 0
720	4	 1 1 1 1 1 0 1 0 1 1 0 0 0 0 1 0 0 0 0 0
720	1	 1 1 1 1 0 0 1 0 1 0 0 1 1 1 1 0 0 0 0 0
720	36	 1 1 1 1 0 0 0 0 1 1 0 1 1 1 1 0 0 0 0 0
720	3	 1 1 1 1 0 1 1 0 1 1 1 0 0 1 1 0 0 0 0 0
720	35	 1 1 1 1 0 1 1 0 1 1 0 1 0 0 1 0 0 0 0 0
720	26	 1 1 1 1 0 0 1 1 1 1 0 1 1 0 1 0 0 0 0 0
720	5	 1 0 1 1 1 1 1 0 1 1 0 0 1 0 0 0 0 0 0 0
720	3	 1 0 1 1 1 1 1 0 1 1 0 0 1 1 1 0 0 0 0 0
720	9	 1 1 1 1 0 1 0 0 1 1 0 0 1 0 0 0 0 0 0 0
720	8	 1 1 1 1 1 1 1 0 1 1 0 1 1 1 1 0 0 0 0 0
720	1	 1 1 1 1 0 0 0 0 1 1 0 1 1 1 1 0 0 1 0 0
720	30	 1 1 1 1 0 0 1 0 1 0 0 1 1 1 0 0 0 0 0 0
720	5	 1 1 1 0 0 1 1 0 0 1 0 1 1 1 1 0 0 0 0 0
720	11	 1 1 1 1 1 1 1 0 1 1 0 0 1 1 1 0 0 0 0 0
720	18	 1 1 1 0 0 1 1 0 1 1 0 1 1 1 1 0 0 1 0 0
720	10	 1 1 1 1 0 0 1 0 1 0 1 1 0 1 1 0 0 0 0 0
720	1	 1 1 1 1 0 0 0 0 1 1 0 1 1 1 0 0 0 0 0 0
720	1	 1 1 1 1 0 1 1 0 1 0 0 1 1 1 0 0 0 0 0 0
720	5	 1 1 1 1 1 1 1 0 1 1 0 0 1 1 0 0 0 0 0 0
720	5	 1 1 1 1 1 1 1 0 1 1 0 0 0 0 1 0 0 0 0 0
720	15	 1 1 1 1 0 0 1 0 1 1 1 1 1 1 1 0 0 0 0 0
720	12	 1 1 1 1 0 0 1 0 1 1 0 0 1 1 1 0 0 0 0 0
720	8	 1 1 1 1 1 1 1 0 1 0 0 0 0 0 1 0 0 0 0 0
720	5	 1 1 1 1 1 1 1 0 1 0 0 1 1 1 1 0 0 0 0 0
720	2	 1 1 1 1 1 1 1 0 1 1 0 0 1 0 0 0 1 0 0 0
720	5	 1 0 1 1 0 0 0 0 1 1 0 1 1 1 1 0 0 0 0 0
720	3	 1 1 1 1 1 1 1 0 1 1 0 0 1 1 0 1 0 0 0 0
720	3	 1 1 1 1 1 0 1 0 1 1 1 1 0 0 1 0 0 0 0 0
720	1	 1 1 1 1 1 0 1 1 1 1 0 0 0 1 1 0 0 0 0 0
720	5	 1 1 1 1 1 0 1 1 1 1 0 0 1 1 1 1 0 0 0 0
720	6	 1 1 1 1 0 0 0 0 1 0 0 1 1 1 1 0 0 0 0 0
720	4	 1 1 1 1 0 0 1 0 1 0 0 1 1 0 0 0 0 0 0 0
720	2	 1 1 1 1 0 0 0 0 1 1 0 0 1 1 0 0 0 0 0 0
720	8	 1 1 1 1 0 0 0 0 0 1 0 1 1 1 0 0 0 0 0 0
720	5	 1 0 1 1 1 1 1 0 1 0 0 1 1 1 1 0 0 0 0 0
720	4	 1 1 1 1 0 1 1 0 1 1 0 1 1 1 1 0 0 1 0 0
720	5	 1 1 1 1 1 1 1 0 1 1 1 1 0 1 1 0 0 0 0 0
720	30	 1 1 1 1 0 0 1 0 0 1 1 1 0 1 1 0 0 0 0 0
720	5	 1 1 1 1 0 0 1 0 1 0 0 1 1 0 0 0 0 1 0 0
720	1	 1 1 1 1 1 0 1 1 1 1 0 0 1 0 0 0 0 0 0 0
720	7	 1 1 1 1 0 1 1 0 1 1 1 0 0 1 0 0 0 0 0 0
720	6	 1 1 1 1 0 1 0 0 1 1 0 1 0 0 0 0 0 0 0 0
720	4	 1 1 1 1 0 0 1 0 1 0 0 1 1 1 1 0 0 1 0 0
720	3	 1 1 1 0 0 0 0 0 1 1 0 1 1 1 1 0 0 0 0 0
720	7	 1 1 0 1 0 1 1 0 1 1 0 0 0 0 1 0 0 0 1 0
720	4	 1 1 1 1 1 0 1 1 1 1 0 1 1 1 0 0 0 0 0 0
720	14	 1 1 1 1 0 1 1 0 1 1 0 0 0 0 1 0 0 1 0 0
720	10	 1 1 1 1 0 0 1 0 1 0 0 1 1 1 0 1 0 0 0 0
720	2	 1 0 1 1 1 1 1 0 1 1 1 0 0 1 1 0 0 0 0 0
720	4	 1 1 0 1 0 1 1 0 1 1 0 0 0 0 0 0 0 0 0 0
720	7	 1 0 1 1 0 1 1 0 1 1 0 0 1 0 0 0 0 0 0 0
720	2	 1 1 1 0 0 1 1 0 0 1 0 1 1 1 1 0 0 0 0 1
720	8	 1 1 1 1 0 1 1 0 1 0 1 1 1 1 0 0 0 0 0 0
720	8	 1 1 1 1 1 0 1 1 1 1 0 0 1 0 1 0 0 0 0 0
720	3	 1 1 1 1 0 1 1 0 1 1 0 1 1 0 1 0 0 0 0 0
720	5	 1 1 1 1 0 0 1 0 1 0 0 1 0 1 1 0 0 0 0 0
720	14	 1 1 1 1 0 0 0 0 1 1 0 0 1 1 1 0 0 0 0 0
720	5	 1 1 1 1 1 1 1 0 1 1 0 1 1 0 0 0 0 1 0 0
720	9	 1 1 1 1 0 0 1 0 1 1 1 0 0 0 1 0 0 0 0 0
720	6	 1 1 1 1 1 1 1 0 1 1 0 0 1 1 0 0 0 1 0 0
720	1	 1 1 1 1 0 0 0 0 1 1 0 1 1 1 1 1 0 0 0 0
720	1	 1 1 1 1 0 1 1 0 1 1 1 1 0 1 0 1 0 0 0 0
720	3	 1 1 1 1 1 1 1 0 1 1 0 1 0 0 1 0 0 0 0 0
720	4	 1 1 1 1 0 0 1 0 1 0 0 1 0 1 0 0 0 0 0 0
720	5	 1 1 1 1 0 1 1 1 1 1 0 0 0 0 1 0 0 1 0 0
720	2	 1 0 1 1 0 1 0 0 1 1 1 1 1 1 1 0 0 0 0 0
720	1	 1 1 1 1 1 0 1 0 1 1 0 1 1 1 1 0 0 0 0 0
720	1	 1 1 1 1 1 0 1 0 1 0 0 1 1 1 1 0 0 0 0 0
720	4	 1 1 1 1 0 1 1 0 1 1 1 1 0 0 0 1 0 0 0 0
720	2	 1 0 1 1 1 1 1 0 1 1 0 0 1 1 0 0 0 0 0 0
720	2	 1 1 1 1 1 1 1 0 1 1 1 1 0 1 1 0 1 0 0 0
720	5	 1 1 1 1 0 0 0 0 1 1 0 1 1 1 1 0 0 0 0 1
720	9	 1 1 1 0 0 1 1 0 1 1 0 1 1 1 1 0 0 1 0 1
720	1	 1 1 1 1 0 0 1 0 1 1 1 1 1 1 1 0 1 0 0 0
720	3	 1 1 1 1 0 0 1 0 1 1 1 0 1 1 1 0 0 0 0 0
720	2	 1 1 1 1 0 1 1 0 1 1 1 0 0 1 0 0 0 0 1 0
720	2	 1 1 1 1 0 1 0 0 1 1 0 1 1 1 0 0 0 0 0 0
720	1	 1 1 0 1 0 1 1 0 1 0 0 1 1 0 1 0 0 0 0 0
720	2	 1 1 1 1 1 0 1 0 0 1 0 0 1 1 0 0 0 0 0 0
720	1	 1 1 1 1 1 0 1 0 1 1 0 0 0 1 1 0 0 0 0 0
720	1	 1 0 1 1 0 1 1 0 1 1 0 1 0 0 1 0 0 0 0 0
720	1	 1 1 1 1 0 1 0 0 1 1 0 1 0 0 1 0 0 0 0 0
720	3	 1 1 1 1 0 1 1 0 1 0 0 1 0 0 1 0 0 0 0 0
720	1	 1 0 1 1 0 0 0 0 0 1 0 1 1 1 1 0 0 0 0 0
720	3	 1 1 1 1 0 0 1 0 0 1 1 1 0 0 1 0 0 0 0 0
720	6	 1 0 1 1 0 1 1 0 1 1 0 0 1 0 0 0 0 1 0 0
720	1	 1 1 1 1 0 1 0 0 1 1 1 1 1 1 1 0 0 0 0 0
720	2	 1 1 1 0 0 1 1 0 1 0 0 1 1 0 1 0 0 0 0 0
720	2	 1 1 1 1 0 1 1 0 1 0 0 1 0 1 1 0 0 0 0 0
720	1	 1 1 1 1 0 1 1 0 0 1 0 0 0 0 1 0 0 0 0 0
720	1	 1 1 1 1 0 0 1 0 1 1 0 0 0 0 1 0 0 0 0 0
720	1	 1 1 1 1 1 0 1 1 1 1 0 0 1 1 1 0 0 1 0 0
720	3	 1 1 1 1 0 0 1 0 1 1 0 1 0 0 1 0 0 0 0 0
720	3	 1 1 1 1 0 0 1 0 1 0 0 1 1 1 0 0 1 0 0 0
720	1	 1 1 1 0 0 0 1 0 1 0 1 1 0 1 1 0 0 0 0 0
720	4	 1 1 1 1 0 1 1 0 1 0 0 1 1 1 0 0 0 0 1 0
720	3	 1 1 1 1 0 0 1 1 1 0 0 1 1 1 0 1 0 0 0 0
720	1	 1 1 0 1 0 1 1 0 1 0 0 0 0 0 0 0 0 0 0 0
720	2	 1 1 1 1 0 0 0 0 1 0 0 1 1 1 0 0 0 0 0 0
720	1	 1 1 1 1 0 0 1 0 1 0 0 1 0 0 0 0 0 0 0 0
720	2	 1 1 1 1 1 0 1 0 1 1 1 1 1 1 0 0 0 0 0 0
720	1	 1 1 1 1 0 0 1 0 0 1 0 1 1 1 1 0 0 1 0 0
720	3	 0 1 1 1 0 1 1 0 1 1 1 1 0 0 0 0 0 0 0 0
720	1	 1 0 1 1 0 0 0 1 1 1 0 1 1 1 1 0 0 0 0 0
880	1	 1 1 1 1 0 1 1 0 1 0 0 1 1 0 1 0 0 0 0 0
880	20	 1 1 1 1 0 1 1 0 1 0 0 1 1 1 1 0 0 0 0 0
880	80	 1 1 1 1 0 0 1 0 1 0 0 1 1 1 0 0 0 0 0 0
880	56	 1 1 1 1 1 1 1 0 1 0 0 1 1 1 1 0 0 0 0 0
880	38	 1 1 1 1 0 0 1 0 0 0 0 1 1 1 1 0 0 0 0 0
880	47	 1 1 1 1 0 0 1 0 1 0 0 1 1 1 1 0 0 0 0 0
880	47	 1 1 1 1 0 1 1 0 0 0 0 1 1 1 1 0 0 0 0 0
880	12	 1 1 1 1 1 1 1 0 1 0 0 0 0 0 0 0 0 0 0 0
880	13	 1 1 1 1 0 0 1 0 0 0 0 1 1 1 0 0 0 0 0 0
880	2	 1 1 1 1 0 1 0 0 1 0 0 1 1 0 1 0 0 0 0 0
880	6	 1 1 1 1 0 0 1 1 1 0 0 1 1 0 1 0 0 1 0 0
880	5	 0 1 1 1 0 0 0 0 1 0 0 1 1 1 0 0 0 0 0 0
880	8	 0 1 1 1 1 0 1 1 1 0 0 1 1 0 1 0 0 0 0 0
880	37	 1 1 1 1 0 0 1 1 1 0 0 0 1 0 1 0 0 0 0 0
880	15	 1 1 1 1 0 1 1 0 1 0 0 1 1 1 0 0 0 0 0 0
880	21	 0 1 1 1 0 1 1 0 0 0 0 1 1 1 1 0 0 0 0 0
880	8	 1 1 1 0 0 1 1 0 0 0 0 1 1 1 0 0 0 0 0 0
880	2	 1 1 1 1 1 1 1 0 1 0 0 1 1 1 0 0 0 0 0 0
880	6	 1 1 1 1 0 0 1 1 1 0 0 1 1 0 1 0 0 0 0 0
880	16	 1 1 1 1 1 1 0 0 1 0 0 1 1 1 1 0 0 0 0 0
880	3	 1 1 1 1 1 0 1 0 1 0 0 1 1 1 0 0 0 0 0 0
880	4	 0 1 1 1 0 0 1 0 1 0 0 1 1 1 0 0 0 0 0 0
880	27	 1 1 1 1 1 1 0 0 1 0 0 1 1 1 0 0 0 0 0 0
880	5	 1 1 1 1 0 1 1 0 0 0 0 1 1 1 0 0 0 0 0 0
880	2	 1 1 1 1 0 0 1 0 1 0 0 1 1 1 0 0 0 0 0 1
880	6	 1 1 1 1 0 1 1 0 1 0 1 1 1 1 1 0 0 0 0 0
880	16	 1 1 1 1 1 1 1 0 0 0 0 1 1 1 1 0 0 0 0 0
880	11	 1 1 1 1 1 0 1 0 1 0 0 1 1 1 1 0 1 0 0 0
880	11	 1 1 1 0 0 1 1 0 0 0 0 1 1 1 1 0 0 0 0 0
880	11	 1 1 1 1 0 1 1 0 1 0 1 0 1 0 1 0 0 0 0 0
880	6	 1 1 1 1 1 1 0 0 1 0 0 0 1 1 0 0 0 0 0 0
880	17	 1 1 1 1 1 0 1 0 1 0 0 1 1 0 1 0 0 0 0 0
880	3	 1 1 1 1 0 1 0 0 1 0 0 1 1 0 1 0 1 0 0 0
880	2	 1 1 1 1 0 0 1 0 1 1 0 1 0 0 0 0 0 1 1 0
880	21	 1 1 1 1 0 0 1 0 1 0 0 1 1 1 1 0 0 1 0 0
880	3	 1 1 1 1 0 0 1 1 0 0 0 1 1 1 1 0 1 0 0 0
880	1	 1 1 1 1 1 0 1 0 1 0 0 1 1 1 1 0 0 0 0 0
880	21	 1 1 1 1 1 1 1 0 0 0 0 1 1 1 1 1 0 0 0 0
880	7	 0 1 1 1 1 0 1 1 1 0 0 1 0 0 1 0 0 0 0 0
880	6	 1 1 1 1 0 1 0 0 0 0 0 1 1 1 0 0 0 0 0 1
880	14	 1 1 1 1 0 1 0 0 1 1 0 1 1 1 1 0 0 0 0 0
880	6	 1 1 1 1 0 0 1 0 0 0 0 0 1 1 1 1 0 0 0 0
880	30	 1 1 1 1 0 1 0 0 1 0 0 0 1 1 0 0 0 0 0 0
880	2	 1 1 1 0 1 0 1 1 0 0 0 1 1 1 0 0 0 0 0 0
880	16	 0 1 1 1 0 1 1 0 1 0 0 1 1 1 0 0 0 0 0 0
880	4	 1 1 1 1 0 0 1 0 1 0 0 0 1 1 0 0 0 0 0 0
880	11	 1 1 1 1 0 1 1 1 0 0 0 1 1 1 1 0 0 0 0 0
880	5	 1 1 1 1 0 0 1 1 1 0 0 1 1 0 1 0 0 0 0 1
880	8	 0 1 1 1 1 1 1 0 1 0 0 0 0 0 0 0 0 0 0 0
880	2	 1 1 1 1 1 1 1 0 0 0 0 1 1 0 0 0 0 0 0 0
880	5	 1 1 1 1 0 1 1 0 1 0 1 0 1 1 1 0 0 0 0 0
880	2	 1 1 1 1 0 0 1 0 1 1 0 1 0 0 0 0 0 1 0 0
880	12	 1 1 1 1 0 0 1 0 0 0 0 1 1 0 1 0 0 0 0 0
880	10	 1 1 1 1 0 1 0 0 1 0 0 1 1 0 0 0 0 0 0 0
880	7	 1 1 1 1 0 1 1 0 1 1 0 1 1 1 0 0 0 0 0 0
880	3	 1 1 1 0 0 1 1 0 1 0 0 1 1 1 0 0 0 0 0 0
880	2	 1 1 1 1 0 1 0 0 1 0 1 0 1 0 1 1 0 0 0 0
880	14	 1 1 1 1 0 0 1 0 1 0 0 1 1 0 0 0 0 0 0 0
880	3	 0 1 1 1 1 1 1 0 1 0 0 1 1 1 1 0 0 0 0 0
880	15	 1 1 1 1 0 1 1 0 1 0 0 0 1 1 0 0 0 0 0 0
880	11	 1 1 1 1 1 0 1 0 0 0 0 1 1 1 1 1 0 0 0 0
880	23	 1 1 1 1 0 0 1 0 1 0 0 1 1 0 1 0 0 0 0 0
880	3	 1 1 1 1 0 0 1 0 0 0 0 1 0 1 1 0 0 0 0 0
880	6	 1 1 1 1 0 0 1 0 0 0 0 1 0 1 0 0 0 0 0 0
880	2	 1 1 1 1 0 1 0 1 1 1 0 1 1 1 1 0 0 0 0 0
880	13	 1 1 1 1 0 1 1 0 1 0 0 1 1 1 1 0 1 0 0 0
880	3	 1 0 1 1 1 0 1 0 0 0 0 1 1 1 1 1 0 0 0 1
880	10	 1 1 1 1 1 1 1 0 1 1 0 1 1 1 1 0 0 0 0 0
880	4	 1 1 0 1 0 1 1 0 1 0 0 1 1 1 0 0 0 0 0 0
880	1	 0 1 1 1 0 1 1 0 0 0 0 1 1 1 0 0 0 0 0 0
880	1	 1 1 1 1 0 1 0 0 1 1 0 1 1 1 0 0 0 0 0 0
880	2	 1 1 1 0 1 1 1 0 1 0 0 0 0 0 0 0 0 0 0 0
880	5	 1 1 1 1 0 0 1 0 1 1 0 1 1 1 0 1 0 0 0 0
880	11	 0 1 1 1 1 1 1 0 0 0 0 1 1 1 1 1 0 0 0 0
880	3	 0 1 1 1 1 1 0 0 1 0 0 1 1 1 0 0 0 0 0 0
880	6	 1 1 0 1 1 1 1 0 1 0 0 1 1 1 1 0 0 0 0 0
880	4	 1 1 1 1 1 1 0 0 1 0 0 0 0 0 0 0 0 0 0 0
880	2	 1 1 1 0 1 1 0 0 1 0 0 1 1 1 0 0 0 0 0 0
880	6	 1 1 1 1 0 1 1 0 0 0 0 0 1 1 1 0 0 0 0 0
880	2	 1 1 1 1 0 0 1 1 1 0 0 1 1 0 1 0 0 1 1 0
880	7	 1 1 1 1 1 1 1 0 0 0 0 0 1 1 1 0 0 0 0 0
880	3	 1 1 0 1 0 0 1 0 1 0 0 1 0 1 1 0 0 0 0 1
880	8	 1 1 1 1 0 0 1 0 1 0 0 1 1 1 0 0 0 0 1 0
880	4	 1 1 1 1 1 1 1 1 1 0 0 1 1 1 1 0 0 0 0 0
880	5	 1 1 1 0 0 0 1 0 1 0 0 1 1 1 1 0 0 0 0 0
880	4	 1 1 1 1 0 0 0 0 1 0 0 1 1 0 0 0 0 0 0 0
880	2	 1 1 1 1 0 1 1 0 1 0 0 0 1 1 0 0 0 0 1 0
880	3	 1 1 1 1 0 0 0 0 1 0 0 0 1 1 0 0 0 0 0 0
880	2	 1 1 1 1 0 0 1 0 0 0 0 1 1 1 1 0 0 1 0 0
880	1	 0 1 1 1 0 0 1 1 0 0 0 1 1 1 1 0 1 0 0 0
880	2	 1 1 1 1 0 0 1 0 1 0 0 1 0 1 1 0 0 0 0 0
880	1	 0 1 1 1 0 1 1 0 0 0 0 1 1 1 1 0 0 0 0 1
880	3	 1 1 1 1 1 1 1 0 1 0 0 1 0 1 0 0 0 0 0 0
880	2	 1 1 1 1 0 1 0 0 1 1 0 1 1 1 1 0 0 1 0 0
880	1	 1 1 1 1 1 1 1 0 1 0 0 1 1 0 1 0 0 0 0 0
880	1	 1 1 1 1 0 0 1 1 1 0 0 0 1 0 1 0 0 0 0 1
880	2	 1 1 1 1 1 1 1 0 0 0 0 1 1 1 0 0 0 0 0 0
880	2	 1 1 1 1 0 0 1 1 1 1 0 1 1 1 1 0 0 0 0 0
880	2	 1 0 1 1 1 0 1 0 0 0 0 1 1 1 1 0 0 0 0 0
880	3	 1 0 1 1 1 1 1 0 1 0 0 1 1 1 1 0 0 0 0 0
880	3	 1 1 1 1 0 0 1 0 0 0 0 1 1 1 1 0 0 0 1 0
880	3	 1 1 1 1 1 1 1 0 1 0 0 0 1 0 0 0 0 0 0 0
880	1	 0 1 1 1 0 1 1 1 0 0 0 1 1 1 1 0 0 0 0 0
880	2	 1 1 1 1 1 0 1 0 1 0 1 1 1 1 1 0 1 0 0 0
880	2	 1 1 1 0 0 1 1 0 0 1 0 1 1 1 1 0 0 0 0 0
880	2	 1 1 1 1 0 0 1 0 1 0 0 1 1 1 1 1 0 0 0 0
880	1	 1 1 1 1 0 0 1 0 1 0 1 0 1 1 1 0 0 0 0 0
880	1	 1 1 1 1 1 1 0 0 1 0 0 1 1 1 0 0 0 0 1 0
880	3	 1 1 1 1 1 1 1 0 0 0 0 1 1 0 1 0 0 0 0 0
880	1	 1 1 1 1 0 1 0 0 1 0 0 1 1 1 1 0 0 0 0 0
880	1	 1 1 1 1 0 0 1 0 1 0 1 1 1 1 0 0 0 0 0 0
880	2	 0 1 1 1 1 0 1 1 1 0 0 0 0 0 1 0 0 0 0 0
880	1	 1 1 1 1 0 1 0 0 1 1 0 0 1 1 1 0 0 0 0 0
880	1	 0 1 1 0 1 1 1 0 1 0 0 0 0 0 0 0 0 0 0 0
880	1	 0 1 1 1 1 1 1 0 1 0 0 0 0 0 0 0 0 0 0 1
880	3	 1 1 1 1 0 1 0 0 1 0 0 1 1 0 0 0 0 0 0 1
880	1	 1 1 1 1 0 1 0 0 1 0 1 1 1 0 0 0 0 0 0 0
880	1	 1 1 1 1 0 0 0 0 1 0 0 1 1 0 1 0 0 0 0 0
1000	22	 1 1 1 1 0 1 1 0 1 0 0 1 1 1 1 0 0 0 0 0
1000	31	 1 1 1 1 0 0 1 0 0 0 0 1 1 1 1 0 0 0 0 0
1000	4	 1 1 1 1 0 1 1 0 0 0 0 1 1 1 1 0 0 0 0 0
1000	46	 1 1 1 1 0 1 1 0 0 0 0 0 1 1 1 0 0 0 0 0
1000	32	 1 1 1 1 0 0 1 1 1 0 0 1 1 1 0 0 0 0 0 0
1000	17	 1 1 1 1 1 1 1 0 1 0 0 1 1 1 0 0 0 0 0 0
1000	11	 1 1 1 1 0 0 1 0 1 0 0 1 0 1 0 0 0 0 0 0
1000	87	 1 1 1 1 0 0 1 0 0 0 0 0 1 1 1 0 0 0 0 0
1000	31	 1 1 1 1 0 1 0 0 1 0 0 1 1 0 0 1 0 0 0 0
1000	3	 1 1 1 1 0 0 1 0 1 0 0 1 1 1 1 0 1 0 0 0
1000	22	 1 1 1 1 0 0 1 1 0 0 0 1 1 1 1 0 0 0 0 0
1000	20	 1 1 1 1 0 0 1 0 0 0 0 1 1 1 1 0 1 0 0 0
1000	4	 1 1 1 1 0 1 1 0 1 0 0 1 1 1 1 1 1 0 0 0
1000	17	 0 1 1 1 0 0 1 0 0 0 0 0 1 1 1 0 0 0 0 0
1000	28	 1 1 0 1 0 0 1 0 0 0 0 0 1 1 1 0 0 0 0 0
1000	14	 1 1 1 1 0 0 1 0 0 1 0 0 1 1 1 0 0 0 0 0
1000	2	 1 1 1 1 0 0 1 0 1 0 0 1 1 1 0 0 1 0 0 0
1000	40	 1 1 1 1 1 1 1 1 1 0 0 1 1 1 0 0 0 0 0 0
1000	2	 1 1 1 1 0 0 0 0 1 0 0 1 1 0 0 1 0 0 0 0
1000	28	 1 1 1 1 0 1 1 0 1 0 0 1 0 1 1 1 1 0 0 0
1000	2	 1 1 1 1 0 1 1 0 0 0 0 1 1 0 0 1 0 0 0 0
1000	20	 1 1 1 1 0 0 1 0 0 0 0 0 1 0 1 0 0 0 0 0
1000	3	 1 0 1 1 0 1 1 0 0 0 0 0 1 1 1 0 0 0 0 0
1000	1	 1 0 1 1 1 1 1 0 0 0 1 0 1 0 1 0 0 0 0 0
1000	8	 0 1 1 1 0 0 1 0 1 0 0 0 0 0 0 0 0 0 0 0
1000	10	 1 1 1 1 0 0 1 1 1 0 0 1 0 1 0 0 0 0 0 0
1000	3	 1 1 1 1 0 1 1 0 1 0 0 0 1 1 1 0 0 0 0 0
1000	16	 1 1 1 1 0 0 1 0 1 0 0 1 1 1 1 1 1 0 0 0
1000	55	 1 1 1 1 0 0 1 0 0 0 0 0 0 0 1 0 0 0 0 0
1000	12	 1 1 1 1 0 0 1 0 1 0 0 0 1 1 1 0 1 0 0 0
1000	5	 1 1 1 1 0 0 1 1 1 0 0 1 1 1 1 1 1 0 0 0
1000	4	 1 1 1 1 0 0 1 0 1 0 0 0 0 0 1 0 0 0 0 0
1000	11	 1 0 1 1 1 0 1 0 0 0 0 0 1 1 1 0 0 0 0 0
1000	8	 1 1 1 0 1 0 1 1 1 1 0 0 1 0 1 0 0 0 0 0
1000	2	 0 0 1 1 0 1 1 0 1 0 0 1 1 1 1 0 0 0 0 0
1000	12	 1 1 1 1 0 0 1 0 1 0 0 1 1 1 1 0 0 0 0 0
1000	9	 1 0 1 0 0 0 1 0 0 0 0 1 1 1 1 0 0 0 0 0
1000	5	 1 1 1 1 0 1 0 0 1 0 0 1 1 0 1 1 0 0 0 0
1000	1	 1 1 1 1 0 1 1 0 0 1 0 1 1 0 0 1 0 0 0 0
1000	5	 1 1 1 1 0 0 1 0 0 1 0 0 1 0 1 0 0 0 0 0
1000	5	 1 1 0 0 0 1 0 0 1 1 0 1 1 0 0 1 0 0 0 0
1000	17	 1 1 1 1 0 1 1 0 0 0 0 1 1 1 1 1 0 0 0 0
1000	10	 1 1 1 1 0 1 0 0 1 0 0 1 1 1 1 0 0 0 0 0
1000	9	 1 1 1 1 0 0 1 0 0 0 0 0 1 1 1 0 1 0 0 0
1000	12	 1 1 1 1 0 0 0 0 1 0 0 1 1 0 1 1 0 0 0 0
1000	4	 1 0 1 1 1 0 1 0 0 0 0 1 1 1 1 0 0 0 0 0
1000	2	 1 1 1 1 0 0 1 1 1 0 0 0 1 1 0 0 0 0 0 0
1000	5	 1 1 1 1 1 1 1 1 1 0 0 1 1 1 1 0 0 0 0 0
1000	6	 1 1 0 1 0 0 1 1 1 1 0 0 1 0 1 0 0 0 0 0
1000	8	 0 1 1 1 0 0 1 1 1 0 0 1 1 1 1 0 0 0 0 0
1000	8	 1 0 1 1 1 0 1 0 0 0 0 0 1 1 1 1 0 0 0 0
1000	3	 1 1 1 1 0 0 1 1 1 1 1 0 1 0 1 0 0 0 0 0
1000	10	 1 1 0 1 0 0 1 0 1 0 0 1 1 0 0 1 0 0 0 0
1000	1	 1 1 1 1 0 1 1 0 1 0 0 1 0 1 1 0 0 0 0 0
1000	6	 0 1 1 1 0 0 1 0 0 0 0 1 1 1 1 0 0 0 0 0
1000	3	 1 1 0 0 0 1 0 1 1 1 0 1 1 0 0 1 0 0 0 0
1000	1	 1 1 0 1 1 1 1 0 1 0 0 1 1 1 0 1 0 1 0 0
1000	16	 1 1 1 1 1 1 1 0 0 1 0 1 1 0 0 1 0 0 0 0
1000	18	 1 1 1 1 0 1 1 0 1 0 1 1 1 1 1 0 0 0 0 0
1000	1	 1 1 1 1 0 1 0 0 1 0 0 1 1 0 0 0 0 0 0 0
1000	12	 1 1 0 1 1 1 1 0 1 0 0 1 1 1 0 0 0 0 0 0
1000	2	 1 1 1 1 0 0 1 0 1 0 1 1 0 1 0 0 0 0 0 0
1000	2	 1 1 1 0 0 0 1 0 0 0 0 0 1 1 1 0 0 0 0 0
1000	3	 1 1 1 1 0 1 1 0 0 0 0 0 1 1 1 0 0 0 1 0
1000	2	 1 1 1 1 0 0 1 0 1 1 0 0 1 1 1 0 1 0 0 0
1000	4	 1 1 0 0 0 1 0 0 1 1 0 1 1 0 0 1 0 0 1 0
1000	7	 1 1 1 1 1 1 1 0 0 0 0 0 1 1 1 0 0 0 0 0
1000	6	 1 1 0 1 0 0 1 0 0 0 0 1 1 1 1 0 0 0 0 0
1000	3	 1 1 0 1 0 1 1 0 0 0 0 0 1 1 1 0 0 0 0 0
1000	2	 1 1 1 1 0 0 1 1 1 1 0 1 1 1 0 0 0 0 0 0
1000	5	 1 1 1 1 0 1 0 1 1 0 0 1 1 0 0 1 0 0 0 0
1000	6	 1 1 1 1 0 1 1 0 1 0 0 1 0 1 1 1 1 0 1 0
1000	3	 0 1 1 1 0 0 1 1 1 0 0 1 1 1 1 0 0 0 0 1
1000	2	 1 1 1 1 0 0 1 1 1 1 1 1 1 0 1 0 0 0 0 0
1000	1	 1 1 1 1 0 0 1 0 0 0 0 1 0 0 1 1 0 0 0 0
1000	1	 1 1 1 1 0 0 1 0 1 0 0 0 1 0 1 0 0 0 0 0
1000	4	 1 1 1 1 0 1 0 0 0 0 0 0 1 1 1 0 0 0 0 0
1000	10	 1 1 1 0 0 0 1 0 0 0 0 0 0 0 1 0 0 0 0 0
1000	3	 1 1 1 0 0 0 1 0 0 0 0 1 1 1 1 0 1 1 0 0
1000	13	 1 1 1 1 0 0 1 0 1 0 0 1 1 0 0 1 0 0 0 0
1000	2	 1 1 0 1 0 0 1 0 0 0 0 1 0 1 0 0 0 0 0 0
1000	9	 1 1 1 1 0 0 1 1 1 1 0 0 1 0 1 0 0 0 0 0
1000	2	 1 1 0 1 0 0 1 1 1 1 0 0 1 1 0 0 0 0 0 0
1000	5	 1 1 1 1 0 0 1 1 1 1 0 1 0 1 1 0 0 0 0 0
1000	1	 1 1 1 1 0 1 1 0 0 0 0 0 1 1 1 0 1 0 0 0
1000	2	 1 1 1 1 0 0 1 0 0 1 0 1 1 1 1 0 1 0 0 0
1000	4	 1 1 1 1 0 0 1 0 1 0 0 1 0 1 1 1 1 0 0 0
1000	5	 1 1 1 1 0 0 0 0 1 0 0 1 1 1 1 0 0 0 0 0
1000	4	 1 1 1 1 1 0 1 0 0 0 0 1 1 1 1 0 0 0 0 0
1000	5	 1 1 1 1 0 0 1 1 1 0 0 1 1 1 0 1 0 1 0 0
1000	1	 1 1 0 0 0 1 0 0 1 0 0 0 1 1 1 0 0 0 0 0
1000	2	 1 1 1 1 0 0 1 0 0 0 0 1 1 1 1 0 1 0 1 0
1000	3	 0 1 0 1 0 0 1 0 0 0 0 0 1 1 1 0 0 0 0 0
1000	3	 1 1 1 1 1 1 1 0 1 0 0 1 0 1 1 1 1 0 0 0
1000	2	 1 1 1 0 0 0 1 1 1 0 0 1 0 1 0 0 0 0 0 0
1000	2	 1 1 1 1 0 1 0 0 1 0 0 0 1 1 1 0 0 0 0 0
1000	1	 0 0 1 1 1 1 1 0 1 0 0 1 1 1 1 0 0 0 0 0
1000	1	 1 1 1 0 0 1 1 0 0 0 0 0 1 1 1 0 0 0 0 0
1000	1	 1 1 0 1 0 1 1 0 0 0 0 0 1 1 1 0 0 1 0 0
1000	2	 1 1 0 1 0 0 1 1 1 1 0 1 1 1 0 0 0 0 0 0
1000	2	 1 1 1 1 0 0 1 0 0 0 0 0 1 1 1 0 0 0 1 0
1000	9	 1 1 1 1 1 0 1 0 0 0 0 0 1 1 1 0 0 0 0 0
1000	1	 0 1 1 1 0 0 1 1 0 0 0 1 1 1 1 0 0 0 0 0
1000	1	 1 1 1 1 0 1 1 0 1 0 0 1 1 1 1 1 1 0 0 1
1000	1	 1 1 0 1 0 0 1 1 1 0 0 1 0 1 0 0 0 0 0 0
1000	1	 1 1 1 1 0 0 1 0 0 0 0 0 1 1 1 0 1 1 0 0
1000	2	 1 1 0 1 0 0 1 1 1 0 0 1 1 1 0 0 0 0 0 0
1000	2	 1 1 1 1 0 0 1 1 0 0 0 1 0 1 1 0 0 0 0 0
1000	1	 1 1 1 1 0 1 1 1 0 0 0 1 1 1 1 0 0 0 0 0
1000	4	 1 0 1 1 0 0 1 0 0 0 0 1 1 1 1 0 1 0 0 0
1000	4	 1 0 1 1 0 0 1 1 1 0 0 1 0 1 0 0 0 0 0 0
1000	4	 1 1 0 0 0 1 0 0 1 1 0 1 0 0 0 1 0 0 0 0
1000	2	 1 1 1 1 0 1 1 0 1 0 1 1 1 1 0 0 0 0 0 0
1000	3	 1 1 0 1 1 1 1 0 1 0 0 1 1 0 1 1 0 0 1 0
1000	1	 1 0 1 1 0 0 1 1 1 1 0 0 1 0 1 0 0 0 0 0
1000	2	 1 1 1 1 0 0 1 0 0 0 0 0 0 0 1 0 1 0 0 0
1000	1	 1 1 1 1 0 1 1 0 1 0 0 1 0 1 1 0 1 0 0 0
1000	1	 1 1 1 1 0 1 1 0 1 0 0 1 1 1 0 0 0 0 0 0
1000	1	 1 1 1 1 0 1 1 1 0 0 0 0 1 1 1 0 0 0 0 0
1000	1	 1 1 1 0 0 1 0 0 1 0 0 1 1 0 0 1 0 0 0 0
1000	1	 0 1 1 1 0 0 1 0 0 0 0 0 1 1 1 1 0 0 0 0
1000	1	 1 1 0 1 0 0 1 0 0 1 0 0 1 1 1 0 0 0 0 0
1000	3	 1 1 1 1 0 0 1 0 0 0 0 0 0 0 1 0 0 1 0 0
1000	1	 1 1 1 0 0 1 1 0 0 1 0 1 1 0 0 1 0 0 0 0
1000	1	 1 1 1 1 1 1 0 0 0 1 0 1 1 0 0 1 0 0 0 0
1000	1	 1 0 1 1 0 0 1 0 0 0 0 1 1 1 1 0 1 0 1 0
1000	1	 1 1 1 1 1 1 1 0 1 0 0 0 0 1 1 1 1 0 0 0
1000	1	 1 0 1 1 0 0 1 1 1 1 0 0 1 0 1 0 0 0 0 1
