0	250	 1 0 0 0 0 1 0 1 1 0 0 1 1 1 0 1 0 0 0 0
0	250	 0 0 0 1 1 1 0 0 0 1 0 0 0 1 0 0 0 0 0 1
0	250	 0 0 0 0 0 0 0 0 0 0 0 0 0 0 1 0 0 0 0 0
0	250	 1 0 1 0 0 0 0 0 0 0 0 1 0 0 1 0 1 0 0 0
10	264	 1 0 0 0 0 1 0 1 1 0 0 1 1 1 0 1 0 0 0 0
10	265	 0 0 0 1 1 1 0 0 0 1 0 0 0 1 0 0 0 0 0 1
10	101	 0 0 0 0 0 0 0 0 0 0 0 0 0 0 1 0 0 0 0 0
10	132	 1 0 1 0 0 0 0 0 0 0 0 1 0 0 1 0 1 0 0 0
10	11	 0 0 0 0 0 0 0 0 0 0 0 1 0 0 1 0 1 0 0 0
10	4	 1 0 1 0 0 0 0 1 1 0 0 1 1 1 0 1 0 0 0 0
10	7	 0 0 0 1 1 0 0 0 0 1 0 0 0 1 0 0 0 0 0 1
10	2	 1 0 0 0 0 1 0 0 0 0 0 0 0 0 1 0 0 0 0 0
10	4	 1 0 0 0 0 1 0 1 1 0 0 1 0 1 0 1 0 0 0 0
10	4	 1 0 0 0 1 1 0 1 1 0 0 1 1 1 0 1 0 0 0 0
10	9	 1 0 1 0 0 0 0 0 0 0 0 1 0 0 1 0 0 0 0 1
10	8	 0 0 0 0 0 1 0 1 1 0 0 1 1 1 0 1 0 0 0 0
10	1	 0 0 0 0 0 0 0 0 0 0 0 1 0 0 1 0 0 0 0 0
10	4	 0 0 0 0 0 0 0 1 0 0 0 0 0 0 1 0 0 0 0 0
10	4	 1 0 1 0 0 0 0 0 0 0 0 1 0 0 1 1 1 0 0 0
10	3	 1 0 0 0 0 0 0 0 0 0 0 0 0 0 1 0 0 0 0 0
10	17	 0 0 0 1 1 1 0 0 0 1 0 1 0 1 0 0 0 0 0 1
10	1	 0 0 0 1 1 1 0 0 0 1 0 0 0 1 0 0 0 0 1 1
10	7	 0 1 0 1 1 1 0 0 0 1 0 0 0 1 0 0 0 0 0 1
10	6	 0 0 0 0 0 0 0 0 0 0 0 0 1 0 1 0 0 0 0 0
10	2	 1 0 1 0 0 0 0 0 0 1 0 1 0 0 1 0 1 0 0 0
10	1	 1 1 1 0 0 0 0 0 0 0 0 1 0 0 1 0 1 0 0 0
10	1	 1 0 1 0 0 0 0 1 0 0 0 1 0 0 1 0 1 0 0 0
10	3	 0 0 0 1 1 1 0 0 1 0 0 1 1 1 0 1 0 0 0 0
10	2	 0 0 0 0 0 1 0 0 0 1 0 0 0 1 0 0 0 0 0 1
10	2	 1 0 1 0 0 1 0 0 0 0 0 1 0 0 1 0 1 0 0 0
10	11	 0 0 0 1 1 1 0 0 0 1 0 0 0 1 0 0 0 0 0 0
10	6	 1 0 1 0 0 0 0 0 0 0 0 0 0 0 1 0 0 0 0 0
10	1	 1 0 1 0 0 0 0 0 0 0 0 1 0 1 0 1 0 0 0 0
10	4	 1 0 1 0 0 1 0 0 0 1 0 0 0 1 0 0 0 0 0 1
10	4	 1 0 0 0 0 1 0 0 1 0 0 1 1 1 0 1 0 0 0 0
10	1	 0 0 0 1 1 1 0 0 0 1 0 0 1 1 0 0 0 0 0 1
10	3	 0 0 0 0 0 1 0 0 0 0 0 0 0 0 1 0 0 0 0 0
10	5	 1 0 1 0 0 0 0 0 0 0 0 1 1 0 1 0 1 0 0 0
10	2	 1 0 0 0 0 1 0 0 0 1 0 0 0 1 0 0 0 0 0 1
10	1	 1 0 0 0 0 1 0 1 1 0 0 1 1 1 0 0 0 0 0 1
10	5	 1 0 0 0 0 0 0 0 0 0 0 1 0 0 1 0 1 0 0 0
10	5	 0 0 0 1 0 0 0 0 0 0 0 1 0 0 1 0 1 0 0 0
10	1	 1 0 0 0 0 1 0 1 1 0 0 1 1 1 0 1 0 0 1 0
10	1	 1 0 0 0 0 1 0 1 1 1 0 1 1 1 0 1 0 0 0 0
10	4	 1 0 1 0 0 0 0 0 0 0 0 1 0 0 1 0 1 1 0 0
10	3	 1 0 1 0 0 0 0 1 1 0 0 1 1 1 0 1 1 0 0 0
10	4	 0 0 0 1 1 1 0 0 0 1 0 0 0 0 0 0 1 0 0 1
10	4	 1 0 1 0 0 0 1 0 0 0 0 1 0 0 1 0 0 0 0 0
10	3	 1 0 0 0 0 1 0 1 1 0 0 0 0 1 0 0 0 0 0 1
10	12	 1 0 0 0 1 1 0 0 0 1 0 0 0 1 0 0 0 0 0 1
10	2	 1 0 1 0 0 0 0 0 0 0 0 1 1 1 0 1 0 0 0 0
10	5	 1 0 1 0 0 0 0 0 0 0 0 1 0 0 1 0 0 0 0 0
10	1	 0 1 0 1 1 1 0 0 0 1 0 0 0 1 1 0 1 0 0 0
10	1	 0 0 1 1 1 1 0 0 0 1 0 0 0 1 0 0 0 0 0 1
10	2	 0 0 0 0 0 0 0 0 0 0 0 0 0 0 1 0 1 0 0 0
10	6	 1 0 1 0 0 0 0 0 1 0 0 1 0 0 1 0 1 0 0 0
10	2	 0 0 1 0 0 0 0 0 1 0 0 1 0 0 1 0 1 0 0 0
10	3	 0 0 0 0 0 0 0 1 0 1 0 1 0 1 0 0 0 0 0 1
10	3	 1 0 0 0 0 1 0 0 1 0 0 1 1 1 0 1 0 0 1 0
10	3	 1 0 0 0 0 1 0 1 1 0 0 1 1 1 1 0 0 0 0 0
10	2	 0 0 0 0 0 0 0 0 0 1 0 0 0 1 0 0 0 0 0 1
10	1	 1 0 1 1 1 1 0 0 0 1 0 0 0 1 0 0 0 0 0 1
10	1	 1 0 0 0 0 1 0 1 1 0 0 1 1 1 0 1 1 0 0 0
10	1	 0 0 0 1 1 1 0 0 1 1 0 0 0 1 0 0 0 0 0 1
10	1	 1 0 1 0 0 0 0 1 1 0 0 1 1 1 0 1 0 0 0 1
10	2	 1 0 0 0 0 0 1 0 0 0 0 1 0 0 1 0 0 0 0 0
10	3	 0 0 0 0 0 0 0 0 0 0 0 0 0 0 1 0 0 0 0 1
10	1	 1 0 1 0 0 0 0 0 0 0 0 1 1 1 0 1 1 0 0 0
10	1	 0 0 0 1 0 0 0 0 1 0 0 1 1 1 0 1 0 0 0 0
10	1	 1 0 0 0 0 1 0 1 1 0 0 1 1 1 0 0 0 0 0 0
10	2	 1 0 1 0 0 1 0 1 1 0 0 1 1 1 0 1 0 0 0 0
10	1	 1 1 0 0 0 1 0 1 1 0 0 1 1 1 0 1 0 0 0 0
10	2	 0 0 0 1 0 1 0 0 0 1 0 0 0 1 0 0 0 0 0 1
10	1	 0 0 0 1 1 1 0 0 0 0 0 0 0 1 0 0 0 0 0 1
10	1	 0 1 0 0 0 0 0 0 0 0 0 0 0 0 1 0 0 0 0 0
10	1	 1 0 1 0 0 0 0 0 0 0 0 1 0 1 1 0 1 0 0 0
10	2	 0 1 0 0 0 0 0 0 0 0 0 1 0 0 1 0 1 0 0 0
10	1	 0 0 0 1 1 1 0 0 0 1 0 0 0 1 0 0 0 0 1 0
10	2	 0 0 0 0 0 0 0 1 0 1 0 1 0 1 0 0 0 0 0 0
25	177	 1 0 0 0 0 1 0 1 1 0 0 1 1 1 0 1 0 0 0 0
25	252	 0 0 0 1 1 1 0 0 0 1 0 0 0 1 0 0 0 0 0 1
25	5	 0 0 0 0 0 0 0 0 0 0 0 0 0 0 1 0 0 0 0 0
25	64	 1 0 1 0 0 0 0 0 0 0 0 1 0 0 1 0 1 0 0 0
25	7	 0 0 0 0 0 0 0 0 0 0 0 1 0 0 1 0 1 0 0 0
25	11	 0 0 0 1 1 0 0 0 0 1 0 0 0 1 0 0 0 0 0 1
25	23	 1 0 0 0 0 1 0 1 1 0 0 1 0 1 0 1 0 0 0 0
25	28	 0 0 0 1 1 1 0 0 0 1 0 1 0 1 0 0 0 0 0 1
25	17	 0 1 0 1 1 1 0 0 0 1 0 0 0 1 0 0 0 0 0 1
25	24	 0 0 0 1 1 1 0 0 0 1 0 0 0 1 0 0 0 0 0 0
25	14	 0 0 0 1 1 1 0 0 0 1 0 0 1 1 0 0 0 0 0 1
25	2	 1 0 1 0 0 0 0 0 0 0 0 1 1 0 1 0 1 0 0 0
25	1	 1 0 0 0 0 0 0 0 0 0 0 1 0 0 1 0 1 0 0 0
25	3	 1 0 1 0 0 0 1 0 0 0 0 1 0 0 1 0 0 0 0 0
25	11	 1 0 0 0 1 1 0 0 0 1 0 0 0 1 0 0 0 0 0 1
25	4	 0 0 0 0 0 0 0 1 0 1 0 1 0 1 0 0 0 0 0 1
25	7	 1 0 0 0 0 1 0 1 1 0 0 1 1 1 0 1 1 0 0 0
25	13	 0 0 0 1 0 1 0 0 0 1 0 0 0 1 0 0 0 0 0 1
25	6	 1 0 1 0 0 0 0 0 0 0 1 1 0 0 1 0 1 0 0 0
25	6	 1 0 0 0 0 1 0 1 1 0 0 1 1 1 0 1 0 0 0 1
25	11	 1 0 0 0 1 1 0 0 0 1 0 0 0 1 0 1 0 0 0 0
25	5	 1 0 0 0 0 1 0 1 1 0 0 0 1 1 0 1 0 0 0 0
25	8	 0 0 0 1 1 1 0 0 0 1 0 0 0 1 0 1 0 0 0 1
25	3	 1 0 0 0 0 1 0 1 1 0 0 1 0 1 0 0 0 0 0 0
25	2	 0 0 0 0 1 0 0 0 0 0 0 0 0 0 1 0 0 0 0 0
25	11	 1 0 0 1 1 1 0 0 0 1 0 0 0 1 0 0 0 0 0 1
25	18	 0 0 0 1 1 1 0 0 0 0 0 1 0 0 1 0 1 0 0 0
25	5	 1 0 0 0 0 1 0 1 0 0 0 1 1 1 0 1 0 0 0 0
25	1	 0 0 0 0 0 1 0 0 0 1 0 0 0 1 0 0 0 0 0 1
25	7	 1 0 0 0 0 1 0 1 1 0 1 1 1 1 0 1 0 0 0 0
25	2	 1 1 0 0 1 1 0 1 1 0 0 1 1 1 0 1 0 0 0 0
25	19	 1 0 1 0 0 0 0 0 0 1 0 0 0 1 0 0 0 0 0 1
25	7	 0 0 0 1 1 1 0 0 0 0 0 0 0 1 0 0 0 0 0 1
25	4	 1 0 1 0 1 0 0 0 0 0 0 1 0 0 1 0 1 0 0 0
25	1	 0 0 0 1 0 1 0 0 0 1 0 0 0 0 0 0 0 0 0 1
25	2	 0 1 0 1 1 1 0 0 0 1 0 0 0 1 0 0 0 0 0 0
25	14	 0 0 0 1 1 1 0 0 0 1 1 0 0 1 0 0 0 0 0 1
25	9	 0 0 0 1 1 1 0 0 0 1 0 0 0 0 0 0 0 0 0 1
25	11	 0 0 0 1 1 1 0 0 1 1 0 0 0 1 0 0 0 0 0 1
25	1	 0 0 0 0 0 0 0 0 0 0 0 0 0 0 1 0 1 0 0 0
25	3	 0 0 0 1 1 1 0 0 0 1 0 1 0 1 0 0 0 0 0 0
25	1	 0 0 0 1 1 1 0 0 0 1 0 0 0 1 0 1 0 0 0 0
25	5	 1 0 0 0 0 1 0 0 0 1 0 0 0 1 0 0 0 0 0 1
25	25	 0 0 0 1 1 1 0 0 0 1 0 0 0 1 0 0 0 0 1 1
25	3	 0 0 0 0 0 0 0 1 0 0 0 1 0 0 1 0 1 0 0 0
25	10	 1 0 1 0 0 1 0 0 0 0 0 1 1 1 0 1 1 0 0 0
25	18	 1 0 0 0 1 1 0 0 0 1 0 0 0 1 0 1 0 1 0 0
25	1	 0 0 0 0 0 1 0 1 1 0 0 1 1 1 0 1 0 0 0 0
25	4	 0 0 0 1 0 1 0 0 0 1 0 0 0 1 0 0 0 0 0 0
25	7	 1 0 0 1 0 1 0 1 1 0 0 1 1 1 0 1 0 0 0 0
25	1	 0 0 0 0 0 1 0 1 1 0 0 1 0 1 0 1 0 0 0 0
25	12	 1 0 0 0 1 1 0 0 0 1 0 0 0 1 0 1 1 0 0 0
25	9	 0 0 0 1 1 1 0 0 1 1 0 1 0 1 0 0 0 0 0 0
25	7	 1 0 0 0 0 1 0 1 1 0 0 1 1 1 0 0 0 0 0 1
25	4	 0 0 0 1 0 1 0 1 1 0 0 1 1 1 0 1 0 0 0 0
25	2	 0 0 0 1 1 1 0 0 0 1 0 0 0 1 0 0 1 0 0 1
25	2	 0 1 0 1 1 1 0 0 0 1 0 0 0 1 0 0 0 0 1 1
25	2	 0 0 0 1 1 1 0 0 0 0 0 0 0 1 0 0 0 0 0 0
25	2	 1 0 0 0 0 1 0 0 1 0 0 1 1 1 0 1 0 1 0 0
25	3	 1 0 0 0 0 1 0 1 0 0 0 1 1 1 0 1 0 0 0 1
25	1	 1 0 1 0 0 0 1 0 0 1 0 0 0 1 0 0 0 0 0 1
25	5	 1 0 1 0 0 1 0 0 0 1 0 0 0 1 0 0 0 0 0 1
25	1	 0 1 0 1 0 1 0 0 0 1 0 0 0 1 0 0 0 0 0 1
25	1	 1 0 1 0 0 0 1 0 0 0 0 0 0 0 1 0 0 0 0 0
25	2	 1 1 0 0 0 1 0 1 1 0 0 1 1 0 1 1 1 0 0 0
25	2	 0 1 0 1 1 0 0 0 0 1 0 0 0 1 0 0 0 0 1 1
25	4	 1 0 0 0 0 1 0 1 0 1 0 0 0 1 0 0 0 0 0 1
25	1	 1 0 1 0 0 0 0 0 0 0 0 0 0 1 0 0 0 0 0 1
25	3	 1 0 1 0 0 0 0 0 0 0 0 1 0 0 0 0 0 0 0 1
25	8	 0 0 0 0 0 0 0 0 0 0 0 0 0 1 0 0 1 0 0 0
25	2	 1 0 0 0 0 0 0 1 1 0 0 1 1 1 0 1 0 0 0 0
25	1	 0 0 0 0 0 0 0 0 0 0 0 1 0 0 1 0 1 0 1 0
25	1	 0 0 0 1 1 1 0 0 0 1 0 0 0 1 1 1 0 0 0 1
25	4	 1 0 0 0 1 1 0 0 0 1 1 0 0 1 0 1 1 0 0 0
25	1	 1 0 0 0 0 1 0 1 1 0 0 1 0 0 1 0 1 0 0 0
25	1	 0 0 0 0 0 0 0 0 0 1 0 0 0 1 0 0 0 0 0 1
25	1	 1 0 1 0 0 0 0 0 0 0 0 1 0 0 1 0 0 0 0 1
25	1	 0 0 0 1 1 1 0 0 0 0 0 1 1 1 0 1 0 0 0 1
25	1	 1 0 1 0 0 1 0 0 0 0 0 1 1 1 0 1 1 0 0 1
25	1	 0 0 0 1 1 1 0 1 0 1 0 0 0 1 0 0 0 0 0 1
25	2	 0 0 0 1 1 1 1 0 0 1 0 0 0 1 0 0 0 0 0 1
25	1	 1 0 1 0 0 0 1 0 0 0 0 1 0 0 1 0 0 0 0 1
25	1	 1 0 0 0 0 1 0 1 1 0 0 1 0 1 0 0 0 0 0 1
25	1	 0 0 0 1 1 1 0 0 0 1 0 0 1 1 0 1 1 0 0 0
25	1	 0 0 0 0 1 1 0 0 0 1 0 0 0 1 0 0 0 0 0 1
25	1	 1 1 0 0 0 1 0 1 1 0 0 1 0 1 0 1 0 0 0 0
25	1	 1 1 0 0 0 1 0 1 1 0 0 1 1 1 0 1 0 0 0 0
25	3	 0 0 1 1 1 1 0 0 0 1 0 0 0 1 0 0 0 0 0 1
25	3	 0 0 0 1 1 1 0 0 0 1 0 0 0 1 1 0 0 0 0 1
25	3	 0 0 0 1 1 1 0 0 0 1 0 0 0 1 0 0 0 1 0 1
25	2	 1 0 0 0 0 1 0 1 0 0 0 1 0 1 0 0 0 0 0 0
25	1	 1 0 0 1 1 1 0 0 0 1 0 0 0 0 0 0 0 0 0 1
25	1	 0 0 0 1 1 1 1 0 0 1 0 0 0 1 0 0 0 0 1 1
70	205	 0 0 0 1 1 1 0 0 0 1 0 0 0 1 0 0 0 0 0 1
70	2	 0 0 0 1 1 0 0 0 0 1 0 0 0 1 0 0 0 0 0 1
70	2	 1 0 0 0 0 1 0 1 1 0 0 1 0 1 0 1 0 0 0 0
70	5	 0 0 0 1 1 1 0 0 0 1 0 1 0 1 0 0 0 0 0 1
70	23	 0 0 0 1 1 1 0 0 0 1 0 0 1 1 0 0 0 0 0 1
70	5	 1 0 0 0 1 1 0 0 0 1 0 0 0 1 0 0 0 0 0 1
70	8	 1 0 0 0 0 1 0 1 1 0 0 1 1 1 0 1 0 0 0 1
70	9	 1 0 0 0 1 1 0 0 0 1 0 0 0 1 0 1 0 0 0 0
70	40	 1 0 0 1 1 1 0 0 0 1 0 0 0 1 0 0 0 0 0 1
70	1	 0 0 0 0 0 1 0 0 0 1 0 0 0 1 0 0 0 0 0 1
70	12	 1 0 0 0 0 1 0 1 1 0 1 1 1 1 0 1 0 0 0 0
70	3	 1 0 1 0 0 0 0 0 0 1 0 0 0 1 0 0 0 0 0 1
70	1	 0 0 0 1 1 1 0 0 0 0 0 0 0 1 0 0 0 0 0 1
70	28	 0 0 0 1 1 1 0 0 0 1 1 0 0 1 0 0 0 0 0 1
70	14	 1 0 0 0 1 1 0 0 0 1 0 0 0 1 0 1 1 0 0 0
70	14	 0 0 0 1 1 1 0 0 1 1 0 1 0 1 0 0 0 0 0 0
70	11	 1 0 0 0 0 0 0 1 1 0 0 1 1 1 0 1 0 0 0 0
70	84	 0 0 1 1 1 1 0 0 0 1 1 0 0 1 0 0 0 0 0 1
70	29	 0 0 1 1 0 1 0 0 0 1 0 0 0 1 0 0 0 0 0 1
70	12	 1 0 0 1 1 1 0 0 0 1 0 1 0 1 0 0 0 0 0 1
70	4	 1 0 0 0 0 0 0 1 1 0 1 1 1 1 0 1 0 0 0 0
70	36	 0 0 1 1 1 1 0 0 1 1 1 0 0 1 0 0 0 0 0 1
70	21	 1 0 0 0 0 1 0 1 1 0 0 1 1 1 0 0 0 0 0 1
70	36	 0 0 0 1 1 1 0 1 1 0 0 1 1 1 0 1 0 0 0 0
70	11	 0 0 0 1 1 1 0 0 0 1 0 0 0 1 1 0 0 0 0 1
70	9	 0 0 1 0 0 1 0 1 1 0 0 1 1 1 0 1 0 0 0 0
70	22	 1 0 1 1 1 1 0 0 0 1 1 0 0 1 0 0 0 0 0 1
70	7	 0 0 0 1 0 1 0 1 1 0 0 1 0 1 0 0 0 0 0 1
70	48	 0 0 0 1 1 1 1 0 0 1 0 0 0 1 0 0 0 0 0 1
70	2	 0 0 0 1 1 1 0 0 0 1 1 0 0 1 0 0 1 0 0 1
70	9	 1 0 0 0 0 1 0 1 1 1 0 1 1 1 0 1 0 0 0 0
70	5	 0 0 0 1 1 1 0 0 0 1 1 0 0 1 0 0 0 0 0 0
70	4	 0 0 0 1 1 1 0 0 0 0 1 1 1 1 0 1 0 0 0 0
70	10	 0 1 1 0 0 1 0 0 0 1 0 0 0 1 0 0 0 0 0 1
70	10	 0 0 1 1 1 1 0 0 0 1 0 0 0 1 0 0 0 0 0 1
70	7	 0 0 0 1 1 1 0 0 0 1 0 0 1 1 0 1 0 0 0 0
70	7	 0 0 1 1 1 1 0 0 0 1 0 1 0 1 0 0 0 0 0 1
70	1	 1 0 0 0 0 0 0 1 1 0 1 1 1 1 0 1 1 0 0 0
70	5	 1 0 0 1 1 1 0 0 0 1 0 0 0 1 0 1 0 0 0 0
70	9	 0 0 0 1 1 1 1 0 0 1 0 0 0 1 1 0 0 0 0 1
70	14	 1 0 0 0 0 0 0 1 1 0 0 1 1 1 0 1 0 0 0 1
70	8	 1 0 0 0 0 0 0 0 0 1 0 0 0 1 0 0 0 0 0 1
70	1	 0 0 1 1 0 0 0 0 0 1 1 0 0 1 0 0 0 0 0 1
70	5	 1 0 0 0 0 1 0 0 0 1 0 0 0 1 0 0 0 0 0 1
70	7	 0 0 0 1 1 1 0 0 0 1 0 0 0 1 1 1 0 0 0 1
70	6	 0 0 1 1 1 1 0 0 0 1 1 0 0 1 1 0 0 0 0 1
70	8	 0 0 1 1 0 1 0 0 0 1 0 0 0 1 0 0 0 0 0 0
70	10	 0 0 1 1 1 1 0 0 1 1 1 1 0 1 0 0 0 0 0 1
70	3	 1 0 1 1 1 1 0 0 0 1 0 1 0 1 0 0 0 0 0 1
70	1	 1 0 0 0 0 1 0 1 0 0 0 1 1 1 0 1 0 0 0 0
70	3	 0 0 0 1 1 1 1 0 0 1 0 1 0 1 0 0 0 0 0 1
70	11	 1 0 0 0 0 1 0 1 1 0 0 1 0 1 0 1 0 1 0 0
70	4	 1 0 1 0 0 1 0 0 1 1 0 0 0 1 0 0 0 1 0 1
70	6	 0 0 0 1 1 1 0 0 0 1 0 0 0 1 0 1 0 0 0 0
70	1	 0 0 1 1 1 1 0 0 0 1 1 1 0 1 0 0 0 0 0 1
70	8	 0 0 0 1 1 1 0 0 0 1 0 0 0 1 0 0 0 0 0 0
70	9	 1 0 1 1 1 1 0 0 0 1 0 0 0 1 0 0 0 0 0 1
70	3	 0 0 0 1 1 1 0 1 0 1 0 1 0 1 0 0 0 0 0 1
70	3	 0 0 0 1 1 1 0 0 0 1 0 1 0 1 0 0 1 0 0 1
70	1	 0 0 0 1 1 1 1 1 0 1 0 0 0 1 0 0 0 0 0 1
70	2	 1 0 0 1 0 1 0 1 1 1 0 1 1 1 0 1 0 0 0 0
70	3	 1 0 0 0 0 0 0 1 1 0 0 1 1 1 0 1 0 1 0 1
70	5	 1 0 0 0 1 1 0 0 0 1 0 1 0 1 0 1 1 0 0 0
70	3	 0 0 0 1 1 0 1 0 0 1 0 0 0 1 1 0 0 0 0 1
70	8	 0 0 0 1 1 1 0 0 0 1 0 1 0 1 1 0 1 0 0 1
70	5	 0 0 1 1 1 1 0 0 0 1 0 0 0 1 0 1 0 0 0 0
70	3	 1 0 0 0 0 0 0 1 1 0 0 1 1 1 0 0 1 0 0 0
70	3	 0 0 0 0 0 0 0 1 1 0 0 1 1 1 0 1 0 1 0 1
70	1	 0 0 0 0 1 1 0 0 0 1 0 0 0 1 0 1 1 0 0 0
70	4	 0 0 0 1 1 1 0 0 0 1 0 1 0 1 0 0 0 0 0 0
70	1	 1 0 0 0 1 1 0 0 0 1 0 0 0 1 0 1 1 0 0 1
70	3	 0 0 0 1 0 1 0 1 1 0 0 1 0 1 0 1 0 0 0 1
70	1	 1 0 0 1 1 1 1 0 0 1 0 0 0 1 0 0 0 0 0 1
70	3	 0 0 1 1 0 1 0 0 1 1 0 0 0 1 0 0 0 0 0 1
70	3	 0 0 0 1 1 1 0 1 0 1 1 0 0 1 0 0 0 0 0 0
70	1	 0 0 0 0 0 1 0 1 1 0 0 1 1 1 0 1 0 0 0 1
70	1	 0 0 0 1 1 0 0 1 1 0 0 1 1 1 0 1 0 0 0 0
70	2	 1 0 0 1 0 1 0 0 0 1 0 0 1 1 0 0 0 0 0 1
70	4	 0 0 0 1 1 1 0 0 1 1 0 0 0 1 0 0 0 0 0 1
70	3	 1 0 0 1 0 1 0 1 1 0 0 1 0 1 0 1 0 0 0 0
70	4	 1 0 0 0 1 1 0 0 0 1 1 0 0 1 0 0 0 0 0 1
70	2	 0 0 1 1 1 0 0 0 1 1 1 0 0 1 0 0 0 0 0 1
70	1	 0 0 0 0 0 1 0 1 1 0 0 1 0 1 0 0 0 0 0 1
70	6	 0 0 1 1 1 1 0 1 0 1 0 1 0 1 0 0 0 0 0 1
70	2	 0 0 1 1 0 1 0 1 1 0 0 1 1 1 0 1 0 1 0 1
70	4	 0 0 0 1 1 1 0 0 1 1 1 0 0 1 0 0 0 0 0 1
70	1	 1 0 0 1 0 1 0 1 1 0 0 1 0 1 0 1 0 0 0 1
70	2	 0 0 0 1 1 1 0 0 1 1 0 1 0 1 0 0 0 0 0 1
70	1	 1 0 0 0 1 0 0 0 0 1 0 0 0 1 0 0 0 0 0 1
70	2	 1 0 0 1 1 1 0 1 1 0 0 1 1 1 0 1 0 0 0 0
70	7	 0 0 1 1 0 0 0 0 0 1 0 0 0 1 0 0 0 0 0 1
70	3	 0 0 1 1 0 1 0 1 0 1 0 0 0 1 0 0 0 0 0 1
70	2	 1 0 1 1 0 1 0 1 1 1 0 1 1 1 0 1 0 0 0 0
70	2	 1 0 0 1 1 1 0 0 0 1 0 1 1 1 0 1 0 0 0 0
70	2	 1 0 1 1 0 0 0 0 0 1 0 0 0 1 0 0 0 0 0 1
70	3	 0 0 0 1 1 1 0 1 0 1 1 0 0 1 0 0 0 0 0 1
70	2	 0 0 0 1 1 1 0 0 0 1 0 0 0 1 0 0 0 1 0 1
70	1	 0 0 0 1 1 1 0 0 0 1 0 0 1 0 0 0 0 0 0 1
70	1	 1 0 0 1 1 1 0 0 0 1 1 0 0 1 0 0 0 0 0 1
70	2	 0 0 1 1 1 1 0 1 0 1 1 0 0 1 0 0 0 0 0 1
70	2	 1 0 1 1 1 1 0 0 1 1 1 0 0 1 0 0 0 0 0 1
70	2	 0 0 0 0 1 1 0 0 0 1 0 0 1 1 0 0 1 0 0 0
70	2	 1 0 1 1 0 1 0 0 0 1 0 0 0 1 0 0 0 0 0 0
70	1	 1 0 1 1 1 1 0 0 1 1 0 0 0 1 0 0 0 0 0 1
70	1	 0 0 1 0 0 1 0 1 0 1 0 0 0 1 0 0 0 0 0 1
135	8	 0 0 0 1 1 1 0 0 0 1 0 0 0 1 0 0 0 0 0 1
135	2	 1 0 0 1 1 1 0 0 0 1 0 0 0 1 0 0 0 0 0 1
135	11	 0 0 0 1 1 1 0 0 0 1 1 0 0 1 0 0 0 0 0 1
135	122	 0 0 1 1 1 1 0 0 0 1 1 0 0 1 0 0 0 0 0 1
135	3	 0 0 1 1 1 1 0 0 1 1 1 0 0 1 0 0 0 0 0 1
135	5	 0 0 1 0 0 1 0 1 1 0 0 1 1 1 0 1 0 0 0 0
135	33	 1 0 1 1 1 1 0 0 0 1 1 0 0 1 0 0 0 0 0 1
135	12	 0 0 0 1 1 1 0 0 0 1 1 0 0 1 0 0 0 0 0 0
135	7	 1 0 1 0 0 1 0 0 1 1 0 0 0 1 0 0 0 1 0 1
135	6	 0 0 0 1 1 0 1 0 0 1 0 0 0 1 1 0 0 0 0 1
135	37	 0 0 0 1 1 1 0 0 1 1 0 1 0 1 0 0 0 0 0 1
135	15	 0 1 1 1 1 1 0 0 0 1 0 0 0 1 0 0 0 0 0 1
135	11	 0 1 1 1 1 1 0 0 1 1 1 0 0 1 1 0 0 0 0 1
135	5	 0 0 0 1 1 0 0 0 0 1 0 0 0 1 0 0 0 0 0 1
135	39	 0 0 0 1 1 1 0 0 1 1 1 0 0 1 0 0 0 0 0 1
135	2	 0 1 1 1 1 1 1 0 1 1 1 0 0 1 1 0 0 0 0 1
135	21	 0 1 1 1 1 1 0 0 0 1 1 0 0 1 0 0 0 0 0 1
135	9	 0 0 1 1 0 1 0 0 0 1 1 0 0 1 0 0 0 0 0 1
135	22	 1 1 1 1 1 1 0 0 0 1 1 1 0 1 0 0 0 0 0 0
135	13	 1 0 0 1 1 1 0 0 0 1 0 0 0 1 0 1 0 0 0 0
135	5	 0 1 1 1 1 0 0 0 1 1 1 0 0 1 1 0 0 0 0 1
135	16	 1 0 1 1 1 1 0 0 1 1 0 0 0 1 0 1 0 0 0 0
135	4	 0 1 1 1 1 1 0 0 1 1 1 0 0 1 0 0 0 0 0 1
135	2	 1 1 1 1 1 1 0 0 0 1 1 0 0 1 0 0 0 0 0 1
135	9	 0 0 1 1 1 1 0 0 0 1 1 0 0 1 0 0 0 0 0 0
135	24	 0 0 1 1 1 1 0 0 1 1 1 0 0 1 0 0 0 0 0 0
135	2	 0 1 1 1 1 1 0 1 1 1 1 0 0 1 1 0 0 0 0 1
135	17	 1 0 1 1 1 1 0 0 0 1 1 0 1 1 0 0 0 0 0 1
135	3	 1 1 1 1 1 1 0 0 1 1 1 0 0 1 1 0 0 0 0 1
135	23	 0 1 1 1 1 1 1 0 1 1 1 0 1 1 1 1 0 0 0 1
135	3	 0 1 1 0 0 1 0 0 0 1 0 0 0 0 0 0 1 0 0 0
135	3	 1 0 1 1 1 1 0 0 0 1 0 1 0 1 0 0 0 1 0 1
135	28	 1 0 0 1 1 1 0 0 0 1 1 0 0 1 0 0 0 0 0 0
135	42	 0 0 1 1 0 1 0 0 0 1 1 0 0 1 0 1 0 1 0 0
135	5	 0 0 0 1 1 1 0 0 0 0 1 0 0 1 0 0 0 0 0 0
135	7	 1 0 0 1 1 1 0 1 0 1 0 0 0 1 0 0 0 0 0 1
135	2	 0 0 0 1 1 1 0 0 1 1 1 0 0 1 0 1 0 0 0 1
135	1	 0 1 1 1 0 1 0 0 0 1 1 0 0 1 0 0 0 0 0 1
135	21	 0 0 0 1 1 1 0 0 0 1 1 0 0 1 0 0 0 0 1 0
135	8	 0 1 0 1 1 1 0 0 0 1 1 0 0 1 0 0 0 0 0 0
135	6	 0 0 0 1 1 1 0 1 1 1 1 0 1 1 0 0 0 0 0 1
135	32	 0 1 1 1 1 1 0 0 1 1 1 0 0 1 1 0 1 0 0 1
135	4	 0 1 1 1 1 1 0 0 0 1 1 0 0 1 0 0 0 0 0 0
135	1	 0 0 1 1 1 1 0 0 0 1 1 0 1 1 0 0 0 0 0 1
135	3	 1 0 1 0 1 1 0 0 0 1 0 0 0 1 0 0 0 0 0 1
135	2	 0 0 0 1 1 0 0 0 1 1 1 0 0 1 0 0 0 0 0 1
135	3	 0 0 1 1 1 1 0 0 0 1 0 1 0 1 0 0 0 0 0 1
135	6	 0 0 1 1 0 1 0 1 0 1 1 0 0 1 0 1 0 1 0 0
135	7	 1 0 1 1 1 1 0 0 0 1 1 0 0 1 0 0 0 0 0 0
135	6	 0 0 0 1 1 1 0 0 1 1 1 0 0 1 1 0 0 0 0 1
135	3	 0 0 1 0 0 1 0 0 1 0 0 1 1 1 0 1 0 0 0 0
135	3	 0 0 0 1 0 1 0 0 0 1 1 0 0 1 0 0 1 1 0 1
135	6	 0 1 0 0 1 1 0 0 0 1 1 0 0 1 0 0 0 0 0 0
135	2	 0 1 1 0 0 0 0 0 0 1 0 0 0 1 0 0 0 0 0 1
135	8	 1 0 0 1 1 1 0 0 0 0 1 0 0 1 0 1 1 0 0 1
135	8	 0 0 1 1 1 1 1 0 1 1 0 0 0 1 0 0 0 0 0 1
135	4	 0 0 1 1 1 1 0 0 0 0 1 0 0 1 0 1 1 0 0 1
135	6	 0 1 1 0 0 0 0 0 0 1 0 0 0 1 0 0 0 0 1 1
135	7	 1 0 1 1 1 1 0 0 0 1 1 0 0 1 0 0 1 0 0 1
135	9	 1 1 1 1 1 1 0 0 1 1 1 0 0 1 0 0 0 0 0 1
135	4	 0 1 0 1 1 1 0 0 0 0 1 0 0 1 1 0 0 0 0 0
135	4	 0 0 1 0 0 1 0 0 0 0 0 1 1 1 0 1 0 0 0 0
135	1	 0 1 1 0 0 1 1 0 1 1 1 0 0 1 1 0 0 0 0 1
135	2	 1 1 1 1 1 1 0 0 0 1 0 0 0 1 0 1 0 0 0 0
135	30	 0 1 1 1 1 1 0 0 0 1 1 0 1 1 0 0 0 0 0 1
135	2	 0 0 1 0 0 0 0 1 1 1 0 1 1 1 0 1 0 0 0 0
135	3	 0 0 1 1 1 1 0 0 0 1 1 0 0 0 0 0 0 0 0 1
135	3	 0 0 0 0 1 1 0 0 0 1 1 0 0 1 0 0 0 0 0 1
135	1	 1 0 0 1 1 1 0 0 1 1 1 0 0 1 1 0 0 0 0 1
135	10	 0 0 0 1 1 1 0 0 1 0 1 0 0 1 1 0 0 0 0 1
135	5	 0 0 0 1 1 1 0 0 0 1 1 1 0 1 0 0 0 0 0 0
135	7	 1 0 0 1 1 1 0 0 0 1 1 0 0 1 0 0 0 0 0 1
135	2	 0 0 1 1 0 1 0 1 1 1 1 0 0 1 0 0 1 1 0 1
135	2	 0 0 1 1 1 1 0 0 0 1 1 0 0 1 0 1 0 0 0 1
135	1	 0 0 1 1 1 1 0 0 1 1 1 0 0 0 0 0 0 0 0 1
135	4	 0 0 1 1 0 1 1 0 0 1 1 0 0 1 0 0 0 0 0 1
135	1	 0 1 1 1 1 1 0 0 1 1 1 0 0 1 0 0 0 0 0 0
135	2	 0 1 1 1 1 1 0 1 0 1 1 0 0 1 1 0 0 0 0 1
135	3	 0 0 0 1 1 1 0 0 0 0 1 0 0 1 0 0 0 0 0 1
135	3	 0 0 0 1 1 1 0 1 1 1 1 0 0 1 0 0 0 0 0 1
135	2	 0 0 0 1 1 1 0 0 1 1 1 0 1 1 1 0 0 0 0 1
135	5	 0 0 1 1 0 1 0 0 0 1 1 0 0 1 0 0 0 0 0 0
135	1	 0 0 0 1 1 1 0 0 0 1 1 1 0 1 0 0 0 0 0 1
135	3	 0 0 1 1 0 1 0 0 0 1 1 0 0 1 0 0 0 1 0 1
135	2	 0 0 0 1 1 1 1 0 0 1 1 0 0 1 0 0 1 1 0 1
135	2	 1 0 1 1 1 1 0 0 0 1 0 1 0 1 0 0 0 1 1 1
135	2	 0 0 1 1 1 0 0 0 1 1 1 0 0 1 0 0 0 0 0 1
135	2	 0 0 1 1 1 0 1 1 0 1 0 0 0 1 1 1 0 0 0 1
135	4	 0 1 0 1 1 1 0 1 1 1 1 0 1 1 0 0 0 0 0 0
135	1	 1 0 1 1 1 1 0 0 0 1 1 0 0 1 0 0 0 1 0 1
135	1	 0 1 0 1 1 1 0 0 0 1 1 1 1 1 0 1 0 0 0 0
135	7	 0 1 1 1 1 1 0 0 0 1 1 0 1 1 0 1 0 0 0 1
135	5	 0 1 1 0 0 1 0 0 0 1 0 0 0 0 0 0 0 0 0 1
135	2	 0 0 0 0 1 0 1 0 0 1 0 0 0 1 1 0 0 0 0 1
135	2	 0 0 0 1 1 1 0 0 1 1 1 0 0 1 0 0 0 0 1 1
135	1	 0 1 1 1 1 0 0 0 1 1 1 1 0 1 1 0 0 0 0 1
135	3	 0 0 1 1 1 1 0 0 1 1 1 0 0 0 0 0 0 0 0 0
135	1	 0 1 1 1 1 1 1 0 1 1 1 0 1 0 1 1 0 0 0 1
135	3	 1 0 1 1 1 0 0 0 1 1 1 0 0 1 1 0 0 0 0 1
135	1	 0 0 0 1 1 1 0 0 1 1 1 0 0 1 0 0 0 1 0 0
135	14	 0 1 0 1 1 1 0 0 0 1 1 0 0 1 0 0 0 0 0 1
135	1	 0 1 1 0 0 1 0 0 0 1 0 0 0 0 0 0 1 0 1 0
135	3	 0 0 0 1 1 1 0 0 1 1 1 0 0 1 0 1 0 1 0 1
135	1	 0 1 1 1 1 1 0 0 0 0 1 0 1 1 0 0 0 0 0 1
135	2	 0 0 1 1 1 1 0 0 0 1 1 0 0 1 0 1 0 1 0 0
135	2	 0 0 1 1 1 1 0 0 0 1 1 0 0 1 0 0 0 0 1 0
135	3	 0 0 1 1 1 1 0 0 0 1 1 0 0 1 1 0 0 0 0 1
135	4	 1 0 0 1 1 1 0 0 0 1 0 0 0 1 0 0 0 1 0 1
135	1	 1 1 1 1 1 1 0 0 1 1 0 1 0 1 0 0 0 0 0 1
135	1	 0 0 0 1 1 1 0 0 1 1 0 1 0 1 0 0 0 0 0 0
135	4	 0 0 1 1 1 1 0 0 0 0 1 0 0 1 0 0 0 0 0 0
135	2	 1 1 1 1 1 1 0 0 1 1 0 0 0 1 1 0 0 0 0 1
135	5	 1 0 1 1 1 1 0 0 0 1 0 1 0 1 0 0 1 1 0 1
135	3	 0 0 1 1 1 1 0 0 0 1 1 1 1 1 0 0 0 0 0 1
135	2	 0 0 0 1 1 1 0 0 1 1 0 0 0 1 0 1 0 0 0 1
135	2	 0 0 1 1 1 1 0 0 1 1 1 0 0 1 0 0 0 0 1 1
135	1	 1 0 0 1 1 1 0 0 0 0 1 0 0 1 0 0 0 0 0 1
135	1	 1 0 0 1 1 1 0 0 0 1 0 0 0 1 0 0 0 0 0 0
135	4	 1 0 1 1 1 1 0 0 0 1 0 0 0 1 0 0 0 1 0 1
135	2	 0 0 1 1 0 1 0 0 0 1 1 0 0 1 0 1 0 0 0 0
135	2	 0 0 1 1 1 1 1 0 1 1 0 0 0 1 0 0 0 0 0 0
135	2	 0 0 1 0 0 1 0 0 1 1 0 0 0 1 0 0 0 1 0 1
135	3	 0 0 1 0 1 1 0 0 0 1 1 0 0 1 0 0 0 0 0 1
135	2	 0 0 1 1 1 1 0 0 0 1 1 0 0 1 0 0 1 0 0 1
135	3	 1 0 1 1 1 1 0 0 0 0 1 0 0 1 0 0 0 0 0 1
135	2	 0 0 0 1 1 1 0 0 0 1 0 1 0 1 0 0 0 0 0 1
135	3	 0 1 1 1 1 1 0 0 0 1 0 0 0 1 0 0 0 0 1 1
135	3	 0 0 0 1 1 1 0 0 1 1 1 0 0 1 0 0 1 0 0 1
135	3	 0 1 1 1 1 1 0 0 0 1 1 1 0 1 0 0 0 0 0 0
135	4	 1 0 0 1 1 1 0 0 1 1 0 0 0 1 0 1 0 0 0 0
135	4	 1 0 0 1 1 1 0 0 0 0 1 0 0 1 0 0 0 0 0 0
135	2	 0 0 0 1 0 1 0 0 0 1 1 0 0 1 0 1 0 1 0 0
135	1	 1 1 1 1 1 1 0 1 1 1 1 0 0 1 0 0 0 0 0 1
135	2	 1 0 0 1 1 1 0 0 0 1 1 0 1 1 0 0 0 0 0 1
135	1	 0 0 1 1 1 0 1 0 0 1 0 0 0 1 1 0 0 0 0 1
135	2	 0 1 1 1 1 1 0 0 1 1 1 0 0 1 0 0 1 0 0 1
135	1	 0 0 1 1 0 1 0 1 0 1 1 0 0 1 0 0 0 0 0 1
135	1	 0 1 1 1 1 0 0 0 1 1 1 1 0 1 0 0 0 0 0 1
135	1	 0 1 1 1 0 1 0 0 0 1 1 0 0 1 0 1 0 1 0 0
135	2	 0 1 1 1 1 1 1 0 1 1 1 0 0 1 0 0 0 0 0 1
135	1	 0 0 1 1 1 1 0 0 0 0 1 0 0 1 0 0 0 0 0 1
135	1	 0 0 0 1 1 1 0 0 1 0 0 1 0 1 0 0 0 0 0 1
135	2	 0 0 0 1 1 1 0 0 1 1 1 1 0 1 0 0 0 0 0 1
135	1	 0 1 1 1 1 1 1 0 0 1 1 0 0 1 0 0 0 0 0 1
135	3	 0 0 1 1 1 1 0 0 0 1 1 0 0 0 0 0 0 0 0 0
135	2	 0 0 1 1 1 1 0 0 1 1 1 0 0 1 0 0 0 0 1 0
135	2	 1 0 0 1 1 1 0 0 0 1 0 1 0 1 0 0 0 1 0 1
135	1	 1 0 0 1 1 1 0 0 0 1 1 0 0 1 0 0 1 0 0 0
135	2	 1 0 0 1 1 0 0 0 0 0 1 0 0 1 0 1 1 0 0 1
135	2	 0 1 1 0 0 1 0 0 0 1 0 0 0 1 0 0 0 0 1 1
135	1	 1 0 1 1 1 1 0 0 0 1 1 0 0 1 1 0 1 0 0 1
135	1	 0 0 0 1 1 1 0 0 0 1 1 1 0 1 0 0 0 1 0 1
135	3	 0 0 1 1 1 1 0 0 0 1 1 1 1 1 0 0 0 0 1 1
135	2	 1 0 0 1 1 1 0 0 0 1 1 0 1 1 0 0 0 0 1 1
250	5	 1 0 1 1 1 1 0 0 0 1 1 0 0 1 0 0 0 0 0 1
250	6	 0 1 1 1 1 1 0 0 1 1 1 0 0 1 0 0 0 0 0 1
250	9	 0 1 1 1 0 1 0 0 0 1 1 0 0 1 0 0 0 0 0 1
250	44	 0 1 1 1 0 1 0 0 0 1 1 0 0 1 0 0 0 0 0 0
250	3	 0 1 1 1 1 1 0 0 0 1 1 0 1 1 0 0 0 0 0 0
250	11	 1 1 1 1 1 1 0 0 0 1 1 1 0 1 0 0 1 0 0 0
250	20	 0 1 1 1 0 0 0 0 0 1 1 0 0 1 0 0 0 0 0 0
250	16	 1 0 1 1 1 1 0 0 0 1 1 0 0 1 0 0 0 0 0 0
250	17	 1 1 1 1 1 1 0 0 0 1 1 0 0 1 0 0 0 0 0 1
250	27	 1 0 1 1 1 1 0 0 0 1 1 0 0 1 1 0 0 0 0 1
250	32	 0 1 1 1 0 0 0 0 0 1 1 0 0 1 0 0 0 0 1 0
250	15	 0 1 1 1 0 1 0 0 0 1 1 1 0 1 0 0 0 0 0 0
250	18	 0 1 0 1 0 1 0 0 0 1 1 0 0 1 0 0 0 0 0 0
250	50	 0 1 1 1 0 1 0 0 1 1 1 0 0 1 0 0 0 0 0 0
250	7	 0 1 1 1 1 1 0 0 1 1 1 0 0 1 0 1 0 0 0 1
250	1	 0 1 1 1 0 1 0 0 1 1 1 0 0 1 0 0 0 0 1 1
250	20	 0 1 1 1 0 1 0 0 1 1 1 0 0 1 0 0 0 0 0 1
250	30	 0 1 1 1 1 1 0 0 0 1 1 0 0 1 0 0 0 0 0 0
250	2	 0 1 0 1 1 1 0 0 0 1 0 0 0 1 0 0 0 0 0 1
250	14	 0 1 1 1 1 1 0 0 1 1 1 0 0 1 0 0 0 0 1 1
250	2	 0 1 1 1 0 0 1 0 0 1 1 0 0 1 0 0 0 0 0 0
250	1	 1 1 1 1 1 1 0 0 0 1 1 0 0 1 1 0 0 0 0 1
250	38	 0 0 1 1 1 1 1 0 0 1 1 0 0 1 0 0 0 0 0 0
250	1	 1 0 1 0 1 1 0 0 0 1 1 0 0 1 0 0 0 0 0 0
250	37	 0 1 1 1 0 1 0 1 1 1 1 0 0 1 0 0 0 0 0 1
250	25	 0 1 1 0 0 1 0 0 0 1 1 0 0 1 0 0 0 0 0 0
250	2	 0 0 1 1 1 0 0 0 0 1 1 0 0 1 0 0 0 0 0 0
250	25	 1 0 1 1 0 1 0 0 0 0 1 0 0 1 0 1 0 0 0 1
250	6	 1 0 1 0 1 1 0 0 0 1 1 0 0 1 0 1 0 0 0 0
250	65	 1 1 1 1 1 1 0 0 0 1 1 0 0 1 0 0 0 0 0 0
250	2	 1 0 1 0 1 1 0 0 0 1 1 0 0 1 0 1 1 0 0 0
250	1	 0 1 1 1 0 1 0 0 0 1 1 1 0 0 0 0 0 0 0 0
250	17	 0 1 1 1 0 0 0 0 0 1 0 1 0 1 0 0 0 0 0 0
250	1	 1 0 1 1 1 1 0 0 0 1 1 1 0 1 0 0 0 0 0 0
250	7	 0 1 0 1 1 1 0 0 0 1 1 0 1 1 0 0 0 0 0 0
250	14	 0 1 1 1 0 0 0 0 0 1 1 0 0 1 0 1 0 0 0 0
250	3	 1 0 1 1 1 1 0 0 1 0 1 0 0 1 0 0 0 0 0 1
250	3	 1 1 1 0 1 1 0 0 0 1 1 0 0 1 0 1 0 0 0 0
250	10	 1 1 1 1 0 1 0 0 1 1 1 0 0 1 0 0 0 0 0 1
250	9	 1 1 1 0 1 1 0 0 0 1 1 1 0 1 0 0 0 0 0 0
250	4	 0 0 1 1 0 0 0 0 0 1 1 0 0 1 0 0 0 0 0 0
250	18	 0 1 1 1 1 1 0 0 0 1 1 0 1 1 0 0 0 0 0 1
250	9	 1 1 1 1 0 1 0 1 1 1 1 0 0 1 0 0 0 0 0 1
250	5	 0 1 1 1 0 0 0 0 0 1 1 0 0 1 0 0 0 0 0 1
250	2	 0 1 1 1 0 0 0 0 0 1 1 0 0 1 1 0 0 0 0 0
250	7	 0 1 1 1 0 1 0 1 1 1 1 0 0 1 0 0 0 1 0 1
250	1	 1 1 1 1 1 1 0 0 0 1 1 0 0 1 0 1 0 0 0 0
250	7	 0 1 1 1 1 1 0 0 0 1 1 1 0 1 0 0 0 0 0 0
250	15	 0 1 1 1 0 0 0 0 0 1 1 1 0 1 0 0 0 0 0 1
250	4	 0 0 1 1 1 1 0 0 0 1 1 0 0 1 0 0 0 0 0 1
250	24	 1 1 1 1 1 1 0 0 0 1 1 0 0 1 0 0 0 1 0 0
250	16	 1 1 1 1 1 1 0 0 0 1 0 1 0 1 0 0 0 0 0 1
250	4	 0 0 1 1 1 1 0 1 0 1 1 0 1 1 0 1 0 0 0 0
250	3	 1 1 1 1 0 1 0 0 0 1 1 0 0 1 0 0 0 0 0 1
250	2	 0 0 1 1 1 1 0 0 1 1 1 0 0 1 0 0 0 0 1 1
250	7	 0 1 1 1 1 0 0 0 1 1 1 0 0 1 1 0 0 0 0 1
250	19	 1 1 1 1 0 1 0 0 1 1 1 0 0 1 0 0 1 0 0 1
250	5	 0 1 1 1 0 1 0 0 0 0 1 0 0 1 0 0 0 0 0 0
250	12	 1 1 1 1 1 1 0 1 0 1 1 1 1 1 0 0 0 0 0 1
250	3	 1 1 1 1 0 0 0 0 0 1 1 0 0 1 0 0 0 0 1 0
250	4	 0 1 1 1 0 0 0 0 0 1 0 0 0 1 0 0 0 0 0 0
250	2	 0 1 1 1 0 1 0 0 0 1 1 1 0 1 0 0 0 0 1 0
250	5	 0 1 1 1 1 1 0 0 0 1 1 0 0 1 0 0 0 0 1 1
250	15	 1 1 1 0 1 1 0 0 0 1 0 0 0 1 0 0 1 0 0 0
250	5	 0 1 1 1 0 1 0 1 0 1 1 0 1 1 0 0 0 0 0 1
250	1	 0 1 1 1 1 0 0 0 1 1 1 1 0 1 0 0 0 0 0 0
250	6	 0 1 0 1 0 1 0 0 0 1 1 0 0 1 0 0 0 0 0 1
250	4	 0 0 1 1 1 1 0 1 0 1 1 0 0 1 1 0 0 0 0 1
250	3	 1 0 1 1 1 1 0 0 0 1 1 0 0 1 0 0 0 0 1 1
250	1	 1 0 0 1 1 1 0 1 0 1 1 0 1 1 0 0 0 0 0 1
250	4	 0 1 0 1 0 1 0 0 0 0 1 0 0 1 0 0 0 0 0 1
250	4	 0 1 1 1 0 0 0 0 1 1 1 0 0 1 0 0 0 0 1 1
250	1	 0 0 0 1 0 1 0 0 0 1 1 0 0 1 0 0 0 0 0 0
250	3	 1 0 1 1 0 1 0 0 1 1 1 0 0 1 0 0 0 0 0 1
250	5	 0 1 0 1 0 1 0 0 0 1 1 0 0 1 1 0 0 0 0 0
250	3	 0 1 0 1 0 1 0 0 0 1 1 0 0 0 0 0 0 0 0 0
250	7	 0 1 1 1 0 1 0 0 1 1 1 0 0 0 0 0 0 0 0 0
250	5	 1 0 1 0 1 1 0 0 0 0 1 0 0 1 0 1 1 0 0 0
250	12	 0 1 1 1 0 0 0 0 1 1 1 0 0 1 1 0 0 0 0 0
250	1	 0 1 1 1 0 1 0 1 1 1 1 0 0 1 0 0 0 0 0 0
250	8	 0 1 1 1 0 1 0 0 0 0 1 0 0 1 0 1 1 0 0 0
250	6	 0 0 1 1 1 1 1 0 0 1 0 0 0 1 0 0 0 0 0 0
250	2	 1 1 1 1 0 1 1 0 1 1 1 0 0 1 0 0 0 0 0 1
250	8	 0 1 1 1 1 1 0 0 1 1 1 0 0 1 0 0 0 0 0 0
250	2	 0 1 1 0 0 1 0 0 0 1 1 0 0 1 0 0 0 0 0 1
250	3	 1 0 1 1 1 1 0 0 0 1 1 0 1 1 1 0 0 0 0 1
250	3	 1 1 1 1 1 1 0 0 0 0 1 0 0 1 0 0 0 0 0 0
250	9	 0 1 1 1 0 0 0 0 0 1 1 0 0 1 0 1 0 0 0 1
250	4	 1 0 1 1 1 1 0 0 1 1 1 0 0 1 0 0 0 0 0 0
250	1	 1 1 1 1 0 0 0 0 1 1 1 0 0 1 0 0 0 0 1 1
250	2	 1 0 1 1 1 1 0 0 0 1 1 0 0 1 1 0 0 0 1 1
250	6	 1 0 1 0 1 1 0 0 0 1 1 0 0 1 1 0 0 0 0 1
250	1	 0 1 1 1 0 1 0 0 1 1 1 0 1 1 0 0 0 0 0 0
250	2	 0 0 1 1 1 1 1 0 0 1 1 0 1 1 0 0 0 0 0 0
250	4	 1 1 1 1 1 1 0 0 1 1 1 0 0 1 0 0 0 0 0 0
250	1	 1 1 1 1 0 1 0 0 1 1 1 0 0 0 0 0 0 0 0 1
250	1	 0 1 1 1 1 1 0 0 0 1 1 0 0 1 0 0 1 0 0 1
250	1	 0 1 1 1 0 1 0 1 1 1 1 1 0 1 0 0 1 0 0 0
250	1	 0 0 1 1 1 1 0 0 0 1 1 0 0 1 0 0 0 0 0 0
250	1	 1 0 1 1 0 0 0 0 0 1 0 0 0 1 0 0 0 0 0 0
250	1	 0 1 1 1 0 1 0 1 0 1 1 1 0 1 0 0 0 0 0 0
250	2	 0 1 1 1 1 0 0 0 1 1 1 0 0 1 0 0 0 0 1 1
250	1	 0 1 1 1 0 0 1 0 0 0 1 0 0 1 0 0 0 0 0 0
250	1	 0 0 1 1 1 1 1 0 0 1 1 0 0 1 0 0 1 0 0 0
250	2	 0 1 1 1 0 0 0 1 1 1 1 0 0 1 0 0 0 0 0 1
250	1	 1 0 1 1 1 1 0 0 0 1 1 1 0 1 0 0 1 0 0 0
250	6	 0 0 1 1 1 0 0 0 0 1 1 0 0 1 0 0 0 0 0 1
250	7	 1 1 1 1 0 1 0 0 1 1 1 0 0 0 0 0 1 0 0 1
250	1	 0 1 0 1 0 1 0 0 0 1 0 0 0 0 0 0 0 0 0 0
250	1	 0 1 1 1 0 1 0 0 0 1 1 0 0 1 0 0 0 0 1 0
250	3	 1 0 1 1 1 1 0 0 0 1 1 0 0 1 0 1 0 0 0 1
250	1	 0 1 1 1 1 1 0 0 1 1 1 0 0 1 0 1 0 0 0 0
250	2	 0 0 1 1 1 0 0 1 0 1 1 0 1 1 0 1 0 0 0 0
250	1	 1 0 1 1 1 1 0 0 0 1 1 0 0 0 0 0 0 0 0 0
250	1	 1 0 1 1 1 1 0 0 1 1 1 0 0 1 0 0 0 0 0 1
250	1	 1 1 1 1 1 1 0 1 0 1 1 1 1 1 0 0 0 0 0 0
250	1	 0 1 1 1 0 1 0 1 0 1 1 0 0 1 0 0 0 0 0 1
250	2	 0 1 1 1 0 0 0 0 1 1 1 0 0 1 0 0 0 1 0 0
250	1	 0 1 1 1 0 1 0 1 1 1 1 1 0 1 0 0 0 0 0 1
250	4	 0 1 1 1 0 1 0 0 1 1 1 0 0 1 0 0 0 0 1 0
250	1	 1 0 1 1 1 1 1 0 0 1 1 0 0 1 0 0 0 0 0 0
250	4	 0 1 1 1 0 1 0 1 1 1 0 0 0 1 0 0 0 0 0 1
250	5	 1 1 1 1 1 1 1 0 0 1 1 0 0 1 0 0 0 0 0 0
250	1	 1 1 1 1 1 1 0 0 0 1 1 0 0 0 0 0 0 0 0 0
250	2	 0 1 0 1 1 1 0 0 0 1 1 0 1 1 0 1 0 0 0 0
250	2	 1 1 1 0 1 1 0 0 0 1 1 0 0 1 0 0 1 0 0 0
250	2	 0 1 0 1 0 1 0 0 0 1 1 0 1 0 0 0 0 0 0 0
250	3	 0 1 1 1 0 1 0 0 1 1 1 1 0 1 0 0 1 0 0 0
400	3	 1 0 1 1 1 1 0 0 0 1 1 0 0 1 0 0 0 0 0 0
400	77	 1 1 1 1 1 1 0 0 0 1 1 0 0 1 0 0 0 0 0 0
400	122	 1 1 1 1 1 1 1 0 0 1 1 0 0 1 0 0 0 0 0 0
400	15	 1 1 1 1 0 1 0 0 1 1 1 0 0 1 0 0 0 0 0 0
400	13	 0 1 1 1 0 0 0 0 0 1 0 0 0 1 0 0 0 0 0 0
400	50	 0 1 1 1 1 1 1 0 0 1 1 0 0 1 0 0 0 0 0 0
400	1	 1 1 1 1 1 1 0 0 0 1 1 1 0 1 0 0 0 0 0 0
400	98	 1 1 1 1 1 1 1 1 1 1 1 0 0 1 0 0 0 0 0 0
400	17	 1 1 1 0 0 1 0 1 1 1 1 0 0 1 0 1 0 0 0 0
400	2	 0 1 1 1 0 0 0 0 0 1 1 0 0 1 1 0 0 0 0 0
400	20	 1 1 1 1 0 1 0 0 0 1 1 0 0 1 0 1 0 0 0 1
400	10	 1 1 1 1 0 1 0 0 0 1 0 0 0 1 0 0 0 0 0 0
400	30	 1 0 1 1 0 1 0 0 1 1 1 0 1 1 0 0 0 0 0 0
400	9	 1 1 1 1 0 1 0 0 1 0 1 0 0 1 0 0 0 0 0 0
400	1	 0 1 1 1 1 1 0 0 0 1 1 0 0 1 0 0 0 0 0 0
400	2	 1 1 1 1 1 1 0 0 0 1 1 0 0 1 1 0 0 0 0 1
400	2	 1 1 1 0 0 0 0 0 0 1 1 0 0 1 0 0 0 0 0 0
400	38	 1 1 1 1 0 1 1 0 0 1 1 0 0 1 0 0 0 0 0 0
400	19	 1 1 1 1 1 1 1 1 0 1 1 0 0 1 0 0 1 0 0 0
400	22	 1 1 1 1 1 1 1 0 0 1 1 0 0 1 0 1 0 0 0 0
400	15	 0 1 1 1 0 0 0 0 0 1 0 0 0 1 1 0 0 0 0 0
400	31	 1 1 1 1 1 1 0 0 1 1 1 0 0 1 0 1 0 0 0 0
400	8	 1 1 0 1 1 1 1 1 0 1 1 0 0 1 0 0 1 0 0 0
400	4	 1 1 1 1 1 1 0 0 0 1 1 0 0 1 1 0 0 0 0 0
400	1	 0 1 1 1 0 0 0 0 0 1 1 0 0 0 1 0 0 0 0 0
400	2	 1 1 0 1 0 1 1 0 0 1 1 0 0 1 0 0 0 0 0 0
400	15	 1 1 1 1 0 1 0 1 0 1 1 0 0 1 0 0 0 0 0 0
400	9	 1 1 1 0 0 0 0 0 1 1 1 0 0 1 0 0 0 0 0 0
400	13	 1 0 1 1 0 1 1 0 0 1 1 0 0 1 0 0 0 0 0 0
400	5	 1 1 1 1 0 1 1 0 1 1 1 0 0 1 0 0 0 0 0 0
400	20	 1 1 1 0 0 1 1 1 1 1 1 0 0 1 0 0 0 0 0 0
400	8	 1 1 0 1 0 1 0 0 0 1 0 0 0 1 0 0 0 0 0 0
400	1	 1 1 1 1 1 1 1 0 0 1 1 0 1 0 0 0 0 0 0 0
400	1	 1 1 1 1 1 1 0 0 0 1 1 0 1 1 0 0 0 0 0 0
400	2	 1 1 0 1 0 1 1 0 0 1 0 0 0 1 0 0 0 0 0 0
400	16	 0 1 1 1 0 0 0 0 0 1 1 0 0 1 0 0 0 0 0 0
400	2	 1 1 1 1 1 1 0 0 0 1 1 0 0 1 0 0 0 1 0 0
400	2	 1 1 1 1 1 1 1 0 0 1 1 0 0 1 0 1 0 0 1 0
400	12	 1 1 1 1 1 1 1 0 0 1 1 0 0 0 0 0 0 0 0 0
400	3	 1 1 1 1 0 1 1 0 0 1 1 0 0 1 1 0 0 0 0 0
400	3	 1 1 1 0 1 1 1 0 0 1 1 0 0 1 0 0 0 0 0 1
400	5	 1 1 1 1 0 1 0 0 1 0 1 0 1 1 0 0 0 0 0 0
400	5	 1 1 1 1 1 1 0 0 0 1 1 0 0 1 0 0 0 0 0 1
400	3	 0 1 1 1 0 1 0 0 1 1 1 0 0 1 0 0 0 0 0 0
400	3	 1 1 0 1 0 0 0 0 0 1 1 0 0 1 0 1 0 0 0 0
400	19	 0 1 1 1 1 1 1 1 0 1 1 0 0 1 0 0 0 0 0 0
400	3	 0 1 1 1 1 1 1 0 1 1 1 0 0 1 0 0 0 0 0 0
400	8	 1 1 1 1 1 1 1 1 1 1 1 0 0 1 0 0 0 1 0 0
400	6	 0 1 0 1 1 1 0 0 0 1 1 0 1 1 0 0 0 0 0 0
400	15	 0 1 1 1 0 1 0 0 0 1 1 0 0 1 0 0 0 0 0 1
400	1	 1 1 1 1 1 1 1 1 1 1 1 0 0 1 0 1 0 0 0 0
400	7	 1 1 1 1 1 1 1 0 0 0 1 0 1 0 0 0 0 0 0 0
400	1	 1 1 1 1 1 1 0 0 0 1 1 0 0 1 0 1 0 0 0 0
400	11	 1 1 1 1 1 1 1 0 0 1 1 0 0 1 0 0 1 0 0 0
400	12	 1 1 1 1 1 1 1 1 1 1 1 0 0 1 0 0 0 0 0 1
400	7	 0 1 1 1 0 1 0 0 0 1 1 0 0 1 0 0 0 1 0 0
400	5	 1 1 1 1 1 1 1 0 0 1 1 0 0 1 0 0 1 0 0 1
400	1	 1 1 1 1 1 1 1 0 0 0 1 0 0 1 0 0 0 0 0 1
400	6	 1 1 1 1 0 0 0 0 0 1 1 0 0 1 1 0 0 0 0 0
400	1	 1 1 1 1 0 1 1 0 0 1 1 0 0 1 0 1 0 0 0 0
400	10	 1 1 1 1 1 1 1 0 0 1 1 0 0 1 0 1 0 0 0 1
400	4	 0 1 0 1 0 0 0 0 0 1 0 0 0 1 0 0 0 0 0 0
400	3	 0 0 1 1 0 0 0 0 0 1 0 0 0 1 0 0 0 0 0 0
400	2	 1 1 1 1 0 1 0 1 0 1 1 0 1 1 0 0 0 0 0 0
400	1	 1 0 1 1 1 1 1 0 0 1 1 0 1 0 0 0 0 0 0 0
400	5	 1 1 1 0 0 0 1 1 0 1 1 0 0 1 0 0 0 0 0 0
400	1	 1 1 1 1 1 1 0 0 0 1 1 0 0 1 0 0 0 0 1 0
400	8	 0 1 1 1 0 0 0 0 0 0 0 0 0 1 0 0 0 0 0 0
400	4	 1 1 1 1 0 0 0 0 0 1 1 0 0 1 0 0 0 0 0 0
400	15	 1 1 1 1 0 1 0 0 0 1 1 0 1 1 0 0 0 0 0 0
400	2	 1 1 1 1 1 0 0 0 0 1 1 0 0 1 0 0 0 1 0 0
400	3	 1 1 1 1 1 1 1 1 1 1 1 1 0 1 0 0 0 0 0 0
400	4	 1 1 1 0 0 1 1 0 0 1 1 0 0 1 0 0 0 0 0 1
400	8	 1 1 1 1 0 1 0 0 1 1 1 0 1 1 0 0 0 0 0 0
400	3	 1 1 1 1 1 1 0 0 0 0 1 0 0 1 0 0 0 0 0 0
400	2	 0 1 1 1 0 1 1 0 0 1 1 0 0 1 0 0 0 0 0 0
400	3	 1 1 0 1 1 1 1 0 0 1 1 0 0 1 0 0 0 0 0 1
400	3	 1 1 1 0 0 0 0 1 0 1 1 0 0 1 0 0 0 0 0 0
400	6	 1 1 1 1 0 1 1 0 1 1 1 0 0 1 0 1 0 0 0 0
400	3	 1 1 1 0 0 0 0 1 1 1 0 0 0 1 0 0 1 0 0 0
400	1	 1 1 0 0 0 1 1 1 1 1 1 0 0 1 0 0 0 0 0 0
400	4	 1 1 1 1 1 1 0 0 1 1 1 0 1 1 0 0 0 0 0 0
400	1	 1 0 1 1 1 1 1 0 0 1 1 0 0 1 0 0 0 0 0 0
400	1	 1 1 0 1 0 1 1 0 0 0 1 0 0 1 0 0 0 0 0 0
400	2	 1 1 1 0 0 1 1 1 1 1 1 0 0 1 0 1 0 0 0 0
400	5	 1 1 1 1 1 1 0 0 0 1 0 0 0 1 0 1 0 0 0 0
400	3	 1 1 1 1 1 1 1 0 1 1 1 0 0 1 0 1 0 0 0 0
400	1	 0 0 1 1 0 0 0 0 0 1 0 0 0 0 1 0 0 0 0 0
400	1	 0 1 1 1 0 1 1 1 1 1 1 0 0 1 0 0 0 0 0 0
400	1	 1 1 1 1 1 1 1 0 0 1 1 0 0 1 0 0 0 0 1 0
400	6	 0 1 1 1 1 0 0 0 0 1 0 0 0 1 0 0 0 0 0 0
400	6	 1 1 1 1 1 1 1 0 1 1 1 0 0 1 0 0 0 0 0 0
400	1	 1 1 1 1 0 1 0 0 1 0 1 0 0 1 0 0 0 1 0 0
400	2	 0 1 1 1 1 1 1 1 0 1 1 0 0 1 0 0 1 0 0 0
400	2	 0 1 1 1 0 1 0 0 0 0 0 0 0 1 0 0 0 0 0 0
400	2	 1 0 1 1 0 1 0 1 0 1 1 0 0 1 0 0 0 0 0 0
400	2	 1 1 0 1 0 1 1 0 0 1 0 0 0 0 0 0 0 0 0 0
400	1	 1 1 1 0 1 1 1 0 0 1 1 1 0 1 0 0 0 0 0 1
400	2	 1 1 1 1 0 0 0 0 0 1 1 0 1 1 0 0 0 0 0 0
400	1	 1 1 1 1 1 1 1 0 0 1 1 0 0 1 0 0 0 0 0 1
400	1	 1 1 1 1 1 1 1 1 0 1 1 0 0 1 0 1 0 0 0 0
400	1	 1 1 1 1 1 1 1 1 0 1 1 0 0 1 0 0 0 0 0 0
400	3	 0 1 1 1 1 1 1 0 0 1 1 1 0 1 0 0 0 0 0 0
400	1	 0 1 1 1 1 1 1 0 0 0 1 0 0 1 0 0 0 0 0 0
400	4	 1 1 1 1 1 1 0 1 0 1 1 0 0 1 0 0 0 0 0 0
400	1	 1 0 1 1 0 1 1 0 0 1 0 0 0 1 0 0 0 0 0 0
400	4	 1 0 1 0 0 1 1 0 0 1 1 0 0 1 0 0 0 0 0 0
400	1	 1 1 0 1 0 0 1 0 0 1 0 0 0 1 0 0 0 0 0 0
400	2	 0 1 1 1 0 0 0 0 0 1 1 0 0 1 0 0 0 0 0 1
400	1	 0 1 1 1 0 1 0 0 0 1 1 0 0 1 0 0 0 0 1 1
400	1	 0 1 1 1 0 1 1 0 1 1 1 0 0 1 0 0 1 0 0 0
400	2	 1 1 1 1 1 1 1 0 0 1 1 0 0 1 0 1 0 1 0 1
590	7	 1 1 1 1 0 1 1 1 1 1 0 0 0 1 0 0 0 0 0 0
590	1	 1 1 0 1 1 1 0 0 0 1 1 0 0 1 0 0 0 0 0 0
590	10	 0 1 1 1 0 0 1 0 1 0 1 0 0 1 0 0 0 0 0 0
590	95	 1 1 1 1 0 1 1 0 1 0 1 0 0 1 0 0 0 0 0 0
590	4	 1 1 1 1 0 1 1 0 0 1 1 1 0 1 0 0 0 0 0 1
590	4	 1 1 1 1 1 1 1 1 0 1 1 0 0 1 0 0 0 0 0 0
590	47	 1 1 1 1 1 1 0 0 0 0 1 0 0 1 1 0 0 0 0 0
590	4	 1 1 1 1 1 1 0 1 1 1 1 1 0 1 0 0 0 0 0 0
590	12	 1 1 1 1 1 1 1 1 0 1 1 0 0 1 0 0 0 0 0 1
590	11	 1 1 1 1 0 0 1 0 1 1 0 0 0 1 0 0 0 0 0 0
590	12	 1 1 1 1 1 1 0 1 0 1 1 0 0 1 0 0 0 0 0 0
590	3	 1 1 1 1 0 1 0 0 1 0 1 0 0 1 0 0 0 0 0 0
590	38	 1 1 1 1 0 1 1 0 0 1 1 1 1 1 0 0 0 0 0 0
590	13	 1 1 1 1 0 1 0 1 1 1 0 0 0 1 0 0 0 0 0 0
590	4	 1 1 1 1 1 0 0 1 1 1 0 0 0 1 0 0 0 0 0 0
590	15	 0 1 1 1 0 1 1 1 1 1 0 0 0 1 0 0 0 0 0 0
590	5	 0 1 1 1 0 0 1 1 1 0 1 0 0 1 0 0 0 0 0 0
590	11	 1 1 1 1 1 0 0 1 1 1 1 1 1 1 0 0 0 1 0 0
590	1	 1 1 0 1 0 1 1 0 1 0 1 0 1 1 0 0 0 0 0 1
590	40	 1 0 1 1 1 1 0 0 1 1 1 1 0 1 0 0 0 0 0 0
590	2	 1 1 1 1 0 0 1 0 1 1 0 0 1 1 0 0 0 0 0 0
590	3	 1 1 1 1 1 1 1 0 0 1 1 0 1 1 0 0 0 0 0 0
590	16	 1 1 1 1 1 1 1 1 1 1 0 0 0 1 0 0 0 0 0 0
590	4	 1 1 0 1 0 1 1 0 0 1 1 1 1 1 0 0 0 1 0 0
590	3	 1 1 1 1 0 1 0 0 1 0 1 0 0 1 0 1 0 0 0 0
590	31	 1 1 1 1 0 0 1 0 1 1 1 0 0 1 0 0 0 0 0 0
590	8	 1 1 0 1 0 1 1 1 1 1 0 0 0 1 0 0 0 0 0 0
590	9	 1 1 1 1 0 1 0 0 1 1 1 0 0 1 0 0 0 0 0 1
590	13	 1 1 1 1 1 1 1 1 1 1 1 1 0 1 0 0 0 0 0 0
590	2	 1 1 0 1 1 0 0 0 0 1 1 0 0 1 0 0 0 0 0 0
590	9	 0 1 1 1 0 1 1 0 0 1 1 0 1 1 0 0 0 0 0 0
590	24	 1 1 1 1 1 1 0 1 0 1 0 1 1 1 0 0 0 0 0 1
590	14	 1 1 1 1 1 1 0 0 0 0 1 1 0 1 1 0 0 0 0 0
590	4	 1 1 1 1 1 1 1 0 1 1 1 1 0 1 0 0 0 0 0 0
590	6	 1 1 1 1 0 0 1 0 1 0 1 0 0 1 0 0 0 0 0 0
590	8	 1 1 1 1 0 1 1 0 1 1 1 0 1 1 0 1 0 1 0 0
590	33	 1 1 1 1 1 0 1 0 1 1 0 0 1 1 0 0 0 0 0 0
590	16	 1 1 1 1 1 1 0 1 0 1 1 0 0 1 0 0 0 0 0 1
590	13	 1 1 1 1 1 0 1 1 1 1 0 0 0 1 0 0 0 0 0 0
590	14	 1 1 1 1 0 0 0 1 1 1 0 0 0 1 0 0 0 0 0 1
590	12	 1 0 1 1 1 1 0 0 1 0 1 0 0 1 0 0 0 0 0 0
590	1	 1 1 1 1 1 0 0 0 0 0 1 0 0 1 1 0 0 0 0 0
590	31	 1 1 1 1 1 1 0 1 0 1 1 1 0 1 0 0 0 0 0 0
590	9	 1 1 1 1 0 1 1 1 1 0 0 1 0 1 0 0 0 0 0 0
590	2	 1 0 0 1 1 0 0 0 0 1 0 0 0 1 0 0 0 0 0 1
590	6	 1 1 0 1 1 1 1 1 1 1 1 0 0 1 0 0 0 0 0 0
590	3	 0 1 0 1 0 1 1 1 1 1 0 0 0 1 0 0 0 0 0 0
590	16	 1 1 0 1 1 1 0 0 0 0 1 0 0 1 1 0 0 0 0 0
590	6	 1 1 1 1 1 1 0 1 1 1 0 0 0 1 0 0 0 0 0 0
590	3	 1 1 1 1 1 0 0 1 0 1 0 0 0 1 0 0 0 0 0 0
590	1	 1 1 1 1 0 1 0 1 1 1 0 1 0 1 1 0 0 0 0 0
590	1	 1 1 1 1 0 0 1 0 0 1 1 1 1 1 0 0 0 0 0 0
590	4	 1 1 1 1 0 1 1 0 0 1 1 0 0 1 0 0 0 0 0 1
590	12	 1 1 1 1 0 1 0 0 1 0 1 0 0 1 0 0 0 0 1 0
590	14	 0 1 1 1 0 0 1 0 1 0 1 0 0 1 0 0 0 0 0 1
590	10	 1 1 0 1 0 1 0 1 1 1 0 0 0 1 0 0 0 0 0 0
590	12	 1 1 1 1 0 1 0 0 1 0 1 0 0 0 0 0 0 0 0 0
590	5	 1 1 0 1 0 1 1 1 1 1 0 0 0 1 0 0 0 1 0 0
590	7	 1 1 0 1 0 1 1 0 0 1 1 0 1 1 0 0 0 0 0 0
590	16	 1 1 1 1 1 1 0 1 1 1 0 1 0 1 0 1 0 0 0 0
590	3	 1 1 1 1 0 1 1 0 1 0 1 0 0 1 0 0 1 0 0 0
590	9	 1 1 1 0 1 1 0 1 0 1 1 0 0 1 0 0 0 0 0 1
590	2	 1 1 1 1 1 0 0 1 1 0 1 1 1 1 0 0 0 1 0 0
590	2	 1 1 1 1 0 1 0 0 1 0 1 0 0 1 0 0 0 0 0 1
590	3	 0 1 1 1 0 1 1 0 1 1 1 0 1 1 0 1 0 1 0 0
590	15	 1 1 1 1 0 1 1 0 1 0 0 0 0 1 0 0 0 0 0 0
590	1	 0 1 1 1 0 1 1 0 0 1 1 0 1 1 0 0 1 0 0 0
590	4	 1 1 0 1 1 0 1 1 1 1 0 0 0 1 0 0 0 0 0 0
590	12	 1 1 1 1 0 0 0 1 1 1 0 0 0 1 0 0 0 0 0 0
590	4	 1 1 1 1 0 1 0 0 0 0 1 0 0 1 0 1 0 0 0 0
590	7	 1 1 0 1 1 1 0 1 0 1 0 1 1 1 0 0 0 0 0 1
590	6	 1 1 0 1 0 1 1 0 0 1 1 0 0 1 0 0 0 0 0 0
590	6	 1 1 1 1 1 1 0 0 0 1 1 0 0 1 0 0 0 0 0 0
590	4	 1 1 0 1 1 1 0 0 0 0 1 0 0 1 1 0 0 0 0 1
590	5	 1 1 1 1 0 1 1 0 1 1 1 1 1 1 0 0 0 0 0 0
590	8	 0 1 1 1 0 1 0 0 0 1 1 1 0 1 0 0 0 0 0 1
590	3	 1 0 1 1 1 1 0 0 1 0 1 0 0 1 0 0 0 0 0 1
590	3	 1 1 1 1 1 1 0 1 0 1 1 0 0 1 1 0 0 0 0 0
590	1	 1 1 1 0 0 1 0 1 1 1 0 0 0 1 0 0 0 0 0 0
590	1	 1 1 0 1 0 0 1 0 1 1 1 0 0 1 0 0 0 0 0 0
590	4	 1 1 1 1 0 0 0 1 1 1 0 0 0 1 0 0 1 0 0 1
590	4	 1 1 1 1 1 1 0 1 1 1 1 0 0 1 1 0 0 0 0 1
590	3	 0 1 1 1 0 0 1 0 1 1 0 0 1 1 0 0 0 0 0 0
590	2	 1 1 1 1 1 1 0 0 0 0 1 0 0 1 1 0 1 0 0 0
590	3	 1 1 1 1 0 1 0 0 1 0 1 0 1 1 0 0 0 0 0 0
590	6	 0 1 1 1 1 1 0 1 1 1 1 1 0 1 0 0 0 1 0 0
590	8	 1 1 1 1 0 1 0 0 1 0 1 0 0 0 0 0 0 0 1 0
590	7	 1 1 0 1 0 0 0 1 1 1 0 0 0 1 0 0 0 0 0 1
590	3	 1 1 1 1 1 1 0 1 1 1 0 0 0 1 0 0 0 1 0 0
590	6	 1 1 0 1 0 1 1 1 1 1 0 0 0 1 0 0 1 1 0 0
590	1	 1 1 1 1 1 0 0 0 1 0 1 0 0 1 1 0 0 0 0 1
590	1	 0 1 1 1 0 1 1 1 1 0 1 0 0 1 0 0 0 0 0 0
590	6	 1 1 1 1 1 1 0 1 1 0 1 0 0 1 0 0 0 0 0 0
590	9	 1 1 1 1 0 1 0 1 1 1 0 1 0 1 0 0 0 0 0 0
590	1	 0 1 0 1 1 1 0 0 0 1 1 0 0 1 0 0 0 0 0 0
590	3	 1 1 1 1 0 1 1 0 1 0 1 0 0 1 1 0 0 0 0 0
590	4	 1 1 1 1 0 1 1 0 0 1 1 0 1 1 0 0 0 0 0 0
590	4	 1 1 1 1 1 1 1 1 1 1 1 1 0 1 0 0 1 0 0 0
590	1	 0 1 0 1 0 0 1 1 1 1 0 0 0 1 0 0 0 0 0 0
590	6	 1 1 1 1 1 0 1 0 0 1 1 1 1 1 0 0 0 0 0 0
590	5	 1 1 0 1 1 1 0 0 0 1 1 0 1 1 0 0 0 0 0 0
590	3	 0 1 1 1 0 1 1 0 0 1 1 0 0 1 0 0 0 0 0 0
590	1	 0 1 1 1 0 1 1 0 0 1 1 0 0 1 0 0 0 0 0 1
590	4	 1 1 1 1 1 1 0 1 1 1 0 1 0 1 0 1 1 0 0 0
590	3	 1 1 1 1 1 1 0 0 1 1 1 1 0 1 0 0 0 0 0 0
590	4	 1 1 1 1 0 1 1 1 0 1 0 1 1 1 0 0 0 0 0 1
590	8	 1 1 0 1 1 1 0 0 1 1 0 0 0 1 0 0 0 0 0 0
590	7	 1 0 1 1 0 1 1 0 1 0 1 0 0 1 0 0 0 0 0 0
590	3	 1 1 1 1 0 1 1 0 1 0 1 0 0 1 0 0 0 0 1 0
590	2	 1 1 1 1 1 1 1 0 0 0 1 0 0 1 1 0 0 0 0 0
590	1	 1 1 1 1 1 1 0 1 0 1 1 0 0 1 0 0 0 0 1 1
590	2	 1 0 1 1 1 1 0 1 1 1 0 0 0 1 0 0 0 0 0 0
590	2	 1 1 1 1 0 1 0 0 1 0 1 0 0 0 1 0 0 0 0 0
590	1	 1 1 0 1 0 1 1 0 0 1 1 1 0 1 0 0 0 0 0 0
590	4	 1 1 1 1 1 1 0 0 0 0 0 0 0 1 1 0 1 0 0 0
590	2	 1 1 1 1 1 1 0 1 1 1 0 0 0 0 0 0 0 1 0 0
590	1	 1 1 1 1 1 1 0 0 0 0 1 0 0 1 1 0 0 0 0 1
590	2	 1 1 1 1 0 1 1 1 0 1 1 0 0 1 0 0 0 0 0 0
590	1	 0 1 1 1 0 1 1 1 0 1 0 1 1 1 0 0 0 0 0 1
590	2	 1 1 1 1 0 1 1 0 1 0 1 1 0 1 0 0 0 0 0 0
590	1	 1 1 1 0 1 1 0 0 0 0 1 0 0 1 1 0 0 0 0 0
590	2	 1 1 1 1 1 1 0 0 0 0 0 0 0 1 1 0 0 0 0 0
590	1	 0 1 1 1 1 1 0 1 0 1 1 0 0 1 0 0 0 0 0 0
590	1	 1 1 1 1 1 0 0 1 1 1 0 1 0 1 0 0 0 0 0 0
590	1	 1 1 1 1 1 1 0 1 0 1 0 0 0 1 0 1 0 0 0 0
590	1	 1 1 1 1 0 0 1 0 1 1 1 1 0 1 0 0 0 0 0 0
590	3	 0 1 1 1 1 1 0 1 0 1 1 0 0 1 0 0 0 0 0 1
590	1	 1 1 1 1 1 1 0 0 1 0 1 0 0 1 0 0 0 0 0 0
590	1	 0 1 0 1 1 1 0 0 0 0 1 0 0 1 1 0 0 0 0 0
590	1	 1 1 1 1 0 1 0 1 1 0 0 1 0 1 1 0 0 0 0 0
590	2	 1 0 0 1 0 1 1 0 0 1 0 0 0 1 0 0 0 0 0 0
590	2	 1 1 1 1 1 1 1 0 0 0 1 0 1 1 0 0 0 0 0 0
590	2	 0 0 1 1 0 1 1 0 0 1 1 0 1 1 0 0 0 0 0 0
590	1	 1 1 1 1 1 1 1 1 1 0 0 1 0 1 0 0 0 0 0 0
590	1	 0 1 0 1 1 1 0 0 0 1 1 0 0 1 0 0 0 0 0 1
720	36	 1 1 1 1 0 1 1 0 1 0 1 0 0 1 0 0 0 0 0 0
720	6	 1 1 1 1 1 1 1 1 1 1 0 0 0 1 0 0 0 0 0 0
720	5	 1 1 1 1 1 0 1 0 1 1 0 0 1 1 0 0 0 0 0 0
720	35	 1 1 1 1 0 0 0 1 1 1 0 0 0 1 0 0 0 0 0 0
720	38	 1 1 1 1 0 0 1 0 1 0 1 0 0 1 0 0 0 0 0 1
720	8	 1 1 1 1 0 0 0 1 1 1 0 0 0 1 1 0 0 0 0 0
720	31	 1 1 1 1 0 0 1 0 1 0 0 0 0 1 0 0 0 0 0 0
720	4	 1 1 1 1 0 1 0 1 0 0 1 1 0 1 1 0 0 0 0 0
720	68	 1 1 1 1 0 0 1 0 1 1 0 0 1 1 0 0 0 0 0 0
720	14	 0 1 1 1 0 0 1 0 1 0 0 0 0 1 0 0 0 0 0 0
720	11	 1 1 1 1 1 0 1 0 1 1 0 0 1 1 0 1 0 1 0 0
720	46	 1 1 1 1 1 0 1 0 1 1 0 1 0 1 0 0 0 0 0 0
720	44	 1 1 1 1 1 0 1 0 0 1 0 1 1 1 0 0 0 0 0 0
720	36	 1 1 1 1 0 1 1 0 1 0 0 0 1 1 0 0 0 0 0 0
720	2	 1 1 1 1 0 0 1 0 1 1 0 1 0 1 0 0 0 0 0 0
720	34	 1 1 1 1 1 0 1 0 0 1 0 1 1 1 1 0 0 0 0 0
720	14	 1 1 1 0 1 1 0 1 1 1 0 1 0 1 0 0 0 0 0 0
720	4	 1 1 1 1 1 0 1 0 0 1 0 1 1 0 0 0 0 0 0 0
720	8	 1 1 1 1 1 0 0 1 1 1 0 1 0 1 0 0 1 0 0 0
720	23	 1 0 1 1 1 1 0 0 1 0 1 0 0 1 0 1 0 0 0 0
720	7	 1 1 1 1 1 0 1 0 0 1 0 1 1 1 0 0 0 1 0 0
720	5	 1 1 1 1 1 0 1 0 1 1 0 1 1 1 0 0 0 0 0 0
720	2	 1 1 1 1 1 0 1 0 1 1 0 1 0 1 0 0 0 1 0 1
720	29	 1 1 1 1 0 0 1 0 1 0 1 0 0 1 0 0 0 0 0 0
720	5	 1 1 0 1 0 1 1 0 1 0 1 0 0 1 0 0 0 0 0 0
720	12	 1 1 1 1 1 1 1 0 0 0 1 0 0 1 0 1 0 0 0 0
720	31	 1 1 1 1 1 0 0 1 1 1 1 0 0 1 0 0 0 0 0 0
720	34	 1 1 1 1 1 1 1 1 1 1 0 1 1 1 0 0 0 0 0 0
720	10	 1 0 1 1 1 0 1 0 1 1 0 0 0 1 0 0 0 0 0 0
720	12	 1 1 1 1 0 0 1 0 0 1 0 0 1 1 0 0 0 0 0 0
720	9	 1 1 1 1 0 0 1 0 1 0 0 0 1 1 0 0 0 0 0 0
720	1	 1 1 1 1 1 1 1 1 1 0 0 0 1 1 0 0 0 0 0 0
720	4	 1 1 1 0 1 0 1 1 1 1 0 0 0 1 0 0 0 0 0 0
720	20	 1 1 1 1 0 1 1 0 0 0 1 0 0 1 0 0 0 0 0 0
720	12	 1 0 1 1 1 0 1 0 1 1 1 0 0 1 0 0 0 0 0 0
720	12	 1 1 1 1 1 1 1 1 1 1 0 0 0 1 0 1 0 0 0 0
720	2	 1 1 1 1 1 0 1 0 1 1 0 1 0 0 0 0 0 0 0 0
720	31	 1 1 1 1 1 0 0 1 1 1 0 1 0 0 0 0 1 0 0 0
720	13	 1 1 1 1 1 1 1 1 1 1 0 1 0 1 0 0 0 0 0 0
720	7	 1 1 1 1 1 0 1 0 1 0 0 0 1 1 0 0 0 0 0 0
720	1	 1 1 1 1 0 0 1 0 1 1 0 1 0 0 0 0 0 0 0 0
720	7	 1 1 1 1 0 0 1 0 1 0 1 0 1 1 0 0 0 0 0 0
720	32	 0 1 1 1 0 0 1 0 0 0 0 0 0 1 0 0 0 0 0 0
720	8	 1 1 1 1 0 0 1 0 1 1 0 0 1 1 1 0 0 0 0 0
720	3	 1 1 1 1 1 0 1 0 1 1 0 1 0 1 0 0 1 0 0 0
720	2	 1 1 1 1 0 1 1 0 1 0 0 0 1 1 0 0 0 0 0 1
720	1	 1 1 1 1 1 0 1 0 0 1 0 1 1 0 1 1 0 0 0 0
720	2	 0 1 1 1 0 0 1 0 1 0 0 1 0 1 0 0 0 0 0 1
720	7	 1 1 1 0 1 0 1 0 1 0 1 0 0 1 0 0 0 0 0 0
720	1	 1 1 0 1 0 0 1 0 1 0 1 0 0 1 1 0 0 1 0 0
720	5	 1 1 1 1 0 1 0 1 0 0 1 1 0 1 0 0 0 0 0 0
720	1	 1 1 1 1 1 1 0 0 1 0 1 1 0 1 1 0 0 0 0 0
720	8	 1 1 1 1 1 0 1 0 0 1 0 1 0 1 0 0 0 0 0 0
720	3	 1 1 1 1 0 1 0 1 0 0 1 1 0 1 1 0 0 1 0 0
720	6	 1 1 1 1 1 1 1 0 1 0 0 0 1 1 0 0 0 0 0 0
720	2	 1 0 1 1 0 1 1 0 1 0 0 0 1 1 0 0 0 0 0 0
720	1	 1 1 1 1 0 1 1 0 1 0 0 0 1 1 1 0 1 0 0 0
720	4	 1 1 1 1 1 0 1 0 1 0 1 0 0 1 0 0 0 0 0 0
720	3	 1 0 1 1 1 0 1 0 1 1 0 1 0 1 0 0 0 1 0 1
720	10	 1 0 1 1 1 1 0 0 1 0 0 0 1 1 0 0 0 0 0 0
720	3	 1 1 1 1 0 1 1 0 1 0 1 0 1 1 0 0 0 0 0 0
720	3	 1 1 1 1 0 0 1 0 1 0 0 1 0 1 0 0 0 0 0 0
720	2	 1 1 1 0 1 1 0 1 1 0 0 1 0 1 0 0 0 0 0 0
720	20	 1 1 1 1 0 1 1 0 0 0 1 0 0 1 0 1 0 0 0 0
720	1	 1 1 1 1 1 0 1 0 1 1 0 0 0 0 0 0 1 0 0 0
720	6	 1 0 1 1 1 0 1 0 1 1 0 0 1 1 0 1 0 1 0 0
720	1	 1 1 1 1 1 0 1 0 1 0 0 0 1 1 0 0 0 0 1 0
720	5	 1 1 1 0 1 1 0 1 1 1 0 0 0 1 0 0 0 0 0 0
720	3	 1 1 1 1 0 0 0 1 1 1 1 0 0 1 0 0 0 0 0 0
720	2	 1 1 1 1 0 0 0 0 1 0 1 0 0 1 0 0 0 0 0 0
720	5	 0 1 1 1 1 1 1 1 1 1 0 0 0 1 0 0 0 0 0 0
720	10	 1 1 1 1 1 0 1 0 1 1 0 1 0 1 0 1 0 0 0 0
720	8	 1 1 1 0 1 0 1 0 1 0 0 1 1 1 0 0 1 0 0 0
720	3	 0 1 1 1 1 0 1 0 0 1 0 1 1 1 1 0 0 0 0 0
720	2	 1 1 1 1 1 0 1 0 0 1 0 1 0 1 1 0 0 0 0 0
720	3	 1 1 1 1 1 1 1 1 0 1 1 0 0 1 0 0 1 0 0 0
720	3	 1 1 1 1 0 0 1 1 1 0 1 0 0 1 0 0 0 0 0 1
720	1	 1 1 1 1 1 0 1 0 1 1 0 0 0 1 0 0 0 0 0 0
720	3	 1 1 1 1 0 0 1 0 1 0 1 0 0 1 0 0 1 0 0 0
720	3	 1 1 0 1 1 1 1 1 1 1 0 1 1 1 0 0 0 0 0 0
720	2	 1 1 1 1 0 1 1 0 1 1 1 0 0 1 0 0 0 0 0 0
720	1	 1 0 1 1 1 1 1 1 1 1 0 1 0 1 0 0 0 0 0 0
720	1	 1 1 1 1 0 1 0 1 0 0 1 1 1 1 0 0 0 0 0 0
720	1	 1 1 1 1 0 0 1 0 1 1 0 0 0 1 0 0 0 0 0 0
720	2	 1 1 1 1 1 0 0 0 0 1 0 1 1 1 1 0 0 0 0 0
720	2	 1 1 1 1 1 1 0 1 1 1 0 1 0 1 0 0 0 0 0 0
720	1	 1 1 1 1 1 0 1 0 1 1 0 1 1 1 0 1 0 0 0 0
720	6	 1 1 1 1 0 0 1 0 0 0 1 0 0 1 0 0 0 0 0 0
720	9	 0 1 1 1 1 0 0 1 1 1 1 0 0 1 0 0 0 0 0 0
720	3	 1 1 1 1 1 0 1 1 1 1 1 0 0 1 0 0 0 0 0 0
720	2	 1 1 1 1 1 0 0 1 0 1 1 0 0 1 0 0 0 0 0 0
720	1	 1 1 1 1 0 1 1 0 1 1 0 1 0 0 0 0 1 0 0 0
720	2	 1 1 1 1 0 0 1 0 1 0 0 0 1 1 0 1 0 1 0 0
720	1	 1 1 1 1 0 0 1 1 1 1 0 0 1 1 0 0 0 0 0 0
720	4	 1 1 1 1 1 0 1 0 1 1 0 1 1 1 1 0 0 0 0 0
720	1	 1 0 1 1 1 1 0 0 1 0 1 0 0 0 0 1 0 0 0 0
720	1	 1 1 1 1 1 0 1 0 1 1 0 1 0 1 0 1 0 1 0 1
720	1	 1 1 1 1 0 1 1 0 0 1 0 1 1 1 0 0 0 0 0 0
720	3	 1 1 1 1 0 0 1 0 0 0 1 0 0 1 0 0 0 0 0 1
720	2	 1 1 1 1 0 0 0 1 1 1 0 0 0 1 1 0 0 0 1 0
720	1	 1 1 1 1 0 0 1 0 0 0 0 0 0 1 0 0 0 0 0 0
720	1	 1 1 0 1 0 0 1 0 1 1 0 0 1 1 0 0 0 0 0 0
720	3	 1 1 1 1 1 0 0 0 1 1 0 1 0 1 0 0 0 0 0 0
720	2	 1 1 1 1 0 1 1 0 1 0 0 0 1 1 0 0 1 0 0 0
720	1	 0 1 1 1 0 0 1 0 1 1 0 1 0 0 0 0 0 0 0 0
720	2	 1 1 0 0 0 0 1 0 1 1 0 1 0 1 0 0 0 0 0 0
720	2	 1 1 1 0 1 0 1 0 1 1 0 1 0 1 0 0 0 0 0 0
720	2	 1 1 1 1 0 0 0 1 1 1 0 0 0 1 0 0 0 1 0 0
720	2	 1 1 1 1 0 1 0 0 0 0 1 1 0 1 1 0 0 0 0 0
720	3	 0 1 1 1 1 0 1 0 0 1 0 1 1 1 0 0 0 0 0 0
720	2	 1 1 1 1 1 0 1 0 0 1 1 1 1 1 0 0 0 0 0 0
720	1	 1 0 1 1 1 0 1 0 0 1 0 1 1 1 1 0 0 0 0 0
720	2	 1 1 1 0 1 0 0 1 1 1 1 0 0 1 0 0 0 0 0 0
720	2	 1 1 1 1 1 1 1 1 1 1 0 1 1 1 0 1 0 0 0 0
720	2	 1 1 1 1 0 0 1 0 1 1 0 0 1 0 0 1 0 1 0 0
720	1	 1 1 1 1 0 1 1 0 0 0 1 0 1 1 0 0 0 0 0 0
720	1	 0 1 1 1 0 0 0 0 0 0 0 0 0 1 0 0 0 0 0 0
720	1	 1 1 1 1 0 1 0 1 0 0 1 1 0 1 0 0 0 0 0 1
720	1	 1 1 1 1 1 1 1 0 1 1 0 1 0 1 0 1 0 0 0 0
720	2	 0 1 1 1 1 0 0 1 0 1 1 0 0 1 0 0 0 0 0 0
720	1	 1 1 1 1 0 0 1 1 0 0 1 0 0 1 0 0 0 0 0 1
880	162	 1 1 1 1 1 0 1 0 1 0 0 0 1 1 0 0 0 0 0 0
880	20	 1 1 1 1 1 1 1 1 1 0 0 1 1 1 0 0 0 0 0 0
880	32	 1 1 1 1 1 1 1 1 1 0 0 0 0 1 0 0 0 0 0 0
880	31	 1 1 1 0 1 0 1 0 0 0 0 0 1 1 0 0 0 0 0 0
880	1	 1 1 1 1 1 0 0 1 1 0 0 1 0 0 0 0 1 0 0 0
880	6	 1 1 1 1 1 0 1 0 0 0 0 0 1 1 0 0 0 0 0 0
880	8	 1 1 1 1 1 0 1 0 1 0 0 1 1 0 0 0 0 0 0 0
880	4	 0 1 1 1 0 0 1 0 1 0 0 0 1 1 1 0 0 0 0 0
880	2	 0 1 1 1 0 0 1 0 1 0 0 0 1 0 0 0 0 0 0 0
880	15	 1 1 1 1 1 0 0 1 1 0 0 1 1 1 0 0 0 0 0 0
880	58	 1 1 1 1 0 0 1 0 1 0 0 1 1 1 0 0 0 0 0 0
880	18	 1 1 1 1 1 0 1 0 1 0 0 0 1 1 1 0 0 0 0 0
880	17	 0 1 1 1 0 0 1 0 1 0 0 0 1 1 0 0 0 0 0 0
880	24	 1 1 1 1 1 0 1 0 0 0 0 0 0 1 0 0 0 0 0 0
880	16	 1 1 1 1 1 0 1 0 1 0 0 0 0 1 0 0 0 0 0 0
880	26	 1 1 1 1 1 1 0 1 1 0 0 1 0 0 0 0 0 0 0 0
880	17	 1 1 1 1 0 0 1 0 1 0 0 0 1 1 0 0 0 0 0 0
880	21	 0 1 1 1 1 0 1 0 1 0 0 0 1 1 0 0 0 0 0 0
880	12	 1 1 1 1 1 1 0 1 1 0 0 1 0 0 0 0 1 0 0 0
880	24	 1 1 1 1 1 0 1 0 1 0 0 0 1 1 0 1 0 0 0 0
880	44	 1 1 1 1 0 0 1 0 1 0 0 0 1 1 0 1 0 0 0 0
880	11	 1 1 1 0 1 0 1 0 0 0 0 0 1 1 1 0 0 0 0 0
880	1	 0 0 1 1 0 0 1 0 1 1 0 0 0 1 0 1 0 0 0 0
880	2	 0 1 1 1 1 0 1 0 0 0 0 0 1 0 0 0 0 0 0 0
880	11	 1 1 1 0 1 0 0 0 1 1 0 0 1 1 0 0 0 0 0 0
880	1	 1 1 1 1 1 0 1 1 1 0 0 0 1 1 0 0 0 0 0 0
880	9	 1 1 1 1 1 0 1 0 0 0 1 0 1 1 0 0 1 0 0 0
880	2	 1 1 1 1 1 1 1 0 1 0 0 0 1 1 0 0 0 0 0 0
880	11	 1 1 1 0 1 0 1 0 1 0 0 0 1 1 0 0 0 0 0 0
880	8	 0 1 1 1 0 1 1 0 1 0 0 0 1 1 0 0 0 0 0 0
880	16	 1 0 1 1 0 0 1 0 1 0 0 0 1 1 0 1 0 0 0 0
880	1	 1 1 1 1 1 0 0 1 1 0 0 1 0 0 0 0 0 0 0 0
880	11	 1 1 1 1 1 0 0 0 1 0 0 0 1 1 0 0 0 0 1 0
880	11	 1 1 1 1 0 0 1 0 1 0 0 0 1 1 1 0 0 0 0 0
880	3	 1 1 1 1 1 0 1 0 1 0 0 1 0 0 0 0 1 0 0 0
880	15	 1 1 1 0 1 0 1 0 1 0 0 0 1 1 0 0 0 0 1 0
880	2	 1 1 1 0 1 0 1 0 0 0 0 0 1 0 0 0 0 0 0 0
880	3	 1 0 1 1 1 0 1 0 1 0 0 0 1 1 0 0 0 0 0 0
880	17	 1 0 1 1 0 0 1 0 1 0 0 0 1 1 0 0 0 0 0 0
880	14	 1 1 1 1 0 0 1 0 1 0 0 0 1 1 0 1 1 0 0 0
880	16	 1 1 1 1 1 0 1 1 1 0 0 0 1 1 1 0 0 0 0 0
880	14	 1 1 1 1 1 1 1 1 1 0 0 1 0 1 0 0 0 0 0 0
880	7	 1 1 1 1 1 0 1 0 1 0 0 0 0 0 0 0 1 0 0 0
880	5	 1 1 1 1 1 0 1 1 1 0 0 0 0 1 0 0 0 0 0 0
880	6	 0 1 1 1 0 0 1 0 0 0 0 0 1 1 1 0 0 0 0 0
880	5	 1 1 1 1 1 0 1 0 1 0 0 0 1 0 0 0 0 0 0 0
880	2	 1 1 1 1 0 1 1 0 1 0 0 1 1 1 0 1 0 0 0 0
880	3	 1 1 1 1 1 0 0 0 1 0 0 0 1 1 0 1 0 0 0 0
880	4	 1 1 0 1 0 0 1 0 1 0 0 1 1 1 0 0 0 0 0 0
880	4	 1 1 1 1 1 0 1 0 1 0 0 1 1 0 1 0 0 1 0 0
880	18	 1 1 1 1 1 0 0 0 1 0 0 0 1 0 0 0 0 0 1 0
880	3	 1 1 1 1 0 0 1 0 1 0 0 0 1 1 1 1 0 0 0 0
880	7	 0 1 1 1 0 0 0 1 1 0 0 1 0 0 0 0 0 0 0 0
880	8	 1 1 1 0 0 0 1 0 0 1 0 0 1 0 0 0 0 0 0 0
880	2	 1 1 1 1 0 0 1 0 1 0 0 1 0 0 0 0 0 0 0 0
880	15	 1 1 1 1 1 1 0 1 1 0 0 1 1 1 0 0 0 0 0 0
880	29	 1 1 1 1 0 0 1 0 1 0 0 0 1 1 0 0 0 1 0 0
880	4	 1 1 1 1 1 1 1 1 1 0 0 0 0 0 0 0 1 0 0 0
880	3	 1 1 1 0 1 0 1 0 0 1 0 0 1 1 1 0 0 0 0 0
880	7	 1 1 1 1 1 0 0 1 0 0 0 1 0 0 0 0 0 0 0 0
880	10	 1 1 1 1 1 1 1 1 1 0 0 0 1 1 1 1 0 0 0 0
880	2	 1 0 1 1 1 0 0 1 1 0 0 1 0 0 0 0 0 0 0 0
880	20	 1 0 1 1 0 0 1 0 1 0 0 0 1 1 1 0 0 0 0 0
880	2	 1 1 1 1 1 0 1 0 1 0 0 1 0 1 0 0 0 0 0 0
880	4	 1 1 1 1 0 0 1 0 1 0 0 1 1 0 0 0 0 0 0 0
880	2	 1 1 1 1 1 1 1 1 1 0 0 1 0 0 0 0 0 0 0 0
880	8	 1 1 1 0 0 0 1 0 1 0 0 0 1 1 0 1 0 0 0 0
880	2	 1 1 1 0 1 0 1 0 1 0 0 0 1 1 0 0 0 1 1 0
880	4	 0 1 1 1 0 0 1 0 1 0 1 0 1 1 0 1 0 0 0 0
880	4	 1 1 1 1 1 0 1 0 0 0 0 1 1 1 0 0 0 0 0 0
880	6	 1 1 1 1 1 0 1 0 1 1 0 0 1 1 0 0 0 0 0 0
880	4	 0 1 1 1 0 0 1 0 1 0 0 0 1 1 0 1 0 0 0 0
880	2	 1 1 1 1 1 0 1 0 1 0 1 0 1 1 0 1 0 0 0 0
880	1	 1 1 1 1 0 0 1 0 1 0 1 0 1 1 0 1 0 0 0 0
880	2	 1 1 1 0 1 0 1 0 0 1 0 0 1 1 0 0 0 0 0 0
880	3	 1 0 1 1 1 0 1 0 0 0 0 0 1 0 0 0 0 0 0 0
880	3	 1 1 1 0 1 0 1 0 0 0 0 0 1 1 0 0 0 1 0 0
880	2	 1 0 1 1 0 0 1 0 1 0 0 0 0 0 0 0 0 0 0 0
880	3	 1 1 1 1 1 1 0 1 1 0 0 0 1 1 0 1 0 0 0 0
880	1	 1 1 1 1 0 1 1 0 1 0 0 1 1 1 0 0 0 0 0 0
880	1	 1 1 1 1 0 0 1 0 1 0 1 1 1 1 0 0 0 0 0 0
880	3	 1 1 1 1 0 1 1 0 1 0 0 0 1 1 0 1 1 0 0 0
880	3	 1 1 1 1 1 0 1 0 1 0 0 0 1 1 0 0 0 1 0 0
880	2	 1 1 1 0 1 0 1 0 0 0 0 1 1 0 1 0 0 1 0 0
880	1	 1 1 1 0 1 0 1 0 0 0 1 0 1 1 0 0 0 0 0 0
880	3	 1 1 1 1 1 0 0 0 1 0 1 0 1 1 0 0 0 0 1 0
880	3	 1 1 1 1 0 0 1 0 1 0 0 1 1 1 1 0 0 0 0 0
880	2	 1 1 1 1 0 0 1 0 1 0 0 0 1 0 1 0 0 0 0 0
880	1	 1 1 1 1 1 0 1 1 1 0 0 0 1 1 0 1 0 0 0 1
880	4	 1 1 1 1 1 0 1 0 1 0 0 1 1 1 0 0 0 0 0 0
880	3	 1 1 1 1 1 0 1 0 1 0 0 0 1 1 0 0 1 0 0 0
880	2	 1 1 1 1 1 1 0 1 1 0 0 0 0 1 0 0 0 0 0 0
880	1	 1 0 1 1 0 0 1 0 1 0 0 0 1 1 0 0 1 0 0 0
880	1	 1 1 1 0 1 0 1 0 0 1 0 0 1 1 0 0 0 1 0 0
880	2	 1 1 1 1 1 1 1 1 0 0 0 0 0 1 0 0 0 0 0 0
880	1	 1 1 1 1 1 0 1 0 1 0 0 0 1 0 1 0 0 0 0 0
880	1	 1 1 1 1 1 0 1 0 0 0 0 0 0 1 0 0 0 0 0 1
880	4	 1 1 1 1 1 1 0 1 1 0 0 1 0 0 0 0 0 0 1 0
880	1	 1 1 1 1 1 0 1 0 1 0 0 1 1 1 1 0 0 1 0 0
880	3	 1 1 0 1 1 0 1 0 0 0 0 0 1 0 0 0 0 0 0 0
880	2	 0 1 1 1 0 0 0 1 1 0 0 1 1 0 0 0 0 0 0 0
880	2	 1 1 1 1 1 1 0 0 1 0 0 1 1 1 0 0 0 0 0 0
1000	86	 1 1 1 1 1 0 0 1 1 0 0 1 1 1 0 0 0 0 0 0
1000	63	 1 1 1 1 0 0 1 0 1 0 0 1 1 1 0 0 0 0 0 0
1000	17	 1 1 1 1 0 0 1 0 1 0 0 0 1 1 0 0 0 0 0 0
1000	41	 1 1 1 1 1 0 1 0 1 0 0 1 1 1 0 0 0 0 0 0
1000	40	 1 1 0 1 0 0 1 0 1 0 0 1 0 1 0 0 0 0 0 0
1000	31	 1 1 1 1 1 1 0 1 1 0 0 1 1 1 0 0 0 0 0 0
1000	9	 1 1 0 1 0 0 1 0 1 0 0 1 1 1 0 0 0 0 0 0
1000	11	 1 1 0 1 1 0 1 0 1 0 0 0 1 1 0 1 0 0 0 0
1000	3	 1 1 1 1 1 0 0 1 1 0 0 1 1 1 0 0 0 0 0 1
1000	12	 1 1 1 1 1 0 1 0 1 0 0 0 1 1 0 0 0 0 1 0
1000	5	 1 1 1 1 1 0 1 0 1 0 0 0 0 0 0 0 0 0 1 0
1000	27	 1 0 1 1 1 1 1 0 1 0 0 1 1 1 0 0 0 0 0 0
1000	11	 0 1 0 1 0 0 0 0 1 0 0 1 1 1 0 0 0 0 0 0
1000	7	 1 1 1 1 0 1 0 1 1 0 0 1 1 1 0 0 0 0 0 0
1000	9	 1 1 1 1 1 0 1 0 1 0 0 1 1 1 1 0 0 0 0 0
1000	21	 1 1 1 1 1 0 1 0 1 0 0 1 1 0 0 0 0 0 0 0
1000	36	 1 0 1 1 1 1 0 1 1 0 0 1 1 1 0 0 0 0 0 0
1000	14	 1 1 0 0 1 0 1 1 1 0 0 0 1 1 0 0 0 0 0 0
1000	13	 1 1 1 1 1 0 1 0 0 0 0 0 1 1 1 1 0 0 0 0
1000	15	 1 1 0 1 0 0 1 1 1 0 0 1 0 1 0 0 0 0 0 0
1000	4	 1 1 1 1 1 1 0 1 1 1 0 1 1 1 0 0 0 0 0 0
1000	14	 1 1 1 1 1 0 0 0 1 0 0 1 1 1 0 0 0 0 0 0
1000	14	 1 1 1 1 1 1 0 1 1 0 0 0 1 1 0 0 0 0 0 0
1000	12	 1 1 1 1 0 0 1 0 1 0 0 0 1 0 0 0 0 0 0 0
1000	17	 1 0 1 1 1 1 1 0 1 0 0 1 1 1 0 0 0 0 0 1
1000	6	 1 1 0 1 0 0 1 0 1 0 0 1 1 1 0 0 0 0 1 0
1000	6	 1 1 0 1 0 0 1 0 1 0 0 1 1 1 0 0 1 0 0 0
1000	15	 1 1 1 0 1 0 1 1 1 0 0 0 1 1 1 0 0 0 1 0
1000	24	 1 1 1 1 1 0 1 0 1 0 0 1 1 1 1 1 0 0 1 0
1000	4	 1 1 0 1 0 0 0 0 1 0 0 1 0 1 0 0 0 0 0 0
1000	15	 1 1 1 1 1 1 0 0 1 0 0 1 1 1 0 0 0 0 0 0
1000	1	 1 1 1 0 0 0 1 0 1 0 0 1 1 1 0 0 0 0 1 0
1000	18	 1 1 1 1 0 0 1 0 0 0 0 0 1 1 0 0 0 0 0 0
1000	5	 0 1 1 1 1 1 1 0 1 0 0 0 1 1 0 1 0 0 1 0
1000	3	 1 1 1 1 1 0 0 1 1 0 0 1 1 1 0 0 0 0 1 0
1000	11	 1 1 0 1 0 0 1 1 1 0 0 1 1 1 0 0 0 0 0 0
1000	2	 1 1 1 1 1 1 0 1 1 0 0 0 1 0 1 1 0 0 1 0
1000	4	 1 1 1 1 1 0 1 1 1 0 0 0 1 1 0 0 0 0 1 0
1000	7	 1 1 1 1 1 1 1 0 0 0 1 0 1 1 0 1 0 0 0 0
1000	8	 1 1 1 0 1 0 1 1 1 0 1 0 1 1 0 0 0 0 1 0
1000	5	 1 1 0 1 1 0 0 1 1 0 0 1 1 1 0 0 0 0 0 0
1000	1	 1 0 1 1 1 1 0 1 1 0 0 1 0 1 0 0 0 0 0 0
1000	1	 1 1 0 1 0 0 1 1 1 1 0 1 0 1 0 0 0 0 0 0
1000	6	 0 1 1 1 0 0 0 0 1 0 0 1 0 1 0 0 0 0 0 0
1000	1	 1 1 1 1 1 0 0 0 1 1 0 0 1 0 0 1 0 0 0 0
1000	2	 1 1 1 1 1 1 1 1 1 0 0 0 0 1 0 0 0 0 0 0
1000	5	 1 0 1 1 1 1 0 1 1 0 0 0 1 0 1 1 0 0 1 0
1000	18	 1 1 1 1 1 1 0 1 1 0 0 0 0 1 0 0 0 0 1 0
1000	6	 1 1 1 1 1 0 1 0 0 0 0 0 1 1 0 0 0 0 0 0
1000	3	 1 0 1 1 1 0 1 0 0 0 0 0 1 0 0 0 0 0 0 0
1000	12	 1 1 1 1 1 0 0 1 1 0 0 0 1 1 0 0 0 0 0 0
1000	5	 1 1 1 1 1 1 0 1 1 0 0 1 1 1 0 0 0 1 0 0
1000	2	 0 1 1 1 0 0 1 1 1 0 0 0 1 1 0 0 1 0 0 0
1000	3	 1 1 1 1 1 0 1 0 1 0 0 1 0 1 1 1 0 0 1 0
1000	4	 1 0 1 1 1 0 1 0 1 0 0 1 1 0 0 0 0 0 0 0
1000	4	 1 1 1 1 1 0 1 0 1 0 0 1 1 1 0 0 0 0 0 1
1000	1	 1 1 1 1 1 0 1 0 1 0 0 1 1 0 0 0 0 0 0 1
1000	2	 1 0 1 1 1 1 0 1 1 0 0 1 1 1 0 0 0 0 0 1
1000	8	 0 1 1 1 1 1 1 0 0 0 0 0 1 1 0 1 0 0 1 0
1000	6	 1 1 1 1 1 0 0 1 1 0 0 0 1 1 0 0 0 0 1 0
1000	5	 1 1 0 1 0 0 0 1 0 0 0 1 0 1 0 0 0 0 1 0
1000	10	 1 1 1 1 1 1 0 1 1 0 0 0 1 1 1 1 0 0 0 0
1000	9	 1 1 1 1 1 0 1 0 1 0 0 1 1 1 1 1 0 0 0 0
1000	5	 0 1 1 1 1 0 1 0 1 0 0 1 1 1 0 0 0 0 0 0
1000	1	 1 0 1 1 1 1 1 0 1 0 0 1 1 1 1 0 0 0 0 0
1000	7	 0 1 1 1 1 1 1 0 1 0 0 0 1 1 0 1 0 1 1 0
1000	1	 1 1 1 1 1 1 0 1 1 1 0 1 1 1 1 0 0 0 0 0
1000	10	 1 0 1 1 1 0 1 0 1 0 0 0 1 1 0 0 0 0 1 0
1000	6	 1 1 1 1 0 0 0 0 1 0 0 1 0 0 0 0 0 1 0 0
1000	27	 1 1 1 1 0 1 0 0 1 0 0 1 1 1 1 1 0 0 0 0
1000	8	 1 1 0 1 1 0 1 0 1 0 0 1 1 1 0 0 0 0 0 0
1000	1	 1 1 1 1 1 0 1 0 1 0 0 1 0 1 0 0 0 0 0 0
1000	9	 0 1 1 1 1 0 0 1 1 0 0 1 1 1 0 0 0 0 0 0
1000	10	 1 1 1 1 0 0 1 0 1 0 0 0 0 1 0 0 0 0 0 0
1000	2	 1 1 0 1 0 0 1 0 1 0 0 0 0 1 0 0 0 0 0 0
1000	5	 1 1 1 1 1 0 1 0 1 0 0 1 1 0 0 0 1 0 0 0
1000	10	 1 1 0 1 1 1 0 0 1 0 0 0 1 1 0 0 0 0 0 0
1000	3	 1 1 1 1 1 1 0 1 1 0 0 0 0 1 0 0 0 0 0 0
1000	8	 1 1 1 1 1 0 0 1 1 0 0 0 0 1 0 0 0 0 1 0
1000	6	 1 1 1 1 1 0 1 0 1 0 0 0 1 1 0 0 0 1 0 0
1000	3	 1 1 1 0 1 0 0 1 1 0 0 1 1 1 0 0 0 0 0 0
1000	6	 1 0 1 1 0 0 1 0 1 0 0 1 1 1 0 0 0 0 0 0
1000	3	 1 1 1 1 0 0 1 1 1 0 0 1 1 1 0 0 0 0 0 0
1000	7	 1 1 1 1 0 0 1 0 1 0 0 1 1 1 0 0 0 1 0 0
1000	1	 1 1 1 1 1 0 1 0 1 0 1 1 1 1 0 0 0 0 0 0
1000	6	 1 1 0 1 1 0 1 0 0 0 0 0 1 1 0 1 0 0 0 0
1000	1	 1 1 1 1 1 0 1 1 1 0 0 1 1 0 0 0 0 0 0 0
1000	5	 1 1 1 1 1 0 0 0 1 0 0 1 0 1 0 0 0 0 0 0
1000	1	 1 1 1 1 1 1 0 1 1 0 0 1 1 1 0 0 0 0 0 1
1000	1	 1 0 1 1 1 1 0 1 1 0 0 0 1 1 0 0 1 0 0 0
1000	7	 1 1 1 1 1 1 0 1 1 0 1 1 1 1 0 0 0 0 0 0
1000	5	 1 1 1 1 0 1 0 1 1 0 0 1 1 1 0 0 0 0 0 1
1000	3	 1 1 1 1 1 1 1 0 1 0 0 1 1 0 0 0 0 0 0 0
1000	3	 1 0 1 1 1 1 0 1 1 0 0 1 1 1 0 0 1 0 0 0
1000	3	 1 1 1 0 1 0 1 1 1 0 1 0 1 1 0 0 1 0 1 0
1000	1	 1 1 0 1 1 0 0 1 1 0 0 1 1 1 0 0 1 0 0 0
1000	4	 1 1 1 1 1 1 0 1 1 0 0 0 0 1 0 0 0 0 1 1
1000	3	 1 1 1 1 1 1 1 0 1 0 0 1 1 0 0 0 1 0 0 0
1000	1	 1 1 0 1 0 0 1 0 1 0 0 1 0 1 0 0 0 0 1 0
1000	3	 1 1 1 0 1 0 1 1 1 0 0 1 1 1 0 0 0 0 1 0
1000	4	 1 1 1 1 1 1 1 1 1 0 0 1 1 1 0 0 0 0 0 0
1000	2	 0 1 1 1 0 1 0 1 1 0 0 1 1 1 0 0 0 0 0 0
1000	2	 1 1 1 1 1 0 1 0 0 0 0 1 1 0 0 0 0 0 0 0
1000	2	 1 0 1 1 1 1 0 1 0 0 0 1 1 1 0 0 0 0 0 0
1000	1	 1 1 0 0 1 0 0 1 1 0 0 0 1 1 0 0 0 0 0 0
1000	2	 1 1 1 0 1 1 1 1 1 0 0 0 0 1 0 0 0 0 0 0
1000	2	 1 1 1 1 1 1 0 1 1 0 0 0 1 1 1 0 1 0 0 0
1000	3	 1 1 0 1 0 0 1 0 1 0 0 1 0 1 0 0 0 1 1 0
1000	1	 1 1 1 1 1 0 1 0 1 0 0 0 1 1 0 1 0 0 0 0
1000	1	 1 1 0 0 1 0 1 0 1 0 0 1 1 1 0 0 1 0 0 0
1000	1	 1 1 0 1 1 1 0 1 1 0 0 1 1 1 0 0 0 0 0 0
1000	1	 1 1 1 1 1 0 0 0 1 0 0 1 0 0 0 0 0 1 0 0
1000	3	 1 1 1 1 1 0 0 1 1 0 1 1 1 1 0 0 0 0 0 0
1000	2	 1 1 1 1 1 0 0 1 1 0 0 1 1 1 1 0 0 0 0 0
1000	1	 1 1 1 1 0 0 1 0 1 0 0 1 1 0 0 0 0 0 0 0
1000	1	 1 1 1 1 0 1 0 1 0 0 0 1 1 1 0 0 0 0 0 0
1000	3	 1 1 1 1 1 1 0 1 1 0 0 1 0 1 0 0 0 1 0 0
1000	1	 1 1 0 1 0 0 0 0 0 0 0 1 0 1 0 0 0 0 1 0
1000	1	 0 1 0 1 1 0 1 0 0 0 0 0 1 1 0 1 0 0 0 0
