0	250	 0 0 1 1 0 0 0 0 0 0 0 0 0 0 0 0 0 1 0 1
0	250	 0 0 0 0 1 0 0 0 0 0 0 0 1 1 0 0 0 1 1 0
0	250	 1 0 0 1 0 0 0 0 0 0 1 0 1 0 0 0 0 1 0 0
0	250	 0 0 0 0 0 1 0 0 0 0 0 1 1 0 0 0 0 1 0 0
10	94	 0 0 1 1 0 0 0 0 0 0 0 0 0 0 0 0 0 1 0 1
10	120	 0 0 0 0 1 0 0 0 0 0 0 0 1 1 0 0 0 1 1 0
10	411	 1 0 0 1 0 0 0 0 0 0 1 0 1 0 0 0 0 1 0 0
10	104	 0 0 0 0 0 1 0 0 0 0 0 1 1 0 0 0 0 1 0 0
10	2	 0 0 1 1 0 0 0 0 0 0 0 0 1 1 0 0 0 1 1 0
10	12	 1 0 0 1 0 0 0 0 0 0 1 1 1 0 0 0 0 1 0 0
10	9	 1 0 0 1 0 0 0 0 0 0 0 0 1 1 0 0 0 1 1 0
10	22	 0 0 0 1 0 0 0 0 0 0 1 0 1 0 0 0 0 1 0 0
10	6	 1 1 0 1 0 0 0 0 0 0 1 0 1 0 0 0 0 1 0 0
10	12	 1 0 0 1 0 0 0 0 0 0 1 0 1 0 0 0 0 0 0 0
10	2	 1 0 0 1 0 0 0 0 0 0 1 0 1 0 0 0 1 1 0 0
10	1	 1 0 0 1 0 1 0 0 0 0 1 0 1 0 0 0 0 1 0 0
10	4	 0 0 1 1 0 0 0 0 0 0 0 0 0 1 0 0 0 1 0 1
10	1	 0 0 1 1 0 0 0 0 1 0 0 0 0 0 0 0 0 1 0 1
10	5	 1 0 0 1 0 0 0 0 0 0 1 0 1 0 0 0 0 1 1 0
10	3	 0 0 0 0 1 0 0 0 0 0 0 0 1 1 0 0 0 1 1 1
10	12	 0 0 0 0 1 0 0 0 0 0 0 0 1 1 0 0 0 1 0 0
10	11	 1 0 0 1 1 0 0 0 0 0 0 0 1 1 0 0 0 1 1 0
10	24	 1 0 0 1 0 0 0 0 0 1 1 0 1 0 0 0 0 1 0 0
10	5	 1 0 0 0 0 0 0 0 0 0 1 0 1 0 0 0 0 1 0 0
10	1	 0 0 0 0 0 1 0 0 0 1 0 1 1 0 0 0 0 1 0 0
10	2	 0 0 1 1 0 0 0 0 0 0 1 0 1 0 0 0 0 1 0 0
10	1	 0 0 1 0 1 0 0 0 0 0 0 0 1 1 0 0 0 1 1 0
10	13	 1 0 0 1 0 0 0 0 0 0 1 0 1 0 0 0 0 1 0 1
10	26	 1 0 0 0 1 0 0 0 0 0 0 0 1 1 0 0 0 1 1 0
10	5	 0 0 1 1 0 0 0 0 0 0 0 0 0 0 0 0 0 1 1 1
10	7	 1 0 0 1 0 0 0 1 0 0 1 0 1 0 0 0 0 1 0 0
10	6	 1 0 0 0 0 1 0 0 0 0 0 1 1 0 0 0 0 1 0 0
10	1	 0 0 1 1 0 0 0 0 0 0 0 0 1 1 0 0 0 1 0 0
10	2	 1 0 0 1 0 0 0 0 0 0 1 0 1 1 0 0 0 1 0 0
10	2	 0 0 0 0 0 1 0 0 0 0 0 1 1 0 0 0 0 1 1 0
10	5	 1 0 0 1 0 0 0 0 0 0 0 0 0 0 0 0 0 1 0 1
10	4	 0 1 1 1 0 0 0 0 0 0 0 0 0 0 0 0 0 1 0 1
10	1	 0 0 0 0 1 0 0 0 0 1 0 0 1 1 0 0 0 1 1 0
10	13	 1 0 0 1 0 0 0 0 0 0 0 0 1 0 0 0 0 1 0 0
10	8	 0 0 0 0 0 1 0 0 0 0 0 1 0 0 0 0 0 1 0 0
10	2	 0 0 0 0 1 0 0 0 0 0 0 0 0 0 0 0 0 1 0 1
10	6	 1 0 0 1 1 0 0 0 0 0 1 0 1 0 0 0 0 1 0 0
10	1	 0 0 0 0 1 0 0 0 1 0 0 0 1 1 0 0 0 1 1 0
10	5	 1 0 0 1 0 0 0 0 1 0 1 0 1 0 0 0 0 1 0 0
10	2	 0 0 0 0 1 0 0 0 0 0 1 0 1 0 0 0 0 1 0 0
10	2	 1 0 0 1 0 0 0 0 0 0 1 0 0 0 0 0 0 1 0 1
10	1	 1 0 0 0 1 0 0 0 0 0 0 0 1 1 0 0 0 1 0 0
10	3	 1 0 0 1 0 0 0 0 0 0 1 0 1 0 0 1 0 1 0 0
10	2	 0 0 0 0 0 1 0 0 0 0 0 1 1 0 0 0 0 1 0 1
10	2	 0 1 1 1 0 0 0 0 0 0 0 0 0 1 0 0 0 1 0 1
10	1	 0 0 1 0 1 0 0 1 0 0 0 0 1 1 0 0 0 1 1 0
10	1	 0 0 0 0 1 0 0 0 0 0 0 0 1 1 0 0 0 1 0 1
10	1	 0 0 0 0 1 0 0 0 0 0 0 0 1 0 0 0 0 1 0 0
10	3	 1 0 0 1 0 0 0 0 0 0 0 1 1 0 0 0 0 1 0 0
10	2	 0 0 0 0 1 0 0 0 0 0 0 0 1 1 1 0 0 1 1 0
10	4	 1 0 0 1 0 0 0 0 0 0 1 0 0 0 0 0 0 1 0 0
10	1	 1 0 0 1 0 0 1 0 0 0 1 0 1 0 0 0 0 1 0 0
10	2	 0 0 0 0 0 1 0 0 0 0 0 1 1 0 0 0 0 0 0 0
10	2	 1 0 0 1 0 0 0 0 0 0 1 0 1 0 0 0 0 1 1 1
25	27	 0 0 1 1 0 0 0 0 0 0 0 0 0 0 0 0 0 1 0 1
25	34	 0 0 0 0 1 0 0 0 0 0 0 0 1 1 0 0 0 1 1 0
25	416	 1 0 0 1 0 0 0 0 0 0 1 0 1 0 0 0 0 1 0 0
25	31	 0 0 0 0 0 1 0 0 0 0 0 1 1 0 0 0 0 1 0 0
25	17	 1 0 0 1 0 0 0 0 0 0 1 1 1 0 0 0 0 1 0 0
25	5	 1 0 0 1 0 0 0 0 0 0 0 0 1 1 0 0 0 1 1 0
25	7	 0 0 0 1 0 0 0 0 0 0 1 0 1 0 0 0 0 1 0 0
25	23	 1 0 0 1 0 0 0 0 0 0 1 0 1 0 0 0 0 0 0 0
25	8	 1 0 0 1 0 0 0 0 0 0 1 0 1 0 0 0 0 1 1 0
25	3	 0 0 0 0 1 0 0 0 0 0 0 0 1 1 0 0 0 1 0 0
25	3	 1 0 0 1 1 0 0 0 0 0 0 0 1 1 0 0 0 1 1 0
25	40	 1 0 0 1 0 0 0 0 0 1 1 0 1 0 0 0 0 1 0 0
25	8	 1 0 0 0 0 0 0 0 0 0 1 0 1 0 0 0 0 1 0 0
25	28	 1 0 0 1 0 0 0 0 0 0 1 0 1 0 0 0 0 1 0 1
25	9	 1 0 0 0 1 0 0 0 0 0 0 0 1 1 0 0 0 1 1 0
25	30	 1 0 0 1 0 0 0 1 0 0 1 0 1 0 0 0 0 1 0 0
25	3	 1 0 0 0 0 1 0 0 0 0 0 1 1 0 0 0 0 1 0 0
25	19	 1 0 0 1 0 0 0 0 0 0 0 0 1 0 0 0 0 1 0 0
25	32	 1 0 0 1 0 0 0 0 1 0 1 0 1 0 0 0 0 1 0 0
25	13	 1 0 0 1 0 0 0 0 0 0 1 0 1 0 0 1 0 1 0 0
25	1	 0 0 0 0 0 1 0 0 0 0 0 1 1 0 0 0 0 1 0 1
25	17	 0 0 1 0 1 0 0 1 0 0 0 0 1 1 0 0 0 1 1 0
25	30	 1 0 0 1 0 0 0 0 0 0 1 0 0 0 0 0 0 1 0 0
25	9	 1 0 0 1 0 0 0 0 0 0 1 0 1 0 1 0 0 1 0 0
25	7	 1 0 0 1 0 0 0 0 0 0 1 1 1 0 0 1 0 1 0 0
25	4	 0 0 1 1 0 0 0 0 0 0 1 0 1 0 0 0 0 1 0 0
25	16	 1 0 0 1 0 1 0 0 0 0 1 0 1 0 0 0 0 1 0 0
25	5	 0 0 0 0 0 1 0 1 0 0 0 1 1 0 0 0 0 1 0 0
25	19	 1 0 0 1 0 0 1 0 0 0 1 1 1 0 0 0 0 1 0 0
25	1	 0 0 0 0 0 1 0 0 0 0 0 1 1 0 0 0 0 1 1 0
25	7	 0 0 0 0 0 0 0 0 0 0 1 0 1 1 0 0 0 1 1 0
25	24	 0 0 0 1 1 0 0 0 0 0 1 0 1 0 0 0 0 1 0 0
25	7	 1 1 0 1 0 0 0 0 0 0 1 1 1 0 0 0 0 1 0 0
25	1	 1 0 0 1 0 0 0 0 0 0 0 0 1 0 1 0 0 1 0 0
25	1	 1 1 0 1 0 0 0 0 0 0 0 0 1 0 0 0 0 1 0 0
25	16	 0 0 0 1 0 1 0 1 0 0 0 1 1 0 0 0 0 0 0 0
25	3	 0 0 0 0 1 1 0 0 0 0 0 0 1 1 0 0 0 1 1 0
25	6	 1 0 0 1 0 0 0 0 0 0 1 0 1 1 0 0 0 1 0 0
25	5	 1 0 0 1 0 0 0 0 0 0 0 1 1 0 0 0 0 1 1 0
25	4	 0 0 0 0 1 0 0 0 0 1 1 0 1 0 0 0 0 1 0 0
25	2	 0 0 1 1 0 0 0 0 0 0 0 1 1 0 0 1 0 1 0 0
25	3	 0 0 1 0 1 0 0 1 0 0 0 0 1 0 0 0 0 1 0 0
25	14	 1 0 1 1 0 0 0 0 0 0 1 0 1 0 0 0 0 1 0 0
25	2	 1 0 0 1 0 1 0 1 0 0 1 0 1 0 0 0 0 1 0 0
25	4	 1 0 0 1 0 0 0 0 0 0 0 1 1 0 0 0 0 1 0 0
25	4	 0 0 0 1 0 1 0 1 0 0 1 0 1 0 0 0 0 1 0 0
25	2	 1 0 0 1 1 0 0 0 0 0 1 0 1 0 0 0 0 0 0 0
25	3	 0 0 0 0 0 1 0 0 0 0 1 0 1 0 0 0 0 1 0 0
25	1	 1 0 0 1 0 0 1 0 0 0 0 0 1 0 0 0 0 1 0 0
25	3	 1 0 0 1 0 0 0 0 1 1 1 0 1 0 0 0 0 1 0 0
25	1	 0 0 0 1 1 0 0 0 0 0 1 0 1 0 0 1 0 1 0 0
25	1	 0 0 1 1 0 0 0 0 0 0 1 0 1 0 0 0 0 0 0 0
25	2	 0 0 0 1 1 0 0 0 0 0 1 0 1 0 0 0 0 1 0 1
25	1	 1 0 0 1 1 0 0 0 0 0 1 0 1 0 0 0 0 1 0 0
25	3	 0 0 0 0 1 0 0 0 0 0 1 0 1 1 0 0 0 1 0 0
25	2	 1 0 0 1 0 0 0 0 0 0 1 1 1 0 0 1 0 1 0 1
25	1	 0 0 1 1 1 0 0 0 0 0 1 0 1 0 0 0 0 1 0 0
25	1	 0 0 0 0 1 0 0 1 0 0 0 0 1 1 0 0 0 1 1 0
25	1	 1 0 0 1 0 0 0 0 0 0 0 0 1 1 0 0 0 1 0 0
25	1	 1 0 0 1 0 0 0 0 0 1 1 0 1 1 0 0 0 1 1 0
25	2	 1 0 0 0 1 0 0 0 0 0 1 0 1 0 0 0 0 1 0 0
25	1	 1 0 0 1 1 0 0 0 0 0 1 0 1 1 0 0 0 1 0 0
25	2	 1 0 0 0 0 0 0 0 0 1 1 0 1 0 0 0 0 1 0 0
25	1	 1 0 0 1 0 0 0 0 1 0 1 0 1 0 0 1 0 1 0 0
25	1	 1 0 0 1 1 0 0 0 0 0 1 0 0 0 0 0 0 1 0 0
25	2	 0 0 0 0 1 0 0 0 0 0 1 0 1 0 0 0 0 1 0 0
70	302	 1 0 0 1 0 0 0 0 0 0 1 0 1 0 0 0 0 1 0 0
70	74	 1 0 0 1 0 0 0 0 0 0 1 0 1 0 0 0 0 0 0 0
70	14	 1 0 0 1 0 0 0 0 0 0 1 0 1 0 0 0 0 1 1 0
70	88	 1 0 0 1 0 0 0 0 0 1 1 0 1 0 0 0 0 1 0 0
70	35	 1 0 0 1 0 0 0 1 0 0 1 0 1 0 0 0 0 1 0 0
70	2	 1 0 0 1 0 0 0 0 1 0 1 0 1 0 0 0 0 1 0 0
70	27	 1 0 0 1 0 0 0 0 0 0 1 0 1 0 0 1 0 1 0 0
70	24	 1 0 0 1 0 0 0 0 0 0 1 0 0 0 0 0 0 1 0 0
70	4	 1 0 0 1 0 0 1 0 0 0 1 1 1 0 0 0 0 1 0 0
70	25	 1 0 0 1 0 0 0 0 0 0 1 0 1 1 0 0 0 1 0 0
70	21	 1 0 1 1 0 0 0 0 0 0 1 0 1 0 0 0 0 1 0 0
70	3	 0 0 0 1 0 1 0 0 0 0 0 1 1 0 0 0 0 1 0 0
70	25	 1 0 0 1 0 0 0 0 0 0 1 0 1 0 0 0 1 1 0 0
70	19	 1 0 0 1 0 1 0 0 1 0 1 0 1 0 0 0 0 1 0 0
70	3	 0 0 0 1 1 0 0 0 0 0 1 0 0 0 0 0 0 1 0 0
70	13	 1 1 0 1 0 0 0 0 0 0 1 0 1 0 0 0 0 1 0 0
70	8	 1 0 0 1 0 1 0 0 0 1 1 0 1 0 0 0 0 1 0 0
70	1	 1 0 0 1 0 0 0 0 1 0 1 0 0 0 0 0 0 1 0 0
70	2	 1 0 1 1 0 0 0 0 0 0 1 0 1 0 0 0 0 1 0 1
70	2	 1 0 0 1 0 0 0 1 1 0 1 0 1 0 0 0 0 1 0 0
70	11	 1 0 0 1 0 1 0 0 0 0 1 0 1 0 0 0 0 0 0 0
70	15	 1 0 0 1 0 0 0 1 0 0 1 1 1 0 0 0 0 1 0 0
70	4	 0 0 0 1 0 0 0 0 0 0 0 0 1 0 0 0 0 1 0 0
70	18	 1 0 0 1 0 0 0 0 0 1 1 0 1 0 0 0 1 1 0 0
70	11	 1 0 0 1 0 1 0 0 1 0 1 1 1 0 0 0 0 1 0 0
70	12	 1 0 0 1 0 0 0 0 0 0 1 0 1 0 0 0 0 1 0 1
70	1	 1 0 0 1 0 0 1 0 0 0 1 0 1 0 0 1 0 1 0 0
70	7	 1 0 0 1 0 0 0 0 0 1 1 0 1 1 0 0 0 1 0 1
70	4	 1 0 0 1 0 0 1 0 0 0 1 0 1 0 0 0 0 1 0 0
70	7	 1 0 0 0 0 0 0 0 0 0 1 0 1 0 0 0 0 1 0 0
70	4	 1 0 0 1 0 1 0 0 1 0 1 0 1 1 0 0 0 1 0 0
70	5	 1 0 0 1 0 1 0 0 1 0 1 1 0 0 0 1 0 1 0 0
70	6	 1 0 0 1 0 0 0 0 0 0 1 1 1 0 0 0 0 1 0 0
70	17	 1 0 0 1 0 0 0 0 0 1 1 0 1 0 0 0 0 1 0 1
70	7	 1 0 0 1 0 0 0 0 0 1 1 0 1 0 0 0 0 0 0 0
70	16	 1 0 1 1 0 0 0 0 0 0 1 0 1 0 0 1 0 1 0 0
70	1	 1 0 0 0 0 0 0 0 0 0 1 0 1 0 0 0 0 0 0 0
70	8	 1 0 0 1 0 0 1 0 0 0 1 0 1 0 0 0 0 1 1 0
70	4	 1 1 0 1 0 0 0 0 0 0 0 0 1 0 0 0 0 1 0 0
70	5	 0 0 0 1 0 0 1 1 0 0 1 0 1 0 0 0 0 1 0 0
70	2	 1 0 0 1 0 0 0 0 1 1 1 0 1 0 0 0 0 0 0 0
70	8	 0 0 0 1 1 0 0 0 0 0 1 0 1 0 0 0 0 0 0 0
70	8	 1 1 0 1 0 0 0 0 0 0 1 1 1 0 0 0 0 1 0 0
70	5	 1 0 0 1 0 0 0 0 0 1 1 0 1 0 0 0 0 1 1 0
70	18	 1 0 0 1 0 1 0 1 0 0 1 0 1 0 0 0 0 0 0 0
70	3	 1 0 0 1 0 0 0 0 0 1 1 0 1 0 0 0 1 1 0 1
70	4	 1 0 0 1 0 0 0 0 1 0 1 0 1 0 0 1 0 1 0 0
70	7	 1 0 0 0 0 0 0 0 0 1 1 0 1 0 0 0 0 1 0 0
70	2	 1 0 0 1 0 0 0 0 0 0 1 0 0 0 0 0 0 1 1 0
70	1	 1 0 0 1 0 0 0 1 0 0 1 0 1 0 0 0 0 1 1 0
70	7	 1 0 0 1 0 1 1 0 0 0 1 1 1 0 0 0 0 1 0 0
70	7	 1 0 1 1 0 0 0 0 0 0 1 0 1 0 0 0 0 0 0 0
70	2	 1 0 0 1 0 0 0 0 1 1 1 0 1 1 0 0 0 1 0 1
70	2	 1 0 0 1 0 0 0 0 0 1 1 0 0 0 0 0 0 1 0 0
70	1	 1 0 0 1 1 0 0 0 0 1 1 0 1 0 0 0 1 1 0 0
70	2	 1 0 0 1 0 1 0 0 1 0 1 1 1 0 0 0 1 1 0 0
70	9	 1 0 0 1 1 0 0 0 0 0 1 0 1 0 0 0 0 1 0 0
70	2	 1 0 0 1 0 0 0 0 0 1 1 0 1 1 0 0 0 1 0 0
70	1	 1 0 0 1 0 0 0 0 0 1 1 1 1 0 0 0 0 1 0 0
70	2	 1 0 1 1 0 0 1 0 0 0 1 0 1 0 0 0 0 1 0 0
70	1	 1 0 0 1 0 0 1 0 0 0 1 0 1 0 0 1 0 0 0 0
70	2	 1 0 0 1 0 0 0 0 0 0 1 0 1 0 0 0 1 0 0 0
70	7	 1 1 0 1 0 0 0 0 0 1 1 0 1 0 0 0 0 1 0 0
70	2	 1 0 0 1 0 0 0 0 0 0 1 0 0 1 0 0 0 1 0 0
70	1	 1 0 0 1 1 0 0 0 0 0 1 0 1 0 0 0 1 1 0 0
70	4	 1 0 0 1 0 0 0 0 0 1 1 0 1 0 0 0 1 1 1 0
70	3	 1 0 0 1 0 0 0 0 0 1 1 0 0 1 0 0 0 1 0 1
70	3	 1 0 0 1 0 0 0 0 0 1 1 0 1 1 0 0 0 1 1 1
70	3	 1 1 0 1 0 0 0 0 0 0 1 1 0 0 0 0 0 1 0 0
70	3	 1 0 0 1 0 1 0 0 0 0 1 1 1 0 0 0 0 1 0 0
70	1	 1 0 0 0 0 0 0 0 0 0 1 0 1 0 0 0 1 1 0 0
70	1	 1 0 0 1 0 1 0 0 0 0 1 0 1 0 0 0 0 0 0 1
70	2	 1 0 0 1 0 1 0 0 0 1 1 0 1 0 0 0 1 1 0 0
70	3	 1 0 0 1 0 0 0 0 0 0 1 0 0 0 0 0 0 1 0 1
70	1	 1 0 0 1 0 0 0 0 0 1 1 0 0 0 0 0 1 1 0 0
70	1	 1 0 1 1 0 0 0 0 0 1 1 0 1 0 0 0 0 1 0 0
70	2	 1 1 0 1 0 0 0 0 0 0 1 0 1 0 0 1 0 1 0 0
70	4	 1 0 0 1 0 0 0 0 0 0 1 0 1 0 0 1 1 1 0 0
70	3	 1 0 0 1 0 0 1 0 0 1 1 0 1 0 0 0 1 1 0 0
70	1	 0 0 0 1 0 0 0 0 0 0 1 0 1 0 0 0 0 0 0 0
70	1	 1 0 0 1 0 1 0 0 0 1 1 0 1 0 0 0 0 1 1 0
70	1	 1 0 0 1 1 0 0 0 1 0 1 0 1 0 0 0 0 1 0 0
70	1	 1 0 1 1 0 1 1 0 0 0 1 0 1 0 0 0 0 1 0 0
70	1	 0 0 0 0 0 1 0 0 0 0 1 0 1 0 0 0 0 0 0 0
135	12	 1 0 0 1 0 0 0 0 0 0 1 0 1 0 0 0 0 1 0 0
135	39	 1 0 0 1 0 0 0 0 0 0 1 0 1 0 0 0 0 0 0 0
135	6	 1 0 0 1 0 0 0 0 0 0 1 0 1 0 0 0 0 1 1 0
135	166	 1 0 0 1 0 0 0 0 0 1 1 0 1 0 0 0 0 1 0 0
135	14	 1 0 0 1 0 0 0 1 0 0 1 0 1 0 0 0 0 1 0 0
135	60	 1 0 0 1 0 0 0 0 0 0 1 0 1 1 0 0 0 1 0 0
135	9	 1 0 0 1 0 1 0 0 1 0 1 0 1 0 0 0 0 1 0 0
135	6	 0 0 0 1 1 0 0 0 0 0 1 0 0 0 0 0 0 1 0 0
135	13	 1 0 0 1 0 1 0 0 0 1 1 0 1 0 0 0 0 1 0 0
135	5	 1 0 0 1 0 0 1 0 0 0 1 0 1 0 0 0 0 1 0 0
135	25	 1 0 0 1 0 0 0 0 0 0 1 1 1 0 0 0 0 1 0 0
135	25	 1 0 0 1 0 0 0 0 0 1 1 0 1 0 0 0 0 1 0 1
135	16	 1 0 0 1 0 1 0 1 0 0 1 0 1 0 0 0 0 0 0 0
135	26	 1 1 0 1 0 0 0 0 0 1 1 0 1 0 0 0 0 1 0 0
135	70	 1 0 0 1 0 0 0 0 0 1 1 0 1 0 0 0 0 0 0 0
135	9	 1 0 0 1 0 0 0 1 0 0 1 0 0 0 0 0 0 1 0 0
135	19	 1 0 0 1 0 0 0 0 0 0 1 0 1 0 1 0 0 1 0 0
135	14	 1 0 0 1 0 0 0 0 0 1 1 1 1 0 0 0 0 0 0 0
135	29	 1 0 0 1 0 1 0 1 0 1 1 0 1 0 0 0 0 1 0 0
135	9	 1 1 0 1 0 0 0 0 1 0 0 0 1 0 0 1 0 1 0 0
135	2	 1 0 0 1 0 0 0 1 0 1 1 0 1 0 1 0 0 1 0 0
135	1	 1 0 0 1 0 0 0 0 0 1 0 0 1 0 0 0 0 0 0 0
135	23	 1 0 1 1 1 0 0 0 0 0 1 0 0 0 0 0 0 1 0 0
135	6	 1 0 0 1 0 0 1 0 0 0 1 0 1 0 0 0 0 0 0 0
135	9	 1 0 0 1 0 0 0 0 0 0 1 0 1 0 0 0 0 1 0 1
135	1	 1 0 0 0 0 0 0 0 0 1 1 0 0 0 0 0 1 1 0 0
135	10	 1 0 0 0 0 0 0 1 0 1 1 0 1 1 0 1 0 1 1 0
135	18	 1 1 0 1 0 1 0 1 0 1 1 0 1 0 0 0 0 1 0 0
135	22	 1 0 0 1 0 0 0 0 0 0 1 0 1 0 0 0 0 0 1 0
135	8	 1 0 0 1 0 0 0 0 0 1 1 1 1 0 0 0 0 1 0 1
135	10	 1 0 0 1 0 0 0 0 0 1 1 0 1 1 0 0 0 1 0 1
135	6	 1 0 0 0 0 0 0 0 0 1 1 0 1 0 0 0 0 1 0 0
135	7	 0 0 0 1 1 0 0 0 0 0 1 0 1 0 0 0 0 0 0 0
135	9	 1 0 0 1 0 0 0 0 0 1 1 1 0 0 0 0 0 0 0 0
135	2	 1 0 0 1 0 0 0 0 0 1 1 0 1 1 0 1 0 1 1 0
135	2	 1 0 0 0 0 0 0 1 0 1 1 0 1 1 0 0 0 0 0 0
135	20	 1 0 0 1 1 0 0 0 0 1 1 0 1 0 0 0 0 1 0 0
135	5	 1 0 0 0 0 0 0 0 0 1 1 0 1 0 0 0 0 0 0 0
135	2	 1 0 0 1 0 0 0 0 0 0 1 0 1 1 1 0 0 1 0 0
135	1	 1 0 0 1 0 0 1 0 0 0 1 1 1 0 0 0 0 1 0 0
135	2	 1 1 0 1 0 0 0 0 0 0 1 0 1 0 0 0 0 1 0 0
135	6	 1 1 0 1 0 0 0 0 0 0 1 0 1 0 0 0 0 0 0 0
135	8	 0 0 0 1 0 0 0 1 0 0 1 0 0 1 0 0 0 1 0 0
135	3	 1 0 0 0 1 0 0 0 0 1 1 0 1 0 0 0 0 1 0 0
135	11	 1 0 0 1 0 1 0 1 0 0 1 0 0 1 0 0 0 1 0 0
135	5	 1 0 0 1 0 0 0 0 0 1 1 0 0 0 0 0 0 1 0 0
135	1	 1 0 0 1 0 0 0 0 0 1 1 0 1 0 0 0 0 1 1 0
135	10	 1 1 0 1 0 0 0 0 0 1 1 0 1 0 0 0 0 1 0 1
135	12	 1 0 0 1 0 0 0 0 0 0 1 0 1 1 0 0 0 0 0 0
135	9	 1 0 0 1 0 0 0 0 0 1 1 0 1 0 1 0 0 1 0 0
135	2	 1 1 0 1 0 0 1 0 0 1 1 0 1 0 0 0 0 1 0 0
135	2	 1 0 0 1 0 0 0 0 1 0 0 0 1 0 0 1 0 1 0 0
135	4	 1 1 0 0 0 0 0 0 0 1 1 0 1 0 0 0 0 0 0 0
135	11	 1 1 1 1 1 0 0 0 0 0 1 0 0 0 0 0 0 1 0 0
135	10	 1 0 0 1 0 1 0 0 0 0 1 0 1 0 0 0 0 1 0 1
135	5	 1 0 0 1 1 0 0 0 0 1 1 1 1 0 0 0 0 1 0 0
135	3	 1 0 0 1 0 0 0 1 0 0 1 0 1 0 0 0 0 0 0 0
135	13	 1 0 0 1 1 0 0 0 0 0 1 0 1 0 0 0 0 0 0 0
135	2	 1 0 0 1 0 1 1 1 0 1 1 0 1 0 0 0 0 1 0 0
135	11	 1 0 1 1 1 0 0 0 0 1 1 0 1 0 0 0 0 1 0 0
135	4	 1 0 1 1 0 0 0 0 0 0 1 0 1 0 0 0 0 0 0 0
135	4	 0 0 0 1 0 0 0 0 1 0 0 0 1 0 0 1 0 1 0 0
135	7	 1 1 0 1 0 0 0 0 0 1 1 0 1 1 0 0 0 1 0 1
135	10	 1 0 0 0 0 0 0 0 0 0 1 0 1 0 0 0 0 1 1 0
135	4	 1 0 0 1 0 0 0 0 1 1 1 0 1 0 0 0 0 1 0 0
135	2	 1 1 0 1 0 0 0 0 0 1 1 0 1 0 0 1 0 1 0 0
135	1	 1 0 0 1 1 0 0 0 0 1 1 0 1 0 0 0 0 0 0 0
135	4	 0 0 0 1 0 1 0 1 0 0 1 0 0 1 0 0 0 1 0 1
135	6	 1 0 0 1 0 1 0 1 0 1 1 0 1 0 0 0 0 0 0 0
135	5	 1 1 0 1 0 0 1 0 1 0 0 0 1 0 0 1 0 1 0 0
135	2	 1 0 1 1 1 0 0 0 0 0 1 0 0 0 1 0 0 1 0 0
135	3	 1 0 0 1 0 0 0 1 1 1 1 0 1 0 0 0 0 1 0 1
135	2	 1 0 1 1 1 0 0 0 0 1 1 0 1 0 0 0 0 0 0 0
135	2	 1 0 0 1 0 0 0 1 0 0 1 0 0 1 0 0 0 1 0 0
135	5	 1 1 0 1 0 0 0 0 0 0 0 0 1 0 0 1 0 1 0 0
135	2	 1 0 0 1 0 0 0 1 0 1 1 1 1 0 0 0 0 0 0 0
135	2	 1 0 1 1 0 0 0 0 0 0 1 0 1 0 0 0 0 0 1 0
135	6	 1 0 0 1 0 0 0 0 0 1 1 1 1 0 0 0 0 1 0 0
135	2	 1 0 0 0 0 0 0 0 0 0 1 1 1 0 0 0 0 1 0 0
135	3	 1 0 0 0 1 0 0 0 0 1 1 1 1 0 0 0 0 1 0 0
135	4	 1 0 0 1 0 0 0 0 0 1 1 0 1 0 0 0 0 0 1 0
135	2	 0 0 0 1 0 0 0 0 0 1 1 1 1 0 0 0 0 0 0 0
135	3	 1 0 0 1 0 0 0 0 0 1 0 0 1 0 0 0 0 1 0 0
135	3	 1 0 0 1 0 1 0 0 0 1 1 0 1 0 0 0 0 1 0 1
135	4	 1 0 0 1 0 0 0 0 0 0 1 1 1 0 1 0 0 1 0 0
135	4	 1 0 0 1 0 0 0 1 0 0 1 1 1 0 0 0 0 1 1 0
135	3	 1 1 0 1 0 0 0 0 1 0 0 0 0 0 0 1 0 1 0 0
135	2	 1 1 0 1 0 1 0 0 1 0 0 0 1 0 0 1 0 1 0 0
135	2	 1 0 0 1 0 0 0 0 0 1 0 0 1 0 0 0 0 1 1 0
135	3	 1 0 0 1 1 1 0 1 0 0 1 0 0 1 0 0 0 1 0 0
135	4	 1 0 0 1 0 0 0 0 0 1 0 0 1 0 0 0 0 1 0 1
135	3	 1 1 0 1 0 1 0 1 0 0 1 0 1 0 0 0 0 0 0 0
135	5	 1 0 0 1 0 1 0 0 0 1 1 1 1 0 0 0 0 0 0 0
135	2	 1 0 0 1 0 0 0 0 1 1 0 0 1 0 0 0 0 0 0 0
135	1	 1 0 1 1 1 0 0 0 0 0 1 0 0 0 0 0 0 0 0 0
135	1	 1 0 0 0 0 0 1 1 0 1 1 0 1 1 0 1 0 1 1 0
135	1	 0 0 0 1 1 0 0 0 0 0 0 0 1 0 0 0 0 0 0 0
135	1	 1 0 0 1 1 0 0 0 0 1 1 0 0 0 0 0 0 1 0 0
135	1	 1 0 1 1 0 0 0 0 0 1 1 0 0 0 0 0 0 1 0 0
135	2	 0 0 0 0 1 0 0 0 0 0 1 0 1 0 0 0 0 0 1 0
135	1	 1 0 0 1 0 0 0 1 0 0 1 0 1 0 1 0 0 1 0 0
135	1	 1 0 0 1 0 0 0 0 0 0 1 0 0 0 0 0 0 1 0 0
135	1	 1 0 0 1 0 1 0 0 1 0 1 1 1 0 0 0 0 1 0 0
135	1	 1 0 0 0 0 1 0 0 0 1 1 0 1 0 0 0 0 1 0 0
135	1	 1 0 0 1 1 0 0 0 0 0 1 0 0 0 0 0 0 1 0 0
135	2	 1 0 0 1 1 0 0 0 0 0 1 0 1 0 0 0 0 0 1 0
250	2	 1 0 0 1 0 0 0 0 0 1 1 0 1 0 0 0 0 1 0 0
250	13	 1 0 0 1 0 0 0 0 0 1 1 0 1 0 0 0 0 0 0 0
250	18	 1 0 0 1 1 0 0 0 0 1 1 0 1 0 0 0 0 0 0 0
250	12	 1 0 0 1 0 0 1 0 0 1 1 0 0 0 0 0 0 1 0 0
250	13	 1 0 0 1 0 0 0 0 0 1 1 0 1 1 0 0 0 1 0 0
250	8	 1 0 0 1 1 0 0 0 0 1 1 0 0 0 0 0 0 1 0 0
250	6	 1 0 0 1 0 0 0 1 0 0 1 0 0 0 0 0 0 1 0 0
250	20	 1 0 0 1 0 0 0 1 0 1 1 0 1 0 0 0 0 0 1 0
250	68	 1 1 0 1 0 0 1 0 0 1 1 0 0 1 0 0 0 0 0 0
250	2	 1 0 0 1 1 0 1 0 0 0 1 1 1 0 0 0 0 1 0 0
250	17	 1 0 0 1 0 0 0 0 0 1 1 1 1 1 0 0 0 0 1 0
250	5	 1 1 0 1 0 1 1 0 0 1 1 1 1 1 0 0 0 1 0 0
250	73	 1 0 0 1 1 0 0 0 0 1 1 0 0 0 0 0 0 0 0 0
250	55	 1 0 1 0 0 1 0 0 0 1 1 0 1 0 0 0 0 0 0 0
250	14	 1 0 0 1 0 0 1 0 0 0 1 0 1 1 0 0 0 0 1 0
250	29	 1 1 0 1 0 0 1 0 0 0 1 0 1 0 1 0 0 1 0 0
250	34	 1 0 1 1 0 1 0 0 0 1 1 0 1 0 1 0 0 0 0 0
250	5	 1 1 1 1 1 0 1 0 0 0 1 0 1 1 0 0 0 0 0 1
250	24	 1 1 0 1 1 0 0 0 0 1 1 0 1 0 0 0 0 1 0 0
250	7	 1 1 0 1 1 0 0 0 0 1 1 0 0 0 0 0 0 0 0 0
250	2	 1 1 0 1 1 0 1 0 0 1 1 0 1 0 0 0 0 0 0 0
250	9	 1 0 0 1 0 0 1 0 0 1 1 0 1 1 0 0 0 1 0 0
250	5	 1 1 0 1 0 0 0 0 0 1 1 0 1 0 1 0 0 1 0 0
250	9	 1 0 0 1 0 0 0 1 0 1 1 0 1 0 0 0 0 1 0 0
250	16	 1 0 0 0 1 0 0 0 0 1 1 0 1 0 0 0 0 0 0 0
250	12	 1 0 0 1 1 0 0 0 0 1 1 0 1 1 1 0 0 0 0 0
250	8	 0 1 0 1 1 0 0 0 0 1 1 0 1 0 0 0 0 1 0 0
250	11	 1 0 0 1 0 1 0 0 0 1 1 0 1 1 0 0 0 0 0 0
250	4	 1 1 0 1 1 0 1 0 0 1 1 0 1 1 0 0 0 0 0 0
250	2	 1 1 0 1 1 0 1 0 1 1 1 0 1 0 0 0 0 1 0 0
250	5	 1 0 0 1 0 0 1 0 0 1 1 0 1 0 0 0 0 1 1 0
250	4	 1 1 0 1 0 0 0 0 0 1 1 0 1 0 0 1 0 1 0 1
250	1	 0 0 0 1 1 0 1 0 0 1 1 0 0 0 0 0 0 0 0 0
250	15	 1 1 0 1 1 0 1 0 0 1 1 0 0 0 0 0 0 0 0 0
250	2	 0 0 1 1 0 1 0 0 0 1 1 0 1 0 0 1 0 0 0 0
250	10	 0 0 0 1 0 1 0 0 0 1 1 0 1 1 0 0 0 0 0 0
250	1	 1 0 0 1 0 0 0 1 0 0 1 0 0 0 0 0 0 1 1 0
250	1	 1 1 1 1 0 1 1 0 0 0 1 0 1 1 0 0 1 0 0 1
250	5	 1 1 0 1 1 0 1 0 0 1 1 0 1 1 0 0 0 0 0 1
250	6	 1 0 0 1 0 0 0 0 0 1 1 0 0 0 0 0 0 0 0 0
250	17	 1 1 0 1 0 0 1 0 0 1 1 0 0 0 0 0 0 1 0 0
250	4	 1 1 0 1 1 0 1 0 0 1 1 0 1 0 0 0 0 1 0 0
250	3	 1 1 0 1 0 0 0 0 0 1 1 0 0 1 0 0 0 0 0 0
250	10	 1 0 1 1 1 0 0 0 0 1 1 0 0 0 0 0 0 0 0 0
250	4	 1 1 1 1 1 0 0 0 0 1 1 0 1 0 0 0 0 1 0 0
250	9	 1 0 0 1 0 0 1 0 0 0 1 0 1 0 0 0 0 0 0 0
250	9	 1 0 0 1 0 0 0 0 0 1 1 0 0 0 0 1 0 1 1 0
250	3	 1 1 0 1 0 1 0 0 0 1 1 1 1 1 0 0 0 1 1 0
250	7	 1 1 0 1 1 1 1 1 0 1 1 0 1 1 0 0 0 0 0 1
250	20	 1 1 0 0 0 0 1 0 0 1 1 1 1 0 0 0 0 0 0 0
250	4	 1 0 0 1 0 0 1 0 0 1 1 0 0 1 0 0 0 0 0 0
250	5	 1 0 0 0 1 0 0 0 1 1 1 0 0 0 0 0 0 0 0 0
250	12	 1 0 1 1 0 0 0 0 0 1 1 0 0 0 0 0 0 0 0 0
250	3	 1 0 1 1 1 0 0 0 0 1 1 0 0 0 0 0 0 0 0 1
250	4	 1 1 0 1 0 0 1 0 0 1 1 0 0 0 0 1 0 0 0 0
250	7	 1 0 0 1 0 0 0 0 0 1 1 1 0 1 0 0 0 0 1 0
250	7	 1 0 0 0 0 0 0 0 0 1 1 1 1 1 0 0 0 0 1 0
250	2	 0 0 0 1 1 0 0 0 0 1 1 0 0 0 0 0 0 0 0 0
250	11	 1 1 0 1 0 0 1 0 0 1 1 0 1 0 1 0 0 1 0 0
250	10	 1 0 0 1 0 0 0 0 0 1 1 0 1 0 0 1 0 1 0 1
250	1	 1 0 0 1 1 0 0 1 0 1 1 1 1 1 0 0 1 0 1 0
250	7	 1 1 0 1 1 0 1 0 0 1 0 0 1 0 0 0 0 1 0 0
250	1	 1 0 1 0 1 0 1 0 0 1 1 0 1 0 0 0 0 1 0 0
250	6	 1 0 0 1 0 0 0 0 0 1 1 0 1 0 0 0 0 1 0 1
250	6	 1 0 1 1 0 0 0 0 0 1 1 1 1 1 0 0 0 0 1 0
250	5	 1 0 0 1 1 0 0 1 0 1 1 0 1 0 0 0 0 0 0 0
250	2	 1 1 0 1 1 0 1 0 1 1 1 1 1 0 0 0 0 1 0 0
250	2	 1 0 0 1 0 0 0 1 0 0 1 0 0 0 0 0 0 0 1 0
250	1	 0 1 1 1 1 0 1 0 0 0 1 0 1 1 0 0 0 1 0 1
250	11	 1 1 0 1 1 0 1 0 0 1 1 0 1 1 0 0 0 1 0 0
250	7	 1 0 1 1 1 1 1 0 0 1 1 0 1 1 0 0 0 0 0 0
250	4	 1 0 0 1 1 0 0 0 0 1 0 0 1 0 0 0 0 0 0 0
250	5	 1 0 1 1 0 1 0 0 0 1 1 0 1 0 1 0 0 0 1 0
250	2	 1 1 0 1 0 0 0 0 0 1 1 0 1 1 0 0 0 1 0 1
250	24	 1 1 0 1 1 0 1 0 0 1 1 0 1 1 0 0 1 0 0 1
250	2	 0 0 1 1 0 1 0 1 0 1 1 0 0 0 0 0 0 0 0 0
250	10	 1 1 0 0 0 1 0 0 0 1 1 0 1 0 0 0 0 0 0 0
250	4	 1 0 0 1 0 0 1 1 0 0 1 0 0 0 0 0 0 1 0 0
250	2	 1 0 0 1 0 0 0 0 0 1 1 1 1 1 0 0 1 0 1 0
250	1	 1 1 1 1 1 0 1 0 0 0 1 0 1 0 0 0 0 0 1 0
250	16	 1 0 0 1 0 0 0 0 0 1 1 1 1 1 0 0 0 0 0 0
250	4	 1 1 0 1 1 0 0 0 0 1 1 0 1 0 0 0 0 0 0 0
250	3	 1 1 0 1 0 0 0 0 0 1 1 1 1 1 0 0 1 0 1 0
250	14	 1 1 1 1 0 1 1 0 0 1 1 0 0 0 1 0 0 0 0 0
250	4	 0 0 0 1 0 0 0 0 0 1 1 0 0 0 0 0 0 0 0 0
250	3	 1 1 0 1 0 0 1 0 0 1 1 0 0 0 0 0 0 1 1 0
250	4	 1 0 1 1 0 1 0 0 0 1 1 0 1 0 1 0 0 1 1 0
250	1	 1 1 0 1 0 0 1 0 0 1 1 0 0 1 0 0 0 1 0 0
250	8	 1 0 0 1 0 1 0 0 0 1 1 0 1 1 0 0 1 0 0 0
250	3	 1 1 0 0 1 0 0 0 0 1 1 0 1 0 0 0 0 0 0 0
250	1	 1 0 0 1 0 0 1 0 0 0 1 0 1 1 0 0 0 0 0 1
250	1	 1 0 0 1 1 0 0 0 0 1 1 0 0 0 0 1 0 1 1 0
250	4	 1 1 0 1 1 0 1 0 0 1 1 0 0 1 0 0 0 0 0 0
250	5	 1 1 0 1 0 0 1 0 0 1 1 1 0 1 0 0 0 0 0 0
250	3	 1 0 0 1 1 0 0 0 0 1 1 0 0 0 0 0 1 0 0 0
250	2	 1 0 0 1 1 0 1 0 0 0 1 0 1 1 0 0 0 0 1 0
250	1	 1 0 1 1 1 0 0 1 0 1 1 0 1 0 0 0 0 0 0 0
250	14	 1 1 0 1 0 0 1 0 0 0 1 0 1 0 0 0 0 0 0 0
250	4	 1 0 0 1 0 0 0 1 0 1 1 0 1 1 0 0 0 1 0 0
250	13	 1 1 0 1 0 0 1 1 0 1 1 0 0 1 0 0 0 0 0 0
250	3	 1 1 0 1 0 0 1 0 0 0 1 1 1 0 1 0 0 1 0 0
250	2	 1 1 0 1 1 0 1 0 1 0 1 1 1 0 0 0 0 1 0 0
250	1	 0 0 0 1 0 1 0 0 0 1 1 0 0 0 0 0 0 0 0 0
250	2	 1 0 0 1 1 0 0 0 0 1 1 0 1 1 0 0 0 0 0 0
250	2	 1 0 1 0 0 1 0 0 0 1 1 0 1 0 0 0 0 1 0 0
250	2	 1 1 0 1 1 0 0 0 0 1 1 0 0 0 0 0 0 0 1 0
250	8	 1 1 0 1 0 1 1 0 0 0 1 0 1 0 1 0 0 1 0 0
250	2	 1 1 0 1 1 1 1 1 0 1 1 0 1 0 0 0 0 0 0 1
250	1	 1 0 1 1 0 0 1 0 0 1 1 0 0 0 1 0 0 0 0 0
250	2	 1 1 0 1 1 0 0 0 1 1 1 0 0 0 0 0 0 0 1 0
250	7	 1 0 1 0 0 1 0 0 0 1 1 0 0 0 0 0 0 0 0 0
250	2	 1 0 0 1 0 0 1 0 0 1 1 0 1 0 1 0 0 1 0 0
250	4	 1 0 1 1 0 0 0 0 0 1 1 1 1 1 0 0 0 0 0 0
250	3	 1 0 0 1 0 0 0 0 0 1 0 0 1 1 0 0 0 0 1 0
250	1	 0 1 0 1 0 0 1 0 0 1 1 0 0 1 0 0 0 0 0 0
250	4	 1 1 0 0 0 0 1 0 0 1 1 1 1 0 0 0 1 0 0 0
250	1	 1 1 0 1 0 0 0 0 1 1 1 0 0 0 0 0 0 0 0 0
250	1	 1 1 0 0 1 0 1 0 0 1 1 0 1 1 0 0 0 0 0 1
250	1	 1 1 0 1 1 0 0 0 0 1 1 0 1 0 1 0 0 1 0 0
250	1	 1 0 0 0 1 0 0 0 0 1 1 0 1 0 0 0 0 0 1 0
250	5	 1 0 0 1 1 0 0 1 0 1 1 0 0 0 0 0 0 0 0 0
250	8	 1 1 0 1 1 0 1 0 0 0 1 0 1 1 0 0 0 1 0 0
250	1	 1 1 0 1 0 0 1 0 0 1 1 0 0 0 0 0 0 0 0 0
250	1	 1 0 0 1 1 0 1 0 0 0 1 1 0 0 0 0 1 0 0 0
250	1	 1 1 0 0 0 0 1 0 0 1 1 0 0 0 0 1 0 0 0 0
250	1	 1 1 0 1 1 0 1 0 1 1 1 1 1 0 0 0 0 0 0 0
250	1	 1 0 1 1 1 1 1 0 0 1 1 0 0 0 0 0 0 0 0 0
250	2	 1 1 0 1 0 0 1 0 0 1 1 0 1 0 0 0 0 1 1 0
250	2	 1 0 0 1 0 0 1 1 0 1 1 0 0 0 0 0 0 1 0 0
250	1	 1 0 0 1 0 0 0 1 0 1 1 0 1 0 0 0 0 0 1 1
250	4	 1 0 0 1 0 0 0 1 0 1 1 0 1 0 0 0 0 1 1 0
250	1	 1 0 0 1 1 0 0 0 0 0 1 0 0 0 0 0 0 0 0 0
250	2	 1 0 1 1 1 0 0 0 0 1 0 0 0 0 0 0 0 0 0 0
250	1	 1 0 0 1 0 0 0 0 0 1 1 0 1 0 0 0 1 1 0 1
250	1	 1 0 0 1 0 0 0 0 0 1 1 0 1 0 0 0 0 1 1 1
250	1	 1 0 1 1 0 1 0 0 0 0 1 0 1 0 1 0 0 1 1 0
250	2	 1 0 0 1 1 1 0 0 0 1 1 0 1 1 0 0 1 0 0 0
400	19	 1 1 0 1 1 0 1 0 0 1 1 0 0 1 0 0 0 0 0 0
400	13	 1 1 1 1 0 1 1 0 0 1 1 1 0 0 0 0 0 0 0 0
400	76	 1 1 1 1 0 1 1 0 0 1 1 0 0 1 0 0 0 0 0 0
400	35	 1 1 1 1 1 0 0 0 0 0 1 1 1 0 0 0 0 0 0 0
400	22	 1 1 1 1 0 1 1 0 0 1 1 1 0 0 0 0 0 0 0 1
400	34	 1 1 1 1 0 1 0 0 0 1 1 0 1 0 0 0 0 0 0 0
400	16	 1 1 0 1 1 0 0 1 0 1 1 0 1 0 1 0 0 0 0 0
400	10	 1 1 1 1 1 0 0 1 0 1 1 0 0 0 0 0 0 0 0 0
400	35	 1 1 1 1 1 1 1 0 0 1 1 0 1 1 0 0 0 0 1 0
400	45	 1 1 1 1 1 0 0 0 0 0 1 1 1 0 0 1 0 0 0 0
400	2	 1 1 1 1 0 1 1 0 0 1 1 0 0 0 0 0 0 0 0 0
400	4	 1 1 1 1 1 0 0 1 0 1 1 0 1 1 0 0 0 1 1 0
400	5	 1 1 0 1 0 0 0 0 0 1 1 1 1 1 0 0 0 0 1 0
400	14	 1 1 1 1 1 0 0 1 0 1 1 1 0 1 0 0 0 0 0 1
400	10	 1 1 1 1 1 0 1 0 0 1 0 0 0 0 0 0 0 0 0 0
400	3	 1 1 0 1 1 0 0 1 0 1 1 0 1 0 0 0 0 0 0 0
400	13	 1 1 1 1 1 0 1 0 0 1 1 0 0 1 0 1 0 0 0 0
400	31	 1 1 1 1 0 1 1 0 0 1 1 0 0 1 1 0 0 0 0 0
400	2	 1 1 0 1 0 1 1 0 0 0 1 0 0 1 0 0 0 0 0 0
400	3	 1 1 0 1 1 0 0 1 0 1 1 0 1 0 0 0 0 1 1 0
400	3	 1 1 1 1 1 0 0 0 1 1 1 0 1 1 0 0 0 0 0 0
400	5	 1 1 0 1 1 0 1 0 0 1 1 0 1 0 1 0 0 0 0 0
400	15	 1 1 0 1 0 0 0 0 0 1 1 1 0 1 0 0 0 0 0 0
400	16	 1 1 1 1 0 0 0 0 0 1 1 0 1 1 1 0 0 0 0 0
400	24	 1 1 1 1 0 1 1 1 1 1 1 0 0 0 0 0 0 0 0 0
400	1	 1 1 1 0 1 0 1 1 0 1 1 0 0 0 0 0 0 0 0 0
400	2	 1 1 1 1 1 1 1 0 0 1 1 0 1 0 0 1 1 0 0 0
400	6	 1 1 1 1 1 0 0 1 0 0 1 1 1 0 0 0 0 1 0 0
400	5	 1 1 0 1 0 0 0 0 0 1 1 1 1 0 0 0 0 0 0 0
400	7	 1 1 0 1 0 1 0 0 0 1 1 1 0 1 0 0 0 0 0 1
400	8	 1 1 1 1 1 1 0 1 0 1 0 0 0 0 0 0 0 0 0 0
400	5	 1 1 0 1 1 0 0 1 0 1 1 0 0 1 0 0 1 0 0 0
400	8	 1 1 1 1 1 0 0 0 1 1 1 1 1 1 0 0 0 0 0 0
400	21	 1 0 1 1 0 1 0 0 0 0 1 0 0 0 0 0 0 0 0 0
400	5	 1 1 1 1 1 0 1 0 0 0 1 0 1 0 0 0 0 0 1 0
400	11	 0 1 1 1 1 0 1 1 0 1 1 0 0 0 0 0 0 0 0 0
400	5	 1 1 1 1 0 0 1 0 0 1 1 0 1 1 1 0 0 0 0 0
400	5	 1 1 1 1 0 1 1 0 0 1 1 0 0 1 1 0 0 1 0 0
400	5	 1 1 1 1 0 1 0 0 0 0 1 0 0 0 1 0 0 0 0 0
400	9	 1 1 1 1 1 0 0 1 0 1 1 1 0 1 0 0 0 0 0 0
400	2	 1 1 1 1 0 1 1 0 0 1 1 0 0 1 0 0 1 0 0 0
400	5	 1 1 1 1 0 1 1 0 0 1 1 0 0 1 0 1 0 0 0 0
400	2	 1 1 0 1 0 1 0 0 0 1 1 0 0 0 0 0 0 0 0 0
400	8	 0 1 1 1 1 0 0 0 1 1 1 1 1 0 1 0 0 0 0 0
400	29	 1 1 1 1 1 0 0 1 0 1 1 0 1 0 1 0 0 0 0 0
400	8	 1 1 0 1 1 0 1 1 0 1 1 0 1 0 0 0 0 1 1 0
400	1	 1 1 1 1 1 0 0 0 0 0 1 1 1 0 0 0 0 0 0 1
400	5	 1 1 1 1 0 1 1 0 0 1 1 0 0 1 0 0 0 1 0 0
400	15	 1 1 0 1 0 0 0 0 0 1 1 0 1 0 1 0 0 0 0 0
400	4	 1 1 1 0 0 1 1 0 0 1 1 1 0 0 0 1 0 0 0 0
400	3	 1 1 1 1 1 0 1 1 0 1 1 0 0 1 0 0 0 0 0 0
400	10	 1 1 1 1 0 0 0 0 0 1 1 1 1 0 0 0 0 0 0 0
400	7	 1 1 1 1 1 0 0 1 0 0 1 1 1 0 0 0 0 0 0 0
400	8	 1 1 1 1 1 0 0 0 0 1 1 1 1 1 0 0 0 0 0 0
400	18	 1 1 0 1 0 1 1 0 0 1 1 0 0 1 1 0 0 0 0 0
400	7	 1 1 1 1 0 1 1 0 0 1 1 0 1 0 0 1 1 0 0 0
400	3	 1 1 0 1 1 0 1 0 0 1 1 0 0 1 0 0 0 0 0 1
400	11	 1 1 1 1 0 1 1 1 1 1 1 0 0 0 0 0 0 1 0 0
400	2	 1 0 1 1 0 1 1 0 0 1 1 1 1 0 0 0 0 0 0 0
400	4	 0 1 1 1 1 0 1 0 1 1 1 1 1 0 1 0 0 0 0 0
400	4	 1 1 0 1 0 1 1 0 0 1 1 1 0 0 0 0 0 0 0 1
400	11	 1 1 1 1 1 1 1 0 0 1 0 0 0 1 1 0 0 0 0 0
400	6	 1 1 1 1 1 0 0 0 0 0 1 1 1 0 1 0 0 0 1 0
400	2	 0 1 1 1 1 0 0 1 0 1 1 0 1 1 0 0 0 1 1 0
400	2	 0 1 1 1 1 0 1 0 0 1 0 0 0 0 0 0 0 0 0 0
400	1	 1 1 1 1 0 0 1 0 0 1 1 0 0 1 1 0 0 0 0 0
400	4	 1 1 1 1 0 1 1 1 1 1 1 0 0 0 0 1 0 0 0 0
400	2	 1 1 1 0 0 1 1 0 0 1 1 0 0 1 0 0 0 1 0 0
400	3	 1 1 0 1 1 0 1 0 0 1 1 1 0 0 0 0 0 0 0 1
400	11	 1 1 1 1 0 1 1 0 0 1 1 0 1 1 0 0 0 0 0 0
400	2	 1 1 1 1 1 0 1 0 0 1 1 0 1 0 0 0 1 0 0 0
400	5	 1 1 0 1 0 0 0 0 0 1 1 1 1 0 1 0 0 0 0 0
400	4	 1 1 1 1 0 1 1 0 0 1 1 0 0 1 1 1 0 1 1 0
400	7	 1 1 1 1 1 0 0 0 0 1 1 0 1 1 0 0 0 0 0 0
400	4	 1 1 0 1 0 1 1 1 1 1 1 0 0 0 0 0 0 0 0 0
400	6	 1 1 1 0 0 1 0 0 0 1 1 0 1 0 0 0 0 0 0 0
400	1	 0 1 1 1 0 0 0 0 0 1 1 1 1 0 0 0 0 0 0 0
400	7	 1 1 1 1 1 0 0 0 0 0 1 1 1 0 0 1 1 0 0 0
400	3	 1 1 0 1 1 0 1 0 0 1 1 0 1 0 1 1 0 0 0 0
400	1	 1 1 1 1 1 0 0 0 1 1 1 1 1 0 0 0 0 0 0 0
400	3	 0 1 1 1 0 1 1 0 0 1 1 0 0 1 0 1 0 0 0 0
400	8	 1 1 0 1 0 1 1 0 0 0 1 0 0 1 1 0 0 0 0 0
400	2	 1 1 1 1 1 0 0 0 0 1 1 1 0 0 0 0 0 0 0 0
400	14	 1 1 0 1 0 0 0 0 0 1 1 0 0 0 0 0 0 0 0 0
400	3	 1 1 1 1 0 1 1 1 1 1 1 0 1 0 0 0 0 0 1 0
400	5	 1 0 1 1 0 1 1 0 0 1 1 0 0 1 0 0 0 0 0 0
400	4	 1 1 1 1 1 0 0 1 0 1 0 0 1 1 0 0 0 1 1 0
400	2	 1 1 0 1 1 0 1 1 0 1 1 0 1 0 0 0 0 0 0 0
400	2	 1 1 1 1 1 0 1 1 0 1 1 0 1 0 1 0 0 0 1 0
400	1	 1 1 1 1 1 1 1 0 0 1 1 0 1 1 0 0 0 0 0 0
400	6	 1 1 0 1 0 0 0 0 0 1 1 1 0 1 0 0 0 0 1 0
400	4	 1 1 1 1 0 1 1 0 1 1 1 1 0 0 0 0 0 0 0 0
400	2	 1 1 1 1 0 1 0 0 0 0 1 0 1 0 0 0 0 0 0 0
400	5	 1 1 0 1 0 1 1 0 0 0 1 0 0 0 0 0 0 0 0 0
400	2	 1 1 1 0 1 0 0 0 1 1 1 0 1 1 0 0 0 0 0 0
400	2	 1 1 1 1 1 0 0 1 0 0 1 1 1 0 0 0 0 1 1 0
400	2	 1 0 0 1 0 1 0 0 0 1 1 0 0 0 0 0 0 0 0 0
400	9	 1 1 0 1 0 0 0 0 1 1 1 0 1 0 1 0 0 0 0 0
400	1	 0 0 1 1 0 1 1 0 0 1 1 1 1 0 0 0 0 0 0 0
400	3	 1 1 1 1 0 1 1 1 0 1 1 1 0 1 0 0 0 0 0 1
400	8	 0 1 1 1 1 0 1 1 0 1 1 0 0 0 0 0 0 0 0 1
400	1	 1 1 0 1 0 1 1 0 0 1 1 1 0 0 0 0 0 1 1 0
400	1	 1 1 1 1 0 1 1 0 0 1 1 1 0 0 0 0 0 1 0 1
400	3	 1 1 1 1 1 0 1 0 0 1 0 0 1 0 0 0 0 0 0 0
400	4	 1 1 1 1 0 1 0 0 1 1 1 1 0 0 0 0 0 0 0 0
400	1	 1 1 1 1 1 0 0 1 0 1 0 1 0 1 0 0 0 0 0 0
400	8	 1 1 1 1 0 1 1 0 1 1 1 0 0 1 0 0 1 0 0 0
400	3	 1 1 1 1 1 0 0 1 0 1 1 1 1 0 0 0 0 0 0 0
400	2	 1 1 1 1 0 1 1 0 0 1 1 0 1 0 0 0 0 0 0 0
400	3	 1 1 1 1 0 1 1 1 1 1 1 0 0 1 0 0 0 0 0 0
400	6	 1 1 1 1 0 0 1 0 0 1 1 1 0 1 0 0 0 0 1 0
400	1	 1 1 0 1 1 0 1 0 0 1 1 0 0 1 0 0 0 1 0 0
400	9	 1 1 1 1 0 1 1 0 0 1 1 0 0 1 0 0 0 0 0 1
400	4	 1 0 1 1 1 0 0 1 0 1 1 0 0 0 0 0 0 0 0 0
400	5	 1 1 1 1 1 1 1 0 0 1 1 0 1 1 0 1 0 0 1 0
400	5	 1 1 1 1 1 1 1 0 0 1 1 0 1 1 0 0 0 0 1 1
400	2	 1 1 0 1 1 0 0 1 0 1 1 0 1 0 0 1 0 0 0 0
400	2	 1 1 0 1 0 1 1 0 0 0 1 0 0 1 0 0 0 1 0 0
400	1	 1 1 0 1 0 0 0 0 0 1 0 0 1 0 1 0 0 0 0 0
400	4	 1 0 1 1 0 1 1 0 0 1 1 1 1 0 0 0 0 0 1 0
400	1	 1 1 1 1 0 1 0 0 1 1 1 1 1 0 0 0 0 0 0 0
400	3	 1 1 1 1 0 1 0 0 0 0 1 1 1 0 0 1 0 0 0 0
400	3	 1 1 1 1 1 0 1 1 0 1 1 1 1 1 0 0 0 0 0 0
400	2	 1 0 1 1 1 0 0 0 1 1 1 1 1 0 1 0 0 0 0 0
400	3	 1 1 1 1 0 0 0 0 0 1 1 0 0 0 0 0 0 0 0 0
400	2	 1 1 1 1 0 1 0 0 0 1 1 0 0 1 0 0 0 0 0 0
400	2	 1 1 1 1 0 1 1 0 1 1 1 0 0 1 0 0 0 0 0 0
400	2	 1 1 1 1 0 1 1 0 0 1 1 0 0 0 1 0 0 0 0 0
400	1	 1 1 1 1 0 1 1 0 0 1 1 0 0 1 1 0 1 0 0 0
400	2	 1 1 1 1 1 0 0 1 0 0 1 1 1 0 1 0 0 1 0 0
400	1	 1 1 1 1 1 0 0 1 0 1 1 0 1 0 1 1 0 0 0 0
400	2	 1 1 0 1 0 0 0 0 0 1 1 0 1 0 1 1 0 0 0 0
400	2	 1 1 0 1 0 1 1 0 0 1 1 0 0 1 0 0 0 0 0 0
400	2	 1 1 1 1 0 1 1 1 1 1 0 0 0 0 0 1 0 0 0 0
400	2	 1 1 1 0 1 0 0 0 0 1 1 1 0 1 0 0 0 0 0 0
400	5	 1 1 1 1 0 1 0 0 1 1 1 0 0 0 0 0 0 0 0 0
400	1	 1 1 0 1 1 0 0 1 0 1 1 0 1 1 0 0 0 0 0 0
400	1	 1 1 1 1 1 0 0 0 1 1 1 1 1 0 0 0 0 0 1 0
400	2	 1 0 1 1 0 0 0 0 0 1 1 1 1 0 1 0 0 0 0 0
400	1	 1 1 1 1 1 1 1 0 0 1 1 0 0 1 0 0 0 0 0 0
400	1	 1 1 1 1 0 0 0 1 0 1 1 1 0 1 0 0 0 0 0 1
400	2	 1 1 1 0 0 1 1 0 0 1 1 0 0 1 1 0 0 0 0 0
400	1	 1 1 0 1 1 0 1 0 0 1 1 0 1 1 1 0 0 0 0 0
400	1	 1 1 1 1 0 1 0 0 0 1 1 0 0 1 0 0 1 0 0 0
400	2	 1 1 0 1 0 1 1 0 0 1 1 0 0 1 1 0 0 0 1 0
400	2	 1 1 1 1 1 0 0 0 0 0 1 1 1 0 1 0 0 1 1 0
400	1	 1 0 1 1 1 0 1 0 0 1 1 0 1 0 0 0 1 0 0 0
400	1	 1 1 1 1 0 1 0 1 0 1 1 1 0 1 0 0 0 0 0 1
590	11	 1 1 1 1 1 0 1 0 0 1 1 0 0 1 1 0 0 0 0 0
590	45	 1 1 1 1 0 1 1 0 1 1 0 1 1 1 0 0 0 0 0 0
590	16	 1 1 1 1 1 0 0 0 0 0 0 1 0 0 1 1 0 0 0 0
590	7	 1 1 1 0 1 0 1 0 0 1 1 0 0 1 1 0 0 0 0 0
590	64	 1 1 1 1 1 0 0 0 0 0 1 1 1 0 0 0 0 0 0 0
590	8	 1 1 1 1 0 0 1 0 0 1 1 0 0 0 0 0 0 0 0 0
590	12	 1 1 1 1 1 0 0 0 0 0 0 0 0 1 0 0 0 0 0 0
590	47	 1 1 1 1 0 1 1 0 1 1 0 1 1 1 1 0 0 0 0 0
590	28	 1 1 1 1 1 1 1 0 0 1 1 1 0 0 0 0 0 0 0 0
590	15	 1 1 1 1 0 1 1 0 0 1 1 1 1 0 0 0 0 0 0 0
590	8	 1 1 1 1 0 0 1 1 0 1 1 0 0 1 1 0 0 0 0 0
590	4	 1 1 1 1 0 0 1 0 0 0 1 0 0 0 0 0 0 0 0 0
590	2	 1 1 1 1 1 1 1 0 0 1 0 0 0 1 0 0 0 0 0 0
590	8	 1 1 1 1 0 0 1 0 1 0 1 0 1 0 0 0 0 0 1 0
590	10	 0 1 1 1 1 0 0 0 0 0 0 1 1 0 0 0 0 0 0 0
590	1	 1 0 1 1 0 1 1 0 0 1 1 0 0 1 1 0 0 0 0 0
590	12	 1 1 1 1 1 1 1 0 0 1 1 1 1 0 0 0 0 0 0 0
590	17	 1 1 1 1 1 1 1 0 0 1 1 0 1 1 1 0 0 0 0 0
590	5	 1 0 1 1 0 0 1 0 0 1 1 0 0 0 0 0 0 0 0 0
590	70	 0 1 1 1 0 1 1 0 1 1 0 1 1 1 0 0 0 0 0 0
590	3	 1 1 1 1 0 1 1 0 0 1 1 1 0 0 0 0 1 0 0 0
590	7	 1 0 1 1 1 1 1 0 0 1 1 0 0 1 0 0 0 0 1 0
590	18	 1 1 0 1 0 0 1 0 1 0 1 0 1 0 0 1 0 0 0 0
590	11	 1 1 1 1 1 0 0 0 0 1 1 0 0 1 0 0 0 0 0 0
590	5	 1 1 1 1 0 1 1 0 1 1 0 0 1 1 0 0 0 0 0 0
590	12	 1 1 1 1 0 1 1 0 1 1 1 1 1 0 1 0 0 0 0 0
590	3	 1 1 1 1 1 1 0 1 0 0 0 0 0 1 0 0 0 0 0 0
590	19	 1 1 1 1 0 0 1 0 1 0 1 0 0 1 1 0 0 0 0 0
590	1	 1 1 1 1 1 0 1 0 0 1 1 0 0 0 0 0 0 0 0 0
590	3	 1 0 1 0 0 0 1 0 0 1 1 0 0 0 0 0 0 0 0 0
590	15	 0 1 1 1 0 0 1 0 1 0 1 0 1 0 0 0 0 0 1 0
590	23	 1 1 0 1 0 1 1 0 0 1 1 0 0 1 1 1 0 0 0 0
590	11	 1 1 1 1 0 1 1 0 1 1 0 1 1 1 1 0 0 0 1 0
590	23	 1 1 1 1 0 1 1 0 1 1 0 0 1 1 0 0 0 1 0 0
590	7	 1 1 1 1 1 0 0 0 0 0 1 1 1 0 0 0 0 0 1 0
590	10	 0 1 0 0 1 0 1 0 0 1 1 1 1 1 0 0 0 0 0 0
590	12	 1 1 1 1 0 1 1 0 0 1 0 1 0 0 1 0 0 0 0 0
590	20	 1 1 1 1 0 1 1 0 1 0 1 0 1 0 0 0 0 0 1 0
590	13	 0 1 1 1 1 0 0 0 0 0 0 1 1 0 1 0 0 0 0 0
590	5	 1 1 1 1 1 0 0 0 0 0 0 1 0 0 1 0 0 0 0 0
590	3	 0 1 1 1 1 0 1 0 0 0 0 1 1 0 0 0 0 0 0 0
590	4	 1 1 1 1 0 0 1 0 1 0 0 0 1 0 0 0 0 0 1 0
590	12	 1 1 1 1 0 1 1 0 1 1 0 1 1 0 1 0 1 0 0 0
590	8	 1 1 1 1 0 1 1 0 1 1 1 1 1 1 0 0 0 0 0 0
590	2	 1 1 1 0 0 0 1 0 0 1 1 0 0 0 0 0 0 0 0 0
590	3	 1 1 1 1 1 0 1 0 0 1 1 0 1 1 0 0 0 0 0 0
590	3	 1 1 1 1 1 0 0 0 0 1 1 1 1 0 0 0 0 0 0 0
590	9	 1 1 1 1 1 0 0 0 0 1 1 1 0 0 1 1 1 0 0 0
590	5	 1 1 1 1 1 0 1 0 0 1 0 0 0 1 0 0 0 0 1 0
590	29	 1 1 1 1 0 0 1 1 1 0 1 0 0 1 1 0 0 0 0 0
590	2	 1 1 1 1 0 0 1 0 1 0 1 0 1 0 1 0 0 0 1 0
590	5	 1 1 1 1 0 0 1 0 0 1 1 1 0 0 0 0 0 0 0 0
590	6	 1 0 1 1 0 0 1 0 0 1 1 0 0 0 0 0 0 1 0 0
590	14	 1 1 1 1 0 1 1 0 1 0 1 0 1 1 0 0 1 0 1 0
590	28	 1 1 1 1 0 0 1 0 1 0 1 0 1 0 0 0 1 0 1 0
590	2	 1 1 1 1 1 0 0 0 0 1 1 0 0 1 1 0 0 1 0 0
590	4	 1 1 1 1 0 1 1 0 0 1 1 0 1 1 1 0 0 0 0 0
590	2	 1 1 1 1 1 0 0 0 0 1 1 1 1 0 1 0 1 0 0 0
590	4	 1 1 1 1 1 0 0 0 0 0 1 1 1 0 0 0 0 1 0 0
590	2	 1 1 1 1 0 0 1 1 0 1 1 0 0 1 1 1 0 0 0 0
590	15	 1 0 1 1 0 0 1 0 0 1 1 1 1 0 0 0 0 0 0 0
590	3	 1 1 0 1 1 0 0 0 0 0 1 1 1 1 1 0 1 0 0 0
590	18	 1 1 1 1 1 0 0 0 0 0 1 0 0 1 1 0 0 0 0 1
590	5	 0 1 1 1 0 0 1 0 1 0 1 0 1 0 0 0 0 0 0 0
590	1	 0 1 0 1 0 1 1 0 0 1 0 1 0 0 1 0 0 0 0 0
590	3	 1 1 1 1 1 1 1 1 0 1 0 0 0 1 0 0 0 0 0 0
590	1	 1 1 1 1 0 1 0 0 1 1 0 1 1 1 1 0 0 0 1 0
590	2	 1 1 0 1 0 0 1 0 1 0 1 0 1 0 1 0 0 1 0 0
590	1	 1 1 1 1 1 1 0 1 0 0 0 0 1 1 0 0 0 0 0 0
590	5	 0 1 1 1 0 0 1 0 0 1 1 1 1 0 0 0 0 0 0 0
590	1	 1 1 1 1 1 0 0 0 0 0 0 0 0 1 0 0 0 0 0 1
590	12	 0 1 1 1 1 1 1 0 0 1 1 1 0 0 0 0 0 0 0 0
590	2	 1 1 0 1 0 0 1 0 1 0 0 0 1 0 0 0 0 0 1 0
590	19	 1 1 1 1 1 0 1 0 0 0 1 0 1 0 0 0 0 0 1 0
590	9	 1 1 1 1 0 1 1 0 1 0 1 0 1 0 1 0 0 0 1 0
590	6	 1 1 1 1 1 1 0 1 0 0 1 0 0 1 1 0 0 0 0 0
590	1	 1 1 1 1 1 0 0 0 0 0 1 1 1 1 0 0 0 0 0 0
590	3	 1 1 1 1 0 0 0 0 1 0 1 0 1 0 0 0 0 0 1 0
590	2	 1 1 1 1 1 1 1 0 0 1 1 1 1 1 1 0 0 0 0 0
590	2	 0 1 1 1 0 1 1 0 0 1 1 1 1 1 0 0 0 0 0 0
590	2	 1 0 1 1 1 1 1 0 0 1 1 0 1 1 1 0 0 0 0 0
590	1	 0 1 1 1 1 1 1 0 0 1 1 1 0 0 0 1 0 0 0 0
590	2	 1 1 1 1 0 1 1 0 1 1 0 1 1 0 0 0 0 1 0 0
590	6	 1 0 1 1 0 1 1 0 0 1 1 0 0 1 0 0 0 1 1 0
590	1	 1 1 1 1 0 1 1 0 0 0 1 1 1 1 1 0 1 0 0 0
590	3	 1 0 1 1 0 1 1 0 1 1 0 1 1 1 0 0 0 0 0 0
590	2	 1 1 1 1 1 0 0 0 0 0 0 1 0 0 0 1 0 0 0 0
590	1	 0 1 1 1 1 0 0 0 0 0 0 0 0 1 0 0 0 0 0 0
590	1	 1 1 1 1 1 0 1 0 0 1 0 0 0 1 1 1 0 0 0 0
590	3	 1 1 1 1 1 0 1 0 0 1 1 0 1 1 0 0 0 1 0 0
590	8	 1 1 0 1 1 1 1 1 0 1 0 0 0 1 0 0 0 0 0 0
590	4	 1 0 1 0 0 0 1 0 1 1 0 1 1 1 1 0 0 0 1 0
590	2	 1 1 1 1 0 1 1 0 1 1 1 1 1 0 1 1 0 0 0 0
590	3	 1 1 1 1 0 0 1 0 1 0 1 1 1 0 0 0 0 0 0 0
590	3	 1 1 1 0 1 0 1 0 0 1 1 1 1 1 0 0 0 0 0 0
590	2	 1 1 1 1 0 0 1 0 0 0 0 1 1 0 0 0 0 0 0 0
590	1	 0 1 1 1 0 1 1 0 1 0 1 0 1 0 0 0 0 0 1 0
590	1	 1 1 1 1 0 0 1 0 1 1 1 0 0 1 0 0 0 0 0 0
590	2	 1 1 1 1 1 0 0 0 0 0 0 1 1 0 1 0 0 0 0 0
590	1	 1 1 1 1 0 0 1 1 1 0 1 1 1 0 0 0 0 0 0 0
590	3	 1 1 1 1 1 0 0 1 0 0 1 1 1 0 0 0 0 0 0 0
590	1	 1 1 1 1 1 0 0 0 0 0 1 0 1 0 0 0 0 0 0 0
590	1	 1 1 1 1 0 0 1 0 0 1 1 0 0 0 1 0 0 0 0 0
590	1	 1 1 1 1 1 0 0 0 0 0 0 0 0 1 0 1 0 0 0 0
590	3	 1 1 1 1 0 0 1 0 1 0 1 0 1 0 0 0 0 1 1 0
590	3	 0 1 1 1 0 1 1 0 1 1 0 1 1 1 0 0 0 0 0 1
590	4	 1 1 0 1 0 1 1 0 0 0 1 0 0 1 1 1 0 0 0 0
590	5	 1 1 1 1 0 1 1 0 1 1 0 0 0 1 0 0 0 1 0 0
590	1	 1 1 1 1 1 0 0 0 0 0 1 1 0 0 1 0 0 0 0 0
590	1	 1 1 1 1 0 0 0 0 0 0 1 0 0 1 1 0 0 0 0 1
590	5	 1 1 1 1 0 1 0 0 1 0 0 1 1 1 1 0 0 0 1 0
590	5	 1 1 1 1 0 1 0 0 1 1 0 1 1 1 0 0 0 0 1 0
590	1	 1 1 1 1 0 1 1 0 1 1 0 1 1 0 1 0 0 0 0 0
590	1	 1 1 1 1 1 1 1 0 0 1 1 1 1 0 1 1 0 0 0 0
590	1	 0 1 1 1 0 0 1 1 1 0 1 0 0 1 1 0 0 0 0 0
590	3	 1 1 1 1 1 1 1 0 1 1 0 0 1 1 0 0 0 1 0 0
590	2	 1 1 1 1 1 0 0 0 0 0 1 1 0 0 1 1 0 0 0 0
590	2	 1 1 1 1 1 0 0 0 0 0 0 1 1 0 0 0 0 0 0 0
590	3	 0 1 1 1 1 1 1 0 1 1 0 1 1 1 0 0 0 0 0 0
590	2	 1 0 1 1 1 1 1 0 0 1 0 0 0 1 0 0 0 0 1 0
590	1	 0 1 1 1 0 0 1 0 1 0 1 0 0 0 0 0 0 0 1 0
590	1	 0 1 1 1 0 0 1 0 1 0 1 0 1 0 0 0 0 0 0 1
590	3	 1 0 0 1 0 0 1 0 0 1 1 0 0 1 0 0 0 0 0 0
590	3	 1 1 1 1 0 0 0 0 1 0 1 0 1 0 0 1 0 0 1 0
590	2	 1 1 1 1 0 1 1 0 0 1 1 0 0 1 0 0 0 0 1 0
590	1	 1 1 1 1 0 1 1 0 0 1 1 1 1 0 0 0 1 0 0 0
590	1	 0 1 1 1 0 1 1 0 1 1 0 1 0 1 1 0 0 0 0 0
590	2	 1 1 1 1 1 0 0 0 0 1 1 0 0 1 0 0 0 1 0 0
590	2	 0 1 1 1 1 0 1 0 0 1 0 1 1 1 0 0 0 0 0 0
590	2	 1 1 1 1 0 0 1 1 1 0 1 1 1 1 1 0 1 0 0 0
590	3	 1 0 1 0 0 0 1 0 1 1 0 1 1 1 0 0 0 0 0 0
590	1	 1 1 1 1 0 1 1 0 1 1 0 1 1 1 0 0 0 0 0 1
590	1	 1 1 1 1 0 0 1 0 1 1 0 1 1 1 1 0 0 0 0 0
590	3	 1 1 1 1 1 1 1 0 0 1 1 0 1 0 1 0 0 0 0 0
590	1	 1 1 0 1 0 0 1 1 1 0 1 0 1 0 0 1 0 0 0 0
590	2	 1 1 0 1 0 0 1 0 1 0 1 0 0 1 1 0 0 0 0 0
590	1	 0 0 1 0 0 0 1 0 0 1 1 0 0 0 0 0 0 0 0 0
590	2	 1 1 1 1 0 0 0 0 0 1 1 1 1 0 1 0 1 0 0 0
590	1	 1 1 1 1 1 1 0 0 0 0 1 0 0 1 1 0 0 0 0 1
590	1	 1 0 1 1 1 1 1 0 0 1 1 0 0 0 0 0 0 1 1 0
720	9	 1 1 1 1 0 1 1 0 1 1 0 1 1 1 0 0 0 0 0 0
720	35	 1 1 1 1 1 0 0 0 0 0 0 1 1 0 1 0 0 0 0 0
720	17	 1 1 1 1 1 1 1 0 1 1 0 0 1 1 0 0 0 0 0 0
720	4	 1 1 1 1 0 0 1 0 1 1 1 1 1 0 0 0 0 0 0 0
720	52	 1 1 1 1 0 1 1 0 1 0 0 1 1 1 0 0 0 0 0 0
720	80	 1 1 1 1 0 1 0 1 0 0 0 1 0 1 0 0 0 0 0 0
720	7	 1 1 1 1 0 1 1 0 1 0 1 0 0 1 1 0 0 0 0 0
720	3	 1 1 1 1 1 0 1 0 1 1 0 1 1 1 0 0 0 0 1 0
720	8	 1 1 1 1 1 1 0 0 1 1 0 0 1 1 0 0 0 0 0 0
720	10	 1 1 1 1 0 1 0 1 0 0 0 1 1 1 0 0 0 0 0 0
720	3	 1 1 1 1 1 1 1 0 0 0 0 1 0 1 0 0 0 0 0 0
720	36	 1 1 1 1 1 0 0 0 1 0 0 1 1 1 0 0 0 0 0 0
720	8	 1 1 1 1 1 1 1 0 1 1 0 0 1 0 0 0 0 0 0 0
720	32	 1 1 1 1 0 1 1 0 1 1 0 1 0 1 0 0 0 0 0 0
720	25	 1 1 1 1 1 1 1 0 0 0 0 1 1 0 1 0 0 0 0 0
720	1	 1 1 1 1 1 0 0 0 1 0 0 1 1 1 0 0 0 1 0 0
720	3	 1 1 1 1 0 1 1 0 1 1 0 1 1 1 0 0 0 0 0 1
720	2	 1 1 1 1 0 0 1 0 1 1 1 1 1 0 1 1 1 0 0 0
720	5	 1 1 1 1 0 0 0 0 1 0 0 1 1 1 0 0 0 0 0 0
720	45	 1 1 1 1 0 1 0 1 0 0 0 1 0 1 0 0 0 0 1 0
720	29	 1 0 1 1 0 1 1 0 1 1 0 1 1 1 0 0 0 0 0 0
720	7	 1 1 1 1 0 1 0 0 1 0 0 1 1 1 1 0 0 0 0 0
720	6	 1 1 0 1 0 1 1 0 1 0 0 1 1 1 0 0 0 0 0 0
720	19	 1 1 1 1 0 1 1 0 1 0 0 1 1 0 0 0 0 0 0 0
720	4	 0 1 1 1 0 1 0 1 0 0 0 1 0 1 0 0 0 0 0 0
720	1	 1 1 1 1 1 1 1 0 1 0 0 1 1 1 0 0 0 0 0 0
720	8	 1 1 1 1 1 1 0 0 0 0 0 1 1 0 1 0 0 0 0 0
720	6	 0 1 1 1 0 1 1 0 1 0 0 1 1 1 0 0 0 0 0 0
720	13	 1 0 1 1 0 1 1 0 1 0 0 1 1 1 0 0 0 0 0 0
720	19	 1 0 0 1 0 1 1 0 1 1 0 1 1 1 0 0 0 0 0 0
720	5	 1 1 1 1 1 0 1 0 1 0 0 1 1 1 0 0 0 1 0 0
720	2	 1 1 0 1 0 1 0 0 0 0 0 1 0 1 0 0 0 0 1 0
720	13	 1 1 1 1 0 1 1 0 1 0 1 0 0 1 0 0 0 0 0 0
720	1	 1 0 0 1 0 0 1 1 1 1 1 1 1 0 0 0 0 0 0 0
720	14	 1 1 1 1 0 0 1 0 1 1 1 1 1 0 0 0 1 0 0 0
720	1	 1 1 1 1 0 1 0 1 0 1 1 1 1 0 0 0 0 0 0 0
720	9	 1 1 0 1 0 1 1 0 1 0 0 1 1 0 1 0 0 0 0 0
720	1	 1 1 1 1 0 1 1 0 1 1 0 1 0 1 0 0 0 1 0 0
720	7	 1 1 1 1 1 0 1 0 1 0 0 1 1 1 1 0 0 0 0 0
720	3	 1 1 1 1 1 0 0 0 1 0 0 1 0 1 0 0 0 0 0 0
720	27	 1 1 1 1 0 0 1 0 1 1 1 1 1 0 1 0 0 0 0 0
720	20	 1 1 1 1 0 1 1 0 0 0 0 1 1 1 0 0 0 0 0 0
720	4	 1 1 1 1 0 1 0 0 1 0 1 1 1 1 1 0 0 0 0 0
720	1	 1 1 1 1 0 1 1 0 1 1 0 1 0 0 1 0 0 0 0 0
720	54	 1 1 1 1 1 1 1 0 0 0 0 1 1 0 0 0 0 0 0 0
720	12	 1 1 1 1 1 0 1 0 0 0 0 1 0 1 0 0 0 0 0 0
720	13	 0 1 1 1 0 1 1 0 1 1 0 1 1 1 0 0 0 0 0 0
720	1	 1 0 1 1 1 1 1 0 1 1 0 0 1 0 0 0 0 0 0 0
720	10	 1 1 1 1 1 0 1 0 1 0 0 1 1 0 0 0 0 1 0 0
720	3	 1 1 1 1 0 1 1 0 1 1 0 1 1 0 0 1 0 0 0 0
720	1	 1 1 1 1 1 1 1 0 0 0 0 1 0 0 1 0 0 0 0 0
720	2	 1 0 1 1 0 1 0 1 0 0 0 1 0 1 0 0 0 0 1 0
720	4	 1 1 1 1 0 1 1 0 1 1 0 0 1 1 0 0 0 0 0 0
720	5	 1 1 1 1 0 1 0 1 1 0 0 1 1 1 0 0 0 0 0 0
720	1	 1 1 1 1 0 1 1 0 0 0 0 1 1 0 1 0 0 0 0 0
720	10	 0 1 1 1 0 0 1 0 1 1 1 1 1 0 0 0 1 0 0 0
720	6	 1 0 1 1 0 0 1 0 1 0 0 1 1 1 0 0 0 0 0 0
720	1	 1 1 1 1 0 1 1 0 1 1 1 1 1 0 1 1 1 0 0 0
720	1	 1 0 1 1 0 1 1 0 1 0 0 1 1 1 0 0 0 0 1 0
720	2	 1 1 1 1 0 0 1 0 0 1 1 1 1 0 0 0 1 0 0 0
720	3	 1 1 1 1 1 0 0 0 1 1 0 0 1 1 1 0 0 0 0 0
720	13	 1 0 1 0 1 1 1 0 1 0 0 0 1 1 0 0 0 0 0 0
720	7	 0 1 1 1 0 1 1 0 1 0 1 1 1 1 0 0 0 0 0 0
720	5	 1 1 1 1 1 0 1 0 1 0 0 1 1 1 1 1 0 0 0 0
720	9	 1 1 1 1 0 1 0 1 0 0 0 1 0 1 0 0 1 0 0 0
720	1	 1 1 1 1 0 1 1 0 1 0 0 1 1 0 1 0 0 0 0 0
720	4	 1 1 1 1 0 1 0 1 0 0 0 1 0 1 1 0 0 0 0 0
720	1	 1 0 1 1 0 1 1 0 1 1 0 1 1 1 0 0 0 1 0 0
720	4	 1 1 1 1 1 1 1 0 0 0 0 0 1 0 1 0 0 0 0 1
720	1	 1 1 0 1 0 1 0 1 0 0 0 1 0 1 0 1 0 0 1 0
720	9	 1 1 1 1 0 0 1 0 0 0 0 1 1 0 0 0 0 0 0 0
720	13	 1 1 1 1 0 1 1 0 1 1 0 1 1 1 1 0 0 0 0 0
720	2	 1 1 1 1 0 0 1 0 1 1 0 1 0 1 0 0 0 1 0 0
720	2	 1 1 1 1 1 1 0 0 1 1 0 1 1 1 0 0 0 0 0 1
720	3	 1 0 1 1 0 0 1 0 1 0 0 1 1 0 0 0 0 0 0 0
720	7	 1 0 1 1 0 1 1 0 1 1 0 1 0 1 0 0 0 0 0 0
720	4	 0 1 1 1 0 0 1 0 1 1 0 1 1 0 0 0 0 0 1 0
720	5	 1 1 1 1 1 0 0 0 1 0 1 1 1 0 0 0 1 0 0 0
720	1	 1 1 1 1 0 0 1 0 1 1 1 1 1 0 1 0 1 0 0 0
720	1	 1 1 1 1 1 1 1 0 1 1 0 1 0 1 0 0 0 0 1 0
720	4	 1 1 1 1 0 0 1 0 1 0 0 1 1 1 0 0 0 0 0 0
720	7	 1 1 1 1 0 0 1 0 0 0 0 1 1 0 1 0 0 0 0 0
720	1	 1 1 1 1 1 1 1 0 0 0 0 1 1 0 0 0 1 0 0 0
720	8	 1 1 1 1 0 1 0 1 0 0 0 1 1 1 0 0 0 0 1 0
720	1	 1 1 1 1 0 1 0 0 1 0 1 1 1 1 1 0 1 0 0 0
720	2	 1 1 1 1 0 0 1 0 1 0 0 1 0 0 1 0 0 0 0 0
720	21	 1 1 1 1 0 1 1 0 1 1 0 0 1 0 0 0 0 0 0 0
720	5	 1 1 0 1 0 1 1 0 1 1 0 1 0 1 0 0 0 0 0 0
720	4	 1 1 1 1 0 0 1 1 0 0 0 1 0 1 0 0 0 0 0 0
720	8	 1 1 1 1 0 1 1 0 1 1 0 1 1 1 0 0 1 0 0 0
720	6	 1 1 1 0 0 1 1 0 1 0 0 1 1 1 0 0 0 0 0 0
720	15	 1 1 1 1 1 1 1 0 1 0 0 1 1 0 1 0 0 0 0 0
720	1	 1 1 1 1 0 1 0 1 0 0 0 1 0 1 0 1 0 0 1 0
720	4	 0 1 1 1 1 1 0 0 0 0 0 1 1 0 1 0 0 0 0 0
720	1	 1 1 0 1 0 1 0 0 0 0 0 0 0 1 0 0 0 0 1 0
720	1	 1 1 1 1 1 1 1 0 1 1 0 0 1 1 1 1 0 0 0 0
720	1	 1 1 1 1 0 0 1 0 0 0 0 1 0 1 0 0 0 0 0 0
720	1	 0 1 1 1 0 1 0 1 0 0 0 1 0 0 1 0 1 0 0 0
720	3	 1 1 1 1 0 1 1 0 1 1 1 1 1 1 0 0 0 0 0 1
720	1	 1 1 1 1 0 1 1 0 1 1 0 1 0 0 1 0 0 1 0 0
720	2	 1 0 0 1 0 1 1 0 1 0 0 1 1 1 0 0 0 0 1 0
720	4	 1 0 1 1 0 1 1 0 1 1 0 1 1 1 0 0 0 0 1 0
720	4	 1 1 1 1 0 1 1 0 1 1 1 1 1 0 1 0 1 0 0 0
720	5	 1 1 1 0 0 1 0 1 0 0 0 1 0 1 0 0 0 0 0 0
720	3	 1 1 1 1 1 0 0 0 1 0 0 1 1 0 0 0 0 0 0 0
720	4	 1 1 0 1 0 1 1 0 1 1 0 1 1 1 0 0 0 0 0 0
720	3	 1 1 1 1 0 1 1 0 1 1 0 0 1 1 1 0 0 0 0 0
720	3	 1 0 1 1 0 0 1 0 1 1 0 1 0 1 0 0 0 1 0 0
720	2	 1 1 1 1 1 1 0 0 1 0 0 0 1 1 0 0 0 0 0 0
720	2	 1 1 1 1 1 1 1 0 1 0 0 1 1 0 0 0 0 0 0 0
720	2	 1 1 0 1 0 1 1 0 1 0 0 1 1 0 0 0 0 0 0 0
720	3	 1 1 1 0 0 1 1 0 1 0 0 1 1 1 0 0 0 1 0 0
720	1	 1 1 1 1 1 0 0 0 0 0 0 1 1 0 1 0 0 0 1 0
720	1	 1 0 1 1 0 1 1 0 1 1 0 1 1 1 1 0 1 0 0 0
720	3	 1 1 0 1 0 1 0 0 0 0 0 0 0 1 0 0 0 0 0 0
720	2	 1 1 1 1 0 1 0 1 0 0 0 1 0 0 0 0 0 0 0 0
720	4	 1 1 1 1 1 1 1 0 0 0 0 1 1 0 1 0 1 0 0 0
720	2	 1 1 1 1 0 1 0 0 1 0 1 1 0 1 1 0 0 0 0 0
720	1	 0 1 1 1 0 0 1 0 0 0 0 1 1 0 0 0 0 0 0 0
720	5	 1 1 1 1 0 0 0 0 0 0 0 1 1 0 1 0 0 0 0 0
720	5	 1 1 1 1 0 0 1 0 1 0 0 1 0 1 1 0 0 0 0 0
720	1	 1 0 1 1 0 1 0 0 1 0 0 1 0 1 0 0 0 0 1 0
720	2	 1 1 1 1 0 1 1 0 1 0 0 1 1 1 0 0 0 1 0 0
720	1	 1 1 1 1 1 1 0 1 0 0 0 1 0 1 0 0 0 0 0 0
720	1	 1 1 1 1 0 0 1 0 1 1 1 1 0 0 0 0 0 0 0 0
720	2	 1 1 1 1 0 0 1 0 1 0 1 1 1 0 0 0 0 0 0 0
720	1	 1 1 1 1 0 1 0 0 1 0 0 1 1 1 0 0 0 0 0 0
720	1	 1 1 0 1 1 1 1 0 0 0 0 1 1 0 1 0 0 0 0 0
720	2	 1 1 1 1 1 1 1 0 0 0 0 1 1 0 1 1 0 0 0 0
720	1	 1 1 0 1 0 1 0 0 1 0 0 1 1 0 1 0 0 0 0 0
720	2	 0 1 1 1 0 0 1 0 1 1 1 1 1 0 1 0 0 0 0 0
720	2	 1 1 0 1 1 1 1 0 1 0 0 1 0 0 1 0 0 0 0 0
720	1	 1 0 1 1 0 1 1 0 1 1 0 0 0 1 0 0 0 0 0 0
720	1	 0 1 0 1 0 0 1 0 1 1 0 1 1 0 0 0 0 0 1 0
880	5	 1 1 1 1 1 0 0 0 1 0 0 1 1 1 0 0 0 0 0 0
880	32	 1 1 1 1 1 1 1 0 0 0 0 1 0 1 0 0 0 0 0 0
880	13	 1 1 1 1 0 1 1 0 0 0 0 1 1 0 0 0 0 0 0 0
880	45	 1 1 1 1 1 1 0 0 0 0 0 1 0 1 0 0 0 0 0 0
880	81	 1 1 1 1 0 1 1 0 0 0 0 1 0 1 0 0 0 0 0 0
880	28	 1 1 1 1 1 1 1 0 0 0 0 1 0 1 0 0 0 0 0 1
880	45	 1 1 1 1 0 1 0 1 1 0 0 0 0 1 0 0 0 0 0 0
880	8	 1 1 1 1 1 0 0 0 0 0 0 1 1 1 0 0 0 0 0 0
880	34	 1 1 0 1 0 1 1 0 0 0 0 1 0 1 0 0 0 0 0 0
880	9	 1 1 1 1 0 1 1 0 1 0 0 1 1 1 1 0 0 0 0 0
880	11	 1 1 1 1 0 1 0 1 0 0 0 1 1 1 0 0 0 0 0 0
880	26	 1 1 1 1 1 1 0 0 0 0 0 1 1 1 0 0 0 0 0 0
880	8	 1 1 1 1 0 0 0 0 1 0 0 1 1 1 0 0 0 0 0 0
880	33	 1 1 1 1 0 1 0 0 1 0 0 1 0 1 0 0 0 0 0 0
880	3	 1 1 1 1 1 1 0 0 0 0 0 1 1 1 0 0 1 0 0 0
880	15	 1 1 1 1 1 1 1 0 0 0 0 1 0 1 1 0 0 0 0 1
880	11	 1 1 1 1 1 1 1 0 1 0 0 1 1 1 0 0 0 0 1 0
880	9	 1 1 1 1 0 1 1 0 0 0 0 1 0 1 0 0 0 1 0 0
880	7	 1 1 1 1 0 1 0 0 0 0 0 1 0 1 0 0 0 0 0 0
880	63	 1 1 1 1 0 1 1 0 1 0 0 1 0 1 0 0 0 0 0 0
880	20	 1 1 1 1 1 1 1 0 0 1 0 1 0 1 0 0 0 0 0 0
880	21	 1 1 1 1 0 1 0 0 1 0 0 1 0 1 0 0 0 0 0 1
880	2	 1 1 1 1 0 1 0 0 1 0 1 1 0 1 0 0 0 0 0 0
880	4	 1 1 1 1 1 1 1 0 0 0 1 1 0 1 0 0 0 0 0 0
880	1	 1 1 1 1 0 1 1 0 0 1 0 1 1 0 0 0 0 0 0 0
880	27	 1 1 1 1 0 1 0 1 0 0 0 1 1 1 0 0 0 0 1 0
880	7	 1 1 1 1 0 1 1 0 0 0 0 1 1 1 0 0 0 0 0 0
880	43	 1 1 1 1 0 0 1 0 0 0 0 1 0 1 0 0 0 0 0 0
880	1	 1 1 1 1 0 1 0 1 0 0 0 1 0 1 0 0 0 0 0 1
880	53	 1 1 1 1 0 1 0 0 1 0 0 1 0 1 0 0 1 0 0 0
880	5	 1 1 1 1 1 0 0 1 0 0 0 1 0 1 0 0 0 0 0 0
880	2	 1 1 1 1 0 1 0 0 0 1 0 1 0 1 0 0 0 0 1 0
880	1	 1 1 1 1 0 1 1 1 1 0 0 1 0 1 0 0 0 0 0 0
880	3	 1 1 1 0 1 1 0 0 0 0 1 1 0 1 0 1 0 0 1 0
880	3	 1 1 1 1 1 1 1 0 0 0 1 1 0 1 0 0 0 0 0 1
880	5	 1 1 1 1 0 0 0 0 0 0 0 1 1 1 0 0 0 0 0 0
880	5	 1 1 1 1 1 0 0 1 0 0 0 1 1 1 0 0 0 0 0 0
880	16	 1 1 1 1 0 1 1 0 0 0 0 1 0 0 0 0 0 0 0 0
880	5	 1 1 1 1 0 1 1 0 1 1 0 1 1 1 0 1 0 0 0 0
880	1	 1 1 1 0 1 1 0 0 0 0 0 0 1 1 0 0 0 0 0 0
880	5	 1 1 1 1 0 1 1 0 0 0 0 1 1 1 0 0 0 0 1 0
880	2	 0 1 1 1 0 1 1 0 0 0 0 1 0 1 0 0 0 0 0 0
880	7	 1 1 1 0 1 1 0 0 0 0 0 1 1 0 0 1 0 0 1 0
880	3	 1 0 0 1 0 1 1 1 0 0 0 1 0 1 0 0 0 0 0 0
880	5	 1 1 1 1 1 1 0 0 0 1 0 1 1 1 0 0 0 0 0 0
880	6	 1 1 1 1 0 1 0 1 1 0 0 0 0 1 0 0 0 0 0 1
880	4	 1 1 0 1 0 1 0 1 0 0 0 1 0 1 0 0 0 0 0 0
880	10	 1 1 1 1 1 1 0 0 1 0 0 1 1 1 0 0 0 0 0 0
880	9	 1 1 1 1 1 1 1 1 0 1 0 1 1 0 0 0 0 0 0 0
880	16	 1 1 1 1 1 1 1 0 0 0 0 1 0 1 0 0 0 0 1 0
880	2	 1 1 1 1 0 1 1 0 1 0 0 1 1 1 0 0 0 0 1 0
880	3	 1 1 1 1 1 1 0 0 0 0 0 1 0 1 1 0 0 0 0 0
880	3	 1 0 1 1 1 1 1 0 0 0 0 1 1 0 0 0 0 0 0 0
880	16	 1 1 1 1 0 1 0 0 1 0 0 1 1 1 0 0 0 0 0 0
880	6	 1 1 1 1 0 1 0 0 1 0 0 1 1 1 1 0 0 0 0 0
880	1	 1 1 1 1 1 1 1 0 0 0 0 1 0 1 0 0 0 1 0 0
880	12	 1 1 1 1 0 1 1 0 1 0 0 1 1 1 0 0 0 0 0 1
880	6	 1 1 1 1 0 0 0 0 0 0 0 1 0 1 0 0 0 0 0 0
880	1	 1 1 1 1 0 1 1 0 0 0 0 1 1 0 0 0 0 0 0 1
880	2	 1 1 1 1 0 1 1 0 0 0 1 1 0 1 0 0 0 0 0 1
880	1	 1 1 1 1 0 1 0 1 1 0 0 0 0 1 0 0 1 0 0 0
880	11	 1 1 1 1 0 1 0 0 1 0 0 1 0 1 1 0 0 0 0 1
880	1	 1 1 0 1 1 0 1 0 0 0 0 1 1 0 0 0 0 0 0 0
880	8	 1 1 1 1 1 1 1 0 0 0 0 1 1 0 0 0 0 0 0 0
880	10	 1 1 1 1 0 1 0 0 1 0 0 1 0 1 0 0 0 0 1 1
880	3	 0 1 1 1 1 1 1 0 1 0 0 1 1 0 1 0 1 0 0 0
880	5	 0 1 1 1 1 1 1 1 1 0 0 1 1 0 1 0 0 0 0 0
880	1	 1 1 1 1 0 0 0 0 1 0 0 1 0 1 0 0 0 0 0 1
880	2	 1 1 1 1 1 1 0 0 1 0 0 1 0 1 0 0 0 0 0 1
880	2	 1 1 0 1 0 1 1 0 1 0 0 1 0 1 0 0 0 0 0 0
880	12	 1 1 0 1 0 1 0 0 1 0 0 1 0 1 0 0 0 0 0 0
880	7	 1 1 1 0 0 1 1 1 1 0 0 1 0 1 0 0 0 0 0 0
880	1	 1 1 1 1 0 1 1 0 0 0 0 1 0 0 0 1 0 0 0 0
880	2	 1 1 1 1 0 1 0 0 1 0 0 1 0 1 0 0 0 0 1 0
880	1	 1 1 1 1 0 1 1 1 0 0 0 1 0 1 0 1 0 0 1 0
880	8	 1 1 1 1 0 1 1 0 0 0 0 1 1 1 0 1 0 0 0 0
880	1	 1 1 1 1 0 1 0 1 0 1 0 1 0 1 0 0 0 0 1 0
880	6	 1 0 0 1 0 1 0 0 0 0 0 1 0 1 0 0 0 0 0 0
880	2	 1 1 1 1 1 1 0 0 1 0 0 1 1 1 0 0 0 0 0 1
880	1	 1 0 1 1 1 1 0 0 0 0 0 1 0 1 0 0 0 0 0 0
880	6	 1 0 1 1 1 1 0 0 0 0 0 1 1 1 0 0 1 0 0 0
880	2	 1 1 1 1 0 1 0 0 1 0 0 1 1 1 0 0 0 0 1 0
880	2	 1 1 1 1 0 1 0 0 1 0 0 1 1 1 0 1 0 0 0 0
880	4	 1 1 0 1 0 1 1 0 1 0 0 0 0 1 0 0 0 1 0 0
880	1	 1 1 1 1 0 1 1 1 0 0 0 1 0 1 0 0 0 0 0 0
880	5	 1 0 0 1 0 1 1 0 0 0 0 1 0 1 0 0 0 0 0 0
880	4	 1 1 1 1 0 1 0 0 1 0 0 1 0 0 0 0 0 0 0 0
880	2	 1 1 1 1 0 1 1 0 0 0 0 1 0 1 0 0 0 1 0 1
880	1	 1 1 1 1 0 1 1 0 1 0 0 0 0 1 0 0 0 0 0 0
880	1	 1 1 0 1 0 1 0 0 1 0 0 1 0 1 0 0 1 0 0 0
880	1	 1 1 1 1 1 1 0 0 1 0 0 1 0 1 0 0 1 0 0 0
880	3	 1 1 1 1 1 1 0 0 0 0 0 0 1 1 1 0 0 0 0 0
880	2	 1 1 1 1 1 1 0 0 0 0 0 1 0 1 0 0 0 0 0 1
880	1	 1 1 1 1 1 1 1 0 0 0 0 1 0 1 1 0 0 0 0 0
880	2	 1 1 1 0 0 1 1 0 1 0 0 1 1 1 0 0 0 0 0 1
880	4	 1 1 1 1 0 1 1 0 1 0 0 1 0 1 0 0 1 0 0 0
880	3	 1 1 1 1 0 1 0 0 1 0 0 1 0 0 0 0 0 0 0 1
880	1	 1 1 1 1 0 1 0 1 0 0 0 1 0 1 0 0 0 0 1 0
880	2	 0 1 1 1 0 0 1 0 0 0 0 1 0 1 0 0 0 0 0 0
880	6	 1 1 1 1 0 1 0 0 1 0 0 1 0 1 1 0 1 0 0 0
880	1	 1 1 1 1 0 1 0 0 0 0 0 1 0 1 0 0 1 0 0 0
880	1	 1 1 1 0 1 1 0 0 0 0 0 0 1 1 0 1 0 0 0 0
880	1	 1 1 1 0 1 1 1 0 0 0 0 1 1 0 0 1 0 0 1 0
880	2	 1 1 1 1 1 1 0 0 0 1 0 1 1 1 0 0 1 0 0 0
880	1	 1 1 1 1 1 1 0 0 0 0 0 1 0 1 0 0 0 0 1 0
880	3	 1 1 1 1 1 1 0 0 1 0 0 1 0 1 0 0 0 0 0 0
880	2	 1 1 1 1 1 1 1 0 1 0 0 1 1 1 0 0 0 0 0 0
880	3	 1 1 0 1 0 1 1 0 0 0 0 1 1 0 0 0 0 0 0 0
880	1	 1 1 1 1 1 1 1 0 0 0 0 1 0 0 0 0 0 0 0 1
880	1	 1 1 1 1 1 1 1 0 1 0 0 1 0 1 0 0 0 0 0 1
880	1	 1 1 0 1 0 1 1 0 0 0 0 1 0 1 0 0 0 1 0 0
880	2	 1 1 1 1 0 1 0 0 1 0 0 1 0 1 0 0 0 1 0 0
880	1	 1 1 1 1 0 1 1 0 1 1 0 1 0 1 0 0 0 0 0 0
880	2	 1 1 0 1 1 1 1 0 0 1 0 1 0 1 0 0 0 0 0 0
880	2	 1 1 1 0 0 0 1 0 0 0 0 1 0 1 0 0 0 0 0 0
880	1	 1 1 1 1 0 0 1 0 0 0 0 1 0 1 1 0 0 0 0 0
880	1	 1 1 1 1 1 1 1 0 0 0 1 1 1 1 0 0 0 0 0 1
880	1	 1 1 1 0 1 1 0 0 0 0 0 0 1 0 0 1 0 0 1 0
880	2	 1 1 1 1 1 1 1 1 0 1 0 1 1 0 0 1 0 0 0 0
880	2	 0 1 1 1 1 1 1 0 0 0 0 1 0 1 0 0 0 0 1 0
880	1	 1 1 1 1 0 1 1 0 1 0 0 1 0 0 0 0 0 0 0 1
1000	5	 1 1 1 1 1 1 0 0 0 0 0 1 0 1 0 0 0 0 0 0
1000	75	 1 1 1 1 0 1 1 0 0 0 0 1 0 1 0 0 0 0 0 0
1000	21	 1 1 1 1 0 1 1 0 1 0 0 1 0 1 0 0 0 0 0 0
1000	12	 1 1 1 1 0 1 1 0 0 0 0 1 1 1 0 0 0 0 0 0
1000	46	 1 1 1 1 0 1 1 0 0 0 0 1 0 0 0 0 0 0 0 0
1000	4	 1 1 1 1 0 0 0 0 1 0 0 1 1 1 0 0 0 0 0 0
1000	16	 1 1 1 1 1 0 0 0 1 0 0 1 1 1 1 0 0 0 1 0
1000	5	 1 1 1 1 0 1 1 1 0 0 0 1 0 1 0 0 0 0 0 0
1000	3	 1 1 1 1 0 1 1 0 0 0 0 1 0 1 1 0 0 0 0 0
1000	31	 1 1 1 1 0 0 0 0 0 0 0 1 0 1 0 0 0 0 0 0
1000	23	 1 1 1 1 0 1 0 1 0 0 0 1 1 1 0 0 0 0 0 0
1000	53	 1 1 1 1 0 1 1 1 1 0 0 1 0 1 0 0 0 0 0 0
1000	10	 1 1 0 1 1 1 0 0 0 0 0 1 0 0 0 0 0 0 0 0
1000	7	 1 1 1 1 0 1 1 0 0 0 0 1 1 0 0 0 0 0 0 0
1000	61	 1 1 1 1 0 1 1 0 0 0 0 0 0 1 0 0 0 0 0 0
1000	17	 1 1 1 1 1 1 0 0 0 0 0 1 0 1 0 0 0 1 0 0
1000	9	 1 1 1 1 0 1 1 1 0 0 0 1 0 1 0 0 0 0 1 0
1000	54	 1 1 1 1 1 1 0 0 0 0 0 0 0 1 0 0 0 0 0 0
1000	2	 0 1 1 1 0 1 1 0 0 0 0 1 1 1 0 0 0 0 0 0
1000	13	 0 1 1 1 1 0 1 1 1 0 0 0 0 0 1 0 0 0 0 0
1000	20	 1 1 1 1 0 1 1 0 0 0 0 1 0 0 0 0 0 0 1 0
1000	20	 1 1 1 1 1 1 0 1 0 0 0 1 0 1 0 0 0 0 0 0
1000	6	 1 1 1 1 0 1 1 0 1 1 0 1 1 1 0 0 0 0 0 0
1000	3	 1 1 1 1 1 1 0 0 0 0 0 1 0 1 0 0 0 0 1 0
1000	1	 1 1 1 1 0 1 1 0 1 0 0 1 0 1 0 0 0 1 0 0
1000	11	 0 1 1 1 0 1 1 1 1 0 0 1 1 0 1 0 0 0 0 0
1000	23	 1 1 1 1 0 1 0 0 0 0 0 1 1 1 0 0 0 0 0 0
1000	2	 1 1 1 1 0 0 0 0 1 0 0 0 1 1 0 0 0 0 0 0
1000	4	 1 1 1 1 1 0 0 1 0 0 0 1 1 0 1 0 0 0 0 0
1000	17	 1 1 1 0 1 1 0 0 0 0 0 0 0 1 0 0 0 0 0 0
1000	22	 0 1 1 1 0 1 1 1 0 0 0 1 0 1 0 0 0 0 0 0
1000	3	 1 1 0 1 0 1 0 1 0 0 0 1 1 1 0 0 0 0 0 0
1000	4	 1 1 1 1 0 0 0 0 0 0 0 1 0 1 0 1 0 0 0 0
1000	9	 0 1 1 1 1 1 0 0 0 0 0 1 0 1 0 0 0 1 0 0
1000	21	 1 1 1 1 0 1 0 0 0 0 0 1 1 1 0 0 0 1 0 0
1000	1	 0 1 1 1 0 1 1 0 0 0 0 0 0 1 0 0 0 0 0 0
1000	3	 1 1 1 1 0 1 1 1 1 0 0 1 0 0 1 0 0 0 0 0
1000	9	 1 1 1 0 1 1 0 0 0 0 0 0 0 1 0 1 0 0 0 0
1000	3	 1 1 1 1 0 1 1 0 0 0 0 1 0 1 0 0 0 1 0 0
1000	19	 1 1 1 1 0 1 1 1 0 0 0 1 0 1 1 0 0 1 0 0
1000	16	 1 1 1 1 0 1 0 1 1 0 1 1 1 1 1 0 0 0 0 0
1000	23	 1 1 0 1 0 1 1 0 0 0 0 1 0 1 0 0 0 0 0 0
1000	12	 1 1 1 1 0 1 1 0 0 0 0 1 1 0 0 0 1 0 0 0
1000	3	 1 1 0 1 0 1 0 1 1 0 0 1 0 0 0 0 1 0 0 0
1000	11	 1 1 1 1 0 1 1 0 0 0 0 1 0 1 0 0 0 0 0 1
1000	5	 1 1 1 1 1 1 0 0 0 0 0 1 0 1 0 0 1 0 0 0
1000	1	 1 1 1 1 0 1 1 0 0 0 0 1 0 0 1 0 0 0 1 0
1000	8	 1 1 1 1 0 1 0 1 0 0 0 1 0 1 0 0 0 0 0 0
1000	7	 1 1 1 0 1 0 0 1 0 0 0 1 1 1 0 0 0 0 0 0
1000	1	 1 1 1 0 0 1 1 0 1 0 0 1 0 1 0 0 0 1 0 0
1000	2	 1 1 1 1 0 1 0 0 0 0 0 0 0 1 0 0 0 0 0 0
1000	2	 1 1 0 1 0 1 0 0 0 0 0 1 1 1 0 0 0 0 0 0
1000	1	 1 1 1 1 0 1 1 0 0 0 0 1 1 0 1 0 0 0 0 0
1000	4	 0 1 1 1 0 1 1 1 0 0 0 1 0 1 0 1 0 0 0 0
1000	4	 1 1 1 1 0 1 1 0 0 1 0 0 0 1 0 1 0 0 0 0
1000	2	 1 1 1 1 0 0 0 0 0 0 0 1 0 1 0 1 1 1 0 0
1000	3	 1 1 1 1 0 0 0 0 0 0 1 1 0 1 0 1 0 0 0 0
1000	4	 1 1 1 1 1 1 0 0 0 0 0 1 0 1 0 1 0 0 1 0
1000	17	 1 1 1 1 0 1 1 0 0 0 0 0 0 1 0 0 0 0 1 0
1000	2	 1 1 1 1 0 1 0 1 0 1 0 1 1 1 0 0 0 0 0 0
1000	19	 1 1 1 1 1 1 0 1 0 0 0 0 0 1 0 0 0 0 0 0
1000	2	 1 1 1 1 0 1 1 1 0 0 0 1 1 1 0 0 0 0 0 0
1000	4	 1 1 1 1 0 1 1 0 0 0 0 0 0 1 0 0 0 1 0 0
1000	2	 1 1 0 1 0 1 0 0 0 0 0 1 1 1 1 0 0 0 0 0
1000	11	 1 1 1 1 0 0 0 0 1 0 0 1 1 1 1 0 0 0 0 0
1000	6	 1 1 1 1 0 1 1 0 0 1 0 1 0 0 0 0 0 0 1 0
1000	13	 1 1 1 1 0 1 1 0 0 1 0 1 1 0 0 0 1 0 0 0
1000	2	 1 1 1 1 0 1 1 0 1 0 1 1 0 1 0 0 0 1 1 0
1000	5	 1 0 1 1 0 1 1 0 0 0 0 1 1 0 0 0 0 1 0 0
1000	12	 1 1 1 1 0 1 0 1 1 0 1 1 1 1 1 0 0 0 1 0
1000	2	 1 1 1 1 0 1 1 0 1 0 0 1 0 1 0 1 0 0 0 0
1000	9	 1 1 1 1 0 0 0 0 1 0 0 1 1 1 0 0 0 0 0 1
1000	2	 1 1 1 1 0 0 0 0 1 0 0 1 0 1 0 0 0 0 0 0
1000	2	 1 1 0 1 1 1 0 0 0 0 0 0 0 1 0 0 0 0 0 0
1000	6	 1 1 1 1 1 1 1 0 0 0 0 1 0 1 0 0 0 0 0 1
1000	16	 1 1 1 1 0 0 0 0 0 0 1 1 0 1 0 1 0 1 0 0
1000	2	 1 1 1 1 0 1 1 0 0 0 0 1 0 1 0 1 0 0 0 0
1000	3	 1 1 1 1 1 1 0 1 0 0 0 1 0 1 0 0 0 1 0 0
1000	1	 1 1 1 1 0 1 1 0 1 0 0 0 0 1 0 0 0 1 0 0
1000	11	 1 1 0 1 0 1 1 1 0 0 0 1 0 1 0 0 0 0 0 0
1000	2	 1 1 1 1 0 0 0 0 0 0 0 1 0 1 0 0 0 1 0 0
1000	4	 1 1 1 1 1 1 0 0 0 0 0 0 0 0 0 0 0 0 0 0
1000	3	 1 1 1 1 0 1 1 0 0 0 0 1 0 0 0 0 1 0 1 0
1000	3	 1 1 1 0 1 1 0 0 0 0 0 0 0 1 0 0 0 0 0 1
1000	6	 1 1 1 1 0 1 1 1 1 0 0 1 0 1 1 0 0 0 0 0
1000	6	 1 1 1 1 0 1 1 0 0 0 0 1 1 0 0 0 0 0 1 0
1000	2	 1 1 1 1 1 1 0 0 0 0 0 1 1 1 0 0 0 0 0 0
1000	2	 1 1 0 1 0 1 1 0 0 0 0 0 0 1 0 0 0 0 0 0
1000	1	 1 1 1 1 0 1 0 1 0 0 0 1 1 1 0 0 0 0 0 1
1000	6	 1 1 1 1 1 1 0 0 0 0 0 1 0 0 0 0 0 1 0 0
1000	5	 1 1 1 1 0 1 1 0 0 0 0 1 0 0 0 0 0 0 1 1
1000	4	 1 1 1 1 0 1 1 0 0 0 0 1 1 1 1 0 0 0 0 0
1000	2	 1 1 1 1 0 1 1 0 0 1 0 1 1 0 0 0 1 0 0 1
1000	4	 1 1 1 1 0 1 1 0 0 0 0 0 1 1 0 0 0 0 0 1
1000	3	 1 1 1 1 0 0 1 1 0 0 0 1 0 1 0 0 0 0 0 0
1000	1	 1 1 1 1 1 1 0 1 0 0 0 1 0 1 0 0 0 0 1 0
1000	2	 1 1 0 1 0 1 0 1 0 0 0 1 0 1 0 0 0 0 0 0
1000	1	 1 1 1 1 0 1 0 1 1 0 1 1 1 1 1 0 0 0 0 1
1000	1	 1 1 1 0 1 0 0 1 0 0 0 1 1 1 0 0 0 1 0 0
1000	1	 0 1 1 1 1 0 1 1 0 0 0 1 1 1 0 0 0 0 0 0
1000	2	 1 1 1 0 1 1 0 0 0 0 0 1 0 1 0 0 0 0 0 0
1000	1	 1 1 0 1 0 1 0 1 0 1 0 1 0 0 0 0 0 0 1 0
1000	1	 0 1 1 1 0 1 1 0 0 0 0 1 0 0 0 0 0 0 0 0
1000	1	 1 1 1 1 1 1 0 1 0 0 0 1 1 1 0 0 0 0 0 0
1000	1	 1 1 1 0 0 1 1 1 1 0 0 1 0 1 0 0 0 0 0 0
1000	2	 1 1 1 1 0 1 1 1 0 0 0 0 0 1 0 0 0 0 0 0
1000	1	 1 1 1 1 0 1 1 0 0 0 0 0 0 1 0 0 1 0 0 0
1000	2	 1 1 1 1 1 1 0 0 0 0 0 0 0 1 1 0 0 0 0 0
1000	1	 1 1 1 1 1 0 0 0 0 0 0 0 0 1 0 0 0 0 0 0
1000	2	 1 1 1 1 0 1 0 0 0 0 0 1 1 1 1 0 0 0 0 0
1000	1	 0 1 0 1 0 1 1 0 0 0 0 1 0 1 0 0 0 0 0 0
