0	250	 0 0 0 0 0 1 0 0 0 0 0 1 1 0 0 1 0 0 0 0
0	250	 0 0 0 1 0 0 0 0 0 0 0 0 0 0 0 0 0 0 0 0
0	250	 1 0 0 1 0 0 0 1 0 0 0 0 0 0 0 0 0 0 0 0
0	250	 0 1 0 0 0 0 0 0 1 0 0 0 0 0 0 0 0 0 0 0
10	203	 0 0 0 0 0 1 0 0 0 0 0 1 1 0 0 1 0 0 0 0
10	87	 0 0 0 1 0 0 0 0 0 0 0 0 0 0 0 0 0 0 0 0
10	179	 1 0 0 1 0 0 0 1 0 0 0 0 0 0 0 0 0 0 0 0
10	281	 0 1 0 0 0 0 0 0 1 0 0 0 0 0 0 0 0 0 0 0
10	6	 0 0 0 0 0 1 0 0 0 0 0 1 1 0 0 1 0 1 0 0
10	10	 0 0 0 0 0 0 0 0 0 0 0 1 1 0 0 1 0 0 0 0
10	3	 0 0 1 1 0 0 0 0 0 0 0 0 0 0 0 0 0 0 0 0
10	1	 0 0 0 1 0 0 0 1 0 0 0 0 0 0 0 0 0 0 0 0
10	3	 1 0 0 1 0 0 0 1 0 0 0 0 0 0 0 0 1 0 0 0
10	4	 1 0 0 1 0 0 0 0 0 0 0 0 0 0 0 0 0 0 0 0
10	2	 0 1 0 0 0 0 0 0 1 0 0 0 1 0 0 0 0 0 0 0
10	7	 0 0 0 0 0 0 0 1 0 0 0 0 0 0 0 0 0 0 0 0
10	9	 1 0 0 1 0 0 0 1 0 0 0 0 0 0 0 0 0 1 0 0
10	1	 1 0 0 1 0 0 0 1 0 0 0 0 0 0 0 1 0 0 0 0
10	5	 0 0 0 1 0 0 0 0 0 0 0 1 1 0 0 1 0 0 0 0
10	13	 1 0 0 1 0 0 0 1 0 0 0 1 1 0 0 1 0 0 0 0
10	9	 1 1 0 0 0 0 0 0 1 0 0 0 0 0 0 0 0 0 0 0
10	5	 0 1 0 0 0 0 0 0 0 0 0 1 1 0 0 1 0 0 0 0
10	12	 1 0 0 1 0 0 0 1 0 0 1 0 0 0 0 0 0 0 0 0
10	2	 0 1 0 0 0 0 0 0 0 0 0 0 0 0 0 0 0 0 0 0
10	5	 0 0 0 0 0 1 0 0 0 0 0 1 1 1 0 1 0 0 0 0
10	2	 1 0 0 1 0 0 0 1 1 0 0 0 0 0 0 0 0 0 0 0
10	1	 1 0 0 1 0 0 0 1 0 0 0 0 0 0 1 0 0 0 0 0
10	18	 0 1 0 0 0 0 0 0 1 0 0 0 0 0 0 0 1 0 0 0
10	21	 0 1 0 0 0 0 0 0 1 0 0 0 0 1 0 0 0 0 0 0
10	1	 0 0 0 1 0 0 0 1 0 1 0 0 0 0 0 0 0 0 0 0
10	6	 0 0 0 1 0 0 0 0 0 0 0 0 0 0 0 1 0 0 0 0
10	3	 1 0 0 0 0 1 0 0 0 0 0 1 1 0 0 1 0 0 0 0
10	5	 0 1 0 0 0 0 0 0 1 0 0 0 0 0 0 1 0 0 0 0
10	2	 0 1 0 0 0 0 0 1 0 0 0 0 0 0 0 0 0 0 0 0
10	2	 0 0 0 1 1 0 0 0 0 0 0 0 0 0 0 0 0 0 0 0
10	5	 1 0 0 0 0 1 0 0 0 0 1 1 1 0 0 1 0 0 0 0
10	4	 1 0 0 1 0 0 0 1 0 0 0 0 1 0 0 1 0 0 0 0
10	4	 0 1 0 0 0 0 0 0 1 0 0 0 0 0 0 0 0 1 0 0
10	6	 0 0 0 0 0 1 0 1 0 0 0 1 1 0 0 0 0 0 0 0
10	1	 0 0 0 1 0 0 0 0 1 0 0 0 0 0 0 0 0 0 0 0
10	1	 0 0 0 0 0 1 1 0 0 0 0 1 1 0 0 1 0 0 0 0
10	3	 0 1 0 1 0 0 0 0 0 0 0 0 0 0 0 0 0 0 0 0
10	2	 1 1 0 1 0 0 0 1 0 0 0 0 0 0 0 0 0 0 0 0
10	2	 1 0 0 1 0 0 0 1 0 0 0 0 1 0 0 0 0 0 0 0
10	12	 1 0 0 0 0 0 0 1 0 0 0 0 0 0 0 0 0 0 0 0
10	6	 0 0 0 0 0 0 0 0 1 0 0 0 0 0 0 0 0 0 0 0
10	3	 0 0 0 0 0 1 0 0 0 0 0 0 0 0 0 0 0 0 0 0
10	3	 0 0 0 0 0 0 0 1 0 0 0 1 1 0 0 1 0 0 0 0
10	5	 0 0 0 0 0 1 0 0 0 0 0 1 1 0 0 1 0 0 0 1
10	5	 0 0 0 1 0 0 0 1 0 0 0 1 1 0 0 1 0 0 0 0
10	1	 0 0 0 0 0 1 0 0 0 0 0 1 1 0 0 0 0 0 0 0
10	1	 0 1 0 0 0 0 0 1 0 0 1 0 0 0 0 0 0 0 0 0
10	4	 0 0 0 0 0 0 0 0 0 0 0 0 0 0 0 0 0 0 0 0
10	3	 1 0 0 1 0 0 0 1 0 0 0 0 0 0 0 0 0 0 1 0
10	1	 0 1 0 0 0 0 0 0 1 1 0 0 0 0 0 0 0 0 0 0
10	2	 0 1 0 0 0 0 0 0 1 0 0 0 0 0 0 0 0 0 1 0
10	1	 0 1 0 0 0 1 0 0 0 0 0 1 1 0 0 1 0 1 0 0
10	2	 1 0 0 1 0 0 0 0 0 0 0 0 0 0 0 0 1 0 0 0
10	3	 0 0 0 0 0 0 0 0 1 0 0 0 0 0 0 0 0 1 0 0
10	2	 0 0 0 0 0 1 0 1 0 0 0 0 0 0 0 0 0 0 0 0
10	1	 0 0 0 1 0 0 0 0 0 0 0 0 0 0 1 0 0 0 0 0
10	2	 0 1 1 0 0 0 0 0 1 0 0 0 0 0 0 0 0 0 0 0
10	1	 0 1 0 0 0 0 0 0 1 0 1 0 0 0 0 0 0 0 0 0
10	2	 0 1 0 0 0 1 0 0 1 0 0 0 0 0 0 0 0 0 0 0
10	2	 0 1 0 0 0 0 1 0 1 0 0 0 0 0 0 0 0 0 0 0
10	2	 0 0 0 0 0 1 0 0 1 0 0 1 1 0 0 0 0 0 0 0
25	174	 0 0 0 0 0 1 0 0 0 0 0 1 1 0 0 1 0 0 0 0
25	69	 0 0 0 1 0 0 0 0 0 0 0 0 0 0 0 0 0 0 0 0
25	52	 1 0 0 1 0 0 0 1 0 0 0 0 0 0 0 0 0 0 0 0
25	139	 0 1 0 0 0 0 0 0 1 0 0 0 0 0 0 0 0 0 0 0
25	8	 0 0 0 0 0 0 0 0 0 0 0 1 1 0 0 1 0 0 0 0
25	13	 0 0 0 1 0 0 0 1 0 0 0 0 0 0 0 0 0 0 0 0
25	4	 0 0 0 1 0 0 0 0 0 0 0 1 1 0 0 1 0 0 0 0
25	31	 1 0 0 1 0 0 0 1 0 0 0 1 1 0 0 1 0 0 0 0
25	9	 0 1 0 0 0 0 0 0 0 0 0 1 1 0 0 1 0 0 0 0
25	1	 1 0 0 1 0 0 0 1 0 0 1 0 0 0 0 0 0 0 0 0
25	8	 0 1 0 0 0 0 0 0 1 0 0 0 0 0 0 0 1 0 0 0
25	39	 0 1 0 0 0 0 0 0 1 0 0 0 0 1 0 0 0 0 0 0
25	10	 1 0 0 0 0 1 0 0 0 0 0 1 1 0 0 1 0 0 0 0
25	11	 0 1 0 0 0 0 0 1 0 0 0 0 0 0 0 0 0 0 0 0
25	3	 1 0 0 0 0 1 0 0 0 0 1 1 1 0 0 1 0 0 0 0
25	23	 1 0 0 1 0 0 0 1 0 0 0 0 1 0 0 1 0 0 0 0
25	25	 0 0 0 0 0 1 0 1 0 0 0 1 1 0 0 0 0 0 0 0
25	3	 0 0 0 1 0 0 0 0 1 0 0 0 0 0 0 0 0 0 0 0
25	8	 0 0 0 0 0 1 1 0 0 0 0 1 1 0 0 1 0 0 0 0
25	5	 1 0 0 0 0 0 0 1 0 0 0 0 0 0 0 0 0 0 0 0
25	47	 0 0 0 0 0 0 0 0 1 0 0 0 0 0 0 0 0 0 0 0
25	14	 0 0 0 0 0 1 0 0 0 0 0 0 0 0 0 0 0 0 0 0
25	8	 0 0 0 0 0 0 0 1 0 0 0 1 1 0 0 1 0 0 0 0
25	5	 0 0 0 1 0 0 0 1 0 0 0 1 1 0 0 1 0 0 0 0
25	6	 1 0 0 1 0 0 0 1 0 0 0 0 0 0 0 0 0 0 1 0
25	9	 0 1 0 0 0 0 0 0 1 1 0 0 0 0 0 0 0 0 0 0
25	9	 0 1 1 0 0 0 0 0 1 0 0 0 0 0 0 0 0 0 0 0
25	9	 0 1 0 0 0 1 0 0 1 0 0 0 0 0 0 0 0 0 0 0
25	3	 0 0 0 0 0 0 0 0 0 0 0 1 0 0 0 1 0 0 0 0
25	7	 0 0 1 0 0 1 0 0 0 0 0 1 1 0 0 1 0 0 0 0
25	14	 1 0 0 1 0 1 0 1 0 0 0 0 0 0 0 0 0 0 0 0
25	14	 0 1 0 0 0 0 0 0 1 0 0 0 0 1 0 0 0 0 1 0
25	9	 0 0 0 0 0 1 0 0 0 0 0 1 1 0 1 1 0 0 0 0
25	5	 0 0 0 0 0 1 1 1 0 0 0 1 1 0 0 1 0 0 0 0
25	10	 1 0 0 1 0 0 0 1 1 0 0 0 0 0 0 0 1 0 0 0
25	2	 0 1 0 0 0 0 0 1 0 0 0 1 1 0 0 1 0 0 0 0
25	9	 1 0 0 1 0 0 0 1 1 0 0 0 0 0 0 1 1 0 0 0
25	14	 0 0 0 0 0 1 0 0 0 0 0 1 1 0 1 1 0 1 0 0
25	2	 0 0 0 0 0 0 0 0 1 0 0 0 0 0 0 1 0 0 0 0
25	9	 0 0 0 0 0 1 0 0 0 0 0 1 1 0 0 1 1 0 0 0
25	13	 0 1 0 0 0 0 0 1 1 0 0 0 0 0 0 0 0 0 0 0
25	5	 1 0 1 1 0 0 0 1 0 0 1 0 0 0 0 0 0 0 0 0
25	7	 0 0 1 0 0 1 0 1 0 0 0 1 1 0 0 1 0 0 0 0
25	12	 0 0 0 0 0 1 0 0 0 0 0 1 1 0 0 0 0 0 0 0
25	9	 0 1 0 0 0 1 0 0 0 0 0 1 1 0 0 1 0 0 0 0
25	3	 1 0 1 1 0 0 0 1 0 0 0 0 0 0 0 0 0 0 0 0
25	2	 0 0 0 0 0 1 0 0 0 0 0 1 0 0 0 0 0 0 0 0
25	5	 0 0 0 0 0 1 0 1 0 0 1 1 1 0 0 0 0 0 0 0
25	2	 1 0 0 1 0 0 0 1 1 1 0 0 0 0 0 0 1 0 0 0
25	6	 0 1 0 0 0 0 0 1 0 0 0 1 0 0 0 0 0 0 0 0
25	5	 1 0 0 1 0 0 0 0 0 0 0 0 0 0 0 0 0 0 0 0
25	2	 0 0 0 0 0 1 0 0 0 0 0 1 1 0 0 1 0 1 0 0
25	2	 0 0 0 1 0 0 0 0 0 0 0 0 1 0 0 0 0 0 0 0
25	4	 0 1 0 0 0 0 0 0 1 0 0 0 0 0 0 0 0 0 0 1
25	4	 0 1 0 0 0 0 0 0 1 0 0 0 0 0 0 0 0 0 1 0
25	4	 0 0 0 0 0 1 0 0 0 0 0 1 1 0 0 1 0 0 1 0
25	4	 0 0 0 0 0 1 0 0 0 0 0 0 1 0 0 1 0 0 0 0
25	3	 0 1 0 0 0 0 0 0 1 1 0 0 0 1 0 0 0 0 0 0
25	9	 1 0 0 1 0 0 0 1 0 0 0 1 1 0 0 0 0 0 0 0
25	1	 0 1 0 0 0 0 0 0 1 0 0 0 0 0 0 0 0 1 0 0
25	4	 0 0 0 0 0 0 0 0 1 0 0 0 1 0 0 0 0 0 0 0
25	1	 0 0 0 0 0 1 0 0 0 0 0 0 0 0 0 1 0 0 0 0
25	5	 0 0 1 0 0 1 0 0 0 0 0 1 1 0 0 0 0 0 0 0
25	2	 0 0 1 0 0 1 0 0 0 0 0 0 0 0 0 0 0 0 0 0
25	2	 1 0 0 1 0 0 0 1 0 0 0 0 1 0 0 1 0 0 0 1
25	3	 0 0 0 0 0 0 0 0 1 0 0 0 0 0 1 0 0 0 0 0
25	2	 0 0 0 0 1 0 0 0 0 0 0 0 0 0 0 0 0 0 0 0
25	1	 0 1 0 0 0 1 0 0 1 0 0 0 0 0 0 0 0 0 1 0
25	1	 0 0 0 0 1 1 0 0 0 0 0 1 1 0 0 1 0 0 0 0
25	3	 0 0 0 0 0 1 0 0 0 0 0 1 1 1 0 1 0 0 0 0
25	2	 0 0 0 1 0 1 0 0 0 0 0 1 1 0 0 1 0 0 0 0
25	2	 0 1 0 0 0 0 0 0 1 0 0 0 1 1 0 0 0 0 0 0
25	6	 0 0 0 0 0 1 0 1 0 0 0 1 1 1 0 0 0 0 0 0
25	6	 0 0 1 0 0 1 0 0 0 0 0 1 1 0 1 1 0 0 0 0
25	3	 0 0 0 0 0 1 0 0 1 0 0 1 1 0 1 1 0 1 0 0
25	1	 1 0 0 0 0 1 0 0 0 0 0 0 0 0 0 0 0 0 0 0
25	1	 1 0 0 1 0 0 0 0 1 0 0 0 0 0 0 0 0 0 0 0
25	1	 0 0 0 0 0 1 0 1 0 0 0 0 0 0 0 0 0 0 0 0
25	1	 0 0 0 0 0 0 0 0 0 0 0 0 1 0 0 1 0 0 0 0
25	3	 1 0 0 1 0 1 0 1 0 0 0 1 1 0 0 1 0 0 0 0
25	1	 0 1 0 0 1 0 0 0 1 0 0 0 0 0 0 0 0 0 0 0
25	2	 0 1 0 0 0 0 0 0 1 0 0 0 0 0 0 1 0 0 0 0
25	2	 0 0 0 0 0 0 0 0 0 0 0 1 1 0 0 1 0 0 0 1
25	1	 0 0 0 1 0 0 0 1 0 0 0 0 1 0 0 1 0 0 0 0
25	1	 0 0 1 0 0 0 0 0 1 0 0 0 0 0 0 0 0 0 0 0
25	1	 0 0 0 0 0 1 0 0 0 0 0 0 1 0 1 1 0 1 0 0
70	30	 0 0 0 0 0 1 0 0 0 0 0 1 1 0 0 1 0 0 0 0
70	19	 0 0 0 1 0 0 0 0 0 0 0 0 0 0 0 0 0 0 0 0
70	3	 1 0 0 1 0 0 0 1 0 0 0 0 0 0 0 0 0 0 0 0
70	60	 0 1 0 0 0 0 0 0 1 0 0 0 0 0 0 0 0 0 0 0
70	16	 1 0 0 1 0 0 0 1 0 0 1 0 0 0 0 0 0 0 0 0
70	1	 0 1 0 0 0 0 0 0 1 0 0 0 0 1 0 0 0 0 0 0
70	2	 1 0 0 1 0 0 0 1 0 0 0 0 1 0 0 1 0 0 0 0
70	33	 0 0 0 0 0 1 0 1 0 0 0 1 1 0 0 0 0 0 0 0
70	8	 0 0 0 1 0 0 0 0 1 0 0 0 0 0 0 0 0 0 0 0
70	12	 0 0 0 0 0 0 0 0 1 0 0 0 0 0 0 0 0 0 0 0
70	27	 0 1 0 0 0 1 0 0 1 0 0 0 0 0 0 0 0 0 0 0
70	16	 1 0 1 1 0 0 0 1 0 0 1 0 0 0 0 0 0 0 0 0
70	10	 0 0 0 0 0 1 0 0 0 0 0 1 1 0 0 0 0 0 0 0
70	4	 0 0 1 0 0 1 0 0 0 0 0 1 1 0 1 1 0 0 0 0
70	6	 0 1 0 0 0 0 0 0 1 0 1 0 0 0 0 0 0 0 0 0
70	1	 0 1 0 0 0 0 0 0 1 0 0 0 0 0 0 0 0 1 0 0
70	28	 0 1 1 0 0 1 0 0 1 0 0 0 0 0 0 0 0 0 0 0
70	2	 0 0 0 0 0 1 0 0 0 0 1 1 1 0 0 0 0 0 0 0
70	59	 0 1 0 0 0 0 0 0 1 1 0 0 0 1 0 1 0 0 0 0
70	3	 1 1 1 0 0 0 0 0 1 0 0 0 0 0 0 0 0 0 0 0
70	12	 1 1 0 0 0 0 0 1 0 0 0 1 1 0 0 1 0 0 0 0
70	11	 0 1 0 0 0 0 0 0 1 0 0 0 0 0 0 0 1 0 0 1
70	28	 1 0 0 1 0 0 0 1 1 0 1 0 0 0 0 0 1 0 0 0
70	3	 1 0 0 1 0 1 0 1 1 0 0 1 1 0 0 1 0 0 0 0
70	14	 0 1 0 0 0 0 0 1 0 0 0 1 1 0 0 0 0 1 0 0
70	39	 0 1 0 0 0 0 0 0 1 0 0 0 1 0 0 0 0 0 0 0
70	16	 0 1 0 0 0 0 0 0 1 0 0 1 1 0 0 0 0 0 0 0
70	7	 0 0 0 0 0 1 0 1 0 0 0 1 1 0 1 0 0 0 0 0
70	6	 0 0 0 1 1 0 0 0 0 0 0 1 1 1 0 1 0 0 0 0
70	10	 0 1 1 0 0 1 0 0 1 0 0 0 0 0 0 0 0 0 0 1
70	15	 1 0 0 1 0 0 0 1 1 0 1 1 0 0 0 0 0 0 0 0
70	39	 0 0 1 1 0 0 0 0 0 0 0 1 1 0 0 1 0 1 0 0
70	5	 0 0 0 0 0 0 0 0 1 0 1 0 0 0 0 0 0 0 0 0
70	9	 0 1 0 0 0 1 0 1 0 0 0 1 1 0 0 0 0 0 0 0
70	15	 0 1 0 0 0 0 0 0 1 0 0 1 0 0 0 0 0 0 0 0
70	17	 0 1 1 0 0 1 0 0 0 0 0 1 1 1 0 1 0 0 0 0
70	7	 0 1 0 0 0 0 0 0 1 0 0 0 0 1 0 0 0 0 0 1
70	20	 1 1 0 0 0 0 0 0 1 0 0 0 0 0 0 0 0 1 0 0
70	1	 0 0 0 0 0 0 0 0 1 0 1 0 0 0 0 0 1 0 0 1
70	5	 0 1 0 0 0 0 0 0 0 0 0 0 0 1 0 0 0 0 0 0
70	3	 0 1 0 0 0 0 0 0 1 0 0 1 0 0 0 0 0 0 1 0
70	5	 0 1 0 0 0 0 1 0 1 0 0 0 0 0 0 0 0 0 0 0
70	4	 1 1 1 0 0 0 0 0 1 0 0 0 1 0 0 0 0 0 0 0
70	5	 0 0 0 0 0 1 0 1 0 1 0 0 0 1 0 1 0 0 0 0
70	6	 0 1 0 0 0 0 0 0 1 0 0 0 1 0 0 0 0 1 0 0
70	51	 0 1 0 0 0 0 0 1 1 0 1 0 0 0 0 0 1 0 0 0
70	4	 1 0 0 1 0 0 0 1 1 0 0 1 1 0 0 0 0 0 0 0
70	1	 1 0 0 1 0 0 0 1 0 0 1 0 0 0 0 0 0 0 0 1
70	7	 0 1 0 0 0 1 0 1 0 0 0 1 0 0 0 0 0 0 0 0
70	1	 0 1 0 0 0 0 0 1 0 0 0 0 1 0 0 0 0 0 0 0
70	1	 0 0 0 0 0 1 0 1 0 0 0 0 0 0 0 0 0 0 0 0
70	10	 0 0 0 0 0 1 0 0 0 0 1 1 1 0 0 1 0 0 0 0
70	3	 0 1 0 0 0 1 0 0 0 0 0 1 1 0 0 1 0 0 0 0
70	8	 0 1 0 0 0 0 0 0 1 0 0 0 0 0 0 1 0 0 0 0
70	5	 0 1 0 1 0 0 0 0 1 0 0 0 0 0 0 0 0 0 0 0
70	1	 1 0 1 1 0 0 0 1 0 0 1 0 0 0 0 0 0 1 0 0
70	26	 1 1 0 0 0 0 0 1 1 0 0 1 1 0 0 1 0 0 0 0
70	7	 0 1 0 0 0 0 0 0 1 0 0 0 0 0 0 0 1 0 0 0
70	2	 0 0 0 0 0 1 0 0 0 0 1 0 0 0 0 0 1 0 0 0
70	3	 0 0 0 1 0 1 0 1 1 0 0 1 1 0 0 0 0 0 0 0
70	5	 0 1 1 0 0 0 0 0 1 0 0 0 0 0 0 0 0 0 0 0
70	3	 0 0 1 0 0 1 0 0 0 0 1 0 0 0 0 0 0 0 0 0
70	15	 0 0 0 1 0 0 0 0 0 0 0 0 0 0 0 0 1 0 0 0
70	8	 1 1 1 0 0 0 0 0 1 1 0 0 0 0 0 0 0 0 0 0
70	5	 0 0 0 0 1 0 0 0 1 0 1 0 0 0 0 0 0 0 0 0
70	16	 1 1 1 0 0 0 0 0 1 0 1 0 1 0 0 0 0 0 0 0
70	9	 0 1 0 0 0 1 0 0 0 0 1 1 1 0 0 0 0 0 0 0
70	3	 1 1 0 0 0 0 0 0 1 0 0 0 0 1 0 1 0 0 0 0
70	2	 0 1 0 0 0 1 0 0 0 0 0 0 0 0 0 0 0 0 0 0
70	2	 1 0 0 1 0 0 0 1 1 0 1 0 1 0 0 1 0 1 0 0
70	6	 0 1 0 0 0 0 0 1 1 0 0 0 0 0 0 0 0 0 0 0
70	2	 0 1 0 0 0 0 0 0 1 0 0 0 0 1 0 0 0 1 0 0
70	5	 0 1 0 0 0 0 0 1 1 1 0 0 0 1 0 1 0 0 0 0
70	3	 0 1 0 0 0 0 0 0 0 0 0 0 1 0 0 0 0 0 0 0
70	2	 0 0 0 0 1 0 0 0 0 0 0 1 1 1 0 1 0 0 0 1
70	2	 0 1 0 0 0 0 1 0 1 0 0 0 0 1 0 1 0 0 0 0
70	1	 0 1 0 1 0 0 0 1 1 0 0 1 1 0 0 0 0 0 0 0
70	8	 1 0 0 1 0 0 0 0 1 0 0 0 1 0 0 1 0 0 0 0
70	6	 1 0 0 1 0 0 0 0 1 0 1 0 0 0 0 0 1 0 0 0
70	1	 0 1 0 0 0 0 1 0 1 1 0 0 0 0 0 0 0 0 0 0
70	4	 0 1 0 0 0 0 1 0 1 0 0 0 0 0 0 0 0 0 0 1
70	1	 1 0 0 1 0 0 0 1 1 0 1 1 1 0 0 0 0 0 0 0
70	4	 0 0 0 1 0 1 0 1 1 0 0 1 0 0 0 0 0 0 0 0
70	2	 0 1 0 0 0 0 0 0 1 1 0 0 0 0 0 0 1 0 0 0
70	4	 1 0 0 0 0 0 0 0 1 0 0 0 0 0 0 1 0 0 0 0
70	1	 0 0 0 0 0 1 0 1 0 0 0 1 1 0 0 1 0 0 0 0
70	3	 1 0 0 1 0 0 0 1 0 0 1 0 0 0 0 0 1 0 0 0
70	4	 0 1 0 0 0 1 0 0 0 0 0 0 1 0 1 1 0 0 0 1
70	6	 0 1 0 0 0 1 0 1 1 0 1 0 0 0 0 0 1 0 0 0
70	3	 0 1 0 1 0 0 0 0 1 0 0 0 1 0 0 0 0 0 0 0
70	1	 1 0 0 1 0 0 0 1 0 0 1 0 0 0 0 0 0 1 0 0
70	1	 1 0 0 1 0 0 0 1 1 0 0 1 0 0 0 0 0 0 0 0
70	2	 0 0 0 0 0 1 0 0 1 0 0 0 0 0 0 0 0 0 0 1
70	1	 0 1 1 0 0 1 0 0 1 0 0 0 0 0 0 1 0 0 0 0
70	3	 0 0 0 1 0 0 0 0 0 0 0 0 1 0 0 0 0 0 0 0
70	1	 0 1 0 0 1 0 0 0 1 0 1 0 0 0 0 0 0 0 0 0
70	1	 0 1 1 0 0 1 0 0 1 0 0 1 0 0 0 0 0 0 0 0
70	2	 1 0 0 1 0 0 0 1 1 0 1 1 0 0 0 0 0 0 0 1
70	1	 0 0 0 0 1 1 0 1 0 0 0 1 1 0 1 0 0 0 1 0
70	5	 0 1 1 0 0 0 0 1 1 0 1 0 0 0 0 0 1 0 0 0
70	1	 0 1 0 0 0 0 0 0 1 0 1 1 0 0 0 1 0 0 0 0
70	4	 0 1 0 0 1 0 0 0 1 0 0 0 0 0 0 1 0 0 0 0
70	1	 1 1 0 0 1 0 0 0 1 0 0 0 0 1 0 1 0 0 0 0
70	3	 0 0 0 0 0 0 0 1 0 0 0 1 1 0 0 1 0 0 0 0
70	1	 1 1 0 0 0 0 0 1 0 0 0 0 1 0 0 0 0 0 0 0
70	1	 0 1 1 0 0 1 0 0 0 0 0 0 1 0 0 0 0 0 0 0
70	7	 1 1 0 0 0 0 0 0 1 0 0 0 0 0 0 0 0 0 0 0
70	6	 1 0 0 1 0 0 0 0 1 0 0 0 0 0 0 1 0 0 0 0
70	2	 0 1 0 0 0 0 0 1 0 0 0 1 1 0 0 1 0 0 0 0
70	1	 0 1 0 0 0 0 0 0 0 0 0 0 0 0 0 0 0 0 0 0
70	3	 1 0 0 1 0 0 0 1 0 0 1 0 0 0 0 0 0 0 1 0
70	1	 0 1 0 0 1 0 0 0 1 1 0 0 0 1 0 1 0 0 0 0
70	2	 1 1 0 0 0 0 1 1 0 0 0 1 1 0 0 1 0 0 0 0
70	3	 1 0 0 1 0 0 0 1 1 0 0 0 0 0 0 0 1 0 0 0
70	2	 0 1 0 0 0 0 0 0 1 0 0 0 1 0 0 1 0 0 0 0
70	4	 0 1 1 0 0 1 0 0 1 0 0 1 0 0 0 0 0 0 0 1
70	4	 1 0 0 1 0 0 0 1 1 0 1 1 0 0 1 0 0 0 0 0
70	3	 1 1 0 1 0 0 0 0 1 0 0 0 0 0 0 0 0 1 0 0
70	3	 1 1 0 0 0 0 0 0 1 0 0 0 0 1 0 1 0 0 0 1
70	1	 0 0 0 1 0 1 0 1 1 0 1 0 0 0 0 0 1 0 0 0
70	1	 0 1 1 0 0 1 0 1 1 0 0 1 0 0 0 0 0 0 0 0
70	1	 0 1 0 0 0 0 0 0 1 0 0 0 1 1 0 1 0 0 0 0
70	5	 1 1 0 0 0 0 0 1 1 0 0 1 1 0 0 0 0 0 0 0
70	2	 1 1 1 0 0 1 0 0 1 0 0 0 0 0 0 0 0 0 0 0
70	1	 0 0 0 0 0 1 1 1 0 0 0 1 1 0 0 0 0 0 0 0
70	1	 0 0 0 1 0 0 0 0 1 0 0 0 0 0 0 0 1 0 0 0
70	1	 0 0 0 0 0 0 0 0 0 0 0 0 0 0 0 0 0 0 0 0
70	2	 1 0 1 1 0 0 0 1 0 0 1 0 0 0 1 0 0 0 0 0
70	1	 0 1 1 0 0 1 0 0 1 0 0 0 0 0 1 0 0 0 0 0
70	1	 1 0 0 1 0 0 0 1 1 0 1 0 0 0 0 0 1 0 0 1
70	2	 0 1 0 0 0 0 0 1 0 0 0 1 1 0 0 0 0 0 0 0
70	1	 1 1 1 0 0 0 0 0 1 0 1 0 0 0 0 0 0 0 0 0
70	1	 0 1 0 0 0 1 0 0 0 1 1 1 1 0 0 0 0 0 0 0
70	1	 0 1 0 0 0 0 0 0 1 0 0 1 0 1 0 0 0 1 0 0
135	2	 0 1 0 0 0 1 0 0 1 0 0 0 0 0 0 0 0 0 0 0
135	4	 0 1 1 0 0 1 0 0 1 0 0 0 0 0 0 0 0 0 0 0
135	5	 1 0 0 1 0 0 0 1 1 0 1 0 0 0 0 0 1 0 0 0
135	4	 0 1 0 0 0 0 0 0 1 0 0 0 1 0 0 0 0 0 0 0
135	7	 0 1 0 0 0 0 0 1 1 0 1 0 0 0 0 0 1 0 0 0
135	4	 0 1 1 0 0 0 0 0 1 0 0 0 0 0 0 0 0 0 0 0
135	34	 1 1 1 0 0 0 0 0 1 0 1 0 1 0 0 0 0 0 0 0
135	63	 0 1 0 0 0 1 0 0 0 0 1 1 1 0 0 0 0 0 0 0
135	8	 1 1 1 0 0 0 0 0 1 0 1 0 0 0 0 0 0 0 0 0
135	18	 0 0 1 0 0 0 0 0 1 0 0 0 0 0 0 0 0 0 0 0
135	105	 1 1 1 0 0 0 0 0 1 1 0 0 0 1 0 1 0 0 0 0
135	8	 0 1 1 0 0 1 0 0 0 0 0 1 1 1 0 1 0 0 1 0
135	5	 0 1 0 0 0 0 0 0 1 1 0 1 1 1 0 1 0 0 0 0
135	12	 0 1 0 0 0 1 0 0 0 0 1 1 1 1 0 0 0 0 0 1
135	3	 1 0 0 1 0 0 1 1 1 0 1 1 0 0 0 0 0 0 0 0
135	4	 0 0 1 0 0 1 0 0 0 0 1 0 1 0 0 0 0 0 0 0
135	3	 0 1 0 0 0 0 0 0 1 0 1 0 0 0 0 0 0 0 0 0
135	18	 0 0 1 0 0 1 0 0 0 0 1 0 1 0 1 0 0 0 0 0
135	17	 1 1 0 0 0 0 0 0 1 1 1 0 0 1 0 1 0 0 0 0
135	28	 1 1 1 0 0 0 0 0 1 1 1 0 0 1 0 1 0 0 0 0
135	9	 0 1 0 0 0 0 0 1 1 0 1 0 0 0 0 0 0 0 0 0
135	9	 1 1 1 0 0 0 0 0 1 0 1 1 0 0 0 0 0 0 0 0
135	3	 0 1 0 0 0 0 0 0 1 1 1 0 1 1 0 1 0 0 0 0
135	13	 0 1 0 1 0 1 0 0 0 0 1 1 1 0 0 0 0 0 0 0
135	23	 1 1 1 0 0 0 0 0 1 1 1 0 1 0 0 0 0 0 0 0
135	38	 0 1 1 0 0 1 0 0 0 0 1 1 1 0 0 0 0 0 0 0
135	7	 0 1 0 0 0 0 0 0 1 0 0 0 0 0 0 0 0 0 0 0
135	3	 1 1 0 1 0 0 0 1 0 0 1 0 1 0 0 0 1 0 0 0
135	7	 1 1 0 1 0 0 0 0 1 0 1 1 0 0 0 0 0 1 0 1
135	23	 1 1 1 0 0 0 0 1 1 0 1 0 1 0 0 1 0 0 0 0
135	7	 0 1 1 0 0 1 0 0 0 0 1 1 1 0 0 0 0 0 1 0
135	4	 0 1 1 0 0 1 0 0 1 0 0 1 1 0 0 0 0 0 0 0
135	4	 0 1 0 0 0 0 0 0 0 0 1 1 1 0 0 0 0 0 0 0
135	10	 0 0 1 0 0 0 0 1 0 0 1 0 1 0 0 0 1 0 0 0
135	1	 0 1 1 0 1 1 0 0 1 0 0 0 0 0 0 0 0 0 0 0
135	1	 0 1 0 0 0 0 0 1 1 0 1 0 0 0 0 0 1 0 0 1
135	8	 1 0 0 0 0 0 0 0 1 1 1 0 0 1 0 1 0 0 0 0
135	24	 1 1 1 0 0 0 0 0 0 1 0 0 0 1 0 1 0 0 0 0
135	4	 0 1 0 0 0 0 0 0 0 0 1 1 1 1 0 1 0 0 0 1
135	22	 0 1 1 0 0 1 0 0 1 0 0 0 0 0 1 0 0 0 0 0
135	8	 1 1 0 0 0 0 0 1 1 0 1 0 0 0 0 0 0 0 0 0
135	4	 1 0 0 1 1 0 0 1 1 0 1 0 0 1 0 1 0 0 0 0
135	25	 1 1 1 0 1 0 0 0 1 0 1 0 0 0 0 0 0 0 0 0
135	9	 0 1 1 0 0 1 0 0 0 0 0 1 1 1 1 1 0 0 1 0
135	2	 0 0 1 0 0 1 0 0 0 0 1 1 1 0 1 0 0 0 0 0
135	5	 1 1 1 0 0 0 0 0 1 0 1 0 1 0 0 1 0 0 0 0
135	8	 0 0 0 1 0 0 0 0 1 1 1 0 0 1 0 1 0 0 0 0
135	9	 1 1 1 0 0 0 0 0 1 1 1 0 1 0 0 1 0 0 0 1
135	4	 0 1 1 0 1 1 0 0 1 0 0 0 0 0 0 0 1 0 0 0
135	9	 0 1 1 0 0 0 0 0 1 0 0 0 1 0 0 0 0 0 0 0
135	2	 1 1 1 0 0 0 0 0 0 1 1 0 1 0 0 0 0 0 0 0
135	11	 0 1 1 0 0 0 0 0 1 1 1 0 0 1 0 1 0 0 0 0
135	3	 1 1 0 1 0 0 0 1 1 0 1 1 0 0 0 0 1 1 0 1
135	3	 1 1 1 0 0 1 0 0 1 0 0 0 0 0 1 0 0 0 0 0
135	3	 0 1 0 0 0 1 0 1 0 0 1 1 1 0 0 0 0 0 0 0
135	3	 1 1 1 0 0 0 0 0 1 0 1 1 0 1 0 0 0 0 0 0
135	2	 1 1 0 0 1 0 0 1 1 0 1 0 0 0 0 0 0 0 0 0
135	6	 0 1 1 0 0 0 0 0 1 0 1 1 0 0 0 1 0 0 0 0
135	3	 1 1 1 0 0 0 0 0 0 1 1 0 1 0 0 0 0 1 0 0
135	9	 0 0 1 1 0 1 0 0 0 0 1 0 1 0 1 0 0 0 0 0
135	2	 1 1 1 0 0 0 0 0 1 1 1 0 1 0 0 0 0 1 0 0
135	7	 1 1 1 0 0 0 0 0 1 1 1 0 1 0 0 0 1 0 0 0
135	3	 1 1 0 1 0 0 0 0 1 0 1 1 0 1 0 0 0 1 0 1
135	3	 0 1 0 0 1 0 1 0 1 1 0 0 0 1 0 0 0 0 0 0
135	3	 0 0 1 0 0 0 0 0 1 0 0 0 0 0 0 0 0 1 0 0
135	5	 1 1 1 0 0 0 0 0 1 1 0 1 1 1 0 1 0 0 0 0
135	12	 1 1 1 0 0 1 0 0 1 1 0 0 0 1 0 1 0 0 0 0
135	5	 0 1 1 0 0 1 1 0 1 0 0 0 0 0 1 0 0 0 0 0
135	3	 0 1 0 1 0 0 0 1 1 0 0 0 0 0 0 0 1 0 0 0
135	8	 1 0 0 0 1 0 0 0 1 1 0 0 0 1 0 1 0 0 1 0
135	11	 0 1 0 0 0 0 1 0 1 1 1 1 1 0 0 0 0 0 0 0
135	9	 0 1 0 0 0 0 0 0 1 0 1 0 1 0 0 0 0 0 0 0
135	6	 1 1 0 0 0 1 0 0 0 0 1 1 1 1 0 0 0 0 0 1
135	4	 0 1 0 0 0 0 0 1 1 0 1 0 0 0 0 1 1 0 0 0
135	2	 0 1 0 0 0 0 0 0 1 1 1 0 1 1 0 1 0 1 0 0
135	9	 1 1 1 0 0 0 0 0 1 1 0 0 0 0 1 0 0 0 0 0
135	1	 0 1 0 0 0 0 0 0 0 0 1 1 1 1 0 0 0 0 0 0
135	8	 0 1 0 0 0 1 0 0 0 0 1 1 0 0 0 0 1 0 0 0
135	1	 1 1 1 0 0 0 0 0 1 0 1 1 1 0 0 0 0 0 0 0
135	1	 1 1 1 0 1 0 0 0 1 0 1 1 0 0 0 0 0 0 0 0
135	18	 1 1 1 0 0 1 0 0 1 1 1 0 1 0 0 0 0 0 0 0
135	4	 0 1 1 0 1 1 0 0 1 0 0 0 0 0 1 0 0 0 0 0
135	3	 0 1 1 0 0 1 0 0 1 0 1 0 0 0 1 0 0 0 0 0
135	2	 1 1 0 0 0 0 0 1 1 0 1 0 0 0 0 0 0 0 0 1
135	3	 1 1 1 0 0 0 0 1 0 0 1 0 1 0 0 1 0 0 0 0
135	1	 1 1 0 0 0 0 0 0 1 0 1 1 0 1 0 0 0 1 0 1
135	10	 1 1 0 0 0 0 0 0 0 0 1 1 1 1 0 1 0 0 0 1
135	7	 0 1 0 0 0 0 0 1 1 0 1 0 0 0 0 1 0 0 0 0
135	1	 0 1 0 0 0 1 0 0 0 0 1 1 0 1 0 1 0 0 0 0
135	1	 1 1 1 0 0 0 0 0 1 0 0 0 0 0 0 0 0 0 0 0
135	7	 0 1 0 0 1 1 0 0 0 0 1 1 1 0 0 0 0 0 0 0
135	4	 1 1 1 0 0 1 0 1 1 1 0 0 0 1 0 1 0 0 0 0
135	4	 1 1 1 0 0 0 0 0 0 0 1 0 1 1 0 0 0 0 1 0
135	3	 0 0 1 0 0 1 0 0 1 1 1 0 0 1 0 1 0 0 0 0
135	2	 0 0 1 0 0 1 0 0 0 0 0 0 0 0 0 0 0 0 0 0
135	1	 0 1 1 0 0 1 0 0 0 1 0 1 1 1 0 1 0 0 0 1
135	5	 0 1 0 0 0 0 1 0 0 0 1 1 1 1 0 0 0 0 0 1
135	5	 1 1 1 0 0 0 0 1 1 1 0 0 0 1 0 1 0 0 0 0
135	2	 0 1 0 1 0 0 0 0 1 1 0 1 1 1 0 1 0 0 0 0
135	4	 1 0 1 0 0 0 0 0 0 1 0 0 0 1 0 1 0 0 0 0
135	1	 0 1 1 0 0 1 0 0 0 0 0 1 1 1 1 1 1 0 1 0
135	5	 0 1 0 0 1 0 1 0 1 1 0 0 1 1 0 0 0 0 0 0
135	2	 1 1 0 0 0 1 0 0 1 1 0 0 0 1 0 1 0 0 0 0
135	4	 1 1 1 0 0 0 0 0 1 0 0 0 0 0 0 0 1 0 0 0
135	1	 0 0 1 0 0 0 0 0 1 0 0 0 0 1 0 1 0 0 0 0
135	8	 1 1 0 1 0 0 0 1 0 0 1 1 1 0 0 0 0 0 0 0
135	2	 1 1 0 0 0 0 0 0 1 0 1 1 0 1 0 0 0 0 0 0
135	1	 0 0 1 0 0 0 0 0 1 0 0 0 0 0 0 0 0 0 0 1
135	2	 1 1 0 0 0 0 0 0 1 1 0 0 0 1 0 1 0 0 0 0
135	1	 0 1 0 0 0 0 0 0 1 0 1 0 0 0 0 0 1 0 0 0
135	4	 1 1 1 0 0 0 0 0 1 1 1 0 1 0 0 1 0 0 1 1
135	1	 0 0 1 0 0 1 1 0 1 1 1 0 0 1 0 1 0 0 0 0
135	3	 1 1 0 0 0 0 0 1 1 0 1 0 0 0 0 0 1 0 0 0
135	3	 1 1 0 0 0 0 0 0 1 0 1 0 0 0 0 0 0 0 0 0
135	4	 0 1 1 0 0 0 0 0 1 1 1 0 1 0 0 1 0 0 1 1
135	1	 0 1 0 0 0 0 0 0 1 1 1 0 0 1 0 1 0 0 0 0
135	1	 0 1 1 0 0 0 0 0 1 0 1 1 0 1 0 1 0 0 0 0
135	3	 1 1 1 0 0 0 0 0 1 0 0 0 0 1 0 1 0 0 0 0
135	1	 0 1 0 0 0 0 0 0 1 1 1 0 1 1 0 1 0 0 0 1
135	1	 1 1 1 0 0 0 0 0 1 0 1 1 1 0 0 0 0 0 0 1
135	4	 0 1 0 1 0 0 0 0 1 1 0 1 1 0 0 1 0 0 0 0
135	8	 0 1 0 0 0 0 0 0 1 1 0 0 0 1 0 1 0 0 0 0
135	1	 1 1 1 0 0 0 0 0 1 1 0 0 1 0 0 0 0 0 0 0
135	1	 1 0 0 1 0 0 1 1 1 0 1 1 0 0 1 0 0 0 0 0
135	2	 1 1 1 0 0 1 0 0 0 0 1 0 1 0 1 0 0 0 0 0
135	2	 1 1 1 0 0 0 0 1 1 0 1 0 0 0 0 0 0 0 0 1
135	2	 1 1 0 0 0 0 0 0 0 0 1 1 1 0 0 0 0 0 0 0
135	5	 0 1 0 0 0 0 0 1 1 1 1 0 0 1 0 1 0 0 0 0
135	1	 1 1 1 0 0 0 0 1 1 0 1 0 1 0 0 0 0 0 0 0
135	2	 0 1 0 0 0 0 1 0 0 0 1 1 1 0 0 0 0 0 0 0
135	1	 1 0 0 1 1 0 0 0 1 0 1 0 0 1 0 1 0 0 0 0
135	1	 1 1 1 0 0 1 0 0 1 0 0 0 0 1 0 1 0 0 0 0
135	2	 1 1 0 0 0 1 0 0 0 0 1 1 0 0 0 0 1 0 0 0
135	2	 1 0 0 1 0 0 0 1 1 1 1 0 1 0 0 0 0 0 0 0
135	3	 0 1 1 0 0 0 0 0 1 0 0 0 0 0 0 1 0 0 0 0
135	1	 0 1 0 0 0 0 0 1 1 0 1 0 1 1 0 1 0 0 0 0
135	1	 1 1 1 0 0 0 0 0 1 1 1 0 1 0 0 1 0 0 0 0
135	1	 0 1 1 0 1 0 1 0 1 1 0 0 1 1 0 0 0 0 0 0
135	1	 0 1 1 0 1 1 0 0 1 0 0 0 0 1 0 1 0 0 0 0
135	2	 1 1 0 0 0 0 0 1 1 0 1 0 0 0 0 0 0 0 1 0
135	1	 1 1 1 0 0 0 0 0 1 1 1 1 1 0 0 0 0 0 0 0
135	3	 1 1 1 0 0 1 0 0 1 0 1 0 1 0 0 0 0 0 0 0
135	1	 1 1 1 1 0 0 0 0 1 1 0 0 0 1 0 1 0 0 0 0
135	1	 1 1 1 0 0 0 0 0 1 1 0 0 0 1 0 1 0 0 0 1
135	1	 0 1 0 0 1 0 0 1 1 0 1 0 0 0 0 0 0 0 0 0
135	1	 0 1 0 0 0 0 0 1 1 0 0 0 0 0 0 0 0 0 0 0
135	2	 0 1 1 0 0 0 0 0 1 0 1 1 0 0 0 1 0 0 0 1
135	2	 0 1 0 0 0 0 1 0 0 1 1 1 1 0 0 0 0 0 0 0
135	3	 1 1 1 0 1 0 0 0 1 0 0 1 0 0 0 0 0 0 0 0
135	1	 0 1 0 1 0 0 0 0 1 1 0 1 1 1 0 0 0 0 0 0
135	2	 1 1 1 0 0 0 0 0 1 0 0 1 1 0 0 0 0 0 0 1
250	43	 1 1 1 0 0 0 0 0 1 1 1 0 0 1 0 1 0 0 0 0
250	91	 1 1 1 0 0 0 0 0 1 1 1 0 1 0 0 0 0 0 0 0
250	21	 1 1 1 0 0 1 0 0 1 1 1 0 1 0 0 0 0 0 0 0
250	33	 1 1 1 0 0 1 0 1 1 1 0 0 0 1 0 1 0 0 0 0
250	1	 1 1 1 0 0 0 0 0 1 1 1 0 0 1 0 0 0 0 0 0
250	9	 1 1 1 0 0 0 0 0 1 1 1 0 0 0 0 0 0 0 0 0
250	46	 1 1 1 0 0 1 1 0 1 1 1 0 1 0 0 0 0 0 0 0
250	3	 1 0 1 0 0 0 0 0 1 0 1 1 0 1 0 0 0 0 0 0
250	26	 1 1 1 0 0 1 0 0 1 0 1 0 0 0 0 0 0 0 0 0
250	4	 1 1 1 0 0 1 1 0 1 1 1 0 0 0 0 1 0 0 0 0
250	53	 1 1 1 0 0 1 0 0 1 1 1 0 0 1 0 1 0 0 0 0
250	15	 1 1 1 0 1 0 0 1 1 1 1 0 0 1 0 1 1 0 0 0
250	28	 1 1 1 0 0 0 0 0 1 1 0 0 0 1 0 1 0 0 0 1
250	1	 1 1 1 1 0 1 0 1 0 1 1 0 0 0 0 0 0 0 0 0
250	3	 1 1 1 0 1 1 0 0 1 1 1 0 0 1 0 1 0 0 0 0
250	1	 1 1 1 0 0 1 1 1 1 1 0 1 0 1 0 1 0 0 0 0
250	10	 1 1 0 0 0 0 0 0 1 1 1 0 1 0 0 0 0 0 0 0
250	2	 1 1 1 0 0 1 0 0 1 1 1 0 1 0 0 1 0 0 0 0
250	11	 1 1 1 0 0 0 0 0 1 1 1 1 0 0 0 0 0 0 0 0
250	14	 1 1 1 0 0 1 1 0 1 1 1 1 1 0 0 1 0 0 0 0
250	20	 1 1 1 0 0 0 0 0 1 1 1 1 0 1 0 1 0 0 0 0
250	11	 1 1 1 1 0 0 0 0 1 1 1 0 1 0 1 0 0 0 0 0
250	18	 0 1 1 1 0 1 0 1 1 1 1 0 0 0 0 0 0 0 0 0
250	4	 1 0 1 0 0 1 0 0 1 1 1 0 0 1 0 1 0 0 0 0
250	7	 1 1 1 0 0 0 0 0 1 1 1 0 1 0 0 1 0 0 0 0
250	7	 1 1 0 1 0 0 0 0 1 0 1 0 1 0 1 0 0 0 0 0
250	1	 1 1 1 1 0 1 0 0 1 1 1 0 1 0 0 0 0 0 0 0
250	18	 1 1 1 0 0 1 0 0 1 1 1 0 0 1 0 0 0 0 0 0
250	4	 1 1 1 1 0 1 1 1 1 1 0 1 0 1 0 1 0 0 0 0
250	11	 1 1 1 0 0 0 0 0 1 1 0 0 1 0 0 0 0 0 0 0
250	7	 1 1 1 0 1 0 0 0 1 1 1 0 0 1 0 1 0 0 0 0
250	4	 1 1 1 0 1 0 0 0 1 1 1 0 0 1 0 0 0 0 0 0
250	4	 1 1 1 1 0 1 0 1 0 1 0 0 0 0 0 0 0 0 0 0
250	1	 1 1 1 0 0 1 0 1 1 1 0 0 0 1 0 1 0 0 1 0
250	27	 1 1 1 0 1 1 0 0 1 1 1 0 0 0 0 1 0 0 0 0
250	32	 1 1 1 0 0 0 0 0 1 1 0 1 0 1 0 1 0 0 0 0
250	8	 1 1 1 0 0 0 0 0 1 1 1 0 0 0 0 1 0 0 0 0
250	5	 1 1 1 0 1 1 0 0 1 1 1 0 1 0 0 0 0 0 0 0
250	13	 1 1 1 0 0 1 0 1 1 1 1 0 0 1 0 0 1 0 0 0
250	12	 1 1 1 0 1 1 0 0 1 1 1 0 0 1 0 0 0 0 0 0
250	20	 1 1 1 0 0 1 1 0 1 1 1 0 1 0 0 0 0 0 1 0
250	64	 1 1 1 0 0 0 0 0 1 1 0 0 0 0 0 0 0 0 0 0
250	18	 1 1 1 0 0 1 0 1 1 1 1 0 0 1 0 1 0 0 0 0
250	1	 1 1 0 0 0 0 0 0 1 1 1 0 1 1 0 0 0 0 0 0
250	3	 1 1 1 0 0 0 0 0 1 0 1 0 0 0 0 1 1 0 0 0
250	8	 1 1 1 0 0 0 0 1 1 1 1 0 0 0 0 0 0 0 0 0
250	4	 1 1 1 0 0 1 0 0 1 1 1 0 0 1 0 1 0 0 0 1
250	17	 1 1 1 1 0 1 0 1 1 1 1 0 0 0 0 0 0 0 0 0
250	10	 1 1 1 0 0 1 0 1 1 1 1 0 1 0 0 0 0 0 0 0
250	11	 1 1 1 0 1 1 0 0 1 1 1 0 0 0 1 0 0 0 0 0
250	3	 1 1 1 0 0 1 0 0 1 0 1 0 0 1 0 0 0 0 0 0
250	21	 1 1 1 0 0 1 0 1 1 1 0 0 0 1 0 0 0 0 1 0
250	9	 1 0 1 1 0 1 0 0 1 1 1 0 1 0 0 0 0 0 0 1
250	4	 0 1 1 0 0 0 0 0 1 1 1 0 0 1 0 0 0 0 0 0
250	3	 1 1 1 0 1 0 0 1 1 1 1 0 1 1 0 1 1 0 0 0
250	7	 1 1 1 0 1 0 0 0 1 1 1 0 0 1 0 1 1 0 0 0
250	6	 1 1 1 0 1 0 0 0 1 1 1 0 0 0 0 0 0 0 0 0
250	6	 1 1 1 0 1 0 0 0 1 1 1 0 1 0 1 0 0 0 0 0
250	1	 1 1 1 0 0 0 0 0 1 1 1 0 1 0 0 0 0 1 0 0
250	10	 1 1 1 0 0 1 0 1 1 1 1 1 0 0 0 0 0 0 0 0
250	1	 1 1 0 0 0 0 0 0 1 1 1 0 1 0 0 0 0 0 1 0
250	5	 1 1 1 0 1 1 1 0 1 0 1 0 0 0 0 0 0 0 0 0
250	2	 1 1 1 0 0 1 1 1 1 1 0 1 0 1 0 1 1 0 0 0
250	2	 1 1 1 0 0 0 0 0 1 1 1 1 0 0 0 1 0 0 0 0
250	3	 1 1 1 0 0 1 1 0 1 1 1 0 0 1 0 1 0 0 0 0
250	2	 0 1 1 0 0 0 0 0 1 1 1 0 1 0 0 0 0 0 0 0
250	2	 1 1 0 0 0 0 0 0 1 1 1 0 1 0 0 0 0 1 0 0
250	7	 1 1 1 0 0 1 1 0 1 1 1 0 0 0 0 0 0 0 0 0
250	4	 1 1 1 0 0 1 0 0 1 1 1 0 0 0 0 1 0 0 0 0
250	7	 1 1 1 0 0 0 0 0 1 0 1 0 0 0 0 1 0 0 0 0
250	4	 1 0 1 0 0 1 0 0 1 0 1 0 0 0 0 0 0 0 0 0
250	3	 1 0 1 0 1 1 0 0 1 1 1 0 0 0 0 1 0 0 0 0
250	1	 1 1 1 1 0 0 0 0 1 1 0 0 0 0 0 0 0 0 1 0
250	4	 1 1 1 0 0 1 0 1 1 1 0 0 0 0 0 1 0 0 0 0
250	5	 1 1 1 1 0 1 1 0 1 1 1 0 1 0 0 0 0 0 1 0
250	1	 1 1 1 0 0 0 0 0 1 1 1 1 1 0 0 1 0 0 0 0
250	2	 1 1 1 0 0 1 1 1 1 1 0 1 0 1 0 0 0 0 0 0
250	4	 1 1 1 0 0 1 0 1 1 1 1 0 1 0 0 0 1 0 0 0
250	1	 0 1 1 0 0 0 0 0 1 1 0 0 1 0 0 0 0 0 0 0
250	2	 1 1 1 1 0 0 0 1 1 1 1 0 0 0 0 0 0 0 0 0
250	3	 1 1 1 0 0 1 0 0 1 0 1 0 0 0 0 0 0 0 1 0
250	3	 1 1 1 1 0 1 1 1 1 0 0 1 0 1 0 1 0 0 0 0
250	1	 0 1 1 0 0 0 0 0 1 1 0 1 0 1 0 1 0 0 0 0
250	2	 1 1 1 0 0 0 0 0 1 1 1 0 0 1 0 1 0 0 1 0
250	6	 1 1 1 0 0 1 0 0 1 1 1 0 0 0 0 0 0 0 0 0
250	5	 1 1 1 0 1 1 0 0 1 1 1 0 1 0 0 0 1 0 0 0
250	1	 1 1 1 0 0 1 1 1 1 1 1 0 0 0 0 1 0 0 0 0
250	6	 1 1 1 0 0 1 1 0 1 1 1 0 1 0 0 1 0 0 0 0
250	4	 1 1 1 0 0 1 0 0 1 0 1 0 1 0 1 0 0 0 0 0
250	1	 1 0 1 0 0 1 0 0 1 1 0 1 0 1 0 1 0 0 0 0
250	5	 1 1 1 0 0 1 0 0 1 1 0 0 1 0 0 0 0 0 0 0
250	6	 1 1 1 1 0 1 0 1 1 1 0 0 0 1 0 1 0 0 0 0
250	1	 1 0 1 1 0 1 0 0 1 0 1 0 0 0 0 0 0 0 0 0
250	1	 1 1 0 0 0 1 0 0 1 0 1 0 0 0 0 0 0 0 0 0
250	4	 1 1 1 0 0 1 0 0 1 0 1 0 0 0 0 0 0 0 0 1
250	2	 1 1 1 0 0 1 0 1 1 0 1 0 0 0 0 0 0 0 0 0
250	1	 1 0 1 0 0 0 0 0 1 1 0 0 0 0 0 0 0 0 0 0
250	2	 1 1 1 0 0 1 1 0 1 0 1 0 0 0 0 0 0 0 0 0
250	1	 1 1 1 0 0 1 1 0 1 1 0 0 0 0 0 1 0 0 0 0
250	2	 1 1 0 0 0 0 0 0 1 1 0 0 1 0 0 0 0 0 0 0
250	2	 1 1 1 0 0 0 0 0 1 1 1 0 1 0 0 0 0 0 0 1
250	4	 1 1 1 0 0 1 0 1 0 1 0 0 0 1 0 1 0 0 0 0
250	2	 1 1 1 0 0 1 1 0 1 1 1 0 0 0 0 1 0 1 0 0
250	1	 1 1 0 0 0 0 0 0 1 0 1 0 1 0 0 0 0 0 0 0
250	1	 1 1 0 1 0 0 0 0 1 0 1 0 1 0 1 1 0 0 0 0
250	1	 1 1 1 0 0 0 0 0 1 1 0 1 0 1 0 1 0 1 0 0
250	2	 1 1 1 0 0 0 0 0 1 1 0 1 0 1 1 1 0 0 0 0
250	1	 0 1 1 0 0 0 0 0 1 1 1 0 0 1 0 0 0 1 0 0
250	1	 1 1 1 0 0 1 1 0 1 1 0 0 0 0 1 0 0 0 0 0
250	3	 1 1 1 0 0 0 0 1 1 1 1 0 0 1 0 1 0 0 0 0
250	1	 1 1 1 0 0 0 0 0 0 1 1 0 1 0 0 0 0 0 0 0
250	1	 1 1 1 0 0 1 0 0 1 1 1 1 0 1 0 1 0 0 0 0
250	2	 1 1 1 0 1 0 0 0 1 1 1 0 0 1 0 0 0 0 0 1
250	1	 1 1 1 0 0 1 1 1 1 1 1 0 0 1 0 1 0 0 0 0
250	2	 1 1 1 0 1 0 1 0 1 0 1 0 0 0 0 0 0 0 0 0
250	1	 1 1 1 0 1 1 0 0 1 0 1 0 0 0 0 0 0 0 0 0
400	26	 1 1 1 0 0 0 0 0 1 1 1 0 1 0 0 0 0 0 0 0
400	55	 1 1 1 0 0 1 0 0 1 1 1 0 1 0 0 0 0 0 0 0
400	30	 1 1 1 0 0 1 0 0 1 1 1 0 0 1 0 0 0 0 0 0
400	9	 1 1 1 0 0 1 0 0 1 1 1 0 0 0 0 0 0 0 0 0
400	19	 1 1 1 1 0 1 0 1 1 1 1 1 0 1 0 1 0 0 0 0
400	6	 1 1 1 0 0 1 0 0 1 0 1 0 0 0 0 0 0 0 0 0
400	25	 1 1 1 1 0 1 1 0 1 1 1 1 0 0 0 0 0 0 0 0
400	62	 1 1 1 0 0 0 1 0 1 1 1 0 1 0 0 0 0 0 0 0
400	14	 1 1 1 0 1 1 1 0 1 1 1 0 0 1 0 0 0 0 0 1
400	23	 1 1 1 0 1 1 1 0 1 1 1 0 0 1 0 0 0 0 0 0
400	1	 1 0 1 0 0 1 0 0 1 1 1 0 0 1 0 0 0 0 0 0
400	7	 1 1 1 1 0 1 0 0 1 1 0 1 0 1 0 1 0 0 0 0
400	2	 1 0 1 0 1 1 1 0 0 0 1 1 0 0 0 0 0 0 0 0
400	3	 1 1 1 0 0 1 0 1 1 1 1 0 0 1 0 1 0 1 0 0
400	3	 1 0 1 0 1 1 1 0 0 1 1 0 0 1 0 0 0 0 0 0
400	68	 1 1 1 1 0 1 0 0 1 1 0 1 0 1 1 1 0 0 0 0
400	5	 1 1 1 0 0 0 0 0 1 1 1 0 1 1 0 0 0 0 0 0
400	21	 1 1 1 0 0 0 0 1 1 1 1 1 0 1 0 1 0 0 0 0
400	1	 1 1 1 0 0 1 0 1 1 1 1 0 1 0 0 0 0 0 0 0
400	13	 1 1 1 0 1 1 1 0 1 1 1 0 1 1 0 0 0 0 0 0
400	21	 1 1 1 0 0 1 0 0 1 1 1 1 0 0 0 0 0 0 0 0
400	16	 1 1 1 0 0 1 1 0 0 1 1 1 0 0 0 0 0 0 0 0
400	10	 1 1 1 0 0 0 0 1 1 1 1 0 0 1 0 1 0 1 0 0
400	2	 1 1 1 0 0 1 0 0 0 0 1 0 0 0 1 0 1 0 0 0
400	25	 1 1 1 1 0 1 0 1 1 1 1 0 0 1 0 0 0 0 0 0
400	7	 1 1 1 0 1 1 1 0 1 1 1 0 0 0 0 0 0 0 0 0
400	25	 1 1 1 1 0 0 0 0 1 1 1 0 0 1 0 0 0 0 0 0
400	3	 1 1 1 0 0 1 0 0 1 0 1 0 0 0 0 1 0 0 1 0
400	30	 1 1 1 1 0 1 1 0 1 1 1 0 0 0 1 0 1 0 0 0
400	10	 1 0 1 0 0 1 0 1 1 1 1 0 0 0 0 0 0 0 0 0
400	26	 1 1 1 0 0 1 0 0 1 1 1 0 0 1 0 1 0 1 0 0
400	8	 1 1 1 0 0 1 0 0 1 1 1 0 1 1 0 0 1 0 0 0
400	16	 1 1 1 0 0 1 0 0 1 1 0 1 0 0 0 1 0 0 0 0
400	2	 1 1 1 0 0 1 0 0 1 0 1 0 0 1 0 0 0 0 0 0
400	2	 1 1 1 1 1 1 1 0 1 1 1 0 0 1 0 0 0 0 0 0
400	6	 1 1 1 0 0 1 0 0 1 1 1 0 1 0 0 0 0 0 0 1
400	1	 1 1 1 0 0 1 0 0 1 1 1 0 0 0 1 0 0 0 0 0
400	5	 1 1 1 1 0 0 1 0 1 1 1 1 0 0 0 0 0 0 0 0
400	12	 1 1 1 0 1 0 0 0 1 0 1 0 1 0 0 0 0 0 0 0
400	1	 1 1 1 0 0 1 0 0 1 1 1 1 1 1 1 0 0 0 0 0
400	3	 1 1 1 0 0 0 0 1 1 1 1 0 0 1 0 0 0 0 0 0
400	15	 1 1 1 0 0 1 1 0 1 1 0 1 0 0 0 1 0 0 0 0
400	9	 1 1 1 1 0 1 0 1 1 0 1 0 0 1 0 0 0 0 0 0
400	10	 1 1 1 0 1 1 1 0 1 1 1 0 1 1 0 0 0 0 1 0
400	6	 1 1 1 0 0 0 1 0 1 1 1 0 1 0 0 0 0 1 0 0
400	9	 1 1 1 1 0 1 1 0 0 1 1 0 1 0 0 0 0 0 0 0
400	2	 1 1 1 0 0 1 0 0 1 1 1 0 1 0 1 0 0 0 0 0
400	10	 1 1 1 1 0 1 0 1 1 1 1 1 0 1 0 1 0 1 0 0
400	5	 1 1 1 0 1 1 0 0 0 0 1 0 0 0 1 0 0 1 0 0
400	2	 1 1 1 0 0 1 1 0 1 1 1 1 0 1 0 1 0 0 0 0
400	11	 1 0 1 0 0 1 0 0 1 1 1 0 1 0 0 0 0 0 0 0
400	11	 1 1 1 0 0 1 0 1 1 1 0 0 1 0 0 0 0 0 0 0
400	14	 1 1 1 1 0 1 0 0 1 0 1 0 0 1 0 0 0 0 0 0
400	7	 1 1 1 0 0 1 0 0 1 0 1 0 0 1 0 0 0 1 0 0
400	3	 1 1 1 1 0 0 1 0 1 1 1 1 1 0 0 0 0 0 0 0
400	4	 1 1 1 0 0 1 0 1 1 1 1 0 0 0 1 0 0 0 0 0
400	3	 1 1 1 1 0 1 1 0 0 1 1 1 0 0 0 0 0 0 0 0
400	4	 1 1 1 1 0 1 0 1 1 1 1 1 0 1 0 0 0 0 0 0
400	19	 1 1 1 0 1 0 1 0 1 1 1 0 0 0 0 0 0 0 0 0
400	3	 1 1 1 0 0 1 0 1 1 1 1 0 0 1 0 1 0 0 0 0
400	13	 1 1 1 0 0 1 1 0 1 1 1 0 0 1 0 0 0 0 0 0
400	1	 1 1 1 0 0 1 0 0 1 1 0 1 0 1 0 1 0 0 0 0
400	7	 1 1 1 1 0 1 0 0 1 1 1 0 1 0 0 0 0 0 0 0
400	2	 1 1 0 0 0 1 0 0 1 1 0 1 0 1 0 1 0 0 0 0
400	4	 1 1 1 1 0 1 0 0 1 1 0 1 0 1 1 1 0 0 0 1
400	2	 1 1 1 1 0 1 0 0 1 1 1 0 0 1 0 0 0 0 0 0
400	5	 1 1 1 0 0 1 0 0 0 0 1 0 0 1 0 0 0 0 0 0
400	5	 1 1 1 0 0 0 1 0 1 1 1 0 0 1 0 0 0 0 0 0
400	2	 1 1 1 0 0 1 1 0 1 1 1 0 1 1 0 0 0 0 0 0
400	2	 0 1 1 1 0 1 0 1 1 1 1 0 0 1 0 0 0 0 0 0
400	12	 1 1 1 0 1 1 1 0 1 1 1 1 0 0 0 0 0 0 0 0
400	3	 1 1 1 0 0 1 0 0 1 1 0 1 0 0 0 1 1 0 0 0
400	13	 1 1 1 1 0 1 0 1 1 1 1 0 0 1 0 1 0 1 0 0
400	6	 1 1 1 0 0 0 0 0 1 1 1 0 1 1 0 1 0 1 0 0
400	6	 0 1 1 0 0 0 1 0 1 1 1 0 1 0 0 0 0 0 0 0
400	5	 0 1 1 0 0 0 0 1 1 1 1 1 0 1 0 1 0 0 0 0
400	4	 1 1 1 0 0 1 0 1 1 1 1 0 0 0 0 1 0 0 1 0
400	1	 1 1 1 0 0 0 0 0 1 1 1 1 1 0 0 0 0 0 0 0
400	2	 1 1 1 0 0 1 0 0 1 1 1 0 0 1 0 0 0 0 1 0
400	2	 1 1 1 1 0 1 0 0 1 1 1 1 0 0 0 0 0 0 0 0
400	8	 1 1 1 0 0 0 1 0 1 1 0 0 1 0 0 0 0 0 0 0
400	1	 1 1 1 0 0 0 0 0 1 1 0 0 1 1 0 0 0 0 0 0
400	9	 1 1 1 1 0 1 0 1 1 1 0 1 0 1 0 1 0 0 0 0
400	6	 1 1 1 1 0 0 0 1 1 1 1 1 0 1 0 1 0 0 0 0
400	4	 1 1 1 1 0 0 1 0 1 1 1 0 0 0 1 0 1 0 0 0
400	10	 1 0 1 0 0 1 0 1 1 1 1 0 0 0 0 0 0 0 0 1
400	3	 0 1 1 0 0 1 0 0 1 0 1 0 0 1 0 0 0 0 0 0
400	9	 1 1 1 1 0 1 1 0 0 1 1 0 1 0 1 0 0 0 0 0
400	2	 1 1 1 1 0 0 1 0 1 1 1 0 1 0 0 0 0 1 1 0
400	2	 1 1 1 0 1 1 1 0 1 0 1 0 0 1 0 0 0 0 0 0
400	3	 1 1 1 1 0 1 0 1 1 1 1 0 0 1 0 0 0 1 1 0
400	2	 1 1 1 0 1 1 1 0 1 1 1 0 1 0 0 0 0 0 0 0
400	7	 1 1 1 1 0 1 1 0 1 1 1 0 1 0 0 0 0 0 0 0
400	4	 1 1 1 0 1 1 1 0 1 1 0 0 0 1 0 0 0 0 0 0
400	3	 1 1 0 0 1 1 0 0 1 1 1 1 0 1 0 1 0 0 0 0
400	3	 1 1 1 1 0 1 0 1 1 1 1 0 0 1 0 1 0 0 0 0
400	3	 1 1 1 0 0 0 1 0 1 1 1 0 1 0 0 0 0 1 1 0
400	1	 1 1 1 1 0 1 1 0 1 1 1 1 0 1 0 0 0 0 0 1
400	8	 1 1 1 1 1 1 1 0 1 1 1 0 0 1 0 0 0 0 0 1
400	2	 1 1 1 0 0 1 0 0 1 1 1 0 1 1 0 0 0 0 0 0
400	1	 1 1 1 0 0 1 0 1 1 1 1 0 0 1 0 0 0 0 0 0
400	2	 1 0 1 0 0 1 0 1 1 1 1 1 0 1 0 1 0 0 0 0
400	1	 1 1 1 0 1 1 1 0 1 1 0 0 1 0 0 0 0 0 0 0
400	3	 1 1 1 0 0 1 0 0 1 1 1 0 1 0 0 0 0 1 0 0
400	2	 1 1 1 0 0 1 0 0 1 1 1 0 0 0 0 0 1 0 0 0
400	1	 1 1 1 1 0 0 1 0 1 1 1 0 1 0 0 0 0 0 0 0
400	1	 1 1 1 0 0 0 1 0 1 1 1 0 1 1 0 0 0 0 0 0
400	2	 1 1 1 0 1 0 1 0 1 1 1 0 0 1 0 0 0 0 0 0
400	5	 1 0 1 0 0 1 1 0 1 1 0 1 0 0 0 1 0 0 0 0
400	4	 1 1 1 0 1 0 1 0 1 1 1 0 0 0 0 0 0 1 0 0
400	1	 1 0 1 0 0 1 0 0 1 1 1 0 0 0 0 0 0 0 0 1
400	1	 1 1 1 0 0 1 1 0 1 1 0 1 1 0 0 1 0 0 0 0
400	1	 1 1 1 1 0 1 0 1 1 1 1 1 1 0 0 0 0 0 0 0
400	2	 1 1 1 0 0 0 1 0 1 1 1 0 0 0 0 0 0 0 0 0
400	1	 1 1 1 0 0 1 0 1 1 1 1 1 0 1 0 1 0 0 0 0
400	1	 1 1 1 0 0 0 1 0 1 1 1 1 0 0 0 0 0 0 0 0
400	1	 1 1 1 0 0 0 0 0 1 1 1 0 1 0 0 0 1 0 0 0
400	1	 1 1 1 0 0 0 0 0 0 1 1 0 1 0 0 0 0 0 0 0
400	1	 1 1 1 0 0 1 1 0 1 1 1 0 1 0 0 0 0 0 0 0
400	2	 1 1 1 0 0 1 0 0 1 1 0 0 0 0 0 0 0 0 0 0
400	2	 1 1 1 0 0 0 0 1 1 1 1 1 0 1 0 0 0 0 0 0
400	1	 1 1 1 1 0 1 0 1 1 1 1 0 0 1 0 0 0 0 1 0
400	1	 1 1 1 1 0 1 0 1 1 1 1 1 0 1 0 1 0 1 1 0
400	2	 1 1 1 0 0 1 0 1 0 1 0 0 1 0 0 0 0 0 0 0
400	2	 1 1 1 0 0 0 0 0 1 1 1 0 0 1 0 1 0 1 0 0
590	36	 1 1 1 1 0 1 0 0 1 1 1 0 0 1 0 0 0 0 0 0
590	1	 1 1 0 1 0 0 0 0 1 1 1 0 0 1 0 0 0 0 0 0
590	8	 1 1 1 1 0 0 0 0 1 1 1 0 1 1 1 0 0 0 0 0
590	6	 1 1 1 0 0 1 0 1 0 1 1 0 1 1 0 0 0 0 0 0
590	21	 1 1 0 0 0 0 0 1 1 0 0 0 0 1 0 1 0 0 0 0
590	11	 1 1 1 0 0 0 0 0 1 1 1 1 0 1 0 1 0 0 0 0
590	24	 1 1 1 0 0 0 0 1 1 1 0 1 0 1 0 1 0 0 0 1
590	8	 1 1 1 0 0 0 1 1 1 1 1 0 1 1 0 0 0 0 0 0
590	8	 1 1 1 0 0 0 0 0 1 1 1 0 1 0 0 1 0 0 0 0
590	28	 1 1 1 0 0 0 0 1 1 0 0 1 0 1 0 1 0 0 0 0
590	44	 1 1 1 1 1 1 0 1 1 0 0 1 1 1 1 1 0 0 0 0
590	3	 1 1 1 1 0 1 0 0 1 1 1 1 1 1 1 0 0 0 1 0
590	12	 1 1 1 0 0 1 0 1 0 1 0 0 1 1 0 0 0 0 0 0
590	5	 1 1 1 1 1 1 0 1 0 0 0 1 1 1 1 1 0 0 0 0
590	13	 1 1 1 1 0 0 1 0 1 1 1 1 0 1 0 1 1 0 0 0
590	1	 1 1 1 1 0 0 0 1 0 0 0 1 0 1 0 1 0 0 0 0
590	1	 1 1 1 1 0 1 0 1 1 1 0 1 0 1 1 1 0 0 0 0
590	11	 1 1 1 1 0 1 0 0 1 1 1 0 1 1 0 0 0 0 0 0
590	8	 1 1 1 0 0 0 1 1 1 0 1 1 0 1 0 1 0 0 0 1
590	3	 0 1 1 0 0 0 1 1 1 1 1 0 1 1 0 0 0 0 0 0
590	28	 1 1 1 1 1 1 0 1 0 0 0 1 1 1 1 0 0 0 0 0
590	22	 1 1 1 1 0 0 0 1 1 1 0 1 0 1 0 1 0 0 0 0
590	6	 1 1 1 0 0 0 1 1 1 1 1 0 0 1 1 1 0 0 0 0
590	11	 1 0 1 0 0 0 1 1 1 1 1 0 1 1 0 0 0 0 0 0
590	35	 1 1 1 1 0 1 0 0 1 1 1 0 0 1 1 0 0 0 0 0
590	3	 1 1 1 0 0 0 1 1 1 1 1 1 1 0 1 1 0 0 0 0
590	2	 0 1 1 1 0 0 0 1 0 0 0 1 0 1 0 1 0 0 0 0
590	8	 1 1 1 0 0 0 0 1 1 0 0 1 1 1 0 1 0 0 0 0
590	11	 1 1 1 0 0 1 0 1 0 1 1 0 1 0 0 0 0 0 0 0
590	40	 1 1 1 1 1 1 0 0 1 1 1 0 0 1 0 1 0 0 0 0
590	31	 1 1 1 1 0 1 0 0 1 1 1 1 1 1 0 0 0 0 0 0
590	1	 1 1 0 0 0 0 0 1 1 0 0 1 0 1 0 1 0 0 0 0
590	6	 1 1 1 1 0 1 0 1 1 1 1 1 1 0 1 1 0 0 0 0
590	1	 0 1 1 0 0 0 1 1 1 1 1 0 0 1 0 0 0 0 0 0
590	4	 1 1 1 0 0 1 0 1 0 0 1 0 1 1 0 0 0 0 0 0
590	8	 1 0 1 0 0 0 1 0 1 1 1 0 1 1 0 0 0 0 0 0
590	11	 1 1 1 0 0 0 1 1 1 0 1 1 0 0 0 1 0 0 0 0
590	34	 1 1 0 1 0 1 0 0 1 1 1 0 0 1 0 0 0 0 0 0
590	4	 1 1 1 0 0 0 0 0 1 0 0 1 0 0 1 1 0 0 0 0
590	10	 1 1 1 1 0 0 0 1 1 0 0 0 0 1 0 1 0 0 0 0
590	12	 1 1 1 1 0 0 0 0 1 1 1 0 0 1 1 1 0 0 0 1
590	11	 1 1 1 1 0 1 0 0 0 0 1 1 1 0 1 1 0 0 0 0
590	1	 1 0 1 0 0 0 1 0 1 1 1 0 0 1 0 1 0 0 0 1
590	2	 1 1 0 0 0 0 1 1 1 0 1 1 0 1 0 0 1 0 0 0
590	9	 1 1 1 0 0 1 0 1 1 1 1 0 0 0 0 0 0 0 0 0
590	15	 1 1 1 0 0 1 0 1 0 0 1 0 1 0 0 0 0 0 0 0
590	7	 1 1 1 1 1 1 0 1 0 0 1 1 0 1 1 0 0 0 0 0
590	4	 0 1 0 0 0 0 0 1 1 0 0 0 1 1 0 1 0 0 0 0
590	16	 1 1 1 0 0 0 0 0 1 0 0 1 0 0 0 1 0 0 0 0
590	2	 1 1 1 1 0 0 0 1 1 0 0 1 0 1 0 1 0 0 0 0
590	1	 1 1 1 1 0 1 0 0 1 1 1 0 1 1 1 0 0 0 0 0
590	8	 0 1 1 1 0 0 1 1 1 1 1 0 0 1 0 0 0 0 0 0
590	14	 1 1 1 1 0 0 0 0 1 1 1 0 0 1 0 0 0 0 0 0
590	1	 1 1 0 0 0 0 1 1 1 0 1 1 0 1 0 1 0 0 0 1
590	7	 1 1 1 0 0 0 1 1 1 1 0 1 1 0 1 1 0 0 0 0
590	15	 1 1 1 1 1 1 0 1 1 1 1 1 1 0 1 1 0 0 0 0
590	27	 1 1 1 1 0 0 1 0 1 1 1 1 0 1 0 1 0 0 1 0
590	7	 1 1 1 1 0 1 0 0 1 1 1 0 0 1 0 1 0 0 0 0
590	5	 1 1 1 0 0 0 0 1 1 1 0 1 0 1 0 1 0 0 1 1
590	9	 1 0 1 1 0 1 0 1 1 1 1 1 1 0 1 1 0 0 0 0
590	7	 1 1 1 1 1 0 0 1 1 1 0 1 0 1 0 1 0 0 0 1
590	6	 1 1 1 0 0 0 1 0 1 1 1 1 0 1 0 1 0 0 0 1
590	6	 0 1 1 1 0 1 0 0 1 1 1 0 1 1 0 0 0 0 0 0
590	10	 1 0 1 0 0 1 0 1 0 0 1 0 1 1 0 0 0 0 0 0
590	1	 1 1 1 0 1 0 0 1 1 0 0 1 1 1 0 1 0 0 0 0
590	5	 1 1 1 1 0 1 0 1 1 1 1 1 1 0 1 1 0 0 0 1
590	7	 0 1 1 0 0 0 0 0 1 1 1 0 0 1 0 1 0 0 0 0
590	7	 1 1 1 0 0 0 0 0 1 0 0 1 1 1 1 1 0 0 0 0
590	9	 1 1 1 0 0 0 1 1 1 1 1 0 0 1 0 0 0 0 0 0
590	11	 1 1 1 0 0 0 0 0 1 0 0 1 1 0 0 1 0 0 0 0
590	1	 1 1 1 0 1 0 0 1 1 1 0 1 0 1 0 1 0 0 0 1
590	2	 1 1 1 0 0 0 0 1 1 1 1 1 1 0 1 1 0 0 0 0
590	8	 1 1 1 0 0 0 0 0 1 0 0 0 0 0 0 1 0 0 0 0
590	1	 0 1 1 0 0 0 0 1 1 1 0 1 0 1 0 1 0 0 1 1
590	1	 1 1 1 1 0 0 1 0 1 1 1 1 0 1 0 0 1 0 1 1
590	2	 1 1 1 0 0 0 0 0 1 1 1 0 0 0 0 0 0 0 0 0
590	1	 1 1 1 1 0 1 0 1 1 1 1 0 0 1 0 0 0 0 0 0
590	4	 1 1 1 1 0 1 0 0 1 1 1 0 0 0 0 0 0 0 0 0
590	2	 1 1 1 1 0 1 0 0 1 0 1 0 0 1 0 0 0 0 0 0
590	13	 1 1 1 1 1 1 0 0 1 1 1 0 0 1 0 0 0 0 0 0
590	4	 0 1 0 0 0 0 0 1 1 0 0 1 1 1 0 1 0 0 0 0
590	4	 1 0 1 0 0 0 0 0 1 0 0 1 0 0 1 1 0 0 0 1
590	10	 1 1 1 1 0 0 1 0 1 1 1 1 0 1 0 1 0 0 1 1
590	1	 1 1 0 1 0 1 1 1 1 0 1 0 0 0 0 1 0 0 0 0
590	4	 1 1 1 0 0 0 0 1 1 0 0 0 0 1 0 0 0 0 0 0
590	7	 1 1 1 1 1 1 0 1 1 0 0 1 0 1 0 1 0 0 0 0
590	4	 1 1 1 1 0 0 0 1 1 0 0 0 0 1 0 1 0 0 0 1
590	3	 1 1 0 1 0 0 0 0 1 0 0 1 0 1 0 1 0 0 0 0
590	2	 1 1 1 1 1 1 0 1 1 0 0 1 1 1 0 1 0 0 0 0
590	4	 1 1 1 0 0 1 0 1 0 1 1 0 1 0 0 0 0 0 1 1
590	14	 0 1 1 1 0 0 1 1 1 1 1 1 0 1 0 1 0 0 0 1
590	9	 1 1 1 1 1 1 0 0 1 0 0 1 1 1 1 1 0 0 0 0
590	4	 1 1 1 1 1 1 0 1 0 0 0 1 1 1 1 1 1 0 0 0
590	4	 1 1 1 1 0 1 0 0 1 1 1 0 1 1 1 0 0 1 0 0
590	7	 1 1 1 0 0 0 1 1 1 0 1 1 0 1 0 1 0 0 0 0
590	2	 0 1 1 0 0 0 1 0 1 0 0 1 1 0 1 1 0 0 0 0
590	8	 1 1 1 1 0 0 1 0 1 1 1 0 1 1 1 0 0 0 0 0
590	3	 1 1 1 1 0 1 1 1 1 0 0 0 0 0 0 1 0 0 0 0
590	6	 1 1 0 0 0 0 1 1 1 0 1 1 0 1 0 1 1 0 0 0
590	5	 0 1 0 1 0 0 1 1 1 1 1 0 0 1 0 0 0 0 0 0
590	2	 1 1 1 1 0 1 0 0 1 1 1 0 0 1 1 1 0 0 0 1
590	4	 1 1 1 1 0 1 0 0 1 1 1 1 0 1 0 1 1 0 0 0
590	2	 1 1 1 1 0 1 0 0 1 1 0 1 1 1 1 1 0 0 0 0
590	2	 0 1 1 0 0 0 0 1 1 0 0 0 1 1 0 1 0 0 0 0
590	2	 1 1 1 1 0 1 0 0 1 1 1 0 1 0 0 1 0 0 0 0
590	3	 1 1 1 0 0 1 0 0 0 1 1 0 1 1 0 0 0 0 0 0
590	2	 1 1 1 1 1 1 1 1 0 0 0 1 1 1 1 0 0 0 0 0
590	4	 1 1 1 1 1 1 0 0 1 1 1 0 0 1 1 1 0 0 0 0
590	2	 1 1 0 1 0 1 0 0 1 1 1 0 0 1 0 0 1 0 0 0
590	1	 1 1 1 0 0 0 0 1 1 1 0 1 0 1 0 1 0 0 0 0
590	6	 1 1 1 0 0 0 0 1 1 1 0 1 0 1 0 1 0 0 1 0
590	9	 1 1 1 1 0 1 0 1 1 0 0 1 0 1 0 1 0 0 0 0
590	1	 1 1 0 0 0 0 0 1 1 0 0 0 0 1 0 0 0 0 0 0
590	1	 1 1 1 0 0 0 1 1 1 1 1 0 0 1 1 1 0 0 1 0
590	1	 0 1 1 1 0 0 1 1 1 1 1 0 0 1 0 0 0 0 1 0
590	3	 1 1 1 0 0 0 1 1 1 1 1 1 1 1 0 0 0 0 0 0
590	2	 1 1 1 1 1 1 0 0 1 1 1 0 0 1 0 1 0 0 0 1
590	2	 1 1 0 1 0 1 0 0 1 1 1 0 0 1 0 1 0 0 0 0
590	4	 1 1 1 0 0 0 0 0 1 0 0 1 1 1 0 0 0 0 0 0
590	2	 1 1 1 1 1 1 0 0 1 0 0 1 1 1 1 1 0 0 0 1
590	4	 1 1 1 0 0 0 0 1 1 1 1 1 0 1 0 1 0 0 0 0
590	2	 1 1 1 0 0 0 1 0 1 1 1 1 0 1 0 1 0 0 0 0
590	2	 1 1 1 0 0 0 0 1 1 1 0 0 0 1 0 1 0 0 0 1
590	1	 1 1 1 1 1 0 0 1 0 0 0 1 1 1 1 1 0 0 0 0
590	2	 1 1 1 1 1 1 0 1 0 0 0 1 1 1 1 0 1 0 0 0
590	2	 0 1 1 1 0 0 0 1 0 0 0 1 0 1 0 1 1 0 0 0
590	2	 1 0 1 0 0 0 1 0 1 1 1 0 1 1 0 1 0 0 0 1
590	1	 1 0 0 1 0 1 0 0 1 1 1 0 0 1 0 1 0 0 0 0
590	1	 1 1 0 1 0 0 0 0 1 1 1 0 0 1 0 0 0 0 1 0
590	2	 1 1 1 0 0 0 0 1 1 0 0 0 0 1 1 1 0 0 0 1
590	2	 1 1 0 1 0 1 0 0 1 1 1 0 0 1 1 1 0 0 0 0
590	1	 1 1 1 1 0 0 0 0 1 0 0 1 0 0 0 1 0 0 0 0
590	2	 1 1 1 0 0 0 1 1 1 1 0 1 0 1 0 1 0 0 0 1
590	4	 1 1 1 1 0 1 0 0 1 1 0 1 1 1 1 0 0 0 1 0
590	1	 1 1 1 1 0 1 0 0 1 1 1 0 1 1 0 0 0 1 0 0
590	1	 1 1 1 1 0 0 0 0 1 1 1 0 1 1 0 0 0 0 0 0
590	1	 1 1 1 0 0 1 0 0 1 1 1 0 1 1 0 0 0 0 0 0
590	1	 1 1 1 0 0 1 0 0 1 0 0 1 0 0 0 1 0 0 0 0
590	2	 1 1 1 0 0 0 1 0 1 0 0 1 0 0 0 1 0 0 0 0
590	1	 1 1 1 1 0 1 0 0 1 1 0 0 1 1 1 0 0 0 0 0
720	50	 1 1 1 1 0 0 1 0 1 0 0 1 0 0 0 1 0 0 0 0
720	75	 1 1 1 1 0 1 0 1 0 0 1 0 1 0 0 1 0 0 0 0
720	17	 1 1 1 1 0 0 0 1 1 0 0 1 0 1 0 1 0 0 0 0
720	51	 1 1 1 1 0 1 0 1 1 0 0 1 0 0 0 1 0 0 0 0
720	8	 1 1 1 1 0 0 0 1 0 0 0 1 1 1 0 1 0 0 0 0
720	1	 1 1 1 1 1 0 0 0 1 0 0 1 1 1 0 0 0 0 0 0
720	34	 1 1 1 1 1 1 0 1 1 0 0 0 1 1 1 1 0 0 0 0
720	3	 1 1 1 1 1 1 0 1 1 0 0 1 0 0 0 1 0 0 0 0
720	2	 1 1 1 1 1 1 0 0 1 0 0 1 1 1 0 0 0 0 0 0
720	36	 1 1 1 1 1 1 0 1 0 0 0 0 1 0 0 1 0 0 0 0
720	1	 1 1 1 1 0 0 0 0 1 1 0 1 1 1 0 0 0 0 0 0
720	9	 1 1 1 1 0 1 0 1 1 0 0 1 0 1 0 0 0 0 0 0
720	11	 1 1 1 1 1 1 0 0 1 0 0 1 1 1 0 0 0 1 0 0
720	27	 1 1 1 1 0 0 1 0 1 0 1 0 0 0 1 0 0 0 0 0
720	1	 1 1 1 1 0 0 0 1 0 1 1 0 1 0 0 1 0 0 0 0
720	12	 1 1 1 1 0 1 0 1 1 0 0 1 0 0 0 0 0 0 0 0
720	2	 1 1 1 1 0 0 1 0 1 0 0 1 1 1 0 1 0 0 0 0
720	11	 1 1 1 1 0 1 0 0 1 0 0 1 0 1 0 1 0 0 0 0
720	10	 0 1 1 0 1 1 0 1 0 0 0 0 1 1 1 0 0 0 1 0
720	9	 1 1 1 1 0 1 0 1 1 0 0 1 0 0 0 1 1 0 0 0
720	8	 0 1 1 1 1 1 0 1 1 0 1 0 0 0 1 0 0 0 0 0
720	1	 1 1 1 1 0 1 0 1 1 0 0 1 1 1 0 0 0 0 0 0
720	33	 1 1 1 1 0 0 0 0 1 0 0 1 1 1 0 0 0 0 0 0
720	10	 1 1 1 1 0 1 0 1 1 0 0 0 0 1 0 0 0 0 1 0
720	26	 1 1 1 1 0 0 0 1 0 0 1 0 1 0 0 1 0 0 0 0
720	3	 1 0 1 1 0 0 0 1 1 0 0 1 0 0 0 0 0 0 0 0
720	4	 1 1 1 1 0 1 0 1 1 0 0 0 0 1 0 0 0 0 0 0
720	2	 1 1 1 1 0 1 0 0 1 0 0 1 0 1 1 1 0 0 0 0
720	7	 1 1 1 1 1 1 0 1 0 1 0 0 1 0 0 1 0 0 0 0
720	4	 1 1 1 1 0 1 0 1 1 0 0 0 0 1 0 1 0 0 1 0
720	2	 1 1 1 1 1 0 0 0 1 1 1 0 0 1 0 0 1 0 0 0
720	7	 1 1 1 1 1 1 1 1 0 1 0 0 1 0 0 1 0 0 0 0
720	7	 1 1 1 1 0 1 0 1 0 0 1 0 1 0 0 1 0 1 0 0
720	4	 1 1 1 1 1 1 0 1 0 0 0 0 1 0 0 1 1 0 0 0
720	29	 1 1 0 1 0 0 1 0 1 0 0 1 0 1 0 1 0 0 0 0
720	2	 1 1 1 1 0 1 0 0 1 0 0 0 1 1 1 1 0 0 0 0
720	4	 1 1 1 1 0 0 0 1 0 1 0 1 0 1 0 1 0 0 0 0
720	8	 1 1 1 1 0 1 0 1 1 0 0 1 0 1 0 1 1 0 0 0
720	14	 1 1 1 1 0 1 0 1 1 1 1 0 1 0 0 0 0 0 0 0
720	2	 1 1 1 1 1 1 0 0 1 0 0 1 0 1 0 1 0 0 0 0
720	12	 1 1 1 1 0 1 0 1 1 1 0 0 1 0 0 1 0 0 0 0
720	1	 1 1 1 1 1 1 0 0 1 0 0 1 1 1 0 1 0 0 0 0
720	6	 1 1 1 1 0 0 0 0 0 1 1 0 1 0 0 1 0 0 0 0
720	12	 1 1 1 0 0 1 1 1 1 1 0 1 1 0 1 1 0 0 0 1
720	8	 1 1 1 1 0 1 0 1 1 1 0 0 0 1 0 0 0 0 1 0
720	1	 1 1 1 1 0 1 0 1 1 0 0 1 1 0 0 1 0 0 0 0
720	36	 1 1 0 1 0 1 0 0 1 0 0 1 0 1 0 1 0 0 0 0
720	9	 1 1 1 1 0 0 1 1 1 0 0 1 1 1 0 1 0 0 0 0
720	2	 1 1 1 1 0 0 0 0 1 1 1 0 0 1 1 1 1 0 0 0
720	2	 1 1 1 1 0 0 0 1 1 0 0 0 0 1 0 0 0 0 1 0
720	3	 1 1 1 1 1 1 0 1 0 0 1 0 1 0 0 1 0 0 0 0
720	8	 0 1 1 1 1 1 0 1 0 0 0 1 0 0 0 1 1 0 0 0
720	20	 0 1 1 1 0 1 0 0 1 0 0 1 0 1 0 1 0 0 0 0
720	5	 1 1 1 0 0 0 1 0 1 0 0 1 1 1 0 1 0 0 0 0
720	16	 1 1 0 1 1 1 0 1 1 0 0 1 0 0 0 1 1 0 1 0
720	2	 0 1 1 1 1 1 0 1 0 0 0 1 1 1 0 0 0 0 0 0
720	9	 1 1 1 1 0 1 0 1 0 0 0 0 1 0 0 1 0 0 0 0
720	5	 1 1 1 1 0 0 0 0 1 0 0 1 0 1 1 1 0 0 0 0
720	3	 1 1 1 0 0 0 1 0 1 0 0 0 0 0 0 1 1 0 0 0
720	2	 0 1 1 0 1 1 0 1 0 0 0 0 1 1 1 0 1 0 1 0
720	4	 1 1 1 1 0 0 0 1 1 0 0 1 0 0 1 1 0 0 0 0
720	2	 1 1 1 1 0 0 0 1 0 0 1 1 0 1 1 1 0 0 0 0
720	6	 0 1 1 1 0 1 0 1 1 0 0 1 1 1 0 0 0 0 0 0
720	1	 1 0 1 1 0 0 1 0 0 0 0 1 0 0 0 0 0 0 0 0
720	8	 1 1 1 1 0 1 0 1 1 0 0 1 0 1 1 1 0 0 0 0
720	5	 0 1 1 1 1 1 0 1 0 0 1 0 1 0 0 1 0 0 0 0
720	5	 1 1 1 1 1 0 1 1 0 0 0 1 1 1 0 0 0 0 0 0
720	12	 1 1 1 1 0 1 0 1 0 0 0 0 0 1 0 0 0 0 0 0
720	2	 1 1 1 1 1 1 0 1 0 1 0 0 0 1 0 0 0 0 1 0
720	1	 1 1 1 1 0 1 1 0 1 0 0 1 1 1 0 1 0 0 0 0
720	12	 1 1 1 1 0 0 0 0 1 0 0 1 0 1 0 1 0 0 0 0
720	4	 1 1 1 0 1 1 0 1 1 0 0 0 1 1 1 1 0 0 0 0
720	3	 1 1 1 1 1 1 0 0 0 0 0 1 1 1 0 0 0 0 0 0
720	9	 1 1 1 1 0 1 0 1 0 1 1 0 1 0 0 1 0 0 0 1
720	2	 1 1 0 1 0 0 1 1 1 0 0 1 1 1 0 1 0 0 0 0
720	6	 1 1 0 1 1 1 0 1 1 0 0 1 0 1 0 1 1 0 1 0
720	9	 1 1 1 1 0 0 1 1 1 0 0 1 0 1 0 1 0 0 0 0
720	1	 1 1 0 0 0 1 0 0 1 0 0 1 0 1 0 1 0 0 0 0
720	9	 1 1 1 1 0 1 0 1 0 0 0 0 1 0 0 1 1 0 0 0
720	5	 1 1 1 1 0 0 0 1 0 1 0 1 1 0 1 1 0 0 0 1
720	2	 0 1 1 0 1 1 0 1 0 0 0 0 1 0 0 1 0 0 0 0
720	2	 1 1 1 1 0 1 0 0 1 0 1 1 0 1 0 1 0 0 0 0
720	3	 1 1 1 1 1 1 0 0 1 0 0 1 0 0 0 1 0 0 0 0
720	3	 0 1 1 0 0 1 1 1 1 1 0 1 1 0 1 1 0 0 0 1
720	5	 1 1 1 1 0 0 1 1 1 1 0 1 0 1 0 0 0 0 0 0
720	11	 1 1 1 1 0 1 0 0 1 0 0 1 1 1 0 0 0 0 0 0
720	1	 1 1 1 0 0 1 1 1 1 1 0 1 1 0 1 1 0 0 0 0
720	11	 1 1 1 1 0 1 0 1 0 0 0 0 0 1 0 1 0 0 0 0
720	4	 0 1 1 0 1 1 0 1 0 0 0 0 1 1 1 0 0 0 0 0
720	2	 1 1 1 1 0 1 1 1 0 1 0 1 1 0 1 1 0 0 0 1
720	5	 1 1 0 1 0 0 1 0 1 1 0 1 0 1 0 1 0 0 0 0
720	1	 1 0 1 1 0 1 0 1 1 1 0 0 0 1 0 0 0 0 1 0
720	3	 1 1 1 1 0 1 0 0 1 0 1 0 0 1 0 0 0 0 1 0
720	7	 1 1 1 1 0 1 0 0 0 0 0 0 1 0 0 1 0 0 0 0
720	2	 1 1 0 1 0 0 0 0 0 0 1 0 1 0 0 1 0 0 0 0
720	1	 1 1 1 1 0 1 0 1 0 0 0 0 0 1 0 0 1 0 0 0
720	2	 1 1 0 1 1 1 0 1 1 0 0 1 0 1 0 1 0 0 0 0
720	3	 1 1 1 1 0 0 0 1 0 1 0 1 0 1 0 0 0 0 0 0
720	2	 0 1 1 1 0 0 1 0 1 0 0 1 0 0 0 1 0 0 0 0
720	3	 1 1 1 1 0 1 0 1 0 0 1 1 1 0 0 1 0 0 0 0
720	3	 1 1 1 1 0 0 0 0 1 1 1 0 1 0 0 1 0 0 0 0
720	5	 1 1 1 1 0 1 0 1 1 1 0 1 0 1 0 0 0 0 1 0
720	2	 1 0 1 1 0 1 0 0 1 0 0 1 1 1 0 1 0 0 0 0
720	2	 1 0 1 1 0 1 0 0 1 0 1 1 0 1 0 1 0 0 0 0
720	7	 1 1 1 1 0 1 0 1 1 0 0 0 1 1 0 0 0 0 0 0
720	2	 1 1 1 1 0 0 1 1 1 1 1 0 1 0 0 1 0 0 0 1
720	2	 1 1 1 1 0 0 0 0 1 0 0 0 1 0 0 1 0 0 0 0
720	1	 1 1 0 1 0 0 0 0 0 0 0 0 1 0 0 1 0 0 0 0
720	1	 1 1 0 1 1 1 0 1 1 0 0 1 0 1 0 1 1 0 0 0
720	7	 1 1 1 1 1 1 0 1 0 1 0 0 1 0 0 1 0 0 1 0
720	2	 1 1 0 1 0 1 0 1 1 0 0 0 0 1 0 1 0 0 1 0
720	3	 1 1 1 1 0 1 0 1 0 0 0 0 0 1 0 0 0 0 1 0
720	4	 1 1 1 1 0 0 1 0 1 0 0 1 1 0 0 1 0 0 0 0
720	1	 1 1 1 1 1 1 0 1 1 0 0 0 0 1 0 0 1 0 0 0
720	4	 1 1 1 1 1 1 0 1 1 0 0 1 1 1 0 0 0 0 0 0
720	2	 1 1 1 1 0 0 0 0 1 0 0 1 1 1 0 0 0 1 0 0
720	6	 1 1 0 1 0 0 0 0 1 0 0 1 0 1 0 1 0 0 0 0
720	2	 1 1 0 1 0 1 1 1 1 1 0 1 1 0 1 1 0 0 0 1
720	2	 0 1 1 1 1 1 0 1 1 0 0 1 0 0 0 1 0 0 0 0
720	2	 0 1 1 0 1 1 0 0 1 0 0 1 0 1 0 1 0 0 0 0
720	1	 1 1 1 1 0 1 0 1 0 0 1 0 1 0 1 1 0 0 0 0
720	5	 0 1 1 1 1 1 0 1 1 0 0 0 1 1 1 1 0 0 0 0
720	2	 1 1 1 1 0 0 0 1 0 0 1 0 1 0 0 1 0 1 0 0
720	1	 1 1 1 1 0 0 0 1 1 0 0 1 0 0 0 0 0 0 0 0
720	1	 1 1 1 1 0 1 0 1 1 1 0 0 0 1 0 0 0 0 0 0
720	4	 1 1 1 0 0 1 1 1 1 1 0 1 1 0 1 1 1 0 0 1
720	2	 1 1 0 1 0 1 0 0 1 0 0 1 0 1 0 1 1 0 0 0
720	1	 1 1 0 1 0 1 0 0 1 0 0 1 1 1 0 1 0 0 0 0
720	3	 0 1 1 1 0 1 0 0 1 0 0 1 0 1 0 1 0 0 1 0
720	3	 1 1 1 1 0 1 0 0 0 1 0 1 0 1 1 1 0 0 0 0
720	1	 1 1 1 0 0 0 0 0 1 0 0 1 0 1 0 1 0 0 0 0
720	3	 1 1 1 1 0 0 1 1 1 1 0 0 0 1 0 0 0 0 0 0
720	1	 1 1 1 1 0 0 1 0 1 0 0 1 1 1 0 0 0 0 0 0
720	1	 1 1 1 1 0 1 0 1 1 0 0 1 0 0 0 1 0 0 1 0
720	2	 1 1 1 1 0 0 0 0 0 1 1 0 1 0 0 1 0 0 1 0
720	3	 1 1 0 1 1 1 0 0 1 0 0 1 1 1 0 1 0 0 0 0
720	2	 1 1 1 1 0 1 0 0 0 0 1 0 1 0 0 1 0 0 0 0
720	1	 1 0 1 1 0 0 1 0 1 0 1 0 0 0 1 0 0 0 0 0
720	3	 1 1 1 1 0 0 0 0 1 0 0 0 1 1 0 0 0 0 0 0
720	3	 1 1 1 1 0 0 0 1 1 0 1 0 1 0 0 1 0 0 0 0
720	1	 1 1 1 0 0 1 0 1 1 1 1 0 1 0 0 0 0 0 0 0
720	1	 1 1 1 1 0 0 1 0 1 1 1 0 0 1 1 1 1 0 0 0
720	1	 0 1 1 1 1 1 0 1 0 0 0 0 1 1 0 0 0 0 0 0
720	2	 0 0 1 1 1 1 0 1 0 0 0 1 1 1 0 0 0 0 0 0
720	3	 1 1 1 1 1 1 0 0 1 1 0 1 0 0 0 1 0 0 0 0
720	1	 1 1 1 1 1 1 0 1 0 0 0 0 1 0 0 1 0 0 1 0
880	59	 1 1 1 1 0 0 0 1 1 0 0 1 0 1 0 1 0 0 0 0
880	24	 1 1 1 1 0 1 0 0 1 0 0 0 1 1 1 1 0 0 0 0
880	35	 1 1 1 1 0 0 0 1 1 0 0 1 0 0 0 1 0 0 0 0
880	16	 1 1 1 1 0 0 0 1 1 0 0 1 0 1 1 1 0 0 0 0
880	100	 1 1 1 1 1 1 0 1 1 0 0 1 0 1 0 1 0 0 0 0
880	17	 1 1 1 1 1 1 0 1 1 0 0 1 0 1 0 1 0 0 1 0
880	20	 1 1 1 0 1 1 0 1 1 0 0 1 0 1 0 1 0 0 0 0
880	26	 1 1 1 1 0 0 0 1 1 0 0 1 0 1 1 1 1 0 0 0
880	2	 1 1 1 1 0 1 0 1 1 0 0 0 0 0 0 1 1 0 0 0
880	94	 1 1 1 1 0 0 1 1 1 0 0 1 0 1 0 1 0 0 0 0
880	2	 1 1 1 1 1 1 0 1 1 0 0 1 0 0 0 1 0 0 0 0
880	38	 1 1 1 1 0 0 0 1 0 0 0 0 1 1 1 1 0 0 0 0
880	5	 1 1 1 1 0 0 0 1 1 0 0 1 0 1 0 1 0 1 0 0
880	16	 1 1 1 1 1 1 0 1 1 0 0 1 0 1 0 1 0 1 0 0
880	16	 1 1 1 1 0 0 0 0 1 0 0 1 1 1 0 1 0 0 0 0
880	6	 1 1 1 1 0 0 0 1 0 0 0 1 0 1 0 1 0 0 0 0
880	5	 1 1 1 1 0 0 0 1 1 1 0 1 0 0 0 1 0 0 0 0
880	3	 1 1 1 1 1 0 1 0 1 0 1 0 0 0 0 1 1 0 0 0
880	55	 1 1 0 1 0 0 1 1 1 0 0 1 0 1 0 1 0 0 0 0
880	2	 0 1 1 1 0 0 1 1 1 1 0 1 0 1 0 1 0 0 0 0
880	2	 1 1 1 1 0 0 1 0 1 0 1 0 0 0 1 1 0 0 0 1
880	8	 1 1 1 1 0 1 0 1 1 0 0 0 1 1 1 1 0 0 0 0
880	10	 1 1 1 1 0 0 0 1 1 0 0 1 0 0 0 1 0 1 0 0
880	3	 1 1 1 1 1 1 0 1 1 0 0 1 0 1 0 1 0 1 0 1
880	5	 1 1 1 1 0 0 0 1 1 1 0 1 0 1 1 1 0 0 0 0
880	18	 1 1 0 1 1 1 0 1 1 0 0 1 0 1 0 1 0 0 0 0
880	10	 1 0 1 1 0 0 1 1 1 0 0 1 0 1 0 1 0 0 0 0
880	13	 1 1 0 1 0 0 1 0 1 0 0 0 0 1 1 1 1 0 0 0
880	6	 1 1 1 1 0 0 1 0 1 0 0 0 0 1 0 0 0 0 0 0
880	3	 1 1 0 1 0 1 0 0 1 0 0 0 1 1 1 1 0 0 0 1
880	16	 1 1 1 1 1 1 0 0 1 0 0 1 0 1 0 1 0 0 0 0
880	10	 1 1 0 1 0 0 0 1 0 0 0 0 1 1 1 1 0 0 0 0
880	1	 1 1 1 1 1 0 0 1 1 0 0 1 0 1 1 1 0 0 0 0
880	16	 1 1 1 1 0 1 0 1 1 0 0 1 0 1 0 1 0 0 0 0
880	2	 1 1 0 0 1 1 0 1 1 0 0 1 0 1 0 1 0 0 0 0
880	41	 1 1 1 1 0 0 0 0 1 0 0 1 1 1 1 1 0 0 0 0
880	3	 1 1 1 0 1 1 0 1 1 0 0 0 0 1 0 0 0 0 0 0
880	15	 1 1 1 1 1 1 0 0 1 0 0 0 1 1 1 1 0 0 0 0
880	1	 1 1 1 1 1 1 0 1 1 1 0 1 0 1 0 1 0 0 0 0
880	6	 1 1 1 1 1 1 0 1 1 0 0 1 0 0 0 1 0 0 0 1
880	7	 1 1 1 1 0 0 1 1 0 0 0 1 0 1 1 1 0 0 0 0
880	4	 1 1 1 1 1 1 0 1 1 0 0 1 0 1 0 1 0 0 0 1
880	10	 1 1 1 1 0 0 0 1 1 0 0 1 1 1 0 1 0 0 0 0
880	2	 0 1 1 1 0 0 0 1 1 1 0 1 0 1 1 1 0 0 0 0
880	13	 1 1 1 1 0 0 0 0 1 0 0 1 0 0 0 1 0 0 0 0
880	8	 1 1 0 1 0 0 1 1 1 0 0 1 1 1 1 1 0 0 0 0
880	1	 1 1 1 1 0 1 0 0 1 0 0 0 0 1 0 1 0 0 1 0
880	9	 1 0 1 1 0 0 0 1 1 0 0 1 0 1 0 1 0 0 0 0
880	2	 1 1 1 1 0 0 0 1 1 0 0 0 0 1 1 1 0 0 0 0
880	2	 1 1 0 1 1 1 1 1 1 0 0 1 0 1 0 1 0 0 0 0
880	1	 0 1 1 1 0 1 0 1 1 0 0 1 0 1 0 1 0 0 0 0
880	3	 1 1 1 1 1 1 0 1 0 0 0 0 1 1 1 1 0 0 0 0
880	8	 1 1 1 1 0 0 0 1 1 0 0 0 0 1 1 1 0 0 0 1
880	5	 1 1 1 1 0 1 0 1 1 0 1 0 0 0 0 1 1 0 0 0
880	3	 1 1 1 1 0 1 0 1 0 0 0 0 1 1 1 1 0 0 0 0
880	2	 1 1 1 1 0 1 0 0 1 0 0 0 0 1 0 1 0 0 0 0
880	3	 1 1 0 1 0 1 0 0 1 0 0 0 1 1 1 1 0 0 0 0
880	6	 1 1 1 0 1 1 0 0 1 0 0 1 0 1 0 1 0 0 0 0
880	3	 1 0 1 1 0 0 1 1 1 0 0 1 1 1 1 1 0 0 0 0
880	2	 1 1 1 1 0 0 0 0 1 0 0 1 0 1 1 1 0 0 0 0
880	4	 1 1 1 1 1 0 1 0 1 0 1 0 0 1 0 1 0 0 0 0
880	2	 1 1 0 1 1 1 0 1 1 0 0 1 0 1 0 1 0 1 0 0
880	5	 1 1 1 1 1 1 0 1 1 1 0 0 0 1 0 1 0 0 0 0
880	19	 1 1 1 1 0 0 0 1 1 0 0 1 0 1 0 1 0 1 0 1
880	10	 1 1 0 1 1 1 0 1 1 0 0 0 0 1 0 1 0 0 1 0
880	5	 1 1 1 1 1 1 0 1 1 0 0 1 1 1 0 1 0 0 0 0
880	4	 1 1 1 1 0 0 1 1 1 0 0 1 0 1 0 1 0 0 0 1
880	6	 1 1 1 1 1 1 1 1 1 0 0 1 0 1 0 1 0 1 0 0
880	4	 1 1 1 1 0 0 0 0 1 0 1 1 1 1 0 1 0 0 0 0
880	4	 1 1 1 0 0 0 1 1 0 0 0 1 0 1 1 1 0 0 0 0
880	2	 1 1 1 1 1 1 0 0 1 0 0 1 0 1 1 1 0 0 0 0
880	1	 1 1 1 1 0 0 0 1 1 0 1 0 0 0 0 1 1 0 0 0
880	1	 1 1 0 1 0 0 1 1 1 0 0 0 0 1 0 1 0 0 0 0
880	5	 1 0 1 1 0 0 0 1 1 1 0 1 0 1 1 1 0 0 0 0
880	5	 1 1 1 1 0 0 1 1 1 0 0 1 0 1 0 1 0 1 0 0
880	2	 1 1 1 1 1 0 1 0 1 0 1 0 0 1 1 1 0 0 0 0
880	6	 1 1 0 1 0 0 0 0 1 0 0 0 0 1 0 0 0 0 0 0
880	6	 1 1 1 1 0 0 1 1 1 0 0 1 0 1 0 0 0 0 0 0
880	4	 1 1 1 1 0 0 0 1 0 1 0 0 1 1 1 1 0 0 0 0
880	1	 1 1 1 1 0 0 0 1 0 0 0 1 0 1 0 1 0 0 0 1
880	7	 1 1 0 1 0 0 1 0 1 0 0 1 0 1 0 1 0 0 0 0
880	3	 1 1 0 1 0 0 1 1 1 0 0 1 0 1 0 1 0 0 1 0
880	3	 0 1 1 1 1 1 0 1 1 0 0 1 0 1 0 1 0 0 0 1
880	5	 1 0 1 0 1 1 0 0 1 0 0 1 0 1 0 1 0 0 0 0
880	2	 1 1 1 0 0 0 1 1 0 0 0 1 0 1 1 1 0 0 1 0
880	1	 1 1 1 1 1 0 0 1 1 0 0 1 1 1 0 1 0 0 0 0
880	1	 0 1 1 1 0 0 0 1 1 0 0 1 0 1 0 0 0 0 0 0
880	2	 1 1 1 1 0 0 0 1 1 1 0 0 0 1 1 1 0 0 0 0
880	2	 1 1 1 1 1 1 0 0 1 0 1 1 0 1 1 1 0 0 0 0
880	6	 1 1 0 1 0 0 0 1 0 0 0 1 0 1 0 1 0 0 0 1
880	1	 1 1 1 1 1 1 0 1 1 0 0 1 0 1 1 1 0 0 0 0
880	1	 1 1 1 0 1 1 0 0 1 0 0 1 0 1 0 1 1 0 0 0
880	2	 1 1 1 1 1 0 0 1 1 0 0 1 0 0 0 1 0 0 0 0
880	1	 1 1 0 1 0 0 0 1 1 0 0 1 0 0 0 1 0 0 0 0
880	6	 1 0 1 1 0 0 0 1 1 0 0 1 0 0 0 1 0 0 0 0
880	2	 1 1 1 0 1 1 0 1 1 0 0 0 0 0 0 0 0 0 0 0
880	1	 1 1 1 1 0 1 0 0 1 0 0 0 0 0 0 1 0 0 1 0
880	6	 1 1 1 1 0 0 0 1 1 0 0 1 1 1 0 1 0 0 0 1
880	3	 1 1 1 1 0 0 0 1 1 0 0 0 0 1 0 1 0 0 0 0
880	1	 1 1 1 1 1 1 1 1 1 0 0 1 0 1 0 1 0 0 0 0
880	2	 1 1 1 1 0 0 0 0 1 0 0 1 0 1 0 1 0 0 0 0
880	1	 1 1 1 0 0 1 0 1 1 0 0 1 0 1 0 1 0 0 0 0
880	3	 0 1 1 1 1 1 0 1 1 0 0 1 0 0 0 1 0 0 0 0
880	1	 1 1 1 0 0 0 0 1 0 0 0 1 0 1 0 1 0 0 0 0
880	1	 1 1 0 1 1 1 0 1 1 0 0 1 0 1 0 1 0 0 0 1
880	1	 1 1 1 0 0 0 0 0 1 0 0 1 1 1 1 1 0 0 0 0
880	1	 1 1 1 1 0 0 0 1 0 0 0 0 0 1 0 1 1 0 0 0
880	1	 1 1 1 0 1 1 0 0 1 0 0 1 0 1 0 0 1 0 0 0
880	1	 1 1 1 1 0 0 0 1 0 0 0 0 0 0 0 0 0 0 0 0
880	2	 1 1 1 1 0 0 1 1 1 1 0 1 0 1 0 1 0 0 0 0
880	1	 1 1 1 1 0 0 0 0 0 0 0 1 0 1 0 1 0 0 0 0
880	3	 1 1 1 1 0 0 0 1 1 0 0 1 0 1 0 1 0 0 1 0
880	1	 1 1 1 1 1 1 0 1 1 0 0 1 0 1 0 1 0 1 1 0
880	1	 1 1 1 1 0 0 0 0 0 0 0 0 1 1 1 1 0 0 0 0
880	1	 1 1 0 1 0 0 1 1 1 1 0 1 0 1 0 1 0 0 0 0
880	2	 1 1 1 1 0 1 0 0 1 0 0 0 0 0 0 1 0 0 0 0
880	1	 0 1 1 1 0 0 1 1 1 0 0 1 0 1 0 1 0 1 0 0
1000	10	 1 1 1 1 0 0 0 1 1 0 0 1 0 1 0 1 0 0 0 0
1000	5	 1 1 1 1 0 0 0 1 1 0 0 1 0 0 0 1 0 0 0 0
1000	62	 1 1 1 1 1 1 0 1 1 0 0 1 0 1 0 1 0 0 0 0
1000	53	 1 1 1 1 0 0 1 1 1 0 0 1 0 1 0 1 0 0 0 0
1000	20	 1 1 1 1 0 0 0 1 0 0 0 1 0 1 0 1 0 0 0 0
1000	1	 1 1 1 1 0 1 0 0 1 0 0 0 1 0 1 1 0 0 0 0
1000	14	 1 1 1 1 1 1 1 1 1 0 0 1 0 1 0 1 0 0 0 0
1000	36	 1 1 1 1 0 0 0 0 1 0 0 1 0 0 0 1 0 0 0 0
1000	112	 1 1 1 1 0 1 0 1 1 0 0 0 0 1 0 1 0 0 0 0
1000	25	 1 1 1 1 0 0 1 0 1 0 0 1 0 1 0 1 0 0 0 0
1000	11	 1 1 1 1 0 0 0 1 1 0 0 1 1 1 0 1 1 0 0 0
1000	9	 1 1 1 1 0 0 0 0 1 0 0 1 1 1 0 1 0 0 0 0
1000	8	 1 1 1 1 1 0 1 1 1 0 0 1 0 1 0 1 0 0 0 0
1000	6	 1 1 1 1 0 0 1 1 1 0 0 1 1 1 1 1 0 0 0 0
1000	24	 1 1 1 1 0 0 0 0 1 0 0 1 0 1 1 1 1 0 0 0
1000	13	 1 0 1 1 0 0 1 1 1 0 0 1 0 1 0 1 0 0 0 0
1000	4	 1 1 1 1 0 0 0 1 1 0 0 0 1 1 0 1 0 0 0 0
1000	1	 0 1 1 1 0 1 0 1 1 0 0 0 1 1 1 1 1 0 0 0
1000	4	 1 1 1 0 0 0 0 0 1 0 0 0 0 1 0 0 0 0 0 0
1000	48	 1 1 1 1 0 1 0 0 1 0 0 1 1 1 1 1 0 0 0 0
1000	23	 1 1 1 0 0 1 0 0 1 0 0 1 0 1 0 1 0 0 0 0
1000	9	 1 1 1 1 0 1 0 1 1 0 0 1 0 1 0 1 0 0 0 0
1000	17	 1 1 1 1 0 1 0 1 0 0 0 0 0 1 0 1 0 0 0 0
1000	9	 1 1 1 1 0 0 1 0 1 1 0 1 0 1 0 1 0 0 0 0
1000	3	 1 1 1 1 1 1 0 1 1 0 0 0 0 1 0 1 0 0 0 0
1000	1	 0 1 1 0 1 0 0 1 1 0 0 1 0 0 0 1 0 0 0 0
1000	8	 1 1 1 1 0 1 0 1 1 0 0 0 1 1 0 1 0 0 0 0
1000	19	 1 1 1 0 1 0 0 1 1 0 0 1 0 1 0 1 0 0 0 0
1000	1	 1 1 1 1 1 0 1 1 1 0 0 1 0 1 0 0 0 0 0 0
1000	10	 1 1 1 0 0 1 0 0 1 0 0 0 0 1 0 1 0 0 0 1
1000	7	 1 1 1 0 1 0 1 1 0 0 0 0 0 1 0 1 0 0 0 0
1000	21	 1 1 1 1 1 0 1 1 0 0 0 1 0 1 0 1 1 0 0 0
1000	4	 1 0 1 1 0 0 0 1 1 0 0 1 0 1 0 1 0 1 0 0
1000	1	 1 1 1 1 1 1 1 0 1 0 0 1 0 1 1 1 0 0 0 0
1000	11	 1 0 1 1 0 1 0 0 1 0 0 0 1 0 1 1 0 0 0 0
1000	2	 1 1 1 1 0 0 1 1 1 0 0 1 0 1 0 1 0 1 0 0
1000	7	 1 1 0 1 0 0 0 1 1 0 0 1 0 1 0 1 0 0 0 0
1000	2	 1 1 0 1 0 1 0 1 1 0 0 0 0 1 0 1 0 0 0 1
1000	3	 0 1 1 1 0 1 0 1 1 0 0 1 1 1 0 1 1 0 0 0
1000	18	 1 1 1 1 0 1 0 1 1 0 0 0 1 1 1 1 0 0 1 0
1000	13	 1 1 1 1 1 0 1 1 1 0 0 1 0 1 1 1 0 0 0 0
1000	2	 1 1 1 1 1 0 1 1 1 0 0 1 0 0 0 1 0 0 0 0
1000	43	 1 1 1 1 0 0 0 1 1 0 0 1 0 1 0 0 0 0 0 0
1000	8	 1 1 1 1 0 0 0 1 1 1 0 1 0 0 0 1 0 0 0 0
1000	1	 1 1 1 1 1 0 1 1 1 0 0 0 0 1 0 1 0 0 0 0
1000	4	 1 1 1 1 1 1 1 0 1 0 0 1 0 1 1 1 1 0 0 0
1000	2	 1 1 1 1 0 0 0 1 0 1 0 1 0 1 0 1 0 0 0 0
1000	10	 1 1 1 0 1 0 1 1 0 0 0 0 0 1 0 1 1 0 0 0
1000	1	 1 1 1 1 0 0 0 1 0 0 1 0 0 1 0 1 0 0 0 1
1000	1	 1 1 1 1 0 1 1 1 1 0 0 1 0 1 0 1 0 0 0 0
1000	24	 1 1 1 0 1 0 1 1 1 0 0 1 1 1 0 1 0 0 0 0
1000	3	 1 1 0 1 0 1 0 1 1 0 0 0 1 1 0 1 0 0 0 0
1000	7	 0 1 1 1 0 1 0 0 1 0 0 0 1 1 0 1 0 0 0 0
1000	8	 1 1 0 1 1 0 0 1 1 0 0 1 0 1 0 1 0 0 0 0
1000	1	 1 1 1 1 1 1 0 0 1 0 0 1 0 1 0 1 0 0 1 0
1000	5	 1 1 1 0 0 1 0 0 1 0 0 1 0 1 0 1 1 0 0 1
1000	14	 1 1 1 1 0 1 0 1 1 0 0 1 1 1 0 1 0 0 0 0
1000	4	 1 1 1 1 0 0 1 1 1 0 0 1 0 1 1 1 0 0 0 0
1000	5	 1 1 1 0 0 0 0 1 1 0 0 0 1 1 0 1 0 0 0 0
1000	6	 1 1 1 1 0 0 0 1 1 0 0 1 0 1 0 1 1 0 0 0
1000	1	 1 1 1 1 1 0 0 0 1 0 0 1 0 0 0 1 0 0 0 0
1000	3	 1 1 1 1 0 1 0 1 1 0 0 0 0 1 0 1 0 0 0 1
1000	3	 1 1 1 1 0 1 1 0 1 0 0 1 0 1 0 1 0 0 0 0
1000	3	 1 1 1 1 0 0 1 1 1 0 0 1 0 1 0 1 1 0 0 1
1000	9	 1 1 1 1 0 0 0 0 1 0 0 1 0 1 0 1 0 0 0 0
1000	3	 1 0 1 1 0 1 0 1 1 0 0 0 1 1 0 1 0 0 0 0
1000	4	 1 1 1 1 0 0 0 1 1 0 0 1 1 1 0 1 0 0 0 0
1000	10	 1 1 1 0 1 1 0 1 1 0 0 1 0 1 0 1 0 0 0 0
1000	1	 1 1 1 0 1 0 0 1 1 0 0 1 0 1 0 1 1 0 0 0
1000	9	 0 1 1 0 0 0 0 1 1 1 0 0 0 1 1 1 0 0 0 0
1000	14	 1 1 1 1 0 0 0 1 1 0 0 0 1 0 0 1 0 0 0 0
1000	1	 1 1 1 1 0 0 1 1 1 0 0 1 0 1 0 0 0 0 0 0
1000	11	 0 1 1 1 0 1 0 1 1 0 0 0 0 1 0 1 0 0 0 0
1000	3	 1 1 1 1 0 0 0 1 1 0 0 1 1 1 0 1 1 1 0 0
1000	2	 1 1 1 1 0 1 0 0 1 0 0 1 1 1 0 1 0 0 0 0
1000	3	 1 1 0 1 0 1 0 0 1 0 0 0 0 1 0 1 0 0 0 1
1000	3	 1 1 1 1 0 1 0 1 1 0 0 0 0 1 1 1 0 0 1 0
1000	4	 1 1 1 0 1 0 0 1 1 0 0 1 0 1 0 1 1 0 0 1
1000	1	 1 1 1 1 0 1 1 1 1 0 0 1 0 1 0 0 0 0 0 0
1000	1	 1 1 1 1 0 0 0 1 1 0 0 0 1 1 1 1 0 0 1 0
1000	1	 1 1 1 1 0 1 0 0 1 0 0 0 1 1 0 1 0 0 0 0
1000	1	 1 1 0 1 1 0 0 1 0 0 0 1 0 1 0 1 0 0 0 0
1000	12	 1 1 1 1 0 0 0 1 1 0 0 0 0 1 0 1 0 0 0 0
1000	10	 1 0 1 1 0 0 0 0 1 0 0 1 0 1 1 1 1 0 0 0
1000	3	 1 1 0 1 0 1 0 1 1 0 0 0 0 1 0 1 0 1 0 1
1000	1	 0 1 1 1 0 1 0 0 1 0 0 0 0 1 0 1 0 0 0 0
1000	3	 1 1 1 1 0 0 0 1 1 0 0 0 1 1 0 0 0 0 0 0
1000	2	 1 1 1 1 1 1 0 1 1 1 0 1 0 1 0 1 0 0 0 0
1000	5	 1 1 1 1 1 0 1 1 1 0 0 1 0 1 0 1 1 0 0 0
1000	6	 1 0 1 1 1 0 1 1 1 0 0 1 0 1 1 1 0 0 0 0
1000	1	 0 1 0 1 0 1 0 0 1 0 0 0 1 1 0 1 0 0 0 0
1000	6	 1 1 1 1 0 1 0 0 1 0 0 1 0 1 0 0 0 0 0 0
1000	2	 1 1 0 1 0 1 0 0 1 0 0 1 1 1 1 1 0 0 0 0
1000	2	 1 0 1 1 0 0 0 0 1 0 0 0 0 1 0 1 0 0 0 0
1000	3	 1 1 1 1 0 1 0 0 1 0 0 1 1 1 1 1 0 1 0 0
1000	2	 1 1 1 1 0 1 0 1 1 1 0 1 0 1 0 1 0 0 0 0
1000	5	 1 0 1 1 0 1 0 1 0 0 0 0 0 1 0 1 0 0 0 0
1000	1	 1 1 1 0 1 0 0 0 1 0 0 1 0 1 0 1 0 0 0 0
1000	2	 1 0 1 1 0 1 0 1 1 0 0 0 1 1 1 1 0 0 1 0
1000	1	 1 1 0 1 1 0 0 1 1 1 0 1 0 0 0 1 0 0 0 0
1000	2	 1 1 1 1 1 1 0 1 1 0 0 1 0 1 0 1 0 1 0 0
1000	1	 1 1 1 1 0 1 1 1 1 0 0 0 0 1 0 1 0 0 0 0
1000	2	 0 1 1 1 0 1 0 1 1 0 0 0 1 1 1 0 1 0 0 0
1000	5	 1 1 1 1 0 1 0 0 1 0 0 1 1 1 1 0 0 0 0 0
1000	4	 1 1 1 1 0 1 0 1 1 0 0 1 1 1 1 1 0 0 0 0
1000	5	 1 1 1 1 0 1 0 1 0 0 0 0 1 1 0 1 0 0 0 0
1000	2	 1 1 1 1 1 0 1 1 1 0 0 0 0 1 1 1 0 0 0 0
1000	1	 1 1 1 1 0 1 0 1 0 0 0 0 0 1 0 1 0 0 0 1
1000	1	 1 1 1 1 1 1 0 1 1 0 0 1 1 1 0 1 1 0 0 0
1000	2	 1 1 1 1 0 0 1 1 1 0 0 1 0 0 0 1 0 0 0 0
1000	1	 1 1 1 1 0 1 0 1 1 0 0 0 1 1 0 0 0 0 0 0
1000	1	 1 1 1 1 0 0 0 1 1 0 0 1 0 1 1 1 0 0 1 0
1000	1	 1 1 1 1 0 0 1 1 1 0 0 1 0 1 0 1 0 0 0 1
1000	1	 1 1 1 1 0 1 0 1 1 0 1 0 0 1 0 1 0 0 0 0
1000	1	 1 1 1 1 0 1 0 1 1 0 0 0 0 1 0 1 0 1 0 0
1000	1	 1 1 1 1 0 1 0 1 0 0 0 0 0 1 0 1 0 0 1 0
1000	2	 1 1 0 1 0 0 0 1 1 0 1 1 0 1 0 1 0 0 0 0
1000	2	 1 1 1 1 0 1 0 1 1 0 0 1 1 1 1 1 0 0 1 0
1000	1	 1 1 1 1 1 0 1 1 1 0 0 1 0 1 1 0 0 0 0 0
1000	2	 1 1 0 1 1 0 0 1 0 0 1 1 0 1 0 1 0 0 0 0
