0	250	 0 0 0 0 0 0 1 1 0 0 0 0 0 0 1 1 0 0 0 0
0	250	 0 0 1 0 0 0 0 0 1 0 1 0 1 0 0 0 0 1 0 0
0	250	 1 0 0 0 0 0 0 0 0 0 1 0 0 0 0 1 0 0 0 0
0	250	 0 1 0 1 0 0 1 0 0 1 0 1 0 0 0 1 0 0 0 0
10	130	 0 0 0 0 0 0 1 1 0 0 0 0 0 0 1 1 0 0 0 0
10	143	 0 0 1 0 0 0 0 0 1 0 1 0 1 0 0 0 0 1 0 0
10	238	 1 0 0 0 0 0 0 0 0 0 1 0 0 0 0 1 0 0 0 0
10	199	 0 1 0 1 0 0 1 0 0 1 0 1 0 0 0 1 0 0 0 0
10	3	 0 0 0 0 0 0 1 1 0 0 0 0 0 0 0 1 0 0 0 0
10	1	 0 0 0 0 0 0 1 1 0 0 0 0 0 0 1 1 0 1 0 0
10	1	 0 0 0 0 0 0 1 1 0 1 0 0 0 0 1 1 0 0 0 0
10	10	 1 0 0 1 0 0 0 0 0 0 1 0 0 0 0 1 0 0 0 0
10	25	 0 0 1 0 0 0 0 0 1 0 1 0 1 0 1 1 0 0 0 0
10	5	 0 0 1 0 0 0 0 0 0 0 1 0 1 0 0 0 0 1 0 0
10	2	 0 0 1 0 0 1 0 0 1 0 1 0 1 0 0 0 0 1 0 0
10	17	 0 1 0 1 0 0 1 0 0 1 1 1 0 0 0 1 0 0 0 0
10	37	 0 0 0 0 0 0 0 0 0 0 1 0 0 0 0 1 0 0 0 0
10	3	 0 0 1 0 0 0 0 0 1 0 0 1 0 0 0 1 0 0 0 0
10	2	 1 0 0 0 0 0 0 0 0 1 0 1 0 0 0 1 0 0 0 0
10	4	 1 0 0 0 0 0 1 1 0 0 0 0 0 0 1 1 0 0 0 0
10	4	 0 1 0 1 0 0 1 0 0 1 0 0 0 0 0 1 0 0 0 0
10	2	 0 0 1 0 0 0 0 0 1 1 1 0 1 0 0 0 0 1 0 0
10	2	 0 0 1 0 0 0 0 0 1 0 1 0 1 1 0 0 0 1 0 0
10	20	 0 1 0 1 0 0 1 0 0 1 0 1 1 0 0 1 0 0 0 0
10	2	 0 1 0 1 0 0 1 1 0 1 0 1 0 0 0 1 0 0 0 0
10	13	 0 0 1 0 0 0 0 0 1 0 1 0 0 0 0 1 0 0 0 0
10	1	 0 1 0 1 0 0 1 0 0 1 0 0 0 0 1 1 0 0 0 0
10	2	 0 0 1 0 0 0 1 1 0 0 0 0 0 0 1 1 0 0 0 0
10	3	 0 0 0 0 0 0 1 1 0 0 0 0 0 0 1 1 1 0 0 0
10	10	 0 0 1 0 0 0 0 0 1 0 1 1 1 0 0 0 0 1 0 0
10	2	 0 0 1 0 0 0 0 0 1 0 1 0 1 0 0 0 0 1 1 0
10	7	 1 1 0 0 0 0 0 0 0 0 1 0 0 0 0 1 0 0 0 0
10	7	 0 0 0 0 0 0 1 0 0 1 0 1 1 0 0 1 0 0 0 0
10	13	 0 0 1 0 0 0 0 0 0 0 1 0 0 0 0 1 0 0 0 0
10	4	 1 0 0 0 0 0 0 0 1 0 1 0 1 0 0 0 0 1 0 0
10	1	 0 0 0 1 0 0 1 0 0 1 0 1 0 0 0 1 0 0 0 0
10	3	 0 0 0 0 0 0 1 1 0 0 0 0 1 0 0 1 0 0 0 0
10	2	 0 0 0 0 0 0 1 1 1 0 1 0 1 0 0 0 0 1 0 0
10	5	 0 1 1 1 0 0 1 0 0 1 0 1 0 0 0 1 0 0 0 0
10	1	 0 0 1 0 0 0 0 0 0 0 0 0 0 0 1 1 0 0 0 0
10	6	 1 0 0 0 0 0 0 0 0 0 1 0 0 0 1 1 0 0 0 0
10	1	 0 1 0 1 0 0 0 0 0 0 1 0 0 0 0 1 0 0 0 0
10	1	 0 0 0 0 0 0 1 1 0 0 0 0 0 0 1 1 0 0 1 0
10	4	 0 0 1 0 0 0 0 0 1 0 1 0 1 0 0 0 0 0 0 0
10	1	 1 0 1 0 0 0 0 0 1 0 1 0 1 0 0 0 0 1 0 0
10	2	 0 1 0 1 0 0 1 0 0 1 0 1 0 0 0 0 0 0 0 0
10	2	 0 0 1 0 0 0 0 0 1 0 0 0 0 0 1 1 0 0 0 0
10	7	 0 0 1 0 0 0 0 0 1 0 1 0 1 0 0 1 0 0 0 0
10	6	 1 0 0 0 0 0 0 0 0 0 0 0 0 0 1 1 0 0 0 0
10	4	 0 1 0 1 0 0 1 0 0 1 0 1 0 0 0 1 0 1 0 0
10	1	 0 0 1 0 0 1 0 0 1 0 1 0 0 0 0 1 0 0 0 0
10	2	 0 0 0 0 0 0 1 1 0 0 0 0 0 1 1 1 0 0 0 0
10	2	 1 0 0 0 0 0 0 0 0 0 1 0 0 0 0 1 0 0 1 0
10	5	 1 0 0 0 0 0 0 0 0 0 1 0 0 0 0 0 0 0 0 0
10	3	 1 0 0 0 0 0 0 0 0 1 1 0 0 0 0 1 0 0 0 0
10	1	 0 1 0 1 1 0 1 0 0 1 0 1 0 0 0 1 0 0 0 0
10	1	 0 0 0 0 0 0 1 1 1 0 0 0 0 0 0 1 0 0 0 0
10	4	 0 0 0 0 0 0 0 0 1 0 1 0 0 0 0 1 0 0 0 0
10	5	 0 1 0 1 0 0 1 1 0 0 0 0 0 0 1 1 0 0 0 0
10	3	 1 0 0 0 0 0 1 0 0 1 0 1 0 0 0 1 0 0 0 0
10	2	 0 1 0 1 0 0 1 0 0 1 0 1 0 0 0 1 0 0 1 0
10	1	 0 0 1 0 0 0 0 0 0 1 1 0 0 0 0 1 0 0 0 0
10	1	 0 0 1 0 0 0 0 0 1 0 1 0 1 0 0 0 0 1 0 1
10	1	 0 0 1 0 0 0 0 0 1 0 0 0 1 0 0 0 0 1 0 0
10	1	 0 0 1 0 0 0 0 0 1 0 1 0 1 0 0 1 0 1 0 0
10	1	 1 0 0 0 0 0 0 0 0 0 0 0 0 0 0 1 0 0 0 0
10	2	 1 0 0 1 0 0 0 0 0 0 1 0 0 0 1 1 0 0 0 0
10	1	 0 0 1 0 0 1 0 0 1 0 1 0 1 0 0 1 0 1 0 0
10	2	 1 0 0 0 0 0 1 0 0 0 0 0 0 0 1 1 0 0 0 0
10	3	 0 1 1 1 0 0 1 0 0 1 0 1 0 0 0 1 0 0 1 0
25	73	 0 0 0 0 0 0 1 1 0 0 0 0 0 0 1 1 0 0 0 0
25	96	 0 0 1 0 0 0 0 0 1 0 1 0 1 0 0 0 0 1 0 0
25	137	 1 0 0 0 0 0 0 0 0 0 1 0 0 0 0 1 0 0 0 0
25	120	 0 1 0 1 0 0 1 0 0 1 0 1 0 0 0 1 0 0 0 0
25	3	 0 0 0 0 0 0 1 1 0 0 0 0 0 0 0 1 0 0 0 0
25	38	 0 0 1 0 0 0 0 0 1 0 1 0 1 0 1 1 0 0 0 0
25	6	 0 0 1 0 0 0 0 0 0 0 1 0 1 0 0 0 0 1 0 0
25	26	 0 1 0 1 0 0 1 0 0 1 1 1 0 0 0 1 0 0 0 0
25	33	 0 0 0 0 0 0 0 0 0 0 1 0 0 0 0 1 0 0 0 0
25	53	 1 0 0 0 0 0 1 1 0 0 0 0 0 0 1 1 0 0 0 0
25	4	 0 1 0 1 0 0 1 0 0 1 0 0 0 0 0 1 0 0 0 0
25	1	 0 0 1 0 0 0 0 0 1 1 1 0 1 0 0 0 0 1 0 0
25	2	 0 0 0 0 0 0 1 1 0 0 0 0 0 0 1 1 1 0 0 0
25	2	 0 0 1 0 0 0 0 0 1 0 1 1 1 0 0 0 0 1 0 0
25	8	 0 0 1 0 0 0 0 0 1 0 1 0 1 0 0 0 0 1 1 0
25	15	 0 0 1 0 0 0 0 0 0 0 1 0 0 0 0 1 0 0 0 0
25	26	 1 0 0 0 0 0 0 0 1 0 1 0 1 0 0 0 0 1 0 0
25	17	 0 1 1 1 0 0 1 0 0 1 0 1 0 0 0 1 0 0 0 0
25	32	 1 0 0 0 0 0 0 0 0 0 1 0 0 0 1 1 0 0 0 0
25	4	 0 0 1 0 0 0 0 0 1 0 1 0 1 0 0 0 0 0 0 0
25	14	 0 0 1 0 0 0 0 0 1 0 1 0 1 0 0 1 0 0 0 0
25	15	 1 0 0 0 0 0 0 0 0 0 0 0 0 0 1 1 0 0 0 0
25	12	 1 0 0 0 0 0 0 0 0 0 1 0 0 0 0 1 0 0 1 0
25	11	 0 1 0 1 0 0 1 1 0 0 0 0 0 0 1 1 0 0 0 0
25	8	 1 0 0 1 0 0 0 0 0 0 1 0 0 0 1 1 0 0 0 0
25	3	 0 0 0 0 0 0 1 0 0 0 1 0 0 0 0 1 0 0 0 0
25	14	 1 0 0 0 0 0 1 0 0 0 1 0 0 0 0 1 0 0 0 0
25	2	 0 1 1 0 0 0 0 0 0 0 1 0 0 0 0 1 0 0 0 0
25	7	 0 1 0 1 0 0 1 0 0 0 0 0 0 0 1 1 0 0 0 0
25	1	 1 0 0 0 0 0 0 1 0 0 0 0 0 0 1 1 0 0 0 0
25	14	 0 1 0 1 0 0 1 0 0 1 0 1 1 0 0 1 0 0 1 0
25	3	 0 1 1 1 0 0 1 0 0 1 0 1 0 0 1 1 0 0 0 0
25	3	 0 0 0 0 0 0 1 1 0 0 0 0 0 0 1 1 0 1 0 0
25	5	 0 0 1 0 0 0 0 0 0 0 0 0 0 0 1 1 0 0 0 0
25	1	 0 0 0 0 0 1 0 0 0 0 1 0 0 0 0 1 0 0 0 0
25	4	 0 0 0 0 0 0 1 1 0 0 0 1 0 0 1 1 0 0 0 0
25	1	 0 1 0 1 0 0 1 0 0 1 1 0 0 0 0 1 0 0 0 0
25	1	 0 1 0 1 0 0 1 0 0 0 1 1 1 0 0 0 0 1 0 0
25	3	 1 0 0 0 0 0 0 0 0 0 0 0 0 0 0 0 0 1 0 0
25	8	 0 0 1 0 0 0 0 0 1 1 1 0 0 0 0 0 0 1 0 0
25	8	 1 0 0 0 0 0 0 1 1 0 1 0 1 0 0 0 0 1 0 0
25	5	 0 0 1 0 0 0 0 0 1 0 1 0 1 0 0 0 0 0 1 0
25	5	 1 0 0 0 0 0 0 0 0 1 0 1 0 0 0 1 0 0 1 0
25	4	 0 1 0 1 0 0 1 0 0 0 1 0 0 0 0 1 0 0 0 0
25	2	 0 0 1 1 0 0 1 0 0 1 0 1 0 0 0 1 0 0 0 0
25	4	 0 0 1 0 0 0 1 0 0 1 0 1 0 0 0 1 0 0 0 0
25	5	 0 0 1 0 0 0 0 1 1 0 1 1 0 0 0 1 0 0 0 0
25	3	 0 0 1 0 0 0 1 1 0 0 0 0 0 0 1 1 0 0 0 0
25	1	 0 0 0 0 0 0 0 1 0 0 0 0 0 0 1 1 0 0 0 0
25	6	 0 0 0 0 0 0 1 0 0 0 0 0 0 0 1 1 0 0 0 0
25	14	 0 0 0 0 0 0 1 1 0 0 1 0 0 0 1 1 0 0 0 0
25	10	 0 1 0 1 0 0 1 0 0 1 0 1 0 0 0 1 0 1 0 0
25	2	 0 1 0 1 0 0 1 0 1 1 0 0 0 0 0 1 0 0 0 0
25	4	 0 0 0 0 0 0 0 0 0 0 1 0 0 0 1 1 0 0 0 0
25	3	 1 0 0 0 0 0 0 0 0 1 1 1 0 0 0 1 0 0 0 0
25	5	 1 0 0 0 0 1 0 0 0 0 1 0 0 0 0 1 0 0 0 0
25	1	 1 0 0 0 0 0 0 0 0 0 1 0 0 0 0 1 1 0 0 0
25	4	 0 0 1 0 0 0 0 0 0 0 1 1 1 0 0 0 0 1 0 0
25	1	 0 0 1 0 0 0 0 0 1 0 1 1 1 0 0 1 0 0 0 0
25	1	 1 0 0 0 0 0 0 1 0 0 1 0 0 0 0 1 0 0 1 0
25	2	 0 0 1 0 0 0 0 0 1 1 0 1 0 0 0 1 0 0 0 0
25	6	 0 1 0 1 0 0 1 0 0 1 0 1 0 0 1 1 1 0 0 0
25	5	 0 0 1 0 0 0 0 0 1 0 1 0 0 0 0 1 0 0 0 0
25	5	 1 0 0 0 0 0 1 0 0 1 0 1 0 0 0 1 0 0 0 0
25	2	 0 0 1 0 1 0 0 0 1 0 1 0 1 0 0 0 0 1 0 0
25	3	 0 0 1 0 0 0 1 0 1 0 1 0 1 0 0 0 0 1 0 0
25	1	 1 0 0 0 0 0 0 0 0 1 1 0 0 0 0 1 0 0 0 0
25	5	 1 0 0 0 0 0 1 1 0 1 0 0 0 0 1 1 0 0 0 0
25	4	 0 1 0 1 0 0 0 0 0 1 0 1 0 0 0 0 0 0 0 0
25	4	 0 0 0 0 0 0 1 0 0 1 0 1 0 0 0 1 0 0 0 0
25	6	 1 0 0 0 0 1 1 0 0 0 0 0 0 0 1 1 0 0 0 0
25	2	 0 0 0 0 0 0 1 1 1 0 0 0 0 0 1 1 0 0 0 0
25	2	 0 0 1 0 0 0 0 0 1 0 1 0 1 0 1 0 0 1 0 0
25	5	 0 0 0 0 0 0 0 0 1 0 1 0 1 0 0 0 0 1 0 0
25	2	 1 0 0 0 0 0 0 0 0 0 1 0 0 1 0 1 0 0 0 0
25	3	 0 1 0 1 0 1 1 0 0 1 0 1 0 0 0 1 0 0 0 0
25	1	 1 0 0 0 0 0 0 1 0 0 1 0 0 0 0 1 0 0 0 0
25	2	 0 1 0 1 0 0 0 0 0 0 1 0 0 0 0 1 0 0 0 0
25	1	 1 0 0 0 0 0 0 0 0 0 1 0 0 0 0 1 0 1 0 0
25	2	 0 1 0 1 1 0 1 0 0 1 0 1 0 0 0 1 0 0 0 0
25	1	 0 1 0 1 0 0 1 1 0 1 0 1 0 0 0 1 0 0 0 0
25	3	 0 1 0 1 0 0 1 0 0 1 0 1 0 0 0 1 0 0 1 0
25	1	 0 0 1 0 0 0 0 0 0 0 1 0 1 0 1 1 0 0 0 0
25	1	 0 0 1 0 0 0 0 0 0 1 0 1 0 0 0 1 0 0 0 0
25	1	 1 0 0 0 0 0 0 0 1 0 1 0 1 0 1 1 0 0 0 0
25	2	 0 1 0 1 0 0 1 0 0 1 0 1 0 0 0 0 0 1 0 0
25	1	 0 1 0 1 0 0 0 0 1 0 1 1 1 0 0 0 0 1 0 0
25	1	 0 0 0 0 0 0 0 0 0 1 0 1 0 0 0 1 0 0 0 0
25	1	 0 0 1 0 0 0 0 0 1 0 1 0 1 0 0 1 0 0 1 0
25	1	 0 1 0 1 0 0 1 0 0 1 1 1 0 0 0 1 1 0 0 0
25	4	 1 0 0 0 0 0 0 0 1 0 0 0 1 0 0 0 0 1 0 0
25	2	 1 0 0 0 0 0 0 0 1 0 1 0 1 0 0 0 0 0 0 0
25	1	 0 0 0 0 0 1 0 0 0 0 1 0 0 0 1 1 0 0 0 0
25	3	 1 0 0 0 0 0 0 1 1 0 0 0 1 0 0 0 0 1 0 0
70	14	 0 0 0 0 0 0 1 1 0 0 0 0 0 0 1 1 0 0 0 0
70	7	 0 1 0 1 0 0 1 0 0 1 0 1 0 0 0 1 0 0 0 0
70	85	 0 0 1 0 0 0 0 0 1 0 1 0 1 0 1 1 0 0 0 0
70	79	 0 1 0 1 0 0 1 0 0 1 1 1 0 0 0 1 0 0 0 0
70	12	 0 1 1 1 0 0 1 0 0 1 0 1 0 0 0 1 0 0 0 0
70	18	 1 0 0 0 0 0 0 0 0 0 1 0 0 0 1 1 0 0 0 0
70	3	 1 0 0 0 0 0 0 0 0 0 1 0 0 0 0 1 0 0 1 0
70	9	 0 1 0 1 0 0 1 1 0 0 0 0 0 0 1 1 0 0 0 0
70	49	 1 0 0 1 0 0 0 0 0 0 1 0 0 0 1 1 0 0 0 0
70	1	 0 1 0 1 0 0 1 0 0 0 1 0 0 0 0 1 0 0 0 0
70	7	 0 0 1 0 0 0 1 1 0 0 0 0 0 0 1 1 0 0 0 0
70	10	 0 0 0 0 0 0 1 1 0 0 1 0 0 0 1 1 0 0 0 0
70	1	 0 1 0 1 0 0 1 0 0 1 0 1 0 0 1 1 1 0 0 0
70	1	 0 1 0 1 1 0 1 0 0 1 0 1 0 0 0 1 0 0 0 0
70	20	 0 1 0 1 0 0 1 0 0 1 0 0 1 1 1 0 0 1 0 0
70	3	 0 0 1 0 0 1 0 0 0 0 1 0 0 0 0 1 0 0 0 0
70	18	 1 1 0 1 0 0 1 0 0 1 1 0 0 0 0 1 0 0 0 0
70	2	 0 0 1 0 0 0 0 0 1 0 1 0 1 0 1 1 1 0 0 0
70	2	 0 0 0 0 0 0 0 0 0 0 1 0 0 0 0 1 0 0 0 1
70	7	 1 0 0 0 0 0 1 0 0 0 1 0 0 0 0 1 0 0 0 1
70	6	 0 0 0 1 0 0 1 0 0 0 1 0 0 0 1 1 0 0 0 0
70	12	 1 0 0 0 0 0 0 0 0 0 1 0 1 0 1 1 0 0 0 0
70	27	 0 0 1 0 0 0 0 0 1 0 1 0 1 0 1 1 0 1 0 0
70	23	 1 0 0 0 1 0 0 0 0 0 1 0 0 0 1 1 0 0 0 0
70	26	 1 0 0 1 0 0 0 0 0 0 0 0 0 0 1 1 0 0 0 0
70	19	 1 0 0 0 0 0 0 0 0 1 0 1 0 0 0 1 0 0 0 0
70	17	 1 1 0 1 0 0 0 0 0 0 1 0 0 0 1 1 0 0 0 0
70	3	 1 0 0 0 0 0 1 0 0 0 0 0 0 0 1 1 0 0 0 0
70	3	 0 1 0 1 0 0 1 0 0 0 1 0 0 0 0 1 0 0 1 0
70	46	 0 1 0 1 1 0 1 0 0 1 0 1 0 0 1 1 0 0 0 0
70	7	 0 1 1 1 0 0 1 0 0 1 0 1 1 0 0 1 0 0 1 0
70	4	 0 1 0 1 0 0 1 0 0 1 0 1 0 0 1 1 0 0 0 0
70	1	 1 1 0 0 0 0 0 0 0 0 1 0 0 0 0 1 0 0 0 1
70	1	 0 0 0 1 1 0 1 0 0 1 0 1 0 0 1 1 0 0 0 0
70	1	 0 0 1 0 0 0 0 0 0 1 1 1 0 0 0 1 0 0 0 0
70	15	 0 1 0 1 1 0 1 0 0 1 1 1 0 0 0 1 0 0 0 0
70	29	 0 1 0 1 0 1 0 0 0 0 0 0 0 0 1 1 0 0 0 0
70	4	 0 0 1 0 0 0 0 0 1 0 1 1 0 0 0 1 0 0 0 0
70	4	 0 1 1 1 0 0 1 0 0 1 0 0 0 0 1 1 0 0 0 0
70	4	 0 1 1 0 0 0 0 0 0 0 1 0 0 0 0 1 0 0 0 0
70	5	 0 1 1 1 0 0 1 1 0 1 0 1 0 0 0 1 0 0 0 0
70	10	 1 0 0 0 0 0 1 0 0 0 1 0 0 0 0 1 1 0 0 0
70	11	 0 1 1 0 0 0 0 0 0 0 1 0 0 0 0 1 0 0 0 1
70	18	 1 0 0 1 0 0 0 0 0 0 1 1 0 0 1 1 0 0 0 0
70	15	 1 0 0 0 0 0 1 0 0 0 1 0 0 1 0 1 0 0 0 1
70	6	 0 1 0 1 0 0 0 0 1 0 1 0 1 0 1 1 1 0 0 0
70	7	 0 0 1 0 0 0 0 0 1 0 1 0 1 0 0 1 0 0 0 0
70	10	 0 0 1 0 0 0 0 0 1 0 0 0 1 0 1 1 0 0 0 0
70	33	 1 0 0 0 0 0 0 0 1 0 1 0 1 0 0 1 0 1 0 0
70	2	 1 1 0 1 0 0 1 0 0 1 0 1 0 0 0 1 0 0 0 0
70	2	 0 0 0 1 0 0 1 0 0 0 1 0 0 0 1 1 0 0 1 0
70	1	 0 1 0 1 1 1 1 0 0 1 0 1 0 0 1 1 0 0 0 0
70	5	 1 0 0 1 1 0 0 0 0 1 0 1 0 0 0 1 0 0 0 0
70	10	 0 1 1 1 0 0 1 0 1 0 1 0 1 0 1 1 0 0 0 0
70	2	 1 0 0 0 0 0 1 0 0 0 1 0 0 0 0 1 0 0 1 0
70	7	 1 0 0 0 0 0 1 1 0 0 1 0 1 0 1 1 0 0 0 0
70	15	 0 1 1 0 0 0 0 0 1 0 1 0 1 0 1 1 0 0 0 0
70	7	 1 1 0 1 0 0 1 0 0 1 0 0 1 1 1 0 0 1 0 0
70	7	 1 1 0 1 0 0 0 0 0 0 0 0 0 0 1 1 0 0 0 0
70	4	 0 1 0 1 0 0 1 1 1 0 0 0 0 0 1 1 0 0 1 0
70	5	 0 1 0 1 0 0 1 0 0 1 0 1 0 0 0 1 0 0 1 0
70	10	 1 0 0 0 0 0 1 0 0 0 1 0 0 0 1 1 0 0 0 0
70	5	 0 0 1 1 0 0 0 0 0 0 1 0 0 0 1 1 0 0 0 0
70	2	 0 1 0 0 0 0 1 0 0 0 1 0 1 0 0 1 0 0 1 0
70	9	 0 1 0 1 0 0 1 0 0 1 1 1 0 1 0 1 1 0 0 0
70	5	 1 0 0 1 0 0 0 0 0 0 1 0 1 0 1 1 0 0 0 0
70	6	 0 0 0 0 0 0 1 1 0 0 1 0 1 0 1 1 0 0 0 0
70	4	 1 0 0 0 0 0 0 0 0 0 0 0 0 0 1 1 0 0 0 0
70	13	 0 0 1 0 0 0 0 0 0 0 1 0 1 0 1 1 0 0 0 0
70	4	 0 0 0 0 0 0 1 1 0 0 1 0 0 0 0 1 0 0 0 0
70	6	 0 1 0 1 0 0 1 0 0 0 1 0 0 0 1 1 0 0 0 0
70	4	 0 1 1 1 0 0 1 0 0 1 0 1 1 0 0 1 0 0 0 0
70	1	 1 0 0 1 0 0 0 0 1 0 1 0 0 0 1 1 0 0 0 0
70	13	 0 1 0 1 0 0 0 0 0 1 0 0 1 1 1 0 0 1 0 0
70	3	 0 0 1 1 0 0 0 0 1 0 1 0 1 0 1 1 0 1 0 0
70	1	 0 0 0 1 0 0 1 0 0 0 0 1 0 0 1 1 0 0 0 0
70	3	 0 0 1 0 0 0 0 0 1 0 1 1 1 0 1 1 0 1 0 0
70	5	 0 1 1 0 1 0 0 0 1 0 1 0 1 0 1 1 0 0 0 0
70	2	 0 1 0 1 0 0 1 0 0 1 1 0 1 0 1 1 0 0 0 0
70	1	 0 1 0 0 0 0 1 0 0 0 1 0 0 1 0 1 0 0 0 1
70	3	 0 0 1 0 0 0 0 0 1 0 1 0 1 0 0 1 0 1 0 0
70	7	 1 0 0 1 0 0 0 0 0 0 1 1 0 0 1 0 0 0 0 0
70	2	 0 1 0 0 0 0 1 0 1 0 1 0 0 0 0 1 0 0 1 0
70	5	 0 1 0 1 0 0 0 0 0 1 1 1 0 0 0 1 0 0 0 0
70	1	 1 0 0 0 1 0 1 0 0 0 1 0 0 0 1 1 0 0 0 0
70	2	 1 0 0 0 0 0 1 0 0 0 1 0 0 1 0 1 0 0 0 0
70	3	 1 0 0 0 0 0 1 0 0 0 0 0 0 0 1 1 0 0 0 1
70	1	 0 1 0 1 1 1 0 0 0 1 1 1 0 0 0 1 0 0 0 0
70	3	 1 0 0 1 0 0 1 0 0 0 1 0 0 0 0 1 0 0 0 0
70	3	 0 0 0 0 0 0 1 0 0 1 1 1 0 0 0 1 0 0 0 0
70	4	 0 0 0 0 0 0 1 1 0 0 0 0 0 0 1 1 0 0 1 0
70	3	 0 1 0 1 0 0 1 0 0 1 1 0 0 0 0 1 0 0 0 0
70	4	 0 1 1 1 0 1 1 0 0 1 0 1 0 0 0 1 0 0 0 0
70	6	 0 1 0 1 1 0 0 0 0 1 0 1 0 0 1 1 0 0 0 0
70	1	 1 1 0 0 0 0 0 1 0 0 1 0 0 0 0 1 0 0 0 1
70	1	 1 0 0 0 0 0 1 1 0 0 1 0 1 0 1 1 0 0 1 0
70	1	 1 0 0 1 0 0 0 0 0 1 1 0 1 0 1 1 0 0 0 0
70	6	 1 0 0 0 0 0 0 1 0 1 0 1 0 0 0 1 0 0 0 1
70	1	 1 0 0 1 0 0 0 0 1 0 0 0 1 0 1 1 0 1 0 0
70	2	 1 1 0 0 0 0 1 0 0 1 1 1 0 0 0 1 0 0 0 0
70	1	 0 1 0 1 0 1 0 0 0 0 0 0 0 0 1 1 0 0 0 1
70	2	 1 0 0 0 0 0 0 0 1 0 1 0 1 0 0 1 0 0 0 0
70	1	 1 1 0 1 0 0 1 0 0 1 1 0 1 0 1 1 0 0 0 0
70	1	 0 0 1 1 1 0 1 0 0 0 0 0 0 0 1 1 0 0 0 0
70	2	 0 0 0 0 1 0 1 1 0 0 0 0 0 0 1 1 0 0 0 0
70	7	 0 0 1 1 0 0 0 0 1 0 1 0 1 0 1 1 0 0 0 0
70	2	 1 1 0 1 0 0 1 0 0 1 1 1 0 0 0 1 0 0 0 0
70	1	 1 1 1 1 0 0 1 0 0 1 0 1 0 0 0 1 0 0 0 0
70	4	 1 0 0 0 0 0 0 0 0 0 1 0 0 0 1 1 1 0 0 0
70	1	 1 0 0 1 0 0 0 0 0 0 1 0 0 0 1 1 0 0 1 0
70	2	 0 1 1 0 0 1 0 0 1 0 1 0 1 0 1 1 0 0 0 0
70	2	 1 0 0 0 1 0 0 0 0 1 0 1 0 0 0 1 0 0 0 1
70	1	 1 0 0 1 0 0 1 0 1 0 1 0 0 0 1 1 0 0 0 0
70	1	 0 0 1 0 0 0 0 0 1 0 0 1 0 0 1 1 0 0 0 0
70	2	 1 0 0 0 0 0 0 0 0 0 1 0 0 0 1 1 0 1 0 0
70	1	 1 0 0 0 0 0 0 0 1 0 1 0 1 0 1 1 0 0 0 0
70	2	 0 1 1 0 0 0 0 0 0 1 0 1 0 0 1 1 0 0 0 0
70	1	 1 0 0 0 0 0 1 1 0 0 1 0 0 0 1 1 0 0 0 0
70	1	 1 0 0 0 0 0 0 0 1 0 1 0 1 0 0 0 0 1 0 0
70	2	 1 0 0 0 0 0 1 0 0 0 1 0 0 0 1 1 0 1 0 0
70	2	 0 1 0 1 0 0 1 0 0 1 1 1 1 0 1 1 0 0 0 0
70	1	 0 1 0 1 0 0 0 0 0 1 0 0 1 1 1 1 0 0 0 0
70	1	 0 0 1 1 1 0 1 0 0 0 0 0 0 0 0 1 0 0 0 1
70	1	 1 0 1 0 0 0 0 0 1 0 1 0 1 0 1 1 0 0 0 0
70	2	 0 0 1 0 0 0 0 0 1 0 0 0 1 0 1 1 1 0 0 0
70	1	 0 0 0 0 0 0 0 0 1 0 1 0 0 0 0 1 0 0 0 1
70	2	 1 0 0 0 1 0 0 0 0 1 1 0 0 0 1 1 0 0 0 0
70	3	 0 0 0 1 0 0 0 0 0 0 1 1 0 0 1 1 0 0 0 0
70	2	 0 1 1 0 0 0 0 0 1 0 1 0 1 0 1 1 1 0 0 0
70	3	 1 1 0 1 0 0 0 0 0 0 0 0 0 0 1 1 0 1 0 0
70	3	 0 1 0 0 0 0 1 1 0 0 1 0 1 0 0 1 0 0 1 0
70	1	 0 0 0 0 0 0 1 1 0 0 1 0 1 0 1 0 0 0 0 0
70	2	 1 0 0 0 0 0 0 0 1 0 0 0 0 0 1 1 0 0 0 0
70	1	 1 0 0 0 0 0 0 0 0 0 1 1 0 0 1 1 0 0 0 0
135	1	 0 0 1 0 0 0 0 0 1 0 1 0 1 0 1 1 0 0 0 0
135	19	 0 1 0 1 0 0 1 0 0 1 1 1 0 0 0 1 0 0 0 0
135	9	 0 1 0 1 0 0 1 0 0 1 0 0 1 1 1 0 0 1 0 0
135	20	 1 1 0 1 0 0 1 0 0 1 1 0 0 0 0 1 0 0 0 0
135	8	 1 1 0 1 0 0 0 0 0 0 1 0 0 0 1 1 0 0 0 0
135	13	 0 1 0 1 1 0 1 0 0 1 0 1 0 0 1 1 0 0 0 0
135	2	 0 1 0 1 0 1 0 0 0 0 0 0 0 0 1 1 0 0 0 0
135	2	 0 1 1 1 0 0 1 0 0 1 0 0 0 0 1 1 0 0 0 0
135	35	 0 1 1 0 0 0 0 0 1 0 1 0 1 0 1 1 0 0 0 0
135	14	 1 1 0 1 0 0 0 0 0 0 0 0 0 0 1 1 0 0 0 0
135	15	 0 0 1 1 0 0 0 0 0 0 1 0 0 0 1 1 0 0 0 0
135	4	 1 0 0 1 0 0 0 0 0 1 1 0 1 0 1 1 0 0 0 0
135	12	 0 0 1 1 0 0 0 0 1 0 1 0 1 0 1 1 0 0 0 0
135	26	 1 0 0 0 0 0 0 0 1 0 1 0 1 0 1 1 0 0 0 0
135	20	 0 1 0 1 0 0 1 0 0 1 1 1 1 0 1 1 0 0 0 0
135	64	 0 1 0 1 0 0 1 0 0 1 1 1 0 0 1 1 0 0 0 0
135	26	 0 0 1 1 0 0 0 0 1 0 1 0 0 0 1 1 0 0 0 0
135	3	 0 0 1 0 0 0 0 0 1 0 1 0 1 0 0 1 0 0 0 0
135	9	 1 0 0 1 0 0 0 0 0 0 1 0 0 1 1 1 0 0 0 0
135	13	 1 1 1 1 0 0 1 0 0 1 0 0 0 1 1 1 0 0 0 0
135	4	 0 0 1 0 0 0 0 0 1 0 1 0 0 0 1 1 0 0 0 0
135	2	 0 1 0 1 1 0 1 0 0 1 0 0 0 0 1 1 0 0 0 0
135	25	 0 0 0 1 0 0 1 0 0 1 0 0 0 1 1 0 0 1 0 0
135	11	 0 1 0 1 1 0 1 0 0 1 1 0 1 0 1 1 1 0 1 0
135	6	 0 1 0 1 0 0 1 0 0 1 0 0 1 0 1 1 0 1 0 0
135	29	 0 0 1 1 0 0 0 0 0 0 1 0 1 0 1 1 0 0 0 0
135	5	 0 0 0 0 0 0 1 0 0 1 0 1 0 0 1 1 0 0 0 0
135	38	 0 0 1 1 0 0 0 0 1 0 1 0 1 0 1 1 1 0 0 0
135	8	 0 1 0 1 0 0 1 0 0 0 1 1 0 0 0 1 0 0 0 0
135	6	 1 0 1 1 0 0 1 0 0 1 0 0 0 1 1 1 0 0 0 0
135	3	 0 1 0 1 0 1 1 0 0 1 1 1 0 0 0 1 0 0 0 0
135	55	 0 1 0 1 1 0 1 0 0 1 0 1 1 0 1 1 0 0 0 0
135	11	 0 0 1 1 0 0 1 0 0 1 1 1 0 0 1 1 0 0 0 0
135	24	 1 1 0 1 0 0 1 0 0 1 0 1 1 1 1 0 0 1 0 0
135	14	 0 0 1 1 0 0 0 0 1 0 1 0 0 0 1 0 0 0 0 0
135	3	 1 0 0 1 0 0 0 0 0 0 1 1 0 1 1 1 0 0 0 0
135	7	 0 1 0 1 1 1 1 0 0 1 1 0 1 0 1 1 1 0 1 0
135	5	 1 1 0 1 1 0 1 0 0 1 1 0 0 0 0 1 0 0 0 0
135	16	 1 1 0 1 0 0 0 0 0 0 1 0 0 1 1 1 0 0 0 0
135	2	 0 1 1 0 0 0 1 0 0 1 0 0 0 0 1 1 0 0 0 0
135	4	 0 1 0 1 1 0 1 0 0 1 0 0 1 0 1 1 0 0 0 0
135	21	 1 0 0 0 0 0 1 1 1 0 1 0 1 0 1 0 0 0 1 0
135	3	 0 1 0 1 1 0 1 0 0 1 1 1 1 0 1 1 0 0 0 0
135	2	 1 1 0 1 0 1 1 0 0 1 1 1 0 0 0 1 0 0 0 0
135	14	 0 1 0 1 0 0 0 0 0 0 0 0 0 0 1 1 0 0 0 0
135	43	 1 1 1 1 0 0 1 0 0 1 0 0 0 0 1 0 0 0 0 0
135	5	 0 1 0 1 0 1 1 0 0 1 0 0 1 0 0 1 0 0 0 0
135	7	 0 1 1 1 0 0 1 0 0 1 1 1 0 0 1 1 0 0 0 0
135	11	 0 1 0 1 1 0 1 0 0 1 0 1 0 0 1 1 0 1 0 0
135	7	 0 0 0 1 0 0 1 0 0 1 1 1 0 0 1 1 0 0 0 0
135	14	 0 1 0 1 0 0 1 0 0 1 0 1 1 0 1 1 0 0 0 0
135	5	 0 1 0 1 0 0 1 1 0 0 1 0 1 0 1 0 0 0 0 0
135	5	 0 1 0 1 0 0 1 0 0 0 0 0 0 0 1 1 0 0 0 0
135	5	 0 1 1 0 0 0 0 0 0 0 1 0 0 1 1 1 0 0 0 0
135	1	 0 1 1 1 0 0 1 0 0 1 0 0 1 0 1 1 0 1 0 0
135	8	 0 0 1 1 0 0 0 0 1 0 1 0 1 0 0 1 1 0 0 0
135	9	 0 1 0 1 1 0 1 0 0 1 1 1 0 0 1 1 0 0 0 0
135	6	 1 0 0 1 0 0 1 0 1 0 0 0 0 0 1 1 0 0 0 0
135	15	 0 0 1 1 0 0 0 0 1 0 1 0 0 0 1 1 1 0 0 0
135	3	 0 1 0 1 0 0 1 0 0 1 1 1 0 0 0 0 0 0 0 0
135	3	 1 1 0 1 1 0 0 0 0 0 0 0 0 0 1 1 0 0 0 0
135	2	 0 1 0 1 0 0 1 0 0 1 0 0 0 0 1 1 0 0 0 0
135	9	 0 1 0 1 0 0 1 0 0 1 1 0 1 1 1 0 0 1 0 0
135	3	 1 1 0 1 0 0 1 1 0 1 0 1 1 1 1 0 0 1 0 0
135	5	 1 1 0 1 0 0 0 0 1 0 1 0 1 0 1 1 0 0 0 0
135	2	 0 1 0 1 0 0 1 0 0 1 0 0 1 1 1 0 1 1 0 0
135	1	 0 0 1 1 0 0 0 0 1 0 1 0 1 0 1 1 0 1 0 0
135	5	 1 1 1 1 0 0 1 0 0 1 1 1 0 0 1 1 0 0 0 0
135	2	 0 1 0 1 0 1 1 0 0 1 1 1 0 0 1 1 0 0 0 0
135	3	 1 1 1 1 0 0 1 0 0 1 0 1 0 1 1 1 0 0 0 0
135	2	 0 1 0 1 0 0 1 0 0 1 0 0 1 1 1 0 1 1 1 0
135	4	 0 1 0 1 0 0 1 0 0 1 0 1 0 0 1 1 0 0 0 0
135	5	 0 0 1 1 0 0 0 0 1 0 1 0 1 0 1 0 1 1 1 0
135	4	 0 0 1 1 0 0 0 0 1 0 1 1 0 0 1 1 0 0 0 0
135	5	 1 0 0 0 0 0 0 0 0 0 0 0 0 0 1 1 0 0 0 0
135	5	 0 0 1 1 0 0 0 0 0 0 0 0 0 0 1 1 0 0 0 0
135	6	 0 0 1 1 0 0 0 0 0 1 1 0 0 0 0 1 0 0 0 0
135	2	 0 0 1 1 1 0 1 0 1 1 1 0 1 0 1 0 0 0 1 0
135	4	 0 0 0 1 0 0 0 0 1 0 1 0 1 0 1 1 1 0 0 0
135	2	 0 1 0 1 1 1 1 0 0 1 1 0 0 0 1 1 1 0 1 0
135	2	 0 1 0 1 0 0 1 0 0 0 0 1 1 0 0 1 0 0 0 0
135	8	 0 0 1 1 0 0 0 0 1 0 1 0 1 0 0 1 1 1 0 0
135	7	 0 1 0 1 1 1 1 0 0 1 0 0 1 0 1 1 0 1 0 0
135	6	 0 1 0 1 0 0 1 0 0 1 1 0 0 0 1 1 0 0 0 0
135	2	 1 1 0 1 1 0 1 0 0 1 1 1 0 0 0 1 0 0 0 0
135	7	 0 0 1 1 0 0 0 0 1 0 1 0 0 0 1 0 1 0 0 0
135	2	 0 1 1 1 0 0 1 0 0 1 1 1 1 0 1 1 0 0 0 0
135	6	 0 0 1 1 0 0 0 0 1 0 1 1 0 0 1 1 1 0 0 0
135	4	 1 1 0 0 0 0 0 0 1 0 1 0 1 0 1 0 0 0 0 0
135	2	 0 1 0 1 0 1 1 0 0 1 1 1 0 0 1 1 0 1 0 0
135	4	 0 1 0 1 1 0 1 0 0 1 0 1 0 0 1 0 0 0 1 0
135	7	 1 0 0 0 0 0 1 0 0 1 0 0 0 1 1 0 0 1 0 0
135	2	 0 1 0 1 1 0 1 0 0 1 0 1 0 0 0 1 0 0 0 0
135	6	 0 0 1 1 0 0 0 0 0 0 1 0 0 0 1 1 0 0 0 1
135	2	 1 0 0 0 0 0 0 0 0 0 1 0 1 0 1 1 0 0 0 0
135	2	 0 1 0 1 0 0 1 0 0 0 1 0 1 0 1 1 0 0 0 0
135	3	 0 1 0 1 0 0 0 0 0 1 1 0 1 0 1 1 0 1 0 0
135	1	 0 1 0 1 0 0 0 0 1 0 1 0 1 0 1 1 0 0 0 0
135	2	 0 1 0 1 1 0 1 0 0 1 0 0 0 0 1 0 0 0 0 0
135	4	 0 1 0 1 1 0 1 0 0 1 0 0 1 1 1 0 1 1 1 0
135	1	 0 0 1 1 0 0 0 0 1 0 1 0 0 0 1 0 0 1 0 0
135	1	 1 0 0 0 0 0 0 0 1 0 1 0 1 0 0 1 0 0 0 0
135	2	 0 1 0 1 0 0 1 0 0 1 1 1 0 0 1 1 0 1 0 0
135	2	 0 1 0 1 1 1 1 0 1 1 1 0 1 0 1 1 1 0 1 0
135	3	 1 1 0 1 1 0 1 0 0 1 1 0 0 0 1 1 0 0 0 0
135	2	 1 0 0 1 0 0 1 0 1 0 1 0 0 0 1 1 0 0 0 0
135	3	 1 0 0 0 0 0 0 0 0 1 1 1 0 0 1 1 0 0 0 0
135	3	 1 0 1 1 0 0 1 0 0 1 0 1 1 0 1 1 0 0 0 0
135	2	 0 1 0 1 0 0 1 0 1 0 1 0 0 0 1 1 0 0 0 0
135	2	 0 1 0 0 0 0 1 0 0 1 1 1 0 0 0 1 0 0 0 0
135	1	 1 1 0 1 0 0 1 0 0 0 1 0 0 0 0 1 0 0 0 0
135	3	 1 1 0 1 0 0 0 0 0 0 1 0 1 0 1 1 0 0 0 0
135	1	 0 0 0 1 1 0 1 0 0 1 0 1 0 0 1 1 0 0 0 0
135	2	 1 1 0 1 0 0 0 0 0 0 0 0 0 0 1 1 1 0 0 0
135	2	 0 0 1 1 0 0 0 1 0 0 1 0 0 0 1 1 0 0 0 0
135	2	 1 0 0 0 0 0 0 0 1 0 1 0 1 0 1 1 0 0 1 0
135	1	 1 1 1 1 0 0 0 0 0 1 0 0 0 1 1 1 0 0 0 0
135	5	 1 1 0 1 0 0 0 0 0 0 1 0 0 1 1 1 0 1 0 0
135	2	 1 1 0 1 0 1 1 0 0 1 1 1 0 0 0 1 0 0 1 0
135	5	 0 1 1 1 0 0 1 0 0 1 0 0 0 0 1 0 0 0 0 0
135	2	 0 1 0 1 1 1 1 0 0 1 0 1 0 0 1 1 0 1 0 0
135	1	 0 1 0 1 1 0 1 0 0 1 0 1 0 0 1 1 0 1 1 0
135	1	 0 0 0 1 0 0 0 0 1 0 1 0 0 0 1 1 1 0 0 0
135	2	 1 0 0 1 0 0 1 1 0 1 0 1 1 1 1 0 0 1 0 0
135	3	 0 1 0 1 0 1 1 0 0 1 1 1 0 0 1 0 0 0 0 0
135	1	 0 1 0 1 0 0 1 0 1 0 1 0 1 0 1 1 0 0 0 0
135	1	 1 1 1 1 0 0 0 0 0 0 1 0 0 1 1 1 0 0 0 0
135	1	 0 0 1 0 0 0 0 0 1 0 1 0 1 0 1 1 0 1 0 0
135	1	 1 1 0 1 0 0 0 0 0 1 0 0 0 0 1 1 0 0 0 0
135	3	 1 0 0 0 0 0 1 0 1 0 1 0 1 0 1 1 0 0 0 0
135	1	 1 0 0 0 0 0 0 0 1 0 1 0 1 0 1 1 0 1 0 0
135	1	 0 1 0 1 0 0 1 0 0 1 1 1 0 0 1 0 0 0 0 0
135	1	 0 0 1 0 0 0 0 0 1 0 1 1 0 0 1 1 0 0 0 0
135	1	 1 0 1 1 0 0 1 0 0 1 0 0 0 1 1 1 0 0 0 1
135	1	 1 1 1 1 1 0 0 0 0 0 0 0 0 0 1 1 0 0 0 0
135	1	 1 1 1 1 0 0 1 0 0 0 1 1 0 0 1 1 0 0 0 0
135	3	 0 1 0 1 0 0 1 0 1 1 1 0 0 0 1 1 0 0 0 0
250	82	 1 1 1 1 0 0 1 0 0 1 0 0 0 1 1 1 0 0 0 0
250	4	 1 1 0 1 1 0 1 0 0 1 1 1 0 0 0 1 0 0 1 0
250	2	 1 1 0 1 0 0 1 0 0 1 1 0 0 0 1 1 0 0 0 0
250	135	 1 1 1 1 0 0 1 0 0 1 1 0 0 1 1 1 0 0 0 0
250	7	 0 1 0 1 0 0 1 0 0 1 1 1 0 0 0 1 0 0 1 0
250	29	 1 1 0 1 0 0 0 0 0 1 1 1 0 0 1 1 0 0 0 0
250	2	 0 1 1 1 1 0 1 0 0 1 0 1 1 0 1 1 0 0 0 0
250	49	 1 1 1 1 0 0 1 1 0 1 1 1 0 1 1 1 0 0 0 0
250	10	 0 0 0 1 0 0 0 0 1 0 1 0 1 0 1 1 0 0 0 0
250	23	 1 1 1 1 0 0 1 0 0 1 1 0 1 0 1 1 0 0 0 0
250	8	 1 1 1 1 0 0 1 0 0 1 0 0 1 1 1 1 0 0 0 0
250	7	 1 1 1 1 0 0 1 0 0 1 1 1 0 1 1 1 0 0 0 0
250	7	 0 1 0 1 0 0 0 0 0 1 0 0 0 0 1 0 0 0 0 0
250	2	 1 1 0 1 0 0 1 1 0 1 0 0 0 1 1 1 0 0 0 0
250	29	 1 1 1 1 0 0 1 0 0 1 0 0 1 0 1 1 0 0 0 0
250	9	 1 1 1 1 0 0 1 0 0 1 1 1 1 0 1 1 0 0 0 0
250	8	 1 1 1 1 0 0 1 0 0 1 0 1 0 1 1 1 0 0 0 0
250	14	 1 1 1 1 0 0 1 1 0 1 1 0 0 1 1 1 0 0 0 0
250	13	 0 1 1 1 0 0 1 0 0 1 1 1 1 0 1 1 0 0 0 0
250	2	 1 1 1 1 0 1 1 0 0 1 0 1 0 1 1 1 0 0 0 0
250	5	 0 1 1 1 0 0 1 0 0 1 0 0 0 0 1 0 0 0 0 0
250	2	 1 0 0 1 0 0 1 1 0 1 1 1 0 1 1 1 0 0 0 0
250	4	 1 1 1 1 0 0 1 0 0 1 0 0 0 0 1 1 0 0 0 0
250	17	 1 1 1 1 0 0 1 0 0 1 1 0 0 0 1 1 0 0 0 0
250	16	 1 1 1 1 0 0 1 0 0 1 0 0 0 1 1 1 0 1 0 0
250	20	 1 1 0 1 0 0 1 0 0 1 1 0 0 0 1 1 1 0 0 0
250	11	 1 1 1 1 0 0 1 1 0 1 1 1 0 1 1 0 0 0 0 0
250	1	 0 1 0 1 0 0 1 0 0 1 0 0 0 0 1 0 0 0 0 0
250	1	 0 1 1 1 0 0 1 0 0 1 1 1 0 0 1 0 0 0 1 0
250	7	 1 1 1 1 0 0 1 1 0 1 1 1 0 1 1 1 0 1 0 0
250	5	 1 1 1 1 0 0 1 0 1 1 0 0 0 1 1 1 0 0 0 0
250	3	 1 0 1 1 0 0 1 1 0 1 1 1 0 1 1 1 0 0 1 0
250	10	 0 1 0 1 0 1 0 0 0 1 0 0 0 0 1 0 0 0 0 0
250	5	 1 1 1 1 0 0 1 1 0 1 1 1 0 1 1 1 0 0 0 1
250	6	 1 1 1 1 0 0 0 0 0 1 1 0 0 1 1 1 0 1 0 1
250	10	 0 1 0 1 0 0 1 0 0 1 0 0 0 1 1 1 0 0 0 0
250	5	 1 1 0 1 1 0 0 0 0 1 0 0 0 1 1 1 0 0 0 0
250	2	 1 1 0 1 1 0 1 0 0 1 1 1 0 0 0 1 0 0 0 0
250	13	 1 1 1 1 0 0 1 1 0 1 1 0 0 1 1 1 0 0 0 1
250	6	 1 1 1 1 0 0 1 1 1 1 1 1 0 1 1 0 0 0 0 0
250	4	 1 1 1 1 0 0 1 0 0 1 1 1 0 0 1 0 0 0 0 0
250	1	 1 1 1 1 0 0 1 0 0 1 0 0 0 1 1 1 0 0 0 1
250	2	 0 1 0 1 0 0 1 0 1 1 0 0 0 0 1 0 1 0 0 0
250	10	 1 1 1 1 0 0 1 0 0 1 0 0 0 0 1 0 0 0 0 0
250	38	 1 1 1 1 0 0 1 0 1 1 1 0 0 1 1 0 0 0 0 0
250	7	 1 1 1 1 0 0 1 0 0 1 1 0 1 1 1 1 0 0 0 0
250	4	 1 1 1 1 0 0 1 1 0 1 0 1 0 1 1 1 0 0 0 0
250	2	 1 0 0 1 0 0 1 1 0 1 0 1 0 1 1 1 0 0 0 0
250	16	 1 1 0 1 0 0 1 0 0 1 1 1 0 1 1 1 0 0 0 0
250	20	 0 1 0 1 0 0 1 0 0 1 1 1 0 0 0 1 1 0 1 0
250	4	 1 1 0 1 0 0 1 1 0 1 1 1 0 1 1 1 0 0 0 0
250	7	 0 1 1 1 0 0 1 0 0 1 1 1 0 0 1 0 0 1 1 0
250	2	 1 0 1 1 0 0 1 0 0 1 1 1 0 0 1 0 0 0 1 1
250	5	 1 1 0 1 0 0 0 0 0 1 1 0 1 0 1 1 0 0 0 0
250	8	 1 0 1 1 0 0 1 0 0 1 1 1 0 1 1 1 0 0 1 0
250	2	 1 1 0 1 0 0 0 0 0 1 0 0 0 1 1 0 0 0 0 0
250	3	 1 1 1 1 0 0 1 0 0 0 1 0 0 1 1 1 0 0 0 0
250	9	 0 1 1 1 0 0 1 0 0 1 1 0 1 0 1 1 0 0 0 0
250	6	 1 1 1 1 0 0 0 1 1 1 0 0 0 1 1 1 0 0 0 0
250	4	 1 1 1 1 0 0 1 0 0 1 1 0 0 1 1 1 1 0 0 0
250	14	 1 1 1 1 0 0 1 0 0 1 1 1 0 1 1 1 0 0 0 1
250	12	 1 1 0 1 0 0 0 0 0 1 0 0 0 0 1 1 0 0 0 0
250	5	 1 1 1 1 0 0 1 0 0 1 1 0 0 1 0 1 0 0 0 0
250	1	 1 1 1 1 0 0 0 1 1 1 1 0 0 1 1 0 0 0 0 0
250	7	 0 1 1 1 0 0 1 0 0 1 0 1 0 0 1 1 0 0 0 0
250	2	 0 1 0 1 1 0 0 0 0 1 0 1 0 0 1 1 0 1 0 1
250	2	 0 1 1 1 0 0 1 0 0 1 1 0 0 1 1 1 1 0 0 0
250	1	 1 1 1 1 0 0 0 0 0 1 1 1 0 0 1 0 0 0 0 0
250	1	 1 1 1 1 0 0 1 0 0 1 1 1 0 0 1 1 0 0 0 0
250	1	 1 1 1 1 0 0 1 0 0 1 1 1 0 0 0 1 1 0 1 0
250	3	 0 1 1 1 0 0 1 0 0 1 1 0 0 1 1 1 0 0 0 0
250	2	 1 1 1 1 0 0 0 1 1 1 1 1 0 1 1 1 0 0 0 0
250	3	 1 1 1 1 0 0 1 0 0 1 1 0 0 1 1 0 0 1 0 0
250	4	 1 1 0 1 1 0 1 0 0 1 1 1 0 0 1 1 0 1 0 0
250	20	 1 1 1 1 0 0 1 0 0 1 1 0 0 1 1 1 0 0 0 1
250	7	 1 1 1 1 1 0 1 0 0 1 1 1 0 0 0 1 0 0 1 0
250	5	 1 1 1 1 0 0 0 1 0 1 1 0 0 1 1 1 0 0 0 1
250	1	 1 1 1 1 0 0 1 0 0 1 0 0 0 1 1 1 0 0 1 0
250	6	 1 1 0 1 1 0 1 0 0 1 0 1 0 0 0 1 0 0 1 0
250	2	 1 1 1 1 0 0 1 0 0 1 1 0 0 1 1 1 0 0 1 0
250	3	 1 1 1 1 0 0 0 0 0 1 1 0 0 1 1 1 0 0 0 0
250	10	 1 1 1 0 0 0 1 0 0 1 1 0 0 1 1 1 0 0 0 0
250	5	 1 1 0 1 1 0 0 0 0 1 0 0 0 1 1 1 0 0 0 1
250	7	 1 1 0 1 0 0 1 0 0 1 0 0 0 1 1 1 0 0 0 1
250	3	 0 1 1 1 0 0 1 0 0 1 0 1 0 1 1 0 0 0 0 0
250	4	 0 0 1 1 0 0 1 1 0 1 0 0 0 1 1 1 1 0 0 0
250	1	 1 1 1 1 0 0 1 0 0 0 0 0 0 1 1 1 0 0 0 0
250	13	 1 1 0 1 0 0 1 0 0 0 1 0 0 0 1 1 0 0 0 0
250	1	 1 1 1 1 0 0 1 0 0 1 0 0 0 1 1 1 1 0 0 1
250	3	 0 1 1 1 0 0 1 1 1 1 1 1 0 1 1 0 0 0 0 0
250	3	 1 1 1 1 0 0 1 0 1 1 1 0 0 1 1 1 0 0 0 0
250	1	 0 1 1 1 1 1 1 0 0 1 0 1 1 0 1 1 0 0 0 0
250	4	 1 1 1 1 0 0 1 1 0 1 1 1 1 1 1 1 0 0 0 0
250	1	 1 1 1 1 0 0 0 0 0 1 0 0 1 1 1 1 0 0 0 0
250	6	 0 1 0 1 0 1 0 0 0 1 0 0 0 0 1 0 0 1 0 0
250	1	 0 1 0 1 0 1 1 0 0 1 0 0 0 1 1 1 0 0 0 0
250	2	 1 1 1 1 0 0 1 0 0 1 1 0 0 1 1 1 0 1 0 0
250	2	 0 1 0 1 0 0 1 0 0 1 1 1 0 0 1 1 0 0 1 0
250	2	 1 1 0 1 0 0 0 0 1 1 1 1 0 0 1 1 0 0 0 0
250	4	 1 1 1 1 0 0 1 1 0 0 1 1 0 1 1 1 0 0 0 0
250	6	 0 1 1 1 0 0 1 0 0 1 1 1 0 1 1 1 0 0 0 0
250	1	 0 1 0 1 0 0 1 0 0 1 1 1 0 0 1 0 0 0 1 0
250	2	 0 1 0 1 0 1 0 1 0 1 0 0 0 0 1 0 0 0 0 0
250	1	 1 1 0 1 0 0 0 0 0 1 1 0 0 1 1 1 0 1 0 1
250	8	 1 0 1 1 0 0 1 1 1 1 1 1 0 1 1 0 0 0 0 0
250	4	 1 1 1 1 0 0 1 0 1 1 1 0 0 1 1 0 1 0 0 0
250	1	 0 1 1 1 0 0 1 0 0 1 0 0 0 0 1 1 0 0 0 0
250	3	 0 1 0 1 1 0 0 0 0 0 0 1 0 0 1 1 0 1 0 1
250	2	 1 1 1 1 0 0 1 0 0 1 1 0 0 0 1 1 1 0 0 0
250	3	 0 1 1 1 0 0 1 0 0 1 1 0 0 0 1 1 0 0 0 0
250	2	 1 0 1 1 0 0 1 0 0 1 1 0 0 1 1 1 0 0 0 0
250	5	 0 1 0 1 0 0 1 0 0 1 0 0 0 1 1 1 0 0 0 1
250	7	 1 1 1 1 0 0 1 0 0 1 0 0 0 1 1 0 0 0 0 0
250	4	 0 1 0 1 0 1 0 0 0 1 0 0 0 0 1 1 0 0 0 0
250	3	 0 1 0 1 0 0 1 0 1 1 0 0 0 1 1 1 0 0 1 0
250	1	 0 1 0 1 1 0 0 0 0 1 0 0 0 1 1 1 0 0 0 0
250	2	 0 1 0 1 0 0 1 1 0 1 1 1 0 0 0 1 0 0 1 0
250	1	 1 1 1 1 0 0 1 1 1 1 1 1 0 1 1 1 0 0 0 0
250	1	 1 1 1 1 0 0 1 1 0 1 1 1 0 1 0 1 0 1 0 0
250	1	 0 1 1 1 0 0 1 1 0 1 1 0 0 1 1 1 0 0 0 0
250	1	 1 1 0 1 0 0 1 0 1 1 1 1 0 1 1 0 0 0 0 0
250	1	 1 1 1 1 0 0 1 1 0 0 0 1 0 1 1 1 0 0 0 0
250	1	 1 1 0 1 0 0 1 0 0 1 0 0 0 0 1 0 0 1 0 0
250	3	 0 1 0 1 0 0 1 0 0 1 1 1 0 0 1 0 0 0 0 0
250	1	 1 1 1 1 1 0 1 0 0 1 0 0 0 1 1 1 0 0 0 0
250	1	 1 1 0 1 1 0 1 0 0 1 1 1 0 0 0 1 1 0 1 0
250	1	 1 1 0 1 0 0 0 0 0 1 1 0 0 0 1 1 0 0 0 0
250	2	 1 1 1 1 1 0 1 0 0 1 1 0 0 1 1 1 0 0 0 0
250	1	 1 0 1 1 0 0 1 1 0 1 1 1 0 1 1 1 0 0 0 0
250	1	 0 1 1 1 0 0 1 0 1 1 0 0 0 0 1 0 0 0 0 0
250	1	 1 1 1 0 0 0 1 1 0 1 1 1 0 1 1 0 0 0 0 0
250	1	 1 1 1 0 0 0 1 1 0 1 1 1 0 1 1 1 0 0 0 1
250	1	 0 1 0 1 0 0 1 0 0 1 0 0 0 1 1 1 0 1 0 0
250	3	 1 1 1 1 0 0 0 0 0 1 1 0 0 1 1 1 1 0 0 0
250	2	 1 1 1 1 0 1 1 0 0 1 1 1 0 1 1 1 0 0 0 1
250	1	 0 1 0 1 0 0 0 0 0 1 1 1 0 0 1 1 0 0 1 0
400	26	 1 1 1 1 0 0 1 0 0 1 1 0 0 1 1 1 0 0 0 0
400	15	 1 1 1 1 0 0 1 0 0 1 1 0 0 0 1 1 0 0 0 0
400	39	 1 1 1 1 0 0 1 1 0 1 1 1 0 1 1 0 0 0 0 0
400	2	 1 1 1 1 0 0 1 0 0 1 1 0 0 1 1 1 0 0 0 1
400	22	 1 1 1 1 0 0 0 1 0 1 1 1 1 1 1 1 0 0 0 0
400	72	 1 1 1 1 0 0 1 0 0 1 1 1 0 0 1 1 0 0 0 0
400	36	 1 1 1 1 0 0 1 1 0 1 1 1 0 1 1 1 0 0 0 0
400	39	 1 1 1 1 0 0 1 1 0 1 1 0 0 1 1 1 0 0 0 0
400	4	 0 1 1 1 0 0 1 0 0 1 1 1 0 0 1 1 0 0 0 0
400	9	 1 1 1 1 0 0 1 0 0 1 1 1 0 0 1 1 0 1 0 0
400	7	 1 1 1 1 0 0 0 0 0 1 0 0 0 0 1 1 0 0 0 0
400	11	 1 1 1 1 0 0 0 0 0 1 0 1 0 0 1 1 0 0 0 0
400	6	 1 1 1 1 0 0 1 0 0 1 1 0 0 0 1 1 1 0 0 0
400	6	 1 1 1 1 1 0 0 0 0 1 1 0 0 1 1 1 0 0 0 0
400	38	 1 1 1 1 0 0 1 1 0 1 1 0 0 1 1 0 0 0 0 0
400	36	 1 1 1 1 0 0 1 0 1 0 1 0 0 1 1 1 0 0 0 0
400	11	 0 1 1 1 0 0 1 0 0 1 1 1 0 1 1 0 0 0 0 0
400	10	 1 1 1 1 0 0 1 0 0 1 1 1 1 0 1 1 0 0 0 0
400	14	 1 1 1 1 0 0 1 0 1 1 1 1 0 0 1 1 0 0 0 0
400	35	 1 1 1 1 0 0 1 1 0 1 0 1 0 1 1 0 0 0 0 0
400	21	 1 1 1 1 0 0 1 1 0 1 1 0 0 0 1 1 0 0 0 0
400	25	 1 1 0 1 0 0 1 0 0 1 1 1 0 1 1 0 0 0 0 0
400	4	 1 1 1 1 0 0 0 0 0 1 0 0 0 1 1 1 0 0 0 0
400	17	 1 1 1 1 0 0 0 1 0 1 1 1 0 1 1 0 0 0 0 0
400	3	 1 1 1 1 0 0 1 1 0 1 0 0 0 0 1 1 0 0 0 0
400	34	 1 1 1 1 0 0 0 0 1 1 1 1 0 0 1 1 0 0 0 0
400	10	 1 1 1 1 0 0 0 0 0 1 1 1 0 0 1 1 0 1 0 0
400	8	 1 1 0 1 0 1 1 1 0 1 1 0 0 1 1 1 1 0 0 0
400	1	 1 1 1 1 1 0 0 0 0 1 1 0 0 1 1 0 0 0 0 0
400	14	 1 1 1 1 0 0 1 1 0 1 1 0 0 0 1 0 0 0 0 0
400	2	 1 1 1 1 0 0 1 0 1 1 1 1 0 0 1 1 0 1 0 0
400	9	 1 1 1 1 0 1 1 0 0 1 1 1 0 0 1 1 0 0 0 0
400	8	 1 1 1 1 0 0 1 0 0 1 1 1 0 1 1 1 0 1 0 0
400	1	 1 1 0 1 0 0 0 1 0 1 1 1 1 1 1 1 0 1 0 0
400	8	 1 1 1 1 0 0 1 0 1 0 1 1 0 1 0 1 0 0 0 0
400	1	 1 0 0 1 0 0 1 0 0 1 1 0 0 1 1 1 0 0 0 0
400	1	 1 1 0 0 1 0 0 0 0 1 1 1 0 1 1 1 0 0 0 0
400	3	 1 1 1 1 0 0 1 1 1 0 1 0 0 1 1 1 0 0 0 0
400	16	 1 1 1 1 0 0 0 1 0 1 1 0 0 0 1 1 0 0 0 0
400	4	 1 1 1 1 0 0 1 0 0 1 0 1 0 0 1 1 0 0 0 0
400	3	 1 1 1 1 0 0 0 1 0 1 1 1 1 1 1 1 0 0 0 1
400	31	 1 1 1 1 0 0 1 1 0 1 1 1 0 1 1 1 0 1 0 0
400	14	 1 1 1 1 0 0 1 0 1 1 1 1 0 0 1 1 0 0 0 1
400	4	 1 1 1 1 1 0 0 0 0 1 1 1 0 1 1 0 0 0 0 0
400	7	 1 1 1 1 0 0 1 1 0 1 1 0 0 0 0 1 0 0 0 0
400	6	 1 1 0 1 0 0 1 1 0 1 1 0 0 1 1 1 1 0 0 0
400	3	 1 1 1 1 0 0 0 0 0 1 1 0 0 0 1 1 0 0 0 0
400	6	 1 1 1 1 0 0 0 1 0 1 1 0 0 1 1 1 0 0 0 0
400	4	 1 1 1 1 0 0 0 0 1 1 1 1 1 0 1 1 0 0 0 0
400	24	 1 1 1 1 1 0 1 0 0 1 1 0 0 1 1 1 0 0 0 0
400	3	 1 1 1 1 0 0 1 0 1 1 1 0 0 1 1 1 0 0 0 0
400	36	 1 1 1 1 0 0 1 1 0 1 1 1 1 1 1 0 0 0 0 0
400	8	 1 1 1 1 0 0 1 1 0 1 1 0 1 1 1 1 0 0 0 0
400	6	 1 1 1 1 0 0 1 1 0 1 1 1 0 0 1 1 0 0 0 0
400	10	 1 1 1 1 0 0 0 0 0 1 1 0 0 1 1 1 0 0 0 1
400	6	 1 1 1 1 0 0 1 0 0 1 1 0 1 0 1 1 0 0 0 0
400	1	 1 1 1 1 0 0 0 1 0 1 1 1 0 0 1 1 0 0 0 0
400	3	 1 1 1 1 0 0 1 0 0 1 1 1 1 1 1 1 0 0 0 0
400	4	 1 1 1 1 0 1 1 0 1 1 1 1 0 0 1 1 0 0 0 0
400	10	 1 1 1 1 1 0 0 0 0 1 1 0 0 1 1 1 0 1 0 0
400	15	 1 1 0 1 0 0 1 0 1 1 1 1 0 0 1 1 0 0 0 0
400	4	 1 1 0 1 1 0 1 0 0 1 1 1 0 1 1 0 0 0 0 0
400	5	 1 1 1 1 0 0 1 0 0 1 1 0 0 0 1 0 0 0 0 0
400	1	 1 1 1 1 0 0 1 1 0 1 1 0 0 0 1 0 0 0 0 1
400	7	 1 1 1 1 0 0 1 0 1 0 1 1 0 0 1 1 0 0 0 0
400	1	 1 1 1 1 0 0 0 1 0 1 1 0 0 1 1 0 0 0 0 0
400	3	 1 1 1 1 0 0 0 0 1 1 1 1 1 0 1 0 0 0 0 0
400	6	 1 1 1 1 0 0 1 0 0 1 1 0 0 1 0 1 0 0 0 0
400	7	 1 1 1 1 0 0 1 0 0 0 1 0 0 1 1 1 0 0 0 1
400	9	 1 1 1 1 0 0 0 0 0 1 1 1 1 1 1 1 0 0 0 0
400	10	 1 1 1 0 0 0 1 0 0 1 1 1 0 0 1 1 0 0 0 0
400	6	 1 1 1 1 0 0 0 0 0 1 0 1 0 0 1 1 0 0 0 1
400	8	 1 1 1 1 0 0 0 0 1 0 1 1 0 0 1 1 0 0 0 0
400	1	 1 1 1 1 0 0 1 0 1 0 0 1 0 1 0 1 0 0 0 0
400	7	 1 1 1 1 0 0 1 0 0 1 1 0 0 1 1 1 0 1 0 0
400	2	 0 1 1 1 0 0 1 1 0 1 1 0 0 1 1 1 0 0 0 0
400	6	 0 1 1 1 0 0 0 0 0 1 0 1 0 0 1 1 0 0 0 0
400	5	 1 1 1 1 0 1 1 1 0 1 1 0 0 1 1 1 1 0 0 0
400	4	 1 1 1 1 0 0 1 1 0 1 1 0 0 0 1 0 1 0 0 0
400	1	 1 1 0 1 0 1 1 1 0 1 1 1 0 1 1 0 0 0 0 0
400	3	 1 1 0 1 0 0 0 0 0 0 1 1 0 0 1 1 0 0 0 0
400	8	 1 1 1 1 0 0 1 1 0 1 1 1 0 0 1 1 0 0 1 0
400	1	 1 1 1 1 1 0 0 0 0 1 1 0 0 1 1 0 1 0 0 0
400	2	 1 1 0 1 0 0 1 0 0 1 1 0 0 1 1 1 1 0 0 0
400	2	 1 1 1 1 1 0 1 0 0 1 1 0 0 1 0 1 0 0 0 0
400	1	 1 1 1 1 1 1 0 0 0 1 1 0 0 1 0 0 0 0 0 0
400	4	 1 1 1 1 0 0 1 1 0 1 1 0 0 1 1 1 1 0 0 0
400	1	 1 1 1 1 0 0 0 0 0 1 1 0 0 0 1 0 0 0 0 0
400	1	 1 1 1 1 0 1 1 1 0 1 1 1 0 1 1 0 0 0 0 0
400	4	 1 1 1 1 0 0 1 1 0 1 1 1 1 1 1 1 0 0 0 0
400	2	 1 1 1 1 0 0 1 0 0 1 1 1 0 0 1 0 0 0 0 0
400	4	 1 1 1 1 1 0 1 1 0 1 1 1 0 1 1 1 0 0 0 0
400	2	 1 0 1 1 0 0 1 1 0 1 1 1 0 1 1 1 0 0 0 0
400	4	 1 1 1 1 0 0 1 1 0 1 0 0 0 1 1 1 0 0 0 0
400	2	 1 1 1 1 1 0 1 1 0 1 0 1 0 1 1 0 0 0 0 0
400	2	 1 1 0 1 0 0 1 0 0 1 1 1 0 1 1 0 1 0 0 0
400	1	 1 1 1 1 0 0 0 0 0 1 1 1 1 0 1 1 0 1 0 0
400	3	 1 1 1 1 0 0 1 0 1 1 1 0 0 1 1 1 0 1 0 0
400	1	 1 1 1 1 0 0 1 1 0 1 1 1 1 1 1 0 0 1 0 0
400	1	 1 1 1 1 0 0 0 1 0 1 1 0 0 0 1 1 0 1 0 0
400	2	 1 1 1 0 1 0 1 0 0 1 1 0 0 1 1 1 0 0 0 0
400	1	 1 1 0 1 0 0 1 0 0 1 1 0 0 1 1 1 0 0 0 1
400	1	 1 0 1 1 0 0 0 0 0 1 0 0 0 0 1 1 0 0 0 0
400	1	 1 1 1 1 0 0 0 0 0 0 1 1 0 0 1 1 0 1 0 0
400	1	 1 1 1 1 0 0 1 1 0 1 1 1 0 0 1 0 0 0 0 0
400	1	 1 1 1 1 0 0 1 1 1 1 1 1 0 0 1 1 0 0 0 1
400	3	 1 1 1 1 1 1 1 0 0 1 1 0 0 1 1 1 0 0 0 0
400	1	 0 1 1 1 0 0 0 1 0 1 0 0 0 0 1 0 0 0 0 0
400	1	 1 1 1 1 0 0 1 0 0 1 1 0 1 0 1 0 0 0 0 0
400	1	 1 1 1 1 0 1 0 0 0 1 0 1 0 0 1 1 0 0 0 1
400	1	 1 0 0 1 0 0 1 0 0 1 1 1 1 1 1 0 0 0 0 0
400	2	 1 1 1 0 1 0 1 0 0 1 1 0 0 0 1 1 0 0 0 0
400	2	 1 1 1 1 0 0 1 0 1 1 1 1 0 1 1 0 0 0 0 0
400	1	 1 1 1 1 0 1 1 0 0 1 1 0 0 1 1 1 0 0 0 0
400	1	 1 1 1 1 0 0 1 1 0 0 0 1 0 1 1 0 0 0 0 0
400	1	 1 1 1 1 0 0 1 0 1 1 1 0 0 1 1 1 0 0 0 1
400	4	 1 1 1 1 0 0 0 0 0 0 1 0 0 1 1 1 0 0 0 1
400	1	 1 1 1 1 0 0 1 0 0 1 1 0 1 1 1 1 0 0 0 0
590	117	 1 1 1 1 0 0 1 1 0 1 1 1 0 1 1 0 0 0 0 0
590	9	 1 1 1 1 0 0 1 1 0 1 1 1 0 1 1 1 0 0 0 0
590	15	 1 1 1 1 0 0 1 1 0 1 1 0 0 1 1 0 0 0 0 0
590	18	 1 1 1 0 0 0 1 0 0 1 1 1 0 1 1 0 0 0 0 0
590	4	 1 1 1 1 0 0 0 1 0 1 1 0 0 1 1 1 0 0 0 1
590	61	 1 1 1 1 0 0 1 1 0 1 1 1 0 0 1 0 0 0 0 0
590	2	 1 1 1 1 0 0 1 0 0 1 1 0 0 0 1 1 0 0 0 0
590	11	 1 1 1 1 0 0 1 1 0 1 0 1 0 0 1 0 0 0 0 0
590	22	 1 1 1 1 0 0 1 0 0 0 1 1 0 0 1 0 0 0 0 1
590	29	 1 1 1 0 0 0 1 1 0 1 1 0 0 0 1 1 0 0 0 0
590	7	 1 1 1 0 0 0 1 0 0 1 1 1 0 1 1 0 0 0 0 1
590	23	 1 1 1 1 0 0 1 1 0 1 1 0 0 0 1 0 0 0 0 0
590	2	 0 1 1 1 0 0 1 1 0 1 1 1 0 1 1 0 1 1 0 0
590	9	 1 1 1 1 1 1 1 1 0 1 1 1 0 1 1 1 0 0 0 0
590	4	 1 1 1 1 0 0 1 1 0 1 1 1 0 0 1 0 0 0 0 1
590	7	 1 1 1 1 0 0 1 1 0 1 0 0 1 0 1 0 0 0 0 0
590	4	 1 1 1 1 0 0 1 0 0 1 1 1 0 0 1 0 0 0 0 0
590	12	 1 1 1 1 0 0 1 0 0 0 1 1 0 0 1 0 0 0 0 0
590	11	 1 1 1 0 0 0 0 1 0 1 1 0 0 0 1 1 0 0 0 0
590	15	 1 1 1 1 0 0 1 1 0 0 1 1 0 1 1 0 0 0 0 0
590	36	 1 1 1 1 0 0 1 1 0 0 0 0 0 0 1 1 0 0 0 0
590	11	 1 1 0 0 0 0 0 0 0 1 1 0 1 1 1 1 0 0 0 0
590	19	 1 1 1 0 0 1 1 1 0 1 1 0 0 0 1 1 0 0 0 0
590	9	 1 1 1 1 0 0 1 1 1 1 1 0 0 1 1 1 0 0 0 0
590	12	 1 1 1 1 1 0 1 1 1 1 1 0 0 1 1 1 0 1 0 0
590	1	 1 1 1 1 0 0 1 1 0 1 0 1 0 0 1 1 0 0 1 1
590	4	 1 1 1 1 0 1 0 1 0 1 1 1 0 0 1 1 0 1 0 1
590	4	 0 1 1 1 0 1 0 1 0 1 1 1 0 1 1 1 0 1 0 0
590	7	 1 1 1 1 0 0 1 0 0 1 1 1 0 0 1 0 0 0 1 0
590	7	 1 1 1 0 0 0 1 1 0 1 1 0 0 1 1 0 0 0 0 0
590	26	 1 1 1 1 0 0 1 1 0 1 0 0 0 0 1 0 0 0 0 0
590	7	 1 1 1 1 0 0 0 0 0 1 1 1 0 0 1 1 0 0 0 1
590	6	 1 0 1 1 0 0 1 1 0 1 0 0 0 0 1 0 0 0 0 0
590	16	 1 1 1 1 0 0 0 1 0 1 1 1 0 0 1 0 0 0 0 0
590	3	 1 1 1 0 1 0 1 1 0 1 0 1 0 0 1 0 0 0 0 0
590	1	 1 1 1 1 0 0 0 1 0 0 1 0 0 1 1 0 0 0 0 0
590	14	 1 1 1 1 0 0 0 1 0 1 1 1 1 0 1 0 0 0 0 0
590	4	 0 1 1 1 0 0 0 1 0 1 1 1 0 0 1 0 0 0 0 0
590	5	 1 1 1 1 0 0 1 1 1 1 1 1 0 0 1 0 0 0 0 1
590	27	 1 1 0 0 0 0 0 0 0 1 1 1 0 1 1 0 0 0 0 0
590	4	 1 0 1 1 0 0 1 1 0 1 0 0 1 0 1 0 0 0 0 0
590	8	 0 1 1 1 0 0 1 1 0 1 1 1 0 1 1 0 0 0 0 0
590	2	 1 1 1 0 0 0 0 0 0 1 1 1 0 1 1 0 0 0 0 0
590	3	 0 1 1 0 0 0 1 1 0 1 0 0 1 0 1 0 0 0 0 0
590	1	 1 1 1 1 0 0 1 1 0 1 1 1 1 0 1 0 1 0 0 0
590	7	 1 1 1 0 0 0 0 0 0 1 1 0 1 1 1 1 0 0 0 0
590	6	 1 1 1 1 0 1 1 1 0 1 1 1 0 0 1 0 0 0 0 0
590	11	 1 1 1 1 0 0 1 1 0 1 1 0 0 0 1 0 1 0 0 0
590	3	 1 1 1 1 0 1 1 1 0 1 1 1 1 0 1 0 0 0 0 0
590	4	 1 1 1 0 0 0 0 1 0 1 1 0 0 0 1 0 0 0 0 0
590	3	 1 1 1 0 0 0 0 1 0 1 1 0 0 0 1 1 0 0 0 1
590	1	 1 1 1 1 0 0 0 0 0 0 1 1 0 0 1 0 1 0 0 1
590	7	 1 1 1 1 0 0 0 1 0 1 1 1 0 1 1 0 0 0 0 0
590	12	 0 1 1 1 0 0 1 1 0 1 1 1 0 1 1 1 1 1 0 0
590	2	 0 1 1 1 0 0 1 1 0 1 1 1 0 1 0 0 1 1 0 0
590	1	 0 1 1 1 0 0 1 1 0 1 1 0 0 1 1 0 0 0 0 0
590	9	 0 1 1 1 0 0 1 1 0 1 0 0 0 0 1 0 0 0 0 0
590	30	 1 1 1 1 0 0 1 1 0 1 0 1 0 0 1 1 0 0 0 0
590	8	 1 1 1 1 0 0 1 1 0 1 1 1 0 1 1 1 1 1 0 0
590	14	 1 1 1 1 0 0 1 1 0 1 1 1 0 1 1 0 1 1 0 0
590	13	 1 1 1 0 0 0 1 1 0 1 1 1 0 0 1 1 0 0 0 0
590	1	 0 1 1 1 0 1 1 1 0 1 1 1 0 1 1 0 0 0 0 0
590	3	 1 1 1 1 0 0 1 1 0 1 1 1 0 0 1 0 0 1 0 0
590	7	 1 1 1 1 0 0 1 0 0 1 0 1 0 0 1 0 0 0 0 0
590	18	 1 1 1 1 0 0 1 1 0 0 0 0 0 0 1 0 0 0 0 0
590	1	 0 1 1 1 0 0 1 1 0 1 1 0 0 1 1 0 0 0 1 0
590	2	 1 1 1 1 0 1 1 1 0 1 1 1 0 1 1 0 0 0 0 0
590	3	 1 1 1 1 0 0 1 1 0 1 0 1 0 0 0 1 0 0 1 1
590	4	 1 1 1 0 0 0 0 1 1 0 1 1 0 1 1 0 0 0 0 0
590	6	 1 1 1 0 0 0 0 1 0 1 1 1 1 0 1 0 0 0 0 0
590	2	 1 1 1 1 0 0 1 1 1 1 1 1 0 0 1 1 0 0 0 0
590	13	 1 1 1 1 0 0 1 1 0 1 1 0 0 1 1 1 0 0 0 0
590	4	 1 1 1 1 0 0 1 1 0 1 0 1 0 1 1 0 0 0 0 0
590	8	 1 0 1 1 0 0 1 1 1 1 1 0 0 1 1 1 0 0 0 0
590	19	 1 1 1 0 0 0 1 1 1 1 1 0 0 1 1 1 0 0 0 0
590	6	 1 1 1 1 0 0 0 1 0 1 1 1 0 1 1 1 0 0 0 0
590	3	 1 1 1 0 0 0 0 0 1 0 1 1 0 1 1 0 0 0 0 0
590	5	 1 1 1 1 1 0 1 1 0 1 1 1 0 1 1 1 1 1 0 0
590	1	 1 1 1 1 0 0 0 0 0 1 1 1 0 1 1 0 0 0 0 0
590	15	 0 1 1 0 0 0 1 1 0 1 1 0 0 0 1 1 0 0 0 0
590	1	 1 1 1 1 0 0 0 1 0 1 1 0 0 0 0 0 1 0 0 0
590	5	 1 1 0 0 0 0 0 0 0 1 1 1 0 1 1 0 0 0 0 1
590	2	 1 1 1 0 0 0 1 0 0 1 1 1 0 1 1 1 0 0 0 0
590	1	 1 0 1 1 0 0 1 0 0 1 1 0 0 0 1 1 0 0 0 0
590	3	 1 1 1 1 0 0 0 0 0 1 1 1 0 0 0 1 0 0 0 1
590	12	 1 1 1 1 0 0 0 1 0 1 1 1 1 0 1 0 0 0 1 0
590	4	 0 0 1 1 0 0 1 1 0 1 1 1 0 1 1 0 0 0 0 0
590	4	 1 1 1 1 0 0 1 1 0 1 1 0 0 1 1 1 1 1 0 0
590	2	 1 1 1 1 0 0 0 0 0 1 1 1 0 0 1 1 0 0 0 0
590	6	 1 1 1 1 0 0 1 1 1 0 0 0 0 0 1 1 0 0 0 0
590	4	 0 1 1 1 0 0 1 1 0 1 0 1 0 0 1 1 0 0 0 0
590	1	 1 1 1 1 0 1 1 0 0 1 1 1 0 0 1 0 0 0 0 0
590	8	 1 1 1 0 0 1 1 1 1 1 1 0 0 0 1 1 0 0 0 0
590	2	 1 1 1 1 0 0 1 1 0 1 1 1 1 0 1 0 0 0 0 0
590	1	 1 1 1 1 0 0 0 0 0 1 1 1 0 0 1 1 0 1 0 1
590	2	 1 1 1 1 0 0 0 1 0 1 0 1 0 0 1 0 0 0 0 0
590	5	 1 1 1 0 1 0 1 1 0 1 0 1 0 0 1 0 0 0 0 1
590	2	 1 1 1 1 0 0 0 0 0 0 0 1 0 0 1 0 1 0 0 1
590	2	 1 1 1 0 0 0 1 0 0 1 1 1 0 1 1 0 1 0 0 1
590	2	 1 1 1 1 0 0 1 1 1 1 1 1 0 1 1 0 0 0 0 0
590	1	 1 1 1 0 0 0 1 1 0 1 1 1 0 1 1 0 0 0 0 0
590	2	 1 1 1 1 0 0 0 0 0 0 1 1 0 1 1 0 0 0 0 0
590	3	 1 1 1 0 0 0 1 1 0 1 1 1 0 0 1 0 0 0 0 0
590	3	 1 1 1 1 0 0 1 0 0 1 1 1 0 1 1 1 0 0 0 0
590	3	 1 1 1 1 0 0 1 0 0 0 0 1 0 0 1 0 0 0 0 1
590	1	 1 0 1 0 0 0 0 1 0 1 1 0 0 0 1 1 0 0 0 0
590	3	 0 1 1 0 0 0 0 1 0 1 1 0 0 0 1 1 0 0 0 0
590	1	 1 1 1 1 0 0 1 0 0 1 1 1 0 0 1 1 0 0 0 1
590	1	 1 1 1 1 0 0 0 0 0 1 1 1 0 1 1 1 0 0 0 1
590	4	 1 1 1 1 0 0 0 1 0 1 1 0 0 0 1 0 1 0 0 0
590	1	 1 1 1 1 0 0 1 0 0 1 0 1 0 0 1 0 0 1 0 0
590	1	 1 0 1 0 0 0 0 1 0 1 1 1 1 0 1 0 0 0 0 0
590	1	 1 1 1 1 0 1 1 1 0 1 0 1 0 1 1 0 0 0 0 0
590	2	 1 1 1 1 0 0 1 1 0 0 0 0 0 0 1 1 1 0 0 1
590	2	 0 1 1 0 0 0 1 1 0 1 1 0 0 0 0 1 0 0 0 0
590	1	 0 1 1 1 0 0 0 1 0 1 1 1 0 1 1 0 0 0 0 0
590	1	 0 1 1 1 0 0 1 1 0 0 0 0 0 0 1 0 0 0 0 0
590	2	 1 1 1 1 0 0 1 0 1 1 1 0 0 0 1 0 0 0 0 0
590	1	 1 1 1 1 0 0 1 1 0 1 1 1 0 1 1 0 0 1 0 0
590	2	 1 1 1 1 0 0 1 1 0 1 1 1 0 1 1 0 1 0 0 0
590	2	 1 1 1 1 0 0 1 1 0 1 1 1 0 0 1 0 0 0 1 0
590	2	 1 1 1 1 1 0 1 1 0 1 0 1 0 0 1 0 0 0 0 0
590	1	 1 0 1 0 0 0 1 0 0 1 1 1 0 1 1 0 0 0 0 1
590	2	 1 1 0 0 0 0 0 0 0 1 1 0 1 1 1 1 0 0 1 0
590	1	 1 1 1 1 0 0 1 1 1 1 1 0 0 0 1 1 0 0 0 0
590	2	 1 0 1 1 0 0 1 0 0 1 1 1 0 0 1 0 0 0 1 0
590	2	 1 1 1 0 0 0 1 1 0 1 1 0 0 1 1 0 1 0 0 0
590	1	 1 1 1 0 1 0 1 0 0 1 0 1 0 0 1 0 0 0 0 0
590	2	 1 1 1 1 0 0 0 0 0 1 1 0 1 1 1 1 0 0 0 0
590	3	 1 1 1 0 0 0 0 0 0 1 1 1 1 1 1 1 0 0 0 0
590	2	 1 1 1 1 0 0 1 1 1 1 1 0 0 0 1 0 1 0 0 0
590	2	 1 0 1 1 0 0 1 0 0 1 0 1 0 0 1 0 0 0 0 0
590	1	 1 1 1 0 0 0 1 1 1 1 1 1 0 0 1 1 0 0 0 0
590	1	 1 1 0 1 0 0 0 0 0 1 1 1 0 0 0 1 0 0 0 1
720	87	 1 1 1 1 0 0 1 1 0 1 1 0 0 1 1 0 0 0 0 0
720	19	 1 1 1 1 0 0 1 1 0 1 1 1 0 0 1 0 0 0 0 0
720	26	 1 1 1 1 0 0 1 1 0 1 0 1 0 0 1 1 0 0 0 0
720	52	 1 1 1 1 0 0 1 1 0 0 0 0 0 0 1 0 0 0 0 0
720	23	 1 1 1 1 1 1 1 0 0 0 1 0 0 1 1 0 0 0 0 0
720	55	 1 1 1 1 0 0 1 1 0 1 0 0 0 0 1 0 0 0 0 0
720	30	 1 1 1 1 0 0 0 1 0 1 0 0 1 0 1 0 0 0 0 0
720	90	 1 1 1 1 0 0 1 0 0 0 0 0 0 0 1 0 0 0 0 0
720	76	 1 1 1 1 0 0 1 1 0 0 0 1 0 0 1 0 0 0 0 0
720	11	 1 1 1 1 1 1 1 0 0 0 1 0 0 0 1 0 0 0 0 0
720	19	 1 1 1 1 1 1 1 0 0 0 0 0 0 0 1 0 0 0 0 0
720	7	 1 1 0 1 0 0 1 1 0 1 0 1 0 0 1 0 0 0 1 0
720	6	 1 1 1 1 0 0 0 1 0 0 0 1 0 0 1 0 0 0 0 0
720	38	 1 1 1 1 0 0 1 1 0 0 1 1 0 1 1 0 0 0 0 0
720	7	 1 1 1 1 0 0 0 1 0 0 1 0 0 1 1 0 0 0 0 0
720	5	 1 0 1 1 0 0 1 1 0 0 0 0 0 0 1 0 0 0 0 0
720	4	 1 0 1 1 1 1 1 0 0 0 1 0 0 1 1 0 0 0 0 0
720	11	 1 0 1 1 0 0 1 1 0 0 0 0 0 0 0 0 0 0 0 0
720	5	 1 1 1 1 0 0 1 1 0 0 0 0 0 0 0 0 0 0 0 0
720	3	 1 1 1 1 0 0 0 0 0 1 0 0 1 0 1 0 0 0 0 0
720	11	 1 1 1 1 0 0 1 1 0 0 0 0 0 0 1 1 0 0 0 0
720	2	 1 1 0 1 0 0 1 1 1 1 0 0 0 0 1 0 0 0 0 0
720	2	 0 1 1 1 1 0 1 0 0 1 0 0 0 1 1 0 0 0 0 0
720	7	 0 1 1 0 0 0 0 1 0 0 0 1 0 0 1 0 0 0 0 0
720	12	 1 1 1 1 0 0 0 1 1 0 1 0 0 1 1 0 0 0 0 0
720	13	 1 1 0 1 0 0 1 1 0 1 0 1 0 1 1 0 0 0 0 0
720	3	 1 1 1 1 0 1 0 1 1 1 0 0 0 0 1 0 0 0 0 0
720	1	 1 1 0 1 0 1 1 1 0 1 0 1 0 0 1 0 0 0 1 0
720	22	 1 1 1 1 0 0 0 1 0 0 0 0 0 0 1 0 0 0 0 0
720	11	 1 1 0 1 0 0 1 1 0 0 0 0 0 0 1 1 0 0 0 0
720	1	 1 1 1 1 0 0 1 0 0 0 0 1 0 0 1 0 0 0 0 0
720	2	 1 1 1 1 1 1 1 0 0 1 1 0 0 0 1 0 0 0 0 0
720	8	 1 1 1 1 0 0 1 1 0 1 1 1 0 1 1 1 0 0 0 0
720	4	 1 1 1 0 0 0 1 1 0 0 0 1 0 0 1 0 0 0 0 0
720	2	 1 1 0 1 0 0 1 1 1 1 0 0 0 0 1 0 1 0 0 0
720	5	 1 0 1 1 0 0 1 1 0 1 0 0 0 0 1 0 0 0 0 0
720	4	 1 1 0 1 0 0 1 1 0 1 1 0 0 1 1 0 0 0 0 0
720	11	 1 1 1 1 0 0 1 1 0 0 1 0 0 1 1 0 0 0 0 0
720	2	 1 1 1 1 0 0 0 1 0 1 0 0 0 1 1 0 0 0 0 0
720	2	 1 1 1 0 0 1 0 1 1 1 0 1 1 0 1 1 0 0 0 0
720	11	 1 1 1 1 0 0 1 1 0 0 0 0 0 1 0 0 0 0 0 0
720	1	 1 1 1 1 1 0 0 1 0 1 0 0 1 0 1 0 0 0 1 0
720	14	 1 1 1 1 0 0 0 1 0 1 1 1 0 1 1 0 0 0 0 0
720	1	 1 1 1 1 0 0 1 1 0 1 1 0 0 1 1 0 1 0 0 0
720	7	 1 1 1 0 1 0 1 1 1 1 0 0 0 0 1 0 0 0 0 0
720	17	 1 1 1 1 1 1 1 0 0 0 1 0 0 1 1 0 1 0 0 0
720	5	 1 1 1 1 1 1 1 0 0 0 1 0 1 0 1 0 0 0 0 0
720	3	 1 0 1 1 0 0 1 1 0 1 1 0 0 1 1 0 0 0 0 0
720	26	 1 1 1 1 0 0 0 1 0 1 0 0 1 0 1 0 0 1 0 0
720	1	 0 1 1 1 1 1 1 0 0 0 1 0 0 0 1 0 0 0 0 0
720	2	 1 1 1 1 0 1 1 1 0 0 0 0 0 0 0 0 0 0 0 0
720	27	 1 1 1 1 0 0 1 0 0 0 0 0 0 1 1 0 0 0 0 0
720	2	 1 1 1 1 1 1 1 0 0 0 1 0 0 0 1 0 0 0 1 0
720	1	 1 1 0 1 1 1 1 0 0 0 0 0 0 0 1 0 0 0 0 0
720	1	 1 1 1 1 0 0 1 1 1 1 0 0 0 0 1 0 0 0 0 0
720	6	 1 1 1 1 0 0 1 1 0 1 1 0 1 1 1 0 0 0 0 0
720	1	 1 1 1 1 0 0 1 1 0 1 0 1 0 0 1 0 0 0 0 0
720	11	 1 1 1 1 0 0 0 1 0 1 0 0 1 1 1 0 0 0 0 0
720	5	 1 1 1 1 0 0 1 1 0 0 0 0 0 0 1 0 0 0 1 0
720	13	 1 1 1 1 0 0 1 1 0 1 0 0 1 0 1 0 0 0 0 0
720	1	 1 1 1 0 0 0 1 1 0 0 1 1 0 1 1 0 0 0 0 0
720	3	 1 1 1 1 0 0 0 1 0 0 1 1 0 1 1 0 0 0 0 0
720	8	 1 1 1 1 0 0 1 1 0 0 1 0 0 1 1 1 1 0 0 0
720	8	 1 1 1 1 1 1 1 0 0 0 1 0 0 0 1 1 0 0 0 0
720	2	 1 0 0 1 0 0 1 1 0 0 0 0 0 0 0 0 0 0 0 0
720	2	 1 1 1 1 0 0 1 1 0 1 1 0 0 1 0 0 1 0 0 0
720	9	 1 1 1 1 0 1 1 1 0 1 0 0 0 0 1 0 0 0 1 0
720	3	 1 1 1 1 0 0 1 1 0 1 1 1 1 1 1 1 0 0 0 0
720	4	 0 1 1 1 0 0 1 1 0 1 1 0 0 1 1 0 0 0 0 0
720	3	 1 1 1 1 0 0 0 1 0 1 0 0 0 0 1 0 0 0 0 0
720	3	 1 1 1 1 1 0 1 0 0 1 0 0 0 1 1 0 0 0 0 0
720	10	 1 1 1 1 1 1 1 1 0 0 0 1 0 0 1 0 0 0 0 0
720	4	 1 1 1 1 0 0 1 0 0 0 0 0 0 0 1 0 0 0 0 1
720	1	 1 1 1 1 0 0 1 0 0 1 0 0 0 0 1 0 0 0 1 0
720	1	 1 1 1 1 0 0 1 1 0 1 1 1 0 1 1 0 0 0 0 0
720	2	 1 1 1 1 1 0 1 0 0 0 0 0 0 0 1 0 0 0 0 0
720	6	 1 1 1 1 0 0 0 1 0 0 0 1 0 0 1 1 0 0 0 0
720	4	 1 1 0 1 0 0 1 0 0 1 0 1 0 1 1 0 0 0 0 0
720	1	 1 1 1 1 0 0 0 1 0 1 0 1 0 1 1 0 0 0 0 0
720	1	 0 1 1 1 0 0 1 1 0 0 1 0 0 1 0 0 0 0 0 0
720	3	 1 1 0 1 0 0 0 1 0 0 0 1 0 0 1 0 0 0 0 0
720	6	 1 1 0 1 0 0 1 1 0 0 1 1 0 1 1 0 0 0 0 0
720	5	 1 1 1 1 0 0 1 1 0 0 1 1 0 0 1 0 0 0 0 0
720	2	 1 1 0 0 0 0 1 1 0 0 0 0 0 0 1 1 0 0 0 0
720	2	 1 1 1 1 0 0 1 1 0 1 0 0 0 1 1 0 1 0 0 0
720	1	 1 1 1 1 0 0 1 1 0 0 0 1 0 0 1 0 0 0 0 1
720	7	 1 0 1 1 0 0 1 1 0 0 1 1 0 1 1 0 0 0 0 0
720	1	 1 1 1 1 0 0 0 0 0 0 0 0 0 0 1 0 0 0 0 0
720	5	 1 1 1 1 0 0 1 1 0 0 1 0 0 1 0 0 0 0 0 0
720	2	 1 1 0 1 0 0 1 1 0 0 1 0 0 1 1 0 0 0 0 0
720	2	 1 1 1 1 0 0 1 1 0 1 1 0 0 1 1 0 0 0 1 0
720	1	 1 1 1 1 1 0 1 1 0 1 1 0 0 1 1 0 0 0 0 0
720	2	 1 1 1 1 0 0 1 1 1 1 1 1 0 0 1 0 0 0 0 0
720	4	 1 1 1 1 0 0 1 1 0 1 0 0 0 0 0 0 0 0 0 0
720	2	 1 1 1 1 0 0 1 1 0 1 0 0 0 0 1 1 0 0 0 0
720	1	 0 1 1 1 0 0 1 0 0 0 0 0 0 0 1 0 0 0 0 0
720	2	 1 0 0 1 0 0 1 1 0 0 0 0 0 0 1 1 0 0 0 0
720	3	 1 1 0 1 0 0 0 1 0 1 1 1 0 1 1 0 0 0 0 0
720	2	 1 1 1 1 1 1 1 0 0 0 1 0 1 1 1 0 1 0 0 0
720	3	 1 1 1 1 0 0 1 1 0 1 1 0 0 1 1 0 0 1 0 0
720	1	 0 1 1 1 0 0 1 1 0 1 1 0 0 1 1 0 0 0 0 1
720	2	 1 1 1 1 1 0 1 1 1 0 0 1 0 0 1 0 0 0 0 0
720	2	 1 1 1 1 0 0 1 1 0 0 0 1 0 1 1 0 0 0 0 0
720	1	 1 1 1 1 0 0 1 1 0 1 1 0 0 0 1 0 0 0 1 0
720	1	 1 1 1 1 0 0 1 1 0 0 0 0 0 0 1 0 0 0 0 1
720	3	 1 1 1 1 0 0 1 1 0 1 0 0 0 0 1 0 0 0 0 1
720	1	 1 0 1 1 0 0 0 1 0 1 0 0 1 0 1 0 0 1 0 0
720	3	 0 1 1 1 0 1 1 1 0 1 0 0 0 0 1 0 0 0 1 0
880	19	 1 1 1 1 0 0 1 0 0 0 0 0 0 0 1 0 0 0 0 0
880	65	 1 1 1 1 0 0 1 1 0 0 0 1 0 0 1 0 0 0 0 0
880	7	 1 1 1 1 0 0 1 0 0 0 0 0 0 1 1 0 0 0 0 0
880	36	 1 1 1 1 0 0 1 1 0 0 0 1 0 1 1 0 0 0 0 0
880	78	 1 1 1 1 0 0 0 1 0 0 0 0 0 0 1 0 0 0 0 0
880	40	 1 1 1 1 0 0 1 0 0 0 0 0 0 0 1 0 0 0 0 1
880	29	 1 1 1 1 1 0 0 1 0 0 0 0 0 0 1 0 0 0 0 0
880	19	 1 1 1 1 0 0 1 1 0 1 0 1 0 0 1 0 0 0 0 0
880	23	 1 1 1 1 1 0 1 0 0 0 0 0 0 1 1 0 0 0 0 0
880	20	 1 1 1 1 0 0 1 1 0 0 0 1 0 0 1 1 0 0 1 0
880	35	 1 1 1 1 0 0 1 0 0 0 0 1 0 0 1 0 0 0 0 0
880	5	 1 1 1 1 1 0 1 0 1 0 0 0 0 1 1 0 0 0 0 0
880	28	 1 1 1 1 0 0 1 1 0 0 0 1 0 0 1 0 0 1 0 0
880	15	 1 1 1 1 0 0 1 1 1 0 0 1 0 0 1 0 0 0 0 0
880	3	 1 1 1 1 0 0 1 1 0 1 0 1 0 0 1 0 0 0 1 0
880	11	 1 1 1 1 0 0 1 1 0 0 0 1 0 0 1 1 0 0 0 0
880	4	 1 1 1 1 1 1 0 1 0 0 0 1 0 0 1 0 0 0 0 0
880	16	 1 1 0 1 0 1 1 1 0 0 0 1 0 0 0 0 0 0 0 0
880	5	 1 1 1 1 0 1 0 1 0 0 0 1 0 0 1 0 1 0 0 0
880	10	 1 1 0 1 0 0 1 1 0 0 0 0 0 0 1 0 0 0 1 0
880	6	 0 1 1 1 0 0 1 0 0 0 0 1 0 0 1 0 0 0 0 0
880	3	 1 1 1 1 1 0 0 1 0 0 0 0 0 1 1 0 0 0 0 0
880	2	 1 1 0 1 0 0 1 1 0 0 0 1 0 0 0 0 0 0 0 0
880	3	 0 1 1 1 0 0 1 1 0 0 0 1 1 0 1 0 0 0 0 0
880	3	 1 1 1 1 0 0 1 1 1 0 0 1 0 0 1 1 0 0 0 0
880	3	 1 1 1 1 1 0 1 1 0 0 0 0 0 0 1 0 0 0 0 0
880	5	 1 1 1 1 1 0 1 1 0 0 0 1 0 0 1 1 0 0 0 0
880	15	 1 1 1 1 0 0 1 1 0 0 0 1 1 0 1 1 0 0 1 0
880	21	 1 1 1 1 1 0 0 1 1 0 0 0 0 0 1 0 0 0 0 0
880	28	 1 1 1 1 0 0 1 0 1 0 0 0 0 1 1 0 0 0 0 0
880	3	 1 1 1 1 0 0 1 1 0 0 0 0 1 0 1 0 0 0 0 0
880	4	 1 1 1 1 0 0 1 1 0 0 0 1 0 0 1 0 0 0 1 0
880	5	 1 1 0 1 0 1 1 1 0 0 0 1 0 0 1 0 0 1 0 0
880	3	 1 1 1 1 1 1 0 1 0 0 0 1 0 0 0 0 0 0 0 0
880	3	 1 1 1 1 0 0 1 1 1 0 0 1 0 0 0 1 0 0 0 0
880	23	 0 1 1 1 1 0 0 1 0 0 0 0 0 0 1 0 0 0 0 0
880	8	 1 1 1 1 0 0 1 0 0 0 1 1 0 0 1 0 0 0 0 0
880	10	 0 1 1 1 1 0 1 0 0 0 0 0 0 0 1 0 1 0 0 0
880	8	 1 1 1 1 0 0 1 0 0 0 0 1 0 0 1 1 0 0 1 0
880	13	 1 1 1 1 1 0 1 1 0 0 0 0 0 0 1 1 0 0 1 0
880	2	 1 1 1 1 0 0 1 0 0 0 0 0 0 0 1 1 0 0 0 0
880	5	 1 1 0 1 0 0 1 1 0 0 0 0 0 0 1 0 0 0 0 1
880	15	 1 1 1 1 0 0 0 1 0 0 0 1 0 0 1 0 0 0 0 0
880	6	 1 1 1 1 1 0 1 0 0 0 0 1 0 0 1 0 0 0 0 0
880	11	 1 1 1 1 1 0 0 0 1 0 0 0 0 0 1 0 0 0 0 0
880	19	 1 1 1 1 0 1 0 1 0 0 0 0 0 1 1 0 0 0 0 0
880	11	 1 1 1 1 0 0 1 0 0 1 0 1 0 0 1 0 0 0 0 0
880	9	 1 1 1 1 0 0 1 0 0 0 0 0 1 0 1 0 0 0 0 0
880	4	 1 1 1 1 0 0 0 1 0 0 0 0 0 0 1 0 0 0 1 0
880	8	 1 1 1 1 1 0 1 1 0 0 0 1 0 0 1 0 0 1 0 1
880	2	 1 1 1 1 0 0 1 1 0 0 0 1 0 0 1 1 0 1 0 0
880	11	 1 1 1 0 1 0 1 1 0 0 0 1 0 0 1 0 0 0 0 0
880	12	 0 1 1 1 1 0 1 1 0 0 0 1 1 0 1 1 0 0 0 0
880	5	 1 1 1 1 0 0 1 1 0 1 0 1 0 0 1 0 0 1 0 0
880	18	 1 1 1 1 0 0 0 1 0 0 0 0 0 0 1 0 0 0 0 1
880	18	 1 1 1 1 0 0 1 1 0 0 0 1 1 0 1 1 1 0 1 0
880	1	 0 1 1 1 0 0 1 1 0 1 0 1 0 0 1 1 0 0 0 0
880	2	 1 1 1 1 1 0 0 0 0 0 0 0 1 0 1 0 0 0 0 0
880	10	 1 1 1 1 1 1 1 1 0 0 0 1 0 0 0 1 0 0 0 0
880	2	 1 1 1 1 1 0 0 1 0 0 0 0 0 0 1 0 0 0 1 0
880	3	 1 1 1 1 1 1 1 0 0 0 0 0 0 1 1 0 0 0 0 0
880	7	 1 1 1 1 1 0 0 1 0 0 0 1 0 0 0 0 0 0 0 0
880	5	 0 1 1 1 1 1 0 1 0 0 0 0 0 0 1 0 0 0 0 0
880	2	 1 1 1 1 0 0 0 1 0 0 0 0 0 1 1 0 0 0 0 0
880	10	 1 0 1 1 1 0 0 1 0 0 0 0 0 0 1 1 0 0 1 0
880	11	 1 1 1 1 0 0 1 1 0 0 0 1 0 0 1 0 1 0 0 0
880	2	 1 1 1 1 1 1 0 1 0 0 0 1 0 0 1 0 0 0 0 1
880	6	 1 1 1 1 0 0 1 0 0 0 0 0 0 0 1 0 0 1 0 1
880	1	 0 1 1 1 0 0 1 0 0 0 0 0 1 0 1 0 0 0 0 0
880	23	 1 1 1 0 0 0 1 1 0 0 0 0 0 0 1 0 0 0 0 1
880	1	 1 1 0 1 1 0 0 1 1 0 0 0 0 0 1 0 0 0 0 0
880	2	 1 1 0 1 0 0 0 1 0 0 0 0 0 0 1 0 0 0 1 1
880	6	 1 1 1 1 0 0 1 0 1 0 0 0 0 0 1 0 0 0 0 0
880	2	 1 1 1 1 0 0 1 0 0 0 0 0 0 0 1 0 0 0 1 0
880	6	 0 1 1 1 0 0 1 1 1 0 0 1 0 0 0 1 0 1 0 0
880	2	 1 1 1 1 0 0 1 0 0 1 0 0 1 0 1 0 0 0 0 0
880	3	 1 1 1 1 0 0 1 1 0 0 0 0 0 1 1 0 0 0 0 0
880	3	 1 1 1 1 0 0 1 1 0 0 0 1 0 0 0 0 0 0 0 0
880	2	 1 1 0 1 0 1 1 1 0 0 0 1 0 0 0 0 0 0 1 0
880	1	 1 1 1 1 1 0 0 1 1 0 0 0 0 0 1 0 0 0 1 0
880	9	 0 1 1 1 1 1 0 1 0 0 0 0 0 0 1 0 0 0 1 0
880	1	 1 1 1 1 1 0 0 1 0 0 0 1 0 0 1 0 0 0 0 0
880	2	 1 1 1 1 1 0 1 1 0 0 0 1 0 1 1 0 0 0 0 0
880	2	 1 1 0 1 0 0 1 1 1 0 0 1 0 0 1 0 0 0 0 0
880	4	 1 1 1 1 1 0 0 0 0 0 1 0 0 0 0 0 0 0 0 0
880	1	 1 1 1 1 1 1 0 1 1 0 0 1 0 0 0 0 0 0 0 0
880	4	 1 0 1 1 1 0 0 1 0 0 1 0 0 0 1 1 0 0 1 0
880	1	 1 0 1 1 1 0 1 1 1 0 0 1 0 0 1 0 0 0 0 0
880	4	 0 1 1 0 0 1 1 1 0 1 0 1 0 0 1 1 0 0 0 0
880	3	 1 1 1 1 1 0 0 0 0 0 0 0 1 0 1 0 0 0 1 0
880	2	 1 0 1 1 1 0 0 1 1 0 0 0 0 0 1 0 0 0 0 0
880	1	 1 1 1 1 0 0 1 0 0 0 0 0 0 1 0 0 0 0 0 0
880	2	 1 1 1 1 0 1 1 1 0 0 0 1 0 0 1 0 0 0 0 0
880	2	 1 1 1 0 0 0 1 1 0 0 0 1 0 1 1 0 0 0 0 0
880	3	 1 1 1 1 1 0 1 0 0 0 0 0 0 1 1 0 0 0 1 0
880	1	 0 1 1 1 0 0 1 1 0 0 0 1 1 1 1 0 0 0 0 0
880	2	 1 0 1 0 0 0 1 1 0 0 0 0 0 0 1 0 0 0 0 1
880	4	 1 1 1 1 0 0 1 1 0 0 0 0 0 0 1 0 0 0 0 0
880	3	 1 1 1 1 1 0 1 1 0 0 0 1 1 0 1 1 0 0 0 0
880	1	 1 1 1 1 1 0 1 0 0 0 0 1 1 0 1 1 0 0 1 0
880	1	 1 1 1 1 1 1 1 1 0 0 0 1 0 0 0 1 0 1 0 0
880	2	 1 1 1 1 0 1 1 0 0 0 0 0 0 0 1 0 0 0 0 0
880	2	 1 1 1 0 0 0 1 1 0 0 0 1 1 0 1 1 0 0 1 0
880	2	 1 1 1 1 0 0 1 1 0 0 1 1 1 0 1 1 0 0 1 0
880	1	 1 1 1 1 1 0 0 1 1 0 0 0 0 0 0 0 0 0 0 0
880	3	 1 1 1 1 1 1 0 1 0 0 0 1 1 0 0 0 0 0 0 0
880	3	 1 1 1 1 1 0 1 1 0 0 0 0 0 0 1 1 1 0 1 0
880	7	 1 0 1 1 0 1 0 1 0 0 0 0 0 1 1 0 0 0 0 0
880	7	 1 1 0 1 0 0 1 0 0 1 0 1 0 0 1 0 0 0 0 0
880	2	 1 1 1 1 0 0 1 1 0 1 0 1 1 0 1 1 1 0 1 0
880	1	 1 1 1 0 0 0 1 1 0 0 0 0 0 0 1 0 0 0 0 0
880	1	 1 1 1 1 0 1 1 1 0 0 0 0 0 0 1 0 0 0 0 0
880	1	 1 1 1 1 0 0 1 0 0 0 1 1 1 0 1 0 0 0 0 0
880	1	 1 1 1 1 0 1 0 1 0 0 0 0 0 0 1 0 0 0 0 0
880	1	 1 1 1 1 0 0 1 1 1 0 0 1 0 1 1 0 0 0 0 0
880	1	 1 1 1 0 0 0 0 1 0 0 0 0 0 0 1 0 0 0 0 0
880	2	 1 1 1 1 0 0 1 1 0 1 0 1 0 0 1 1 0 0 0 0
880	2	 1 1 1 1 0 0 1 0 0 0 0 1 0 1 1 0 0 1 0 0
880	2	 1 0 1 1 1 0 0 1 1 0 0 0 0 0 0 0 0 0 0 0
1000	59	 1 1 1 1 0 0 1 1 0 0 0 1 0 0 1 0 0 0 0 0
1000	38	 1 1 1 1 0 0 0 1 0 0 0 1 0 0 1 0 0 0 0 0
1000	1	 1 1 1 1 0 0 0 1 0 0 0 0 0 0 1 1 0 0 0 0
1000	1	 0 1 1 1 0 0 1 1 0 0 0 0 1 0 1 0 0 0 0 0
1000	29	 1 1 1 1 1 0 1 1 0 0 0 1 1 0 1 0 0 0 0 0
1000	28	 1 1 1 1 0 0 1 1 0 0 1 0 0 0 1 1 0 0 0 0
1000	23	 1 1 1 1 0 0 0 1 0 0 0 0 0 1 1 1 0 0 0 0
1000	10	 1 1 1 1 0 0 1 1 0 1 0 1 0 0 1 0 0 0 0 0
1000	33	 1 1 1 1 0 0 1 1 0 0 0 0 0 1 1 1 0 0 0 0
1000	12	 1 1 1 1 0 1 1 0 1 0 0 0 0 0 1 1 0 0 0 0
1000	2	 1 1 1 1 0 1 1 0 0 0 0 0 0 1 1 0 0 0 0 0
1000	3	 0 1 1 1 0 0 1 1 0 0 1 0 0 0 1 1 0 0 0 0
1000	12	 1 1 1 1 0 1 1 0 0 0 1 0 0 1 1 1 0 0 0 0
1000	15	 1 1 1 1 0 0 1 0 0 0 0 1 0 0 1 0 0 0 0 0
1000	2	 1 1 1 1 0 0 0 1 0 0 0 0 1 0 1 0 0 0 0 0
1000	13	 1 1 1 1 0 0 1 1 0 0 1 0 0 0 1 0 0 0 0 0
1000	1	 0 1 1 1 1 0 1 1 1 0 0 1 1 0 1 0 1 0 0 0
1000	53	 1 1 1 1 0 0 0 1 0 0 0 0 0 1 1 0 0 0 0 0
1000	12	 1 1 1 1 1 0 1 0 0 0 0 0 0 1 1 0 0 0 1 0
1000	1	 0 1 1 1 1 1 0 1 0 0 0 0 0 1 0 0 0 0 0 0
1000	25	 1 1 1 1 0 0 0 1 0 0 0 1 1 0 1 0 1 0 0 1
1000	14	 1 1 1 1 0 0 0 1 1 0 0 0 0 0 0 0 0 0 0 1
1000	13	 1 1 1 1 0 0 1 1 1 0 0 0 0 1 1 1 0 0 0 0
1000	2	 1 1 1 1 0 0 1 1 0 0 0 0 1 0 1 0 0 0 0 0
1000	23	 1 1 1 1 0 0 0 1 0 0 0 0 0 0 1 0 0 0 0 0
1000	10	 1 1 1 1 0 0 0 1 1 0 0 1 0 0 1 0 0 0 0 0
1000	10	 1 1 1 1 0 0 1 1 0 0 0 0 0 1 1 0 0 0 0 0
1000	12	 1 1 1 1 0 0 1 1 0 0 0 1 0 0 1 0 0 0 1 0
1000	39	 1 1 1 1 0 0 0 0 0 0 0 1 0 0 1 0 0 0 0 0
1000	4	 1 1 1 1 0 0 1 1 0 0 0 1 1 0 1 0 0 0 0 0
1000	5	 0 1 1 1 0 0 0 1 0 0 0 0 0 1 1 0 0 0 0 0
1000	13	 1 1 1 1 0 0 1 1 1 0 0 0 0 0 1 0 0 0 0 0
1000	7	 1 1 1 1 1 0 1 0 0 0 0 0 0 0 1 0 0 0 1 0
1000	6	 1 1 1 1 0 0 1 1 0 0 0 1 0 0 1 0 1 0 1 0
1000	13	 1 1 1 1 0 0 0 1 0 0 0 0 1 0 1 0 0 0 0 1
1000	8	 1 1 1 1 0 0 0 1 1 1 0 0 0 0 1 0 1 0 0 0
1000	4	 1 1 0 1 0 1 1 1 1 1 0 0 0 0 1 1 0 0 1 0
1000	2	 1 1 0 1 1 0 1 1 0 0 0 1 0 0 1 0 0 0 0 0
1000	18	 1 1 1 1 0 0 1 1 1 0 1 1 0 1 0 0 0 0 0 0
1000	2	 1 1 1 1 0 0 1 1 1 0 0 1 0 0 1 0 0 0 0 0
1000	13	 1 1 1 1 1 0 1 1 0 0 0 1 0 0 1 0 0 0 0 0
1000	4	 1 1 1 1 0 0 0 1 1 0 0 1 0 0 0 0 0 0 0 0
1000	11	 1 1 1 1 1 0 0 1 0 0 0 0 0 1 0 0 0 0 0 0
1000	31	 1 1 1 1 0 0 0 1 0 0 0 0 0 0 0 0 0 0 0 1
1000	9	 1 1 1 1 0 0 1 1 1 0 0 0 0 1 1 1 0 0 1 0
1000	27	 1 1 1 1 0 0 0 1 0 0 0 0 0 1 1 0 0 0 1 0
1000	3	 1 1 0 1 0 1 0 1 0 0 0 1 0 0 1 0 0 0 0 0
1000	7	 0 1 1 1 0 0 0 1 0 0 0 1 0 0 1 0 0 0 0 0
1000	18	 1 1 1 1 0 0 1 1 0 0 0 0 0 0 1 1 0 0 0 0
1000	2	 1 1 1 1 0 0 1 1 1 0 0 0 1 0 1 0 0 0 0 0
1000	4	 1 1 1 1 1 0 1 0 0 0 0 0 0 1 1 0 0 0 0 0
1000	3	 1 1 1 1 0 0 0 1 0 0 0 0 0 0 1 0 0 0 1 0
1000	1	 0 1 1 1 0 0 0 1 0 0 0 0 1 0 1 0 0 0 0 0
1000	10	 1 1 0 1 0 0 1 1 0 0 0 0 0 0 1 0 0 0 0 0
1000	17	 1 0 0 1 0 1 0 1 0 0 0 1 0 0 1 0 0 0 0 0
1000	9	 1 1 1 1 0 1 1 0 1 0 0 1 0 0 1 0 0 0 0 0
1000	4	 1 1 1 1 0 0 0 1 0 0 0 0 0 1 0 0 0 0 0 0
1000	1	 1 1 1 1 0 0 0 1 0 0 0 1 1 0 1 1 0 0 0 0
1000	7	 1 1 1 1 0 0 0 1 0 0 0 0 0 0 1 0 1 0 0 0
1000	33	 1 1 1 1 0 0 1 0 0 0 0 0 0 1 1 0 0 0 0 0
1000	5	 1 1 1 1 0 0 0 0 0 0 0 0 0 1 1 0 0 0 0 0
1000	10	 0 1 1 1 1 0 0 1 0 0 0 0 0 1 0 0 0 0 0 0
1000	5	 0 1 1 1 1 1 0 1 0 0 0 1 0 0 1 0 0 0 1 0
1000	1	 0 1 1 1 1 1 0 1 0 0 0 0 0 0 1 1 0 0 0 0
1000	6	 1 1 1 1 0 0 0 1 0 0 0 0 0 1 1 1 0 0 1 0
1000	12	 1 1 1 1 0 1 1 0 1 0 0 0 0 1 1 0 0 0 1 0
1000	1	 0 1 1 1 1 0 1 1 0 0 0 0 0 0 1 0 0 0 0 0
1000	1	 1 1 1 1 0 0 1 0 1 0 0 0 0 0 1 0 0 0 0 0
1000	10	 1 1 1 1 0 0 1 0 0 0 0 0 0 0 1 1 0 0 0 0
1000	6	 1 1 1 1 0 0 1 1 0 0 0 0 0 1 0 0 0 0 0 0
1000	1	 1 1 1 1 1 0 0 1 0 0 0 0 0 1 1 0 0 0 0 0
1000	4	 1 1 1 1 0 0 0 1 1 0 1 1 0 1 0 0 0 0 0 0
1000	6	 1 1 1 1 0 1 0 1 0 0 0 0 0 1 0 0 0 0 0 0
1000	1	 1 1 0 1 0 0 1 1 0 0 0 1 0 0 1 0 0 0 0 0
1000	9	 1 1 1 1 0 0 0 1 0 0 1 0 0 0 1 1 0 0 0 0
1000	1	 1 1 1 1 0 1 1 1 0 0 0 0 0 1 1 1 0 0 0 0
1000	1	 1 1 1 1 0 1 0 0 0 0 1 0 0 1 1 1 0 0 0 0
1000	3	 1 1 1 1 1 0 1 0 0 0 0 0 1 1 1 0 0 0 1 0
1000	5	 1 1 1 1 0 0 1 1 1 0 0 0 0 1 0 1 0 0 0 0
1000	3	 1 0 1 1 0 0 0 1 0 0 0 1 0 0 1 0 0 0 0 0
1000	3	 1 1 1 1 0 0 1 1 0 0 1 0 0 0 1 1 0 1 0 0
1000	15	 1 1 1 1 0 0 0 1 0 0 0 0 0 1 1 0 0 0 0 1
1000	4	 1 1 1 1 0 1 1 0 1 0 0 1 1 0 1 0 0 0 0 0
1000	2	 1 1 1 1 0 1 1 0 1 0 1 0 0 1 1 0 0 0 1 0
1000	6	 1 1 1 1 0 0 1 0 0 0 0 1 0 1 1 0 0 0 0 0
1000	5	 1 1 1 1 0 0 1 1 0 0 0 0 0 0 1 0 0 0 0 0
1000	12	 1 1 1 1 0 0 0 1 0 0 0 0 1 1 1 1 0 0 0 0
1000	2	 0 1 1 1 0 1 1 1 0 0 1 0 0 0 1 1 0 0 0 0
1000	2	 0 1 1 1 1 1 0 1 0 0 0 0 0 0 0 0 0 0 0 0
1000	1	 1 1 1 1 0 0 1 1 0 0 0 0 1 1 1 0 0 0 0 0
1000	5	 1 1 0 1 0 0 0 1 0 0 0 0 0 0 1 0 0 0 0 0
1000	5	 1 1 1 1 1 0 1 0 0 0 0 0 0 0 1 0 0 1 1 0
1000	1	 1 1 1 1 0 0 0 1 0 0 0 0 0 0 0 0 0 0 0 0
1000	1	 1 1 0 1 0 0 0 1 0 0 0 0 0 1 1 0 0 0 0 0
1000	3	 1 1 1 1 0 0 0 1 1 0 0 1 0 1 1 0 0 0 0 0
1000	3	 1 1 1 1 0 0 0 0 0 0 0 1 0 0 1 0 1 0 0 0
1000	1	 1 1 1 1 0 0 0 1 1 0 0 0 1 0 1 0 0 0 0 1
1000	1	 1 1 1 1 0 0 0 1 1 1 0 0 0 0 1 0 1 0 0 1
1000	1	 1 1 1 1 1 0 1 1 1 0 1 1 0 1 0 0 0 0 0 0
1000	1	 0 1 1 1 0 0 0 1 0 0 0 1 0 0 1 0 0 0 1 0
1000	2	 1 1 1 1 0 0 1 1 0 0 0 0 1 0 1 0 0 0 0 1
1000	1	 1 1 1 1 1 0 1 1 1 0 0 0 0 1 1 1 0 0 0 0
1000	2	 1 1 0 1 0 1 0 1 0 0 0 1 0 0 1 0 0 0 1 0
1000	1	 1 0 0 1 0 1 0 1 0 0 0 1 0 0 1 1 0 0 0 0
1000	1	 0 1 1 1 1 1 0 1 0 0 0 1 0 0 1 0 0 0 0 0
1000	2	 1 1 1 1 0 0 1 1 0 0 0 1 0 0 1 1 0 0 0 0
1000	3	 1 1 1 1 0 0 1 1 0 0 0 1 0 0 1 0 0 1 0 0
1000	1	 0 1 1 1 1 0 1 1 0 0 0 0 1 0 1 0 0 0 0 0
1000	2	 0 1 1 1 0 0 0 1 1 0 0 1 0 0 1 0 0 0 0 0
1000	4	 1 1 1 1 0 0 0 1 0 0 0 0 0 1 1 1 0 0 0 1
1000	1	 1 1 1 1 0 0 1 1 0 0 1 0 0 1 1 0 0 0 1 0
1000	1	 1 1 1 1 0 0 1 1 0 0 1 0 0 0 1 1 0 0 1 0
1000	1	 1 1 1 1 0 0 0 1 1 0 0 0 0 1 1 0 0 0 0 0
1000	1	 1 1 0 1 1 0 1 1 0 0 0 0 0 0 1 1 0 0 0 0
1000	1	 1 1 1 1 0 1 1 1 1 1 0 0 0 0 1 1 0 0 1 0
1000	1	 1 1 1 1 0 0 0 1 0 0 0 1 0 0 1 0 0 0 1 0
1000	2	 1 1 1 1 0 0 0 1 0 0 0 0 0 1 0 1 0 0 0 0
1000	2	 1 1 1 1 0 0 0 1 0 0 0 0 0 1 1 0 1 0 0 0
1000	1	 1 1 1 1 0 0 0 1 0 1 0 0 0 1 1 0 0 0 0 0
1000	1	 1 1 0 1 0 0 0 1 1 0 0 0 0 0 0 0 0 0 0 1
1000	2	 1 1 1 1 0 0 0 1 1 0 0 1 1 0 1 0 0 0 0 0
1000	1	 1 1 1 1 1 0 0 0 0 0 0 1 0 0 1 0 0 0 0 0
1000	1	 1 1 1 1 1 0 1 0 0 0 0 1 0 0 1 0 0 0 0 0
1000	1	 0 1 1 1 0 0 0 1 0 0 0 0 0 0 0 0 0 0 0 1
1000	1	 1 1 1 1 0 0 1 1 1 0 0 0 0 1 1 1 0 0 1 1
1000	1	 1 1 1 0 0 0 0 1 0 0 0 0 0 1 1 0 0 0 1 0
1000	1	 1 1 1 1 0 0 0 1 0 0 0 0 0 0 1 0 0 0 1 1
1000	1	 1 1 1 1 0 1 0 1 0 0 0 0 0 1 0 0 0 0 0 1
1000	3	 1 1 0 1 0 0 1 1 0 0 0 0 1 0 1 0 0 0 0 1
