0	250	 0 0 0 0 0 0 0 1 0 1 0 0 0 0 1 0 0 0 0 0
0	250	 0 0 0 0 0 0 0 1 0 1 0 0 0 0 0 0 1 0 0 0
0	250	 0 0 0 0 0 0 0 0 0 0 0 0 0 0 0 0 1 1 0 0
0	250	 0 0 0 0 0 0 0 1 0 0 0 0 0 0 0 0 0 0 0 0
10	172	 0 0 0 0 0 0 0 1 0 1 0 0 0 0 1 0 0 0 0 0
10	263	 0 0 0 0 0 0 0 1 0 1 0 0 0 0 0 0 1 0 0 0
10	135	 0 0 0 0 0 0 0 0 0 0 0 0 0 0 0 0 1 1 0 0
10	218	 0 0 0 0 0 0 0 1 0 0 0 0 0 0 0 0 0 0 0 0
10	8	 0 0 0 0 0 0 0 1 0 0 0 0 0 0 0 0 1 1 0 0
10	4	 0 0 0 0 0 0 0 1 0 0 0 0 0 0 0 0 1 0 0 0
10	14	 0 0 0 0 0 0 0 1 0 1 0 0 0 0 0 0 0 0 0 0
10	10	 0 0 0 0 0 0 0 1 0 1 1 0 0 0 1 0 0 0 0 0
10	8	 0 0 0 0 0 1 0 0 0 0 0 0 0 0 0 0 1 1 0 0
10	14	 0 1 0 0 0 0 0 1 0 1 0 0 0 0 1 0 0 0 0 0
10	5	 1 0 0 0 0 0 0 1 0 1 0 0 0 0 1 0 0 0 0 0
10	1	 0 0 0 0 0 0 0 1 0 1 0 0 0 0 1 1 0 0 0 0
10	2	 0 0 0 1 0 0 0 1 0 1 0 0 0 0 1 0 0 0 0 0
10	12	 0 0 0 0 0 0 0 1 0 1 0 0 0 0 1 0 1 0 0 0
10	4	 0 1 0 0 0 0 0 1 0 1 0 0 0 0 0 0 1 0 0 0
10	5	 0 0 0 0 0 0 1 1 0 0 0 0 0 0 0 0 0 0 0 0
10	5	 0 0 0 0 0 0 0 1 0 1 0 0 0 0 1 0 0 1 0 0
10	2	 0 0 0 0 0 0 0 1 0 1 0 0 0 0 0 1 1 0 0 0
10	2	 0 0 0 0 0 0 1 1 0 1 0 0 0 0 0 0 1 0 0 0
10	8	 0 0 0 0 0 0 0 1 0 0 0 0 0 0 1 0 0 0 0 0
10	3	 0 0 0 0 0 0 0 0 0 1 0 0 0 0 0 0 1 0 0 0
10	4	 0 0 0 0 0 0 0 0 0 0 0 0 0 0 0 0 0 0 0 0
10	1	 0 0 0 0 0 0 0 1 0 0 0 0 0 1 0 0 0 0 0 0
10	2	 0 0 0 0 0 0 0 1 0 1 0 0 0 0 0 0 1 1 0 0
10	13	 0 0 0 0 0 0 0 1 0 1 0 0 1 0 0 0 1 0 0 0
10	6	 0 0 0 0 0 0 1 0 0 0 0 0 0 0 0 0 1 1 0 0
10	8	 0 0 0 0 0 0 0 1 0 0 1 0 0 0 0 0 0 0 0 0
10	2	 0 0 0 0 0 0 0 1 0 0 0 1 0 0 0 0 0 0 0 0
10	1	 0 0 0 0 0 0 0 1 1 0 0 0 0 0 0 0 0 0 0 0
10	3	 0 0 0 0 0 0 0 1 0 1 0 0 0 0 1 0 0 0 1 1
10	3	 0 0 0 0 0 0 0 1 0 0 0 0 0 0 1 0 0 1 0 0
10	3	 0 0 0 0 0 0 0 1 1 1 0 0 0 0 1 0 0 0 0 0
10	7	 0 0 0 0 0 0 0 1 0 1 0 0 0 0 1 0 0 0 0 1
10	5	 0 0 0 0 0 0 0 0 0 1 0 0 0 0 0 0 1 1 0 0
10	7	 0 0 0 0 0 0 0 0 0 0 0 0 0 0 1 0 1 1 0 0
10	1	 0 0 0 0 0 0 0 0 0 0 0 0 1 0 0 0 1 1 0 0
10	3	 1 0 0 0 0 0 0 0 0 0 0 0 0 0 0 0 1 1 0 0
10	3	 0 0 0 0 0 0 0 1 0 0 0 0 1 0 0 0 0 0 0 0
10	2	 0 0 0 0 0 0 0 0 0 0 1 0 0 0 1 0 0 0 0 0
10	2	 0 0 0 0 0 1 0 1 0 1 0 0 0 0 1 0 0 0 0 0
10	2	 0 0 0 0 0 1 0 1 0 1 0 0 0 0 0 0 1 0 0 0
10	3	 0 0 0 0 0 0 0 0 0 0 1 0 0 1 0 0 1 1 0 0
10	7	 0 0 0 0 0 0 0 0 0 0 0 0 0 0 0 0 1 0 0 0
10	3	 0 0 0 0 1 0 0 1 0 0 0 0 0 0 0 0 0 0 0 0
10	3	 0 0 0 0 0 1 0 1 0 1 0 0 1 0 0 0 1 0 0 0
10	2	 0 1 0 0 0 0 0 1 0 1 0 0 0 0 0 0 1 1 0 0
10	1	 0 0 0 0 0 0 1 1 0 1 0 0 0 0 1 0 0 0 0 0
10	1	 0 0 0 0 0 0 0 1 0 1 0 0 1 0 1 0 0 0 0 0
10	1	 0 0 0 0 0 0 0 1 0 1 0 1 0 0 0 0 1 0 0 0
10	1	 1 0 0 0 0 0 0 1 0 1 0 0 0 0 0 0 1 0 0 0
10	3	 0 0 0 0 0 0 0 0 1 0 0 0 0 0 0 0 1 1 0 0
10	1	 0 0 0 0 0 0 0 0 0 0 0 1 0 0 0 0 1 1 0 0
10	1	 0 0 0 0 0 0 0 1 0 1 1 0 0 0 1 0 0 1 0 0
25	147	 0 0 0 0 0 0 0 1 0 1 0 0 0 0 1 0 0 0 0 0
25	148	 0 0 0 0 0 0 0 1 0 1 0 0 0 0 0 0 1 0 0 0
25	21	 0 0 0 0 0 0 0 0 0 0 0 0 0 0 0 0 1 1 0 0
25	112	 0 0 0 0 0 0 0 1 0 0 0 0 0 0 0 0 0 0 0 0
25	30	 0 0 0 0 0 0 0 1 0 1 0 0 0 0 0 0 0 0 0 0
25	71	 0 0 0 0 0 0 0 1 0 1 1 0 0 0 1 0 0 0 0 0
25	3	 0 0 0 0 0 1 0 0 0 0 0 0 0 0 0 0 1 1 0 0
25	6	 0 1 0 0 0 0 0 1 0 1 0 0 0 0 1 0 0 0 0 0
25	16	 1 0 0 0 0 0 0 1 0 1 0 0 0 0 1 0 0 0 0 0
25	6	 0 0 0 1 0 0 0 1 0 1 0 0 0 0 1 0 0 0 0 0
25	12	 0 0 0 0 0 0 0 1 0 1 0 0 0 0 1 0 1 0 0 0
25	28	 0 1 0 0 0 0 0 1 0 1 0 0 0 0 0 0 1 0 0 0
25	9	 0 0 0 0 0 0 0 1 0 1 0 0 0 0 1 0 0 1 0 0
25	4	 0 0 0 0 0 0 0 1 0 1 0 0 0 0 0 1 1 0 0 0
25	4	 0 0 0 0 0 0 0 1 0 0 0 0 0 0 1 0 0 0 0 0
25	28	 0 0 0 0 0 0 0 0 0 1 0 0 0 0 0 0 1 0 0 0
25	17	 0 0 0 0 0 0 0 0 0 0 0 0 0 0 0 0 0 0 0 0
25	14	 0 0 0 0 0 0 0 1 0 1 0 0 0 0 0 0 1 1 0 0
25	4	 0 0 0 0 0 0 0 1 0 1 0 0 1 0 0 0 1 0 0 0
25	1	 0 0 0 0 0 0 1 0 0 0 0 0 0 0 0 0 1 1 0 0
25	2	 0 0 0 0 0 0 0 1 0 0 0 1 0 0 0 0 0 0 0 0
25	2	 0 0 0 0 0 0 0 1 0 0 0 0 0 0 1 0 0 1 0 0
25	13	 0 0 0 0 0 0 0 1 1 1 0 0 0 0 1 0 0 0 0 0
25	17	 0 0 0 0 0 0 0 1 0 1 0 0 0 0 1 0 0 0 0 1
25	6	 0 0 0 0 0 0 0 0 0 0 0 0 0 0 0 0 1 0 0 0
25	15	 0 0 0 0 0 0 0 1 0 1 0 1 0 0 0 0 0 0 0 0
25	2	 0 1 0 0 0 0 0 1 0 0 0 0 0 0 0 0 1 1 0 0
25	1	 0 0 0 0 0 0 1 1 0 1 0 0 0 0 0 0 1 0 1 0
25	14	 0 0 0 0 0 0 0 0 0 1 0 0 0 0 1 0 0 0 0 0
25	2	 0 0 0 0 0 0 1 1 0 1 0 0 0 0 0 0 1 0 0 0
25	10	 0 0 0 0 0 1 0 1 0 1 0 0 0 0 1 0 0 0 0 0
25	9	 0 0 1 0 0 0 0 0 0 0 0 0 0 0 0 0 0 0 0 0
25	3	 0 0 0 0 0 0 1 1 0 1 0 0 0 0 0 0 1 1 0 0
25	5	 0 0 1 0 0 0 0 1 0 1 0 0 0 0 0 0 1 0 0 0
25	11	 0 0 0 0 0 0 0 1 0 1 0 0 1 0 1 0 0 0 0 0
25	12	 0 0 0 0 0 0 0 1 0 0 0 0 0 0 0 0 0 0 1 0
25	16	 0 1 0 0 0 0 0 1 0 1 0 0 0 0 1 0 0 1 0 0
25	8	 0 0 0 1 0 0 0 1 0 0 0 0 0 0 0 0 0 0 0 0
25	3	 0 0 0 0 0 0 1 1 0 1 0 0 0 0 1 0 0 0 1 1
25	5	 0 0 0 0 0 0 0 1 0 1 0 1 0 0 1 0 0 0 0 0
25	4	 0 0 0 0 0 0 0 1 0 0 1 0 0 0 0 0 0 0 0 0
25	8	 0 0 0 0 0 0 0 1 0 1 0 0 0 0 1 1 0 0 0 0
25	4	 0 0 0 0 0 0 1 1 0 0 0 0 0 0 0 0 0 0 0 0
25	3	 1 0 0 0 0 0 0 1 0 0 0 0 0 0 0 0 0 0 0 0
25	11	 0 0 0 0 0 1 0 1 0 1 0 0 0 0 0 0 0 0 0 0
25	6	 0 0 0 0 0 0 0 1 0 1 0 0 0 1 1 0 0 0 0 1
25	7	 0 0 1 0 0 0 1 1 0 1 0 0 0 0 0 0 1 0 0 0
25	1	 1 0 0 0 0 0 0 0 0 0 0 0 0 0 0 0 0 0 0 0
25	11	 0 0 0 0 0 0 0 0 0 0 1 0 0 1 0 0 1 1 0 0
25	2	 0 1 0 0 0 0 1 1 0 1 0 0 0 0 0 0 1 0 0 0
25	1	 0 1 0 0 0 0 0 0 0 1 0 0 0 0 1 0 0 0 0 0
25	1	 0 0 0 0 0 0 1 1 0 1 0 0 0 0 0 0 0 0 0 0
25	4	 0 0 0 0 0 0 0 1 0 1 0 0 0 0 0 0 1 0 1 0
25	5	 0 0 0 0 0 0 0 1 0 1 1 0 0 0 0 0 1 0 0 0
25	1	 0 0 0 0 0 0 0 1 1 1 0 0 0 0 1 0 0 1 0 0
25	5	 0 0 0 0 0 0 0 0 0 1 0 0 0 0 0 1 1 0 0 0
25	4	 0 0 1 0 0 1 0 1 0 1 0 0 0 0 1 0 0 0 0 0
25	2	 0 0 0 0 0 0 0 1 0 0 0 1 0 0 1 0 0 0 0 0
25	7	 0 0 1 0 0 0 0 1 0 1 0 0 1 0 0 0 1 0 0 1
25	4	 0 0 1 0 0 0 0 1 0 1 0 0 0 0 1 0 1 0 0 0
25	2	 0 0 0 0 0 0 0 0 0 1 1 0 0 0 1 0 0 0 0 0
25	1	 0 0 0 0 0 0 0 1 0 1 0 0 0 1 1 0 0 0 0 0
25	1	 0 0 0 0 1 0 0 1 0 1 0 0 0 0 1 0 0 0 0 0
25	5	 0 0 0 0 0 1 0 1 0 1 0 0 0 0 0 0 1 0 0 0
25	2	 0 0 0 0 1 0 0 1 0 1 0 0 0 0 0 0 1 0 0 0
25	5	 0 0 0 0 0 1 0 1 0 0 0 0 0 0 0 0 0 0 0 0
25	5	 0 0 0 0 0 0 0 1 0 0 0 0 0 1 0 0 0 0 0 0
25	4	 0 1 0 0 0 0 0 1 0 1 0 0 1 0 1 0 0 1 0 0
25	1	 0 0 0 1 1 0 0 1 0 0 0 1 0 0 0 0 0 0 0 0
25	3	 0 0 0 0 0 0 0 1 0 1 1 0 0 0 1 0 0 1 0 0
25	7	 1 0 0 0 0 0 0 1 0 1 1 0 0 0 1 0 0 0 0 0
25	1	 0 0 0 0 0 1 0 0 0 0 0 0 0 0 1 0 1 1 0 0
25	7	 0 0 1 0 0 1 0 1 0 1 0 0 0 0 0 0 1 0 0 0
25	1	 0 0 0 0 0 0 0 0 0 0 0 0 0 0 1 0 0 0 1 0
25	2	 0 1 0 0 0 1 0 1 0 1 0 0 1 0 1 0 0 1 0 0
25	1	 0 0 0 0 0 0 0 1 0 0 0 0 0 0 1 0 1 1 0 0
25	2	 0 0 0 0 0 0 0 0 0 1 0 0 0 0 0 0 0 0 0 0
25	1	 0 0 1 0 0 0 0 0 0 1 0 0 0 0 0 0 1 0 0 0
25	2	 0 0 0 0 0 0 0 0 0 0 1 0 0 1 0 0 1 0 0 0
25	2	 0 0 0 0 0 0 0 1 0 1 0 0 0 0 0 0 1 0 0 1
25	1	 0 0 1 0 0 0 0 1 0 0 0 0 0 0 0 0 0 0 0 0
25	2	 0 0 0 0 0 0 0 1 0 1 0 0 1 0 0 0 0 0 0 0
25	1	 0 0 0 0 0 0 0 1 0 1 0 0 0 0 1 0 1 1 0 0
25	1	 0 0 1 0 0 0 1 1 1 1 0 0 0 0 0 0 1 0 0 0
25	2	 0 0 0 0 0 0 0 1 0 1 0 0 0 0 0 0 0 0 1 0
25	3	 0 0 0 0 1 0 0 1 0 0 0 0 0 0 0 0 0 0 0 0
25	2	 0 0 1 0 0 0 0 1 0 1 0 0 0 0 0 0 0 0 0 0
25	2	 0 0 0 0 0 0 0 1 0 0 1 0 0 0 1 0 0 0 0 0
25	2	 0 0 0 0 0 0 0 1 0 1 0 1 0 0 1 0 0 0 0 1
25	1	 0 0 1 0 0 0 0 0 0 0 0 1 0 0 0 0 0 0 0 0
70	40	 0 0 0 0 0 0 0 1 0 1 0 0 0 0 1 0 0 0 0 0
70	9	 0 0 0 0 0 0 0 1 0 1 0 0 0 0 0 0 1 0 0 0
70	189	 0 0 0 0 0 0 0 1 0 1 1 0 0 0 1 0 0 0 0 0
70	3	 0 0 0 0 0 0 0 1 0 1 0 0 0 0 1 0 0 0 0 1
70	22	 0 0 0 0 0 1 0 1 0 1 0 0 0 0 1 0 0 0 0 0
70	11	 0 0 1 0 0 1 0 1 0 1 0 0 0 0 1 0 0 0 0 0
70	52	 0 0 0 0 0 0 0 1 0 1 1 0 0 0 1 0 0 1 0 0
70	47	 1 0 0 0 0 0 0 1 0 1 1 0 0 0 1 0 0 0 0 0
70	31	 0 0 1 0 0 1 0 1 0 1 0 0 0 0 0 0 1 0 0 0
70	19	 0 0 0 0 0 0 0 1 0 1 1 0 1 0 1 0 0 0 0 0
70	19	 0 0 0 0 0 0 1 1 0 1 1 0 0 0 1 0 0 0 0 0
70	21	 1 0 0 0 0 0 0 1 0 1 1 0 0 0 1 0 1 0 0 0
70	1	 0 0 0 0 0 0 1 1 0 1 0 0 0 0 0 0 0 0 0 0
70	7	 0 0 0 0 0 0 0 1 0 1 1 0 0 0 1 0 1 0 0 0
70	14	 0 0 0 0 0 1 0 1 0 1 1 0 0 0 1 0 0 0 0 0
70	29	 0 0 0 0 0 0 0 0 0 1 1 0 0 0 1 0 0 0 0 0
70	12	 0 0 0 0 0 0 0 1 0 1 1 0 0 1 1 0 0 0 0 0
70	4	 0 0 0 0 0 0 0 1 0 1 1 1 0 0 1 0 0 0 0 0
70	12	 0 0 1 0 0 1 0 1 0 1 0 1 0 0 1 0 0 0 0 0
70	1	 0 0 1 0 0 0 0 1 0 1 0 0 1 0 0 0 0 0 0 0
70	18	 0 1 0 0 0 0 0 1 0 1 1 0 0 0 0 0 0 0 0 0
70	11	 1 0 0 0 0 1 0 1 0 1 1 0 0 0 1 0 0 0 0 0
70	26	 0 0 0 0 0 0 0 1 1 1 1 0 0 0 1 0 0 0 0 0
70	19	 0 0 0 0 0 0 0 1 0 1 1 0 0 0 1 0 0 0 1 0
70	29	 0 0 1 0 0 1 0 1 0 1 1 0 0 0 1 0 0 0 0 0
70	1	 1 0 0 0 0 0 0 1 0 0 0 0 0 0 1 0 0 0 1 0
70	4	 0 0 0 0 0 1 0 1 0 1 0 0 1 0 1 0 0 0 0 0
70	12	 1 0 0 0 0 0 0 1 0 1 1 0 0 1 1 0 0 0 0 0
70	4	 0 0 0 0 0 1 0 1 0 1 0 0 0 0 1 1 0 0 0 1
70	31	 1 0 1 0 0 0 0 1 0 1 1 0 0 0 1 0 0 0 0 0
70	3	 0 0 0 0 1 1 0 1 0 1 1 0 0 0 1 0 0 1 0 0
70	13	 0 0 1 0 0 1 0 1 0 0 0 0 0 0 0 0 1 0 0 0
70	11	 0 0 1 0 0 0 0 1 0 1 0 0 0 0 1 0 0 0 0 0
70	1	 0 0 0 0 0 0 1 1 1 1 1 0 0 0 1 0 0 0 0 0
70	15	 0 1 0 0 0 0 0 1 0 1 1 0 0 0 1 0 0 0 0 0
70	24	 0 0 1 0 0 1 0 1 0 1 0 0 0 0 1 0 0 0 0 1
70	2	 0 0 0 0 0 0 1 1 0 1 1 0 1 0 1 0 0 0 0 0
70	17	 0 0 1 0 0 1 0 1 0 1 1 1 0 0 1 0 0 0 0 0
70	13	 0 1 1 0 0 1 0 1 0 0 1 0 0 0 0 0 0 0 0 0
70	7	 0 0 0 0 0 1 0 0 0 1 1 0 0 0 1 0 0 0 0 0
70	3	 0 0 1 0 0 0 0 1 0 1 1 0 0 0 1 0 0 0 0 0
70	4	 0 0 0 0 0 0 0 1 0 1 0 0 0 0 0 0 0 0 0 0
70	6	 0 0 0 0 0 0 0 1 0 1 1 0 1 1 1 0 0 0 0 0
70	2	 0 0 0 1 0 0 1 1 0 1 0 0 0 0 0 0 1 0 0 0
70	6	 0 0 1 0 0 1 0 1 0 1 1 0 0 0 1 1 0 0 0 0
70	2	 0 0 0 0 0 0 0 0 0 1 1 0 1 0 1 0 0 0 0 0
70	6	 0 0 0 0 0 0 0 1 1 1 1 1 0 0 1 0 0 0 0 0
70	4	 0 0 0 0 0 0 0 1 0 1 0 1 0 0 1 0 0 0 0 0
70	1	 0 1 0 0 0 1 0 1 0 1 0 0 0 0 1 0 0 0 0 0
70	2	 0 0 1 0 0 0 1 1 0 1 1 0 0 0 1 0 0 0 0 0
70	4	 0 0 0 0 0 1 1 1 0 1 0 0 0 0 1 0 0 0 0 0
70	1	 0 1 0 0 0 0 0 0 0 1 0 0 0 0 1 0 1 1 0 0
70	3	 1 0 0 0 0 0 0 1 0 1 1 0 0 1 1 0 0 0 1 0
70	1	 0 0 0 0 0 0 0 1 0 1 1 0 0 0 0 0 0 0 0 0
70	7	 0 0 0 0 0 0 0 1 1 1 1 0 0 0 1 0 0 1 0 0
70	20	 1 0 0 0 0 0 0 1 0 1 1 0 0 0 1 0 0 1 0 0
70	3	 0 0 1 0 0 1 0 1 0 1 0 1 0 0 1 0 0 0 0 1
70	1	 0 0 0 0 0 0 0 1 0 1 1 0 0 0 1 0 0 0 0 1
70	5	 0 0 0 0 0 0 0 0 0 1 0 0 0 0 1 0 0 0 0 0
70	6	 0 0 0 0 0 0 1 1 0 1 0 0 0 0 1 0 0 0 0 0
70	1	 0 0 0 0 0 0 0 1 0 0 0 0 0 0 1 0 0 0 0 1
70	4	 1 0 0 0 0 0 0 1 0 0 0 0 0 0 1 0 0 0 0 0
70	2	 0 0 0 0 0 0 0 1 0 1 0 0 1 0 1 0 0 0 0 0
70	4	 0 0 1 0 0 1 0 1 1 1 0 0 0 0 1 0 0 0 1 0
70	1	 0 0 0 0 0 1 1 1 0 1 1 0 0 0 1 0 1 0 0 0
70	3	 1 0 0 0 0 0 0 1 0 0 1 0 0 0 1 0 1 0 0 0
70	3	 0 0 0 0 0 0 0 1 0 1 1 0 0 0 1 0 1 0 1 0
70	5	 0 0 0 0 1 0 0 1 0 1 1 0 0 0 1 0 0 0 1 0
70	3	 1 1 0 0 0 1 0 1 0 1 1 0 0 0 1 0 0 0 0 1
70	2	 0 0 1 0 0 0 0 1 0 1 1 0 0 0 1 0 0 1 0 0
70	2	 0 0 0 0 0 0 0 1 0 1 1 1 0 0 1 0 0 1 0 0
70	5	 0 0 0 0 0 0 0 1 0 1 1 1 0 0 1 0 1 0 1 0
70	3	 0 1 1 0 0 1 0 1 0 0 1 0 0 0 0 0 0 1 0 0
70	2	 0 0 1 1 0 1 0 1 0 1 1 0 0 0 1 0 0 0 0 0
70	5	 1 0 1 0 0 1 0 1 0 1 0 0 0 0 1 0 0 1 0 0
70	3	 0 0 0 0 0 0 1 1 0 1 1 0 0 0 1 0 0 0 0 1
70	1	 0 0 0 0 0 1 0 1 0 1 0 0 0 1 1 0 0 0 0 0
70	1	 0 1 1 0 0 0 0 1 0 1 1 0 0 0 1 0 0 0 0 0
70	3	 0 0 0 0 0 1 0 1 0 1 0 0 0 0 1 0 0 0 0 1
70	2	 0 0 0 0 0 0 0 1 0 1 1 0 1 0 1 0 0 1 0 0
70	2	 1 0 0 0 0 0 0 1 0 1 1 0 0 0 0 0 1 0 0 0
70	1	 0 0 1 0 1 1 0 1 0 0 0 0 0 0 0 0 1 0 0 0
70	1	 0 0 0 0 1 0 0 1 0 1 1 0 0 0 0 0 0 0 0 0
70	1	 0 0 0 0 0 1 0 1 0 1 0 0 0 0 0 0 1 0 0 0
70	3	 1 0 0 0 0 0 0 1 0 0 1 0 0 0 1 0 0 0 0 0
70	2	 0 0 0 0 0 1 0 1 1 1 0 0 0 0 1 0 0 0 0 0
70	9	 1 0 0 0 0 0 0 0 0 1 1 0 0 1 1 0 0 0 0 0
70	1	 1 0 1 0 0 0 0 1 0 1 1 0 0 0 1 1 0 0 0 0
70	3	 0 0 1 0 0 0 0 1 0 1 0 0 0 0 1 1 0 0 0 0
70	1	 0 0 1 0 0 0 0 1 0 1 0 0 0 0 1 0 1 0 0 0
70	2	 0 0 0 0 0 1 0 1 0 1 1 0 0 0 1 1 0 0 0 0
70	2	 0 0 0 0 0 0 0 1 1 1 1 1 1 0 1 0 0 0 0 0
70	2	 0 0 1 0 0 1 0 1 1 1 0 0 1 0 1 0 0 0 1 0
70	1	 0 0 0 0 0 0 0 1 0 1 0 0 0 0 1 0 0 1 0 0
70	1	 0 1 0 0 0 0 0 0 0 1 0 0 0 0 1 0 0 0 0 1
70	2	 0 0 0 0 0 0 1 1 0 1 1 0 0 0 1 0 0 1 0 0
70	1	 0 0 1 0 0 0 0 1 0 1 1 0 0 1 1 0 0 0 0 0
70	2	 0 0 1 0 0 1 0 1 0 1 1 0 0 0 1 0 0 1 0 0
70	2	 0 0 0 0 0 1 0 1 0 1 0 0 0 0 1 0 0 1 0 0
70	2	 0 0 0 0 1 0 0 1 0 1 1 0 0 0 1 0 0 1 0 0
70	1	 0 1 0 0 0 0 0 1 0 1 1 0 0 0 1 0 0 1 0 0
70	1	 0 0 0 0 1 0 0 1 0 1 1 0 1 0 1 0 0 0 0 0
70	1	 0 0 0 0 0 0 0 1 1 1 1 0 1 0 1 0 0 0 0 0
70	2	 0 0 0 0 0 0 0 1 0 1 1 0 0 0 1 0 0 0 1 1
70	1	 0 1 0 0 0 0 0 1 0 1 1 0 1 0 1 0 0 0 0 0
70	2	 0 1 0 0 0 0 1 1 0 1 1 0 0 0 1 0 0 0 0 0
70	2	 0 0 0 0 0 0 0 1 0 1 0 0 1 1 1 0 0 0 0 0
70	1	 0 0 0 0 0 0 1 1 0 1 1 0 0 1 1 0 0 0 0 1
70	2	 0 0 0 0 0 1 0 1 0 1 0 0 1 1 1 0 0 0 0 0
135	48	 0 0 0 0 0 0 0 1 0 1 1 0 0 0 1 0 0 0 0 0
135	27	 1 0 0 0 0 0 0 1 0 1 1 0 0 0 1 0 0 0 0 0
135	36	 0 0 0 0 0 0 1 1 0 1 1 0 0 0 1 0 0 0 0 0
135	16	 0 1 0 0 0 0 0 1 0 1 1 0 0 0 0 0 0 0 0 0
135	36	 1 0 0 0 0 1 0 1 0 1 1 0 0 0 1 0 0 0 0 0
135	35	 0 0 0 0 0 0 0 1 1 1 1 0 0 0 1 0 0 0 0 0
135	73	 0 0 1 0 0 1 0 1 0 1 1 0 0 0 1 0 0 0 0 0
135	106	 1 0 1 0 0 0 0 1 0 1 1 0 0 0 1 0 0 0 0 0
135	1	 0 0 1 0 0 0 0 1 0 1 1 0 0 0 1 0 0 0 0 0
135	77	 1 0 1 0 0 0 0 1 0 1 1 0 1 0 1 0 0 0 0 0
135	2	 1 0 1 0 0 0 0 1 0 1 1 0 0 0 0 0 0 1 0 0
135	6	 1 0 1 0 0 1 0 1 0 1 1 0 0 0 1 0 0 0 0 0
135	29	 1 1 0 0 0 0 0 1 0 1 1 0 0 0 1 0 0 0 0 0
135	31	 1 0 0 0 0 0 0 1 0 1 1 0 0 0 0 0 0 0 0 0
135	4	 1 0 0 0 0 1 0 0 0 1 1 0 0 0 1 0 0 0 0 0
135	2	 0 0 0 0 1 1 0 1 0 1 1 0 0 0 1 0 0 0 0 0
135	8	 1 0 1 0 0 0 0 1 0 0 1 0 0 0 1 0 0 0 0 0
135	28	 1 0 1 0 0 0 0 1 0 1 1 0 0 0 1 0 0 1 0 0
135	1	 0 0 0 1 0 0 0 1 0 1 1 0 0 0 1 0 0 0 0 0
135	22	 1 0 1 1 0 1 0 1 0 1 1 0 0 0 1 0 0 0 0 0
135	8	 1 0 0 1 0 0 0 1 0 1 1 0 0 0 1 0 0 0 0 0
135	6	 0 0 1 1 0 1 0 1 0 1 1 0 0 0 1 0 0 1 0 0
135	4	 1 0 0 0 0 1 0 1 0 1 1 0 0 0 1 0 0 1 0 0
135	29	 1 0 0 0 0 0 1 1 0 1 1 0 0 0 1 0 0 1 0 0
135	14	 0 0 0 0 0 0 0 1 1 1 1 0 0 0 0 0 0 0 0 0
135	3	 0 0 1 1 0 1 0 1 0 1 1 0 0 1 1 0 0 0 0 0
135	16	 0 0 1 0 0 0 0 1 0 1 1 0 1 0 1 0 0 0 0 0
135	20	 1 0 0 0 0 0 1 1 0 1 1 1 0 0 1 0 0 0 0 0
135	2	 0 0 1 0 0 0 0 1 0 1 0 0 0 0 1 0 0 0 0 0
135	21	 1 1 0 0 0 1 0 1 0 1 1 0 0 0 1 0 0 0 0 0
135	16	 0 0 0 0 0 0 1 1 1 1 1 0 0 0 1 0 0 0 0 0
135	4	 0 0 0 0 0 0 1 1 0 1 1 0 0 1 1 0 0 0 0 0
135	25	 0 1 0 0 0 0 0 1 0 1 1 0 0 0 1 0 0 1 0 0
135	8	 1 0 0 0 0 0 0 1 1 1 1 0 0 0 0 0 0 0 0 0
135	8	 1 0 1 0 0 1 0 0 0 1 1 0 0 0 1 0 0 0 0 0
135	2	 0 0 0 0 1 1 0 1 1 1 1 0 0 0 1 0 0 0 0 0
135	4	 1 0 0 0 0 0 0 1 0 1 1 0 0 0 1 1 0 0 0 0
135	6	 1 0 0 0 0 0 1 1 0 1 1 0 0 0 1 1 0 1 0 0
135	1	 1 0 1 0 0 0 0 0 0 1 1 0 0 0 1 0 0 0 0 0
135	1	 1 1 0 0 0 0 0 1 0 1 1 0 0 1 1 0 0 0 0 0
135	8	 1 0 1 0 0 0 0 1 0 1 1 0 0 0 0 0 0 0 0 0
135	4	 0 1 1 1 0 0 0 1 0 1 1 0 0 0 1 1 0 1 0 0
135	14	 0 0 0 0 0 1 1 1 0 1 1 0 0 0 1 0 0 0 0 0
135	4	 0 0 1 0 0 1 0 1 0 1 1 0 0 0 1 0 0 0 0 1
135	1	 0 0 0 0 0 0 1 1 0 1 0 0 0 0 1 1 1 1 0 0
135	15	 1 0 1 1 0 0 1 1 1 1 1 0 1 0 1 0 0 0 0 0
135	3	 0 0 1 0 0 0 0 1 1 1 1 0 0 0 1 0 0 0 0 0
135	2	 1 0 0 0 0 0 1 1 0 1 1 0 0 0 1 0 0 0 0 0
135	2	 0 0 1 0 0 0 0 1 0 1 1 0 0 0 1 1 0 0 0 0
135	8	 1 0 0 0 0 0 1 1 0 1 1 1 0 0 1 0 0 1 0 0
135	5	 1 0 1 0 0 0 0 1 0 1 1 0 1 1 1 0 0 0 0 0
135	2	 1 1 0 0 0 0 1 1 0 1 1 1 0 0 1 0 0 0 0 0
135	9	 0 0 0 0 0 0 1 1 0 1 1 0 0 0 1 1 0 0 0 0
135	10	 0 0 0 0 0 0 0 1 1 1 1 0 0 0 1 1 0 0 0 0
135	5	 0 0 1 1 0 0 0 1 0 1 1 1 0 0 1 0 0 0 0 0
135	3	 0 0 0 0 0 0 0 1 1 1 1 0 0 0 1 0 0 1 0 0
135	12	 1 1 1 1 0 1 0 1 0 1 1 0 0 0 1 0 0 0 0 0
135	2	 0 0 0 0 0 0 0 1 1 1 1 0 1 0 0 0 0 0 0 0
135	2	 1 1 0 0 0 1 0 1 0 1 1 1 0 0 1 0 0 0 0 0
135	3	 1 1 1 0 0 0 0 1 0 1 1 0 1 0 1 0 0 0 0 0
135	6	 0 0 1 1 0 0 1 1 1 1 1 0 1 0 1 0 0 0 0 0
135	1	 1 0 1 0 0 0 0 1 0 1 1 0 0 0 1 0 1 0 0 0
135	1	 0 0 1 0 0 1 0 0 0 0 1 0 0 0 1 0 0 0 0 0
135	4	 0 1 0 0 0 0 0 1 0 1 1 0 0 0 1 0 0 1 1 0
135	3	 1 1 0 1 0 1 0 1 0 1 1 0 0 0 1 0 0 0 0 0
135	3	 0 0 0 0 0 0 0 0 0 1 1 0 0 0 1 0 0 0 0 0
135	6	 0 0 0 0 0 0 0 1 0 0 1 0 0 0 1 0 0 0 0 0
135	1	 0 0 1 0 0 1 0 1 0 1 1 0 0 0 1 0 0 1 0 0
135	4	 1 1 0 0 0 0 0 1 0 1 1 0 0 0 1 0 0 0 0 1
135	4	 1 0 1 0 0 0 0 1 0 1 1 0 0 0 1 0 1 1 0 0
135	3	 1 0 0 0 0 0 1 0 0 1 1 0 0 0 1 1 0 1 0 0
135	4	 0 0 1 0 0 0 0 0 0 1 1 0 0 0 1 1 0 0 0 0
135	7	 1 0 0 0 0 0 0 0 0 1 1 0 0 0 1 0 0 0 0 0
135	4	 0 0 0 0 0 0 1 1 0 1 0 0 0 0 0 1 1 1 0 0
135	8	 0 0 0 0 0 0 1 1 0 1 0 0 0 0 1 1 0 0 0 0
135	1	 0 1 0 0 0 0 0 1 1 1 1 0 0 0 1 0 0 1 1 0
135	3	 0 0 1 0 0 1 0 1 0 1 1 0 0 1 1 0 0 0 0 0
135	1	 1 1 0 0 0 1 0 1 0 1 1 0 0 0 1 1 0 0 0 0
135	2	 1 0 1 0 0 0 0 1 0 1 1 0 0 0 1 1 0 0 0 0
135	2	 1 0 1 1 0 1 0 1 0 1 1 0 0 1 1 0 0 0 0 0
135	1	 0 0 1 1 0 0 0 1 0 1 1 0 0 0 1 0 0 0 0 0
135	4	 0 0 0 0 0 0 1 0 0 1 1 0 0 0 1 0 0 0 0 0
135	2	 0 0 1 1 0 1 0 1 0 1 1 0 0 0 1 0 0 0 0 0
135	1	 1 0 1 0 0 0 0 1 0 1 1 0 0 0 1 0 0 0 0 1
135	2	 1 0 1 0 0 0 1 1 0 1 1 0 0 0 1 0 0 1 0 0
135	1	 1 0 1 1 0 1 0 1 0 1 1 0 0 0 1 0 1 0 0 0
135	1	 0 0 1 0 0 1 0 1 0 1 1 0 0 0 1 0 0 1 0 1
135	2	 0 0 0 0 0 1 0 1 1 1 1 0 0 0 1 0 0 1 0 0
135	2	 0 0 0 0 0 0 0 1 0 1 1 0 0 1 1 0 0 0 0 0
135	3	 0 0 0 0 0 1 0 1 0 1 1 0 0 0 1 0 0 0 0 0
135	1	 0 1 0 0 0 0 0 1 0 1 1 0 0 0 1 0 0 0 0 0
135	1	 1 0 1 0 1 0 0 1 0 1 1 0 0 0 1 0 0 0 0 0
135	1	 0 0 1 1 0 1 0 1 0 1 1 0 0 0 1 0 0 1 1 0
135	3	 1 1 0 0 0 0 0 1 0 1 1 0 0 0 1 0 0 1 0 0
135	3	 0 0 0 0 0 0 0 1 1 0 1 0 0 0 1 1 0 0 0 0
135	2	 1 0 1 1 0 0 0 1 0 1 1 1 0 0 1 0 0 0 0 0
135	2	 0 0 0 0 0 0 0 1 1 1 1 0 1 1 0 0 0 0 0 0
250	12	 1 0 1 0 0 0 0 1 0 1 1 0 0 0 1 0 0 0 0 0
250	15	 1 0 1 1 0 0 1 1 1 1 1 0 1 0 1 0 0 0 0 0
250	42	 1 1 1 1 0 1 0 1 0 1 1 0 0 0 0 0 0 0 0 0
250	59	 1 1 1 1 0 1 0 1 0 1 1 0 0 0 1 0 0 0 0 0
250	4	 1 1 1 1 0 1 0 1 0 0 1 1 0 0 1 0 0 0 0 0
250	23	 1 0 1 0 0 0 1 1 0 1 1 0 0 0 1 0 0 0 0 0
250	26	 1 1 1 1 0 1 0 1 0 1 1 0 0 0 0 0 1 0 0 0
250	105	 1 1 1 1 0 1 0 1 1 1 1 0 0 0 0 0 0 0 0 0
250	5	 0 0 1 1 0 1 0 1 1 1 1 0 1 0 1 0 1 0 0 0
250	24	 1 1 1 1 0 1 0 1 0 1 1 0 0 0 0 0 0 0 1 0
250	6	 1 0 0 1 0 1 0 1 0 1 1 0 0 0 1 1 0 0 0 0
250	4	 1 0 1 1 1 0 0 1 1 1 1 0 1 0 1 0 0 0 0 0
250	2	 0 0 1 0 0 1 0 1 0 1 1 0 0 0 0 1 0 0 0 0
250	20	 1 1 1 1 0 1 0 1 0 1 1 0 0 0 1 0 0 0 1 0
250	50	 1 1 1 1 0 1 0 1 1 1 1 0 0 0 1 0 0 0 0 0
250	3	 1 0 1 1 0 1 0 1 0 1 1 0 1 0 0 1 1 0 0 0
250	1	 1 1 1 1 0 1 1 1 1 1 1 0 0 0 1 0 0 0 1 0
250	24	 1 0 1 0 0 0 0 1 1 1 1 1 0 0 1 0 0 0 0 0
250	1	 0 0 1 0 0 1 0 1 0 1 1 0 0 0 1 0 0 0 0 0
250	1	 0 1 1 1 0 1 0 0 0 1 1 0 0 0 0 1 0 0 1 0
250	1	 1 1 1 1 0 1 0 1 0 1 1 1 1 0 1 0 0 0 0 0
250	8	 1 0 0 1 0 0 1 1 1 1 1 0 1 0 1 0 0 0 0 0
250	36	 1 1 1 1 0 1 0 1 1 1 1 0 0 0 0 1 0 0 0 0
250	9	 1 0 1 1 0 1 1 1 1 1 1 1 0 0 0 0 0 0 0 0
250	9	 1 0 1 1 0 1 0 0 0 1 1 0 1 0 1 0 0 0 0 0
250	10	 1 0 1 1 0 0 1 1 1 1 1 0 0 0 0 0 0 0 0 0
250	13	 1 1 1 0 0 1 1 1 1 1 1 0 1 0 1 0 0 0 0 0
250	2	 1 1 1 1 0 1 0 1 0 1 1 0 0 0 0 0 0 0 1 1
250	5	 1 0 0 1 0 0 1 1 0 1 1 0 0 0 1 0 0 0 0 1
250	11	 1 1 1 1 0 1 1 1 1 1 1 0 0 0 0 1 0 0 0 0
250	5	 0 1 1 1 0 0 0 1 0 0 1 0 0 0 0 0 0 0 0 0
250	3	 1 0 1 1 0 0 1 0 1 1 1 0 1 0 1 0 0 0 0 0
250	19	 1 0 1 1 0 0 1 1 1 1 1 0 1 0 1 0 0 1 0 0
250	10	 0 1 1 1 1 1 0 0 0 1 1 0 0 0 0 0 1 0 0 0
250	7	 1 1 1 1 0 1 0 1 0 1 1 0 0 0 1 1 0 0 0 1
250	2	 1 0 1 1 0 0 0 1 0 1 1 0 0 1 0 1 0 1 0 0
250	13	 1 0 1 0 0 0 0 1 0 1 1 0 0 0 1 0 1 0 0 0
250	1	 1 0 1 1 0 0 0 1 0 1 1 0 1 0 1 0 0 0 0 0
250	22	 1 1 1 1 0 1 1 1 1 1 1 0 1 0 0 0 0 0 1 0
250	25	 1 1 1 1 0 1 0 1 1 1 1 0 0 0 1 0 0 0 1 0
250	2	 1 1 1 1 0 1 0 1 0 1 1 1 0 0 1 0 0 0 0 0
250	7	 1 1 1 1 0 1 0 1 0 1 0 0 0 0 0 0 0 0 1 0
250	8	 1 0 1 0 0 0 1 1 0 1 1 0 1 0 1 0 0 0 0 1
250	9	 1 1 1 1 0 1 0 1 0 1 1 0 0 0 1 1 0 1 0 0
250	26	 1 1 1 1 0 1 0 1 1 1 1 0 1 0 1 0 0 0 0 0
250	8	 1 0 1 1 0 0 0 1 0 1 1 0 0 0 0 0 0 0 0 0
250	7	 1 1 1 1 0 1 1 1 1 1 1 0 0 0 1 0 0 0 0 0
250	20	 1 0 1 1 0 0 1 1 1 1 1 0 0 0 0 1 0 0 0 0
250	1	 0 0 1 0 0 1 0 1 0 1 1 0 0 0 0 0 0 0 1 0
250	8	 1 1 1 0 0 0 1 1 0 1 1 0 0 0 1 0 0 0 0 0
250	11	 1 1 1 1 0 1 0 1 1 1 1 0 0 0 0 0 0 0 1 0
250	31	 1 1 1 1 0 1 0 1 0 1 1 0 1 0 0 0 0 0 1 0
250	16	 1 1 1 1 0 1 0 1 0 1 1 0 0 1 1 0 0 0 0 0
250	2	 1 1 1 1 0 1 0 1 0 1 1 0 0 0 1 1 0 0 0 0
250	3	 1 1 1 1 0 1 0 0 1 1 1 0 0 0 0 0 0 0 0 0
250	5	 1 1 1 1 1 1 0 1 1 1 1 0 0 0 0 1 0 0 0 0
250	1	 1 0 1 0 0 0 1 1 0 0 1 0 0 0 1 0 0 0 0 0
250	8	 1 0 1 1 1 0 0 1 1 1 1 0 0 0 1 0 0 0 0 0
250	6	 1 0 1 1 0 1 0 1 0 1 1 0 1 0 0 0 1 0 0 0
250	1	 0 1 1 1 1 1 0 0 0 1 1 0 0 0 0 0 1 0 0 1
250	5	 1 0 1 0 0 0 0 1 0 1 1 0 1 0 1 0 1 0 0 0
250	8	 1 1 1 1 0 1 0 1 0 1 1 0 0 0 0 0 1 0 1 0
250	10	 1 1 1 1 0 1 0 1 0 1 1 0 0 0 1 1 0 0 1 0
250	2	 0 0 1 0 0 1 0 0 0 1 1 0 0 0 0 0 0 0 1 0
250	1	 1 1 1 1 1 1 0 1 1 1 1 0 1 0 0 1 0 0 0 0
250	2	 1 1 1 0 0 1 0 1 1 1 0 0 0 0 0 0 0 0 0 0
250	7	 0 1 1 1 0 1 0 1 0 1 1 0 0 0 1 0 0 0 0 0
250	1	 1 1 1 1 0 1 0 1 1 1 1 0 0 0 0 0 1 0 0 0
250	7	 1 0 1 1 0 0 1 0 1 1 1 1 0 0 0 0 0 0 0 0
250	3	 1 1 1 1 0 1 0 1 1 1 1 0 0 1 1 0 0 0 0 0
250	2	 1 0 1 0 0 0 0 0 1 1 1 1 0 0 1 0 0 0 0 0
250	3	 1 0 1 1 0 0 0 1 1 1 1 0 0 0 1 0 0 0 1 0
250	6	 1 1 1 0 0 1 1 1 1 1 1 0 1 0 1 0 0 1 0 0
250	2	 1 0 1 1 1 0 0 1 1 1 0 0 1 0 1 0 0 0 0 0
250	1	 1 0 1 1 0 0 1 1 0 1 1 0 1 0 1 0 0 0 0 1
250	4	 1 0 1 1 0 0 1 1 1 1 1 0 1 0 1 0 0 0 0 1
250	2	 1 1 1 1 0 1 1 1 1 1 1 0 0 0 0 0 0 0 0 0
250	8	 1 1 1 0 0 1 1 1 1 1 1 0 1 0 1 0 1 0 0 0
250	6	 1 1 0 1 0 1 1 1 0 1 1 1 1 0 0 0 0 0 0 0
250	2	 1 0 1 1 0 1 0 1 0 1 1 0 0 0 0 0 0 0 1 0
250	11	 1 1 1 1 0 1 1 1 1 1 1 0 1 0 0 0 1 0 0 0
250	3	 1 0 1 0 0 0 0 1 1 1 1 1 1 0 1 0 0 0 0 0
250	6	 1 1 1 1 0 0 1 1 0 1 1 0 1 0 1 0 0 0 1 1
250	1	 1 0 1 1 0 1 0 1 0 1 1 0 1 0 1 0 0 0 0 0
250	1	 1 0 1 1 0 1 0 0 0 1 1 0 1 0 0 1 0 0 0 0
250	2	 1 0 1 1 0 0 1 1 1 1 1 0 0 0 0 1 0 0 1 0
250	4	 1 0 1 1 0 1 0 1 0 1 1 0 0 0 0 0 1 0 0 0
250	3	 1 1 1 1 0 1 0 1 0 1 1 0 1 0 1 0 0 0 1 0
250	8	 1 1 1 1 1 1 0 1 1 1 1 0 1 0 1 0 0 0 0 0
250	2	 1 1 1 0 0 1 1 1 1 1 1 0 1 0 0 0 1 0 0 0
250	2	 1 0 1 1 0 1 1 1 1 1 1 0 1 0 0 0 0 0 1 0
250	2	 1 1 1 1 0 1 0 1 0 1 0 0 0 0 0 0 0 1 0 0
250	1	 1 1 1 1 0 1 1 1 0 1 1 1 0 0 0 0 0 0 0 0
250	2	 1 1 1 0 0 1 1 1 1 1 1 0 0 0 1 0 0 0 0 0
250	4	 1 0 1 0 0 0 0 1 0 1 0 0 0 0 1 0 0 0 0 0
250	1	 1 0 1 0 0 0 1 1 1 1 1 0 1 0 1 0 0 0 0 0
250	1	 1 1 1 1 0 1 0 1 1 1 1 0 0 1 0 1 0 0 0 0
250	2	 1 1 1 1 0 1 0 1 0 1 0 0 0 0 1 1 0 0 0 1
250	2	 1 1 1 0 0 1 1 1 1 1 1 0 1 0 0 0 0 0 1 0
250	2	 0 1 1 1 0 1 0 1 0 1 1 0 0 1 1 0 0 0 0 0
250	1	 1 1 0 1 0 1 0 1 0 1 1 0 0 0 1 1 0 0 0 0
250	3	 0 1 1 1 0 1 0 1 0 1 1 0 0 0 0 1 0 0 0 0
250	5	 0 1 1 0 0 1 0 0 0 1 1 0 0 0 0 0 0 0 1 0
250	2	 1 0 1 1 0 1 0 1 1 1 1 0 0 1 1 0 0 0 1 0
250	1	 1 1 1 1 0 1 0 1 1 1 1 0 0 0 1 0 0 0 0 1
250	2	 1 1 1 1 0 1 0 1 0 1 0 0 0 0 1 0 0 0 0 0
250	1	 1 1 1 0 0 0 1 1 0 1 1 0 0 0 1 0 0 0 1 0
250	2	 1 1 0 1 0 1 0 1 0 1 1 0 1 0 1 0 0 1 0 0
250	1	 1 1 1 1 0 1 0 1 0 1 1 0 0 0 0 1 0 0 1 0
250	5	 1 1 1 1 1 1 0 1 1 1 1 0 0 0 1 0 0 0 0 0
250	1	 1 0 1 0 1 0 0 1 1 1 1 1 0 0 1 0 0 0 0 0
250	1	 1 1 1 1 0 1 1 1 1 1 1 0 1 1 0 0 0 0 1 0
250	1	 1 0 1 1 0 0 1 1 1 1 1 0 1 1 1 0 0 0 1 0
250	1	 1 1 1 1 0 1 0 1 0 1 1 0 1 0 0 0 0 0 0 0
250	2	 1 1 1 1 0 1 0 1 0 1 1 0 1 0 0 0 0 0 1 1
250	1	 0 0 1 1 1 0 0 1 1 1 1 0 0 0 1 0 0 0 0 0
250	1	 1 0 1 0 0 0 0 1 0 1 1 1 0 0 1 0 0 0 1 0
250	1	 1 0 1 1 0 1 1 1 0 1 1 0 0 0 1 1 0 0 0 1
250	1	 1 0 1 0 0 0 0 1 0 1 1 0 0 0 0 0 1 0 0 1
250	1	 1 1 1 1 0 1 1 1 1 1 1 0 0 0 0 0 0 0 1 0
250	1	 1 0 1 0 0 0 0 1 0 1 1 0 0 0 1 1 0 0 0 0
250	2	 1 1 1 1 0 1 0 0 0 1 1 0 0 0 0 0 1 0 0 0
250	2	 1 0 1 1 0 1 0 0 0 1 1 0 1 0 1 0 0 0 1 0
250	1	 1 0 1 1 0 0 1 1 1 1 1 0 0 0 0 0 0 1 0 0
400	12	 1 1 1 1 0 1 0 1 0 1 1 0 0 0 0 0 0 0 0 0
400	19	 1 1 1 1 0 1 0 1 1 1 1 0 0 0 0 0 0 0 0 0
400	20	 1 1 1 1 0 1 0 1 1 1 1 0 0 0 0 1 0 0 0 0
400	15	 1 1 1 0 0 1 1 1 1 1 1 0 1 0 1 0 0 0 0 0
400	16	 1 0 1 1 0 1 0 1 0 1 1 0 0 0 0 1 0 0 0 0
400	49	 1 1 1 1 0 1 0 1 1 1 1 0 0 0 1 1 0 0 0 0
400	50	 1 1 1 1 0 1 0 1 1 1 1 1 0 0 0 0 0 1 0 0
400	66	 1 1 1 1 0 1 0 1 0 1 1 0 0 0 0 1 0 0 0 0
400	5	 1 1 1 1 0 1 0 1 0 1 1 0 1 0 0 1 0 0 0 0
400	1	 1 1 0 1 0 1 0 1 1 1 1 0 0 0 0 0 0 0 0 0
400	2	 1 1 1 1 0 1 0 1 0 1 1 0 0 0 1 0 0 1 0 1
400	48	 1 1 1 1 0 1 1 1 1 1 1 0 1 0 0 1 0 0 0 0
400	10	 1 1 0 1 0 1 0 1 1 0 1 0 0 0 0 0 0 0 0 0
400	4	 1 1 1 1 0 1 1 1 0 1 1 0 0 0 0 0 0 0 0 0
400	25	 1 1 1 1 0 1 0 1 1 1 1 0 0 0 1 0 0 0 0 0
400	12	 1 1 1 1 0 1 1 1 1 1 1 0 0 0 0 0 0 0 0 0
400	60	 1 1 1 1 0 1 0 1 0 1 1 0 0 0 0 1 0 0 1 0
400	26	 1 1 0 1 0 1 0 1 1 0 1 1 0 0 0 0 0 0 0 0
400	19	 1 1 1 1 0 1 0 0 1 1 1 0 1 0 0 1 0 0 0 0
400	21	 1 1 1 1 0 1 0 1 0 1 1 1 0 0 0 0 0 0 1 0
400	3	 1 0 1 1 0 1 0 1 1 1 1 0 0 0 0 0 0 0 0 0
400	11	 1 1 1 0 0 1 1 1 1 1 1 0 0 1 1 1 0 0 0 0
400	29	 0 1 1 1 0 1 0 1 0 1 1 0 0 0 0 1 0 0 0 0
400	1	 1 1 1 1 0 1 0 1 1 1 1 0 0 0 0 0 0 1 0 0
400	2	 1 1 1 1 1 1 0 1 0 1 1 0 0 0 1 0 0 1 0 0
400	17	 1 1 1 1 0 1 1 1 1 1 0 0 1 0 0 1 0 0 0 0
400	19	 1 1 1 1 0 1 1 1 1 1 1 0 0 0 0 1 0 0 0 0
400	5	 1 1 1 1 1 1 0 1 1 0 1 0 1 0 0 1 0 0 0 1
400	1	 1 1 1 1 0 1 0 1 1 0 1 0 0 0 0 0 0 0 0 0
400	11	 1 1 1 1 0 1 0 1 1 1 1 0 0 1 0 1 0 0 0 0
400	1	 1 1 0 1 0 1 0 1 1 1 1 0 0 0 0 0 0 0 1 0
400	5	 1 1 1 1 0 1 1 1 1 1 1 0 0 0 0 0 1 0 0 0
400	3	 1 1 1 0 0 1 1 1 1 1 1 0 1 1 1 0 0 0 0 0
400	5	 1 1 1 1 0 1 0 1 1 1 0 0 1 0 0 1 0 0 0 0
400	2	 1 1 1 1 0 1 1 1 1 1 1 0 0 0 0 0 0 0 0 1
400	21	 1 1 1 0 0 1 0 1 1 1 1 0 1 0 1 0 0 0 0 0
400	20	 1 1 1 1 0 1 0 1 1 1 0 1 0 0 1 0 0 0 0 1
400	1	 1 1 1 0 0 1 0 1 0 1 1 0 1 0 0 1 0 0 0 0
400	1	 1 1 0 1 0 1 0 1 0 1 1 0 0 0 0 0 0 0 0 0
400	10	 1 1 1 1 0 1 0 1 1 1 1 1 0 0 0 1 0 0 0 0
400	12	 1 1 1 1 0 1 0 1 1 1 1 0 0 0 1 1 0 0 1 0
400	6	 1 1 1 1 0 1 0 1 0 1 1 0 0 0 1 1 0 0 0 0
400	51	 1 1 1 1 0 1 1 1 1 1 1 0 1 0 1 1 0 0 0 0
400	3	 1 1 1 1 0 1 0 1 1 1 1 1 0 0 1 0 0 0 0 1
400	9	 1 1 1 1 1 1 0 1 1 1 1 0 0 0 0 0 0 0 0 0
400	11	 1 1 0 1 0 0 0 0 1 0 1 0 0 0 0 0 0 0 0 0
400	8	 1 1 1 0 0 1 1 1 1 1 1 0 1 0 0 1 0 0 0 0
400	11	 1 1 1 0 0 1 1 1 1 1 1 0 0 0 0 0 0 0 0 0
400	10	 1 1 1 1 1 1 0 1 1 0 1 0 0 0 0 1 0 0 0 0
400	5	 0 1 1 1 0 1 1 1 1 1 1 0 1 0 0 1 0 0 0 0
400	9	 1 1 1 1 0 1 0 1 0 1 1 0 0 0 0 1 0 1 1 0
400	6	 1 1 0 1 0 1 1 1 1 1 1 0 1 1 1 0 0 0 0 0
400	6	 1 1 1 0 0 1 1 1 1 1 1 0 1 1 1 0 0 0 0 1
400	12	 0 1 1 1 0 1 1 1 1 1 1 0 0 0 0 1 0 0 0 0
400	5	 1 1 0 1 0 1 0 1 1 1 1 0 1 0 0 0 0 0 0 0
400	3	 1 1 1 1 0 1 0 1 1 1 0 0 0 0 1 0 0 0 0 0
400	2	 1 0 1 1 0 1 0 0 1 1 1 0 1 0 0 1 0 0 0 0
400	4	 1 1 1 1 0 1 1 1 1 0 1 0 0 1 0 0 0 0 0 0
400	8	 0 1 1 1 0 1 0 1 0 1 1 0 0 1 0 0 0 0 0 0
400	3	 1 1 1 0 0 1 0 0 1 1 1 0 1 0 0 1 0 0 0 0
400	4	 1 0 1 1 0 1 0 0 1 1 1 0 0 0 0 1 0 0 0 0
400	4	 1 1 1 1 0 1 1 1 1 1 1 1 0 1 0 0 0 0 0 0
400	8	 1 1 1 1 0 1 0 1 1 1 1 0 0 0 1 1 0 1 0 0
400	2	 1 1 1 1 0 1 0 1 1 1 1 1 0 0 0 0 0 1 0 1
400	8	 0 1 1 1 0 1 0 1 0 0 1 0 0 0 0 1 0 0 0 0
400	1	 1 1 0 1 0 1 1 1 1 1 1 0 0 0 0 1 0 0 0 0
400	3	 1 0 1 1 0 1 0 1 1 1 1 0 0 1 0 0 0 0 0 0
400	1	 1 1 1 0 0 1 0 1 1 0 1 0 0 0 0 0 0 0 0 0
400	2	 0 1 1 0 0 1 0 1 1 1 1 0 1 0 1 0 0 0 0 0
400	3	 1 1 1 1 0 1 1 1 0 1 1 0 0 0 1 0 0 0 0 0
400	2	 1 1 0 1 0 1 0 1 1 0 1 0 1 0 1 0 0 0 0 0
400	1	 1 1 1 1 0 1 0 1 1 1 1 0 0 0 0 1 0 0 1 0
400	2	 1 1 1 0 0 1 1 1 1 1 1 0 0 0 1 0 0 0 0 0
400	6	 1 1 1 1 0 1 0 0 1 1 1 0 1 0 0 1 0 1 0 0
400	4	 1 1 0 1 0 0 0 1 1 0 1 0 0 0 0 0 0 0 0 0
400	2	 1 1 0 1 0 1 1 1 1 1 1 0 0 0 0 0 0 0 0 0
400	4	 1 1 1 0 0 1 0 1 1 1 1 0 0 0 0 0 0 0 0 0
400	3	 1 1 1 0 0 1 0 1 0 1 1 0 0 0 0 1 0 0 0 0
400	9	 1 1 1 1 0 1 1 1 1 1 1 0 0 0 1 0 0 0 0 0
400	13	 1 1 0 1 0 1 0 1 1 0 1 1 0 0 0 0 0 0 0 1
400	2	 1 1 1 1 0 1 1 1 1 1 1 0 1 1 1 0 0 0 0 0
400	4	 1 1 0 1 0 1 0 1 0 1 1 1 0 0 0 1 0 0 0 0
400	4	 1 1 1 1 0 1 0 1 1 1 1 0 0 1 0 0 0 0 0 0
400	3	 1 0 1 1 0 1 0 0 0 1 1 0 0 0 0 1 0 0 0 0
400	2	 1 1 1 1 0 1 0 1 1 0 1 0 0 0 1 0 0 0 0 0
400	2	 1 1 1 1 1 0 0 1 0 0 1 0 1 0 0 1 0 0 0 0
400	3	 1 1 0 1 0 1 0 1 1 1 1 0 0 0 0 1 0 0 0 0
400	2	 1 1 1 1 1 1 0 1 0 0 1 0 0 0 0 0 0 0 0 0
400	1	 1 1 0 1 0 0 0 1 1 0 1 1 0 0 0 0 0 0 0 0
400	6	 1 1 1 0 0 0 1 1 1 1 1 0 0 1 1 1 0 0 0 0
400	1	 1 1 1 1 0 1 0 1 1 1 0 0 0 0 1 1 0 0 1 0
400	2	 1 1 1 1 0 1 0 1 1 1 1 0 1 0 1 0 0 0 0 0
400	2	 1 1 1 1 1 1 0 1 0 1 1 0 0 0 1 0 0 0 0 0
400	1	 1 1 1 1 0 1 0 1 1 1 0 1 0 0 1 0 0 0 0 0
400	6	 1 0 0 1 0 1 0 1 0 1 1 0 0 0 0 1 0 0 0 0
400	2	 1 1 1 1 0 1 0 0 0 1 1 0 0 0 0 1 0 0 0 0
400	3	 1 1 0 1 0 1 0 1 1 1 1 0 0 0 1 0 0 0 0 0
400	1	 1 1 1 0 0 1 1 0 1 1 1 0 0 1 1 1 0 0 0 0
400	2	 1 1 1 1 0 1 0 1 0 1 0 0 1 0 0 1 0 0 0 0
400	4	 1 1 1 1 1 1 0 1 0 0 1 0 0 0 0 1 0 0 0 0
400	3	 1 1 1 1 0 1 0 1 1 0 1 1 0 0 0 0 0 0 0 0
400	2	 1 1 1 1 0 0 1 1 1 1 1 0 0 1 1 1 0 0 0 0
400	2	 1 1 1 1 1 1 0 1 0 1 1 0 0 0 0 0 0 0 0 0
400	5	 1 0 1 1 0 1 0 1 1 1 1 0 0 0 0 1 0 0 0 0
400	1	 1 0 1 1 0 1 0 1 1 1 1 0 0 0 1 1 0 0 0 0
400	1	 1 1 1 1 1 1 1 1 1 1 1 0 1 0 0 1 0 0 0 0
400	1	 1 1 0 1 0 1 1 1 1 1 1 0 1 0 0 1 0 0 0 0
400	2	 1 1 1 1 0 1 1 1 0 1 1 0 0 0 0 0 1 0 0 0
400	1	 1 1 0 1 0 1 0 1 1 1 1 0 0 0 0 1 0 0 1 0
400	1	 1 1 1 1 0 1 1 1 1 1 1 0 1 0 1 1 1 0 0 0
400	4	 1 1 1 1 0 1 1 1 1 1 1 0 0 0 1 1 0 0 0 0
400	4	 1 1 1 1 0 1 0 1 0 1 1 1 0 0 1 0 0 0 0 1
400	3	 1 1 1 1 0 1 0 0 1 1 1 0 0 0 0 0 0 0 0 0
400	1	 1 1 1 1 0 1 0 1 1 1 1 0 0 1 1 1 0 0 0 0
400	1	 1 1 1 1 1 1 0 1 1 0 1 0 0 0 1 1 0 0 1 0
400	1	 0 1 1 1 1 1 0 1 0 1 1 0 0 0 0 1 0 0 0 0
590	2	 1 1 1 1 0 1 0 1 1 1 1 1 0 0 0 1 0 0 0 0
590	13	 1 1 1 1 0 1 0 1 0 1 1 1 0 0 1 1 0 0 0 0
590	20	 1 1 1 1 0 1 0 0 1 1 1 0 0 0 0 1 0 0 0 0
590	29	 1 1 1 1 0 0 1 1 0 1 1 0 1 0 0 1 0 0 0 0
590	20	 1 1 1 1 0 1 1 1 1 1 0 1 1 0 0 1 0 0 0 0
590	18	 1 1 1 1 0 1 1 1 1 0 1 0 1 0 0 1 0 0 0 0
590	54	 1 1 1 1 0 0 1 1 0 1 1 0 1 0 1 1 0 0 0 0
590	77	 1 1 1 1 0 1 0 0 1 1 1 0 1 0 0 0 0 0 0 0
590	44	 1 1 1 1 0 1 0 1 0 0 0 1 0 1 0 1 1 0 0 0
590	24	 1 1 1 1 0 1 1 1 1 1 0 0 1 0 0 1 0 0 0 0
590	66	 1 1 1 1 0 1 0 0 0 1 1 0 1 0 1 0 0 0 0 0
590	18	 1 1 1 1 0 1 0 1 0 0 0 0 1 0 1 0 0 0 0 0
590	15	 1 0 1 1 0 1 1 1 1 1 0 1 1 0 0 0 0 0 0 0
590	12	 1 1 1 1 0 1 0 0 0 1 1 0 1 0 0 1 0 0 0 0
590	33	 1 1 1 1 0 1 0 0 1 1 0 1 1 0 1 1 0 0 0 0
590	9	 1 1 1 1 0 1 0 1 0 1 1 1 1 0 1 1 0 0 0 0
590	8	 1 1 1 1 0 1 0 0 1 1 1 1 1 0 0 0 0 0 0 0
590	25	 1 1 1 1 0 1 0 0 1 1 1 0 0 0 0 0 0 0 0 0
590	7	 1 1 1 1 0 1 0 0 0 1 0 0 1 0 1 0 0 0 0 0
590	54	 1 1 1 1 0 1 1 1 1 1 0 1 0 0 0 1 0 0 0 0
590	1	 1 1 1 1 0 1 0 1 1 1 0 0 1 0 0 1 0 0 0 0
590	4	 1 1 1 1 0 1 0 1 0 1 0 1 0 0 1 1 0 0 0 0
590	8	 1 1 1 1 1 1 0 0 0 1 0 0 1 0 1 0 0 0 0 0
590	5	 1 1 1 1 0 1 0 1 0 0 0 0 1 0 1 1 0 0 0 0
590	4	 1 1 1 1 0 1 1 1 1 1 0 0 1 0 0 1 0 0 1 0
590	2	 1 1 1 1 0 1 1 1 1 1 0 0 1 0 1 1 0 0 0 0
590	6	 1 1 1 1 0 1 0 1 0 0 1 1 1 0 1 0 0 0 0 0
590	20	 1 1 1 1 1 1 1 1 1 1 0 1 0 1 1 1 0 0 0 0
590	9	 1 1 1 1 0 1 1 1 1 1 1 0 0 0 1 0 0 0 0 0
590	7	 1 1 0 1 0 1 1 1 1 1 1 0 0 0 1 0 0 0 0 1
590	7	 1 1 1 1 0 1 0 0 0 1 0 0 1 0 0 0 0 0 0 0
590	17	 1 1 1 1 0 1 0 1 1 1 1 1 1 0 1 0 0 0 0 0
590	11	 1 1 1 1 0 1 0 1 1 1 1 0 1 0 0 0 0 0 0 0
590	14	 1 1 1 1 0 1 0 1 1 1 1 0 0 0 0 0 0 0 0 0
590	12	 1 1 1 1 0 1 0 1 0 0 0 1 0 1 1 0 0 0 0 0
590	3	 1 1 1 1 0 1 0 1 0 0 0 0 0 1 0 1 1 0 0 0
590	2	 1 1 1 1 0 1 0 0 0 1 1 0 1 0 0 0 0 0 0 0
590	9	 1 1 1 1 0 1 0 0 1 1 1 1 0 1 0 1 0 0 0 0
590	5	 1 1 1 0 0 1 1 1 1 1 0 1 1 0 0 1 0 0 0 0
590	3	 1 1 1 1 1 1 0 0 0 1 0 0 0 0 0 1 0 0 0 0
590	5	 1 0 1 1 0 0 1 1 1 1 0 1 1 0 1 0 0 0 0 0
590	10	 1 1 1 1 0 1 0 0 1 1 1 1 0 0 0 1 0 0 0 0
590	2	 1 1 1 1 0 0 1 1 1 1 0 0 1 0 1 1 0 0 0 0
590	2	 1 1 1 1 0 0 0 0 1 1 1 1 1 0 0 0 0 0 0 0
590	1	 0 1 1 1 0 1 1 1 1 1 0 0 0 0 0 1 0 0 0 0
590	1	 1 1 1 1 0 1 0 0 1 1 0 1 0 1 1 1 0 0 0 0
590	2	 1 1 0 1 0 1 0 1 0 0 0 0 1 0 1 0 0 0 0 0
590	8	 1 1 1 1 0 1 0 0 1 1 0 1 1 0 1 1 0 1 0 0
590	9	 1 1 1 1 0 1 0 1 1 1 1 0 0 0 1 0 0 0 0 0
590	1	 1 1 1 1 0 1 1 1 0 0 1 0 1 0 1 1 0 0 0 0
590	1	 1 1 1 1 0 1 1 1 0 1 0 1 0 0 0 1 0 0 0 0
590	23	 1 1 1 1 1 1 1 1 1 1 0 1 0 0 0 1 0 0 0 0
590	4	 1 1 1 1 1 1 1 1 1 1 0 1 1 1 1 1 0 0 0 0
590	13	 1 1 1 1 0 1 0 0 1 1 0 1 1 0 1 0 1 0 0 0
590	3	 1 1 1 1 1 1 1 0 0 1 1 1 0 0 1 1 0 0 0 0
590	2	 1 0 1 1 0 1 0 0 1 1 0 1 1 0 1 1 0 0 0 0
590	10	 1 1 1 1 1 1 1 0 1 1 0 0 1 0 0 0 0 0 0 0
590	12	 1 1 1 0 0 1 1 1 1 0 1 0 1 0 0 1 0 0 0 0
590	6	 1 1 1 1 1 1 1 1 1 1 0 0 0 1 1 1 0 0 0 0
590	5	 1 1 1 1 0 1 0 1 0 1 0 1 0 1 0 1 1 0 0 0
590	1	 1 1 1 1 0 1 1 1 1 1 0 0 0 1 0 1 1 0 0 0
590	22	 1 1 1 1 0 1 0 0 0 1 1 0 0 0 0 1 0 0 0 0
590	8	 1 1 1 1 0 1 0 0 1 1 1 0 0 0 0 0 0 0 0 1
590	3	 0 1 1 1 1 1 0 0 0 1 0 0 1 0 0 0 0 0 0 0
590	2	 1 1 0 1 0 1 1 1 1 1 1 0 0 0 1 0 0 1 0 1
590	3	 1 1 1 1 0 1 0 1 1 1 0 1 1 0 1 1 0 0 0 0
590	4	 1 1 0 1 1 1 1 1 1 1 1 0 0 0 1 0 0 0 0 0
590	7	 1 1 1 1 0 1 0 1 0 0 1 1 0 0 1 1 0 0 0 0
590	1	 1 1 1 1 0 1 0 1 1 1 1 1 0 1 0 1 0 1 0 0
590	1	 1 1 1 1 0 1 1 1 1 1 0 1 0 1 0 1 1 0 0 0
590	2	 1 1 1 1 0 1 1 1 0 1 1 0 1 0 1 1 0 0 0 0
590	6	 1 0 1 1 0 0 0 1 0 0 1 0 1 0 1 1 0 0 0 0
590	4	 1 1 1 1 0 1 1 0 1 1 1 0 0 0 1 0 0 0 0 0
590	2	 1 1 1 1 0 1 1 1 1 0 1 0 1 0 1 0 0 0 0 0
590	2	 1 1 1 1 0 1 0 0 0 1 1 1 1 0 0 0 0 0 0 0
590	13	 0 1 1 1 0 0 1 1 0 1 1 0 1 0 1 1 0 0 0 0
590	3	 1 0 1 1 0 0 1 1 1 1 1 0 0 0 0 1 0 0 0 0
590	2	 1 1 1 1 0 1 1 1 0 1 0 1 0 0 1 1 0 0 0 0
590	4	 1 0 1 1 0 0 1 1 0 1 1 0 1 0 1 1 0 0 0 0
590	5	 1 1 1 1 0 1 0 1 0 0 0 0 1 0 1 0 1 0 0 0
590	5	 1 1 1 1 1 1 0 0 0 1 0 0 1 0 1 0 0 1 0 0
590	2	 1 1 1 1 0 1 0 1 1 1 1 0 1 0 0 0 0 0 1 0
590	2	 1 1 1 1 0 1 0 0 1 0 1 0 1 0 0 0 1 0 0 0
590	5	 1 1 1 1 0 1 0 1 0 1 0 1 0 1 1 1 0 0 0 0
590	4	 1 1 1 1 0 1 0 1 0 0 0 1 0 1 1 1 1 0 0 0
590	3	 1 1 1 1 0 1 0 0 1 1 0 0 0 0 0 0 0 0 0 0
590	1	 1 1 1 1 0 1 0 1 1 1 1 0 1 0 0 1 0 0 0 0
590	4	 1 0 1 1 0 0 1 1 1 1 0 1 1 1 1 0 0 0 0 0
590	3	 1 1 1 0 0 1 1 1 1 0 1 0 1 0 1 1 0 0 0 0
590	2	 1 1 1 1 1 1 0 1 1 1 0 0 0 1 1 1 0 0 0 0
590	3	 1 1 0 1 0 1 1 1 0 1 1 0 0 0 1 0 0 1 0 1
590	2	 1 1 1 1 0 1 0 1 0 1 1 1 0 0 1 1 0 0 1 0
590	1	 1 1 1 1 0 1 0 0 1 1 0 1 0 0 0 1 0 0 0 0
590	1	 1 1 1 1 0 1 1 1 1 1 0 1 0 0 0 1 0 0 0 1
590	1	 1 1 1 0 0 1 1 1 1 1 0 1 0 0 0 1 0 0 0 0
590	1	 1 1 1 1 1 1 1 0 0 1 0 0 1 0 1 0 0 0 0 0
590	2	 1 1 1 1 0 1 0 1 0 0 0 0 1 0 1 1 0 0 0 1
590	5	 1 1 1 1 1 1 1 1 1 1 0 1 0 1 1 1 0 0 1 0
590	3	 1 1 1 1 0 1 0 1 1 1 1 0 1 1 0 0 0 0 0 0
590	2	 1 1 1 1 0 1 0 1 0 0 0 1 0 1 0 0 0 0 0 0
590	1	 1 1 1 0 0 0 1 1 1 1 0 0 1 0 1 1 0 0 0 0
590	3	 1 1 1 1 0 0 0 1 0 1 1 0 0 0 0 0 0 0 0 0
590	1	 1 1 1 0 0 1 1 1 1 0 1 0 1 0 0 1 1 0 0 0
590	1	 1 1 1 1 0 1 1 0 1 0 1 0 0 0 1 0 0 0 0 0
590	1	 1 1 1 1 0 1 0 1 1 1 0 0 0 1 1 1 0 0 0 0
590	1	 1 1 1 1 1 1 0 1 1 1 0 1 1 0 1 1 0 0 0 0
590	2	 1 1 1 1 0 1 1 1 0 1 1 1 0 0 1 1 0 0 0 0
590	1	 1 1 1 1 0 1 1 0 1 1 0 1 1 0 0 1 0 0 0 0
590	1	 0 1 1 1 0 1 1 1 1 0 1 0 1 0 0 1 0 0 0 0
590	1	 1 1 1 1 0 1 1 0 1 1 0 0 1 0 0 1 0 0 0 0
590	1	 1 1 1 1 0 1 0 0 1 1 1 1 0 0 1 1 0 0 0 0
590	3	 1 1 1 1 1 1 1 1 1 1 0 0 1 0 0 0 0 0 0 0
590	1	 1 0 1 1 0 1 1 1 1 1 1 1 0 0 0 1 0 0 0 0
590	1	 1 1 1 1 0 1 0 1 0 1 0 1 1 0 1 1 0 0 0 0
590	1	 1 1 1 1 0 1 1 1 1 1 1 1 1 0 0 1 0 0 0 0
590	1	 1 1 1 1 0 1 0 0 1 1 1 0 1 1 0 0 0 0 0 0
590	2	 1 1 1 1 0 1 0 0 0 1 1 0 1 1 1 0 0 0 0 0
590	1	 1 1 1 1 0 1 0 1 0 0 0 0 1 0 0 0 0 0 0 0
590	1	 1 1 1 1 0 1 0 0 1 1 0 1 1 0 1 0 0 0 0 0
590	1	 1 1 1 1 0 1 0 0 1 1 1 1 1 0 0 1 0 0 0 0
590	1	 1 1 1 1 0 1 0 1 0 1 0 0 0 0 1 1 0 0 0 0
590	2	 1 1 1 1 0 1 1 1 1 1 1 0 0 0 1 0 0 0 0 1
590	1	 0 1 1 1 0 1 0 1 1 1 1 1 1 0 1 0 0 0 0 0
590	2	 1 1 1 1 0 1 0 0 0 1 1 0 1 0 0 0 0 1 0 0
590	1	 1 1 1 1 0 0 1 1 0 1 0 1 1 0 1 1 0 0 0 0
590	1	 1 0 0 1 0 0 0 1 0 0 1 0 1 0 1 1 0 0 0 0
590	2	 1 1 1 1 1 1 0 0 1 1 1 0 1 0 0 0 0 0 0 0
720	14	 1 1 1 1 0 1 0 0 1 1 0 1 1 0 1 1 0 0 0 0
720	5	 1 1 1 1 0 1 1 1 0 1 1 1 0 0 1 1 0 0 0 0
720	10	 1 1 1 1 0 1 1 1 1 0 1 0 1 0 0 0 0 0 0 0
720	57	 1 1 1 1 0 1 0 0 0 0 1 0 1 0 1 1 0 0 0 0
720	31	 1 1 1 1 0 1 1 1 1 0 0 0 1 0 0 0 0 0 0 0
720	88	 1 1 1 1 0 1 0 1 0 0 0 1 1 0 0 0 0 0 0 0
720	5	 1 1 1 1 0 0 1 1 0 0 1 0 1 0 1 1 0 0 0 0
720	51	 1 1 1 1 0 1 1 0 1 0 1 0 1 0 0 0 0 0 0 0
720	33	 1 1 1 1 0 1 0 0 1 0 1 0 1 0 1 0 0 0 0 0
720	8	 1 1 1 1 0 1 1 1 1 0 1 0 1 0 0 1 0 0 0 0
720	2	 1 1 1 1 1 1 0 0 1 1 1 0 1 0 0 0 0 0 0 0
720	11	 1 1 1 1 0 1 0 1 1 0 1 0 1 0 0 0 0 0 0 0
720	4	 1 1 1 1 1 1 1 1 1 1 0 1 1 0 1 1 0 0 0 0
720	8	 1 1 1 1 1 1 1 0 1 0 1 0 1 0 0 0 0 0 0 0
720	12	 1 1 1 1 0 1 1 1 1 0 0 0 0 0 0 0 0 0 0 0
720	46	 1 1 1 1 0 1 1 1 0 0 1 0 1 0 0 1 0 0 0 0
720	9	 1 1 1 1 0 1 0 1 1 0 1 0 1 0 1 0 0 0 0 0
720	28	 1 1 1 1 0 1 0 1 1 0 1 0 1 1 0 0 0 0 0 0
720	3	 0 1 1 1 0 1 0 1 1 1 1 0 0 1 0 0 0 0 0 0
720	3	 1 1 1 1 1 1 0 0 0 1 0 1 1 0 0 0 0 0 0 0
720	14	 1 1 1 1 0 1 0 1 1 1 1 0 1 0 0 0 0 0 0 0
720	17	 1 1 1 1 0 1 1 1 0 0 1 0 1 0 0 1 0 1 0 0
720	11	 1 1 1 0 0 1 1 1 1 0 1 0 1 0 0 1 0 0 0 0
720	17	 1 1 1 1 0 1 1 1 0 0 0 0 1 0 0 0 0 0 0 0
720	18	 1 0 1 1 1 1 1 1 1 1 0 1 1 0 1 1 0 0 0 0
720	19	 1 1 1 1 0 0 1 1 0 1 1 1 0 0 1 1 0 0 0 0
720	13	 1 1 1 1 1 1 1 0 1 1 0 0 1 0 0 1 0 0 0 1
720	4	 1 1 1 0 0 1 1 1 0 0 0 0 1 0 1 0 0 0 0 0
720	16	 1 1 1 0 0 1 1 1 1 0 1 0 0 0 0 1 0 0 0 0
720	3	 1 1 1 1 0 1 0 1 1 0 1 0 1 0 0 1 0 0 1 0
720	4	 1 1 1 1 0 1 0 1 0 0 0 1 1 0 0 1 0 0 0 0
720	17	 1 0 1 1 0 1 1 1 1 0 1 0 1 0 0 0 0 0 0 0
720	5	 1 1 1 1 0 1 1 0 0 0 1 0 1 0 1 1 0 0 0 0
720	6	 1 1 1 1 0 1 1 0 1 1 1 0 1 0 1 1 0 0 0 0
720	3	 1 1 1 0 0 1 1 1 1 0 1 0 1 0 1 1 0 0 0 0
720	11	 1 1 1 1 1 1 1 1 1 1 0 1 1 0 1 0 0 0 0 0
720	1	 1 1 1 1 1 1 0 0 0 0 1 0 1 0 0 1 0 0 0 0
720	3	 1 1 0 1 0 1 1 0 1 1 1 0 1 0 1 1 0 0 0 0
720	4	 1 1 1 1 0 1 0 1 1 0 1 0 1 0 0 1 0 1 1 0
720	9	 1 1 1 1 1 1 1 1 1 1 1 1 0 0 0 1 0 0 1 0
720	19	 1 1 1 1 0 1 0 1 0 0 0 1 1 0 0 0 0 0 1 0
720	6	 1 1 1 1 0 1 1 0 1 0 1 0 0 0 0 1 0 0 0 0
720	22	 1 1 1 1 0 1 1 1 1 0 0 0 0 0 0 0 0 1 0 0
720	12	 1 1 1 1 0 1 0 1 0 0 1 1 0 0 0 0 0 0 0 0
720	9	 1 1 1 1 1 1 1 1 1 0 1 0 1 0 0 0 0 0 0 0
720	6	 1 1 1 1 0 1 1 1 0 0 1 1 1 0 0 0 0 0 0 0
720	15	 1 1 1 1 1 1 0 1 0 0 0 1 1 0 0 0 0 0 0 0
720	2	 1 1 1 1 0 1 1 0 1 0 1 0 1 0 0 0 1 0 0 0
720	9	 1 1 1 1 0 1 0 0 0 0 1 0 1 0 0 0 0 0 0 0
720	10	 1 1 1 1 0 1 0 1 0 0 0 1 0 0 1 1 0 0 0 0
720	6	 0 1 1 1 0 1 0 1 1 1 1 0 0 1 0 1 0 0 0 0
720	3	 1 0 1 1 0 1 1 0 1 0 1 0 1 0 0 0 0 0 0 0
720	16	 1 1 1 1 1 1 0 0 0 0 1 1 1 0 1 1 0 0 0 0
720	2	 1 1 1 1 0 1 0 1 1 1 0 1 1 0 1 1 0 0 0 0
720	6	 1 1 1 1 1 0 1 1 0 1 1 1 0 0 1 1 0 0 0 0
720	4	 1 1 1 1 0 1 1 1 1 0 0 1 0 0 0 0 0 0 0 0
720	9	 1 1 1 1 1 1 1 1 0 1 0 1 1 0 1 1 0 0 0 0
720	3	 1 1 1 1 0 1 1 1 0 1 1 0 1 0 0 1 0 0 0 0
720	7	 1 1 1 1 1 1 0 1 0 0 1 1 1 0 0 0 0 0 0 1
720	7	 1 1 0 1 0 1 0 0 1 1 1 0 0 1 0 0 0 0 0 0
720	2	 1 0 1 1 0 1 0 0 0 0 1 0 1 0 1 1 0 0 0 0
720	14	 1 1 1 1 1 1 1 1 1 1 1 1 1 0 1 1 0 0 0 0
720	13	 1 1 1 1 1 1 1 1 1 0 0 0 1 0 0 0 0 0 0 0
720	6	 1 1 1 1 0 1 0 0 1 1 0 1 1 0 1 0 0 0 0 0
720	6	 1 1 1 1 0 1 0 0 1 1 0 1 1 0 1 1 0 1 0 0
720	3	 1 1 1 1 0 1 1 1 0 0 0 1 1 0 0 0 0 0 0 0
720	2	 1 1 1 1 0 1 0 1 0 0 0 0 1 0 0 0 0 0 0 0
720	7	 1 1 1 0 0 1 1 1 1 0 1 0 0 0 0 0 0 0 0 0
720	8	 1 1 1 1 0 1 1 1 1 0 0 0 1 0 1 0 0 0 0 0
720	11	 1 1 1 1 0 1 0 0 0 0 0 1 1 0 0 0 0 0 0 0
720	5	 1 1 1 1 0 1 1 0 1 0 1 0 1 0 1 1 0 0 0 0
720	5	 1 1 1 1 0 1 0 0 1 1 0 1 1 0 1 1 1 0 0 0
720	4	 1 1 0 0 0 1 1 1 1 0 1 0 0 0 0 1 0 0 0 0
720	5	 1 1 1 1 1 1 1 0 1 0 1 0 0 0 0 1 0 0 0 0
720	1	 1 1 1 1 0 1 1 1 1 0 0 1 0 0 0 0 1 0 0 0
720	3	 0 1 1 1 0 1 0 1 1 0 1 0 1 0 0 1 0 1 1 0
720	2	 1 1 1 0 0 1 1 1 1 0 0 1 1 0 0 0 0 0 0 0
720	1	 1 1 1 1 0 1 1 0 1 1 0 1 1 0 1 1 0 0 0 0
720	7	 1 1 1 1 0 1 1 0 0 0 1 0 1 0 0 1 0 0 0 0
720	2	 1 1 1 1 0 1 0 1 1 0 1 0 1 1 0 0 0 1 0 0
720	9	 1 1 1 0 0 1 1 1 1 0 1 0 1 0 0 1 0 0 0 1
720	2	 1 1 1 1 0 1 1 1 0 0 0 0 0 0 0 0 0 1 0 0
720	2	 1 1 1 1 1 1 1 0 1 1 0 1 1 0 1 1 0 0 0 0
720	4	 1 1 1 1 0 1 0 0 1 0 1 0 1 0 0 0 0 0 0 0
720	3	 1 1 0 1 0 1 1 1 0 0 1 1 1 0 0 0 0 0 0 0
720	1	 1 1 1 1 0 1 1 0 0 0 1 1 1 0 0 0 0 0 0 0
720	3	 1 1 1 1 1 1 1 1 0 1 0 0 1 0 1 1 0 0 0 0
720	7	 0 1 1 1 0 1 0 1 1 1 1 0 0 1 0 0 1 0 1 0
720	1	 1 1 1 1 1 1 0 0 1 0 1 0 0 0 0 1 0 0 0 0
720	2	 0 1 1 1 0 1 0 1 1 1 1 0 0 1 1 1 0 0 0 0
720	2	 1 1 1 0 0 1 0 0 0 0 1 0 1 0 1 1 0 0 0 0
720	2	 1 1 1 1 0 1 0 0 0 0 1 0 0 0 1 1 0 0 0 0
720	1	 0 1 1 1 0 1 0 1 0 0 0 1 1 0 0 0 0 0 0 0
720	1	 1 1 1 1 0 1 0 1 0 0 0 1 1 0 0 0 0 1 0 0
720	3	 1 1 1 0 0 1 1 1 0 0 1 0 1 0 0 1 0 0 0 0
720	2	 0 1 1 1 0 1 0 1 1 1 1 0 0 1 0 0 0 0 0 1
720	1	 1 1 1 1 0 1 1 1 0 0 1 1 1 0 0 1 0 1 0 0
720	1	 1 0 1 1 0 1 1 0 0 0 1 0 1 0 0 0 0 0 0 0
720	1	 1 1 1 0 0 1 1 1 1 0 1 0 0 0 0 0 0 1 0 0
720	2	 1 1 1 1 0 1 0 1 1 0 1 0 1 1 1 1 0 0 0 0
720	4	 1 1 1 1 0 1 1 1 1 1 1 1 1 0 1 1 0 0 0 0
720	2	 1 1 1 1 0 0 0 0 0 0 1 0 1 0 1 1 0 0 0 0
720	1	 1 1 1 1 0 1 1 1 1 0 0 1 1 0 0 0 0 0 0 0
720	3	 1 1 1 0 0 1 1 0 1 0 1 0 1 0 0 0 0 0 0 0
720	1	 1 1 1 1 0 1 0 1 1 0 1 0 1 0 0 0 1 0 0 0
720	1	 1 1 1 1 0 1 1 1 0 0 1 0 1 0 0 1 0 0 1 0
720	1	 1 1 1 1 0 0 1 0 0 1 1 1 0 0 1 1 0 0 0 0
720	4	 1 1 1 1 0 1 0 1 0 0 0 0 1 0 0 1 0 0 0 0
720	2	 1 0 1 1 0 1 1 1 0 0 1 0 1 0 0 0 0 0 0 0
720	1	 1 0 1 1 0 1 1 1 1 0 1 0 1 0 0 0 0 0 0 1
720	2	 1 1 1 1 0 0 0 1 0 0 0 1 1 0 0 0 0 0 1 0
720	1	 1 1 1 1 1 1 0 0 0 0 1 1 1 0 1 1 0 1 0 0
720	4	 1 1 1 1 1 1 1 1 0 1 0 1 0 0 1 1 0 0 0 0
720	2	 1 1 1 0 1 1 1 1 1 0 1 0 0 0 0 0 0 0 0 0
720	2	 1 1 1 1 0 1 0 0 1 0 1 0 1 1 1 1 0 0 0 0
720	2	 0 1 1 1 0 0 1 1 0 0 1 0 1 0 1 1 0 0 0 0
720	2	 1 1 1 1 1 1 0 1 0 0 1 1 1 0 0 0 0 0 0 0
720	2	 1 1 1 1 0 1 1 1 1 0 1 0 0 0 0 0 0 0 0 0
720	1	 1 1 1 1 0 1 1 1 1 0 1 0 1 1 0 1 0 0 0 0
720	1	 1 0 1 1 1 1 1 1 1 1 0 1 1 0 1 0 0 0 0 0
720	1	 1 1 1 1 0 0 1 1 0 1 1 1 0 0 1 1 0 0 0 1
720	1	 1 1 0 1 0 1 1 0 1 1 1 1 1 0 1 1 0 0 0 0
720	2	 0 0 1 1 0 1 0 1 1 1 1 0 0 1 0 1 0 0 0 0
720	1	 1 0 1 1 1 1 1 1 1 1 1 1 1 0 1 1 0 0 0 0
720	2	 0 1 1 0 0 1 1 1 1 0 1 0 1 0 0 1 0 0 0 1
720	1	 1 1 1 1 0 1 1 1 0 0 1 0 1 0 0 1 1 0 1 0
880	9	 1 1 1 1 0 1 1 1 1 0 0 0 1 0 0 0 0 0 0 0
880	14	 1 1 1 1 0 1 0 1 0 0 0 1 1 0 0 0 0 0 0 0
880	10	 1 1 1 1 1 1 1 1 1 0 0 0 1 0 0 0 0 0 0 0
880	56	 1 1 1 1 0 1 1 0 0 0 0 1 1 0 0 0 0 0 0 0
880	28	 1 1 1 1 1 1 1 1 1 0 0 0 1 0 1 0 0 0 0 0
880	5	 1 1 1 1 1 1 1 0 1 0 0 0 1 0 0 0 0 0 0 0
880	98	 1 1 1 1 0 1 0 0 0 0 0 0 1 0 0 0 0 0 0 0
880	6	 1 1 1 1 1 1 0 0 0 0 0 1 1 0 0 0 0 0 0 0
880	93	 1 1 1 1 0 1 1 1 1 0 0 0 1 1 0 0 0 0 0 0
880	45	 1 1 1 1 0 1 0 1 0 0 0 0 1 0 0 0 0 0 0 0
880	16	 1 1 1 1 1 1 1 0 1 0 0 0 1 0 1 0 0 0 0 0
880	10	 1 1 1 1 1 1 1 0 0 0 0 0 1 0 1 0 0 0 0 0
880	15	 1 1 1 1 0 1 0 0 0 0 0 0 1 0 0 1 0 0 0 0
880	24	 1 1 1 1 0 1 0 1 1 0 0 0 1 1 0 0 0 0 0 0
880	4	 1 1 1 1 1 1 1 1 0 0 1 1 1 0 0 0 1 0 0 1
880	1	 1 1 1 0 1 1 1 0 0 0 0 0 1 0 1 0 0 0 0 0
880	3	 1 1 1 1 1 1 1 0 1 0 0 0 0 0 1 0 0 0 0 0
880	4	 1 1 1 0 1 1 1 1 1 0 0 0 1 0 1 0 0 0 0 0
880	4	 1 1 1 1 1 1 0 1 0 0 0 0 1 1 0 0 0 0 0 0
880	12	 1 1 1 1 0 1 1 0 0 0 0 0 0 1 1 0 0 0 0 0
880	30	 1 1 1 1 1 1 0 0 0 0 0 1 1 0 1 1 0 0 0 0
880	10	 1 1 1 1 0 1 0 1 1 0 0 0 1 0 1 0 0 0 0 0
880	5	 1 1 1 1 1 1 1 1 0 0 0 0 1 0 1 1 0 0 0 0
880	16	 1 0 1 1 1 1 1 0 0 0 0 0 1 0 1 0 0 0 0 0
880	12	 1 1 1 1 0 1 0 0 0 0 0 0 1 1 0 0 0 0 0 0
880	3	 1 1 1 1 1 1 0 1 0 0 0 1 1 0 0 0 0 0 0 0
880	10	 1 1 1 1 0 1 0 0 0 0 0 0 1 0 1 0 0 0 0 0
880	2	 1 1 0 1 0 1 0 0 0 0 0 0 1 0 0 0 0 0 0 0
880	20	 1 1 1 1 0 1 0 1 1 0 0 0 0 1 0 0 0 0 0 0
880	22	 1 1 1 1 0 1 1 1 0 0 0 1 0 0 0 0 0 0 0 0
880	12	 1 1 1 1 0 1 1 1 0 0 0 0 0 1 0 0 0 0 0 0
880	15	 1 0 1 1 0 1 0 0 0 0 1 0 1 0 1 0 0 0 0 0
880	2	 1 1 1 1 1 1 1 1 0 0 0 1 0 1 1 0 0 0 1 0
880	15	 1 1 1 1 1 1 1 0 0 0 0 1 1 0 0 0 0 0 0 0
880	10	 1 1 1 1 0 1 0 1 0 0 0 1 1 0 1 0 1 0 1 0
880	17	 0 1 1 1 1 1 0 1 0 0 0 0 1 0 0 1 0 0 0 0
880	10	 0 1 1 1 1 1 1 0 1 0 0 0 1 0 1 0 0 0 0 0
880	9	 1 1 1 1 1 1 0 0 0 0 1 0 1 0 1 0 0 0 0 0
880	13	 1 1 1 1 0 1 0 0 0 0 1 1 1 0 0 0 0 0 0 0
880	5	 1 1 1 1 1 1 1 1 1 0 0 0 1 1 0 0 0 0 0 0
880	3	 1 1 1 1 1 1 1 1 1 0 0 0 1 1 0 1 0 0 0 0
880	20	 1 1 1 1 0 1 1 0 0 0 0 0 1 0 0 1 0 0 0 0
880	3	 1 1 1 1 0 1 1 1 1 0 0 0 0 0 1 0 0 0 0 0
880	18	 1 1 1 1 0 0 1 0 0 0 0 1 1 0 0 0 0 0 0 0
880	4	 1 0 1 1 0 1 1 0 0 0 0 1 1 0 0 0 0 0 0 0
880	7	 1 0 1 1 1 1 0 0 0 0 0 1 1 0 1 1 0 0 0 0
880	6	 1 1 1 1 0 1 1 0 0 0 0 0 1 0 1 0 0 0 0 0
880	9	 1 1 1 1 1 1 0 1 0 0 0 0 1 0 0 1 0 0 0 0
880	1	 1 0 1 1 1 1 1 0 1 0 0 0 1 0 1 0 0 0 0 0
880	14	 1 1 1 1 0 1 0 0 0 0 0 1 1 1 0 0 0 0 0 0
880	16	 1 1 1 1 0 1 1 0 1 0 0 1 1 0 0 1 0 0 0 0
880	17	 1 1 1 1 0 1 0 0 0 0 1 0 1 0 1 0 0 0 0 0
880	5	 1 1 1 1 0 1 0 0 0 0 1 0 1 0 0 0 0 0 0 0
880	8	 1 0 1 1 0 1 0 0 0 0 1 1 1 0 1 0 0 0 0 0
880	8	 1 1 1 1 0 1 0 0 0 0 0 0 1 0 1 1 0 0 0 0
880	2	 1 1 1 1 0 1 0 0 0 0 0 1 1 0 1 1 0 0 0 0
880	1	 1 1 1 1 0 0 0 0 0 0 0 0 1 1 0 0 0 0 0 0
880	10	 1 0 1 1 1 0 1 0 0 0 0 0 1 0 1 0 0 0 0 0
880	9	 0 1 1 1 0 1 0 0 0 0 0 1 1 1 0 0 0 0 0 0
880	3	 1 1 1 1 0 0 0 1 0 0 0 0 1 0 0 0 0 0 0 0
880	4	 1 1 1 1 0 1 0 1 0 0 0 0 1 1 0 0 0 0 0 0
880	3	 1 1 1 1 0 1 0 0 0 0 0 0 1 0 0 0 0 0 0 1
880	1	 1 0 0 1 0 1 0 0 0 0 1 0 1 0 1 0 0 0 0 0
880	6	 0 1 1 1 1 1 1 1 0 0 0 0 0 0 0 1 0 0 0 0
880	2	 1 1 1 1 0 1 0 1 0 0 0 0 1 0 1 0 0 0 0 0
880	4	 1 0 1 1 1 1 0 0 0 0 0 1 1 0 0 0 0 0 0 0
880	4	 1 1 1 1 0 1 1 0 0 0 0 1 1 0 0 1 0 0 0 0
880	5	 1 1 1 1 1 1 0 1 0 0 0 0 1 0 0 0 0 0 0 0
880	2	 0 0 1 1 1 1 1 0 1 0 0 0 1 0 1 0 0 0 0 0
880	1	 1 0 1 1 0 1 0 0 0 0 1 1 1 0 1 0 0 0 1 0
880	4	 1 1 1 1 1 1 0 0 0 0 0 0 1 0 1 0 0 0 0 0
880	2	 1 1 1 1 0 1 0 1 1 0 0 0 1 0 0 1 0 0 0 0
880	4	 1 1 1 1 0 1 1 1 1 0 0 0 0 1 0 0 0 0 0 0
880	1	 1 1 1 1 0 1 0 0 0 1 1 1 1 0 0 0 0 0 0 0
880	9	 1 1 1 1 0 1 1 0 0 0 0 0 1 1 0 1 0 0 0 0
880	5	 1 1 1 1 0 1 0 0 1 0 0 0 1 1 0 0 0 0 0 0
880	8	 1 1 1 0 0 1 0 1 1 0 0 0 1 0 1 0 0 0 0 0
880	3	 1 1 1 1 0 1 0 0 0 0 0 0 1 1 0 0 0 1 0 0
880	4	 1 0 1 1 1 1 1 1 1 0 0 0 1 1 0 0 0 0 0 0
880	1	 1 1 1 0 1 1 1 1 1 0 0 0 1 0 0 1 0 0 0 0
880	4	 1 0 1 1 1 0 1 0 0 0 0 0 1 0 0 0 0 0 0 0
880	2	 1 0 1 1 0 1 0 0 0 0 0 0 1 0 0 0 0 0 0 0
880	1	 1 0 1 1 0 1 0 1 0 0 1 0 1 0 1 0 0 0 0 0
880	1	 0 1 0 1 1 1 0 1 0 0 0 0 1 0 0 1 0 0 0 0
880	1	 1 1 1 1 1 1 1 1 0 0 0 1 0 0 0 0 0 0 0 0
880	1	 1 1 1 1 0 1 1 1 0 0 0 1 1 0 0 0 0 0 0 0
880	1	 1 1 1 1 0 1 0 0 0 0 0 1 1 0 0 0 0 0 0 0
880	2	 1 0 1 1 1 1 1 1 1 0 0 0 1 0 0 0 0 0 0 0
880	1	 1 1 1 1 0 1 0 0 0 0 1 1 1 0 0 0 0 0 1 0
880	4	 1 1 1 1 0 1 0 0 0 1 0 0 1 0 1 1 0 0 0 0
880	3	 1 1 1 1 0 1 1 0 0 0 0 0 1 0 1 1 0 0 0 0
880	4	 1 1 1 1 0 1 0 1 0 0 1 1 1 0 0 0 0 1 0 0
880	4	 1 0 1 1 0 1 0 0 0 0 1 1 0 0 1 0 0 0 1 0
880	1	 1 1 1 1 0 1 1 1 0 0 1 1 1 0 1 0 0 0 0 0
880	1	 0 1 1 1 1 1 0 1 0 0 0 0 0 0 1 0 0 0 0 0
880	3	 0 1 0 1 1 1 0 0 0 0 0 0 1 0 0 0 0 0 0 0
880	2	 1 1 1 1 1 1 1 1 1 0 0 0 1 0 0 0 0 0 0 1
880	2	 1 1 0 1 1 1 1 1 1 0 0 0 1 0 1 0 0 0 0 0
880	3	 1 1 0 1 0 1 0 0 0 0 0 0 1 0 0 1 0 0 0 0
880	1	 0 1 1 1 1 1 1 0 1 0 0 0 0 0 1 0 0 0 0 0
880	2	 1 0 1 1 0 1 1 0 0 0 0 1 1 1 0 0 0 0 0 0
880	5	 1 1 1 1 1 1 0 1 0 1 0 0 1 0 0 1 0 0 0 0
880	3	 1 1 1 1 0 1 0 0 0 0 1 1 1 1 0 0 0 0 0 0
880	1	 0 1 1 1 0 1 0 1 0 0 1 1 1 0 0 0 0 0 0 0
880	2	 0 1 0 1 0 1 0 1 0 0 0 0 1 0 0 1 0 0 0 0
880	4	 1 1 1 1 1 1 1 1 1 0 0 0 1 1 0 1 0 0 0 1
880	1	 1 0 1 1 1 0 1 1 1 0 0 0 1 0 1 0 0 0 0 0
880	1	 1 1 1 1 0 1 1 1 1 0 0 0 1 1 0 0 0 0 1 0
880	1	 1 1 1 1 0 1 1 0 1 0 0 0 1 0 1 0 0 0 0 0
880	1	 1 1 1 1 1 1 0 0 0 1 0 1 1 0 1 1 0 0 0 0
880	1	 1 1 1 1 0 1 0 1 1 0 1 0 0 1 0 0 0 0 0 0
880	2	 1 1 1 1 0 1 1 1 0 0 1 1 0 0 0 0 0 0 0 0
880	1	 1 1 1 0 1 1 1 1 0 0 0 1 0 1 1 0 0 0 1 0
880	1	 1 1 1 1 0 1 0 0 0 0 1 0 1 0 0 0 0 0 0 1
1000	63	 1 1 1 1 0 1 1 0 0 0 0 1 1 0 0 0 0 0 0 0
1000	7	 1 1 1 1 0 1 0 0 0 0 0 0 1 0 1 0 0 0 0 0
1000	10	 1 1 1 1 1 1 1 0 0 0 0 1 1 0 0 0 0 0 0 0
1000	107	 1 1 1 1 0 1 1 0 0 0 0 0 1 0 1 0 0 0 0 0
1000	11	 1 1 1 1 0 1 0 0 0 0 0 0 1 1 0 0 0 0 0 0
1000	12	 1 1 1 1 0 1 1 1 1 0 0 0 1 0 1 0 0 0 0 0
1000	6	 1 1 1 1 1 1 1 0 0 0 0 1 1 1 0 0 0 0 0 0
1000	33	 1 1 1 1 1 1 1 0 0 0 0 0 1 0 0 0 0 0 0 0
1000	17	 1 1 1 1 0 0 0 1 1 0 0 0 0 1 1 0 0 0 0 0
1000	6	 1 1 1 1 1 1 1 1 0 0 0 0 1 0 1 0 0 0 0 0
1000	9	 1 1 1 1 1 1 1 0 0 0 0 1 1 0 1 1 0 0 0 0
1000	6	 1 1 0 1 0 1 1 0 0 0 0 0 1 0 1 0 0 0 0 0
1000	16	 1 1 1 1 0 1 1 0 1 0 0 1 1 0 0 0 0 0 0 0
1000	3	 1 1 1 1 1 1 0 0 0 0 0 1 1 0 0 0 0 0 0 0
1000	13	 1 0 1 1 1 1 1 1 1 0 0 0 1 0 1 0 0 0 0 0
1000	11	 1 1 1 1 1 1 0 0 1 0 0 0 0 1 0 0 0 0 0 0
1000	73	 1 1 1 1 0 1 1 0 0 0 0 1 0 0 1 0 0 0 0 0
1000	1	 1 0 1 1 0 1 0 0 1 0 0 0 1 0 0 0 0 0 0 0
1000	2	 1 1 1 1 0 1 1 0 0 0 0 1 0 0 0 0 0 0 1 0
1000	63	 1 1 1 1 1 1 1 0 1 0 0 0 0 1 0 0 1 0 0 0
1000	6	 1 1 1 1 1 0 0 0 0 0 0 0 1 0 0 1 0 0 0 0
1000	10	 1 1 1 1 1 0 0 1 0 0 0 0 0 0 1 0 0 0 0 0
1000	10	 1 1 1 1 1 1 1 0 0 0 0 1 1 0 1 0 0 0 0 0
1000	12	 1 1 1 1 0 1 1 0 0 0 0 1 1 0 0 0 0 0 1 0
1000	9	 1 1 1 1 0 1 0 0 0 0 0 0 1 1 0 0 0 0 1 0
1000	3	 1 0 1 1 0 1 0 0 0 0 0 0 0 1 0 0 0 0 0 0
1000	1	 1 1 1 1 0 1 1 0 0 0 0 0 0 0 1 0 0 0 0 0
1000	6	 0 0 1 1 0 1 0 1 0 0 0 0 0 1 0 0 0 0 0 0
1000	25	 0 0 1 1 0 1 0 0 1 0 0 0 1 0 0 0 0 0 0 0
1000	1	 1 1 1 1 1 0 0 0 0 0 0 1 1 0 1 1 0 0 0 1
1000	3	 1 0 1 1 0 1 1 0 0 0 0 0 1 0 1 0 0 0 0 0
1000	11	 1 1 0 1 1 1 1 0 0 0 0 0 1 0 1 0 0 0 0 0
1000	5	 1 1 1 1 0 1 1 0 0 0 0 0 0 1 0 0 0 0 0 0
1000	15	 1 1 1 1 1 1 1 0 1 0 0 1 1 0 0 0 0 0 0 0
1000	12	 1 1 1 1 0 1 1 0 0 1 0 0 1 0 1 0 0 0 0 0
1000	1	 0 1 1 1 0 1 0 0 0 0 0 0 1 0 0 0 0 0 0 0
1000	4	 1 1 1 0 0 1 1 0 0 0 0 0 1 0 1 0 1 0 0 0
1000	31	 1 1 1 1 0 1 0 0 0 0 0 1 0 0 0 0 0 0 1 0
1000	2	 1 1 1 1 1 0 0 0 1 0 0 0 1 0 0 1 0 0 0 0
1000	4	 1 1 1 1 0 1 1 0 0 0 0 1 1 0 1 0 0 0 0 0
1000	14	 1 1 1 1 0 1 1 0 0 0 0 0 1 0 1 0 1 0 0 0
1000	5	 1 1 1 1 0 1 1 0 0 0 0 0 0 1 0 0 0 1 0 0
1000	2	 1 1 1 1 0 1 0 0 0 0 0 0 1 0 1 1 0 0 0 0
1000	8	 1 1 0 1 0 1 1 0 0 0 0 0 1 1 1 0 0 0 0 0
1000	11	 1 0 1 1 1 1 0 0 1 0 0 0 0 1 0 0 0 0 0 0
1000	3	 1 1 1 1 1 0 0 0 0 0 0 0 1 0 1 0 0 0 0 0
1000	3	 1 1 1 1 0 1 0 1 0 0 0 0 1 1 1 0 0 0 0 0
1000	9	 1 1 1 1 0 1 1 1 0 0 0 1 1 1 0 0 0 1 0 1
1000	1	 1 1 1 1 1 1 1 1 0 0 0 0 0 0 1 0 1 0 0 0
1000	22	 1 1 1 1 1 1 0 1 1 0 0 1 1 0 0 0 0 0 0 0
1000	14	 1 1 1 1 0 1 1 1 0 0 0 0 0 0 1 0 0 0 0 0
1000	6	 1 1 1 1 0 1 0 0 0 0 0 0 1 1 0 0 1 0 0 0
1000	29	 1 1 1 1 0 1 1 0 0 0 0 0 1 1 0 0 0 0 0 0
1000	9	 1 1 1 1 0 1 0 1 0 0 0 0 0 0 1 0 0 0 0 0
1000	1	 0 1 1 1 0 1 1 0 0 0 0 0 1 0 1 0 0 0 1 0
1000	3	 1 1 1 1 0 0 1 0 0 0 0 1 0 0 1 0 0 0 0 0
1000	4	 1 0 0 1 0 1 1 0 0 0 0 0 1 0 1 0 0 0 0 0
1000	9	 1 1 1 1 0 1 1 0 0 0 0 0 0 1 0 1 0 0 0 0
1000	5	 1 1 1 1 1 1 1 1 1 0 0 0 1 0 1 0 0 0 0 0
1000	17	 0 1 0 1 0 1 1 0 0 0 0 0 1 0 1 0 0 0 0 1
1000	21	 1 1 1 1 0 1 1 1 0 0 0 0 1 0 1 0 0 0 0 0
1000	9	 1 1 1 1 1 1 0 1 1 0 0 0 1 0 1 0 0 0 0 0
1000	4	 1 1 0 1 0 1 0 1 1 0 0 0 0 1 1 0 0 0 0 1
1000	2	 1 1 1 1 0 1 1 0 0 0 0 1 0 1 1 0 0 0 0 0
1000	4	 0 0 1 1 0 1 0 0 0 0 0 0 1 0 1 0 0 0 0 0
1000	3	 1 1 1 1 1 1 0 1 1 0 0 0 1 1 0 0 0 0 0 0
1000	4	 1 1 1 1 0 1 1 0 0 0 0 0 1 0 1 0 0 0 1 0
1000	1	 0 1 1 1 1 0 0 0 1 0 0 0 0 1 0 0 1 0 0 0
1000	11	 1 1 1 1 1 1 1 1 0 0 0 0 0 0 1 0 0 0 0 0
1000	1	 1 1 1 1 1 1 1 0 0 0 0 0 1 0 1 0 0 0 0 0
1000	1	 1 1 1 1 0 1 1 0 0 0 0 1 1 1 0 0 0 1 0 1
1000	2	 1 1 1 1 0 0 1 0 0 0 0 1 0 0 1 0 0 0 1 0
1000	1	 1 1 1 1 0 1 0 0 0 0 0 0 1 0 0 0 0 0 1 0
1000	4	 1 1 1 1 0 1 1 0 0 0 0 0 1 0 1 0 0 0 0 1
1000	7	 1 1 1 1 0 0 0 1 1 0 0 0 0 1 1 0 1 0 0 0
1000	3	 1 1 1 0 0 1 1 0 0 0 0 0 0 0 1 0 0 0 0 0
1000	4	 1 1 1 1 0 1 1 0 0 0 0 1 0 1 0 0 0 0 0 0
1000	2	 1 1 1 1 0 0 1 0 0 0 0 1 0 0 0 0 0 0 0 0
1000	10	 1 1 1 1 1 0 0 1 0 0 0 0 0 0 1 0 0 0 0 1
1000	3	 1 1 1 1 0 1 0 1 0 0 0 0 0 0 0 0 0 0 0 0
1000	3	 1 0 1 1 0 1 1 0 0 0 0 0 1 0 0 0 1 0 0 0
1000	1	 0 1 0 1 1 1 1 0 0 0 0 0 1 0 1 0 0 0 0 0
1000	11	 0 1 1 1 0 1 0 0 0 0 0 1 1 0 0 0 0 0 0 0
1000	2	 1 1 1 1 1 1 1 1 0 0 0 1 0 0 1 0 0 0 0 0
1000	1	 1 1 1 1 1 1 0 0 0 0 0 1 1 1 0 0 0 0 0 0
1000	3	 1 0 1 1 1 1 1 1 1 0 0 0 1 1 1 0 0 0 0 0
1000	7	 1 1 1 1 1 1 0 0 1 1 0 0 0 1 0 0 0 0 0 0
1000	5	 1 1 1 1 0 0 1 0 0 0 0 1 0 0 0 0 0 0 1 0
1000	7	 1 1 1 1 1 1 1 0 0 0 0 0 1 0 0 0 0 1 0 1
1000	2	 1 1 1 1 0 1 1 0 0 0 0 1 1 1 0 0 0 0 0 0
1000	1	 1 1 1 0 0 1 1 0 0 0 0 1 0 0 1 0 0 0 0 0
1000	1	 1 1 0 1 1 1 0 1 1 0 0 0 1 1 0 0 0 0 0 0
1000	2	 1 1 1 1 1 1 1 0 0 0 0 1 0 0 0 0 0 0 1 0
1000	1	 1 1 1 1 0 0 0 0 0 0 0 0 1 1 0 0 0 0 0 0
1000	1	 1 1 1 1 0 0 0 0 0 0 0 0 1 0 1 0 0 0 0 0
1000	1	 1 1 1 1 0 1 0 0 0 0 0 1 0 0 1 0 0 0 0 0
1000	2	 1 1 1 1 0 1 0 1 0 0 0 0 1 0 1 0 0 0 0 0
1000	1	 1 1 1 1 1 1 0 0 0 0 0 0 1 1 0 0 0 0 0 0
1000	1	 0 1 1 1 1 1 1 0 0 0 0 0 1 0 0 0 0 0 0 0
1000	2	 1 1 1 1 1 0 1 0 0 0 0 0 1 0 0 0 0 0 0 0
1000	3	 1 1 1 1 0 1 1 0 0 0 0 1 0 0 1 0 1 0 0 0
1000	1	 1 1 1 1 0 1 1 0 0 0 0 1 0 0 1 0 0 1 0 0
1000	3	 1 1 1 1 0 1 1 0 0 0 0 1 0 0 1 1 0 0 0 0
1000	2	 1 1 1 1 0 0 1 0 0 1 0 0 1 0 1 0 0 0 0 0
1000	3	 1 1 1 1 1 1 1 0 0 1 0 0 1 0 1 0 0 0 0 0
1000	1	 1 1 1 1 0 1 1 1 0 0 0 1 1 0 0 0 0 1 0 1
1000	3	 1 1 1 0 1 1 0 1 1 0 0 1 1 0 0 0 0 0 0 0
1000	1	 1 1 1 1 0 0 1 0 0 0 0 1 0 0 1 0 0 0 0 1
1000	1	 1 1 1 1 0 1 1 0 0 0 0 1 0 1 0 0 0 1 0 1
1000	1	 1 1 0 1 1 1 1 0 0 0 0 1 0 0 0 0 0 0 1 0
1000	1	 1 1 1 1 0 1 1 0 0 1 0 0 1 1 0 0 0 0 0 0
1000	1	 1 1 1 1 1 1 1 0 0 0 0 1 1 1 1 1 0 0 0 0
1000	1	 1 1 1 1 0 1 1 0 1 0 0 1 1 1 0 0 0 0 0 0
1000	1	 0 1 1 1 0 1 1 0 0 0 0 1 0 0 1 0 0 0 0 0
1000	3	 1 1 0 1 1 1 1 0 1 0 0 0 0 1 0 0 1 0 0 0
1000	2	 1 1 1 1 0 1 1 1 0 0 0 1 1 1 0 0 0 0 0 1
1000	1	 1 1 1 1 0 1 0 1 0 1 0 0 0 0 1 0 0 0 0 0
1000	2	 0 1 1 1 0 1 0 1 0 0 0 0 0 0 1 0 0 0 0 0
1000	1	 0 1 0 1 1 1 1 0 0 0 0 0 1 0 1 0 0 0 1 0
1000	1	 1 1 1 1 1 1 0 0 1 1 0 0 0 1 1 0 0 0 0 0
