0	250	 0 0 0 0 0 1 0 1 0 1 1 0 0 0 0 0 0 0 0 0
0	250	 0 0 0 0 0 0 0 0 0 1 0 0 0 0 0 0 1 0 0 0
0	250	 0 0 0 1 0 0 0 0 0 0 0 0 0 0 0 0 0 0 1 0
0	250	 0 0 1 0 0 0 0 0 0 1 0 0 0 0 0 0 1 0 0 0
10	293	 0 0 0 0 0 1 0 1 0 1 1 0 0 0 0 0 0 0 0 0
10	162	 0 0 0 0 0 0 0 0 0 1 0 0 0 0 0 0 1 0 0 0
10	91	 0 0 0 1 0 0 0 0 0 0 0 0 0 0 0 0 0 0 1 0
10	189	 0 0 1 0 0 0 0 0 0 1 0 0 0 0 0 0 1 0 0 0
10	9	 0 0 0 0 0 1 0 1 0 1 1 0 0 0 0 0 0 0 1 0
10	26	 0 0 0 0 0 1 0 1 0 1 1 0 0 0 0 0 1 0 0 0
10	2	 0 0 0 0 0 1 0 0 0 0 0 0 0 0 0 0 0 0 1 0
10	23	 0 0 0 0 0 0 0 0 0 1 0 0 0 0 0 0 0 0 1 0
10	2	 0 1 0 0 0 1 0 1 0 1 1 0 0 0 0 0 0 0 0 0
10	6	 0 0 0 0 0 0 0 0 0 1 0 1 0 0 0 0 1 0 0 0
10	6	 0 0 0 0 0 0 0 0 0 1 0 0 0 0 0 0 0 0 0 0
10	5	 1 0 0 0 0 1 0 1 0 1 1 0 0 0 0 0 0 0 0 0
10	3	 0 0 0 0 0 1 0 1 0 1 1 0 0 0 0 0 0 0 0 1
10	1	 0 0 0 0 0 0 0 0 0 0 0 0 0 0 0 0 1 0 0 0
10	13	 0 0 1 0 0 0 0 0 0 1 1 0 0 0 0 0 1 0 0 0
10	9	 0 0 1 0 0 0 0 0 0 1 0 0 0 0 0 0 0 0 0 0
10	2	 0 0 0 0 0 1 0 1 0 1 1 0 0 0 1 0 0 0 0 0
10	12	 0 0 0 0 0 1 0 0 0 1 1 0 0 0 0 0 0 0 0 0
10	6	 0 0 0 0 0 0 0 0 0 1 0 0 0 0 0 0 1 0 1 0
10	14	 0 0 0 0 0 1 0 0 0 1 0 0 0 0 0 0 1 0 0 0
10	6	 0 0 0 0 0 1 0 1 0 1 1 0 1 0 0 0 0 0 0 0
10	2	 0 0 0 0 0 0 0 0 0 1 0 0 0 0 1 0 1 0 0 0
10	5	 0 1 1 0 0 0 0 0 0 1 0 0 0 0 0 0 1 0 0 0
10	5	 0 0 0 0 0 1 0 1 0 1 0 0 0 0 0 0 0 0 1 0
10	1	 0 0 1 0 0 0 0 1 0 1 1 0 0 0 0 0 0 0 0 0
10	5	 0 0 0 0 1 1 0 1 0 1 1 0 0 0 0 0 0 0 0 0
10	2	 0 1 0 0 0 0 0 0 0 1 0 0 0 0 0 0 1 0 0 0
10	6	 0 0 0 0 0 0 0 0 0 1 0 0 0 0 0 0 1 0 0 1
10	3	 0 0 1 0 0 0 0 0 0 1 0 0 0 0 0 0 1 1 0 0
10	6	 0 0 0 0 0 1 0 1 0 1 0 0 0 0 0 0 1 0 0 0
10	5	 0 0 1 0 0 1 0 1 0 1 1 0 0 0 0 0 0 0 0 0
10	1	 1 0 0 0 0 0 0 0 0 1 0 0 0 0 0 0 1 0 0 0
10	7	 0 0 0 1 0 0 0 0 0 0 0 0 0 0 0 0 0 0 0 0
10	3	 0 0 1 0 0 0 0 0 1 1 0 0 0 0 0 0 1 0 0 0
10	1	 0 0 1 0 0 0 0 0 0 1 0 0 0 0 0 0 1 0 0 1
10	3	 0 0 0 0 0 0 0 0 0 0 0 0 0 0 0 0 0 0 1 0
10	9	 0 0 0 1 0 1 0 1 0 1 1 0 0 0 0 0 0 0 0 0
10	1	 0 0 0 0 0 1 0 1 0 1 1 0 0 0 0 1 0 0 0 0
10	2	 0 0 0 1 0 0 0 1 0 0 0 0 0 0 0 0 0 0 1 0
10	4	 0 0 1 0 0 0 0 0 0 1 0 0 1 0 0 0 1 0 0 0
10	2	 0 0 0 0 0 0 1 0 0 1 0 0 0 0 0 0 0 0 0 0
10	6	 0 0 0 1 0 0 0 0 0 0 0 0 0 0 0 0 1 0 0 0
10	3	 0 0 0 0 0 1 0 1 0 1 1 1 0 0 0 0 0 0 0 0
10	3	 0 0 0 0 0 0 0 0 0 1 0 0 0 0 0 0 1 1 0 0
10	2	 0 0 1 0 0 0 0 0 0 0 0 0 0 0 0 0 1 0 0 0
10	4	 0 0 1 0 0 0 0 1 1 1 1 0 0 0 0 0 0 0 0 0
10	1	 0 0 0 0 0 1 0 0 0 0 0 0 0 0 0 0 1 0 0 0
10	1	 0 0 0 0 1 0 0 0 0 1 0 0 0 0 0 0 1 0 0 0
10	2	 0 0 0 1 0 0 0 0 0 1 0 0 0 0 0 0 1 0 0 0
10	4	 0 0 0 1 0 0 0 0 0 0 0 0 0 1 0 0 0 0 1 0
10	2	 0 0 0 0 1 1 0 1 0 1 1 0 0 1 0 0 0 0 0 0
10	2	 0 0 0 1 0 0 0 0 0 0 0 0 0 1 0 0 0 0 0 0
10	2	 0 0 0 0 1 1 0 1 0 1 1 0 0 0 0 0 1 0 0 0
10	1	 0 0 1 0 0 0 0 0 0 1 0 1 0 0 0 0 1 0 0 0
10	1	 0 0 0 0 0 0 0 0 1 1 0 0 0 0 0 0 1 0 0 0
10	2	 0 0 0 0 0 0 1 0 0 1 0 0 0 0 0 0 1 0 0 0
10	1	 0 0 0 1 0 0 0 0 0 1 0 0 0 0 0 0 0 0 1 0
10	2	 1 0 1 0 0 0 0 0 0 1 0 0 0 0 0 0 1 0 0 0
10	1	 0 0 1 0 0 0 0 0 0 1 0 0 0 0 1 0 1 0 0 0
10	1	 0 0 0 0 0 1 0 1 0 1 1 0 1 0 0 0 1 0 0 0
10	1	 0 0 0 0 0 0 0 0 1 1 0 0 0 0 0 0 0 0 1 0
10	4	 0 0 0 1 0 1 0 1 0 1 0 0 0 0 0 0 0 0 1 0
10	1	 0 1 0 0 0 0 0 0 0 1 0 0 0 1 0 0 1 0 0 0
25	338	 0 0 0 0 0 1 0 1 0 1 1 0 0 0 0 0 0 0 0 0
25	111	 0 0 0 0 0 0 0 0 0 1 0 0 0 0 0 0 1 0 0 0
25	32	 0 0 0 1 0 0 0 0 0 0 0 0 0 0 0 0 0 0 1 0
25	96	 0 0 1 0 0 0 0 0 0 1 0 0 0 0 0 0 1 0 0 0
25	11	 0 0 0 0 0 1 0 1 0 1 1 0 0 0 0 0 1 0 0 0
25	4	 0 0 0 0 0 0 0 0 0 1 0 0 0 0 0 0 0 0 1 0
25	13	 0 1 0 0 0 1 0 1 0 1 1 0 0 0 0 0 0 0 0 0
25	2	 0 0 0 0 0 0 0 0 0 1 0 1 0 0 0 0 1 0 0 0
25	12	 0 0 0 0 0 0 0 0 0 1 0 0 0 0 0 0 0 0 0 0
25	5	 1 0 0 0 0 1 0 1 0 1 1 0 0 0 0 0 0 0 0 0
25	13	 0 0 1 0 0 0 0 0 0 1 1 0 0 0 0 0 1 0 0 0
25	7	 0 0 1 0 0 0 0 0 0 1 0 0 0 0 0 0 0 0 0 0
25	20	 0 0 0 0 0 1 0 0 0 1 1 0 0 0 0 0 0 0 0 0
25	6	 0 0 0 0 0 1 0 0 0 1 0 0 0 0 0 0 1 0 0 0
25	26	 0 0 0 0 0 1 0 1 0 1 1 0 1 0 0 0 0 0 0 0
25	9	 0 0 1 0 0 0 0 1 0 1 1 0 0 0 0 0 0 0 0 0
25	4	 0 0 0 0 1 1 0 1 0 1 1 0 0 0 0 0 0 0 0 0
25	8	 0 0 1 0 0 0 0 0 0 1 0 0 0 0 0 0 1 1 0 0
25	22	 0 0 1 0 0 1 0 1 0 1 1 0 0 0 0 0 0 0 0 0
25	7	 0 0 0 1 0 0 0 0 0 0 0 0 0 0 0 0 0 0 0 0
25	8	 0 0 1 0 0 0 0 0 1 1 0 0 0 0 0 0 1 0 0 0
25	4	 0 0 0 0 0 0 0 0 0 0 0 0 0 0 0 0 0 0 1 0
25	19	 0 0 0 1 0 1 0 1 0 1 1 0 0 0 0 0 0 0 0 0
25	30	 0 0 1 0 0 0 0 0 0 1 0 0 1 0 0 0 1 0 0 0
25	2	 0 0 0 0 0 0 0 0 0 1 0 0 0 0 0 0 1 1 0 0
25	12	 0 0 1 0 0 0 0 1 1 1 1 0 0 0 0 0 0 0 0 0
25	6	 0 0 0 0 1 1 0 1 0 1 1 0 0 1 0 0 0 0 0 0
25	9	 0 0 0 1 0 1 0 1 0 1 0 0 0 0 0 0 0 0 1 0
25	8	 0 0 1 1 0 0 0 0 0 0 0 0 0 0 0 0 0 0 1 0
25	3	 0 0 1 0 0 0 1 0 0 1 0 0 0 0 0 0 1 0 0 0
25	5	 0 0 0 0 0 1 0 1 0 1 1 0 0 0 0 0 0 1 0 0
25	2	 0 0 1 0 0 1 0 0 0 1 0 0 0 0 0 0 1 0 0 0
25	5	 0 0 0 0 0 1 0 1 0 1 1 0 0 0 1 0 0 0 0 0
25	1	 0 0 0 1 0 0 0 0 0 0 0 0 1 0 0 0 0 0 1 0
25	3	 0 0 1 0 0 0 0 0 0 1 0 0 0 1 0 0 1 0 0 0
25	5	 0 1 1 0 0 0 0 0 0 1 0 0 0 0 0 0 0 0 0 0
25	2	 0 0 0 0 0 1 0 0 0 1 0 0 0 0 0 0 0 0 0 0
25	2	 0 0 0 0 0 1 0 0 0 1 1 0 1 0 0 0 0 0 0 0
25	6	 0 0 0 0 0 0 0 1 0 1 0 0 0 0 0 0 1 1 0 0
25	6	 0 0 0 0 0 0 0 0 0 1 0 0 0 0 0 0 0 0 1 1
25	10	 0 0 0 0 0 1 0 0 0 1 1 0 0 1 0 0 0 0 0 0
25	3	 0 0 0 1 0 0 0 0 0 0 0 0 1 0 0 0 0 0 0 0
25	2	 0 0 1 0 0 0 1 0 0 1 1 0 0 0 0 0 0 0 0 0
25	8	 0 0 1 0 0 0 0 0 0 1 0 0 0 0 0 0 0 0 1 0
25	17	 0 0 0 0 0 0 0 1 0 1 1 0 0 0 0 0 0 0 0 0
25	1	 0 0 0 0 0 0 0 0 0 1 1 0 0 0 0 0 1 0 0 0
25	1	 0 0 0 0 0 0 0 0 0 1 0 1 0 0 0 0 0 0 0 0
25	12	 0 0 0 0 0 1 0 1 0 0 1 0 0 0 0 0 0 0 0 0
25	10	 0 0 0 0 1 1 0 1 0 1 1 0 0 0 0 0 0 0 1 0
25	2	 0 0 0 1 0 1 0 1 0 1 1 0 0 0 0 0 0 1 0 0
25	14	 0 0 0 1 0 0 0 0 0 1 0 0 0 0 0 0 0 0 0 0
25	1	 0 0 0 0 0 0 0 0 0 1 1 0 0 0 1 0 0 0 0 0
25	1	 0 0 0 0 0 1 0 0 0 1 1 0 0 1 1 0 0 0 0 0
25	1	 1 0 1 0 0 0 0 0 0 1 0 0 0 0 0 0 1 0 0 0
25	1	 0 0 1 0 0 1 0 1 0 1 1 0 0 0 1 0 0 0 0 0
25	1	 0 0 1 0 0 0 0 1 1 1 1 0 0 0 0 0 0 0 0 1
25	1	 0 0 0 0 1 1 0 1 1 1 1 0 0 1 0 0 0 0 0 0
25	3	 0 1 1 0 0 1 0 0 0 1 0 0 0 0 0 0 0 0 0 0
25	2	 1 0 0 0 0 0 0 1 0 1 1 0 0 0 1 0 0 0 0 0
25	1	 0 0 0 1 0 0 0 0 0 0 1 0 0 0 0 0 0 0 0 0
25	3	 0 0 0 0 0 1 0 0 0 1 1 1 0 0 0 0 0 0 0 0
25	1	 0 1 1 0 0 0 0 0 0 1 0 0 1 0 0 0 0 0 0 0
25	3	 0 0 1 1 0 0 0 0 1 1 0 0 0 0 0 0 1 0 0 0
25	1	 0 0 0 1 0 1 0 1 0 0 0 0 0 0 0 0 0 0 1 0
25	1	 0 1 1 0 0 1 0 0 0 1 1 1 0 0 0 0 0 0 0 0
25	1	 0 0 0 0 0 1 0 1 1 1 1 0 0 0 0 0 0 0 0 0
25	1	 0 0 0 0 0 0 0 0 0 1 0 0 0 0 0 0 1 0 0 1
25	2	 0 0 0 0 0 0 1 0 0 1 0 0 0 0 0 0 1 0 0 0
25	1	 0 0 1 0 0 0 0 0 0 1 0 1 0 0 0 0 1 0 0 0
25	1	 0 0 1 0 1 0 0 0 0 1 0 0 1 0 0 0 1 0 0 0
25	1	 1 0 0 1 0 1 0 1 0 1 0 0 0 0 0 0 0 0 1 0
25	4	 0 0 1 0 0 1 1 0 0 1 0 0 0 0 0 0 1 0 0 0
25	4	 0 0 0 0 0 0 0 0 0 1 0 0 0 0 0 0 0 1 1 1
70	260	 0 0 0 0 0 1 0 1 0 1 1 0 0 0 0 0 0 0 0 0
70	13	 0 0 0 0 0 1 0 1 0 1 1 0 0 0 0 0 1 0 0 0
70	4	 0 1 0 0 0 1 0 1 0 1 1 0 0 0 0 0 0 0 0 0
70	11	 0 0 1 0 0 0 0 0 0 1 1 0 0 0 0 0 1 0 0 0
70	23	 0 0 1 0 0 0 0 0 0 1 0 0 0 0 0 0 0 0 0 0
70	22	 0 0 0 0 0 1 0 0 0 1 1 0 0 0 0 0 0 0 0 0
70	9	 0 0 0 0 0 1 0 1 0 1 1 0 1 0 0 0 0 0 0 0
70	6	 0 0 1 0 0 0 0 1 0 1 1 0 0 0 0 0 0 0 0 0
70	70	 0 0 1 0 0 1 0 1 0 1 1 0 0 0 0 0 0 0 0 0
70	1	 0 0 0 1 0 1 0 1 0 1 0 0 0 0 0 0 0 0 1 0
70	23	 0 0 0 0 0 0 0 1 0 1 1 0 0 0 0 0 0 0 0 0
70	8	 0 0 0 0 0 1 0 1 0 0 1 0 0 0 0 0 0 0 0 0
70	1	 0 0 0 0 0 1 0 1 1 1 1 0 0 0 0 0 0 0 0 0
70	1	 0 0 0 0 0 1 0 1 0 1 1 0 0 1 0 0 0 0 0 0
70	3	 0 1 0 0 0 1 0 0 0 1 1 0 0 0 0 0 0 0 0 0
70	23	 0 0 0 1 0 1 1 1 0 1 1 0 0 0 0 0 0 0 0 0
70	9	 0 0 0 0 0 1 0 1 0 1 1 0 0 0 1 0 0 0 0 0
70	7	 0 0 0 0 1 1 0 1 0 1 1 0 0 0 0 0 0 0 1 0
70	2	 0 0 0 0 1 1 0 1 0 1 1 0 1 0 0 0 0 0 0 0
70	20	 0 0 0 0 0 1 0 1 0 1 1 0 0 0 0 1 1 0 0 0
70	12	 0 0 0 0 0 1 0 1 0 1 1 0 0 1 0 1 0 0 0 0
70	23	 0 0 1 0 0 1 0 1 0 1 1 0 1 0 0 0 0 0 0 0
70	92	 0 0 1 1 0 0 0 0 0 1 1 0 0 0 0 0 0 0 0 0
70	3	 0 0 0 0 0 1 0 1 0 1 1 0 0 0 0 0 0 1 0 0
70	4	 0 0 0 1 1 1 0 1 0 1 0 0 0 0 0 0 0 0 1 0
70	10	 0 0 0 0 0 1 0 1 0 1 1 0 0 0 0 0 1 0 0 1
70	1	 0 0 0 0 0 1 1 1 0 0 1 0 0 0 0 0 0 0 0 0
70	30	 0 0 0 1 0 1 0 1 0 1 1 1 0 0 0 1 1 0 0 0
70	1	 0 0 0 1 0 1 0 1 0 1 1 1 0 0 0 0 1 0 1 0
70	20	 0 1 0 0 0 1 0 1 0 1 1 0 1 0 0 0 0 0 0 0
70	17	 0 0 0 1 0 1 0 1 0 1 1 0 0 0 0 0 0 0 0 0
70	13	 0 0 1 0 0 1 0 1 0 0 1 0 0 0 0 0 0 0 0 0
70	1	 0 0 1 0 0 0 0 1 1 1 1 1 0 0 0 0 0 0 0 0
70	13	 0 0 0 0 0 1 0 1 0 1 1 0 0 0 0 0 0 0 1 0
70	8	 1 0 0 0 0 1 0 1 0 1 1 0 0 0 0 0 0 0 0 0
70	4	 0 0 1 0 0 0 0 0 0 0 0 0 0 0 0 0 1 0 0 0
70	4	 0 1 0 0 0 1 0 0 0 1 1 0 1 0 0 0 0 0 0 0
70	2	 0 0 0 0 0 1 1 1 0 1 1 0 0 0 0 0 0 0 0 0
70	2	 0 0 1 0 0 1 0 1 0 1 1 0 0 0 0 0 0 1 0 0
70	6	 0 0 0 0 0 1 0 1 0 1 1 0 1 0 0 0 1 0 0 0
70	2	 0 0 1 1 0 0 0 1 0 1 1 0 0 0 0 0 0 0 0 0
70	1	 0 0 0 0 1 1 0 1 0 1 0 0 0 0 0 0 1 0 0 0
70	30	 0 0 1 0 0 1 0 0 0 1 1 0 0 0 0 0 0 0 0 0
70	6	 0 0 0 1 0 1 0 1 0 1 1 0 0 0 0 0 1 0 0 0
70	5	 0 0 0 0 0 0 1 1 0 1 1 0 0 0 0 0 0 0 0 0
70	2	 0 0 0 0 0 1 0 1 0 1 1 1 0 0 0 0 0 0 0 0
70	13	 0 0 1 0 0 0 0 0 1 1 0 0 0 0 0 0 0 0 0 0
70	11	 0 0 0 0 0 0 0 1 0 1 1 0 0 0 0 0 1 0 0 0
70	6	 0 1 0 0 0 1 0 1 0 1 1 0 0 0 0 0 1 0 0 0
70	2	 0 0 0 0 0 1 0 0 0 1 1 0 0 0 1 0 0 0 0 1
70	1	 0 0 0 0 0 1 0 1 0 1 0 0 0 0 0 0 1 0 0 0
70	9	 0 0 1 0 0 0 0 1 0 1 0 0 0 0 0 0 0 0 0 0
70	10	 1 0 0 0 0 1 0 1 0 1 1 0 0 0 0 0 0 0 1 0
70	5	 0 0 0 0 0 1 0 1 0 0 1 0 0 0 0 1 0 0 0 1
70	2	 0 0 0 1 0 0 0 1 0 1 1 0 0 0 0 0 0 0 0 0
70	4	 0 0 1 0 0 1 0 1 0 0 1 0 0 0 0 0 0 0 1 0
70	6	 0 0 1 0 0 1 0 1 0 1 1 0 0 0 0 0 1 0 0 0
70	5	 0 0 0 0 0 1 0 1 0 0 1 0 0 0 0 0 0 0 1 0
70	3	 0 0 1 0 1 1 0 1 0 1 1 0 1 0 0 0 0 0 0 0
70	1	 0 0 0 1 0 1 0 1 0 1 1 1 0 0 0 0 0 0 1 0
70	1	 0 0 0 0 0 0 0 1 1 1 1 1 0 0 0 0 0 0 0 0
70	2	 0 0 0 0 0 1 0 1 0 1 1 0 0 0 0 1 0 0 0 0
70	13	 0 0 1 0 0 1 0 1 1 1 1 0 0 0 0 0 0 0 0 0
70	4	 0 0 1 0 0 1 0 1 0 1 1 0 0 0 0 0 0 0 0 1
70	3	 0 0 0 0 0 0 0 1 0 1 0 0 0 0 0 0 0 0 0 0
70	7	 0 0 1 0 0 1 0 1 0 1 1 0 0 0 0 0 0 1 0 1
70	1	 0 0 1 0 0 1 0 1 0 1 1 0 0 0 0 1 1 0 0 0
70	2	 0 0 0 0 1 1 0 1 0 1 0 0 1 0 0 0 0 0 0 0
70	4	 0 0 0 0 0 1 0 1 0 1 1 0 0 1 0 0 0 1 0 0
70	2	 0 0 1 0 0 1 0 1 0 1 1 0 0 0 0 0 0 1 1 0
70	1	 0 1 0 1 0 1 0 1 0 1 0 0 0 0 0 0 0 0 1 0
70	3	 0 0 0 0 0 1 0 1 0 1 1 0 0 0 0 0 0 0 0 1
70	2	 0 0 0 0 0 1 0 0 0 1 1 0 0 0 1 0 1 0 0 0
70	2	 0 0 0 0 0 1 0 1 0 1 1 0 0 0 1 0 1 0 0 0
70	2	 0 0 1 0 0 1 0 1 0 1 1 0 0 0 1 0 0 0 0 0
70	1	 0 0 0 0 0 0 0 1 0 1 1 0 0 0 1 0 0 0 0 1
70	2	 0 0 0 0 0 1 0 0 0 1 1 0 1 0 0 0 1 0 0 0
70	1	 0 0 1 0 0 1 0 0 0 1 0 0 0 0 0 0 0 0 0 0
70	4	 0 1 0 0 0 1 0 1 0 1 0 0 0 0 0 0 1 0 0 0
70	3	 0 0 0 0 0 1 0 1 0 1 1 0 1 0 0 1 0 0 0 0
70	3	 1 0 1 0 0 1 0 1 0 1 1 0 1 0 0 0 0 0 0 0
70	1	 0 0 0 0 0 1 0 1 0 1 0 0 0 0 0 0 0 0 0 0
70	2	 0 0 1 1 0 0 0 0 0 1 0 0 0 0 0 0 0 0 0 0
70	4	 0 0 0 1 1 1 0 1 0 1 0 0 0 0 0 0 0 0 0 0
70	2	 0 0 0 0 0 1 0 1 0 1 1 0 0 0 0 0 0 0 1 1
70	3	 1 0 0 0 0 1 0 1 0 1 1 0 1 0 0 0 1 0 0 0
70	3	 0 0 1 0 0 1 0 1 0 1 1 1 0 0 0 0 0 0 0 1
70	3	 0 1 0 0 0 1 0 1 0 0 1 0 0 0 0 1 0 0 0 0
70	3	 0 0 1 0 0 0 0 0 0 1 1 0 0 0 0 0 0 0 0 0
70	1	 0 0 1 0 0 0 0 0 0 1 1 0 1 0 0 0 1 0 0 0
70	1	 0 0 0 0 1 1 0 0 0 1 1 0 0 0 0 0 0 0 0 0
70	1	 0 0 0 1 1 1 1 1 0 1 1 0 0 0 0 0 0 0 0 0
70	1	 0 0 1 1 0 0 0 0 0 1 1 0 0 0 0 0 0 0 1 0
70	1	 1 0 1 1 0 0 0 0 0 1 1 0 0 0 0 0 0 0 0 0
70	2	 0 0 1 0 0 0 0 1 0 0 1 0 0 0 0 0 0 0 0 0
70	1	 0 0 0 0 0 0 0 1 0 1 1 0 0 0 0 0 1 1 0 0
70	1	 0 0 0 0 0 0 0 0 0 1 1 0 0 0 0 0 1 0 0 0
70	1	 0 0 1 0 0 1 0 1 0 1 1 0 0 0 0 1 1 0 0 1
135	62	 0 0 0 0 0 1 0 1 0 1 1 0 0 0 0 0 0 0 0 0
135	31	 0 0 1 0 0 1 0 1 0 1 1 0 0 0 0 0 0 0 0 0
135	16	 0 1 0 0 0 1 0 0 0 1 1 0 0 0 0 0 0 0 0 0
135	1	 0 0 1 0 0 1 0 1 0 1 1 0 1 0 0 0 0 0 0 0
135	107	 0 0 1 1 0 0 0 0 0 1 1 0 0 0 0 0 0 0 0 0
135	37	 0 0 1 1 0 0 0 1 0 1 1 0 0 0 0 0 0 0 0 0
135	1	 0 0 1 0 0 1 0 1 0 1 1 0 0 0 0 0 0 0 0 1
135	14	 0 0 1 1 0 0 0 0 0 1 1 1 0 0 0 0 0 0 0 0
135	37	 0 0 0 1 0 0 0 0 0 1 1 0 0 0 0 0 0 0 0 0
135	3	 0 1 0 0 0 0 0 0 0 1 1 0 0 0 0 0 0 0 0 0
135	1	 0 1 0 0 0 1 0 1 0 1 1 0 0 0 0 0 0 0 0 0
135	3	 1 1 0 0 0 1 0 1 0 1 1 0 1 0 0 0 0 0 0 0
135	15	 0 0 1 1 0 1 0 1 1 1 1 0 0 1 0 0 0 0 0 0
135	35	 0 0 1 1 0 0 0 1 0 1 1 0 0 0 0 1 0 0 0 0
135	40	 1 0 1 0 0 1 0 1 0 1 1 0 0 0 0 0 0 0 0 0
135	1	 0 0 1 1 0 1 0 1 0 1 1 1 0 0 0 1 1 0 0 0
135	10	 0 0 1 0 0 1 0 1 0 1 1 1 0 0 0 0 0 0 0 0
135	31	 0 0 1 1 0 0 0 0 0 1 1 1 0 0 0 1 0 0 0 0
135	11	 0 1 1 0 0 1 0 1 0 1 1 0 1 0 0 0 0 0 0 0
135	2	 0 0 1 1 1 0 0 0 0 1 1 0 0 0 0 0 0 0 0 0
135	26	 0 0 1 1 0 1 0 0 0 1 1 0 0 0 0 0 0 0 0 0
135	3	 0 0 0 0 0 1 1 1 0 0 1 0 1 0 0 0 0 0 0 0
135	13	 0 0 1 0 1 1 0 1 1 1 1 0 1 0 0 0 0 0 0 0
135	2	 0 0 1 0 0 1 0 0 0 1 1 0 0 1 0 1 0 0 0 0
135	6	 0 0 0 0 0 1 0 1 0 1 1 1 0 0 0 0 0 0 0 0
135	7	 0 0 1 1 0 0 0 0 0 1 1 1 0 0 0 0 0 0 1 0
135	2	 0 0 1 1 0 1 0 1 0 1 1 0 1 0 0 0 0 0 0 0
135	4	 0 0 1 0 0 1 1 1 0 1 1 0 1 0 0 0 0 0 0 0
135	18	 1 0 0 0 0 0 0 0 0 1 1 0 0 0 0 0 0 0 1 0
135	22	 0 0 0 0 0 1 0 1 0 1 1 0 0 0 0 0 0 1 1 0
135	4	 0 0 1 1 1 0 0 0 0 1 0 0 0 0 0 0 0 0 0 0
135	7	 1 0 1 1 0 1 0 1 0 1 1 0 1 0 0 1 0 0 0 0
135	20	 0 0 1 1 0 1 0 1 0 1 1 1 0 0 0 0 0 0 0 1
135	3	 0 0 1 0 0 1 0 1 0 1 0 0 0 0 0 0 0 0 0 0
135	39	 0 0 1 1 0 0 0 1 1 1 1 0 0 0 0 1 1 0 0 0
135	25	 0 1 1 0 0 1 0 1 0 0 1 0 1 0 0 0 0 0 0 0
135	11	 0 0 1 0 0 1 1 1 0 1 1 0 0 0 0 0 0 0 0 0
135	9	 0 1 0 0 0 1 0 1 0 1 1 0 1 0 0 0 0 0 0 1
135	15	 0 0 1 1 1 1 0 0 0 1 1 0 0 0 0 0 0 0 0 0
135	14	 0 1 1 0 0 0 0 0 0 1 1 0 0 0 0 0 0 0 0 0
135	8	 1 1 0 0 0 0 0 1 0 1 1 0 1 0 0 0 0 0 0 0
135	1	 0 0 0 1 1 0 0 0 0 1 1 0 0 0 0 0 0 0 0 0
135	4	 0 0 1 0 0 0 0 0 0 1 1 0 1 0 0 0 0 0 0 0
135	8	 0 0 1 0 0 1 0 0 0 1 1 0 0 1 0 1 0 1 0 0
135	16	 0 0 1 0 0 1 0 0 0 1 1 0 0 0 0 0 0 0 0 0
135	5	 0 0 1 1 0 0 0 1 1 1 1 0 0 0 0 0 0 0 0 0
135	15	 0 0 1 1 1 0 0 1 0 1 1 0 0 0 0 1 0 0 0 0
135	1	 0 0 0 0 0 1 0 0 0 1 1 0 0 0 0 1 0 0 0 0
135	9	 0 0 1 1 0 0 0 1 0 1 1 0 1 0 0 0 0 0 0 0
135	2	 0 0 1 0 0 1 0 1 0 1 0 0 0 1 0 0 0 0 0 0
135	8	 0 0 0 0 0 1 0 1 0 1 0 0 0 0 0 0 0 0 0 0
135	3	 0 0 1 0 0 0 1 0 0 1 1 0 0 0 0 0 0 0 0 0
135	4	 0 1 1 0 0 0 0 0 0 1 0 0 0 0 0 0 0 0 0 0
135	6	 0 0 1 1 0 1 0 1 0 1 0 1 0 0 0 0 1 0 0 0
135	2	 0 0 0 0 0 1 0 1 1 1 1 0 0 0 0 0 0 0 0 0
135	3	 0 0 1 1 1 1 0 1 1 1 1 0 0 1 0 0 0 0 0 0
135	6	 0 0 0 0 0 1 1 1 0 0 1 0 1 0 0 0 0 0 1 0
135	3	 0 0 1 1 0 1 0 1 0 1 1 1 0 0 0 0 0 0 0 0
135	3	 0 1 0 0 0 1 0 1 0 1 1 1 0 0 0 0 0 0 0 1
135	2	 0 0 1 1 1 1 0 1 0 1 1 1 0 0 0 1 1 0 0 0
135	1	 0 0 1 1 0 0 0 0 0 1 1 1 0 0 0 1 0 0 1 0
135	2	 0 0 1 1 0 0 0 0 1 1 1 1 0 0 0 1 0 0 0 0
135	2	 0 0 1 1 1 1 0 0 0 1 1 0 0 0 0 0 0 1 0 0
135	12	 0 0 1 1 0 0 0 0 0 1 1 0 1 0 0 0 0 0 0 0
135	10	 0 1 1 0 0 1 0 1 0 1 1 0 0 0 0 0 0 0 0 0
135	5	 0 0 0 1 0 0 0 0 0 1 1 1 0 0 0 0 0 0 0 0
135	6	 0 0 1 1 1 0 0 1 0 1 1 1 0 0 0 0 0 0 1 0
135	5	 0 0 1 1 0 0 0 0 0 1 1 0 0 1 0 0 0 0 0 0
135	8	 0 0 1 1 0 1 0 0 0 1 1 1 0 0 0 1 0 0 0 0
135	5	 0 0 1 1 0 0 0 1 1 1 1 0 1 0 0 1 1 0 0 0
135	6	 0 0 1 0 0 1 0 1 0 0 1 0 1 0 0 0 0 0 0 0
135	1	 0 0 1 0 0 1 0 1 1 1 1 0 0 0 0 0 0 0 0 0
135	2	 0 0 0 1 0 0 0 0 0 0 1 0 0 0 0 0 0 0 0 0
135	4	 0 1 1 0 0 0 0 0 0 1 0 0 0 0 1 0 0 0 0 0
135	4	 0 0 1 0 1 1 0 1 1 1 1 0 1 1 0 0 0 0 0 0
135	1	 0 0 1 1 0 0 0 1 1 1 1 0 0 0 0 1 1 0 0 1
135	2	 0 0 1 1 0 0 0 1 0 1 1 1 0 0 0 0 0 0 0 0
135	1	 0 0 1 1 1 1 0 1 0 1 1 0 0 0 0 0 0 0 0 0
135	8	 0 0 1 1 0 0 0 0 1 1 1 0 0 0 0 0 0 0 0 0
135	3	 0 1 1 1 0 0 0 0 0 1 1 0 0 0 0 0 0 0 0 0
135	4	 0 0 1 1 0 1 0 1 1 1 1 1 0 0 0 0 0 0 0 1
135	3	 0 1 1 0 0 1 0 1 0 0 1 0 1 0 0 0 0 1 0 0
135	2	 0 0 1 0 1 1 0 0 0 1 1 0 0 0 0 0 0 0 0 0
135	3	 0 0 0 0 0 1 1 1 0 0 1 1 1 0 0 0 0 0 1 0
135	7	 0 0 1 1 1 0 0 1 0 1 1 1 0 1 0 0 0 0 1 0
135	2	 0 0 1 1 0 0 0 0 0 1 1 0 0 1 0 0 0 1 0 0
135	2	 0 0 1 1 0 0 0 1 0 1 1 0 0 1 0 0 1 0 0 0
135	1	 0 0 1 1 0 0 0 0 0 1 1 1 0 0 0 1 0 0 0 1
135	2	 0 0 0 1 0 0 0 0 0 1 1 0 0 0 0 1 0 0 0 0
135	5	 0 0 0 0 0 1 0 1 0 1 1 0 0 0 0 1 0 0 0 0
135	5	 0 1 0 0 0 1 1 1 0 0 1 0 1 0 0 0 0 0 1 0
135	4	 0 0 1 1 0 1 0 0 0 1 1 1 0 0 0 1 0 0 1 0
135	3	 0 0 1 1 0 0 0 0 0 1 1 1 0 0 1 0 0 0 0 1
135	2	 1 1 0 0 0 1 0 1 0 1 1 0 0 0 0 0 0 0 0 0
135	3	 1 0 1 0 0 1 0 1 0 0 1 0 1 0 0 0 0 0 0 0
135	1	 0 1 1 0 0 1 0 1 0 0 1 0 0 1 0 1 0 1 0 0
135	1	 0 1 1 0 0 1 0 1 0 0 1 0 0 0 0 1 0 0 0 0
135	2	 0 0 0 0 1 1 0 1 0 1 1 0 0 0 0 0 0 0 0 0
135	4	 1 0 1 1 0 0 0 0 0 1 1 1 0 0 0 0 0 0 0 0
135	3	 1 0 1 0 0 1 0 1 0 0 1 0 0 0 0 0 0 0 0 0
135	1	 0 0 1 0 0 1 0 0 0 1 1 1 0 0 0 0 0 0 0 0
135	4	 0 0 1 1 0 1 0 0 0 1 1 0 0 0 0 0 1 0 0 0
135	2	 1 0 1 1 0 1 0 1 0 1 1 0 0 0 0 1 0 0 0 0
135	5	 0 0 1 1 0 1 0 1 0 1 1 0 0 0 0 0 0 0 0 0
135	2	 0 0 1 1 0 0 0 0 0 1 1 0 0 0 1 0 0 0 1 0
135	2	 0 0 0 0 0 1 0 1 0 1 1 1 0 0 0 1 0 0 0 0
135	1	 0 0 1 1 1 0 0 1 0 1 1 0 1 0 0 0 0 1 0 0
135	1	 0 0 1 1 0 1 0 1 0 1 1 1 0 0 0 1 0 0 0 0
135	1	 0 0 1 1 1 1 1 1 0 1 1 0 0 0 0 0 0 0 0 0
135	2	 0 1 1 1 0 0 0 0 0 1 1 0 0 0 0 1 0 0 0 0
135	1	 0 0 0 0 0 1 0 1 0 1 1 0 0 0 0 0 0 0 0 1
135	2	 0 0 1 1 0 0 0 1 0 1 1 0 0 0 1 0 0 0 0 0
135	2	 0 0 1 1 0 1 0 1 1 1 1 0 0 1 0 0 0 0 1 0
135	1	 0 0 1 1 0 0 0 1 0 0 1 0 0 0 0 1 0 0 0 0
135	1	 0 0 1 1 0 0 0 0 1 1 1 1 0 0 0 0 0 0 1 0
135	3	 1 0 0 0 0 0 0 0 0 1 1 0 0 0 0 0 0 0 0 0
135	2	 0 1 1 0 0 1 0 1 0 0 1 0 0 0 0 0 0 0 0 0
135	2	 0 1 1 0 0 1 0 1 0 0 1 0 1 0 0 0 0 0 1 0
135	1	 0 0 1 1 1 0 0 1 0 1 1 0 0 1 0 1 0 0 0 0
250	40	 0 0 1 1 0 0 0 0 0 1 1 0 0 0 0 0 0 0 0 0
250	8	 1 1 0 0 0 0 0 1 0 1 1 0 1 0 0 0 0 0 0 0
250	19	 0 0 1 1 0 0 0 0 0 1 1 0 1 0 0 0 0 0 0 0
250	15	 1 0 1 1 0 0 0 0 0 1 1 1 0 0 0 0 0 0 0 0
250	4	 0 0 1 1 0 0 0 0 0 1 1 0 0 0 0 0 0 0 0 1
250	17	 0 0 1 1 0 0 1 0 0 1 1 0 0 0 0 0 0 0 0 0
250	11	 0 0 1 1 0 1 0 0 1 1 1 1 0 0 0 0 0 0 0 1
250	9	 1 0 1 1 0 1 0 1 0 1 1 0 0 0 0 0 0 0 0 0
250	12	 0 0 1 1 0 0 0 0 0 1 1 0 0 0 0 1 0 0 0 0
250	28	 0 0 1 1 0 0 1 1 0 1 1 0 0 0 0 1 0 0 0 0
250	22	 0 0 1 1 0 0 0 1 0 1 1 0 0 0 0 0 0 0 0 0
250	13	 0 0 1 1 0 0 0 0 0 1 1 0 0 1 0 0 0 0 0 0
250	20	 0 0 1 1 0 1 0 1 1 1 1 0 1 0 0 0 0 0 0 0
250	25	 1 0 1 1 0 0 0 0 0 1 1 0 0 0 0 0 0 0 0 0
250	1	 0 0 1 1 0 0 0 1 1 1 1 0 0 0 0 0 0 0 0 0
250	7	 0 0 1 1 0 0 0 1 0 1 1 0 0 0 0 0 0 1 0 0
250	10	 0 0 1 1 0 0 1 0 0 1 1 0 1 0 0 0 0 0 0 0
250	6	 0 0 1 1 1 0 1 1 0 1 1 0 0 0 0 0 0 0 0 0
250	3	 0 0 1 1 0 0 1 1 0 1 1 0 0 0 0 0 0 0 0 0
250	10	 0 0 1 1 0 0 0 0 0 1 1 0 0 0 0 0 0 1 0 0
250	4	 0 0 1 1 1 0 0 0 0 1 0 0 1 0 0 0 0 0 0 0
250	1	 0 0 1 1 1 0 1 1 0 1 1 0 1 1 0 0 0 0 0 0
250	74	 0 0 1 1 0 1 0 0 0 1 1 0 1 1 0 0 0 0 0 0
250	7	 0 0 1 1 0 1 0 0 0 1 1 0 1 0 0 0 0 0 0 0
250	24	 1 1 0 0 0 1 0 1 0 1 1 0 0 0 0 1 0 1 1 0
250	29	 0 0 1 1 0 1 0 1 0 1 1 0 0 0 0 0 0 0 0 1
250	1	 1 1 0 0 0 1 0 0 0 1 1 1 1 0 0 0 0 0 0 0
250	21	 1 0 1 1 0 0 0 0 0 1 1 0 0 0 0 1 0 0 0 0
250	16	 0 0 1 1 0 1 0 0 1 1 1 1 0 0 1 0 0 0 0 0
250	9	 0 0 1 1 0 1 0 1 1 1 1 0 1 0 0 1 0 0 0 0
250	4	 0 0 1 1 0 0 0 1 0 1 1 0 1 0 0 0 0 0 0 0
250	34	 0 0 1 1 0 1 1 0 1 1 1 1 0 0 0 0 0 0 0 1
250	31	 1 0 0 1 0 0 0 1 0 1 1 0 0 0 0 0 0 0 0 0
250	5	 1 0 1 1 0 1 0 1 0 1 1 0 1 0 0 0 0 0 0 0
250	10	 0 0 1 1 0 0 1 1 0 1 1 0 1 0 0 0 0 0 0 0
250	10	 1 1 0 1 1 1 0 1 0 1 1 0 0 0 0 0 0 0 1 0
250	4	 0 0 1 1 0 0 0 0 0 1 1 1 0 1 0 0 0 0 0 0
250	3	 0 0 1 1 0 1 0 0 0 1 1 0 1 0 1 0 0 0 0 0
250	4	 0 0 1 1 0 0 0 0 0 1 1 1 0 0 0 0 0 0 0 0
250	3	 0 0 0 1 0 0 0 1 0 1 1 0 0 0 0 0 0 0 0 0
250	19	 0 0 1 1 1 0 1 0 0 1 0 0 1 0 0 0 0 0 0 0
250	7	 0 0 1 1 0 0 0 0 1 1 1 1 0 0 0 0 0 0 0 0
250	5	 1 1 0 0 0 1 0 1 0 1 1 0 0 0 0 0 0 0 0 0
250	15	 0 0 1 1 0 1 0 1 1 1 1 0 1 0 0 0 1 0 0 0
250	6	 0 0 0 1 0 0 1 0 0 1 1 0 1 0 0 0 0 0 0 0
250	2	 1 0 1 1 0 1 0 1 0 1 1 0 0 0 1 0 0 0 0 0
250	35	 0 0 1 1 1 0 0 0 0 1 1 0 0 1 0 0 0 0 0 0
250	12	 0 0 1 1 0 1 0 1 1 1 1 0 1 0 0 1 0 0 0 1
250	16	 0 0 1 1 0 1 0 0 0 1 1 1 0 0 0 0 0 0 0 1
250	12	 1 0 0 1 0 0 0 0 0 1 1 0 0 0 0 0 0 0 0 0
250	2	 0 0 1 1 0 1 0 1 0 1 1 0 0 0 0 0 0 0 1 1
250	7	 1 0 1 1 0 0 0 0 0 1 1 1 0 0 1 0 0 0 0 0
250	32	 0 0 0 1 0 0 0 0 0 1 1 0 1 0 0 0 0 0 0 0
250	13	 0 0 1 1 0 0 0 0 0 0 1 0 0 0 0 0 0 0 0 1
250	16	 1 0 1 1 0 1 0 0 1 1 1 0 1 0 0 0 0 0 0 0
250	1	 0 0 1 1 0 0 0 0 0 1 1 0 0 0 1 0 0 0 0 1
250	3	 0 0 1 1 0 0 1 1 0 1 1 0 1 1 0 0 0 0 0 0
250	10	 0 0 0 0 0 1 0 0 0 1 1 1 1 0 0 0 0 0 0 0
250	6	 1 1 0 0 0 1 0 1 0 1 1 0 0 0 0 0 0 0 0 1
250	4	 0 0 1 0 1 0 0 0 0 1 0 0 1 0 0 0 0 0 0 0
250	11	 0 0 1 1 0 1 0 0 0 1 1 0 1 0 0 1 0 0 0 0
250	2	 0 0 0 1 0 0 0 0 0 1 1 0 1 0 0 0 0 0 0 1
250	3	 0 0 1 1 0 0 0 0 0 0 1 0 0 0 0 0 0 0 1 1
250	7	 1 1 1 1 0 0 0 0 1 1 1 1 0 0 0 0 0 0 0 0
250	4	 0 0 1 0 0 1 0 1 1 1 1 0 1 0 0 0 0 0 0 0
250	5	 1 1 0 0 0 0 1 1 0 1 1 0 1 0 0 0 0 0 0 0
250	3	 0 0 1 1 0 0 0 0 0 1 1 0 0 0 0 1 0 1 0 0
250	24	 0 0 1 1 0 0 1 1 0 1 1 1 1 1 0 0 0 0 0 0
250	1	 0 0 1 1 0 1 1 0 0 1 1 0 0 0 0 0 0 0 0 0
250	2	 0 0 1 1 0 0 0 0 0 0 1 0 0 1 0 0 0 0 0 0
250	9	 0 0 1 1 0 1 0 1 1 1 1 1 0 0 0 0 0 0 0 0
250	6	 0 0 0 1 0 0 0 0 0 1 1 0 1 0 0 1 0 0 0 0
250	2	 0 0 1 0 0 0 0 1 0 1 1 0 0 0 1 1 0 0 0 0
250	7	 1 1 1 1 1 1 0 1 0 1 1 0 0 0 0 0 0 0 1 0
250	3	 0 0 1 1 0 1 0 1 0 1 1 0 0 0 0 0 0 1 1 1
250	4	 0 0 1 0 1 0 0 0 0 1 0 0 1 0 0 0 0 0 1 0
250	2	 0 0 1 1 0 0 0 0 0 1 1 0 0 1 0 1 0 0 0 0
250	2	 0 0 1 1 0 1 0 1 1 1 1 0 1 1 0 0 0 0 0 0
250	3	 0 0 1 1 0 1 0 1 1 1 1 0 0 0 0 0 0 0 0 0
250	2	 1 0 1 1 0 1 0 1 0 1 1 0 1 0 0 0 0 0 0 1
250	7	 0 0 1 1 0 0 0 1 0 1 1 0 0 0 0 1 0 0 0 0
250	2	 1 0 1 1 0 0 1 1 0 1 1 0 0 0 0 1 0 0 0 0
250	2	 0 0 1 1 0 0 0 0 1 1 1 0 0 0 0 0 0 0 0 0
250	3	 1 1 0 0 1 1 0 0 0 1 0 1 1 0 0 0 0 0 0 0
250	3	 0 0 1 1 0 1 1 0 1 1 1 1 0 0 0 0 0 0 1 1
250	4	 0 0 1 0 0 0 1 1 0 1 1 0 1 0 0 0 0 0 0 0
250	4	 0 0 1 1 0 1 0 0 0 1 1 0 1 0 0 1 1 0 0 0
250	4	 1 0 1 1 0 1 0 1 0 1 1 0 0 0 0 0 0 1 1 1
250	1	 1 0 1 1 0 1 0 0 0 1 1 0 1 1 0 0 0 0 0 0
250	7	 1 1 0 0 0 0 0 1 1 1 1 0 0 0 0 0 0 0 0 0
250	5	 0 0 1 1 0 1 0 0 1 1 1 0 1 0 0 1 0 0 0 0
250	5	 1 0 1 1 0 0 0 0 0 1 1 0 1 0 0 0 0 0 0 0
250	2	 0 0 1 1 0 0 0 0 0 0 1 0 1 0 0 0 0 0 0 0
250	3	 0 0 1 1 0 1 0 0 0 1 1 0 1 0 0 1 0 0 0 1
250	1	 0 1 1 1 0 0 0 0 0 1 1 0 0 0 0 0 0 0 0 0
250	2	 0 0 1 0 0 0 0 1 1 1 1 0 0 0 0 0 0 0 0 0
250	2	 1 0 1 1 0 0 0 0 0 1 1 0 0 0 0 1 1 0 0 0
250	1	 0 1 1 1 0 1 0 0 1 1 1 1 0 0 0 0 0 0 0 1
250	3	 0 0 1 1 0 0 0 1 0 1 1 0 0 0 1 0 0 0 0 0
250	1	 1 0 1 1 0 0 0 0 0 1 1 0 0 0 0 0 0 1 0 0
250	1	 0 0 1 1 1 1 0 0 0 1 0 0 1 0 0 0 0 0 0 0
250	1	 0 0 0 0 0 1 0 1 0 1 1 0 0 0 0 1 0 1 1 0
250	1	 0 0 1 1 0 1 1 0 0 1 0 0 0 0 0 0 0 0 0 0
250	1	 0 0 1 1 0 0 0 0 0 0 1 0 1 0 0 0 0 0 0 1
250	2	 0 0 1 1 0 0 0 1 1 1 1 1 1 1 0 0 0 0 0 0
250	1	 0 0 1 1 0 1 0 0 0 1 1 0 1 0 0 0 0 1 0 0
250	3	 0 0 1 1 0 1 1 0 1 1 1 1 0 0 0 0 0 0 0 0
250	1	 0 0 1 1 0 0 0 0 0 1 1 1 0 1 0 1 0 0 0 0
250	4	 1 1 0 0 0 1 0 1 0 1 1 0 0 0 0 1 0 0 0 0
250	3	 0 0 1 1 0 1 0 0 0 1 1 1 0 0 0 0 0 0 0 0
250	2	 0 0 1 1 0 0 1 0 0 1 1 0 0 0 1 0 0 0 0 0
250	1	 0 0 1 1 0 0 0 0 0 1 1 0 0 0 0 1 0 0 1 0
250	1	 0 0 1 1 0 0 1 1 0 1 1 0 0 0 0 1 1 0 0 0
250	2	 0 0 1 1 0 0 1 1 0 1 0 0 0 0 0 1 0 0 0 0
250	2	 0 0 1 1 0 1 1 1 0 1 1 0 0 0 0 1 0 0 0 0
250	2	 0 0 1 1 0 0 0 1 0 1 1 1 0 0 0 0 0 0 0 0
250	2	 1 1 0 1 0 1 0 1 0 1 1 0 0 0 0 1 0 1 1 0
250	1	 0 0 1 1 0 1 0 1 1 1 1 1 0 0 1 0 0 0 0 0
250	1	 1 0 0 1 0 0 0 1 1 1 1 0 0 0 0 0 0 0 0 0
250	1	 1 0 0 1 0 0 0 1 0 1 1 0 0 0 0 0 0 0 0 1
250	1	 0 0 0 1 0 0 1 1 0 1 1 0 0 0 0 0 0 0 0 0
250	3	 0 0 1 1 0 1 0 1 0 1 1 0 1 0 0 0 1 0 0 0
250	2	 1 0 0 1 0 1 0 0 1 1 1 0 1 0 0 0 0 0 0 0
400	11	 1 0 1 1 0 0 1 0 1 1 1 1 0 0 0 0 0 0 0 0
400	4	 1 0 1 1 0 1 0 0 1 1 1 0 0 1 0 0 0 0 0 0
400	84	 1 0 1 1 0 0 0 0 0 1 1 0 1 0 0 0 0 0 0 0
400	27	 1 0 1 1 1 0 0 0 0 1 1 1 1 0 0 0 0 0 0 0
400	9	 1 0 1 1 0 0 0 0 1 1 1 0 0 0 0 0 0 0 0 0
400	21	 1 1 1 1 0 1 0 1 1 1 1 0 1 0 0 0 0 0 0 0
400	9	 1 0 0 1 0 0 1 1 0 1 1 1 1 0 0 0 0 0 0 0
400	46	 1 0 1 1 0 1 0 0 0 1 1 0 0 0 0 0 0 0 0 0
400	10	 0 0 1 1 1 1 0 0 0 1 1 0 1 0 1 0 0 0 0 0
400	4	 0 0 1 1 0 0 0 0 1 1 1 0 1 1 0 0 1 0 0 0
400	15	 1 0 1 1 0 0 1 0 0 1 1 1 0 0 0 0 0 0 0 0
400	15	 1 1 1 1 0 1 0 1 1 1 1 0 1 0 0 0 0 0 1 0
400	12	 1 0 0 1 0 0 1 0 1 1 1 1 1 0 0 0 0 0 0 0
400	30	 1 0 1 1 0 0 0 0 0 1 1 1 1 0 0 1 0 0 0 0
400	21	 1 1 1 1 0 0 1 0 0 1 1 1 0 0 0 0 0 0 0 0
400	4	 1 1 1 1 0 0 0 0 0 1 1 0 0 0 0 1 0 0 0 1
400	4	 1 0 0 1 0 0 0 0 0 1 1 0 1 0 0 0 0 0 0 0
400	9	 1 0 1 1 0 1 1 0 1 1 1 1 1 0 0 0 0 0 0 1
400	3	 0 1 1 1 1 0 0 0 0 1 1 0 0 1 0 1 0 1 0 0
400	34	 1 1 1 1 0 0 0 0 1 1 1 0 1 0 0 0 0 0 0 0
400	5	 1 0 1 0 0 1 1 0 1 1 1 0 1 0 0 0 0 0 0 0
400	4	 1 0 1 0 0 0 1 0 1 1 1 1 0 0 0 0 0 0 0 0
400	14	 0 0 1 1 1 0 0 0 0 1 1 1 0 0 0 0 0 0 0 0
400	3	 1 1 1 1 0 1 0 1 1 1 1 1 0 0 0 0 0 0 0 0
400	10	 0 0 1 1 0 0 0 0 1 1 1 1 0 0 0 0 1 0 0 0
400	10	 1 0 1 1 0 0 1 0 0 1 1 0 1 0 0 0 0 0 0 0
400	3	 1 0 1 1 0 0 0 1 1 1 0 1 1 0 0 0 0 0 0 0
400	30	 0 0 1 1 1 0 1 0 0 1 1 1 1 0 0 0 0 0 0 0
400	10	 1 0 1 1 0 0 0 1 0 1 1 0 1 0 0 0 0 0 0 0
400	4	 0 0 1 1 1 0 0 0 1 1 1 0 1 0 0 0 0 0 0 0
400	1	 1 1 1 1 0 1 0 1 1 1 1 1 1 0 0 0 0 0 0 0
400	3	 1 1 1 1 0 0 1 0 1 1 1 1 0 0 0 0 0 0 0 0
400	2	 1 1 1 1 0 1 0 0 0 0 1 1 1 0 0 1 0 0 0 0
400	15	 1 0 1 1 0 1 0 1 0 1 1 0 1 1 0 0 0 0 0 0
400	11	 1 0 1 1 0 0 0 0 0 1 1 0 1 1 0 0 1 0 0 0
400	10	 1 1 1 1 0 0 0 0 0 1 1 1 1 0 0 0 0 0 0 0
400	7	 1 1 1 1 0 1 0 1 1 1 1 0 1 0 1 0 0 0 0 1
400	11	 0 0 1 1 0 0 0 0 0 1 1 1 0 0 0 0 0 0 0 0
400	5	 1 0 1 1 0 0 0 0 1 1 1 0 1 0 0 0 0 0 0 0
400	8	 1 0 1 1 0 1 0 0 0 1 1 0 0 0 1 0 0 0 0 0
400	2	 1 0 1 0 0 1 0 0 1 1 1 1 1 0 0 0 0 0 0 0
400	3	 0 1 1 1 1 0 0 0 0 1 1 0 1 1 0 0 0 0 0 0
400	16	 1 0 1 1 1 0 0 0 1 1 1 1 1 0 0 1 0 0 0 0
400	5	 1 1 1 1 0 0 1 0 0 1 1 1 0 0 0 0 0 1 0 0
400	12	 1 0 1 1 0 0 0 0 0 1 1 1 0 0 0 0 0 0 0 0
400	10	 0 0 1 1 1 0 0 0 0 1 1 1 1 0 0 0 0 0 0 0
400	3	 1 1 1 1 0 0 0 0 0 1 1 1 1 0 0 1 0 0 0 0
400	10	 1 0 1 1 0 0 1 1 1 1 1 1 1 0 0 0 0 0 0 0
400	3	 1 0 1 1 1 0 0 0 0 1 1 1 1 0 0 1 0 0 0 1
400	36	 1 0 0 1 0 0 1 1 0 1 1 1 1 0 0 0 0 1 0 0
400	5	 1 1 1 1 0 1 0 1 1 1 1 1 0 1 0 0 0 0 0 0
400	4	 1 0 1 1 0 1 0 0 0 1 1 0 1 0 0 0 0 0 0 0
400	3	 1 0 1 1 0 0 1 1 1 1 1 1 0 0 0 0 0 0 0 0
400	29	 1 0 1 1 0 0 0 0 0 1 1 0 1 1 0 0 0 0 0 0
400	1	 0 0 1 1 1 0 0 0 0 1 1 1 0 0 0 1 0 0 0 0
400	10	 0 0 1 1 0 0 0 0 0 1 1 0 0 0 0 0 0 0 0 1
400	9	 0 1 1 1 1 0 0 0 0 1 1 0 0 1 0 1 0 0 0 0
400	5	 1 1 1 1 1 0 1 0 0 1 1 1 0 0 0 0 0 1 0 0
400	1	 0 0 1 1 0 0 0 0 0 1 1 0 0 0 0 1 0 0 0 0
400	31	 1 0 1 1 1 0 1 0 0 1 1 0 1 0 0 0 0 0 0 0
400	12	 1 1 1 1 0 1 0 1 1 1 1 0 1 0 1 1 0 0 0 1
400	3	 1 0 1 1 0 1 0 0 0 1 1 0 1 0 0 1 0 0 0 0
400	3	 0 0 1 1 0 0 0 0 1 1 1 0 1 1 0 0 0 1 0 0
400	8	 0 0 1 1 1 1 0 0 0 1 1 0 0 0 1 0 0 0 0 0
400	10	 1 1 1 1 0 1 0 1 1 1 1 1 0 0 0 0 0 1 0 0
400	3	 1 0 1 0 0 0 1 0 1 1 1 1 0 0 0 0 0 0 1 0
400	6	 0 0 1 1 1 1 0 0 0 1 1 1 0 0 0 0 0 0 0 0
400	4	 1 0 0 1 0 0 0 0 0 1 1 1 1 0 0 1 0 0 0 0
400	8	 1 0 1 1 0 0 0 0 0 1 1 0 1 0 0 0 1 0 0 0
400	16	 1 1 1 1 1 0 0 0 0 1 1 0 0 0 0 1 0 0 0 1
400	9	 1 0 1 1 0 1 1 0 1 1 1 0 1 0 0 0 0 0 0 0
400	1	 0 1 1 1 0 0 0 1 0 1 1 0 1 1 0 0 0 0 0 1
400	18	 1 0 1 1 0 1 1 0 1 1 0 1 1 0 0 0 0 1 0 1
400	6	 0 0 1 1 0 0 0 0 0 1 1 0 1 1 0 0 0 0 0 0
400	2	 0 1 1 1 1 0 0 0 0 1 1 0 1 0 0 1 0 0 0 0
400	2	 1 0 1 1 0 0 0 0 0 1 0 1 1 0 0 1 0 0 0 0
400	2	 1 0 1 1 0 1 0 0 0 1 1 0 1 0 0 0 0 1 0 0
400	3	 1 0 1 1 0 1 0 0 0 1 1 0 1 0 0 0 0 0 1 0
400	6	 0 0 0 1 0 0 1 1 0 1 1 1 1 0 0 0 0 1 0 0
400	3	 1 1 1 1 0 1 0 1 1 1 1 0 1 0 0 0 0 1 0 0
400	2	 1 0 1 1 0 0 1 0 0 1 1 0 1 0 0 0 0 0 0 1
400	2	 1 0 1 1 0 0 0 0 0 1 1 1 1 1 0 0 1 0 0 0
400	1	 1 1 0 0 0 1 0 1 1 1 1 0 1 0 0 1 1 0 0 0
400	1	 1 0 1 1 0 0 0 0 0 1 1 1 1 0 0 1 0 0 0 1
400	2	 1 0 1 1 0 0 1 1 1 1 1 1 0 0 0 1 0 0 0 0
400	3	 1 0 1 1 0 0 1 0 1 1 1 1 0 0 0 0 0 1 0 0
400	1	 0 0 0 1 0 0 0 0 1 1 1 1 0 0 0 0 1 0 0 0
400	1	 1 1 1 1 0 0 0 0 1 1 1 1 1 0 0 1 0 0 0 0
400	12	 1 1 1 1 1 0 1 0 0 1 1 0 1 0 0 0 0 0 0 0
400	1	 1 0 1 1 1 0 0 0 0 1 1 1 1 0 0 0 0 0 1 0
400	2	 1 0 1 1 0 1 1 0 1 1 1 1 1 0 0 0 0 0 0 0
400	3	 1 0 1 1 1 0 1 0 0 1 1 1 1 0 0 0 0 1 0 0
400	1	 1 0 1 1 0 0 0 0 0 1 1 1 0 0 0 0 1 0 0 0
400	7	 1 0 1 1 0 0 0 0 0 1 1 0 1 0 0 0 0 0 0 1
400	4	 1 0 0 1 0 0 0 0 0 1 1 1 1 0 0 0 0 0 0 0
400	4	 1 0 1 1 0 0 0 0 0 1 1 0 1 0 0 1 0 0 0 1
400	2	 1 0 1 1 0 0 1 0 1 1 1 0 1 0 0 0 0 0 0 0
400	2	 1 0 0 1 0 0 1 1 0 1 1 1 1 1 0 0 0 0 0 0
400	1	 1 0 1 1 1 0 0 0 0 1 1 1 0 0 0 0 0 0 0 0
400	4	 1 0 1 1 0 1 0 0 1 1 1 0 0 1 0 0 0 0 0 1
400	1	 1 1 1 1 0 0 0 0 1 1 1 0 0 0 0 0 0 0 0 0
400	1	 1 1 1 1 0 0 0 0 1 1 0 0 1 0 0 0 0 0 0 0
400	3	 1 0 1 0 0 1 1 0 1 1 1 1 1 0 0 0 0 0 0 0
400	1	 1 0 1 1 0 1 0 0 0 1 1 0 0 0 0 0 0 0 0 1
400	3	 0 0 1 1 0 0 0 0 1 1 1 0 1 1 0 0 0 0 0 0
400	3	 1 1 1 1 1 0 1 0 0 1 1 1 0 0 0 0 0 0 0 0
400	2	 0 0 1 1 0 0 0 0 1 1 0 0 1 1 0 0 1 0 0 0
400	2	 1 1 1 1 0 0 1 0 0 1 1 1 0 0 1 0 0 0 0 0
400	2	 0 0 1 1 0 0 0 0 0 1 1 0 1 1 0 0 1 0 0 0
400	4	 0 0 1 1 0 1 0 1 1 1 1 0 1 0 0 0 0 0 0 0
400	1	 1 0 0 1 1 0 1 1 0 1 1 1 1 0 0 0 0 1 0 0
400	2	 1 0 1 1 1 1 1 0 0 1 1 0 1 0 0 0 0 0 0 0
400	1	 1 1 1 1 0 1 0 1 1 0 1 0 1 0 1 1 0 0 0 1
400	1	 1 1 1 1 1 1 0 0 0 1 1 0 0 0 0 1 0 0 0 1
400	1	 0 0 1 1 0 1 0 0 0 1 1 0 1 1 0 0 0 0 0 0
400	3	 1 0 1 1 0 0 0 0 0 1 0 1 1 0 0 1 0 1 0 0
400	1	 1 0 1 1 0 0 0 0 1 1 1 1 0 0 0 0 0 0 0 0
400	2	 1 0 1 1 0 0 0 0 0 1 1 0 1 0 0 0 0 1 0 0
400	1	 1 0 1 1 0 0 0 0 0 1 1 0 0 0 0 0 0 0 0 1
400	2	 1 0 1 1 1 0 0 0 0 1 1 1 1 0 0 1 0 0 0 0
400	2	 1 1 1 1 0 0 0 0 1 1 1 1 1 0 0 0 0 1 0 0
400	3	 1 0 1 1 0 1 0 0 0 1 1 0 0 0 0 0 1 0 0 0
400	1	 1 0 1 1 0 0 1 0 0 1 1 1 0 0 0 0 0 1 0 0
400	2	 1 0 1 1 0 1 0 1 0 1 1 0 1 1 0 1 0 0 0 0
400	1	 1 0 1 0 0 0 1 0 1 1 1 1 1 0 0 0 0 0 0 0
400	1	 1 1 1 1 0 1 0 1 1 1 1 1 1 1 0 0 0 0 0 0
400	3	 1 1 1 1 0 1 0 1 1 1 1 0 1 0 0 0 1 0 0 0
400	1	 0 0 1 1 1 0 1 0 0 1 1 1 1 1 0 0 0 0 0 0
400	6	 1 1 1 1 0 0 0 0 0 1 1 0 1 0 0 0 0 0 0 0
400	3	 0 0 1 1 0 0 0 0 0 1 1 0 0 0 0 1 0 0 0 1
400	1	 1 1 1 1 0 0 0 0 1 1 1 1 1 0 0 0 0 0 0 0
400	2	 1 0 1 1 0 0 0 0 0 1 1 1 1 0 1 1 0 0 0 0
400	1	 0 1 1 1 1 0 0 0 0 1 1 0 1 1 0 1 0 1 0 0
400	2	 0 0 1 1 1 0 0 0 1 1 1 1 0 0 0 0 1 0 0 0
400	2	 1 0 1 1 0 0 1 0 0 1 0 0 1 0 0 0 0 0 0 0
400	3	 0 0 1 0 1 0 1 0 0 1 1 1 1 0 0 0 0 0 0 0
400	1	 0 0 0 1 1 0 0 0 1 1 1 0 1 0 0 0 0 0 0 0
400	2	 1 1 1 1 0 1 0 1 1 1 0 1 1 0 0 0 0 0 0 0
400	1	 0 1 1 1 0 0 0 0 0 1 1 1 1 0 0 0 0 0 0 0
400	1	 1 0 1 0 0 1 0 0 1 1 1 1 1 0 1 0 0 0 0 0
400	1	 1 0 1 1 1 0 1 0 0 1 1 0 1 0 0 0 0 1 0 0
400	3	 1 1 1 1 0 1 0 1 1 1 1 1 0 0 0 0 0 1 0 1
400	2	 0 1 1 1 0 0 0 1 0 1 1 0 0 1 0 0 0 0 0 1
400	1	 1 1 1 1 0 0 0 0 0 1 1 0 1 0 0 0 0 1 0 0
590	60	 1 1 1 1 0 1 0 1 1 1 1 1 0 0 0 0 0 0 0 0
590	3	 1 1 1 1 0 1 0 1 1 1 1 1 0 1 0 0 0 0 0 0
590	43	 1 1 1 1 0 0 1 0 0 1 1 1 0 0 1 0 0 0 0 0
590	15	 1 1 1 1 0 0 1 0 0 1 1 1 0 0 1 1 0 0 0 0
590	21	 1 1 1 1 0 0 0 0 0 1 1 1 1 0 0 0 0 0 0 0
590	10	 1 1 1 1 0 1 0 1 1 0 0 1 0 1 0 0 0 0 0 0
590	15	 1 1 1 1 0 0 0 0 0 1 1 0 1 0 0 0 0 0 0 0
590	30	 1 1 1 1 0 0 1 0 0 1 1 1 1 0 0 0 0 0 0 0
590	4	 1 1 1 1 0 1 0 0 0 0 0 1 0 1 0 0 0 0 0 0
590	10	 1 1 1 1 1 1 1 1 0 1 1 0 1 0 0 0 0 0 0 0
590	39	 1 1 1 1 0 0 0 0 0 1 1 0 0 1 0 0 0 0 0 0
590	40	 1 1 1 1 0 1 0 1 1 0 0 1 1 1 0 0 0 0 0 0
590	2	 1 1 1 1 0 1 0 1 1 1 1 1 1 0 0 0 0 0 0 0
590	5	 1 1 1 1 0 0 0 1 0 0 1 0 1 0 0 0 0 0 0 0
590	4	 1 0 0 1 0 0 0 1 1 0 1 1 1 0 0 0 0 0 0 0
590	23	 1 1 1 1 0 0 1 0 0 1 1 1 0 1 1 0 0 0 0 0
590	2	 1 1 0 1 0 1 0 1 1 1 1 1 0 0 0 1 0 0 0 0
590	37	 1 1 1 1 0 0 0 1 0 1 1 1 0 1 0 0 0 0 0 0
590	7	 1 1 1 1 1 0 1 0 0 1 1 1 0 0 1 0 0 0 0 1
590	12	 1 1 1 1 0 0 0 0 0 1 1 1 1 0 1 1 0 0 0 0
590	5	 1 1 1 1 0 1 0 1 1 1 1 1 0 1 0 1 0 0 0 0
590	3	 1 1 1 0 0 1 0 1 1 0 0 1 1 1 0 0 0 0 0 0
590	6	 1 1 1 1 0 1 0 0 0 0 0 1 0 1 0 0 0 0 1 0
590	1	 1 1 1 1 0 0 0 0 0 1 1 1 1 0 1 0 0 0 0 0
590	9	 1 1 1 1 0 1 0 1 1 0 0 1 0 0 1 0 0 0 0 0
590	3	 1 1 1 1 1 0 0 1 1 0 0 1 0 1 0 0 0 0 0 0
590	12	 1 1 1 1 0 1 1 0 0 1 1 1 1 0 0 0 0 0 0 0
590	1	 1 1 1 1 0 1 0 0 0 0 0 1 0 1 0 1 0 0 0 0
590	12	 1 0 1 1 0 1 0 1 1 0 0 1 0 1 0 1 0 1 0 0
590	18	 1 1 1 1 0 1 0 1 0 0 1 0 1 0 0 0 0 0 0 0
590	22	 1 0 1 1 0 1 0 1 0 0 1 1 0 0 1 0 0 0 0 0
590	4	 1 1 1 0 1 0 0 1 1 0 0 1 0 0 1 1 0 0 0 0
590	1	 1 1 1 1 1 0 1 1 0 1 1 1 0 1 1 0 0 0 0 0
590	6	 1 1 1 1 0 0 1 0 0 0 1 1 0 0 1 0 0 0 0 0
590	4	 1 1 1 1 0 0 1 0 0 0 1 1 1 0 0 0 0 0 0 0
590	38	 1 1 1 1 0 1 0 1 0 0 0 1 0 1 0 0 0 0 0 0
590	3	 1 1 1 1 0 1 1 0 1 1 0 1 0 1 0 0 0 0 0 0
590	4	 1 0 0 1 0 0 0 1 1 0 1 0 1 1 0 0 0 0 0 0
590	5	 1 1 1 0 0 0 0 1 1 0 0 1 1 1 0 0 0 0 0 0
590	6	 1 1 1 1 0 0 0 0 0 1 1 0 0 1 0 0 0 0 1 0
590	10	 1 1 1 1 0 1 0 1 1 0 0 1 0 0 0 0 0 1 0 1
590	1	 1 0 0 1 0 0 0 0 0 0 1 1 0 0 1 1 0 0 0 0
590	36	 1 1 1 1 1 0 1 0 1 0 1 1 0 1 1 0 0 0 0 0
590	1	 1 1 1 1 0 1 0 0 0 1 1 0 0 1 0 0 0 0 0 0
590	22	 1 1 1 1 0 0 1 0 0 1 1 1 1 1 1 1 0 0 0 0
590	7	 1 1 1 1 0 1 0 1 0 0 1 1 0 0 1 0 0 0 0 0
590	10	 1 1 1 1 0 0 0 0 0 0 1 1 0 1 0 0 0 1 0 0
590	14	 1 1 1 1 0 0 0 0 0 1 1 1 1 1 0 0 0 0 0 0
590	2	 1 1 1 1 0 1 0 1 1 1 0 1 1 1 0 0 0 0 0 0
590	3	 1 1 1 1 1 0 0 0 0 1 1 1 0 0 1 0 0 0 0 0
590	3	 1 1 1 1 0 0 0 1 1 0 0 1 0 0 1 1 0 0 0 0
590	4	 1 1 1 1 0 1 1 0 0 1 1 1 0 1 0 0 0 0 0 0
590	4	 1 0 1 1 0 1 0 1 0 0 1 1 0 1 1 0 0 0 0 0
590	7	 0 1 1 1 0 0 1 0 0 1 1 0 1 0 0 0 0 0 0 0
590	2	 1 1 1 1 0 1 0 1 1 0 1 1 0 0 1 0 0 0 0 0
590	1	 1 1 1 1 0 0 1 0 0 1 1 0 0 0 1 0 0 0 0 0
590	9	 1 1 1 1 0 0 1 0 0 1 1 1 1 1 1 1 1 0 0 0
590	3	 1 0 1 1 0 1 0 1 1 1 1 1 0 0 0 0 0 0 0 0
590	9	 1 1 1 1 0 0 1 0 0 1 1 0 1 1 1 1 0 0 0 0
590	11	 1 1 1 1 0 0 0 0 0 1 1 1 0 0 1 0 0 0 0 0
590	9	 1 1 1 1 0 0 1 0 0 1 1 0 1 0 0 0 0 0 0 0
590	5	 1 1 1 1 0 1 0 1 0 0 0 1 0 1 1 0 0 0 0 0
590	1	 1 1 1 1 0 0 1 0 0 1 1 1 1 0 1 1 1 0 0 1
590	12	 1 1 0 1 0 1 0 1 1 1 1 1 0 0 0 0 0 0 0 0
590	15	 1 1 1 1 0 0 1 0 0 1 1 1 0 0 0 0 0 0 0 0
590	14	 1 1 1 1 0 0 1 0 1 1 1 1 1 0 0 0 0 0 0 0
590	8	 1 1 1 1 1 0 0 0 0 0 1 1 0 0 0 0 0 0 0 0
590	3	 0 1 0 1 0 1 0 1 1 1 1 1 0 0 0 1 0 0 0 0
590	1	 1 1 1 1 0 1 0 1 0 1 0 1 1 1 0 0 0 0 0 0
590	1	 1 1 1 1 1 0 0 0 0 1 1 0 1 0 0 0 0 0 0 0
590	2	 1 1 1 1 0 1 0 1 1 1 1 1 0 0 0 0 0 1 0 0
590	1	 1 0 1 1 0 1 0 1 1 1 1 1 0 1 0 0 0 0 0 0
590	10	 0 1 1 1 0 0 0 0 0 1 1 1 1 0 0 0 0 0 0 0
590	8	 1 1 1 1 0 1 0 0 0 0 0 1 0 1 1 1 0 0 0 1
590	7	 1 1 1 1 0 1 0 1 1 1 1 1 0 0 1 0 0 0 0 0
590	1	 1 0 1 1 0 0 0 0 0 1 1 1 1 0 0 0 0 0 0 0
590	20	 1 1 1 1 0 0 1 1 0 1 1 1 0 1 0 0 0 0 0 0
590	9	 1 1 1 1 0 0 0 1 0 1 1 1 0 1 0 0 0 0 1 0
590	1	 1 1 0 1 0 0 0 1 0 1 1 1 0 1 0 0 0 0 0 0
590	12	 1 1 1 1 1 0 1 0 1 0 1 1 0 1 1 0 0 1 0 0
590	9	 1 1 1 1 0 0 1 0 0 1 1 1 0 0 1 0 0 0 1 0
590	2	 1 1 1 1 0 1 1 0 1 0 0 1 0 1 0 0 0 0 0 0
590	8	 1 1 1 1 0 1 1 0 0 1 1 0 1 0 0 0 0 0 0 0
590	3	 1 1 1 1 0 1 0 1 1 0 1 1 1 1 0 0 0 0 0 0
590	2	 1 1 1 1 0 1 0 0 0 0 0 1 0 0 0 0 0 0 1 0
590	3	 1 1 1 0 1 0 0 0 0 1 1 1 0 0 1 0 0 0 0 0
590	3	 1 0 1 1 0 0 1 0 0 1 1 1 1 0 0 0 0 0 0 0
590	2	 1 1 0 1 0 0 0 0 0 1 1 0 0 1 0 0 0 0 1 0
590	3	 1 1 1 1 1 0 1 0 0 0 1 1 0 0 0 0 0 0 0 0
590	3	 1 1 1 1 0 1 1 0 0 1 1 1 1 1 1 1 0 0 0 0
590	8	 1 1 1 1 0 1 0 1 0 1 1 1 0 1 0 0 0 0 0 0
590	1	 1 1 1 1 0 1 0 0 0 0 1 1 0 0 0 0 0 0 0 0
590	8	 1 0 1 1 0 1 1 1 0 1 1 0 1 0 0 0 0 0 0 0
590	4	 1 1 1 1 0 1 0 1 0 0 0 1 0 1 0 1 0 1 0 0
590	1	 1 1 1 1 0 0 0 1 1 0 0 1 0 0 1 0 0 0 1 0
590	2	 1 1 0 1 0 1 0 1 1 0 0 1 1 1 0 0 0 0 0 0
590	1	 1 1 1 1 0 0 0 1 1 0 0 1 0 0 1 0 0 0 0 0
590	6	 1 1 1 0 0 0 0 0 0 0 1 1 0 1 0 0 0 1 0 0
590	2	 1 1 1 1 0 0 1 0 1 1 1 1 1 0 1 0 0 0 0 0
590	3	 1 1 1 1 0 1 0 1 1 1 1 1 1 1 1 1 0 0 0 0
590	1	 1 1 1 1 0 0 0 1 1 0 1 1 1 0 0 0 0 0 0 0
590	1	 1 1 1 1 0 0 1 0 0 0 1 1 1 1 0 0 0 0 0 0
590	6	 1 1 1 1 0 0 1 0 0 1 1 0 0 0 0 0 0 0 0 0
590	1	 1 1 1 1 0 0 1 0 0 0 1 1 0 0 1 1 0 0 0 0
590	1	 0 1 1 0 0 0 0 0 0 1 1 1 1 0 0 0 0 0 0 0
590	1	 1 1 1 1 0 1 0 0 0 0 0 1 0 1 0 1 0 0 0 1
590	6	 1 1 1 1 0 1 0 1 1 0 0 1 0 0 1 1 0 0 0 0
590	3	 1 1 1 1 0 1 0 1 0 1 1 1 0 0 0 0 0 0 0 0
590	3	 1 1 1 1 0 0 1 0 0 1 1 1 1 0 1 1 0 0 0 0
590	2	 1 1 1 1 0 0 0 1 1 0 0 1 0 1 0 0 0 0 0 0
590	1	 1 0 1 1 0 0 0 0 0 1 1 0 1 0 0 0 0 0 0 0
590	3	 1 1 1 0 0 0 0 0 0 1 1 0 0 1 0 0 0 0 0 0
590	2	 1 1 1 1 0 0 1 0 0 1 1 0 0 1 0 0 0 0 0 0
590	1	 1 1 1 1 0 0 1 0 1 1 1 1 0 1 1 0 0 0 0 0
590	1	 1 1 0 1 0 1 0 1 1 1 1 1 0 0 0 1 0 1 0 0
590	3	 0 1 1 1 0 0 0 1 0 1 1 1 0 1 0 0 0 0 0 0
590	1	 1 1 1 1 0 1 0 1 1 1 1 1 0 1 0 1 0 1 0 0
590	1	 1 1 1 1 0 1 0 0 0 0 0 1 0 1 0 0 0 1 1 0
590	4	 1 0 1 1 1 0 0 1 1 0 0 1 0 1 0 0 0 0 0 0
590	2	 1 1 1 1 0 0 1 0 0 0 0 1 0 0 1 0 0 0 0 0
590	1	 1 0 1 1 0 1 0 1 0 0 0 1 0 1 0 0 0 0 0 0
590	1	 1 1 1 1 0 1 0 1 0 0 0 1 0 1 0 0 0 0 1 0
590	2	 1 1 1 1 0 1 1 0 1 1 0 1 1 1 0 0 0 0 0 0
590	4	 1 1 1 1 0 1 0 1 0 1 1 1 0 1 0 1 0 0 0 0
590	1	 1 1 1 1 1 0 1 0 0 1 1 1 1 0 0 0 0 0 0 0
590	1	 1 1 1 1 1 0 1 0 1 0 1 1 0 0 1 0 0 0 0 0
590	1	 1 1 1 1 0 1 0 1 1 0 0 1 1 0 0 0 0 0 0 0
590	1	 1 1 1 0 0 0 0 1 0 1 1 1 0 1 0 0 0 0 0 0
590	1	 1 1 1 1 0 1 0 1 1 1 1 1 0 0 0 0 0 0 1 0
590	1	 1 1 1 1 0 1 0 1 1 0 0 0 1 1 0 0 0 0 0 0
590	1	 1 0 1 1 0 0 0 1 0 1 1 1 0 1 0 0 0 0 0 0
590	1	 1 1 1 1 1 0 1 0 0 1 0 1 0 0 1 0 0 0 0 1
590	4	 1 0 1 1 0 1 0 1 0 0 0 1 0 0 1 0 0 0 0 0
590	2	 1 1 1 1 0 1 0 1 0 1 0 1 0 1 0 0 0 0 0 0
590	4	 1 1 1 1 0 0 1 0 1 1 1 1 1 0 0 1 0 0 0 0
590	3	 1 1 1 1 0 1 0 0 0 0 0 1 0 1 1 1 0 0 1 1
590	1	 1 1 1 1 0 1 0 1 1 1 1 1 0 0 1 0 1 0 0 0
590	2	 1 1 1 1 0 1 1 0 0 0 0 1 0 1 0 0 0 0 0 0
590	3	 1 0 1 1 0 1 0 1 0 1 1 1 0 1 0 0 0 0 0 0
590	1	 1 1 1 1 0 1 0 1 0 1 1 0 0 1 0 0 0 0 0 0
590	1	 1 1 1 1 0 0 1 0 0 0 0 1 1 1 0 0 0 0 0 0
590	1	 1 1 1 1 0 0 1 0 0 0 1 1 0 0 1 1 1 0 0 0
720	4	 1 1 1 1 0 1 0 1 1 1 1 1 0 0 0 0 0 0 0 0
720	170	 1 1 1 1 0 1 0 1 1 0 0 1 0 0 1 0 0 0 0 0
720	10	 1 1 1 1 0 0 1 0 0 0 1 1 0 0 1 0 0 0 0 0
720	35	 1 1 1 1 0 1 0 1 0 0 0 1 0 1 0 0 0 0 0 0
720	1	 1 1 1 1 0 0 1 1 0 1 1 1 0 1 1 0 0 0 0 0
720	21	 1 1 1 1 0 1 0 1 0 0 0 1 1 1 0 0 0 0 0 0
720	30	 1 1 1 1 0 1 0 1 0 0 0 0 0 1 0 0 0 0 0 0
720	1	 1 1 1 1 0 1 1 0 0 0 1 1 0 0 1 0 0 0 0 0
720	52	 1 1 1 1 0 1 0 1 1 0 0 1 0 1 0 0 0 0 0 0
720	19	 1 1 1 1 0 1 0 1 0 0 0 1 0 0 1 0 0 0 0 0
720	7	 1 1 1 1 0 1 0 1 1 0 0 1 1 0 1 0 0 0 0 0
720	27	 1 1 1 1 1 1 0 1 0 0 0 1 0 1 0 0 0 0 0 0
720	95	 1 1 1 1 0 0 0 1 1 0 0 1 0 0 1 0 0 0 0 0
720	24	 1 1 1 1 1 1 0 1 1 0 0 1 0 1 0 0 0 0 0 0
720	4	 1 1 1 1 0 0 1 1 0 1 1 1 0 0 1 0 0 0 0 0
720	10	 1 1 1 1 0 0 1 1 0 0 0 1 0 0 1 0 0 0 0 0
720	9	 1 1 1 1 0 0 1 0 0 0 0 1 0 0 0 0 0 0 0 0
720	9	 1 0 1 1 0 1 0 1 0 0 0 0 0 1 0 0 0 0 0 0
720	6	 1 1 1 1 0 1 0 1 0 0 0 0 0 0 0 0 0 0 0 0
720	11	 1 0 1 1 0 1 0 1 1 0 0 1 0 0 1 0 0 0 0 0
720	1	 1 1 1 1 0 1 0 0 1 0 0 1 0 0 1 0 0 0 0 0
720	29	 1 1 1 1 0 1 1 1 0 0 0 0 0 1 0 0 0 0 0 0
720	15	 1 1 1 1 0 1 0 1 1 1 0 1 0 0 0 0 0 0 0 0
720	6	 1 1 0 1 0 1 0 1 0 0 0 0 0 1 0 0 0 0 0 0
720	9	 1 1 1 1 0 1 1 1 0 0 0 1 0 0 1 0 1 0 0 0
720	6	 1 1 1 1 0 1 0 1 1 1 0 1 0 1 0 0 0 0 0 0
720	7	 1 1 1 1 1 1 0 1 0 0 0 1 0 0 0 0 0 0 0 0
720	15	 1 1 1 1 1 1 0 1 1 0 0 1 0 0 1 1 0 0 0 0
720	9	 1 1 0 1 0 1 0 1 0 0 0 1 0 1 0 0 0 0 0 0
720	13	 0 1 1 1 0 1 0 1 1 0 0 1 0 0 1 0 0 0 0 0
720	4	 1 1 1 1 0 0 1 0 0 1 1 1 1 0 1 0 0 1 0 0
720	4	 1 1 0 1 0 1 0 1 1 0 0 1 0 0 1 0 0 0 0 0
720	1	 1 1 1 0 0 1 0 1 1 1 0 1 0 1 1 0 0 0 0 0
720	27	 1 1 1 1 0 0 1 0 0 0 0 1 0 0 1 0 1 0 0 0
720	9	 1 1 1 1 0 1 0 1 1 0 0 1 0 0 1 1 0 0 0 0
720	2	 1 1 1 1 0 1 0 1 0 0 0 1 0 0 1 0 0 0 0 1
720	26	 1 1 1 1 0 1 0 1 1 0 0 1 0 0 0 0 0 0 0 0
720	1	 1 1 1 1 0 0 1 0 1 1 1 1 0 0 1 0 0 1 0 0
720	1	 1 1 1 1 0 0 0 0 0 1 1 1 0 0 1 0 0 0 0 0
720	2	 1 1 1 1 1 0 0 1 1 0 1 1 0 0 0 0 0 0 0 0
720	4	 1 1 0 1 0 1 0 1 0 0 0 1 0 1 0 0 0 0 0 1
720	6	 1 1 1 0 0 1 0 1 1 0 0 1 0 0 1 0 0 0 0 0
720	11	 1 1 1 1 0 0 1 1 0 0 0 1 0 0 0 0 0 0 0 0
720	5	 1 1 1 1 0 1 0 1 1 0 0 1 0 0 1 0 0 0 1 0
720	12	 1 1 1 0 0 1 0 1 0 0 0 0 0 1 0 0 0 0 0 0
720	4	 1 1 1 1 0 1 0 1 1 1 0 1 0 0 0 0 0 0 1 0
720	8	 1 1 1 1 0 1 0 1 1 0 0 1 0 0 0 0 0 0 0 1
720	10	 1 1 1 1 1 0 1 0 0 0 1 1 0 0 1 0 0 0 0 0
720	4	 1 1 1 1 0 1 1 1 0 0 0 1 0 1 0 0 0 0 0 0
720	5	 1 1 1 1 0 1 0 1 0 0 0 0 1 1 0 0 0 0 0 0
720	1	 1 1 1 1 0 1 0 1 1 0 0 1 0 1 0 1 0 0 0 0
720	8	 1 1 1 1 1 1 0 1 1 0 0 1 1 1 0 0 0 0 0 0
720	2	 1 1 1 1 1 1 0 1 1 1 0 1 0 0 0 0 0 0 0 0
720	13	 1 1 1 1 0 1 0 1 1 0 0 1 0 1 1 1 0 0 0 0
720	12	 1 1 1 1 0 1 1 1 0 1 0 0 0 1 0 0 0 0 0 0
720	8	 1 1 1 1 0 1 0 1 1 1 1 1 0 0 0 0 1 0 0 0
720	3	 1 1 1 1 0 1 0 1 1 0 0 0 0 1 0 0 0 0 0 0
720	1	 1 1 1 1 0 0 1 1 0 0 0 1 1 0 1 0 0 0 0 0
720	6	 1 1 1 1 0 1 0 1 0 0 0 1 0 0 0 0 0 0 0 0
720	3	 1 1 1 1 0 1 0 1 1 1 1 1 1 1 1 0 0 0 0 0
720	1	 1 1 1 0 0 1 0 1 0 0 0 1 0 1 0 0 0 0 0 0
720	12	 1 1 1 1 0 1 1 1 0 0 0 1 0 0 1 0 0 0 0 0
720	3	 1 1 1 1 1 1 0 1 0 1 0 1 0 1 0 0 0 0 0 0
720	3	 1 1 1 1 1 1 0 1 0 0 0 0 0 1 0 0 0 0 0 0
720	4	 1 1 1 1 0 0 1 0 0 0 1 1 1 0 1 0 0 0 0 0
720	5	 1 1 1 1 1 1 0 1 0 0 0 0 0 1 0 0 0 1 0 0
720	5	 1 1 1 1 1 1 0 1 1 0 0 1 0 0 1 0 0 0 0 0
720	3	 1 1 1 1 1 1 0 1 1 0 0 1 0 0 0 0 0 0 0 0
720	2	 1 1 1 1 0 1 1 1 1 0 0 1 0 0 1 1 0 0 0 0
720	4	 1 1 1 1 0 1 0 1 1 0 0 1 0 0 1 0 1 0 0 0
720	3	 1 1 1 1 0 0 0 1 1 0 0 1 0 0 1 0 0 1 0 0
720	1	 1 1 1 1 0 1 0 1 1 0 0 1 0 0 0 1 0 0 0 0
720	9	 1 1 0 1 0 1 0 1 0 0 0 1 1 1 0 0 0 0 0 0
720	2	 1 1 1 1 0 1 0 1 0 0 0 1 1 1 0 0 0 1 0 0
720	1	 1 1 1 1 0 0 0 1 1 0 0 1 0 0 1 1 0 0 0 0
720	1	 1 1 1 0 0 0 1 1 0 0 0 1 0 0 1 0 0 0 0 0
720	10	 1 1 1 1 0 1 0 1 1 1 0 1 0 0 0 0 0 1 0 0
720	1	 0 1 1 1 1 1 0 1 1 0 0 1 0 0 1 0 0 0 0 0
720	2	 1 1 1 1 0 1 0 1 1 0 1 1 0 0 1 0 0 0 0 0
720	11	 1 1 1 1 0 1 0 1 0 0 0 1 0 1 0 0 0 0 1 0
720	2	 1 1 1 1 0 0 0 1 1 0 0 1 0 1 1 0 0 0 0 0
720	1	 0 1 1 1 1 1 0 1 1 0 0 1 0 1 0 0 0 0 0 0
720	4	 1 1 1 1 1 1 0 1 1 0 1 1 0 1 0 0 0 0 0 0
720	2	 0 1 1 1 0 1 0 1 1 0 0 1 0 0 0 0 0 0 0 1
720	2	 1 1 1 1 0 0 0 1 0 1 1 1 1 0 1 0 0 0 0 0
720	7	 1 1 1 1 0 0 0 1 0 0 0 1 0 1 0 0 0 0 0 1
720	1	 1 1 1 1 0 1 1 1 1 0 0 1 0 0 1 0 0 0 0 0
720	4	 1 1 1 1 0 1 0 1 0 0 0 0 0 1 0 0 0 1 1 0
720	2	 0 1 1 1 0 1 0 1 0 0 0 0 0 0 0 0 0 0 0 0
720	6	 1 1 1 1 0 1 1 1 0 0 0 0 0 1 0 0 1 0 0 0
720	3	 1 1 1 1 0 1 0 0 1 1 0 1 0 1 0 0 0 0 0 0
720	1	 1 1 0 1 1 1 0 1 1 0 0 1 0 0 1 0 0 0 0 0
720	1	 1 1 1 1 0 1 0 1 1 0 1 1 0 0 1 1 0 0 0 0
720	1	 1 1 0 1 0 1 0 1 1 0 0 1 0 0 1 0 0 0 1 0
720	1	 1 1 1 1 0 1 0 1 1 0 1 1 0 0 0 1 0 0 0 0
720	1	 1 1 1 1 0 1 0 1 0 0 0 1 0 1 1 1 0 0 0 0
720	5	 1 1 1 1 0 1 0 1 1 0 0 0 0 1 0 0 0 0 1 0
720	1	 1 1 1 1 1 1 0 1 0 0 0 1 0 0 1 0 0 0 0 0
720	1	 1 1 1 1 0 1 0 1 0 0 0 1 0 1 1 0 0 0 0 0
720	1	 1 1 1 1 0 0 0 1 1 0 0 1 0 1 0 0 0 0 0 0
720	2	 1 1 1 1 1 1 0 1 1 1 0 1 0 1 0 0 0 0 0 0
720	2	 1 1 1 1 1 1 0 1 1 0 0 1 0 1 0 0 1 0 0 0
720	1	 1 1 0 1 0 1 0 1 0 0 0 0 0 1 0 0 0 0 0 1
720	1	 0 1 1 0 0 1 0 1 1 0 0 1 0 0 1 0 0 0 0 0
720	2	 1 1 1 0 0 1 0 1 1 0 0 1 0 0 0 0 0 0 0 1
720	2	 1 1 1 0 0 1 0 1 1 1 1 1 0 0 0 0 1 0 0 0
720	1	 1 1 1 0 0 0 1 0 0 0 1 1 1 0 1 0 0 0 0 0
720	1	 1 1 1 1 0 1 0 0 1 1 0 1 0 0 0 0 0 1 0 0
880	87	 1 1 1 1 0 1 0 1 0 0 0 1 0 1 0 0 0 0 0 0
880	96	 1 1 1 1 0 1 0 1 1 0 0 1 0 0 0 0 0 0 0 0
880	9	 1 1 1 1 1 1 0 1 0 0 0 0 0 1 0 0 0 0 0 0
880	2	 1 1 1 1 0 1 0 1 0 0 0 1 1 1 0 0 0 0 0 0
880	4	 1 0 1 1 0 1 0 1 0 0 0 1 0 1 0 0 0 0 0 0
880	4	 1 1 1 1 0 1 0 1 0 0 0 1 0 0 1 0 0 0 0 0
880	7	 1 1 1 1 1 1 1 1 0 0 0 0 0 1 0 0 0 0 0 0
880	55	 1 1 1 1 0 1 0 1 0 0 0 1 0 0 0 0 0 0 0 0
880	18	 1 1 1 1 1 0 1 1 1 0 0 0 0 1 0 0 0 0 0 0
880	4	 1 1 1 1 1 0 0 1 0 0 0 1 0 1 0 0 0 0 0 0
880	8	 1 1 1 1 0 1 0 1 0 0 0 1 0 1 1 0 0 0 0 0
880	14	 1 0 1 1 1 1 0 1 0 0 0 0 0 1 0 0 0 1 0 0
880	3	 1 1 1 0 0 1 0 1 0 0 0 1 1 1 0 0 0 0 0 0
880	2	 0 1 1 1 0 1 0 1 1 0 0 1 0 0 0 0 0 0 0 1
880	50	 1 1 1 1 0 1 0 1 1 0 0 1 0 1 0 0 0 0 0 0
880	14	 1 1 1 1 0 0 0 1 0 0 0 0 0 0 0 0 1 0 0 1
880	8	 1 1 1 0 0 1 0 1 0 1 0 1 1 1 0 0 0 0 0 0
880	10	 1 0 1 1 0 0 0 1 1 0 0 1 0 0 1 1 0 0 0 0
880	2	 1 1 1 1 1 1 1 1 0 0 0 0 0 1 1 1 0 0 0 0
880	48	 1 1 1 1 1 1 0 1 0 0 0 1 0 1 0 0 0 0 0 0
880	9	 1 1 1 1 1 1 0 1 1 0 0 0 0 1 0 0 0 0 0 0
880	8	 1 0 1 1 0 1 0 1 0 1 0 1 0 0 1 0 0 0 0 0
880	4	 0 1 0 1 0 1 0 1 1 0 0 1 0 0 0 0 0 0 0 0
880	10	 1 1 1 1 1 1 0 1 0 0 0 0 0 0 0 0 0 0 0 0
880	3	 1 1 1 0 1 1 0 1 0 0 0 0 0 1 1 1 0 0 0 0
880	2	 1 1 1 1 0 1 0 0 0 0 0 0 0 1 0 0 0 0 0 0
880	28	 1 1 1 1 0 0 0 0 0 0 0 1 0 1 0 0 0 0 0 0
880	17	 1 1 1 0 1 1 0 1 0 0 0 0 0 1 1 1 0 0 0 1
880	3	 1 0 1 1 0 1 0 1 0 0 0 1 0 1 1 0 0 0 0 0
880	17	 1 1 1 1 1 1 0 1 0 0 1 0 0 1 1 1 0 0 0 0
880	13	 0 1 0 1 0 1 0 1 1 0 0 1 0 0 0 0 0 0 0 1
880	23	 1 1 1 1 1 1 0 1 1 0 0 1 0 1 0 0 0 0 0 0
880	23	 1 1 1 0 1 0 0 0 1 1 0 0 1 0 0 0 0 0 0 0
880	3	 1 1 0 1 0 0 0 1 0 0 0 0 0 0 1 0 0 0 1 0
880	5	 1 1 1 1 0 1 0 1 0 0 0 1 0 1 0 0 0 0 0 1
880	35	 1 1 1 1 0 1 0 1 1 0 0 0 0 1 0 0 0 0 0 0
880	2	 1 0 1 1 1 0 0 1 1 0 0 1 0 1 1 1 0 0 0 0
880	6	 0 1 1 0 1 1 0 1 0 0 0 0 0 1 1 1 0 0 0 0
880	3	 1 1 1 1 1 1 0 1 0 0 0 0 1 0 0 0 0 0 0 0
880	2	 1 1 1 1 0 1 0 1 0 0 0 0 0 1 0 0 0 0 0 0
880	28	 1 1 1 0 1 1 0 1 1 0 0 1 0 0 0 0 0 0 1 0
880	11	 1 1 1 1 0 1 0 0 0 0 0 0 1 1 1 1 0 0 0 0
880	26	 1 1 1 0 1 1 0 1 0 0 0 1 0 1 0 0 0 0 0 0
880	19	 1 1 0 1 1 1 0 1 0 0 0 0 0 0 0 0 0 0 0 0
880	7	 1 1 1 0 1 1 0 1 1 0 0 1 0 1 0 0 0 0 0 0
880	20	 1 1 1 1 0 1 0 0 1 0 0 1 0 1 0 0 0 0 0 0
880	11	 1 1 1 1 0 1 0 1 1 0 0 0 0 1 0 0 1 0 0 0
880	14	 1 1 1 0 0 1 0 1 0 0 0 1 1 1 0 0 0 0 0 1
880	4	 1 0 1 1 1 1 0 1 1 0 0 1 0 1 1 1 0 0 0 0
880	12	 1 1 1 1 0 1 0 0 0 0 0 1 0 1 0 0 0 0 1 0
880	5	 0 1 1 1 1 0 0 1 0 0 0 1 0 1 0 0 0 0 0 0
880	1	 1 1 1 1 1 1 0 1 0 0 0 1 1 1 0 0 0 0 0 0
880	2	 1 1 1 0 0 1 0 1 0 0 0 1 1 1 0 0 0 0 1 1
880	4	 1 1 1 1 1 1 0 1 0 0 1 1 0 0 0 0 0 0 0 0
880	1	 1 1 1 1 0 1 0 1 1 0 1 1 0 0 1 0 0 0 0 0
880	6	 1 1 1 1 0 1 0 1 1 0 0 1 0 0 0 0 1 0 0 0
880	2	 1 1 1 1 0 1 0 1 0 0 0 1 1 1 1 0 0 0 0 0
880	1	 1 1 1 0 1 1 0 1 0 0 0 1 0 1 1 1 0 0 0 0
880	4	 1 1 1 0 1 1 0 1 0 0 0 1 0 1 1 1 0 0 0 1
880	1	 1 1 0 1 0 1 0 1 1 1 1 1 0 0 1 0 0 0 0 0
880	3	 1 0 1 1 1 1 0 1 0 0 0 0 0 1 0 0 0 0 0 0
880	5	 0 1 0 1 1 1 0 1 0 0 0 1 0 1 0 0 0 0 0 0
880	1	 1 1 1 1 0 1 0 1 0 1 0 1 1 1 0 0 0 0 0 0
880	3	 1 1 1 1 1 1 1 0 0 0 0 0 0 1 0 0 0 0 0 0
880	4	 1 1 1 0 0 1 0 1 1 0 0 1 0 1 0 0 0 0 0 0
880	4	 1 1 1 0 1 1 0 1 1 0 0 1 1 0 1 0 0 1 0 0
880	1	 1 1 1 1 0 1 0 1 1 0 0 1 0 0 1 0 1 0 0 0
880	6	 0 1 1 1 0 1 0 1 0 0 0 0 0 1 0 0 0 0 0 0
880	2	 1 0 1 1 1 1 0 0 0 0 0 0 0 1 0 0 0 1 0 1
880	2	 1 1 1 1 0 1 0 1 1 0 1 1 0 1 1 0 0 0 0 0
880	1	 1 0 1 1 1 1 0 1 0 0 0 0 0 0 0 0 0 0 0 0
880	3	 1 0 1 1 0 1 0 1 0 1 0 1 0 0 1 0 0 0 0 1
880	2	 1 1 1 1 0 1 0 1 0 0 0 1 0 0 0 0 1 0 0 0
880	4	 1 0 1 1 0 1 0 1 0 0 0 0 0 0 0 0 0 0 0 0
880	4	 1 1 1 1 0 1 0 0 0 0 0 0 0 1 0 0 0 0 0 1
880	3	 1 1 1 1 0 1 0 1 0 0 0 1 1 1 0 0 0 0 0 1
880	2	 0 1 0 1 0 1 0 1 1 0 0 1 0 0 0 0 0 0 1 0
880	1	 1 1 1 1 0 1 0 1 0 0 0 0 0 1 1 1 0 0 0 1
880	10	 1 1 1 1 0 0 0 1 1 0 0 1 0 0 0 0 0 0 0 0
880	1	 0 1 1 1 1 1 0 1 1 0 0 1 0 0 0 0 0 0 0 1
880	1	 1 1 1 1 0 1 0 1 1 1 0 1 0 1 0 0 0 0 0 0
880	5	 1 0 1 0 0 1 0 1 0 1 0 1 1 1 0 0 0 0 0 0
880	4	 1 1 1 1 1 1 0 1 0 0 0 0 0 0 0 0 0 0 1 0
880	1	 0 1 0 1 0 1 0 1 1 0 0 1 0 1 0 0 0 0 0 1
880	1	 1 1 0 1 1 1 0 1 1 0 0 0 0 0 0 0 0 0 0 0
880	3	 1 1 1 1 0 1 0 1 1 0 0 1 0 0 0 0 0 0 1 0
880	6	 1 1 1 1 1 0 0 1 0 0 0 1 0 0 1 1 0 0 0 0
880	2	 1 1 0 1 1 1 0 1 0 0 0 0 0 1 0 0 0 0 0 0
880	3	 1 1 1 1 0 1 0 0 1 0 0 1 0 0 0 0 0 0 0 0
880	3	 0 1 1 1 0 1 0 1 1 0 0 1 0 1 0 0 0 0 0 0
880	1	 1 1 1 1 1 1 0 1 0 0 0 1 0 1 1 0 0 0 0 0
880	3	 1 1 1 0 1 0 0 0 1 1 0 1 1 0 0 0 0 0 0 0
880	1	 0 1 1 0 1 1 0 1 0 0 0 0 0 1 1 1 0 1 0 0
880	5	 1 1 1 0 0 1 0 1 1 0 0 1 0 0 0 0 0 0 1 0
880	4	 1 1 1 1 0 1 0 1 1 0 0 0 0 1 0 0 1 0 0 1
880	1	 0 1 1 1 0 0 0 1 0 0 1 1 0 0 1 0 1 1 0 0
880	11	 1 1 1 1 0 1 0 1 1 0 0 1 1 0 1 0 1 0 0 0
880	2	 0 1 1 1 0 0 0 1 0 0 0 0 0 1 0 0 0 0 0 0
880	2	 1 1 1 1 0 1 0 1 0 0 0 1 0 0 0 0 0 0 0 1
880	3	 1 1 1 0 1 0 0 0 1 1 0 0 0 1 0 0 0 1 0 0
880	2	 1 1 1 0 1 1 0 1 1 0 0 1 0 0 0 0 0 0 0 0
880	2	 1 0 1 1 0 1 0 1 1 0 0 1 0 1 0 0 0 0 0 0
880	1	 1 1 1 1 0 1 0 1 1 0 0 1 0 0 1 0 0 0 0 0
880	4	 1 1 1 1 1 1 0 1 0 0 0 1 0 1 0 0 0 0 1 0
880	1	 1 1 1 1 0 1 0 1 1 0 0 0 0 1 0 0 0 1 0 0
880	1	 1 1 1 0 1 1 0 1 1 0 1 1 0 1 0 0 0 0 0 0
880	2	 1 1 1 1 0 1 0 1 1 1 0 0 0 1 0 0 1 0 0 0
880	1	 1 0 1 0 1 1 0 1 0 0 0 0 0 1 1 1 0 0 0 0
880	1	 1 1 1 1 0 1 0 1 1 0 0 1 0 1 0 0 0 0 1 0
880	2	 1 1 1 1 0 1 0 0 0 0 0 1 0 0 0 0 0 0 0 0
880	1	 0 1 0 1 1 1 0 1 0 0 1 0 0 1 1 1 0 0 0 0
880	2	 1 1 1 1 0 1 0 1 0 0 0 0 0 0 0 0 0 0 0 0
880	1	 1 1 1 1 0 1 0 1 1 0 0 1 0 0 0 0 0 0 0 1
880	1	 1 1 1 1 0 0 0 1 0 0 0 1 0 1 0 0 0 0 0 0
880	2	 1 1 1 1 1 1 0 1 0 0 0 1 0 0 0 0 0 0 0 0
880	2	 1 0 1 1 0 0 0 1 1 0 0 1 1 0 1 1 0 0 0 0
880	1	 1 1 1 1 0 1 0 0 0 0 0 0 0 1 0 0 0 0 1 0
880	1	 1 1 0 1 1 1 0 1 0 0 1 0 0 1 1 1 0 0 0 0
880	4	 1 1 1 0 1 0 0 0 1 1 0 0 0 0 0 0 0 0 0 0
880	2	 0 1 0 1 0 1 0 1 0 0 0 0 0 1 0 0 0 0 0 0
880	2	 1 1 1 1 0 1 0 0 0 0 0 0 0 1 1 1 0 0 0 1
1000	9	 1 1 1 1 0 1 0 1 0 0 0 1 0 1 0 0 0 0 0 0
1000	21	 1 1 1 1 0 1 0 1 1 0 0 1 0 0 0 0 0 0 0 0
1000	18	 1 1 1 1 1 1 0 1 0 0 0 1 0 1 0 0 0 0 0 0
1000	9	 1 1 1 1 0 1 0 0 0 0 0 0 0 1 1 1 0 0 0 1
1000	45	 1 1 1 1 1 1 0 1 0 0 0 1 0 0 0 0 0 0 0 0
1000	3	 1 1 1 1 0 1 0 1 0 0 0 0 0 1 1 1 0 0 0 0
1000	16	 1 1 1 1 0 1 0 1 1 0 0 1 0 0 0 1 0 0 0 0
1000	26	 1 1 1 1 1 1 0 0 0 0 0 1 0 1 0 0 0 0 0 0
1000	9	 1 1 1 1 1 1 0 0 1 0 0 0 0 1 0 0 0 0 0 0
1000	9	 1 1 1 1 1 1 0 0 1 0 0 1 0 0 0 0 0 0 0 0
1000	3	 1 1 1 1 0 1 0 1 1 1 0 1 0 0 0 0 0 0 0 0
1000	28	 1 1 1 1 0 0 0 1 0 0 0 1 0 0 0 0 0 0 0 0
1000	35	 1 1 1 1 0 1 1 1 1 0 0 0 1 1 0 0 0 0 0 0
1000	34	 1 1 1 1 0 1 0 1 0 0 0 1 0 0 1 0 0 1 0 0
1000	20	 1 1 1 1 0 1 0 1 0 0 0 1 0 0 0 1 0 0 0 0
1000	18	 1 1 1 1 0 1 0 1 1 0 0 0 0 1 1 0 0 0 0 0
1000	14	 1 1 1 1 0 1 0 1 1 0 0 1 0 0 1 0 0 0 0 1
1000	12	 1 0 1 1 0 1 0 1 1 0 0 1 0 0 0 0 0 0 0 0
1000	15	 1 1 1 1 1 1 0 0 1 0 0 0 0 0 0 0 0 0 0 0
1000	5	 1 1 0 1 1 1 0 1 1 0 0 1 0 0 0 0 0 0 0 0
1000	8	 1 1 1 1 1 1 0 1 1 0 0 1 1 1 0 0 0 0 0 0
1000	7	 1 1 1 1 0 1 0 1 1 0 0 1 1 0 0 0 0 0 0 1
1000	4	 1 1 1 1 1 1 0 0 1 0 0 0 0 1 0 0 1 0 0 0
1000	6	 1 1 1 1 0 1 0 0 1 0 0 1 0 1 1 0 0 0 0 0
1000	6	 1 1 1 1 1 1 0 1 0 0 1 1 0 0 0 0 0 0 0 0
1000	11	 1 1 1 1 1 0 0 1 0 0 0 1 0 0 0 0 0 0 0 0
1000	23	 1 1 0 1 0 1 0 1 0 0 0 1 0 1 0 0 0 0 0 0
1000	7	 1 1 1 1 0 1 0 0 0 0 0 1 1 1 0 0 0 0 0 0
1000	1	 1 1 1 0 0 1 0 1 0 0 0 1 0 0 1 0 0 1 0 0
1000	23	 1 1 1 1 0 1 0 1 0 0 0 1 0 0 0 0 1 0 0 0
1000	12	 1 1 1 1 1 1 0 1 0 0 0 1 1 1 0 0 0 0 0 0
1000	25	 1 1 1 1 0 1 1 1 1 0 0 1 0 0 0 1 0 0 0 0
1000	9	 0 1 1 1 1 1 0 0 1 0 0 1 0 0 0 0 0 0 0 1
1000	3	 1 1 1 1 0 1 0 1 1 0 0 1 0 0 0 0 0 1 0 0
1000	18	 1 1 1 1 0 1 0 1 1 0 0 0 0 0 1 0 0 0 0 1
1000	23	 1 0 1 1 1 1 0 1 1 0 0 1 0 0 0 0 0 0 0 0
1000	14	 1 1 1 1 0 1 0 1 1 0 0 1 0 1 1 0 0 0 0 0
1000	3	 1 1 1 1 0 1 0 1 1 0 0 1 0 0 0 1 1 0 0 0
1000	9	 1 1 1 1 0 1 0 1 1 0 0 1 1 0 0 0 1 0 0 0
1000	5	 1 1 1 1 1 1 0 1 1 0 0 1 1 1 0 0 0 1 0 0
1000	4	 1 1 1 1 0 1 0 0 0 0 0 0 0 0 1 1 0 0 0 0
1000	6	 1 1 1 1 1 1 0 1 1 0 0 1 1 1 1 0 0 0 0 0
1000	16	 1 1 1 1 1 0 0 1 1 0 0 1 0 0 0 0 1 0 0 0
1000	2	 1 1 1 1 0 1 0 1 1 1 0 0 0 0 1 0 0 0 0 0
1000	28	 1 1 1 1 0 1 0 0 0 0 0 0 0 0 1 0 0 0 0 0
1000	26	 1 1 1 1 0 1 0 1 0 0 0 0 0 1 1 0 0 0 0 0
1000	8	 1 1 1 0 0 1 1 1 1 0 0 0 0 1 0 0 0 0 0 1
1000	7	 1 1 1 0 0 1 0 1 1 0 0 1 0 0 0 0 0 0 0 0
1000	12	 1 0 1 1 0 1 0 1 0 0 0 1 0 1 1 1 0 0 0 0
1000	4	 1 1 1 1 1 1 1 1 0 0 0 1 0 0 0 1 0 0 0 0
1000	5	 1 1 1 1 1 1 0 0 0 0 0 1 0 0 0 0 0 0 0 0
1000	1	 1 1 0 1 0 1 0 1 0 0 0 1 0 1 1 1 0 0 0 0
1000	4	 1 1 1 0 0 1 1 1 1 0 0 0 0 1 0 0 0 0 0 0
1000	7	 1 1 1 1 0 1 0 1 1 0 0 1 1 1 0 0 0 0 0 1
1000	4	 1 1 1 1 1 1 0 0 0 0 0 1 0 1 1 0 0 0 0 0
1000	17	 1 1 1 1 1 1 0 1 0 0 0 0 0 0 0 0 0 0 0 0
1000	6	 1 1 1 1 0 0 0 1 1 0 0 1 0 0 0 1 0 0 0 0
1000	3	 1 1 1 1 1 1 0 0 1 0 0 0 0 1 1 1 0 0 0 1
1000	4	 1 1 1 1 1 0 0 1 0 0 0 1 0 0 0 0 0 1 0 0
1000	1	 1 1 0 1 0 1 1 1 0 0 0 1 0 1 0 0 0 0 0 0
1000	8	 1 1 0 1 0 1 0 1 0 0 1 1 0 0 0 0 0 0 0 1
1000	3	 1 1 1 1 0 1 1 1 1 0 0 0 0 0 1 1 0 0 0 1
1000	8	 0 1 1 1 0 1 0 1 0 0 0 1 0 0 0 1 0 0 0 0
1000	3	 1 1 1 1 0 1 0 1 1 0 0 1 1 1 0 0 0 0 0 0
1000	1	 1 0 1 1 0 1 0 1 0 0 0 0 0 1 1 0 0 0 0 0
1000	7	 1 1 1 1 0 1 0 1 0 0 0 1 0 1 0 1 0 0 0 0
1000	1	 1 0 1 1 1 1 0 0 1 0 0 0 0 1 1 1 0 0 0 1
1000	14	 1 1 0 1 1 1 0 1 0 0 0 1 0 0 0 0 0 0 0 0
1000	1	 1 1 1 1 0 1 0 1 0 0 0 1 0 0 1 0 0 1 1 0
1000	2	 1 1 1 1 1 1 0 0 1 0 0 0 0 0 0 0 0 1 0 0
1000	7	 1 1 1 0 1 1 0 1 0 0 0 0 0 0 0 0 0 0 0 0
1000	16	 1 1 1 1 1 1 0 1 0 0 0 1 0 0 0 0 1 0 0 0
1000	1	 1 1 1 1 0 1 0 1 1 0 0 0 0 1 1 0 1 0 0 0
1000	1	 1 1 1 1 0 1 0 0 1 0 0 0 0 1 0 0 0 0 0 0
1000	2	 1 1 1 1 0 1 0 1 0 0 0 1 0 0 1 0 1 0 0 0
1000	1	 1 1 1 0 0 1 0 1 1 0 0 0 0 1 1 0 0 0 0 0
1000	5	 1 1 1 1 1 1 0 1 1 0 0 0 0 1 0 0 0 0 0 0
1000	18	 1 1 1 1 0 0 0 1 0 0 0 1 0 1 0 0 0 0 0 0
1000	6	 1 1 1 0 0 1 1 0 1 0 0 0 0 1 0 0 0 0 0 0
1000	2	 1 1 1 1 0 1 0 1 0 0 0 1 0 0 1 0 1 1 0 0
1000	3	 1 1 1 0 0 0 0 1 0 0 0 1 0 0 0 0 1 0 0 0
1000	6	 1 1 1 1 1 1 0 1 1 0 0 1 1 0 0 0 0 1 0 0
1000	2	 1 1 1 1 1 1 0 0 0 0 0 1 0 0 0 1 0 0 0 0
1000	1	 1 1 0 1 0 1 0 1 0 0 1 1 0 1 0 0 0 0 0 1
1000	9	 1 1 1 1 0 1 0 1 1 0 0 1 0 0 0 0 1 0 0 0
1000	4	 1 1 1 1 1 1 0 0 0 0 0 1 0 1 0 0 0 0 1 0
1000	1	 1 1 1 1 0 1 1 1 1 0 0 1 0 0 0 1 0 1 0 0
1000	5	 1 1 1 0 0 1 0 1 1 0 0 0 0 1 0 0 0 0 0 0
1000	3	 1 1 1 0 0 1 1 0 1 0 0 0 0 1 0 0 0 1 0 0
1000	2	 1 1 1 1 0 0 0 1 0 0 0 1 0 0 0 0 1 0 0 0
1000	2	 1 1 1 1 0 1 0 0 0 0 0 0 0 1 1 1 0 0 0 0
1000	5	 1 1 1 1 0 1 0 1 0 0 0 0 0 1 0 0 0 0 0 0
1000	1	 0 1 1 1 0 1 0 1 1 0 0 0 0 1 1 0 0 0 0 0
1000	9	 1 1 1 1 0 1 0 1 1 0 0 1 0 1 0 0 0 0 0 0
1000	2	 1 1 1 1 0 1 1 1 1 0 0 1 0 0 0 0 0 0 0 0
1000	4	 1 1 1 1 0 0 0 1 0 0 0 1 0 0 0 0 0 1 0 0
1000	2	 1 1 1 1 0 1 0 1 0 0 0 1 1 0 1 0 0 1 0 0
1000	2	 1 1 1 1 1 1 0 0 1 0 0 1 1 1 0 0 0 0 0 0
1000	1	 1 1 1 1 1 1 0 1 1 0 0 0 0 0 0 0 0 0 0 0
1000	4	 1 0 1 1 0 1 0 1 0 1 0 0 0 1 1 0 0 0 0 0
1000	2	 1 1 1 0 1 1 0 0 1 0 0 0 0 0 0 0 0 1 0 0
1000	2	 1 1 1 1 1 0 0 1 1 0 0 0 0 0 0 1 0 0 0 0
1000	8	 1 1 1 1 0 1 0 1 0 0 0 1 0 0 0 0 0 0 0 0
1000	8	 1 0 1 1 0 1 1 1 1 0 0 1 0 0 0 1 0 0 0 0
1000	2	 1 1 1 1 1 0 0 1 0 0 0 1 0 0 1 0 0 0 0 0
1000	1	 1 1 1 1 1 0 0 1 0 0 0 0 0 1 1 0 0 0 0 0
1000	2	 1 1 1 1 0 1 0 1 1 0 0 1 0 0 0 0 0 0 0 1
1000	1	 1 0 1 1 1 1 0 1 0 0 0 1 0 0 0 0 0 0 0 0
1000	2	 1 1 1 0 0 1 0 1 0 0 0 0 0 1 1 1 0 0 0 0
1000	2	 1 1 1 1 1 1 0 1 1 0 0 1 0 0 0 1 0 0 0 0
1000	1	 1 1 1 1 1 1 0 1 0 0 0 1 0 0 1 0 0 1 0 0
1000	3	 1 1 1 1 0 1 0 1 1 0 0 1 0 0 1 0 1 0 0 1
1000	4	 1 1 1 1 0 1 0 1 1 1 0 0 0 0 1 0 0 0 0 1
1000	2	 1 0 1 1 1 1 0 1 1 0 0 1 0 1 0 0 0 0 0 0
1000	2	 1 1 1 0 0 1 0 1 1 0 0 1 0 0 0 0 1 0 0 0
1000	2	 1 1 1 1 0 1 1 1 1 0 0 0 0 0 1 1 0 0 0 0
1000	1	 1 1 1 1 1 1 0 1 0 0 0 1 0 0 1 0 1 0 0 0
1000	2	 1 0 1 1 1 1 0 0 0 0 0 1 0 0 0 1 0 0 0 0
1000	2	 1 1 1 1 1 1 0 0 0 0 0 1 1 0 0 1 0 0 0 0
1000	4	 1 1 1 1 1 1 0 1 0 0 0 1 0 1 1 0 0 0 0 0
1000	2	 1 0 1 1 0 1 0 1 1 0 0 0 0 1 1 0 0 0 0 0
1000	2	 1 1 1 1 0 1 0 0 0 0 0 1 1 1 0 0 0 1 0 0
1000	1	 1 0 1 1 0 1 0 1 0 0 0 1 1 1 1 0 0 0 0 0
1000	1	 1 1 1 1 1 1 0 1 0 0 0 1 0 0 1 0 0 0 0 0
1000	4	 1 1 1 1 0 1 0 1 0 0 0 1 0 0 0 1 0 0 0 1
1000	3	 1 1 1 1 0 1 0 1 0 0 1 1 0 0 0 0 1 0 0 0
1000	1	 1 1 1 1 0 1 0 0 0 1 0 0 0 0 1 1 0 0 0 1
1000	2	 1 1 1 1 0 1 0 1 1 1 1 0 0 0 1 0 0 0 0 0
1000	3	 1 1 1 1 0 0 0 1 1 0 0 1 0 1 0 1 0 0 0 0
1000	3	 1 1 1 1 0 1 0 1 1 0 0 1 0 0 1 0 0 1 1 0
1000	2	 1 1 1 1 0 1 0 0 1 0 0 0 0 0 0 0 0 0 0 0
1000	3	 1 1 1 1 1 1 0 1 1 0 0 1 1 0 0 0 0 0 0 1
1000	1	 1 1 1 1 1 0 0 0 1 0 0 0 0 1 0 0 0 1 0 0
1000	1	 1 1 1 1 1 1 1 0 0 0 0 1 0 1 0 0 0 0 0 0
1000	1	 1 1 1 1 0 1 0 1 0 0 1 1 0 0 0 1 0 0 0 0
1000	1	 1 1 1 1 0 1 0 0 0 0 0 1 1 1 0 0 0 0 1 0
1000	3	 1 1 1 1 0 1 0 1 1 0 1 0 0 0 1 0 0 0 0 1
1000	2	 1 1 1 1 1 1 0 1 1 0 0 1 0 0 0 0 0 0 0 0
1000	1	 1 1 1 1 1 1 0 1 1 0 0 1 1 1 0 0 0 1 0 1
1000	1	 1 1 1 1 0 0 0 0 0 0 0 0 0 0 1 0 0 0 0 0
1000	1	 1 1 0 1 1 1 0 1 0 0 0 1 0 0 0 0 1 0 0 0
1000	1	 1 1 1 1 1 1 0 1 1 0 0 0 0 1 0 0 1 0 0 0
1000	1	 1 0 1 1 1 1 0 1 1 0 0 1 0 1 0 0 0 1 0 0
