0	250	 0 0 0 0 0 0 0 0 0 0 0 0 0 1 0 0 0 0 1 0
0	250	 0 0 0 1 0 0 1 0 0 0 0 0 0 0 0 0 0 0 0 0
0	250	 0 0 0 0 0 0 0 0 0 1 0 0 0 0 0 0 0 0 0 0
0	250	 1 0 0 1 1 0 0 1 0 0 0 0 1 0 0 0 0 0 0 0
10	100	 0 0 0 0 0 0 0 0 0 0 0 0 0 1 0 0 0 0 1 0
10	110	 0 0 0 1 0 0 1 0 0 0 0 0 0 0 0 0 0 0 0 0
10	313	 0 0 0 0 0 0 0 0 0 1 0 0 0 0 0 0 0 0 0 0
10	251	 1 0 0 1 1 0 0 1 0 0 0 0 1 0 0 0 0 0 0 0
10	2	 0 0 0 1 0 0 0 0 0 0 0 0 0 1 0 0 0 0 1 0
10	8	 1 0 0 1 1 0 0 1 0 0 0 0 0 0 0 0 0 0 0 0
10	2	 0 0 0 0 0 0 0 0 0 1 0 0 0 0 0 0 1 0 0 0
10	5	 1 0 0 1 1 0 0 0 0 0 0 0 0 1 0 0 0 0 1 0
10	6	 0 0 0 1 0 0 0 0 0 0 0 0 0 0 0 0 0 0 0 0
10	9	 1 0 0 1 1 0 0 1 0 0 1 0 1 0 0 0 0 0 0 0
10	6	 0 0 0 1 1 0 1 0 0 1 0 0 0 0 0 0 0 0 0 0
10	12	 1 0 0 1 0 0 1 0 0 0 0 0 0 0 0 0 0 0 0 0
10	1	 0 0 0 0 0 0 0 0 1 1 0 0 0 0 0 0 0 0 0 0
10	7	 0 0 0 0 0 0 0 1 0 1 0 0 0 0 0 0 0 0 0 0
10	3	 1 0 0 1 1 0 0 1 0 0 0 0 1 0 0 0 0 1 0 0
10	5	 1 1 0 1 1 0 0 1 0 0 0 0 1 0 0 0 0 0 0 0
10	15	 1 0 0 1 1 0 0 0 0 0 0 0 1 0 0 0 0 0 0 0
10	2	 0 0 0 0 0 0 0 1 0 0 0 0 1 0 0 0 0 0 0 0
10	5	 0 0 0 1 1 0 0 1 0 0 0 0 1 0 0 0 0 0 0 0
10	2	 1 0 0 1 0 0 0 0 0 1 0 0 0 0 0 0 0 0 0 0
10	4	 0 0 1 0 0 0 0 0 0 0 0 0 0 1 0 0 0 0 1 0
10	8	 0 0 0 0 0 0 0 0 0 0 0 0 0 1 0 0 0 0 1 1
10	8	 0 0 0 0 0 0 0 0 0 1 1 0 0 0 0 0 0 0 0 0
10	2	 1 0 0 1 1 0 0 1 0 0 0 0 1 0 0 0 1 0 0 0
10	4	 0 0 0 0 1 0 0 1 0 0 0 0 1 0 0 0 0 0 0 0
10	4	 0 0 0 0 0 0 0 0 1 0 0 0 0 1 0 0 0 0 1 0
10	7	 0 0 1 0 0 0 0 0 0 1 0 0 0 0 0 0 0 0 0 0
10	9	 0 0 0 0 0 0 1 0 0 1 0 0 0 0 0 0 0 0 0 0
10	5	 0 0 0 0 0 0 0 0 0 1 0 0 0 1 0 0 0 0 0 0
10	5	 0 0 0 0 0 0 0 0 0 0 0 0 0 0 0 0 0 0 0 0
10	1	 1 0 0 1 1 0 0 1 0 0 0 0 1 1 0 0 0 0 1 0
10	8	 0 0 0 0 0 0 1 0 0 0 0 0 0 1 0 0 0 0 1 0
10	6	 1 0 0 1 1 1 0 1 0 0 0 0 1 0 0 0 0 0 0 0
10	2	 0 0 0 1 0 0 1 0 0 0 1 0 0 0 0 0 0 0 0 0
10	5	 0 0 0 1 0 0 1 0 0 1 0 0 0 0 0 0 0 0 0 0
10	8	 1 0 0 0 0 0 0 0 0 1 0 0 0 0 0 0 0 0 0 0
10	1	 0 0 0 0 1 0 0 0 0 1 0 0 0 0 0 0 0 0 0 0
10	2	 1 0 0 1 1 0 0 1 0 0 0 0 1 0 0 0 0 0 0 1
10	3	 1 0 0 1 0 0 0 1 0 0 0 0 1 0 0 0 0 0 0 0
10	4	 1 0 0 1 1 0 0 0 0 1 0 0 0 0 0 0 0 0 0 0
10	1	 1 0 0 0 0 0 0 0 0 0 0 0 0 1 0 0 0 0 1 0
10	1	 0 0 0 1 0 0 1 0 0 0 0 0 0 0 0 0 0 0 1 0
10	1	 0 0 0 0 0 0 0 0 0 1 0 0 0 0 0 0 0 0 1 0
10	3	 1 0 0 0 1 0 0 1 0 0 0 0 1 0 0 0 0 0 0 0
10	9	 1 0 0 1 1 0 0 1 0 0 0 0 1 0 1 0 0 0 0 0
10	1	 0 0 0 1 0 0 0 0 0 0 0 0 0 0 0 0 1 0 0 0
10	1	 1 0 0 1 1 0 0 1 0 1 0 0 0 0 0 0 0 0 0 0
10	2	 0 0 0 0 0 0 1 0 0 1 0 0 0 0 0 0 0 0 1 0
10	1	 1 0 0 1 1 0 1 0 0 0 0 0 0 0 0 0 0 0 0 0
10	3	 0 0 0 0 0 0 0 0 0 0 0 0 0 0 0 0 0 0 1 0
10	1	 0 0 0 0 0 0 0 0 0 0 0 0 0 1 0 0 1 0 1 0
10	3	 0 0 0 0 0 1 0 0 0 0 0 0 0 1 0 0 0 0 1 0
10	4	 0 0 0 0 0 0 0 0 0 1 0 0 0 0 0 0 0 1 0 0
10	1	 0 0 0 1 0 0 0 1 0 0 1 0 1 0 0 0 0 0 0 0
10	1	 1 0 0 1 1 0 0 1 0 0 0 0 0 1 0 0 0 0 1 0
10	1	 0 1 0 0 0 0 0 0 0 0 0 0 0 1 0 0 0 0 1 0
10	1	 0 0 0 1 0 0 1 0 0 0 0 0 1 0 0 0 0 0 0 0
10	1	 0 0 0 1 0 0 0 0 0 1 0 0 0 0 0 0 0 0 0 0
10	1	 1 0 0 1 1 0 1 1 0 0 0 0 1 0 0 0 0 0 0 0
10	1	 1 0 1 1 1 0 0 1 0 0 0 0 1 0 0 0 0 0 0 0
10	2	 1 0 0 1 1 0 0 1 0 0 0 0 1 1 0 0 0 0 0 0
25	20	 0 0 0 0 0 0 0 0 0 0 0 0 0 1 0 0 0 0 1 0
25	19	 0 0 0 1 0 0 1 0 0 0 0 0 0 0 0 0 0 0 0 0
25	324	 0 0 0 0 0 0 0 0 0 1 0 0 0 0 0 0 0 0 0 0
25	226	 1 0 0 1 1 0 0 1 0 0 0 0 1 0 0 0 0 0 0 0
25	7	 1 0 0 1 1 0 0 1 0 0 0 0 0 0 0 0 0 0 0 0
25	1	 0 0 0 1 0 0 0 0 0 0 0 0 0 0 0 0 0 0 0 0
25	21	 1 0 0 1 1 0 0 1 0 0 1 0 1 0 0 0 0 0 0 0
25	8	 0 0 0 1 1 0 1 0 0 1 0 0 0 0 0 0 0 0 0 0
25	8	 1 0 0 1 0 0 1 0 0 0 0 0 0 0 0 0 0 0 0 0
25	3	 0 0 0 0 0 0 0 1 0 1 0 0 0 0 0 0 0 0 0 0
25	7	 1 0 0 1 1 0 0 0 0 0 0 0 1 0 0 0 0 0 0 0
25	1	 0 0 0 0 0 0 0 1 0 0 0 0 1 0 0 0 0 0 0 0
25	28	 0 0 0 1 1 0 0 1 0 0 0 0 1 0 0 0 0 0 0 0
25	16	 1 0 0 1 0 0 0 0 0 1 0 0 0 0 0 0 0 0 0 0
25	9	 0 0 0 0 0 0 0 0 0 0 0 0 0 1 0 0 0 0 1 1
25	10	 0 0 0 0 0 0 0 0 0 1 1 0 0 0 0 0 0 0 0 0
25	5	 0 0 0 0 1 0 0 1 0 0 0 0 1 0 0 0 0 0 0 0
25	2	 0 0 0 0 0 0 0 0 1 0 0 0 0 1 0 0 0 0 1 0
25	2	 0 0 1 0 0 0 0 0 0 1 0 0 0 0 0 0 0 0 0 0
25	5	 0 0 0 0 0 0 1 0 0 1 0 0 0 0 0 0 0 0 0 0
25	13	 0 0 0 0 0 0 0 0 0 0 0 0 0 0 0 0 0 0 0 0
25	12	 1 0 0 1 1 0 0 1 0 0 0 0 1 1 0 0 0 0 1 0
25	3	 0 0 0 0 0 0 1 0 0 0 0 0 0 1 0 0 0 0 1 0
25	21	 1 0 0 0 0 0 0 0 0 1 0 0 0 0 0 0 0 0 0 0
25	14	 1 0 0 1 1 0 0 0 0 1 0 0 0 0 0 0 0 0 0 0
25	4	 1 0 0 0 0 0 0 0 0 0 0 0 0 1 0 0 0 0 1 0
25	9	 1 0 0 1 1 0 0 1 0 0 0 0 1 0 1 0 0 0 0 0
25	6	 1 0 0 1 1 0 0 1 0 1 0 0 0 0 0 0 0 0 0 0
25	3	 0 0 0 0 0 0 1 0 0 1 0 0 0 0 0 0 0 0 1 0
25	14	 1 0 1 1 1 0 0 1 0 0 0 0 1 0 0 0 0 0 0 0
25	2	 0 0 0 0 0 0 0 0 0 0 0 0 1 0 0 0 0 0 0 0
25	2	 0 0 0 0 0 0 0 0 0 0 0 0 0 1 0 1 0 0 1 1
25	4	 0 0 0 0 0 0 0 0 0 1 0 0 0 0 0 0 0 0 1 0
25	6	 0 0 0 0 1 0 0 1 0 0 0 0 0 0 0 0 0 0 0 0
25	2	 1 0 0 1 0 0 1 0 0 0 0 0 0 1 0 0 0 0 1 0
25	6	 0 0 0 1 0 0 0 0 0 0 0 0 0 1 0 0 0 0 1 0
25	4	 1 0 0 1 1 1 0 1 0 0 0 0 1 0 0 0 1 0 0 0
25	1	 1 0 0 1 0 0 0 1 0 0 0 0 1 0 0 0 0 0 0 0
25	25	 1 1 0 1 1 0 0 1 0 0 0 0 1 0 0 0 0 0 0 0
25	7	 0 0 1 0 0 0 0 0 0 1 1 0 0 0 0 0 0 0 0 0
25	3	 0 0 0 0 0 0 0 0 0 0 1 0 0 1 0 0 0 0 1 0
25	4	 1 0 0 1 1 1 0 1 0 0 0 0 1 0 0 0 0 0 0 0
25	5	 0 0 0 0 0 0 0 0 0 1 0 0 0 0 1 0 0 0 0 0
25	3	 0 0 0 1 0 0 1 0 0 0 0 0 1 0 0 0 0 0 0 0
25	10	 0 0 0 0 0 0 0 0 0 1 0 0 0 0 0 1 0 0 0 0
25	9	 0 0 0 0 0 0 0 0 1 0 0 0 0 0 0 0 0 0 1 0
25	1	 0 0 0 0 0 0 0 1 0 0 0 0 1 0 1 0 0 0 0 0
25	3	 0 0 0 0 0 0 0 0 0 1 0 0 0 1 0 0 0 0 1 0
25	4	 0 0 0 0 0 0 0 1 0 1 0 0 0 0 0 0 1 0 0 0
25	1	 0 0 0 1 1 0 0 1 0 0 0 0 1 1 0 0 0 0 1 0
25	3	 0 0 0 1 1 0 0 1 0 0 0 0 0 0 0 0 0 0 0 0
25	2	 0 0 0 0 0 1 0 0 0 0 0 0 0 1 0 0 0 0 1 0
25	4	 1 0 0 1 1 0 0 1 1 0 0 0 1 0 0 0 0 0 0 0
25	8	 1 0 1 1 1 0 0 1 0 0 1 0 1 0 0 0 0 0 0 0
25	2	 0 0 0 1 1 0 0 1 0 0 0 0 1 0 0 0 0 0 0 1
25	2	 1 0 0 1 1 0 0 1 0 0 0 0 1 1 1 0 0 0 0 0
25	2	 0 1 0 0 0 0 1 0 0 1 0 0 0 0 0 0 0 0 1 0
25	1	 0 0 0 0 0 0 1 0 0 1 1 0 0 0 0 0 0 0 0 0
25	1	 0 0 0 0 0 0 0 1 0 1 0 0 0 0 0 0 0 0 0 1
25	1	 0 0 0 0 0 0 0 0 0 1 0 0 1 0 0 0 0 0 0 0
25	2	 0 0 0 0 0 0 1 0 0 0 0 0 0 0 0 0 0 0 0 0
25	2	 0 0 0 1 0 0 1 0 0 0 0 0 0 0 0 0 1 0 0 0
25	1	 0 0 0 0 0 0 0 0 0 1 0 0 0 1 0 0 0 0 0 0
25	2	 1 0 0 1 1 0 0 1 0 0 0 0 1 0 0 0 0 1 0 0
25	4	 0 0 0 1 1 0 0 0 0 0 0 0 1 0 0 0 0 0 0 0
25	1	 1 0 0 0 0 0 0 1 0 0 0 0 0 1 0 0 0 0 1 0
25	2	 1 0 0 1 0 0 1 0 0 0 1 0 0 1 0 0 0 0 1 0
25	4	 1 0 0 0 0 0 0 0 0 1 0 0 0 1 0 0 0 0 0 0
25	5	 0 0 0 1 1 0 0 1 0 0 0 0 0 0 0 1 0 0 0 0
25	1	 0 1 0 0 0 0 1 0 0 1 0 0 0 0 0 0 0 1 0 0
25	1	 1 0 0 1 1 0 0 1 0 0 0 0 1 0 0 0 0 0 0 1
25	1	 1 0 0 1 0 0 1 0 0 0 0 0 0 0 0 0 0 0 1 0
25	5	 1 0 0 1 0 0 0 0 0 1 0 0 1 0 0 0 0 0 0 0
25	2	 0 0 0 0 0 1 1 0 0 1 1 0 0 0 0 0 0 0 0 0
25	7	 0 0 0 0 0 0 0 0 0 1 1 0 0 1 0 0 0 0 0 0
25	1	 0 0 0 0 0 0 0 0 1 1 0 0 0 0 0 0 0 0 0 0
25	2	 0 0 0 0 0 0 0 0 0 1 0 0 0 0 0 0 0 1 0 0
25	1	 1 0 0 1 1 0 0 1 0 0 0 0 1 1 0 0 0 0 0 0
25	1	 1 0 0 1 0 0 1 0 1 0 0 0 0 0 0 0 0 0 0 0
25	1	 1 0 0 1 0 0 0 0 0 1 0 0 0 0 0 0 0 0 1 0
25	2	 1 0 0 1 1 0 1 0 0 1 0 0 0 0 0 0 0 0 0 0
25	3	 1 0 0 0 0 0 0 0 0 1 1 0 0 0 0 1 0 0 0 0
70	45	 0 0 0 0 0 0 0 0 0 1 0 0 0 0 0 0 0 0 0 0
70	103	 1 0 0 1 1 0 0 1 0 0 0 0 1 0 0 0 0 0 0 0
70	37	 1 0 0 1 1 0 0 1 0 0 1 0 1 0 0 0 0 0 0 0
70	33	 0 0 0 1 1 0 1 0 0 1 0 0 0 0 0 0 0 0 0 0
70	20	 0 0 0 1 1 0 0 1 0 0 0 0 1 0 0 0 0 0 0 0
70	2	 1 0 0 1 0 0 0 0 0 1 0 0 0 0 0 0 0 0 0 0
70	10	 0 0 0 0 0 0 0 0 0 1 1 0 0 0 0 0 0 0 0 0
70	59	 1 0 1 1 1 0 0 1 0 0 0 0 1 0 0 0 0 0 0 0
70	3	 1 1 0 1 1 0 0 1 0 0 0 0 1 0 0 0 0 0 0 0
70	7	 0 0 0 0 0 0 0 1 0 1 0 0 0 0 0 0 1 0 0 0
70	18	 1 0 0 1 1 0 0 1 1 0 0 0 1 0 0 0 0 0 0 0
70	15	 1 0 1 1 1 0 0 1 0 0 1 0 1 0 0 0 0 0 0 0
70	28	 0 0 0 0 0 0 0 0 0 1 0 0 1 0 0 0 0 0 0 0
70	21	 1 0 0 1 0 0 0 0 0 1 0 0 1 0 0 0 0 0 0 0
70	11	 0 0 0 0 0 0 0 0 0 1 0 1 0 0 0 0 0 0 0 0
70	14	 1 1 0 1 1 0 0 1 0 1 0 0 1 0 0 0 0 0 0 0
70	5	 1 0 0 1 1 0 0 0 0 1 0 0 0 0 1 0 0 0 0 0
70	9	 1 1 0 1 0 0 0 0 0 1 0 0 0 0 0 0 0 0 0 0
70	16	 1 1 0 1 1 0 1 1 0 0 0 0 1 0 0 0 0 0 0 0
70	16	 0 0 1 0 0 0 0 0 0 1 0 0 0 0 0 0 0 0 0 1
70	16	 0 1 0 1 1 0 0 1 0 0 0 0 1 0 0 0 0 0 0 0
70	5	 1 1 0 1 1 1 0 1 0 1 0 0 1 0 0 0 0 0 0 0
70	10	 1 1 0 1 0 0 0 0 0 1 0 0 0 0 0 0 1 0 0 0
70	18	 0 1 0 0 0 0 0 0 0 1 1 0 1 0 0 0 0 0 0 0
70	5	 1 1 0 1 1 0 0 1 0 1 0 0 1 1 0 0 0 0 0 0
70	8	 0 0 0 1 1 0 0 1 0 1 0 0 0 0 0 0 0 0 0 0
70	22	 0 0 0 0 1 0 1 0 0 1 0 0 0 0 0 0 0 0 0 0
70	40	 0 0 1 0 0 0 0 0 0 1 0 0 1 0 0 0 0 0 0 0
70	9	 0 0 0 1 1 1 0 1 0 0 0 0 1 0 0 0 0 0 0 0
70	12	 0 0 0 0 0 0 1 0 0 1 0 0 0 0 0 0 0 0 0 1
70	4	 0 0 0 0 0 0 0 0 0 1 0 1 0 0 0 0 1 0 0 0
70	9	 0 0 1 0 0 0 0 0 0 1 0 0 0 0 0 0 0 0 0 0
70	21	 1 0 0 1 1 0 1 0 0 1 0 0 0 0 0 0 0 0 0 0
70	3	 1 0 1 1 1 0 0 1 0 0 1 0 1 0 0 1 0 0 0 0
70	2	 1 0 0 1 1 0 0 1 0 0 1 0 1 0 0 0 0 0 1 0
70	9	 1 0 0 0 1 0 0 1 0 0 0 0 1 0 0 0 0 0 0 0
70	35	 0 1 0 0 0 0 0 0 0 1 0 1 0 0 0 0 0 0 0 0
70	6	 1 0 1 1 1 0 0 1 0 0 1 0 1 0 0 0 0 0 1 0
70	11	 0 0 0 0 0 0 0 0 0 1 1 0 1 0 0 0 0 0 0 0
70	7	 1 1 0 1 1 0 1 1 0 1 0 0 1 0 0 0 0 0 0 0
70	7	 0 0 0 0 0 0 1 0 0 1 0 0 0 0 0 0 0 0 0 0
70	1	 1 0 0 1 1 0 1 0 0 1 0 0 0 0 0 0 0 0 0 1
70	3	 0 0 0 1 1 0 1 0 0 1 0 0 0 0 0 0 0 1 0 0
70	4	 1 0 1 1 1 0 0 1 0 0 0 1 1 0 0 0 0 0 0 0
70	8	 1 0 0 1 1 0 1 0 0 1 0 0 0 1 0 0 0 0 0 0
70	2	 1 0 0 1 1 0 0 0 0 0 0 0 1 0 0 0 0 0 0 0
70	1	 1 0 0 1 1 0 0 1 0 0 0 0 1 0 1 0 0 0 0 0
70	2	 1 0 0 0 1 0 1 0 0 1 0 0 0 0 0 0 0 0 0 0
70	6	 0 0 0 1 1 0 0 1 0 1 0 0 1 0 0 0 0 0 0 0
70	9	 0 0 0 0 0 0 0 0 0 1 0 1 0 0 0 0 0 0 0 1
70	6	 1 0 0 1 1 0 0 1 0 0 1 0 1 0 0 0 1 0 0 0
70	2	 0 1 0 0 0 1 0 0 0 1 1 0 1 0 0 0 0 0 0 0
70	5	 0 0 1 1 1 1 0 1 0 0 1 0 1 0 0 1 0 0 0 0
70	2	 1 0 0 1 1 0 1 1 1 0 0 0 1 0 0 0 0 0 0 1
70	5	 1 1 0 1 0 0 0 0 0 1 1 0 0 0 0 0 0 0 0 0
70	2	 0 0 0 0 0 0 0 0 0 1 0 1 1 0 0 0 0 0 1 0
70	2	 1 0 0 0 0 0 0 0 0 1 0 0 0 0 0 0 0 0 0 0
70	2	 1 0 1 1 1 0 0 1 1 0 0 0 1 0 0 0 0 0 0 0
70	17	 1 1 0 1 0 0 0 1 0 1 0 0 0 0 0 0 0 0 0 0
70	1	 1 1 1 1 1 0 0 1 0 0 0 0 1 0 0 0 0 1 0 0
70	10	 1 1 0 1 1 0 0 0 0 0 0 0 0 0 1 0 0 0 0 0
70	2	 0 0 0 0 0 0 0 0 0 1 0 0 0 0 0 0 0 1 0 0
70	2	 1 0 0 1 1 0 0 1 1 0 0 1 1 0 0 0 0 0 0 0
70	8	 0 1 0 1 1 0 0 1 0 0 0 0 1 1 0 0 0 0 0 0
70	5	 1 0 0 1 1 0 0 0 0 0 0 0 1 0 0 1 0 0 0 0
70	3	 0 0 0 0 0 0 0 0 0 1 0 1 1 1 0 0 0 0 1 0
70	2	 0 0 0 0 0 0 0 0 0 1 0 1 1 0 0 0 0 0 0 0
70	1	 1 1 0 1 0 1 0 1 0 1 0 0 1 0 0 0 0 0 0 0
70	3	 0 0 1 0 1 0 1 0 0 1 0 0 0 0 0 0 0 0 0 0
70	13	 1 0 0 1 1 0 1 0 0 0 0 0 0 0 0 0 0 0 0 0
70	7	 1 1 0 0 0 0 0 0 0 1 1 0 0 0 0 0 0 0 0 0
70	2	 1 0 0 0 0 0 0 0 0 1 0 1 1 0 0 0 0 0 1 0
70	5	 1 0 0 1 1 0 0 1 0 1 0 1 1 1 0 0 0 0 1 0
70	7	 1 0 0 1 1 0 0 1 0 0 0 0 1 0 0 0 0 0 0 1
70	3	 1 0 0 1 1 1 0 1 0 0 0 0 1 0 0 0 0 0 0 0
70	9	 1 0 0 1 1 0 1 1 0 0 0 0 1 0 0 0 0 0 0 0
70	3	 0 0 0 0 0 0 1 0 0 1 0 0 0 1 0 0 0 0 0 0
70	1	 0 0 0 0 1 0 0 0 0 1 0 0 1 0 0 0 0 0 0 0
70	1	 1 1 0 1 1 0 1 0 0 1 0 0 1 0 0 0 0 0 0 0
70	7	 0 1 0 1 1 0 1 0 0 1 0 0 0 0 0 0 0 1 0 0
70	4	 0 0 0 1 1 0 1 1 0 1 0 0 1 0 0 0 0 0 0 0
70	3	 1 0 0 1 0 0 0 0 0 1 0 1 0 0 0 0 0 0 0 0
70	2	 1 0 0 1 1 0 0 1 0 0 0 0 1 0 0 0 1 0 0 0
70	2	 1 0 1 1 1 0 0 1 0 1 0 0 1 0 0 0 0 0 0 0
70	4	 1 1 0 1 1 0 1 1 0 1 0 0 1 0 0 0 0 1 0 0
70	11	 1 0 0 1 0 0 0 0 0 1 0 0 0 0 0 0 1 0 0 0
70	1	 0 0 0 1 1 0 1 0 0 1 0 0 1 0 0 0 0 0 0 0
70	4	 1 1 0 1 1 0 0 1 0 1 0 0 0 0 0 0 0 0 0 0
70	5	 0 1 0 0 0 0 0 0 0 1 0 0 0 0 0 0 0 0 0 0
70	2	 0 0 0 0 1 0 0 0 0 1 0 0 0 0 0 0 0 0 0 0
70	1	 0 0 1 0 0 0 0 0 0 0 0 0 1 0 0 0 0 0 0 0
70	3	 0 0 1 0 0 0 0 0 0 0 0 0 0 0 0 0 0 0 0 0
70	1	 0 1 0 0 0 0 0 0 0 1 0 1 0 0 0 0 0 0 0 1
70	1	 0 0 0 0 0 0 0 0 1 1 0 1 1 0 0 0 0 0 1 0
70	1	 1 0 1 1 1 0 1 0 0 1 0 0 0 1 0 0 0 0 0 0
70	1	 1 1 0 1 0 0 0 0 0 1 0 0 0 0 0 1 0 0 0 0
70	4	 1 1 0 1 1 0 1 0 0 1 0 0 0 0 0 0 0 0 0 0
70	3	 0 0 1 0 1 0 0 1 0 0 0 0 1 0 0 0 0 0 0 0
70	1	 1 0 0 1 1 0 0 1 0 0 1 0 1 0 0 0 0 0 0 1
70	2	 0 0 1 1 1 0 0 1 0 0 0 0 1 0 0 0 0 0 0 0
70	3	 1 0 1 0 1 0 0 1 0 0 1 0 1 0 0 0 0 0 0 0
70	4	 1 0 0 0 0 0 0 0 0 1 0 1 0 0 0 0 0 0 0 0
70	1	 0 0 1 0 0 0 0 0 0 1 0 0 0 0 0 0 0 0 1 1
70	2	 1 0 1 1 1 0 1 0 0 1 0 0 0 0 0 0 0 0 0 0
70	2	 1 1 0 1 1 0 1 1 0 1 0 0 1 0 0 0 0 0 0 1
70	2	 0 0 0 0 0 0 1 1 0 1 0 0 0 0 0 0 0 0 0 0
70	3	 1 0 0 1 1 0 0 0 0 0 0 0 1 1 0 1 0 0 0 0
70	2	 1 1 0 1 0 0 0 1 0 1 0 0 1 0 0 0 0 0 0 0
70	1	 0 0 0 0 1 0 1 0 0 0 0 0 0 0 0 0 0 0 0 0
70	1	 1 1 0 1 0 0 0 0 0 1 0 1 0 0 0 0 0 0 0 0
70	1	 0 0 0 0 0 0 0 1 0 0 0 0 1 0 1 0 0 0 0 0
70	1	 1 0 0 1 1 0 1 1 0 0 0 0 0 0 0 0 0 0 0 0
70	1	 1 1 0 1 1 0 0 0 0 1 0 0 0 0 0 0 0 0 0 0
70	1	 1 0 1 1 1 0 0 1 0 0 0 0 1 0 0 1 0 0 0 0
70	2	 1 0 1 1 1 0 0 1 0 0 1 0 1 0 0 0 1 0 0 0
70	2	 0 0 1 0 0 0 0 0 0 1 0 1 1 0 0 0 0 0 0 0
70	1	 0 0 1 0 0 0 0 0 0 1 0 0 1 1 0 0 0 0 0 0
70	1	 0 0 1 0 0 0 0 0 0 1 0 0 0 0 0 1 0 0 0 0
70	1	 0 1 0 0 0 0 0 0 0 1 0 1 0 0 1 0 0 0 0 0
70	1	 1 0 0 1 1 0 1 0 0 1 0 0 0 1 0 0 0 1 0 0
70	1	 1 0 0 1 1 0 1 0 0 0 0 0 0 1 0 0 0 0 0 0
70	1	 1 0 0 1 1 0 1 1 0 1 0 0 1 0 0 0 0 1 0 0
70	2	 1 0 0 1 0 0 1 1 0 0 0 0 1 0 0 0 0 0 0 0
70	2	 1 0 0 1 0 0 0 1 0 0 0 0 1 0 0 0 0 0 0 1
135	1	 1 0 0 1 1 0 0 0 0 1 0 0 0 0 1 0 0 0 0 0
135	20	 1 1 0 1 1 0 0 1 0 1 0 0 1 1 0 0 0 0 0 0
135	12	 0 0 0 1 1 0 0 1 0 1 0 0 0 0 0 0 0 0 0 0
135	40	 0 0 1 0 0 0 0 0 0 1 0 0 1 0 0 0 0 0 0 0
135	6	 0 1 0 0 0 0 0 0 0 1 0 1 0 0 0 0 0 0 0 0
135	1	 1 0 1 1 1 0 0 1 0 0 1 0 1 0 0 0 0 0 1 0
135	11	 1 1 0 1 0 0 0 1 0 1 0 0 0 0 0 0 0 0 0 0
135	12	 1 1 0 1 1 0 0 1 0 1 0 0 0 0 0 0 0 0 0 0
135	71	 1 1 0 1 0 0 0 0 0 1 1 0 0 0 0 1 0 0 0 0
135	7	 1 1 1 1 1 0 0 1 0 1 0 0 1 1 0 0 0 0 0 0
135	27	 1 0 1 1 1 0 0 1 0 1 0 0 0 0 0 0 0 0 0 0
135	5	 1 1 0 1 1 0 0 0 0 0 1 0 0 0 1 0 0 0 0 0
135	9	 0 0 0 1 1 0 1 1 0 1 0 0 1 1 0 0 0 0 0 0
135	6	 1 0 1 1 1 0 0 1 0 1 0 0 1 0 0 1 0 0 0 0
135	20	 1 1 0 1 0 0 1 1 0 1 0 0 0 0 0 0 0 0 0 0
135	21	 1 1 1 1 1 0 0 1 0 1 0 0 1 1 1 0 0 0 0 0
135	13	 1 1 0 1 0 0 1 1 0 1 0 0 0 0 0 0 0 0 0 1
135	5	 1 1 0 1 1 0 0 0 0 0 1 1 0 0 1 0 0 0 0 0
135	28	 1 1 0 1 0 0 0 1 0 1 1 0 1 0 0 0 0 0 0 0
135	2	 1 1 1 1 1 0 0 1 0 0 0 0 1 0 0 0 0 0 0 0
135	21	 1 0 1 1 1 0 1 0 1 1 0 0 0 0 0 0 0 0 0 0
135	32	 1 1 0 1 1 0 0 1 0 1 1 0 1 0 0 0 0 1 0 0
135	2	 0 1 0 0 0 0 0 0 0 1 0 0 1 0 0 0 0 0 1 0
135	8	 0 0 0 0 0 1 0 0 0 1 0 1 1 0 0 0 0 0 0 0
135	19	 1 1 0 1 1 0 0 1 0 1 0 0 1 1 1 0 0 0 0 0
135	16	 1 0 0 1 1 0 1 0 1 1 0 0 0 0 0 0 0 1 0 0
135	49	 1 1 0 1 1 0 1 1 0 1 0 0 0 0 0 0 0 0 0 0
135	2	 1 0 1 1 0 0 0 0 0 1 0 1 0 0 0 0 0 0 0 1
135	9	 0 0 0 0 0 0 0 1 0 1 1 0 1 0 0 0 0 0 0 0
135	4	 1 1 0 1 1 0 0 1 1 1 0 0 0 0 0 0 0 0 0 0
135	4	 1 0 0 1 1 0 1 0 1 1 1 0 0 0 0 1 0 0 0 0
135	20	 0 0 1 0 0 0 0 0 0 1 0 0 1 0 0 0 0 0 1 0
135	6	 1 0 1 1 1 0 0 0 0 1 0 0 0 0 1 0 0 0 0 0
135	18	 0 0 1 0 0 1 0 0 0 1 0 0 1 0 0 0 0 0 0 0
135	6	 1 1 0 1 1 0 0 1 0 1 1 0 1 0 0 0 0 0 0 0
135	38	 1 1 0 1 1 0 0 1 0 1 0 0 0 0 0 0 0 0 0 1
135	24	 1 1 1 1 1 0 0 1 0 0 0 0 0 0 0 0 0 0 0 0
135	2	 1 1 0 0 0 0 0 1 0 1 1 0 1 0 0 0 0 0 0 0
135	17	 1 0 0 1 1 0 0 1 0 1 0 0 0 0 1 0 0 0 0 0
135	7	 0 0 0 1 1 0 0 1 0 1 0 0 1 1 0 1 0 0 0 0
135	5	 1 1 0 1 1 0 0 1 0 0 0 0 0 0 0 0 0 0 0 0
135	14	 1 1 1 1 1 0 0 1 0 1 1 0 1 1 1 0 0 0 0 0
135	16	 1 1 0 1 1 1 0 1 0 1 0 0 1 1 1 0 0 0 0 0
135	1	 1 1 0 1 1 0 0 0 0 1 1 1 0 0 0 1 0 0 0 0
135	8	 1 1 0 1 1 0 1 0 1 1 1 0 0 0 0 1 0 0 0 0
135	6	 1 0 1 1 1 0 0 1 0 1 0 0 1 1 1 1 0 0 0 0
135	3	 1 1 1 1 1 0 0 1 0 0 0 0 0 1 0 0 0 0 0 0
135	1	 1 0 1 1 0 0 0 1 0 1 0 0 1 1 0 0 0 0 0 0
135	6	 1 0 1 1 0 0 0 1 0 1 0 1 0 0 0 0 0 0 0 0
135	1	 1 1 0 1 1 0 0 0 1 0 1 0 0 0 1 0 0 0 0 0
135	6	 0 1 0 0 0 0 0 1 0 1 1 0 1 0 0 0 0 0 0 1
135	2	 0 0 0 1 0 0 0 1 0 1 1 0 0 0 0 0 0 0 1 0
135	5	 1 1 0 1 1 0 1 1 0 1 0 0 1 1 0 0 0 0 0 0
135	1	 0 1 0 1 1 0 0 1 0 0 1 0 1 0 0 0 0 1 0 0
135	2	 1 1 0 0 1 0 1 0 1 1 1 0 0 0 0 1 0 0 0 0
135	9	 1 0 0 1 1 0 0 1 0 1 0 0 0 0 0 0 1 0 0 0
135	4	 1 0 1 1 1 0 0 1 0 0 0 0 0 0 0 0 0 0 0 0
135	5	 1 1 0 1 1 0 0 1 0 1 1 0 0 0 0 0 0 0 0 0
135	3	 1 1 0 1 1 0 0 1 0 1 0 1 1 1 0 0 0 0 0 0
135	12	 1 0 1 0 0 1 0 0 0 1 0 0 1 0 0 0 0 0 0 0
135	3	 1 0 0 1 1 0 1 0 1 1 1 0 0 0 0 0 0 0 0 0
135	6	 0 0 1 0 1 0 0 1 0 1 0 0 1 1 1 0 0 0 0 0
135	6	 1 1 1 1 1 0 0 1 0 0 0 0 0 1 0 0 0 0 0 1
135	2	 0 0 1 0 0 0 0 0 1 1 0 0 1 0 0 0 0 0 0 0
135	6	 1 1 0 1 0 0 1 0 0 1 1 0 0 0 0 1 0 0 0 0
135	3	 1 1 0 1 0 0 1 1 0 1 0 0 0 1 0 0 0 0 0 1
135	7	 0 0 0 0 0 0 0 1 0 1 1 1 1 0 0 0 0 0 0 0
135	5	 1 1 0 1 1 0 0 0 1 1 1 0 0 0 0 1 0 0 0 0
135	3	 0 0 0 1 0 0 0 1 0 1 0 0 0 0 0 0 0 0 1 0
135	1	 1 1 0 0 1 0 1 0 1 1 1 0 0 0 0 0 0 0 0 0
135	1	 1 1 0 1 1 0 0 1 0 0 1 0 0 0 1 0 0 0 0 0
135	5	 1 0 1 1 1 0 0 0 0 1 1 0 0 0 1 0 0 0 0 1
135	2	 1 1 1 1 1 0 0 1 0 0 1 0 1 0 0 0 0 0 1 0
135	2	 1 1 0 1 0 0 0 1 0 1 1 0 0 0 0 1 0 0 0 0
135	7	 1 1 0 1 0 0 0 0 1 1 1 0 0 0 0 1 0 0 0 0
135	3	 1 0 1 0 1 0 0 1 0 1 0 0 1 0 0 1 0 0 0 0
135	7	 1 1 0 1 0 0 0 1 0 1 1 0 1 0 0 0 1 0 0 0
135	23	 1 1 0 0 1 0 1 0 1 1 1 0 0 0 0 1 1 0 0 0
135	6	 1 0 0 1 1 0 0 0 0 0 1 0 1 0 1 1 0 1 0 0
135	1	 1 0 0 1 1 0 0 0 0 1 0 0 0 0 1 0 0 0 0 1
135	1	 1 1 0 1 0 0 1 1 0 1 0 0 0 0 1 0 0 0 0 0
135	2	 1 0 1 1 1 0 0 1 0 1 0 0 1 1 1 0 0 0 0 0
135	1	 1 0 0 0 0 0 0 1 0 1 1 0 1 0 0 0 0 0 0 0
135	12	 0 0 1 0 0 1 0 0 0 1 0 0 1 1 0 0 0 0 0 0
135	3	 0 0 0 1 1 0 0 1 0 0 1 0 1 1 0 0 0 0 0 1
135	11	 1 1 0 1 1 0 0 1 0 1 1 0 0 1 0 0 0 0 0 0
135	6	 1 0 0 0 1 0 0 0 0 1 0 0 0 0 1 0 0 0 0 0
135	6	 1 1 0 1 1 0 0 1 0 0 0 0 1 1 1 0 0 0 0 0
135	7	 1 1 0 1 1 1 1 1 0 1 0 0 1 1 0 0 0 0 0 0
135	5	 0 1 0 1 1 0 0 1 0 1 1 0 1 0 0 0 0 1 0 0
135	1	 1 1 1 0 0 0 0 0 0 1 0 0 1 0 0 0 0 0 0 0
135	7	 1 1 0 1 1 0 0 1 0 1 0 0 0 0 0 0 1 0 0 0
135	3	 1 1 0 1 1 1 0 1 0 1 0 0 0 0 0 0 0 0 0 0
135	15	 1 0 0 1 1 0 0 1 0 1 0 0 0 0 0 0 1 0 1 0
135	3	 1 1 0 0 1 0 0 1 0 1 0 0 1 1 0 0 0 0 0 0
135	7	 1 0 0 1 1 0 1 1 1 1 0 0 0 0 0 0 0 1 0 0
135	3	 1 1 0 0 1 0 1 1 0 1 0 0 0 0 0 0 0 0 0 0
135	2	 1 0 1 1 0 0 0 0 0 1 0 1 0 0 0 0 0 0 1 1
135	3	 1 0 1 1 0 1 0 1 0 1 0 0 1 1 0 0 0 0 0 0
135	2	 0 1 0 0 0 0 0 1 0 1 1 1 1 0 0 0 0 0 0 1
135	1	 1 1 0 1 1 0 1 1 0 1 0 0 1 1 1 0 0 0 0 0
135	4	 0 0 0 1 0 1 0 0 0 1 0 0 1 0 0 0 0 0 0 0
135	6	 0 0 0 1 0 0 0 1 0 1 1 0 1 0 0 0 1 0 0 0
135	2	 1 1 0 1 1 0 0 1 0 1 1 1 1 0 0 0 0 0 0 0
135	2	 1 1 1 1 1 0 1 1 0 1 0 0 0 0 0 0 0 0 0 0
135	2	 1 0 0 1 0 0 0 0 0 1 0 1 0 0 0 0 0 0 0 1
135	1	 1 1 1 1 1 0 0 0 0 0 1 0 0 0 1 0 0 0 0 0
135	1	 1 1 0 1 0 0 0 1 0 0 1 0 1 0 0 0 0 0 0 0
135	2	 1 0 0 1 0 0 1 0 1 1 0 0 0 0 0 0 0 1 0 0
135	3	 1 1 0 1 1 1 0 1 0 1 0 1 1 1 1 0 0 0 0 0
135	1	 1 1 0 0 1 0 1 0 1 1 1 0 0 1 0 1 1 0 0 0
135	2	 0 1 0 1 1 0 0 1 0 1 0 0 1 0 0 0 0 1 0 0
135	8	 1 1 0 0 1 0 0 1 0 1 0 0 1 1 0 0 0 0 0 1
135	3	 0 0 1 0 0 0 0 0 0 1 0 0 1 0 0 0 0 0 0 1
135	1	 1 1 0 1 0 0 0 1 1 1 0 0 1 0 0 0 0 0 0 0
135	2	 1 0 1 1 0 0 0 1 0 1 0 0 0 0 1 0 0 0 0 0
135	1	 0 0 1 0 1 0 0 0 0 1 0 0 1 0 0 0 0 0 0 0
135	2	 1 1 0 1 0 0 0 1 0 1 1 0 1 0 0 0 0 1 0 0
135	1	 0 0 0 0 0 0 0 1 0 1 1 0 1 0 0 1 0 0 0 0
135	1	 0 0 1 0 0 0 0 0 0 1 1 0 1 0 0 0 0 0 1 0
135	1	 1 1 0 1 1 1 0 1 0 1 0 0 1 1 1 0 0 0 0 1
135	4	 1 0 0 1 1 0 0 1 1 1 0 0 0 0 0 0 1 0 0 0
135	1	 1 0 1 1 1 1 0 1 0 0 0 0 0 0 0 0 0 0 0 0
135	1	 1 1 0 1 0 0 0 1 0 1 0 0 0 0 0 0 1 0 0 0
135	1	 0 1 0 0 0 0 0 0 0 1 0 0 1 1 0 0 0 0 0 0
135	1	 1 1 0 1 0 0 0 1 0 1 0 0 0 0 0 0 0 0 1 0
135	1	 1 1 1 0 1 0 1 0 1 1 1 0 0 0 0 1 1 0 0 0
135	1	 1 1 0 1 1 0 0 1 0 1 1 0 1 0 0 1 0 0 0 0
135	1	 1 1 0 1 1 0 1 1 0 1 0 0 0 0 0 0 0 0 0 1
135	1	 1 1 0 1 1 1 0 0 0 1 0 0 1 0 0 0 0 0 0 0
135	2	 1 1 0 1 0 0 0 1 0 1 0 0 1 1 0 0 0 0 0 0
135	2	 0 0 1 0 0 0 0 0 0 1 0 0 1 0 1 0 0 0 0 0
135	1	 1 0 1 1 1 0 0 1 0 1 0 0 0 0 0 0 0 0 0 1
135	2	 0 1 0 1 1 0 0 0 0 0 1 0 0 0 1 0 0 0 0 0
135	2	 1 1 0 1 1 0 1 1 0 1 1 0 1 0 0 0 0 1 0 0
135	1	 1 1 0 0 1 0 0 1 0 1 1 0 1 0 0 0 0 1 0 0
135	1	 0 0 1 1 0 1 0 0 0 1 0 0 1 0 0 0 0 0 0 0
250	63	 1 1 0 1 1 0 0 1 0 1 0 0 0 0 0 0 0 0 0 0
250	47	 1 1 0 1 0 0 0 0 0 1 1 0 0 0 0 1 0 0 0 0
250	14	 1 1 1 1 1 0 0 1 0 1 0 0 1 1 1 0 0 0 0 0
250	22	 1 1 0 1 0 0 0 1 0 1 1 0 1 0 0 0 0 0 0 0
250	26	 1 1 0 1 1 0 1 1 0 1 0 0 1 1 0 0 0 0 0 0
250	44	 1 1 0 1 1 0 1 0 1 1 1 0 0 0 1 1 0 0 0 0
250	7	 1 1 0 0 1 0 1 0 1 1 1 0 0 0 0 0 1 0 0 0
250	9	 1 1 0 1 1 0 0 0 0 1 1 0 0 0 0 1 0 0 0 0
250	24	 1 1 0 1 0 0 0 0 0 1 1 0 0 0 0 0 0 0 0 0
250	12	 1 1 0 1 1 0 1 0 1 1 1 0 0 0 0 1 0 0 0 0
250	30	 1 1 0 1 1 0 1 0 1 1 1 0 0 0 1 0 0 0 0 0
250	24	 1 1 0 1 1 0 0 0 0 1 1 0 0 0 0 0 0 0 0 0
250	3	 1 1 0 1 0 0 0 0 0 1 1 0 1 0 0 0 0 0 0 0
250	32	 1 1 0 1 0 0 0 0 0 1 0 0 1 0 0 0 0 0 0 0
250	23	 1 1 0 1 1 0 0 0 1 1 1 0 1 0 0 0 0 0 0 0
250	2	 1 1 0 1 0 0 0 1 1 1 1 0 0 0 1 1 0 0 0 0
250	14	 1 1 0 1 1 0 0 0 0 1 1 0 1 0 0 1 0 0 0 0
250	11	 1 1 0 1 1 0 0 1 0 1 0 0 0 0 0 1 0 0 0 0
250	11	 1 1 0 1 1 0 1 0 0 1 1 0 0 0 1 0 0 0 0 0
250	12	 1 1 0 1 1 1 0 1 0 1 0 0 1 0 0 0 0 0 0 0
250	18	 1 1 0 1 0 0 0 0 0 1 1 0 0 0 1 0 0 0 0 0
250	18	 1 1 0 1 0 0 0 0 0 1 1 0 1 1 1 0 0 0 0 0
250	22	 1 1 0 1 1 1 0 0 0 1 1 0 1 0 0 0 1 0 0 0
250	6	 1 1 0 1 1 0 1 0 0 1 1 0 0 0 0 1 0 0 0 0
250	18	 1 1 0 1 1 0 0 0 0 1 1 0 1 0 0 0 0 0 0 0
250	46	 0 1 1 1 0 0 0 0 1 1 1 0 1 0 0 0 0 0 0 0
250	5	 1 1 0 1 0 0 1 1 0 1 0 0 0 0 0 0 0 0 0 0
250	9	 1 1 1 0 1 0 1 0 1 1 1 0 0 0 0 0 1 0 0 0
250	9	 1 1 0 1 1 0 0 1 1 1 1 0 0 0 1 1 0 0 0 0
250	52	 1 1 0 1 0 0 0 0 0 1 1 0 0 0 0 1 1 0 0 0
250	1	 1 1 1 1 0 0 0 0 0 1 1 0 0 0 0 1 0 0 0 0
250	1	 1 1 0 1 1 0 0 1 0 1 1 0 1 0 0 0 1 0 0 0
250	14	 0 1 0 1 1 0 1 0 0 1 1 0 0 0 0 1 0 0 1 0
250	42	 1 1 0 1 0 0 0 0 1 1 1 1 0 0 0 1 0 0 0 0
250	19	 1 1 1 1 1 0 0 1 0 1 0 0 1 1 1 1 0 0 0 0
250	8	 1 1 0 1 0 0 1 0 0 1 1 0 0 0 1 0 0 0 0 0
250	3	 1 1 1 1 1 0 1 1 0 1 1 0 0 0 1 1 0 0 0 0
250	1	 1 1 1 1 1 0 0 0 0 1 1 0 1 0 0 0 0 0 0 0
250	18	 1 1 1 1 1 0 0 1 0 1 0 0 0 0 0 1 0 0 0 0
250	1	 1 1 0 1 1 0 0 0 1 1 1 0 0 0 0 0 0 0 0 0
250	25	 1 1 1 1 1 0 1 0 1 1 1 0 0 0 0 0 0 0 0 0
250	11	 1 0 0 1 1 0 0 0 0 1 1 0 0 0 0 1 0 0 0 0
250	5	 1 1 0 1 0 0 1 0 0 1 1 0 1 1 0 1 0 0 0 0
250	1	 0 1 0 0 1 0 0 0 0 1 1 0 0 0 1 1 0 0 0 0
250	7	 1 1 0 1 1 0 0 1 0 1 0 1 1 1 0 0 0 0 0 0
250	5	 1 1 0 1 1 0 0 0 0 1 1 0 0 0 1 0 0 0 0 0
250	2	 1 1 0 1 1 0 1 0 1 1 1 1 0 0 1 1 0 0 0 0
250	2	 1 1 0 0 1 0 1 0 1 1 1 0 0 0 1 1 0 0 0 0
250	5	 1 1 0 1 0 0 1 0 0 1 1 0 0 0 1 1 0 0 0 0
250	2	 1 1 0 1 0 0 0 0 0 1 1 0 0 1 0 1 0 0 0 0
250	6	 1 1 0 1 0 0 0 0 0 1 1 0 0 0 0 1 1 0 0 1
250	4	 1 1 0 1 1 1 0 0 0 1 1 0 1 1 0 1 0 0 0 0
250	2	 1 1 0 1 0 0 0 0 0 1 1 0 1 0 1 0 0 0 0 0
250	10	 1 1 1 0 1 0 1 0 1 1 1 0 0 0 0 0 0 0 0 0
250	5	 1 1 0 1 0 0 0 0 1 1 1 1 0 1 0 1 0 0 0 0
250	7	 1 1 0 1 1 0 1 1 0 1 0 0 1 0 1 1 0 0 0 0
250	7	 1 1 0 1 1 0 1 0 1 1 1 0 1 0 1 0 0 0 0 0
250	2	 1 1 0 1 0 1 0 1 1 1 1 0 0 0 1 1 0 0 0 0
250	3	 1 1 0 1 1 0 1 0 1 1 1 0 1 0 0 0 0 0 0 0
250	10	 1 1 0 1 1 0 1 1 0 1 0 0 1 1 0 1 0 0 0 0
250	12	 1 1 0 1 0 0 1 0 0 1 1 0 0 0 1 0 1 0 0 0
250	2	 1 1 0 1 1 0 0 1 1 1 1 0 1 0 0 0 0 0 0 0
250	4	 1 1 0 1 1 0 0 1 0 1 1 0 1 0 0 0 0 0 0 0
250	2	 1 1 0 1 1 0 1 1 0 0 0 0 1 1 0 0 0 0 0 0
250	2	 1 1 0 1 0 0 0 0 0 0 1 1 0 0 0 1 1 0 0 0
250	1	 1 1 0 1 1 0 1 0 0 1 0 0 1 1 0 0 0 0 0 0
250	3	 1 1 1 1 0 0 0 0 0 1 1 0 1 0 0 0 0 0 0 0
250	1	 1 1 0 1 1 0 0 0 1 1 1 0 1 0 1 0 0 0 0 0
250	1	 1 1 0 1 1 0 0 0 0 1 1 0 1 0 0 0 1 0 0 0
250	1	 1 1 0 1 1 0 0 1 0 1 0 0 1 0 0 0 0 0 0 0
250	1	 1 1 1 1 1 0 0 1 0 1 0 0 1 1 0 1 0 0 0 0
250	1	 1 1 1 1 1 0 1 1 0 1 0 0 1 1 0 0 0 0 0 0
250	2	 1 1 0 1 1 0 1 1 1 1 0 0 1 1 0 0 0 0 0 0
250	2	 1 0 0 1 0 0 1 0 0 1 1 0 1 1 0 1 0 0 0 0
250	3	 0 1 0 1 1 0 1 0 0 1 1 0 0 0 0 1 0 0 0 0
250	7	 1 1 0 1 1 0 0 0 0 1 1 0 0 0 0 1 1 0 0 0
250	2	 1 1 0 1 0 0 0 0 0 1 0 0 0 0 0 0 0 0 0 0
250	2	 1 1 0 1 0 0 0 0 1 1 1 0 0 0 0 1 0 0 0 0
250	1	 1 1 1 1 1 0 1 1 0 1 1 0 0 0 1 1 0 1 0 0
250	2	 1 1 0 1 1 1 0 1 0 1 0 0 1 0 0 0 0 1 0 1
250	7	 1 1 0 1 0 0 0 0 0 1 1 0 1 0 0 1 0 0 0 0
250	2	 1 1 0 1 0 0 0 1 0 0 1 0 1 0 0 0 0 0 0 0
250	4	 0 1 1 1 0 1 0 0 1 1 1 0 1 0 0 0 0 0 0 0
250	1	 1 1 0 1 1 0 1 1 0 1 0 0 1 1 0 1 0 0 0 1
250	4	 1 1 0 1 1 0 0 1 0 1 0 0 0 0 1 0 0 0 0 0
250	4	 1 1 0 1 0 0 1 0 1 1 1 0 0 0 1 1 0 0 0 0
250	3	 1 1 0 1 1 0 0 0 0 1 1 0 1 0 0 0 0 0 0 1
250	2	 1 1 0 0 1 0 0 0 0 1 1 0 1 0 0 0 0 0 0 0
250	1	 1 1 0 1 1 0 0 1 1 1 1 0 0 0 1 1 0 0 0 1
250	4	 1 1 1 1 1 1 1 0 1 1 1 0 0 0 0 0 0 0 0 0
250	4	 1 1 0 1 0 0 0 0 0 1 1 0 0 1 0 0 0 0 0 0
250	5	 1 1 1 1 1 0 1 1 0 1 1 0 1 1 0 0 0 0 0 0
250	1	 1 0 0 1 1 0 1 0 0 1 1 0 0 0 1 1 0 0 0 0
250	2	 1 1 0 1 1 0 0 1 0 1 0 0 1 1 0 1 0 0 0 0
250	1	 1 1 0 1 0 0 1 0 1 1 1 0 0 0 0 0 0 0 0 0
250	2	 1 1 0 1 0 0 0 0 1 1 1 1 1 0 0 0 0 0 0 0
250	3	 1 1 1 1 1 0 0 1 0 1 0 0 0 0 0 0 0 0 0 0
250	1	 1 1 0 1 1 0 0 0 0 1 0 0 0 0 0 1 0 0 0 0
250	3	 1 1 0 1 1 0 1 1 0 1 0 0 1 1 0 0 1 0 0 0
250	2	 1 1 0 1 1 0 1 0 0 1 1 0 0 0 1 1 0 0 0 0
250	2	 0 1 0 1 1 0 1 0 1 1 1 0 0 0 1 0 0 0 0 0
250	3	 1 1 1 0 1 0 1 0 1 1 1 0 0 1 0 0 1 0 0 0
250	1	 1 1 1 0 1 0 0 0 1 1 1 0 0 0 0 0 1 0 0 0
250	1	 1 1 1 1 0 0 1 0 1 1 1 0 0 0 0 0 0 0 0 0
250	1	 1 1 0 1 0 0 1 0 0 1 1 0 0 0 1 0 1 1 0 0
250	2	 1 1 0 1 0 0 0 0 0 1 1 0 1 0 0 0 1 0 0 0
250	2	 1 1 1 1 0 0 0 0 1 1 1 0 1 0 0 0 0 0 0 0
250	1	 1 1 0 1 1 0 0 0 0 1 1 0 0 0 1 1 0 0 0 0
250	2	 1 1 1 1 1 0 1 0 1 1 1 0 0 0 1 0 0 0 0 0
250	1	 1 1 0 1 0 0 1 0 1 1 1 0 1 0 0 0 0 0 0 0
250	1	 0 1 0 1 1 0 1 0 1 1 1 0 1 0 0 0 0 0 0 0
250	1	 1 1 0 1 1 0 1 0 1 1 1 0 0 1 1 1 0 0 0 0
250	4	 1 1 0 1 0 0 0 0 0 1 1 0 0 0 0 0 0 0 1 0
250	3	 1 1 0 1 1 0 0 0 1 1 1 0 1 1 0 0 0 0 0 0
250	2	 1 1 0 1 1 1 0 1 1 1 1 0 0 0 1 1 0 0 0 0
250	1	 1 1 0 1 1 0 0 0 1 1 1 1 0 0 0 1 0 0 0 0
250	1	 1 1 0 1 0 0 0 0 1 1 1 1 0 0 0 1 1 0 0 0
250	1	 1 1 0 1 1 0 1 1 0 1 0 0 1 0 1 1 1 0 0 0
400	33	 1 1 1 1 1 0 1 0 1 1 1 0 0 0 0 0 0 0 0 0
400	4	 1 1 0 1 1 0 1 1 0 1 0 0 1 1 0 1 0 0 0 0
400	14	 1 1 1 1 0 0 1 0 1 1 1 1 0 0 0 0 0 0 0 0
400	27	 1 1 1 1 0 0 1 0 1 1 1 1 0 0 0 1 0 0 0 0
400	32	 1 1 0 1 1 0 1 0 1 1 1 1 0 0 0 1 0 0 0 0
400	26	 1 1 1 1 0 1 0 1 0 1 1 0 0 0 0 1 0 0 0 0
400	3	 1 1 1 1 0 0 0 1 1 1 1 0 0 0 0 1 0 0 1 0
400	4	 1 0 0 1 1 0 1 0 1 1 1 1 0 0 0 1 0 0 0 0
400	12	 1 1 1 1 1 0 0 1 0 1 1 0 0 0 0 1 0 0 0 0
400	10	 1 1 0 1 0 0 1 0 1 1 1 1 0 0 0 1 0 0 0 0
400	1	 0 1 0 1 0 0 1 0 1 1 1 1 0 0 0 1 0 0 0 0
400	5	 1 1 0 1 0 0 0 0 0 1 1 0 1 0 0 1 0 0 0 0
400	29	 1 1 1 1 0 0 0 1 1 1 1 0 0 1 0 1 0 0 1 0
400	7	 1 1 0 1 0 1 0 0 0 1 1 1 0 0 0 1 0 0 1 0
400	24	 1 1 0 1 1 0 0 1 0 1 1 0 1 0 1 0 0 0 0 0
400	3	 1 1 0 1 0 0 1 0 1 1 1 1 0 1 0 1 0 0 0 0
400	3	 1 1 0 1 1 0 0 1 0 1 0 0 0 0 0 0 0 0 0 0
400	70	 1 1 1 1 0 1 0 1 1 1 1 0 0 0 0 1 0 0 0 0
400	94	 1 1 1 1 0 0 1 0 0 1 1 1 0 0 0 0 0 0 0 0
400	23	 1 1 1 1 0 0 1 0 0 1 1 0 0 1 0 1 0 0 0 0
400	18	 1 1 1 1 0 0 1 0 1 1 1 1 0 0 1 0 0 0 0 0
400	3	 1 1 1 1 0 0 1 0 1 0 1 1 0 0 0 0 0 0 0 0
400	17	 1 0 1 1 0 0 1 0 1 1 1 1 0 0 1 0 0 0 0 0
400	21	 1 1 1 0 0 0 1 0 1 1 1 1 0 0 0 1 0 0 0 0
400	14	 1 1 0 1 0 0 0 1 0 1 1 0 1 0 1 0 0 0 0 0
400	17	 1 1 0 1 0 0 0 0 0 1 1 0 0 0 0 1 0 0 0 0
400	5	 1 1 1 1 0 0 0 1 0 1 0 0 0 0 0 1 0 0 0 0
400	28	 1 1 1 1 0 0 1 0 1 1 1 0 1 1 0 0 0 0 0 0
400	10	 1 1 0 1 0 1 0 0 0 1 0 1 0 0 0 1 0 0 0 0
400	6	 1 1 0 1 0 0 0 0 1 1 1 0 0 0 0 0 0 0 0 1
400	11	 1 1 1 1 1 0 1 0 1 1 1 0 0 1 0 1 0 0 1 0
400	6	 1 1 0 1 0 0 0 0 1 1 0 0 1 1 0 1 0 0 0 1
400	28	 1 1 1 1 0 0 1 0 0 1 1 0 0 0 0 0 0 0 0 0
400	17	 1 1 1 1 0 0 0 0 1 1 1 1 0 0 0 1 0 0 0 0
400	2	 1 1 1 1 0 0 1 0 1 1 1 0 1 1 0 0 1 0 0 0
400	4	 1 1 1 1 0 0 0 1 1 1 1 0 0 0 0 1 0 0 0 0
400	5	 1 1 0 1 0 0 1 0 1 1 1 0 1 0 0 0 0 0 0 0
400	3	 1 1 0 1 0 0 1 0 0 1 1 1 0 0 0 0 0 0 0 0
400	8	 1 1 0 1 1 0 1 1 0 1 1 0 0 1 0 1 0 0 1 0
400	22	 0 1 0 1 0 0 1 0 1 1 1 1 0 0 0 0 0 0 0 0
400	22	 1 1 1 1 0 0 0 1 1 1 1 0 0 1 0 0 0 0 1 0
400	11	 1 1 0 1 0 0 0 0 1 1 1 0 0 0 0 1 0 0 0 0
400	12	 1 1 1 1 1 0 1 0 1 1 0 0 1 1 0 0 0 0 0 0
400	16	 1 1 1 1 1 0 1 0 1 1 1 0 0 0 0 1 0 0 0 0
400	3	 1 0 0 1 0 0 1 0 1 1 1 0 1 1 0 0 1 0 0 0
400	2	 1 1 0 1 0 0 0 1 0 1 1 0 1 1 1 0 0 1 0 0
400	1	 1 1 0 1 1 0 0 1 0 1 1 0 1 0 0 1 0 0 0 0
400	2	 1 1 1 1 1 0 0 1 1 1 1 0 0 0 0 1 0 0 1 0
400	1	 1 1 1 1 1 0 1 0 1 1 1 0 0 0 0 0 0 1 0 0
400	3	 0 1 1 1 0 0 1 0 0 1 1 0 0 0 0 0 0 0 0 0
400	9	 1 1 0 1 0 0 0 0 1 1 1 1 0 0 0 1 0 0 0 0
400	2	 1 1 1 1 0 0 1 1 0 1 1 1 0 0 0 1 0 0 0 0
400	5	 0 1 1 1 0 0 1 0 1 1 1 1 0 0 0 1 0 0 0 0
400	5	 1 1 1 1 0 1 1 0 1 1 1 0 1 1 0 0 0 0 0 0
400	13	 1 0 0 1 1 0 1 0 1 1 1 1 0 0 1 1 0 0 0 0
400	3	 1 1 0 1 0 1 0 0 1 1 1 1 0 0 0 0 0 0 0 0
400	2	 1 1 0 1 1 0 1 0 1 1 1 0 0 0 0 0 0 0 0 0
400	1	 1 1 1 1 0 1 0 1 0 1 1 0 0 0 0 1 0 1 0 0
400	3	 0 1 0 1 0 0 1 0 1 1 1 1 0 0 0 1 0 1 0 0
400	8	 1 0 0 1 1 0 1 0 1 1 1 1 0 0 1 0 0 0 0 0
400	5	 1 1 1 1 0 0 0 1 1 1 1 0 0 1 0 1 0 0 0 0
400	9	 1 1 1 1 0 1 0 0 0 1 1 0 1 0 0 1 0 0 0 0
400	3	 1 1 1 1 0 1 0 1 1 1 1 0 1 1 0 0 0 0 0 0
400	11	 1 1 1 1 0 0 1 0 1 1 1 0 0 0 0 0 0 0 0 0
400	5	 1 1 1 1 1 0 0 0 0 1 1 0 0 0 0 1 0 0 0 0
400	8	 1 1 1 1 0 0 1 0 0 1 1 1 0 0 0 1 0 0 0 0
400	5	 1 1 1 1 1 0 1 0 1 1 1 0 0 1 0 0 0 0 1 0
400	7	 1 0 1 1 0 0 0 1 1 1 1 0 0 0 0 0 0 0 0 0
400	7	 1 1 1 1 0 1 0 1 0 1 1 0 0 0 0 0 0 0 0 0
400	3	 1 1 1 1 0 0 1 0 0 1 1 1 0 0 0 0 1 0 0 0
400	14	 1 1 1 0 0 0 0 1 1 1 1 0 0 0 0 1 0 0 0 0
400	1	 1 1 0 1 0 0 0 0 1 1 1 0 0 0 0 1 0 0 1 0
400	6	 1 1 1 1 0 0 0 0 1 1 1 0 0 1 0 1 1 0 1 0
400	4	 1 1 1 1 0 0 0 0 0 1 1 1 0 0 0 0 0 0 0 0
400	10	 0 1 1 1 0 0 1 0 0 0 1 0 0 0 0 0 0 0 0 0
400	2	 1 1 0 1 0 1 0 0 0 1 1 1 0 0 0 1 0 0 0 0
400	8	 1 1 1 1 0 0 1 0 1 0 1 1 0 0 0 1 0 0 0 0
400	17	 1 1 0 1 0 0 0 1 1 1 1 0 0 0 0 1 0 0 0 0
400	4	 1 0 1 1 1 0 1 0 1 1 1 0 0 0 0 0 0 0 0 0
400	10	 1 1 1 1 0 1 0 1 1 1 1 1 0 0 0 1 0 0 0 0
400	2	 1 1 1 1 0 1 0 1 1 1 1 0 1 0 1 0 0 0 0 0
400	2	 1 1 1 1 0 1 0 1 1 1 0 0 0 0 0 1 0 0 0 0
400	1	 1 1 1 1 1 1 1 0 1 1 1 0 0 1 0 1 0 0 1 0
400	8	 0 1 0 1 0 0 1 0 1 1 1 0 0 0 0 1 0 0 0 0
400	4	 0 1 0 1 0 0 1 0 1 1 1 0 0 1 0 1 0 0 1 0
400	2	 1 1 1 0 1 0 1 0 1 1 1 0 0 0 0 0 0 0 0 0
400	3	 1 1 1 1 0 1 0 0 1 1 1 0 0 0 0 1 0 0 0 0
400	1	 1 0 1 1 0 0 1 0 1 1 1 1 0 0 0 0 0 0 0 0
400	1	 1 1 1 0 0 0 1 0 0 1 1 0 0 0 0 0 0 0 0 0
400	1	 0 1 1 1 1 0 1 0 1 1 1 0 0 0 0 0 0 0 0 0
400	1	 1 1 0 1 1 0 1 0 1 1 1 1 0 0 1 1 0 0 0 0
400	1	 1 1 1 1 0 1 1 0 0 1 1 1 0 0 0 0 0 0 0 0
400	3	 1 0 0 1 0 0 0 0 1 1 1 0 0 0 0 1 0 0 0 0
400	1	 1 1 0 1 1 0 0 0 1 1 1 0 0 0 0 1 0 0 0 0
400	1	 1 1 1 1 0 0 0 1 1 1 1 0 0 0 0 0 0 0 0 0
400	2	 1 1 1 1 0 1 0 1 1 1 1 0 0 0 1 1 0 0 0 0
400	5	 1 1 0 1 0 1 1 0 1 1 1 0 1 1 0 0 0 0 0 0
400	5	 1 0 0 1 1 0 0 0 1 1 1 1 0 0 0 1 0 0 0 0
400	2	 1 1 1 1 0 0 0 1 1 1 1 0 0 1 0 1 0 1 0 0
400	2	 1 1 1 1 0 0 1 1 0 1 0 0 0 0 0 0 0 0 0 0
400	1	 1 1 0 1 0 0 1 1 1 1 1 1 0 0 0 1 0 0 0 0
400	2	 1 1 0 1 0 0 0 1 0 1 1 0 1 0 1 0 1 0 0 0
400	1	 0 1 1 1 0 0 1 0 1 1 1 0 0 0 0 0 0 0 0 0
400	3	 1 1 1 1 0 0 1 1 0 1 1 0 0 0 0 1 0 0 0 0
400	1	 1 1 1 1 0 1 0 1 0 1 1 1 0 0 0 0 0 0 0 0
400	1	 1 1 0 1 1 0 1 0 1 1 1 1 1 0 0 1 0 0 0 0
400	1	 1 1 0 1 0 0 0 0 0 1 1 0 1 1 0 1 0 0 0 0
400	3	 1 1 1 1 0 0 0 1 1 1 1 0 0 1 1 1 0 0 1 0
400	1	 1 1 1 1 1 0 0 1 0 1 0 0 0 0 0 0 0 0 0 0
400	2	 1 1 1 1 1 0 0 1 1 1 1 0 0 0 0 1 0 0 0 0
400	1	 1 1 1 1 1 0 1 0 1 1 1 0 1 0 0 1 0 0 0 0
400	2	 1 1 1 1 0 0 1 0 1 1 1 0 0 0 1 0 0 0 0 0
400	1	 1 1 0 1 0 0 0 1 1 1 0 0 0 0 0 1 0 0 0 0
590	17	 1 1 1 1 0 1 0 1 1 1 1 0 0 0 0 1 0 0 0 0
590	4	 1 1 1 1 1 1 0 1 1 1 1 0 0 0 0 1 0 0 0 0
590	46	 1 1 1 1 0 1 0 1 1 1 1 1 0 0 0 1 0 0 0 0
590	35	 1 1 1 1 1 0 1 0 1 1 1 0 0 0 0 1 0 0 0 0
590	19	 1 1 1 1 1 1 0 0 1 1 1 0 0 0 0 1 0 0 0 0
590	11	 1 1 1 1 0 1 1 1 1 1 1 1 0 0 0 1 0 0 0 0
590	20	 1 1 1 1 0 0 0 1 1 1 0 0 0 0 0 0 0 0 0 0
590	165	 1 1 1 1 1 1 0 1 1 0 1 0 0 0 0 1 0 0 0 0
590	22	 1 1 1 1 0 0 0 0 1 1 1 0 0 1 0 0 0 0 1 0
590	2	 1 1 1 0 0 0 0 1 0 1 1 1 0 0 0 1 0 0 0 0
590	3	 1 1 1 1 1 1 0 1 1 0 1 0 0 0 0 0 0 0 0 0
590	3	 1 0 1 1 0 0 1 0 1 1 1 0 0 0 0 1 0 0 0 0
590	17	 1 1 1 1 0 1 1 1 1 0 1 0 1 0 1 0 0 0 0 0
590	21	 1 1 1 1 1 1 0 1 1 0 1 1 0 0 0 1 0 0 0 0
590	10	 0 1 1 1 0 0 1 0 1 1 1 0 0 0 1 1 0 0 0 0
590	50	 0 1 1 1 1 1 0 1 1 0 1 0 0 0 0 1 0 0 0 0
590	3	 1 1 1 1 1 0 1 0 1 1 1 0 1 0 0 0 0 0 0 0
590	12	 1 1 1 1 0 1 0 1 1 1 1 0 1 1 0 0 0 0 0 0
590	6	 0 1 1 1 1 1 0 1 1 0 1 0 0 0 0 1 1 0 0 0
590	24	 1 1 1 1 1 1 0 1 0 0 1 0 0 0 0 1 0 0 0 0
590	14	 1 1 1 1 0 1 1 1 1 1 1 1 0 0 0 0 0 0 1 0
590	1	 1 1 1 1 0 0 0 1 1 1 0 0 0 0 0 1 0 0 0 0
590	35	 1 1 0 1 1 1 0 1 1 0 1 0 0 0 0 1 0 0 0 0
590	2	 1 1 1 0 0 0 1 1 0 1 1 1 0 0 0 1 0 0 0 0
590	8	 1 0 1 1 1 1 0 1 1 0 1 0 0 0 0 1 0 0 0 0
590	12	 1 1 1 1 1 1 0 1 1 1 1 0 1 0 1 1 0 0 0 0
590	6	 1 1 1 1 1 1 0 1 1 0 0 0 0 0 0 1 0 0 1 0
590	8	 0 1 1 1 1 1 0 1 0 1 1 1 0 0 0 0 0 0 0 0
590	4	 1 1 1 1 1 1 0 1 1 0 1 0 0 0 0 1 1 0 0 0
590	11	 1 1 1 1 0 1 0 1 1 0 1 1 0 0 0 1 0 0 0 0
590	11	 1 1 1 1 0 1 0 1 1 0 1 0 0 0 0 1 0 0 0 0
590	3	 1 1 1 1 1 1 0 1 1 1 1 1 0 0 0 1 0 0 0 0
590	12	 1 1 1 1 0 0 1 0 0 1 1 1 0 0 0 1 0 0 0 0
590	2	 1 1 1 1 0 1 1 1 1 1 1 1 0 0 0 1 0 0 1 0
590	3	 1 1 1 1 1 0 0 1 1 0 1 1 0 0 0 1 0 0 0 0
590	1	 1 1 1 0 0 0 1 0 0 1 1 0 0 0 1 0 0 0 0 0
590	5	 1 1 1 1 0 1 1 1 1 1 1 1 0 0 0 0 0 0 0 0
590	2	 1 1 1 1 1 0 1 0 1 1 1 0 0 0 0 0 0 1 0 0
590	5	 1 1 1 1 1 0 1 0 0 1 1 1 0 0 0 1 0 0 0 0
590	5	 1 1 1 1 1 1 1 0 1 1 1 0 0 0 1 1 0 0 1 0
590	21	 1 1 1 1 1 1 0 0 1 0 1 0 0 0 0 1 0 0 0 0
590	17	 1 1 1 1 1 0 1 0 1 1 1 0 0 0 0 1 0 0 0 1
590	4	 0 0 1 1 1 1 0 1 1 0 1 0 0 0 0 1 0 0 0 0
590	1	 1 1 1 0 0 0 1 0 1 1 1 0 0 0 0 0 0 1 0 0
590	1	 1 0 1 1 1 0 1 0 1 1 1 0 0 0 0 1 0 0 0 0
590	3	 1 0 1 1 0 1 1 1 1 1 1 1 0 0 0 0 0 0 0 0
590	3	 1 1 1 1 1 0 0 1 1 0 1 0 0 0 0 1 0 0 0 0
590	1	 1 1 1 1 0 0 1 0 1 1 1 0 0 0 0 1 0 0 0 0
590	8	 0 1 1 1 1 1 0 1 1 1 1 1 0 0 0 1 0 0 0 0
590	5	 1 1 1 1 1 0 1 0 1 1 1 0 0 0 1 1 0 0 0 0
590	32	 1 1 1 1 1 1 0 1 1 0 1 0 0 0 1 1 0 0 0 0
590	2	 1 1 1 1 0 1 0 1 1 0 1 1 0 0 1 1 0 0 0 0
590	3	 1 1 1 1 0 0 1 0 0 1 1 1 1 0 0 1 0 0 0 0
590	8	 1 1 1 0 0 0 1 0 1 1 1 0 0 0 0 0 0 0 0 0
590	1	 1 1 1 1 1 1 1 1 1 0 1 0 0 0 0 1 0 0 0 0
590	4	 1 0 1 1 0 0 1 0 1 1 1 0 0 0 0 1 1 0 0 0
590	2	 1 1 0 1 0 0 1 0 0 1 1 0 1 1 0 0 0 0 0 0
590	1	 1 1 1 1 1 1 0 0 1 1 1 1 0 0 0 1 0 0 1 0
590	4	 1 1 1 1 1 1 0 1 1 0 1 0 0 1 0 1 0 0 0 0
590	13	 1 1 1 1 1 0 1 0 1 1 0 0 1 0 0 0 0 0 0 0
590	8	 0 1 1 1 1 1 0 1 1 1 1 0 0 0 0 1 1 0 0 0
590	7	 1 1 1 0 0 0 0 1 0 0 1 1 0 0 0 1 0 0 0 0
590	19	 0 1 1 1 1 1 0 1 1 1 1 0 0 0 0 1 0 0 0 0
590	18	 1 1 1 1 1 1 0 1 0 0 1 0 0 0 0 1 0 0 0 1
590	10	 1 1 1 1 0 1 0 1 1 1 0 0 0 0 0 1 0 0 0 0
590	1	 1 0 1 1 0 1 1 0 1 1 1 0 0 0 0 1 0 0 0 0
590	3	 1 0 1 1 0 0 1 1 1 1 1 0 0 0 0 1 0 0 0 0
590	9	 0 1 1 1 1 1 0 1 1 0 1 1 0 0 0 1 0 0 0 0
590	5	 1 1 1 1 0 0 1 0 0 1 1 1 0 1 0 1 0 0 0 0
590	3	 1 1 1 0 0 0 0 1 0 0 1 0 0 0 0 1 0 0 0 0
590	9	 1 1 1 1 0 1 0 1 1 1 1 1 0 0 0 1 0 0 0 1
590	1	 1 0 1 1 0 0 1 0 1 0 1 0 0 0 0 1 0 0 0 0
590	1	 1 1 1 1 1 1 0 1 0 0 1 0 0 0 0 1 1 0 0 0
590	6	 1 1 1 1 1 0 1 0 0 1 1 1 0 0 0 1 0 0 1 0
590	1	 1 1 1 1 1 1 0 1 1 0 1 0 0 0 0 1 0 0 1 0
590	8	 1 1 1 1 0 1 1 1 1 0 1 1 0 0 1 1 0 0 0 0
590	3	 1 1 1 1 1 1 0 1 1 1 1 0 1 0 0 1 0 0 0 0
590	4	 1 1 1 1 1 1 0 1 1 0 1 0 0 0 0 1 0 1 0 0
590	11	 0 1 1 1 1 1 0 1 1 0 1 0 0 0 0 0 0 0 0 0
590	3	 1 1 0 1 1 1 0 1 1 0 1 0 0 0 1 1 0 0 0 0
590	2	 1 1 1 1 0 1 0 1 1 1 1 0 0 0 0 1 1 0 0 0
590	1	 1 1 1 1 1 1 1 0 0 1 1 1 1 0 0 1 0 0 0 0
590	7	 1 1 1 1 1 1 1 0 0 1 1 1 0 1 0 1 0 0 0 0
590	3	 1 1 1 1 0 1 0 1 1 1 1 1 0 0 0 1 0 1 0 0
590	1	 1 1 0 1 1 0 1 0 0 1 1 1 0 0 0 1 0 0 1 0
590	2	 1 1 1 1 1 0 1 0 1 1 1 0 0 0 0 0 0 0 0 0
590	7	 1 1 1 1 0 0 0 0 1 1 1 0 0 1 0 1 0 0 0 0
590	4	 1 1 1 1 0 0 0 1 0 0 1 1 0 0 0 1 0 0 0 0
590	2	 0 1 1 1 0 0 1 0 1 1 1 1 0 0 1 1 0 0 0 0
590	2	 1 0 1 1 1 1 0 1 1 0 1 0 1 0 0 1 0 0 0 0
590	5	 1 1 1 1 0 0 1 0 0 1 1 1 0 0 1 1 0 0 0 0
590	2	 1 1 1 0 1 0 0 1 1 0 1 1 0 0 0 1 0 0 0 0
590	1	 1 1 1 1 0 0 1 0 1 1 1 0 0 0 0 0 0 0 0 0
590	7	 1 1 1 1 0 0 1 0 0 1 1 0 0 0 0 1 0 0 0 0
590	2	 1 1 1 1 0 1 1 1 1 0 1 0 1 0 1 1 0 0 0 0
590	4	 1 1 1 1 0 1 0 1 1 0 1 0 0 0 0 0 0 0 0 0
590	1	 1 0 1 1 1 0 1 0 1 1 1 0 0 0 0 0 0 0 0 0
590	4	 1 1 1 1 0 0 1 0 1 1 1 0 0 0 0 0 0 1 0 0
590	1	 1 1 1 1 1 1 0 1 0 1 1 0 0 1 0 0 0 0 1 0
590	1	 1 1 1 1 0 1 0 1 1 1 1 1 0 0 0 1 0 0 1 0
590	2	 1 0 1 1 1 1 0 1 1 0 1 0 0 0 1 1 0 0 0 0
590	2	 1 1 1 1 1 1 0 1 1 1 1 0 1 1 1 1 0 0 0 0
590	2	 1 1 1 1 1 1 0 0 1 0 1 0 0 0 1 1 0 0 0 0
590	1	 1 1 1 1 1 1 1 0 1 1 0 0 1 0 0 0 0 0 0 0
590	1	 1 1 1 1 1 1 1 0 1 0 1 0 0 0 0 1 0 0 0 0
590	1	 1 0 1 1 0 1 0 1 1 1 1 1 0 0 0 1 0 0 0 0
590	5	 1 1 1 1 1 1 0 0 1 1 1 0 0 0 0 1 1 0 0 0
590	2	 0 1 1 1 1 1 0 1 1 0 1 0 0 0 1 1 0 0 0 0
590	1	 1 1 1 0 0 0 0 1 0 0 1 1 0 0 0 0 0 0 0 0
590	3	 1 1 1 1 1 1 0 1 0 0 1 0 0 0 0 1 0 1 0 0
590	4	 1 1 1 1 0 1 1 1 1 1 1 0 1 0 1 1 0 0 0 0
590	1	 1 0 1 1 1 0 1 0 1 1 0 0 1 0 0 0 0 0 0 0
590	1	 1 1 1 1 0 0 1 0 0 0 1 0 0 0 0 1 0 0 0 0
590	1	 0 1 1 1 1 1 0 1 0 0 1 0 0 0 0 1 0 0 0 0
590	2	 1 1 0 0 0 0 1 1 0 1 1 1 0 0 0 1 0 0 0 0
590	1	 1 0 1 1 1 1 1 1 1 0 1 0 0 0 0 1 0 0 0 0
590	2	 1 1 1 1 1 1 0 1 1 1 1 1 0 1 0 1 0 0 0 0
590	1	 1 1 1 1 1 1 0 1 1 1 1 1 0 0 0 1 0 1 0 0
590	1	 1 1 1 1 0 0 1 0 0 1 1 1 1 0 0 1 1 0 0 0
590	2	 0 1 1 0 1 1 0 1 1 1 1 0 0 0 0 1 1 0 0 0
590	1	 0 1 1 1 0 1 1 1 1 0 1 0 1 0 1 1 0 0 0 0
720	67	 1 1 1 1 0 1 0 1 1 1 1 0 0 0 0 1 0 0 0 0
720	26	 1 1 1 1 1 1 0 1 1 0 1 0 0 0 0 1 0 0 0 0
720	3	 1 1 1 1 1 1 0 0 1 0 1 0 0 0 1 1 0 0 0 0
720	85	 1 1 1 1 0 1 1 1 1 1 0 0 0 0 0 1 0 0 0 0
720	5	 1 1 1 1 1 0 0 1 0 0 1 0 0 0 0 1 0 0 0 0
720	5	 1 1 1 1 1 1 1 0 0 1 1 1 0 1 0 1 1 0 0 0
720	85	 1 1 1 1 1 1 0 1 1 0 0 0 0 0 0 1 0 0 0 0
720	22	 1 1 1 1 0 0 0 1 1 1 1 0 0 1 0 1 0 0 0 0
720	28	 1 1 1 1 1 1 0 1 1 0 0 1 0 0 0 1 0 0 0 0
720	12	 1 1 1 1 0 0 1 0 0 0 1 0 0 0 1 1 0 0 0 0
720	10	 1 1 1 1 1 1 0 1 1 0 1 0 1 0 0 1 0 0 0 0
720	26	 1 1 1 1 1 0 0 0 1 0 0 0 0 0 0 1 0 0 0 1
720	10	 1 0 1 1 1 1 0 1 1 0 0 1 0 0 0 1 0 0 0 0
720	13	 1 1 1 1 1 0 0 1 0 0 1 1 0 0 0 1 0 0 0 0
720	10	 1 0 1 1 1 0 0 1 0 0 1 1 0 0 1 1 0 0 0 0
720	8	 1 1 1 1 0 0 1 0 0 1 1 1 0 1 0 1 0 0 0 0
720	8	 1 1 0 1 0 1 0 1 0 0 0 1 0 0 0 1 0 0 0 0
720	1	 1 1 0 1 1 1 0 1 1 0 0 0 0 0 0 1 0 0 0 0
720	19	 1 1 1 1 1 1 0 0 1 0 1 0 0 0 0 1 0 0 0 0
720	2	 0 1 1 1 0 1 0 1 1 1 1 1 1 0 0 0 0 0 0 0
720	44	 1 1 1 1 0 1 1 1 1 1 0 0 0 0 0 1 1 0 0 0
720	2	 0 1 1 1 1 0 0 1 0 0 1 0 0 0 0 1 0 0 0 0
720	12	 1 1 1 1 0 1 1 1 0 1 0 0 0 0 0 1 0 0 0 0
720	16	 1 1 1 1 0 0 1 1 1 1 1 1 0 0 0 1 0 0 0 0
720	8	 1 1 0 1 1 0 0 1 1 0 1 1 0 0 0 0 0 0 0 0
720	4	 1 1 1 1 0 0 0 1 1 1 1 0 0 1 0 0 0 0 0 0
720	15	 1 1 1 1 1 1 0 1 1 0 0 0 0 1 0 1 0 0 0 0
720	18	 1 0 1 1 1 1 0 1 1 0 0 1 0 0 0 1 1 0 0 0
720	19	 1 1 1 1 1 0 0 1 1 0 1 1 0 0 0 1 0 0 0 0
720	10	 1 1 1 1 1 1 0 1 1 0 0 0 0 0 0 0 0 0 1 0
720	1	 1 1 1 1 0 1 1 1 1 1 0 0 0 0 0 1 0 0 0 1
720	5	 1 1 1 1 1 1 0 1 0 0 0 1 0 0 0 1 0 1 0 0
720	17	 1 0 1 1 1 1 0 1 1 0 0 1 0 0 0 1 1 1 0 0
720	8	 1 1 0 0 0 1 1 1 1 1 0 0 0 0 0 1 0 0 0 0
720	3	 1 0 1 1 1 0 1 1 1 0 1 1 0 0 0 0 0 0 0 0
720	8	 1 1 0 1 0 0 1 0 0 0 1 0 0 0 1 1 0 0 0 0
720	3	 1 1 0 1 1 1 0 1 1 1 0 0 0 0 0 1 0 0 0 0
720	3	 1 1 1 1 0 0 1 0 1 1 1 1 0 0 0 1 0 0 0 1
720	20	 1 1 1 1 1 0 1 1 1 0 1 1 0 0 0 0 0 0 0 0
720	5	 1 1 1 1 1 1 0 1 1 0 0 0 0 0 0 1 1 0 0 0
720	9	 1 1 1 1 0 0 0 1 0 1 1 0 0 1 0 1 0 0 0 0
720	4	 1 1 1 1 1 0 0 1 0 0 1 0 0 0 0 1 0 0 1 0
720	19	 1 1 1 1 0 0 1 0 0 0 1 0 0 0 0 1 0 0 0 0
720	2	 1 1 1 1 0 0 0 1 1 0 1 1 0 0 0 0 0 0 0 0
720	3	 1 1 1 0 1 0 0 1 0 0 1 0 0 0 0 1 0 0 0 0
720	5	 1 1 1 1 1 1 0 1 1 0 1 0 1 0 1 1 0 0 0 0
720	7	 1 1 1 1 0 1 1 1 1 1 0 0 0 0 1 1 0 0 0 1
720	8	 1 0 1 1 0 1 0 1 1 0 0 1 0 0 0 1 1 1 0 0
720	3	 1 1 1 1 0 1 0 1 1 0 1 0 0 0 0 1 0 0 0 0
720	2	 1 1 1 1 1 1 0 1 1 0 0 1 1 0 0 1 0 0 0 0
720	15	 1 0 1 1 0 1 1 1 1 1 0 0 1 0 0 1 0 0 0 0
720	9	 1 0 1 1 1 1 0 1 1 0 0 0 0 0 0 1 0 0 0 0
720	3	 1 1 1 1 1 0 1 0 0 1 1 0 1 1 0 1 1 0 0 0
720	3	 1 1 1 1 1 1 1 0 0 1 0 1 0 1 0 1 0 0 0 0
720	1	 1 1 1 1 1 1 0 1 1 0 0 0 0 0 0 1 0 0 0 1
720	5	 1 1 1 1 0 0 1 0 0 0 1 0 0 0 1 1 0 0 1 0
720	4	 0 1 1 1 0 0 1 0 0 0 1 0 0 0 1 1 0 0 0 0
720	2	 1 0 1 1 1 1 0 1 1 0 0 1 0 0 0 0 1 1 0 0
720	6	 1 1 1 1 1 1 1 0 0 1 1 0 0 1 0 1 1 0 0 0
720	2	 1 1 1 1 1 1 0 1 1 0 0 0 0 1 0 1 0 0 0 1
720	2	 1 0 1 1 1 1 0 1 1 0 0 0 0 0 0 1 1 0 0 0
720	18	 1 1 1 1 0 0 1 0 1 1 0 1 0 0 0 1 0 0 0 1
720	2	 1 1 1 1 1 0 0 1 1 1 1 0 0 1 0 1 0 0 0 0
720	5	 1 1 1 1 1 1 0 0 1 0 0 1 0 0 0 1 0 0 0 0
720	3	 1 1 1 1 1 1 0 1 1 0 0 1 0 0 0 1 0 1 0 0
720	6	 1 1 1 1 1 1 0 1 1 0 0 0 0 0 1 1 0 0 0 0
720	7	 1 1 1 1 0 1 1 1 0 1 0 0 0 0 0 1 1 0 0 0
720	6	 1 1 1 1 0 1 1 1 1 1 0 0 0 0 0 1 1 0 1 0
720	4	 1 0 1 1 0 1 1 1 1 1 0 0 1 0 1 1 0 0 0 0
720	8	 1 0 0 1 1 1 0 1 1 0 0 0 0 0 0 1 0 0 0 0
720	8	 1 1 0 1 1 0 0 1 1 0 1 1 0 0 0 1 0 0 0 1
720	1	 0 1 1 1 0 1 0 1 1 1 1 0 0 0 0 1 0 0 0 0
720	2	 1 1 0 1 1 1 0 1 1 0 1 0 0 0 0 1 0 0 0 0
720	10	 1 1 1 1 1 0 0 1 0 0 1 0 0 0 0 1 0 0 0 1
720	2	 1 1 1 1 1 1 0 1 1 0 0 0 0 0 0 1 0 1 0 0
720	2	 1 1 0 1 1 0 0 1 1 1 1 1 0 0 0 0 0 0 0 0
720	3	 1 0 1 1 0 1 0 1 0 0 0 1 0 0 0 1 1 1 0 0
720	2	 0 1 1 1 1 1 1 0 0 1 1 0 0 1 0 1 1 0 0 0
720	1	 1 1 1 0 0 0 1 0 0 0 1 0 0 0 1 1 0 0 0 0
720	2	 1 1 1 1 0 1 0 1 0 0 0 1 0 0 0 1 0 0 0 0
720	9	 0 1 1 1 1 0 0 1 0 0 1 0 1 0 0 1 0 0 0 0
720	2	 1 0 1 1 1 1 0 0 1 0 0 1 0 0 0 1 1 0 0 0
720	1	 0 1 1 1 0 0 1 1 1 1 0 0 0 0 0 1 1 0 0 0
720	3	 1 1 1 1 1 1 0 0 0 1 1 0 0 1 0 1 1 0 0 0
720	9	 1 1 1 1 0 1 1 1 1 0 0 1 0 0 0 1 0 0 0 0
720	4	 1 1 1 1 1 0 0 0 1 1 1 0 0 1 0 1 1 0 0 0
720	6	 1 1 1 1 1 1 0 1 0 0 1 0 1 0 0 1 0 0 0 0
720	1	 1 0 1 1 1 1 0 1 1 0 0 1 0 1 0 1 1 1 0 0
720	1	 1 1 1 1 0 0 1 0 0 0 1 0 0 0 0 1 1 0 0 0
720	1	 1 1 1 1 0 0 1 0 0 0 1 1 0 0 1 1 0 0 1 0
720	3	 1 1 1 1 0 0 0 1 1 1 1 0 0 0 0 0 0 0 0 0
720	1	 1 1 1 0 0 1 0 1 1 1 1 0 0 0 0 1 0 0 0 0
720	6	 1 1 1 1 0 1 1 1 1 1 0 1 0 0 0 1 0 0 0 0
720	8	 1 1 1 1 1 0 0 0 1 0 0 0 0 0 1 1 0 0 0 1
720	1	 0 1 1 1 0 0 0 1 1 1 1 0 0 1 0 0 0 0 0 0
720	4	 1 0 1 1 0 1 0 1 1 0 0 1 0 0 0 1 1 0 0 0
720	2	 1 1 1 1 0 1 0 1 1 0 1 0 0 0 0 1 0 0 1 0
720	3	 1 0 1 1 0 0 0 0 1 1 1 1 0 0 0 1 0 0 0 0
720	14	 1 1 1 1 1 1 0 1 1 0 0 0 0 0 0 0 0 0 0 0
720	2	 1 0 1 1 1 0 0 1 1 0 0 1 0 0 0 1 0 0 0 0
720	2	 0 1 1 1 1 0 0 1 1 0 1 0 0 0 0 1 0 0 0 0
720	1	 1 0 1 1 1 1 0 1 1 0 1 1 0 0 0 1 1 0 0 0
720	1	 1 1 0 1 1 1 1 0 0 1 0 1 0 1 0 1 0 0 0 0
720	2	 1 1 1 1 1 0 0 1 1 0 1 1 0 0 0 1 0 0 0 1
720	1	 1 1 1 1 1 1 0 1 1 0 0 1 0 0 0 1 0 0 0 1
720	5	 1 0 1 1 0 0 1 1 1 1 1 1 0 0 0 1 0 0 0 0
720	1	 1 1 0 1 1 0 0 1 1 1 0 0 0 0 0 1 0 0 0 0
720	4	 1 1 0 1 0 1 1 1 1 1 0 0 1 0 0 1 0 0 0 0
720	1	 0 1 1 1 1 0 0 0 0 0 1 0 0 0 0 1 0 0 0 0
720	3	 1 1 1 1 1 1 0 1 0 0 0 0 0 0 0 1 0 0 0 0
720	1	 1 1 1 1 1 0 0 1 1 0 0 0 0 0 0 1 0 0 0 0
720	4	 1 1 1 1 1 1 0 1 0 0 0 1 0 0 0 1 0 0 0 0
720	1	 1 0 1 0 1 0 0 1 0 0 1 1 0 0 1 1 0 0 0 0
720	5	 1 1 1 1 0 1 1 1 0 1 0 0 0 0 1 1 0 0 0 0
720	1	 0 1 1 1 0 0 1 1 1 1 1 1 0 0 0 1 0 0 0 0
720	2	 1 1 1 1 0 0 1 1 1 1 1 1 0 0 0 1 1 0 0 0
720	2	 1 1 1 1 0 1 0 1 1 0 0 0 0 0 0 1 0 0 0 0
720	1	 1 1 1 1 1 1 0 1 1 1 0 0 0 0 0 1 1 0 0 0
720	1	 1 1 1 1 0 0 0 1 0 1 1 0 0 1 0 1 0 0 0 1
720	1	 1 1 1 1 1 1 1 0 0 1 1 1 0 0 0 1 0 0 0 0
720	2	 1 1 1 1 0 0 1 0 0 0 0 0 0 0 0 1 0 0 0 0
720	2	 1 1 1 1 0 1 1 0 1 1 0 0 0 0 0 1 0 0 0 0
720	1	 1 1 1 1 0 0 0 0 0 0 1 0 0 0 1 1 0 0 0 0
720	2	 1 1 1 0 0 1 1 1 1 1 0 0 0 0 0 1 1 0 0 0
880	24	 1 1 1 1 1 1 0 1 0 0 0 0 0 0 0 1 0 0 0 0
880	12	 1 1 1 1 0 1 1 1 1 0 0 0 0 0 0 1 0 0 0 0
880	3	 1 1 1 1 1 1 1 1 0 1 0 1 0 1 0 1 0 0 0 0
880	11	 1 1 1 1 0 0 1 1 0 0 0 1 0 0 0 1 0 0 0 0
880	2	 0 1 0 1 1 1 0 1 0 0 0 0 0 0 0 1 0 1 0 0
880	52	 1 1 1 1 0 1 1 0 1 0 0 0 0 0 0 1 0 0 0 0
880	35	 1 1 1 1 1 1 0 1 1 0 0 0 0 0 0 1 0 0 0 0
880	27	 1 1 1 1 0 0 1 1 0 1 0 1 0 0 0 1 0 0 0 0
880	6	 1 1 1 1 0 1 1 1 1 1 1 0 0 0 0 1 0 0 0 0
880	46	 1 1 1 1 0 1 1 1 0 0 0 0 0 0 0 1 0 0 0 0
880	14	 1 1 0 1 1 0 0 1 0 0 0 0 0 0 0 1 0 0 0 0
880	24	 1 1 1 1 1 1 0 1 1 0 0 0 1 0 0 1 0 0 0 0
880	45	 1 1 1 1 1 1 0 1 0 0 0 0 0 0 0 0 0 0 0 0
880	4	 1 1 1 1 1 0 0 1 0 0 0 0 0 0 0 1 0 0 0 0
880	5	 1 1 1 1 0 1 1 1 0 0 0 0 0 0 0 0 0 0 0 0
880	21	 1 1 1 1 1 1 0 1 1 0 0 1 0 0 0 1 0 0 0 0
880	57	 1 1 1 1 0 1 1 1 1 0 0 1 0 0 0 1 0 0 0 0
880	22	 1 1 1 1 0 1 1 1 0 0 0 0 0 1 0 1 0 0 0 0
880	28	 1 1 1 1 0 1 1 1 1 0 0 0 0 1 0 1 0 0 0 0
880	1	 1 1 1 1 1 1 1 1 0 0 0 1 0 1 0 1 0 0 1 0
880	34	 1 1 1 1 0 0 0 1 0 0 0 1 0 0 0 1 0 0 0 0
880	13	 1 1 0 1 1 1 0 1 1 0 0 0 1 0 0 1 0 0 0 0
880	7	 1 1 1 1 0 1 0 1 1 1 0 0 1 0 0 1 0 0 0 0
880	9	 1 1 1 1 0 1 1 1 1 1 0 0 0 0 0 1 0 0 0 0
880	6	 1 1 1 1 0 1 1 1 1 0 0 0 0 1 0 0 0 0 0 0
880	26	 1 1 1 1 0 1 1 1 0 0 1 0 1 0 1 1 1 0 0 0
880	3	 1 1 0 1 0 1 1 1 0 0 0 0 0 0 0 1 0 0 0 0
880	5	 0 1 1 1 1 1 0 1 0 0 1 0 0 1 0 1 0 0 0 0
880	3	 1 1 1 1 1 0 0 1 0 0 0 0 0 0 0 0 0 0 0 0
880	3	 1 1 1 1 0 0 1 1 1 0 0 1 0 0 0 1 0 0 0 0
880	22	 1 1 1 1 1 1 0 0 1 0 0 0 0 0 0 1 0 1 0 0
880	3	 1 1 1 1 0 1 1 1 0 0 0 1 0 0 0 1 0 0 1 0
880	3	 1 1 1 1 0 1 1 0 1 0 0 1 0 0 0 1 0 0 0 0
880	2	 1 1 1 1 1 1 0 1 1 0 0 0 0 0 0 1 0 0 0 1
880	9	 1 1 1 1 1 1 0 1 0 1 0 1 0 1 0 1 0 0 0 0
880	19	 1 0 0 1 1 0 0 0 0 0 1 0 0 0 0 1 0 1 0 0
880	6	 1 1 0 1 1 1 0 1 1 0 0 0 0 0 0 1 0 0 0 0
880	7	 1 1 1 1 0 1 1 0 0 0 0 0 0 0 0 1 0 1 0 0
880	8	 1 1 1 1 1 1 0 0 1 0 0 1 0 0 0 1 0 0 0 0
880	4	 1 1 1 1 0 1 0 1 1 0 0 0 0 0 0 1 0 0 0 0
880	10	 1 1 1 1 0 1 1 0 1 0 0 0 1 0 0 1 0 0 0 0
880	5	 1 1 1 1 1 1 0 1 0 0 1 0 0 1 0 1 0 0 0 0
880	9	 1 1 0 1 0 0 0 1 0 0 0 1 0 0 0 1 0 0 0 0
880	16	 1 1 1 1 1 1 1 1 1 0 0 0 0 0 0 1 0 0 0 0
880	8	 1 1 1 1 1 1 0 1 0 0 0 1 0 0 0 1 0 0 0 0
880	2	 1 1 1 1 0 1 0 1 1 0 0 0 0 0 0 1 0 1 0 0
880	12	 1 1 1 1 1 1 1 1 1 1 0 0 0 0 0 1 0 0 0 0
880	6	 0 1 1 1 0 0 0 1 0 0 0 1 0 0 1 1 1 0 1 0
880	1	 1 1 1 1 0 1 0 1 1 0 0 0 0 0 0 0 0 0 0 0
880	2	 1 1 0 1 1 0 0 1 0 0 0 0 1 0 1 1 1 0 0 0
880	4	 1 1 1 1 1 1 1 1 0 0 0 1 0 0 0 1 0 0 0 0
880	9	 1 0 0 1 1 0 0 0 0 0 1 0 0 0 0 1 0 0 0 0
880	1	 1 1 0 1 0 0 0 1 0 0 0 1 0 0 0 1 0 0 0 1
880	1	 1 1 1 1 1 0 0 1 0 0 0 0 0 0 0 1 0 1 0 0
880	3	 1 1 1 1 0 0 1 0 0 0 0 0 0 1 0 1 0 0 0 0
880	8	 1 1 1 1 1 1 0 1 0 0 1 0 0 0 0 1 0 0 0 0
880	39	 1 1 1 1 0 1 1 1 1 0 0 1 1 0 0 1 0 0 0 0
880	6	 1 1 1 1 0 0 1 0 0 0 0 0 0 0 0 1 0 0 0 0
880	5	 1 1 1 1 1 1 0 1 0 0 1 0 0 0 0 0 0 0 0 0
880	2	 0 1 1 1 0 1 1 1 1 0 0 0 0 0 0 1 0 0 0 0
880	10	 1 1 1 1 0 1 1 1 0 1 1 0 0 0 0 1 0 0 0 0
880	6	 0 1 1 1 1 1 1 1 0 0 0 1 0 1 0 1 0 0 1 0
880	5	 1 1 1 1 1 1 1 1 0 0 0 1 0 1 0 1 0 0 0 0
880	4	 1 1 1 1 1 1 0 1 0 0 0 0 0 0 0 1 0 1 0 0
880	1	 0 1 1 1 1 0 0 1 0 0 0 0 0 0 0 1 0 0 0 0
880	16	 1 1 1 1 0 1 1 1 1 1 1 0 1 0 0 1 0 0 0 0
880	5	 1 1 1 1 1 1 0 1 0 1 0 1 0 0 0 1 0 0 0 0
880	7	 1 1 1 1 1 0 0 0 0 1 1 1 0 1 0 1 0 0 0 1
880	3	 1 1 1 1 1 1 0 1 1 0 0 1 1 0 0 1 0 0 0 0
880	5	 1 1 1 1 1 1 0 1 1 0 0 0 0 0 0 1 0 0 1 1
880	5	 1 1 1 1 1 1 0 1 1 1 0 0 0 0 0 1 0 1 0 0
880	6	 1 1 1 1 0 0 0 1 0 0 0 0 0 0 0 1 0 0 0 0
880	4	 1 1 1 1 0 1 1 0 0 0 0 0 0 0 0 1 0 0 0 0
880	1	 1 1 1 1 0 1 1 1 1 0 0 1 0 0 0 0 0 0 0 0
880	4	 1 1 1 1 1 0 0 1 0 0 0 0 1 0 1 1 1 0 0 0
880	5	 1 1 1 1 1 0 0 1 0 0 0 1 0 0 0 1 0 0 0 0
880	1	 1 1 1 1 0 0 0 1 0 0 0 0 0 1 0 1 0 0 0 0
880	5	 1 1 0 1 1 1 0 1 1 0 0 0 0 1 0 1 0 0 0 0
880	6	 1 1 1 1 1 1 0 1 1 0 0 0 0 1 0 0 0 0 0 0
880	4	 1 1 1 1 0 0 1 1 0 0 0 1 0 0 0 1 1 0 0 0
880	7	 1 1 0 1 1 0 0 1 1 0 0 0 1 0 0 1 0 0 0 0
880	2	 0 1 1 1 0 1 1 1 0 0 0 1 0 0 0 1 0 0 1 0
880	11	 1 1 1 1 1 1 0 1 1 0 0 0 0 0 0 1 0 1 0 0
880	1	 1 1 1 1 0 0 1 1 0 1 0 1 0 1 0 1 0 0 0 0
880	4	 1 1 1 1 0 1 0 1 1 0 0 0 0 1 0 1 0 0 0 0
880	2	 1 1 1 1 1 1 1 1 0 0 1 0 1 0 1 1 1 0 0 0
880	3	 1 1 0 1 0 1 1 1 1 0 0 0 0 0 0 1 0 0 0 0
880	1	 1 1 1 1 1 1 1 1 0 0 0 0 0 0 0 0 0 0 0 0
880	1	 1 0 1 1 1 1 1 1 0 1 0 1 0 1 0 1 0 0 0 0
880	6	 1 1 0 1 1 1 0 1 1 0 0 1 0 0 0 1 0 0 0 0
880	1	 1 1 1 1 0 1 0 0 1 0 0 1 0 0 0 1 0 0 0 0
880	1	 1 1 1 1 1 0 0 1 0 0 0 0 0 0 0 1 1 0 0 0
880	2	 1 1 1 1 0 1 1 1 1 0 0 0 1 0 0 1 0 0 0 0
880	1	 1 1 1 1 0 1 1 0 0 0 1 0 1 0 1 1 1 0 0 0
880	2	 1 1 0 1 1 1 0 1 1 0 0 1 0 1 0 1 0 0 1 0
880	2	 0 1 1 1 0 0 0 1 0 0 0 1 0 0 0 1 0 0 0 0
880	4	 1 0 0 1 1 0 0 0 0 0 1 0 0 0 1 1 0 1 0 0
880	4	 1 1 0 1 1 0 0 1 0 0 1 0 1 0 1 1 1 0 0 0
880	1	 0 1 1 1 0 1 1 1 1 0 0 0 1 0 0 1 0 0 0 0
880	2	 1 1 0 1 1 0 0 1 1 0 0 0 1 0 1 1 1 0 1 0
880	2	 1 1 1 1 0 0 1 1 0 0 0 1 0 1 0 1 0 0 0 0
880	4	 1 1 1 1 0 1 1 1 0 0 0 0 1 0 1 1 1 0 0 0
880	1	 0 1 1 1 1 1 0 1 1 1 0 0 0 0 0 1 0 0 0 0
880	4	 1 0 0 1 1 0 0 1 0 0 0 0 0 0 0 1 0 1 0 0
880	1	 1 1 1 1 0 0 1 0 0 0 0 0 0 0 0 1 0 1 0 0
880	2	 0 1 1 1 0 1 1 1 0 0 1 0 1 0 1 1 1 0 0 0
880	4	 1 1 1 1 0 0 1 1 1 1 0 1 0 0 0 1 0 0 0 0
880	1	 1 1 0 1 1 0 0 1 0 0 0 0 0 0 0 1 0 0 1 0
880	3	 1 1 1 1 0 0 0 1 0 0 0 1 0 1 0 1 0 0 0 0
880	4	 1 0 0 1 1 1 0 1 1 0 0 0 1 0 0 1 0 0 0 0
880	1	 1 1 1 1 0 0 1 1 1 0 0 1 0 0 1 1 0 0 0 0
880	1	 1 1 1 1 0 1 1 1 0 0 0 0 0 0 0 1 0 0 1 0
880	3	 1 1 1 1 0 1 1 0 1 0 0 1 0 0 0 1 1 0 0 0
880	1	 1 1 1 1 0 1 1 0 0 0 0 0 0 0 0 0 0 1 0 0
880	2	 1 1 0 1 0 0 0 1 0 0 0 1 0 0 0 1 1 0 0 0
880	2	 1 1 1 1 1 1 0 1 0 0 0 1 0 1 0 1 0 0 0 0
880	1	 1 1 1 1 1 1 1 1 1 0 0 0 0 1 0 0 0 0 0 0
880	1	 1 1 0 1 0 0 0 1 0 0 0 1 0 1 0 1 0 0 0 0
880	3	 1 1 0 1 1 0 0 1 0 0 0 0 0 0 1 1 0 0 0 0
880	2	 1 1 1 0 1 1 0 1 1 0 0 1 0 0 0 1 0 0 0 0
880	3	 1 1 1 1 1 1 0 1 1 0 0 1 0 0 0 1 0 0 0 1
880	1	 1 1 1 1 1 1 0 1 1 0 0 1 0 1 0 1 0 0 0 0
880	1	 1 1 1 1 0 1 1 1 1 0 0 1 0 1 0 1 0 0 0 0
880	1	 1 1 1 1 1 1 1 1 0 0 0 1 0 1 0 1 1 0 1 0
880	1	 1 1 0 1 1 1 0 1 0 0 0 0 1 0 0 1 0 0 0 0
880	1	 1 1 1 1 0 1 0 1 1 1 0 1 1 0 0 1 0 0 0 0
880	1	 1 1 0 1 0 1 1 1 0 0 0 0 0 0 0 1 0 0 0 1
880	1	 0 1 1 1 1 1 0 1 0 0 1 0 0 0 0 1 0 0 0 0
880	1	 1 1 1 1 0 1 1 1 0 0 0 1 0 0 0 1 0 1 1 0
880	1	 1 0 0 1 1 0 0 0 0 0 1 0 0 0 0 1 1 1 0 0
880	2	 1 1 0 1 1 0 0 1 0 0 0 0 1 0 1 1 1 1 0 0
880	1	 1 1 1 1 1 1 0 1 0 1 1 0 0 0 0 0 0 0 0 0
880	1	 1 1 1 1 1 0 0 0 0 0 1 1 0 1 0 1 0 0 0 1
1000	25	 1 1 1 1 1 1 0 1 0 0 0 0 0 0 0 1 0 0 0 0
1000	18	 1 1 1 1 0 1 1 1 1 0 0 0 0 0 0 1 0 0 0 0
1000	19	 1 1 1 1 0 0 1 1 0 0 0 1 0 0 0 1 0 0 0 0
1000	52	 1 1 1 1 0 1 1 1 1 0 0 1 0 0 0 1 0 0 0 0
1000	12	 1 1 1 1 0 1 1 1 1 0 0 1 0 1 0 1 0 0 0 0
1000	16	 1 1 1 1 1 1 1 1 0 0 0 0 0 1 0 1 0 0 0 0
1000	9	 1 1 1 1 1 1 1 1 0 0 0 1 0 1 0 1 0 0 0 0
1000	15	 1 1 1 1 1 1 0 1 0 0 0 0 1 0 0 1 0 0 0 0
1000	34	 1 1 0 1 1 1 1 1 0 0 0 0 0 1 0 1 0 0 0 0
1000	35	 1 1 1 1 0 1 1 1 1 0 0 1 0 1 1 1 0 0 0 0
1000	45	 1 1 1 1 0 1 0 0 1 0 0 0 0 0 1 0 0 0 0 0
1000	3	 1 1 1 1 1 1 0 1 0 0 0 0 0 0 0 1 0 0 0 1
1000	29	 1 1 1 1 0 1 0 1 0 0 0 1 0 0 0 1 0 0 0 0
1000	25	 1 1 1 1 1 1 1 1 0 0 0 0 0 0 0 1 0 0 0 0
1000	9	 1 1 1 1 1 1 1 1 1 0 0 0 0 0 0 1 1 0 0 0
1000	16	 1 1 1 0 0 1 1 1 1 0 0 1 1 0 0 1 0 0 0 0
1000	6	 1 1 1 1 0 1 1 1 1 0 0 1 1 1 0 1 0 0 0 0
1000	7	 1 1 0 0 0 1 1 1 1 0 0 1 1 0 0 1 0 0 0 0
1000	38	 1 1 1 1 0 1 1 1 0 0 0 1 0 0 0 1 0 0 0 0
1000	17	 1 1 1 0 1 1 1 1 0 0 0 0 0 1 0 1 0 0 0 0
1000	7	 1 1 1 1 1 1 1 1 1 0 0 0 0 0 0 0 1 0 0 0
1000	16	 1 1 1 1 1 1 1 1 0 0 0 0 0 1 0 1 1 0 0 0
1000	9	 1 1 1 1 1 1 1 1 0 0 0 1 0 0 1 0 0 0 0 0
1000	1	 1 1 1 1 1 1 1 0 0 0 0 0 0 0 0 1 0 0 0 0
1000	24	 1 1 1 1 0 1 1 1 1 0 0 1 0 0 1 0 0 0 0 0
1000	8	 1 1 1 1 1 1 0 1 1 0 0 0 0 1 1 1 0 0 0 0
1000	7	 1 1 0 1 1 1 1 1 0 0 0 1 0 1 0 1 0 0 0 0
1000	28	 1 1 1 1 1 1 1 0 0 0 0 0 0 1 0 1 0 0 0 0
1000	50	 1 1 1 1 1 1 1 1 0 0 0 0 0 0 1 0 0 0 0 0
1000	1	 1 1 1 1 0 1 1 0 1 0 0 0 0 0 0 1 0 0 0 0
1000	17	 1 1 0 1 1 1 1 1 1 0 0 1 1 0 0 1 0 0 0 0
1000	7	 1 1 1 0 0 1 1 1 1 0 0 1 0 0 0 1 0 0 0 0
1000	4	 1 0 1 1 0 0 1 1 0 0 0 1 0 0 0 1 0 0 0 0
1000	24	 1 1 1 1 1 1 0 1 0 0 0 0 1 1 0 1 0 0 0 0
1000	14	 1 1 1 1 0 1 1 1 1 0 0 1 1 1 1 1 0 0 0 0
1000	14	 1 1 1 1 0 0 0 1 0 0 0 0 1 0 0 1 0 0 0 0
1000	5	 1 1 1 1 1 1 1 1 1 0 0 0 0 0 0 1 0 0 0 0
1000	1	 1 0 1 1 0 1 1 1 1 0 0 1 0 0 0 1 0 0 0 0
1000	2	 1 1 0 0 0 1 1 0 1 0 0 1 1 0 0 1 0 0 0 0
1000	8	 1 0 1 1 1 1 0 1 0 0 0 0 0 0 1 1 0 0 0 0
1000	16	 1 1 1 1 1 1 0 0 1 0 0 0 0 0 0 0 0 0 0 0
1000	2	 1 1 1 1 0 1 1 1 1 0 0 0 0 0 0 1 0 0 1 0
1000	5	 1 1 1 1 1 1 1 1 0 1 0 0 0 1 0 1 0 0 0 0
1000	4	 1 1 1 1 0 1 1 1 1 0 0 1 0 0 1 0 0 0 0 1
1000	13	 1 1 1 1 1 1 1 1 1 0 0 0 0 1 0 1 0 0 0 0
1000	32	 1 1 1 1 0 1 1 1 1 0 0 0 0 0 0 0 1 0 0 0
1000	5	 1 1 1 1 1 1 0 1 1 0 0 0 0 1 0 1 0 0 1 0
1000	9	 1 1 1 1 1 1 1 0 0 0 0 1 0 0 0 1 0 0 0 0
1000	2	 1 1 1 1 1 1 1 1 0 0 1 0 0 0 1 0 0 0 0 0
1000	3	 1 1 1 1 0 0 1 1 1 0 0 1 0 1 0 1 0 0 0 0
1000	1	 1 1 1 1 1 1 0 1 0 0 0 0 0 0 0 1 0 1 0 0
1000	16	 1 1 1 1 0 1 1 1 1 0 0 1 1 1 1 1 1 0 0 0
1000	6	 1 1 1 1 0 1 1 1 1 0 1 0 0 0 0 1 0 0 0 1
1000	1	 0 1 1 1 0 1 1 1 1 0 0 1 0 0 0 1 0 0 0 0
1000	6	 1 1 0 1 1 1 0 1 1 0 0 0 0 0 0 0 0 0 0 0
1000	2	 1 1 1 1 0 1 1 1 1 0 0 1 0 0 0 1 1 0 0 0
1000	8	 0 1 1 1 0 1 0 0 1 0 0 0 1 0 1 0 0 0 0 0
1000	14	 1 1 1 1 0 1 0 0 1 0 0 0 0 0 0 1 0 0 0 0
1000	4	 1 1 1 1 0 1 1 1 1 0 0 1 0 1 1 1 0 0 0 1
1000	6	 1 1 1 0 1 1 1 1 0 0 0 1 0 1 0 1 0 0 0 0
1000	1	 0 1 1 1 0 0 1 1 0 0 0 1 0 0 0 1 0 0 0 0
1000	3	 1 1 1 0 0 1 1 1 1 0 0 1 0 1 0 1 0 0 0 0
1000	5	 1 1 1 1 0 1 1 1 0 0 0 1 0 1 1 1 0 0 0 0
1000	4	 1 1 1 1 0 0 0 1 1 0 0 1 0 0 0 1 0 0 1 0
1000	1	 1 1 0 1 1 1 0 1 1 0 0 0 0 1 0 1 0 0 0 0
1000	4	 1 1 1 0 1 1 1 1 0 0 0 0 0 1 1 0 0 0 0 0
1000	25	 1 0 1 1 1 1 1 1 0 0 0 0 0 0 0 1 0 0 0 0
1000	2	 1 1 1 1 1 1 0 0 0 0 1 0 0 1 0 1 0 0 0 0
1000	3	 1 1 1 1 0 1 1 1 0 1 0 1 0 0 0 1 0 0 0 0
1000	3	 1 1 1 1 1 1 0 1 0 0 0 1 0 0 0 1 0 0 0 0
1000	3	 1 1 1 1 1 1 1 1 0 0 0 0 0 1 1 1 0 0 0 0
1000	7	 1 1 1 0 1 1 0 1 1 0 0 0 0 1 0 1 0 0 0 0
1000	3	 0 1 0 1 1 1 1 1 0 0 0 1 0 1 0 1 0 0 0 0
1000	7	 1 1 1 1 0 1 1 1 0 0 0 1 0 0 1 0 0 0 0 0
1000	2	 1 1 1 1 0 1 0 0 1 0 0 0 0 0 1 0 0 1 0 0
1000	6	 1 1 1 1 1 1 1 1 1 0 0 0 1 0 0 1 1 0 0 0
1000	5	 1 1 1 1 0 1 1 1 0 0 0 1 0 0 0 1 1 0 0 0
1000	13	 1 1 1 1 0 1 1 1 1 0 0 0 0 1 0 1 0 0 0 0
1000	10	 1 1 1 1 0 0 1 1 0 0 0 1 0 0 1 1 0 0 0 0
1000	1	 1 1 1 1 0 1 1 1 1 0 0 1 0 0 0 0 0 0 0 0
1000	2	 1 1 1 1 1 1 1 1 0 0 0 0 0 1 1 0 0 0 0 0
1000	1	 1 1 1 1 0 1 0 1 0 0 0 1 0 0 0 1 0 1 0 1
1000	1	 1 0 1 1 1 1 1 1 1 0 0 0 0 1 0 1 0 0 0 0
1000	2	 1 1 1 1 0 0 1 1 1 0 0 1 0 1 0 1 1 0 0 0
1000	1	 1 1 1 1 1 1 0 1 1 0 0 0 0 1 1 1 0 0 1 1
1000	2	 1 1 1 1 1 1 0 0 1 0 0 1 0 0 0 1 0 0 0 0
1000	1	 0 1 1 1 0 1 0 0 1 0 0 1 0 0 0 1 0 0 0 0
1000	2	 1 1 1 1 1 1 0 1 1 0 0 0 0 0 0 1 0 0 0 0
1000	4	 0 1 1 1 1 1 1 0 0 0 0 0 0 1 0 1 0 0 0 0
1000	5	 0 1 1 1 1 1 1 1 0 0 0 0 0 0 1 0 0 0 0 0
1000	1	 1 1 0 1 1 1 1 1 1 0 0 1 1 0 0 1 1 0 0 0
1000	2	 1 1 1 0 0 0 0 1 0 0 0 0 1 0 0 1 0 0 0 0
1000	1	 1 1 1 1 1 1 0 0 1 0 0 1 0 0 0 1 1 0 0 0
1000	2	 1 0 1 1 0 1 1 1 1 0 0 1 0 1 0 1 0 0 0 0
1000	2	 1 1 0 1 1 1 1 1 0 0 0 0 0 1 0 1 0 0 1 0
1000	2	 1 1 1 1 0 0 0 0 1 0 0 0 0 0 1 0 0 0 0 0
1000	1	 1 1 1 1 1 1 1 0 0 0 1 0 0 1 0 1 0 0 0 0
1000	1	 1 1 1 0 0 1 0 1 0 0 0 1 0 0 0 1 0 0 0 1
1000	1	 1 1 1 1 0 1 0 1 0 0 0 0 1 0 0 1 0 0 0 0
1000	2	 1 0 1 0 1 1 0 1 0 0 0 0 0 0 1 1 0 0 0 0
1000	2	 1 1 1 1 0 1 0 0 1 0 0 0 0 0 0 1 0 1 0 0
1000	1	 1 1 1 0 0 1 1 0 1 0 0 1 1 0 0 1 0 0 0 0
1000	2	 1 1 1 1 0 1 0 1 1 0 0 1 0 0 0 1 0 0 0 0
1000	1	 1 1 1 1 1 1 1 1 0 0 0 1 0 1 0 1 0 1 0 0
1000	1	 1 1 1 1 0 1 0 0 1 0 0 0 0 0 1 0 0 0 1 0
1000	1	 1 1 1 1 0 1 0 1 0 0 0 1 0 0 1 1 0 0 0 0
1000	1	 1 1 0 1 1 1 1 1 0 0 0 1 0 0 1 0 0 0 0 0
1000	1	 1 1 1 1 1 1 0 1 1 0 0 1 0 1 1 1 0 0 0 0
1000	2	 1 1 0 1 1 1 1 1 0 0 0 0 0 0 1 0 0 0 0 0
1000	2	 1 0 1 1 1 1 1 1 0 0 0 0 0 0 1 0 0 0 0 0
1000	1	 1 1 1 1 1 1 1 1 0 0 0 0 0 0 1 1 0 0 0 0
1000	1	 1 1 0 1 1 1 1 0 1 0 0 1 1 0 0 1 0 0 0 0
1000	1	 1 1 1 1 0 1 1 1 1 0 0 0 0 0 1 0 0 0 0 1
1000	4	 1 1 1 1 0 1 1 0 1 0 0 1 0 0 1 0 0 0 0 1
1000	3	 1 1 1 1 0 1 0 0 1 0 0 0 0 0 0 1 0 0 1 0
