-1.720000e-08
-5.389412e-05
-1.702529e-04
-4.617631e-05
2.703406e-04
-1.720000e-08
-7.025245e-05
-1.577954e-04
-7.252728e-04
9.533379e-04
-1.720000e-08
3.441804e-04
-1.972667e-05
-1.018000e-04
-2.226365e-04
3.095016e-03
-4.875959e-05
1.139366e-03
-4.665959e-05
-4.138963e-03
-1.720000e-08
-1.166227e-03
-1.510667e-05
1.193997e-03
-1.264667e-05
-6.937357e-05
1.965483e-04
-1.506047e-05
-1.004005e-04
-1.171380e-05
-6.937357e-05
-8.366713e-05
3.622083e-04
-8.367133e-06
-2.008005e-04
-1.720000e-08
-5.766667e-05
-1.673800e-04
-1.111116e-04
3.361754e-04
-1.720000e-08
1.656000e-03
-1.538667e-05
-1.628404e-03
-1.219167e-05
-1.720000e-08
-8.506667e-05
9.250849e-04
-9.766667e-06
-8.302344e-04
-1.720000e-08
-2.743466e-03
2.957460e-03
-9.570588e-06
-2.044059e-04
-1.720000e-08
-6.680955e-04
7.860593e-04
-1.006333e-04
-1.731333e-05
-1.720000e-08
-5.253333e-05
2.193996e-04
-5.043333e-05
-1.164157e-04
-1.720000e-08
5.264908e-04
-1.533882e-05
-4.988653e-04
-1.226941e-05
-1.720000e-08
-5.626667e-05
-6.542181e-04
-4.576667e-05
7.562686e-04
-1.720000e-08
-5.626667e-05
-6.542181e-04
-4.576667e-05
7.562686e-04
-1.720000e-08
-8.348333e-05
-2.675006e-03
-1.174583e-05
2.770252e-03
-1.720000e-08
-3.053585e-04
-1.619008e-04
-5.492941e-05
5.222059e-04
-1.720000e-08
1.014714e-03
-8.024034e-04
-1.116667e-05
-2.011267e-04
-1.720000e-08
-1.164917e-04
-1.225825e-04
2.476251e-03
-2.237160e-03
-1.720000e-08
5.408778e-03
-1.438000e-05
-5.380553e-03
-1.382750e-05
-1.720000e-08
-1.622808e-02
-3.755686e-06
1.626295e-02
-3.109201e-05
-1.720000e-08
1.922048e-03
-1.538667e-05
-1.894452e-03
-1.219167e-05
-1.720000e-08
-9.010877e-04
-2.093333e-06
9.369916e-04
-3.379333e-05
-1.720000e-08
-5.253333e-05
8.603618e-05
-5.043333e-05
1.694768e-05
-1.720000e-08
-5.276667e-05
-7.395280e-04
-5.014167e-05
8.424535e-04
-1.720000e-08
-5.253333e-05
-4.350801e-05
-5.043333e-05
1.464919e-04
-1.720000e-08
-1.272528e-02
-1.519765e-05
1.275299e-02
-1.249882e-05
-1.720000e-08
-5.389412e-05
-1.702529e-04
-4.617631e-05
2.703406e-04
-1.720000e-08
-5.766667e-05
-1.673800e-04
9.388256e-04
-7.137617e-04
-1.720000e-08
5.287660e-04
-2.093333e-06
-4.928621e-04
-3.379333e-05
-1.720000e-08
-6.795833e-05
-1.595425e-04
3.069979e-03
-2.842460e-03
-1.720000e-08
-5.253333e-05
1.126784e-03
-5.043333e-05
-1.023800e-03
-1.720000e-08
-5.411667e-05
5.777728e-03
-4.845417e-05
-5.675140e-03
-1.720000e-08
-6.448716e-04
-2.466667e-06
6.805421e-04
-3.318667e-05
-1.720000e-08
4.360333e-04
-3.153628e-04
-9.806667e-05
-2.258667e-05
-1.720000e-08
-1.254790e-04
-1.510667e-05
1.532495e-04
-1.264667e-05
-1.720000e-08
-1.106880e-03
1.232964e-03
-9.293333e-05
-3.313333e-05
-1.720000e-08
-5.766667e-05
-1.673800e-04
3.368129e-04
-1.117490e-04
-1.720000e-08
-2.699404e-03
-2.234510e-06
2.735220e-03
-3.356392e-05
-1.720000e-08
-8.413333e-05
5.924067e-04
-1.093333e-05
-4.973228e-04
-1.720000e-08
1.695505e-04
-1.436000e-05
-1.413133e-04
-1.386000e-05
-1.720000e-08
1.509184e-03
-1.562096e-03
-2.003333e-05
7.296285e-05
-7.186489e-05
-2.528014e-04
-1.581400e-06
3.578491e-04
-3.160140e-05
-7.186489e-05
-4.740140e-05
-1.580014e-04
-4.740140e-05
3.246691e-04
-7.186489e-05
-4.740140e-05
-1.580014e-04
-4.740140e-05
3.246691e-04
-3.170696e-04
-7.515857e-04
-3.494267e-06
1.101650e-03
-2.950093e-05
-3.170696e-04
4.406991e-04
-1.464093e-05
-9.760093e-05
-1.138760e-05
-3.170696e-04
-4.880093e-05
-1.626676e-04
-4.880093e-05
5.773391e-04
-1.720000e-08
-7.665181e-04
-3.586667e-06
8.014886e-04
-3.136667e-05
-1.720000e-08
-8.564706e-05
-1.204909e-02
-9.041176e-06
1.214380e-02
-1.720000e-08
3.891141e-03
-5.340000e-06
-3.857266e-03
-2.851750e-05
-1.720000e-08
-2.930725e-03
-1.861176e-06
2.966774e-03
-3.417059e-05
-1.720000e-08
-5.195294e-05
-1.654469e-04
-5.115882e-05
2.685759e-04
-9.791055e-04
1.088554e-03
-1.296280e-05
-8.640280e-05
-1.008280e-05
-9.791055e-04
-2.304028e-04
-1.442800e-06
1.239754e-03
-2.880280e-05
-9.791055e-04
-4.320280e-05
-1.440028e-04
-4.320280e-05
1.209514e-03
5.520519e-04
1.033377e-03
-1.419795e-03
-9.303733e-06
-1.563304e-04
5.520519e-04
5.866442e-03
-7.580329e-03
-1.715790e-05
1.178993e-03
5.520519e-04
-4.040373e-05
-1.346704e-04
-4.040373e-05
-3.365740e-04
5.520519e-04
-6.733707e-05
-3.163740e-04
-6.737067e-06
-1.616037e-04
5.520519e-04
-2.094037e-04
-5.970400e-06
-1.412975e-03
1.076297e-03
5.520519e-04
-2.154704e-04
-1.350400e-06
-3.082940e-04
-2.693707e-05
5.520519e-04
-1.541717e-03
-2.639420e-06
1.017147e-03
-2.484241e-05
5.520519e-04
-4.496940e-04
-1.212373e-05
-8.080373e-05
-9.430400e-06
5.520519e-04
-3.420809e-03
-1.111707e-05
2.890941e-03
-1.106623e-05
-9.791055e-04
-6.550200e-03
1.537378e-03
6.015829e-03
-2.390113e-05
-9.791055e-04
-3.435742e-03
-1.120947e-05
4.438989e-03
-1.293197e-05
-9.791055e-04
2.740713e-03
-2.449467e-06
-1.731991e-03
-2.716697e-05
-9.791055e-04
-2.165611e-04
2.962123e-03
-1.725070e-03
-4.138613e-05
-9.791055e-04
9.631428e-04
-2.189467e-06
4.574168e-05
-2.758947e-05
-9.791055e-04
-4.571947e-05
2.832020e-03
-4.005697e-05
-1.767138e-03
-9.791055e-04
2.867385e-03
-2.822800e-06
-1.858896e-03
-2.656030e-05
-9.791055e-04
1.002116e-03
-2.189467e-06
6.768000e-06
-2.758947e-05
-9.791055e-04
-7.200280e-05
1.231114e-03
-7.202800e-06
-1.728028e-04
-1.720000e-08
1.174562e-03
-2.840000e-06
-1.139125e-03
-3.258000e-05
-1.720000e-08
7.163923e-04
-2.093333e-06
-6.804884e-04
-3.379333e-05
-1.720000e-08
-5.253333e-05
-4.350801e-05
-5.043333e-05
1.464919e-04
-1.720000e-08
-2.556102e-04
4.696038e-04
-9.570588e-06
-2.044059e-04
-1.720000e-08
-5.195294e-05
-1.963823e-03
-5.115882e-05
2.066952e-03
-1.720000e-08
-8.506667e-05
1.725252e-04
-9.766667e-06
-7.767468e-05
-1.720000e-08
-8.506667e-05
3.575421e-04
-9.766667e-06
-2.626916e-04
-1.720000e-08
1.656000e-03
-1.538667e-05
-1.628404e-03
-1.219167e-05
-1.720000e-08
-3.335449e-04
-2.093333e-06
3.694488e-04
-3.379333e-05
-1.720000e-08
-5.814084e-03
-1.447333e-05
5.842250e-03
-1.367583e-05
-1.720000e-08
-8.506667e-05
-6.923951e-04
-9.766667e-06
7.872456e-04
-1.720000e-08
-2.240798e-04
2.805629e-03
-4.898358e-05
-2.532548e-03
-1.720000e-08
7.163923e-04
-2.093333e-06
-6.804884e-04
-3.379333e-05
-1.720000e-08
-5.253333e-05
8.214123e-04
-5.043333e-05
-7.184284e-04
-1.720000e-08
-5.183333e-05
-1.962856e-03
-5.130833e-05
2.066015e-03
-1.720000e-08
-2.840378e-03
-1.447333e-05
2.868545e-03
-1.367583e-05
-1.720000e-08
-1.330041e-03
4.798864e-04
-7.870000e-05
9.288723e-04
-1.720000e-08
1.456914e-03
-1.247310e-03
-1.373333e-05
-1.958533e-04
-1.720000e-08
-4.802925e-05
-1.703941e-04
-5.212941e-05
2.705700e-04
-1.720000e-08
-4.802925e-05
-1.703941e-04
-5.212941e-05
2.705700e-04
-1.720000e-08
-5.195294e-05
-1.654469e-04
-5.115882e-05
2.685759e-04
-1.720000e-08
-8.794118e-05
2.962112e-04
-3.617482e-06
-2.046353e-04
-1.720000e-08
-1.166025e-03
-1.958549e-05
-9.584689e-05
1.281475e-03
-1.720000e-08
1.271664e-04
-1.708588e-05
-1.026706e-04
-7.392776e-06
-1.720000e-08
-8.794118e-05
2.962112e-04
-3.617482e-06
-2.046353e-04
-1.720000e-08
-2.693351e-04
-1.861176e-06
3.053841e-04
-3.417059e-05
-1.720000e-08
-2.729059e-04
-3.467059e-06
3.059135e-04
-2.952336e-05
-1.720000e-08
-3.316037e-04
2.712714e-06
3.644663e-04
-3.555804e-05
-1.720000e-08
1.268135e-04
-1.053278e-05
-1.022294e-04
-1.403412e-05
-1.720000e-08
1.268135e-04
-1.053278e-05
-1.022294e-04
-1.403412e-05
-1.720000e-08
-5.195294e-05
-1.654469e-04
-5.115882e-05
2.685759e-04
-1.720000e-08
1.268135e-04
-1.053278e-05
-1.022294e-04
-1.403412e-05
1.683671e-06
1.276957e-04
-1.532135e-05
-1.021414e-04
-1.191665e-05
1.683671e-06
1.276957e-04
-1.532135e-05
-1.021414e-04
-1.191665e-05
1.683671e-06
1.276957e-04
-1.532135e-05
-1.021414e-04
-1.191665e-05
1.683671e-06
-2.723766e-04
-1.702529e-06
3.064427e-04
-3.404724e-05
1.683671e-06
-8.511782e-05
2.962286e-04
-8.511941e-06
-2.042825e-04
1.683671e-06
1.276957e-04
-1.532135e-05
-1.021414e-04
-1.191665e-05
1.683671e-06
-8.418449e-05
5.017852e-04
-9.678608e-06
-4.096057e-04
1.683671e-06
-5.107076e-05
-1.702355e-04
-5.107076e-05
2.706933e-04
1.683671e-06
-5.107076e-05
-1.702355e-04
-5.107076e-05
2.706933e-04
1.683671e-06
-2.547280e-04
4.648153e-04
-9.482529e-06
-2.022884e-04
-1.701493e-04
-8.423565e-05
4.649739e-04
-8.423882e-06
-2.021651e-04
-1.701493e-04
-8.423565e-05
4.649739e-04
-8.423882e-06
-2.021651e-04
-1.701493e-04
-5.054153e-05
-1.684709e-04
-5.054153e-05
4.397033e-04
1.683671e-06
2.973059e-04
-1.839080e-04
-1.011708e-04
-1.391076e-05
1.683671e-06
1.276957e-04
-1.532135e-05
-1.021414e-04
-1.191665e-05
1.683671e-06
-2.210339e-04
-1.686296e-04
-5.160018e-05
4.395800e-04
1.683671e-06
2.976588e-04
-1.692724e-05
-1.016119e-04
-1.808033e-04
1.683671e-06
1.276957e-04
-1.532135e-05
-1.021414e-04
-1.191665e-05
1.683671e-06
1.276957e-04
-1.532135e-05
-1.021414e-04
-1.191665e-05
1.683671e-06
1.276957e-04
-1.532135e-05
-1.021414e-04
-1.191665e-05
1.683671e-06
-2.547280e-04
4.648153e-04
-9.482529e-06
-2.022884e-04
1.683671e-06
2.973059e-04
-1.839080e-04
-1.011708e-04
-1.391076e-05
1.683671e-06
1.276957e-04
-1.532135e-05
-1.021414e-04
-1.191665e-05
1.683671e-06
-5.336488e-05
-1.684884e-04
-2.191809e-04
4.393506e-04
1.683671e-06
2.953647e-04
-1.518018e-05
-2.697221e-04
-1.214606e-05
1.683671e-06
2.976588e-04
-1.692724e-05
-1.016119e-04
-1.808033e-04
1.683671e-06
-5.336488e-05
-1.684884e-04
-2.191809e-04
4.393506e-04
1.683671e-06
-4.400456e-04
-1.843706e-06
4.740235e-04
-3.381782e-05
1.683671e-06
-5.107076e-05
-1.702355e-04
-5.107076e-05
2.706933e-04
1.683671e-06
-2.210339e-04
-1.686296e-04
-5.160018e-05
4.395800e-04
1.683671e-06
-2.210339e-04
-1.686296e-04
-5.160018e-05
4.395800e-04
1.683671e-06
-2.700825e-04
-3.449588e-06
4.745529e-04
-2.027045e-04
1.683671e-06
-8.476488e-05
4.632094e-04
-8.953118e-06
-3.711751e-04
1.683671e-06
2.973059e-04
-1.839080e-04
-1.011708e-04
-1.391076e-05
1.683671e-06
1.276957e-04
-1.532135e-05
-1.021414e-04
-1.191665e-05
1.683671e-06
-8.638966e-04
-1.494802e-05
8.896843e-04
-1.252331e-05
1.683671e-06
-8.511782e-05
2.962286e-04
-8.511941e-06
-2.042825e-04
1.683671e-06
-5.487371e-05
2.168348e-03
-4.631709e-05
-2.068841e-03
-1.701493e-04
-8.423565e-05
4.649739e-04
-8.423882e-06
-2.021651e-04
-1.701493e-04
-8.423565e-05
4.649739e-04
-8.423882e-06
-2.021651e-04
-1.701493e-04
-5.054153e-05
-1.684709e-04
-5.054153e-05
4.397033e-04
-1.701493e-04
-8.423565e-05
4.649739e-04
-8.423882e-06
-2.021651e-04
-1.701493e-04
2.981880e-04
-1.516271e-05
-1.010827e-04
-1.179329e-05
-1.701493e-04
-2.695533e-04
-1.685059e-06
4.750822e-04
-3.369447e-05
-1.701493e-04
-2.695533e-04
-1.685059e-06
4.750822e-04
-3.369447e-05
-1.701493e-04
2.981880e-04
-1.516271e-05
-1.010827e-04
-1.179329e-05
-1.701493e-04
-2.695533e-04
-1.685059e-06
4.750822e-04
-3.369447e-05
-1.701493e-04
-2.695533e-04
-1.685059e-06
4.750822e-04
-3.369447e-05
-1.701493e-04
-2.695533e-04
-1.685059e-06
4.750822e-04
-3.369447e-05
-1.701493e-04
-2.695533e-04
-1.685059e-06
4.750822e-04
-3.369447e-05
-1.701493e-04
2.981880e-04
-1.516271e-05
-1.010827e-04
-1.179329e-05
-1.701493e-04
-8.423565e-05
4.649739e-04
-8.423882e-06
-2.021651e-04
-1.701493e-04
-8.423565e-05
4.649739e-04
-8.423882e-06
-2.021651e-04
-1.701493e-04
-5.054153e-05
-1.684709e-04
-5.054153e-05
4.397033e-04
-1.701493e-04
2.981880e-04
-1.516271e-05
-1.010827e-04
-1.179329e-05
-1.701493e-04
-2.695533e-04
-1.685059e-06
4.750822e-04
-3.369447e-05
-1.701493e-04
2.981880e-04
-1.516271e-05
-1.010827e-04
-1.179329e-05
-1.701493e-04
2.981880e-04
-1.516271e-05
-1.010827e-04
-1.179329e-05
-1.701493e-04
-1.211637e-03
1.508196e-03
-8.824937e-05
-3.815996e-05
-1.701493e-04
-5.054153e-05
-1.684709e-04
-5.054153e-05
4.397033e-04
-1.701493e-04
-5.054153e-05
-1.684709e-04
-5.054153e-05
4.397033e-04
-1.701493e-04
2.981880e-04
-1.516271e-05
-1.010827e-04
-1.179329e-05
-1.701493e-04
-8.423565e-05
4.649739e-04
-8.423882e-06
-2.021651e-04
-1.701493e-04
2.981880e-04
-1.516271e-05
-1.010827e-04
-1.179329e-05
-1.701493e-04
2.981880e-04
-1.516271e-05
-1.010827e-04
-1.179329e-05
-1.701493e-04
-8.423565e-05
4.649739e-04
-8.423882e-06
-2.021651e-04
-1.701493e-04
2.981880e-04
-1.516271e-05
-1.010827e-04
-1.179329e-05
-1.701493e-04
-8.423565e-05
4.649739e-04
-8.423882e-06
-2.021651e-04
-1.701493e-04
2.981880e-04
-1.516271e-05
-1.010827e-04
-1.179329e-05
-1.701493e-04
-5.054153e-05
-1.684709e-04
-5.054153e-05
4.397033e-04
-1.701493e-04
2.981880e-04
-1.516271e-05
-1.010827e-04
-1.179329e-05
-1.701493e-04
-2.695533e-04
-1.685059e-06
4.750822e-04
-3.369447e-05
-1.701493e-04
-8.423565e-05
4.649739e-04
-8.423882e-06
-2.021651e-04
-1.701493e-04
-5.054153e-05
-1.684709e-04
-5.054153e-05
4.397033e-04
-1.701493e-04
-5.054153e-05
-1.684709e-04
-5.054153e-05
4.397033e-04
-1.701493e-04
-5.054153e-05
-1.684709e-04
-5.054153e-05
4.397033e-04
-1.701493e-04
2.981880e-04
-1.516271e-05
-1.010827e-04
-1.179329e-05
-1.701493e-04
2.981880e-04
-1.516271e-05
-1.010827e-04
-1.179329e-05
-1.701493e-04
-5.147486e-05
-2.249958e-04
-4.937486e-05
4.959949e-04
-1.701493e-04
-5.054153e-05
-1.684709e-04
-5.054153e-05
4.397033e-04
-1.701493e-04
-2.695533e-04
-1.685059e-06
4.750822e-04
-3.369447e-05
-1.701493e-04
-5.054153e-05
-1.684709e-04
-5.054153e-05
4.397033e-04
-1.701493e-04
2.981880e-04
-1.516271e-05
-1.010827e-04
-1.179329e-05
-1.701493e-04
2.981880e-04
-1.516271e-05
-1.010827e-04
-1.179329e-05
-1.701493e-04
2.981880e-04
-1.516271e-05
-1.010827e-04
-1.179329e-05
-1.701493e-04
-2.695533e-04
-1.685059e-06
4.750822e-04
-3.369447e-05
-1.701493e-04
-2.695533e-04
-1.685059e-06
4.750822e-04
-3.369447e-05
-1.701493e-04
2.981880e-04
-1.516271e-05
-1.010827e-04
-1.179329e-05
-1.701493e-04
-2.695533e-04
-1.685059e-06
4.750822e-04
-3.369447e-05
-1.701493e-04
2.981880e-04
-1.516271e-05
-1.010827e-04
-1.179329e-05
-1.701493e-04
2.981880e-04
-1.516271e-05
-1.010827e-04
-1.179329e-05
-1.701493e-04
-5.054153e-05
-1.684709e-04
-5.054153e-05
4.397033e-04
-1.701493e-04
-5.054153e-05
-1.684709e-04
-5.054153e-05
4.397033e-04
-1.701493e-04
-5.054153e-05
-1.684709e-04
-5.054153e-05
4.397033e-04
-1.701493e-04
-5.054153e-05
-1.684709e-04
-5.054153e-05
4.397033e-04
-1.701493e-04
-5.054153e-05
-1.684709e-04
-5.054153e-05
4.397033e-04
-1.701493e-04
-8.423565e-05
4.649739e-04
-8.423882e-06
-2.021651e-04
-1.701493e-04
-5.054153e-05
-1.684709e-04
-5.054153e-05
4.397033e-04
-1.701493e-04
2.981880e-04
-1.516271e-05
-1.010827e-04
-1.179329e-05
-1.701493e-04
-5.054153e-05
-1.684709e-04
-5.054153e-05
4.397033e-04
-1.701493e-04
-5.054153e-05
-1.684709e-04
-5.054153e-05
4.397033e-04
-1.701493e-04
-2.695533e-04
-1.685059e-06
4.750822e-04
-3.369447e-05
-1.701493e-04
-8.423565e-05
4.649739e-04
-8.423882e-06
-2.021651e-04
-1.701493e-04
2.981880e-04
-1.516271e-05
-1.010827e-04
-1.179329e-05
-1.701493e-04
2.981880e-04
-1.516271e-05
-1.010827e-04
-1.179329e-05
-1.701493e-04
-5.054153e-05
-1.684709e-04
-5.054153e-05
4.397033e-04
-1.701493e-04
2.981880e-04
-1.516271e-05
-1.010827e-04
-1.179329e-05
-1.701493e-04
-8.423565e-05
4.649739e-04
-8.423882e-06
-2.021651e-04
-1.701493e-04
2.981880e-04
-1.516271e-05
-1.010827e-04
-1.179329e-05
-1.701493e-04
1.468347e-03
-1.469604e-05
-1.270950e-03
-1.255163e-05
-1.701493e-04
-8.423565e-05
4.649739e-04
-8.423882e-06
-2.021651e-04
-1.701493e-04
2.981880e-04
-1.516271e-05
-1.010827e-04
-1.179329e-05
-1.701493e-04
-8.423565e-05
4.649739e-04
-8.423882e-06
-2.021651e-04
-1.701493e-04
-8.423565e-05
4.649739e-04
-8.423882e-06
-2.021651e-04
-1.701493e-04
2.981880e-04
-1.516271e-05
-1.010827e-04
-1.179329e-05
-1.701493e-04
-5.054153e-05
-1.684709e-04
-5.054153e-05
4.397033e-04
-1.701493e-04
-5.054153e-05
-1.684709e-04
-5.054153e-05
4.397033e-04
-1.701493e-04
-2.695533e-04
-1.685059e-06
4.750822e-04
-3.369447e-05
-1.701493e-04
-5.054153e-05
-1.684709e-04
-5.054153e-05
4.397033e-04
-1.701493e-04
-5.054153e-05
-1.684709e-04
-5.054153e-05
4.397033e-04
-1.701493e-04
-5.054153e-05
-1.684709e-04
-5.054153e-05
4.397033e-04
-1.701493e-04
2.981880e-04
-1.516271e-05
-1.010827e-04
-1.179329e-05
-1.701493e-04
2.981880e-04
-1.516271e-05
-1.010827e-04
-1.179329e-05
-1.701493e-04
-5.089447e-05
-1.960294e-03
-5.010035e-05
2.231438e-03
-1.701493e-04
-2.695533e-04
-1.685059e-06
4.750822e-04
-3.369447e-05
-1.701493e-04
-2.695533e-04
-1.685059e-06
4.750822e-04
-3.369447e-05
-1.701493e-04
-8.423565e-05
4.649739e-04
-8.423882e-06
-2.021651e-04
-1.701493e-04
2.981880e-04
-1.516271e-05
-1.010827e-04
-1.179329e-05
-1.701493e-04
-8.423565e-05
4.649739e-04
-8.423882e-06
-2.021651e-04
-1.701493e-04
-8.423565e-05
4.649739e-04
-8.423882e-06
-2.021651e-04
-1.701493e-04
-5.054153e-05
-1.684709e-04
-5.054153e-05
4.397033e-04
-1.701493e-04
2.981880e-04
-1.516271e-05
-1.010827e-04
-1.179329e-05
-1.701493e-04
-8.423565e-05
4.649739e-04
-8.423882e-06
-2.021651e-04
-1.701493e-04
2.981880e-04
-1.516271e-05
-1.010827e-04
-1.179329e-05
-1.701493e-04
2.981880e-04
-1.516271e-05
-1.010827e-04
-1.179329e-05
-1.701493e-04
-5.054153e-05
-1.684709e-04
-5.054153e-05
4.397033e-04
-1.701493e-04
2.981880e-04
-1.516271e-05
-1.010827e-04
-1.179329e-05
-1.701493e-04
2.981880e-04
-1.516271e-05
-1.010827e-04
-1.179329e-05
-1.701493e-04
2.981880e-04
-1.516271e-05
-1.010827e-04
-1.179329e-05
-1.701493e-04
2.981880e-04
-1.516271e-05
-1.010827e-04
-1.179329e-05
-1.701493e-04
-8.423565e-05
4.649739e-04
-8.423882e-06
-2.021651e-04
-1.701493e-04
2.981880e-04
-1.516271e-05
-1.010827e-04
-1.179329e-05
4.710264e-04
-2.546209e-04
-1.592659e-06
-1.829841e-04
-3.182874e-05
4.710264e-04
-2.485542e-04
-6.212659e-06
1.104804e-03
-1.321064e-03
4.710264e-04
-7.956991e-05
-1.925324e-04
-7.958149e-06
-1.909660e-04
1.477986e-03
-1.874251e-04
-1.176859e-06
-1.265951e-03
-2.343294e-05
1.477986e-03
-5.857411e-05
-1.272979e-03
-5.862349e-06
-1.405702e-04
1.477986e-03
-5.822117e-05
1.898038e-03
-6.303525e-06
-3.311499e-03
1.477986e-03
-3.514666e-05
-1.171427e-04
-3.514666e-05
-1.290550e-03
1.477986e-03
-1.388945e-03
-1.054784e-05
-7.028784e-05
-8.205094e-06
1.477986e-03
-5.857411e-05
-1.272979e-03
-5.862349e-06
-1.405702e-04
1.477986e-03
-1.388945e-03
-1.054784e-05
-7.028784e-05
-8.205094e-06
1.477986e-03
-1.388945e-03
-1.054784e-05
-7.028784e-05
-8.205094e-06
1.477986e-03
-3.514666e-05
-1.171427e-04
-3.514666e-05
-1.290550e-03
4.710264e-04
-1.456141e-03
-1.096364e-05
1.012679e-03
-1.660089e-05
4.710264e-04
-1.409008e-03
1.126424e-03
-7.355031e-05
-1.148925e-04
4.710264e-04
-1.409941e-03
1.069899e-03
-7.238364e-05
-5.860089e-05
4.710264e-04
-1.401541e-03
-5.254364e-05
-8.288364e-05
1.065942e-03
4.710264e-04
9.802929e-04
-1.276755e-03
-3.105815e-05
-1.435060e-04
4.710264e-04
-1.409941e-03
1.069899e-03
-7.238364e-05
-5.860089e-05
-1.701493e-04
8.365095e-04
-5.045059e-06
-6.330806e-04
-2.823447e-05
-1.701493e-04
8.365095e-04
-5.045059e-06
-6.330806e-04
-2.823447e-05
-1.701493e-04
-5.240820e-05
4.983678e-04
-4.820820e-05
-2.276020e-04
-1.701493e-04
8.365095e-04
-5.045059e-06
-6.330806e-04
-2.823447e-05
-1.701493e-04
-3.547440e-04
6.431827e-04
-9.594937e-05
-2.233996e-05
-1.701493e-04
9.990546e-04
5.365878e-04
-6.080820e-05
-1.304685e-03
-1.701493e-04
-3.528773e-04
-2.365604e-05
-9.828271e-05
6.449654e-04
-1.701493e-04
-7.616747e-04
1.069060e-03
-7.798271e-05
-5.925329e-05
-1.701493e-04
9.990546e-04
5.365878e-04
-6.080820e-05
-1.304685e-03
-1.701493e-04
5.459238e-04
-1.183976e-04
1.042221e-03
-1.299598e-03
-1.701493e-04
5.224964e-04
-1.274234e-03
1.071506e-03
-1.496184e-04
-1.701493e-04
-1.404340e-03
-6.187604e-05
-8.568271e-05
1.722048e-03
-1.701493e-04
-8.078747e-04
-1.180271e-05
1.007080e-03
-1.725329e-05
-1.701493e-04
1.628559e-03
-1.277594e-03
-3.665722e-05
-1.441584e-04
-1.701493e-04
5.770964e-04
-1.315814e-03
-2.405722e-05
9.329244e-04
1.683671e-06
1.276957e-04
-1.532135e-05
-1.021414e-04
-1.191665e-05
1.683671e-06
9.985253e-04
5.348232e-04
-6.133743e-05
-1.473695e-03
1.683671e-06
5.762142e-04
-1.484560e-03
-2.414527e-05
9.308069e-04
1.683671e-06
-1.586966e-03
-5.279469e-05
5.741240e-04
1.063953e-03
1.683671e-06
-9.538449e-05
-3.613701e-04
6.500201e-04
-1.949492e-04
1.683671e-06
-5.233697e-04
-2.381469e-05
-9.934135e-05
6.448421e-04
-1.720000e-08
-5.324615e-04
-1.473333e-05
5.604654e-04
-1.325333e-05
-1.720000e-08
-6.732288e-04
-1.510667e-05
7.009993e-04
-1.264667e-05
-2.184052e-04
-5.020047e-05
-1.673338e-04
-5.020047e-05
4.861399e-04
-2.184052e-04
-2.677338e-04
-1.673800e-06
5.212799e-04
-3.346713e-05
-1.720000e-08
-8.524356e-03
-1.813333e-06
8.560435e-03
-3.424833e-05
-1.720000e-08
-5.253333e-05
-1.456802e-03
-5.043333e-05
1.559786e-03
-1.720000e-08
9.004589e-04
-6.881484e-04
-1.116667e-05
-2.011267e-04
-1.720000e-08
-8.506667e-05
5.065737e-04
-9.766667e-06
-4.117232e-04
-2.028146e-04
-2.602676e-04
-1.627600e-06
4.972441e-04
-3.253427e-05
-2.028146e-04
-2.602676e-04
-1.627600e-06
4.972441e-04
-3.253427e-05
-2.028146e-04
3.264441e-04
-1.464093e-05
-9.760093e-05
-1.138760e-05
1.083138e-03
-9.630539e-04
-1.422140e-05
-9.480140e-05
-1.106140e-05
1.083138e-03
-9.630539e-04
-1.422140e-05
-9.480140e-05
-1.106140e-05
1.083138e-03
-4.740140e-05
-1.580014e-04
-4.740140e-05
-8.303339e-04
1.083138e-03
-9.630539e-04
-1.422140e-05
-9.480140e-05
-1.106140e-05
1.083138e-03
-9.630539e-04
-1.422140e-05
-9.480140e-05
-1.106140e-05
1.083138e-03
-4.740140e-05
-1.580014e-04
-4.740140e-05
-8.303339e-04
1.083138e-03
-9.630539e-04
-1.422140e-05
-9.480140e-05
-1.106140e-05
1.083138e-03
-9.630539e-04
-1.422140e-05
-9.480140e-05
-1.106140e-05
1.083138e-03
-4.740140e-05
-1.580014e-04
-4.740140e-05
-8.303339e-04
1.285935e-03
-1.158761e-03
-1.506047e-05
-1.004005e-04
-1.171380e-05
1.285935e-03
-2.677338e-04
-1.673800e-06
-9.830607e-04
-3.346713e-05
1.285935e-03
-5.020047e-05
-1.673338e-04
-5.020047e-05
-1.018201e-03
-1.720000e-08
1.021764e-03
-2.093333e-06
-9.858603e-04
-3.379333e-05
-1.720000e-08
-8.506667e-05
5.065737e-04
-9.766667e-06
-4.117232e-04
-1.720000e-08
-8.348333e-05
-2.675006e-03
-1.174583e-05
2.770252e-03
-1.720000e-08
1.681177e-03
-1.533882e-05
-1.653551e-03
-1.226941e-05
-1.720000e-08
-8.226667e-05
4.061846e-04
-1.326667e-05
-3.106341e-04
-1.720000e-08
6.968581e-03
-6.852647e-03
-1.025583e-04
-1.335833e-05
-1.720000e-08
-5.253333e-05
-4.350801e-05
-5.043333e-05
1.464919e-04
-1.720000e-08
-8.564706e-05
2.955854e-03
-9.041176e-06
-2.861149e-03
-1.720000e-08
-8.564706e-05
-2.062622e-04
-9.041176e-06
3.009676e-04
5.024100e-04
-5.107076e-05
-1.702355e-04
-5.107076e-05
-2.300330e-04
5.024100e-04
-3.730306e-04
-1.532135e-05
-1.021414e-04
-1.191665e-05
5.024100e-04
-8.511782e-05
-2.044977e-04
-8.511941e-06
-2.042825e-04
5.024100e-04
-5.107076e-05
-1.702355e-04
-5.107076e-05
-2.300330e-04
5.024100e-04
-3.730306e-04
-1.532135e-05
-1.021414e-04
-1.191665e-05
5.024100e-04
-2.723766e-04
-1.702529e-06
-1.942835e-04
-3.404724e-05
5.024100e-04
-5.107076e-05
-1.702355e-04
-5.107076e-05
-2.300330e-04
5.024100e-04
-5.107076e-05
-1.702355e-04
-5.107076e-05
-2.300330e-04
5.024100e-04
-2.723766e-04
-1.702529e-06
-1.942835e-04
-3.404724e-05
5.024100e-04
-2.723766e-04
-1.702529e-06
-1.942835e-04
-3.404724e-05
5.024100e-04
-3.730306e-04
-1.532135e-05
-1.021414e-04
-1.191665e-05
5.024100e-04
-2.723766e-04
-1.702529e-06
-1.942835e-04
-3.404724e-05
5.024100e-04
-5.107076e-05
-1.702355e-04
-5.107076e-05
-2.300330e-04
5.024100e-04
-3.730306e-04
-1.532135e-05
-1.021414e-04
-1.191665e-05
5.024100e-04
-3.730306e-04
-1.532135e-05
-1.021414e-04
-1.191665e-05
5.024100e-04
-5.107076e-05
-1.702355e-04
-5.107076e-05
-2.300330e-04
5.024100e-04
-3.730306e-04
-1.532135e-05
-1.021414e-04
-1.191665e-05
5.024100e-04
-2.723766e-04
-1.702529e-06
-1.942835e-04
-3.404724e-05
5.024100e-04
-3.730306e-04
-1.532135e-05
-1.021414e-04
-1.191665e-05
5.024100e-04
-5.107076e-05
-1.702355e-04
-5.107076e-05
-2.300330e-04
5.024100e-04
-8.511782e-05
-2.044977e-04
-8.511941e-06
-2.042825e-04
5.024100e-04
-5.107076e-05
-1.702355e-04
-5.107076e-05
-2.300330e-04
5.024100e-04
-8.511782e-05
-2.044977e-04
-8.511941e-06
-2.042825e-04
5.024100e-04
-3.730306e-04
-1.532135e-05
-1.021414e-04
-1.191665e-05
5.024100e-04
-3.730306e-04
-1.532135e-05
-1.021414e-04
-1.191665e-05
5.024100e-04
-3.730306e-04
-1.532135e-05
-1.021414e-04
-1.191665e-05
5.024100e-04
-8.511782e-05
-2.044977e-04
-8.511941e-06
-2.042825e-04
5.024100e-04
-3.730306e-04
-1.532135e-05
-1.021414e-04
-1.191665e-05
5.024100e-04
-2.723766e-04
-1.702529e-06
-1.942835e-04
-3.404724e-05
5.024100e-04
-3.730306e-04
-1.532135e-05
-1.021414e-04
-1.191665e-05
5.024100e-04
-5.107076e-05
-1.702355e-04
-5.107076e-05
-2.300330e-04
5.024100e-04
-3.730306e-04
-1.532135e-05
-1.021414e-04
-1.191665e-05
5.024100e-04
-5.107076e-05
-1.702355e-04
-5.107076e-05
-2.300330e-04
5.024100e-04
-5.107076e-05
-1.702355e-04
-5.107076e-05
-2.300330e-04
5.024100e-04
-5.107076e-05
-1.702355e-04
-5.107076e-05
-2.300330e-04
5.024100e-04
-2.723766e-04
-1.702529e-06
-1.942835e-04
-3.404724e-05
5.024100e-04
-2.723766e-04
-1.702529e-06
-1.942835e-04
-3.404724e-05
5.024100e-04
-2.723766e-04
-1.702529e-06
-1.942835e-04
-3.404724e-05
5.024100e-04
-3.730306e-04
-1.532135e-05
-1.021414e-04
-1.191665e-05
5.024100e-04
-8.511782e-05
-2.044977e-04
-8.511941e-06
-2.042825e-04
5.024100e-04
-3.730306e-04
-1.532135e-05
-1.021414e-04
-1.191665e-05
5.024100e-04
-3.730306e-04
-1.532135e-05
-1.021414e-04
-1.191665e-05
5.024100e-04
-8.511782e-05
-2.044977e-04
-8.511941e-06
-2.042825e-04
5.024100e-04
-3.730306e-04
-1.532135e-05
-1.021414e-04
-1.191665e-05
5.024100e-04
-5.107076e-05
-1.702355e-04
-5.107076e-05
-2.300330e-04
5.024100e-04
-2.723766e-04
-1.702529e-06
-1.942835e-04
-3.404724e-05
5.024100e-04
-3.730306e-04
-1.532135e-05
-1.021414e-04
-1.191665e-05
5.024100e-04
-8.511782e-05
-2.044977e-04
-8.511941e-06
-2.042825e-04
5.024100e-04
-8.511782e-05
-2.044977e-04
-8.511941e-06
-2.042825e-04
5.024100e-04
-5.107076e-05
-1.702355e-04
-5.107076e-05
-2.300330e-04
5.024100e-04
-2.723766e-04
-1.702529e-06
-1.942835e-04
-3.404724e-05
5.024100e-04
-2.723766e-04
-1.702529e-06
-1.942835e-04
-3.404724e-05
5.024100e-04
-3.730306e-04
-1.532135e-05
-1.021414e-04
-1.191665e-05
5.024100e-04
-5.107076e-05
-1.702355e-04
-5.107076e-05
-2.300330e-04
5.024100e-04
-2.723766e-04
-1.702529e-06
-1.942835e-04
-3.404724e-05
5.024100e-04
-8.511782e-05
-2.044977e-04
-8.511941e-06
-2.042825e-04
5.024100e-04
-3.730306e-04
-1.532135e-05
-1.021414e-04
-1.191665e-05
5.024100e-04
-2.723766e-04
-1.702529e-06
-1.942835e-04
-3.404724e-05
5.024100e-04
-5.107076e-05
-1.702355e-04
-5.107076e-05
-2.300330e-04
5.024100e-04
-2.723766e-04
-1.702529e-06
-1.942835e-04
-3.404724e-05
5.024100e-04
-2.723766e-04
-1.702529e-06
-1.942835e-04
-3.404724e-05
5.024100e-04
-2.723766e-04
-1.702529e-06
-1.942835e-04
-3.404724e-05
5.024100e-04
-3.730306e-04
-1.532135e-05
-1.021414e-04
-1.191665e-05
5.024100e-04
-5.107076e-05
-1.702355e-04
-5.107076e-05
-2.300330e-04
5.024100e-04
-3.730306e-04
-1.532135e-05
-1.021414e-04
-1.191665e-05
5.024100e-04
-2.723766e-04
-1.702529e-06
-1.942835e-04
-3.404724e-05
5.024100e-04
-3.730306e-04
-1.532135e-05
-1.021414e-04
-1.191665e-05
5.024100e-04
-2.723766e-04
-1.702529e-06
-1.942835e-04
-3.404724e-05
5.024100e-04
-3.730306e-04
-1.532135e-05
-1.021414e-04
-1.191665e-05
5.024100e-04
-3.730306e-04
-1.532135e-05
-1.021414e-04
-1.191665e-05
5.024100e-04
-3.730306e-04
-1.532135e-05
-1.021414e-04
-1.191665e-05
5.024100e-04
-5.107076e-05
-1.702355e-04
-5.107076e-05
-2.300330e-04
5.024100e-04
-5.107076e-05
-1.702355e-04
-5.107076e-05
-2.300330e-04
5.024100e-04
-3.730306e-04
-1.532135e-05
-1.021414e-04
-1.191665e-05
5.024100e-04
-2.723766e-04
-1.702529e-06
-1.942835e-04
-3.404724e-05
5.024100e-04
-5.107076e-05
-1.702355e-04
-5.107076e-05
-2.300330e-04
5.024100e-04
-3.730306e-04
-1.532135e-05
-1.021414e-04
-1.191665e-05
5.024100e-04
-3.730306e-04
-1.532135e-05
-1.021414e-04
-1.191665e-05
5.024100e-04
-5.107076e-05
-1.702355e-04
-5.107076e-05
-2.300330e-04
-1.720000e-08
9.339256e-04
-1.677533e-04
-5.300000e-05
-7.131551e-04
-1.720000e-08
-6.186667e-05
1.922653e-03
-3.876667e-05
-1.822003e-03
-1.720000e-08
-1.825639e-03
-1.861176e-06
1.861688e-03
-3.417059e-05
-1.720000e-08
-5.195294e-05
-1.654469e-04
-5.115882e-05
2.685759e-04
-1.720000e-08
-8.920110e-03
-1.954510e-06
8.956100e-03
-3.401892e-05
-1.720000e-08
-1.892142e-03
-1.861176e-06
1.928191e-03
-3.417059e-05
-1.720000e-08
2.984062e-04
-1.533882e-05
-2.707808e-04
-1.226941e-05
-1.720000e-08
-1.825639e-03
-1.861176e-06
1.861688e-03
-3.417059e-05
-1.720000e-08
-1.825639e-03
-1.861176e-06
1.861688e-03
-3.417059e-05
-1.720000e-08
-2.004974e-04
-1.473333e-05
2.285013e-04
-1.325333e-05
-1.720000e-08
-1.880453e-03
2.094446e-03
-9.570588e-06
-2.044059e-04
-6.937357e-05
1.965483e-04
-1.506047e-05
-1.004005e-04
-1.171380e-05
-6.937357e-05
1.965483e-04
-1.506047e-05
-1.004005e-04
-1.171380e-05
-6.937357e-05
-2.677338e-04
-1.673800e-06
3.722483e-04
-3.346713e-05
-6.937357e-05
1.965483e-04
-1.506047e-05
-1.004005e-04
-1.171380e-05
-6.937357e-05
-2.677338e-04
-1.673800e-06
3.722483e-04
-3.346713e-05
-1.720000e-08
-8.524356e-03
-1.813333e-06
8.560435e-03
-3.424833e-05
-1.720000e-08
-8.576667e-05
1.825825e-03
-8.891667e-06
-1.731149e-03
-1.720000e-08
-1.892142e-03
-1.861176e-06
1.928191e-03
-3.417059e-05
-1.720000e-08
-6.671621e-04
-1.972667e-05
-1.018000e-04
7.887060e-04
-1.720000e-08
-5.411667e-05
2.957632e-03
-4.845417e-05
-2.855044e-03
-1.720000e-08
-1.485280e-04
-2.093333e-06
1.844319e-04
-3.379333e-05
-1.720000e-08
9.339256e-04
-1.677533e-04
-5.300000e-05
-7.131551e-04
-1.720000e-08
-2.592805e-04
-3.354510e-06
2.943961e-04
-3.174392e-05
-1.720000e-08
9.339256e-04
-1.677533e-04
-5.300000e-05
-7.131551e-04
-1.720000e-08
-5.766667e-05
-1.673800e-04
1.244197e-03
-1.019134e-03
-1.720000e-08
-9.751101e-04
-1.510667e-05
1.002881e-03
-1.264667e-05
-1.720000e-08
-3.335449e-04
-2.093333e-06
3.694488e-04
-3.379333e-05
-1.720000e-08
-5.253333e-05
-7.960677e-04
-5.043333e-05
8.990516e-04
-1.720000e-08
5.287660e-04
-2.093333e-06
-4.928621e-04
-3.379333e-05
-1.720000e-08
-1.254790e-04
-1.510667e-05
1.532495e-04
-1.264667e-05
-1.720000e-08
7.566249e-04
-1.510667e-05
-7.288544e-04
-1.264667e-05
-1.720000e-08
-8.576667e-05
1.345129e-02
-8.891667e-06
-1.335662e-02
-1.720000e-08
-2.640438e-04
-1.249333e-05
2.934477e-04
-1.689333e-05
-1.720000e-08
5.284319e-04
-4.121512e-04
-1.022294e-04
-1.403412e-05
-3.999348e-04
-8.511782e-05
6.978470e-04
-8.511941e-06
-2.042825e-04
-1.720000e-08
1.021764e-03
-2.093333e-06
-9.858603e-04
-3.379333e-05
-1.720000e-08
-1.892142e-03
-1.861176e-06
1.928191e-03
-3.417059e-05
3.402465e-04
-7.970959e-05
-6.126353e-05
-7.972092e-06
-1.913013e-04
3.402465e-04
-2.550679e-04
-1.595425e-06
-5.169853e-05
-3.188459e-05
3.402465e-04
-7.970959e-05
-6.126353e-05
-7.972092e-06
-1.913013e-04
3.402465e-04
-7.970959e-05
-6.126353e-05
-7.972092e-06
-1.913013e-04
3.402465e-04
-4.782626e-05
-1.594179e-04
-4.782626e-05
-8.517603e-05
3.402465e-04
-1.340580e-02
-1.688758e-06
1.309897e-02
-3.173293e-05
3.402465e-04
-4.782626e-05
-1.594179e-04
-4.782626e-05
-8.517603e-05
3.402465e-04
-2.190860e-04
-1.434876e-05
-9.565126e-05
-1.116042e-05
3.402465e-04
-7.970959e-05
-6.126353e-05
-7.972092e-06
-1.913013e-04
3.402465e-04
-5.012038e-05
-1.576709e-04
4.583237e-04
-5.907789e-04
3.402465e-04
-2.550679e-04
-1.595425e-06
-5.169853e-05
-3.188459e-05
3.402465e-04
-2.550679e-04
-1.595425e-06
-5.169853e-05
-3.188459e-05
3.402465e-04
-2.550679e-04
-1.595425e-06
-5.169853e-05
-3.188459e-05
3.402465e-04
-4.782626e-05
-1.594179e-04
-4.782626e-05
-8.517603e-05
3.402465e-04
-7.970959e-05
-6.126353e-05
-7.972092e-06
-1.913013e-04
3.402465e-04
-4.782626e-05
-1.594179e-04
-4.782626e-05
-8.517603e-05
3.402465e-04
-7.970959e-05
-6.126353e-05
-7.972092e-06
-1.913013e-04
3.402465e-04
-4.782626e-05
-1.594179e-04
-4.782626e-05
-8.517603e-05
3.402465e-04
-7.970959e-05
-6.126353e-05
-7.972092e-06
-1.913013e-04
3.402465e-04
-4.782626e-05
-1.594179e-04
-4.782626e-05
-8.517603e-05
3.402465e-04
-2.190860e-04
-1.434876e-05
-9.565126e-05
-1.116042e-05
3.402465e-04
-2.550679e-04
-1.595425e-06
-5.169853e-05
-3.188459e-05
3.402465e-04
-2.550679e-04
-1.595425e-06
-5.169853e-05
-3.188459e-05
3.402465e-04
-4.782626e-05
-1.594179e-04
-4.782626e-05
-8.517603e-05
3.402465e-04
-2.190860e-04
-1.434876e-05
-9.565126e-05
-1.116042e-05
3.402465e-04
-2.550679e-04
-1.595425e-06
-5.169853e-05
-3.188459e-05
3.402465e-04
-2.190860e-04
-1.434876e-05
-9.565126e-05
-1.116042e-05
3.402465e-04
-7.935665e-05
-5.685429e-04
-8.413268e-06
3.160664e-04
3.402465e-04
-7.970959e-05
-6.126353e-05
-7.972092e-06
-1.913013e-04
3.402465e-04
-2.190860e-04
-1.434876e-05
-9.565126e-05
-1.116042e-05
3.402465e-04
-2.550679e-04
-1.595425e-06
-5.169853e-05
-3.188459e-05
2.194724e-03
-2.083123e-03
-1.321752e-05
-8.810252e-05
-1.028085e-05
2.194724e-03
-4.405252e-05
-1.468359e-04
-4.405252e-05
-1.959783e-03
2.194724e-03
-4.405252e-05
-1.468359e-04
-4.405252e-05
-1.959783e-03
2.194724e-03
-4.405252e-05
-1.468359e-04
-4.405252e-05
-1.959783e-03
2.194724e-03
-2.349358e-04
-1.470850e-06
-1.928948e-03
-2.936918e-05
2.194724e-03
-2.083123e-03
-1.321752e-05
-8.810252e-05
-1.028085e-05
2.194724e-03
-2.349358e-04
-1.470850e-06
-1.928948e-03
-2.936918e-05
2.194724e-03
-7.341918e-05
-1.937758e-03
-7.344183e-06
-1.762025e-04
2.194724e-03
-7.341918e-05
-1.937758e-03
-7.344183e-06
-1.762025e-04
2.194724e-03
-4.405252e-05
-1.468359e-04
-4.405252e-05
-1.959783e-03
2.194724e-03
-2.349358e-04
-1.470850e-06
-1.928948e-03
-2.936918e-05
2.194724e-03
-2.349358e-04
-1.470850e-06
-1.928948e-03
-2.936918e-05
2.194724e-03
-2.349358e-04
-1.470850e-06
-1.928948e-03
-2.936918e-05
2.194724e-03
-2.083123e-03
-1.321752e-05
-8.810252e-05
-1.028085e-05
2.194724e-03
-2.349358e-04
-1.470850e-06
-1.928948e-03
-2.936918e-05
2.194724e-03
-7.341918e-05
-1.937758e-03
-7.344183e-06
-1.762025e-04
2.194724e-03
-4.405252e-05
-1.468359e-04
-4.405252e-05
-1.959783e-03
2.194724e-03
-7.341918e-05
-1.937758e-03
-7.344183e-06
-1.762025e-04
2.194724e-03
-4.405252e-05
-1.468359e-04
-4.405252e-05
-1.959783e-03
2.194724e-03
-7.341918e-05
-1.937758e-03
-7.344183e-06
-1.762025e-04
2.194724e-03
-4.405252e-05
-1.468359e-04
-4.405252e-05
-1.959783e-03
2.194724e-03
-2.349358e-04
-1.470850e-06
-1.928948e-03
-2.936918e-05
2.194724e-03
-2.349358e-04
-1.470850e-06
-1.928948e-03
-2.936918e-05
2.510566e-04
-7.283597e-05
3.867930e-06
-7.285967e-06
-1.748026e-04
2.510566e-04
-7.283597e-05
3.867930e-06
-7.285967e-06
-1.748026e-04
2.510566e-04
-1.403421e-04
-1.311263e-05
-8.740263e-05
-1.019930e-05
2.510566e-04
-4.370263e-05
-1.456693e-04
-4.370263e-05
-1.798207e-05
2.510566e-04
-7.283597e-05
3.867930e-06
-7.285967e-06
-1.748026e-04
2.510566e-04
-4.370263e-05
-1.456693e-04
-4.370263e-05
-1.798207e-05
-2.742219e-03
5.491873e-03
-1.276169e-05
-2.726627e-03
-1.026561e-05
-2.453560e-02
-1.322756e-04
-8.356000e-07
2.468526e-02
-1.654227e-05
1.103427e-01
9.834545e-03
2.779621e-02
