0	1	 1 2 4 4 3 3 1 4 2 3 1 2 4 1 4 1 3 3 1 2 2 4 1 3 4 1 4 1 1 4 1 4 2 1 3 3 1 2 2 1 4 3 2 2 3 2 1 3 3 1 1 2 1 1 1 3 4 3 4 1 4 2 3 1 1 3 3 1 1 0 0 0 3 1 2 1 4 1 4 1 3 1 1 1 1 1 2 2 3 2 3 4 3 3 2 3 2
0	1	 1 2 4 4 3 3 1 4 2 3 1 2 4 1 4 1 3 3 1 2 2 4 1 3 4 1 4 1 1 4 1 4 2 1 3 3 1 2 2 1 4 3 2 2 3 2 1 3 3 1 1 2 1 1 1 3 4 3 4 1 4 2 3 1 1 3 3 1 1 0 0 0 3 1 2 1 4 1 4 1 3 1 1 1 1 1 2 2 3 2 3 4 3 3 2 3 2
0	1	 1 2 4 4 3 3 1 4 2 3 1 2 4 1 4 1 3 3 1 2 2 4 1 3 4 1 4 1 1 4 1 4 2 1 3 3 1 2 2 1 4 3 2 2 3 2 1 3 3 1 1 2 1 1 1 3 4 3 4 1 4 2 3 1 1 3 3 1 1 0 0 0 3 1 2 1 4 1 4 1 3 1 1 1 1 1 2 2 3 2 3 4 3 3 2 3 2
0	1	 1 2 4 4 3 3 1 4 2 3 1 2 4 1 4 1 3 3 1 2 2 4 1 3 4 1 4 1 1 4 1 4 2 1 3 3 1 2 2 1 4 3 2 2 3 2 1 3 3 1 1 2 1 1 1 3 4 3 4 1 4 2 3 1 1 3 3 1 1 0 0 0 3 1 2 1 4 1 4 1 3 1 1 1 1 1 2 2 3 2 3 4 3 3 2 3 2
0	1	 1 2 4 4 3 3 1 4 2 3 1 2 4 1 4 1 3 3 1 2 2 4 1 3 4 1 4 1 1 4 1 4 2 1 3 3 1 2 2 1 4 3 2 2 3 2 1 3 3 1 1 2 1 1 1 3 4 3 4 1 4 2 3 1 1 3 3 1 1 0 0 0 3 1 2 1 4 1 4 1 3 1 1 1 1 1 2 2 3 2 3 4 3 3 2 3 2
0	1	 1 2 4 4 3 3 1 4 2 3 1 2 4 1 4 1 3 3 1 2 2 4 1 3 4 1 4 1 1 4 1 4 2 1 3 3 1 2 2 1 4 3 2 2 3 2 1 3 3 1 1 2 1 1 1 3 4 3 4 1 4 2 3 1 1 3 3 1 1 0 0 0 3 1 2 1 4 1 4 1 3 1 1 1 1 1 2 2 3 2 3 4 3 3 2 3 2
0	1	 1 2 4 4 3 3 1 4 2 3 1 2 4 1 4 1 3 3 1 2 2 4 1 3 4 1 4 1 1 4 1 4 2 1 3 3 1 2 2 1 4 3 2 2 3 2 1 3 3 1 1 2 1 1 1 3 4 3 4 1 4 2 3 1 1 3 3 1 1 0 0 0 3 1 2 1 4 1 4 1 3 1 1 1 1 1 2 2 3 2 3 4 3 3 2 3 2
0	1	 1 2 4 4 3 3 1 4 2 3 1 2 4 1 4 1 3 3 1 2 2 4 1 3 4 1 4 1 1 4 1 4 2 1 3 3 1 2 2 1 4 3 2 2 3 2 1 3 3 1 1 2 1 1 1 3 4 3 4 1 4 2 3 1 1 3 3 1 1 0 0 0 3 1 2 1 4 1 4 1 3 1 1 1 1 1 2 2 3 2 3 4 3 3 2 3 2
0	1	 1 2 4 4 3 3 1 4 2 3 1 2 4 1 4 1 3 3 1 2 2 4 1 3 4 1 4 1 1 4 1 4 2 1 3 3 1 2 2 1 4 3 2 2 3 2 1 3 3 1 1 2 1 1 1 3 4 3 4 1 4 2 3 1 1 3 3 1 1 0 0 0 3 1 2 1 4 1 4 1 3 1 1 1 1 1 2 2 3 2 3 4 3 3 2 3 2
0	1	 1 2 4 4 3 3 1 4 2 3 1 2 4 1 4 1 3 3 1 2 2 4 1 3 4 1 4 1 1 4 1 4 2 1 3 3 1 2 2 1 4 3 2 2 3 2 1 3 3 1 1 2 1 1 1 3 4 3 4 1 4 2 3 1 1 3 3 1 1 0 0 0 3 1 2 1 4 1 4 1 3 1 1 1 1 1 2 2 3 2 3 4 3 3 2 3 2
0	1	 1 2 4 4 3 3 1 4 2 3 1 2 4 1 4 1 3 3 1 2 2 4 1 3 4 1 4 1 1 4 1 4 2 1 3 3 1 2 2 1 4 3 2 2 3 2 1 3 3 1 1 2 1 1 1 3 4 3 4 1 4 2 3 1 1 3 3 1 1 0 0 0 1 1 2 1 4 1 4 1 3 1 1 1 1 1 2 2 3 2 3 4 3 3 2 3 2
0	1	 1 2 4 4 3 3 1 4 2 3 1 2 4 1 4 1 3 3 1 2 2 4 1 3 4 1 4 1 1 4 1 4 2 1 3 3 1 2 2 1 4 3 2 2 3 2 1 3 3 1 1 2 1 1 1 3 4 3 4 1 4 2 3 1 1 3 3 1 1 0 0 0 3 1 2 1 4 1 4 1 3 1 1 1 1 1 2 2 3 2 3 4 3 3 2 3 2
0	1	 1 2 4 4 3 3 1 4 2 3 1 2 4 1 4 1 3 3 1 2 2 4 1 0 4 1 4 1 1 4 1 4 2 1 3 3 1 2 2 1 4 3 2 2 3 2 1 3 3 1 1 2 1 1 1 3 4 3 4 1 4 2 3 1 1 3 3 1 1 0 0 0 3 1 2 1 4 1 4 1 3 1 1 1 1 1 2 2 3 2 3 4 3 3 2 3 2
0	1	 1 2 4 4 3 3 1 4 2 3 1 2 4 1 4 1 3 3 1 2 2 4 1 3 4 1 4 1 1 4 1 4 2 1 3 3 1 2 2 1 4 3 2 2 3 2 1 3 3 1 1 2 1 1 1 3 4 3 4 1 4 2 3 1 1 3 3 1 1 0 0 0 3 1 2 1 4 1 4 1 3 1 1 1 1 1 2 2 3 2 3 4 3 3 2 3 2
0	1	 1 2 4 4 3 3 1 4 2 3 1 2 4 1 4 1 3 3 1 2 2 4 1 3 4 1 4 1 1 4 1 4 2 1 3 3 1 2 2 1 4 3 2 2 3 2 1 3 3 1 1 2 1 1 1 3 4 3 4 1 4 2 3 1 1 3 3 1 1 0 0 0 3 1 2 1 4 1 4 1 3 1 1 1 1 1 2 2 3 2 3 4 3 3 2 3 2
0	1	 1 2 4 4 3 3 1 4 2 3 1 2 4 1 4 1 3 3 1 2 2 4 1 3 4 1 4 1 1 4 1 4 2 1 3 3 1 2 2 1 4 3 2 2 3 2 1 3 3 1 1 2 1 1 1 3 4 3 4 1 4 2 3 1 1 3 3 1 1 0 0 0 3 1 2 1 4 1 4 1 3 1 1 1 1 1 2 2 3 2 3 4 3 3 2 3 2
0	1	 1 2 4 4 3 3 1 4 2 3 1 2 4 1 4 1 3 3 1 2 2 4 1 3 4 1 4 1 1 4 1 4 2 1 3 3 1 2 2 1 4 3 2 2 3 2 1 3 3 1 1 2 1 1 1 3 4 3 4 1 4 2 3 1 1 3 3 1 1 0 0 0 3 1 2 1 4 1 4 1 3 1 1 1 1 1 2 2 3 2 3 4 3 3 2 3 2
0	1	 1 2 4 4 3 3 1 4 2 3 1 2 4 1 4 1 3 3 1 2 2 4 1 3 4 1 4 1 1 4 1 4 2 1 3 3 1 2 2 1 4 3 2 2 3 2 1 3 3 1 1 2 1 1 1 3 4 3 4 1 4 2 3 1 1 3 3 1 1 0 0 0 3 1 2 1 4 1 4 1 3 1 1 1 1 1 2 2 3 2 3 4 3 3 2 3 2
0	1	 1 2 4 4 3 3 1 4 2 3 1 2 4 1 4 1 3 3 1 2 2 4 1 3 4 1 4 1 1 4 1 4 2 1 3 3 1 2 2 1 4 3 2 2 3 2 1 3 3 1 1 2 1 1 1 3 4 3 4 1 4 2 3 1 1 3 3 1 1 0 0 0 3 1 2 1 4 1 4 1 3 1 1 1 1 1 2 2 3 2 3 4 3 3 2 3 2
0	1	 1 2 4 4 3 3 1 4 2 3 1 2 4 1 4 1 3 3 1 2 2 4 1 3 4 1 4 1 1 4 1 4 2 1 3 3 1 2 2 1 4 3 2 2 3 2 1 3 3 1 1 2 1 1 1 3 4 3 4 1 4 2 3 1 1 3 3 1 1 0 0 0 3 1 2 1 4 1 4 1 3 1 1 1 1 1 2 2 3 2 3 4 3 3 2 3 2
0	1	 1 2 4 4 3 3 1 4 2 3 1 2 4 1 4 1 3 3 1 2 2 4 1 3 4 1 4 1 1 4 1 4 2 1 3 3 1 2 2 1 4 3 2 2 3 2 1 3 3 1 1 2 1 1 1 3 4 3 4 1 4 2 3 1 1 3 3 1 1 0 0 0 3 1 2 1 4 1 4 1 3 1 1 1 1 1 2 2 3 2 3 4 3 3 2 3 2
0	1	 1 2 4 4 3 3 1 4 2 3 1 2 4 1 4 1 3 3 1 2 2 4 1 3 4 1 4 1 1 4 1 4 2 1 3 3 1 2 2 1 4 3 2 2 3 2 1 3 3 1 1 2 1 1 1 3 4 3 4 1 4 2 3 1 1 3 3 1 1 0 0 0 3 1 2 1 4 1 4 1 3 1 1 1 1 1 2 2 3 2 3 4 3 3 2 3 2
0	1	 1 2 4 4 3 3 1 4 2 3 1 2 4 1 4 1 3 3 1 2 2 4 1 3 4 1 4 1 1 4 1 4 2 1 3 3 1 2 2 1 4 3 2 2 3 2 1 3 3 1 1 2 1 1 1 3 4 3 4 1 4 2 3 1 1 3 3 1 1 0 0 0 3 1 2 1 4 1 4 1 3 1 1 1 1 1 2 2 3 2 3 4 3 3 2 3 2
0	1	 1 2 4 4 3 3 1 4 2 3 1 2 4 1 4 1 3 3 1 2 2 4 1 3 4 1 4 1 1 4 1 4 2 1 3 3 1 2 2 1 4 3 2 2 3 2 1 3 3 1 1 2 1 1 1 3 4 3 4 1 4 2 3 1 1 3 3 1 1 0 0 0 3 1 2 1 4 1 4 1 3 1 1 1 1 1 2 2 3 2 3 4 3 3 2 3 2
0	1	 1 2 4 4 3 3 1 4 2 3 1 2 4 1 4 1 3 3 1 2 2 4 1 3 4 1 4 1 1 4 1 4 2 1 3 3 1 2 2 1 4 3 2 2 3 2 1 3 3 1 1 2 1 1 1 3 4 3 4 1 4 2 3 1 1 3 3 1 1 0 0 0 3 1 2 1 4 1 4 1 3 1 1 1 1 1 2 2 3 2 3 4 3 3 2 3 2
0	1	 1 2 4 4 3 3 1 4 2 3 1 2 4 1 4 1 3 3 1 2 2 4 1 3 4 1 4 1 1 4 1 4 2 1 3 3 1 2 2 1 4 3 2 2 3 2 1 3 3 1 1 2 1 1 1 3 4 3 4 1 4 2 3 1 1 3 3 1 1 0 0 0 3 1 2 1 4 1 4 1 3 1 1 1 1 1 2 2 3 2 3 4 3 3 2 3 2
0	1	 1 2 4 4 3 3 1 4 2 3 1 2 4 1 4 1 3 3 1 2 2 4 1 3 4 1 4 1 1 4 1 4 2 1 3 3 1 2 2 1 4 3 2 2 3 2 1 3 3 1 1 2 1 1 1 3 4 3 4 1 4 2 3 1 1 3 3 1 1 0 0 0 3 1 2 1 4 1 4 1 3 1 1 1 1 1 2 2 3 2 3 4 3 3 2 3 2
0	1	 1 2 4 4 3 3 1 4 2 3 1 2 4 1 4 1 3 3 1 2 2 4 1 3 4 1 4 1 1 4 1 4 2 1 3 3 1 2 2 1 4 3 2 2 3 2 1 3 3 1 1 2 1 1 1 3 4 3 4 1 4 2 3 1 1 3 3 1 1 0 0 0 3 1 2 1 4 1 4 1 3 1 1 1 1 1 2 2 3 2 3 4 3 3 2 3 2
0	1	 1 2 4 4 3 3 1 4 2 3 1 2 4 1 4 1 3 3 1 2 2 4 1 3 4 1 4 1 1 4 1 4 2 1 3 3 1 2 2 1 4 3 2 2 3 2 1 3 3 1 1 2 1 1 1 3 4 3 4 1 4 2 3 1 1 3 3 1 1 0 0 0 3 1 2 1 4 1 4 1 3 1 1 1 1 1 2 2 3 2 3 4 3 3 2 3 2
0	1	 1 2 4 4 3 3 1 4 2 3 1 2 4 1 4 1 3 3 1 2 2 4 1 3 4 1 4 1 1 4 1 4 2 1 3 3 1 2 2 1 4 3 2 2 3 2 1 3 3 1 1 2 1 1 1 3 4 3 4 1 4 2 3 1 1 3 3 1 1 0 0 0 3 1 2 1 4 1 4 1 3 1 1 1 1 1 2 2 3 2 3 4 3 3 2 3 2
0	1	 1 2 4 4 3 3 3 4 2 3 1 2 4 1 4 1 3 3 1 2 2 4 1 3 4 1 4 1 1 4 1 4 2 1 3 3 1 2 2 1 4 3 2 2 3 2 1 3 3 1 1 2 1 1 1 3 4 3 4 1 4 2 3 1 1 3 3 1 1 0 0 0 3 1 2 1 4 1 4 1 3 1 1 1 1 1 2 2 3 2 3 4 3 3 2 3 2
0	1	 1 2 4 4 3 3 1 4 2 3 1 2 4 1 4 1 3 3 1 2 2 4 1 3 4 1 4 1 1 4 1 4 2 1 3 3 1 2 2 1 4 3 2 2 3 2 1 3 3 1 1 2 1 1 1 3 4 3 4 1 4 2 3 1 1 3 3 1 1 0 0 0 3 1 2 1 4 1 4 1 3 1 1 1 1 1 2 2 3 2 3 4 3 3 2 3 2
0	1	 1 2 4 4 3 3 1 4 2 3 1 2 4 1 4 1 3 3 1 2 2 4 1 3 4 1 4 1 1 4 1 4 2 1 3 3 1 2 2 1 4 3 2 2 3 2 1 3 3 1 1 2 1 1 1 3 4 3 4 1 4 2 3 1 1 3 3 1 1 0 0 0 3 1 2 1 4 1 4 1 3 1 1 1 1 1 2 2 3 2 3 4 3 3 2 3 2
21	1	 1 2 4 4 3 3 1 4 2 3 1 2 4 1 4 1 3 3 1 2 2 4 1 3 4 1 4 1 1 4 1 4 2 1 3 3 1 2 2 1 4 3 2 2 3 2 1 3 3 1 1 2 1 1 1 3 3 3 4 1 4 2 3 1 1 3 3 1 1 0 0 0 3 1 2 1 4 1 4 1 1 1 1 1 1 1 2 2 3 2 3 4 3 3 2 3 2
21	1	 1 2 4 4 3 3 3 4 2 3 1 2 4 1 4 1 3 3 1 4 2 4 1 3 4 1 4 1 1 4 1 4 2 1 3 3 1 2 2 1 4 3 2 2 3 2 1 3 3 1 1 2 1 1 1 3 4 3 4 1 4 2 3 1 1 3 3 1 1 0 0 0 3 1 2 1 4 1 4 1 3 1 2 1 1 1 2 2 3 2 3 4 3 3 2 3 2
21	1	 1 2 4 4 3 3 1 4 2 3 1 2 4 1 4 1 1 3 1 2 2 4 1 3 4 1 4 1 1 4 1 4 2 1 3 3 1 2 2 1 4 3 2 2 3 2 1 3 3 1 1 2 1 1 1 3 4 3 4 1 4 2 3 1 1 3 3 1 1 0 0 0 3 1 2 1 2 1 4 1 3 1 1 1 1 1 2 2 3 2 3 4 3 3 2 3 2
21	1	 1 2 4 4 3 3 1 4 2 3 1 2 4 1 4 1 3 3 1 2 2 4 1 3 4 1 4 1 1 4 1 4 2 1 3 3 1 2 2 1 4 3 2 2 3 2 1 3 3 1 1 2 1 1 1 3 4 3 4 1 4 2 3 1 1 3 3 1 1 0 0 0 3 1 2 1 4 1 4 1 3 1 1 1 1 1 2 4 3 2 3 4 3 3 2 3 2
21	1	 1 2 4 4 3 3 1 4 2 3 1 2 4 1 4 1 3 3 1 2 2 4 1 3 4 1 4 1 1 4 1 4 2 1 3 3 1 2 2 1 4 3 2 2 3 2 1 3 3 1 1 2 1 1 1 3 4 3 4 1 4 2 3 1 1 3 3 1 1 0 0 0 3 1 2 1 4 1 4 1 3 3 1 1 1 1 2 2 3 2 3 4 3 3 2 3 2
21	1	 1 2 4 4 3 3 1 4 2 3 1 2 4 1 4 1 3 1 1 2 2 4 1 3 4 1 4 1 1 4 1 4 2 1 3 3 1 2 2 1 4 3 2 2 3 2 1 3 3 1 1 2 1 1 1 3 4 3 4 1 4 2 3 1 1 3 3 1 1 0 0 0 3 1 2 1 4 1 4 1 3 1 1 1 1 1 2 2 3 2 3 4 3 3 2 3 2
21	1	 1 2 4 4 3 3 1 1 2 3 1 2 4 1 4 1 3 3 1 2 2 4 1 3 4 2 4 1 1 4 1 4 2 1 3 3 1 2 2 1 4 3 2 2 3 2 1 3 3 1 1 2 1 1 1 3 4 3 4 1 4 2 3 1 1 3 3 1 1 0 0 0 3 1 2 1 4 1 4 1 3 3 1 1 1 1 1 2 3 2 3 4 3 3 2 3 2
21	1	 1 2 4 4 3 3 1 4 2 3 1 2 4 1 4 1 3 3 1 2 2 4 1 3 4 1 4 1 1 4 1 4 2 1 3 3 1 2 2 1 4 3 2 2 3 2 1 3 3 1 1 2 1 1 1 3 4 3 4 1 4 2 3 1 1 3 3 1 1 0 0 0 3 1 2 1 4 1 4 1 1 1 1 1 1 1 2 2 3 2 3 4 3 3 2 3 2
21	1	 1 2 4 4 3 3 1 4 4 3 1 2 4 1 4 1 3 3 1 2 2 4 1 3 4 1 4 1 1 4 1 4 2 1 3 3 1 2 2 1 4 3 2 2 3 2 1 3 3 1 1 2 1 1 1 3 3 3 4 1 4 2 3 1 1 3 3 1 1 0 0 0 3 1 2 1 4 1 4 1 1 1 1 1 1 1 2 2 3 2 3 4 3 3 2 3 2
21	1	 1 2 4 4 3 3 1 4 2 3 1 2 4 1 4 1 3 3 1 2 2 4 1 3 4 1 2 1 1 4 1 4 2 1 3 3 1 2 2 1 4 3 2 2 3 2 1 3 3 1 1 2 1 1 1 3 4 3 4 1 4 2 3 1 1 3 3 1 1 0 0 0 3 1 2 1 4 1 4 1 3 1 1 1 3 1 2 2 3 2 3 4 3 1 2 3 2
28	1	 1 2 4 4 3 3 1 4 2 3 1 2 4 1 4 1 3 3 1 2 2 4 1 3 4 1 4 1 1 4 1 4 2 1 3 3 1 2 2 1 4 3 2 2 3 2 1 3 3 1 1 2 1 1 1 3 4 3 4 1 4 2 3 1 1 3 3 1 1 0 0 0 3 1 2 1 4 1 4 1 3 3 1 1 1 1 2 2 3 4 3 4 3 3 2 3 2
28	1	 3 2 4 4 3 3 1 4 2 3 1 2 4 1 4 1 3 3 1 2 2 4 1 3 4 1 4 1 1 2 1 4 2 1 3 3 1 2 2 1 4 3 2 2 3 2 1 3 3 1 1 2 1 1 1 3 4 3 4 1 4 2 3 1 1 3 3 1 1 0 0 0 3 1 2 1 4 1 4 1 3 1 1 1 3 1 2 2 3 2 3 4 3 3 2 3 2
28	1	 1 2 4 4 3 3 1 4 2 3 1 2 4 1 4 1 3 3 1 2 2 4 1 3 4 1 4 1 1 4 1 4 2 1 3 3 1 2 2 1 4 3 2 2 3 2 1 3 3 1 1 2 1 1 1 3 4 3 4 1 4 2 3 1 1 3 3 1 1 0 0 0 3 1 2 1 4 1 4 1 1 1 1 1 1 1 2 2 3 2 3 4 3 3 2 3 2
28	1	 1 2 4 4 3 3 1 4 2 3 1 2 4 1 4 1 3 3 1 2 2 4 1 3 4 1 4 1 1 4 1 4 2 1 3 3 1 2 2 1 4 3 2 2 3 2 1 3 3 1 1 2 1 1 1 3 4 3 4 1 4 2 3 1 1 3 3 1 1 0 0 0 3 1 2 1 4 1 4 1 1 1 1 1 1 1 2 2 3 2 3 4 3 3 2 3 2
28	1	 1 2 4 4 3 3 1 4 2 3 1 2 4 1 4 1 3 3 1 2 2 4 1 3 4 1 4 1 1 4 1 4 2 1 3 3 1 2 2 1 4 3 2 2 3 2 1 3 3 1 1 2 1 1 1 3 4 3 4 1 4 2 3 1 1 3 3 1 1 0 0 0 3 1 2 1 4 1 4 1 3 1 1 1 1 1 2 2 3 2 3 4 3 3 2 3 2
28	1	 1 2 4 4 3 3 1 4 2 3 1 2 4 1 4 1 3 3 1 2 2 4 1 3 4 1 4 1 1 4 1 4 2 1 3 3 1 2 2 1 4 3 2 2 3 2 1 3 3 1 1 2 1 1 1 3 4 3 4 1 4 2 3 1 1 3 3 1 1 0 0 0 3 1 2 1 4 1 4 1 3 1 1 3 1 1 2 2 3 2 3 4 3 3 2 1 2
28	1	 1 2 4 4 3 3 1 4 2 3 1 2 4 1 4 1 3 3 1 2 2 4 1 3 4 1 4 1 1 4 1 4 2 1 3 3 1 2 2 1 4 3 2 2 3 2 1 3 3 1 1 2 1 1 1 3 4 3 4 1 4 2 3 1 1 3 3 1 1 0 0 0 3 1 2 1 4 1 4 1 0 0 0 1 1 1 2 2 3 2 3 4 3 3 2 3 2
28	1	 1 2 4 4 3 3 1 4 2 3 1 2 4 1 4 1 3 3 1 2 2 4 1 3 4 1 4 1 1 4 1 4 2 1 3 3 1 2 2 1 4 3 2 2 3 2 1 3 3 1 1 2 1 1 1 3 4 3 4 1 4 2 3 1 1 3 3 1 1 0 0 0 3 1 2 1 4 1 4 1 3 1 1 1 1 1 2 2 3 2 3 4 3 3 2 3 2
34	1	 1 2 4 4 3 3 1 4 2 3 1 2 4 1 4 1 3 3 1 2 2 4 1 3 4 1 4 1 1 4 1 4 2 1 3 3 1 2 2 1 4 3 2 2 3 2 1 3 3 1 1 2 1 1 1 3 4 3 4 1 4 2 3 1 1 3 3 1 1 0 0 0 3 1 1 1 4 1 4 1 3 1 1 3 1 1 2 2 3 2 3 4 3 3 2 3 2
34	1	 1 2 4 4 3 3 1 4 2 3 1 2 4 1 4 1 3 3 1 2 2 4 1 3 4 1 4 1 1 4 1 4 2 1 3 3 1 2 2 1 4 3 2 2 3 2 1 3 3 1 1 2 1 1 1 3 4 3 4 1 4 2 3 1 1 3 3 1 1 0 0 0 1 3 2 1 4 1 4 1 3 3 1 1 1 1 2 2 3 2 3 4 3 3 2 3 2
34	1	 1 2 4 4 3 3 1 4 2 3 1 2 4 1 4 1 3 3 1 2 2 4 1 3 4 1 4 1 1 4 1 4 2 1 3 3 1 2 2 1 4 3 2 2 3 2 1 3 3 1 1 2 1 1 1 3 4 3 4 1 4 2 3 1 1 3 3 1 1 0 0 0 3 1 4 1 4 1 4 1 3 3 1 1 1 1 2 2 3 2 3 4 3 3 2 3 2
34	1	 1 2 4 4 3 3 1 4 2 3 1 2 4 1 4 1 3 3 1 2 2 4 1 3 4 1 4 1 1 4 1 4 2 1 3 3 1 2 2 1 4 3 2 2 3 2 1 3 3 1 1 2 1 1 1 3 4 3 4 1 4 2 3 1 1 3 3 1 1 0 0 0 1 3 2 1 4 1 4 1 3 3 1 1 1 1 2 2 3 2 3 4 3 3 2 3 2
34	1	 1 2 4 4 3 3 1 4 2 3 1 2 4 1 4 1 3 3 1 2 4 4 1 3 4 1 4 1 1 4 1 4 2 1 3 3 1 2 2 1 4 3 2 2 3 2 1 3 3 1 1 2 1 1 1 3 4 3 4 1 4 2 3 1 1 3 3 1 1 0 0 0 1 3 2 1 4 1 4 1 1 1 1 1 1 1 2 2 3 2 3 4 3 3 2 3 2
34	1	 1 2 4 4 3 3 1 4 2 3 1 2 4 1 4 1 3 3 1 2 2 4 1 3 4 1 4 1 1 4 1 4 2 1 3 3 1 2 2 1 4 3 2 2 3 2 1 3 3 1 1 2 1 1 1 3 4 3 4 1 4 2 3 1 1 3 3 1 1 0 0 0 1 3 2 1 4 1 4 1 3 3 1 1 1 1 2 2 3 2 3 4 3 3 2 3 2
34	1	 1 2 4 4 3 3 1 4 2 3 3 2 4 1 4 1 3 3 1 2 2 4 1 3 4 1 4 1 1 4 1 4 2 1 3 3 1 2 2 1 4 3 2 2 3 2 1 3 3 1 1 2 1 1 1 3 4 3 4 1 4 2 3 1 1 3 3 1 1 0 0 0 3 4 2 1 4 1 4 1 3 1 2 1 1 1 2 2 3 2 3 4 3 3 2 3 2
34	1	 1 2 4 4 3 3 1 4 2 3 1 2 4 1 4 1 3 3 1 2 2 4 1 3 4 1 4 1 1 4 1 4 2 1 3 3 1 2 2 1 4 3 2 2 3 2 1 3 3 1 1 2 1 1 1 3 4 3 4 1 4 2 3 1 1 3 3 1 1 0 0 0 1 3 2 1 4 1 4 1 3 3 1 1 1 1 2 2 3 2 3 4 3 3 2 3 2
34	1	 1 2 4 4 3 3 1 4 2 3 1 2 4 1 4 1 3 3 1 2 2 4 1 3 4 1 4 1 1 4 1 4 2 1 3 3 1 2 2 1 4 3 2 2 3 2 1 3 3 1 1 2 1 1 1 3 4 3 4 1 4 2 3 1 1 3 3 1 1 0 0 0 3 1 1 1 4 1 4 1 3 1 1 3 1 1 2 2 3 2 3 4 3 3 2 3 2
34	1	 1 2 4 4 3 3 1 4 2 3 1 2 4 1 4 1 3 3 1 2 2 4 1 3 4 1 4 1 1 4 1 4 2 1 3 3 1 2 2 1 4 3 2 2 3 2 1 3 3 1 1 2 1 1 1 3 4 3 4 1 4 2 3 1 1 3 3 1 1 0 0 0 3 1 2 1 4 1 4 1 3 1 1 3 1 1 2 2 3 2 3 4 3 3 2 3 2
34	1	 1 2 4 4 3 3 1 4 2 3 1 2 4 1 4 1 3 3 1 2 2 4 1 3 4 1 4 1 1 4 1 4 2 1 3 3 1 2 2 1 4 3 2 2 3 2 1 3 3 1 1 2 1 1 1 3 4 3 4 1 4 2 3 1 1 3 3 1 1 0 0 0 2 1 2 1 4 1 4 1 3 1 2 1 1 1 2 2 3 2 3 4 3 3 2 3 2
34	1	 1 2 4 4 3 1 1 4 2 3 1 2 4 1 4 1 3 3 1 2 2 4 1 3 4 1 4 1 1 4 1 4 2 1 3 3 1 2 2 1 4 3 2 2 3 2 1 3 3 1 1 2 1 1 1 3 3 3 4 1 4 2 3 1 1 3 3 1 1 0 0 0 3 1 2 1 4 1 2 1 1 1 1 1 1 1 2 2 3 2 3 4 3 3 2 3 2
63	1	 1 2 4 4 3 3 1 4 2 3 1 2 4 1 4 1 3 3 1 2 2 4 1 3 4 1 4 1 1 4 1 4 2 1 3 3 1 2 2 1 4 3 2 2 3 2 1 3 3 1 1 2 1 1 1 3 4 3 4 1 4 2 3 1 1 3 3 1 1 0 0 0 3 1 2 1 4 1 4 1 3 1 2 1 1 1 2 2 3 2 3 4 3 3 2 3 2
63	1	 1 2 4 4 3 3 1 4 2 3 1 2 4 1 4 1 3 3 1 2 2 4 1 3 4 1 4 1 1 4 1 4 2 1 3 3 1 2 2 1 4 3 2 2 3 2 1 3 3 1 1 2 1 1 1 3 4 3 4 1 4 2 3 1 1 3 3 1 1 0 0 0 1 3 2 1 4 1 4 1 3 3 1 1 1 1 2 2 3 2 3 4 3 3 2 3 2
63	1	 1 2 4 4 3 3 1 4 2 3 3 2 4 1 4 1 3 3 1 2 2 4 1 3 4 1 4 1 1 4 1 4 2 1 3 3 1 2 2 1 4 3 2 2 3 2 1 3 3 1 1 2 1 1 1 3 4 3 4 1 4 2 3 1 1 3 3 1 1 0 0 0 3 1 4 1 4 1 4 1 3 1 2 1 1 1 2 2 3 2 3 4 3 3 2 3 2
63	1	 1 2 4 4 3 3 1 4 2 3 1 2 4 1 4 1 3 3 1 2 2 4 1 3 4 1 4 1 1 4 1 4 2 1 3 3 1 2 2 1 4 3 2 2 3 2 1 3 3 1 1 2 1 1 1 3 4 3 4 1 4 2 3 1 1 3 3 1 1 0 0 0 1 3 2 1 4 1 4 1 3 3 1 1 1 1 2 2 3 2 3 4 3 3 2 3 2
63	1	 1 2 4 4 3 3 1 4 2 3 1 2 4 1 4 1 3 3 1 2 2 4 1 3 4 1 4 1 1 4 1 4 2 1 3 3 1 2 2 1 4 3 2 2 3 2 1 3 3 1 1 2 1 1 1 3 4 3 4 1 4 2 3 1 1 3 3 1 1 0 0 0 3 1 4 1 4 1 4 1 3 3 1 1 1 1 2 2 3 2 3 4 3 3 2 3 2
63	1	 1 2 4 4 3 3 1 4 2 3 1 2 4 1 4 1 3 3 1 2 2 4 1 3 4 1 4 1 1 4 1 4 2 1 3 3 1 2 2 1 4 3 2 2 3 2 1 3 3 1 1 2 1 1 1 3 4 3 4 1 4 2 3 1 1 3 3 1 1 0 0 0 3 1 2 1 4 1 4 1 3 1 4 1 1 1 2 2 3 2 3 4 3 3 2 3 2
63	1	 1 2 4 4 3 3 1 4 2 3 1 2 4 1 4 1 3 3 1 2 2 4 1 3 4 1 4 1 1 4 1 4 2 1 3 3 1 2 2 1 4 3 2 2 3 2 1 3 3 1 1 2 1 1 1 3 4 3 4 1 4 2 3 1 1 3 3 1 1 0 0 0 3 1 2 1 4 1 4 1 3 1 1 3 1 1 2 2 3 2 3 4 3 3 2 3 2
63	1	 1 2 4 4 3 3 1 4 2 3 1 2 4 1 4 1 3 3 1 2 2 4 1 3 4 1 4 1 1 4 1 4 2 1 3 3 1 2 2 1 4 3 2 2 3 2 1 3 3 1 1 2 1 1 1 3 4 3 4 0 4 2 3 1 1 3 3 1 1 0 0 0 3 1 2 1 4 1 4 1 3 3 1 1 1 1 2 2 3 2 3 4 3 3 2 3 2
63	1	 1 2 4 4 3 3 1 4 2 3 1 2 4 1 4 1 3 3 1 2 2 4 1 3 4 1 4 1 1 4 1 4 2 1 3 3 1 2 2 1 4 3 2 2 3 2 1 3 3 1 1 2 1 1 1 3 4 3 4 1 4 2 3 1 1 3 3 1 1 0 0 0 3 3 2 1 4 1 4 1 3 3 1 1 1 1 2 2 3 2 3 4 3 3 2 3 2
63	1	 1 2 4 4 3 3 1 4 2 3 1 2 4 1 4 1 3 3 1 2 2 4 1 3 4 1 4 1 1 4 1 4 2 1 3 3 1 2 2 1 4 3 2 2 3 2 1 3 3 1 1 2 1 1 1 3 4 3 4 1 4 2 3 1 1 3 3 1 1 0 0 0 3 1 4 1 4 1 4 1 3 1 2 1 1 1 2 2 3 2 3 4 3 3 2 3 2
63	1	 1 2 4 4 3 3 1 4 2 3 1 2 4 1 4 1 3 3 1 2 2 4 1 3 4 1 4 1 1 4 1 4 2 1 3 3 1 2 2 1 4 3 2 2 3 2 1 3 3 1 1 2 1 1 1 3 4 3 4 1 4 2 3 1 1 3 3 1 1 0 0 0 3 1 4 1 4 1 4 1 3 1 2 1 1 1 2 2 3 2 3 4 3 3 2 3 2
63	1	 1 2 4 4 3 3 1 4 2 3 1 2 4 1 4 1 3 3 1 2 2 4 1 3 4 1 4 1 1 4 1 4 2 1 3 3 1 2 2 1 4 3 2 2 3 2 1 3 3 1 1 2 1 1 1 3 4 3 4 1 4 2 3 1 1 3 3 1 1 0 0 0 1 3 2 1 4 1 4 1 3 3 1 1 1 1 2 2 3 2 3 4 3 3 2 3 2
91	1	 1 2 4 4 3 3 1 4 2 3 1 2 4 1 3 2 3 3 1 2 2 4 1 3 4 1 4 1 1 4 1 4 2 1 3 3 1 2 2 1 4 3 2 2 3 2 1 3 1 1 1 2 1 1 1 3 4 3 4 1 4 2 3 2 1 3 3 1 1 0 0 0 1 1 2 1 4 1 4 1 3 1 2 1 1 1 2 2 3 2 3 4 3 3 2 3 2
91	1	 1 2 4 4 3 3 1 4 2 3 1 2 4 1 4 1 3 3 1 2 2 4 1 4 4 1 4 1 1 4 1 4 2 1 3 3 1 2 2 1 4 3 2 2 3 2 1 3 3 1 1 2 1 1 1 3 4 3 4 1 4 2 3 2 1 3 3 1 1 0 0 0 1 1 2 1 4 1 4 1 3 1 2 1 1 1 2 2 3 2 3 4 3 3 2 3 2
91	1	 1 2 4 4 3 3 1 4 2 3 1 2 4 1 4 1 3 3 1 2 2 4 1 3 4 1 4 1 1 4 1 4 2 1 3 3 1 2 2 1 4 3 2 2 3 2 1 3 3 1 1 2 1 1 1 3 4 3 4 1 4 2 3 1 1 3 3 1 1 0 0 0 3 2 2 1 4 1 4 1 3 1 1 3 1 1 2 2 3 2 3 4 3 3 2 3 2
91	1	 1 2 4 4 3 3 1 4 2 3 1 2 4 1 4 1 3 3 1 2 2 4 1 3 4 1 4 1 1 4 1 4 2 1 3 3 1 2 2 1 4 3 2 2 3 2 1 3 3 1 1 2 1 1 1 3 4 3 4 1 4 2 3 1 1 3 3 1 1 0 0 0 1 1 2 1 4 1 4 1 3 1 2 1 1 1 2 2 3 2 3 4 3 3 2 3 2
91	1	 1 2 4 4 3 3 1 4 2 3 1 2 4 1 3 2 3 3 1 2 2 4 1 3 4 1 4 1 1 4 1 4 2 1 3 3 1 2 2 1 4 3 2 2 3 2 1 3 1 1 1 2 1 1 1 3 4 3 4 1 4 2 3 2 1 3 3 1 1 0 0 0 1 1 2 1 4 1 4 1 3 1 2 1 1 1 2 2 3 2 3 4 3 3 2 3 2
91	1	 1 2 4 4 3 3 1 4 2 3 1 2 4 1 4 1 3 3 1 2 2 4 1 3 4 1 4 1 1 4 1 4 2 1 3 3 1 2 2 1 4 3 2 2 3 2 1 3 3 1 1 2 1 1 1 3 4 3 4 1 4 2 3 1 1 3 3 1 1 0 0 0 3 1 4 1 4 1 4 1 3 3 1 1 3 1 2 2 3 2 3 4 3 3 2 3 2
91	1	 1 2 4 4 3 3 1 4 2 3 1 2 4 1 4 1 3 3 1 2 2 4 1 4 4 1 4 1 1 4 1 4 2 1 3 3 1 2 2 1 4 3 2 2 3 2 1 3 3 1 1 2 1 1 1 3 4 3 4 1 4 2 3 2 1 3 3 1 1 0 0 0 1 1 2 1 4 1 4 1 3 1 2 1 1 1 2 2 3 2 3 4 3 3 2 3 2
91	1	 1 2 4 4 3 3 1 4 2 3 1 2 4 1 3 2 3 3 1 2 2 4 1 3 4 1 4 1 1 4 1 4 2 1 3 3 1 2 2 1 4 3 2 2 3 2 1 3 1 1 1 2 1 1 1 3 4 3 4 1 4 2 3 2 1 3 3 1 1 0 0 0 1 1 2 1 4 1 4 1 3 1 2 1 1 1 2 2 3 2 3 4 3 3 2 3 2
91	1	 1 2 4 4 3 3 1 4 2 3 1 2 4 1 4 1 3 3 1 2 2 4 1 4 4 1 4 1 1 4 1 4 2 1 3 3 1 2 2 1 4 3 2 2 3 2 1 3 3 1 1 2 1 1 1 3 4 3 4 1 4 2 3 2 1 3 3 1 1 0 0 0 1 1 2 1 4 1 4 1 3 1 2 1 1 1 2 2 3 2 3 4 3 3 2 3 2
175	1	 1 2 4 4 3 3 1 4 2 3 1 2 4 1 3 2 3 3 1 2 2 4 1 3 4 1 4 1 1 4 1 4 2 1 3 3 1 2 2 1 4 3 2 2 3 2 1 3 3 1 1 2 1 1 1 3 4 3 4 1 4 2 3 1 1 3 3 2 1 3 1 3 2 1 2 1 4 1 4 2 3 1 2 1 1 1 2 2 3 2 3 4 3 3 2 3 2
175	1	 1 2 4 4 3 3 1 4 2 3 1 2 4 1 3 2 3 3 1 2 2 4 1 3 4 1 4 1 1 4 1 4 2 1 3 3 1 2 2 1 4 3 2 4 3 2 1 3 1 1 1 2 1 1 1 3 4 3 4 1 4 2 3 1 1 3 3 1 1 0 0 0 3 1 4 1 4 1 4 1 3 3 1 1 3 1 2 2 3 2 3 4 3 3 2 3 2
175	1	 1 2 4 4 3 3 1 4 2 3 1 2 4 1 3 2 3 3 3 2 2 4 1 3 4 1 4 1 1 4 1 4 2 1 3 3 1 2 2 1 4 3 2 2 3 2 1 3 1 1 1 2 1 1 1 3 4 3 4 1 4 2 3 1 1 3 3 1 1 0 0 0 3 3 2 1 4 1 4 1 3 3 1 1 3 1 2 2 3 2 3 4 3 3 2 3 2
175	1	 1 2 4 4 3 3 1 4 2 3 1 2 4 1 3 2 3 3 1 2 2 4 1 3 4 1 4 1 1 4 1 4 2 1 3 3 1 2 2 1 4 3 2 2 3 2 1 3 3 1 1 2 1 1 1 3 4 3 4 1 4 2 3 1 1 3 3 1 1 0 0 0 3 3 4 1 4 1 4 1 3 3 1 1 3 1 2 2 3 2 3 4 3 3 2 3 2
175	1	 1 2 4 4 3 3 1 4 2 3 1 2 4 1 3 2 3 3 3 2 2 4 1 3 4 1 4 1 1 4 1 4 2 1 3 3 1 2 2 1 4 3 2 2 3 2 1 3 1 1 1 2 1 1 1 3 4 3 4 1 4 2 3 1 1 3 3 1 1 0 0 0 3 3 2 1 4 1 4 1 3 3 1 1 3 1 2 2 3 2 3 4 3 3 2 3 2
175	1	 1 2 4 4 3 3 1 4 2 3 1 2 4 1 3 2 3 3 1 2 2 4 1 3 4 1 4 1 1 4 1 4 2 1 3 3 1 2 2 1 4 3 2 2 1 2 1 3 1 1 1 2 1 1 1 3 4 3 4 1 4 2 3 1 1 3 3 1 1 0 0 0 3 3 2 1 4 1 4 1 3 3 1 1 3 1 2 2 3 2 3 4 3 3 2 3 2
175	1	 1 2 4 4 3 3 1 4 2 3 1 2 4 1 3 2 3 3 3 2 2 4 1 3 4 1 4 1 1 4 1 4 2 1 3 3 1 2 2 1 4 3 2 2 3 2 1 3 3 1 1 2 1 1 1 3 4 3 4 1 4 2 3 1 1 3 3 1 1 0 0 0 3 3 2 1 4 1 4 1 3 3 1 1 3 1 2 2 3 2 3 4 3 3 2 3 2
175	1	 1 2 4 4 3 3 1 4 2 3 1 2 4 1 3 2 3 3 1 2 2 4 1 4 4 1 4 1 1 4 1 4 2 1 3 3 1 2 2 1 4 3 2 2 3 2 1 3 1 1 1 2 1 1 1 3 4 3 4 1 4 2 3 1 1 3 3 1 1 0 0 0 1 1 2 1 4 1 4 1 3 1 2 1 1 1 2 2 3 2 3 4 3 3 2 3 2
175	1	 1 2 4 4 3 3 1 4 2 3 1 2 4 1 3 2 3 3 1 2 2 4 1 4 4 1 4 1 1 4 1 4 2 1 3 3 1 2 2 1 4 3 2 2 3 2 2 3 1 1 1 2 1 1 1 3 4 3 4 1 4 2 3 1 1 3 3 1 1 0 0 0 3 3 2 1 4 1 4 1 3 3 1 1 3 1 2 2 3 2 1 4 3 3 2 3 2
175	1	 1 2 4 4 3 3 1 4 2 3 2 2 4 1 3 2 3 3 1 2 2 4 1 4 4 1 4 1 1 4 1 4 2 1 3 3 1 2 2 1 4 3 2 2 3 2 1 3 1 1 1 2 1 1 1 3 4 3 4 1 4 2 3 1 1 3 3 1 1 3 1 3 2 1 2 1 4 1 4 2 3 1 2 1 1 3 2 2 3 2 3 4 3 3 2 3 2
175	1	 1 2 4 4 3 3 1 4 2 3 1 2 4 1 3 2 3 3 3 2 2 4 1 3 4 1 4 1 1 4 1 4 2 1 3 3 1 2 2 1 4 3 2 2 3 2 1 3 3 1 1 2 1 1 1 3 4 3 4 1 4 2 3 1 3 3 3 2 1 3 1 3 2 1 2 1 4 1 4 1 3 1 4 1 1 1 2 2 3 2 3 4 3 3 2 3 2
175	1	 1 2 4 4 3 3 1 4 2 3 1 2 4 1 3 2 3 3 1 2 2 4 1 4 4 1 4 1 1 4 1 4 2 1 3 3 1 2 2 1 4 3 2 2 3 2 1 3 1 1 1 2 1 1 1 3 4 3 4 1 4 2 3 2 1 3 3 1 1 0 0 0 1 1 2 1 4 1 4 1 3 1 2 1 1 1 2 2 3 2 3 4 3 3 2 3 2
273	1	 1 2 2 4 3 3 1 4 2 3 1 2 4 1 3 2 3 3 1 2 2 0 1 4 4 2 4 1 1 4 1 4 2 1 3 3 1 2 2 1 4 3 2 2 3 1 2 3 1 1 1 2 1 1 1 3 4 3 4 1 4 2 3 1 1 3 3 1 1 0 0 0 3 3 2 1 4 1 4 1 3 3 1 1 3 1 2 2 3 2 3 4 3 3 2 3 2
273	1	 1 2 4 4 3 3 1 4 2 3 1 2 4 1 3 2 3 3 1 2 2 4 1 4 4 1 4 3 1 4 1 4 2 1 3 3 1 2 2 1 4 3 2 2 3 2 1 3 1 1 1 2 1 1 1 3 4 3 4 1 4 2 3 1 1 3 3 1 1 0 0 0 2 1 2 1 4 1 4 1 3 1 2 1 1 1 2 2 3 2 3 4 3 3 2 3 2
273	1	 1 2 4 4 3 3 1 4 2 3 1 2 0 1 3 2 3 3 3 2 2 4 1 3 2 1 4 1 1 4 1 4 2 1 3 3 1 2 2 1 4 3 2 2 1 2 1 3 1 1 1 2 1 3 2 3 4 3 4 1 4 2 3 1 1 3 3 1 1 0 0 0 3 3 2 1 4 1 4 2 3 1 2 1 3 1 2 2 3 2 3 4 3 3 2 3 2
273	1	 1 2 4 4 3 3 1 4 2 3 1 4 4 1 3 2 3 3 3 2 2 4 1 4 4 1 4 3 1 4 1 4 2 1 3 3 1 2 2 1 4 3 2 2 1 2 1 3 3 1 1 2 1 3 2 3 4 3 4 1 4 2 3 1 1 3 3 2 2 3 1 3 2 1 2 1 4 0 4 2 3 1 2 1 1 1 2 2 3 2 3 4 3 3 2 3 2
273	1	 1 2 4 4 3 3 1 4 2 3 1 2 4 1 3 2 3 3 3 2 2 4 1 4 4 1 4 3 1 4 1 4 2 1 3 3 1 2 2 1 4 3 2 2 3 2 1 3 3 3 1 2 1 1 1 3 4 3 4 1 4 2 3 1 1 3 3 2 1 3 1 3 2 1 2 1 4 1 4 2 3 1 2 1 1 1 2 2 3 2 3 4 3 3 2 3 2
273	1	 1 2 4 4 1 3 1 4 2 3 1 2 4 1 3 2 3 3 1 2 2 4 1 4 4 1 4 1 3 4 1 4 2 1 3 3 1 2 2 1 4 3 2 2 3 1 2 3 1 1 1 2 1 3 2 3 4 3 4 1 4 1 3 2 1 3 3 1 1 3 1 3 2 1 2 1 4 1 4 2 3 1 2 1 3 1 2 2 3 2 3 4 1 3 2 3 2
273	1	 1 2 4 4 3 3 1 4 2 3 1 2 4 1 3 2 3 3 3 2 2 4 1 4 4 1 4 3 1 4 1 4 2 1 3 3 1 2 2 1 4 3 2 2 3 2 1 3 3 3 1 2 1 1 1 3 4 3 4 1 4 2 1 1 1 3 3 2 1 3 1 3 2 1 2 1 4 1 4 2 3 1 2 1 1 1 2 2 3 2 3 4 3 3 2 3 2
273	1	 1 2 4 4 3 3 1 4 2 3 1 2 4 1 3 2 3 3 3 2 2 4 1 3 4 1 4 3 1 4 1 4 2 1 3 3 1 2 2 1 4 3 2 2 1 2 1 3 1 3 1 2 1 1 2 3 4 3 4 1 4 1 3 1 1 3 3 2 1 3 1 3 2 1 2 1 4 1 4 2 3 1 4 1 3 1 2 2 3 2 3 4 3 3 2 3 2
273	1	 1 2 2 3 3 3 3 4 2 3 1 2 4 1 3 2 3 3 3 2 2 4 1 4 4 1 4 3 2 4 1 4 2 1 3 3 1 2 2 1 4 3 2 2 3 1 2 3 1 1 1 4 3 1 1 3 4 3 4 3 4 2 3 1 1 1 3 1 1 0 0 0 3 3 2 1 4 1 4 1 3 1 2 1 3 1 2 2 3 2 1 4 3 3 2 3 4
333	1	 1 2 4 4 3 3 1 4 2 3 1 2 4 1 3 2 3 3 3 2 2 4 1 4 4 1 4 3 2 4 1 4 2 1 3 3 1 2 2 1 4 3 2 2 3 1 2 3 3 1 1 2 1 1 2 3 4 0 4 1 4 1 3 1 1 3 3 1 1 3 1 3 2 1 2 1 4 1 4 2 3 3 1 1 3 1 2 2 3 2 3 4 3 3 2 3 2
333	1	 1 2 4 4 3 3 1 4 2 3 1 2 4 1 3 2 3 3 3 2 2 4 1 4 4 1 4 1 1 4 2 0 0 0 0 0 0 0 0 0 0 0 0 4 3 1 2 3 1 2 1 2 1 1 1 3 4 3 4 1 4 2 3 1 1 3 3 1 1 3 1 3 2 1 2 1 4 1 4 2 3 1 2 1 1 1 2 2 3 2 1 4 3 3 2 3 2
333	1	 1 2 4 4 3 3 1 4 2 3 1 2 4 1 3 2 3 3 3 2 2 4 1 4 4 1 4 1 1 4 1 4 2 1 3 3 1 2 2 1 4 3 2 4 3 1 2 3 1 2 1 2 1 1 1 3 4 3 4 1 4 2 3 1 1 3 3 2 1 0 0 0 3 3 2 1 4 1 4 1 3 1 2 1 1 1 2 2 3 2 3 4 3 3 2 3 2
333	1	 1 2 4 4 3 3 1 4 2 3 1 2 4 1 3 2 3 3 3 2 2 4 1 4 4 1 4 3 2 4 1 4 2 1 3 3 1 2 2 1 4 3 2 2 3 1 2 3 1 3 1 2 1 1 1 3 4 3 4 1 4 1 3 1 1 3 3 1 1 3 1 3 2 1 2 1 4 1 4 2 3 3 1 1 3 1 2 2 3 2 3 4 3 3 2 3 2
333	1	 1 2 4 4 3 3 1 4 2 3 1 2 4 3 3 2 3 3 1 2 2 4 1 3 2 1 4 1 1 4 1 4 2 1 3 3 1 2 2 1 4 3 2 2 3 1 2 3 1 1 3 2 1 1 1 3 4 3 4 1 4 1 3 1 1 3 3 1 1 3 1 3 2 1 2 1 4 1 4 2 3 3 1 1 3 1 2 2 3 2 3 4 3 3 2 3 2
333	1	 1 2 4 4 3 3 1 4 2 1 1 2 4 1 3 2 3 3 3 2 2 4 1 4 4 1 4 2 1 4 1 4 2 1 3 3 1 2 2 1 4 3 2 2 3 1 2 3 1 2 1 2 1 1 1 1 4 3 4 1 4 2 3 1 1 3 3 2 1 3 1 3 2 1 2 1 4 1 4 2 3 1 2 1 1 1 2 2 3 2 1 4 3 3 1 3 2
333	1	 1 2 4 4 3 3 1 4 2 3 1 2 4 1 3 2 3 3 1 2 2 4 1 3 2 1 4 1 1 4 1 4 2 1 3 3 1 2 2 1 4 3 2 2 3 1 2 3 1 1 3 2 1 1 1 3 4 3 4 1 4 2 1 1 1 3 3 2 1 0 0 0 3 4 2 2 4 1 4 1 3 1 2 1 1 1 2 2 4 2 1 4 3 3 2 3 2
333	1	 1 4 4 4 3 3 1 4 2 3 1 2 4 1 3 2 3 3 3 2 2 4 3 3 2 1 4 1 1 4 1 4 2 1 3 3 1 2 2 1 4 3 2 2 3 1 2 1 1 2 1 2 1 1 2 3 4 3 2 1 2 2 3 1 3 3 4 2 1 3 1 3 2 1 2 1 4 1 4 2 3 1 2 1 1 1 2 2 3 2 1 2 3 3 2 3 2
333	1	 1 2 4 4 3 3 1 4 2 3 1 2 4 1 3 2 3 3 1 2 2 4 1 3 2 1 4 3 2 4 1 4 2 1 3 3 1 2 2 1 4 3 2 2 3 1 2 3 1 1 1 2 1 3 1 3 4 4 4 1 4 1 3 1 1 3 3 1 1 3 1 3 2 1 2 1 4 1 4 2 3 1 2 1 1 1 2 2 3 2 1 4 3 3 2 3 2
