0	250	 0 0 1 0 0 1 0 1 1 1 0 0 0 0 1 0 0 0 0 0
0	250	 1 0 0 0 0 1 0 0 0 0 0 0 0 1 0 0 1 0 0 0
0	250	 0 0 0 0 1 0 0 0 0 0 0 0 0 0 0 0 0 1 0 1
0	250	 0 1 0 0 0 1 0 1 0 0 0 0 0 0 0 1 0 0 0 0
100	3	 0 0 1 0 0 1 0 1 1 1 0 0 0 0 1 0 0 0 0 0
100	19	 0 1 0 0 0 1 0 1 1 1 0 0 0 0 1 0 0 0 0 0
100	26	 0 1 1 0 0 1 0 1 1 1 0 0 0 0 1 0 0 0 0 0
100	1	 0 0 1 0 0 1 0 1 1 1 1 0 0 0 1 1 0 0 0 0
100	3	 0 1 0 0 0 1 0 1 0 0 0 0 0 0 1 0 0 0 0 0
100	3	 0 1 0 0 0 1 0 1 0 0 0 0 0 1 0 1 0 0 0 0
100	8	 0 1 0 0 0 1 1 1 0 0 0 0 0 0 0 1 0 0 0 0
100	62	 1 1 0 0 0 1 0 1 1 1 0 0 0 0 1 0 0 0 0 0
100	28	 1 1 1 0 0 1 0 1 1 1 0 0 0 0 1 0 0 0 0 0
100	69	 0 1 0 0 0 1 0 1 1 1 1 0 1 0 1 1 0 0 0 0
100	4	 0 1 0 1 0 1 0 1 1 1 0 0 0 0 1 0 0 0 0 0
100	1	 1 0 0 0 0 1 0 1 0 0 0 0 0 0 0 1 0 1 0 0
100	25	 1 1 1 0 0 1 0 1 1 1 0 0 0 0 1 1 0 0 0 0
100	20	 0 0 1 0 0 1 0 1 1 1 0 0 0 1 0 1 0 0 0 0
100	3	 0 1 0 0 0 1 0 1 1 1 0 0 1 0 1 0 0 0 0 0
100	9	 0 0 1 1 0 1 1 1 1 0 0 0 0 0 1 0 1 0 0 0
100	1	 1 1 0 0 0 1 0 1 1 1 0 0 0 0 0 0 0 0 0 1
100	2	 0 1 0 1 0 1 0 1 0 1 0 0 0 0 1 0 0 0 0 0
100	3	 1 1 0 0 0 1 0 1 1 1 1 0 1 0 1 1 1 0 0 0
100	2	 1 1 0 0 0 1 0 1 1 1 0 0 0 0 1 1 0 0 0 0
100	29	 0 1 1 1 0 0 0 1 1 1 0 0 0 0 1 0 0 0 0 0
100	30	 0 1 0 0 0 1 0 1 1 1 0 0 1 0 1 1 0 0 0 0
100	9	 1 1 0 0 0 1 0 1 0 0 0 0 0 0 0 1 0 0 0 0
100	9	 1 0 1 0 0 1 0 1 1 1 0 0 1 0 1 0 0 0 0 0
100	13	 0 1 1 0 0 1 0 1 1 1 1 0 1 0 1 1 0 0 0 0
100	18	 0 1 0 0 0 1 0 1 1 1 1 0 1 0 1 0 1 0 0 0
100	16	 0 1 0 0 0 1 0 1 1 1 1 0 1 1 1 1 0 0 0 0
100	2	 1 1 0 0 0 1 0 1 1 1 0 0 0 0 0 1 0 0 0 0
100	3	 0 0 1 0 0 1 0 1 1 1 1 0 0 0 1 0 0 0 0 1
100	8	 0 1 0 0 0 1 0 1 0 1 0 0 0 0 0 1 0 0 0 0
100	6	 0 1 0 0 0 1 0 1 1 1 0 0 0 0 0 0 0 0 0 1
100	13	 1 1 0 0 0 1 0 1 1 1 1 0 1 0 1 1 0 0 0 0
100	4	 0 1 0 1 0 1 0 1 1 1 0 1 0 0 1 0 0 0 0 0
100	25	 1 1 1 0 0 1 0 1 1 1 0 0 1 0 1 0 0 0 0 1
100	2	 0 1 0 0 0 1 0 1 1 1 1 0 1 0 1 1 0 0 1 0
100	7	 0 1 0 0 0 1 0 0 1 1 0 0 0 0 1 0 0 0 0 0
100	1	 0 1 0 0 0 0 0 1 1 1 0 0 0 0 1 0 0 0 0 0
100	8	 1 0 1 0 0 1 0 1 1 1 0 0 0 0 1 1 0 0 0 0
100	6	 0 1 0 1 0 1 0 1 0 1 0 0 0 0 1 0 0 1 0 0
100	3	 1 1 0 0 0 1 0 1 0 1 1 0 1 0 1 1 1 0 0 0
100	20	 1 1 0 0 0 1 0 1 1 1 1 0 0 1 0 1 0 0 0 0
100	12	 1 1 0 0 0 1 0 1 1 1 0 0 0 0 1 0 0 0 1 0
100	6	 0 1 0 0 0 1 0 1 1 1 1 0 1 0 1 0 0 0 0 0
100	6	 0 1 0 0 0 1 0 1 1 1 0 0 0 0 1 1 0 0 0 0
100	14	 1 1 0 0 0 1 1 1 1 1 0 0 0 0 1 0 0 0 0 0
100	3	 1 1 0 0 0 1 0 1 0 1 0 0 0 0 1 0 0 0 0 0
100	7	 0 1 0 0 0 1 0 0 0 0 1 0 0 1 0 1 0 1 0 0
100	15	 1 1 0 0 0 1 0 1 0 0 0 0 1 0 1 0 0 0 0 0
100	9	 0 0 1 0 0 1 0 1 1 1 0 0 0 0 0 1 0 0 0 0
100	12	 0 1 0 0 0 1 0 1 1 1 1 0 0 0 1 1 0 0 0 0
100	6	 0 1 0 0 0 1 0 1 1 1 0 0 0 1 0 1 0 0 0 0
100	1	 0 1 1 0 0 0 1 1 1 1 0 0 1 0 1 1 0 0 1 0
100	19	 1 1 0 0 0 1 0 1 1 0 1 0 1 0 1 1 0 0 0 0
100	12	 1 1 0 0 0 1 0 1 1 1 1 0 0 1 0 0 0 0 0 0
100	33	 1 1 1 0 0 1 0 1 1 1 0 0 1 0 1 1 0 0 0 0
100	10	 0 0 0 0 0 1 0 1 0 0 0 0 0 0 0 1 0 0 0 0
100	20	 1 1 1 0 0 1 0 1 1 1 1 0 0 1 0 1 0 0 0 0
100	14	 1 1 0 0 0 1 0 1 1 1 0 1 0 0 1 0 0 0 0 0
100	2	 1 1 1 0 0 1 0 1 1 0 0 0 0 0 0 1 0 0 0 0
100	6	 1 1 1 0 0 1 0 1 1 1 0 1 1 0 1 1 0 0 0 0
100	1	 1 1 0 0 0 1 0 1 1 1 1 0 0 1 0 1 0 1 0 1
100	12	 0 1 0 0 0 1 0 1 1 1 0 0 0 0 1 0 1 0 0 0
100	8	 0 1 0 0 0 0 0 1 1 1 1 0 1 0 1 1 0 0 0 0
100	1	 1 1 0 0 0 1 0 1 0 0 0 0 0 0 0 1 0 0 0 1
100	10	 0 0 0 0 0 1 0 1 1 1 0 0 0 1 0 1 0 0 0 0
100	7	 1 0 1 0 1 1 0 1 1 1 0 0 1 0 1 0 0 0 0 0
100	6	 0 1 0 1 0 1 0 0 1 1 0 0 0 0 1 0 0 0 0 0
100	9	 0 1 1 0 0 1 0 1 1 1 0 0 0 0 1 1 0 0 0 0
100	16	 1 1 0 0 0 1 0 1 0 1 1 0 1 0 1 0 0 0 0 0
100	8	 0 1 0 0 0 1 0 0 1 1 0 0 1 0 1 0 0 0 0 0
100	7	 0 0 1 1 0 1 1 1 1 0 0 0 1 0 1 0 1 0 0 0
100	4	 0 0 1 0 0 1 1 1 1 1 1 0 0 0 1 1 0 0 0 0
100	13	 1 1 1 0 0 1 0 1 0 1 0 0 0 0 1 0 0 0 0 0
100	8	 0 1 0 1 0 0 0 1 0 1 0 0 0 0 1 0 0 0 0 0
100	3	 0 0 1 0 0 1 0 1 1 1 1 0 0 1 0 1 0 1 0 0
100	11	 0 0 1 0 0 1 0 1 1 1 1 1 0 0 1 1 0 0 0 0
100	7	 1 1 0 0 0 1 0 0 1 1 0 1 0 0 1 0 0 0 0 0
100	1	 0 1 0 0 0 1 0 1 1 1 1 0 0 1 0 0 0 0 0 0
100	2	 0 1 0 0 0 0 0 1 1 1 0 1 0 0 1 0 0 1 0 0
100	2	 1 1 0 0 0 1 0 1 1 1 1 0 0 0 1 0 0 0 0 0
100	4	 0 1 1 0 0 1 0 1 1 1 0 1 0 0 1 0 0 0 0 0
100	2	 0 1 0 0 0 0 1 1 1 1 0 0 0 0 1 0 0 0 0 0
100	2	 1 1 1 0 0 1 0 1 1 1 1 0 1 0 1 1 0 0 0 0
100	1	 0 1 0 0 0 1 0 1 1 1 0 0 0 0 0 0 0 0 0 0
100	2	 1 1 0 0 0 1 0 1 1 1 1 0 0 1 0 1 0 1 0 0
100	2	 0 1 0 0 1 1 0 1 0 0 0 0 0 0 0 1 0 0 0 0
100	5	 0 1 1 0 0 1 0 1 1 1 0 0 0 0 1 0 1 0 0 0
100	6	 0 1 0 0 0 1 0 1 0 1 1 0 1 0 1 1 0 0 0 0
100	1	 0 1 0 0 0 1 0 1 0 1 0 0 0 0 1 0 0 0 0 0
100	5	 0 0 0 0 0 1 0 1 0 0 0 0 0 0 0 1 0 0 1 0
100	3	 0 1 0 0 0 1 0 0 1 1 1 0 0 1 0 1 0 0 0 0
100	4	 1 1 0 0 0 1 0 1 1 1 0 0 0 1 1 1 0 0 0 0
100	1	 1 1 0 0 0 1 0 1 1 1 0 0 0 1 1 0 0 0 0 0
100	5	 0 1 0 1 0 1 0 0 0 1 0 0 0 1 1 0 0 0 0 0
100	1	 1 1 0 0 0 1 0 1 1 1 0 0 0 0 1 0 0 0 0 1
100	2	 0 1 1 0 0 1 0 1 1 1 0 0 0 0 1 0 0 0 0 1
100	3	 0 1 0 0 0 1 0 1 1 1 0 0 1 0 0 1 0 0 0 0
100	6	 0 0 1 0 0 1 0 1 0 1 0 0 0 0 0 1 0 0 0 0
100	1	 1 1 1 0 0 1 0 0 1 1 0 1 0 0 1 0 0 0 0 0
100	3	 0 1 0 1 0 1 0 1 1 1 1 0 1 0 1 1 0 0 0 0
100	4	 0 0 1 0 0 0 0 1 1 1 0 0 0 1 0 1 0 0 0 0
100	2	 1 1 0 1 0 1 0 1 1 1 1 0 0 1 0 1 0 0 0 0
100	2	 0 0 1 1 0 0 1 1 1 0 0 0 1 0 1 0 1 0 0 0
100	4	 0 0 1 0 0 1 0 1 1 1 1 0 1 0 1 0 1 0 0 0
100	1	 0 1 1 1 0 0 0 1 1 1 0 0 1 0 1 1 0 0 0 0
100	7	 0 1 0 0 1 1 0 1 0 0 0 0 1 0 1 1 0 0 0 0
100	3	 1 0 1 0 0 1 0 1 1 1 0 1 1 0 1 0 0 0 0 0
100	3	 0 1 1 0 0 1 0 1 1 1 0 0 1 0 1 0 0 0 0 1
100	4	 0 1 0 0 0 1 0 1 1 1 1 0 0 1 0 1 0 0 0 0
100	1	 1 1 0 0 0 0 0 1 0 1 0 0 0 0 1 0 0 0 0 0
100	3	 0 1 0 1 0 1 0 1 0 0 0 0 0 1 0 1 0 0 0 0
100	3	 1 1 1 0 0 1 1 1 1 1 0 0 0 0 1 0 0 0 0 0
100	3	 0 1 0 1 0 0 0 1 1 1 0 0 0 0 1 0 0 0 0 0
100	2	 1 1 1 0 0 1 0 1 1 1 0 0 1 0 1 0 0 0 0 0
100	1	 1 1 0 0 0 1 0 1 0 1 0 0 1 0 1 0 0 0 0 0
100	2	 0 1 0 0 1 1 0 1 1 1 0 0 0 0 1 0 1 0 0 0
100	6	 0 1 0 0 0 0 0 1 1 1 1 0 1 1 1 1 0 0 0 0
100	1	 0 1 1 0 0 1 0 1 0 1 0 0 0 0 1 1 0 0 0 0
100	1	 1 1 0 0 0 1 1 1 0 1 1 0 1 0 1 0 0 0 0 0
100	1	 1 1 0 0 0 1 0 1 1 1 1 1 0 0 1 0 0 0 0 0
100	3	 0 1 0 1 0 1 0 1 1 0 0 0 0 1 1 1 1 0 0 0
100	5	 1 1 1 0 0 1 0 0 1 1 0 1 1 0 1 0 0 0 0 0
100	2	 1 1 1 0 0 1 0 1 1 1 0 0 1 0 1 1 0 0 1 0
100	1	 1 0 1 1 0 0 0 1 1 1 0 0 0 0 1 0 0 0 0 0
100	1	 0 1 1 0 0 1 0 1 1 1 1 0 0 1 0 1 0 0 0 0
100	3	 1 1 1 0 0 1 1 1 1 1 0 0 0 0 0 1 0 0 0 0
100	1	 0 0 1 1 0 0 0 1 1 1 0 0 0 0 1 0 0 0 0 0
100	1	 0 0 0 0 0 1 0 1 1 1 0 0 0 1 1 1 0 0 0 0
100	2	 0 1 0 0 0 1 0 1 0 1 1 0 1 0 1 1 0 1 0 0
100	1	 0 0 1 0 1 1 0 1 0 1 0 0 0 0 0 1 0 0 0 0
200	11	 1 1 1 0 0 1 0 1 1 1 0 0 0 0 1 0 0 0 0 0
200	5	 1 1 1 0 0 1 0 1 1 1 1 0 1 0 1 1 0 0 0 0
200	75	 1 1 1 0 0 1 0 1 1 1 1 0 1 1 0 1 0 0 0 0
200	25	 1 1 0 0 0 1 0 1 1 1 1 0 1 1 0 1 0 0 0 0
200	5	 1 1 0 0 0 1 0 1 1 1 1 0 0 1 0 0 0 1 0 0
200	12	 1 1 0 0 0 1 0 1 1 0 1 0 1 1 0 1 0 0 0 0
200	59	 1 1 1 0 0 1 0 1 1 1 1 0 1 0 1 0 0 0 0 0
200	12	 1 1 0 0 0 1 0 1 0 1 1 0 0 0 0 1 0 0 0 0
200	75	 1 1 1 1 0 1 0 1 1 1 1 0 1 0 0 1 0 0 0 0
200	3	 0 1 0 0 0 1 0 1 1 1 1 0 1 1 0 1 0 0 0 0
200	3	 1 1 1 1 0 1 0 1 1 1 1 0 1 1 0 1 0 0 0 0
200	9	 1 1 1 0 0 1 0 1 1 1 1 0 1 1 0 1 0 0 1 0
200	58	 1 1 1 0 0 1 0 1 0 1 1 0 0 0 0 1 0 0 0 0
200	8	 1 1 1 0 0 1 0 1 1 1 1 0 1 0 1 1 1 0 0 0
200	12	 0 1 0 1 0 1 0 1 0 0 0 1 0 1 0 1 0 0 0 0
200	14	 1 1 1 1 0 1 0 1 1 1 0 0 0 0 1 1 0 0 0 0
200	23	 1 1 0 0 0 1 0 1 0 1 1 0 1 1 0 0 1 1 0 0
200	8	 1 1 1 0 0 1 0 1 1 1 1 0 1 0 0 1 0 0 0 0
200	2	 1 1 0 0 0 1 0 1 1 1 0 0 0 0 1 0 0 1 0 0
200	12	 1 1 1 0 0 1 0 1 1 1 1 0 0 1 0 1 0 0 0 0
200	9	 0 1 0 0 0 1 0 0 0 1 0 0 0 0 0 1 0 0 0 0
200	5	 1 1 0 0 1 1 0 1 0 0 1 0 0 1 0 1 0 0 0 0
200	2	 1 1 0 0 0 1 0 1 1 1 1 0 1 0 1 1 1 0 0 0
200	12	 1 1 1 0 0 0 0 1 1 1 1 0 0 1 0 1 0 0 0 0
200	4	 1 1 1 1 0 1 0 1 0 1 1 0 1 0 1 1 0 0 0 0
200	6	 1 0 0 0 0 1 0 1 1 1 1 0 1 0 0 1 0 0 0 0
200	14	 0 1 1 0 0 1 0 1 1 1 1 0 1 0 1 0 0 0 0 0
200	7	 1 1 0 0 0 1 0 1 0 1 1 0 1 1 0 1 0 0 0 0
200	10	 1 1 1 0 0 0 0 1 1 1 0 0 0 0 1 0 0 0 1 0
200	17	 1 1 0 1 0 1 0 1 1 1 1 0 0 1 0 0 0 0 0 0
200	6	 1 1 1 0 0 1 0 1 1 0 1 0 1 1 1 0 0 0 0 0
200	19	 1 1 1 1 0 1 0 1 1 1 0 0 0 0 1 1 0 0 0 1
200	3	 0 1 0 0 0 1 0 0 1 1 1 0 0 1 1 0 0 0 0 0
200	8	 1 1 1 1 1 1 0 1 1 1 1 0 1 0 0 1 0 0 0 0
200	3	 0 1 0 0 0 1 0 1 1 1 0 0 1 1 0 1 0 0 0 0
200	3	 1 1 1 0 0 1 1 1 1 1 1 0 1 1 0 1 0 0 0 0
200	6	 1 1 1 1 0 1 0 1 1 1 0 0 0 1 0 0 0 0 0 0
200	2	 1 1 0 1 0 1 0 1 1 1 1 0 1 0 0 1 0 0 0 0
200	7	 1 1 1 0 0 1 0 1 0 1 1 0 1 1 0 0 1 1 0 0
200	9	 1 1 0 0 0 1 0 1 1 1 1 0 0 1 0 1 0 0 0 0
200	6	 1 1 0 0 0 1 0 1 1 1 1 0 0 1 0 1 1 0 0 0
200	3	 1 1 1 0 0 0 0 1 0 1 1 0 1 0 0 1 0 0 0 0
200	6	 1 1 0 1 0 1 0 1 1 1 1 0 0 1 0 1 0 0 0 0
200	2	 1 1 1 0 0 0 0 1 1 0 0 0 0 0 0 0 0 0 0 0
200	2	 1 1 1 0 0 1 0 1 1 1 0 0 1 0 1 0 0 0 0 0
200	15	 1 0 1 0 0 1 0 1 1 1 1 0 1 1 0 1 0 0 0 0
200	11	 1 1 0 0 0 1 0 1 1 1 1 0 1 0 1 0 0 0 0 0
200	11	 1 1 0 0 0 1 0 1 0 1 1 0 1 1 0 1 1 0 0 0
200	3	 1 1 1 0 0 1 0 0 1 1 1 0 1 0 1 1 0 0 0 0
200	25	 1 1 1 0 0 1 0 1 1 1 1 0 1 1 1 1 0 0 0 0
200	7	 1 1 0 0 0 0 0 1 0 1 1 0 0 0 0 1 0 0 0 0
200	23	 0 1 1 0 0 1 0 1 0 1 1 0 0 0 0 1 0 0 0 0
200	15	 1 1 1 0 0 1 0 1 1 1 1 0 1 0 0 1 0 1 0 0
200	7	 1 1 1 1 0 1 1 1 1 1 1 0 1 0 1 0 0 0 0 0
200	20	 1 1 1 1 0 1 0 1 1 1 1 0 0 1 0 0 0 0 0 0
200	12	 1 1 0 1 0 1 0 1 1 1 1 0 1 1 0 1 0 0 0 0
200	22	 1 1 1 0 0 1 0 1 0 1 1 0 1 1 0 1 0 0 0 0
200	4	 0 1 0 0 0 1 0 0 1 1 1 0 0 1 1 0 1 0 0 0
200	8	 1 1 1 0 0 0 0 1 1 1 0 0 1 0 1 1 0 0 0 0
200	17	 1 1 1 1 0 1 0 1 0 1 1 0 0 0 0 1 0 0 0 0
200	2	 1 1 1 0 0 1 0 1 1 1 1 1 1 1 0 1 0 0 0 0
200	4	 1 1 1 0 0 1 0 1 1 1 1 0 1 1 1 1 0 0 1 0
200	4	 1 1 0 0 0 1 1 0 1 1 0 1 0 1 0 1 0 0 0 0
200	5	 1 0 0 0 0 1 0 0 1 1 0 1 0 1 0 1 0 0 0 0
200	2	 1 1 1 0 0 1 0 1 1 0 1 0 1 0 1 0 0 0 0 0
200	5	 1 1 0 0 0 1 0 0 1 1 1 1 0 0 1 0 0 0 0 0
200	1	 1 1 0 1 0 1 0 1 1 1 1 0 1 0 0 0 0 0 0 0
200	7	 1 1 1 1 0 1 0 0 1 1 0 1 0 1 0 1 0 0 0 0
200	4	 1 1 1 1 0 1 0 1 1 1 0 0 1 0 0 1 0 0 0 0
200	1	 1 1 1 1 0 1 0 1 0 1 1 0 1 0 1 0 0 0 0 0
200	14	 1 1 1 1 0 1 0 1 1 1 0 0 0 0 1 1 0 0 1 1
200	3	 0 1 1 0 0 1 0 1 1 1 0 0 0 0 1 0 0 0 1 0
200	2	 1 1 1 1 0 1 0 1 1 1 1 0 1 0 1 0 0 0 0 0
200	3	 1 1 0 0 0 1 0 1 0 1 1 0 1 1 1 0 1 1 0 0
200	8	 1 1 0 0 0 1 0 1 0 1 1 0 1 1 0 1 1 1 0 0
200	9	 1 1 1 0 0 1 0 1 1 1 0 0 0 0 1 0 0 1 0 0
200	3	 0 1 1 0 0 1 0 1 1 1 1 0 1 0 1 0 0 0 1 0
200	15	 1 1 0 0 0 1 0 1 1 1 1 0 1 1 0 1 1 0 0 0
200	3	 1 1 1 0 0 1 0 1 1 1 1 0 0 0 1 0 0 0 0 0
200	3	 1 1 1 0 0 1 0 0 1 1 0 1 0 1 0 1 0 1 0 0
200	4	 1 1 1 1 0 1 0 1 1 1 1 0 1 0 0 1 1 0 0 0
200	5	 1 1 0 0 0 1 0 1 1 1 1 0 1 0 0 1 0 0 0 0
200	7	 1 1 0 0 0 1 0 1 1 1 0 0 0 0 1 0 0 0 0 0
200	4	 1 1 0 0 0 1 0 1 1 1 1 0 1 1 0 1 0 0 0 1
200	4	 1 1 1 0 0 1 0 1 1 1 1 0 1 1 1 1 0 1 0 0
200	1	 1 1 0 0 0 0 0 1 0 1 1 0 0 0 0 0 0 0 0 0
200	1	 1 1 1 1 0 1 0 1 0 1 1 0 1 0 1 0 1 0 0 0
200	6	 0 1 0 1 0 1 0 1 1 1 1 0 0 1 0 1 0 0 0 0
200	2	 1 1 1 0 0 1 0 1 1 1 1 0 1 1 1 1 1 0 0 0
200	2	 1 1 1 0 0 1 0 1 0 1 1 0 1 1 0 1 1 1 0 0
200	5	 1 1 1 0 0 1 0 1 1 0 1 0 1 0 1 0 1 1 0 0
200	3	 1 1 0 0 0 1 0 1 0 1 1 0 0 1 0 1 0 0 0 0
200	2	 1 1 1 0 0 0 0 1 1 1 1 0 1 1 0 1 0 0 0 0
200	2	 1 1 1 0 1 1 0 1 1 1 1 0 1 1 0 1 0 0 0 0
200	2	 1 1 1 1 0 1 1 1 1 1 1 0 1 0 0 1 0 0 0 0
200	2	 1 1 0 0 0 1 1 1 1 1 1 0 0 1 0 1 0 0 0 0
200	1	 1 1 0 0 1 0 0 1 0 1 1 0 0 0 0 1 0 0 0 0
200	2	 1 1 1 0 0 0 0 1 0 1 1 0 0 0 0 0 0 0 0 0
200	1	 1 1 1 1 0 0 0 1 0 1 1 0 0 0 0 0 0 0 0 0
200	2	 1 1 1 0 0 1 1 1 1 1 1 0 1 1 0 0 0 0 0 0
200	1	 1 1 1 1 0 1 0 1 1 1 1 0 1 0 0 0 0 0 0 0
200	1	 1 1 1 0 0 1 0 1 1 1 1 0 0 0 0 1 0 0 0 0
200	4	 1 1 1 0 0 1 0 1 1 1 1 0 1 0 1 0 1 0 0 0
200	2	 0 1 0 1 0 1 0 1 0 1 0 1 0 1 0 1 0 0 0 0
200	1	 1 1 1 1 0 1 0 1 1 1 0 0 0 0 0 1 0 0 0 0
200	1	 1 1 0 0 0 1 0 1 0 1 1 0 1 1 0 0 1 1 1 0
200	2	 1 1 0 1 1 1 0 1 1 1 1 0 0 1 0 0 0 0 0 0
200	1	 1 0 1 0 0 1 0 1 1 1 1 0 1 1 0 1 1 0 0 0
200	3	 1 0 1 0 0 1 0 1 1 1 1 0 1 1 1 1 0 0 0 0
200	2	 1 1 1 0 0 0 0 1 1 0 1 0 1 0 1 0 0 0 0 0
200	2	 1 1 0 0 0 1 0 0 1 1 1 1 0 0 1 0 0 0 0 1
200	2	 1 1 1 0 0 0 0 1 0 1 1 0 1 1 0 1 0 0 0 0
200	1	 1 1 1 1 1 1 0 1 1 1 1 0 1 0 1 1 0 0 0 1
200	1	 0 1 0 0 0 0 0 1 0 1 1 0 0 0 0 1 0 0 0 0
200	1	 1 1 0 1 0 1 1 1 1 1 1 0 1 0 1 0 0 0 0 0
200	1	 1 1 0 1 0 1 0 1 1 1 1 0 1 1 1 1 0 0 0 0
200	1	 1 1 1 1 0 1 0 1 1 0 1 0 1 0 0 1 0 0 0 0
200	2	 1 1 0 1 0 1 0 1 0 0 0 1 0 1 0 1 0 0 0 0
200	1	 1 1 0 1 0 1 0 1 1 1 1 1 0 1 0 0 0 0 0 0
200	2	 1 1 0 0 0 1 0 0 1 1 1 0 0 1 1 0 0 0 0 0
200	1	 1 1 1 0 1 1 0 1 1 1 1 0 1 0 0 1 0 0 0 0
200	2	 1 1 1 1 0 1 0 1 0 1 1 0 0 0 1 1 0 0 0 0
200	1	 1 1 1 0 0 1 0 1 1 1 1 1 1 1 0 0 0 0 0 0
200	2	 0 1 1 1 0 1 0 1 1 1 0 0 1 0 0 1 0 0 0 0
200	1	 1 1 0 0 0 1 0 1 0 1 1 0 1 1 0 1 1 1 1 0
200	1	 1 1 1 1 0 1 0 1 1 0 1 0 0 0 0 0 0 0 0 0
200	1	 1 1 0 0 0 0 0 1 1 1 0 0 0 0 1 0 0 0 0 0
200	1	 1 1 1 1 0 1 0 0 1 1 0 0 0 1 1 1 0 0 0 0
300	10	 1 1 1 0 0 1 0 1 1 1 1 0 1 1 0 1 0 0 0 0
300	12	 1 1 1 1 0 1 0 1 1 1 0 0 0 0 1 1 0 0 0 0
300	91	 1 1 1 1 0 1 0 1 1 1 1 0 0 1 0 0 0 0 0 0
300	8	 1 1 0 1 0 1 0 1 1 1 1 0 1 1 0 1 0 0 0 0
300	7	 1 1 1 1 0 0 1 1 1 1 1 0 1 0 0 1 0 0 0 0
300	13	 1 1 1 1 0 1 0 1 0 1 0 0 0 0 0 1 0 0 0 0
300	40	 1 1 1 0 0 0 0 1 1 1 1 0 1 0 1 0 0 0 0 0
300	9	 1 1 0 1 1 1 0 1 1 1 1 0 0 1 0 1 0 0 0 0
300	19	 1 1 1 1 0 1 0 1 1 1 0 0 1 1 1 1 0 0 0 1
300	32	 1 1 1 0 0 0 0 1 1 1 0 0 1 0 1 0 0 0 0 0
300	40	 1 1 1 0 0 0 0 1 1 1 1 0 1 0 0 1 0 0 0 0
300	4	 1 1 1 1 0 1 0 1 1 1 1 1 1 1 0 1 0 1 0 0
300	11	 1 1 1 1 1 1 0 1 1 1 1 0 1 0 0 0 0 0 0 0
300	10	 1 1 1 0 0 1 0 1 1 1 1 0 0 1 0 1 0 0 0 0
300	2	 1 1 1 0 0 1 0 0 0 1 1 0 1 0 1 0 0 0 0 0
300	4	 1 1 1 1 0 0 0 1 0 1 1 0 0 0 0 1 0 0 0 0
300	45	 0 1 1 1 1 1 0 1 1 1 1 0 1 0 0 0 0 0 0 0
300	18	 1 1 1 1 0 1 0 1 1 1 1 0 0 1 0 1 0 0 0 0
300	29	 1 1 1 0 0 1 0 1 1 1 1 0 0 1 1 1 1 0 0 0
300	35	 1 1 1 1 0 1 1 1 1 1 1 1 1 0 1 0 0 0 0 0
300	6	 0 1 1 1 0 1 1 1 1 1 1 0 1 1 0 1 0 0 0 0
300	13	 1 1 1 1 0 1 0 1 1 1 0 0 0 1 0 0 0 0 0 0
300	5	 1 1 1 1 0 1 0 1 0 1 0 0 0 0 1 1 0 0 0 0
300	9	 1 1 1 1 0 1 0 1 1 1 1 0 0 1 0 1 0 0 1 0
300	5	 0 1 1 0 0 0 0 1 1 1 1 0 1 0 1 0 0 0 0 0
300	7	 1 1 1 1 1 0 0 1 1 1 1 0 1 1 0 1 0 0 0 0
300	19	 1 1 1 1 0 1 0 1 1 0 0 0 0 1 1 1 0 0 0 1
300	15	 1 1 1 1 0 1 0 1 1 1 1 0 0 1 1 1 0 0 0 0
300	11	 1 1 0 0 0 0 0 1 0 1 1 0 1 0 1 0 0 0 0 0
300	2	 1 1 1 1 0 1 0 1 1 1 1 0 1 0 0 1 0 0 1 0
300	1	 1 1 1 1 0 1 0 1 0 1 1 0 0 1 0 1 0 0 0 0
300	5	 0 1 1 0 0 0 0 1 1 1 1 1 1 1 0 1 0 0 0 0
300	6	 1 1 1 1 0 1 0 1 1 1 0 0 0 1 0 1 0 0 1 0
300	9	 1 1 0 1 1 1 0 1 1 1 1 0 0 0 0 1 0 0 0 0
300	22	 1 1 1 1 0 1 0 1 1 1 1 0 0 1 1 1 1 0 0 0
300	3	 1 1 1 0 0 1 0 1 1 1 1 0 0 1 1 1 1 1 0 0
300	18	 1 1 1 0 0 1 1 1 1 1 1 0 1 0 1 1 0 0 0 0
300	3	 1 1 0 1 0 0 1 1 1 1 1 0 1 0 0 1 0 0 0 0
300	12	 0 1 1 0 0 0 0 1 1 1 1 0 0 0 1 0 0 0 0 0
300	23	 1 1 1 1 0 1 0 1 1 1 1 0 1 0 0 1 0 0 0 0
300	7	 1 1 1 1 1 0 0 0 1 1 0 0 1 0 1 0 0 0 0 0
300	17	 1 1 0 1 1 1 0 1 1 0 1 0 0 1 0 1 0 0 1 0
300	11	 1 1 1 1 0 0 0 1 0 1 1 0 1 0 1 0 0 0 0 0
300	3	 0 1 1 0 0 0 0 1 1 1 1 0 1 0 0 1 0 0 0 0
300	2	 1 1 1 0 0 0 1 1 1 1 1 1 1 0 1 0 0 0 1 0
300	4	 1 1 1 0 0 1 1 1 1 1 1 0 1 1 1 1 1 0 0 0
300	4	 1 1 1 0 0 0 0 1 1 1 0 0 0 0 1 0 0 0 0 0
300	13	 1 1 1 1 0 1 0 1 1 1 1 0 1 0 1 0 0 0 0 0
300	8	 1 1 0 0 0 1 0 1 1 1 1 0 1 1 0 1 0 0 0 0
300	6	 1 1 0 1 0 1 0 1 0 1 1 0 0 1 0 0 0 0 0 0
300	5	 1 1 1 0 0 1 0 1 1 1 1 0 0 1 1 1 1 0 0 1
300	5	 1 1 0 1 0 1 0 1 1 1 1 0 0 0 1 1 0 0 0 0
300	5	 1 1 0 1 1 1 0 1 1 1 1 0 1 1 0 1 0 0 0 0
300	15	 1 1 1 0 0 0 0 0 1 1 1 0 0 1 0 1 0 0 0 0
300	2	 1 1 1 1 0 0 0 1 1 1 0 0 0 0 1 1 0 0 0 0
300	2	 1 0 1 1 1 1 0 1 1 1 1 0 0 1 0 0 0 0 0 0
300	13	 0 1 1 1 1 1 0 1 1 1 1 0 1 1 0 0 0 0 0 0
300	6	 1 1 1 0 0 1 0 1 1 1 1 0 0 1 1 1 0 0 0 0
300	12	 1 1 1 1 0 1 0 1 0 1 1 0 0 1 0 0 0 0 0 0
300	20	 1 1 1 1 0 1 1 1 1 1 1 0 0 1 0 0 0 1 0 0
300	2	 1 1 0 1 0 1 0 1 1 1 1 0 0 1 0 1 0 0 0 0
300	19	 1 1 1 1 0 1 1 1 1 1 1 0 1 0 1 0 0 0 0 0
300	3	 1 1 1 1 1 1 0 1 1 1 1 0 0 1 1 1 0 0 0 0
300	1	 1 0 1 1 0 1 1 1 1 1 1 1 0 0 1 0 0 0 0 0
300	4	 1 1 0 0 0 0 0 1 1 1 1 0 0 0 1 0 0 0 0 0
300	4	 1 1 1 0 0 1 1 0 1 1 1 0 1 0 1 1 0 0 0 0
300	3	 1 1 1 1 0 1 0 1 0 1 0 0 0 0 1 0 0 0 0 0
300	8	 1 1 1 0 0 0 0 1 1 1 1 0 0 1 0 0 0 0 0 0
300	19	 1 1 0 1 0 1 0 1 0 1 1 0 0 1 0 0 0 0 0 1
300	4	 1 1 1 0 0 1 0 1 1 1 1 1 1 0 1 0 0 0 0 0
300	6	 1 1 1 0 0 1 0 1 1 1 0 0 0 1 0 1 0 0 0 0
300	13	 1 1 1 0 0 0 0 1 1 1 1 1 1 0 0 1 0 0 0 0
300	8	 1 1 1 1 1 1 0 1 0 1 0 0 0 0 1 1 0 0 0 0
300	8	 0 1 1 1 1 1 0 1 1 1 1 0 1 0 0 0 0 0 1 0
300	10	 1 1 1 1 0 1 1 1 1 1 1 0 0 1 0 0 0 0 0 0
300	3	 1 1 1 1 0 1 0 1 0 1 1 1 1 1 0 1 0 1 0 0
300	2	 1 1 1 1 1 0 0 1 1 1 1 0 1 0 0 0 0 0 0 0
300	1	 1 0 1 1 0 0 0 1 1 1 0 0 0 0 1 1 0 0 0 0
300	3	 1 1 1 1 0 1 1 1 1 1 0 1 1 0 1 0 0 0 0 0
300	3	 1 1 1 1 0 1 0 1 1 1 1 0 0 1 1 1 1 0 1 0
300	1	 1 1 1 0 0 0 0 1 1 1 1 0 0 1 1 1 1 1 0 0
300	5	 1 1 1 1 0 1 0 1 1 1 0 0 1 1 1 1 0 0 0 0
300	1	 1 1 1 0 0 1 0 1 1 1 1 0 1 0 1 0 0 0 0 0
300	1	 1 1 1 1 0 1 1 1 1 1 1 1 1 0 1 1 0 0 0 0
300	5	 1 1 1 1 0 1 1 1 1 1 1 1 1 0 1 0 1 0 0 0
300	4	 1 1 1 1 1 1 0 1 1 1 1 0 1 1 0 1 0 0 0 0
300	3	 1 1 1 0 0 0 1 1 1 1 1 1 1 0 0 1 0 0 0 0
300	2	 1 1 1 0 0 1 0 0 0 1 1 0 0 1 0 1 0 0 0 0
300	3	 1 0 1 1 0 1 0 1 1 1 1 0 0 1 1 0 0 0 0 0
300	1	 1 1 1 0 0 1 0 1 1 1 0 0 0 0 1 1 0 0 0 0
300	1	 0 1 1 1 0 1 0 1 1 1 1 0 0 1 0 0 0 0 0 0
300	1	 1 1 1 0 0 1 0 1 1 1 1 0 1 1 1 1 1 0 0 0
300	2	 1 1 0 1 0 1 1 1 1 1 1 1 1 0 1 0 0 0 0 0
300	4	 1 1 1 1 0 0 0 1 1 1 0 0 0 1 0 0 0 0 0 0
300	3	 1 1 0 1 1 1 0 1 0 0 1 0 0 1 0 1 0 0 1 0
300	2	 1 1 1 1 0 1 1 1 1 0 1 0 0 1 0 0 0 1 0 0
300	2	 0 1 1 1 1 1 0 1 1 1 1 0 0 1 1 1 1 0 0 0
300	3	 1 1 1 1 0 1 1 1 1 1 1 1 1 1 1 1 1 0 0 0
300	1	 1 1 1 1 1 0 0 1 0 1 0 0 0 0 0 1 0 0 0 0
300	1	 1 1 1 1 1 0 0 1 1 1 1 0 0 1 0 0 0 0 0 0
300	1	 1 1 1 1 0 1 0 1 1 1 1 0 1 1 0 1 0 0 1 0
300	1	 1 1 1 0 0 1 1 1 1 1 1 0 1 1 0 0 0 0 0 0
300	3	 1 1 1 1 0 1 0 1 1 1 1 0 1 1 0 1 0 0 0 0
300	3	 1 1 1 1 0 1 0 1 1 1 1 0 0 0 1 0 0 0 0 0
300	1	 1 1 1 1 0 1 0 1 1 0 1 0 0 1 0 0 0 0 0 0
300	1	 1 1 1 1 0 0 1 1 1 1 0 0 1 0 0 1 0 0 0 0
300	3	 1 1 1 0 0 0 0 1 1 1 1 0 1 1 1 0 0 0 0 0
300	2	 1 1 1 1 0 1 0 0 1 1 1 0 0 1 1 1 1 0 0 0
300	2	 1 1 1 0 0 0 0 1 0 1 0 0 0 0 1 0 0 0 0 0
300	2	 1 1 1 1 1 1 0 1 1 0 0 0 0 0 1 1 0 0 1 0
300	1	 1 1 1 1 0 1 0 1 1 1 0 0 1 0 0 1 0 0 0 0
300	1	 1 1 1 1 0 1 1 1 0 1 1 0 1 0 1 0 0 0 0 0
300	1	 1 1 0 1 0 1 1 1 1 1 1 0 1 0 1 1 0 0 0 0
300	3	 1 1 1 1 0 1 0 1 1 1 1 0 0 0 0 0 0 0 0 0
300	1	 1 1 1 0 0 0 0 1 1 1 1 0 1 0 0 0 0 0 0 0
300	2	 1 1 1 0 0 0 0 1 0 1 1 0 1 0 1 0 0 0 0 0
300	1	 1 1 1 1 0 1 1 1 1 1 1 1 1 1 1 0 0 0 0 0
300	1	 1 0 0 0 0 0 0 1 0 1 1 0 1 0 1 0 0 0 0 0
300	1	 1 1 1 1 0 1 0 1 1 1 1 0 1 0 0 1 0 0 0 1
300	2	 1 1 1 0 1 0 0 0 1 1 0 0 1 0 1 0 0 0 0 0
300	1	 1 1 1 1 1 0 0 1 0 1 1 0 1 0 1 0 0 0 0 0
300	1	 0 1 1 0 0 1 0 1 1 1 1 0 0 1 1 1 0 0 0 0
300	1	 1 1 1 0 0 1 0 0 1 1 1 0 1 0 1 0 0 0 0 0
300	1	 1 1 1 0 0 0 1 1 1 1 1 1 1 0 0 0 0 0 0 0
400	11	 1 1 1 1 0 1 0 1 1 1 1 0 0 1 0 0 0 0 0 0
400	57	 1 1 1 1 0 1 0 1 1 1 1 0 1 0 0 1 0 0 0 0
400	4	 1 1 1 1 0 0 1 1 1 1 0 0 0 0 1 1 0 0 0 0
400	25	 1 1 1 1 0 0 0 0 1 1 0 0 1 0 1 0 0 0 0 0
400	9	 1 1 1 1 0 0 0 1 0 1 1 0 1 0 1 0 0 0 0 1
400	58	 1 1 1 1 0 1 0 1 1 1 1 0 1 0 0 0 0 0 0 0
400	15	 1 1 1 1 0 1 0 1 1 1 1 1 1 0 1 0 0 0 0 0
400	58	 1 1 1 1 0 1 0 1 1 0 1 0 1 0 0 0 0 0 0 0
400	12	 1 1 1 1 0 1 0 1 1 1 1 0 1 1 0 0 0 0 0 0
400	19	 1 1 1 1 0 1 0 1 0 1 1 0 0 1 0 0 0 0 0 0
400	12	 1 1 1 0 0 1 0 1 1 1 1 0 1 1 0 0 0 0 0 0
400	19	 1 1 1 0 0 1 0 1 1 1 0 0 1 0 1 0 0 0 0 0
400	1	 1 1 1 1 1 1 0 1 1 1 1 0 0 1 0 1 0 0 0 0
400	30	 1 1 1 1 0 1 0 1 1 1 0 0 0 1 1 0 0 0 0 0
400	13	 1 1 1 1 0 0 0 1 1 1 1 0 0 1 0 0 0 0 0 0
400	45	 1 1 1 1 0 1 0 1 1 1 1 0 0 1 0 1 0 0 0 0
400	84	 1 1 1 1 0 1 0 1 1 1 0 0 1 0 0 0 0 0 0 0
400	30	 1 1 1 1 0 1 0 1 0 1 1 0 0 0 0 0 0 0 0 0
400	5	 1 1 1 0 0 0 0 0 1 1 0 0 1 0 1 0 0 0 0 0
400	7	 1 1 1 0 0 0 1 0 1 1 0 0 1 0 0 0 0 0 0 0
400	14	 1 1 1 1 0 0 0 0 0 1 1 0 0 1 0 0 0 0 0 0
400	2	 1 1 1 0 0 0 0 1 1 0 0 0 0 0 1 0 0 0 0 0
400	2	 1 1 1 0 0 1 0 1 1 1 1 0 1 0 1 0 0 1 0 0
400	15	 1 1 1 1 0 1 0 1 1 1 0 0 1 0 1 0 0 0 0 0
400	2	 1 1 1 1 0 1 1 1 0 1 1 0 1 0 0 1 0 0 0 0
400	2	 0 1 1 1 0 1 1 1 0 1 1 0 1 1 1 0 0 0 0 1
400	9	 0 1 1 1 0 1 0 1 1 1 1 0 0 1 1 1 1 0 0 0
400	2	 0 1 1 1 0 1 1 1 0 1 1 0 1 1 1 0 0 0 0 0
400	23	 1 1 1 1 0 1 0 1 1 1 1 0 0 1 0 0 1 0 0 0
400	2	 1 1 1 0 0 1 0 1 1 1 1 0 1 0 0 0 0 0 0 0
400	2	 1 1 1 1 1 1 0 1 1 1 1 0 0 1 0 1 0 0 0 1
400	7	 1 1 1 1 0 1 0 1 1 0 1 0 1 0 1 0 0 0 0 0
400	12	 1 1 0 1 0 1 0 1 1 1 0 0 1 1 1 1 0 0 0 0
400	9	 1 1 1 0 0 1 0 1 1 1 1 0 0 1 0 0 0 0 0 0
400	3	 1 1 1 0 0 0 0 1 1 1 0 0 0 0 1 0 0 0 0 0
400	1	 1 1 1 1 0 0 0 0 0 1 1 0 1 1 0 0 0 0 0 0
400	1	 1 1 1 0 0 1 1 1 1 1 1 0 1 0 0 0 0 0 0 0
400	6	 0 1 1 1 0 1 0 1 1 1 1 0 1 0 0 0 0 0 0 1
400	18	 1 1 1 1 0 1 1 1 1 1 1 1 0 1 0 0 0 0 0 0
400	7	 1 1 1 1 0 1 1 1 0 1 1 0 1 1 1 0 0 0 0 0
400	5	 1 1 1 1 0 0 0 1 1 1 1 0 1 0 0 0 0 1 0 0
400	8	 0 1 1 0 0 1 0 1 1 1 0 0 0 0 1 0 0 0 0 0
400	16	 1 1 1 1 0 1 1 1 0 1 1 0 0 0 0 0 0 0 0 0
400	10	 1 1 1 1 0 1 0 1 1 0 1 0 0 1 0 0 1 0 0 0
400	5	 1 1 1 0 0 0 1 1 1 1 1 0 0 0 1 0 0 0 0 0
400	22	 1 1 1 1 0 1 1 1 1 1 0 0 1 0 1 1 0 0 0 0
400	5	 1 1 1 0 0 1 0 1 1 1 1 0 1 0 1 0 0 0 0 0
400	9	 1 1 1 1 1 1 0 1 0 1 1 0 1 1 1 0 0 0 0 0
400	3	 1 1 1 0 0 0 0 1 1 0 1 0 0 0 1 0 0 0 0 0
400	1	 1 1 1 1 1 1 0 1 1 1 0 0 1 0 1 1 0 0 0 0
400	3	 1 1 1 1 0 1 0 1 1 0 1 0 0 1 1 1 1 0 0 0
400	1	 1 1 0 0 0 0 0 1 1 1 1 0 0 0 1 0 0 0 0 0
400	4	 1 1 1 0 0 0 0 1 1 1 1 0 1 0 1 0 0 1 0 0
400	4	 1 1 1 1 0 1 0 1 1 0 1 0 1 0 0 0 0 0 1 0
400	2	 1 1 1 0 0 0 1 0 0 1 0 0 1 0 0 0 0 0 0 0
400	4	 1 1 1 1 0 1 0 1 1 0 1 0 1 1 0 0 0 0 0 0
400	11	 1 1 0 1 0 1 0 1 1 1 0 0 1 1 1 0 0 0 0 0
400	13	 1 1 1 1 0 1 0 1 1 1 0 0 0 1 1 1 1 0 0 0
400	4	 1 1 1 1 0 1 0 1 1 1 1 0 1 0 0 1 0 0 1 0
400	6	 1 1 1 0 0 1 0 1 1 1 1 0 1 0 0 1 0 0 0 0
400	16	 1 1 1 1 0 1 0 1 1 1 0 1 1 0 1 0 0 0 0 0
400	3	 1 1 1 0 0 0 0 0 1 1 1 0 0 0 1 0 0 0 0 0
400	4	 1 1 1 0 0 0 1 0 1 1 0 0 1 0 0 0 1 0 0 0
400	8	 1 1 0 1 0 0 0 1 1 1 0 0 1 1 1 1 0 0 0 0
400	7	 1 1 1 0 0 0 0 1 1 1 1 0 1 1 0 0 0 0 0 0
400	2	 1 1 1 1 0 1 1 1 0 1 1 0 1 0 0 0 0 0 0 0
400	2	 1 1 1 1 0 1 0 1 1 1 0 0 1 0 1 0 1 0 0 0
400	2	 1 1 1 1 1 1 0 1 0 1 0 0 1 0 0 1 0 0 0 0
400	1	 1 1 1 1 0 0 0 1 1 1 1 0 1 0 0 0 0 1 0 1
400	2	 1 1 1 1 0 1 0 1 0 1 1 0 0 1 0 0 0 1 0 0
400	2	 1 0 1 0 0 0 0 1 1 1 1 0 1 1 1 0 0 0 0 0
400	4	 1 1 1 1 1 1 0 1 0 0 1 0 1 0 0 0 0 0 0 1
400	6	 1 1 1 1 0 0 0 1 0 1 1 0 0 1 0 0 1 0 1 0
400	2	 1 1 1 1 0 1 0 1 0 0 1 0 1 0 0 0 0 0 0 0
400	9	 1 1 1 1 0 1 0 1 1 1 0 0 1 0 0 0 0 1 0 0
400	4	 1 1 1 1 0 0 0 1 1 1 0 0 1 0 1 0 0 0 0 0
400	4	 1 1 1 1 0 0 0 0 0 1 1 0 1 0 0 0 0 0 0 1
400	10	 1 1 1 1 0 0 0 0 1 1 0 0 1 0 1 0 0 1 0 0
400	2	 1 1 0 1 0 1 0 1 1 1 0 0 1 0 0 0 0 0 0 0
400	7	 1 1 1 1 0 0 0 0 0 1 0 0 1 1 0 0 0 0 0 0
400	6	 1 1 1 0 0 0 0 1 1 1 1 0 1 0 0 0 1 0 0 0
400	2	 1 1 1 1 0 1 1 1 1 1 1 1 0 1 0 0 0 1 0 0
400	1	 0 1 1 1 0 1 0 1 1 1 0 0 1 0 0 1 0 0 0 0
400	2	 1 1 1 1 0 1 0 1 1 1 0 0 1 1 0 0 0 0 0 0
400	6	 0 1 1 1 0 1 0 1 1 1 0 0 1 0 1 0 0 0 0 0
400	1	 1 1 1 0 0 1 0 1 1 1 1 0 0 1 0 1 0 0 0 0
400	8	 1 1 1 1 0 1 0 1 1 1 0 1 1 0 0 0 0 0 0 0
400	7	 1 1 1 1 0 0 0 1 0 1 1 0 0 0 0 0 0 0 0 0
400	3	 1 1 1 1 0 1 0 1 1 1 0 0 1 0 0 1 0 0 1 0
400	2	 1 1 0 0 0 0 0 1 1 1 0 0 1 1 1 1 0 0 0 0
400	4	 0 1 1 0 0 1 0 1 1 1 1 0 1 1 1 0 0 0 0 0
400	1	 1 0 1 1 0 1 0 1 1 1 1 0 0 1 0 1 0 0 0 0
400	1	 0 1 1 1 0 1 0 1 1 0 1 0 0 1 1 1 1 0 0 0
400	1	 1 1 1 1 0 0 0 1 1 1 1 0 1 0 0 0 0 1 1 0
400	1	 1 1 1 1 0 1 0 1 1 1 1 0 1 0 0 1 0 0 0 1
400	1	 1 1 1 1 0 1 0 1 1 1 0 1 1 0 0 0 0 0 0 1
400	3	 1 1 1 1 0 0 0 0 0 1 1 0 1 0 0 0 0 0 0 0
400	3	 1 1 1 1 0 1 0 1 1 1 1 0 0 0 0 0 0 0 0 0
400	3	 1 1 1 1 0 1 0 1 1 1 1 0 0 1 0 0 0 1 0 0
400	3	 1 1 1 1 0 1 0 1 0 1 1 0 1 0 0 0 0 0 0 0
400	1	 1 1 1 1 0 1 0 1 1 0 1 1 1 0 0 0 0 0 0 0
400	3	 1 1 1 1 0 1 0 1 1 1 1 0 1 1 0 1 0 0 0 0
400	3	 1 1 1 1 0 1 0 1 1 1 0 0 0 1 1 1 0 0 0 0
400	4	 1 1 1 1 0 1 0 1 1 1 0 0 1 0 0 0 0 0 1 0
400	1	 1 1 0 1 0 1 0 1 1 1 0 0 1 0 1 1 0 0 0 0
400	2	 0 1 1 0 0 0 0 1 1 1 1 0 1 0 0 0 1 0 0 0
400	2	 1 1 1 0 0 1 0 1 1 1 0 0 0 0 1 0 0 0 0 0
400	4	 0 1 1 1 0 1 1 1 0 1 1 0 1 0 1 0 0 0 0 0
400	1	 0 1 1 1 0 1 0 1 1 1 1 0 1 0 0 0 0 0 0 0
400	1	 0 1 1 0 0 1 0 1 1 1 0 0 0 0 0 0 0 0 0 0
400	3	 1 1 1 1 1 1 0 1 1 1 0 0 1 1 1 0 0 0 0 0
400	3	 1 1 0 1 0 1 0 1 1 1 1 1 1 0 1 0 0 0 0 0
400	3	 1 1 1 1 0 1 0 1 1 1 1 0 1 0 1 1 0 0 0 0
400	2	 0 1 1 1 0 1 0 1 1 1 1 0 1 0 0 1 0 0 0 0
400	2	 1 1 1 1 0 0 1 1 1 0 0 0 0 0 1 1 0 0 0 0
400	1	 1 1 1 1 0 0 0 0 1 1 0 0 1 0 1 0 1 0 0 0
400	1	 1 1 1 1 0 0 0 0 1 1 0 0 0 0 1 0 0 0 0 0
400	3	 1 1 1 1 0 1 0 1 1 1 1 0 1 1 0 0 0 0 1 0
400	2	 1 1 1 0 0 1 0 1 1 1 0 0 1 0 1 0 0 0 1 0
400	1	 1 1 1 1 0 1 0 1 1 1 1 0 0 1 0 1 0 0 1 0
400	1	 1 1 1 1 0 0 0 1 1 1 0 0 1 0 0 0 0 0 0 0
400	1	 1 1 1 1 0 1 0 1 1 1 0 0 1 0 0 1 0 0 0 0
400	2	 1 1 1 1 0 1 0 1 0 1 0 0 1 0 0 0 0 0 0 0
400	1	 1 1 1 1 0 1 0 1 0 1 1 0 0 0 1 0 0 0 0 0
400	6	 1 1 1 0 0 0 0 1 1 0 0 0 0 0 1 0 1 0 0 0
400	1	 1 1 1 1 0 1 0 1 1 1 0 1 1 1 0 0 0 0 0 0
500	45	 1 1 1 1 0 0 0 0 1 1 0 0 1 0 1 0 0 0 0 0
500	10	 1 1 1 1 0 1 0 1 1 1 1 0 1 0 0 0 0 0 0 0
500	31	 1 1 1 1 0 1 0 1 1 1 1 0 1 1 0 0 0 0 0 0
500	3	 1 1 1 1 0 1 0 1 0 1 1 0 0 1 0 0 0 0 0 0
500	25	 1 1 1 1 0 1 0 1 1 1 0 0 1 0 0 0 0 0 0 0
500	17	 1 1 1 1 0 1 1 1 1 1 0 0 1 0 1 1 0 0 0 0
500	64	 1 1 1 1 0 1 0 1 1 1 0 1 1 0 1 0 0 0 0 0
500	44	 1 1 1 1 0 1 0 1 1 1 0 1 1 0 0 0 0 0 0 0
500	40	 1 1 1 1 0 1 0 1 1 1 0 0 1 1 1 1 0 0 0 0
500	7	 1 1 1 1 0 1 0 1 1 1 0 0 1 1 0 0 0 0 0 0
500	28	 1 1 1 1 0 1 1 1 1 1 0 1 1 0 1 1 0 0 0 0
500	21	 1 1 1 1 0 1 0 1 1 1 0 1 1 0 1 1 0 0 0 0
500	13	 1 1 1 0 0 1 0 1 1 1 0 0 1 0 0 0 0 0 0 0
500	11	 1 1 1 1 0 1 1 1 1 1 0 1 1 0 1 0 0 0 0 0
500	38	 1 1 1 1 0 1 0 1 0 1 1 0 0 0 0 0 0 0 0 0
500	56	 1 1 1 0 0 1 0 1 1 1 1 1 1 0 0 0 0 0 0 0
500	18	 1 1 1 1 0 1 0 1 1 1 1 0 1 1 0 1 0 0 0 0
500	5	 1 1 1 1 0 1 0 1 0 0 1 1 1 0 1 0 0 0 0 0
500	1	 1 1 1 1 0 1 0 1 1 1 0 0 1 0 1 0 0 0 0 0
500	6	 1 1 1 1 0 0 0 1 1 1 1 0 0 0 0 0 0 0 0 0
500	8	 1 1 1 1 0 1 0 1 0 1 1 0 1 1 0 0 0 0 0 0
500	1	 1 1 1 1 0 1 1 1 1 1 0 1 1 0 1 0 0 0 0 1
500	10	 1 1 1 1 0 1 0 1 1 1 1 1 1 0 1 1 0 0 0 0
500	20	 1 1 1 1 0 1 1 1 1 1 0 1 1 1 1 1 0 0 0 0
500	11	 1 1 1 1 0 0 1 1 1 0 1 1 1 0 1 1 0 0 0 0
500	1	 1 1 0 1 0 1 1 1 1 1 0 1 1 0 1 1 0 0 0 0
500	8	 1 1 1 1 0 1 1 1 1 1 0 1 0 0 1 1 0 0 0 1
500	7	 1 1 0 1 0 1 1 0 1 1 0 1 0 0 1 1 0 0 0 0
500	9	 1 1 1 1 0 1 0 1 1 1 1 1 1 0 1 1 0 0 1 0
500	9	 1 1 1 0 0 1 0 1 1 1 1 1 1 0 0 0 1 0 0 0
500	15	 1 1 1 1 0 0 0 1 1 1 1 0 1 1 0 1 0 0 0 0
500	16	 1 1 1 1 0 1 1 0 1 1 0 1 0 0 1 1 0 0 0 0
500	9	 1 1 1 1 0 1 1 1 1 0 1 0 1 1 0 0 0 0 0 1
500	12	 1 1 1 1 0 1 0 1 0 1 0 1 1 0 1 0 0 0 0 0
500	1	 1 1 1 1 0 1 1 1 0 1 1 0 0 1 0 0 0 0 0 0
500	2	 1 1 1 1 0 1 1 1 1 1 1 1 1 0 1 1 0 0 0 0
500	11	 1 1 1 1 0 1 0 1 1 0 1 1 0 0 1 1 0 0 0 0
500	1	 0 1 1 1 0 1 0 1 1 1 0 1 1 0 0 0 0 0 0 0
500	5	 1 1 1 0 0 1 0 1 1 1 0 0 1 0 1 1 0 0 0 0
500	8	 1 0 0 1 0 1 0 1 1 1 0 0 1 1 1 1 0 0 1 0
500	23	 1 1 1 1 0 1 0 1 0 1 1 0 1 1 0 0 1 0 0 0
500	8	 1 1 1 1 1 1 0 1 1 1 0 0 1 1 0 0 0 0 0 0
500	4	 1 1 1 1 0 1 1 1 1 1 0 0 1 0 1 1 0 1 0 0
500	17	 1 1 1 1 0 0 0 1 0 1 1 0 0 0 0 0 0 0 0 0
500	12	 1 1 1 0 0 1 0 1 1 1 0 1 0 0 1 0 0 0 0 0
500	20	 1 1 1 1 0 1 1 1 1 1 0 1 1 0 0 0 0 0 0 0
500	4	 1 1 1 1 0 1 1 0 1 1 0 1 0 0 1 1 0 0 0 1
500	3	 0 1 1 0 1 1 0 0 1 1 1 0 1 0 0 0 0 0 0 1
500	2	 0 1 1 0 0 1 0 1 1 1 1 0 1 0 0 0 0 0 0 1
500	6	 1 1 1 1 0 1 0 1 0 1 0 1 1 1 0 0 0 1 0 0
500	7	 1 1 1 1 0 1 1 1 0 1 1 0 1 1 0 0 1 0 0 0
500	2	 1 1 1 1 0 1 1 1 1 1 1 0 0 0 0 0 0 0 0 0
500	10	 1 1 1 0 0 1 0 1 1 1 0 1 1 0 1 0 0 0 0 0
500	4	 0 1 1 1 0 1 0 1 1 1 0 0 1 0 0 0 0 0 0 0
500	2	 1 0 1 1 0 1 1 1 1 1 0 0 1 1 1 1 0 0 0 0
500	10	 0 1 1 1 0 1 0 1 0 1 1 0 1 1 0 0 1 0 0 0
500	1	 1 1 1 1 0 1 0 1 1 1 1 0 0 1 0 0 0 0 0 0
500	7	 1 1 1 1 0 1 1 1 1 1 0 1 1 1 1 1 1 0 0 0
500	5	 1 1 1 1 0 1 1 1 1 1 0 0 1 0 0 1 1 0 0 0
500	15	 1 1 1 1 0 1 0 0 1 1 1 0 1 1 0 0 0 0 0 0
500	1	 1 1 1 1 1 1 0 1 1 1 1 0 1 1 0 0 0 0 0 0
500	8	 1 1 1 1 1 1 0 1 1 1 0 0 1 1 1 1 0 0 0 0
500	4	 1 1 1 0 0 1 0 1 1 1 1 1 1 0 0 0 0 0 1 0
500	9	 1 1 1 1 0 1 0 0 1 1 1 1 1 0 1 1 0 0 0 0
500	2	 1 1 1 1 0 0 0 1 0 0 1 0 0 0 0 0 0 0 0 0
500	5	 1 0 1 1 0 1 0 1 1 1 0 1 1 0 0 0 0 0 0 0
500	11	 1 1 1 1 0 1 0 1 1 1 0 0 1 1 1 1 0 1 0 0
500	7	 1 1 1 1 0 1 0 1 1 1 1 1 1 1 0 0 0 0 0 0
500	13	 1 1 1 1 0 1 0 1 0 1 1 0 0 1 0 1 0 0 0 0
500	1	 1 0 1 1 0 1 1 1 1 1 0 1 1 0 1 1 0 0 0 0
500	1	 1 1 1 1 0 1 0 1 1 1 0 0 1 0 1 0 0 1 0 1
500	1	 1 0 1 1 0 1 0 1 1 0 0 1 1 0 1 1 0 0 0 0
500	2	 1 1 1 1 0 0 0 0 1 1 0 1 1 0 1 1 0 0 0 0
500	3	 1 1 1 1 0 1 0 1 1 1 1 0 1 1 1 0 0 0 0 0
500	6	 1 1 1 1 0 1 0 0 1 1 0 0 1 1 1 1 0 0 0 0
500	5	 1 1 1 1 0 1 0 0 0 1 1 0 1 1 0 0 0 0 0 0
500	2	 1 1 1 1 0 1 0 1 0 1 0 0 1 0 1 1 0 0 0 0
500	3	 1 1 1 1 0 1 0 0 1 1 0 0 1 1 0 0 0 0 0 1
500	2	 1 1 1 1 0 1 0 1 1 1 1 1 1 0 0 0 1 0 0 0
500	10	 1 1 1 1 0 1 0 1 1 1 1 0 0 1 0 1 0 0 0 0
500	2	 1 1 0 1 0 0 0 0 1 1 0 0 1 0 1 0 0 0 0 0
500	2	 1 1 1 1 0 1 0 1 1 1 0 1 1 1 0 0 0 0 0 0
500	1	 1 1 1 0 0 1 1 1 1 1 1 1 1 0 0 0 0 0 0 0
500	6	 1 1 1 1 0 1 1 1 1 0 1 0 1 0 0 0 1 0 0 0
500	1	 1 0 1 1 0 1 0 1 0 1 1 0 1 1 0 0 1 0 0 0
500	4	 1 1 1 1 0 0 0 1 1 1 1 0 1 1 1 1 0 0 0 0
500	1	 1 1 1 1 0 1 1 1 1 1 0 1 1 1 1 0 0 0 0 0
500	1	 1 1 1 0 0 1 1 1 1 1 0 0 1 0 1 1 0 1 0 0
500	3	 1 1 1 1 0 1 0 1 1 1 0 0 1 1 1 1 0 0 0 1
500	2	 1 1 1 1 0 1 1 1 1 0 0 1 0 0 1 1 0 0 0 1
500	2	 1 1 1 0 0 1 0 1 1 1 0 0 1 0 1 1 0 1 0 0
500	2	 1 1 1 1 0 1 1 1 1 1 0 0 1 0 0 0 0 0 0 0
500	3	 1 1 1 0 0 1 1 1 1 1 0 1 1 1 1 1 1 0 0 0
500	4	 1 1 1 1 0 0 1 1 1 1 0 1 1 0 1 0 0 0 0 0
500	2	 1 1 1 1 0 1 0 1 1 1 1 0 0 0 0 0 0 0 0 0
500	11	 1 1 1 1 0 1 1 1 1 1 1 1 1 1 1 1 0 0 0 0
500	3	 1 1 1 0 1 1 0 1 1 1 1 1 1 0 0 0 1 0 0 0
500	2	 1 1 1 1 0 1 0 1 0 1 1 0 1 1 0 1 1 0 0 0
500	2	 0 0 1 1 0 1 0 1 1 0 0 1 1 0 1 1 0 0 0 0
500	3	 1 1 1 1 0 0 1 1 1 1 0 1 1 0 1 1 1 0 0 0
500	1	 1 1 1 1 0 1 0 1 1 1 1 0 1 1 0 0 1 0 0 0
500	1	 1 1 1 1 0 1 0 1 1 1 0 1 1 1 1 1 0 1 0 0
500	2	 1 0 1 1 0 1 0 1 0 1 1 0 0 0 0 0 0 0 0 0
500	4	 1 1 1 1 0 1 1 1 1 0 1 0 1 0 0 0 0 0 0 0
500	1	 1 1 0 1 0 1 0 1 0 1 1 0 0 1 0 0 0 0 0 0
500	1	 1 1 1 1 0 1 0 1 1 0 0 0 1 1 1 1 0 0 0 0
500	2	 1 1 1 0 0 0 0 1 1 1 1 0 1 1 0 1 0 0 0 0
500	1	 1 1 1 1 1 1 1 1 1 0 1 0 1 1 0 0 0 0 0 1
500	2	 1 1 1 0 0 1 0 1 1 1 1 1 1 0 0 0 0 0 1 1
500	3	 1 1 1 1 0 1 0 1 1 1 1 1 1 1 0 0 0 1 0 0
500	1	 1 1 1 1 0 1 0 1 1 1 1 0 1 1 1 0 0 0 0 1
500	1	 1 0 1 1 0 1 0 1 0 1 1 0 1 1 0 1 1 0 0 0
500	2	 1 1 1 1 0 1 1 0 1 1 1 1 1 0 1 1 0 0 0 0
500	2	 1 1 1 1 0 1 1 1 1 1 0 0 1 1 1 1 0 0 0 0
500	1	 1 1 1 1 0 1 0 1 1 1 0 1 1 0 1 0 0 0 0 1
500	1	 1 1 1 1 0 1 1 1 1 1 0 0 1 1 0 0 0 0 0 0
500	1	 1 1 1 1 0 1 0 0 1 1 1 0 1 0 0 0 0 0 0 0
500	1	 1 1 1 1 0 1 0 1 1 1 1 0 1 1 0 0 0 0 1 0
500	2	 1 1 1 1 0 1 0 0 1 1 0 1 1 0 1 0 0 0 0 0
500	1	 1 1 1 1 0 1 0 1 1 1 0 0 1 1 1 1 0 0 1 0
500	1	 0 1 1 1 0 1 1 1 1 1 0 1 0 0 1 1 0 0 0 1
500	1	 1 1 1 1 0 0 0 1 1 1 1 0 1 1 0 1 1 0 0 0
500	1	 1 1 1 1 0 1 0 1 0 1 1 0 1 1 0 0 1 1 0 0
500	1	 1 1 1 0 0 1 0 1 1 1 0 1 1 0 1 0 0 1 0 0
500	2	 1 1 1 1 0 1 0 1 1 1 0 1 1 1 0 1 0 0 0 0
500	1	 1 0 1 1 0 1 0 1 0 1 0 0 0 0 0 0 0 0 0 0
600	27	 1 1 1 1 0 0 0 0 1 1 0 0 1 0 1 0 0 0 0 0
600	37	 1 1 1 1 0 1 0 1 1 1 1 0 1 0 0 0 0 0 0 0
600	6	 1 1 1 1 0 1 0 1 1 1 0 0 1 0 0 0 0 0 0 0
600	14	 1 1 1 0 0 1 0 1 1 1 1 1 1 0 0 0 0 0 0 0
600	6	 1 1 1 1 0 1 0 1 1 1 1 1 1 0 1 1 0 0 0 0
600	31	 1 1 1 1 0 0 1 1 1 0 1 1 1 0 1 1 0 0 0 0
600	5	 1 1 1 1 0 1 0 1 1 1 1 1 1 0 0 0 0 0 0 0
600	11	 1 1 1 0 0 1 0 1 1 1 1 0 1 1 0 0 0 0 0 0
600	33	 1 1 1 1 0 1 0 1 0 0 0 1 1 0 1 1 0 0 0 0
600	45	 1 1 1 1 0 1 0 1 1 1 1 1 1 0 1 0 0 0 0 0
600	17	 1 1 1 1 1 1 0 1 1 1 1 1 1 0 0 0 0 0 0 0
600	6	 1 1 1 1 0 1 0 1 1 1 1 0 0 0 1 1 0 0 0 0
600	13	 1 1 1 1 0 0 0 0 1 1 0 0 1 0 1 1 0 0 0 0
600	3	 1 1 1 1 0 1 0 1 1 1 0 1 0 0 1 0 0 0 0 0
600	4	 0 1 1 1 0 1 0 1 1 1 1 1 1 0 0 0 0 0 0 1
600	8	 0 1 1 1 0 0 0 0 1 1 0 0 1 0 0 0 0 0 0 0
600	30	 1 1 1 1 0 1 1 1 1 0 1 0 1 1 0 1 1 0 0 0
600	12	 1 1 1 1 0 1 0 1 1 1 0 1 1 0 1 1 0 0 0 0
600	6	 1 1 1 1 0 0 0 0 1 1 1 0 1 1 0 1 1 0 0 1
600	11	 1 1 1 1 0 1 0 1 1 1 1 0 1 0 0 1 0 0 0 0
600	10	 1 1 1 1 1 0 1 1 1 0 1 1 1 0 1 1 0 0 0 0
600	16	 1 1 1 1 0 1 0 0 1 1 1 0 0 0 1 1 0 0 0 0
600	2	 1 1 1 1 0 1 0 1 1 1 1 0 0 0 1 0 0 0 0 0
600	14	 1 1 1 1 0 0 0 0 1 1 1 0 1 0 0 1 0 0 0 0
600	24	 1 1 1 1 0 0 0 0 1 1 0 0 1 0 1 1 0 0 1 0
600	33	 1 1 1 1 0 1 0 1 0 0 0 1 1 0 1 1 0 1 0 0
600	26	 0 1 0 1 0 0 0 1 1 1 0 0 1 0 1 0 0 0 0 0
600	24	 1 1 1 1 0 1 0 0 1 1 0 1 1 0 1 1 0 0 0 0
600	35	 1 1 1 1 1 0 1 1 1 0 1 1 1 1 1 1 0 0 0 0
600	10	 1 0 1 1 0 0 0 0 1 1 1 0 1 1 0 1 1 0 0 1
600	6	 0 1 0 1 0 0 0 1 1 1 1 1 1 1 0 0 0 0 0 0
600	1	 1 1 1 1 0 1 1 1 1 1 1 0 1 1 0 1 0 0 0 0
600	7	 1 1 1 1 0 1 1 1 1 1 1 0 0 0 1 0 0 0 0 0
600	2	 1 1 1 1 0 0 0 1 1 0 0 1 1 0 0 0 0 0 0 0
600	4	 1 1 1 1 0 1 1 1 1 0 1 0 1 1 0 1 1 0 0 1
600	5	 1 1 1 1 0 1 0 1 0 0 0 1 1 1 0 0 1 0 0 0
600	14	 1 1 1 0 0 1 0 1 1 1 0 0 1 0 1 1 0 0 0 0
600	8	 1 1 1 0 0 1 0 1 1 1 1 1 0 1 0 0 0 0 0 0
600	13	 0 1 1 1 0 0 0 0 1 1 0 0 1 0 1 0 1 0 0 0
600	11	 1 1 1 1 0 1 0 1 0 0 0 1 1 1 0 0 0 0 0 0
600	5	 1 1 1 1 0 0 0 1 0 1 1 0 1 1 0 0 0 0 0 0
600	2	 1 1 1 1 0 1 1 1 0 0 0 1 1 1 0 1 1 0 0 0
600	26	 1 1 1 1 0 0 0 1 1 0 1 1 1 0 1 1 0 0 0 0
600	7	 1 0 1 0 1 1 0 1 1 1 1 0 1 1 0 1 1 0 0 0
600	3	 1 1 1 1 0 0 0 0 1 1 1 0 1 0 1 1 0 0 0 0
600	4	 1 1 1 1 0 0 0 0 1 1 0 0 1 1 1 0 0 0 0 0
600	6	 1 1 1 1 0 1 1 1 1 0 1 0 1 0 1 1 0 0 0 0
600	13	 1 1 1 1 0 1 0 1 0 0 0 1 1 1 0 1 0 0 0 0
600	10	 1 1 1 1 0 1 0 1 1 1 1 1 1 0 1 1 0 0 0 1
600	14	 1 1 1 1 0 1 0 1 0 0 0 1 1 0 1 0 0 0 0 0
600	6	 1 1 1 1 0 0 0 0 1 1 0 0 1 0 1 0 1 0 0 0
600	16	 1 1 1 1 0 1 0 1 0 0 0 1 1 0 0 1 0 1 0 0
600	13	 1 1 1 1 0 0 0 0 0 1 0 0 1 0 1 1 0 0 0 0
600	1	 1 0 1 1 0 0 0 0 1 1 1 0 1 0 0 1 0 0 0 0
600	4	 1 1 1 0 1 1 1 1 1 1 1 1 1 0 0 0 0 0 0 0
600	8	 1 1 1 0 0 1 0 1 0 0 0 1 1 0 1 1 0 0 0 0
600	2	 1 0 1 1 0 1 0 1 1 1 1 0 1 0 0 0 0 0 0 0
600	3	 1 1 1 1 0 1 0 1 0 1 0 0 0 1 0 0 0 0 0 0
600	26	 0 1 1 1 0 0 0 0 1 1 0 0 0 0 1 0 0 0 0 0
600	2	 1 1 0 1 0 1 0 1 1 1 1 0 1 0 0 0 0 1 0 0
600	4	 1 1 1 1 0 1 0 1 0 1 1 0 0 0 1 1 0 1 0 0
600	5	 0 1 1 1 0 1 0 1 1 1 1 1 1 1 0 0 0 0 0 1
600	5	 1 0 1 1 0 0 1 1 1 0 1 1 1 0 1 1 0 0 0 0
600	7	 1 1 0 1 1 1 0 1 1 1 1 1 1 0 0 0 0 0 0 0
600	11	 1 1 0 1 0 1 0 1 1 1 0 0 1 0 0 0 0 0 0 0
600	2	 1 1 1 0 1 0 0 1 1 1 1 1 1 0 0 0 0 0 0 0
600	5	 1 0 1 1 0 0 0 0 1 1 0 0 0 1 0 0 0 0 0 0
600	6	 1 1 1 0 1 1 0 1 1 1 1 1 0 0 0 0 0 0 0 0
600	6	 1 1 1 1 0 1 0 1 1 1 1 0 1 0 1 0 0 0 0 0
600	1	 1 1 1 1 0 1 0 1 0 0 0 1 1 1 0 0 0 1 0 0
600	3	 1 1 1 1 0 1 1 1 1 1 1 0 1 0 0 0 0 0 0 0
600	4	 1 1 1 1 0 1 0 1 1 1 1 0 1 0 1 1 0 0 0 1
600	3	 1 1 1 1 0 0 1 1 1 0 1 1 1 0 0 1 0 0 0 0
600	7	 1 1 1 1 0 1 0 1 0 0 0 1 1 0 0 1 0 0 0 0
600	3	 1 1 1 1 1 0 1 1 1 0 1 1 1 1 1 1 0 0 1 0
600	10	 1 0 1 1 0 0 0 0 1 1 1 0 1 1 0 1 1 0 0 0
600	10	 1 0 1 0 0 1 0 1 1 1 1 1 0 1 0 0 0 0 0 0
600	1	 1 1 0 1 0 0 0 0 1 1 0 0 1 0 1 0 1 0 0 0
600	2	 1 1 1 1 0 1 0 0 1 1 1 1 0 0 1 0 0 0 0 0
600	1	 1 1 1 1 1 0 1 1 1 0 1 1 1 0 0 1 0 0 0 0
600	4	 1 1 1 1 0 1 0 1 1 1 1 0 0 0 0 0 0 0 0 0
600	1	 1 1 1 1 0 0 1 1 1 1 1 1 1 0 1 1 0 0 0 0
600	6	 1 1 1 1 0 1 1 1 1 1 0 0 0 0 1 0 0 0 0 0
600	3	 1 1 0 1 1 1 0 1 0 1 1 1 1 0 0 0 0 0 0 0
600	5	 1 1 1 1 1 1 1 1 1 1 1 1 1 0 0 0 0 1 0 0
600	3	 0 1 0 1 0 0 0 1 1 1 0 0 1 0 1 1 0 0 1 0
600	2	 1 1 1 0 0 1 0 1 1 1 1 0 1 1 1 1 0 0 1 0
600	2	 1 1 1 0 0 1 0 1 0 1 1 0 1 0 0 0 0 1 0 0
600	8	 1 1 1 1 0 1 0 1 1 1 1 1 1 0 0 0 0 0 1 0
600	2	 1 1 1 0 1 1 1 1 1 1 1 1 1 0 0 1 0 0 0 0
600	8	 1 1 1 1 1 1 0 1 1 1 1 0 1 0 0 0 0 0 0 0
600	4	 1 1 0 1 0 1 0 1 1 1 1 0 0 0 1 1 0 0 0 0
600	9	 1 1 1 1 0 1 1 1 1 0 1 0 1 1 0 1 1 0 1 0
600	2	 1 1 1 0 0 1 0 1 1 0 0 1 1 0 1 1 0 0 0 0
600	2	 1 0 1 0 1 1 0 1 1 1 1 0 1 1 0 1 0 0 0 0
600	2	 1 1 1 0 0 1 0 1 1 1 0 0 1 0 1 1 0 0 0 1
600	1	 1 1 1 1 0 0 0 0 1 1 1 0 1 0 1 0 0 0 0 0
600	3	 1 1 0 1 0 0 0 0 1 1 0 0 1 0 1 0 0 0 0 0
600	2	 1 1 1 0 0 1 0 1 1 1 1 0 1 1 0 0 0 1 0 0
600	5	 1 1 1 1 0 1 1 1 1 1 1 0 1 1 0 1 0 0 0 1
600	1	 1 1 1 1 0 1 1 0 1 0 1 0 1 1 0 1 1 0 0 1
600	1	 1 0 1 1 0 0 0 0 1 1 0 0 1 1 1 0 0 0 0 0
600	3	 1 1 1 1 0 1 1 1 1 1 1 0 0 0 0 0 0 0 0 0
600	6	 1 1 1 1 0 0 0 1 1 1 0 0 1 0 1 0 0 0 0 0
600	1	 1 1 1 1 0 1 0 1 0 1 1 1 0 1 0 0 0 0 0 0
600	4	 0 1 1 1 0 0 0 1 1 0 1 1 1 0 1 1 0 0 0 0
600	1	 1 1 1 1 0 1 0 1 0 1 1 0 1 0 0 0 0 0 0 0
600	3	 1 1 1 1 0 1 0 1 0 1 1 1 1 0 1 1 0 0 0 0
600	8	 1 1 1 1 0 1 0 0 0 0 0 1 1 0 1 1 0 0 0 0
600	1	 1 1 1 1 0 1 1 1 0 1 0 0 0 0 1 0 0 0 0 0
600	2	 1 1 1 1 0 1 0 1 1 1 0 0 1 0 1 0 1 0 0 0
600	1	 1 1 0 1 0 1 0 1 1 1 1 1 1 0 1 0 0 0 0 0
600	3	 1 0 1 1 0 0 1 1 1 0 1 0 1 1 0 1 1 0 0 1
600	1	 1 1 1 1 0 0 1 1 1 0 1 1 1 0 1 1 0 1 0 0
600	2	 1 1 1 1 0 1 0 1 0 0 0 1 1 0 1 1 1 0 0 0
600	1	 1 1 1 1 0 1 0 1 1 1 1 1 1 0 1 0 0 0 1 0
600	1	 1 1 1 1 1 1 0 1 1 1 0 1 0 0 1 0 0 0 0 0
600	2	 0 1 1 1 0 1 1 1 1 0 1 0 1 1 0 1 1 0 0 0
600	2	 1 1 0 1 0 0 0 0 1 1 0 0 1 0 1 1 0 0 1 0
600	1	 1 1 1 1 1 0 1 1 1 0 1 1 0 1 1 1 0 0 0 0
600	4	 1 1 1 1 0 0 0 1 1 1 1 1 1 0 1 1 0 0 0 1
600	1	 1 0 1 1 0 0 0 0 1 0 0 0 1 1 1 0 0 0 0 0
600	1	 0 1 1 1 0 1 0 1 1 1 1 1 1 0 0 0 0 0 0 0
600	1	 1 1 1 1 0 1 1 1 0 1 1 0 1 0 0 0 0 1 0 0
600	1	 1 1 1 1 1 0 1 1 1 1 0 0 1 0 1 1 0 0 0 0
600	2	 1 1 1 1 0 1 0 1 1 1 0 0 1 0 1 0 0 0 0 0
600	2	 0 1 1 1 0 0 0 0 1 1 0 1 1 0 0 0 0 0 0 0
600	2	 1 1 1 1 0 1 1 1 1 0 1 0 1 1 0 1 1 1 0 0
600	1	 1 1 1 1 1 0 1 1 1 1 1 1 1 1 1 1 0 0 0 0
600	2	 1 1 1 1 0 0 0 1 1 0 0 1 1 0 0 0 0 0 1 0
600	2	 1 1 1 1 0 0 0 0 1 0 1 1 1 0 1 1 0 0 0 0
600	1	 1 1 1 1 0 0 0 0 0 1 0 0 1 0 1 0 0 0 0 0
600	1	 1 1 1 1 1 0 1 1 1 0 1 1 1 1 1 1 1 0 1 0
600	3	 1 1 1 1 0 0 0 1 1 1 1 0 1 0 1 0 0 0 0 0
700	9	 1 1 1 1 1 1 0 1 1 1 1 1 1 0 0 0 0 0 0 0
700	63	 1 1 1 1 0 0 0 1 1 0 0 1 1 0 0 0 0 0 0 0
700	19	 1 1 1 1 0 0 0 1 1 0 1 1 1 0 1 1 0 0 0 0
700	24	 1 1 1 1 0 1 0 0 1 1 0 0 1 0 1 1 0 0 0 0
700	4	 1 1 1 1 1 0 1 1 1 0 1 1 1 1 0 1 0 0 0 0
700	19	 1 1 1 1 0 0 0 1 1 0 0 0 1 0 0 0 0 0 0 0
700	78	 1 1 1 1 0 0 0 1 1 1 0 1 1 0 0 0 0 0 0 0
700	5	 1 1 1 1 0 0 0 0 1 0 0 1 1 0 0 0 0 0 0 0
700	12	 0 1 1 1 0 0 0 1 1 0 1 1 1 1 1 1 0 0 0 0
700	2	 1 1 1 1 1 1 0 1 1 1 1 1 1 0 1 1 0 0 0 0
700	22	 1 0 1 1 0 0 1 1 1 1 0 1 1 0 0 0 0 0 0 0
700	12	 1 1 1 1 0 0 0 1 1 1 1 0 1 0 0 0 0 0 0 0
700	15	 1 1 1 1 1 0 0 1 1 0 1 1 1 0 1 1 0 0 0 0
700	1	 1 0 1 1 1 0 1 1 1 0 1 1 1 1 0 1 0 0 0 0
700	5	 1 1 1 1 1 0 1 1 1 0 1 1 1 1 0 1 0 1 0 0
700	26	 1 1 1 1 1 0 1 1 1 1 1 1 1 1 1 1 1 0 0 0
700	18	 1 1 1 1 0 0 1 1 1 0 1 1 1 0 1 1 0 0 0 1
700	1	 1 1 1 1 0 1 0 0 1 1 0 1 1 0 0 0 0 0 0 0
700	29	 1 0 1 1 0 1 0 1 1 0 1 1 1 0 1 1 0 0 0 0
700	7	 1 1 1 1 0 0 1 1 1 0 0 1 1 0 0 0 0 0 0 0
700	5	 1 1 1 1 0 0 0 1 1 0 0 1 1 0 0 1 0 0 1 0
700	3	 1 1 1 1 0 0 0 0 1 0 0 1 1 0 1 1 0 0 0 0
700	5	 1 1 1 1 0 1 0 1 1 0 1 1 1 1 1 1 0 0 0 0
700	17	 1 1 1 1 0 1 0 1 1 1 0 0 1 0 1 1 0 0 0 0
700	20	 1 1 1 1 0 0 0 1 1 1 0 1 1 1 0 0 0 0 0 0
700	33	 1 1 1 1 0 0 0 1 1 0 0 1 1 0 0 0 1 0 0 0
700	7	 1 1 0 1 0 0 0 0 1 0 0 1 1 0 0 0 0 0 0 0
700	33	 1 1 1 1 0 0 0 1 1 0 0 1 1 0 1 1 0 1 1 0
700	14	 1 1 1 1 1 1 1 1 1 1 0 0 1 0 1 1 0 0 0 0
700	2	 1 1 1 1 0 0 0 0 1 0 0 1 1 1 1 1 0 0 1 0
700	23	 1 1 1 1 0 0 0 1 1 1 1 0 0 0 0 0 0 0 0 0
700	15	 1 1 1 1 0 0 0 0 1 1 0 0 1 0 1 1 0 0 0 0
700	8	 1 1 1 1 0 1 0 1 0 0 1 1 1 0 0 0 0 0 0 0
700	8	 1 1 1 1 1 1 1 1 1 1 1 1 1 0 1 1 0 0 0 0
700	10	 1 1 1 1 0 0 0 1 1 0 1 1 1 1 0 1 0 0 0 0
700	17	 1 1 1 1 0 0 0 1 1 0 0 0 1 1 0 0 0 0 1 0
700	6	 1 0 1 1 0 0 1 1 1 0 1 1 1 0 1 1 0 0 0 0
700	4	 1 1 1 1 0 1 0 1 1 1 0 0 1 0 0 0 0 0 0 0
700	11	 1 1 1 1 0 0 0 1 1 0 1 1 1 0 0 0 0 0 0 0
700	4	 1 0 1 1 0 1 1 1 1 1 0 1 1 0 0 0 0 0 0 0
700	1	 1 0 1 1 0 0 1 1 0 0 1 1 1 1 1 1 0 0 1 1
700	9	 1 0 1 1 0 0 1 1 0 0 0 1 1 1 1 1 0 0 0 1
700	4	 1 0 1 1 0 1 1 1 0 0 1 1 1 1 1 1 0 0 0 1
700	7	 1 0 1 1 0 0 0 1 1 0 0 1 1 0 0 0 0 0 0 0
700	4	 1 1 1 1 0 0 0 1 1 1 0 1 0 0 0 0 0 0 0 0
700	16	 1 1 1 1 0 1 0 1 1 1 1 1 1 1 0 1 0 1 0 0
700	2	 1 1 1 1 0 0 0 1 1 0 0 1 1 0 0 0 0 1 0 0
700	11	 1 0 1 1 0 0 1 1 1 1 0 1 1 1 0 0 0 0 0 0
700	5	 1 1 1 1 0 1 0 0 1 1 0 0 1 0 0 0 0 0 0 0
700	10	 0 1 1 1 0 1 0 1 1 0 1 1 1 1 1 1 0 0 0 0
700	3	 1 1 1 1 0 0 0 1 1 0 0 1 0 0 0 0 0 0 0 0
700	9	 1 0 1 1 0 0 1 1 1 1 0 1 1 0 1 1 0 0 0 0
700	13	 1 1 1 1 1 0 1 1 1 1 1 1 1 1 0 0 0 0 0 0
700	3	 1 1 1 1 0 1 0 0 1 1 0 1 1 0 1 1 0 0 0 0
700	7	 1 0 1 1 0 0 1 1 1 1 0 1 1 1 1 0 0 0 0 0
700	17	 1 1 1 1 0 0 0 0 1 1 0 0 1 0 1 1 0 1 0 0
700	2	 1 1 1 1 1 1 1 1 1 1 1 1 1 0 1 1 0 1 0 0
700	7	 1 1 1 1 0 0 1 1 1 1 1 1 1 1 1 1 1 0 0 0
700	1	 1 0 1 1 0 0 1 1 1 1 0 1 1 0 1 1 0 0 0 1
700	1	 1 0 1 1 0 1 0 0 1 1 0 0 1 0 1 1 0 0 0 0
700	4	 1 0 1 1 1 0 1 1 1 0 1 1 1 1 0 1 0 0 1 0
700	10	 1 1 1 0 0 0 0 1 1 0 0 1 1 0 1 1 0 1 1 0
700	3	 1 1 1 1 0 0 0 1 1 0 0 0 1 1 0 0 0 0 0 0
700	2	 1 0 1 1 0 0 0 0 1 1 0 0 1 0 1 1 0 0 0 0
700	2	 1 1 1 1 0 1 0 0 1 1 0 0 1 0 1 1 0 1 0 0
700	4	 1 0 1 0 0 0 0 0 1 0 0 1 1 1 1 0 0 1 0 0
700	3	 1 1 1 1 0 0 0 0 1 1 0 0 1 0 1 1 1 0 0 0
700	2	 0 1 1 1 0 0 0 1 1 1 1 0 0 0 0 0 0 0 0 0
700	5	 1 1 1 1 0 0 0 1 0 0 1 1 1 0 0 1 0 0 0 0
700	3	 1 1 1 1 0 0 0 1 1 1 0 0 1 0 1 1 0 0 0 0
700	4	 1 1 1 1 0 0 1 1 0 0 1 1 1 1 1 1 0 0 1 1
700	4	 1 1 1 1 1 1 1 1 1 0 1 1 1 0 1 1 0 1 0 0
700	13	 1 1 1 1 0 0 1 1 1 0 1 1 1 0 1 1 0 0 0 0
700	5	 1 1 1 1 1 0 0 1 1 0 0 0 1 1 0 0 0 0 1 0
700	3	 1 1 1 1 0 1 0 1 1 1 0 1 1 0 0 0 0 0 0 0
700	7	 1 1 1 1 1 0 1 1 0 1 1 1 1 1 1 1 1 0 0 0
700	5	 1 0 1 1 0 0 1 1 0 0 1 1 1 1 1 1 0 0 1 0
700	1	 1 1 1 1 0 0 0 1 1 0 0 1 1 1 1 1 0 0 0 1
700	10	 1 0 1 1 0 1 0 1 1 0 1 1 1 0 0 0 0 0 0 0
700	1	 1 1 1 1 0 0 0 1 1 0 0 1 1 1 0 1 0 1 0 0
700	3	 1 0 1 1 0 0 0 1 1 0 0 1 0 0 0 0 0 0 0 0
700	1	 1 0 1 1 0 0 1 1 1 1 0 1 1 1 0 1 0 0 0 0
700	3	 1 1 1 1 0 1 0 0 1 1 1 0 0 0 0 0 0 0 0 0
700	8	 1 1 1 0 0 1 0 1 1 1 0 0 1 0 1 1 0 0 0 0
700	7	 0 1 1 1 0 0 0 1 1 1 0 1 1 0 0 0 0 0 0 0
700	7	 1 1 1 1 1 0 1 1 1 0 1 0 1 1 0 1 0 1 0 0
700	2	 0 1 1 1 0 0 0 1 1 1 1 1 0 0 0 0 0 0 0 0
700	1	 1 1 1 1 0 0 0 1 1 1 0 0 1 1 1 1 0 0 0 0
700	3	 1 1 1 1 0 1 1 1 0 0 1 1 1 1 1 1 0 0 0 1
700	4	 1 1 1 1 0 1 0 1 1 0 0 0 1 0 0 0 0 0 0 0
700	11	 1 1 1 1 0 0 1 1 1 0 0 0 1 0 0 0 0 0 0 0
700	1	 1 1 1 1 1 0 0 1 1 0 1 1 1 0 1 1 0 0 0 1
700	4	 1 1 0 0 0 0 0 0 1 0 0 1 1 0 0 0 0 0 0 0
700	1	 1 1 1 1 0 0 0 1 1 0 0 1 1 0 1 1 1 1 1 0
700	2	 1 0 1 1 0 1 1 1 0 0 1 1 1 1 1 1 0 0 0 0
700	4	 1 1 1 1 0 0 0 1 1 0 0 1 1 0 1 1 0 0 0 0
700	1	 1 1 1 1 0 1 1 1 1 1 0 0 1 0 1 1 0 0 0 0
700	4	 1 1 1 1 0 0 0 1 1 1 1 1 1 0 1 1 0 0 0 0
700	5	 1 1 1 1 1 0 0 1 1 0 1 1 1 1 1 1 0 0 0 0
700	10	 1 1 1 1 0 0 0 1 1 1 1 0 0 1 1 1 1 0 0 0
700	1	 1 1 1 1 0 1 0 1 1 1 0 0 1 0 0 0 0 0 0 1
700	2	 1 1 0 1 0 0 0 1 1 0 0 0 1 0 0 0 0 0 0 0
700	1	 1 0 1 1 0 1 1 1 0 1 0 1 1 0 0 0 0 0 0 0
700	3	 1 0 1 1 0 0 1 1 1 1 0 1 1 0 1 0 0 0 0 0
700	5	 1 0 1 0 0 0 0 0 1 0 0 1 0 1 1 0 0 1 0 0
700	2	 1 1 1 1 0 1 0 1 1 1 1 0 1 0 1 0 0 0 0 0
700	1	 1 0 1 1 1 0 0 1 0 0 1 1 1 1 0 1 0 0 0 0
700	1	 1 1 1 1 0 0 0 1 1 0 0 0 1 0 0 1 0 0 0 0
700	6	 1 1 1 1 1 0 0 0 1 0 0 1 1 0 1 1 0 0 0 0
700	4	 1 0 1 1 0 0 1 1 0 0 1 1 1 1 1 1 0 0 0 1
700	2	 1 1 1 1 1 0 1 1 1 1 1 0 1 0 1 1 0 0 0 0
700	1	 1 1 1 1 1 0 1 1 1 0 1 1 1 0 1 1 0 0 0 0
700	1	 1 0 1 1 1 0 1 1 1 0 1 1 1 1 0 0 0 0 0 0
700	1	 0 1 1 1 0 0 0 1 1 1 1 0 1 0 0 0 0 0 0 0
700	1	 1 1 1 1 1 0 1 1 1 1 1 1 1 1 1 1 0 0 0 0
700	8	 0 1 1 1 0 0 1 1 1 0 0 1 1 0 0 0 0 0 0 0
700	1	 0 1 1 1 0 0 0 0 1 0 0 1 1 0 1 1 0 0 0 0
700	5	 1 1 1 1 1 1 0 1 1 1 1 1 1 1 0 1 0 1 0 0
700	2	 1 0 1 1 1 0 1 1 1 1 0 1 1 0 1 1 0 0 0 0
700	1	 1 1 1 1 1 0 1 1 1 1 1 1 1 0 1 1 0 1 0 0
700	4	 1 1 1 1 0 1 0 1 1 1 1 1 1 0 1 1 0 0 0 0
700	4	 1 1 1 1 1 0 1 1 1 1 0 1 1 1 1 0 0 0 0 0
700	1	 0 1 1 1 0 1 0 1 1 0 1 1 1 0 1 1 0 1 1 0
700	1	 1 0 1 1 0 0 0 1 1 0 1 1 1 0 0 0 0 0 0 0
700	1	 1 1 1 1 0 1 0 0 1 1 0 0 1 0 1 1 0 0 1 0
700	1	 1 1 1 1 0 0 0 1 1 1 0 1 1 0 0 1 0 0 0 0
700	2	 1 1 1 1 0 0 0 1 1 1 0 1 1 1 1 0 0 0 0 0
700	2	 1 1 1 1 0 0 0 0 1 0 0 1 1 0 1 1 0 1 1 0
700	1	 1 1 1 1 0 0 0 1 1 1 1 0 0 0 0 0 1 0 0 0
700	1	 1 0 1 1 0 1 1 1 0 0 1 0 1 1 1 1 0 0 0 1
700	2	 1 0 1 1 0 0 0 0 1 1 0 0 1 0 0 1 0 0 0 0
700	1	 1 1 1 1 0 0 0 1 1 1 0 1 1 0 1 1 0 0 0 0
700	1	 1 1 1 1 0 0 0 1 1 0 0 1 1 0 1 0 0 0 0 0
700	1	 1 0 1 1 0 0 0 0 1 1 0 0 1 0 1 1 1 0 0 0
700	1	 1 1 1 1 1 1 1 1 1 0 1 1 1 0 1 1 0 0 0 0
700	2	 1 1 0 1 0 0 0 1 1 1 0 1 1 1 0 0 0 0 0 0
700	2	 1 1 1 1 0 0 0 1 1 0 0 1 1 0 1 1 0 0 1 0
700	1	 1 1 1 1 0 0 0 1 1 0 0 1 1 0 1 0 0 1 1 0
700	1	 0 1 1 1 1 1 1 1 1 1 1 1 1 0 1 1 0 0 0 0
800	130	 1 1 1 1 0 0 1 1 1 0 0 0 1 0 0 0 0 0 0 0
800	6	 1 1 1 1 0 0 0 1 0 0 1 1 1 0 0 0 0 0 0 0
800	16	 1 1 1 1 0 0 0 1 0 1 0 1 1 0 0 0 0 0 0 0
800	12	 1 1 1 1 0 0 0 1 1 0 0 0 1 0 0 0 0 0 1 0
800	19	 1 1 1 1 1 0 1 1 1 0 1 1 1 0 1 1 0 0 0 1
800	7	 1 1 1 1 0 1 1 1 1 0 0 0 1 0 0 0 0 0 0 0
800	27	 1 1 1 1 0 0 1 1 1 0 0 0 1 0 0 1 0 0 0 0
800	26	 1 1 0 1 0 0 1 1 1 0 0 0 1 0 0 0 0 0 0 0
800	6	 1 1 1 1 1 0 1 1 1 0 0 1 1 0 0 0 0 0 0 0
800	18	 1 1 1 1 1 0 1 1 1 0 0 0 1 0 0 0 0 0 0 0
800	45	 1 1 1 1 0 0 1 1 0 0 0 1 1 1 1 1 0 0 0 0
800	9	 1 1 1 1 0 0 0 1 1 0 0 0 1 0 0 1 0 0 0 0
800	14	 1 1 1 0 0 0 1 1 0 0 0 1 1 1 1 1 0 0 0 0
800	20	 1 1 1 1 1 0 0 1 0 0 1 1 1 0 0 1 0 1 0 0
800	8	 1 1 1 1 1 0 1 1 1 1 0 1 1 0 1 1 0 0 0 0
800	9	 1 1 1 1 1 0 1 1 1 1 0 1 1 0 1 0 0 0 0 0
800	64	 1 1 1 1 0 0 0 1 1 0 0 0 1 0 0 0 0 0 0 0
800	19	 1 1 1 1 0 0 1 1 1 0 1 1 1 0 0 0 0 1 0 0
800	18	 0 1 1 1 1 1 0 1 1 0 0 0 1 0 0 0 0 0 0 0
800	1	 1 1 1 1 1 0 1 1 1 0 1 0 1 0 0 0 0 0 0 0
800	4	 1 1 1 1 1 0 1 1 1 1 0 1 1 0 0 0 0 0 0 0
800	16	 1 1 1 1 1 0 0 1 1 0 0 1 1 0 0 0 0 0 0 0
800	5	 1 1 1 1 0 0 0 0 1 0 1 1 0 0 1 1 0 0 0 0
800	4	 1 1 1 0 0 0 0 1 0 1 0 1 1 0 0 0 0 0 0 0
800	17	 1 1 1 1 0 0 1 1 1 0 0 0 1 0 0 1 0 1 0 0
800	25	 1 0 1 1 0 0 0 1 1 0 0 0 1 0 0 1 0 0 0 0
800	16	 1 1 1 1 0 0 0 0 0 0 1 1 1 0 0 0 0 0 0 0
800	5	 1 1 1 1 0 0 0 1 1 1 1 0 1 0 1 0 0 1 0 0
800	2	 1 1 1 0 1 0 1 1 1 0 1 1 1 0 1 0 0 0 0 1
800	29	 1 1 1 1 0 0 1 1 1 0 0 0 1 0 0 0 0 0 0 1
800	1	 1 1 1 1 1 0 1 1 1 0 1 1 1 0 1 1 0 1 0 1
800	5	 1 1 1 1 0 0 0 1 0 0 1 1 1 1 0 1 0 1 0 0
800	2	 1 1 1 1 0 0 1 0 0 0 1 1 1 0 0 1 0 1 0 0
800	9	 1 1 1 1 0 0 0 0 1 0 0 0 1 0 0 0 0 0 1 0
800	14	 1 1 1 1 1 0 1 1 0 0 1 1 1 0 1 1 0 0 0 0
800	20	 1 1 1 1 0 1 1 0 1 1 0 1 1 0 1 1 0 0 0 0
800	5	 0 1 1 1 1 1 0 1 1 0 0 1 1 0 1 1 1 0 0 0
800	2	 0 1 1 1 1 0 0 1 1 0 0 0 1 0 1 1 0 1 0 0
800	7	 1 1 1 1 1 0 1 1 1 0 0 1 0 0 0 0 0 0 0 0
800	3	 1 1 1 1 1 0 1 1 1 1 0 0 1 0 1 1 1 0 0 0
800	2	 1 1 1 0 0 0 0 1 1 0 1 1 1 0 1 1 0 0 0 0
800	4	 1 1 1 1 0 1 1 0 1 1 0 1 1 0 1 1 0 0 0 1
800	19	 1 1 1 1 0 0 1 1 1 0 1 0 1 0 0 0 0 0 0 0
800	4	 1 1 1 1 0 0 0 1 1 0 0 1 1 0 0 0 0 0 0 0
800	1	 1 1 1 0 0 0 0 0 0 0 0 1 1 1 1 1 0 0 0 0
800	32	 1 0 1 1 0 0 1 1 1 0 0 0 1 0 0 0 0 0 0 0
800	16	 1 1 1 1 0 0 0 1 1 0 0 0 1 0 1 0 0 0 0 0
800	32	 1 1 1 1 0 0 0 1 0 0 1 1 1 0 0 1 0 1 0 0
800	6	 0 1 1 1 1 0 1 1 1 1 0 1 1 0 1 0 0 0 0 0
800	2	 1 1 1 1 0 0 0 0 1 0 0 0 1 0 1 1 0 0 0 0
800	4	 1 1 1 1 0 0 0 0 1 1 1 0 1 0 1 0 0 1 0 0
800	1	 1 1 1 0 1 0 1 1 1 1 0 1 1 0 1 0 0 0 0 0
800	13	 1 1 1 1 0 0 0 0 1 0 0 0 1 0 0 0 0 0 0 0
800	3	 1 1 1 1 0 0 1 1 1 0 0 0 1 0 0 0 1 0 0 0
800	15	 1 1 1 0 0 0 0 1 1 0 0 0 1 0 0 0 0 0 0 0
800	4	 1 1 1 1 0 0 1 1 1 0 0 1 1 0 0 0 0 0 0 0
800	6	 1 1 1 1 0 0 0 1 1 1 1 0 1 0 1 0 0 0 0 0
800	1	 1 1 1 1 0 1 1 0 1 1 0 1 1 0 0 1 0 1 0 0
800	4	 1 1 1 1 1 0 1 1 1 1 0 1 1 0 1 1 1 0 1 0
800	4	 1 1 1 1 0 0 0 0 0 0 0 1 1 1 1 1 0 0 0 0
800	3	 1 1 1 1 1 0 0 1 1 1 0 0 1 0 0 0 0 0 0 0
800	2	 1 1 0 1 0 0 1 1 1 1 0 0 1 0 0 0 0 0 0 0
800	7	 1 1 1 1 1 0 1 1 1 1 0 0 1 0 1 0 0 0 0 0
800	3	 1 1 1 1 0 1 0 1 0 0 1 1 1 0 0 1 1 0 0 0
800	1	 1 1 1 0 1 0 1 1 1 0 0 0 1 0 0 0 0 0 0 0
800	4	 1 1 1 1 0 0 0 1 0 0 0 1 1 1 0 1 0 1 0 0
800	1	 1 1 1 1 0 0 0 0 0 0 0 1 1 0 0 0 0 0 0 0
800	3	 1 1 1 1 1 0 1 1 1 0 1 1 1 0 1 0 0 0 0 1
800	6	 1 1 1 1 0 0 0 1 1 0 0 0 1 0 1 0 0 0 1 0
800	7	 1 1 1 1 0 1 1 0 1 1 0 0 1 0 1 1 0 0 0 1
800	9	 1 1 1 1 0 0 1 1 1 0 1 0 1 0 0 0 0 0 0 1
800	2	 1 0 1 1 0 0 1 1 1 0 0 0 1 1 0 0 0 0 0 0
800	2	 1 1 1 1 1 0 1 1 1 0 1 1 1 0 1 0 0 0 0 0
800	7	 1 1 1 1 0 0 1 1 0 0 0 0 1 0 0 0 0 0 0 0
800	2	 1 1 1 1 0 1 1 1 1 0 0 0 1 0 1 1 0 0 0 0
800	17	 1 1 1 1 0 0 1 1 0 0 0 1 1 0 0 0 0 0 1 0
800	5	 0 1 1 1 1 1 0 1 1 0 1 0 1 0 0 0 0 0 0 0
800	1	 1 1 1 1 0 1 0 1 0 0 1 1 1 0 0 1 0 1 0 0
800	2	 1 1 1 1 1 0 1 1 1 0 0 0 1 0 0 1 0 0 0 1
800	2	 1 1 1 0 0 0 1 1 0 0 0 1 1 1 1 1 0 0 1 0
800	4	 1 0 1 0 0 0 0 1 1 0 0 0 1 0 0 1 0 0 0 0
800	2	 1 1 1 0 1 0 1 1 1 0 1 1 1 0 1 0 0 1 0 1
800	2	 1 1 1 1 1 1 0 1 1 0 0 1 1 0 1 1 1 0 0 0
800	4	 1 1 1 1 1 0 1 1 1 0 1 1 1 0 0 0 0 0 0 0
800	1	 1 1 1 1 0 0 1 1 1 0 0 0 1 0 0 1 0 0 1 0
800	8	 1 1 1 1 0 0 1 1 0 0 0 1 1 1 1 1 0 1 0 0
800	1	 1 1 0 1 1 0 0 1 1 0 0 1 1 0 0 0 0 0 0 0
800	4	 1 1 0 1 1 0 0 1 1 0 0 0 1 0 0 0 0 0 0 0
800	2	 1 1 1 1 0 0 1 1 1 0 1 1 1 0 0 0 0 0 0 0
800	2	 1 0 1 1 0 0 0 1 1 0 0 0 1 0 1 1 0 0 0 0
800	1	 1 1 1 1 0 0 0 1 1 1 1 0 1 1 1 0 0 1 0 0
800	2	 1 1 1 1 0 1 1 1 1 0 0 0 1 0 0 0 1 0 0 1
800	2	 1 1 1 1 0 0 1 1 1 0 1 0 1 0 0 0 0 1 0 1
800	5	 1 0 1 1 0 0 0 1 1 0 0 0 1 0 1 0 0 0 0 0
800	3	 1 0 1 1 0 0 1 1 1 0 0 1 0 0 0 0 0 0 0 0
800	2	 0 1 1 1 1 0 1 1 1 0 1 1 1 0 1 1 0 0 0 1
800	2	 1 1 1 1 0 1 1 1 0 0 0 1 1 1 1 1 0 0 0 0
800	2	 1 1 1 1 1 0 0 1 0 0 1 1 1 0 0 1 1 1 0 0
800	2	 1 0 1 1 1 0 0 1 0 0 1 1 1 0 0 1 0 1 0 0
800	4	 1 1 1 1 1 1 1 1 1 1 0 1 1 0 1 0 0 0 0 0
800	4	 1 1 1 1 0 0 0 0 1 0 0 1 0 0 1 1 0 0 0 0
800	2	 1 1 1 1 0 1 1 0 1 1 0 1 1 0 1 1 0 0 1 1
800	2	 1 1 1 1 0 1 1 0 1 1 0 0 1 0 1 0 0 0 0 1
800	4	 1 1 1 1 0 0 1 1 0 0 0 1 1 0 0 0 0 0 0 0
800	1	 1 1 1 0 0 0 1 1 1 0 0 0 1 0 0 0 0 0 0 0
800	2	 1 1 0 1 0 0 0 1 1 0 0 0 1 0 0 0 0 0 0 0
800	2	 1 1 1 1 1 0 1 1 1 0 1 1 1 0 0 0 0 1 0 0
800	2	 1 0 1 1 0 0 0 1 0 0 0 0 1 0 0 1 0 0 0 0
800	1	 0 1 1 1 1 0 1 1 1 1 0 0 1 0 1 1 1 0 0 0
800	1	 1 1 1 1 0 0 0 0 1 1 1 0 1 0 1 0 0 0 0 0
900	8	 1 1 1 1 0 0 1 1 1 0 0 0 1 0 0 0 0 0 0 0
900	8	 1 1 1 1 0 0 0 1 1 0 0 0 1 0 0 0 0 0 1 0
900	4	 1 1 1 1 1 0 1 1 1 0 0 1 1 0 0 0 0 0 0 0
900	12	 1 1 1 1 0 0 1 1 0 0 0 1 1 1 1 1 0 0 0 0
900	93	 1 1 1 1 0 0 0 1 1 0 0 0 1 0 0 1 0 0 0 0
900	18	 1 1 1 1 0 0 1 1 1 0 0 0 1 0 0 1 0 1 0 0
900	37	 1 1 1 1 0 0 0 1 0 0 0 0 1 0 0 0 0 0 0 0
900	24	 1 1 1 1 1 0 1 1 0 0 0 1 1 0 1 0 0 0 1 0
900	1	 1 1 0 1 0 1 1 1 0 0 0 0 1 0 0 0 0 0 0 0
900	78	 1 1 1 1 1 0 0 1 0 0 0 0 1 0 0 0 0 0 0 0
900	5	 1 1 1 1 0 0 0 1 0 0 0 0 1 0 0 0 0 0 0 1
900	9	 1 1 1 0 1 1 0 1 1 0 0 1 1 1 1 1 1 0 0 0
900	48	 1 1 1 1 1 0 1 1 0 0 0 1 1 0 1 0 0 0 0 0
900	33	 1 1 1 1 0 0 1 1 1 0 0 1 1 1 1 1 0 0 0 0
900	53	 1 1 1 1 1 0 0 1 1 0 0 1 1 1 0 1 0 0 0 0
900	11	 1 1 1 1 0 0 0 1 0 0 0 0 0 0 0 0 0 0 0 0
900	21	 1 1 1 1 0 0 0 1 1 0 0 1 1 1 1 1 0 0 1 0
900	8	 1 1 1 1 0 0 0 1 0 0 0 0 1 0 0 0 0 0 1 0
900	16	 1 1 1 1 1 0 0 1 0 1 0 0 1 0 0 0 0 0 0 0
900	25	 1 1 1 1 0 0 1 0 1 0 0 0 1 0 0 0 0 0 1 0
900	15	 1 1 1 1 0 0 1 1 1 0 0 0 1 0 0 1 0 0 0 0
900	33	 1 1 1 1 0 1 1 1 1 0 0 0 1 0 0 0 0 0 0 0
900	6	 0 1 1 1 1 1 0 1 1 0 1 0 1 1 1 1 1 0 0 0
900	11	 1 1 1 1 0 0 0 1 1 0 0 0 1 0 0 1 1 0 0 0
900	4	 1 1 1 1 0 0 0 0 0 0 0 0 1 0 0 0 0 0 0 0
900	10	 1 1 1 1 1 1 1 1 1 0 0 0 1 0 0 0 0 0 0 0
900	4	 1 1 1 1 0 0 1 1 0 0 0 1 1 0 1 0 0 0 0 0
900	2	 1 1 1 1 1 1 1 1 1 0 0 0 1 0 0 1 0 0 0 1
900	5	 1 0 1 1 0 0 1 1 1 0 0 0 0 0 0 0 0 1 0 0
900	3	 1 1 1 1 0 0 0 0 0 0 1 1 1 0 0 1 0 0 0 0
900	20	 1 1 1 1 0 0 1 0 1 1 0 1 1 0 0 1 0 0 0 1
900	20	 1 1 1 1 1 1 0 0 1 1 0 1 1 0 1 1 0 0 1 0
900	4	 1 1 1 1 0 0 0 1 0 0 0 0 1 1 0 0 0 0 0 0
900	19	 1 1 1 1 1 0 1 1 1 0 0 1 1 1 1 1 0 0 0 0
900	6	 1 1 1 1 0 0 1 1 1 0 0 0 1 0 1 1 0 1 0 0
900	10	 1 1 1 1 1 0 1 1 1 0 0 0 0 0 0 0 0 0 0 0
900	25	 1 1 1 1 0 0 0 1 1 0 0 0 1 0 0 0 0 0 0 0
900	2	 1 1 1 1 0 0 0 0 1 0 0 0 1 0 0 1 0 0 0 0
900	7	 1 1 1 1 0 0 0 1 1 0 0 1 1 1 1 1 0 0 0 0
900	2	 1 1 1 1 0 0 0 1 1 0 0 0 1 1 1 0 1 0 0 0
900	7	 1 1 1 1 0 0 0 1 0 0 0 1 1 0 0 0 0 0 0 0
900	11	 1 1 1 1 1 1 1 1 1 0 0 0 1 1 1 1 1 0 0 0
900	17	 1 1 1 1 1 1 1 1 1 0 0 1 1 1 1 1 0 0 1 0
900	6	 1 1 1 1 0 0 1 1 0 0 0 1 1 1 0 1 1 0 0 0
900	3	 1 1 1 1 0 0 0 0 0 0 0 0 1 0 0 0 0 0 1 0
900	3	 1 1 1 1 0 0 1 1 0 0 0 1 1 0 1 0 0 0 1 0
900	2	 1 1 1 1 1 0 1 0 1 1 0 1 1 0 0 1 0 0 0 1
900	3	 1 1 1 1 0 0 1 1 1 0 0 0 1 0 0 1 0 0 1 0
900	8	 1 1 1 1 0 0 0 1 1 0 0 0 1 0 0 1 0 0 0 1
900	1	 1 1 1 0 0 0 0 1 0 0 0 1 1 1 1 1 0 0 1 0
900	1	 1 1 1 1 1 0 0 1 1 0 0 1 1 1 1 1 1 0 0 0
900	20	 1 1 1 1 0 0 0 1 0 0 0 1 1 0 1 0 0 0 0 0
900	5	 1 1 1 1 1 0 0 1 0 0 0 0 0 0 0 0 0 0 0 0
900	4	 1 1 0 1 0 1 1 1 0 0 1 0 1 0 0 0 0 0 0 0
900	5	 1 1 0 1 1 0 1 1 0 0 0 1 1 0 1 0 0 0 0 0
900	3	 1 1 1 1 1 0 1 0 0 0 0 1 1 0 1 0 0 0 0 0
900	3	 0 1 1 1 1 0 1 1 1 0 0 1 1 1 1 1 1 0 0 0
900	2	 1 1 1 1 0 0 1 1 0 1 0 0 1 0 0 0 0 0 0 0
900	6	 1 1 1 1 1 0 0 1 1 0 0 0 1 0 0 1 0 0 0 0
900	4	 1 0 1 1 0 0 0 1 0 0 0 0 1 0 0 0 0 0 0 0
900	8	 1 1 1 1 1 0 1 1 0 0 0 0 1 0 0 0 0 0 1 0
900	3	 1 1 1 1 0 0 0 1 1 0 0 1 1 1 0 1 0 0 0 0
900	8	 1 1 1 0 1 1 1 1 1 0 0 1 1 1 1 1 1 0 0 0
900	5	 1 1 1 1 0 0 0 1 0 0 0 0 1 1 0 1 0 0 0 0
900	4	 0 1 1 1 0 0 1 1 1 0 0 0 1 0 0 1 0 1 0 0
900	3	 1 1 0 1 0 0 0 1 0 0 0 0 1 0 0 0 0 0 0 0
900	1	 1 1 1 1 1 0 1 1 1 0 0 0 1 1 1 1 1 0 0 0
900	1	 1 1 1 1 0 1 0 1 1 0 0 0 1 0 0 1 1 0 0 0
900	4	 1 1 1 1 1 1 0 1 1 0 0 0 1 0 0 0 0 0 0 0
900	1	 1 1 1 1 1 1 1 1 0 0 0 1 1 0 1 0 0 0 1 0
900	5	 1 1 1 1 1 0 0 1 0 0 0 0 1 0 0 1 0 0 0 0
900	4	 0 1 1 1 0 0 0 1 1 0 0 1 1 1 1 1 0 0 1 0
900	7	 1 0 1 1 0 0 1 1 1 0 0 0 0 0 0 1 0 1 0 0
900	2	 1 1 1 1 1 1 1 1 1 0 0 1 1 1 0 1 0 0 1 0
900	1	 1 1 1 1 1 0 0 1 0 0 1 0 1 0 0 0 0 0 0 0
900	2	 1 1 1 1 0 0 0 1 0 0 0 1 1 0 1 0 0 0 1 0
900	4	 1 1 1 1 1 1 0 1 1 0 1 0 1 1 1 1 1 0 0 0
900	6	 1 1 1 1 1 0 1 1 1 0 0 0 1 0 0 0 0 0 0 0
900	3	 1 1 1 1 0 0 1 1 0 1 0 0 1 0 0 0 1 0 0 0
900	6	 1 1 1 1 1 0 0 1 1 0 0 1 1 1 0 0 0 0 0 0
900	2	 1 1 1 1 0 0 0 0 0 0 1 1 1 0 0 1 0 0 1 0
900	2	 1 1 1 1 0 0 0 1 0 0 0 1 1 0 1 1 0 0 1 0
900	4	 1 1 1 1 1 0 1 1 0 0 0 1 1 1 1 0 0 0 0 0
900	1	 1 1 1 1 1 0 0 1 1 0 0 1 0 1 0 1 0 0 0 0
900	5	 1 1 1 1 1 0 0 1 1 0 0 1 1 1 0 1 0 1 0 0
900	2	 1 1 1 1 0 0 0 1 0 0 1 1 1 0 1 0 0 0 0 0
900	7	 1 1 1 1 1 0 0 1 0 0 0 1 1 0 1 0 1 0 0 0
900	1	 1 1 1 1 1 0 0 1 0 0 0 1 1 1 1 1 0 0 0 0
900	2	 1 1 1 1 1 0 1 1 0 0 0 1 1 0 0 0 0 0 0 0
900	6	 1 1 1 1 0 1 1 1 1 0 0 0 1 0 0 1 0 0 0 0
900	2	 1 1 1 1 0 0 1 0 1 1 0 1 1 0 0 1 0 0 0 0
900	1	 1 1 1 1 0 0 0 1 1 0 0 0 1 1 0 1 0 0 0 0
900	1	 1 1 1 1 0 0 0 1 0 0 0 1 1 0 1 0 0 0 0 1
900	1	 1 1 0 1 0 0 0 1 1 0 0 0 1 0 0 0 0 0 0 0
900	3	 1 1 1 1 0 0 0 1 0 1 0 0 1 0 0 0 0 0 0 0
900	2	 1 0 1 1 1 0 0 1 1 0 0 1 1 1 0 1 0 0 0 0
900	3	 1 1 1 0 0 0 1 1 1 0 0 0 1 0 1 1 0 1 0 0
900	2	 1 1 1 1 1 0 1 0 0 0 0 0 1 0 1 0 0 0 0 0
900	3	 1 1 1 1 1 0 0 1 1 1 0 0 1 0 0 1 0 0 0 0
900	2	 1 1 1 1 0 0 0 1 0 0 1 0 1 1 0 1 0 0 0 0
900	2	 1 1 1 1 0 0 1 0 1 1 0 1 1 0 1 1 0 0 0 0
900	1	 1 1 1 1 0 0 0 1 0 0 0 0 1 1 1 0 1 0 0 0
900	1	 1 1 1 1 1 0 0 1 0 0 0 0 1 0 0 0 0 0 0 1
900	2	 1 1 1 0 1 1 0 1 1 0 0 1 1 0 0 1 0 0 0 1
900	1	 1 1 1 1 1 0 0 1 1 0 0 1 1 0 1 0 0 0 0 0
900	3	 1 1 1 1 1 0 1 1 0 0 0 0 1 0 0 0 0 0 0 0
900	1	 1 1 1 1 0 0 1 1 1 0 0 0 1 0 0 0 0 1 0 0
900	1	 1 1 1 1 0 0 0 1 1 0 0 0 1 0 0 1 0 1 0 0
900	3	 1 1 1 1 0 0 0 1 1 0 0 0 0 0 0 1 0 0 0 0
900	3	 1 1 1 1 0 1 0 1 0 0 0 0 1 0 0 0 0 0 0 0
900	1	 1 1 0 1 1 0 0 1 0 0 0 0 1 0 0 0 0 0 0 0
900	1	 1 1 1 1 1 0 0 1 0 0 0 0 1 0 0 0 0 0 1 0
900	2	 1 1 1 1 0 0 1 1 1 0 0 1 1 0 1 1 0 0 0 0
900	5	 1 1 1 1 1 0 0 1 1 0 1 1 1 1 0 1 0 0 0 0
900	1	 1 1 1 1 0 0 0 1 0 1 0 0 1 0 0 0 0 0 1 0
900	3	 1 1 1 1 0 0 0 1 0 0 0 0 1 1 0 0 0 0 1 0
900	1	 1 1 1 1 0 0 0 1 0 0 0 0 1 0 0 0 0 1 1 0
900	1	 1 1 1 1 0 0 0 1 0 0 1 0 1 1 0 0 0 0 0 0
900	1	 1 1 0 1 1 0 1 1 0 0 1 1 1 0 1 0 0 0 0 0
900	1	 1 1 1 1 1 1 0 1 1 0 1 0 1 1 1 1 1 0 1 0
900	1	 1 0 1 1 0 0 1 1 0 0 0 0 1 0 0 0 0 1 0 0
1000	35	 1 1 1 1 0 0 0 1 1 0 0 0 1 0 0 1 0 0 0 0
1000	9	 1 1 1 1 0 0 0 1 0 0 0 0 1 0 0 0 0 0 0 0
1000	12	 1 1 1 1 1 0 1 1 0 0 0 1 1 0 1 0 0 0 0 0
1000	16	 1 1 1 1 0 0 1 1 1 0 0 1 1 1 1 1 0 0 0 0
1000	132	 1 1 1 1 0 0 0 1 0 0 0 0 0 0 0 0 0 0 0 0
1000	14	 1 1 1 1 0 0 0 1 0 0 0 0 1 1 0 0 0 0 0 0
1000	23	 1 1 1 1 0 0 0 1 0 0 0 1 1 0 1 0 0 0 0 0
1000	41	 1 1 1 1 1 0 0 1 0 0 0 0 1 0 0 1 0 0 0 0
1000	3	 1 0 1 1 0 0 1 1 0 0 0 0 1 1 0 1 1 0 0 0
1000	1	 1 1 1 1 0 0 0 1 0 0 0 1 1 1 0 0 0 0 0 0
1000	33	 1 1 1 1 0 0 1 1 0 0 0 1 1 0 1 0 0 0 0 0
1000	59	 1 1 1 1 0 0 1 1 1 0 0 0 0 0 1 0 0 0 0 0
1000	4	 1 1 1 1 1 0 1 1 0 0 0 1 0 0 1 0 0 0 0 0
1000	8	 1 1 1 1 0 1 1 0 1 1 0 1 1 1 0 0 0 0 0 0
1000	8	 1 1 1 1 1 0 0 1 0 0 0 1 1 0 1 0 0 0 0 0
1000	6	 1 1 1 1 1 1 1 1 0 0 0 1 1 0 1 0 0 0 0 0
1000	3	 1 1 1 1 1 1 1 1 0 0 0 1 0 0 1 0 0 0 0 0
1000	14	 1 1 1 0 0 0 0 1 0 0 0 1 1 0 1 0 0 0 0 0
1000	2	 1 1 1 1 0 0 0 1 1 0 0 0 0 0 1 0 0 0 0 0
1000	3	 1 1 0 1 0 0 1 1 1 0 0 0 1 0 0 0 0 0 0 0
1000	9	 1 1 1 1 0 0 1 1 1 0 0 0 1 0 0 1 0 0 1 0
1000	9	 1 1 1 1 0 0 0 1 0 1 0 0 0 0 0 0 0 0 0 0
1000	6	 1 1 1 1 1 0 0 1 1 0 0 1 1 1 1 1 0 0 0 0
1000	7	 1 1 1 1 0 0 0 1 0 0 0 1 1 0 0 1 0 0 0 0
1000	3	 1 0 1 1 0 0 0 1 0 0 0 0 0 0 0 0 0 0 0 0
1000	25	 1 0 1 1 0 0 1 1 1 0 0 0 0 0 1 0 0 0 0 0
1000	13	 1 1 1 0 0 0 0 1 1 0 0 1 1 1 1 1 0 0 0 0
1000	13	 1 1 1 1 0 0 0 1 0 0 0 0 0 0 0 0 0 1 0 0
1000	4	 1 1 1 1 0 0 1 1 0 0 0 1 1 0 0 0 0 0 0 0
1000	33	 1 1 1 1 1 0 0 1 0 0 0 0 1 0 1 1 0 0 0 0
1000	37	 1 1 1 1 1 0 1 1 0 0 0 0 0 0 0 0 0 0 0 0
1000	17	 1 1 1 1 1 0 0 1 0 0 0 1 1 0 1 0 0 0 1 0
1000	3	 1 1 1 1 0 1 0 1 1 0 0 0 1 1 0 1 0 0 1 0
1000	2	 1 1 1 1 0 0 1 0 1 0 0 1 1 1 1 1 0 0 0 0
1000	3	 1 1 1 1 1 0 0 0 0 0 0 1 1 0 1 0 0 0 0 0
1000	10	 1 1 1 1 1 0 0 1 1 0 0 1 1 1 0 0 0 0 0 0
1000	4	 1 1 1 1 1 0 1 1 0 0 0 1 1 0 1 1 0 0 0 0
1000	20	 1 1 1 1 0 0 1 1 1 0 0 0 1 0 0 0 0 0 0 0
1000	13	 1 1 1 1 0 0 1 1 1 0 0 0 0 0 0 0 0 0 0 0
1000	6	 1 1 1 1 0 0 0 1 1 0 1 1 1 1 1 0 0 0 0 0
1000	5	 1 1 1 1 0 0 0 1 0 0 0 1 1 0 1 1 0 0 0 0
1000	2	 0 1 1 1 0 0 1 1 1 0 0 0 0 0 0 0 0 0 0 0
1000	12	 1 1 1 1 1 0 0 1 0 0 0 0 0 0 0 0 0 0 0 0
1000	3	 1 1 1 1 0 0 1 1 0 0 0 1 1 0 1 0 1 0 0 0
1000	9	 1 1 1 1 0 0 1 1 0 0 0 1 0 0 1 0 0 0 0 0
1000	7	 1 1 1 1 0 0 0 1 0 0 0 1 1 1 1 0 0 0 0 0
1000	6	 1 1 1 1 1 0 0 1 0 0 0 1 1 0 1 1 0 0 0 0
1000	19	 1 1 1 1 0 0 0 1 0 0 0 1 1 0 0 1 0 0 1 0
1000	14	 1 1 0 1 0 0 1 1 1 0 0 1 1 0 1 0 0 0 0 0
1000	2	 1 1 1 1 0 0 0 1 0 0 0 0 1 1 0 0 1 0 0 0
1000	6	 1 1 1 1 0 0 1 1 1 0 0 0 0 0 1 0 1 0 1 0
1000	22	 1 1 0 1 1 0 1 1 0 0 0 1 0 0 1 0 0 0 0 0
1000	5	 1 1 1 1 0 0 0 1 1 0 0 0 1 0 1 1 0 0 0 0
1000	24	 1 1 1 0 0 0 0 1 1 0 0 1 1 1 0 1 0 0 0 0
1000	1	 1 1 1 1 0 1 0 1 0 0 0 0 0 0 0 0 0 0 0 0
1000	2	 1 1 1 1 1 0 0 1 1 0 0 1 1 1 1 1 0 1 0 0
1000	5	 1 1 1 1 1 0 1 1 0 0 0 1 0 0 0 0 0 0 0 0
1000	6	 1 1 0 1 0 1 1 1 0 0 0 1 1 0 1 0 0 0 0 0
1000	3	 1 1 1 1 1 0 0 1 1 0 0 0 1 0 0 1 0 0 0 0
1000	4	 1 1 0 1 0 0 1 1 1 0 0 0 1 0 0 0 0 0 0 1
1000	7	 1 1 1 1 1 0 0 1 1 0 1 1 1 1 0 0 0 0 0 0
1000	14	 1 1 1 1 1 0 1 1 0 0 0 0 0 1 1 0 0 0 0 0
1000	9	 1 1 1 1 1 0 0 1 0 0 0 1 1 0 1 1 0 0 0 1
1000	6	 1 1 1 1 0 0 0 1 0 0 0 0 1 1 1 0 1 0 0 0
1000	2	 1 1 0 1 1 1 1 1 0 0 0 1 1 0 1 0 0 0 0 0
1000	7	 1 1 1 1 1 0 0 1 0 0 0 1 1 1 0 1 0 0 0 0
1000	4	 1 1 0 1 0 0 0 1 0 0 0 0 0 0 0 0 0 0 0 0
1000	6	 1 1 1 1 1 0 0 1 1 0 0 1 1 0 1 0 0 0 0 0
1000	1	 1 1 1 1 0 0 0 1 0 0 0 0 1 1 0 1 0 0 0 0
1000	3	 1 1 1 1 0 0 1 1 0 0 0 0 0 0 1 0 0 0 0 0
1000	3	 1 1 1 1 1 0 0 1 0 0 0 1 1 1 1 1 0 0 0 0
1000	3	 1 1 1 0 0 0 0 1 1 0 0 0 1 1 0 1 0 0 0 0
1000	2	 1 1 1 1 0 0 0 1 0 1 0 0 1 1 1 0 0 0 0 0
1000	4	 1 0 0 1 0 0 1 1 1 0 0 1 1 0 0 0 0 0 0 0
1000	1	 1 1 1 1 0 0 0 1 1 0 0 0 1 0 1 0 0 0 0 0
1000	11	 1 1 1 1 1 0 0 1 0 0 0 0 1 0 0 0 0 0 0 0
1000	5	 1 1 1 1 0 0 1 1 0 0 0 0 0 0 0 0 0 0 0 0
1000	5	 1 1 1 1 0 0 0 1 0 0 0 1 1 0 1 0 1 0 0 0
1000	8	 1 1 1 1 0 0 1 1 0 0 0 1 1 1 1 0 0 0 0 0
1000	4	 1 1 1 1 0 0 0 1 1 0 0 1 1 1 1 1 0 0 0 0
1000	4	 1 1 1 1 0 1 1 1 0 0 0 1 0 0 1 0 0 0 0 0
1000	3	 1 1 1 1 0 0 0 1 1 0 0 1 1 1 0 1 0 0 0 0
1000	4	 1 0 1 1 0 0 1 1 0 0 0 1 1 1 1 1 0 0 0 0
1000	4	 1 1 0 1 1 0 1 1 1 0 0 0 0 0 1 0 0 0 0 0
1000	3	 1 0 1 0 0 0 1 1 1 0 0 0 0 0 1 0 0 0 0 0
1000	1	 1 1 1 1 0 0 1 1 0 0 0 1 1 0 0 0 0 0 1 0
1000	3	 1 1 1 1 1 0 1 1 0 0 0 1 1 0 1 1 0 0 0 1
1000	5	 1 1 1 1 1 0 0 0 0 0 0 0 0 0 0 0 0 0 0 0
1000	1	 1 1 1 1 0 0 1 1 0 0 1 1 0 0 1 0 0 0 0 0
1000	2	 1 1 1 1 1 0 0 1 1 0 0 0 1 0 0 1 0 0 1 0
1000	1	 1 1 1 1 1 0 0 1 0 0 0 1 0 0 1 0 0 0 0 0
1000	4	 1 0 1 1 0 0 1 1 0 0 0 1 1 0 1 0 0 0 0 0
1000	2	 1 1 1 1 0 0 0 1 0 0 0 0 0 1 0 0 0 0 0 0
1000	2	 1 1 1 0 0 0 0 1 0 1 0 1 1 0 1 0 0 0 0 0
1000	1	 1 1 1 0 0 0 0 1 0 0 0 1 1 0 0 0 0 0 0 0
1000	3	 1 0 0 1 0 0 1 1 1 0 0 0 1 0 0 0 0 0 0 0
1000	3	 1 1 1 1 0 0 1 1 0 0 0 1 1 0 0 1 0 0 1 0
1000	7	 1 1 1 1 0 0 0 1 1 0 0 0 0 0 1 1 0 0 0 0
1000	3	 1 1 1 0 0 0 0 1 1 0 0 1 1 1 0 1 0 0 1 0
1000	1	 1 1 1 1 1 0 1 1 0 0 0 1 1 0 1 0 0 1 0 0
1000	1	 1 1 1 1 0 0 0 1 0 0 0 0 0 1 1 0 0 0 0 0
1000	2	 1 1 1 0 0 0 0 1 0 0 0 0 0 0 0 0 0 0 0 0
1000	1	 1 0 1 1 1 0 1 1 0 0 0 1 0 0 1 0 0 0 0 0
1000	1	 1 1 1 1 1 0 1 1 0 0 0 0 0 1 0 0 0 0 0 0
1000	1	 1 1 0 1 1 0 1 1 0 0 0 1 1 0 1 0 0 0 0 0
1000	3	 1 0 1 1 1 0 1 1 0 0 0 1 1 0 1 0 0 0 0 0
1000	3	 1 1 1 1 1 0 1 1 1 0 0 1 1 1 1 1 0 0 0 0
1000	4	 1 1 1 1 0 1 1 1 1 0 0 0 1 0 0 1 0 0 1 0
1000	1	 1 1 1 1 0 1 0 1 0 1 0 0 0 0 0 0 0 0 0 0
1000	1	 1 1 0 1 0 1 1 1 0 0 1 1 1 0 1 0 0 0 0 0
