0	250	 0 0 0 0 0 0 1 1 0 0 0 0 0 1 0 0 1 0 1 0
0	250	 0 0 0 1 0 0 0 0 0 0 0 0 0 0 0 0 1 0 0 0
0	250	 0 0 0 1 1 0 0 1 0 0 0 0 0 0 0 1 0 0 1 0
0	250	 0 1 0 0 0 0 1 0 0 0 0 0 0 0 0 0 0 0 0 1
100	13	 0 0 0 1 0 0 0 0 0 0 0 0 0 0 0 0 1 0 0 0
100	2	 0 0 0 1 1 0 0 0 0 0 0 0 0 0 0 0 1 0 0 0
100	24	 0 1 0 1 0 0 0 0 0 0 0 0 0 0 0 0 1 0 0 0
100	66	 0 0 0 1 0 0 0 0 0 1 0 0 0 0 0 0 1 0 0 0
100	2	 0 0 1 1 0 0 0 1 0 0 0 0 0 0 0 0 1 0 0 0
100	48	 0 1 0 1 0 0 0 0 0 1 0 0 0 0 0 0 1 0 0 0
100	25	 0 0 0 0 1 0 0 1 0 1 0 0 0 0 0 1 0 0 0 0
100	44	 0 1 0 1 1 1 0 1 1 0 1 0 0 0 0 1 0 0 1 0
100	10	 0 0 0 0 0 0 0 0 0 1 0 0 0 0 0 1 0 0 0 0
100	60	 0 1 0 1 1 1 0 1 1 0 1 0 0 0 0 1 0 0 0 0
100	11	 0 0 0 0 0 0 1 1 0 1 0 0 0 0 0 1 0 0 0 0
100	58	 0 0 0 1 0 0 0 0 0 1 0 0 0 0 0 0 0 0 0 0
100	10	 1 1 0 1 1 1 0 1 0 0 1 0 0 0 0 1 0 0 1 0
100	4	 0 0 1 1 1 0 0 0 0 0 0 0 0 0 0 0 1 0 0 0
100	18	 0 0 0 1 0 0 0 0 0 0 1 0 0 1 0 0 1 0 0 0
100	14	 0 0 1 1 0 0 0 1 0 1 1 0 0 0 0 0 1 0 0 0
100	1	 0 0 0 1 1 0 0 0 0 1 0 0 0 0 0 0 0 0 0 0
100	22	 1 1 0 0 1 0 0 1 0 0 0 0 0 0 0 1 1 0 0 0
100	71	 1 0 1 1 0 0 0 1 0 1 0 0 0 0 0 0 1 0 0 0
100	23	 1 0 0 1 0 0 0 0 0 1 0 0 0 0 0 0 1 0 0 0
100	1	 1 1 0 1 1 1 0 1 0 0 1 0 0 0 0 1 0 0 1 1
100	3	 0 0 1 1 1 0 0 0 0 0 0 0 0 0 0 0 1 0 0 1
100	9	 0 1 0 1 1 1 0 1 1 0 1 0 0 0 0 0 1 0 0 0
100	3	 1 1 1 0 0 0 1 1 0 1 0 0 0 0 0 0 1 0 0 0
100	4	 0 1 1 1 0 0 0 0 0 1 0 0 0 0 0 0 1 0 0 0
100	5	 0 0 0 0 0 0 1 1 0 0 1 0 0 0 0 1 0 0 0 0
100	33	 0 1 0 1 0 0 0 0 0 1 0 0 0 0 0 1 0 0 0 0
100	26	 0 1 0 0 0 1 0 0 0 1 0 0 0 0 0 0 1 0 0 0
100	6	 0 0 0 0 0 1 0 0 0 1 0 0 0 0 0 1 0 0 0 0
100	12	 0 0 1 1 0 0 0 1 0 0 0 0 0 0 0 1 1 0 0 0
100	4	 0 1 0 1 0 0 0 0 0 0 0 0 0 0 0 0 1 0 1 0
100	2	 0 1 0 1 0 0 0 0 0 1 0 0 0 0 0 0 0 0 0 0
100	15	 0 0 0 1 1 0 0 1 0 0 1 0 0 0 1 0 1 0 0 0
100	6	 0 0 0 0 0 0 0 0 0 1 0 0 0 0 0 0 0 0 0 0
100	9	 1 1 0 1 0 0 0 0 0 1 0 0 0 0 0 0 1 0 0 0
100	5	 0 1 0 1 0 0 0 0 0 1 0 0 0 0 0 0 1 0 0 1
100	4	 0 0 0 1 0 0 0 0 0 0 0 0 0 0 0 0 1 0 1 0
100	5	 0 0 0 1 0 1 0 0 0 1 0 0 0 0 0 0 0 0 0 0
100	1	 0 1 0 1 0 0 0 0 0 1 0 0 0 1 0 0 1 0 0 0
100	7	 0 0 0 1 0 0 0 0 1 0 1 0 0 1 0 0 1 0 0 0
100	1	 0 0 0 1 1 0 1 1 0 1 0 0 0 1 0 0 1 0 1 0
100	1	 1 1 0 1 1 1 0 1 0 0 1 0 0 0 1 1 0 0 1 1
100	5	 0 1 0 1 0 0 0 0 0 1 0 0 0 1 0 0 0 0 0 0
100	16	 0 1 0 0 0 0 0 1 0 1 1 0 0 0 0 1 0 0 0 0
100	1	 0 1 0 1 1 1 0 1 1 0 1 0 0 0 0 0 0 0 0 0
100	2	 0 0 0 0 0 1 0 0 0 0 0 0 0 1 0 0 1 0 1 0
100	1	 1 1 0 1 0 0 0 0 0 1 0 0 0 1 0 0 1 0 0 0
100	1	 0 1 0 1 0 0 0 0 0 0 0 0 0 0 1 0 1 0 0 0
100	7	 0 1 0 1 1 1 0 1 1 0 1 1 0 0 0 1 0 0 1 0
100	5	 0 1 0 1 0 0 0 0 0 1 1 0 0 1 0 0 1 0 0 0
100	1	 0 1 0 1 0 0 0 1 0 1 0 0 0 0 0 0 1 0 0 0
100	1	 0 0 0 0 0 0 1 1 0 1 1 0 0 0 0 1 0 0 0 0
100	17	 0 1 0 1 0 0 0 0 0 1 0 1 0 1 0 0 1 0 0 0
100	15	 0 1 0 1 1 0 0 0 0 0 0 0 0 0 0 0 1 0 0 0
100	12	 1 0 0 0 0 0 1 1 0 1 0 0 0 0 0 1 0 0 0 0
100	1	 1 1 0 1 1 1 0 1 1 0 1 0 0 0 0 0 1 0 0 0
100	4	 0 0 0 1 0 0 0 0 0 0 0 0 0 0 0 1 1 0 0 0
100	1	 0 1 0 1 0 0 0 0 0 1 0 0 0 0 0 1 0 0 1 0
100	5	 0 1 0 1 0 0 0 0 0 1 0 0 1 0 0 0 1 0 0 0
100	7	 0 0 1 1 0 0 0 0 0 0 1 0 0 1 0 0 1 0 0 0
100	6	 1 0 0 1 1 1 0 1 0 0 1 0 0 0 1 1 0 0 1 1
100	5	 1 0 1 1 0 0 0 1 0 1 0 0 0 0 0 1 0 0 0 0
100	4	 0 1 0 0 1 1 0 1 1 0 1 0 0 0 0 1 0 0 1 0
100	5	 0 0 1 0 0 0 1 1 0 1 0 0 0 0 0 0 1 0 0 0
100	10	 1 0 1 1 0 0 0 1 0 1 1 0 0 0 0 0 1 0 0 0
100	2	 0 1 0 1 0 0 0 0 0 1 1 0 0 0 0 1 0 0 0 0
100	2	 0 1 0 0 0 0 0 0 0 0 1 0 0 1 1 1 1 0 0 0
100	6	 1 0 0 0 0 0 1 1 0 1 1 0 0 0 0 1 0 0 0 0
100	6	 1 1 0 1 1 1 0 0 0 1 0 0 0 0 0 0 1 0 0 0
100	15	 0 1 0 1 1 1 0 1 1 0 1 0 0 0 0 1 0 0 0 1
100	1	 0 0 0 1 0 0 0 0 0 0 1 0 0 0 0 0 1 0 0 0
100	16	 1 0 1 1 0 0 0 1 0 1 0 0 0 0 0 0 1 0 1 0
100	1	 1 0 1 1 0 0 0 1 0 1 1 0 0 0 0 1 0 0 0 0
100	3	 0 1 0 1 1 0 0 1 1 0 1 0 0 0 0 1 0 0 0 0
100	13	 1 0 1 1 0 0 0 1 0 1 0 0 0 1 0 0 1 0 0 0
100	3	 0 1 0 1 0 0 0 0 0 1 0 0 0 1 0 1 0 0 0 0
100	10	 0 0 0 1 0 0 0 0 0 1 0 0 0 0 0 0 1 1 0 0
100	6	 1 0 1 1 0 0 0 1 0 1 0 0 0 0 0 0 0 0 1 0
100	2	 1 1 0 1 1 1 0 1 0 0 1 0 0 0 1 1 0 0 1 0
100	1	 0 0 0 0 0 0 0 0 0 0 0 0 0 0 0 0 0 0 0 0
100	7	 0 0 0 0 0 0 0 0 0 0 0 0 0 0 0 1 1 0 0 0
100	3	 0 0 0 1 1 0 0 0 0 0 0 0 0 0 0 1 1 0 0 0
100	1	 0 1 1 1 1 1 0 1 1 0 1 0 0 0 0 0 0 0 1 0
100	5	 0 1 0 1 0 0 0 0 1 0 0 0 0 0 0 0 1 0 0 0
100	1	 0 0 0 0 0 1 0 0 0 0 0 0 0 1 0 0 1 0 0 0
100	1	 0 1 0 1 1 1 1 0 0 1 1 1 0 1 0 0 1 0 1 0
100	4	 0 0 0 1 0 0 0 1 0 1 0 0 0 0 0 0 1 0 0 0
100	1	 0 0 0 1 0 0 0 1 0 0 0 0 0 0 0 1 1 0 0 0
100	6	 0 0 0 1 0 0 0 0 0 1 0 0 0 0 0 1 0 0 0 0
100	3	 1 1 0 1 1 1 0 0 0 0 1 0 0 0 0 1 0 0 1 0
100	2	 0 0 1 1 0 0 0 1 0 0 1 0 0 0 0 0 1 0 0 0
100	4	 0 0 1 1 1 0 0 0 0 0 0 0 0 0 1 0 1 0 0 1
100	3	 0 1 1 1 0 0 0 0 1 1 0 0 0 0 0 0 1 0 0 0
100	4	 0 0 0 1 0 0 0 0 0 0 1 0 1 0 0 0 1 0 0 0
100	4	 0 1 0 1 0 0 0 0 1 1 0 0 1 0 0 0 1 0 0 0
100	1	 0 0 1 1 0 0 0 1 0 0 0 0 0 0 0 0 0 0 0 0
100	1	 0 0 0 1 0 1 0 0 0 0 0 0 0 0 0 0 1 0 0 0
100	3	 0 1 0 1 0 0 1 0 0 1 0 0 0 0 0 0 1 0 0 0
100	2	 0 0 0 0 0 0 1 0 0 1 0 0 0 0 0 1 0 0 0 0
100	1	 0 0 0 1 0 0 0 0 0 1 1 0 0 0 0 0 0 0 0 0
100	2	 0 1 0 0 0 1 0 0 0 1 0 0 0 0 0 0 0 0 0 0
100	1	 0 0 0 1 1 1 0 1 0 0 1 0 0 0 1 0 1 0 0 0
100	2	 0 0 0 0 0 0 1 1 1 1 1 0 0 0 0 1 0 0 0 0
100	1	 0 1 0 1 0 0 0 0 0 1 0 1 0 1 0 0 1 1 0 0
100	2	 0 0 0 1 0 0 0 0 0 1 1 0 0 0 0 0 1 1 0 0
100	1	 0 0 0 0 0 0 1 1 0 1 0 0 0 1 0 0 1 0 0 0
100	1	 0 0 0 1 1 1 0 1 1 0 1 0 0 0 0 1 0 0 1 0
100	1	 0 0 0 1 0 0 0 0 0 1 0 0 0 0 0 0 1 0 1 0
100	1	 0 0 0 1 0 0 0 0 0 1 0 0 0 1 0 0 1 0 0 0
100	3	 1 0 0 1 0 0 0 0 0 1 0 0 0 0 0 1 0 0 0 0
100	1	 1 0 0 0 0 0 1 1 0 1 0 0 0 0 0 0 1 0 0 0
100	1	 1 0 0 0 0 0 1 1 0 1 0 1 0 1 0 0 1 1 0 0
100	1	 0 1 0 1 0 0 0 0 0 1 0 0 1 0 0 1 0 0 0 0
100	1	 1 1 0 1 1 1 0 0 0 0 0 0 0 0 0 0 1 0 0 0
100	1	 0 0 0 0 0 0 0 0 0 1 0 0 0 1 0 1 0 0 0 0
100	2	 0 0 1 1 1 0 0 0 0 1 0 0 0 0 0 0 1 0 0 0
100	2	 1 1 0 1 1 0 0 1 0 0 0 0 0 0 0 1 1 0 0 0
100	1	 1 0 1 1 0 1 0 1 0 1 0 0 0 0 0 0 1 0 0 0
100	2	 0 0 0 1 1 0 0 1 0 0 1 0 1 0 1 0 1 0 0 0
100	1	 0 0 1 1 0 0 1 0 0 0 1 0 0 1 0 0 1 0 0 0
100	1	 0 0 1 1 0 0 0 1 0 1 0 0 0 0 0 1 0 0 0 0
100	1	 1 0 0 0 0 0 1 1 0 1 1 0 0 0 0 1 0 1 0 0
100	4	 0 1 0 1 1 0 0 1 1 0 1 0 1 0 0 1 0 0 0 0
100	2	 0 0 0 1 0 0 0 0 0 1 0 0 0 0 0 1 0 0 1 0
200	3	 0 1 0 1 0 0 0 0 0 1 0 0 0 0 0 1 0 0 0 0
200	17	 1 0 1 1 0 0 0 1 0 1 0 0 0 0 0 1 0 0 0 0
200	41	 1 1 0 1 1 1 0 1 1 1 1 0 0 0 0 0 1 0 0 0
200	148	 1 0 1 1 0 0 0 1 0 1 0 0 0 1 0 0 0 0 0 0
200	5	 1 0 1 1 0 0 0 1 0 1 0 0 0 0 1 0 1 0 0 0
200	7	 1 1 0 1 1 1 0 1 0 1 1 0 0 0 0 0 1 0 0 0
200	32	 1 0 1 1 0 0 0 1 0 1 0 0 0 0 0 0 0 0 0 0
200	50	 1 1 0 1 1 1 0 1 1 1 1 0 0 0 0 0 0 0 0 0
200	11	 1 0 0 1 1 1 0 1 1 1 1 0 0 0 0 0 1 0 0 0
200	6	 0 0 1 1 0 1 0 1 0 1 1 0 0 0 0 1 0 0 0 0
200	29	 1 1 0 1 1 1 0 1 1 1 0 0 0 0 0 0 1 0 0 0
200	11	 0 1 1 0 0 0 0 0 0 1 0 0 0 0 0 0 0 0 0 0
200	6	 1 1 0 1 1 1 0 0 0 0 1 0 1 0 1 0 1 0 1 0
200	5	 0 0 0 1 0 0 1 0 0 1 0 0 0 1 0 0 0 0 0 0
200	6	 1 0 1 1 0 0 0 1 0 1 0 1 0 1 0 0 1 0 0 0
200	28	 1 1 1 1 1 1 0 0 0 1 1 0 0 0 0 0 0 0 0 0
200	8	 1 0 1 1 0 0 0 1 0 1 0 0 0 1 0 1 0 0 0 0
200	48	 1 1 0 1 1 1 0 1 0 1 0 0 0 1 0 0 0 0 0 0
200	40	 1 1 0 1 1 1 0 1 0 1 1 0 0 0 0 0 0 0 0 0
200	6	 1 0 1 1 0 0 0 0 0 1 1 0 0 0 0 0 0 0 0 0
200	7	 1 0 1 1 0 0 0 1 0 1 0 1 0 1 0 0 0 0 0 0
200	13	 1 0 1 1 0 0 0 1 0 1 1 0 0 0 0 0 0 0 0 0
200	6	 1 0 0 1 0 0 0 0 0 1 1 0 0 0 0 0 0 0 0 0
200	7	 1 0 1 1 0 0 0 0 0 1 0 0 0 0 0 0 0 0 0 0
200	15	 1 1 0 1 1 1 0 1 0 1 1 0 0 0 0 0 0 0 1 0
200	1	 0 1 0 1 1 0 0 1 0 1 1 0 0 0 1 0 1 0 0 0
200	11	 0 1 1 0 0 0 0 0 0 1 1 0 0 0 0 0 1 1 0 0
200	17	 1 0 1 1 0 0 1 1 0 1 0 0 0 0 0 0 0 0 0 0
200	29	 1 1 0 1 1 1 0 1 0 1 1 0 0 0 0 1 0 0 0 0
200	3	 1 1 0 1 1 1 0 1 0 1 0 1 0 0 0 1 0 0 0 0
200	7	 1 0 1 1 0 0 0 1 0 1 0 0 0 1 0 0 1 0 0 0
200	2	 1 0 1 1 0 0 0 1 0 1 1 0 0 0 0 0 1 0 0 0
200	2	 1 1 0 1 0 0 0 0 1 1 0 0 0 0 1 1 0 0 0 1
200	30	 1 0 1 1 0 0 1 1 0 1 0 0 1 1 0 0 0 0 0 0
200	18	 1 0 1 1 1 1 0 1 1 1 1 0 0 0 0 0 1 0 0 0
200	7	 1 0 0 1 0 0 0 1 0 1 1 0 0 0 0 0 1 0 0 0
200	6	 0 1 0 1 1 0 0 1 0 0 0 0 0 1 0 0 0 0 0 0
200	2	 1 0 1 1 0 0 0 0 0 1 0 0 0 0 0 1 0 0 0 0
200	5	 0 1 0 1 1 0 0 0 0 1 1 0 0 0 0 0 0 0 0 0
200	7	 0 1 1 0 0 0 0 0 0 1 0 0 0 0 0 0 1 0 0 0
200	13	 1 1 0 1 1 1 0 0 0 1 1 1 0 0 0 0 0 0 0 0
200	3	 0 1 1 1 0 0 0 1 0 1 1 0 0 0 0 0 1 0 0 0
200	7	 1 1 0 1 1 1 0 1 1 1 1 0 0 0 0 0 0 1 0 0
200	32	 0 1 0 1 1 0 0 0 1 1 0 0 0 0 0 0 1 0 0 0
200	2	 1 1 0 1 1 1 0 1 0 1 0 0 0 1 0 0 0 0 1 0
200	18	 1 1 0 1 1 1 0 1 1 1 0 0 0 0 1 0 0 0 0 0
200	1	 1 0 1 1 1 1 0 0 0 1 1 0 0 0 0 0 0 0 0 0
200	13	 1 0 1 1 0 0 0 1 0 1 1 0 0 0 0 1 0 0 0 0
200	9	 1 1 1 1 1 1 0 1 0 1 0 0 0 1 0 0 0 0 0 0
200	4	 1 0 1 1 0 0 1 1 0 1 1 0 0 0 1 0 0 0 0 0
200	5	 1 1 0 1 1 1 0 1 1 1 1 0 0 0 0 1 0 0 0 0
200	2	 1 0 0 1 0 0 0 0 0 1 1 0 0 0 0 0 0 0 1 0
200	7	 1 1 1 1 0 0 0 0 1 1 0 0 0 0 1 1 0 0 0 1
200	4	 1 0 1 1 0 0 0 0 0 1 0 0 0 0 1 0 0 0 0 0
200	1	 1 0 1 1 1 1 0 1 1 1 0 0 0 1 0 0 0 0 0 0
200	8	 1 1 1 1 1 1 0 0 0 1 1 0 0 0 0 0 0 0 1 0
200	12	 1 1 1 1 1 1 0 1 1 1 1 1 0 0 0 0 0 0 0 0
200	3	 1 0 0 1 0 0 0 0 0 1 1 0 0 0 0 0 0 0 0 1
200	1	 1 0 1 1 1 1 0 1 1 1 1 0 0 0 0 0 0 0 0 0
200	8	 1 0 1 1 0 0 0 1 1 1 1 0 0 0 0 0 1 0 0 0
200	4	 1 1 0 1 1 1 0 1 1 1 0 0 0 1 0 0 0 0 0 0
200	6	 1 1 0 1 1 1 0 0 0 0 1 0 1 0 1 0 0 0 0 0
200	4	 0 0 1 1 0 1 0 1 0 1 0 1 0 0 0 1 0 0 0 0
200	6	 0 1 0 1 1 0 0 1 0 0 0 0 0 1 0 0 0 0 0 1
200	1	 1 1 0 1 1 1 1 1 0 1 0 1 0 0 0 1 0 0 0 0
200	3	 1 1 1 1 0 0 0 1 0 0 0 0 0 0 1 0 1 0 0 0
200	1	 1 0 0 1 1 1 0 1 0 1 1 0 0 0 0 0 0 0 0 0
200	4	 1 0 1 1 1 0 0 0 1 1 0 0 0 0 0 0 1 0 0 0
200	1	 0 1 0 1 1 1 0 1 1 1 1 0 0 1 0 0 0 0 0 0
200	1	 1 1 0 1 1 1 0 0 0 1 1 0 0 0 0 0 0 0 0 0
200	5	 1 0 1 1 0 0 0 1 0 1 0 0 1 1 0 0 0 0 0 0
200	5	 1 1 0 1 1 1 0 1 1 1 0 0 1 0 0 0 1 0 0 0
200	2	 0 0 1 1 0 0 0 1 0 1 0 0 0 0 0 0 0 0 0 0
200	1	 1 0 0 1 0 0 0 0 0 1 1 0 0 0 1 0 0 0 1 0
200	2	 1 1 0 1 1 1 0 1 0 1 1 0 0 0 0 0 0 0 0 1
200	6	 1 1 0 1 1 1 0 1 0 1 1 0 0 1 0 0 0 0 0 0
200	5	 0 1 0 1 1 0 0 1 0 0 0 0 0 1 1 0 0 0 0 0
200	3	 1 0 1 1 1 1 0 1 1 1 0 0 0 1 0 0 0 1 0 0
200	3	 1 0 1 1 0 0 0 1 0 1 0 0 1 0 1 0 0 0 0 0
200	1	 1 0 0 1 0 0 0 1 0 1 0 0 0 1 0 0 0 0 0 0
200	1	 1 1 1 1 0 0 0 0 1 1 0 0 0 0 0 1 0 0 0 1
200	2	 1 1 0 1 1 1 0 1 0 1 1 0 1 0 0 0 1 0 0 1
200	4	 0 0 1 1 0 0 0 1 0 1 0 0 0 1 0 0 0 0 0 0
200	6	 0 1 0 1 1 0 0 0 1 1 0 0 0 0 0 0 0 0 0 0
200	3	 1 0 1 1 0 0 0 1 0 0 0 0 0 1 0 0 0 0 0 0
200	2	 1 0 1 1 0 0 0 1 1 1 0 0 0 0 0 0 0 0 0 0
200	2	 1 0 1 1 0 0 1 1 0 1 0 0 0 1 0 0 0 0 0 0
200	6	 1 0 0 1 1 1 0 1 0 1 1 0 0 0 0 0 1 0 0 0
200	8	 1 0 1 1 1 1 0 1 1 1 0 1 0 0 0 0 1 0 0 0
200	4	 1 0 1 1 0 0 0 1 0 1 0 0 0 0 0 0 0 0 1 0
200	1	 1 0 0 1 1 1 0 1 0 1 0 0 0 1 0 1 0 0 0 0
200	2	 1 1 1 1 0 0 0 0 1 1 0 0 0 0 0 1 1 0 0 0
200	4	 1 0 1 1 0 0 0 1 0 1 0 0 0 0 0 1 0 1 0 0
200	2	 0 1 1 0 0 0 0 0 0 1 0 1 0 0 0 0 0 0 0 0
200	5	 1 0 1 1 0 0 0 1 0 1 0 0 0 1 0 1 0 0 0 1
200	1	 1 1 0 1 0 1 0 1 0 1 1 0 0 0 0 0 0 0 0 0
200	1	 0 0 0 1 1 0 0 1 0 0 0 0 0 1 0 0 0 0 0 0
200	1	 1 1 0 1 1 1 0 0 0 0 1 0 0 0 1 0 0 0 0 0
200	1	 1 0 1 1 0 0 0 1 0 1 0 1 0 0 0 1 0 0 0 0
200	5	 1 1 1 1 1 1 0 0 0 1 1 1 0 1 0 0 1 0 0 0
200	3	 1 1 0 1 0 0 1 0 0 1 0 0 0 1 0 0 0 0 0 0
200	1	 1 0 1 1 1 1 0 1 1 1 0 0 0 1 0 0 1 1 0 0
200	4	 1 0 0 1 1 1 0 1 1 1 1 0 0 0 0 0 0 0 0 0
200	1	 1 1 0 1 1 1 0 1 1 1 1 0 0 1 0 0 1 0 0 0
200	2	 0 1 1 0 0 0 0 1 0 1 1 0 0 0 0 0 1 1 0 0
200	1	 1 0 1 1 0 0 0 1 0 0 1 0 0 0 0 1 0 0 0 0
200	2	 0 1 0 1 1 0 0 0 0 1 0 0 0 1 0 0 0 0 0 0
200	1	 1 0 1 1 1 1 0 1 0 1 1 0 0 0 0 1 0 0 0 0
200	1	 0 1 1 1 1 1 0 1 1 1 1 0 0 0 0 0 0 0 0 0
200	1	 1 1 0 1 1 1 0 1 0 1 1 1 0 0 0 0 0 0 0 0
200	1	 1 0 0 1 0 0 1 1 0 1 0 0 1 1 0 0 0 0 0 0
200	1	 1 0 1 0 1 1 0 1 1 1 1 0 0 0 0 0 1 0 0 0
200	1	 1 1 0 1 1 0 0 0 0 1 1 1 0 0 0 0 0 0 0 0
300	8	 1 0 1 1 0 0 0 1 0 1 0 0 0 1 0 0 0 0 0 0
300	11	 1 1 0 1 1 1 0 1 0 1 1 0 0 0 0 0 0 0 0 0
300	2	 1 1 1 1 1 1 0 1 0 1 0 0 0 1 0 0 0 0 0 0
300	17	 1 0 1 1 0 0 1 1 0 1 1 0 0 0 1 0 0 0 0 0
300	41	 1 1 1 1 1 1 0 1 1 1 1 0 0 0 0 0 0 0 0 0
300	5	 1 0 1 1 0 0 0 1 0 1 1 0 0 0 0 0 0 0 0 0
300	20	 1 1 1 1 1 1 0 1 0 1 1 0 0 0 0 0 0 0 0 0
300	20	 1 1 0 1 0 0 0 1 0 1 0 0 0 1 0 0 0 0 0 0
300	14	 1 1 1 1 1 1 0 1 1 1 1 0 0 0 0 1 0 0 0 0
300	2	 1 0 1 1 0 1 0 1 1 1 1 1 0 0 0 0 0 0 0 0
300	33	 1 1 0 1 1 1 0 1 1 1 1 0 0 0 0 0 0 0 0 0
300	36	 1 1 1 1 1 0 1 1 0 1 0 0 1 1 0 0 0 0 0 0
300	6	 1 1 1 1 0 1 0 1 1 1 1 1 0 0 0 0 0 0 1 0
300	13	 1 1 1 1 0 0 0 1 0 1 1 0 0 0 0 0 1 0 0 0
300	29	 1 0 1 1 0 0 0 1 0 1 1 0 1 0 0 0 0 0 0 0
300	6	 1 1 0 1 1 1 0 1 0 1 1 0 0 0 1 0 0 0 0 0
300	10	 1 1 1 1 0 0 0 1 0 1 1 0 0 0 1 0 0 0 1 0
300	7	 1 0 1 1 0 1 0 1 0 1 1 0 0 1 0 0 0 0 0 0
300	15	 1 0 1 1 1 1 0 1 0 1 1 0 0 1 0 0 0 0 0 0
300	10	 1 1 1 1 1 1 0 1 1 1 1 0 0 0 0 0 1 0 0 0
300	6	 1 1 1 1 0 0 0 1 0 1 0 0 1 0 1 0 0 0 0 0
300	1	 1 1 1 1 0 1 0 1 1 1 1 0 0 1 0 0 0 0 0 0
300	8	 1 1 0 0 1 1 0 1 0 1 1 0 0 0 0 0 0 0 0 0
300	6	 1 0 1 1 0 0 0 0 0 1 1 0 0 1 0 0 1 0 0 0
300	1	 1 1 1 1 1 1 0 1 0 1 1 0 0 0 0 0 0 0 1 0
300	11	 1 0 1 1 0 0 0 1 1 1 0 1 0 1 0 0 0 0 0 1
300	14	 1 1 0 1 1 1 1 1 0 1 0 1 0 0 0 0 0 0 0 0
300	11	 1 1 1 1 0 1 0 1 1 1 0 1 0 1 0 1 0 0 0 0
300	4	 1 1 1 0 1 1 0 1 0 1 0 1 0 0 1 0 0 0 0 0
300	9	 1 0 1 1 1 1 0 1 0 1 1 0 0 0 0 0 0 0 0 0
300	6	 1 1 1 1 0 0 0 1 0 1 1 0 0 0 1 0 0 0 0 0
300	1	 1 1 1 1 0 0 0 1 1 1 1 0 0 0 0 0 0 0 0 0
300	16	 1 0 1 1 0 0 0 1 0 1 1 0 0 1 0 0 0 0 0 0
300	27	 1 1 0 1 1 1 0 1 0 1 1 0 0 0 0 0 0 1 0 0
300	1	 1 1 1 1 0 1 0 1 1 1 1 0 1 1 0 0 0 0 0 0
300	6	 0 1 1 1 0 1 0 1 1 1 1 0 0 1 0 0 0 0 0 0
300	6	 1 1 0 1 1 1 1 1 0 1 0 0 1 1 0 0 0 0 0 0
300	5	 1 1 0 1 0 0 0 1 0 1 0 0 1 1 0 0 0 0 0 0
300	15	 1 1 1 1 0 1 0 1 1 1 1 0 0 0 0 0 0 0 0 0
300	6	 1 0 1 1 0 1 0 0 0 1 1 0 0 1 0 0 0 0 0 0
300	8	 1 1 1 1 0 0 0 0 0 1 1 0 0 1 0 0 1 0 0 0
300	3	 1 0 1 1 0 0 0 0 0 1 1 0 0 1 0 1 1 0 0 0
300	2	 1 0 0 1 0 0 0 1 0 1 0 0 0 1 0 0 0 0 0 0
300	4	 1 1 1 1 1 1 0 1 1 1 1 0 0 0 0 0 0 0 1 0
300	34	 1 1 1 1 1 1 0 1 1 0 1 0 0 0 0 1 0 0 0 0
300	8	 1 0 1 1 1 0 0 1 0 1 1 0 0 1 0 0 0 0 0 0
300	13	 1 0 1 1 0 1 0 1 1 1 1 0 0 0 0 0 0 0 0 0
300	42	 1 0 1 1 0 0 0 0 0 1 1 0 1 0 1 0 0 0 0 0
300	2	 1 1 1 1 0 0 0 1 0 1 1 1 0 0 1 0 1 0 0 0
300	4	 1 0 1 1 0 1 0 1 1 1 1 0 0 0 0 0 1 0 0 0
300	3	 1 1 1 1 1 0 0 1 0 1 1 0 0 0 0 0 1 0 0 0
300	20	 1 0 1 1 0 0 0 1 0 1 1 0 1 0 0 1 0 0 0 0
300	6	 1 1 1 0 0 0 0 1 0 1 1 0 0 0 1 0 0 0 1 0
300	3	 1 0 1 0 0 0 0 1 0 1 1 1 0 0 0 0 0 0 0 0
300	17	 1 1 0 1 0 0 0 1 0 1 0 0 1 0 0 0 0 0 0 0
300	1	 1 1 1 1 0 0 0 1 0 1 0 0 0 1 0 0 0 0 0 0
300	20	 1 1 1 1 0 1 0 1 0 1 1 0 0 0 0 0 0 0 0 0
300	5	 0 1 1 1 0 1 0 1 1 1 1 0 0 1 0 0 0 1 0 0
300	2	 0 1 1 1 1 1 0 1 1 1 1 0 0 0 1 0 0 0 0 0
300	3	 1 0 1 1 1 1 0 1 0 1 1 0 0 0 0 1 0 0 0 0
300	1	 0 1 1 1 0 1 0 0 1 1 1 0 0 1 0 0 0 0 0 0
300	3	 1 1 1 1 1 1 0 1 0 1 1 0 0 0 1 0 0 0 0 0
300	6	 1 1 1 1 1 1 0 1 0 1 1 0 0 1 0 0 0 0 0 1
300	2	 1 0 1 1 0 0 0 1 1 1 1 1 0 0 0 0 0 0 0 0
300	8	 1 1 1 1 1 1 0 1 1 1 1 0 0 0 0 0 0 1 0 0
300	8	 1 0 1 1 0 1 0 1 1 1 0 1 0 0 0 0 0 0 0 0
300	1	 1 1 1 1 0 0 0 1 0 1 1 0 1 0 0 0 0 0 0 0
300	1	 1 1 1 1 1 1 1 1 0 1 0 0 1 1 0 0 0 0 0 0
300	8	 1 0 1 1 0 0 0 0 0 1 1 1 0 1 0 0 1 0 0 0
300	8	 1 0 1 1 0 0 0 0 0 1 0 0 0 0 0 0 0 0 0 0
300	1	 1 1 0 0 1 1 0 1 1 1 1 0 0 0 0 0 0 0 0 0
300	3	 0 1 1 1 1 0 1 1 0 1 0 0 1 1 0 0 0 0 0 0
300	3	 1 1 1 1 0 1 0 1 1 1 1 0 0 1 0 0 0 0 0 1
300	4	 1 1 0 1 1 1 0 1 1 1 0 1 0 0 1 0 0 0 0 0
300	5	 1 1 0 1 1 1 0 1 0 1 1 0 0 1 0 0 0 0 0 0
300	3	 1 0 1 1 0 1 0 1 0 1 1 0 0 0 0 0 0 0 0 0
300	9	 0 1 1 1 0 1 0 1 0 1 1 0 0 1 0 0 0 0 0 0
300	5	 1 0 1 1 1 1 0 1 1 0 1 0 0 0 0 1 0 0 0 0
300	1	 1 0 0 1 0 0 0 0 0 1 1 0 0 1 0 0 1 0 0 0
300	4	 1 1 1 1 1 1 0 1 1 1 1 0 1 1 0 0 0 0 0 0
300	1	 1 0 1 1 0 0 0 1 1 1 1 0 0 0 0 0 1 0 0 0
300	4	 1 1 1 1 0 1 0 1 0 1 1 0 0 1 0 0 0 0 0 0
300	9	 1 1 0 1 1 1 0 1 0 1 0 0 1 0 1 0 0 0 0 0
300	10	 1 1 1 1 1 1 0 1 1 1 1 1 0 0 1 0 0 0 0 0
300	6	 0 1 1 1 1 1 0 1 0 1 1 1 0 0 0 0 0 0 0 0
300	8	 1 0 1 1 1 1 0 1 0 1 0 0 0 1 0 0 0 0 0 0
300	2	 1 0 0 1 0 0 0 1 0 1 1 0 1 0 0 0 0 0 0 0
300	6	 0 1 1 1 0 1 0 1 0 1 0 0 0 1 0 0 0 0 0 0
300	1	 1 1 1 1 0 1 0 1 0 1 0 0 0 1 0 0 0 0 0 0
300	10	 1 1 0 1 0 0 0 1 0 1 1 0 0 0 1 0 0 0 0 0
300	1	 1 1 1 1 1 0 0 1 1 1 1 0 0 0 0 1 0 0 0 0
300	4	 1 1 1 1 0 0 0 1 1 1 0 1 0 1 0 1 0 0 0 0
300	3	 1 1 1 1 1 1 0 1 1 0 1 0 1 1 0 0 0 0 0 0
300	3	 1 0 1 1 0 1 0 1 1 1 1 0 0 1 0 0 0 1 0 0
300	2	 1 1 1 1 1 1 0 1 0 0 1 0 0 0 0 0 0 0 0 0
300	1	 1 1 1 1 1 1 0 1 0 1 1 0 1 0 0 0 0 0 0 0
300	3	 1 1 1 1 1 1 0 1 1 1 1 0 0 0 0 1 0 0 1 0
300	3	 1 0 1 1 0 1 0 1 1 1 1 1 1 0 0 0 0 0 0 0
300	6	 1 1 1 1 0 0 0 1 0 1 0 0 0 0 1 0 0 0 0 0
300	8	 1 0 1 1 1 1 0 1 0 1 1 0 0 0 1 0 0 0 0 0
300	6	 1 1 1 0 1 1 1 1 1 1 1 0 0 0 0 0 0 0 0 0
300	5	 1 0 1 1 1 0 0 1 0 1 1 0 1 0 0 0 0 0 0 0
300	3	 1 0 1 1 0 0 0 1 0 1 0 0 0 1 1 0 0 0 0 0
300	1	 1 1 1 1 1 0 1 1 0 1 0 0 1 1 0 0 0 1 0 0
300	2	 1 0 1 1 1 1 1 1 0 1 1 0 0 1 0 0 0 0 0 0
300	4	 1 0 1 1 0 0 0 1 1 1 0 1 0 1 0 0 0 0 1 1
300	1	 1 0 0 0 0 0 0 1 0 1 0 0 0 1 0 0 0 0 0 0
300	1	 1 0 1 1 0 0 0 0 0 1 1 0 1 0 1 1 0 0 0 0
300	4	 1 1 1 1 0 0 0 1 0 1 0 0 0 1 0 0 0 1 0 0
300	1	 1 0 1 1 0 0 0 1 0 1 1 0 1 1 0 0 0 0 0 0
300	3	 1 1 1 1 1 1 0 1 1 1 1 0 1 0 0 0 0 0 1 0
300	1	 0 1 1 1 1 1 0 1 0 1 1 1 0 0 0 1 0 0 0 0
300	1	 1 1 1 1 1 0 0 1 1 1 1 0 0 0 0 0 0 0 0 0
300	1	 1 1 1 1 1 1 0 1 1 0 1 0 0 0 0 0 0 0 0 0
300	3	 1 0 1 1 0 0 0 1 0 1 1 0 0 0 0 0 0 0 0 1
300	2	 1 1 1 1 0 0 0 1 0 0 1 0 0 0 1 0 0 0 0 0
300	1	 1 0 1 1 0 0 0 1 0 1 1 0 1 1 0 1 0 0 0 0
300	4	 0 1 1 1 1 1 0 1 0 1 1 1 0 0 0 0 1 0 0 0
300	1	 0 1 1 1 0 1 0 1 0 1 1 0 0 0 1 0 0 0 0 0
300	2	 1 1 1 1 0 1 0 1 1 1 1 0 0 0 0 0 0 1 0 0
300	3	 1 1 0 1 0 0 0 1 0 0 0 0 0 1 0 0 0 0 0 0
300	8	 1 1 1 1 1 1 0 1 1 1 1 0 0 0 1 1 0 0 0 0
300	4	 1 1 1 1 1 0 1 1 0 1 1 0 1 1 0 0 0 0 0 0
300	2	 1 1 1 1 0 1 0 1 1 1 0 1 0 1 0 1 0 0 1 0
300	7	 1 1 0 1 1 1 1 1 0 1 0 0 1 1 0 0 1 0 0 0
300	3	 1 1 1 1 1 1 1 1 1 1 1 0 0 0 0 0 0 0 1 0
300	7	 1 1 1 0 0 0 0 1 0 1 1 0 0 0 1 0 0 0 1 1
300	1	 1 1 0 1 0 0 0 1 1 1 0 0 1 0 0 0 0 0 0 0
300	1	 1 0 1 1 1 1 0 1 0 1 1 0 0 0 0 1 0 0 0 1
300	5	 0 1 1 1 0 1 0 0 1 1 1 0 1 1 0 0 0 0 0 0
300	2	 1 0 1 1 0 0 0 0 0 1 0 0 0 0 1 0 0 0 0 0
300	5	 1 1 1 1 1 0 1 1 0 1 0 1 0 0 0 0 0 0 0 0
300	2	 1 1 1 1 1 1 0 1 1 1 1 0 1 0 0 0 0 0 0 0
300	1	 1 1 0 1 1 1 0 1 0 1 0 0 0 1 0 0 0 0 0 0
300	2	 1 1 1 1 1 0 1 1 0 1 0 0 0 0 1 1 0 0 0 0
300	1	 1 0 1 1 1 1 0 1 0 1 1 0 0 1 0 0 1 0 0 0
300	1	 0 1 1 1 0 1 0 1 1 1 1 1 0 0 0 0 0 0 1 0
300	2	 1 0 1 1 0 0 0 0 0 1 1 0 0 1 0 0 0 0 0 0
300	3	 0 1 1 1 1 0 1 1 0 1 0 1 0 0 0 0 0 0 0 0
300	1	 1 1 0 1 1 1 0 1 1 0 1 0 0 0 0 0 0 0 0 0
300	2	 1 1 1 1 1 0 1 1 0 1 0 0 1 1 0 0 0 0 1 0
300	2	 1 1 1 1 0 0 0 1 0 0 1 0 0 0 1 0 0 0 1 0
300	1	 1 1 1 1 0 1 1 1 1 1 0 1 0 1 0 1 0 0 0 0
300	2	 1 0 1 1 0 0 1 1 0 1 1 0 0 1 0 0 0 0 0 0
300	1	 1 1 1 1 0 0 0 1 0 1 1 1 1 0 0 0 0 0 0 0
300	1	 1 0 1 1 1 1 0 1 0 0 1 0 0 0 0 1 0 0 0 0
300	1	 1 0 1 1 0 0 0 1 0 1 1 0 0 0 0 0 0 0 1 0
300	4	 1 1 1 1 1 1 0 1 1 1 0 0 1 1 0 0 0 0 0 0
300	1	 1 1 0 1 1 0 1 1 0 1 0 0 1 1 0 0 0 0 0 0
300	2	 1 1 0 1 1 1 1 1 1 1 1 1 0 0 0 0 0 0 0 0
300	2	 1 1 0 1 1 0 0 1 1 1 1 0 0 0 0 0 0 0 0 0
300	2	 1 0 1 1 0 0 0 1 0 1 0 0 1 0 1 0 0 0 0 0
300	1	 0 1 1 1 0 1 0 1 1 1 1 0 0 1 0 0 1 0 0 0
300	1	 0 1 1 1 1 0 1 1 0 1 0 0 1 1 0 0 0 0 1 0
300	1	 0 1 1 1 1 1 0 0 0 1 1 0 0 1 0 0 0 0 0 0
300	1	 1 1 1 1 1 1 0 1 1 1 1 0 0 0 0 1 0 0 0 1
300	2	 1 1 1 1 1 0 0 1 0 1 1 0 0 0 1 0 0 0 0 0
300	1	 1 0 1 1 1 0 1 1 0 1 0 0 0 0 1 1 0 0 0 0
300	1	 0 1 1 1 1 0 0 1 1 0 1 0 0 0 0 1 0 0 0 0
300	1	 1 0 1 1 0 0 0 1 0 1 0 0 0 1 0 0 1 0 0 0
300	1	 1 1 1 1 0 0 1 1 0 1 0 0 1 1 0 0 0 0 0 0
300	3	 1 0 1 1 0 1 0 1 0 1 1 1 0 1 0 0 0 0 0 0
300	2	 1 0 1 1 0 0 0 1 1 1 0 1 0 0 0 0 0 0 0 1
300	2	 1 1 1 1 1 1 0 1 1 1 0 1 0 1 0 1 0 0 0 0
300	1	 1 1 1 0 1 1 0 1 0 1 0 1 0 0 1 0 0 0 0 1
300	2	 1 0 0 1 0 0 0 1 0 1 1 0 1 0 0 1 0 0 0 0
300	2	 0 1 1 1 1 1 0 1 1 1 1 0 0 0 1 0 1 0 0 0
300	1	 1 1 1 1 0 1 0 0 1 1 1 0 0 1 0 0 0 0 0 0
300	2	 1 1 0 1 0 0 0 1 0 1 1 0 1 0 0 0 0 0 0 0
300	1	 1 1 0 1 1 1 0 1 1 1 0 1 0 0 1 1 0 0 0 0
300	1	 1 0 0 1 0 0 0 1 0 1 1 0 1 0 0 0 0 0 1 0
300	3	 1 1 1 0 1 1 0 1 0 1 1 0 1 0 0 0 0 0 0 0
300	1	 1 1 1 1 1 0 1 1 0 1 1 1 1 1 0 0 0 0 0 0
400	69	 1 1 1 1 1 1 0 1 0 1 1 0 0 0 0 0 0 0 0 0
400	40	 1 1 1 1 1 1 0 1 1 1 1 0 0 0 0 1 0 0 0 0
400	11	 1 1 1 1 1 1 0 1 1 0 1 0 0 0 0 1 0 0 0 0
400	13	 1 0 1 1 1 1 0 1 0 1 1 0 0 0 0 1 0 0 0 0
400	8	 1 1 0 1 1 1 0 1 1 1 1 0 0 0 1 0 0 0 0 0
400	31	 1 1 1 1 1 0 0 1 1 1 1 0 0 0 0 0 0 0 0 0
400	5	 1 1 1 1 1 0 0 1 1 1 1 0 0 0 1 0 0 0 0 0
400	35	 1 1 1 1 1 1 0 1 1 0 1 0 1 0 0 0 0 0 0 0
400	41	 1 1 1 1 0 1 0 1 1 1 1 0 0 0 0 0 0 0 0 0
400	4	 1 1 1 1 1 1 1 1 0 1 0 0 1 1 0 0 0 0 0 0
400	24	 1 1 1 1 0 0 0 1 1 1 1 0 1 0 0 0 0 0 0 0
400	20	 1 1 1 1 1 1 0 1 1 1 1 0 1 0 0 0 0 0 0 0
400	12	 1 0 1 1 1 1 0 1 0 1 1 0 0 0 0 0 0 0 0 0
400	19	 1 1 1 1 1 1 0 1 1 1 1 0 1 1 0 0 0 0 0 0
400	15	 1 1 1 1 1 1 1 1 1 1 1 0 0 0 0 1 0 0 0 0
400	6	 1 1 1 1 1 0 0 1 0 1 1 0 0 1 0 0 0 0 0 0
400	10	 1 0 1 1 1 1 0 1 1 1 1 1 0 0 0 1 0 0 1 0
400	6	 1 1 1 1 1 1 0 1 0 1 1 0 0 0 0 0 0 0 1 1
400	11	 1 1 1 1 0 1 1 1 1 1 0 0 1 1 0 0 1 0 0 0
400	1	 1 1 1 1 1 1 1 1 0 1 0 0 0 0 0 0 0 1 0 0
400	19	 1 1 1 1 1 1 0 0 1 1 0 0 0 0 0 0 0 1 0 0
400	11	 1 1 1 1 1 0 0 1 1 0 1 0 1 0 0 0 0 0 0 0
400	1	 1 1 1 1 1 0 1 1 0 0 1 1 0 1 0 0 0 0 0 0
400	19	 1 1 1 1 1 0 0 1 0 0 1 0 0 0 0 0 0 0 0 0
400	7	 1 1 1 1 1 1 1 1 0 1 1 0 0 0 0 0 0 0 0 0
400	4	 1 1 1 1 1 1 0 1 1 0 1 0 1 0 0 0 1 0 0 0
400	3	 1 0 1 1 1 1 0 1 1 1 1 0 0 0 0 1 0 0 0 0
400	4	 1 1 1 1 1 1 0 1 1 1 1 1 0 0 0 1 0 0 1 0
400	17	 1 1 1 1 1 0 0 1 1 1 1 0 0 0 0 0 0 1 0 0
400	11	 1 0 1 1 0 0 0 1 0 1 1 1 0 0 0 0 0 0 0 0
400	4	 1 1 1 0 1 1 0 1 1 1 1 1 0 0 0 1 0 0 1 0
400	13	 1 0 1 1 1 1 0 1 0 1 0 0 1 1 0 0 0 0 0 0
400	24	 1 1 1 0 1 1 0 1 1 1 1 1 0 0 0 0 0 0 0 0
400	5	 1 1 1 1 1 1 0 1 1 0 1 0 0 0 0 1 0 0 0 1
400	26	 1 1 1 1 0 0 0 1 1 0 1 0 1 0 0 0 0 0 0 0
400	2	 1 1 1 1 1 1 1 1 0 1 0 0 1 0 0 1 0 0 1 0
400	4	 1 1 0 1 0 0 0 1 1 1 1 1 1 0 0 0 0 0 0 0
400	51	 1 1 1 1 1 0 1 1 1 0 1 0 1 0 0 0 0 0 0 0
400	10	 1 1 1 1 1 1 0 0 1 1 1 0 0 0 0 0 0 0 0 0
400	1	 1 0 1 1 1 1 0 1 1 1 1 1 0 0 0 1 0 0 1 1
400	1	 1 1 0 1 1 1 0 1 0 1 0 1 0 0 0 0 0 0 0 0
400	3	 1 1 1 1 1 1 1 1 1 0 1 0 1 0 0 0 0 0 0 0
400	1	 1 1 0 1 0 1 0 0 1 1 0 0 0 0 0 0 0 1 0 0
400	9	 1 1 1 1 1 1 0 1 1 1 1 0 0 0 0 1 0 0 0 1
400	11	 1 1 1 1 1 1 0 1 1 1 1 1 0 0 0 1 0 0 0 0
400	2	 1 0 1 1 1 1 0 1 0 1 0 0 0 0 0 0 0 0 1 0
400	8	 1 1 1 1 0 1 0 1 1 1 1 0 0 0 0 0 1 0 0 0
400	3	 1 1 1 1 0 1 1 1 0 1 1 0 0 0 0 0 0 0 0 0
400	11	 1 1 1 1 0 0 0 1 1 0 1 0 1 0 0 1 0 0 0 0
400	3	 1 1 1 1 0 1 0 1 1 0 1 0 1 0 0 1 0 0 0 0
400	3	 1 1 1 1 1 1 0 1 1 0 1 0 1 0 0 0 0 1 0 0
400	2	 1 1 1 1 1 1 0 0 1 1 0 0 1 0 0 0 0 1 0 0
400	9	 1 1 1 1 1 1 1 1 1 0 1 0 0 0 0 0 0 0 0 0
400	8	 1 1 1 1 0 1 0 1 0 1 1 0 0 0 0 1 0 1 0 0
400	13	 1 1 1 1 1 1 1 1 0 1 1 0 1 0 0 0 0 0 0 0
400	6	 1 1 1 1 1 1 0 1 1 0 1 0 0 0 1 0 0 0 0 0
400	7	 1 1 1 1 1 1 0 0 0 1 0 0 1 1 0 0 0 0 0 0
400	4	 1 0 1 1 1 1 0 0 0 1 1 1 0 1 0 0 1 0 0 0
400	8	 1 1 1 1 1 0 0 1 1 0 1 0 0 0 0 1 0 0 0 0
400	3	 1 1 1 1 0 1 1 1 1 1 1 0 1 1 0 0 1 0 0 0
400	1	 1 1 1 1 1 0 0 1 1 1 1 0 0 1 0 0 0 0 0 0
400	10	 1 1 1 1 1 1 0 1 1 1 1 0 0 0 0 0 0 0 0 0
400	6	 1 1 1 1 0 1 0 1 0 1 1 0 0 0 0 0 0 0 0 0
400	10	 1 1 1 1 0 0 0 1 1 1 1 0 1 0 1 0 0 0 0 0
400	1	 1 1 1 1 1 0 1 1 1 0 1 0 1 0 0 0 1 0 0 0
400	8	 1 0 1 1 1 1 0 1 1 0 1 0 0 0 0 0 0 1 0 0
400	6	 1 1 1 1 1 1 0 0 1 1 0 1 0 0 0 0 0 1 0 0
400	4	 1 1 1 1 1 1 1 1 0 1 0 1 0 0 0 0 0 0 1 0
400	9	 1 1 1 0 1 1 0 1 1 1 1 0 0 0 0 0 0 0 0 0
400	4	 1 1 1 1 1 1 0 1 0 1 1 0 0 0 1 0 0 0 0 0
400	7	 1 1 1 1 1 1 0 1 1 1 1 0 0 0 1 1 0 0 0 0
400	3	 1 1 1 1 1 1 1 1 0 1 0 0 1 1 0 0 0 1 0 0
400	7	 1 1 1 1 1 1 0 1 1 1 1 0 0 0 0 0 0 1 0 0
400	1	 1 1 1 1 1 0 0 1 1 0 1 0 1 0 0 0 0 0 0 1
400	3	 1 1 1 1 1 0 1 1 1 1 1 0 0 0 0 0 0 1 0 0
400	5	 1 0 1 1 1 1 0 1 0 1 0 0 0 0 0 0 0 0 0 0
400	4	 1 1 1 1 0 1 0 1 1 1 1 0 0 1 0 0 0 0 0 0
400	2	 0 1 1 1 1 1 0 1 1 1 1 0 1 1 0 0 0 0 0 0
400	3	 1 1 1 1 1 1 0 1 0 1 1 0 0 0 0 0 1 0 1 1
400	2	 1 1 1 1 1 1 0 1 0 0 1 0 0 1 0 0 0 0 0 0
400	3	 1 1 1 1 0 0 0 1 1 0 1 0 1 1 0 0 0 0 0 0
400	5	 1 0 1 1 0 1 0 1 0 1 1 0 0 0 0 1 0 1 0 0
400	1	 1 1 1 1 1 1 0 0 1 1 0 0 0 0 0 0 0 0 0 0
400	1	 1 1 1 1 1 0 0 1 0 0 1 0 0 0 0 0 0 1 0 0
400	2	 1 1 1 1 0 1 0 1 0 1 1 0 0 0 0 0 1 0 0 0
400	6	 1 1 0 1 1 1 0 1 1 1 1 0 0 0 0 1 0 0 0 0
400	2	 1 1 1 1 1 1 0 1 1 0 1 0 0 1 0 1 0 0 0 0
400	14	 1 1 1 1 1 1 0 1 0 1 1 0 0 0 0 1 0 0 0 0
400	3	 1 1 1 1 0 1 1 1 1 1 0 0 1 0 0 0 1 0 0 0
400	3	 1 0 1 1 0 0 0 1 0 1 1 1 0 0 0 0 1 0 0 0
400	1	 1 1 1 1 0 0 0 1 1 0 1 0 1 0 0 0 0 0 0 1
400	1	 1 0 1 1 1 1 0 1 1 0 1 0 1 0 0 0 0 0 0 0
400	8	 1 1 1 1 1 1 0 0 1 0 0 0 0 0 0 0 0 0 0 0
400	3	 1 1 1 1 1 1 0 1 0 1 1 0 0 0 1 0 0 1 0 0
400	4	 1 1 1 1 1 1 0 1 0 1 1 0 1 0 0 0 0 0 0 0
400	6	 1 1 1 0 0 1 0 1 1 1 1 1 0 0 0 0 0 0 0 0
400	11	 1 1 1 1 0 1 0 1 0 1 1 0 0 0 1 0 0 0 0 0
400	4	 1 1 1 1 1 1 0 1 1 1 1 0 0 1 0 0 0 0 0 0
400	1	 1 1 1 1 1 1 0 1 0 0 1 0 0 0 0 0 1 0 0 0
400	10	 1 1 1 1 1 1 0 1 1 1 1 0 0 0 0 1 0 1 0 0
400	3	 1 1 1 1 1 1 0 1 1 0 0 0 1 0 0 0 0 0 0 0
400	1	 1 1 1 1 1 1 0 1 0 1 0 0 1 1 0 0 0 0 0 0
400	8	 1 1 1 1 0 1 0 1 1 0 1 0 0 0 0 1 0 0 0 0
400	5	 1 1 1 1 1 0 1 1 0 0 0 0 1 1 0 0 0 0 0 0
400	2	 1 1 1 1 1 0 0 1 1 1 1 1 0 0 0 1 0 0 0 0
400	2	 1 1 0 1 1 1 0 1 0 1 1 0 0 0 0 0 0 0 0 0
400	3	 1 1 0 1 1 1 0 1 1 0 1 0 1 0 0 0 0 0 0 0
400	2	 1 1 1 1 1 1 0 1 1 1 1 0 1 0 1 0 0 0 0 0
400	3	 1 1 1 1 0 1 1 1 0 1 1 0 0 0 0 1 0 0 0 0
400	1	 1 1 1 1 0 1 1 1 0 1 1 0 0 0 0 0 1 0 0 0
400	1	 1 1 1 1 1 0 0 0 0 1 0 0 1 0 0 0 0 0 0 0
400	1	 1 0 1 1 1 1 0 1 1 0 1 0 1 0 0 1 0 0 0 0
400	4	 1 0 1 1 1 1 0 1 0 1 1 0 0 0 0 1 0 0 0 1
400	3	 1 1 0 1 1 1 0 1 1 0 1 0 1 0 0 0 1 0 0 0
400	3	 1 1 1 0 0 1 0 1 1 0 1 0 0 0 0 1 0 0 0 0
400	1	 1 1 1 1 1 1 0 1 0 1 0 0 1 0 0 1 0 0 1 0
400	2	 1 1 1 1 1 1 0 0 1 1 0 0 0 0 0 1 0 0 0 0
400	4	 1 1 1 1 1 1 0 1 1 0 1 0 0 0 0 0 0 0 0 0
400	1	 1 1 0 1 1 1 0 1 0 1 1 1 1 1 0 0 0 0 0 0
400	1	 1 1 1 1 0 1 1 1 0 1 0 0 1 1 0 0 0 0 0 0
400	1	 1 1 1 1 0 0 0 1 1 1 1 0 1 0 0 0 0 0 0 1
400	3	 1 0 1 1 1 1 0 1 1 1 1 0 1 0 0 0 0 0 0 0
400	1	 1 1 0 1 1 1 0 1 1 1 1 1 0 0 0 1 0 0 1 0
400	1	 1 1 1 1 1 0 0 1 1 0 1 0 0 0 0 0 0 1 0 0
400	2	 1 1 1 1 1 1 0 1 0 1 0 0 0 0 1 0 0 0 0 0
400	2	 1 1 0 1 1 1 0 1 1 0 0 0 1 0 0 0 0 0 0 0
400	2	 1 1 1 1 1 1 0 1 1 1 1 0 0 0 0 0 0 0 1 0
400	1	 1 0 1 1 1 1 0 0 1 0 1 0 1 0 0 1 0 0 0 0
400	1	 1 1 1 1 0 1 0 1 1 1 1 0 0 0 0 0 0 1 0 0
400	3	 1 1 1 1 0 1 1 1 1 1 0 0 1 0 0 1 0 0 0 0
400	2	 1 1 1 1 0 1 0 1 0 1 1 0 0 0 0 1 0 0 0 0
400	1	 1 1 1 1 1 1 1 1 0 1 0 1 1 1 0 0 0 0 0 0
400	2	 1 1 1 1 0 0 0 1 1 1 1 0 0 0 0 0 0 1 0 0
400	2	 1 0 1 1 0 0 0 1 0 1 1 1 0 1 0 0 0 0 0 0
400	2	 1 1 1 1 1 1 1 1 0 0 1 0 1 0 0 0 0 0 0 0
400	2	 1 1 1 1 1 1 1 1 0 1 0 0 1 0 0 0 0 1 0 0
400	2	 1 1 1 1 0 1 0 1 0 1 0 0 0 0 0 0 1 0 0 0
400	1	 1 1 1 1 1 1 0 1 1 1 1 0 0 0 0 1 0 1 0 1
400	1	 1 0 1 1 1 1 0 1 0 1 1 0 0 0 0 1 1 0 0 1
500	26	 1 1 1 1 1 1 0 1 0 1 1 0 0 0 0 0 0 0 0 0
500	38	 1 1 1 1 1 1 0 1 1 1 1 0 0 0 0 1 0 0 0 0
500	27	 1 1 1 1 1 0 0 1 1 1 1 0 0 0 0 0 0 0 0 0
500	9	 1 1 1 1 1 1 1 1 1 1 1 0 0 0 0 1 0 0 0 0
500	2	 1 0 1 1 1 1 0 1 1 1 1 1 0 0 0 1 0 0 1 1
500	12	 1 1 1 1 1 0 0 1 1 1 1 0 0 1 0 0 0 0 0 0
500	33	 1 1 1 1 1 1 0 1 0 1 1 0 0 0 0 1 0 0 0 0
500	36	 1 1 1 1 1 1 0 1 0 1 1 0 1 0 0 0 0 0 0 0
500	58	 1 1 1 1 1 1 0 1 0 1 0 0 1 1 0 0 0 0 0 0
500	13	 1 1 1 1 0 0 0 1 1 0 0 0 1 0 0 0 0 0 0 0
500	4	 1 1 1 1 1 1 1 1 1 1 1 0 1 0 0 0 0 0 0 0
500	7	 1 1 1 1 1 0 0 1 1 1 1 0 0 0 0 1 0 0 0 0
500	23	 1 1 1 1 1 1 0 1 1 1 1 0 0 1 0 1 0 0 0 0
500	10	 1 1 0 1 1 1 0 1 0 1 1 0 1 0 0 0 0 0 0 0
500	9	 1 0 0 1 0 0 0 1 0 1 1 1 1 0 0 0 0 0 0 0
500	9	 1 1 1 1 1 1 0 1 0 1 0 0 1 0 0 0 0 0 0 0
500	3	 1 1 1 1 1 1 1 1 1 1 1 0 0 1 0 1 0 0 0 0
500	7	 1 1 1 1 1 1 0 1 0 1 1 0 0 1 0 1 0 0 0 0
500	27	 1 1 1 1 1 1 1 1 1 1 1 0 0 1 0 0 0 0 0 0
500	10	 1 1 1 1 0 1 0 1 1 1 1 0 0 0 1 0 0 1 0 0
500	5	 1 1 1 1 1 1 1 0 1 1 1 0 1 0 0 0 0 0 0 0
500	33	 1 1 1 1 1 1 0 1 1 1 1 0 0 1 0 0 0 1 0 0
500	10	 1 1 1 1 1 0 0 1 1 1 1 0 0 0 0 1 0 0 0 1
500	29	 1 1 1 1 1 1 0 1 0 1 1 1 1 0 0 0 0 0 0 0
500	28	 1 1 1 1 1 0 0 1 1 1 0 0 0 0 0 1 0 0 0 0
500	12	 1 1 1 1 0 1 1 1 1 1 1 0 0 1 0 1 0 0 0 0
500	11	 1 1 1 0 1 1 1 1 1 1 1 0 0 0 0 1 0 0 0 0
500	12	 1 1 1 1 1 1 0 1 1 1 1 0 0 0 0 0 0 0 0 0
500	6	 1 1 1 1 1 0 1 1 1 1 1 0 0 0 0 1 0 0 0 0
500	2	 1 1 1 1 1 1 1 1 1 1 1 0 0 0 0 0 0 0 0 1
500	1	 1 1 0 0 1 1 0 1 0 1 1 0 1 0 0 0 0 0 0 0
500	7	 1 1 1 1 1 1 0 0 1 1 1 0 0 0 0 1 0 0 0 0
500	5	 1 1 1 1 1 1 0 1 1 1 1 0 0 0 0 1 1 0 0 0
500	8	 1 1 1 1 1 1 1 1 1 1 1 0 0 0 0 0 0 0 0 0
500	1	 1 1 1 1 1 1 0 1 0 1 0 0 0 0 0 0 0 0 0 0
500	5	 1 1 0 1 1 1 0 1 0 1 1 0 1 0 0 0 0 1 0 0
500	3	 1 1 0 1 1 0 1 1 1 1 1 0 0 0 1 1 0 0 0 0
500	9	 1 1 1 1 1 1 0 1 1 1 1 0 0 1 0 0 0 0 0 0
500	4	 1 1 1 1 1 1 0 1 0 1 1 0 1 0 0 1 0 0 0 0
500	4	 1 1 1 1 1 1 0 1 1 1 1 0 0 0 0 0 0 1 0 0
500	8	 1 1 1 1 1 0 0 1 1 1 1 0 0 0 0 1 0 0 1 0
500	6	 1 1 1 1 0 1 0 1 1 0 0 0 1 0 0 0 0 0 0 0
500	14	 1 1 1 1 1 0 0 1 1 1 1 0 0 0 0 0 1 0 0 0
500	1	 1 0 1 1 1 1 0 1 1 1 1 1 0 0 0 1 0 0 0 0
500	2	 1 1 1 1 1 0 0 0 1 1 1 0 0 0 0 1 0 0 0 1
500	3	 1 1 1 1 1 0 0 1 1 1 1 0 0 0 0 0 0 0 0 1
500	2	 1 1 0 1 0 1 0 1 1 1 0 0 1 0 0 0 0 0 0 0
500	25	 1 1 1 1 1 1 0 0 0 1 0 0 1 0 0 0 0 0 0 0
500	5	 1 1 1 1 1 1 0 1 0 1 0 0 1 0 1 0 0 0 0 0
500	6	 1 1 1 1 1 1 1 1 1 1 1 0 0 1 0 0 0 1 0 0
500	7	 1 1 1 1 1 1 0 1 1 1 1 1 0 1 1 1 0 0 0 0
500	4	 1 1 1 1 1 1 0 0 1 0 1 0 0 0 0 1 0 0 0 0
500	10	 1 1 1 1 1 1 0 1 0 1 0 0 1 0 0 0 0 1 0 0
500	1	 1 1 1 1 1 1 1 1 1 1 1 0 0 0 1 1 0 0 0 0
500	18	 1 1 1 1 1 1 1 1 1 1 1 0 1 1 0 1 0 0 0 0
500	2	 1 1 1 1 1 1 0 1 0 1 1 0 0 1 0 1 0 0 0 1
500	4	 1 0 1 1 1 0 0 1 1 1 1 0 0 1 0 1 0 0 0 0
500	13	 1 1 1 1 1 0 0 1 1 1 1 0 0 0 0 1 1 0 0 0
500	4	 1 1 1 1 1 1 0 1 0 1 1 0 0 1 0 0 0 1 0 0
500	2	 1 1 1 1 1 1 0 1 0 1 1 0 1 0 0 0 1 0 0 0
500	4	 1 1 1 1 1 1 0 1 0 1 0 0 1 1 1 0 0 0 0 0
500	13	 1 1 1 1 1 1 0 1 0 1 0 0 1 0 0 0 0 0 0 1
500	7	 1 1 1 1 1 1 0 1 1 1 0 0 0 0 0 0 0 1 0 0
500	2	 1 1 1 1 1 1 0 1 1 1 1 1 0 1 0 1 0 0 0 0
500	8	 1 1 1 1 1 1 0 1 0 1 1 0 1 1 0 0 0 0 0 0
500	13	 1 0 1 1 1 0 0 1 1 1 1 0 0 0 0 1 0 0 0 0
500	2	 1 1 1 1 1 1 0 1 1 1 1 0 0 1 0 1 0 1 0 0
500	10	 1 1 0 1 1 1 0 0 0 1 1 0 1 0 0 0 0 0 0 0
500	7	 1 1 1 1 1 1 0 1 0 1 1 0 0 1 0 0 0 0 0 0
500	5	 1 1 1 1 1 0 0 1 1 1 1 0 1 1 0 0 0 0 0 0
500	18	 1 1 1 0 1 1 0 1 0 1 0 0 1 1 0 0 0 0 0 0
500	1	 1 1 1 1 1 1 1 0 1 1 1 0 1 0 0 0 1 0 0 0
500	9	 1 1 1 1 1 0 1 1 1 1 1 0 0 0 0 1 0 0 0 1
500	1	 1 1 1 1 1 1 1 1 1 1 1 0 0 0 0 0 0 1 0 0
500	9	 1 1 1 1 0 0 0 1 1 1 0 0 0 0 0 0 0 1 0 0
500	10	 1 1 1 1 1 1 0 1 1 1 1 0 0 0 1 0 0 1 0 0
500	2	 1 1 1 1 1 1 0 1 1 1 1 1 0 0 0 0 0 0 0 0
500	9	 1 1 1 1 0 0 0 1 1 0 1 0 1 0 0 0 0 0 0 0
500	3	 1 1 1 1 1 1 0 1 0 1 1 0 0 1 0 1 0 1 0 0
500	1	 1 1 1 1 0 0 0 0 1 0 0 0 1 0 0 0 0 0 0 0
500	3	 1 1 1 1 0 1 1 1 1 0 1 0 0 1 0 1 0 0 0 0
500	11	 1 1 1 1 1 1 0 1 1 1 1 0 0 0 0 1 0 0 1 0
500	7	 1 1 1 1 1 1 0 1 1 1 1 0 0 0 0 0 0 0 0 1
500	15	 1 1 1 1 0 0 0 0 0 1 0 0 1 0 0 0 0 0 0 0
500	4	 1 0 1 1 1 0 0 1 1 1 1 0 0 1 0 0 0 0 0 0
500	1	 1 1 1 1 0 1 0 1 1 0 0 0 0 0 0 0 0 0 0 1
500	4	 1 1 1 1 1 1 0 1 0 1 0 0 0 0 0 1 0 0 0 0
500	5	 1 1 1 1 0 0 0 1 0 1 1 0 1 0 0 0 0 0 0 0
500	5	 1 1 1 1 0 1 0 1 1 1 1 0 0 0 0 0 0 0 0 0
500	1	 1 1 1 1 1 0 0 1 1 1 1 1 1 0 0 0 0 0 0 0
500	9	 1 1 1 1 0 0 0 0 0 1 1 0 1 0 0 0 0 0 0 0
500	1	 1 1 1 1 1 1 0 1 1 1 0 0 1 1 0 1 0 0 0 0
500	7	 1 1 1 1 0 0 0 1 1 0 0 0 1 0 0 1 0 0 0 0
500	7	 1 1 1 1 1 1 0 1 1 1 1 0 1 0 0 0 0 0 0 0
500	5	 1 1 1 1 0 0 0 1 1 0 0 0 1 0 1 0 0 0 0 0
500	3	 1 1 0 1 1 1 0 1 0 1 1 0 1 0 1 0 0 0 0 0
500	6	 1 1 1 1 1 1 1 1 1 1 1 0 0 1 0 0 0 0 0 1
500	4	 1 1 1 1 1 1 1 0 1 1 1 1 1 0 0 0 0 0 0 0
500	4	 1 1 1 1 1 1 0 0 1 1 0 0 0 0 0 1 0 0 0 0
500	1	 1 1 1 1 0 0 0 1 1 0 0 0 0 0 0 1 0 0 1 1
500	2	 1 1 1 1 1 1 0 1 0 1 0 1 1 1 0 0 0 0 0 0
500	1	 1 1 1 0 1 1 0 1 1 1 1 0 0 1 0 1 0 0 0 0
500	8	 1 1 1 1 1 1 0 0 0 1 1 0 1 0 0 0 0 0 0 0
500	5	 1 1 1 1 1 1 0 0 1 1 1 0 0 0 0 1 0 0 1 1
500	5	 1 1 1 1 0 0 0 1 1 1 0 0 1 0 0 0 0 0 0 0
500	1	 1 1 1 1 1 1 0 1 0 0 1 0 0 0 0 0 0 0 0 0
500	3	 1 1 0 1 1 1 0 1 0 1 1 0 0 0 0 0 0 0 0 0
500	3	 1 1 1 1 1 1 1 1 0 1 1 0 0 0 0 1 0 0 0 0
500	1	 1 0 1 1 1 1 0 1 1 1 1 1 0 1 1 1 0 0 0 0
500	2	 1 1 1 0 1 1 1 0 1 1 1 0 1 0 0 0 1 0 0 0
500	4	 1 1 1 1 0 0 0 1 1 0 0 0 1 0 0 0 0 0 0 1
500	6	 1 1 1 1 1 1 0 1 1 1 1 0 1 1 0 0 0 0 0 0
500	1	 1 1 0 1 1 1 0 1 0 1 1 1 1 0 0 0 0 0 0 0
500	1	 1 1 1 1 1 0 0 1 1 1 0 0 0 0 0 1 1 0 0 0
500	2	 1 1 1 1 0 1 0 1 1 1 1 0 0 0 0 0 0 1 0 0
500	2	 0 0 1 1 1 0 0 1 1 1 1 0 0 1 0 1 0 0 0 0
500	1	 1 1 1 1 1 0 0 1 0 1 0 0 1 0 0 0 0 0 0 1
500	1	 1 1 1 1 1 0 0 1 1 0 1 0 1 1 0 0 0 0 0 0
500	1	 1 1 1 1 1 0 0 1 1 1 1 0 1 1 0 1 0 0 0 0
500	2	 1 1 1 1 1 0 0 1 0 0 1 0 0 1 0 0 0 1 0 0
500	1	 1 1 1 1 1 1 0 1 0 0 1 0 0 0 1 0 0 0 0 0
500	1	 1 1 1 1 1 1 1 1 0 1 1 0 0 0 0 0 0 0 0 0
500	1	 1 1 1 1 0 0 0 1 1 0 0 0 1 1 0 0 0 0 0 0
500	1	 0 1 1 1 1 1 1 1 1 1 1 0 0 1 0 0 0 0 0 0
500	2	 1 1 1 1 0 0 0 1 1 1 1 0 0 0 1 0 0 1 0 0
500	1	 1 1 0 1 1 1 0 1 0 1 1 1 1 0 0 0 0 1 0 0
500	1	 1 1 1 1 1 1 0 1 0 1 0 0 0 0 0 0 0 1 0 0
500	2	 1 1 1 1 1 0 0 1 1 1 0 0 0 0 0 0 0 1 0 0
500	2	 1 1 1 1 0 0 0 1 1 1 1 0 1 0 0 0 0 0 0 0
500	2	 1 1 1 1 0 1 0 0 1 1 1 0 0 0 0 0 0 0 0 0
500	2	 1 1 1 1 0 0 0 1 1 0 0 0 1 0 1 0 0 0 0 1
600	1	 1 1 1 1 1 1 0 1 0 1 1 0 0 0 0 0 0 0 0 0
600	40	 1 1 1 1 1 0 0 1 1 1 1 0 0 0 0 0 0 0 0 0
600	7	 1 1 1 1 1 1 0 1 0 1 1 0 1 0 0 0 0 0 0 0
600	20	 1 1 1 1 1 1 0 1 1 1 1 1 0 1 1 1 0 0 0 0
600	3	 1 1 1 1 1 1 0 1 0 1 0 0 1 0 0 0 0 0 0 1
600	11	 1 1 1 1 1 1 0 1 1 1 1 0 1 0 0 0 0 0 0 0
600	3	 1 1 0 1 0 0 0 0 0 1 1 0 1 0 0 0 0 0 0 0
600	7	 1 0 1 1 1 1 1 0 1 1 1 0 1 0 0 0 0 0 0 0
600	55	 1 1 1 1 1 1 0 1 0 1 0 0 1 0 0 1 0 0 0 0
600	13	 1 1 0 1 0 1 1 1 0 1 1 0 0 0 0 0 0 0 0 0
600	6	 1 1 1 1 1 1 0 1 0 1 0 0 0 1 0 1 0 0 0 0
600	15	 1 1 1 1 1 1 1 1 1 1 1 0 1 0 1 0 0 0 0 0
600	4	 1 0 1 1 1 1 1 1 0 1 1 0 0 0 0 0 0 0 0 0
600	10	 0 1 1 1 1 0 0 1 1 1 1 0 1 1 1 1 0 0 0 0
600	20	 1 1 1 1 1 1 1 0 1 1 0 0 1 0 0 0 0 0 0 0
600	49	 1 1 1 1 1 1 0 0 0 1 0 0 1 0 0 1 0 0 0 0
600	8	 1 1 1 1 1 1 0 0 1 1 0 0 1 1 0 0 0 0 0 1
600	3	 1 1 1 1 0 0 0 1 1 1 0 1 1 0 0 0 0 0 0 0
600	3	 0 1 1 1 1 0 0 1 1 1 1 0 0 0 1 1 0 0 0 0
600	8	 1 1 1 1 1 1 0 1 1 1 0 0 1 0 0 0 0 0 0 0
600	13	 1 1 1 1 1 1 0 1 1 1 1 0 0 0 0 0 0 0 0 0
600	4	 1 1 1 1 1 0 0 1 1 1 1 1 1 0 0 0 0 0 0 0
600	13	 1 0 1 1 1 1 0 1 1 1 1 0 1 0 0 0 0 0 0 0
600	4	 1 1 1 1 0 0 0 0 0 1 1 1 1 0 0 0 0 0 0 0
600	10	 1 1 1 1 1 1 0 0 0 1 0 0 1 0 1 1 0 0 0 0
600	27	 1 1 1 1 1 0 0 0 1 1 1 0 0 0 0 0 0 0 0 0
600	47	 1 1 1 1 1 1 0 1 1 1 1 1 0 1 0 1 0 0 0 0
600	17	 1 0 1 1 1 0 0 1 1 1 0 0 1 0 0 1 0 0 0 0
600	2	 1 1 1 1 1 1 0 0 0 1 0 0 1 0 0 0 0 0 0 0
600	5	 1 0 1 1 1 0 0 1 1 1 0 0 1 1 0 0 0 0 0 1
600	1	 1 1 1 1 1 0 0 1 1 1 0 0 0 0 0 1 1 1 0 0
600	8	 1 0 0 1 1 1 1 0 1 1 1 0 1 0 0 1 1 0 0 0
600	31	 1 0 1 1 1 1 1 1 0 1 1 0 1 0 0 0 0 0 0 0
600	1	 1 0 1 1 1 1 0 1 0 1 1 0 1 0 0 0 0 0 1 0
600	26	 1 1 1 1 1 1 0 1 1 1 0 0 1 0 0 1 0 0 0 0
600	7	 1 1 1 1 1 1 1 0 1 1 0 0 1 0 0 1 0 0 0 0
600	1	 1 1 0 1 1 1 0 1 0 1 0 0 1 0 1 0 0 0 0 0
600	10	 1 1 1 1 1 0 0 1 1 0 1 0 0 0 0 0 0 0 1 0
600	6	 1 1 1 1 1 1 0 0 0 1 0 0 0 1 0 1 0 0 0 0
600	10	 1 0 1 1 1 1 0 1 1 1 1 1 1 0 1 1 0 0 0 0
600	28	 1 1 1 1 1 0 0 0 0 1 0 0 1 0 1 1 0 0 0 0
600	7	 1 1 1 0 1 1 0 1 0 1 0 0 1 0 1 0 0 0 0 0
600	9	 1 0 1 1 1 1 0 1 1 1 1 0 1 0 0 0 1 0 0 0
600	3	 0 1 1 1 1 0 0 1 1 1 1 0 1 1 1 0 0 0 1 0
600	10	 1 0 1 1 0 1 0 1 0 1 0 0 1 0 1 0 0 0 0 0
600	11	 1 1 1 1 1 0 0 1 0 1 1 0 0 0 0 0 0 0 0 0
600	6	 1 1 1 1 1 0 0 1 1 1 0 0 0 0 0 0 0 0 0 0
600	20	 1 0 1 1 1 1 0 0 0 0 0 0 0 1 0 1 0 0 0 0
600	2	 1 1 1 0 1 1 1 0 1 1 0 0 1 0 0 0 0 0 0 0
600	14	 0 1 1 1 1 0 0 1 1 1 1 0 0 1 1 1 0 0 0 0
600	43	 1 1 1 1 1 1 0 1 0 1 0 0 0 1 0 1 0 0 1 0
600	8	 1 1 1 1 1 1 0 1 0 1 0 0 1 0 1 0 1 0 0 0
600	5	 1 1 0 1 1 0 0 1 1 0 1 0 0 0 0 0 0 0 0 0
600	3	 1 1 1 1 1 0 0 1 1 1 1 0 0 0 1 1 0 0 0 0
600	2	 1 1 0 1 1 1 0 1 0 1 0 0 0 1 0 1 0 0 0 0
600	6	 0 1 1 1 1 0 0 1 1 1 1 0 0 1 0 0 0 0 0 0
600	2	 1 1 1 1 1 1 1 0 1 1 0 0 1 0 0 0 0 0 1 0
600	24	 1 1 1 1 1 1 1 1 1 1 0 0 1 0 0 0 0 0 0 0
600	5	 1 0 0 1 1 1 1 1 0 1 1 0 1 0 0 0 0 0 0 0
600	7	 1 1 0 1 1 1 0 1 1 0 0 0 1 0 1 0 0 0 0 0
600	5	 1 0 1 1 1 1 0 0 1 1 0 0 1 1 0 0 0 0 0 1
600	3	 1 1 1 1 1 0 0 0 1 0 1 0 0 0 0 0 0 0 0 0
600	2	 1 1 1 1 1 1 0 1 0 1 0 0 1 0 0 0 0 1 0 1
600	4	 1 1 1 1 1 1 0 1 1 1 1 0 1 0 0 0 1 0 0 0
600	12	 1 1 1 1 1 1 0 1 0 1 1 0 0 0 0 0 1 0 0 0
600	11	 1 1 1 1 1 1 1 1 0 1 1 0 1 0 0 0 0 0 0 0
600	6	 1 1 0 1 1 1 0 1 0 1 0 0 1 0 0 1 0 0 0 0
600	1	 1 1 1 1 1 1 0 0 0 1 0 0 1 0 0 1 0 0 0 1
600	2	 1 1 1 1 1 1 0 1 1 1 0 0 0 1 0 1 0 0 0 0
600	2	 1 1 1 1 1 1 1 1 1 1 0 0 0 1 0 1 1 0 0 0
600	2	 1 0 1 1 1 1 0 1 1 1 1 1 0 0 1 1 0 0 0 0
600	14	 1 1 1 1 1 1 1 0 1 1 0 0 0 0 0 1 0 0 0 0
600	7	 1 1 1 1 1 0 0 1 0 1 0 0 1 0 1 0 0 0 0 0
600	3	 1 1 1 1 1 1 0 1 0 1 0 0 0 1 0 0 0 0 0 0
600	9	 0 1 1 1 1 1 0 1 0 1 1 0 0 0 0 0 0 0 0 0
600	2	 1 1 1 1 1 1 0 1 0 1 1 0 1 0 0 0 0 0 0 1
600	3	 1 1 1 1 1 0 0 1 1 1 1 1 0 0 0 0 0 0 0 0
600	3	 1 1 1 1 1 1 0 1 1 1 1 1 0 1 0 1 0 0 0 1
600	8	 1 1 1 1 0 1 0 1 0 1 0 0 1 0 1 0 0 0 0 0
600	1	 1 1 1 1 1 0 0 1 1 1 1 0 0 0 0 0 0 0 0 1
600	2	 1 1 0 1 0 0 1 0 0 1 1 0 1 0 0 0 0 0 0 0
600	1	 1 0 1 1 1 1 1 1 1 1 1 0 1 0 0 0 0 0 0 0
600	10	 1 0 1 1 1 1 1 0 1 1 0 0 0 1 0 1 0 0 1 0
600	1	 1 1 1 1 0 0 0 1 1 1 0 1 1 1 0 0 0 0 0 0
600	2	 1 0 1 1 1 1 0 1 1 1 0 0 1 0 0 1 0 0 0 0
600	3	 1 1 1 1 1 1 0 1 0 1 0 0 0 0 0 1 0 0 1 0
600	1	 1 1 0 1 1 0 0 1 1 1 1 0 0 0 0 0 0 0 0 0
600	9	 1 1 1 1 1 1 0 1 0 1 1 0 1 0 1 0 0 0 0 1
600	9	 1 0 1 1 1 1 0 1 1 1 1 1 0 1 1 1 0 0 0 0
600	1	 1 0 1 1 1 1 0 1 0 1 1 0 1 0 0 0 0 0 0 0
600	3	 1 1 1 1 1 1 0 1 1 1 0 1 0 1 1 1 0 0 0 0
600	2	 1 1 0 1 0 0 0 0 0 1 1 0 0 0 0 0 0 0 0 0
600	3	 1 1 1 1 1 1 0 1 0 1 0 0 1 0 1 1 0 0 0 0
600	6	 1 0 1 1 1 0 0 1 1 1 0 1 1 0 0 1 0 0 0 0
600	2	 1 1 1 0 1 1 0 1 0 1 0 0 0 1 0 1 0 0 1 0
600	4	 1 1 1 1 1 1 0 1 1 0 0 0 1 0 1 0 0 0 0 0
600	4	 1 1 1 1 1 0 0 1 1 1 1 0 1 0 0 0 0 0 0 0
600	3	 1 1 1 1 1 1 1 0 1 1 0 0 1 0 0 0 1 0 0 0
600	2	 1 1 1 0 1 0 0 0 1 1 1 0 0 0 0 0 0 0 0 0
600	2	 1 1 1 1 1 1 1 1 1 1 1 1 0 1 0 1 0 0 0 0
600	11	 1 0 1 1 0 1 0 1 0 1 1 0 1 0 1 0 0 0 0 0
600	4	 1 1 0 1 1 1 0 1 0 1 1 0 0 0 0 0 1 0 0 0
600	2	 1 1 1 1 1 0 0 0 1 1 1 0 1 0 0 0 0 0 0 0
600	1	 1 1 1 1 1 0 0 1 1 1 0 0 0 0 0 1 0 0 0 0
600	2	 1 1 0 1 1 0 0 1 1 0 1 0 1 0 1 1 0 0 0 0
600	1	 1 1 0 1 1 0 0 1 1 0 1 1 0 1 1 1 0 0 0 0
600	1	 1 1 0 1 1 1 0 1 1 1 1 0 1 0 0 0 0 0 0 0
600	4	 1 0 0 1 1 1 1 1 1 1 0 0 1 0 0 1 0 0 0 0
600	10	 1 0 1 1 1 1 0 1 0 1 0 0 0 0 0 1 0 0 1 0
600	1	 1 1 1 1 0 0 0 1 1 1 1 0 0 0 0 0 0 0 0 0
600	3	 1 1 0 0 1 1 0 1 0 1 0 0 1 0 1 0 0 0 0 0
600	2	 1 1 1 1 1 0 0 1 1 0 0 0 0 0 0 0 0 0 0 0
600	1	 1 0 1 1 1 0 0 1 1 1 1 0 1 0 0 0 1 0 0 0
600	1	 1 0 1 1 1 0 0 1 1 1 1 0 1 0 0 0 0 0 0 0
600	1	 1 0 1 1 1 1 0 1 0 1 1 0 0 0 0 0 0 0 0 0
600	3	 0 1 1 1 1 0 0 1 1 1 1 0 1 0 0 0 0 0 0 0
600	1	 1 1 1 1 1 0 1 0 1 1 1 0 0 0 0 0 0 0 0 0
600	3	 1 1 1 1 1 1 0 1 1 0 1 1 0 1 0 1 0 0 0 0
600	2	 1 0 1 1 1 0 0 1 1 1 0 0 1 0 1 1 0 0 0 0
600	1	 1 0 1 1 1 0 0 1 1 1 0 0 1 0 0 1 0 0 1 0
600	1	 1 0 1 1 1 1 0 1 1 1 0 0 1 0 0 0 1 0 0 0
600	3	 1 1 0 1 0 1 0 1 1 0 0 0 1 0 1 0 0 0 0 0
600	4	 1 1 1 1 1 1 0 1 0 1 0 0 0 0 0 0 1 0 0 0
600	2	 1 1 0 1 1 1 0 0 0 1 0 0 1 0 0 1 0 0 0 1
600	1	 0 1 1 0 1 1 0 1 0 1 1 0 0 0 0 0 0 0 0 0
600	1	 1 1 1 1 1 1 0 1 0 0 1 1 0 1 0 1 0 0 0 0
600	1	 1 0 1 1 1 0 0 1 1 1 1 0 0 1 1 1 0 0 0 0
600	1	 1 0 1 1 0 1 0 1 0 1 0 0 1 0 0 0 0 0 0 0
600	3	 1 1 1 1 1 1 0 1 0 1 1 0 1 0 1 0 0 0 0 0
600	1	 1 1 1 1 1 1 0 1 0 1 0 0 1 0 0 1 0 1 0 0
600	1	 1 1 1 1 1 1 1 1 1 1 1 0 1 0 1 0 1 0 0 0
600	1	 0 1 1 1 1 0 0 1 1 1 1 0 1 1 1 1 0 1 0 0
600	2	 1 1 1 1 1 1 0 0 1 1 0 0 1 0 0 0 0 0 0 0
600	1	 1 1 1 1 1 1 0 0 0 1 0 1 1 0 0 1 0 0 0 0
600	1	 1 1 1 1 1 0 0 0 0 0 0 0 1 0 1 1 0 0 0 0
600	1	 1 1 1 0 1 1 0 1 0 1 0 0 1 1 1 0 0 0 0 0
600	1	 1 1 1 1 1 1 0 1 0 0 0 0 0 1 0 1 0 0 1 0
600	2	 1 1 0 1 1 1 0 1 0 1 0 0 1 0 0 1 0 0 0 1
600	2	 1 0 0 1 1 1 0 1 1 1 1 1 0 1 1 1 0 0 0 0
600	1	 1 0 0 1 1 1 1 1 0 1 0 0 1 0 0 1 0 0 0 0
700	10	 1 1 1 1 1 1 0 0 0 1 0 0 1 0 0 1 0 0 0 0
700	3	 1 1 1 1 1 1 0 1 1 1 0 0 1 0 0 0 0 0 0 0
700	10	 1 1 1 1 1 1 1 1 1 1 0 0 1 0 0 0 0 0 0 0
700	16	 1 1 1 1 1 1 1 0 1 1 0 0 0 0 0 1 0 0 0 0
700	26	 1 1 1 1 1 1 1 0 1 1 0 0 0 1 0 1 0 0 0 0
700	14	 1 1 1 1 1 1 1 1 1 1 0 0 1 0 1 0 0 0 0 0
700	19	 1 1 1 1 1 0 0 1 1 1 0 1 1 0 0 0 0 0 0 0
700	8	 1 1 1 0 0 0 0 1 1 1 1 0 0 0 0 0 0 0 0 0
700	9	 1 1 1 1 0 1 0 1 1 1 1 0 0 0 0 0 0 0 0 0
700	4	 1 1 1 1 0 1 0 1 0 1 0 0 1 0 0 1 0 0 1 0
700	30	 1 1 1 1 1 0 0 1 1 0 1 0 1 1 1 0 0 0 0 0
700	6	 1 1 1 1 1 1 0 0 1 1 1 0 0 0 0 0 0 0 0 0
700	2	 1 1 1 1 1 1 0 0 0 1 0 0 0 0 0 1 1 0 0 0
700	13	 1 1 1 1 1 0 0 1 1 1 1 0 1 0 0 0 0 0 0 0
700	12	 1 0 1 1 1 0 0 1 1 1 0 0 1 0 1 1 1 0 0 0
700	8	 1 1 1 1 1 1 1 1 1 1 0 0 1 0 1 1 0 0 0 0
700	58	 1 1 1 1 1 1 1 1 1 1 0 0 1 1 1 0 0 0 0 0
700	4	 1 1 1 0 0 1 0 1 1 1 0 0 1 1 1 0 0 0 0 0
700	10	 0 1 1 1 0 1 0 1 1 1 1 0 0 0 0 0 0 0 0 0
700	11	 1 1 1 1 0 1 0 1 1 1 0 0 1 0 0 0 0 0 0 0
700	26	 1 1 1 1 1 1 1 1 0 1 1 0 1 0 0 1 0 0 0 1
700	16	 1 1 1 1 0 1 0 1 1 1 0 0 0 1 0 1 0 0 0 0
700	3	 1 1 1 1 1 1 1 0 1 1 0 0 0 0 0 0 0 0 0 0
700	36	 1 1 1 1 1 0 0 1 1 1 0 0 1 0 0 0 0 0 0 0
700	5	 1 1 1 1 0 1 0 1 1 1 1 0 1 1 1 0 0 0 1 0
700	14	 1 1 0 1 1 1 1 1 1 1 0 0 0 1 0 0 0 0 0 0
700	9	 1 1 1 1 1 1 0 0 1 1 1 0 0 0 1 0 0 1 0 0
700	15	 1 1 1 1 1 0 1 1 1 1 1 1 0 0 0 0 0 0 0 0
700	12	 1 1 1 1 1 0 0 1 1 1 0 0 1 0 0 1 0 0 0 0
700	2	 1 1 1 0 1 1 1 1 1 1 0 0 0 1 0 1 0 0 0 0
700	3	 1 1 1 1 1 1 1 1 1 1 1 0 1 0 1 0 0 0 0 1
700	6	 0 1 1 1 1 1 1 0 1 1 0 0 1 0 0 0 0 0 0 0
700	3	 1 1 1 1 1 1 0 0 0 1 0 0 1 0 0 1 0 0 0 1
700	8	 0 1 1 1 1 1 1 0 1 1 0 0 0 0 0 0 0 0 0 0
700	25	 1 1 1 1 1 1 1 1 0 1 0 0 1 0 0 0 0 0 0 0
700	7	 1 1 1 1 1 1 1 0 1 1 1 0 1 0 0 0 0 0 0 1
700	3	 1 0 1 1 1 0 0 1 1 1 0 0 1 0 0 1 0 0 0 0
700	1	 1 1 1 0 1 0 0 1 1 1 1 0 1 0 1 1 1 0 0 0
700	16	 1 1 1 1 1 1 0 1 1 1 0 0 1 1 1 0 0 0 0 0
700	24	 1 1 1 1 1 1 1 0 1 1 0 0 1 0 1 1 0 0 0 0
700	20	 1 1 1 1 1 1 0 0 1 1 0 0 0 1 0 1 0 0 0 0
700	6	 1 1 1 0 0 1 0 1 1 1 0 0 1 0 1 0 0 0 0 0
700	9	 1 0 1 1 1 0 0 1 1 1 0 0 1 0 1 1 0 0 0 0
700	5	 1 1 1 1 1 1 0 1 1 0 0 0 1 1 0 1 0 0 0 0
700	14	 1 1 1 1 1 0 0 1 1 1 1 1 1 0 0 0 0 0 0 0
700	12	 1 1 1 1 1 0 0 1 1 1 1 0 1 1 0 0 0 0 0 0
700	3	 1 1 0 1 1 0 0 1 1 1 0 0 1 0 0 0 0 0 0 0
700	2	 1 1 1 1 1 1 1 1 1 1 0 0 0 1 0 1 0 0 0 1
700	17	 1 1 1 1 1 1 1 0 1 1 0 0 0 1 0 0 0 0 0 0
700	7	 1 1 1 1 1 1 1 0 1 1 0 0 0 0 0 1 1 0 0 0
700	7	 1 1 1 1 1 0 0 0 1 1 0 0 1 1 1 0 0 0 0 0
700	17	 1 1 1 1 1 1 1 1 1 1 1 0 1 0 1 0 0 0 0 0
700	15	 1 1 1 1 1 1 0 1 1 0 0 0 1 0 0 0 0 0 0 0
700	13	 1 1 1 1 1 1 1 0 1 1 0 1 1 1 1 0 0 0 0 0
700	2	 1 1 1 1 1 1 1 1 1 1 0 0 1 0 1 0 1 0 0 0
700	21	 0 1 1 1 0 1 0 1 1 1 0 0 0 1 0 1 0 0 0 0
700	3	 1 1 1 1 1 1 0 1 1 1 0 0 1 1 0 0 0 0 0 0
700	7	 1 1 1 1 0 1 0 1 1 1 0 0 1 0 1 1 0 0 1 0
700	13	 1 1 1 1 1 0 0 1 1 1 0 0 0 1 0 0 0 0 0 0
700	7	 0 1 1 1 1 1 1 0 0 1 0 0 0 0 0 1 1 0 0 0
700	11	 1 1 1 1 1 1 0 0 1 1 1 0 0 0 0 1 0 0 0 0
700	5	 1 1 1 1 0 1 0 1 1 1 0 0 1 0 0 1 0 0 0 0
700	6	 1 1 1 1 0 0 0 1 1 0 1 0 1 1 1 0 0 0 0 0
700	3	 1 1 1 1 1 1 1 0 1 1 0 0 0 1 1 1 0 0 0 0
700	15	 1 1 0 1 1 1 1 0 1 1 0 0 0 1 0 1 0 0 0 0
700	7	 1 1 0 1 1 1 1 0 1 1 0 0 0 1 0 0 0 0 0 0
700	6	 0 1 1 1 1 1 0 1 1 0 0 0 1 0 0 0 0 0 0 0
700	9	 1 1 1 0 1 0 0 1 1 1 1 0 1 0 0 0 0 0 0 0
700	4	 1 1 1 1 1 0 1 1 1 1 1 1 0 0 0 1 0 1 0 0
700	12	 0 1 1 1 0 0 0 1 1 1 0 1 1 0 0 0 0 0 0 0
700	1	 1 1 1 1 0 1 0 1 1 1 0 0 0 1 1 0 0 0 0 0
700	1	 1 1 1 1 1 1 0 0 1 1 1 0 0 0 1 0 0 0 0 0
700	8	 1 1 1 1 1 1 1 0 1 1 0 0 1 0 0 0 0 0 0 0
700	8	 1 1 1 1 0 1 1 0 1 1 0 0 0 1 0 1 0 0 0 0
700	4	 1 1 1 1 1 1 1 1 1 0 0 0 1 0 1 0 0 0 0 0
700	1	 1 1 1 1 1 1 1 1 1 1 0 0 0 0 0 1 1 0 0 0
700	3	 1 1 1 1 1 1 1 0 1 1 0 0 0 1 1 0 0 0 0 0
700	4	 1 1 1 1 0 1 0 1 1 1 0 0 1 0 0 1 1 0 1 0
700	10	 1 1 1 1 1 1 1 1 1 1 0 0 0 0 1 0 0 0 0 0
700	4	 0 1 1 1 1 0 0 1 1 0 1 0 1 1 1 0 0 0 0 0
700	4	 1 1 1 1 1 1 1 1 1 1 0 1 1 1 1 0 0 0 0 0
700	1	 1 1 0 1 0 1 0 1 1 1 0 0 1 0 0 1 0 1 0 0
700	3	 1 1 1 0 1 1 0 0 1 1 0 0 0 1 0 1 0 0 0 0
700	2	 1 0 1 1 1 1 0 1 1 0 0 0 1 1 0 1 0 0 0 0
700	7	 1 1 1 1 1 1 1 0 0 1 0 0 0 0 1 1 1 0 0 0
700	3	 1 0 1 1 1 1 1 1 1 1 0 0 1 1 1 0 0 0 0 0
700	1	 1 1 1 1 0 1 0 1 0 1 0 0 1 0 0 1 0 1 1 0
700	1	 1 1 1 1 0 1 0 1 1 1 0 0 0 1 0 0 0 0 0 0
700	4	 0 1 1 1 1 1 0 0 1 1 1 0 0 0 0 1 0 0 0 0
700	11	 1 1 0 1 0 1 1 0 1 1 0 0 0 1 0 0 0 0 0 0
700	1	 1 1 0 1 1 0 1 0 1 1 0 0 0 1 0 0 0 0 0 0
700	2	 1 1 1 1 1 1 1 0 1 0 0 0 0 1 0 0 0 0 0 0
700	2	 1 1 1 1 1 1 0 1 1 1 0 0 0 1 0 0 0 0 0 0
700	1	 1 1 1 1 1 1 0 1 1 0 0 1 1 1 0 0 0 0 0 0
700	14	 1 1 1 1 0 1 1 1 1 1 0 0 0 1 0 1 0 0 0 0
700	2	 1 1 1 1 1 1 0 0 0 1 0 0 0 0 0 1 0 0 0 1
700	1	 1 1 1 0 1 1 1 1 1 1 1 0 1 0 1 0 0 0 0 0
700	2	 1 1 1 1 0 1 0 1 1 1 0 1 1 0 0 1 0 0 0 0
700	1	 1 1 1 1 0 1 0 1 1 1 0 1 1 0 0 0 0 0 0 0
700	1	 1 1 1 1 1 1 1 1 1 1 0 0 1 0 1 1 0 0 1 0
700	7	 1 0 1 1 1 0 0 1 1 1 0 1 1 0 0 0 0 0 0 0
700	1	 1 1 1 1 1 1 0 0 0 1 0 0 0 0 0 1 1 1 0 0
700	2	 1 1 1 1 1 1 1 0 1 1 0 1 0 1 0 0 0 0 0 0
700	1	 1 1 1 1 1 1 1 1 1 1 0 0 0 1 0 0 0 0 0 0
700	3	 1 1 1 1 1 1 1 1 1 1 0 0 0 0 0 0 0 0 0 0
700	8	 1 1 1 1 1 0 0 1 1 1 0 0 1 0 0 0 0 0 1 0
700	6	 1 1 1 1 1 0 0 1 1 1 0 0 1 0 1 1 1 0 0 0
700	1	 1 1 0 1 0 1 1 0 1 1 1 0 0 0 0 0 0 0 0 0
700	2	 1 1 1 1 1 1 1 0 1 1 0 0 0 0 0 1 0 0 0 1
700	5	 1 1 1 1 0 1 1 1 1 1 0 0 1 0 1 0 0 0 0 0
700	2	 1 1 1 1 1 0 0 1 1 0 0 0 1 1 1 0 0 0 0 0
700	2	 1 1 1 1 0 1 0 0 1 1 0 0 1 0 0 0 0 0 0 0
700	2	 0 1 1 1 1 1 0 0 1 1 0 0 0 0 0 0 0 0 0 0
700	5	 1 1 1 0 1 0 0 1 1 1 0 0 1 0 1 1 1 0 0 0
700	1	 1 1 1 1 0 0 0 1 1 0 1 0 1 1 1 0 1 0 0 0
700	1	 1 1 1 1 1 1 0 0 1 1 0 0 1 1 1 0 0 0 0 0
700	3	 1 1 1 1 1 0 1 1 1 1 1 1 0 0 0 1 0 0 0 0
700	1	 1 1 1 1 1 1 1 1 1 1 0 0 1 0 0 1 0 0 0 0
700	4	 0 1 1 1 1 1 1 0 1 1 0 0 0 1 0 1 0 0 0 0
700	6	 1 1 1 0 0 1 0 1 1 1 0 0 1 0 0 0 0 0 0 0
700	3	 1 1 1 1 1 1 1 1 1 1 1 0 1 0 0 1 0 0 0 1
700	6	 1 1 1 1 1 0 0 1 1 0 0 0 1 0 0 0 0 0 0 0
700	2	 1 1 1 1 1 0 1 1 1 1 1 0 1 0 1 0 0 0 0 0
700	4	 1 1 1 1 0 1 0 1 1 1 0 0 1 0 1 1 0 1 1 1
700	3	 1 0 1 1 1 0 0 1 1 0 1 0 1 1 1 0 0 0 0 0
700	2	 1 1 1 1 1 0 0 1 1 1 0 0 1 0 1 1 0 0 0 0
700	2	 1 1 1 1 1 0 1 0 1 1 1 0 0 0 0 1 0 0 0 0
700	2	 1 0 1 1 1 0 0 1 1 1 0 0 1 0 1 1 1 0 0 1
700	3	 1 1 1 1 0 1 1 1 1 1 0 0 1 0 1 1 0 0 0 0
700	1	 1 1 1 1 1 1 1 1 0 1 0 0 1 1 1 0 0 0 0 0
700	1	 1 1 1 1 1 1 1 1 0 0 1 0 1 0 0 1 0 0 0 1
700	1	 0 1 1 1 1 1 1 0 1 0 0 0 0 0 0 0 0 0 0 0
700	1	 1 1 1 0 1 1 1 1 0 1 0 0 1 0 0 0 0 0 0 0
700	2	 1 1 1 1 1 1 0 1 1 1 0 0 0 1 1 0 0 0 0 0
700	3	 1 1 1 1 1 1 1 0 1 1 0 0 0 0 0 1 1 0 1 0
700	4	 0 1 1 1 0 1 0 1 1 1 1 0 0 1 0 1 0 0 0 0
700	2	 1 1 1 1 0 1 1 0 1 1 0 0 0 1 1 0 0 0 0 0
700	2	 1 0 1 1 1 1 1 1 1 1 0 0 0 1 1 0 0 0 0 0
800	20	 1 1 1 1 1 1 1 1 1 1 0 0 1 0 1 0 0 0 0 0
800	16	 1 1 1 1 1 1 1 0 1 1 0 0 0 1 0 0 0 0 0 0
800	96	 1 1 1 1 1 1 0 1 1 0 0 0 1 0 0 0 0 0 0 0
800	12	 1 1 1 1 1 1 1 1 1 1 0 0 0 1 0 1 0 0 0 0
800	28	 1 1 1 1 1 1 1 0 1 0 0 0 1 0 0 0 0 0 0 0
800	115	 1 1 0 1 1 1 0 1 1 0 0 0 1 0 0 0 0 0 0 0
800	4	 1 1 1 1 0 1 0 1 1 1 0 0 1 0 0 0 0 1 0 0
800	49	 1 0 1 1 1 1 1 0 1 0 0 0 1 0 0 0 0 0 0 0
800	1	 1 1 1 1 1 0 0 0 1 1 1 0 0 0 0 1 0 0 0 0
800	1	 1 1 1 1 0 1 0 1 1 0 0 0 1 0 1 0 0 0 0 0
800	10	 0 1 1 1 1 1 1 0 1 1 0 0 0 1 0 0 0 0 0 0
800	31	 1 1 1 1 1 1 1 1 0 0 0 0 1 1 0 0 0 0 0 0
800	8	 1 1 1 1 1 0 1 0 1 1 0 0 1 0 0 0 0 1 0 0
800	17	 1 1 1 1 0 1 0 1 1 1 0 1 1 0 0 1 0 0 0 0
800	16	 1 1 1 0 1 1 1 0 1 0 0 0 1 0 0 0 0 0 0 0
800	4	 1 1 0 1 1 1 1 1 0 1 0 0 0 1 1 0 0 0 0 0
800	9	 1 0 1 1 1 1 1 0 1 0 0 1 1 0 0 0 0 0 0 0
800	2	 1 1 1 1 0 1 0 1 1 1 0 1 0 1 0 0 0 0 0 0
800	5	 1 1 1 1 0 1 1 0 1 1 0 0 1 0 1 0 0 0 1 0
800	38	 1 0 1 1 1 1 1 0 1 0 0 0 0 0 0 0 0 0 0 0
800	22	 1 1 1 1 1 0 1 0 1 1 0 0 1 0 1 0 0 0 0 0
800	5	 1 1 1 1 1 1 1 0 0 1 1 1 0 1 1 0 0 0 0 0
800	4	 1 1 1 1 1 0 0 0 1 1 1 0 0 0 1 0 0 0 0 0
800	16	 1 1 1 1 1 1 0 1 1 1 0 0 0 1 0 0 0 0 0 0
800	22	 0 1 1 1 1 1 1 1 1 0 0 0 1 0 0 0 0 0 0 0
800	1	 0 1 1 1 0 1 1 0 1 1 0 0 1 0 1 0 0 0 0 0
800	8	 1 1 1 1 0 1 1 1 1 0 0 0 1 0 1 0 0 0 0 0
800	4	 1 1 1 1 1 1 0 1 1 1 0 1 1 1 0 0 0 0 0 0
800	1	 1 1 1 1 0 1 0 1 1 0 0 0 1 0 0 1 0 0 0 0
800	6	 1 1 1 1 0 1 0 1 1 1 0 0 1 0 0 0 0 1 1 0
800	9	 1 1 1 1 1 0 0 0 1 1 0 0 1 0 0 0 0 0 0 0
800	34	 1 1 1 1 1 1 0 1 1 0 0 0 0 1 1 0 0 0 0 0
800	9	 1 1 1 1 1 0 1 0 0 1 0 0 1 0 1 0 0 0 0 0
800	3	 1 1 1 1 0 1 1 1 1 0 0 0 1 0 0 0 0 0 0 0
800	3	 1 0 1 1 1 1 0 1 1 0 0 0 1 0 0 0 0 0 0 0
800	19	 1 1 1 1 0 1 1 0 1 1 0 0 1 0 0 0 0 0 0 0
800	4	 1 1 1 1 0 1 0 1 1 0 0 0 1 0 0 0 0 0 0 0
800	5	 1 1 1 1 0 1 0 1 0 1 0 0 0 0 0 0 0 1 0 0
800	12	 1 1 1 1 1 1 0 0 1 0 0 0 1 0 0 0 0 0 0 0
800	1	 1 1 0 1 1 1 0 0 1 0 0 0 1 0 0 0 0 0 0 0
800	1	 1 0 1 1 1 0 0 1 1 1 0 0 0 1 1 1 0 1 0 1
800	2	 1 1 1 1 1 0 1 0 1 1 0 0 0 0 0 0 0 1 0 0
800	13	 1 1 1 1 1 1 0 1 0 0 0 0 1 1 1 0 0 0 1 0
800	25	 1 1 0 1 1 1 0 1 1 0 1 0 1 0 0 0 0 0 0 0
800	7	 1 1 1 1 1 1 0 1 0 0 0 0 1 0 1 0 0 0 0 0
800	18	 1 1 1 0 1 1 1 0 1 0 0 0 1 0 1 0 0 0 0 0
800	2	 1 0 1 1 1 1 0 1 1 1 0 0 0 1 0 0 0 0 0 0
800	9	 1 0 1 1 1 1 1 0 1 0 0 0 1 0 0 0 0 0 0 1
800	1	 1 1 1 1 1 0 1 0 1 1 1 0 1 0 0 0 0 1 0 0
800	1	 1 0 1 1 1 1 0 0 1 0 0 0 1 0 0 0 0 0 0 0
800	3	 1 0 1 1 1 1 1 0 1 0 0 0 0 1 0 0 0 0 0 0
800	4	 1 1 0 1 0 1 1 0 1 0 0 0 1 0 0 0 0 0 0 0
800	4	 1 1 1 1 1 1 0 1 0 1 1 1 0 1 1 0 0 0 0 0
800	5	 1 1 1 1 1 0 0 1 1 0 0 0 1 0 0 0 0 0 0 0
800	1	 1 1 1 1 1 1 0 1 1 0 0 0 1 0 0 0 0 0 0 1
800	8	 1 1 1 1 1 1 1 0 0 1 1 0 0 1 1 0 0 0 0 0
800	4	 1 0 1 1 1 1 0 1 1 0 0 0 1 0 0 0 0 1 0 0
800	3	 1 0 1 1 1 1 1 0 1 1 0 0 1 0 1 0 0 0 0 0
800	7	 1 1 1 1 0 1 0 1 0 1 0 0 1 0 0 0 0 1 0 1
800	1	 1 1 0 1 1 1 0 1 1 0 0 0 1 0 0 0 0 0 1 0
800	13	 1 1 1 1 1 0 1 0 1 1 0 0 1 0 1 0 0 1 0 0
800	8	 0 0 1 1 1 0 1 1 1 1 0 0 1 0 0 0 0 1 1 0
800	19	 1 1 1 1 0 0 1 0 1 1 0 0 0 1 0 0 0 0 0 0
800	3	 1 1 0 1 1 1 0 1 0 0 0 0 1 1 1 0 0 0 1 0
800	1	 1 1 1 1 0 1 0 1 1 0 0 0 0 1 1 0 0 0 0 0
800	1	 1 1 1 1 0 1 1 1 1 0 0 0 1 0 1 0 0 0 1 0
800	2	 0 1 1 1 1 1 1 1 1 1 0 0 1 0 1 0 0 0 0 0
800	2	 1 1 0 1 1 1 0 0 1 1 0 0 1 0 0 0 0 0 0 0
800	7	 1 1 1 1 1 0 0 1 1 1 0 0 0 1 1 1 0 1 0 1
800	1	 0 1 1 1 1 1 1 1 1 0 0 0 0 1 1 0 0 0 0 0
800	2	 1 0 1 1 1 0 0 1 1 0 0 0 1 0 0 0 0 0 0 0
800	5	 1 1 1 1 0 1 0 1 1 1 0 1 1 0 0 1 0 0 1 0
800	5	 1 1 1 1 1 1 1 0 0 0 1 1 0 1 1 0 0 0 0 0
800	5	 1 1 1 1 0 1 0 1 1 1 0 0 0 1 0 0 0 0 0 0
800	1	 1 1 0 1 0 1 1 0 1 0 0 0 1 1 0 0 0 0 0 0
800	6	 1 1 1 1 1 1 0 1 1 1 0 0 1 0 1 0 0 0 1 0
800	6	 1 1 1 1 1 1 1 1 1 0 0 0 1 0 0 1 0 0 0 0
800	8	 1 0 1 1 1 1 1 0 1 0 0 0 0 0 1 0 0 0 1 0
800	4	 1 0 1 1 1 0 0 1 1 0 0 0 0 1 1 0 0 0 0 0
800	4	 1 1 1 1 1 1 1 0 1 0 0 0 1 0 1 0 0 0 0 0
800	1	 0 0 1 1 1 1 1 0 1 0 0 0 1 0 0 0 0 0 0 0
800	2	 1 1 0 1 0 1 0 1 1 0 0 0 1 0 1 0 0 0 0 0
800	2	 1 0 1 1 1 1 0 1 1 0 0 0 1 0 0 1 0 0 0 0
800	5	 1 1 1 1 1 1 0 0 1 0 0 0 1 0 0 1 0 0 0 0
800	2	 1 1 1 1 1 1 0 1 1 1 0 1 0 0 0 0 0 0 0 0
800	3	 1 0 1 1 1 1 1 0 1 0 0 0 0 0 0 0 0 1 0 0
800	4	 1 1 1 1 1 0 1 0 1 1 0 0 1 0 0 0 0 0 0 0
800	2	 0 1 1 1 1 1 0 1 1 0 0 0 1 0 0 0 0 0 0 0
800	3	 1 1 1 1 1 0 0 0 1 1 1 0 0 0 0 1 0 0 0 1
800	7	 0 1 1 0 1 1 1 0 1 1 0 0 0 1 0 0 0 0 0 0
800	5	 1 1 1 0 1 1 1 0 1 0 0 0 1 0 0 1 0 0 0 0
800	5	 1 1 1 1 1 1 0 1 1 1 0 0 0 1 1 0 0 0 0 0
800	2	 1 1 0 1 1 1 0 1 0 0 0 0 1 0 1 0 0 0 0 0
800	4	 1 1 1 1 1 1 0 1 1 0 0 0 1 1 0 0 0 0 0 0
800	1	 1 1 1 1 1 1 0 1 1 0 0 1 1 0 0 0 0 0 0 0
800	9	 1 1 1 1 1 1 0 1 1 0 0 0 1 0 0 0 1 0 0 0
800	7	 1 1 0 1 1 1 1 1 1 0 0 0 1 0 0 0 0 0 0 0
800	5	 0 1 1 1 1 1 1 0 1 1 0 0 0 1 0 0 0 0 0 1
800	2	 1 1 1 1 0 1 1 1 1 0 1 0 1 0 1 0 0 0 0 0
800	1	 1 1 1 1 1 0 0 0 1 1 0 0 0 0 0 0 0 0 0 0
800	2	 1 1 1 1 0 1 0 1 0 1 0 0 0 0 0 0 1 1 0 0
800	1	 1 1 0 1 1 0 0 1 1 0 1 0 1 0 0 0 0 0 0 0
800	2	 1 0 1 1 1 1 1 0 1 0 0 0 0 0 0 0 0 1 1 0
800	1	 0 1 1 1 0 1 1 0 0 1 0 0 0 0 0 0 0 1 0 0
800	3	 1 1 1 1 0 1 0 1 0 1 0 0 1 0 0 0 0 0 0 0
800	2	 1 1 1 1 1 1 0 0 1 1 0 0 1 0 0 0 0 1 0 0
800	1	 1 1 1 1 1 1 0 1 1 0 0 0 0 0 0 0 0 0 0 0
800	2	 1 0 1 1 0 1 1 0 1 0 0 0 1 0 0 0 0 0 0 0
800	1	 1 1 0 1 1 0 0 1 1 0 0 0 1 0 0 0 0 0 0 0
800	1	 1 1 1 1 1 1 1 0 1 1 0 0 0 0 0 0 0 0 0 0
800	1	 0 1 1 1 1 1 1 0 1 0 0 0 0 0 0 0 0 0 0 0
800	1	 1 1 1 1 1 1 0 1 1 0 0 0 1 0 0 1 0 0 0 0
800	1	 1 1 0 1 1 1 0 1 1 1 0 0 1 0 0 0 0 0 0 0
800	1	 1 0 1 1 1 1 1 1 1 0 0 0 1 0 0 0 0 0 0 0
800	1	 1 0 1 0 1 1 1 0 1 0 0 0 1 0 0 0 0 0 0 0
800	3	 1 1 1 1 1 0 0 0 1 0 0 0 1 0 0 0 0 0 0 0
800	1	 1 0 1 1 0 1 0 1 0 1 0 0 1 0 0 0 0 1 0 0
800	1	 1 1 1 1 1 1 1 0 1 1 0 0 1 0 0 0 0 0 0 0
800	1	 1 1 1 0 0 1 1 0 1 1 0 0 1 0 0 0 0 0 0 0
800	1	 1 1 0 1 0 1 1 0 1 1 0 0 1 0 0 0 0 0 0 0
800	1	 1 1 1 1 0 0 0 1 1 0 0 0 1 0 0 0 0 0 0 0
800	1	 1 0 1 1 0 1 0 1 0 1 0 0 0 0 0 0 0 1 0 0
800	1	 1 1 1 1 1 1 0 1 0 0 0 0 0 0 1 0 0 0 0 0
800	1	 1 0 1 1 1 1 1 0 1 0 0 0 0 1 0 0 0 0 0 1
800	3	 1 0 0 1 1 1 1 0 1 1 0 0 1 0 1 0 0 0 0 0
800	1	 1 0 1 1 1 1 1 0 1 1 0 0 1 0 1 0 0 0 1 0
900	31	 1 1 1 1 1 1 0 1 1 0 0 0 1 0 0 0 0 0 0 0
900	5	 1 1 1 1 1 1 1 0 1 0 0 0 1 0 0 0 0 0 0 0
900	70	 1 1 0 1 1 1 0 1 1 0 0 0 1 0 0 0 0 0 0 0
900	10	 1 0 1 1 1 1 1 0 1 0 0 0 1 0 0 0 0 0 0 0
900	2	 1 0 1 1 1 1 1 0 1 0 0 0 0 0 0 0 0 0 0 0
900	7	 1 1 1 1 1 0 1 0 0 1 0 0 1 0 1 0 0 0 0 0
900	5	 1 1 1 1 0 1 1 0 1 1 0 0 1 0 0 0 0 0 0 0
900	26	 1 1 1 1 1 1 0 0 1 0 0 0 1 0 0 0 0 0 0 0
900	11	 1 1 0 1 1 1 1 0 1 0 0 0 1 0 0 0 0 0 0 0
900	21	 1 0 1 1 1 1 1 0 1 0 0 0 1 1 0 0 0 0 0 0
900	3	 1 1 1 1 1 1 0 0 1 0 0 0 1 1 0 0 0 0 0 0
900	25	 1 1 1 1 1 1 0 1 1 0 0 0 1 0 0 0 1 0 0 1
900	7	 1 0 1 1 1 1 0 1 1 0 0 0 1 0 0 0 0 0 0 0
900	74	 1 1 1 1 1 1 0 1 1 0 0 0 0 0 0 0 0 0 0 0
900	13	 1 1 1 1 0 1 0 0 1 1 0 0 1 0 0 0 0 0 0 0
900	5	 0 1 1 1 1 1 0 1 1 0 0 0 1 0 0 0 0 0 0 0
900	5	 1 1 0 1 1 1 0 0 1 0 0 0 1 0 0 0 0 0 0 0
900	30	 1 0 1 1 1 0 0 0 1 0 0 0 1 0 0 0 0 0 0 0
900	4	 1 1 1 1 1 1 0 1 1 1 0 0 0 0 0 0 0 0 0 0
900	31	 0 0 1 1 1 1 1 0 1 0 0 0 1 1 0 0 0 0 0 0
900	57	 1 1 1 1 1 1 1 0 1 0 0 0 1 0 0 0 0 0 0 1
900	2	 1 0 1 1 1 0 1 0 1 0 0 0 1 0 0 0 0 0 0 0
900	2	 1 1 1 1 1 1 0 0 1 1 0 0 1 0 0 0 0 0 0 0
900	1	 1 0 1 1 1 1 1 1 1 0 0 0 1 0 0 0 0 0 0 0
900	4	 1 1 1 1 1 1 0 1 1 0 0 0 0 0 0 0 1 0 0 0
900	29	 1 1 1 1 1 1 0 1 1 0 0 0 0 0 1 0 0 0 0 0
900	2	 1 1 1 1 1 1 0 0 1 1 0 0 1 0 1 0 0 0 0 0
900	2	 1 1 1 1 1 1 0 1 1 0 0 0 1 0 1 0 0 0 1 0
900	9	 1 1 1 1 0 0 1 0 1 0 0 0 0 0 0 0 0 0 0 0
900	13	 1 1 1 1 1 1 0 1 1 0 0 0 1 0 0 1 0 0 0 0
900	3	 1 1 0 1 1 1 1 0 1 0 0 0 1 0 0 0 0 0 0 1
900	50	 1 1 1 1 0 1 1 1 1 0 0 0 1 1 1 0 0 0 0 0
900	28	 1 0 1 1 1 0 0 0 1 0 0 0 1 1 0 0 0 0 0 0
900	15	 1 1 0 1 1 0 0 0 1 0 0 0 1 0 0 0 0 0 0 0
900	3	 0 1 0 1 1 1 0 1 1 0 0 0 1 0 0 0 0 0 0 0
900	2	 0 0 1 1 1 1 1 0 1 1 0 0 1 1 0 0 0 0 0 0
900	40	 1 1 1 1 1 1 1 0 1 0 0 0 1 1 0 0 0 0 0 0
900	2	 1 1 1 1 1 1 1 0 1 1 0 0 1 0 0 0 0 0 0 0
900	2	 1 1 1 1 0 1 1 0 1 1 0 0 1 0 0 0 0 0 0 1
900	15	 1 1 1 1 1 1 0 1 1 0 0 0 1 1 0 0 0 0 0 0
900	8	 1 0 1 1 1 1 1 0 1 0 0 0 1 1 1 0 0 0 0 0
900	15	 1 1 0 1 1 1 0 1 1 0 0 0 1 0 1 0 0 0 0 1
900	1	 1 0 1 1 1 1 0 1 1 0 0 0 1 0 0 0 1 0 0 0
900	4	 1 0 1 1 1 1 0 1 1 0 0 0 0 0 0 0 0 0 0 0
900	5	 1 1 0 1 0 1 1 0 1 0 0 0 0 0 1 0 0 0 0 0
900	17	 1 1 1 1 0 1 0 1 1 0 0 0 1 1 1 0 1 0 0 0
900	2	 0 0 1 1 1 1 1 0 1 0 0 0 0 1 0 0 0 0 0 0
900	3	 1 1 1 1 1 0 1 0 0 1 0 0 1 0 1 0 0 0 0 1
900	20	 1 0 1 1 0 1 1 0 1 1 0 0 1 0 0 0 0 0 0 0
900	18	 1 1 1 1 1 1 0 0 1 0 0 0 1 0 0 1 0 0 0 0
900	10	 1 1 1 1 1 1 0 0 1 1 0 0 0 0 0 0 0 0 0 0
900	1	 1 0 1 1 1 1 0 1 1 0 0 0 0 0 0 0 1 0 0 0
900	7	 1 1 1 1 1 1 0 0 1 0 0 0 1 0 1 0 0 0 0 0
900	1	 0 1 1 1 1 1 0 1 1 1 0 0 0 0 0 0 0 0 0 0
900	3	 0 0 1 0 1 1 1 0 1 0 0 0 1 1 0 0 0 0 0 0
900	2	 1 1 1 1 1 0 1 0 1 0 0 0 1 0 0 0 0 1 0 0
900	9	 1 1 1 1 1 1 0 1 1 0 0 0 0 0 1 0 0 0 1 0
900	7	 1 1 0 1 1 1 0 1 0 0 0 0 1 0 0 0 0 0 0 0
900	14	 1 1 1 1 1 0 0 1 1 1 0 0 0 0 0 0 0 0 0 0
900	10	 1 1 1 1 1 0 0 0 1 1 0 0 0 0 0 0 0 0 0 0
900	3	 1 1 0 1 0 1 0 0 1 0 0 0 1 0 0 0 0 0 0 0
900	11	 1 0 1 1 1 0 0 0 1 0 0 0 1 1 0 0 0 1 0 0
900	1	 1 0 1 1 1 1 1 0 1 0 0 0 1 0 0 0 0 0 0 1
900	1	 1 0 1 1 1 1 0 0 1 0 0 0 1 0 0 0 0 0 0 0
900	4	 1 1 1 1 1 0 0 0 1 0 0 0 1 0 0 0 0 0 0 0
900	1	 1 1 1 1 1 1 0 1 1 0 0 0 0 0 0 0 1 0 0 1
900	4	 1 1 1 1 1 1 0 1 1 0 0 1 1 0 1 0 0 0 1 0
900	3	 1 1 0 1 1 1 0 1 1 0 0 0 0 0 1 0 0 0 0 0
900	2	 1 0 1 1 0 1 1 0 1 0 0 0 1 0 0 0 0 0 0 0
900	2	 1 1 1 1 0 0 1 0 0 1 0 0 1 0 1 0 0 0 0 0
900	1	 1 1 1 1 1 1 0 0 0 0 0 0 1 0 0 0 0 0 0 0
900	3	 1 1 1 1 1 1 1 1 1 0 0 0 1 0 0 0 1 0 0 1
900	2	 1 0 1 1 1 0 0 0 1 1 0 0 1 0 0 0 0 0 0 0
900	13	 1 0 1 1 1 0 0 0 1 0 0 0 0 0 0 0 0 0 0 0
900	2	 0 0 1 1 1 1 1 0 0 0 0 0 1 1 0 0 0 0 0 0
900	6	 1 1 0 1 1 1 0 1 1 0 0 0 1 0 0 0 0 0 0 1
900	1	 0 1 1 1 1 1 1 0 1 0 0 0 1 1 1 0 0 0 0 0
900	1	 0 0 1 1 1 1 1 0 1 0 0 0 1 1 1 0 0 0 0 0
900	4	 1 1 0 1 1 1 0 1 1 0 0 0 0 0 0 0 1 0 0 1
900	7	 1 1 0 1 1 1 0 1 1 0 0 0 1 0 1 0 0 0 0 0
900	3	 1 1 0 1 1 1 1 0 1 0 0 0 0 0 1 0 0 0 0 0
900	3	 1 1 1 1 0 1 0 1 1 0 0 0 1 0 0 0 0 0 0 0
900	5	 1 0 1 1 1 1 0 1 1 0 0 0 0 0 1 0 0 0 0 0
900	5	 1 1 0 1 0 1 0 1 1 0 0 0 1 0 0 0 0 0 0 0
900	3	 1 1 1 1 1 1 0 1 1 0 0 0 0 0 1 1 0 0 0 0
900	3	 1 1 0 1 1 0 1 0 0 1 0 0 1 0 1 0 0 0 0 0
900	5	 1 1 1 1 1 1 0 1 1 0 0 1 1 0 0 0 0 0 0 0
900	9	 1 1 0 1 1 1 0 1 1 0 0 0 1 0 0 0 0 1 0 0
900	2	 0 1 1 1 0 1 0 1 1 0 0 0 1 1 1 0 1 0 0 0
900	2	 0 0 1 1 1 1 0 0 1 0 0 0 1 0 0 0 0 0 0 0
900	2	 1 1 1 1 1 0 0 0 1 0 0 0 0 0 0 0 0 0 0 0
900	4	 1 0 1 1 1 0 0 0 1 0 0 0 1 0 0 0 0 0 1 0
900	1	 1 1 1 1 1 1 1 1 1 0 0 0 1 0 0 0 0 0 0 1
900	2	 1 0 1 1 1 0 0 0 0 0 0 0 1 1 0 0 0 0 0 0
900	1	 1 1 1 1 1 1 0 0 1 0 0 0 1 0 1 0 0 0 1 0
900	1	 0 0 1 1 1 1 1 1 0 0 0 0 1 1 1 0 1 0 0 0
900	2	 1 1 1 1 1 1 0 1 1 0 0 0 1 1 1 0 0 0 0 0
900	2	 1 0 1 1 1 0 0 0 1 0 0 0 1 0 0 0 0 0 0 1
900	8	 1 0 1 1 1 1 1 0 0 0 0 0 1 0 0 0 0 0 0 0
900	1	 1 1 1 1 1 0 0 1 1 0 0 0 0 0 0 0 0 0 0 0
900	3	 1 1 1 1 1 1 0 1 1 0 0 1 0 0 0 0 0 0 0 0
900	1	 1 1 0 1 1 1 0 1 1 0 0 0 0 0 0 0 0 0 0 0
900	2	 1 1 1 1 0 1 0 0 1 1 0 0 1 0 0 0 0 0 1 0
900	5	 1 1 1 1 1 1 0 0 1 0 0 0 0 0 0 1 0 0 0 0
900	3	 1 0 1 1 1 1 0 1 1 0 0 0 1 0 0 1 0 0 0 0
900	2	 1 0 1 1 1 0 0 0 1 0 0 0 1 1 0 0 1 0 0 0
900	2	 0 0 1 1 1 0 1 0 1 1 0 0 1 1 0 0 0 0 0 0
900	1	 1 1 1 1 1 1 0 0 1 0 1 0 1 0 0 1 0 0 0 0
900	7	 1 0 0 1 1 1 1 0 1 0 0 0 0 0 1 0 0 0 0 0
900	1	 1 1 1 1 1 0 0 0 1 0 0 0 1 0 0 0 0 0 0 1
900	1	 1 0 1 1 1 1 0 0 1 0 0 0 1 0 0 1 0 0 0 0
900	1	 1 1 1 1 1 1 0 0 1 1 0 0 0 1 0 0 0 0 0 0
900	4	 1 1 1 1 1 1 0 1 1 0 0 0 0 0 0 0 0 0 1 0
900	1	 1 0 1 1 1 0 0 0 1 1 0 0 1 0 0 1 0 0 0 0
900	2	 1 1 1 0 1 1 1 0 1 0 0 0 1 1 1 0 0 0 0 0
900	1	 1 1 1 1 0 1 0 1 0 0 0 1 1 1 1 0 1 0 0 0
900	4	 1 0 1 0 1 1 1 1 1 0 0 0 1 0 0 0 0 0 0 1
1000	49	 1 1 1 1 1 1 0 1 1 0 0 0 1 0 0 0 0 0 0 0
1000	20	 1 1 1 1 1 1 0 0 1 0 0 0 1 0 0 0 0 0 0 0
1000	57	 1 1 1 1 1 1 0 1 1 0 0 0 0 0 0 0 0 0 0 0
1000	9	 1 1 1 1 0 1 1 1 1 0 0 0 1 1 1 0 0 0 0 0
1000	13	 1 0 1 1 1 1 1 0 1 0 0 0 1 1 1 0 0 0 0 0
1000	57	 1 1 1 1 0 1 1 1 1 0 0 0 0 1 1 0 0 0 0 0
1000	1	 1 0 1 1 1 0 1 0 1 0 0 0 1 1 0 0 0 0 0 0
1000	12	 1 1 1 1 1 1 0 1 1 0 0 0 0 0 0 0 0 0 0 1
1000	18	 0 1 1 1 1 1 1 0 1 0 0 0 1 1 0 0 0 0 0 0
1000	3	 1 1 1 1 1 1 0 1 1 0 0 0 1 1 1 0 1 0 0 0
1000	11	 1 1 1 1 0 1 1 0 1 0 0 0 0 1 1 0 0 0 0 0
1000	92	 1 1 1 1 0 1 1 1 1 0 0 0 0 0 0 0 0 0 0 0
1000	38	 1 1 1 1 1 0 0 0 1 0 0 0 1 0 0 0 0 0 0 0
1000	9	 1 0 1 1 1 1 0 0 1 0 0 0 1 1 1 0 1 0 0 0
1000	5	 0 1 1 1 1 1 1 0 1 0 0 0 1 1 1 0 0 0 0 0
1000	17	 1 1 1 1 0 1 0 1 1 0 0 0 0 1 1 0 0 0 0 0
1000	3	 1 1 1 1 0 1 1 1 1 1 0 0 1 1 1 0 0 0 0 0
1000	3	 0 1 1 1 1 1 1 0 1 0 0 0 1 0 0 0 0 0 0 0
1000	13	 1 0 1 1 1 1 0 1 1 0 0 0 0 0 0 0 0 0 0 0
1000	4	 1 1 1 1 0 1 0 1 1 0 0 0 1 0 1 0 1 0 0 0
1000	8	 0 1 1 1 1 0 0 1 1 1 0 1 1 1 1 0 1 0 0 0
1000	5	 1 1 0 1 1 1 0 1 1 0 0 0 0 0 0 0 0 0 0 0
1000	17	 1 1 1 1 1 1 0 1 1 0 0 0 0 1 0 1 0 0 0 0
1000	26	 1 1 1 1 0 1 0 1 1 0 0 0 0 0 0 0 0 0 0 0
1000	11	 1 1 1 0 1 1 0 0 1 0 0 0 1 0 0 0 0 0 0 0
1000	23	 1 1 1 1 1 1 0 1 1 0 0 0 1 0 1 0 0 0 0 0
1000	13	 0 1 1 1 1 1 0 0 1 0 0 0 1 0 0 0 0 0 0 0
1000	12	 1 1 1 1 0 1 1 0 1 0 0 0 0 1 1 1 0 0 0 0
1000	3	 1 1 1 1 1 1 0 0 1 0 0 0 1 1 1 0 1 0 0 0
1000	3	 1 1 1 1 1 0 0 1 1 0 0 0 1 0 0 0 0 0 0 0
1000	10	 1 1 1 1 1 1 0 1 0 0 0 0 1 0 0 0 0 0 0 0
1000	9	 1 0 1 1 1 1 0 1 1 0 0 0 1 0 0 0 0 0 0 0
1000	6	 1 1 1 1 1 1 0 1 1 0 0 0 0 1 0 1 0 1 0 0
1000	1	 1 1 1 1 1 1 0 0 1 0 0 0 1 1 0 0 0 0 0 0
1000	20	 1 1 1 1 1 1 0 0 0 0 0 0 1 0 0 0 0 0 0 0
1000	16	 1 1 1 1 0 1 0 1 1 0 0 0 0 1 1 0 1 0 0 0
1000	14	 1 0 1 1 0 1 1 1 1 0 0 0 0 1 1 0 0 0 0 0
1000	6	 1 1 1 1 1 1 0 1 1 0 0 0 0 0 0 0 0 0 1 0
1000	2	 1 1 1 1 1 1 0 1 1 0 0 0 0 0 0 1 0 0 0 1
1000	8	 1 1 1 1 1 0 0 0 1 0 0 1 1 0 0 0 0 0 0 0
1000	3	 1 1 1 1 1 1 0 0 1 0 1 0 1 0 0 0 1 0 0 0
1000	8	 1 1 1 1 0 1 1 1 1 0 0 0 0 0 0 0 0 0 0 1
1000	9	 1 0 1 1 1 1 0 0 1 0 0 0 1 0 1 0 1 0 0 0
1000	3	 1 1 1 1 0 1 1 1 1 1 0 1 1 1 1 0 0 0 0 0
1000	6	 1 1 1 1 1 1 0 0 1 0 1 0 1 1 1 0 0 0 0 0
1000	2	 1 1 1 1 0 1 1 1 1 0 0 1 1 0 0 0 0 0 0 0
1000	4	 1 1 1 1 1 1 0 1 1 0 0 0 0 1 0 1 0 0 0 1
1000	13	 1 1 1 1 0 1 1 1 1 0 0 0 0 0 1 0 0 0 0 0
1000	3	 1 1 1 1 1 0 0 0 0 0 0 0 1 0 0 0 0 0 0 0
1000	8	 1 1 1 1 1 0 0 1 1 0 0 0 0 0 0 0 0 0 0 0
1000	6	 0 1 1 1 1 1 0 1 1 0 0 0 0 0 0 0 0 0 0 0
1000	9	 1 0 1 1 1 1 1 0 1 0 0 0 1 1 1 0 0 0 1 0
1000	24	 1 1 1 1 1 1 0 0 1 0 0 0 1 1 1 0 1 0 1 0
1000	1	 1 1 1 1 0 1 1 1 1 0 0 0 0 1 0 0 0 0 0 0
1000	16	 1 1 1 1 1 1 0 1 1 0 0 0 1 0 0 0 0 1 0 0
1000	2	 1 1 1 1 0 1 1 1 1 0 0 0 0 1 1 0 0 0 1 0
1000	5	 1 1 1 1 1 1 0 1 1 0 0 0 1 0 0 0 1 0 0 1
1000	55	 1 1 1 1 0 0 1 0 1 0 0 1 1 0 0 0 0 0 0 0
1000	8	 1 1 1 0 1 1 0 1 1 0 0 0 0 1 0 1 0 0 0 0
1000	9	 1 1 1 1 1 1 0 1 1 1 0 0 1 0 0 0 0 0 0 0
1000	2	 1 1 1 1 1 1 0 1 1 0 0 0 0 1 0 0 0 0 0 0
1000	2	 1 1 1 1 0 1 1 1 1 0 0 0 0 0 0 0 0 1 0 0
1000	2	 1 1 1 1 0 1 1 1 1 1 0 0 1 0 1 0 0 0 0 0
1000	4	 1 1 1 1 1 1 0 1 1 0 0 0 0 1 1 0 1 0 0 0
1000	10	 0 1 1 1 1 1 1 0 1 0 1 0 1 1 0 0 0 0 0 0
1000	3	 1 1 1 0 1 1 1 0 1 0 0 0 1 0 0 0 0 0 0 0
1000	2	 1 1 1 1 0 1 1 0 1 0 1 0 0 1 1 1 0 0 0 0
1000	7	 1 1 1 1 1 1 0 0 0 0 0 0 0 0 0 0 0 0 0 0
1000	2	 1 1 0 1 1 1 0 0 1 0 1 0 1 0 0 0 1 0 0 0
1000	9	 1 1 1 1 0 1 0 1 1 0 0 0 0 1 1 0 0 1 0 0
1000	2	 1 1 1 1 0 1 1 1 1 0 0 0 0 0 1 0 0 1 0 0
1000	3	 0 1 1 1 1 0 0 1 1 0 0 0 0 0 0 0 0 0 0 0
1000	3	 1 1 1 0 1 0 0 1 1 0 0 0 0 1 1 0 0 0 0 0
1000	3	 1 1 1 1 0 1 1 1 1 0 0 0 1 0 0 0 0 0 0 0
1000	7	 1 1 1 1 0 0 1 1 1 0 0 0 0 0 0 0 0 0 0 0
1000	7	 1 1 0 1 1 1 0 1 1 0 0 0 0 0 1 0 0 0 0 0
1000	10	 1 1 1 1 0 1 0 1 1 0 0 1 0 0 0 0 0 0 0 0
1000	2	 1 1 1 1 1 1 0 1 1 1 0 0 0 1 0 1 0 1 0 0
1000	2	 1 1 1 0 0 0 1 0 1 0 0 1 1 0 0 0 0 0 0 0
1000	1	 1 1 1 1 1 1 0 1 0 0 0 0 1 1 1 0 1 0 0 0
1000	1	 1 1 1 1 0 1 1 1 1 1 0 0 0 0 0 0 0 0 0 0
1000	3	 0 1 1 1 1 1 0 0 0 0 0 0 1 0 0 0 0 0 0 0
1000	2	 1 1 1 1 0 1 1 1 1 0 0 0 0 0 1 1 0 0 0 0
1000	2	 1 1 1 0 1 0 0 1 1 0 1 0 0 1 1 0 0 0 0 0
1000	1	 1 1 1 1 1 1 0 0 1 0 0 0 0 1 1 0 1 0 0 0
1000	1	 1 1 1 1 0 1 1 1 1 0 0 1 1 0 1 0 0 0 0 0
1000	1	 1 1 1 0 1 1 0 0 1 0 0 0 1 1 0 0 0 0 0 0
1000	1	 1 1 1 1 1 1 0 0 1 0 0 0 1 0 0 0 1 0 0 1
1000	5	 1 1 1 1 0 1 0 0 1 0 1 0 0 0 0 0 0 0 0 0
1000	3	 1 1 1 1 0 1 0 1 1 0 0 0 0 1 0 1 0 1 0 0
1000	1	 0 1 0 1 0 1 1 1 1 0 0 0 1 0 0 0 0 0 0 0
1000	10	 1 1 1 1 0 0 1 0 1 0 0 0 0 1 1 1 0 0 0 0
1000	1	 1 1 1 1 1 1 0 1 0 0 0 1 1 0 0 0 0 0 0 0
1000	6	 1 1 0 1 0 1 0 1 1 0 0 0 0 1 1 0 1 0 0 0
1000	3	 0 1 1 1 1 1 1 0 1 0 1 0 0 1 1 0 0 0 0 0
1000	1	 1 0 0 1 0 1 1 1 1 0 0 0 0 1 1 0 0 0 0 0
1000	2	 1 1 1 1 1 1 0 1 1 0 0 0 1 0 0 0 1 0 0 0
1000	1	 1 1 1 1 1 1 0 0 1 0 0 0 1 0 0 0 0 0 1 0
1000	2	 1 1 1 1 1 1 1 1 1 0 0 0 0 0 0 0 0 0 0 0
1000	1	 1 0 1 1 0 0 1 0 1 0 0 0 1 1 0 0 0 0 0 0
1000	2	 1 1 1 1 1 0 0 1 1 0 0 0 0 0 0 0 0 0 0 1
1000	1	 1 1 1 1 0 1 0 1 1 0 0 0 0 0 0 0 0 1 0 0
1000	1	 1 1 1 0 0 1 0 0 1 0 0 0 1 0 0 0 0 0 0 0
1000	3	 1 1 1 1 1 1 0 0 0 0 0 0 1 0 0 0 0 1 0 0
1000	1	 1 1 1 1 1 1 0 1 1 0 0 0 0 1 1 0 0 0 0 0
1000	1	 1 1 1 1 0 0 0 0 1 0 0 0 1 0 0 0 0 0 0 0
1000	2	 1 1 1 1 1 1 0 1 1 0 0 0 0 0 0 0 0 1 0 0
1000	1	 1 0 1 1 0 1 1 1 1 0 0 0 0 1 0 1 0 0 0 0
1000	2	 1 1 1 1 1 1 0 1 1 0 0 0 1 1 0 0 0 0 0 0
1000	3	 1 1 1 1 1 1 0 1 1 0 1 0 0 0 0 0 0 0 0 1
1000	2	 1 1 1 1 0 1 1 1 1 0 1 0 0 0 0 0 0 0 0 0
1000	1	 1 1 1 1 1 0 0 0 1 0 0 0 1 0 0 0 0 0 1 0
1000	1	 1 1 1 0 1 1 0 1 1 0 0 0 1 0 0 0 0 0 0 0
1000	1	 1 1 1 1 0 1 0 1 0 0 0 0 0 1 1 0 1 0 0 0
1000	1	 1 1 0 1 1 0 0 1 1 0 0 0 0 0 0 0 0 0 0 0
1000	1	 1 1 1 1 1 0 0 0 0 0 0 0 0 0 0 0 0 0 0 0
1000	2	 1 1 1 1 0 1 1 1 1 0 0 1 0 0 0 0 0 0 0 0
1000	1	 1 1 1 1 0 1 0 0 1 0 0 0 0 0 0 0 0 0 0 0
1000	1	 1 0 1 1 0 1 0 0 1 0 1 0 0 0 0 0 0 0 0 0
