0	250	 0 0 0 0 0 0 1 0 1 0 0 0 1 0 0 0 0 0 1 0
0	250	 1 0 0 0 0 0 1 0 0 0 0 0 0 0 1 0 1 0 0 0
0	250	 0 1 0 1 0 0 0 0 1 0 0 0 0 1 0 0 0 0 0 0
0	250	 0 0 0 0 0 0 1 0 0 1 0 0 0 0 0 0 0 0 1 0
100	7	 0 0 0 0 0 0 1 0 0 1 0 0 0 0 0 0 0 0 1 0
100	11	 0 1 0 1 0 0 1 0 0 1 0 0 0 0 0 0 0 0 0 0
100	33	 1 0 0 0 0 0 1 0 0 1 1 0 1 0 0 0 0 1 0 0
100	10	 0 0 1 0 0 0 1 0 0 1 0 0 0 1 0 0 0 0 0 0
100	42	 1 0 0 1 0 0 1 0 0 1 1 0 1 0 0 0 0 1 0 0
100	9	 1 0 0 0 0 0 1 0 0 1 1 0 1 0 0 0 0 0 1 0
100	15	 1 1 0 1 0 0 0 0 1 1 0 0 0 0 1 0 1 0 0 0
100	1	 0 0 1 0 0 0 1 0 0 1 0 0 0 0 0 0 0 0 0 0
100	70	 1 1 0 1 0 0 1 0 0 1 1 0 1 0 0 0 0 1 0 0
100	5	 0 0 0 0 0 0 0 0 0 1 1 0 0 0 0 0 0 1 1 0
100	8	 0 0 0 0 0 0 1 0 1 0 0 0 1 0 1 0 0 0 1 0
100	24	 0 0 0 0 0 0 1 0 1 1 0 0 0 0 0 0 0 0 1 0
100	4	 1 1 0 1 0 0 1 0 0 1 1 0 1 0 0 0 0 1 1 0
100	44	 1 1 0 1 0 0 1 0 1 1 1 0 0 0 0 0 0 0 1 0
100	5	 1 1 0 1 0 0 1 0 0 1 1 0 1 0 0 1 0 1 0 0
100	96	 1 1 0 1 0 0 1 0 0 1 1 0 1 0 0 0 0 0 0 0
100	8	 0 1 0 1 0 0 0 0 1 0 0 0 1 0 0 0 0 0 1 0
100	4	 1 1 0 1 0 0 1 0 0 1 0 0 1 0 0 0 0 1 0 0
100	106	 1 1 0 1 0 0 0 0 0 1 1 0 1 0 0 0 0 1 0 0
100	57	 1 1 0 1 0 0 1 0 0 1 1 0 0 0 0 0 0 1 0 0
100	25	 1 1 0 1 0 1 1 0 1 1 1 0 0 0 0 0 0 0 1 0
100	1	 0 1 0 0 0 0 1 1 0 1 0 0 0 0 0 0 0 0 1 0
100	16	 0 1 0 0 0 0 1 0 1 0 1 0 1 0 0 0 0 0 1 0
100	3	 1 1 0 1 0 0 1 0 0 1 1 0 0 0 0 0 0 1 1 0
100	1	 1 0 0 0 0 0 1 0 1 1 0 0 0 0 0 0 0 0 1 0
100	11	 1 1 0 1 0 0 0 0 0 1 0 0 0 0 0 0 0 0 1 0
100	3	 0 1 0 0 0 0 1 0 0 1 1 0 1 0 0 0 0 1 0 0
100	3	 0 0 0 0 0 0 1 0 0 1 0 0 1 0 0 0 0 1 0 0
100	19	 1 1 0 0 0 0 1 0 0 1 1 0 0 0 0 0 0 1 1 1
100	9	 1 1 0 1 0 0 1 0 0 1 1 1 1 0 0 0 0 1 0 0
100	12	 1 1 0 1 0 0 1 0 0 1 0 0 0 0 0 0 0 0 0 0
100	8	 1 1 0 0 0 0 1 0 0 1 0 0 0 0 0 0 0 0 1 0
100	1	 1 1 0 1 0 0 0 0 1 1 1 0 1 0 0 0 0 1 0 0
100	2	 0 0 0 0 1 0 1 0 0 0 0 0 0 0 0 0 0 0 1 0
100	21	 1 1 0 1 0 0 0 0 0 1 1 0 1 0 0 0 0 0 0 0
100	1	 1 1 0 1 0 0 0 0 0 1 0 0 0 0 0 0 0 0 0 1
100	5	 1 1 0 1 0 0 0 0 0 1 1 0 1 0 0 1 0 1 0 0
100	7	 1 0 0 1 0 0 0 0 0 1 1 0 1 0 0 0 0 0 0 0
100	5	 0 1 0 0 0 0 1 0 0 1 1 0 1 0 0 1 0 1 0 0
100	3	 0 1 0 1 0 0 1 0 1 0 0 0 0 0 0 0 0 0 1 0
100	1	 1 1 0 1 0 0 1 1 0 1 1 0 1 0 0 0 0 1 0 0
100	6	 0 1 0 0 0 1 1 0 0 1 0 0 0 0 0 0 0 0 0 0
100	5	 1 0 0 1 0 0 1 0 0 1 1 0 0 0 0 0 0 1 1 1
100	2	 0 1 0 0 0 0 1 0 0 1 0 0 0 0 0 0 0 1 0 0
100	10	 1 1 0 1 0 0 0 0 0 1 1 0 1 0 0 1 1 0 0 0
100	5	 1 0 0 0 0 0 1 0 0 1 1 0 1 0 0 0 0 0 0 0
100	9	 1 1 0 1 0 0 1 0 1 1 1 0 0 0 0 0 0 0 0 0
100	7	 0 1 0 0 0 0 1 1 0 1 1 0 0 0 0 0 0 0 1 0
100	6	 0 1 0 0 0 0 1 1 1 0 1 0 1 0 0 0 0 0 1 0
100	12	 1 0 1 0 0 0 1 0 0 1 1 0 1 0 0 0 0 1 0 1
100	3	 0 0 0 0 0 0 1 0 0 1 0 1 0 0 0 0 0 0 1 0
100	6	 1 1 0 1 0 0 1 0 1 1 1 0 1 0 0 0 0 1 0 0
100	1	 1 0 0 1 0 0 1 0 0 1 1 0 1 0 0 0 0 0 1 0
100	12	 1 1 0 0 0 0 0 0 0 1 0 0 0 1 0 0 0 0 0 1
100	9	 0 0 0 0 0 0 1 0 0 1 0 1 0 0 1 0 0 1 0 0
100	2	 0 1 0 1 0 0 0 0 1 0 0 0 1 0 0 0 0 0 1 1
100	4	 0 1 0 1 0 0 1 1 0 1 0 1 0 0 0 0 0 1 0 0
100	2	 1 0 0 1 0 0 1 0 0 1 1 0 0 0 0 0 0 1 1 0
100	2	 1 1 0 1 0 0 0 0 0 1 1 0 1 0 0 0 1 1 0 0
100	3	 0 1 0 0 0 0 1 0 0 1 1 0 1 0 0 0 1 1 0 0
100	8	 1 0 0 1 0 0 1 0 0 1 0 0 0 0 0 0 0 0 0 0
100	4	 0 1 0 0 0 0 1 0 0 1 0 0 0 0 0 0 1 1 0 0
100	4	 0 1 0 1 0 0 1 0 0 1 0 0 0 0 1 0 0 1 1 0
100	1	 0 1 0 1 0 0 0 0 0 1 1 0 1 0 0 0 0 1 0 0
100	1	 1 1 0 1 0 0 1 0 0 1 0 0 1 0 0 0 0 0 0 0
100	4	 0 1 0 0 0 0 1 0 0 1 1 0 1 0 0 1 1 1 0 0
100	1	 0 0 1 0 0 0 1 0 0 1 0 0 0 1 0 1 0 0 0 0
100	1	 1 0 0 1 0 0 1 0 0 1 1 0 1 0 0 0 0 1 1 0
100	2	 1 1 0 1 0 0 1 0 0 1 1 0 1 0 0 1 0 0 0 0
100	2	 1 1 1 1 0 0 1 0 0 1 1 0 1 0 0 0 0 0 0 0
100	8	 0 1 0 0 0 0 1 0 0 1 1 0 1 0 0 0 0 1 0 1
100	3	 1 1 0 0 0 0 0 0 0 1 1 0 0 0 0 0 0 1 1 1
100	12	 0 1 0 1 0 1 0 0 0 1 1 0 0 0 0 0 0 1 0 0
100	1	 1 1 0 1 0 0 0 0 1 1 0 0 1 0 1 0 1 0 0 0
100	6	 1 1 0 1 0 1 1 0 0 1 1 0 0 0 0 0 0 1 0 0
100	5	 1 1 0 1 0 0 1 0 0 1 1 0 0 0 1 0 0 1 0 0
100	6	 1 1 0 1 0 1 0 0 0 1 1 0 1 0 0 0 0 1 0 0
100	2	 0 1 0 0 0 0 1 0 0 1 1 0 0 0 0 0 0 1 0 0
100	2	 0 1 0 0 0 0 1 0 0 1 0 0 0 0 0 0 0 1 1 0
100	7	 1 1 0 1 0 0 1 0 0 1 1 1 1 0 0 0 0 1 0 1
100	4	 1 1 0 1 0 0 1 1 0 1 1 0 1 0 0 0 0 0 1 0
100	11	 0 1 0 0 0 0 1 0 0 1 1 0 1 0 0 0 0 0 0 0
100	9	 1 1 0 1 0 0 0 0 0 1 1 0 0 0 0 0 0 1 0 0
100	1	 1 0 1 1 0 0 0 0 0 1 1 0 1 0 0 0 0 0 0 0
100	7	 1 0 1 0 0 0 1 0 0 1 1 0 0 0 0 0 0 1 0 0
100	3	 0 0 0 0 0 0 1 0 0 1 1 0 1 0 0 0 0 1 0 0
100	2	 0 0 1 0 0 0 1 0 0 1 0 1 0 1 0 0 0 0 0 0
100	5	 1 1 0 1 0 1 1 0 0 1 1 0 1 0 0 1 0 1 0 0
100	2	 1 1 0 1 0 1 1 0 1 1 1 0 0 1 0 0 0 0 0 0
100	1	 0 0 0 0 0 0 1 0 1 1 0 0 0 0 1 0 0 0 1 0
100	3	 1 1 0 1 1 0 1 0 0 1 1 0 1 0 0 0 0 0 0 0
100	5	 0 1 0 0 1 0 1 0 1 0 1 0 1 0 0 0 0 0 1 0
100	1	 1 1 0 0 0 0 1 0 0 1 1 0 0 0 1 0 0 1 1 1
100	6	 0 1 0 0 0 0 1 1 0 1 1 0 0 0 0 1 0 0 1 0
100	7	 0 0 0 1 0 0 1 0 0 1 1 0 1 0 0 0 0 1 0 0
100	1	 1 0 0 1 0 0 1 0 0 1 1 0 0 0 0 0 0 1 0 0
100	1	 1 1 0 1 0 0 1 0 0 1 1 1 1 0 0 0 0 0 1 0
100	1	 1 1 0 1 0 0 1 0 1 1 1 0 0 1 0 0 0 0 1 0
100	1	 1 1 0 0 0 0 1 0 0 1 0 0 0 0 0 0 0 1 1 1
100	1	 0 1 0 0 0 1 1 0 0 1 0 0 0 0 0 0 0 1 0 0
100	2	 1 0 1 0 0 0 1 0 0 1 1 0 1 0 0 0 0 1 0 0
100	4	 0 1 0 0 0 0 1 0 1 1 0 0 0 0 0 0 0 0 1 0
100	1	 0 1 0 1 1 0 1 0 0 1 1 0 1 0 0 0 0 0 0 0
100	3	 0 1 0 1 0 0 1 0 0 1 0 0 0 0 1 0 0 0 1 0
100	1	 0 1 0 0 0 0 1 0 0 1 0 0 0 0 0 0 0 0 1 0
100	3	 0 1 0 0 0 0 0 0 0 1 1 0 0 0 0 0 0 1 1 0
100	3	 1 0 0 1 0 0 0 0 0 1 1 0 1 0 0 0 0 1 0 0
100	2	 1 1 0 1 0 0 1 0 0 1 1 1 0 0 0 0 0 1 0 0
100	1	 1 1 0 1 0 0 1 0 0 1 0 0 0 0 0 0 0 1 0 0
100	1	 1 1 0 1 0 0 0 0 1 1 1 0 1 0 0 1 1 0 0 0
100	1	 0 1 0 0 0 0 1 1 0 1 1 0 0 0 0 0 1 0 1 0
100	1	 0 1 0 0 0 1 1 1 1 0 1 0 1 0 0 0 0 0 1 0
100	3	 1 1 0 0 0 0 0 1 0 1 0 0 0 1 0 0 0 0 0 1
200	44	 1 1 0 1 0 0 1 0 0 1 1 0 1 0 0 0 0 1 0 0
200	33	 1 1 0 1 0 0 1 0 1 1 1 0 0 0 0 0 0 0 1 0
200	159	 1 1 0 1 0 0 1 0 0 1 1 0 1 0 0 0 0 0 0 0
200	23	 1 1 1 1 0 0 1 0 0 1 1 0 1 0 0 0 0 0 0 0
200	1	 1 1 0 1 0 1 0 0 0 1 1 0 1 0 0 0 0 1 0 0
200	11	 0 1 0 1 0 0 1 0 0 1 1 0 1 0 0 0 0 1 0 0
200	22	 1 1 0 1 0 0 1 0 0 1 1 0 1 0 0 0 0 1 0 1
200	21	 1 1 0 1 0 1 0 0 0 1 1 0 1 0 0 1 0 1 0 0
200	10	 1 1 0 1 0 1 0 0 0 1 1 0 1 0 0 0 0 0 0 0
200	7	 1 1 0 1 0 0 0 0 0 1 1 0 1 0 0 1 0 1 0 0
200	3	 1 0 0 1 0 0 1 0 0 1 1 0 1 0 0 0 0 0 0 0
200	21	 1 1 0 1 0 0 1 0 0 1 1 0 1 0 0 0 1 0 0 0
200	2	 1 1 0 1 0 1 0 0 0 1 1 0 1 0 0 1 0 0 1 0
200	9	 1 1 0 1 0 0 1 1 0 1 1 0 1 0 1 1 0 1 0 0
200	17	 1 1 1 1 0 0 1 0 1 1 1 0 1 0 0 0 0 0 0 0
200	25	 1 1 0 1 0 0 1 0 0 1 1 0 1 0 0 1 0 1 0 0
200	4	 1 1 0 1 0 0 1 0 0 1 1 0 1 0 0 0 0 0 0 1
200	12	 1 1 1 1 0 0 0 0 0 1 1 0 1 1 0 0 0 1 0 0
200	1	 1 1 0 1 0 1 0 0 0 1 1 0 1 0 0 0 0 1 1 0
200	10	 1 1 0 1 0 0 0 0 0 1 1 0 1 0 0 0 0 1 0 1
200	21	 0 1 0 1 0 0 1 0 1 1 1 0 0 0 0 0 0 0 1 0
200	4	 1 1 0 1 0 1 0 0 0 1 1 0 1 1 0 0 1 0 0 0
200	6	 1 1 0 1 0 0 1 0 1 1 1 1 0 0 0 0 0 0 1 0
200	14	 1 1 1 1 0 0 1 0 1 0 1 0 1 0 0 0 0 0 0 0
200	1	 1 1 1 1 0 0 1 0 0 0 1 0 0 0 0 0 0 1 0 0
200	3	 1 1 0 1 1 0 1 0 1 1 1 0 0 0 0 0 0 0 1 0
200	1	 0 1 0 1 1 0 0 0 0 1 1 0 1 0 0 0 0 1 0 0
200	19	 0 1 0 1 0 1 1 0 1 1 1 0 1 0 0 0 0 0 0 0
200	15	 1 1 0 1 0 1 0 0 0 1 1 0 1 0 0 0 0 0 1 0
200	18	 1 1 0 1 0 0 1 1 0 1 1 0 1 0 0 0 0 0 0 1
200	9	 1 1 0 1 0 0 1 0 1 1 1 0 1 0 0 1 0 1 0 0
200	3	 1 0 0 1 0 0 1 0 1 1 1 0 1 0 0 0 0 0 0 0
200	15	 1 1 0 1 0 0 1 1 0 1 1 1 1 0 1 0 0 1 1 1
200	32	 1 1 1 1 0 0 0 0 0 1 1 0 1 0 0 0 0 0 0 0
200	4	 0 1 1 1 0 0 1 0 1 1 1 0 1 0 0 0 0 0 0 0
200	8	 1 1 0 1 0 0 1 0 0 1 0 0 1 0 0 1 0 1 0 0
200	9	 1 1 0 1 0 0 1 1 1 1 1 0 1 0 0 1 1 1 0 0
200	4	 1 1 0 1 0 0 0 0 0 1 1 0 1 0 0 0 0 1 0 0
200	19	 1 1 0 1 0 0 1 0 0 1 1 1 1 0 0 0 0 0 0 0
200	1	 1 0 0 1 1 0 0 0 0 0 1 0 1 0 0 0 0 1 0 0
200	1	 1 1 0 1 0 0 1 0 0 0 1 0 1 0 0 0 0 0 0 1
200	23	 0 1 0 1 0 0 1 0 1 1 1 0 1 0 0 1 0 0 0 0
200	4	 1 0 0 1 0 0 0 0 0 1 1 0 1 0 1 0 0 1 0 0
200	2	 1 1 0 1 0 0 0 0 0 1 1 0 1 0 0 0 0 0 0 1
200	7	 1 1 0 1 0 0 1 0 1 1 1 0 0 0 0 1 1 0 1 0
200	22	 0 1 0 1 0 1 1 0 0 1 1 0 1 0 0 0 0 0 0 0
200	7	 1 0 0 1 0 0 0 0 0 1 1 0 1 0 0 0 0 1 0 1
200	14	 0 1 0 1 0 0 1 0 0 1 1 0 1 0 0 0 0 1 0 1
200	21	 0 1 0 1 0 1 1 0 0 1 1 0 1 0 0 0 0 1 0 0
200	15	 0 1 0 1 0 1 0 0 0 1 1 0 1 0 0 1 0 0 0 0
200	2	 0 1 1 1 0 0 1 0 1 1 1 0 0 0 0 0 0 1 0 0
200	4	 1 1 0 1 0 0 1 0 1 0 0 0 1 0 0 0 0 0 0 0
200	1	 0 1 0 0 0 0 1 0 1 1 1 0 1 0 0 0 0 1 1 0
200	13	 1 1 0 1 0 0 1 1 0 1 1 0 1 0 0 1 0 1 0 0
200	4	 1 1 0 1 0 1 0 0 0 1 1 0 1 1 0 0 0 1 0 0
200	3	 1 0 0 1 0 0 1 0 0 1 1 0 1 1 0 0 1 0 1 0
200	7	 0 1 1 1 0 0 1 0 1 0 1 0 1 0 0 0 0 0 0 0
200	9	 1 1 0 1 0 0 0 0 0 0 1 0 1 0 0 1 0 1 0 0
200	3	 1 0 0 1 0 1 0 0 0 1 1 0 1 0 1 0 0 1 0 0
200	5	 1 0 0 1 0 0 1 0 0 1 1 0 1 0 0 0 0 0 0 1
200	1	 1 1 1 1 0 0 1 0 1 1 1 0 0 0 0 0 0 0 1 0
200	4	 0 1 1 1 0 0 1 0 0 1 1 0 1 0 0 0 0 1 0 0
200	22	 1 1 0 1 0 0 1 0 0 1 1 0 0 0 0 0 1 0 0 0
200	2	 1 1 0 1 0 0 1 0 0 1 1 0 1 0 0 1 0 0 0 1
200	6	 1 1 0 1 1 0 1 0 1 1 1 0 1 0 0 1 0 1 0 0
200	4	 1 1 1 1 0 0 0 0 0 1 1 0 1 0 0 0 0 1 0 0
200	9	 1 1 1 1 0 0 0 0 0 1 1 0 1 0 0 0 1 0 0 0
200	1	 1 1 0 1 0 0 1 0 1 1 1 0 1 0 0 0 0 0 0 0
200	8	 1 1 0 1 0 0 1 0 0 1 0 0 1 0 0 0 0 0 0 0
200	1	 1 1 0 1 0 0 1 0 0 1 1 0 1 0 1 0 0 0 0 0
200	4	 0 1 0 1 0 1 1 0 1 1 1 0 1 0 0 0 0 1 0 0
200	1	 1 1 0 1 0 0 1 1 0 1 1 0 1 0 0 0 0 1 0 0
200	7	 1 1 1 1 0 0 1 0 0 1 1 1 1 1 0 0 0 0 0 0
200	3	 1 0 1 1 0 0 0 0 0 1 1 0 0 0 0 0 1 0 1 0
200	1	 1 1 0 1 0 0 0 0 0 1 1 0 1 0 0 0 0 0 0 0
200	1	 1 1 0 1 0 0 1 0 0 0 1 0 1 0 0 1 0 0 0 1
200	8	 1 1 1 1 0 0 0 1 0 1 1 0 1 0 0 0 0 1 0 0
200	11	 0 0 1 1 0 0 1 0 1 1 1 0 0 0 0 0 0 0 0 0
200	4	 0 1 0 1 0 0 1 0 1 1 1 0 1 1 0 1 0 0 0 0
200	6	 1 1 0 1 0 1 1 0 0 1 0 0 1 0 0 0 0 0 0 0
200	1	 1 1 0 1 0 0 1 0 1 1 1 0 0 0 0 0 0 0 1 1
200	3	 1 1 1 1 0 0 1 0 1 1 1 0 1 0 0 1 0 0 0 0
200	2	 1 1 0 1 0 0 1 0 0 1 1 0 1 0 0 1 0 1 1 0
200	3	 1 1 0 1 0 0 0 1 0 1 1 0 1 0 0 0 0 1 0 1
200	12	 1 1 0 1 1 0 0 0 0 1 1 0 1 0 0 0 0 0 0 1
200	3	 0 1 1 1 0 0 1 0 0 1 1 0 1 0 0 0 0 0 0 0
200	1	 1 1 0 1 0 0 1 1 0 1 1 0 1 0 0 0 0 0 0 0
200	1	 1 1 0 1 0 0 1 1 0 1 1 0 0 0 1 1 0 1 0 0
200	3	 1 1 0 1 0 0 1 0 0 1 1 0 1 1 0 0 0 0 0 0
200	3	 1 1 0 1 0 0 1 0 1 0 0 0 1 0 0 0 0 0 0 1
200	4	 0 1 1 1 0 0 1 1 0 1 1 0 1 0 0 0 0 1 0 0
200	3	 1 1 1 1 0 0 1 0 0 1 1 1 1 1 1 0 0 0 0 0
200	6	 1 1 0 1 0 1 0 0 0 1 1 0 1 0 1 0 0 1 0 0
200	2	 1 1 1 1 0 0 0 1 0 1 1 0 1 0 0 0 0 0 0 0
200	1	 1 1 0 1 0 0 1 0 0 1 0 0 1 0 0 0 0 1 0 1
200	2	 1 1 0 1 0 0 1 0 0 1 1 0 1 0 0 0 1 1 0 0
200	1	 1 1 0 1 0 0 0 0 1 1 1 0 1 0 0 0 0 0 0 1
200	1	 0 1 0 1 1 1 0 0 0 1 1 0 1 0 0 1 0 0 0 0
200	2	 1 1 0 1 0 1 1 0 1 1 1 0 1 0 0 0 0 1 0 0
200	1	 1 1 0 1 0 1 1 0 0 1 1 0 1 0 0 0 0 0 0 0
200	1	 1 1 0 1 0 0 1 0 0 1 1 0 1 0 1 0 0 1 1 1
200	2	 1 1 0 1 0 0 1 1 0 1 1 0 1 0 0 1 0 0 0 0
200	1	 0 1 0 1 0 0 1 0 1 1 1 0 1 0 0 0 0 1 1 0
200	1	 1 1 0 1 1 0 1 0 1 1 1 0 1 0 0 1 0 0 0 0
200	1	 1 1 1 1 0 0 0 0 0 1 1 0 1 0 0 0 0 0 0 1
200	4	 1 1 0 0 0 1 0 0 0 1 1 0 1 0 0 1 0 1 0 0
200	1	 0 1 0 1 0 0 1 0 1 1 1 0 0 0 0 0 0 0 0 0
200	1	 0 1 0 1 0 0 1 0 1 1 1 0 1 0 1 1 0 0 0 0
200	2	 0 1 0 1 0 0 1 0 0 1 1 0 1 0 0 1 0 0 0 0
200	2	 0 1 1 1 0 0 1 0 1 1 0 0 0 0 0 0 0 1 0 0
200	2	 0 1 0 1 0 1 1 0 1 1 1 0 1 0 0 0 1 1 0 0
200	1	 1 1 1 1 0 0 1 1 0 1 1 1 1 0 1 0 0 1 1 1
200	2	 0 1 0 1 0 0 1 0 0 1 1 0 1 0 0 1 0 1 0 0
200	2	 1 1 0 1 0 1 1 0 1 1 1 0 1 0 0 0 0 0 0 0
200	1	 1 1 1 1 0 0 0 0 0 1 1 0 1 0 0 1 0 0 0 0
200	1	 0 1 0 1 0 0 0 0 1 1 1 0 1 0 0 0 0 0 0 1
200	1	 1 1 0 1 0 0 1 0 1 1 1 0 1 0 0 0 0 0 0 1
200	2	 1 1 0 1 0 0 0 0 1 1 1 0 1 0 0 1 0 1 0 0
200	1	 1 1 0 1 0 0 1 0 0 1 1 0 1 0 0 0 0 0 1 0
200	1	 1 1 0 1 1 0 1 0 0 1 1 0 1 0 0 0 0 0 0 0
200	1	 0 1 0 1 0 0 1 0 1 1 1 0 1 0 0 1 0 1 0 0
200	2	 1 1 0 1 1 0 1 0 0 1 1 0 0 0 0 0 1 0 0 0
300	20	 1 1 0 1 0 0 1 0 0 1 1 0 1 0 0 0 0 0 0 0
300	10	 1 1 1 1 0 0 1 0 0 1 1 0 1 0 0 0 0 0 0 0
300	6	 1 1 1 1 0 0 0 0 0 1 1 0 1 1 0 0 0 1 0 0
300	73	 1 1 1 1 0 0 0 0 0 1 1 0 1 0 0 0 0 0 0 0
300	43	 1 1 0 1 0 0 1 0 0 1 1 0 1 0 1 0 0 0 0 0
300	14	 1 1 0 1 1 0 1 0 0 1 1 0 1 0 0 0 0 0 0 0
300	36	 1 1 1 1 0 0 0 1 0 1 1 0 1 0 1 0 0 0 0 0
300	13	 0 1 0 1 0 0 1 0 1 0 1 0 1 0 0 1 0 0 0 0
300	16	 1 1 1 1 0 1 1 0 1 1 1 0 1 0 0 0 0 0 0 0
300	42	 1 1 1 0 0 1 0 0 0 1 1 0 1 0 0 0 0 0 0 0
300	12	 1 1 1 1 0 0 0 1 0 1 1 0 1 0 1 0 1 0 0 0
300	6	 1 1 0 1 0 0 1 0 0 1 1 0 1 0 0 0 1 0 0 0
300	33	 1 1 1 1 0 1 1 0 0 1 1 0 1 0 0 0 0 0 0 0
300	20	 1 1 0 1 1 0 1 0 0 1 1 0 1 0 1 0 0 0 0 0
300	10	 1 1 1 1 0 0 1 0 0 1 1 0 1 0 0 1 0 0 0 0
300	1	 1 1 1 1 0 0 0 1 0 0 1 0 1 0 0 0 0 0 0 0
300	8	 1 1 0 1 1 0 1 0 0 1 1 0 1 0 0 1 0 0 0 0
300	10	 1 1 0 1 0 1 0 0 0 0 1 0 1 0 0 1 0 1 0 0
300	16	 1 1 0 1 0 1 1 0 0 1 1 0 1 0 0 0 0 0 0 0
300	2	 1 1 1 1 0 0 1 0 0 1 1 0 0 0 0 0 0 0 0 0
300	15	 1 1 1 1 0 0 0 0 0 1 0 0 1 1 0 0 1 0 0 0
300	9	 1 1 1 1 0 0 0 0 0 1 1 0 1 0 0 0 0 1 0 0
300	7	 1 1 1 1 0 0 1 0 0 1 1 0 1 0 0 0 1 0 0 0
300	1	 1 1 0 1 0 0 0 1 0 1 1 0 1 0 1 0 0 0 0 0
300	15	 1 1 1 1 0 0 0 0 0 1 0 0 1 0 0 1 0 0 0 0
300	13	 1 1 0 1 0 0 0 0 0 1 1 0 1 0 0 0 0 0 0 0
300	24	 1 1 1 1 0 0 0 0 0 1 1 0 0 0 0 0 0 1 0 0
300	12	 1 1 1 1 0 1 0 0 0 1 1 0 1 1 0 1 0 1 0 0
300	13	 1 1 0 1 1 0 1 0 0 1 1 0 1 0 0 0 1 0 0 0
300	1	 1 1 0 1 0 1 1 0 0 1 1 0 1 0 0 1 0 0 0 0
300	6	 1 1 1 1 1 0 1 0 0 1 1 0 1 0 0 0 0 0 0 0
300	4	 1 1 1 0 0 0 0 1 0 1 1 0 1 1 1 0 1 0 0 0
300	12	 1 1 1 1 0 1 1 1 1 1 1 0 1 0 0 0 0 0 0 0
300	16	 1 1 1 1 0 0 1 0 0 1 1 0 1 1 1 0 1 0 0 0
300	2	 1 1 1 1 0 1 0 0 0 1 1 0 1 0 0 1 1 1 1 0
300	2	 1 1 1 1 0 0 0 0 0 1 1 0 1 1 0 0 0 1 1 0
300	12	 1 1 1 1 0 0 1 0 1 1 1 0 1 0 0 0 1 1 0 0
300	1	 1 1 0 1 0 1 1 0 0 0 1 0 1 0 0 1 1 0 0 0
300	9	 1 1 0 1 0 1 0 0 1 1 1 0 0 0 0 0 0 0 0 0
300	3	 1 1 0 1 1 0 0 0 0 1 1 0 1 0 0 0 0 0 0 0
300	2	 0 1 0 1 0 0 0 1 0 1 1 0 1 0 1 0 1 0 0 0
300	6	 1 1 1 0 0 0 1 0 0 1 1 0 1 0 0 1 0 0 0 0
300	8	 1 1 1 0 0 0 0 1 0 1 1 0 1 0 0 0 0 1 0 1
300	18	 1 1 1 1 0 0 1 1 0 1 1 0 1 0 0 0 0 0 0 0
300	35	 0 1 0 1 0 0 1 0 1 1 1 0 1 0 1 0 0 0 0 0
300	3	 1 0 1 1 0 0 0 0 0 1 1 0 1 0 0 0 0 0 0 0
300	10	 1 0 0 1 0 0 1 0 0 1 1 0 1 0 1 0 0 0 0 0
300	27	 0 1 1 1 0 1 1 0 1 1 1 0 1 0 0 0 0 0 0 0
300	5	 1 1 0 1 0 0 1 0 1 1 1 0 1 1 0 0 0 1 1 0
300	8	 1 1 1 0 0 1 0 0 0 1 1 0 1 1 1 0 1 0 0 0
300	8	 1 1 0 1 0 1 1 0 0 1 1 0 1 0 0 0 0 0 1 0
300	8	 1 1 1 1 1 0 1 0 0 1 1 0 1 0 0 1 0 0 0 0
300	18	 1 1 0 1 0 0 1 0 0 1 1 0 1 0 0 1 0 0 0 0
300	7	 1 1 1 1 0 0 0 1 0 1 1 0 1 0 0 0 0 1 0 0
300	7	 1 1 1 1 0 0 0 0 0 1 0 0 1 0 0 1 0 1 0 0
300	9	 1 1 0 1 0 1 1 0 0 1 0 0 1 0 0 0 0 1 1 0
300	17	 1 1 1 1 0 0 1 0 0 1 1 0 1 0 1 0 0 0 0 0
300	3	 1 1 0 1 0 1 0 0 0 1 1 0 1 0 0 0 0 0 0 0
300	1	 1 1 1 1 0 1 1 0 0 1 1 1 1 0 0 0 1 0 0 0
300	5	 1 1 1 1 0 0 0 0 0 1 1 0 1 1 0 0 0 0 1 0
300	10	 1 1 1 1 1 0 1 0 0 0 1 0 1 0 0 0 0 0 0 0
300	6	 1 1 1 1 1 0 1 0 1 1 1 0 1 0 0 0 0 0 0 0
300	5	 1 0 1 1 0 0 0 1 0 1 1 0 1 0 1 0 0 0 0 0
300	5	 1 1 1 1 0 0 0 0 0 1 1 0 0 0 0 0 0 0 0 0
300	7	 1 1 0 1 1 0 1 0 0 1 1 1 1 0 0 0 0 0 0 0
300	2	 1 1 1 1 0 1 1 1 0 1 1 0 1 0 0 0 0 0 0 0
300	4	 1 1 1 1 0 0 0 0 0 1 0 0 1 1 0 0 1 1 0 0
300	1	 1 1 1 1 0 0 0 0 0 1 1 1 1 0 0 0 0 1 0 0
300	15	 1 1 1 1 1 0 1 0 0 1 0 0 1 1 0 0 1 0 0 0
300	9	 1 1 1 1 0 0 0 0 0 1 1 0 1 0 1 0 0 0 0 0
300	3	 1 1 1 1 0 0 0 0 0 1 1 1 0 0 0 0 0 1 0 0
300	8	 1 1 1 0 0 0 0 0 0 1 1 0 1 0 0 1 0 0 0 0
300	1	 0 1 0 1 0 1 1 0 0 1 1 0 1 0 0 1 0 0 0 0
300	1	 1 1 0 1 0 0 1 0 1 1 1 0 1 0 0 0 0 0 0 0
300	2	 1 1 0 1 0 1 0 0 0 1 0 0 1 0 0 1 0 0 0 0
300	2	 1 1 0 1 0 1 1 0 0 1 0 0 1 0 1 0 1 0 0 0
300	5	 1 1 0 1 1 0 0 0 1 1 1 0 1 0 0 0 0 0 0 0
300	1	 1 1 0 1 0 0 1 0 0 1 0 0 1 0 0 0 0 1 1 0
300	2	 1 1 1 1 0 0 0 0 1 1 1 0 1 0 0 0 1 1 0 0
300	9	 1 1 1 0 0 1 1 0 0 1 1 0 1 0 0 0 0 0 0 0
300	30	 1 0 1 1 0 1 1 0 0 1 1 0 1 0 0 1 0 0 0 0
300	8	 1 1 1 1 0 1 0 0 0 1 1 0 1 1 0 1 0 1 1 0
300	1	 1 1 1 1 0 0 0 0 0 1 1 0 0 0 1 0 0 1 0 0
300	1	 1 1 0 1 0 1 1 0 0 1 1 0 1 0 0 1 1 0 0 0
300	6	 1 1 0 1 0 0 0 0 0 1 1 0 1 0 0 1 0 0 0 0
300	1	 1 1 0 0 1 0 1 0 0 1 1 1 1 0 1 0 0 0 0 0
300	4	 1 1 1 1 0 1 1 0 0 1 1 0 1 0 0 1 0 0 0 0
300	6	 1 1 0 1 0 1 1 0 0 1 1 0 1 1 0 0 0 1 1 0
300	9	 1 1 1 1 1 0 1 0 0 1 1 0 1 0 1 0 0 0 0 0
300	1	 1 1 1 1 0 0 0 1 0 1 1 0 0 0 0 0 0 1 0 0
300	3	 1 1 1 0 0 0 0 1 0 1 1 0 1 0 0 0 0 1 1 1
300	1	 1 1 1 0 0 1 0 0 0 1 0 0 1 1 1 0 1 0 0 0
300	6	 1 1 1 1 0 0 1 0 0 1 1 0 1 0 1 0 0 0 0 1
300	2	 1 1 1 1 0 0 0 0 0 1 1 0 1 1 1 0 0 0 1 0
300	1	 1 1 1 1 0 0 0 0 0 1 1 0 1 0 1 0 1 0 0 0
300	3	 1 1 1 1 0 0 0 0 0 1 0 0 1 0 0 0 0 0 0 0
300	6	 1 0 1 1 0 0 0 1 0 1 1 0 1 0 0 1 1 1 1 0
300	3	 1 1 0 1 0 0 0 0 0 1 1 0 1 0 1 0 0 0 0 0
300	2	 1 1 1 1 0 0 1 1 0 1 1 0 1 0 1 0 0 0 0 0
300	1	 1 1 1 1 0 0 0 0 0 1 0 0 0 0 0 1 0 0 0 0
300	3	 1 1 1 1 1 0 1 0 0 0 1 0 1 1 0 0 0 0 0 0
300	1	 1 1 1 0 0 1 0 0 0 1 0 0 1 0 0 1 0 1 0 0
300	1	 1 1 1 1 0 1 0 0 0 1 1 0 1 0 0 1 0 0 0 0
300	2	 1 1 1 0 0 0 0 1 0 1 1 0 1 0 0 0 0 0 0 0
300	2	 1 1 0 1 0 0 1 0 0 1 1 0 0 0 0 0 0 0 0 0
300	1	 1 1 1 1 0 0 0 0 0 0 1 0 1 0 0 0 0 0 0 0
300	1	 1 1 1 0 0 0 0 1 0 1 1 1 1 1 1 0 1 0 0 0
300	3	 1 1 1 1 0 1 1 1 1 1 0 0 1 0 0 0 0 0 0 0
300	1	 1 0 1 1 0 1 0 0 0 1 1 0 1 0 0 1 1 1 1 0
300	2	 0 0 0 1 0 0 1 0 1 1 1 0 1 0 1 0 0 0 0 0
300	1	 1 1 1 1 0 1 0 0 0 1 1 0 1 1 1 1 0 1 1 0
300	2	 1 1 1 1 0 1 0 0 0 1 1 0 1 0 0 0 0 0 0 0
300	1	 0 1 0 1 0 1 1 0 0 1 0 0 1 0 0 0 0 1 1 0
300	3	 1 0 1 1 0 1 1 0 1 1 1 0 1 0 0 0 0 0 0 0
300	1	 0 1 0 1 0 0 1 0 0 1 1 0 1 0 0 0 0 0 0 0
300	1	 1 1 1 1 0 0 0 1 0 1 1 0 1 0 1 0 0 1 0 0
300	1	 0 1 0 1 0 0 1 0 1 0 1 0 1 0 0 1 0 1 0 0
300	2	 1 0 0 1 1 0 1 0 0 1 1 0 1 0 0 1 0 0 0 0
300	1	 1 1 0 1 0 0 1 0 0 1 1 0 1 0 0 1 0 0 0 1
300	1	 1 1 1 0 0 1 0 0 1 1 1 0 1 0 0 1 0 0 0 0
300	1	 1 1 1 1 1 0 1 0 0 1 0 0 1 1 0 0 1 0 0 1
300	1	 1 1 0 1 1 0 0 0 1 1 1 0 1 0 1 0 0 0 0 0
300	1	 1 0 1 1 0 1 1 0 0 1 1 0 1 1 0 1 0 0 0 0
400	43	 1 1 1 1 0 0 1 0 0 1 1 0 1 0 0 0 0 0 0 0
400	31	 1 1 1 1 0 0 0 0 0 1 1 0 1 0 0 0 0 0 0 0
400	41	 1 1 1 1 0 1 1 0 0 1 1 0 1 0 0 0 0 0 0 0
400	74	 1 1 1 1 1 0 1 0 0 1 1 0 1 0 0 0 0 0 0 0
400	16	 1 1 1 1 0 0 0 1 0 1 1 0 1 0 0 0 0 1 0 0
400	10	 1 1 1 1 0 0 1 0 0 1 1 0 1 0 1 0 0 0 0 0
400	70	 1 1 1 1 0 1 1 0 0 1 1 0 1 0 1 0 0 0 0 0
400	26	 1 1 1 1 0 1 1 0 0 1 1 0 1 0 0 0 0 0 1 0
400	26	 1 1 1 1 1 0 0 0 0 1 1 0 1 0 0 0 0 0 0 0
400	20	 1 1 1 0 0 1 0 1 0 1 1 0 1 0 0 0 0 0 0 0
400	9	 1 1 1 1 0 0 0 0 0 1 0 0 1 0 1 0 0 0 0 0
400	8	 1 1 1 1 0 0 0 0 1 0 1 0 1 0 0 1 0 0 0 0
400	56	 1 1 0 1 1 0 1 0 0 1 1 0 1 0 0 0 0 0 0 0
400	11	 1 1 1 1 1 0 1 0 1 1 1 0 1 0 1 0 0 0 0 0
400	1	 1 1 1 1 0 0 0 0 0 1 1 0 1 0 0 0 0 0 1 0
400	9	 1 1 1 1 0 0 0 0 0 0 1 0 1 0 0 0 0 0 0 0
400	8	 1 1 0 1 0 0 1 0 0 1 1 1 1 0 0 0 0 0 0 0
400	1	 1 0 1 1 1 1 1 0 0 1 1 1 1 0 0 0 0 0 0 0
400	3	 1 1 1 1 0 0 0 0 0 1 1 0 1 1 0 1 0 0 1 0
400	14	 1 1 1 1 0 0 0 1 0 1 1 0 1 0 0 0 0 0 1 0
400	11	 1 1 1 1 0 0 0 0 0 1 1 1 1 1 0 0 0 0 0 0
400	1	 1 1 1 1 1 0 1 0 0 1 1 0 1 0 1 0 1 1 0 0
400	4	 1 0 1 1 0 0 1 0 0 1 1 0 1 0 1 0 0 0 1 0
400	5	 1 0 1 1 1 1 1 1 0 1 0 1 1 0 0 0 0 0 0 0
400	25	 0 1 1 1 0 0 0 0 0 1 1 0 1 0 0 0 0 0 0 0
400	13	 1 1 1 1 0 0 1 0 1 1 1 0 1 0 1 0 0 0 1 0
400	10	 1 1 1 1 0 0 0 1 0 1 1 1 1 0 0 0 0 0 0 0
400	2	 1 1 1 1 0 1 1 0 0 1 1 0 1 0 1 0 0 0 0 1
400	7	 1 1 0 1 0 0 1 0 0 1 1 0 1 1 1 1 0 0 1 0
400	10	 1 1 1 0 0 0 0 1 0 1 1 0 1 0 0 0 0 0 0 0
400	7	 1 1 1 1 1 0 1 0 0 1 1 0 1 1 0 1 0 0 1 0
400	31	 1 1 1 1 0 0 1 1 0 1 1 0 1 0 0 0 0 0 0 0
400	3	 1 1 0 1 1 0 1 0 0 1 1 0 1 0 1 0 0 0 0 0
400	5	 1 1 1 1 1 0 1 0 0 1 1 0 1 1 1 1 0 0 1 0
400	6	 0 1 1 1 1 0 1 0 1 1 1 0 1 0 1 0 0 0 0 0
400	7	 1 1 1 1 1 0 0 0 0 1 1 0 1 0 1 0 0 0 0 0
400	14	 1 0 1 0 0 0 0 1 0 1 1 0 1 0 0 0 0 0 0 0
400	4	 1 0 1 1 0 0 0 0 0 1 1 0 1 0 0 0 0 0 0 0
400	29	 1 1 1 1 1 0 1 0 0 1 1 1 1 0 0 0 0 0 0 0
400	4	 1 0 1 1 1 1 1 1 0 1 1 1 1 0 0 0 0 1 0 0
400	5	 1 0 1 0 0 0 0 0 0 1 1 0 1 0 0 0 0 0 0 0
400	22	 1 1 1 1 0 0 0 0 0 1 0 0 1 0 1 0 0 1 0 0
400	6	 1 1 1 1 1 0 1 0 1 1 1 1 1 0 1 0 0 0 0 0
400	3	 1 1 1 1 0 0 0 1 1 1 1 0 1 0 0 0 0 0 1 0
400	7	 1 1 0 1 1 0 1 0 0 1 1 0 1 0 1 0 0 1 0 0
400	4	 1 1 0 1 0 0 0 0 0 1 1 0 1 0 0 0 0 0 0 0
400	9	 1 1 1 1 1 0 1 0 1 1 1 0 1 0 0 0 0 0 0 0
400	5	 1 1 1 1 0 0 0 0 1 1 1 0 1 0 0 0 0 0 0 0
400	2	 1 1 1 1 0 0 1 0 0 1 1 0 0 0 1 0 0 0 0 0
400	11	 1 1 1 1 0 0 0 0 0 1 0 0 1 0 1 0 1 0 0 0
400	4	 1 1 1 1 0 1 1 0 1 1 1 0 1 0 0 0 0 0 0 0
400	6	 1 1 1 1 0 1 1 0 0 1 1 0 1 0 0 0 1 0 0 0
400	5	 1 1 1 1 0 0 0 1 0 1 0 1 1 0 0 0 0 0 0 0
400	11	 0 1 1 1 0 1 1 0 0 1 1 0 1 0 1 0 0 0 0 0
400	5	 1 1 1 1 0 1 1 1 0 1 1 0 1 0 0 0 0 0 1 0
400	6	 1 0 1 1 0 1 1 0 0 1 1 0 1 0 0 0 0 0 1 0
400	6	 1 1 1 1 0 1 1 0 1 1 1 0 1 0 1 0 0 1 0 0
400	3	 1 0 1 1 1 0 1 0 0 1 1 0 1 0 0 0 0 0 0 0
400	3	 1 1 0 1 1 0 0 0 0 1 1 0 1 0 0 0 0 0 0 0
400	4	 1 1 1 1 0 0 0 1 0 1 0 0 1 0 0 0 0 0 1 0
400	6	 1 0 1 1 0 0 0 0 0 1 1 0 1 0 0 0 1 0 0 0
400	2	 1 1 1 1 0 1 0 0 0 1 1 0 1 0 0 0 0 0 0 0
400	6	 1 0 1 1 1 1 1 0 0 1 1 1 1 0 0 0 0 1 0 0
400	11	 1 1 1 1 0 0 1 0 0 1 1 1 1 1 0 0 0 0 0 0
400	9	 1 1 1 1 0 0 0 0 0 1 1 0 1 0 1 0 0 1 0 0
400	3	 1 0 1 0 0 0 0 1 0 1 1 0 1 0 0 0 0 0 1 0
400	15	 1 1 1 1 0 0 0 0 0 1 1 0 1 0 0 1 0 0 0 0
400	9	 1 0 1 0 0 0 0 1 0 1 1 0 1 0 0 0 0 1 0 0
400	6	 1 1 0 1 0 0 0 0 0 1 1 0 1 0 1 0 0 0 0 0
400	4	 1 1 1 1 1 0 1 0 0 1 1 0 1 0 1 0 0 0 1 1
400	5	 1 0 1 1 1 1 1 0 0 1 1 1 1 0 0 0 0 0 1 0
400	2	 1 1 1 1 0 0 1 0 1 1 1 0 1 0 0 0 0 0 0 0
400	3	 1 1 1 1 0 1 1 0 0 1 1 0 1 0 1 1 0 0 0 0
400	1	 1 1 0 1 1 0 1 0 0 1 1 0 1 1 0 0 0 0 0 0
400	8	 1 1 0 1 1 0 1 0 0 1 0 0 1 0 0 0 0 0 0 0
400	9	 1 0 1 1 0 0 1 0 0 1 0 0 1 0 1 0 0 0 1 0
400	2	 0 1 1 1 0 0 1 0 0 1 1 0 1 0 0 0 0 0 0 0
400	6	 1 1 1 1 0 0 0 1 0 1 1 0 1 0 0 0 0 0 0 0
400	3	 1 1 1 1 0 1 1 0 0 1 1 1 1 0 0 0 0 0 0 0
400	3	 0 1 0 0 0 1 1 0 1 1 1 0 1 0 1 0 0 0 0 0
400	10	 1 1 1 1 1 0 0 0 0 1 1 0 1 0 1 0 1 1 0 0
400	4	 1 1 0 1 0 1 1 0 0 1 1 0 1 0 1 0 0 0 0 0
400	6	 1 1 1 1 1 0 1 0 0 1 1 0 1 0 0 0 1 0 0 0
400	4	 1 1 1 1 0 0 0 0 0 1 1 0 1 0 1 0 0 0 0 0
400	2	 1 1 1 1 0 1 1 0 0 0 1 0 1 0 1 0 0 0 0 0
400	1	 1 1 1 1 1 0 1 0 0 1 1 0 1 0 1 0 0 0 1 0
400	2	 1 1 1 1 0 1 1 0 0 0 1 0 1 0 0 0 0 0 0 0
400	1	 1 1 0 1 1 0 1 0 0 1 1 1 1 0 1 0 0 0 0 0
400	3	 1 1 0 1 0 0 1 0 0 1 1 0 1 0 0 0 0 1 0 0
400	1	 1 1 1 1 1 1 1 0 0 1 1 0 1 0 0 0 0 0 0 0
400	2	 1 1 0 1 0 0 1 0 0 1 1 0 1 1 0 1 0 0 1 0
400	1	 1 1 1 1 1 0 1 0 0 1 1 0 1 1 1 0 0 0 1 0
400	2	 1 1 1 1 1 0 1 0 0 0 1 0 1 1 1 1 0 0 1 0
400	2	 1 1 1 1 1 0 1 0 1 1 1 0 1 0 0 0 1 0 0 0
400	3	 1 1 1 1 1 1 1 1 0 1 1 0 1 0 0 0 0 0 1 0
400	3	 0 1 0 0 0 1 1 0 1 1 1 0 1 0 1 0 0 0 0 1
400	2	 1 1 1 1 0 1 1 0 0 1 1 0 1 0 1 0 0 0 1 0
400	2	 1 1 1 1 1 0 0 0 0 1 1 0 1 0 0 0 0 0 1 0
400	2	 1 1 0 1 1 0 1 0 0 1 1 0 1 0 0 0 0 0 1 0
400	3	 1 1 1 1 0 0 0 0 0 1 1 0 1 1 0 1 0 0 0 0
400	1	 1 0 1 1 0 0 1 0 1 1 1 0 1 0 0 0 0 0 0 0
400	1	 1 1 1 1 0 0 0 0 0 1 1 0 1 0 0 1 0 1 0 0
400	2	 1 0 1 1 0 0 0 0 0 1 0 0 1 0 1 0 0 1 0 0
400	2	 1 1 0 1 0 0 1 0 0 1 1 0 1 0 0 0 0 0 0 0
400	1	 1 1 1 1 1 0 1 1 0 1 1 0 1 0 0 0 0 0 0 0
400	1	 1 1 1 1 0 1 0 0 0 1 0 0 1 0 1 0 0 0 0 0
400	1	 1 1 1 1 0 0 0 1 0 0 1 1 1 0 0 0 0 0 0 0
400	1	 1 1 0 1 1 0 1 0 0 1 1 0 1 1 1 1 0 0 1 0
400	4	 1 1 1 1 1 0 0 0 0 1 1 1 1 0 1 0 0 0 0 0
400	1	 1 1 1 1 0 0 0 1 0 1 1 0 1 0 0 1 0 0 0 0
400	1	 1 1 1 1 0 1 1 0 0 1 1 0 1 0 1 0 0 1 0 0
400	1	 1 1 1 0 0 0 1 0 0 1 1 0 1 0 0 0 0 0 0 0
400	3	 1 0 1 1 0 1 1 0 0 1 1 0 1 0 0 0 0 0 0 0
400	2	 1 1 1 1 1 0 1 0 0 0 1 0 1 0 0 0 0 0 0 0
400	1	 1 1 1 0 0 1 0 1 1 1 1 0 1 0 0 0 0 0 0 0
400	1	 1 1 1 1 1 0 0 0 1 1 1 0 1 0 1 0 0 0 0 0
400	3	 0 1 1 1 0 0 0 0 0 1 1 0 1 0 0 0 1 0 0 0
400	2	 1 0 1 1 1 1 1 0 0 1 1 0 1 0 0 0 0 0 1 0
500	3	 1 1 1 1 0 0 1 0 0 1 1 0 1 0 0 0 0 0 0 0
500	79	 1 1 1 1 0 0 0 0 0 1 1 0 1 0 0 0 0 0 0 0
500	16	 1 1 1 1 1 0 0 0 0 1 1 0 1 0 0 0 0 0 0 0
500	22	 1 1 1 1 0 0 1 0 1 1 1 0 1 0 1 0 0 0 1 0
500	96	 1 1 1 1 0 0 1 1 0 1 1 0 1 0 0 0 0 0 0 0
500	8	 1 1 1 1 1 0 1 0 1 1 1 0 1 0 0 0 0 0 0 0
500	27	 1 1 1 1 0 1 1 1 0 1 1 0 1 0 0 0 0 0 1 0
500	49	 1 1 1 1 0 0 0 0 0 1 1 0 1 0 1 0 0 1 0 0
500	5	 1 1 1 1 0 1 0 0 0 1 0 0 1 0 1 0 0 0 0 0
500	6	 0 1 1 1 1 0 1 0 1 1 1 0 1 0 1 1 0 0 0 0
500	20	 1 1 1 1 0 0 0 0 0 1 0 0 1 0 0 0 0 0 0 0
500	2	 1 0 1 1 0 0 0 1 0 1 1 0 1 0 0 0 0 0 0 0
500	16	 1 1 1 1 1 0 0 0 0 0 1 0 0 0 0 0 0 0 0 0
500	5	 1 1 1 0 0 0 0 0 1 0 1 0 1 0 0 1 0 0 0 0
500	11	 1 1 1 1 0 0 1 0 1 1 1 0 1 0 0 0 0 0 0 0
500	31	 1 1 0 1 1 0 1 1 0 1 1 0 1 0 1 0 0 0 0 0
500	4	 1 1 1 1 0 0 0 0 1 1 1 0 1 0 0 1 0 0 0 0
500	12	 1 1 0 1 1 0 1 0 1 1 1 0 1 0 0 0 0 0 0 0
500	1	 1 1 1 1 1 0 1 0 0 1 1 0 1 1 0 0 0 0 0 0
500	1	 1 1 1 1 0 0 0 0 0 1 1 0 0 0 0 0 0 0 0 0
500	24	 1 1 0 1 0 0 1 0 1 1 1 0 1 0 1 0 0 0 0 0
500	24	 1 1 0 1 0 0 1 0 0 0 1 0 1 0 1 0 0 0 0 0
500	11	 1 1 1 1 0 0 0 1 0 0 1 0 1 0 0 0 0 0 0 0
500	11	 0 1 1 0 1 0 1 0 0 0 1 0 1 0 1 0 0 0 0 0
500	6	 0 0 1 1 0 0 0 1 0 1 1 0 1 0 1 0 0 0 0 0
500	5	 1 1 1 1 1 0 1 0 0 1 1 0 0 1 0 0 0 0 0 0
500	8	 1 1 1 1 1 0 1 0 0 1 1 0 1 1 0 0 0 0 1 0
500	6	 1 1 1 1 0 1 1 1 1 1 1 0 1 0 0 0 0 0 1 0
500	3	 1 1 1 1 0 0 1 0 1 1 1 0 1 1 1 0 0 0 0 0
500	1	 1 1 1 1 0 0 0 0 0 1 1 0 0 0 0 0 0 0 1 0
500	5	 1 1 1 1 0 1 0 0 0 1 0 0 1 0 1 0 0 1 0 0
500	30	 1 1 1 1 0 0 0 0 0 1 1 0 1 1 1 0 0 0 0 0
500	11	 1 1 1 1 1 0 1 1 0 1 1 0 1 0 0 1 0 0 0 0
500	13	 1 1 1 1 1 0 0 0 1 1 1 0 1 0 0 0 0 0 1 0
500	13	 1 1 0 1 1 0 1 0 1 1 1 0 1 0 0 0 0 0 1 0
500	3	 1 1 1 1 1 0 0 0 0 1 1 0 1 0 1 0 0 1 1 0
500	2	 1 1 0 1 1 0 1 0 0 1 1 0 1 1 1 0 0 0 0 0
500	8	 1 1 1 1 1 0 0 1 0 1 1 0 1 1 1 0 0 0 0 0
500	1	 1 1 1 1 0 0 0 0 0 0 1 0 1 0 1 0 0 0 0 0
500	5	 0 1 1 1 0 0 1 0 0 0 1 0 1 0 0 0 0 0 0 0
500	6	 1 1 1 1 0 0 1 1 0 1 0 0 1 0 0 0 0 0 0 0
500	3	 1 1 1 1 1 0 0 1 1 1 1 0 1 1 0 1 0 0 0 0
500	4	 1 1 0 1 0 0 1 0 1 1 1 0 1 0 1 0 0 1 0 0
500	2	 1 1 0 1 0 0 1 0 0 1 1 1 1 1 0 0 0 0 1 0
500	6	 1 1 1 1 0 0 1 1 0 1 1 1 1 0 0 1 1 0 0 0
500	16	 1 1 0 1 0 0 1 0 1 1 1 0 1 0 0 1 0 0 0 0
500	7	 1 1 1 1 0 0 0 0 0 0 1 0 0 0 0 0 0 0 0 0
500	6	 1 1 1 1 0 0 1 1 0 1 1 0 1 0 0 0 1 0 0 0
500	3	 1 1 1 0 0 1 1 1 0 1 1 0 1 0 0 0 0 0 1 0
500	8	 1 1 1 1 1 0 0 0 1 1 1 0 1 0 0 1 0 1 0 0
500	1	 1 1 1 1 0 0 0 0 0 1 0 0 1 1 0 0 0 0 0 0
500	31	 1 1 1 1 1 0 0 1 1 1 1 0 1 1 1 1 0 0 0 0
500	15	 1 1 1 1 1 1 1 1 0 1 1 0 1 0 0 0 0 0 1 0
500	9	 0 1 1 1 1 0 0 0 0 1 1 0 1 0 0 0 0 0 0 0
500	10	 1 0 1 1 0 0 0 1 0 0 1 0 1 0 0 0 0 0 0 0
500	2	 1 1 0 1 1 0 1 1 1 1 1 0 1 0 0 0 0 0 0 0
500	8	 1 0 1 1 0 0 0 0 0 0 1 0 1 0 1 0 0 0 0 0
500	1	 1 1 1 1 1 0 1 0 1 1 1 0 1 0 1 0 0 1 1 0
500	13	 1 0 1 1 1 0 1 0 1 1 1 0 1 0 0 0 0 0 0 0
500	3	 1 1 0 1 1 0 1 1 0 1 1 0 1 0 0 1 0 1 0 0
500	13	 1 1 1 1 0 0 0 0 0 1 1 0 1 0 0 1 0 0 0 0
500	10	 1 1 1 1 1 0 1 1 1 1 1 0 1 0 0 0 0 0 0 0
500	2	 1 1 1 1 1 0 0 0 1 0 1 0 1 0 1 0 0 0 0 0
500	4	 1 1 1 1 0 1 0 0 0 1 1 0 1 1 1 0 0 0 0 0
500	2	 1 1 1 1 0 0 1 0 1 1 1 0 1 0 1 0 0 0 0 0
500	3	 1 1 1 1 0 0 0 1 0 0 1 0 1 1 1 0 0 0 0 0
500	1	 1 1 1 1 1 0 1 0 1 1 1 0 1 0 0 0 0 0 1 0
500	1	 1 1 1 0 0 0 0 0 1 0 1 0 0 0 0 1 0 0 0 0
500	1	 0 1 0 1 0 0 1 0 0 0 1 0 1 0 1 0 0 0 0 0
500	18	 1 1 1 1 0 1 0 0 0 1 1 0 0 0 0 0 0 0 1 0
500	5	 0 1 1 1 1 0 0 0 0 1 1 0 1 0 1 0 0 1 1 0
500	3	 1 1 1 1 1 0 1 0 1 1 1 1 1 0 0 0 0 0 1 0
500	4	 1 1 1 1 0 1 0 1 0 1 0 0 1 0 1 0 0 1 0 0
500	2	 1 1 0 1 0 0 1 0 1 0 1 0 0 0 0 1 0 0 0 0
500	3	 1 1 1 0 0 0 1 1 0 1 1 0 1 0 0 0 0 0 0 0
500	5	 1 0 1 1 0 0 0 0 0 1 1 0 0 0 0 0 0 0 1 0
500	3	 1 1 1 1 0 0 0 0 0 1 1 0 1 0 0 0 0 0 1 0
500	10	 1 1 1 1 1 0 0 0 1 0 1 0 1 0 0 1 0 0 0 0
500	7	 1 0 1 1 1 0 0 0 1 1 1 0 1 0 1 0 0 0 1 0
500	4	 1 0 1 1 0 0 0 0 0 1 1 0 1 0 0 1 0 0 0 0
500	6	 0 1 1 1 1 0 0 0 0 0 1 0 1 0 1 0 0 1 1 0
500	7	 0 1 1 1 0 0 1 0 1 1 1 0 1 0 1 0 0 0 0 0
500	3	 1 1 1 1 0 0 1 1 0 1 1 0 1 0 0 1 0 0 0 0
500	7	 1 1 0 1 1 0 0 0 0 1 1 0 1 1 1 0 0 0 0 0
500	5	 1 1 1 1 0 1 0 0 0 1 1 0 1 0 0 0 0 0 0 0
500	1	 1 1 1 1 0 0 1 0 1 1 1 0 1 1 0 1 0 0 0 0
500	4	 0 1 1 1 1 0 1 0 1 1 1 0 1 0 0 0 0 0 0 0
500	8	 1 0 1 1 0 0 0 0 0 1 1 0 1 0 0 1 0 1 0 0
500	3	 1 1 1 1 0 0 1 1 0 1 1 0 1 0 0 0 0 0 1 0
500	1	 1 1 0 1 0 0 1 0 1 1 1 0 1 0 1 0 0 0 1 0
500	2	 1 1 1 1 0 0 0 1 0 1 1 0 1 0 1 0 0 1 0 0
500	2	 0 1 1 0 1 0 1 0 0 0 1 0 1 0 1 0 0 0 1 0
500	6	 1 1 1 1 1 0 0 0 1 0 1 0 1 0 0 0 0 0 1 0
500	1	 1 1 0 1 0 0 1 0 1 1 1 0 1 0 1 1 0 1 0 0
500	13	 1 1 1 1 0 0 1 0 1 1 1 0 1 0 0 1 0 0 1 0
500	1	 1 1 1 1 1 0 1 1 1 1 0 0 1 0 0 0 0 0 0 0
500	4	 1 1 1 1 0 0 0 0 0 1 1 0 1 0 0 0 0 1 1 0
500	8	 1 1 1 1 1 0 1 0 0 1 1 0 1 0 0 0 0 0 0 0
500	3	 1 1 0 1 1 0 1 1 1 1 1 0 1 0 1 0 0 0 1 0
500	1	 1 1 1 1 1 0 1 1 0 1 1 0 1 0 1 0 0 0 0 0
500	5	 0 1 1 1 0 0 1 0 1 1 1 0 1 0 1 0 0 0 1 0
500	2	 1 1 0 1 0 0 1 0 1 1 0 0 1 0 1 0 0 0 0 0
500	3	 1 1 0 1 0 0 1 0 0 0 1 0 1 0 1 0 0 0 0 1
500	1	 0 0 1 1 0 0 0 1 0 1 1 0 1 1 1 0 0 0 0 0
500	1	 1 1 1 1 0 0 1 0 0 1 1 0 1 0 0 1 0 0 0 0
500	1	 1 1 1 0 1 0 0 0 1 0 1 0 1 0 0 1 0 0 0 0
500	1	 0 1 1 1 1 0 0 0 0 0 1 0 1 0 1 0 0 1 1 1
500	1	 1 1 0 1 0 0 1 0 1 1 1 0 1 1 0 1 0 0 0 0
500	3	 1 1 1 1 0 0 0 0 1 1 1 0 1 0 0 0 0 0 1 0
500	1	 1 1 1 1 0 0 1 1 0 1 1 1 1 0 0 1 0 0 0 0
500	1	 1 0 1 1 0 0 0 1 0 1 1 0 1 1 1 0 0 0 0 0
500	4	 1 1 1 1 0 1 0 0 0 1 1 0 1 0 1 0 0 0 0 0
500	1	 1 1 1 1 0 0 1 1 1 1 1 0 1 0 0 0 0 0 0 0
500	1	 1 1 1 1 0 0 1 1 0 1 1 1 1 0 0 0 0 0 0 0
500	2	 0 1 0 1 1 0 1 1 0 1 1 0 1 0 1 0 0 0 0 0
500	1	 0 1 1 1 0 0 0 0 1 1 1 0 1 0 0 1 0 0 0 0
500	1	 0 1 1 0 1 0 1 1 0 0 1 0 1 0 1 0 0 0 0 0
500	2	 1 1 1 1 0 0 1 0 1 1 1 0 1 0 1 0 0 1 0 0
500	2	 1 1 1 1 0 0 0 1 0 1 1 0 1 1 1 0 0 0 0 0
500	1	 0 1 1 1 1 0 0 0 0 1 1 0 1 0 0 0 0 0 1 0
500	1	 1 1 1 1 0 0 0 0 0 1 1 0 1 0 0 0 0 1 0 0
500	4	 1 1 1 1 0 1 1 0 1 1 1 0 1 0 1 0 0 0 1 0
500	4	 1 1 1 1 0 0 1 1 0 1 1 0 0 0 0 0 0 0 0 0
500	2	 1 1 0 1 1 0 1 0 1 1 1 0 1 0 1 0 0 0 0 0
500	1	 1 1 0 1 0 0 1 0 0 0 1 1 1 0 1 0 0 0 0 0
500	2	 1 1 1 0 1 0 1 0 0 1 1 0 0 1 0 0 0 0 0 0
500	2	 1 1 1 1 0 0 0 0 0 0 0 0 0 0 0 0 0 0 0 0
500	2	 1 1 1 1 1 1 0 0 1 1 1 0 1 0 0 1 0 1 0 0
500	1	 1 1 1 1 0 0 0 1 0 0 1 0 0 1 1 0 0 0 0 0
500	1	 1 1 1 1 1 0 1 0 0 1 1 0 1 0 0 0 0 0 0 1
600	11	 1 1 1 1 0 0 0 0 0 1 1 0 1 0 0 0 0 0 0 0
600	3	 1 1 1 1 0 0 1 1 0 1 1 0 1 0 0 0 0 0 0 0
600	11	 1 1 1 1 0 0 0 0 0 1 1 0 1 1 1 0 0 0 0 0
600	16	 1 1 1 1 0 0 0 0 0 0 1 0 0 0 0 0 0 0 0 0
600	8	 1 1 1 1 0 1 0 0 0 1 1 0 1 0 0 0 0 0 0 0
600	5	 1 1 1 1 1 0 0 0 1 0 1 0 1 0 0 0 0 0 1 0
600	11	 1 1 1 0 0 0 0 0 0 1 1 0 1 0 0 0 0 0 0 0
600	127	 1 1 1 1 0 0 1 1 0 0 1 0 1 0 0 0 0 0 0 0
600	29	 1 1 1 1 0 0 1 0 1 1 1 0 0 0 0 1 0 0 0 0
600	15	 1 1 1 1 0 0 1 1 1 1 1 0 1 1 1 0 1 0 0 0
600	1	 1 1 1 1 1 0 0 0 1 1 1 0 1 1 0 1 0 1 0 0
600	3	 1 1 1 1 0 0 1 1 0 0 1 0 1 0 0 0 1 0 0 0
600	19	 1 1 1 1 0 0 0 0 1 0 1 0 1 1 1 0 0 0 0 0
600	10	 1 1 1 1 0 0 1 0 0 1 1 0 1 0 0 0 0 0 0 0
600	2	 1 1 1 1 0 0 0 0 0 1 1 0 0 1 1 0 0 0 1 0
600	6	 1 1 1 1 0 0 1 0 0 0 1 1 1 0 0 0 0 0 0 0
600	4	 1 1 1 1 0 0 0 0 0 1 1 0 1 0 1 0 0 0 0 0
600	3	 1 1 0 1 0 0 1 1 0 0 1 0 1 0 0 0 0 0 0 0
600	3	 1 1 0 0 1 0 0 0 0 0 1 0 1 0 0 0 1 0 0 0
600	21	 1 1 1 1 0 0 1 1 0 1 1 0 1 0 0 1 0 1 0 0
600	11	 1 1 1 1 0 0 0 0 0 0 1 0 1 0 0 0 0 0 0 0
600	11	 1 1 1 1 0 0 0 0 0 1 0 0 0 0 0 0 0 0 0 0
600	6	 0 1 1 1 0 0 1 1 0 1 1 0 1 0 0 0 0 0 0 0
600	2	 1 1 1 1 0 0 1 1 0 1 1 0 1 0 0 1 0 0 0 0
600	33	 1 1 1 1 0 0 0 1 0 0 1 0 1 0 0 0 0 0 0 0
600	13	 1 1 1 1 1 0 1 1 0 1 1 0 1 0 0 0 0 0 1 0
600	37	 1 1 1 1 0 0 0 0 0 1 1 0 0 0 0 0 0 0 0 0
600	16	 1 1 1 1 0 1 1 1 0 1 1 0 1 0 0 1 0 0 0 0
600	7	 1 1 1 1 0 0 0 0 0 0 1 1 1 0 0 0 1 0 0 0
600	3	 1 1 1 1 0 1 1 1 0 1 1 0 1 0 1 0 0 1 0 0
600	11	 1 1 1 1 0 0 0 0 0 1 1 0 0 1 1 0 0 1 1 0
600	6	 1 1 1 1 0 0 1 0 1 1 1 0 1 0 1 0 0 0 0 0
600	4	 1 1 1 1 0 0 1 1 0 1 1 0 1 0 0 0 0 0 0 1
600	11	 1 1 1 1 0 1 0 0 0 0 1 0 1 0 0 0 0 0 0 0
600	1	 1 1 1 1 0 0 0 0 0 1 1 0 1 0 1 0 0 0 0 1
600	9	 1 0 1 1 1 0 1 1 0 1 1 0 1 0 0 0 1 0 0 0
600	2	 1 1 1 1 0 1 0 0 0 1 1 0 1 0 0 0 0 1 0 0
600	17	 1 1 1 1 0 1 0 0 0 1 0 0 1 0 0 0 0 0 0 0
600	5	 1 1 1 1 1 0 0 0 1 1 1 0 0 1 0 1 0 1 0 0
600	5	 1 1 1 1 0 0 0 0 0 1 1 0 1 1 1 1 0 0 1 0
600	1	 1 1 1 1 0 0 0 0 1 1 1 0 0 0 0 0 0 0 0 0
600	17	 1 1 1 1 0 0 1 0 0 0 1 0 0 0 0 0 0 0 0 0
600	9	 0 1 1 1 1 1 1 1 0 1 1 0 1 0 0 0 0 0 0 0
600	11	 1 0 1 1 0 0 1 1 1 1 0 0 1 0 0 0 0 0 0 0
600	42	 1 1 1 1 0 0 1 1 0 0 1 1 0 0 0 0 1 0 0 0
600	15	 1 1 1 1 0 0 1 1 0 0 0 1 1 0 0 1 0 0 0 0
600	3	 1 1 1 0 0 0 1 0 0 1 1 0 1 0 0 0 0 0 0 0
600	3	 0 1 1 1 0 0 1 1 0 0 1 0 1 0 0 0 1 0 0 0
600	13	 1 1 1 1 0 0 1 0 1 1 1 0 1 0 1 1 0 0 1 0
600	7	 1 1 1 1 1 0 1 1 1 1 1 0 0 0 0 1 0 0 0 0
600	14	 1 1 1 1 0 0 1 1 0 1 0 0 0 0 0 0 0 0 0 0
600	2	 1 0 1 1 0 0 1 1 0 0 1 0 1 0 0 0 0 0 0 0
600	5	 1 1 1 1 0 0 1 1 1 1 1 0 1 1 1 0 1 0 1 0
600	11	 1 1 1 1 0 0 0 0 0 1 1 0 1 1 0 0 0 0 0 0
600	20	 1 1 1 0 0 0 0 0 0 1 1 0 1 1 1 0 0 0 0 0
600	65	 1 1 1 1 0 0 1 1 1 0 1 0 1 1 1 0 0 0 0 0
600	4	 1 1 1 1 1 0 1 1 0 1 1 0 1 1 1 0 0 0 0 0
600	2	 1 1 1 1 0 1 1 0 0 1 1 0 1 0 1 0 1 0 0 0
600	8	 0 1 1 1 0 0 1 1 0 1 1 0 1 0 0 0 0 0 0 1
600	3	 0 1 1 1 1 1 1 1 0 1 1 0 1 1 0 0 0 0 0 0
600	6	 1 0 1 1 0 0 1 1 1 1 0 1 1 0 0 0 0 0 0 0
600	2	 1 1 1 1 1 0 0 1 0 1 1 0 1 0 0 0 0 0 0 0
600	2	 1 1 1 1 0 1 1 0 0 1 1 0 0 0 0 0 0 0 0 0
600	1	 1 1 1 1 1 0 0 0 1 0 1 0 1 1 0 0 0 0 0 0
600	5	 1 1 1 1 0 0 1 0 0 1 1 1 0 0 0 0 1 0 0 0
600	22	 1 1 1 1 1 0 1 1 0 1 0 0 1 0 0 0 0 0 1 0
600	1	 1 1 1 1 0 0 1 1 1 0 1 0 1 0 0 0 0 0 0 0
600	2	 1 1 0 1 0 0 1 1 1 1 1 0 1 1 1 0 1 0 0 0
600	1	 1 1 1 1 0 0 1 1 0 1 1 0 1 1 1 0 0 0 0 0
600	8	 0 1 1 1 0 0 1 1 0 0 0 1 1 0 0 1 0 0 0 0
600	9	 1 1 1 1 0 0 0 0 0 1 1 0 0 1 0 0 1 0 0 0
600	8	 1 1 1 1 0 0 0 0 1 0 1 0 1 1 1 0 0 0 0 1
600	7	 1 1 0 1 1 0 1 1 0 1 1 0 1 1 1 0 0 0 0 0
600	2	 1 1 1 1 1 0 0 0 1 1 1 0 1 0 0 0 0 0 0 0
600	4	 1 1 0 1 0 0 1 1 0 0 1 0 1 0 1 0 0 0 0 0
600	1	 1 1 1 1 0 0 1 0 1 1 1 0 1 0 0 0 0 0 1 0
600	1	 1 1 1 1 0 0 1 1 0 0 1 0 1 0 0 1 0 0 0 0
600	6	 1 1 0 1 0 0 0 0 0 1 1 0 0 0 0 0 0 0 0 0
600	1	 1 1 1 1 0 1 1 1 0 1 1 0 1 0 0 1 0 0 1 0
600	11	 1 1 1 1 0 0 1 1 1 0 1 0 1 1 0 0 0 0 0 0
600	3	 1 1 1 1 1 0 0 0 1 1 1 0 1 1 1 0 0 0 0 0
600	5	 1 1 1 1 0 0 1 1 1 1 1 0 1 1 1 1 1 0 0 0
600	9	 0 1 1 1 0 0 0 0 1 1 0 0 1 0 0 0 0 1 0 0
600	3	 1 1 1 1 0 0 1 1 0 1 1 0 1 0 0 0 0 0 1 0
600	1	 1 0 1 1 0 0 0 0 0 1 1 0 0 0 0 0 0 0 0 0
600	7	 1 1 1 1 0 0 0 0 0 1 0 0 1 1 1 0 0 0 0 0
600	1	 1 1 1 1 0 0 1 0 1 1 1 0 1 1 1 0 1 0 0 0
600	2	 0 1 1 1 0 1 1 1 0 1 1 0 1 0 1 0 0 1 0 0
600	1	 1 0 1 0 0 0 1 1 1 1 0 0 1 0 0 0 0 0 0 0
600	2	 1 1 1 1 0 0 0 0 0 1 1 0 1 1 1 0 0 0 1 0
600	3	 1 1 1 1 0 0 0 0 0 0 1 1 1 0 0 0 0 0 0 0
600	1	 1 1 0 0 1 0 0 0 0 0 1 0 1 0 0 0 0 0 0 0
600	1	 1 0 1 1 0 0 0 1 0 0 1 0 1 0 0 0 0 0 0 0
600	3	 1 0 1 1 0 0 1 1 0 1 0 0 1 0 0 0 0 0 1 0
600	5	 1 1 1 1 0 1 1 0 0 1 1 0 1 0 1 0 0 0 0 0
600	5	 1 1 1 0 0 0 1 1 0 1 0 0 1 0 0 0 0 0 1 0
600	3	 1 1 1 1 0 0 1 1 0 1 1 1 1 0 0 0 0 0 0 0
600	3	 1 1 1 1 0 0 0 0 0 1 1 0 1 1 1 1 0 1 1 0
600	3	 1 1 1 0 0 1 1 0 0 1 1 0 1 0 0 0 0 0 0 0
600	1	 1 1 0 1 0 0 0 0 0 1 1 0 1 1 0 0 0 0 0 0
600	1	 0 1 1 1 0 0 1 1 0 1 0 0 1 0 0 0 0 0 0 1
600	4	 1 1 1 1 0 0 1 1 0 0 1 0 0 0 0 0 0 0 0 0
600	2	 1 1 1 0 0 0 0 0 1 1 1 0 1 0 0 0 0 0 0 0
600	4	 1 1 0 1 0 0 1 0 0 1 1 0 1 0 0 0 0 0 0 0
600	4	 1 0 1 1 0 0 1 1 1 1 0 0 0 0 0 0 0 0 0 0
600	1	 1 1 1 1 0 0 1 1 1 0 1 0 1 1 0 0 0 0 0 1
600	2	 1 1 1 0 0 0 1 1 0 1 1 0 1 0 0 0 0 0 1 0
600	2	 1 1 1 1 1 0 0 0 1 1 1 0 1 1 0 1 0 0 0 0
600	1	 1 1 1 1 0 0 1 0 0 1 1 0 1 0 0 0 0 0 1 0
600	1	 1 1 1 1 0 1 0 0 0 1 1 0 1 1 1 1 1 0 0 0
600	1	 1 1 1 1 1 0 0 1 1 0 1 0 1 1 0 0 0 0 0 1
600	2	 1 1 1 1 1 0 0 0 0 0 1 0 1 0 0 0 0 0 0 0
600	3	 1 1 1 1 0 1 1 0 1 1 1 0 0 0 0 1 0 0 0 0
600	1	 1 1 1 1 0 0 0 1 0 1 1 0 0 0 0 0 0 0 0 0
600	1	 1 1 1 1 0 1 0 0 0 1 0 0 1 0 0 0 0 0 0 1
600	10	 1 1 1 1 0 0 1 1 0 0 0 1 0 0 0 1 0 0 0 0
600	1	 1 1 1 1 0 0 1 0 0 1 1 0 1 1 0 1 1 1 0 0
600	2	 1 1 1 1 1 0 0 0 1 0 1 0 1 1 1 0 0 0 0 0
600	1	 1 1 1 1 0 0 0 1 0 1 1 1 1 0 0 0 0 0 0 0
600	2	 1 1 1 1 0 0 0 1 0 0 1 0 1 0 0 1 0 1 0 0
600	2	 1 1 1 1 0 0 0 0 0 1 1 0 0 0 0 0 0 1 0 0
600	1	 1 0 1 1 1 0 1 1 0 0 1 0 1 0 0 0 0 0 0 0
600	1	 1 1 1 1 1 1 1 1 0 1 1 0 1 0 0 0 0 0 0 0
600	3	 1 1 1 1 1 0 0 0 1 1 1 0 1 0 0 1 0 1 0 0
600	2	 1 1 1 1 0 0 1 1 0 1 1 0 1 0 0 0 1 0 0 0
600	2	 1 1 1 1 0 0 1 1 0 0 1 1 1 0 0 0 0 0 0 0
600	1	 1 1 1 1 0 0 1 0 1 1 1 0 0 0 0 0 0 0 0 0
600	1	 1 1 1 1 0 0 0 1 0 0 1 0 0 0 0 0 0 0 0 0
600	2	 1 1 1 1 0 0 0 0 0 1 1 0 0 0 0 0 1 0 0 0
600	1	 0 1 1 1 1 1 1 1 0 1 1 0 1 0 1 0 0 0 0 0
600	1	 0 1 1 0 1 1 1 1 0 1 1 0 1 0 0 0 0 0 0 0
600	2	 1 1 0 1 0 0 1 1 0 0 1 1 0 0 0 0 1 0 0 0
700	39	 1 1 1 1 0 0 0 0 0 0 1 0 1 0 0 0 0 0 0 0
700	19	 1 1 1 1 0 1 0 0 0 0 1 0 1 0 0 0 0 0 0 0
700	197	 1 1 1 1 0 0 1 1 0 0 0 1 1 0 0 1 0 0 0 0
700	12	 1 1 1 0 0 0 0 0 1 1 1 0 1 0 0 0 0 0 0 0
700	62	 1 1 1 1 0 0 1 1 0 0 0 1 1 0 0 0 0 0 0 0
700	6	 1 1 1 1 0 0 1 1 0 0 1 0 0 0 0 0 0 0 0 0
700	20	 1 1 1 1 1 0 0 0 0 0 1 1 1 0 0 0 0 0 0 0
700	28	 1 1 1 1 0 0 1 1 1 1 0 0 0 0 1 0 0 0 0 0
700	34	 1 1 1 0 0 1 1 1 0 1 1 0 0 0 0 0 0 0 0 0
700	60	 1 1 1 1 0 0 0 1 0 0 0 1 1 0 0 1 0 0 0 0
700	30	 1 1 1 1 0 0 1 1 0 0 0 1 1 0 0 0 0 1 0 0
700	3	 1 1 1 1 0 0 1 1 1 0 1 1 1 1 1 0 0 1 1 0
700	23	 1 1 1 1 0 0 0 1 0 0 1 1 1 0 0 1 0 0 1 0
700	2	 1 1 1 1 0 0 1 1 0 0 0 1 1 0 0 1 0 0 1 0
700	7	 1 1 0 1 0 0 0 0 1 0 1 0 1 1 1 0 0 0 0 1
700	39	 1 1 1 1 0 0 0 0 1 0 1 0 1 1 1 0 0 0 0 1
700	5	 1 1 1 1 1 0 0 0 0 0 1 1 1 0 0 0 1 0 0 0
700	10	 1 0 1 1 0 0 1 1 0 0 0 1 1 0 0 1 0 0 0 0
700	2	 1 1 1 0 0 0 0 1 0 0 0 1 1 0 0 1 0 0 0 0
700	3	 1 1 1 1 0 0 1 1 0 0 0 1 1 1 0 1 0 0 0 0
700	5	 1 1 1 1 1 0 1 1 0 0 0 1 1 0 0 1 0 0 0 0
700	4	 1 1 1 1 0 0 1 1 0 0 0 1 1 1 0 1 0 0 0 1
700	17	 0 1 1 1 0 0 0 1 0 0 0 1 1 0 0 1 0 0 0 0
700	12	 1 1 1 0 0 1 1 1 1 0 0 1 1 0 0 1 0 0 1 0
700	4	 1 1 0 0 0 0 0 0 1 1 1 0 1 0 0 0 0 0 0 0
700	2	 1 1 1 1 1 0 0 0 0 0 1 1 0 1 0 0 0 0 0 0
700	3	 0 1 1 1 0 0 1 1 1 0 0 1 1 0 0 1 0 1 0 0
700	11	 1 1 1 1 0 0 0 0 1 0 1 0 1 0 0 1 0 1 0 0
700	13	 1 1 1 1 0 0 0 0 1 0 1 0 0 0 0 0 0 0 0 1
700	1	 1 0 1 1 0 0 0 0 0 0 0 1 1 0 0 0 0 1 1 0
700	12	 1 1 1 1 0 0 0 0 0 0 0 1 1 0 0 1 0 0 1 0
700	5	 1 1 1 1 0 1 0 1 1 0 1 0 1 1 1 0 0 0 0 0
700	10	 1 1 1 1 0 0 1 1 1 0 0 1 1 0 0 1 0 0 0 0
700	8	 1 1 1 1 1 1 0 0 0 0 1 1 1 0 0 0 0 0 0 0
700	5	 1 1 1 1 1 0 0 0 0 0 1 1 1 1 1 0 0 0 0 0
700	1	 1 1 1 1 1 0 0 0 0 0 1 0 1 1 1 0 0 0 0 1
700	4	 1 1 1 1 0 0 1 1 0 0 0 1 1 0 0 1 1 0 0 0
700	15	 0 1 1 1 0 0 1 1 0 0 0 1 1 0 0 0 0 0 0 0
700	7	 1 1 1 1 0 0 1 0 0 0 0 1 1 0 0 0 0 1 0 0
700	10	 1 1 1 1 0 0 0 1 1 0 1 0 1 1 1 0 0 0 0 0
700	5	 1 1 1 1 0 0 0 1 0 0 1 1 1 0 0 0 0 1 0 0
700	13	 1 1 1 1 0 0 1 0 0 0 0 1 1 0 0 1 0 0 0 0
700	3	 1 1 1 1 0 0 1 1 0 0 0 0 1 0 0 1 0 0 0 0
700	4	 1 1 1 1 0 0 0 1 0 0 1 1 1 0 0 0 0 0 0 0
700	5	 1 1 1 1 0 0 1 1 0 0 0 1 1 0 0 0 0 0 0 1
700	1	 1 1 1 1 0 1 1 1 0 0 1 0 0 0 0 0 0 0 0 0
700	3	 1 1 1 1 0 0 1 1 0 0 1 0 0 0 0 0 0 1 0 0
700	1	 1 1 1 0 0 0 1 1 0 0 0 1 1 0 0 0 1 0 0 0
700	11	 1 1 1 1 0 0 1 1 0 0 0 1 1 1 0 1 0 0 1 1
700	8	 1 1 1 1 0 0 1 1 1 0 0 0 0 0 1 0 1 0 0 0
700	2	 1 1 1 1 0 0 1 1 0 0 0 0 1 1 1 0 0 0 0 0
700	11	 1 1 1 1 0 0 1 1 0 1 0 1 1 0 0 1 0 0 0 0
700	6	 1 1 1 1 0 0 0 1 0 0 0 1 1 0 0 1 1 0 0 0
700	1	 0 1 1 0 0 0 1 1 0 0 0 1 1 0 0 1 0 0 0 0
700	1	 1 1 1 1 0 0 1 1 0 0 0 0 1 0 0 0 0 1 0 0
700	4	 1 1 1 1 0 0 1 0 0 0 0 1 1 0 0 1 1 0 0 0
700	3	 1 1 1 1 0 0 0 1 1 0 1 0 0 1 1 0 0 0 0 0
700	6	 1 0 1 1 0 1 0 0 0 0 1 0 1 0 0 0 0 0 0 0
700	3	 1 0 1 1 0 1 0 1 1 0 1 0 1 1 1 0 0 0 0 0
700	1	 1 1 1 1 0 0 0 0 0 0 0 1 1 0 0 1 0 0 0 0
700	1	 1 1 1 1 1 0 0 0 1 1 1 0 1 0 0 0 0 0 0 0
700	5	 1 0 1 1 0 0 1 1 0 0 0 1 1 0 0 0 0 1 0 0
700	3	 1 0 1 1 0 0 1 1 1 0 0 1 1 0 0 1 0 0 0 0
700	2	 1 1 1 1 0 1 0 1 1 0 1 0 1 1 1 1 0 0 0 0
700	1	 1 1 1 1 0 0 1 1 0 0 1 0 1 0 0 0 0 0 0 0
700	2	 1 1 1 1 0 0 1 1 0 0 1 1 1 0 0 1 0 0 1 0
700	2	 1 1 1 0 0 0 0 0 0 1 1 0 1 0 0 0 0 0 0 0
700	3	 1 1 1 1 0 0 0 1 0 0 0 0 1 0 0 1 0 0 0 0
700	9	 1 1 1 1 0 0 1 1 0 0 0 1 1 0 0 1 0 0 0 1
700	1	 1 1 1 1 0 0 0 0 1 0 0 0 1 0 0 1 0 1 0 0
700	1	 1 1 1 1 0 1 1 1 0 0 0 1 1 0 1 1 0 0 0 0
700	4	 1 1 1 1 0 0 0 0 0 0 0 0 1 0 0 1 0 0 0 0
700	1	 1 1 1 1 0 0 0 0 0 0 1 0 1 1 1 0 0 0 0 1
700	1	 1 1 1 1 1 0 0 0 0 0 1 1 1 0 0 0 0 1 0 0
700	4	 1 1 1 1 0 0 1 1 1 0 1 1 1 0 0 1 0 0 0 0
700	1	 1 1 1 1 0 1 0 0 1 1 1 0 1 0 0 0 0 0 0 0
700	11	 1 1 1 0 1 0 0 1 0 0 0 1 1 0 0 1 0 0 0 0
700	6	 1 1 1 1 1 0 1 0 1 1 0 0 0 0 1 0 0 0 0 0
700	5	 1 1 1 1 0 1 1 1 0 0 1 0 0 0 0 1 0 0 1 0
700	3	 1 1 1 1 0 1 0 1 0 0 0 1 1 0 0 1 0 0 0 0
700	5	 1 1 1 1 0 0 0 1 0 0 0 1 1 0 0 0 0 0 0 0
700	3	 1 1 1 0 0 0 1 0 0 0 0 1 1 0 0 1 0 0 0 0
700	3	 1 1 1 1 0 0 0 1 0 0 1 1 1 0 0 1 0 0 0 1
700	1	 1 1 1 1 0 0 0 0 1 0 1 0 1 0 0 1 1 1 0 0
700	2	 1 1 1 1 0 0 0 1 0 0 1 0 1 1 1 0 0 0 0 1
700	2	 1 0 1 1 0 0 0 0 0 0 0 1 1 0 0 1 0 0 0 0
700	4	 1 1 1 1 0 0 0 0 0 0 1 1 1 0 0 0 0 0 0 0
700	4	 1 1 1 1 0 0 1 1 1 1 0 0 0 0 1 0 0 0 1 0
700	7	 1 0 1 1 0 0 1 1 0 0 0 1 1 1 0 1 0 0 0 0
700	5	 1 1 1 1 0 1 1 1 1 0 0 1 1 0 0 1 0 0 1 0
700	4	 1 1 1 1 0 0 0 0 1 0 1 0 1 0 0 0 0 0 0 1
700	2	 1 1 1 0 1 0 1 1 0 0 0 1 1 0 0 1 0 0 0 0
700	4	 0 1 1 1 0 0 1 1 0 0 0 1 1 0 0 1 0 0 1 0
700	2	 1 1 1 1 0 0 1 1 0 0 0 1 1 1 1 0 0 0 0 0
700	3	 1 1 1 1 0 0 0 0 1 0 1 1 1 0 0 1 0 0 1 0
700	6	 1 1 1 1 1 0 0 0 0 0 0 1 1 0 0 1 0 0 0 0
700	1	 1 1 1 1 0 0 0 0 0 0 1 0 0 0 0 0 0 0 0 0
700	3	 1 1 1 0 0 1 1 1 0 0 1 0 0 0 0 0 0 0 0 0
700	1	 1 0 1 1 1 1 0 0 0 0 1 1 1 0 0 0 0 0 0 0
700	1	 1 1 1 1 0 0 1 1 0 0 1 0 1 0 0 0 0 0 1 0
700	2	 1 1 1 1 0 0 1 1 0 0 0 1 1 0 0 1 0 1 0 0
700	3	 1 1 1 0 0 0 1 1 0 0 0 1 1 0 0 1 0 0 0 1
700	2	 1 1 1 1 1 0 0 1 1 0 0 1 1 0 0 1 0 0 0 0
700	1	 1 1 1 1 0 0 0 1 0 0 0 1 1 0 1 0 0 0 0 0
700	1	 1 1 1 1 0 0 0 1 0 0 0 0 1 1 1 0 0 0 0 0
700	1	 1 1 1 1 1 0 0 0 1 0 0 0 1 0 0 1 0 1 0 0
700	1	 1 1 1 1 1 0 0 0 0 0 1 1 0 1 1 0 0 0 0 1
700	1	 1 1 1 1 0 0 1 1 0 0 0 0 1 0 0 0 0 0 0 0
700	1	 1 1 1 1 0 0 0 1 0 0 1 0 1 0 0 1 0 0 1 0
700	1	 1 1 1 1 0 0 1 0 1 0 1 0 0 0 0 0 0 0 0 1
700	2	 1 1 1 1 0 1 0 1 1 0 0 0 1 1 1 0 0 0 0 0
700	1	 1 1 1 1 0 0 1 1 0 0 0 1 1 1 0 1 1 0 0 0
700	2	 0 1 1 1 0 0 1 1 0 0 0 1 1 0 0 0 0 0 0 1
700	1	 1 1 1 1 0 0 1 1 0 1 0 0 1 0 0 1 0 0 0 0
700	2	 1 1 1 1 0 0 1 0 0 0 0 1 1 0 0 0 1 0 0 0
700	3	 1 0 1 1 0 1 0 1 1 1 1 0 1 1 1 0 0 0 0 0
700	4	 0 1 1 1 0 0 1 1 0 0 1 0 1 0 0 0 0 0 0 0
800	167	 1 1 1 1 0 0 1 1 0 0 0 1 1 0 0 1 0 0 0 0
800	85	 1 1 1 1 0 0 1 1 0 0 0 1 1 0 0 0 0 0 0 0
800	45	 1 1 1 1 0 0 1 1 1 1 0 0 0 0 1 0 0 0 0 0
800	55	 1 1 1 1 0 0 0 1 0 0 0 1 1 0 0 1 0 0 0 0
800	7	 1 1 0 0 0 0 1 1 0 0 0 1 1 0 0 0 0 0 0 0
800	11	 1 1 1 1 0 0 1 1 0 0 0 1 1 0 0 0 0 0 1 0
800	2	 1 0 1 1 1 0 0 1 0 0 0 1 1 0 0 0 0 0 0 0
800	11	 1 1 1 1 0 0 1 0 1 0 0 1 1 0 0 0 0 1 0 0
800	11	 1 1 1 1 0 0 1 1 0 0 0 1 1 1 0 0 0 0 0 0
800	72	 1 1 1 1 0 1 1 1 0 0 0 1 1 0 0 1 0 0 0 0
800	9	 1 1 1 1 0 0 1 1 0 0 0 1 1 1 0 1 0 0 0 0
800	5	 1 1 1 0 0 0 1 1 0 0 0 1 1 0 0 1 0 0 0 0
800	17	 1 0 1 1 0 0 1 1 0 0 0 1 1 0 0 0 0 0 0 0
800	5	 1 1 1 1 0 0 0 1 0 0 0 1 1 0 0 1 0 0 1 0
800	33	 1 1 1 1 1 0 1 1 0 0 0 1 1 0 0 0 0 0 0 0
800	17	 1 1 1 1 0 0 1 1 1 0 1 1 1 0 0 1 0 0 0 0
800	61	 1 1 1 1 0 0 1 0 0 0 0 1 1 0 0 0 0 0 0 0
800	26	 1 1 1 1 0 0 1 0 1 0 0 1 1 0 0 0 0 0 0 0
800	5	 1 1 1 1 0 1 1 1 0 0 0 1 1 0 0 0 1 0 1 0
800	2	 0 1 1 1 0 0 0 1 0 0 0 1 1 0 0 0 0 0 0 0
800	2	 1 0 1 1 0 0 1 0 1 0 0 1 1 0 0 0 0 1 0 0
800	11	 1 1 1 1 0 0 0 1 0 0 0 0 1 0 0 1 0 0 0 0
800	2	 1 1 1 1 0 0 1 1 0 0 1 1 1 0 0 0 0 0 1 0
800	7	 1 1 1 1 0 0 1 1 1 0 1 0 1 1 0 1 0 0 0 0
800	9	 1 1 1 1 0 0 1 1 0 0 0 1 1 0 0 1 0 0 0 1
800	30	 1 1 0 1 0 0 1 1 0 0 0 1 1 1 0 0 0 0 0 0
800	10	 1 1 1 1 0 0 1 1 0 0 1 1 1 0 0 1 1 0 0 0
800	11	 1 1 1 1 1 0 1 1 1 1 0 0 0 0 1 0 0 0 0 0
800	12	 1 1 1 1 0 0 1 1 0 0 1 1 1 0 1 1 0 0 0 0
800	7	 1 1 1 1 0 0 1 1 1 1 0 0 0 0 0 0 0 0 0 0
800	25	 1 1 1 1 0 0 1 0 1 0 0 1 1 0 0 1 0 0 0 0
800	2	 1 1 1 1 0 0 1 1 0 0 0 1 0 0 0 1 0 0 0 0
800	11	 1 1 0 1 0 0 1 1 0 0 0 1 1 0 0 0 0 0 0 0
800	9	 1 1 1 1 1 0 1 1 0 0 0 1 1 0 0 0 1 0 0 0
800	10	 1 1 1 1 0 0 0 1 0 0 0 1 1 0 0 1 1 0 0 0
800	3	 1 0 1 1 0 0 1 1 0 0 0 1 1 0 0 1 0 0 0 0
800	8	 1 1 1 1 1 0 1 1 1 1 0 0 0 0 0 0 0 0 0 0
800	5	 1 1 1 1 0 0 1 1 0 0 0 1 0 0 0 0 0 0 0 0
800	7	 1 1 1 1 0 1 1 0 1 0 0 1 1 0 0 0 0 0 0 0
800	2	 1 1 1 1 0 0 0 1 0 0 0 1 0 0 0 1 0 0 0 0
800	10	 1 0 1 1 1 0 1 1 0 0 0 1 1 0 0 0 0 0 0 0
800	3	 1 1 1 1 0 0 0 1 0 0 0 1 1 0 0 0 0 0 0 0
800	7	 1 1 1 1 0 0 0 1 0 0 0 1 1 0 0 1 0 0 0 1
800	5	 1 1 1 1 0 0 1 1 0 0 0 1 1 0 0 1 0 0 1 0
800	1	 1 1 1 1 1 0 1 1 0 1 0 1 1 0 0 0 0 0 0 0
800	6	 1 1 1 1 1 1 0 1 0 0 0 0 1 1 0 1 1 0 0 0
800	16	 1 1 1 1 0 1 1 1 0 0 0 1 1 0 0 0 0 0 0 0
800	1	 1 1 1 1 1 0 1 1 0 0 0 1 1 0 0 1 0 0 0 0
800	12	 0 1 1 1 0 0 1 0 0 0 0 1 1 0 0 0 0 0 0 0
800	4	 1 1 1 1 1 0 1 0 1 1 0 0 0 0 1 0 0 0 0 0
800	6	 1 1 1 1 0 0 1 1 1 1 0 1 1 0 1 1 0 0 0 0
800	4	 1 1 1 1 0 0 1 1 1 1 0 0 0 0 1 0 0 0 1 0
800	8	 1 1 1 1 0 1 1 1 0 0 0 0 1 0 1 1 0 0 0 0
800	4	 1 1 1 1 0 1 1 1 1 0 0 1 1 0 0 1 0 0 0 0
800	1	 1 1 1 0 0 0 1 1 0 0 0 1 1 0 0 0 0 0 0 0
800	3	 1 1 1 0 0 0 1 1 0 0 0 1 1 0 0 0 0 0 1 0
800	2	 1 1 1 1 1 1 1 1 0 0 0 1 1 0 0 1 0 0 0 0
800	2	 1 1 1 1 0 1 1 1 1 0 0 1 1 0 1 1 0 0 0 0
800	5	 1 1 1 1 1 0 1 1 1 1 0 0 0 0 1 1 0 0 0 0
800	3	 1 1 1 1 0 0 0 1 1 1 0 0 0 0 1 0 0 0 0 0
800	3	 1 0 1 1 1 0 0 1 0 0 0 1 1 1 0 0 0 0 0 0
800	2	 1 1 1 1 0 0 1 1 0 0 0 1 1 0 0 0 1 0 1 0
800	6	 1 1 1 1 0 0 0 1 0 0 0 1 1 0 0 1 0 0 1 1
800	1	 0 1 1 1 0 0 1 1 1 1 0 0 0 0 1 0 0 0 0 0
800	5	 1 1 1 1 0 1 1 1 0 0 0 0 1 0 0 1 0 0 0 0
800	1	 1 0 1 1 1 0 0 1 0 0 0 1 1 0 0 1 0 0 1 0
800	1	 1 1 1 1 0 1 0 1 0 0 0 1 1 0 0 1 0 0 0 1
800	4	 1 1 0 1 0 0 1 1 0 0 0 1 1 1 0 0 0 0 0 1
800	3	 1 1 1 1 0 0 1 1 0 0 0 1 1 0 0 0 0 1 0 0
800	4	 1 1 1 1 0 0 1 1 0 1 0 1 1 0 0 0 0 0 0 0
800	3	 1 1 1 1 0 1 1 1 0 0 0 1 1 0 0 1 0 1 0 0
800	1	 1 1 1 0 0 0 1 1 0 1 0 1 1 0 0 1 0 0 0 0
800	3	 1 1 1 1 0 0 1 1 0 0 1 1 0 0 0 1 0 0 0 0
800	1	 1 1 1 1 1 0 1 1 0 0 0 1 1 0 0 0 1 0 1 0
800	5	 1 1 1 1 0 0 1 1 1 0 0 1 1 0 0 0 0 1 0 0
800	1	 1 1 1 1 0 0 1 1 0 0 0 0 1 0 0 1 0 0 0 0
800	1	 1 0 1 1 0 0 1 1 1 1 0 0 0 0 1 0 0 0 0 0
800	2	 1 1 1 1 0 1 1 0 0 0 0 1 1 0 0 1 0 0 0 0
800	3	 1 1 1 0 0 0 1 1 1 0 0 1 1 0 0 1 0 0 0 0
800	1	 1 1 1 1 1 1 1 1 0 0 0 1 1 0 0 0 0 0 0 0
800	1	 1 0 1 1 0 0 1 0 0 0 0 1 1 0 0 0 0 0 0 0
800	3	 0 1 1 1 0 0 1 1 1 1 0 0 0 0 0 0 0 0 0 0
800	1	 1 1 1 1 0 1 0 1 0 0 0 0 1 0 1 1 0 0 0 0
800	1	 1 1 1 1 0 1 1 1 0 0 1 0 1 0 1 1 0 0 0 0
800	2	 0 1 1 1 0 0 1 1 0 0 0 1 1 0 0 1 0 0 0 0
800	1	 1 1 1 1 0 1 1 1 0 0 0 0 1 0 1 0 0 0 0 0
800	1	 1 1 1 1 0 0 1 1 1 1 0 1 0 0 1 0 0 0 0 0
800	1	 1 1 1 1 0 0 0 1 0 1 0 1 1 0 0 1 0 0 0 0
800	2	 1 1 1 1 0 0 1 1 0 0 1 1 1 0 1 1 1 0 0 0
800	1	 1 0 1 1 0 0 1 1 1 1 0 0 0 0 0 0 0 0 0 0
800	3	 1 1 1 1 0 0 1 1 0 1 0 0 0 0 1 0 0 0 1 0
900	105	 1 1 1 1 0 0 1 1 0 0 0 1 1 0 0 1 0 0 0 0
900	80	 1 1 1 1 0 0 1 1 0 0 0 1 1 0 0 0 0 0 0 0
900	8	 1 1 1 1 0 0 1 1 0 0 0 1 1 1 0 0 0 0 0 0
900	5	 1 1 1 1 0 1 1 1 0 0 0 1 1 0 0 1 0 0 0 0
900	19	 1 1 1 1 0 0 1 0 0 0 0 1 1 0 0 0 0 0 0 0
900	48	 1 1 1 1 0 0 1 0 1 0 0 1 1 0 0 1 0 0 0 0
900	18	 1 1 1 1 0 1 1 1 0 0 0 1 1 0 0 1 0 0 0 1
900	20	 1 1 1 1 0 1 1 0 1 0 0 1 1 0 0 1 0 0 0 0
900	3	 1 0 1 1 0 0 1 1 1 1 0 0 1 0 0 0 0 0 0 0
900	20	 1 1 1 1 0 0 1 1 0 0 0 1 0 0 0 0 0 0 0 0
900	5	 1 1 1 1 0 0 1 1 0 0 0 1 1 0 0 1 0 1 0 0
900	13	 1 1 1 1 0 1 1 1 0 0 0 1 1 0 0 1 1 0 0 0
900	1	 1 1 1 1 0 0 0 1 0 0 0 1 0 0 0 1 1 0 0 0
900	45	 1 1 1 1 0 1 1 1 0 0 0 0 0 0 0 1 0 0 0 0
900	11	 1 0 1 1 0 0 1 0 1 0 0 1 0 0 0 1 0 0 0 0
900	1	 1 1 1 1 0 0 1 0 1 0 0 1 1 1 0 1 0 0 0 0
900	6	 1 1 1 1 0 0 1 1 0 0 0 1 1 0 0 0 0 1 0 0
900	1	 1 0 1 1 0 1 1 1 0 0 0 1 1 0 0 1 1 0 0 0
900	8	 1 1 1 0 0 0 1 1 0 0 0 1 1 0 0 1 0 0 0 0
900	9	 1 1 1 1 0 1 1 0 0 0 0 1 1 0 0 1 0 0 0 0
900	40	 1 1 1 1 0 0 1 1 1 1 0 0 1 1 0 0 0 0 0 0
900	14	 0 1 1 0 1 0 1 1 0 0 0 1 1 1 0 0 0 0 0 0
900	7	 1 1 1 1 0 0 1 0 0 0 0 1 1 1 0 0 0 0 0 0
900	1	 1 1 1 1 0 0 1 1 1 1 0 0 1 0 0 0 0 0 0 1
900	18	 1 1 1 1 1 0 1 1 0 0 0 1 1 0 0 0 0 0 0 0
900	9	 1 1 1 1 0 0 1 1 0 0 0 1 1 1 0 0 0 0 0 1
900	3	 1 1 1 1 0 1 1 1 1 0 0 1 1 0 0 1 0 0 0 0
900	11	 1 1 1 1 0 0 1 0 0 0 0 0 1 1 0 0 0 0 0 0
900	8	 1 1 0 1 1 1 1 1 0 0 0 1 1 0 0 1 0 0 0 0
900	17	 1 1 1 1 0 1 1 1 1 0 0 0 0 0 0 1 0 0 0 1
900	13	 1 1 1 1 0 0 1 0 1 0 0 1 1 0 0 0 0 0 0 0
900	57	 1 1 1 1 0 0 1 0 0 0 0 1 0 0 0 1 0 0 0 0
900	1	 1 1 1 1 0 1 0 1 1 1 0 0 0 0 0 0 0 0 0 0
900	8	 1 1 1 1 0 0 1 1 0 0 1 1 1 1 0 0 0 0 0 0
900	11	 1 1 1 1 0 0 1 1 0 0 0 0 1 0 0 1 1 0 0 0
900	2	 1 1 1 1 0 0 1 1 0 0 0 0 0 0 0 1 1 0 0 0
900	12	 1 1 1 1 0 1 1 1 0 1 0 1 1 0 0 1 1 0 0 0
900	3	 1 1 1 1 0 0 1 1 0 0 0 1 1 0 0 1 0 0 0 1
900	4	 1 1 1 1 0 0 1 1 0 0 0 1 1 1 0 0 0 0 1 0
900	5	 1 1 1 1 1 0 1 1 0 0 0 0 1 0 0 0 0 0 0 0
900	11	 1 1 0 1 0 0 1 1 1 1 0 0 1 1 0 0 0 0 0 0
900	5	 1 1 1 1 0 0 1 1 0 0 0 1 1 0 0 0 0 0 0 1
900	5	 1 1 1 1 0 0 1 1 0 0 1 1 1 0 0 1 0 0 0 0
900	18	 1 1 1 1 0 0 1 1 1 0 0 1 1 0 0 0 0 0 0 0
900	5	 0 1 1 1 0 1 1 1 0 0 0 1 1 0 0 0 0 0 0 0
900	14	 1 1 1 1 0 1 1 0 1 0 0 0 1 0 0 1 0 0 0 0
900	21	 0 1 1 1 0 0 1 0 1 0 0 1 1 0 0 1 0 0 0 0
900	4	 1 1 1 1 0 0 0 1 0 1 0 1 0 0 0 1 1 0 0 0
900	2	 0 0 1 1 0 1 1 1 0 0 0 1 0 0 0 1 1 1 0 0
900	3	 1 1 1 1 0 1 1 1 1 0 0 1 0 1 0 1 0 0 0 0
900	27	 1 1 1 1 0 0 1 0 0 0 0 1 0 0 0 0 0 0 0 0
900	7	 1 1 1 1 0 1 1 0 0 0 0 0 0 0 0 1 0 0 0 0
900	3	 1 1 1 0 0 0 1 1 0 0 1 1 1 0 0 1 0 0 0 0
900	6	 1 1 1 1 0 0 1 1 1 1 0 0 1 1 1 0 0 0 0 0
900	7	 1 1 1 1 0 1 1 1 0 0 0 0 0 0 0 1 1 0 0 0
900	5	 0 1 1 1 0 0 1 0 0 1 0 1 1 0 0 0 0 0 0 0
900	10	 1 1 1 1 0 1 1 0 0 0 0 0 1 1 0 0 0 0 0 0
900	7	 1 1 1 1 1 0 1 1 0 0 0 1 1 0 0 0 0 0 0 1
900	13	 0 1 1 1 0 1 1 0 1 0 0 1 1 0 0 1 0 0 0 0
900	3	 1 0 1 1 0 0 1 0 0 0 0 1 1 1 0 0 0 0 0 0
900	1	 1 1 1 1 0 1 1 0 0 0 0 1 0 0 0 1 0 0 0 0
900	6	 1 1 1 1 0 1 1 1 1 0 0 0 0 0 0 1 0 0 0 0
900	9	 1 1 1 1 0 1 1 1 0 0 0 1 1 0 0 0 0 1 0 0
900	4	 1 1 1 1 0 0 1 1 0 0 0 0 1 0 0 1 0 0 0 0
900	1	 1 1 0 1 0 0 1 1 0 0 0 1 1 1 0 0 0 0 0 0
900	1	 1 1 1 1 0 0 1 1 0 0 1 1 1 0 0 0 0 1 0 0
900	2	 1 1 1 1 0 0 1 1 1 1 0 0 1 1 0 0 1 0 0 0
900	1	 1 1 1 1 0 0 1 0 0 0 0 1 1 0 0 1 0 0 0 0
900	3	 0 0 1 1 0 0 1 0 1 0 0 1 1 0 0 1 0 0 0 0
900	8	 0 1 1 1 0 0 1 1 0 0 0 1 1 1 0 0 0 0 0 0
900	13	 1 1 1 1 0 0 1 0 1 0 0 1 1 0 0 1 0 1 0 0
900	5	 1 1 1 1 0 0 1 0 1 0 0 1 1 1 0 1 1 0 0 0
900	6	 1 1 1 1 1 0 1 1 0 0 0 1 1 0 0 1 0 0 0 0
900	1	 1 0 1 1 1 0 1 1 1 1 0 0 1 0 0 0 0 0 0 0
900	5	 1 1 1 1 0 0 1 1 0 0 1 0 1 0 0 1 0 0 0 0
900	1	 1 1 1 1 0 1 1 1 0 0 1 1 1 0 0 0 0 1 0 0
900	3	 1 1 1 1 0 0 1 0 0 0 0 1 1 0 0 1 1 1 0 0
900	1	 1 1 1 1 0 0 1 0 0 0 0 0 0 0 0 1 1 0 0 0
900	1	 1 1 1 1 0 0 1 0 0 0 0 1 0 0 0 0 0 1 0 0
900	1	 1 1 1 1 0 1 1 1 0 1 0 1 1 0 0 1 0 0 0 0
900	3	 0 1 1 1 0 0 1 0 1 0 0 1 1 1 0 1 0 0 0 0
900	2	 0 1 1 1 0 0 1 0 0 0 0 1 0 0 0 1 0 0 0 0
900	2	 1 1 1 1 1 0 1 0 0 0 0 1 0 0 0 1 0 0 0 0
900	3	 1 1 1 1 0 0 1 1 0 0 0 0 1 0 0 1 1 0 0 1
900	1	 1 1 1 0 0 1 1 1 0 1 0 1 1 0 0 1 1 0 0 0
900	4	 0 1 1 1 0 0 1 0 0 0 0 1 0 0 0 0 0 0 0 0
900	8	 1 1 1 0 0 1 1 1 1 0 0 1 1 1 0 1 0 0 0 0
900	3	 1 1 1 1 0 0 1 1 0 0 0 1 0 0 0 1 1 0 0 0
900	4	 1 1 1 1 0 0 1 1 0 0 0 1 1 0 0 1 1 0 0 0
900	1	 1 1 1 1 0 0 1 1 1 1 0 0 1 0 0 1 0 0 0 0
900	4	 1 1 1 1 0 0 0 1 0 0 0 1 1 0 0 1 0 0 0 0
900	2	 1 1 1 1 0 1 1 0 0 0 0 0 0 0 0 0 0 0 0 0
900	1	 1 0 1 1 1 1 1 1 1 1 0 0 1 0 0 0 0 0 0 0
900	2	 1 1 1 1 0 0 0 0 0 0 1 0 0 0 0 1 0 0 0 0
900	1	 1 1 1 1 0 1 1 0 1 0 0 0 0 0 0 0 1 0 0 0
900	4	 1 1 1 1 0 1 1 1 1 0 0 0 0 0 0 0 0 0 0 0
900	8	 0 1 1 1 0 0 1 1 0 0 0 1 1 0 0 1 0 0 0 1
900	1	 1 0 1 1 0 0 0 0 0 0 1 0 0 0 0 1 0 0 0 0
900	3	 1 1 1 1 0 1 1 1 0 0 0 1 1 1 0 1 1 0 0 0
900	1	 1 1 1 1 0 1 1 1 0 0 0 1 1 0 0 0 1 0 0 0
900	1	 1 1 1 1 0 0 1 0 1 1 0 0 1 1 0 0 0 0 0 0
900	1	 0 1 1 1 1 0 1 1 0 0 0 1 1 0 0 0 0 0 0 0
900	1	 1 1 1 1 0 0 1 0 1 0 0 0 1 1 0 0 0 0 0 0
900	1	 1 1 1 1 0 0 1 0 0 0 0 0 0 0 0 1 0 0 0 0
900	1	 1 1 1 1 0 0 1 0 1 0 0 0 0 0 0 1 0 0 0 1
900	1	 1 1 1 1 1 0 1 1 0 0 0 1 1 1 0 0 0 0 0 0
900	2	 1 1 1 1 1 0 1 0 1 0 0 1 1 0 0 1 0 0 0 0
900	2	 1 1 0 1 0 0 1 0 1 0 0 1 1 0 0 1 0 0 0 0
900	2	 1 0 1 1 0 0 1 0 1 0 0 1 1 0 0 1 0 0 0 0
900	1	 1 0 1 1 0 1 1 0 0 0 0 1 1 0 0 1 0 0 0 0
900	1	 1 1 1 1 0 1 1 0 0 0 0 0 1 0 0 1 0 0 0 0
900	1	 1 1 0 1 0 0 1 0 0 0 0 1 0 0 0 0 0 0 0 0
900	3	 1 1 1 1 0 0 1 1 0 0 0 0 0 0 0 1 0 0 0 0
900	1	 1 1 1 1 0 0 1 0 0 0 0 1 0 1 0 0 0 1 0 0
900	4	 1 1 1 0 1 0 1 1 0 0 1 1 1 0 0 0 0 0 0 0
1000	11	 1 1 1 1 0 0 1 1 0 0 0 1 1 0 0 1 0 0 0 0
1000	143	 1 1 1 1 0 0 1 1 0 0 0 1 1 0 0 0 0 0 0 0
1000	19	 1 1 1 1 0 0 1 0 0 0 0 1 1 0 0 0 0 0 0 0
1000	34	 1 1 1 1 1 0 1 1 0 0 0 1 1 0 0 0 0 0 0 0
1000	6	 1 1 1 1 0 0 1 0 0 0 0 1 1 0 0 1 0 0 0 0
1000	25	 1 1 1 1 1 0 1 1 0 0 0 1 1 0 0 1 0 0 0 0
1000	3	 1 1 1 1 0 1 1 1 0 0 0 1 1 1 0 1 1 0 0 0
1000	42	 1 1 1 1 1 0 1 1 0 0 0 1 1 1 0 0 0 0 0 0
1000	2	 1 1 0 1 0 0 1 0 1 0 0 1 1 0 0 1 0 0 0 0
1000	3	 1 1 1 1 0 1 1 1 0 0 0 1 1 0 0 0 0 0 0 0
1000	20	 1 1 1 1 0 0 0 0 0 0 0 1 1 0 0 1 0 0 0 0
1000	44	 1 1 1 1 0 0 1 1 0 0 0 1 1 0 0 0 0 0 0 1
1000	2	 1 1 1 1 0 1 1 1 1 0 0 0 0 0 0 1 0 0 0 1
1000	9	 1 1 1 1 0 0 1 1 0 0 0 1 0 0 0 0 0 0 0 0
1000	11	 1 1 0 1 0 0 1 0 0 0 0 1 1 0 0 0 0 0 0 0
1000	22	 1 1 1 1 1 0 1 1 1 0 0 1 1 0 0 0 0 0 0 0
1000	4	 1 1 1 1 0 1 1 1 0 0 0 1 1 0 0 1 0 0 0 0
1000	3	 0 1 1 1 0 0 0 1 0 0 1 1 1 1 0 0 0 0 0 0
1000	66	 1 1 1 1 0 0 1 1 1 0 0 1 1 0 0 0 0 0 0 0
1000	89	 1 1 1 1 0 1 0 1 0 0 0 1 1 0 0 0 0 0 0 0
1000	15	 1 1 1 1 1 0 0 0 0 0 0 1 1 0 0 1 0 0 0 0
1000	5	 0 1 1 1 0 0 0 1 0 0 0 1 1 0 0 1 0 0 0 0
1000	40	 1 1 1 1 0 0 1 1 0 0 0 1 1 0 1 0 0 0 0 0
1000	8	 1 1 0 1 0 0 0 0 0 0 0 1 1 0 0 0 0 0 0 0
1000	2	 0 1 1 1 1 0 1 1 0 0 0 1 1 0 0 1 0 0 0 0
1000	5	 1 1 1 1 0 0 1 0 0 0 0 1 1 1 0 1 0 0 0 0
1000	4	 0 1 1 1 0 0 1 0 0 0 0 1 1 1 0 0 0 0 0 0
1000	14	 0 1 1 1 0 0 1 1 0 0 0 1 1 0 0 0 0 0 0 0
1000	3	 1 1 1 0 1 1 1 0 0 0 0 0 0 0 0 0 0 0 0 0
1000	4	 0 1 1 1 0 0 0 1 0 0 1 1 1 1 0 1 0 0 0 0
1000	8	 1 0 1 1 0 0 0 1 0 0 0 1 1 0 0 0 0 0 0 1
1000	29	 1 1 1 1 0 0 0 1 0 0 0 1 1 0 0 1 0 0 0 0
1000	25	 1 1 1 1 0 0 1 0 0 0 0 1 1 0 0 1 0 0 0 1
1000	3	 1 0 1 1 0 1 1 1 1 0 0 0 0 0 0 1 0 0 0 1
1000	7	 1 1 1 1 0 1 1 0 1 0 1 1 1 0 0 0 0 0 0 0
1000	17	 1 1 1 0 0 0 1 0 0 0 0 1 1 1 0 1 0 0 0 0
1000	4	 1 1 1 1 0 0 1 1 1 0 0 1 0 0 0 0 0 0 0 0
1000	3	 1 1 1 1 1 0 1 1 0 1 0 1 1 0 0 0 0 0 0 0
1000	6	 1 1 1 0 1 0 1 1 0 0 0 1 1 0 0 1 0 0 0 0
1000	1	 1 1 1 1 0 1 0 1 0 0 0 1 1 0 0 1 1 0 0 0
1000	8	 1 1 1 1 0 0 1 1 0 0 0 1 1 1 0 0 0 0 0 0
1000	19	 1 1 1 1 1 0 1 1 0 0 0 0 0 0 0 0 0 0 0 0
1000	1	 1 1 1 1 0 0 1 1 0 0 0 1 1 0 1 0 0 0 0 1
1000	14	 1 1 1 1 1 1 0 1 0 0 0 1 1 0 0 0 0 0 0 0
1000	11	 1 1 1 1 1 0 1 1 0 0 1 1 1 0 0 0 0 0 0 0
1000	2	 1 1 1 1 0 1 1 0 0 0 0 1 1 0 0 1 0 0 0 0
1000	17	 1 1 1 1 0 0 0 1 0 0 0 1 1 0 0 0 0 0 0 0
1000	2	 1 1 1 1 0 0 1 1 0 0 0 1 1 0 0 0 0 0 1 0
1000	5	 1 1 1 1 0 1 1 0 0 1 0 1 1 1 0 1 0 0 0 1
1000	11	 1 1 1 1 1 0 1 1 1 0 0 1 1 1 0 0 0 0 0 0
1000	2	 1 1 1 1 0 0 0 1 0 0 0 1 0 0 0 0 0 0 0 0
1000	2	 1 1 1 1 0 1 1 1 1 0 0 1 1 0 0 0 0 0 0 1
1000	8	 1 1 1 1 0 1 1 0 0 1 0 1 1 0 0 0 0 0 0 0
1000	12	 1 1 1 1 0 0 1 1 1 0 0 1 1 0 0 0 0 0 0 1
1000	5	 1 1 1 1 0 0 1 1 0 0 0 0 1 0 0 0 0 0 0 0
1000	4	 1 1 1 1 0 0 1 1 0 0 0 0 1 0 0 0 0 0 0 1
1000	7	 1 1 1 1 0 0 1 1 0 0 1 1 1 0 0 1 0 0 0 0
1000	4	 1 1 1 1 1 0 0 1 0 0 0 1 1 0 0 1 0 1 0 0
1000	1	 0 1 1 1 0 0 1 0 0 0 0 1 0 1 0 1 0 0 1 0
1000	3	 1 1 1 1 0 0 1 1 1 0 0 1 1 1 0 0 0 0 0 0
1000	2	 1 1 1 1 1 0 1 1 0 0 0 1 1 1 1 0 0 0 0 0
1000	2	 1 1 1 1 1 0 1 1 0 0 1 1 1 0 1 0 0 0 0 0
1000	3	 1 1 1 1 0 0 0 0 0 0 0 1 1 0 0 0 0 0 0 0
1000	13	 1 1 1 1 0 1 1 1 0 0 0 0 1 1 0 1 1 0 0 0
1000	4	 1 1 1 1 0 1 0 1 0 0 0 1 1 1 0 0 0 0 0 0
1000	1	 1 1 1 1 0 0 0 1 0 0 1 1 1 1 0 0 0 0 0 0
1000	2	 1 1 1 1 1 0 0 0 0 0 0 1 1 0 0 0 0 0 0 0
1000	2	 1 1 1 1 0 0 1 1 0 0 0 1 1 1 0 0 0 0 0 1
1000	2	 1 1 1 1 0 1 0 1 0 0 0 1 1 0 0 0 0 0 1 0
1000	1	 1 1 1 1 0 0 1 1 0 0 0 1 0 0 0 0 0 0 0 1
1000	3	 1 1 1 1 1 0 1 1 0 0 0 0 0 0 0 0 0 0 0 1
1000	4	 1 1 1 1 0 0 1 1 0 0 0 1 1 0 0 1 1 0 0 0
1000	1	 1 1 0 1 0 0 1 1 1 0 0 1 1 0 0 1 0 0 0 0
1000	3	 1 1 0 0 0 0 0 0 0 0 0 1 1 0 0 0 0 0 0 0
1000	2	 1 1 1 0 1 0 1 1 0 0 0 1 1 0 1 1 0 0 0 0
1000	3	 1 1 1 1 0 0 0 1 0 1 0 1 1 0 0 0 0 0 0 0
1000	2	 1 1 1 1 1 0 1 1 1 0 1 1 1 1 0 1 0 0 0 0
1000	5	 1 1 1 1 0 1 0 1 0 0 0 1 1 0 0 1 0 0 0 0
1000	4	 1 1 1 0 0 0 1 0 0 0 0 1 1 0 0 0 0 0 0 0
1000	2	 1 0 1 1 0 0 0 1 1 0 0 1 1 0 0 0 0 0 0 1
1000	6	 1 1 1 1 1 0 1 1 0 0 1 1 1 0 0 1 0 0 0 0
1000	2	 1 1 1 1 1 0 0 1 1 0 0 1 1 1 0 0 0 0 0 0
1000	2	 1 1 0 1 0 0 1 0 0 0 0 1 1 0 0 0 0 0 1 0
1000	2	 1 1 1 0 1 0 1 1 1 0 0 1 1 0 0 0 0 0 0 0
1000	2	 1 1 1 1 0 0 0 1 1 0 0 1 0 0 0 0 0 0 0 0
1000	1	 0 1 1 1 0 0 0 1 0 0 0 1 1 0 0 0 0 0 0 0
1000	1	 1 1 1 1 0 0 1 1 0 0 0 1 1 0 0 1 0 0 0 1
1000	1	 1 1 1 1 1 0 1 1 0 0 0 1 0 1 0 0 0 0 0 0
1000	2	 1 1 1 1 0 1 0 0 0 0 0 1 1 0 0 1 0 0 0 0
1000	2	 1 1 1 1 0 0 0 0 0 0 0 1 1 1 0 1 0 0 0 0
1000	2	 1 1 0 1 0 0 1 0 0 0 0 1 1 1 0 0 0 0 0 0
1000	3	 1 1 1 1 1 0 1 0 1 0 0 1 1 0 0 0 0 0 0 0
1000	1	 1 0 1 1 1 0 0 0 0 0 0 1 1 0 0 1 0 0 0 0
1000	2	 1 1 1 0 1 1 0 0 0 0 0 0 0 0 0 0 0 0 0 0
1000	1	 1 1 0 1 0 0 0 1 0 0 0 1 1 0 0 1 0 0 0 0
1000	3	 1 1 1 0 0 0 1 0 0 0 0 1 1 1 0 1 0 1 0 0
1000	3	 1 1 1 1 1 0 1 1 0 1 0 1 1 0 0 0 0 1 0 0
1000	3	 1 1 1 0 1 0 1 1 0 0 0 1 1 0 0 1 1 0 0 0
1000	1	 1 0 1 1 0 0 1 1 1 0 0 1 1 0 0 0 0 0 0 1
