0	250	 1 0 0 1 0 0 0 0 0 1 0 0 0 0 0 0 0 0 0 0
0	250	 0 0 0 0 0 0 0 0 0 0 0 1 1 1 0 0 0 0 1 0
0	250	 0 0 1 0 1 0 0 0 0 0 0 0 0 0 0 0 0 1 0 0
0	250	 1 0 0 0 0 0 0 0 0 0 0 1 1 0 1 0 0 0 0 0
100	168	 1 0 0 1 0 0 0 0 0 1 0 1 0 0 0 0 0 0 0 0
100	26	 1 0 0 1 0 0 1 0 0 1 0 0 0 0 0 0 0 0 0 0
100	16	 1 0 0 1 0 0 0 1 0 1 0 1 1 0 1 0 0 1 0 0
100	7	 1 0 0 1 0 0 0 1 0 1 0 1 1 0 0 0 0 0 0 0
100	49	 1 0 0 1 0 1 0 0 0 1 1 0 0 0 0 0 0 0 0 0
100	18	 1 1 0 1 0 0 0 1 0 1 0 1 1 0 1 0 0 0 0 0
100	36	 1 0 1 1 0 0 1 0 0 1 0 0 1 0 0 0 0 0 0 0
100	3	 0 0 0 1 0 0 0 1 0 1 0 1 0 0 0 0 0 0 0 0
100	37	 1 0 0 1 0 0 1 0 0 1 0 0 0 0 0 1 0 0 0 0
100	35	 1 1 1 1 0 0 1 0 0 1 0 0 1 0 0 0 0 0 0 0
100	18	 1 0 1 1 0 0 1 0 0 1 0 0 0 0 0 0 0 0 0 0
100	2	 1 0 0 1 0 0 0 0 0 1 0 0 0 0 1 0 0 0 0 0
100	1	 0 0 0 1 0 0 0 1 0 1 0 1 0 0 0 0 1 0 0 0
100	30	 1 0 0 1 0 0 0 0 0 1 0 1 1 0 0 0 0 0 0 0
100	15	 1 1 0 1 0 0 0 0 0 1 0 1 0 0 0 0 0 0 0 0
100	4	 1 0 0 1 0 0 0 1 0 1 0 1 1 0 1 0 0 1 1 0
100	4	 1 0 0 1 0 1 0 0 0 1 0 0 0 0 1 0 0 1 0 0
100	9	 1 1 0 1 0 0 0 1 0 1 0 1 0 0 0 0 0 0 0 0
100	20	 1 0 0 1 0 0 1 0 0 1 0 0 0 0 0 0 0 0 1 0
100	23	 1 0 1 1 0 0 1 0 0 1 0 0 1 0 1 0 0 0 0 0
100	1	 1 0 0 1 0 1 0 0 0 0 1 0 0 1 0 0 0 1 0 0
100	3	 1 0 1 1 0 1 0 0 0 1 1 0 0 0 0 0 0 0 0 0
100	2	 1 0 0 1 0 0 0 1 0 1 0 1 1 0 1 1 0 0 0 1
100	1	 1 0 0 1 0 0 0 1 0 1 1 1 1 0 0 0 0 0 0 0
100	14	 1 0 0 1 0 0 0 0 0 1 0 0 0 0 1 0 0 1 0 0
100	18	 1 0 1 1 0 1 1 0 0 1 0 0 1 0 0 0 0 0 0 1
100	11	 1 0 1 1 0 0 0 1 0 1 0 1 1 0 0 0 0 0 0 0
100	40	 1 0 1 1 0 0 0 0 0 1 0 1 0 0 0 0 0 0 0 0
100	4	 1 0 0 1 1 0 0 0 0 1 0 0 0 0 0 0 0 0 0 0
100	3	 1 0 1 1 0 0 1 0 0 1 0 0 0 0 0 0 0 1 0 0
100	15	 1 1 1 1 0 0 1 0 0 1 0 0 0 0 0 0 0 0 0 0
100	21	 1 0 0 1 0 0 1 1 0 1 0 1 1 0 0 0 0 0 0 0
100	3	 1 0 0 1 0 1 0 0 0 1 1 1 0 0 0 0 0 0 0 0
100	21	 1 0 0 1 0 0 0 0 0 1 0 1 1 0 1 0 0 1 1 0
100	8	 1 0 0 1 0 0 0 0 0 1 0 1 1 0 0 0 0 0 1 0
100	16	 0 0 0 1 0 0 1 0 0 1 0 0 0 0 0 0 0 0 1 0
100	8	 0 0 0 1 0 0 1 1 0 1 0 0 0 0 0 0 0 0 0 0
100	2	 1 0 0 0 0 0 1 1 0 1 0 1 1 0 0 0 0 0 0 0
100	1	 1 0 0 0 0 0 1 0 0 1 0 1 0 0 0 0 0 0 0 0
100	9	 1 0 1 1 0 0 0 1 0 1 0 1 0 0 0 0 0 0 0 0
100	2	 1 1 0 1 0 0 0 0 0 1 0 1 0 0 0 0 0 0 0 1
100	1	 1 0 1 1 0 0 1 0 0 1 0 1 1 0 1 0 0 0 0 0
100	2	 1 1 0 1 0 1 0 0 0 1 0 1 1 0 1 0 0 0 0 0
100	8	 1 0 0 1 0 0 0 0 0 0 0 1 1 0 1 0 0 1 1 0
100	13	 1 0 1 1 0 0 1 0 0 1 0 0 0 0 1 0 0 1 0 0
100	5	 1 0 0 1 0 1 0 0 0 1 1 0 0 0 0 0 0 0 0 1
100	4	 1 0 0 1 0 0 1 0 0 1 0 1 0 0 0 0 0 0 0 0
100	2	 1 0 1 1 0 0 1 0 0 1 0 0 0 0 1 0 0 0 0 0
100	2	 1 0 0 1 0 1 1 0 0 1 1 0 0 0 0 0 0 0 0 0
100	1	 1 1 0 0 0 0 0 1 0 1 0 1 1 0 1 0 0 0 0 0
100	3	 1 1 1 1 0 1 1 0 0 1 0 0 0 0 0 0 0 1 0 0
100	1	 1 0 0 1 0 0 0 0 0 1 0 0 1 0 1 0 0 1 0 0
100	32	 1 1 0 1 0 0 0 1 0 1 0 1 1 0 0 0 0 0 1 0
100	21	 1 0 0 1 0 0 0 1 0 1 1 1 0 0 0 0 0 0 0 0
100	2	 1 1 0 1 0 0 0 0 0 1 0 0 0 0 0 0 0 0 0 0
100	5	 1 0 0 1 0 0 0 0 0 1 0 0 0 0 0 1 0 0 0 0
100	4	 0 0 0 1 0 0 0 0 0 1 0 1 0 0 0 0 0 0 0 0
100	4	 1 0 0 1 0 0 0 1 0 1 0 1 0 0 0 0 0 0 1 0
100	15	 1 1 0 1 0 0 0 0 0 1 1 0 0 0 0 0 0 0 0 0
100	4	 1 0 0 1 1 0 0 1 0 1 0 1 1 0 1 0 0 1 0 0
100	2	 1 1 0 1 0 1 1 1 0 1 0 0 0 0 0 0 0 0 0 0
100	11	 1 0 0 1 0 1 0 0 0 1 0 0 1 0 0 0 0 0 0 0
100	10	 1 0 0 1 0 0 0 0 0 1 0 1 0 0 1 1 0 0 0 0
100	2	 1 0 0 1 0 0 1 0 0 1 0 0 1 0 0 1 0 0 0 0
100	9	 1 0 0 1 1 0 0 1 0 1 0 1 0 0 0 0 0 0 0 0
100	7	 1 1 0 1 0 1 0 0 0 1 0 1 0 0 0 0 0 0 0 0
100	2	 1 0 1 1 0 1 1 0 0 1 1 0 0 0 0 0 0 0 0 0
100	11	 0 0 1 0 0 0 0 0 0 0 1 1 1 0 1 0 0 1 0 0
100	1	 1 0 1 1 0 0 1 0 0 1 0 1 0 0 0 0 0 0 0 0
100	5	 1 0 1 1 0 1 0 0 0 1 0 1 0 0 0 0 0 0 0 0
100	2	 0 0 0 1 0 0 0 1 0 1 0 1 1 0 1 0 0 1 0 0
100	1	 1 0 0 1 0 1 0 0 1 1 1 0 0 0 0 0 0 0 0 0
100	5	 1 0 0 1 0 1 0 0 0 1 1 0 0 0 1 0 0 0 0 0
100	1	 1 1 1 1 0 0 1 0 0 0 0 0 1 0 0 0 0 0 0 0
100	2	 1 1 1 1 0 0 1 0 0 1 0 0 1 0 0 1 0 0 0 0
100	5	 1 1 0 1 0 0 0 0 0 1 0 1 0 0 0 0 0 0 1 0
100	2	 1 0 0 1 0 0 1 1 0 1 0 0 0 0 0 0 0 0 0 0
100	1	 1 0 0 0 0 0 0 0 0 1 0 1 0 0 0 0 0 0 0 0
100	5	 1 0 0 1 0 1 0 0 0 1 0 1 0 0 0 0 0 0 0 0
100	2	 1 1 1 1 1 0 1 0 0 1 0 0 1 0 0 0 0 0 0 0
100	2	 1 0 0 1 0 0 0 0 0 1 1 0 0 0 0 0 0 0 0 0
100	1	 1 0 0 1 0 1 0 0 0 1 1 1 1 0 0 0 0 0 1 0
100	1	 1 1 0 1 0 0 0 1 0 1 1 1 0 0 0 0 0 0 0 0
100	1	 1 1 0 1 1 0 0 1 0 1 0 1 0 0 0 0 0 0 0 0
100	1	 1 1 0 1 0 0 1 0 0 1 0 0 0 0 0 0 0 0 1 0
100	4	 1 0 1 1 0 0 0 0 0 1 0 1 0 0 0 0 0 0 1 0
100	1	 1 0 0 1 0 0 0 0 0 0 0 1 0 0 1 0 0 1 1 0
100	6	 1 0 0 0 0 1 1 0 0 1 1 0 0 0 0 0 0 0 0 0
100	8	 1 0 0 1 0 0 1 0 0 1 0 0 1 0 0 0 1 0 0 0
100	2	 1 1 1 1 0 0 0 0 0 1 0 1 0 0 0 0 0 0 0 0
100	2	 1 1 0 0 0 0 0 1 0 1 0 1 0 0 0 0 0 0 0 0
100	2	 1 1 0 1 0 0 0 1 0 1 0 1 1 0 1 0 0 1 0 0
100	1	 1 0 0 1 0 0 1 0 1 1 0 0 0 0 0 1 0 0 0 0
100	2	 1 0 0 1 0 0 1 0 0 1 0 0 0 1 0 1 0 0 0 0
100	4	 1 0 0 0 0 0 1 0 0 1 0 0 0 0 0 1 0 0 0 0
100	5	 1 0 1 1 0 0 0 0 0 1 0 0 0 0 0 0 0 0 0 0
100	5	 1 1 1 1 0 0 1 1 0 1 0 0 0 0 0 0 0 0 0 0
100	2	 1 0 0 1 0 0 0 1 0 1 0 1 1 0 1 1 0 0 0 0
100	1	 1 1 1 1 0 0 1 0 0 1 0 0 0 0 1 0 0 0 0 0
100	1	 1 0 0 1 0 1 1 0 0 1 1 0 0 0 0 1 0 0 0 0
100	1	 1 0 0 0 0 0 1 0 0 1 0 0 0 0 0 0 0 0 0 0
100	1	 1 0 0 1 0 0 1 0 0 1 0 0 0 0 0 0 0 0 0 1
100	1	 1 0 0 1 0 0 1 0 0 1 0 0 0 0 1 1 0 0 0 0
100	1	 1 0 1 1 0 0 1 0 0 1 0 0 0 0 0 0 0 0 1 0
100	1	 1 0 0 1 0 1 0 0 0 1 0 0 0 0 0 0 0 1 0 0
100	1	 1 0 0 1 0 0 1 0 0 1 0 0 1 0 0 0 0 0 1 0
100	2	 1 0 1 1 0 0 1 1 0 1 0 0 0 0 0 0 0 1 0 0
100	1	 1 1 1 1 0 0 1 0 0 0 0 0 1 0 0 0 0 1 0 0
200	30	 1 0 0 1 0 0 0 0 0 1 0 1 0 0 0 0 0 0 0 0
200	30	 1 1 0 1 0 0 0 1 0 1 0 1 0 0 0 0 0 0 0 0
200	66	 1 0 1 1 0 0 1 0 0 1 0 0 1 0 1 0 0 0 0 0
200	10	 1 1 0 1 0 0 0 1 0 1 0 1 1 0 0 0 0 0 0 0
200	21	 1 0 0 1 0 0 0 0 0 1 0 1 0 0 0 1 0 0 0 0
200	6	 1 0 0 1 0 0 0 1 0 1 1 1 1 0 1 0 0 0 0 0
200	12	 1 0 0 1 1 0 0 0 0 1 0 1 0 0 0 0 0 0 0 0
200	19	 1 1 1 1 0 0 1 0 1 1 0 1 1 1 0 0 0 0 0 0
200	13	 1 0 1 1 0 0 1 0 0 1 0 1 0 0 0 0 0 0 0 0
200	9	 1 0 1 1 0 0 1 1 0 1 0 0 0 0 0 1 0 0 0 0
200	7	 1 1 1 1 0 0 1 0 1 1 0 1 1 1 0 0 0 0 1 0
200	8	 1 0 1 1 0 0 1 0 0 1 0 1 0 0 0 1 0 0 0 0
200	13	 1 0 0 1 1 0 1 0 0 1 0 0 1 0 0 1 0 0 0 0
200	22	 1 0 0 1 0 0 0 0 1 1 0 1 0 0 0 0 0 0 0 0
200	11	 1 0 1 0 0 0 1 0 0 1 0 0 0 0 1 0 0 1 0 0
200	26	 1 1 1 1 0 0 1 0 1 1 0 1 1 0 1 0 0 0 1 0
200	10	 1 0 0 1 0 0 1 0 0 1 0 0 0 0 0 1 0 0 0 0
200	11	 1 0 0 1 0 1 0 1 0 1 1 1 0 1 0 0 0 0 0 0
200	45	 1 0 0 1 0 0 0 0 1 1 0 1 0 0 0 1 0 0 0 0
200	20	 1 1 0 1 0 0 1 1 0 1 1 1 1 0 1 0 0 0 0 0
200	11	 1 0 0 1 1 0 1 1 0 1 1 1 1 0 1 0 0 0 0 0
200	11	 1 1 0 1 1 0 0 1 0 1 0 1 1 0 0 0 0 0 0 0
200	1	 1 1 0 1 0 0 0 1 0 1 0 1 0 0 0 1 0 0 0 0
200	7	 1 0 0 1 0 0 1 0 0 1 0 1 0 0 0 0 1 0 0 0
200	20	 1 0 0 1 0 0 1 0 0 1 0 1 0 0 0 1 0 0 1 0
200	11	 1 0 1 0 1 0 1 0 0 1 0 0 0 0 0 0 0 0 0 0
200	21	 1 0 0 1 0 1 1 0 0 1 0 1 0 1 0 0 0 0 0 0
200	10	 1 1 0 1 0 0 0 0 0 1 0 1 0 0 0 1 0 0 0 0
200	30	 1 1 0 1 0 0 1 1 0 1 1 1 1 0 0 0 0 0 0 0
200	8	 1 1 0 1 0 0 1 1 0 1 1 1 1 0 1 0 0 0 1 0
200	7	 1 0 0 1 0 0 0 0 0 1 1 1 0 0 0 0 0 0 1 0
200	3	 1 0 0 1 0 1 0 0 0 1 0 1 0 0 0 0 0 0 0 0
200	47	 1 0 0 1 0 0 1 0 0 1 0 0 0 1 0 1 0 0 0 0
200	2	 1 0 1 1 0 0 1 1 0 1 1 0 1 0 1 0 0 0 0 0
200	15	 1 0 0 1 0 0 1 0 1 1 0 0 0 0 0 1 0 0 0 0
200	3	 1 0 0 1 0 0 1 0 0 1 0 0 0 0 1 1 0 0 1 0
200	25	 1 0 1 1 0 0 1 1 0 1 0 0 1 0 1 0 0 0 0 0
200	1	 1 0 0 1 0 0 0 0 0 1 0 1 0 0 0 1 1 0 0 0
200	3	 1 0 0 1 0 0 1 0 0 1 0 1 0 0 0 1 0 0 0 0
200	6	 1 0 0 1 0 0 0 0 0 1 0 1 1 0 1 0 0 0 0 1
200	6	 1 0 0 1 0 1 1 0 0 1 0 0 0 1 0 0 0 0 0 0
200	10	 1 1 0 1 0 0 1 0 0 1 1 0 0 0 0 0 0 0 0 0
200	11	 1 1 1 1 0 0 1 0 0 1 0 0 1 0 1 1 0 0 1 0
200	6	 1 1 1 1 0 0 1 0 1 1 0 0 0 1 0 1 0 0 0 0
200	1	 1 0 0 1 0 0 0 0 1 1 1 1 1 0 0 0 0 0 0 0
200	1	 1 0 0 1 1 0 1 0 0 1 0 0 0 0 0 1 0 0 0 0
200	7	 1 1 0 1 0 0 1 1 0 1 1 1 1 1 1 0 0 0 0 0
200	1	 1 0 1 1 0 0 1 1 0 1 1 1 0 1 0 0 0 0 0 1
200	6	 1 1 0 1 0 0 1 1 0 1 1 1 0 0 0 0 0 0 0 0
200	1	 1 0 0 1 0 1 0 1 0 1 1 1 1 0 1 0 0 0 0 0
200	29	 1 1 0 1 0 0 0 0 0 1 1 1 0 0 0 0 0 1 0 0
200	9	 1 0 0 1 0 0 0 0 1 1 1 1 0 0 0 0 0 0 0 0
200	10	 1 0 1 1 0 0 1 1 0 1 1 1 0 0 0 1 0 0 1 0
200	13	 1 0 0 1 0 0 1 0 0 1 0 0 1 0 0 0 0 0 0 0
200	8	 1 0 0 1 0 0 1 0 0 1 0 0 1 0 1 0 0 0 0 0
200	17	 1 0 1 1 0 0 1 0 0 1 1 0 0 0 0 0 0 0 0 0
200	2	 1 1 0 1 0 0 0 0 0 1 0 1 0 0 0 0 0 0 1 0
200	1	 1 1 0 1 0 0 1 1 0 1 1 1 1 0 1 1 0 0 0 1
200	11	 1 1 1 1 0 0 0 1 0 1 0 1 0 0 0 0 0 0 0 0
200	9	 1 1 1 1 0 0 1 1 0 1 1 1 1 0 1 0 0 0 0 0
200	2	 1 0 0 1 0 0 1 0 0 1 0 0 0 0 0 1 0 0 1 0
200	1	 0 0 1 1 0 0 1 1 0 1 1 1 0 0 0 0 0 0 0 0
200	14	 1 1 0 1 0 0 1 1 0 1 1 0 0 1 0 1 0 0 0 0
200	2	 1 1 0 1 0 1 0 0 0 1 0 1 1 1 0 0 0 0 0 0
200	3	 1 0 0 1 0 0 1 0 0 1 1 1 1 0 1 0 0 0 0 0
200	2	 1 0 0 1 0 0 0 0 1 1 0 1 1 0 1 0 0 0 0 0
200	5	 0 0 1 1 0 0 0 0 0 1 1 1 0 0 0 0 0 1 0 0
200	5	 1 0 0 1 0 0 1 0 0 1 0 0 1 1 1 0 0 0 0 0
200	3	 1 0 1 1 1 0 1 0 0 1 1 0 0 0 0 0 0 0 0 0
200	2	 1 0 0 1 0 0 0 0 1 1 0 1 0 0 1 0 0 0 1 0
200	1	 1 1 0 1 0 0 1 0 0 1 1 0 0 0 0 0 0 1 0 0
200	6	 1 0 1 1 0 0 1 0 0 1 0 0 1 0 0 1 0 0 1 0
200	2	 1 0 1 1 0 0 1 0 0 1 0 0 0 0 1 0 0 0 0 0
200	3	 1 1 0 1 1 0 0 1 1 1 0 1 1 0 0 0 0 0 0 0
200	2	 1 1 1 1 0 0 0 1 0 1 0 1 0 0 0 1 0 0 0 0
200	2	 1 0 0 1 0 0 1 0 1 1 1 1 0 0 0 0 0 0 0 0
200	3	 1 1 0 1 0 0 0 1 0 1 0 1 1 0 1 0 0 0 0 0
200	3	 1 0 0 1 0 0 1 0 0 1 0 0 0 0 1 1 0 0 0 0
200	2	 1 1 1 1 0 0 1 0 0 1 0 1 0 0 0 1 0 0 0 0
200	3	 0 0 0 1 0 0 0 0 1 1 0 1 1 0 1 0 0 0 0 0
200	2	 1 0 1 1 0 0 1 1 0 1 0 1 0 0 0 0 0 0 1 0
200	5	 1 0 1 0 0 0 1 0 0 1 1 1 1 0 1 0 0 0 0 0
200	1	 1 1 1 1 0 0 1 0 1 1 0 1 1 0 1 1 0 0 0 0
200	5	 1 0 1 1 0 0 1 1 0 1 0 0 1 0 0 0 0 0 0 0
200	8	 1 1 0 1 0 0 1 1 1 1 1 1 1 0 1 0 0 0 1 0
200	4	 1 1 1 1 0 0 1 0 1 1 0 0 0 0 0 0 0 0 1 0
200	1	 1 1 0 1 0 0 1 0 0 1 0 0 0 1 0 0 0 0 0 0
200	3	 1 0 0 0 0 0 0 0 0 1 0 1 0 0 0 1 0 0 0 0
200	1	 1 0 0 1 0 0 0 1 0 0 1 1 1 0 1 0 0 0 0 0
200	1	 1 1 1 0 0 0 1 0 1 1 0 0 0 1 0 1 0 0 0 0
200	10	 1 1 0 1 1 0 0 0 1 1 0 1 0 0 0 1 0 0 0 0
200	1	 1 0 0 1 0 0 0 0 0 1 0 0 1 0 1 0 0 0 0 0
200	7	 1 1 0 1 0 0 0 1 0 1 0 0 1 0 1 0 0 0 0 0
200	6	 1 1 0 1 0 0 0 0 0 1 0 1 0 0 0 0 0 0 0 0
200	2	 1 0 1 0 1 0 1 0 0 1 0 1 1 1 0 0 0 0 0 0
200	2	 1 0 0 1 0 0 0 1 0 1 0 1 0 0 0 0 0 0 0 0
200	3	 1 0 1 1 0 0 1 0 0 1 0 0 1 0 1 0 0 1 0 0
200	2	 1 0 1 1 0 0 1 1 0 1 0 1 0 0 0 1 0 0 0 0
200	6	 1 0 1 1 0 0 1 0 0 1 0 1 0 1 0 1 0 0 0 0
200	5	 1 0 0 1 0 1 0 0 1 1 0 1 0 0 0 1 0 0 0 0
200	2	 1 0 0 0 0 0 0 0 1 1 0 1 0 0 0 1 0 0 0 0
200	2	 1 0 1 0 0 0 1 0 0 1 0 0 0 0 0 0 0 0 0 0
200	1	 1 0 0 1 0 1 0 1 0 1 1 1 1 0 1 0 0 0 1 0
200	5	 1 1 0 1 0 0 0 0 0 1 1 1 0 0 0 0 0 1 1 0
200	1	 0 1 0 1 0 0 0 1 0 1 0 0 1 0 0 0 0 0 0 0
200	1	 1 1 0 1 0 0 0 1 0 1 1 0 0 0 0 0 0 0 0 0
200	2	 1 0 0 1 0 0 1 0 0 1 0 1 0 0 0 0 0 0 0 0
200	1	 1 0 1 1 0 0 1 0 0 1 0 1 1 0 1 0 0 0 0 0
200	2	 1 0 1 1 1 0 1 0 0 1 0 0 1 0 1 0 0 0 0 0
200	5	 1 1 1 1 0 0 1 0 1 1 1 1 1 1 0 0 0 0 0 0
200	4	 1 0 1 0 0 0 1 0 1 1 0 0 0 0 1 0 0 1 0 0
200	2	 1 0 1 0 1 0 1 0 0 1 0 0 0 0 0 0 0 0 1 0
200	2	 1 1 0 1 0 0 1 1 0 1 1 0 1 0 0 0 0 0 0 0
200	1	 1 1 0 1 0 0 1 1 0 1 1 1 1 0 0 0 0 0 1 0
200	1	 1 0 0 1 0 1 0 0 0 1 1 1 0 0 0 0 0 0 1 0
200	4	 1 0 0 1 0 0 1 0 0 1 0 0 0 1 0 0 0 0 0 0
200	3	 1 0 0 1 0 1 1 0 0 1 0 0 0 1 0 1 0 0 0 0
200	4	 0 0 1 1 0 0 1 1 0 1 0 0 1 0 1 0 0 0 0 0
200	1	 1 1 0 1 1 0 0 0 0 1 1 1 0 0 0 0 0 1 0 0
200	1	 0 0 1 1 0 0 0 0 0 1 1 1 0 1 0 0 0 1 0 0
200	1	 1 0 1 1 0 0 1 0 0 1 1 1 1 0 1 0 0 0 0 0
200	2	 1 1 0 1 1 0 0 0 1 1 0 1 1 0 0 1 0 0 0 0
200	1	 1 1 0 1 0 0 0 1 0 1 0 1 0 0 0 0 0 0 1 0
200	1	 1 0 1 1 0 0 1 0 1 1 0 1 1 0 1 0 0 0 1 0
200	1	 1 1 1 1 0 0 1 0 0 1 0 1 0 0 0 1 0 0 1 0
200	1	 1 1 1 1 0 0 1 0 1 1 0 1 1 0 1 0 0 0 0 0
200	1	 1 0 0 1 0 0 1 0 0 1 1 1 0 0 0 0 0 1 1 0
200	3	 0 1 0 1 0 0 0 1 0 1 0 1 0 0 0 1 0 0 0 0
200	5	 1 0 1 1 0 0 1 0 0 1 0 0 1 0 1 1 0 0 0 0
200	2	 1 0 0 1 0 1 0 1 0 1 1 1 0 1 0 1 0 0 0 0
200	4	 1 1 0 1 0 0 1 1 0 0 1 1 1 0 1 0 0 0 0 0
200	1	 1 1 0 1 0 0 1 1 0 1 0 1 1 1 1 0 0 0 0 0
200	1	 1 0 0 1 0 0 1 0 0 1 1 1 1 0 1 0 1 0 0 0
300	84	 1 0 0 1 0 0 0 1 0 1 1 1 1 0 1 0 0 0 0 0
300	68	 1 0 0 1 0 0 0 0 1 1 0 1 0 0 0 0 0 0 0 0
300	9	 1 1 0 1 0 0 1 1 0 1 1 1 0 0 0 0 0 0 0 0
300	4	 1 0 1 1 0 0 1 0 0 1 1 0 0 0 0 0 0 0 0 0
300	22	 1 0 1 1 0 0 1 0 0 1 1 1 0 0 0 0 0 0 0 0
300	17	 1 1 0 1 0 1 1 1 0 1 1 1 0 0 0 0 0 0 0 0
300	35	 1 1 0 1 0 1 0 0 0 1 1 1 0 0 0 0 0 0 0 0
300	7	 1 0 0 1 1 0 1 1 1 1 1 1 1 0 1 0 0 0 0 0
300	5	 1 1 1 1 0 0 1 0 1 1 0 0 1 1 0 0 0 0 1 0
300	6	 1 1 1 1 0 1 0 1 0 1 0 1 0 0 0 0 0 0 0 0
300	18	 1 0 1 1 0 0 1 0 0 1 0 0 1 0 1 0 1 0 0 0
300	15	 1 1 0 1 0 0 0 0 0 1 1 1 1 0 1 0 0 0 0 1
300	6	 0 0 1 1 0 0 0 0 0 1 1 1 0 0 0 0 0 0 1 0
300	15	 1 0 0 1 1 0 1 1 1 1 1 1 1 0 1 0 0 0 1 0
300	8	 1 1 0 1 0 1 1 1 0 1 0 0 1 0 1 0 0 0 0 0
300	5	 1 1 1 0 0 0 0 1 0 1 0 1 0 0 0 0 0 0 0 0
300	15	 1 1 0 1 0 1 1 1 0 1 0 1 0 0 0 0 0 0 0 0
300	7	 1 0 1 1 0 0 1 0 0 1 0 0 0 0 0 0 0 0 0 0
300	12	 1 0 0 1 1 0 0 0 1 1 0 1 1 0 1 0 0 1 0 0
300	13	 1 0 1 1 1 0 0 0 0 1 0 1 0 0 0 0 0 0 0 0
300	4	 1 0 1 1 0 1 1 0 0 1 0 0 1 0 1 0 0 0 0 0
300	11	 1 1 0 1 0 0 0 1 0 1 1 1 1 0 1 0 0 0 0 0
300	13	 0 0 1 1 0 0 1 0 0 1 0 0 0 0 0 0 0 0 0 0
300	1	 1 0 0 1 0 0 1 0 0 1 1 1 0 0 0 0 0 0 1 0
300	3	 1 1 0 1 0 0 1 0 0 1 1 1 0 0 1 0 0 0 0 0
300	12	 1 0 1 1 1 0 0 0 0 1 1 1 1 0 1 0 0 0 0 0
300	12	 1 1 1 1 1 0 0 0 0 1 1 1 1 0 1 0 0 0 0 0
300	13	 0 0 1 1 0 1 1 1 0 1 1 1 0 0 0 0 0 0 0 0
300	10	 1 0 1 1 1 0 1 1 0 1 1 1 0 0 0 0 0 0 0 0
300	17	 1 0 0 1 1 0 0 1 0 1 1 1 1 0 1 0 0 0 0 0
300	35	 1 1 1 1 0 1 0 1 0 1 0 1 0 0 0 0 0 1 0 0
300	6	 1 0 1 1 1 0 1 1 0 1 0 1 1 0 0 1 0 0 0 0
300	1	 1 1 0 1 0 0 1 0 0 1 1 1 0 0 0 0 1 0 0 0
300	20	 1 0 0 0 0 0 0 1 0 1 1 1 1 0 1 0 0 0 0 0
300	12	 1 1 0 1 0 1 0 1 0 1 1 1 0 0 0 0 0 0 0 0
300	10	 1 0 0 1 0 1 1 1 0 1 0 0 0 0 1 0 0 0 0 0
300	3	 1 1 0 1 0 1 0 0 0 1 1 1 1 0 1 0 0 0 0 0
300	31	 1 1 1 1 1 0 1 1 0 1 1 1 1 0 0 1 0 0 0 0
300	20	 0 1 0 1 0 0 1 1 0 1 1 1 0 0 0 0 0 0 0 0
300	12	 1 1 1 1 1 0 0 0 0 1 1 1 0 0 0 0 0 0 0 0
300	16	 1 1 0 1 0 1 0 0 0 1 1 1 0 0 0 1 0 0 0 0
300	4	 0 1 0 1 1 0 0 0 0 1 1 1 0 0 0 1 0 0 0 0
300	12	 1 1 1 1 0 0 1 1 0 1 1 1 0 0 0 0 0 0 0 0
300	12	 1 1 1 1 0 1 0 1 0 0 0 1 0 0 0 0 0 0 0 0
300	8	 1 1 1 0 0 1 0 1 0 1 0 1 0 0 0 0 0 0 0 0
300	21	 1 1 1 1 0 0 1 0 1 1 1 1 0 0 0 0 0 0 0 0
300	1	 1 0 1 0 0 0 1 0 0 1 0 0 1 0 1 0 1 0 0 0
300	12	 1 1 1 1 0 0 1 1 0 0 0 1 0 0 0 0 0 0 0 0
300	5	 1 1 1 1 0 0 1 1 1 1 0 1 1 0 1 0 0 0 0 0
300	4	 1 1 1 1 1 0 1 1 1 1 1 1 1 0 1 0 0 0 1 0
300	2	 1 1 0 1 0 1 0 1 0 1 0 1 0 0 0 0 0 0 0 0
300	8	 1 0 0 1 1 0 0 1 1 1 0 1 1 0 1 0 0 1 0 0
300	7	 1 1 1 1 0 0 1 0 1 1 0 0 1 1 0 0 1 0 0 0
300	4	 0 0 1 1 0 1 1 1 1 1 1 1 1 0 1 0 0 0 1 0
300	3	 0 1 0 1 0 0 0 1 0 1 1 1 0 1 1 0 0 0 0 0
300	5	 1 1 1 1 1 0 1 1 0 1 0 1 1 0 0 1 0 0 0 0
300	21	 0 0 0 1 0 1 1 1 0 1 0 0 0 0 1 0 0 0 0 0
300	4	 1 0 1 1 0 0 0 1 0 1 1 1 1 1 1 0 0 0 0 0
300	3	 0 0 1 1 0 0 0 1 0 1 0 1 1 0 1 1 0 0 1 1
300	7	 1 0 0 1 1 0 1 0 1 1 0 1 0 0 1 0 0 1 0 0
300	3	 0 1 0 1 1 0 0 1 0 1 1 1 0 0 0 0 1 0 0 0
300	1	 0 1 0 1 1 1 0 0 0 1 1 1 0 0 0 0 0 0 0 0
300	3	 1 0 1 1 0 0 1 0 1 1 0 0 1 0 1 0 1 0 0 0
300	4	 1 0 1 1 1 1 1 1 0 1 0 1 1 0 0 1 0 0 0 0
300	3	 1 0 1 1 0 1 1 0 0 1 0 0 1 1 1 0 1 0 0 0
300	1	 1 0 0 1 0 0 0 1 0 1 1 1 1 0 1 0 0 0 1 0
300	6	 1 0 1 1 0 0 0 1 0 1 1 1 1 0 1 0 0 0 0 0
300	2	 1 1 0 1 1 0 1 1 0 1 1 1 1 0 0 1 0 0 0 0
300	3	 1 1 0 1 0 0 0 0 0 1 0 1 1 0 1 0 0 0 0 1
300	7	 1 1 1 1 1 0 1 1 0 1 0 1 0 0 0 0 0 0 0 0
300	5	 1 1 0 1 1 1 0 0 0 1 1 1 1 0 0 0 0 0 1 0
300	6	 1 0 0 1 0 0 1 0 0 1 1 0 0 0 0 0 0 0 0 0
300	4	 1 1 0 1 0 1 0 0 1 1 0 0 1 1 0 0 1 0 0 0
300	1	 1 1 1 1 0 1 0 1 0 1 0 1 0 0 0 0 0 0 1 0
300	1	 1 0 0 1 1 0 1 1 1 1 0 0 0 0 0 1 0 0 0 0
300	2	 1 0 0 1 1 0 1 1 1 1 0 1 1 0 1 1 0 1 0 0
300	5	 1 0 0 1 1 0 1 1 0 1 1 1 1 1 0 1 0 0 0 0
300	2	 1 0 1 1 0 0 1 0 0 1 0 0 0 0 1 0 0 0 0 0
300	5	 1 0 0 1 0 0 0 0 1 1 0 0 0 0 0 0 0 0 0 0
300	1	 1 0 0 1 0 1 0 0 1 1 0 1 0 0 0 0 0 0 0 0
300	4	 1 1 1 1 1 0 0 0 0 1 1 1 1 0 1 0 0 0 1 0
300	4	 0 0 1 1 1 0 0 0 0 1 1 1 1 0 1 0 0 0 0 0
300	5	 1 0 0 1 1 0 1 1 1 1 1 1 0 0 0 0 0 0 0 0
300	1	 1 1 1 1 0 0 0 1 0 1 1 1 1 0 1 0 0 0 0 0
300	10	 1 1 1 1 0 1 0 0 0 1 1 1 1 0 1 0 0 0 0 0
300	3	 1 0 0 1 0 0 0 0 1 1 0 1 0 0 1 0 0 0 0 0
300	7	 1 1 0 1 0 1 0 0 1 1 1 1 0 0 0 0 0 0 0 0
300	8	 1 1 0 1 0 1 1 1 0 1 0 1 0 0 0 0 0 1 0 0
300	2	 1 0 0 1 1 0 0 0 0 1 1 1 1 0 1 0 0 0 0 0
300	5	 1 1 0 1 0 1 1 0 0 1 1 1 0 0 0 0 1 0 0 0
300	4	 1 1 1 1 1 0 1 1 0 1 1 1 0 0 0 0 0 0 0 0
300	1	 0 0 1 1 0 1 1 1 0 1 1 1 1 0 1 0 0 0 0 0
300	4	 1 0 0 1 0 0 1 1 0 1 1 1 0 0 0 0 0 0 0 0
300	1	 1 0 0 1 1 1 0 0 0 1 1 1 0 0 1 0 0 0 0 0
300	1	 1 1 0 1 0 1 1 1 0 1 1 1 0 0 0 0 0 1 0 0
300	1	 0 1 0 1 0 1 1 1 0 1 1 1 0 0 0 0 0 0 0 0
300	12	 1 1 0 1 0 1 0 0 0 1 1 1 1 0 0 0 0 0 0 0
300	1	 1 0 1 1 0 0 1 1 0 1 1 1 0 0 0 0 0 0 0 0
300	1	 1 1 1 1 0 1 0 1 0 1 0 1 0 1 0 0 0 1 0 0
300	1	 1 1 1 1 0 1 0 1 0 0 0 1 0 0 0 0 0 1 0 0
300	1	 0 0 1 1 0 1 0 1 1 1 1 1 1 0 1 0 0 0 1 0
300	1	 1 0 0 1 1 0 1 1 1 1 1 0 1 0 1 0 0 0 0 0
300	1	 1 0 1 1 1 0 0 1 0 1 1 1 1 0 1 0 0 0 0 0
300	1	 1 1 1 1 0 0 1 1 0 0 0 1 0 0 0 0 0 1 0 0
300	3	 1 0 0 1 0 0 1 1 0 1 1 1 1 0 1 0 0 0 0 0
300	3	 0 0 1 1 0 0 1 0 0 1 1 1 0 0 0 0 0 0 0 0
300	8	 1 0 0 1 0 1 1 1 0 1 0 0 0 0 1 1 0 0 0 0
300	1	 1 0 0 0 0 0 1 0 0 1 0 0 0 0 0 0 0 0 0 0
300	3	 1 1 0 1 0 1 0 0 0 1 0 0 1 0 1 0 0 0 0 0
300	1	 1 0 0 1 0 0 0 0 0 1 0 1 0 0 0 0 0 0 0 0
300	1	 1 1 0 1 0 1 1 1 0 1 1 0 0 0 0 0 0 0 0 0
300	1	 1 1 0 1 0 1 1 0 0 1 0 1 0 0 0 0 0 0 0 0
300	4	 1 1 0 1 0 0 1 0 0 1 1 1 0 0 0 0 0 0 0 0
300	6	 1 1 1 1 1 0 1 1 0 1 1 1 1 0 0 1 1 0 0 0
300	1	 0 0 0 1 0 0 1 1 0 1 1 1 0 0 0 0 0 0 0 0
300	2	 0 1 0 1 0 0 0 1 0 1 1 1 0 1 1 0 0 1 0 0
300	2	 1 0 0 1 0 0 0 1 0 1 1 1 0 0 0 0 0 0 0 0
300	1	 0 0 1 1 0 0 0 1 0 1 0 1 0 0 0 0 0 1 0 0
300	2	 1 1 1 1 0 1 0 1 0 1 1 1 1 0 0 1 0 0 0 0
300	1	 1 0 1 1 0 0 0 0 0 1 1 1 0 0 0 0 0 0 1 0
300	3	 1 1 1 1 1 0 0 0 1 1 0 1 0 0 0 0 0 0 0 0
300	1	 1 0 1 1 0 1 1 0 0 1 1 1 0 0 0 0 0 0 0 0
300	2	 0 0 1 1 0 0 1 0 0 1 0 0 1 0 1 0 1 0 0 0
300	1	 1 0 0 1 1 0 1 1 1 1 1 1 1 0 1 1 0 0 1 0
300	1	 1 1 0 1 0 1 1 1 0 1 0 1 0 0 0 0 1 0 0 0
300	2	 1 1 1 1 0 1 0 1 0 1 0 1 0 0 0 0 0 1 1 0
300	1	 1 1 1 1 0 1 0 1 0 1 0 1 0 0 0 1 0 1 0 0
300	2	 1 0 0 0 0 0 0 1 0 1 1 1 1 1 1 0 0 0 0 0
300	3	 1 0 0 1 1 0 0 1 0 1 1 1 1 1 0 1 0 0 0 0
300	1	 1 0 0 1 1 1 0 0 0 1 1 1 0 0 1 0 0 1 0 0
300	3	 1 0 0 1 0 0 0 0 0 1 1 1 1 1 1 0 0 0 0 0
300	2	 1 0 0 1 0 0 0 1 0 1 1 1 0 0 0 0 0 1 0 0
300	2	 1 0 0 1 0 0 0 1 0 1 0 1 0 0 0 0 0 1 0 0
300	1	 1 1 1 1 0 1 0 1 0 1 1 1 1 0 1 0 0 0 0 0
300	1	 1 0 0 1 1 0 1 1 1 1 1 1 1 0 0 0 0 0 0 0
300	1	 1 0 0 1 1 0 1 1 1 1 1 1 0 0 1 0 0 0 0 0
300	1	 1 1 0 1 0 0 0 0 0 1 1 1 1 0 1 0 0 0 0 0
300	2	 1 0 1 1 1 0 0 0 0 1 0 1 0 1 0 0 0 0 0 0
300	3	 1 1 0 1 0 0 1 0 0 1 1 1 0 0 1 0 0 0 1 0
300	2	 1 1 0 1 0 1 0 1 0 1 0 1 0 0 0 0 0 1 0 0
300	2	 1 1 0 1 0 1 0 0 0 1 1 1 1 0 1 1 0 0 0 0
300	2	 0 0 1 1 1 0 1 1 0 1 0 1 0 0 0 0 0 0 0 0
400	54	 1 1 0 1 0 0 1 1 0 1 1 1 0 0 0 0 0 0 0 0
400	8	 1 1 0 1 0 1 1 1 0 1 0 0 1 0 1 0 0 0 0 0
400	36	 1 1 0 1 0 0 0 1 0 1 1 1 1 0 1 0 0 0 0 0
400	4	 1 1 1 1 1 0 1 1 0 1 1 1 1 0 0 1 0 0 0 0
400	1	 1 1 1 1 1 0 0 0 0 1 1 1 0 0 0 0 0 0 0 0
400	105	 1 1 1 1 0 0 1 1 0 1 1 1 0 0 0 0 0 0 0 0
400	52	 1 0 1 1 0 0 1 1 0 1 1 1 0 0 0 0 0 0 0 0
400	26	 1 1 1 1 1 0 0 1 0 1 1 1 1 1 1 0 0 0 0 0
400	31	 1 1 1 1 1 0 0 0 0 1 1 1 1 0 1 0 0 0 0 0
400	1	 1 1 0 1 1 0 1 1 0 1 0 1 0 0 0 0 0 0 0 0
400	9	 1 0 1 1 1 0 1 1 0 1 1 1 0 0 1 0 0 0 0 0
400	15	 1 1 1 1 0 1 0 1 0 1 0 1 0 0 0 0 0 0 0 0
400	11	 1 1 1 1 0 1 0 0 0 1 1 1 0 0 0 0 0 0 0 0
400	15	 1 0 1 1 0 0 0 1 0 1 1 0 1 0 1 0 0 0 0 0
400	6	 1 1 0 1 0 0 0 1 0 1 1 1 1 0 0 0 0 0 0 0
400	10	 1 1 1 1 1 0 0 1 0 1 1 1 1 0 1 0 0 0 0 0
400	16	 1 1 1 1 0 0 0 1 0 1 1 0 1 0 1 0 0 0 0 0
400	28	 1 1 0 1 0 0 0 0 1 1 0 1 0 0 0 1 0 0 0 0
400	2	 0 1 1 1 0 1 0 1 0 1 0 1 0 0 0 0 0 0 0 0
400	38	 1 1 1 1 1 0 0 1 0 0 1 0 1 0 1 0 0 0 0 0
400	26	 1 0 1 1 0 0 1 1 0 1 1 0 0 0 0 0 0 0 0 0
400	7	 0 1 0 1 1 1 0 1 0 1 0 1 0 0 0 0 0 0 0 0
400	13	 1 1 1 1 1 0 1 1 0 1 1 1 0 0 0 0 0 0 0 0
400	47	 1 1 1 1 0 0 1 0 1 1 1 1 1 0 0 0 0 0 0 0
400	1	 1 0 0 1 0 0 0 0 0 1 0 1 0 0 0 0 0 0 0 0
400	6	 1 1 1 1 0 1 0 0 1 1 0 1 0 0 1 0 0 0 0 0
400	1	 1 1 1 1 1 0 0 0 0 1 1 1 0 0 0 0 1 0 0 0
400	11	 1 0 0 1 0 0 0 1 0 1 1 1 1 0 0 0 0 0 0 0
400	3	 0 1 1 1 0 0 1 0 1 1 1 1 0 0 0 0 0 0 0 0
400	3	 1 1 0 1 0 1 1 0 0 0 1 1 1 0 0 0 0 0 0 0
400	27	 1 0 1 1 1 0 1 1 0 1 1 1 1 0 1 1 0 0 0 0
400	3	 1 1 1 1 0 0 0 0 1 1 1 1 1 0 0 1 0 0 0 0
400	10	 1 1 1 1 1 0 0 0 0 1 1 1 0 0 1 0 0 0 0 0
400	1	 1 1 1 1 1 0 0 1 0 1 1 1 1 0 1 0 0 1 0 0
400	2	 1 0 1 1 1 0 0 1 0 1 1 0 1 0 1 0 0 0 0 0
400	6	 1 1 1 1 0 0 1 0 1 1 1 1 1 0 0 1 0 1 0 0
400	6	 1 0 1 1 0 0 1 1 0 1 1 1 0 0 1 0 0 0 0 0
400	25	 1 1 1 1 0 0 1 1 0 1 1 1 0 0 0 0 0 0 0 1
400	7	 1 1 0 1 0 0 0 0 1 1 0 1 1 1 0 0 0 0 0 0
400	3	 1 0 0 1 0 0 1 1 0 1 1 1 0 0 0 0 0 0 0 0
400	7	 1 1 1 1 0 0 0 0 1 1 1 1 1 0 0 0 0 0 0 0
400	1	 1 1 1 1 0 1 0 0 0 1 0 1 0 0 1 0 0 0 0 0
400	5	 1 1 1 1 1 0 0 1 0 1 0 1 0 0 0 0 0 0 0 0
400	33	 1 1 1 1 0 0 0 1 0 1 1 1 0 0 0 0 0 0 0 0
400	3	 1 1 1 1 1 0 1 1 0 0 1 1 1 0 1 1 0 0 0 0
400	4	 1 1 0 1 0 1 1 1 0 1 0 0 1 0 0 0 0 0 0 0
400	1	 1 1 1 1 1 0 0 0 0 0 1 1 0 0 0 0 0 0 0 0
400	7	 1 1 0 1 1 0 1 1 0 0 0 1 0 0 0 0 0 0 0 0
400	12	 1 1 1 1 0 0 0 0 1 1 1 1 0 0 0 0 0 0 0 0
400	17	 1 1 1 1 0 0 0 0 0 1 1 1 0 0 1 0 0 0 0 0
400	1	 1 1 0 1 0 0 0 1 1 1 1 1 1 1 1 0 0 0 0 0
400	5	 1 1 1 0 0 0 1 1 0 1 1 1 0 0 1 1 0 0 0 0
400	6	 1 1 1 1 0 0 1 1 0 1 0 1 0 0 0 0 0 0 0 0
400	6	 1 0 1 1 1 0 0 1 0 1 1 1 1 1 1 0 0 0 0 0
400	3	 1 1 1 1 0 0 1 1 0 0 1 1 0 0 0 0 0 0 0 0
400	2	 1 1 0 1 0 0 0 1 0 1 1 0 1 0 1 0 0 0 0 0
400	10	 1 1 0 1 0 0 0 1 0 1 1 1 1 0 1 0 0 0 1 0
400	3	 1 1 0 1 0 1 1 0 0 0 1 0 1 0 0 0 0 0 0 0
400	2	 1 1 1 1 0 0 1 0 0 1 1 1 0 0 0 0 0 0 0 0
400	6	 1 1 1 1 1 0 0 1 0 0 1 1 1 0 1 0 0 0 0 0
400	5	 0 0 1 1 0 1 1 1 0 1 0 1 0 0 0 0 0 0 0 0
400	2	 1 1 1 1 0 1 0 0 1 1 0 1 1 1 1 0 0 0 0 0
400	3	 0 1 1 1 0 0 1 0 1 1 1 1 0 0 1 0 0 0 0 0
400	5	 1 1 0 1 0 0 0 1 1 1 1 1 1 0 1 0 0 0 0 0
400	1	 1 1 1 1 0 1 1 0 0 1 1 1 0 1 0 0 0 0 0 0
400	4	 1 1 1 1 1 0 0 1 0 1 1 0 1 0 1 0 0 0 0 0
400	7	 1 1 1 1 1 0 0 1 1 1 1 1 1 1 1 0 0 0 1 0
400	3	 1 0 1 1 1 0 0 1 0 0 1 0 1 0 1 0 0 0 0 0
400	3	 1 1 0 1 0 0 0 0 1 1 0 1 0 0 0 0 0 0 0 0
400	2	 1 1 1 1 0 1 1 1 0 1 1 1 0 0 0 0 0 0 0 0
400	5	 1 1 0 1 1 1 1 0 0 0 1 1 1 0 0 0 0 0 0 0
400	2	 1 1 1 1 0 0 1 0 0 1 1 1 1 0 0 1 0 1 0 0
400	3	 1 1 1 1 0 0 0 1 0 1 1 1 0 1 0 0 0 0 0 0
400	1	 1 1 1 1 1 0 1 1 0 0 1 1 1 0 1 1 0 0 1 0
400	2	 1 1 1 1 1 0 0 0 1 1 0 1 0 0 0 1 0 0 0 0
400	7	 1 1 0 1 1 0 0 1 0 1 0 1 0 0 0 0 0 0 0 0
400	5	 1 1 1 1 1 0 0 1 0 1 1 1 1 1 1 1 0 0 0 0
400	3	 1 1 0 1 0 1 1 0 0 1 1 1 0 0 0 0 0 0 0 0
400	2	 1 1 1 1 1 0 1 1 0 1 1 1 1 0 0 0 0 0 0 0
400	1	 1 1 0 1 0 0 0 0 1 1 1 1 0 0 0 1 0 0 0 0
400	7	 1 1 1 1 0 1 0 0 1 1 0 1 0 0 0 0 0 0 0 0
400	1	 1 0 0 1 1 0 0 1 1 0 0 0 1 0 1 1 0 0 0 0
400	2	 1 1 1 1 0 0 1 1 0 1 1 1 0 0 1 1 0 0 0 0
400	5	 1 1 1 1 0 0 1 1 0 1 1 1 0 0 0 1 0 0 0 0
400	7	 1 1 0 1 0 1 1 0 0 0 1 1 0 0 0 0 0 0 0 0
400	3	 1 0 0 1 1 0 0 1 0 0 0 1 1 0 1 1 0 0 0 0
400	5	 1 1 0 1 1 0 1 1 0 1 1 1 0 0 0 0 0 0 0 0
400	5	 1 1 1 1 1 0 1 0 1 1 1 1 1 0 0 0 0 0 0 0
400	2	 1 1 0 1 0 0 1 0 0 0 1 1 1 0 0 0 0 0 0 0
400	3	 1 0 0 1 1 0 1 1 0 1 1 1 1 0 1 1 0 0 0 0
400	1	 1 0 1 1 1 1 1 1 0 1 1 1 1 0 1 1 0 0 0 0
400	1	 0 1 1 1 0 0 0 0 1 1 1 1 0 0 1 0 0 0 0 0
400	5	 1 1 1 1 0 0 1 0 0 1 1 1 1 0 0 1 0 0 0 0
400	6	 1 1 1 1 1 0 0 0 1 1 0 1 0 0 0 1 0 0 1 0
400	3	 1 1 0 1 0 1 0 0 0 1 1 1 0 0 0 0 0 0 0 0
400	3	 1 1 0 1 0 0 0 0 0 1 1 1 1 0 1 0 0 0 0 0
400	1	 1 1 0 1 0 0 0 1 0 0 1 1 1 0 1 0 0 0 0 0
400	2	 1 0 1 0 0 0 1 1 0 1 1 1 0 0 0 0 0 0 0 0
400	4	 1 1 1 1 0 1 0 0 1 1 1 1 0 0 0 0 0 0 0 0
400	2	 1 0 1 1 0 0 0 1 0 1 1 0 1 0 0 0 0 0 0 0
400	2	 1 0 1 1 0 0 0 1 0 1 1 0 1 0 1 1 0 0 0 0
400	2	 0 1 0 1 1 1 0 1 0 1 0 1 0 0 0 1 0 0 0 0
400	4	 1 1 1 1 1 0 1 1 0 1 1 1 0 1 0 0 0 0 0 0
400	3	 0 1 1 1 0 0 0 0 1 1 1 1 1 0 0 0 0 0 0 0
400	4	 1 1 1 1 0 0 0 0 1 1 1 0 0 0 0 0 0 0 0 0
400	1	 1 1 1 1 1 0 0 1 0 1 1 0 1 1 1 0 0 0 0 0
400	4	 1 1 1 1 1 0 1 1 0 1 0 1 0 0 0 0 0 0 0 0
400	4	 1 1 0 1 0 1 0 0 1 1 0 1 1 1 1 0 0 0 0 0
400	1	 1 1 1 1 0 0 1 1 0 1 1 0 1 0 1 0 0 0 0 0
400	2	 1 1 1 1 0 0 1 0 1 1 1 1 1 0 1 1 0 0 0 0
400	1	 1 1 1 1 0 0 0 0 0 1 1 1 1 1 1 0 0 0 0 0
400	2	 1 1 1 1 1 0 0 1 0 1 1 1 1 1 1 0 0 0 0 1
400	2	 1 1 0 1 0 0 0 1 0 1 1 1 1 0 1 0 0 1 1 0
400	2	 1 1 0 1 0 0 1 0 0 1 1 1 1 0 0 1 0 1 0 0
400	2	 1 0 1 1 0 0 1 1 0 1 1 1 1 0 1 1 0 0 0 0
400	1	 1 1 1 1 0 0 1 1 0 1 1 1 0 0 0 0 0 0 1 0
400	1	 1 1 1 1 1 1 0 1 0 1 1 1 1 1 1 0 0 0 0 0
400	1	 1 1 0 1 0 0 1 0 1 1 0 1 0 0 0 1 0 0 0 0
400	1	 0 1 0 1 1 1 0 1 1 1 0 1 0 0 0 0 0 0 0 0
400	4	 1 1 1 1 0 0 1 0 1 1 1 1 1 0 0 0 0 0 0 1
400	2	 1 0 1 1 1 0 1 1 0 1 1 1 1 0 1 1 1 0 0 0
400	1	 1 0 1 1 1 0 1 1 0 1 0 1 1 0 1 1 0 0 0 0
400	1	 1 1 1 1 0 0 0 0 1 1 1 1 0 0 1 0 0 0 0 0
400	1	 1 0 1 1 1 0 0 1 0 1 1 1 1 1 1 1 0 0 0 0
400	4	 1 1 1 1 0 0 0 0 0 1 1 1 0 1 0 0 0 0 0 0
400	1	 1 1 1 1 1 1 0 0 1 1 0 1 0 0 0 0 0 0 0 0
400	2	 1 0 0 1 1 0 0 1 1 0 0 0 1 0 1 1 0 1 0 0
500	2	 1 1 0 1 0 0 1 1 0 1 1 1 0 0 0 0 0 0 0 0
500	10	 1 1 1 1 0 0 1 0 1 1 1 1 1 0 0 0 0 0 0 0
500	47	 1 1 1 1 0 0 1 1 0 1 1 1 0 0 0 0 0 0 0 1
500	25	 1 1 1 1 0 0 0 1 0 1 1 1 0 0 0 0 0 0 0 0
500	31	 1 1 1 1 0 0 1 1 0 1 1 1 0 0 0 1 0 0 0 0
500	36	 1 1 1 1 0 0 1 1 0 1 1 0 1 0 1 0 0 0 0 0
500	30	 1 1 1 1 0 0 1 1 0 1 1 1 1 0 0 0 0 0 0 0
500	3	 1 1 1 1 1 0 0 0 0 1 1 1 1 1 1 0 0 0 0 0
500	25	 1 1 1 1 0 1 1 0 1 1 1 1 1 0 1 0 0 0 0 0
500	2	 1 1 1 1 0 0 0 1 0 1 1 0 0 0 0 0 0 0 0 0
500	4	 1 1 1 1 1 1 0 1 0 0 1 0 1 0 1 0 0 0 0 0
500	19	 1 1 1 1 0 1 0 0 1 1 1 1 1 0 0 0 0 0 0 0
500	5	 1 1 1 1 1 0 0 1 0 1 1 0 0 0 0 0 0 0 0 1
500	1	 1 1 0 1 1 0 0 1 0 1 0 1 1 0 0 1 0 0 0 0
500	1	 1 1 1 0 1 0 0 1 0 0 1 1 1 0 1 0 0 0 1 0
500	16	 1 1 1 1 1 0 0 1 0 0 1 1 1 0 0 0 0 0 0 0
500	4	 1 1 1 1 1 1 0 1 0 0 1 1 1 0 1 0 0 0 0 0
500	45	 1 1 1 1 1 0 0 1 0 1 0 1 1 0 0 1 0 0 0 0
500	18	 1 1 1 1 0 0 0 0 1 1 1 1 1 0 0 0 0 0 0 0
500	31	 1 1 1 1 1 1 0 1 0 1 1 1 0 0 0 0 0 0 0 0
500	18	 1 1 1 1 1 1 0 0 1 1 1 1 1 0 0 0 0 0 0 0
500	6	 1 0 1 1 0 1 0 0 1 1 1 1 1 0 0 0 0 0 0 0
500	44	 1 1 1 1 0 0 1 1 0 1 1 1 0 0 0 0 0 0 0 0
500	26	 1 1 1 0 0 0 1 0 1 1 1 1 1 0 0 0 0 0 0 0
500	1	 1 1 1 1 0 0 0 1 1 1 1 1 0 0 0 0 0 0 0 0
500	9	 1 1 1 1 0 0 1 0 1 1 1 1 1 0 0 0 1 0 0 0
500	4	 1 1 1 1 0 0 1 1 0 1 1 1 0 0 0 0 0 0 1 1
500	7	 1 1 1 1 1 0 0 0 0 1 1 1 1 0 0 0 0 0 0 0
500	3	 0 0 1 1 0 0 0 1 0 1 1 0 0 0 0 0 0 0 0 0
500	7	 1 1 0 1 1 1 0 0 1 1 0 1 1 1 1 0 0 0 0 0
500	3	 1 1 1 1 1 0 0 0 0 1 1 1 1 1 1 1 0 0 0 0
500	10	 1 1 1 0 0 0 0 0 1 0 1 1 1 0 0 0 0 0 0 0
500	13	 1 1 1 1 1 1 0 1 0 0 1 0 1 0 0 0 0 0 0 0
500	7	 1 1 1 1 1 0 0 1 0 1 1 0 0 0 0 0 0 0 0 0
500	8	 1 1 1 1 0 1 0 1 1 1 1 1 0 0 0 0 0 0 0 0
500	8	 1 1 1 0 0 0 1 0 1 1 1 1 0 0 0 0 0 0 0 0
500	11	 1 1 1 1 1 0 1 0 1 1 1 1 1 1 0 0 0 0 1 0
500	1	 1 0 1 1 0 0 0 1 0 1 1 1 0 0 0 0 0 0 0 0
500	11	 1 0 1 1 0 0 0 1 0 1 1 0 0 0 1 0 0 0 0 0
500	7	 0 1 1 1 1 0 1 1 1 1 1 1 0 0 0 0 0 0 0 0
500	2	 1 1 1 1 0 0 1 1 0 1 1 0 0 0 0 0 0 0 0 0
500	4	 1 1 1 1 1 0 0 1 0 1 1 1 1 0 1 0 0 0 0 0
500	4	 1 1 1 1 0 0 1 1 0 1 0 1 1 0 0 0 0 0 0 0
500	4	 1 1 1 1 0 0 0 1 1 1 0 1 0 0 0 0 0 0 0 0
500	4	 1 1 1 0 0 0 1 0 1 1 1 1 1 0 0 1 0 1 0 0
500	11	 1 1 1 1 0 0 0 1 0 1 1 1 0 0 0 1 0 0 0 0
500	2	 1 1 0 1 1 0 0 1 0 1 1 0 0 0 0 0 0 0 0 1
500	2	 1 0 1 1 0 0 0 0 1 1 1 1 1 0 0 0 0 0 0 0
500	10	 1 1 1 1 0 0 1 0 0 1 1 1 0 0 0 0 0 0 0 0
500	2	 1 1 0 1 1 0 1 1 0 1 1 1 0 0 1 0 0 0 0 0
500	9	 1 1 0 1 1 0 0 1 0 1 1 1 0 0 0 0 0 0 0 0
500	5	 1 1 1 1 0 0 1 1 0 1 1 1 1 0 0 0 0 0 0 1
500	10	 1 1 1 1 1 0 0 1 0 1 0 1 1 0 0 0 0 0 0 0
500	4	 1 1 1 1 1 0 1 1 0 0 0 1 1 0 1 0 0 0 0 0
500	1	 1 1 1 1 1 0 1 0 0 0 1 0 1 0 1 0 0 0 0 0
500	12	 0 1 1 1 1 1 0 1 0 1 1 1 0 0 0 0 0 0 0 0
500	15	 1 1 1 1 1 1 0 1 0 0 1 1 1 0 0 0 0 0 0 0
500	1	 1 1 1 0 1 0 0 1 0 0 1 1 1 0 0 0 0 0 0 0
500	1	 1 1 0 0 0 0 1 0 1 1 1 1 0 0 0 0 0 0 0 0
500	16	 1 1 1 1 0 0 1 1 1 1 1 1 0 0 0 0 0 0 0 1
500	9	 1 1 1 1 0 0 0 1 1 1 1 1 1 1 1 0 0 0 0 0
500	3	 1 1 0 1 1 0 0 1 0 1 1 1 0 0 0 0 0 0 0 1
500	3	 1 1 0 1 1 0 0 1 0 1 1 0 1 0 1 0 0 0 0 0
500	2	 0 1 1 1 0 1 1 0 1 1 1 1 1 0 1 0 0 0 0 0
500	2	 1 1 1 1 0 0 0 1 0 1 1 0 0 0 0 1 0 0 0 0
500	1	 1 1 1 0 0 0 1 0 1 1 1 1 1 1 0 0 0 0 0 0
500	8	 1 1 1 1 0 0 0 0 1 1 1 1 1 0 0 0 1 0 0 0
500	4	 1 0 1 1 0 0 1 0 0 1 1 1 0 0 0 0 0 0 0 0
500	1	 1 1 1 1 0 0 1 1 0 0 1 1 1 0 1 0 0 0 0 0
500	22	 1 1 1 1 1 0 1 1 0 1 1 1 0 0 0 1 0 0 0 0
500	10	 1 1 1 0 0 0 1 0 1 1 1 1 1 1 1 0 0 0 0 0
500	10	 1 1 1 1 1 0 0 1 0 1 1 0 1 0 0 0 0 0 0 1
500	5	 1 1 1 1 1 0 1 1 0 1 1 1 1 0 1 0 0 0 1 0
500	4	 1 1 1 1 0 1 0 1 1 1 1 1 0 0 0 0 0 0 0 1
500	12	 1 1 1 1 0 1 1 1 0 1 1 0 1 0 1 0 0 0 0 0
500	3	 1 1 1 1 0 0 0 0 1 1 0 1 1 0 0 0 0 0 0 0
500	8	 1 1 1 1 0 1 0 1 1 1 1 1 0 0 1 0 0 0 0 0
500	12	 1 0 1 1 0 1 0 0 1 1 1 1 1 0 0 1 0 1 0 1
500	1	 1 0 1 1 0 1 0 1 0 1 1 1 0 0 0 0 0 0 0 0
500	10	 1 1 1 1 1 1 0 1 0 1 1 1 1 0 1 0 0 0 0 0
500	2	 1 1 1 0 0 0 0 0 1 0 1 0 1 0 0 0 0 0 0 0
500	1	 1 1 1 1 1 0 0 0 0 1 1 1 1 0 1 0 0 0 0 0
500	9	 1 1 1 1 1 0 0 1 0 0 1 1 1 0 0 0 0 0 1 1
500	13	 1 1 1 1 1 0 0 1 0 1 0 1 0 0 0 0 0 0 0 1
500	2	 1 1 1 0 1 0 0 0 0 1 1 1 1 0 0 0 0 0 0 0
500	6	 1 1 0 1 1 0 1 1 0 1 1 0 0 0 0 0 0 0 0 1
500	7	 1 1 1 1 1 1 0 1 0 0 1 1 1 0 0 0 0 0 0 1
500	1	 1 1 1 1 1 0 0 1 0 1 0 1 1 1 0 0 0 0 1 0
500	4	 1 1 1 0 0 0 0 0 1 1 1 1 1 0 0 0 1 0 0 0
500	2	 1 1 1 1 1 0 0 0 1 1 1 1 0 0 0 0 0 0 0 1
500	11	 1 1 1 1 0 0 1 1 1 1 1 1 0 0 0 0 0 0 1 0
500	1	 0 1 1 1 0 1 0 0 1 1 1 1 1 0 0 0 0 0 0 0
500	2	 1 1 1 1 1 0 0 1 0 0 0 1 1 0 0 1 0 0 0 0
500	2	 1 1 1 1 0 0 0 1 0 1 1 0 0 0 1 0 0 0 0 1
500	6	 1 1 0 0 0 0 1 0 1 1 1 1 1 0 0 1 0 1 0 0
500	1	 1 1 1 1 0 0 0 1 0 1 1 1 0 0 1 0 0 0 0 0
500	2	 1 1 1 0 0 0 0 0 1 0 1 1 1 0 0 0 0 0 0 1
500	8	 1 1 1 1 1 0 1 1 0 0 0 1 0 0 0 0 0 0 0 1
500	4	 1 1 1 1 0 0 1 0 1 1 1 1 1 0 0 0 0 1 0 0
500	5	 1 1 1 1 0 1 1 1 0 1 1 1 0 0 0 0 0 0 0 0
500	1	 1 1 1 1 1 1 0 1 0 1 1 1 1 0 1 0 0 0 1 0
500	2	 0 1 1 1 0 0 0 0 0 1 1 1 0 0 0 0 0 0 0 1
500	5	 0 1 1 1 1 0 0 1 0 1 0 1 1 0 0 1 0 0 0 0
500	7	 1 1 1 1 1 0 0 1 0 1 1 1 0 0 1 0 0 0 0 1
500	1	 0 1 1 1 0 0 1 1 0 1 1 1 0 0 0 0 0 0 0 0
500	3	 1 1 1 1 1 0 1 1 0 1 0 1 1 0 0 0 0 0 0 0
500	2	 1 1 0 1 1 0 0 1 0 1 1 1 0 1 0 0 0 0 0 1
500	1	 1 1 1 0 0 0 1 0 0 1 1 1 1 1 1 0 0 0 0 0
500	4	 1 1 1 1 0 1 0 0 1 1 1 1 0 0 0 0 0 0 0 0
500	3	 1 1 1 0 0 0 0 0 1 0 1 1 1 0 1 0 0 0 0 0
500	4	 1 1 1 1 0 0 1 1 0 1 0 1 1 0 0 1 0 0 0 0
500	2	 1 1 1 1 1 0 0 0 0 0 1 1 1 0 0 0 0 0 0 0
500	2	 1 1 1 1 0 0 1 1 0 1 1 0 0 0 0 0 0 1 0 0
500	3	 1 1 1 1 0 0 0 1 1 1 1 1 1 1 1 0 0 1 0 0
500	2	 1 1 1 0 0 0 1 0 1 1 1 1 1 1 1 0 0 1 0 0
500	1	 1 1 0 1 0 0 1 1 0 1 1 0 0 0 0 0 0 0 0 0
500	1	 1 1 1 1 1 0 0 1 0 0 1 1 1 0 0 0 1 0 0 0
500	2	 1 1 1 1 1 0 0 1 0 1 0 1 1 0 0 1 0 0 0 1
500	3	 1 0 1 1 0 0 1 0 0 1 1 0 0 0 0 0 0 0 0 1
500	1	 1 1 0 1 0 0 1 1 0 1 0 1 0 0 0 0 0 0 0 0
500	2	 1 1 1 1 0 0 1 0 1 1 1 1 0 0 0 0 0 0 0 0
500	1	 1 0 1 1 0 0 1 1 0 1 1 1 0 0 0 0 0 0 0 1
500	2	 1 0 1 1 0 1 0 0 1 1 1 1 1 0 0 1 0 0 0 1
500	4	 1 0 1 1 0 1 0 0 0 1 1 1 0 0 0 0 0 0 0 0
500	1	 1 0 1 0 0 0 0 0 1 0 1 1 1 1 1 0 0 0 0 0
500	5	 1 1 1 1 0 0 1 1 0 1 1 1 0 0 1 0 0 0 0 0
500	1	 1 1 1 1 0 0 0 1 0 1 1 1 0 0 0 0 0 0 0 1
500	1	 1 1 1 1 1 0 0 1 0 1 1 1 0 0 0 0 0 0 0 0
500	9	 1 1 1 1 1 0 1 1 0 1 1 1 1 0 0 0 0 0 0 0
500	1	 0 0 1 1 0 0 0 1 0 1 1 0 0 0 0 0 0 0 0 1
500	2	 1 0 1 1 0 1 0 0 1 1 1 1 1 0 0 1 0 0 0 0
500	2	 1 1 0 0 0 0 1 0 1 1 1 0 0 0 0 0 0 0 0 1
500	2	 0 1 1 1 1 0 0 1 0 1 0 1 1 0 0 1 0 1 0 0
500	1	 1 1 1 1 0 0 0 1 0 1 1 0 0 0 0 0 0 1 0 0
500	1	 1 1 1 1 1 0 1 1 0 1 0 1 1 0 0 1 0 0 0 0
500	1	 1 0 1 1 0 0 0 0 0 1 1 0 0 0 1 0 0 0 0 0
500	1	 1 0 1 1 0 0 0 1 0 1 1 0 0 0 1 0 0 1 0 0
500	2	 1 1 1 1 0 0 1 1 0 1 0 1 1 0 0 0 1 0 0 0
500	3	 1 1 1 1 0 0 1 1 0 1 1 1 1 0 0 0 0 0 1 1
500	2	 1 1 1 0 1 0 0 1 0 0 1 1 1 0 0 0 0 0 0 1
500	3	 0 1 1 1 0 0 1 0 1 1 1 1 1 0 1 0 0 0 0 0
500	1	 1 1 1 1 0 1 0 1 1 1 1 1 0 1 1 0 0 0 0 0
500	1	 1 1 1 0 0 1 0 1 1 1 1 1 0 0 1 0 0 0 0 0
500	1	 1 1 1 1 1 1 0 1 0 1 1 0 1 0 1 0 0 0 0 0
500	2	 1 1 0 1 1 0 1 1 0 1 1 0 0 0 0 0 0 0 0 0
500	1	 1 1 1 1 1 1 0 1 0 0 1 1 1 0 1 0 0 0 0 1
600	48	 1 1 1 1 0 0 1 1 0 1 1 1 0 0 0 1 0 0 0 0
600	17	 1 1 1 1 0 0 1 1 0 1 1 1 0 0 0 0 0 0 0 0
600	5	 1 1 1 1 0 0 1 1 0 1 1 1 0 0 1 0 0 0 0 0
600	1	 1 1 1 1 1 0 1 1 0 1 1 1 1 0 0 0 0 0 0 0
600	1	 1 1 1 1 1 0 0 1 0 1 1 1 0 0 1 0 0 0 0 0
600	104	 1 1 1 1 1 0 0 0 0 1 1 1 0 0 0 1 0 0 0 0
600	50	 1 1 1 1 0 1 1 0 1 1 1 1 1 0 0 0 0 0 0 0
600	28	 1 1 1 1 1 0 1 1 0 0 1 1 1 0 0 0 0 0 0 0
600	42	 1 1 1 1 0 0 1 1 0 1 0 1 0 0 0 1 0 0 0 0
600	5	 1 1 1 1 0 0 1 1 0 1 1 0 1 0 1 1 0 0 0 0
600	1	 1 1 1 0 0 0 1 1 0 1 1 1 0 0 0 0 0 0 0 1
600	1	 1 1 1 1 1 1 0 1 0 1 1 1 1 0 0 0 0 0 0 0
600	4	 1 1 1 1 0 0 0 0 0 1 1 1 0 0 0 1 0 0 0 0
600	26	 1 1 1 1 1 0 1 1 0 0 0 1 1 0 0 0 0 0 0 0
600	10	 1 1 1 1 1 0 0 0 1 1 1 1 0 0 0 1 0 0 0 0
600	6	 1 1 1 1 1 1 0 1 0 0 1 0 1 0 0 0 0 0 0 0
600	8	 1 1 1 1 0 1 1 0 1 1 1 1 1 1 0 0 0 0 0 0
600	27	 1 1 1 1 0 0 1 1 0 0 1 1 0 0 1 0 0 0 0 0
600	5	 1 1 1 1 1 0 0 0 0 1 1 1 0 0 0 0 0 0 0 0
600	24	 1 1 1 1 0 1 1 0 1 1 1 1 1 0 0 0 0 0 1 0
600	84	 1 1 1 1 0 0 1 1 0 1 1 1 0 1 0 1 0 0 0 0
600	20	 1 1 1 1 0 0 1 1 0 1 1 0 0 0 1 0 0 0 0 0
600	5	 1 1 1 1 1 1 0 1 0 1 1 1 1 0 1 0 0 0 0 0
600	8	 1 1 1 1 0 0 1 1 0 1 0 1 0 0 1 0 0 0 0 0
600	6	 1 1 1 1 1 0 0 0 0 0 1 1 0 0 0 1 0 0 0 0
600	27	 1 1 1 1 0 0 1 1 0 1 1 1 1 0 0 0 0 0 0 0
600	11	 1 1 1 1 1 0 0 1 1 1 1 1 0 0 0 0 0 0 0 0
600	2	 1 1 1 1 0 0 1 0 0 1 1 1 0 0 0 0 0 0 0 0
600	19	 1 1 1 1 0 0 1 1 0 1 1 1 0 0 0 0 0 1 0 0
600	1	 1 0 0 1 0 0 1 1 0 1 1 1 0 0 0 0 0 0 0 0
600	12	 1 1 1 1 1 0 0 0 1 1 1 1 0 0 0 1 0 0 1 0
600	12	 1 1 1 1 0 0 0 0 0 1 1 0 0 0 1 0 0 0 0 0
600	2	 1 1 1 0 0 0 1 1 0 1 1 1 0 0 0 0 0 0 0 0
600	4	 1 1 1 1 0 0 1 1 0 0 1 1 1 0 0 0 0 0 0 0
600	15	 1 1 1 1 1 0 0 0 0 1 1 0 0 0 0 1 0 0 0 0
600	11	 1 1 1 1 1 1 1 1 0 0 1 1 1 0 0 0 0 0 0 0
600	2	 1 1 1 1 1 0 0 1 0 1 1 1 0 1 0 1 0 0 0 0
600	12	 1 1 1 1 1 0 1 1 0 1 1 1 0 0 0 0 0 0 0 0
600	11	 1 1 1 1 0 0 1 1 0 1 1 1 0 1 1 1 0 1 0 0
600	2	 1 1 1 1 1 0 0 0 0 1 1 1 0 1 1 1 0 0 0 0
600	13	 1 1 1 1 0 0 1 1 1 1 1 1 0 1 1 1 0 0 0 0
600	3	 1 1 1 1 0 0 0 0 0 1 1 1 0 1 0 1 0 0 0 0
600	1	 1 1 1 1 1 0 1 1 1 0 1 1 1 0 0 0 0 0 0 0
600	1	 0 1 1 0 0 0 1 1 1 1 1 1 1 0 0 1 0 0 0 0
600	2	 1 1 1 1 0 0 0 0 1 1 1 1 1 0 0 0 1 0 0 0
600	6	 1 1 1 1 1 1 0 1 0 1 1 1 0 0 0 0 0 0 0 0
600	10	 0 1 1 1 0 0 1 1 0 1 1 1 0 0 0 1 0 0 0 0
600	8	 1 1 0 1 1 0 0 0 0 1 1 1 0 0 0 1 0 0 0 0
600	8	 1 1 1 1 1 0 0 0 0 1 1 1 1 0 0 0 0 0 0 0
600	8	 1 1 1 1 0 0 1 1 0 1 0 1 0 0 0 0 0 0 0 0
600	3	 1 1 1 1 0 0 0 1 0 1 1 1 0 0 1 0 0 0 0 0
600	4	 1 1 1 1 0 1 1 0 1 1 1 0 1 0 0 0 0 0 0 0
600	2	 1 1 1 1 0 1 1 0 1 1 1 1 1 0 0 0 0 1 0 0
600	5	 1 1 1 1 0 0 0 1 0 1 1 1 1 0 0 0 0 0 0 0
600	2	 1 1 1 1 0 0 1 0 0 1 1 1 0 1 0 0 0 0 0 0
600	1	 1 1 1 1 1 1 0 1 0 0 1 0 0 0 1 0 0 0 1 0
600	8	 1 1 1 1 1 0 0 0 0 1 1 1 0 1 0 1 0 0 0 0
600	16	 1 1 1 1 0 0 1 1 0 1 0 1 0 0 1 0 0 0 1 0
600	3	 1 1 1 1 0 0 1 1 0 1 1 1 0 0 1 0 1 0 0 0
600	28	 1 0 1 1 0 0 1 1 0 0 1 1 0 0 0 0 0 0 0 0
600	1	 1 1 0 1 1 0 1 1 0 0 1 1 1 0 0 0 0 1 0 0
600	3	 1 1 1 1 1 0 0 1 0 1 1 1 0 0 0 0 0 0 0 0
600	8	 1 1 1 1 0 0 1 1 1 1 1 1 0 0 0 0 0 0 0 0
600	3	 1 1 1 1 0 0 1 1 0 1 0 1 1 0 0 0 0 0 0 0
600	2	 1 1 1 1 0 0 0 0 0 1 1 1 0 0 1 0 0 0 0 0
600	4	 1 1 1 1 0 0 1 1 0 1 1 1 0 1 1 1 0 0 0 0
600	2	 1 1 1 1 0 0 1 1 0 1 1 1 0 0 0 1 1 0 0 0
600	5	 1 1 1 1 1 0 1 0 0 0 0 1 1 0 0 0 0 0 0 0
600	14	 1 1 1 1 0 0 1 0 0 1 1 1 0 0 0 0 0 0 1 0
600	5	 1 1 0 1 1 1 0 1 0 0 1 0 0 0 1 0 0 0 0 0
600	2	 1 1 1 1 0 1 0 1 0 0 1 0 1 0 0 0 0 0 0 0
600	2	 1 1 1 1 1 0 1 1 0 1 1 1 0 1 1 1 0 1 0 0
600	2	 1 1 1 1 1 1 0 0 0 1 1 1 1 0 1 0 0 0 0 0
600	6	 1 1 1 1 1 0 0 0 1 1 1 1 1 0 0 1 0 0 1 0
600	5	 1 1 1 1 0 0 1 1 0 1 1 0 1 0 1 0 0 0 0 0
600	2	 1 1 1 1 1 0 1 1 0 1 1 1 1 0 0 0 0 1 0 0
600	1	 1 1 1 0 0 0 1 1 0 1 1 1 0 0 0 0 1 0 0 1
600	3	 1 1 1 1 0 0 1 0 0 0 1 1 0 0 0 0 0 0 0 0
600	1	 1 1 1 1 0 0 1 1 0 1 1 1 0 1 0 1 1 0 0 0
600	1	 1 1 1 1 1 1 0 0 0 0 1 1 0 0 0 0 0 0 0 0
600	5	 0 1 1 1 1 0 0 0 0 1 1 1 0 0 0 1 0 0 0 0
600	1	 1 1 1 1 1 0 0 1 1 0 1 1 0 0 0 0 0 0 0 0
600	2	 1 0 0 1 0 0 1 0 0 1 1 1 0 0 0 0 0 0 0 0
600	1	 1 1 1 1 0 0 0 0 0 1 1 0 0 0 1 0 1 0 0 0
600	3	 1 1 1 1 1 1 1 1 0 0 1 1 1 1 0 0 0 0 0 0
600	1	 1 1 1 1 1 0 0 0 0 1 1 1 0 0 0 1 0 0 1 0
600	2	 1 1 1 1 1 1 0 0 1 1 1 1 0 0 0 1 0 0 0 0
600	1	 1 1 1 1 0 0 1 1 0 1 1 0 0 0 1 0 0 0 0 1
600	1	 1 1 1 1 1 0 1 0 0 0 1 1 0 0 0 1 0 0 0 0
600	3	 1 1 1 1 0 0 1 1 0 1 1 1 0 1 0 1 0 1 0 0
600	1	 1 1 1 1 1 1 0 1 0 1 1 1 0 0 0 0 0 0 1 0
600	3	 1 1 1 1 1 0 1 1 0 0 1 1 0 0 0 0 0 1 0 0
600	2	 1 1 1 1 0 0 1 1 0 0 1 1 0 0 0 0 0 0 0 0
600	1	 1 1 1 1 0 1 1 0 1 0 1 1 1 0 0 0 0 0 0 0
600	3	 1 1 1 1 0 0 1 1 0 1 1 1 0 1 0 0 0 0 0 0
600	3	 1 1 1 1 1 1 1 1 0 1 1 1 0 0 0 0 0 0 0 0
600	6	 0 1 1 0 0 0 1 1 1 1 1 1 1 0 0 1 0 0 1 0
600	4	 1 1 1 1 1 0 0 0 0 1 1 1 0 0 0 0 0 1 0 0
600	3	 1 1 1 1 1 0 0 0 0 1 1 1 0 0 1 0 0 0 0 0
600	5	 1 1 1 1 0 0 1 0 0 1 1 1 0 0 0 1 0 0 0 0
600	1	 1 1 1 1 1 0 0 0 0 1 1 0 0 0 0 0 0 1 0 0
600	2	 1 1 1 1 0 1 1 0 1 1 0 1 1 0 0 0 0 0 0 0
600	3	 1 1 1 1 1 0 0 1 0 0 1 1 1 0 0 0 0 0 0 0
600	1	 1 1 1 1 0 0 1 1 0 0 1 1 0 0 1 0 0 0 1 0
600	5	 1 1 1 1 1 0 1 1 0 1 1 1 0 1 0 1 0 0 0 0
600	1	 1 1 1 1 0 0 0 0 0 1 1 1 1 1 0 1 0 0 0 0
600	3	 0 1 1 0 0 0 1 1 0 1 1 1 1 0 0 1 0 0 0 0
600	3	 1 1 0 1 1 0 0 0 0 1 1 1 1 0 0 0 0 0 0 0
600	2	 1 1 1 1 0 0 1 0 0 1 1 1 0 0 0 0 0 0 1 1
600	3	 1 1 1 0 0 0 1 1 0 0 1 1 0 0 0 0 1 0 0 1
600	2	 1 1 1 1 1 0 0 0 1 1 1 1 0 1 0 1 0 0 0 0
600	2	 0 1 1 0 0 0 1 1 1 1 1 1 1 0 0 0 0 0 1 0
600	2	 1 1 1 1 1 1 0 0 0 0 1 1 0 0 1 0 0 0 0 0
600	1	 1 0 1 1 0 0 1 1 0 1 0 1 0 1 0 1 0 0 0 0
600	1	 1 1 1 1 1 1 0 0 0 1 1 1 0 0 0 1 0 0 0 0
600	3	 1 0 1 1 1 0 0 0 0 1 1 1 0 0 0 1 0 0 0 0
600	1	 1 0 1 1 1 0 1 1 0 0 1 1 1 0 0 0 0 0 0 0
600	3	 1 1 1 1 0 0 1 0 0 1 0 1 0 0 0 1 0 0 0 0
600	2	 1 1 1 1 0 0 1 1 0 1 1 0 1 0 1 1 0 1 0 0
600	1	 1 1 1 1 0 0 1 1 0 1 1 0 0 1 0 1 0 0 0 0
600	1	 1 1 1 1 0 0 0 0 0 1 1 0 0 0 1 0 0 1 0 0
600	1	 0 1 1 0 0 0 1 1 1 1 1 1 1 0 1 1 0 0 1 0
600	1	 1 1 1 1 0 1 1 0 1 1 1 1 0 1 1 1 0 0 0 0
600	3	 1 1 1 1 1 0 1 1 0 0 1 1 1 0 0 0 0 0 1 0
600	1	 0 1 1 0 0 0 1 1 1 1 1 1 1 0 1 0 0 0 0 0
600	1	 0 1 1 0 0 0 1 1 0 1 1 1 1 0 0 0 0 0 0 0
600	1	 1 0 1 1 0 0 1 1 0 1 1 1 0 0 0 1 0 0 0 0
600	3	 1 1 1 1 0 1 1 1 0 1 1 1 0 0 0 1 0 0 0 0
600	1	 1 1 1 1 0 0 1 1 0 1 1 1 0 0 0 1 0 0 1 0
600	1	 1 1 1 1 0 0 0 1 0 1 1 1 0 0 0 0 0 0 0 0
600	1	 1 1 1 1 1 0 0 0 0 1 1 1 0 0 0 1 1 0 0 0
600	1	 1 1 1 1 0 0 0 1 0 1 0 1 0 0 0 1 0 0 0 0
600	4	 1 1 1 1 0 0 1 1 0 1 1 1 1 0 0 1 0 0 0 0
600	1	 1 1 1 1 1 0 0 0 1 1 1 1 0 0 0 1 1 0 1 0
600	1	 1 1 1 1 1 0 0 1 0 1 1 1 1 0 0 0 0 0 1 0
600	1	 1 1 0 1 1 0 0 0 0 1 1 1 0 1 0 1 0 0 0 0
600	1	 1 1 1 1 1 0 1 1 0 1 1 1 0 1 0 0 0 0 0 0
700	4	 1 1 1 1 0 0 1 1 0 1 1 1 0 0 0 1 0 0 0 0
700	19	 1 1 1 1 0 0 1 1 0 1 1 1 0 0 0 0 0 0 0 0
700	86	 1 1 1 1 0 1 1 0 1 1 1 1 1 0 0 0 0 0 0 0
700	28	 1 1 1 1 1 0 1 1 0 0 0 1 1 0 0 0 0 0 0 0
700	18	 1 1 1 1 0 1 1 0 1 1 1 1 1 1 0 0 0 0 0 0
700	10	 0 1 1 1 1 0 0 0 0 1 1 1 0 0 0 1 0 0 0 0
700	7	 1 1 1 1 1 0 0 0 0 1 1 1 0 1 0 0 0 0 0 0
700	36	 1 1 1 1 1 0 0 0 0 1 1 1 0 0 0 0 0 0 0 0
700	27	 1 1 1 1 0 0 1 1 0 1 1 1 1 0 1 0 0 0 0 0
700	5	 1 1 1 1 1 1 0 1 0 1 1 1 0 0 0 0 0 0 0 0
700	24	 0 1 1 1 1 0 0 0 0 1 1 1 0 0 0 0 0 0 0 0
700	30	 1 1 1 1 0 1 1 0 1 0 1 1 1 0 0 0 0 0 0 0
700	30	 1 1 1 1 0 0 1 1 0 1 0 1 0 0 0 0 0 0 0 0
700	12	 1 1 1 1 0 1 1 0 1 1 1 1 1 1 1 0 0 0 0 0
700	12	 1 1 1 1 1 0 0 1 0 1 1 1 0 1 1 1 0 0 0 0
700	19	 1 1 1 1 1 1 1 1 0 0 1 1 1 0 0 1 0 0 0 0
700	63	 1 1 1 1 0 1 1 0 1 1 1 1 1 0 0 0 0 1 0 0
700	20	 1 1 1 1 0 1 1 1 0 1 0 1 0 0 0 0 0 1 0 0
700	13	 1 1 1 1 0 1 1 0 0 1 1 1 1 0 0 0 0 0 0 0
700	41	 1 1 1 1 1 1 1 0 1 1 1 1 1 0 0 0 0 0 0 0
700	31	 1 1 1 1 1 1 0 1 0 1 1 1 1 0 0 0 0 0 0 0
700	6	 1 1 1 1 1 1 0 0 0 1 0 1 1 0 1 0 0 0 0 0
700	8	 1 1 1 1 1 0 1 1 0 0 1 0 0 1 1 1 0 0 0 0
700	5	 1 1 1 1 0 1 1 1 0 0 1 1 1 0 0 1 0 0 0 0
700	4	 1 1 1 1 1 0 0 0 0 1 0 1 0 0 0 0 0 0 0 0
700	13	 1 1 1 1 1 1 0 0 1 1 1 1 0 0 0 1 0 0 0 0
700	6	 1 1 0 1 0 1 1 1 0 1 0 1 0 0 0 0 0 1 0 0
700	17	 1 0 1 1 1 0 1 1 0 1 0 1 0 0 0 0 0 0 0 0
700	30	 1 1 1 1 0 1 1 1 0 1 0 1 0 0 0 0 0 0 0 0
700	16	 1 1 1 1 1 0 0 0 0 1 1 1 0 0 0 0 1 0 0 0
700	2	 1 1 1 1 1 0 1 1 0 0 1 0 0 0 0 0 0 0 0 0
700	26	 1 1 1 1 0 1 1 0 1 1 1 1 1 0 1 0 0 0 0 0
700	14	 1 1 0 1 0 1 1 0 0 0 1 1 1 0 0 0 0 0 0 0
700	17	 1 1 0 1 0 0 1 1 0 1 0 1 1 0 1 0 0 0 0 0
700	7	 1 1 1 1 0 0 1 1 0 0 0 1 0 0 0 0 0 0 0 0
700	7	 1 1 1 1 0 0 1 1 0 1 1 1 0 0 0 0 0 0 1 0
700	12	 1 1 1 1 0 0 0 1 1 1 1 1 0 0 0 0 0 0 0 0
700	7	 1 1 1 1 1 1 1 1 0 0 1 1 1 1 0 0 0 0 0 0
700	6	 1 1 1 1 1 1 1 0 1 1 1 1 0 0 0 0 0 0 0 0
700	4	 1 1 1 1 1 1 1 1 0 1 1 1 0 0 0 0 1 0 0 0
700	3	 1 1 1 1 1 0 1 1 0 0 0 1 1 0 0 1 0 0 0 0
700	8	 1 0 0 1 0 1 1 1 1 1 1 1 0 0 1 0 0 0 1 0
700	9	 1 1 1 1 0 0 1 1 1 1 0 1 0 0 0 0 0 0 0 0
700	6	 1 1 1 0 0 0 1 1 0 1 0 1 0 0 0 0 0 0 0 0
700	3	 0 1 1 1 1 0 0 0 0 1 1 1 1 0 0 1 0 0 0 0
700	13	 1 1 1 1 1 1 0 0 1 1 1 1 0 0 1 0 0 0 0 0
700	7	 1 0 1 1 1 1 1 1 0 1 0 1 0 0 0 0 0 0 0 0
700	12	 1 0 1 1 0 1 1 1 0 1 0 1 0 0 0 0 0 1 0 0
700	1	 1 1 1 1 1 1 1 0 1 1 1 1 1 0 0 0 0 0 1 0
700	7	 0 1 1 1 0 0 1 1 0 1 1 1 0 0 0 0 0 1 1 0
700	7	 1 1 0 1 0 1 1 0 0 1 1 0 0 1 1 1 0 0 0 0
700	8	 1 1 1 1 0 0 1 0 0 1 0 1 0 0 0 0 0 0 0 0
700	1	 1 1 1 1 1 0 1 1 0 1 0 1 0 0 0 0 0 0 0 0
700	5	 1 1 1 1 1 1 0 1 0 0 1 1 1 0 0 0 0 0 0 0
700	15	 1 1 1 1 1 1 1 1 0 1 1 0 0 0 0 0 0 0 0 0
700	1	 1 1 1 1 0 1 1 1 0 1 0 1 0 0 1 0 0 0 1 0
700	11	 1 1 1 1 0 0 1 1 0 1 1 1 0 1 0 0 1 0 0 0
700	4	 1 1 1 1 0 1 1 1 0 0 0 1 1 0 0 0 0 0 0 1
700	14	 0 1 1 1 1 0 1 0 0 1 1 1 0 0 0 0 0 0 0 0
700	1	 0 1 1 1 1 0 0 0 0 1 1 0 0 0 0 0 0 0 0 0
700	7	 1 1 1 1 1 0 1 1 0 0 1 0 1 1 1 1 0 0 0 0
700	2	 0 1 1 1 1 1 0 0 0 1 1 1 1 0 0 0 0 0 0 0
700	5	 1 1 1 1 0 1 1 0 1 1 1 1 1 0 0 0 0 0 0 1
700	1	 1 1 1 1 0 1 1 0 1 1 1 0 0 0 0 0 0 0 0 0
700	8	 1 1 1 1 0 0 1 1 0 1 0 1 0 0 0 0 0 1 0 0
700	4	 0 1 1 1 1 0 0 0 0 1 1 1 1 1 1 0 0 0 0 0
700	2	 1 1 1 1 1 1 1 0 1 0 1 1 1 0 0 0 0 0 0 0
700	3	 1 1 1 1 0 0 1 1 0 1 1 1 0 0 0 0 0 1 0 0
700	1	 1 1 1 1 1 1 1 0 0 1 1 1 1 0 0 0 0 0 0 0
700	2	 1 1 1 1 0 0 1 0 0 0 0 1 0 0 0 0 0 0 0 0
700	2	 1 1 1 0 0 1 1 1 0 1 0 1 0 0 0 0 0 0 1 0
700	2	 1 1 1 1 1 1 1 0 1 1 1 1 1 0 0 0 0 0 0 1
700	2	 1 1 1 1 1 1 1 1 0 1 1 1 0 0 0 0 0 1 0 0
700	1	 1 0 0 1 0 1 1 1 0 1 1 1 0 0 0 1 0 0 0 0
700	2	 1 1 1 1 0 1 0 1 0 1 1 1 0 0 0 0 0 0 0 0
700	1	 1 1 1 1 0 0 1 1 0 1 1 1 1 0 0 1 0 0 0 0
700	1	 1 1 1 1 1 1 0 0 1 1 1 1 1 0 0 0 0 0 1 0
700	3	 1 1 1 1 0 0 1 1 0 1 0 1 0 0 0 0 0 0 1 0
700	2	 1 1 1 1 1 1 1 1 0 0 1 1 1 1 0 0 0 1 0 0
700	1	 1 1 1 1 0 1 1 0 1 1 1 1 0 0 0 0 0 1 0 0
700	4	 1 1 0 1 0 1 1 1 0 1 1 1 1 0 0 0 0 0 0 0
700	4	 1 1 1 1 0 0 1 1 0 1 1 1 1 0 1 0 0 1 0 0
700	7	 1 1 1 1 0 1 1 0 1 0 1 0 1 0 0 0 0 0 0 0
700	1	 1 1 1 1 0 1 1 0 0 0 1 1 1 0 0 0 0 0 0 0
700	5	 1 1 0 1 0 1 1 0 0 1 1 1 1 0 0 0 0 0 0 0
700	3	 1 1 1 1 0 0 0 1 1 1 1 1 0 0 0 1 0 0 0 0
700	1	 0 1 1 1 1 1 0 0 0 1 1 1 1 0 0 1 0 0 0 0
700	4	 1 1 0 1 1 1 1 0 1 1 1 1 1 0 0 0 0 0 1 0
700	1	 1 1 1 1 1 0 0 0 0 1 1 1 1 0 0 0 0 0 0 0
700	3	 1 1 1 1 0 1 1 0 1 0 1 1 1 0 0 0 1 0 0 0
700	2	 1 1 1 1 1 1 1 0 1 1 1 1 1 0 0 1 0 0 0 0
700	1	 1 1 1 1 0 1 1 0 1 1 1 1 1 0 1 0 0 0 1 0
700	1	 1 1 1 1 1 1 1 1 0 1 0 1 0 0 0 0 0 1 0 0
700	1	 1 1 1 0 0 1 1 1 0 1 0 1 0 0 0 0 0 1 0 0
700	2	 1 0 0 1 0 1 1 1 0 1 1 1 0 0 0 0 0 0 0 0
700	1	 1 1 1 1 0 1 1 0 1 1 1 1 1 0 0 1 0 0 0 0
700	1	 1 1 1 1 0 1 1 0 1 1 1 1 1 0 0 0 1 0 0 0
700	1	 1 1 1 1 0 1 1 0 1 1 1 0 1 0 0 0 0 0 0 0
700	2	 1 1 1 1 1 0 0 0 0 1 1 1 1 1 0 0 0 0 0 0
700	1	 1 1 1 1 1 1 1 0 1 1 0 1 1 0 0 0 0 0 0 0
700	1	 1 1 1 1 0 1 0 1 0 1 0 1 0 0 0 0 0 0 0 0
700	1	 0 1 1 1 1 1 1 0 1 0 1 1 1 0 0 0 0 0 0 0
700	2	 1 1 1 1 1 1 1 0 0 1 1 1 1 0 0 0 0 1 0 0
700	2	 0 1 1 1 1 0 0 0 0 1 1 1 0 0 0 0 0 0 1 0
700	2	 0 1 1 1 0 0 0 0 0 1 1 1 0 0 1 0 0 0 1 0
700	2	 1 1 1 1 1 1 0 1 0 1 1 1 0 0 0 0 0 1 1 0
700	2	 1 1 1 1 1 0 0 0 0 1 1 1 1 1 1 0 0 0 0 0
700	2	 1 1 1 1 0 0 1 1 0 0 1 1 0 0 0 0 0 0 0 0
700	1	 1 1 1 1 0 1 1 1 0 1 0 1 1 0 0 0 0 1 0 0
700	1	 0 1 1 1 1 1 1 0 1 1 1 1 1 0 0 0 0 0 0 0
700	3	 1 1 1 1 0 1 1 1 0 1 0 1 1 0 0 0 0 0 0 0
700	1	 1 1 1 1 0 1 1 1 1 1 1 1 1 0 1 0 0 0 0 0
700	2	 1 1 1 1 0 1 1 0 0 1 1 1 0 0 0 0 0 1 0 0
700	2	 1 1 1 1 0 0 1 1 0 1 1 1 0 0 0 0 1 0 0 0
800	14	 1 1 1 1 0 1 1 0 1 1 1 1 1 0 0 0 0 0 0 0
800	37	 1 1 1 1 1 0 1 1 0 0 0 1 1 0 0 0 0 0 0 0
800	12	 1 1 1 1 0 0 1 1 0 1 0 1 0 0 0 0 0 0 0 0
800	15	 1 1 1 1 0 1 1 0 0 1 1 1 1 0 0 0 0 0 0 0
800	5	 1 1 1 1 1 1 1 0 1 1 1 1 1 0 0 0 0 0 0 0
800	17	 1 1 1 1 1 1 0 1 0 1 1 1 1 0 0 0 0 0 0 0
800	72	 1 1 1 1 0 1 1 1 0 1 0 1 0 0 0 0 0 0 0 0
800	25	 1 1 1 1 1 1 1 1 0 0 1 1 1 1 0 0 0 0 0 0
800	8	 1 1 1 1 1 1 0 1 0 0 1 1 1 0 0 0 0 0 0 0
800	25	 1 1 1 1 0 1 0 1 0 1 1 1 0 0 0 0 0 0 0 0
800	13	 1 1 1 1 1 0 1 0 0 1 1 1 0 1 0 0 0 0 0 0
800	53	 1 1 1 1 0 1 1 0 1 0 1 1 1 1 0 0 0 0 0 0
800	16	 0 1 1 1 1 0 0 0 0 1 0 1 1 0 0 0 0 0 1 0
800	5	 1 1 1 1 0 1 1 0 0 0 1 1 1 0 0 0 0 0 0 0
800	8	 0 1 1 1 1 0 1 1 0 0 0 1 1 0 0 0 0 0 0 0
800	38	 1 1 1 1 1 0 1 1 0 0 0 1 1 0 1 0 0 0 0 0
800	1	 1 1 1 1 1 1 0 0 1 1 1 1 0 0 0 0 0 0 0 0
800	2	 1 1 1 1 1 1 1 1 0 1 0 1 0 0 0 0 0 0 0 0
800	2	 1 0 1 1 0 1 1 0 1 0 1 1 1 1 0 0 0 0 0 0
800	24	 1 1 1 1 1 0 1 1 0 0 0 1 1 0 0 0 0 0 1 0
800	17	 1 1 1 1 1 0 1 1 0 1 0 1 0 0 0 0 0 0 0 0
800	2	 1 0 1 1 0 1 1 0 0 0 1 1 1 0 0 0 0 0 0 0
800	8	 1 1 1 1 0 0 1 1 0 1 1 1 1 1 0 0 0 0 0 0
800	22	 1 1 1 1 0 1 1 0 1 1 0 1 1 1 0 0 0 0 0 0
800	26	 1 1 1 1 1 0 1 1 0 0 0 1 0 0 0 0 0 0 0 0
800	15	 1 1 1 1 0 1 0 1 0 1 0 1 0 0 0 0 0 0 0 0
800	21	 1 1 1 1 0 1 1 1 0 1 0 1 0 0 0 1 0 0 0 0
800	32	 1 1 1 1 1 1 1 1 1 0 1 1 1 1 0 0 0 0 0 0
800	18	 1 1 1 1 1 1 1 0 0 0 1 1 1 1 0 0 0 0 0 0
800	23	 1 1 1 1 1 0 1 0 1 1 1 1 1 0 0 0 0 0 0 0
800	7	 1 1 1 1 1 1 1 0 0 1 0 1 1 0 0 0 0 0 0 0
800	11	 1 1 1 0 0 1 1 0 0 0 0 0 0 1 0 0 0 0 0 0
800	3	 0 1 1 1 0 1 1 0 1 1 0 1 1 1 0 0 0 0 0 0
800	1	 1 1 1 1 0 1 1 1 0 1 0 0 0 0 0 0 0 0 1 0
800	14	 1 1 1 1 1 1 1 0 1 1 0 1 1 0 0 0 0 0 0 0
800	7	 1 1 1 1 1 1 0 1 0 0 0 1 0 0 0 0 0 0 0 0
800	3	 1 1 1 1 0 1 1 0 1 1 0 1 0 1 0 0 0 0 0 0
800	7	 1 1 1 0 0 1 1 0 1 0 1 1 1 0 0 0 0 0 0 0
800	10	 1 1 1 1 0 1 1 0 0 1 0 1 1 0 0 0 0 0 1 0
800	1	 1 0 1 1 0 1 1 0 0 0 1 1 1 0 1 0 0 0 0 0
800	17	 1 1 1 1 0 1 1 0 0 0 1 1 1 1 0 0 0 0 0 0
800	2	 1 1 0 1 0 1 1 1 0 1 0 1 0 1 0 0 0 0 0 0
800	5	 1 1 1 1 1 0 0 1 0 0 0 1 1 0 1 0 0 0 0 0
800	1	 1 1 1 1 1 1 1 1 0 0 1 1 1 0 0 0 0 0 0 0
800	3	 1 1 1 1 1 0 1 1 0 0 0 1 1 1 0 1 0 0 0 0
800	11	 1 1 1 1 1 0 1 0 0 1 1 1 0 1 0 0 0 0 1 0
800	1	 1 1 1 1 1 1 1 0 1 0 1 1 1 1 0 0 0 0 0 0
800	2	 1 0 1 1 1 0 0 1 1 1 1 1 1 0 0 1 0 0 0 0
800	4	 1 1 1 1 0 1 1 1 1 1 1 1 1 0 0 0 0 0 0 0
800	4	 1 1 1 1 1 0 1 1 0 0 0 0 1 0 0 0 0 0 0 0
800	6	 1 1 1 1 1 0 1 1 0 0 0 1 0 0 1 0 0 1 1 0
800	5	 1 1 1 1 1 0 0 0 0 1 0 1 1 0 0 0 0 0 0 0
800	7	 1 1 1 1 0 1 1 1 1 0 1 1 1 1 0 0 0 0 0 0
800	3	 1 1 1 1 1 1 0 1 0 1 1 1 1 1 0 0 0 0 0 0
800	3	 1 1 1 1 1 1 1 0 1 0 1 1 1 1 0 0 0 1 0 0
800	5	 1 1 1 1 1 0 1 1 0 0 1 1 1 1 0 0 0 1 0 0
800	7	 1 1 1 1 1 1 1 1 0 1 0 1 1 0 0 0 0 0 1 0
800	2	 1 1 1 1 1 0 1 0 0 0 1 1 0 1 0 0 0 0 0 0
800	4	 0 1 1 1 1 0 1 1 0 0 0 1 1 0 0 0 1 0 0 0
800	5	 1 1 1 1 0 1 1 0 0 1 0 1 1 1 1 1 0 0 0 0
800	4	 1 1 1 1 0 0 1 0 1 1 0 1 1 0 0 0 0 0 0 0
800	1	 1 1 1 1 0 1 1 0 0 0 0 1 1 0 0 0 0 0 1 0
800	4	 1 1 1 1 0 1 1 0 0 1 0 1 1 0 0 0 0 0 0 0
800	13	 1 1 1 1 1 1 1 1 0 0 1 1 1 1 0 0 0 0 0 1
800	10	 1 1 0 1 1 0 1 1 0 0 0 1 1 0 1 0 0 0 0 0
800	1	 1 1 1 1 0 1 0 1 0 1 0 1 1 0 1 0 0 0 0 0
800	5	 1 1 1 1 1 0 0 1 0 1 0 1 1 0 1 0 0 0 0 0
800	6	 1 1 1 1 0 1 1 0 1 1 0 1 1 0 1 0 0 0 0 0
800	4	 1 1 1 0 0 1 1 0 1 0 1 1 1 1 0 0 0 0 0 0
800	2	 0 1 1 1 0 0 1 1 0 1 0 1 0 0 0 0 0 0 0 0
800	5	 0 1 1 1 1 1 0 1 0 0 0 1 0 0 0 0 0 0 0 0
800	15	 1 0 1 1 1 0 1 1 0 0 1 1 1 0 0 0 0 0 0 0
800	3	 1 1 1 1 1 1 1 1 0 0 1 1 1 0 0 0 0 0 0 1
800	13	 1 1 1 1 0 0 1 1 1 1 1 1 1 0 0 0 0 0 0 0
800	2	 1 1 1 1 1 0 1 1 0 1 1 1 0 0 0 0 0 0 0 0
800	4	 1 1 1 1 1 0 1 1 0 0 0 1 0 0 1 0 0 0 0 0
800	2	 1 1 1 1 1 0 1 1 0 0 1 1 1 0 1 0 0 0 0 0
800	4	 1 1 1 1 0 1 1 1 0 0 0 1 1 0 1 0 0 0 0 0
800	2	 1 1 1 1 1 0 1 1 0 0 0 0 0 0 0 0 0 0 0 0
800	4	 1 1 1 1 1 1 1 1 0 0 0 1 1 0 1 0 0 0 0 0
800	1	 1 1 1 1 0 1 1 1 0 1 0 1 0 0 0 0 0 1 0 0
800	5	 1 1 1 1 0 1 1 1 0 1 0 1 0 1 0 0 0 0 0 1
800	9	 0 1 1 1 0 0 0 0 0 1 0 1 1 0 0 0 0 0 1 0
800	17	 1 1 1 1 1 1 1 0 1 0 0 1 1 0 0 0 0 0 0 0
800	1	 1 1 1 0 0 1 1 1 1 0 1 1 1 0 0 0 0 0 0 0
800	1	 1 1 1 1 0 1 1 0 0 1 0 1 1 0 0 0 0 0 1 1
800	8	 0 1 1 1 1 0 0 1 0 0 0 1 1 0 1 0 0 0 0 0
800	2	 1 1 1 1 0 0 1 0 1 0 1 1 1 0 0 0 1 0 1 0
800	3	 1 1 1 1 1 0 1 1 0 0 0 1 1 1 0 0 0 0 0 0
800	1	 1 0 1 1 0 1 1 0 0 1 0 1 0 0 0 0 0 0 0 0
800	1	 1 1 1 1 0 1 1 0 1 0 1 1 1 0 0 0 1 0 0 0
800	4	 1 1 1 1 0 1 1 0 1 1 1 1 0 0 0 0 0 0 0 0
800	2	 0 1 1 1 1 1 0 1 0 1 1 1 1 0 0 0 0 0 0 0
800	5	 1 1 1 1 0 1 1 0 0 0 1 1 1 0 0 1 0 0 0 0
800	1	 1 0 1 1 1 0 1 1 0 0 0 1 1 0 1 0 0 0 0 0
800	1	 1 1 1 0 1 0 1 1 0 0 0 1 1 0 1 0 0 0 0 0
800	6	 1 1 1 1 1 0 1 1 0 0 1 1 1 1 0 0 0 1 1 0
800	2	 1 1 1 1 0 1 0 0 0 1 0 1 1 1 1 1 0 0 0 0
800	2	 1 1 1 1 1 1 1 1 1 0 1 1 0 0 0 0 0 0 0 0
800	3	 1 1 1 1 1 0 1 0 0 0 0 1 1 0 0 0 0 0 0 0
800	5	 1 1 1 1 1 0 1 1 0 0 1 1 1 0 0 0 0 0 0 0
800	3	 1 1 1 1 1 1 0 1 0 0 1 1 1 1 0 0 0 0 0 0
800	2	 1 0 1 1 0 1 0 1 0 1 1 1 0 0 0 0 0 0 0 0
800	4	 1 0 1 1 1 0 1 0 0 1 1 1 0 1 0 0 0 0 0 0
800	1	 1 1 0 1 0 1 1 0 1 0 1 1 1 1 0 0 0 0 0 0
800	1	 0 1 1 1 1 0 0 0 0 1 0 1 1 0 0 0 1 0 1 0
800	2	 1 1 1 1 0 1 1 0 0 0 1 1 1 0 1 0 0 0 0 0
800	2	 1 1 1 0 1 0 1 1 0 1 0 1 0 0 0 0 0 0 0 0
800	3	 1 1 1 1 1 0 1 1 0 0 0 0 1 0 0 0 1 0 0 0
800	1	 1 1 1 0 1 0 1 1 0 0 0 1 0 0 1 0 0 1 1 0
800	2	 1 1 1 0 0 1 1 1 1 0 1 1 1 1 0 0 0 0 0 0
800	1	 1 1 1 1 0 1 1 0 0 1 1 1 0 1 0 0 0 0 1 0
800	2	 1 1 1 1 1 0 1 1 0 0 0 1 1 1 0 1 0 0 1 0
800	1	 1 0 1 1 1 0 1 1 0 0 1 1 1 0 0 0 0 1 0 0
800	2	 1 1 1 1 0 1 1 1 0 1 0 1 0 0 0 0 0 0 0 1
800	4	 0 1 1 1 1 0 0 0 0 1 0 1 1 0 1 0 0 0 1 0
800	2	 1 1 1 0 0 1 0 1 0 1 0 1 0 0 0 0 0 0 0 0
800	1	 0 1 1 1 0 1 1 1 0 1 0 1 0 0 0 1 0 0 0 0
800	2	 0 1 1 1 0 1 1 0 1 1 0 1 1 1 1 1 0 0 0 0
800	1	 1 1 1 1 1 0 0 1 0 0 0 1 1 0 1 0 0 0 0 1
800	3	 1 0 1 1 1 0 0 1 1 1 1 1 1 0 0 1 0 0 1 0
800	2	 1 0 0 1 1 0 0 1 1 1 1 1 1 0 0 1 0 0 0 0
800	3	 1 1 1 1 1 1 0 1 0 1 1 1 1 1 0 1 0 0 0 0
800	1	 1 0 1 1 1 0 1 1 0 0 1 1 1 1 0 0 0 0 0 0
800	1	 1 1 1 1 0 1 1 0 0 1 0 1 1 0 1 0 0 0 0 0
800	1	 1 1 1 1 1 0 1 1 0 0 1 1 1 0 0 0 0 0 0 1
800	3	 0 1 1 1 1 0 0 0 0 1 0 1 1 0 0 0 0 0 0 0
800	3	 1 1 1 1 1 0 1 1 0 1 0 1 0 0 0 0 0 0 0 1
800	1	 1 1 1 1 1 0 1 1 0 0 0 1 0 1 0 0 0 0 0 1
800	2	 1 1 1 1 0 1 1 0 0 0 0 1 0 0 0 1 0 0 0 0
800	1	 1 1 1 1 1 0 0 0 0 0 1 1 1 1 0 0 0 0 0 0
800	1	 1 1 1 1 1 1 0 1 1 0 1 1 1 0 0 0 0 0 0 0
800	1	 1 1 1 1 1 1 0 1 0 1 1 1 0 0 0 0 0 0 0 0
800	2	 1 1 1 1 0 1 1 0 1 0 1 1 1 1 0 1 0 0 0 0
800	1	 1 1 1 1 0 1 1 0 1 0 1 0 1 1 0 0 0 0 0 0
800	1	 1 1 1 1 0 0 1 1 0 0 0 1 1 0 1 0 0 0 0 0
800	1	 1 1 1 1 1 0 1 1 0 1 0 1 0 0 1 0 0 0 0 0
800	1	 1 0 1 1 0 0 1 1 0 1 1 1 1 1 0 0 0 0 0 0
800	1	 1 1 1 1 1 0 1 0 1 1 1 1 1 1 0 0 0 0 0 0
800	1	 1 0 1 1 1 0 0 1 1 1 0 1 1 0 0 1 0 0 0 0
800	2	 1 0 1 1 1 0 1 1 1 1 1 1 1 0 0 1 0 0 0 0
800	2	 1 0 1 1 1 1 1 1 0 1 0 1 1 0 0 0 0 0 1 0
800	3	 1 1 1 0 0 1 1 0 1 0 1 1 1 1 0 1 0 0 0 0
800	2	 1 1 0 1 0 1 1 0 1 0 1 1 0 1 0 0 0 0 0 0
800	1	 1 1 0 1 0 1 1 0 1 0 1 1 1 1 0 0 1 0 0 0
800	1	 1 1 0 1 1 1 1 1 0 1 0 1 0 0 0 0 0 0 0 0
900	31	 1 1 1 1 1 0 1 1 0 0 0 1 1 0 1 0 0 0 0 0
900	135	 1 1 1 1 1 1 1 1 0 0 0 1 1 0 1 0 0 0 0 0
900	13	 1 1 1 1 1 1 1 0 1 0 0 1 1 0 0 0 0 0 0 0
900	4	 1 1 1 0 0 1 1 1 1 0 1 1 1 1 0 0 0 0 0 0
900	43	 1 1 1 1 1 0 0 1 0 0 0 1 1 0 1 0 1 0 0 0
900	31	 1 1 1 1 1 0 1 1 0 0 0 1 1 0 1 0 1 0 0 0
900	69	 1 1 1 1 0 1 1 0 1 0 0 1 1 0 0 0 0 0 0 0
900	2	 1 0 1 1 1 1 1 1 0 0 1 1 1 1 0 0 1 0 0 0
900	31	 1 1 0 1 0 1 1 0 1 1 0 1 0 0 0 0 0 0 0 0
900	32	 1 1 1 1 1 0 1 1 1 0 0 1 1 0 0 0 0 0 0 0
900	13	 1 1 1 1 0 0 1 1 0 0 0 1 1 0 0 0 0 1 0 0
900	5	 1 0 1 1 0 1 1 0 1 0 0 1 1 0 0 0 0 0 0 0
900	23	 1 1 1 1 1 1 1 0 1 0 0 1 1 0 1 0 0 0 0 0
900	3	 1 1 1 1 1 1 1 0 0 0 0 1 1 1 0 0 0 0 0 0
900	5	 1 1 1 1 0 1 1 0 1 0 0 1 1 1 0 0 0 0 0 0
900	13	 1 1 1 1 1 0 1 1 0 1 0 1 0 0 0 0 0 0 0 0
900	16	 1 1 1 1 1 0 1 1 0 0 0 1 0 1 0 0 0 0 0 0
900	21	 1 1 0 1 1 1 0 1 0 0 0 1 1 0 1 0 0 0 0 0
900	7	 1 1 1 1 1 0 1 1 0 1 0 1 1 0 0 0 0 0 0 0
900	2	 1 1 0 1 1 1 1 0 1 0 0 1 1 1 0 0 0 0 1 0
900	1	 0 1 1 1 1 0 0 1 0 0 0 1 1 0 1 0 0 0 0 0
900	16	 1 1 1 1 0 1 1 0 1 0 0 1 1 0 0 0 0 0 1 0
900	8	 0 1 1 0 0 1 1 1 1 0 0 1 1 0 0 0 0 0 0 0
900	11	 1 1 0 1 1 1 0 1 0 0 1 1 1 0 0 0 0 0 0 0
900	16	 1 1 1 0 0 1 1 1 1 0 0 1 0 1 0 0 0 1 0 0
900	25	 1 1 0 1 0 1 1 0 0 1 0 1 0 0 0 0 0 0 0 0
900	2	 1 1 1 0 1 0 1 1 0 1 0 1 0 0 0 0 0 0 0 0
900	23	 1 1 1 0 0 1 1 1 1 0 0 1 1 0 1 0 0 0 0 0
900	3	 1 1 1 1 1 1 1 1 0 0 0 1 1 0 1 0 0 0 1 0
900	2	 1 1 0 1 0 1 1 1 1 1 0 1 1 0 0 0 0 0 0 0
900	21	 1 1 1 1 1 1 1 1 0 0 0 1 1 0 0 0 0 0 0 0
900	1	 1 1 0 1 0 1 1 0 1 0 0 1 1 0 0 0 0 0 1 0
900	6	 1 1 1 1 1 1 1 1 0 0 0 1 1 0 1 0 1 0 0 0
900	1	 1 1 1 0 0 1 1 1 1 0 1 1 0 1 0 0 1 0 0 0
900	14	 1 1 1 1 1 1 0 1 0 0 0 1 1 0 1 0 0 0 0 0
900	3	 0 1 1 0 1 1 1 1 1 0 1 1 1 1 0 0 0 0 0 0
900	10	 1 1 1 1 1 1 1 1 1 0 1 1 1 1 0 0 0 0 0 0
900	2	 1 1 1 0 0 1 1 1 1 0 1 1 1 1 1 0 0 0 0 0
900	5	 1 1 1 1 0 1 1 0 1 0 0 1 1 0 0 0 0 1 0 0
900	4	 1 1 1 0 0 1 1 0 1 0 0 1 1 0 0 0 0 0 0 0
900	3	 1 1 1 1 1 0 1 1 0 0 0 1 1 0 0 0 0 0 0 0
900	5	 1 1 1 1 0 0 1 1 0 0 0 1 1 0 0 0 0 0 1 0
900	2	 1 0 1 1 1 0 1 1 0 1 0 1 0 0 0 0 0 0 0 0
900	6	 0 1 1 1 1 1 0 1 0 0 0 1 1 0 1 0 0 0 0 0
900	8	 1 1 0 1 0 1 1 1 0 0 0 1 1 0 1 0 0 0 1 0
900	15	 1 1 1 1 0 0 1 1 0 0 0 1 1 0 1 1 0 0 0 0
900	8	 1 1 1 1 1 0 1 0 1 0 0 1 1 1 0 0 0 0 0 0
900	3	 1 1 1 1 1 0 1 1 0 0 0 1 0 1 0 0 1 0 0 0
900	2	 1 1 1 1 1 1 1 1 0 1 0 1 0 0 0 0 0 0 0 0
900	1	 1 1 1 0 1 0 1 1 0 1 0 1 1 0 0 0 0 0 0 0
900	12	 1 1 1 1 1 0 1 1 0 0 0 0 1 0 1 0 0 0 0 0
900	3	 1 1 0 1 0 1 1 0 1 1 0 1 1 0 1 0 0 0 0 0
900	3	 1 1 1 0 0 1 1 0 1 0 0 1 1 1 0 0 0 0 0 0
900	2	 1 1 1 1 1 0 1 1 0 0 0 1 1 0 1 0 0 0 0 1
900	9	 1 1 1 0 0 1 1 1 1 0 0 1 0 0 0 0 0 1 0 0
900	1	 0 1 1 1 1 0 1 1 0 0 0 1 1 0 1 0 0 0 0 0
900	16	 1 1 1 1 0 1 1 1 0 1 0 1 0 0 1 1 0 0 0 0
900	6	 1 1 1 0 0 1 1 1 1 0 0 1 0 0 0 0 0 0 0 0
900	10	 1 1 1 1 1 0 1 1 1 0 0 1 1 0 1 0 0 0 0 0
900	9	 1 1 1 1 0 1 1 0 1 0 0 1 1 0 1 0 0 0 0 0
900	3	 1 1 1 1 0 0 1 1 0 0 0 1 1 0 0 0 0 0 0 0
900	8	 1 1 1 1 1 1 1 1 0 0 0 1 1 0 1 1 0 0 1 0
900	12	 1 1 1 0 0 1 1 1 1 1 1 1 0 1 0 0 1 0 0 0
900	2	 1 1 1 1 1 1 1 0 1 1 0 1 0 0 0 0 0 0 0 0
900	8	 1 1 1 1 0 0 1 0 1 0 1 1 1 0 0 0 0 0 0 0
900	1	 1 1 0 1 1 1 1 0 1 0 0 1 1 1 1 0 1 0 0 0
900	8	 1 1 0 1 0 1 1 0 1 1 0 1 0 0 0 0 0 1 0 0
900	4	 1 1 1 1 1 1 1 0 1 0 1 1 1 0 1 0 0 0 0 0
900	4	 1 1 1 1 1 1 0 1 0 0 1 1 1 0 0 0 0 0 0 0
900	3	 1 1 1 1 0 1 1 1 1 1 0 1 1 0 0 0 0 0 1 0
900	13	 1 1 1 0 0 0 1 1 0 1 0 1 0 0 0 0 0 0 0 0
900	1	 1 1 1 1 1 1 1 1 0 0 0 1 1 0 0 0 0 1 0 0
900	3	 1 1 1 1 1 0 1 1 0 1 0 1 1 0 1 0 0 0 0 0
900	1	 1 1 1 0 1 0 1 1 0 0 0 1 1 1 1 1 0 0 0 0
900	3	 1 1 1 1 0 1 1 1 0 0 0 1 1 0 1 0 0 0 0 0
900	3	 1 1 1 1 0 1 1 1 0 1 0 1 0 0 1 1 0 1 0 0
900	3	 1 1 1 1 1 1 1 0 0 1 1 1 1 1 1 0 1 0 0 0
900	10	 1 1 1 1 0 1 1 1 1 0 0 1 1 0 0 0 0 0 0 0
900	1	 1 1 1 0 0 1 1 1 1 0 1 1 0 1 0 0 0 1 0 1
900	3	 1 1 1 1 1 0 1 1 0 0 0 1 1 0 1 0 1 0 0 1
900	2	 1 1 0 1 1 1 1 0 1 0 0 1 1 1 0 0 0 0 0 0
900	1	 1 1 1 1 0 1 1 1 0 1 0 1 0 0 1 0 0 0 0 0
900	2	 1 1 1 1 1 1 1 0 0 0 0 1 1 0 0 0 0 0 0 0
900	2	 1 1 1 1 1 0 0 1 0 0 0 0 1 0 1 0 1 0 0 0
900	3	 1 0 0 1 0 1 1 0 1 1 0 1 0 0 0 0 0 0 0 0
900	6	 1 1 1 1 1 0 1 1 1 0 0 1 1 0 0 0 1 0 0 0
900	3	 0 1 1 1 1 0 0 1 1 0 0 1 1 0 1 0 0 0 0 0
900	7	 1 1 1 1 1 1 1 1 0 0 0 1 1 0 1 0 1 1 0 0
900	4	 1 1 1 0 1 0 1 1 0 0 1 1 1 0 1 0 0 0 0 0
900	1	 1 0 0 1 0 1 1 0 1 0 0 1 1 0 1 0 0 0 0 0
900	1	 1 1 1 1 1 1 1 0 0 0 0 1 1 0 1 0 0 0 0 0
900	1	 0 1 1 1 1 0 1 1 0 0 0 1 1 0 1 0 1 0 0 0
900	5	 1 1 0 1 0 1 1 0 1 1 1 1 0 0 0 0 0 0 0 0
900	5	 1 1 1 1 0 1 1 0 1 0 0 0 1 0 0 0 0 0 1 0
900	1	 1 1 1 1 1 1 0 0 1 0 0 1 1 0 0 0 0 1 0 0
900	9	 1 1 1 1 1 1 1 1 0 0 0 1 1 1 1 1 0 0 1 0
900	1	 1 1 0 1 0 0 1 0 1 0 1 1 1 0 0 0 0 0 0 0
900	1	 1 1 1 1 1 1 1 1 0 0 0 1 0 0 0 0 0 0 0 0
900	5	 1 1 1 0 0 1 1 1 1 0 1 1 1 1 0 0 1 0 0 0
900	3	 1 1 0 1 0 1 1 0 1 0 0 1 1 0 0 0 0 0 0 0
900	2	 1 0 1 1 0 1 1 0 1 0 0 1 1 1 0 0 0 0 0 0
900	1	 0 1 1 1 1 1 1 0 1 0 0 1 1 0 1 0 0 0 0 0
900	3	 1 1 1 1 1 0 1 1 0 1 0 1 0 0 0 1 0 0 0 0
900	2	 0 1 1 1 0 1 1 1 0 1 0 1 0 0 1 1 0 0 0 0
900	2	 1 1 1 0 0 0 1 0 1 0 1 1 1 0 0 0 0 0 0 0
900	3	 1 1 1 1 1 1 1 1 0 0 0 1 1 1 0 0 0 0 0 0
900	2	 1 0 1 1 1 0 1 1 0 0 1 1 1 1 0 0 0 0 0 0
900	4	 1 1 1 1 0 1 1 0 1 0 0 0 1 0 1 1 0 0 1 0
900	2	 1 1 1 1 1 1 1 1 0 0 1 1 1 0 1 0 0 0 0 0
900	2	 1 1 1 0 1 1 1 1 0 0 0 1 1 0 1 0 0 0 0 0
900	1	 1 1 1 1 1 1 0 0 1 0 0 1 1 0 0 0 0 0 0 0
900	3	 1 1 0 1 1 0 1 1 1 0 0 1 1 0 0 0 0 0 0 0
900	1	 1 1 1 1 0 1 1 1 1 0 0 1 1 1 0 0 0 0 0 0
900	1	 1 1 1 1 1 0 0 1 0 1 0 1 0 0 0 0 0 0 0 0
900	1	 1 1 1 0 0 1 1 1 1 0 1 1 1 0 1 0 0 0 0 0
900	3	 1 1 1 1 1 0 1 1 0 0 0 1 1 0 0 0 0 0 0 1
900	1	 1 0 1 1 1 0 1 1 0 1 0 1 0 0 0 0 0 0 1 0
900	2	 1 1 1 0 0 1 1 0 1 0 0 1 1 1 0 1 0 0 0 0
900	1	 1 1 1 1 1 1 1 1 1 0 0 1 1 0 1 0 0 0 0 0
900	1	 1 1 1 1 1 1 1 0 1 0 0 1 1 0 0 0 0 0 1 0
900	1	 1 1 1 1 0 1 1 0 1 1 0 1 0 0 0 0 0 1 0 0
900	1	 1 1 1 1 0 1 1 1 0 1 0 1 0 0 0 0 0 0 0 0
900	1	 1 1 1 1 1 0 1 1 0 0 0 1 0 0 1 0 1 0 0 0
900	1	 1 1 0 1 1 1 0 1 0 0 0 1 1 0 0 0 0 0 0 0
900	2	 1 1 1 0 0 1 1 1 1 0 0 1 1 1 1 0 0 0 0 0
900	2	 1 1 1 1 1 0 1 1 0 1 0 1 1 0 0 1 0 0 0 0
1000	33	 1 1 1 1 1 1 1 1 0 0 0 1 1 0 1 0 0 0 0 0
1000	48	 1 1 1 1 1 1 1 0 1 0 0 1 1 0 0 0 0 0 0 0
1000	14	 1 1 1 1 0 1 1 0 1 0 0 1 1 0 0 0 0 0 0 0
1000	21	 1 1 1 1 0 1 1 0 1 0 0 1 1 0 0 0 0 0 1 0
1000	2	 1 1 1 0 0 1 1 1 1 0 0 1 1 0 1 0 0 0 0 0
1000	16	 1 1 1 1 1 0 1 1 0 0 0 1 1 0 0 0 0 0 0 0
1000	2	 1 1 1 1 0 1 1 1 1 0 0 1 1 1 0 0 0 0 0 0
1000	5	 1 1 1 1 0 1 0 1 0 0 0 1 1 0 1 0 0 0 0 0
1000	18	 1 1 1 1 0 0 1 1 0 0 0 1 1 0 1 1 1 0 0 0
1000	17	 1 1 1 0 1 0 1 1 0 0 0 1 1 0 0 0 0 0 0 0
1000	1	 1 1 1 1 1 1 1 1 0 0 0 1 0 0 1 0 0 0 0 0
1000	58	 1 1 1 1 1 1 1 1 1 0 0 1 1 0 1 0 0 0 0 0
1000	11	 1 1 0 1 1 1 1 1 0 0 0 1 1 0 1 1 0 0 1 0
1000	2	 0 1 1 1 1 0 1 1 0 0 0 1 0 1 0 0 0 0 0 0
1000	9	 1 1 1 1 1 0 0 1 0 0 0 1 1 0 0 0 1 0 0 0
1000	45	 1 1 1 1 1 1 1 0 0 0 0 0 1 0 0 0 0 0 0 0
1000	35	 1 1 1 1 1 1 1 1 0 0 0 1 1 0 1 1 0 0 0 0
1000	11	 1 1 1 0 0 1 1 0 1 0 0 1 1 0 1 0 0 0 0 0
1000	19	 1 1 1 1 0 1 1 1 1 0 0 1 1 0 1 0 0 0 1 0
1000	32	 1 1 1 1 1 1 1 0 1 0 0 1 0 0 1 0 0 0 0 0
1000	25	 1 1 1 1 1 1 1 1 0 0 0 1 1 0 1 0 1 0 0 0
1000	11	 1 1 1 1 0 0 1 1 0 0 0 1 1 0 0 0 0 0 1 0
1000	24	 1 1 1 1 0 1 1 1 1 0 0 1 1 0 0 0 0 0 1 0
1000	7	 1 1 1 1 1 0 1 1 0 0 0 1 1 0 1 0 0 0 0 0
1000	27	 1 1 1 1 0 0 1 0 1 0 0 1 1 1 0 0 0 0 0 0
1000	3	 1 1 1 0 0 1 1 1 0 0 0 1 0 1 0 0 0 0 0 0
1000	38	 1 1 1 1 0 1 0 0 1 0 0 1 1 0 0 0 0 0 0 0
1000	1	 1 1 1 0 0 1 1 0 1 0 0 0 1 0 0 0 0 0 0 0
1000	11	 1 0 1 1 0 1 1 0 1 0 0 1 1 0 0 0 0 0 0 0
1000	13	 1 1 0 1 1 1 1 0 1 0 0 1 1 1 1 0 0 0 0 0
1000	6	 1 1 1 0 1 0 1 1 0 0 0 1 1 0 1 0 0 0 0 0
1000	4	 1 1 1 1 0 1 1 1 0 0 0 1 1 0 1 0 0 0 0 0
1000	4	 1 1 1 1 1 1 0 1 0 0 0 1 1 0 1 1 0 0 0 1
1000	5	 1 1 1 1 1 1 1 1 0 0 0 1 1 0 1 1 0 1 0 0
1000	16	 1 1 1 1 0 1 1 0 0 0 0 1 1 0 0 0 0 0 0 0
1000	14	 1 0 1 1 1 1 1 1 0 0 0 0 0 0 1 0 0 0 0 0
1000	10	 1 1 0 1 1 0 1 0 0 0 0 0 1 0 0 0 0 0 0 0
1000	17	 1 1 1 1 0 1 1 0 0 0 0 1 1 0 1 0 0 0 0 0
1000	1	 1 1 1 1 1 0 0 1 0 0 0 1 1 0 1 0 1 0 0 0
1000	49	 1 1 1 1 0 1 0 1 1 0 0 1 1 0 0 0 0 0 0 0
1000	16	 1 1 1 1 1 1 1 1 0 0 1 1 1 0 1 0 1 0 0 0
1000	9	 1 1 1 1 0 0 1 1 0 0 0 1 0 0 0 0 0 0 0 0
1000	6	 1 1 1 1 1 1 1 0 1 0 0 1 1 1 1 0 0 0 0 0
1000	3	 1 1 1 1 0 0 1 1 1 0 0 1 1 0 0 1 0 1 0 0
1000	4	 1 1 1 1 1 1 0 1 0 0 0 1 1 0 1 0 1 0 0 0
1000	5	 0 1 1 1 1 1 1 0 1 0 0 1 1 0 1 0 0 0 0 0
1000	2	 1 1 1 1 0 1 1 0 1 0 0 1 1 0 0 0 0 1 1 0
1000	9	 1 1 1 1 1 1 1 0 1 1 0 1 0 0 0 0 0 0 0 0
1000	4	 1 1 1 1 0 1 1 0 1 1 0 1 1 0 0 0 0 0 0 0
1000	4	 1 1 1 1 0 1 1 0 1 0 0 1 1 0 1 0 0 0 1 0
1000	2	 1 1 1 1 1 1 1 1 0 0 0 1 1 0 1 1 1 0 0 0
1000	8	 1 1 1 1 1 1 1 1 0 0 0 1 1 0 0 0 0 0 0 0
1000	2	 1 1 1 1 0 0 1 1 0 0 0 1 1 0 1 0 0 0 0 0
1000	5	 1 1 0 1 1 1 0 0 1 0 0 1 1 1 1 0 0 0 0 0
1000	6	 1 1 1 1 0 1 1 0 1 0 0 1 1 0 1 0 0 0 0 0
1000	1	 1 1 1 0 0 1 1 0 1 0 0 1 1 0 0 0 0 0 1 0
1000	8	 1 1 1 1 0 1 1 0 0 1 0 1 1 0 1 0 0 0 0 0
1000	4	 1 1 1 0 0 1 1 1 0 0 0 1 0 0 1 0 0 0 0 0
1000	9	 1 1 1 1 0 0 1 1 0 0 0 0 1 0 1 1 1 0 0 0
1000	1	 1 1 1 1 0 0 1 0 0 0 0 1 1 0 1 0 0 0 0 0
1000	2	 1 0 1 1 1 1 1 1 1 0 1 1 1 0 1 1 0 0 0 0
1000	2	 1 1 1 1 1 0 1 1 0 0 0 1 1 0 0 0 0 0 1 0
1000	7	 1 1 1 0 0 1 1 0 0 0 0 1 1 0 1 0 0 0 0 0
1000	13	 1 1 1 1 0 0 1 1 0 0 0 1 1 0 1 1 1 0 1 0
1000	5	 1 1 1 1 0 1 0 0 1 0 0 0 1 0 0 0 0 0 0 0
1000	3	 1 1 1 1 1 1 0 1 1 0 0 1 1 0 0 0 0 0 1 0
1000	3	 1 1 1 0 0 1 1 0 1 0 0 1 0 0 0 0 0 0 1 0
1000	4	 1 1 1 1 0 0 1 1 0 0 0 1 1 0 0 0 0 0 0 0
1000	4	 1 1 1 1 1 1 1 1 0 1 0 1 1 0 1 0 0 0 0 0
1000	3	 1 1 1 1 0 1 0 1 1 0 0 1 0 0 0 0 0 0 0 0
1000	4	 1 1 1 1 1 1 1 1 0 0 1 1 1 0 1 0 1 0 0 1
1000	2	 1 1 1 1 0 1 1 1 0 0 0 1 1 0 1 1 0 0 0 1
1000	1	 1 1 1 1 1 0 1 1 0 0 0 1 1 0 0 0 0 1 0 0
1000	7	 1 1 1 1 0 1 0 1 0 0 0 1 1 1 1 0 0 0 0 0
1000	4	 1 1 1 0 0 1 1 1 0 0 0 1 0 1 0 0 0 1 0 0
1000	6	 0 1 1 1 1 1 1 0 1 0 0 1 1 0 1 0 1 0 0 0
1000	3	 1 1 1 0 1 0 1 1 0 0 0 1 1 0 0 0 0 1 0 0
1000	7	 0 1 1 1 0 1 0 0 1 0 0 1 1 0 0 0 0 0 0 0
1000	2	 1 1 1 1 0 1 1 1 1 0 0 1 1 0 1 0 0 0 0 0
1000	4	 1 1 1 1 0 1 1 0 1 0 0 1 1 1 1 0 0 0 0 0
1000	3	 1 1 1 1 1 1 0 1 0 0 0 0 0 0 1 0 0 0 0 0
1000	2	 1 1 1 0 0 1 1 0 0 0 0 1 1 0 0 0 0 0 0 0
1000	2	 1 1 1 1 0 1 1 1 1 0 0 1 1 1 0 1 0 0 0 0
1000	7	 1 1 1 1 1 1 1 1 0 0 0 1 0 0 1 1 0 0 0 0
1000	1	 1 1 1 1 1 0 0 1 0 0 0 1 1 0 1 0 1 0 0 1
1000	1	 1 1 1 0 0 1 1 1 1 0 0 1 1 0 1 0 0 0 1 0
1000	1	 1 1 1 1 1 0 1 1 0 0 0 1 0 1 0 0 0 0 0 0
1000	5	 1 1 1 1 1 1 1 1 0 0 0 1 1 0 0 0 0 0 1 0
1000	2	 1 1 1 0 1 1 1 1 0 0 0 1 1 0 0 0 0 0 0 0
1000	3	 1 1 1 1 1 1 1 1 1 0 0 1 1 0 1 0 0 0 0 1
1000	7	 1 1 1 1 0 1 1 0 0 0 0 0 1 0 0 0 0 0 0 0
1000	1	 1 1 1 1 0 1 1 1 1 0 0 1 1 0 1 1 0 0 1 0
1000	7	 1 1 0 1 0 1 0 1 1 0 0 1 1 0 0 0 0 0 0 0
1000	1	 1 1 1 1 1 1 1 1 0 0 0 1 1 1 0 0 0 0 0 0
1000	7	 1 1 1 1 0 1 0 0 1 0 0 1 1 0 1 0 0 0 0 0
1000	1	 0 1 1 1 1 1 1 1 0 0 0 1 1 0 1 0 0 0 0 0
1000	1	 1 1 1 1 1 1 1 1 1 0 0 1 0 0 1 0 0 0 0 0
1000	1	 1 1 1 1 1 1 1 0 1 0 0 0 1 1 1 0 0 0 0 0
1000	1	 1 1 1 1 1 1 1 0 1 0 0 0 1 0 0 0 0 0 0 0
1000	7	 1 1 0 1 1 0 1 0 0 0 0 0 1 0 1 0 0 0 0 0
1000	5	 1 1 0 1 1 0 1 0 0 0 0 1 1 0 0 0 0 0 0 0
1000	1	 1 1 1 1 1 1 1 1 0 0 1 1 1 0 1 1 0 0 0 0
1000	1	 1 1 0 1 1 1 1 1 0 0 0 1 1 0 1 1 0 0 0 0
1000	3	 1 1 1 1 1 1 0 1 0 0 0 1 0 0 1 0 1 0 0 0
1000	2	 1 1 1 1 0 1 0 1 0 0 0 0 1 0 0 0 0 0 0 0
1000	1	 1 1 1 1 1 1 1 0 1 0 0 1 1 0 0 0 1 0 0 0
1000	3	 1 1 1 1 1 1 1 0 0 0 0 0 1 0 1 0 0 0 0 0
1000	2	 1 1 1 1 0 1 1 0 1 1 0 1 1 0 0 0 0 0 1 0
1000	1	 1 1 1 1 0 1 0 1 0 0 0 1 1 0 1 0 1 0 0 0
1000	4	 1 0 1 1 0 1 1 1 1 0 0 1 1 1 0 0 0 0 0 0
1000	3	 1 1 1 1 1 1 1 1 1 0 0 1 1 0 1 0 0 0 1 0
1000	2	 1 1 0 1 0 1 1 1 1 0 0 1 1 0 0 0 0 0 1 0
1000	1	 1 1 1 1 0 0 1 1 0 0 0 0 1 0 0 0 0 0 0 0
1000	2	 1 1 1 1 1 1 1 0 0 0 0 1 1 0 1 1 1 0 1 0
1000	2	 1 1 1 1 1 1 0 0 1 0 0 1 1 0 0 0 0 0 0 0
1000	2	 1 1 1 1 1 1 1 1 1 0 0 0 1 0 0 0 0 0 0 0
1000	1	 1 1 1 1 1 1 1 1 0 0 0 1 1 0 1 1 0 0 1 0
1000	1	 1 1 0 1 1 1 1 1 1 0 0 1 1 1 0 0 0 0 0 0
1000	2	 1 1 1 1 0 1 1 1 0 0 0 1 1 0 1 1 0 0 0 0
1000	2	 0 1 1 1 1 1 1 0 1 0 0 1 1 0 0 0 0 0 1 0
1000	2	 1 1 1 1 1 0 1 1 0 0 0 0 1 0 1 0 0 0 0 0
1000	1	 0 1 1 1 1 0 0 1 0 0 0 1 1 0 1 0 1 0 0 0
1000	1	 1 1 1 1 1 1 1 0 1 0 0 1 1 0 0 1 0 0 0 0
1000	2	 1 1 1 0 1 0 1 1 0 1 0 1 1 0 0 0 0 0 0 0
1000	1	 1 1 1 1 1 1 1 1 0 0 0 1 1 1 1 1 0 0 0 0
1000	1	 1 0 1 1 1 1 1 1 0 0 0 1 1 0 1 1 0 0 0 0
1000	3	 1 0 1 0 0 1 1 0 1 0 0 1 1 0 1 0 0 0 0 0
1000	1	 1 1 1 0 0 1 1 0 1 0 0 1 0 0 1 0 0 0 0 0
1000	1	 1 1 0 1 1 1 1 0 1 0 0 1 0 0 1 0 0 0 0 0
1000	2	 1 1 1 1 0 1 1 0 0 0 0 1 0 0 0 0 0 0 0 0
1000	1	 1 1 1 1 0 0 1 1 0 0 0 1 1 1 0 0 0 0 0 0
1000	2	 0 1 1 1 0 1 1 1 0 0 0 0 0 0 1 0 0 0 0 0
1000	1	 0 1 1 1 1 1 1 1 0 0 0 1 0 0 1 1 0 0 0 0
