0	250	 0 0 0 0 0 0 0 0 0 0 0 0 0 0 0 1 0 0 0 0
0	250	 0 1 0 0 0 1 0 0 0 0 0 0 0 0 0 0 0 1 1 0
0	250	 1 1 0 0 0 1 0 0 0 1 1 1 0 0 1 0 0 1 0 0
0	250	 0 0 0 0 0 1 0 0 0 0 0 0 1 0 1 0 0 1 0 0
100	143	 1 1 0 0 0 1 0 0 0 1 1 1 0 0 1 0 0 1 0 0
100	7	 1 1 0 0 0 1 0 0 0 1 1 1 1 0 1 0 0 1 0 0
100	8	 1 1 0 0 0 1 0 0 0 1 1 1 0 0 0 0 0 1 0 0
100	17	 1 1 0 0 0 1 0 0 0 1 1 1 0 0 0 1 0 0 0 0
100	56	 1 1 0 1 0 1 0 0 0 1 1 1 0 0 1 0 0 1 0 0
100	97	 1 1 0 0 0 1 0 0 0 1 1 1 0 0 1 0 0 0 0 0
100	16	 1 1 0 0 0 1 0 1 0 1 1 1 0 0 1 0 0 1 0 0
100	22	 1 1 0 0 0 0 0 0 0 1 1 1 0 0 1 0 0 1 0 0
100	24	 1 1 1 0 0 1 0 0 0 1 1 1 0 0 1 0 0 1 0 0
100	8	 1 1 0 0 0 1 0 0 0 1 1 1 0 1 1 0 0 1 0 0
100	20	 1 1 1 0 0 0 0 0 0 1 1 1 0 0 1 0 0 1 0 0
100	14	 1 1 0 0 0 0 0 0 0 1 1 1 0 0 1 0 0 0 0 0
100	1	 1 1 0 0 1 1 0 1 0 1 1 1 0 0 1 0 0 1 0 0
100	89	 1 1 0 1 0 1 0 0 0 1 1 1 0 0 1 0 0 0 0 0
100	12	 1 1 0 1 0 1 0 1 0 1 1 1 0 0 1 0 0 1 0 0
100	3	 1 1 0 0 0 1 1 0 0 1 1 1 0 0 0 0 0 1 0 0
100	6	 0 1 0 0 0 1 0 0 0 1 1 1 0 0 1 0 0 1 0 0
100	7	 1 1 1 0 0 1 0 0 0 0 1 1 0 0 1 0 0 0 0 0
100	9	 1 1 0 1 1 1 0 0 0 1 1 1 0 0 1 0 0 0 0 0
100	13	 1 1 0 0 0 1 0 0 0 1 1 1 0 0 0 1 0 0 0 1
100	8	 1 1 1 0 0 1 0 0 0 1 1 1 1 0 1 0 0 1 0 0
100	3	 1 1 0 0 0 1 0 1 1 1 1 1 0 0 1 0 0 1 0 0
100	12	 1 1 0 1 0 1 0 0 0 1 1 1 1 0 1 0 0 0 0 0
100	20	 1 1 0 1 0 1 0 0 0 1 1 0 0 0 1 0 0 0 0 0
100	25	 1 1 0 0 0 1 0 0 0 1 1 1 1 0 1 1 0 1 0 0
100	25	 0 1 0 0 0 1 0 0 0 1 1 1 0 0 1 1 0 0 0 0
100	7	 1 1 0 0 0 1 1 1 0 1 1 1 1 0 1 0 0 1 0 0
100	11	 1 1 1 0 0 1 0 1 0 1 1 1 0 0 1 0 0 1 0 0
100	11	 1 1 0 0 1 0 0 0 0 1 1 1 0 0 1 0 0 1 0 0
100	6	 0 1 0 0 1 1 0 0 0 0 0 0 0 0 1 0 0 0 0 0
100	10	 1 1 1 1 0 1 0 0 0 1 1 1 0 0 1 0 0 1 0 0
100	5	 1 1 1 0 1 1 0 1 0 1 1 1 0 0 1 0 0 1 0 0
100	3	 1 1 0 0 1 1 0 1 0 1 1 1 0 0 1 0 1 1 0 0
100	17	 1 1 1 1 0 1 0 0 0 1 1 0 0 0 1 0 0 0 0 0
100	4	 1 1 0 1 0 1 0 1 0 1 1 1 0 0 1 0 0 0 0 0
100	9	 1 1 0 0 0 1 0 0 1 1 0 1 1 0 0 0 0 1 1 0
100	5	 1 1 0 0 0 1 1 0 0 1 0 1 0 0 0 0 0 1 0 0
100	3	 1 1 0 1 0 1 0 0 1 1 0 1 0 0 1 0 0 1 0 0
100	3	 1 1 0 1 1 1 0 1 0 1 1 1 0 0 1 0 0 0 0 0
100	9	 1 1 0 0 0 1 1 0 0 1 1 1 0 0 1 0 0 1 0 0
100	27	 1 1 0 0 1 1 0 1 0 1 1 1 0 0 1 0 1 0 0 0
100	1	 1 1 0 1 1 1 0 0 0 1 1 1 0 0 1 0 0 1 0 0
100	4	 1 1 0 0 0 0 1 1 0 1 1 1 0 0 1 0 0 1 0 0
100	8	 1 1 0 1 0 1 1 0 0 1 0 1 0 0 0 0 0 0 0 0
100	5	 1 1 1 1 0 1 0 0 0 1 1 1 0 0 1 0 0 0 0 0
100	10	 1 1 0 0 0 1 0 0 0 0 1 1 0 0 1 0 0 1 0 0
100	3	 1 1 1 0 0 0 0 0 0 1 0 1 0 0 1 0 0 1 0 0
100	16	 1 1 0 0 0 0 0 0 0 1 1 1 0 0 1 1 0 0 0 0
100	4	 1 1 0 0 0 1 0 1 0 1 1 1 0 0 1 1 0 0 0 0
100	4	 1 0 1 0 0 0 0 0 0 1 1 1 0 0 1 0 1 1 0 0
100	4	 1 1 0 0 1 0 0 0 0 1 1 0 0 0 1 0 0 1 0 0
100	3	 1 1 0 1 0 1 0 1 0 1 1 1 0 1 0 1 0 0 0 0
100	2	 1 1 1 0 0 1 1 1 0 1 1 1 0 0 1 0 0 1 0 0
100	1	 1 1 0 0 1 0 0 0 0 1 1 1 0 0 1 0 0 0 0 0
100	5	 1 0 0 0 0 1 0 0 0 1 1 1 0 0 1 0 0 1 0 0
100	5	 1 1 0 1 1 1 0 0 0 1 1 1 0 0 1 0 0 0 0 1
100	5	 1 1 0 0 0 1 0 0 1 0 1 1 0 1 1 0 0 1 0 0
100	9	 1 1 0 0 0 1 1 0 0 1 0 1 0 0 0 0 0 0 0 0
100	1	 1 0 0 0 0 1 0 0 0 1 1 1 0 0 1 0 0 0 0 0
100	1	 1 1 0 1 1 1 0 0 0 1 1 1 0 0 1 1 0 0 0 0
100	2	 1 1 1 1 0 1 0 0 0 1 1 1 0 0 1 0 0 1 0 1
100	1	 1 1 0 0 0 1 0 1 0 1 1 1 0 0 1 0 0 0 0 0
100	6	 0 1 0 0 0 1 1 1 0 1 1 1 1 0 1 0 0 1 0 0
100	4	 1 1 0 0 0 1 0 0 1 1 1 1 0 0 1 0 0 1 0 0
100	8	 1 1 0 1 0 1 0 0 0 1 1 1 1 0 1 0 0 1 0 0
100	6	 1 1 1 0 0 0 0 0 0 1 1 1 0 0 1 0 1 1 0 0
100	5	 1 1 0 1 0 0 0 0 0 1 1 1 0 0 1 0 0 0 0 0
100	2	 1 0 1 1 0 1 0 0 0 1 1 0 0 0 1 0 0 0 0 0
100	2	 1 1 0 0 1 1 0 0 0 1 1 1 0 0 1 0 0 1 0 0
100	5	 1 1 0 0 0 1 0 0 0 1 1 1 0 0 1 1 0 1 0 0
100	2	 1 1 0 0 0 1 0 0 0 1 0 1 0 0 1 0 0 0 0 0
100	3	 1 1 0 1 1 1 0 0 0 1 1 0 0 0 1 0 0 0 0 0
100	2	 0 1 0 0 0 1 1 1 0 1 1 1 1 0 1 0 0 1 1 0
100	3	 1 1 1 0 0 1 0 0 0 0 1 1 0 0 1 0 0 0 0 1
100	2	 1 1 0 0 0 1 1 0 0 1 1 1 0 0 1 0 0 0 0 0
100	2	 1 1 0 0 0 1 0 0 0 1 1 1 0 1 1 0 0 0 0 0
100	10	 0 1 0 0 0 1 0 0 0 1 1 1 0 0 1 0 0 0 0 0
100	5	 1 1 0 0 0 1 0 0 0 1 1 1 0 1 1 0 0 1 1 0
100	1	 1 1 1 1 0 1 0 0 0 1 1 1 0 0 0 0 0 1 0 1
100	2	 1 1 0 0 0 1 0 1 0 1 1 1 0 0 1 0 1 0 0 0
100	2	 1 1 1 1 0 1 0 0 0 1 1 0 0 0 0 0 0 0 0 0
100	2	 1 1 0 0 0 1 0 0 0 1 1 1 0 0 1 0 0 1 1 0
100	1	 0 1 0 0 0 1 0 0 0 1 1 1 0 0 0 0 0 1 0 0
100	1	 1 1 0 0 0 1 0 0 0 1 1 1 0 0 0 0 0 0 0 0
100	2	 1 1 0 1 0 1 0 0 0 1 1 1 0 1 1 0 0 0 0 0
100	2	 1 1 0 0 0 1 1 0 0 1 1 1 0 0 0 0 0 1 0 1
100	8	 1 1 0 0 1 1 1 1 0 1 1 1 1 0 1 0 0 1 0 0
100	3	 1 1 0 1 0 1 0 0 0 0 1 1 0 0 1 0 0 1 0 0
100	1	 1 1 0 1 0 1 0 1 0 1 1 1 1 0 1 0 0 1 0 0
100	1	 1 1 0 1 0 1 0 0 0 0 1 1 1 0 1 0 0 0 0 0
100	2	 1 1 0 0 0 1 0 1 0 1 1 1 1 0 1 1 0 1 0 0
100	3	 1 1 0 0 1 1 1 0 0 1 0 1 1 0 0 0 0 1 0 0
100	2	 1 1 1 1 0 1 0 0 1 1 0 1 1 0 0 0 0 1 1 0
100	2	 1 1 0 0 0 1 0 0 0 1 1 1 1 0 0 0 0 1 0 0
100	2	 1 1 0 1 0 1 0 0 0 0 1 1 0 0 1 0 0 0 0 0
100	2	 1 1 0 1 1 1 0 0 0 1 1 1 0 0 1 0 1 0 0 0
100	2	 1 0 1 1 0 1 0 0 0 1 1 1 0 0 1 0 0 1 0 0
100	1	 1 1 0 1 0 1 0 0 1 1 0 1 0 0 1 0 1 1 0 0
100	1	 1 1 0 1 1 1 0 0 0 1 1 1 0 0 1 1 0 0 0 1
100	1	 1 1 0 0 0 1 1 0 0 1 1 1 1 0 0 0 0 1 0 0
200	5	 1 1 0 0 0 1 0 0 0 1 1 1 0 0 1 0 0 1 0 0
200	5	 1 1 0 1 0 1 0 0 0 1 1 1 0 0 1 0 0 1 0 0
200	6	 1 1 0 1 0 1 0 0 0 1 1 1 0 0 1 0 0 0 0 0
200	16	 1 1 1 1 0 1 0 0 0 1 1 1 0 0 1 0 0 1 0 0
200	4	 1 1 0 1 0 1 0 1 0 1 1 1 0 0 1 0 0 0 0 0
200	17	 1 1 0 1 1 1 0 0 0 1 1 1 0 0 1 0 0 0 0 1
200	10	 1 1 0 1 0 0 0 0 0 1 1 1 0 0 1 0 0 0 0 0
200	118	 1 1 0 1 0 1 1 0 0 1 1 1 0 0 1 0 0 0 0 0
200	62	 1 1 1 0 0 1 0 0 0 1 1 0 0 0 1 0 0 0 0 0
200	6	 1 1 0 1 0 1 0 1 0 1 1 0 0 0 1 0 0 0 0 0
200	20	 1 1 1 0 1 1 0 0 0 1 1 0 0 0 0 0 0 0 0 0
200	27	 1 1 0 1 0 1 1 0 0 1 1 1 0 0 1 0 0 0 1 0
200	6	 1 1 1 0 0 1 0 0 0 1 1 0 0 0 0 0 0 0 0 0
200	10	 1 1 1 0 0 1 0 0 0 1 1 1 0 0 0 0 0 0 1 0
200	15	 1 1 0 1 0 0 0 0 0 1 1 0 1 0 0 0 0 1 0 0
200	78	 1 1 0 1 0 1 1 0 0 1 1 1 0 0 1 1 0 0 0 0
200	37	 1 1 0 1 0 1 1 0 0 1 1 0 0 0 1 0 0 0 0 0
200	5	 1 1 0 1 0 1 0 0 0 1 1 1 0 0 1 0 0 0 0 1
200	5	 1 1 0 0 0 1 1 0 0 1 1 1 0 0 1 0 0 0 0 0
200	8	 1 1 1 1 0 1 0 1 0 1 1 1 0 0 1 0 0 0 0 0
200	36	 1 1 0 1 0 0 0 0 0 1 1 1 0 0 1 1 0 0 0 0
200	24	 0 1 1 0 0 1 0 0 0 0 1 0 0 0 1 0 0 0 0 0
200	5	 1 1 0 1 0 1 0 1 0 1 1 1 1 0 1 0 0 0 0 0
200	2	 1 1 1 0 1 1 0 1 0 1 1 0 0 0 0 0 0 0 0 0
200	30	 1 1 1 0 0 1 0 1 0 1 1 1 0 1 1 0 0 0 0 0
200	9	 1 1 0 0 0 1 0 0 0 1 1 1 0 0 1 1 0 0 0 0
200	1	 0 1 0 1 0 1 0 0 0 1 1 1 0 0 1 0 0 1 0 0
200	29	 1 1 0 1 0 1 0 0 0 1 1 0 0 0 1 0 0 0 0 0
200	5	 1 1 0 1 0 1 1 0 1 1 1 1 0 0 1 0 0 0 0 0
200	16	 1 1 0 1 0 1 1 0 0 1 1 1 0 0 0 0 0 0 0 0
200	9	 1 1 0 1 0 1 1 0 0 1 1 1 0 0 1 0 0 0 0 1
200	12	 1 1 0 1 0 0 0 0 0 1 1 1 0 0 1 0 1 0 0 0
200	4	 1 1 1 0 0 1 0 1 1 1 1 1 0 1 1 0 0 0 0 0
200	5	 1 1 0 1 1 1 0 0 0 1 1 1 0 0 1 0 0 0 0 0
200	12	 1 1 1 1 0 1 1 1 0 1 1 1 0 0 1 0 0 1 1 0
200	11	 1 1 0 1 1 1 0 0 0 1 1 1 1 0 1 0 0 0 1 0
200	11	 1 1 1 1 0 1 0 1 0 1 0 1 0 0 1 0 0 0 0 0
200	9	 1 1 0 1 0 1 1 0 0 1 0 1 0 0 1 0 0 0 0 0
200	2	 1 1 0 1 1 0 0 0 0 1 1 0 0 0 0 0 1 0 0 0
200	5	 1 1 0 1 0 0 0 0 0 1 1 1 0 0 1 1 0 0 0 1
200	11	 1 1 0 1 0 1 0 1 0 1 1 0 0 0 1 1 0 1 0 0
200	15	 1 1 0 1 0 0 0 0 1 1 1 1 0 0 1 1 0 0 0 0
200	4	 1 1 0 1 0 1 1 0 0 1 1 0 0 0 1 0 0 0 1 0
200	18	 1 1 0 1 0 0 0 0 1 1 1 0 0 0 1 0 0 0 0 1
200	3	 1 1 0 1 0 1 1 1 0 1 1 1 0 0 1 0 0 0 0 0
200	20	 1 1 1 1 0 1 0 1 0 1 1 1 0 0 1 0 0 0 0 1
200	2	 1 1 0 1 0 0 0 0 0 1 1 1 0 0 1 1 1 0 0 0
200	6	 1 1 1 1 0 1 0 0 0 1 1 0 0 0 1 0 0 0 0 0
200	4	 1 1 1 1 0 1 0 0 0 1 1 0 0 1 0 0 0 0 1 0
200	5	 1 1 0 1 0 0 1 0 0 1 1 1 0 0 1 0 0 0 0 0
200	3	 1 1 1 0 0 1 0 0 0 1 1 0 1 0 1 0 0 0 0 0
200	9	 1 1 1 1 0 0 0 0 0 1 1 1 0 1 1 0 0 0 0 0
200	11	 1 1 1 0 0 1 1 0 1 1 1 1 0 0 1 0 0 0 0 0
200	1	 1 1 0 1 0 0 0 1 0 1 1 1 0 0 1 0 0 0 0 0
200	11	 1 1 0 1 0 0 0 0 0 1 1 0 0 0 1 0 1 0 0 0
200	4	 1 1 0 1 0 1 0 0 0 1 1 1 0 0 1 1 0 0 0 0
200	5	 1 1 0 1 0 0 0 0 1 1 1 1 0 0 1 0 0 0 0 1
200	4	 1 1 1 1 0 1 1 1 0 1 1 1 0 0 1 0 0 1 0 0
200	12	 0 1 0 1 0 1 0 0 0 1 1 1 0 0 1 0 0 0 0 1
200	1	 1 1 0 1 0 0 0 0 0 1 1 1 0 1 1 1 0 0 0 0
200	3	 1 1 0 1 0 1 1 0 0 1 1 1 1 0 1 1 0 0 0 0
200	1	 1 1 0 1 0 1 1 0 0 1 1 1 0 0 0 1 0 0 0 0
200	3	 1 0 1 0 1 1 0 0 0 1 1 0 0 0 1 0 0 0 0 1
200	2	 1 1 0 1 0 1 0 1 0 1 1 0 0 0 1 0 0 1 0 0
200	5	 0 1 0 1 0 1 0 0 0 1 1 0 0 0 1 0 0 0 0 0
200	5	 1 1 0 1 0 1 0 0 0 1 1 0 0 0 1 1 0 0 0 0
200	3	 1 1 0 1 0 0 0 0 0 1 1 0 0 0 1 1 0 0 0 1
200	1	 1 1 0 1 0 1 1 0 0 0 1 1 0 0 1 0 0 0 0 0
200	1	 1 1 0 1 0 1 0 0 0 1 1 0 0 1 1 0 0 0 0 0
200	1	 1 1 0 1 0 0 0 0 0 1 1 0 1 0 0 0 0 0 1 0
200	6	 0 1 1 0 0 1 0 1 0 1 1 1 0 0 1 0 0 0 0 0
200	5	 1 1 0 0 0 1 0 0 0 1 1 1 1 0 1 0 0 1 0 0
200	5	 1 1 0 1 0 1 1 0 0 1 1 0 0 1 1 0 0 0 0 0
200	8	 1 0 0 1 1 1 0 0 0 1 1 1 1 0 1 0 0 0 1 0
200	6	 1 1 0 1 0 1 1 0 0 1 0 0 1 0 0 0 0 1 0 0
200	1	 1 1 0 1 0 0 0 0 0 1 1 0 1 0 0 0 0 0 0 1
200	1	 1 1 0 1 0 1 1 0 0 1 1 1 0 0 1 1 0 1 0 0
200	1	 1 1 0 0 0 1 0 1 0 1 1 1 0 1 1 0 0 0 0 0
200	2	 1 1 1 0 0 1 0 1 0 1 1 1 0 0 1 0 1 0 0 0
200	1	 1 1 0 1 0 1 1 0 0 1 1 1 0 0 1 0 1 0 0 0
200	5	 1 1 0 1 0 1 1 0 0 1 1 1 0 0 1 0 1 0 1 0
200	1	 1 1 0 1 0 1 1 1 0 1 0 1 0 0 1 0 0 0 0 0
200	1	 1 1 0 0 0 1 0 0 0 0 1 1 0 0 1 1 0 1 0 0
200	2	 1 1 0 1 0 1 0 1 0 1 1 1 1 0 1 0 0 1 0 0
200	2	 1 1 0 1 1 1 1 0 0 1 1 1 0 0 1 1 0 0 0 0
200	12	 1 1 0 1 0 1 1 0 0 1 1 0 0 0 1 0 0 1 0 0
200	1	 1 1 0 1 0 0 0 0 0 1 0 1 0 0 1 1 0 0 0 0
200	4	 1 1 0 0 1 1 0 0 0 1 1 1 0 0 1 1 0 0 0 0
200	1	 1 1 0 0 0 0 0 0 0 1 1 1 0 0 1 0 1 0 0 0
200	2	 1 1 0 0 0 1 0 1 0 1 1 1 0 1 0 0 0 0 0 0
200	1	 1 1 0 1 0 0 0 1 1 1 1 1 0 0 1 0 0 0 0 1
200	1	 1 1 1 1 0 0 0 0 0 1 1 0 1 0 0 0 0 0 1 0
200	2	 1 1 1 1 0 1 0 0 0 1 1 1 0 0 1 0 0 0 0 0
200	1	 1 1 1 0 0 1 0 1 1 1 1 1 0 0 1 0 0 0 0 1
200	3	 1 1 0 1 0 1 0 1 0 1 1 0 0 0 0 0 0 0 0 0
200	1	 1 1 0 1 0 1 0 1 0 1 1 1 0 0 1 0 0 0 0 1
200	2	 1 1 1 1 0 1 0 1 0 1 1 0 0 0 1 0 0 0 0 0
200	1	 1 1 0 1 0 1 1 0 0 1 0 1 0 0 0 0 0 0 0 0
200	2	 1 1 0 1 1 1 0 0 0 1 1 1 0 0 1 0 0 0 1 0
200	2	 0 1 0 1 0 0 0 0 1 1 1 0 0 0 1 0 0 0 0 1
200	1	 1 1 1 1 0 1 0 1 0 1 1 0 0 0 1 0 0 0 0 1
200	1	 1 1 1 1 0 1 0 0 0 0 1 0 0 1 0 0 0 0 1 0
200	3	 1 1 0 1 0 1 1 0 0 1 1 1 0 0 1 0 0 1 0 0
200	5	 1 1 0 1 0 1 1 0 0 1 1 1 0 0 1 1 0 0 0 1
200	2	 0 1 1 0 0 1 0 0 0 1 1 1 0 0 1 1 0 0 0 0
200	2	 1 1 0 1 0 0 0 0 1 1 1 1 0 0 1 0 0 0 1 0
200	1	 1 1 0 1 0 1 1 0 0 1 1 1 0 1 1 0 0 0 0 0
200	2	 1 1 1 0 0 0 0 0 0 1 1 0 0 0 1 0 0 0 0 0
200	7	 1 1 0 1 0 0 0 1 0 1 1 0 0 0 1 0 0 0 0 0
200	3	 1 1 0 1 0 0 1 0 0 1 1 0 0 0 1 0 0 0 0 0
200	2	 0 1 1 0 0 1 0 0 0 0 1 0 0 0 1 1 0 0 0 0
200	1	 1 1 0 1 0 1 1 0 0 0 1 1 0 0 1 0 0 0 0 1
200	2	 1 1 0 1 0 0 0 1 0 1 1 1 0 0 1 0 0 1 0 0
200	1	 1 1 0 1 0 1 0 0 0 1 1 1 0 0 1 1 0 0 1 0
200	2	 1 1 1 0 0 1 1 0 0 1 1 0 0 0 1 0 0 0 0 0
200	1	 1 1 1 1 0 1 0 1 1 1 1 0 1 0 0 0 0 0 1 0
200	2	 1 1 1 0 0 1 0 0 1 1 1 0 0 0 1 0 0 0 0 0
200	1	 1 1 1 0 0 1 0 0 0 0 1 0 0 0 1 0 0 0 0 0
200	1	 1 1 0 1 1 0 0 0 0 1 1 0 1 0 0 0 0 1 0 0
200	1	 1 1 1 0 0 1 0 1 0 1 1 1 0 1 1 0 0 0 1 0
200	2	 1 1 0 1 1 1 0 0 0 1 1 1 1 1 1 0 0 0 1 0
200	1	 1 1 0 1 0 1 0 1 0 0 1 0 0 0 1 1 0 1 0 0
200	1	 1 1 0 1 0 1 0 1 0 1 1 0 0 0 0 1 0 1 0 0
200	1	 0 1 0 1 0 1 1 0 0 1 1 1 0 0 1 0 0 0 0 1
300	61	 1 1 0 1 0 1 1 0 0 1 1 1 0 0 1 0 0 0 0 0
300	7	 1 1 1 0 0 1 0 0 0 1 1 0 0 0 1 0 0 0 0 0
300	30	 1 1 0 1 0 1 0 1 0 1 1 0 0 0 1 0 0 0 0 0
300	47	 1 1 0 1 0 1 1 0 0 1 1 0 0 0 1 0 0 0 0 0
300	19	 1 1 0 1 0 1 0 0 0 1 1 0 0 0 1 0 0 0 0 0
300	58	 1 1 1 1 0 1 0 0 0 1 1 0 0 0 1 0 0 0 0 0
300	2	 1 1 1 0 0 1 1 0 1 1 1 1 0 0 1 0 0 0 0 0
300	2	 1 1 0 1 0 1 0 1 0 1 1 0 0 0 0 0 0 0 0 0
300	8	 1 1 0 1 0 1 1 0 0 1 1 1 0 1 1 0 0 1 0 0
300	11	 1 1 1 1 0 1 0 1 0 1 1 0 0 0 1 0 0 0 0 0
300	25	 1 1 1 1 0 1 0 0 0 1 1 1 0 1 1 0 0 0 0 0
300	9	 1 1 1 1 0 1 1 0 0 1 1 1 0 0 1 0 0 0 0 0
300	24	 1 1 0 1 0 1 1 0 0 1 1 1 0 0 0 0 0 0 0 0
300	7	 1 1 0 1 0 1 1 0 0 1 1 0 1 1 1 0 0 0 0 0
300	25	 1 1 0 1 0 1 1 0 0 1 1 1 0 0 0 1 0 0 0 0
300	14	 1 1 0 1 0 1 1 0 0 1 1 0 1 1 0 0 0 0 0 0
300	28	 1 1 0 0 0 1 0 0 0 1 1 0 0 0 1 1 0 0 0 0
300	5	 1 1 0 1 0 1 0 0 0 1 1 1 0 0 1 0 0 0 0 0
300	14	 1 1 0 1 0 1 1 0 1 1 1 0 0 0 1 0 0 0 0 0
300	75	 1 1 1 1 0 1 0 0 0 1 1 0 0 0 0 0 0 0 0 0
300	2	 0 1 0 1 0 1 1 0 0 1 1 1 0 0 1 0 0 0 0 0
300	3	 1 1 1 0 0 0 0 0 0 1 1 1 0 0 1 0 0 0 0 0
300	10	 1 1 0 1 0 1 1 0 0 1 1 1 0 1 1 0 0 0 0 1
300	3	 1 1 1 0 0 1 1 0 0 1 1 1 0 0 1 0 0 0 0 0
300	2	 1 1 1 1 0 1 0 1 0 1 1 1 0 0 1 0 0 0 0 0
300	22	 1 1 0 1 0 0 1 0 0 1 1 0 0 0 1 0 0 0 0 0
300	12	 1 1 1 1 0 1 0 1 0 1 1 0 0 0 1 0 1 0 0 0
300	40	 1 1 1 1 0 1 0 0 0 1 1 1 0 0 1 0 0 0 0 0
300	1	 1 1 0 1 0 1 1 0 0 1 1 1 1 1 0 0 0 0 0 0
300	14	 1 1 1 0 0 0 0 0 0 1 1 0 0 0 1 0 0 1 0 0
300	24	 1 1 0 0 0 1 1 0 0 1 1 0 0 0 1 0 0 0 0 0
300	2	 1 0 1 0 1 1 0 0 0 0 1 0 0 0 0 0 0 0 0 0
300	5	 1 1 0 1 0 1 1 0 0 1 1 1 0 0 1 0 1 0 0 0
300	18	 1 1 1 1 0 1 0 1 0 1 1 1 0 0 1 0 1 0 0 0
300	2	 1 1 0 0 0 1 1 0 0 1 1 1 1 1 1 0 0 0 0 0
300	17	 1 0 1 1 0 1 0 0 0 1 1 0 0 0 1 0 0 0 0 0
300	4	 1 1 0 1 0 1 1 0 0 1 1 1 0 0 0 1 0 0 0 1
300	16	 0 1 0 1 0 1 1 0 0 1 1 1 0 0 1 0 1 0 0 0
300	22	 1 1 1 1 0 1 1 0 0 1 1 0 0 0 1 0 0 0 0 1
300	4	 1 1 1 1 0 1 1 0 0 1 1 1 0 0 0 0 0 0 0 0
300	5	 1 1 0 1 0 1 1 0 0 1 1 0 1 1 0 0 0 0 0 1
300	7	 1 0 0 1 0 1 1 0 0 1 1 1 0 0 1 0 0 0 1 0
300	6	 1 1 0 1 0 1 0 0 0 0 1 1 0 0 0 0 0 0 0 0
300	4	 1 1 1 0 0 1 1 1 0 1 1 0 0 0 1 0 0 0 0 0
300	11	 1 1 0 1 0 1 1 0 0 0 1 1 0 0 1 0 0 0 0 0
300	3	 1 1 1 0 1 1 0 1 0 0 1 1 0 0 0 0 0 0 0 0
300	7	 1 1 0 1 0 1 0 0 0 1 1 0 0 0 1 0 1 1 1 1
300	3	 1 1 0 1 1 1 0 0 0 1 0 0 0 1 1 0 0 0 0 0
300	4	 0 1 1 1 0 1 1 0 0 1 1 1 0 0 1 0 0 0 0 1
300	8	 1 1 0 0 0 0 1 0 0 1 1 1 1 1 1 0 0 0 0 0
300	6	 0 1 1 0 1 1 0 1 0 0 1 1 0 0 0 0 0 0 0 0
300	10	 1 1 0 0 0 1 0 0 0 1 1 1 0 0 1 0 0 0 0 0
300	8	 1 1 1 1 0 1 1 0 0 1 1 0 0 0 1 0 0 0 0 0
300	2	 1 1 0 1 0 1 0 0 0 1 0 0 0 0 1 0 0 0 0 0
300	3	 1 1 0 1 1 1 1 0 0 1 1 1 0 0 1 0 0 0 0 0
300	2	 1 1 0 1 0 1 1 0 0 1 1 0 0 0 1 0 0 0 0 1
300	7	 1 1 1 0 0 1 0 0 0 1 1 0 0 0 0 0 0 0 0 0
300	13	 1 1 1 1 0 1 1 0 0 1 1 0 0 0 1 1 0 0 0 0
300	9	 1 1 1 1 0 0 0 0 0 1 1 0 0 0 0 0 0 0 0 0
300	4	 1 1 1 0 0 1 0 0 0 1 1 0 0 1 1 1 0 0 0 0
300	7	 1 1 1 1 0 0 0 1 0 1 1 0 0 0 1 0 0 0 0 0
300	10	 1 1 0 1 0 0 1 0 0 1 1 1 0 0 0 0 0 0 0 0
300	6	 1 1 1 0 0 0 0 0 0 1 1 0 0 0 1 0 0 0 0 0
300	5	 1 1 1 1 0 1 0 0 0 1 1 0 0 0 0 1 0 0 0 0
300	1	 1 1 1 1 0 1 1 0 0 1 1 1 0 1 0 0 0 0 0 0
300	8	 1 1 0 1 1 1 1 0 0 1 1 0 0 0 1 0 0 0 0 0
300	2	 0 1 0 1 0 1 1 0 0 0 1 1 0 0 1 0 0 0 0 1
300	2	 1 1 0 1 0 1 1 0 0 1 1 1 0 0 1 0 0 0 1 0
300	6	 1 1 0 1 0 1 0 0 0 1 1 0 0 0 0 0 0 0 0 0
300	5	 1 1 1 1 0 1 0 1 0 1 1 1 0 0 1 0 0 1 0 0
300	2	 1 1 1 0 0 1 0 0 0 1 1 1 0 0 1 0 0 0 0 0
300	8	 1 1 0 0 0 1 1 0 0 1 1 0 0 1 1 0 0 0 0 0
300	6	 1 1 0 1 0 1 1 0 1 1 1 1 0 0 0 0 0 0 0 0
300	5	 0 1 0 1 0 1 1 0 0 1 1 1 0 0 1 0 0 0 1 0
300	1	 1 1 1 0 0 1 1 0 0 1 1 0 0 0 1 0 0 0 0 0
300	1	 1 0 1 1 0 1 0 0 0 1 1 0 0 0 1 0 1 0 0 0
300	6	 0 0 0 1 0 1 1 0 0 1 1 1 0 0 1 0 1 0 0 0
300	6	 1 1 0 1 1 1 0 0 0 1 1 1 0 1 1 0 0 0 1 0
300	13	 1 1 0 1 0 1 1 0 0 1 1 0 0 0 0 0 0 0 0 0
300	3	 1 1 1 1 0 1 0 0 0 1 1 0 0 0 1 0 0 0 0 1
300	13	 1 1 0 0 0 1 1 0 0 1 1 1 0 0 1 0 0 0 0 0
300	3	 1 1 1 1 0 1 1 0 0 1 1 0 0 0 0 0 0 0 0 0
300	1	 1 1 0 1 0 1 0 0 0 1 0 0 0 0 0 0 0 0 0 0
300	1	 1 1 0 1 0 0 1 0 0 1 1 0 0 0 1 0 0 0 1 0
300	1	 1 1 1 1 0 1 0 0 0 1 0 0 0 0 1 0 0 1 0 0
300	1	 0 1 0 1 0 1 1 0 0 0 0 1 0 0 1 0 0 0 0 1
300	2	 1 1 0 1 0 1 1 0 0 1 1 0 0 1 1 0 0 0 0 0
300	4	 0 1 0 1 0 1 1 0 0 1 1 0 0 0 1 0 0 0 0 0
300	1	 1 1 0 1 0 0 1 0 0 1 1 0 0 0 1 0 1 0 0 0
300	1	 1 1 1 0 0 0 0 0 0 1 1 0 0 0 1 0 0 1 1 0
300	3	 1 0 0 1 0 0 1 0 0 1 1 1 0 0 1 0 0 0 1 0
300	4	 1 1 0 1 0 1 0 0 0 1 1 1 0 0 1 0 0 1 0 0
300	4	 1 1 1 1 0 1 0 0 0 1 1 1 0 0 0 1 0 0 0 0
300	1	 1 1 1 1 0 1 0 0 0 1 1 1 0 0 1 0 1 0 0 0
300	1	 1 1 1 1 0 1 1 0 0 1 1 1 0 0 0 1 0 0 0 0
300	1	 1 1 0 1 0 1 1 0 0 1 0 0 0 0 1 0 0 0 0 0
300	1	 1 1 1 1 0 1 0 0 0 1 1 0 0 0 1 0 0 1 0 0
300	2	 1 1 1 0 0 0 0 0 0 1 1 1 0 0 1 0 1 0 0 0
300	1	 1 1 1 1 0 1 0 0 1 1 1 0 0 0 1 0 0 0 0 0
300	1	 1 1 0 0 0 1 1 0 0 1 1 1 0 0 0 1 0 0 0 0
300	2	 1 1 0 1 0 1 1 0 1 1 1 0 0 0 1 1 0 0 0 0
300	1	 1 1 1 1 0 1 0 0 0 1 1 0 0 0 0 0 0 0 1 0
300	4	 1 1 1 1 0 1 0 0 1 1 1 1 0 0 1 0 0 0 0 0
300	3	 1 1 1 1 0 1 1 0 0 1 1 0 0 0 1 0 1 0 0 0
300	3	 1 1 0 1 0 1 0 1 0 1 1 1 0 0 1 0 1 0 0 0
300	2	 1 1 0 1 0 1 1 0 0 1 1 1 0 0 0 1 0 1 0 0
300	1	 0 1 0 1 0 1 1 0 0 1 1 1 0 1 1 0 0 1 0 0
300	2	 1 1 0 1 0 1 1 0 0 0 1 1 0 0 1 0 0 0 0 1
300	1	 1 1 0 1 0 1 0 1 0 0 1 1 0 0 0 0 0 0 0 0
300	2	 1 1 0 1 0 1 1 1 0 1 1 0 0 0 1 0 0 0 0 0
300	2	 1 1 1 1 0 1 0 0 0 1 1 0 1 0 0 0 0 0 0 0
300	1	 1 1 1 1 0 1 0 0 0 1 0 1 0 0 1 0 0 0 0 0
300	2	 1 1 1 0 0 0 0 0 0 1 1 0 0 1 1 0 0 1 0 0
300	3	 1 1 1 1 0 1 0 1 0 1 1 1 0 0 1 0 1 0 0 1
300	5	 1 0 0 1 0 1 1 0 0 1 1 0 0 0 1 0 0 0 0 1
400	81	 1 1 1 1 0 1 0 0 0 1 1 0 0 0 1 0 0 0 0 0
400	46	 1 1 1 1 0 1 0 1 0 1 1 0 0 0 1 0 0 0 0 0
400	9	 1 1 1 1 0 1 1 0 0 1 1 1 0 0 0 0 0 0 0 0
400	31	 1 1 1 1 0 1 0 0 1 1 1 1 0 0 1 0 0 0 0 0
400	11	 1 1 1 1 0 1 0 1 0 1 1 1 0 1 1 0 0 0 0 0
400	26	 1 1 1 1 0 1 1 0 0 1 1 0 0 0 1 0 0 0 0 0
400	8	 1 1 1 1 0 1 0 0 0 1 1 0 0 0 1 0 0 1 0 0
400	6	 1 1 1 1 0 0 1 0 0 1 1 0 0 0 0 0 1 0 0 0
400	20	 1 1 1 1 0 1 0 0 0 1 0 1 0 1 1 0 0 0 0 0
400	9	 1 1 1 1 0 1 1 1 0 1 1 0 0 0 1 0 0 0 0 0
400	9	 1 1 1 1 1 1 0 1 0 1 1 0 0 0 1 0 0 0 0 0
400	48	 0 1 1 1 1 1 0 0 0 1 1 1 0 1 1 0 0 0 0 0
400	18	 1 1 1 1 0 1 0 0 0 1 1 0 0 0 0 0 1 0 0 0
400	8	 1 1 1 1 0 0 1 0 0 1 1 1 0 0 0 0 0 0 0 0
400	23	 1 1 1 1 0 1 0 1 0 1 1 1 0 0 1 0 0 0 0 0
400	8	 1 1 1 1 1 1 0 0 0 1 1 1 0 0 0 0 0 0 0 0
400	16	 1 1 1 1 0 1 0 0 1 1 0 1 0 1 1 0 0 0 0 0
400	37	 1 1 1 1 1 1 0 0 0 1 1 1 0 0 1 0 0 0 0 0
400	11	 1 1 1 1 0 1 0 0 0 1 1 1 0 1 1 1 1 0 0 0
400	47	 1 1 1 1 0 1 1 0 0 1 1 1 0 0 0 1 0 0 0 0
400	4	 1 1 1 1 0 1 0 0 0 1 1 0 0 1 1 0 1 0 0 0
400	2	 1 1 1 1 0 1 0 1 0 0 1 0 0 0 1 1 0 0 0 0
400	4	 1 1 0 1 0 1 1 0 0 1 1 1 0 0 0 0 0 0 0 0
400	16	 1 1 1 1 0 0 0 0 1 1 0 1 0 1 1 0 0 0 0 0
400	5	 1 1 1 1 0 0 0 0 0 1 1 0 0 1 1 0 0 0 0 0
400	4	 1 1 0 1 0 0 0 0 1 1 1 1 0 0 1 0 0 0 0 0
400	10	 1 1 1 1 0 1 0 0 0 1 1 0 0 1 1 0 0 0 0 0
400	2	 1 1 1 1 0 1 0 0 0 0 1 0 0 0 1 0 0 0 0 0
400	3	 1 1 1 1 0 1 1 1 0 1 1 1 0 0 0 0 0 0 0 0
400	42	 1 1 1 1 0 1 1 0 0 0 1 1 0 1 1 0 0 0 0 0
400	9	 1 1 1 1 0 1 1 0 1 1 1 1 1 0 0 0 0 0 0 0
400	12	 1 1 1 1 0 1 1 1 1 1 1 0 0 0 0 0 0 0 0 0
400	3	 1 1 1 1 0 1 0 0 1 0 1 1 0 0 1 0 0 0 0 0
400	14	 1 1 1 1 0 1 1 0 1 1 1 1 0 0 0 1 0 0 0 0
400	5	 1 1 1 1 0 0 0 0 1 1 1 0 0 1 1 0 0 0 0 1
400	6	 1 1 1 0 0 1 0 0 0 1 0 1 0 1 1 0 0 0 0 0
400	1	 1 1 1 0 0 0 0 1 0 1 1 0 0 1 1 0 0 0 0 0
400	11	 1 1 0 0 0 1 1 0 0 1 0 1 0 0 1 0 0 0 0 0
400	4	 1 1 0 1 1 1 0 0 0 1 1 0 0 0 1 0 0 0 0 0
400	14	 1 1 0 1 0 0 1 0 1 0 1 0 0 0 0 0 0 0 0 0
400	5	 1 1 1 0 1 0 0 0 0 1 1 0 0 0 1 0 0 1 0 0
400	20	 1 1 1 1 0 1 0 0 0 1 0 1 0 1 1 0 0 0 1 0
400	1	 1 1 0 1 0 1 0 1 0 1 1 0 0 0 1 0 0 0 0 0
400	6	 1 1 1 0 0 1 0 0 1 1 0 0 0 0 1 0 0 0 0 0
400	3	 1 1 0 1 1 1 1 0 0 0 1 0 0 0 1 0 0 0 0 0
400	22	 1 1 1 1 0 0 1 0 0 1 1 1 0 0 1 0 0 0 0 0
400	24	 1 1 1 1 1 1 0 0 1 1 1 1 0 0 1 0 0 1 0 0
400	11	 0 1 1 1 0 1 0 0 1 1 1 1 1 0 1 0 0 0 0 0
400	1	 1 1 1 1 1 1 0 0 0 1 0 1 0 0 1 0 0 0 0 0
400	7	 1 1 1 0 0 1 0 0 0 0 0 0 0 0 1 0 0 0 0 0
400	3	 1 1 1 1 0 1 0 0 0 1 0 1 0 1 1 0 0 0 0 1
400	5	 1 1 1 1 1 0 1 0 0 1 1 0 0 0 1 0 0 0 0 0
400	1	 1 1 1 0 0 0 0 0 0 0 1 0 0 0 1 0 0 0 0 0
400	5	 1 1 1 1 0 1 1 1 1 1 1 0 0 0 0 1 0 0 0 0
400	2	 1 1 1 1 0 1 0 0 0 1 0 1 0 1 1 0 0 1 0 0
400	7	 1 1 1 1 0 1 0 0 0 1 1 1 0 1 1 0 0 0 0 0
400	2	 1 1 1 1 0 1 0 0 0 0 1 0 0 0 1 0 1 0 0 0
400	4	 1 1 1 0 0 1 0 0 1 1 0 1 0 0 1 0 0 0 0 0
400	3	 0 1 1 0 0 1 0 0 0 1 0 0 0 0 1 0 0 0 0 0
400	2	 1 1 0 1 1 1 0 0 0 1 1 1 0 1 1 0 0 0 0 0
400	2	 1 1 0 0 0 1 1 0 0 1 1 1 0 0 0 0 0 0 0 0
400	1	 1 1 1 1 0 0 1 0 1 1 1 0 0 0 0 1 0 0 1 0
400	4	 1 1 1 1 0 1 1 1 1 1 1 0 0 0 1 0 0 1 0 0
400	1	 1 1 0 0 0 1 0 1 0 1 1 1 0 0 0 0 0 0 0 0
400	9	 1 1 1 1 0 1 0 0 0 1 1 1 0 0 0 1 0 0 0 0
400	3	 1 1 1 0 1 0 0 0 0 1 1 0 0 0 1 0 0 0 0 0
400	1	 1 1 1 0 0 0 1 0 0 1 1 0 0 0 1 0 0 0 0 0
400	15	 1 1 1 0 0 0 0 0 0 1 1 0 0 1 1 0 0 0 0 0
400	3	 1 1 1 1 0 1 0 0 0 0 0 1 0 1 1 0 0 0 1 0
400	2	 0 1 1 1 0 0 1 0 0 1 1 0 0 0 0 0 1 0 0 0
400	2	 1 1 1 1 0 1 0 1 0 1 0 1 0 0 1 0 0 0 0 0
400	4	 1 1 1 1 0 0 0 0 0 1 1 0 0 1 1 0 1 0 0 0
400	23	 1 1 1 1 0 1 0 0 0 0 1 0 0 1 0 1 1 0 0 0
400	2	 1 1 1 0 0 0 0 0 0 1 0 0 0 1 1 0 0 0 0 0
400	3	 1 1 1 1 0 1 0 0 1 1 1 1 1 0 0 0 0 0 0 0
400	5	 1 1 1 1 1 1 0 0 1 1 1 1 0 0 1 0 0 0 0 0
400	10	 1 1 1 1 0 0 0 0 0 1 1 1 0 1 1 1 1 0 0 0
400	3	 1 1 1 1 0 1 1 0 0 1 1 1 0 0 0 1 0 1 0 0
400	1	 1 1 1 1 0 1 0 0 0 1 1 1 0 0 1 0 0 1 0 0
400	4	 1 1 1 1 0 0 1 0 0 1 1 0 0 0 1 0 0 0 1 0
400	1	 1 1 1 1 0 1 1 1 0 1 1 1 0 0 1 0 0 0 0 0
400	8	 1 1 1 1 0 1 0 0 0 1 1 1 0 0 1 0 0 0 0 0
400	2	 1 1 1 1 0 1 1 1 0 1 1 0 0 0 1 0 0 1 0 0
400	1	 1 1 0 1 0 0 0 0 1 1 1 1 0 0 1 0 0 0 0 1
400	1	 1 1 1 0 0 1 0 0 1 1 0 0 0 0 1 0 0 0 0 1
400	6	 1 1 1 1 0 1 1 1 1 1 1 0 0 0 0 1 1 0 0 0
400	2	 1 1 1 1 0 1 0 0 0 0 0 1 0 0 0 0 1 0 0 0
400	1	 1 1 1 1 0 1 0 0 0 1 1 0 0 0 0 0 0 0 0 0
400	1	 1 1 1 1 0 1 0 0 1 1 1 0 0 0 1 0 0 0 0 0
400	8	 1 1 1 1 0 1 1 0 0 1 1 0 0 1 1 0 0 0 0 0
400	1	 1 1 1 1 0 0 1 0 0 1 1 1 0 0 0 0 1 0 0 0
400	6	 1 1 1 1 1 1 0 0 0 0 1 1 0 0 1 0 0 0 0 0
400	8	 1 1 1 1 1 1 1 0 0 1 1 1 0 0 0 1 0 0 0 0
400	2	 1 1 1 0 0 1 0 0 1 1 0 0 0 0 1 0 0 1 0 0
400	7	 1 1 1 1 0 1 0 0 0 1 1 0 1 0 1 0 0 0 0 0
400	2	 1 1 1 1 0 1 1 0 0 1 1 0 0 0 1 1 0 0 0 0
400	1	 1 1 1 1 0 1 0 1 0 1 1 0 0 0 1 0 0 1 0 0
400	1	 1 1 1 1 0 0 0 0 1 0 0 1 0 1 1 0 0 0 0 0
400	4	 1 1 1 1 0 1 0 0 1 0 1 0 0 0 1 0 0 0 0 0
400	1	 0 1 1 1 0 1 1 1 0 1 1 1 0 0 0 0 0 0 0 0
400	3	 1 1 1 0 0 0 0 0 1 0 1 0 0 0 1 0 0 0 0 0
400	1	 1 1 1 0 0 1 0 0 1 1 0 1 0 0 1 0 0 0 1 0
400	4	 1 1 1 1 0 1 0 0 0 0 1 0 1 1 0 1 1 0 0 0
400	1	 0 1 1 1 0 1 0 1 1 1 1 0 0 0 0 0 0 0 0 0
400	3	 1 1 1 1 0 1 0 0 0 1 1 0 0 0 1 1 0 0 0 0
400	2	 1 1 1 1 0 1 0 0 0 1 1 0 0 0 1 0 0 0 1 0
400	2	 1 1 1 1 0 1 0 0 1 1 0 1 0 0 1 0 0 0 0 0
400	1	 1 0 1 1 0 1 0 0 0 1 1 0 0 0 1 0 0 1 0 0
400	2	 0 1 1 1 0 1 0 0 0 1 0 1 0 1 1 0 0 0 0 0
400	1	 1 1 1 1 0 1 0 0 0 1 1 0 0 0 0 0 1 0 0 1
400	2	 1 1 1 1 0 0 1 0 0 1 1 1 0 0 0 0 0 0 1 0
400	1	 1 1 1 1 1 1 0 0 0 1 1 1 0 0 1 0 0 0 1 0
400	5	 1 1 1 1 0 1 1 0 1 0 1 1 0 1 1 0 0 0 0 0
400	1	 1 1 1 1 0 1 1 1 1 1 1 0 0 0 0 0 0 1 0 0
400	3	 1 1 1 1 0 1 0 0 0 1 0 1 0 1 1 0 0 0 1 1
400	1	 1 1 1 1 0 0 1 0 0 0 1 1 0 0 1 0 0 0 0 0
400	3	 1 1 1 1 1 1 0 0 1 1 0 1 0 0 1 0 0 1 0 0
400	4	 1 1 1 1 0 0 0 0 1 0 1 0 0 0 1 0 0 0 0 0
400	3	 0 1 1 1 0 1 1 0 0 1 1 0 0 0 1 0 0 0 0 0
400	3	 1 1 1 1 0 1 1 0 0 1 1 1 0 0 0 1 0 0 0 1
400	3	 1 1 1 1 0 0 1 0 0 1 1 1 0 1 1 0 0 0 0 0
400	2	 1 1 1 0 0 0 0 0 0 1 1 1 0 0 1 0 0 0 0 0
400	2	 1 1 1 0 0 1 0 0 1 1 0 1 0 1 1 0 0 0 0 0
400	1	 1 1 1 1 0 1 0 1 0 1 1 1 0 1 0 0 0 0 0 0
400	1	 1 1 1 0 0 1 0 0 0 1 1 0 0 0 1 0 0 1 0 0
400	1	 0 1 0 1 1 1 0 0 0 1 1 1 0 1 1 0 0 0 0 0
400	2	 1 1 1 1 0 1 1 0 1 1 1 1 1 0 0 1 0 0 0 0
400	2	 1 1 1 1 1 1 0 0 1 1 1 1 0 0 1 0 0 1 0 1
400	1	 0 1 1 1 0 1 0 1 0 1 1 0 0 0 1 0 0 1 0 0
500	2	 1 1 1 1 0 1 0 1 0 1 1 0 0 0 1 0 0 0 0 0
500	32	 1 1 1 1 0 1 0 1 0 1 1 1 0 1 1 0 0 0 0 0
500	37	 1 1 1 1 0 1 0 1 0 1 1 1 0 0 1 0 0 0 0 0
500	2	 1 1 1 1 0 1 1 1 1 1 1 0 0 0 0 0 0 0 0 0
500	41	 1 1 1 1 0 0 1 0 0 1 1 1 0 0 1 0 0 0 0 0
500	25	 1 1 1 1 0 1 0 0 0 1 1 1 0 0 1 0 0 0 0 0
500	2	 1 1 1 1 0 0 0 1 0 1 1 1 0 0 1 0 0 0 0 0
500	7	 1 1 1 1 1 1 0 0 0 1 1 0 0 1 1 0 0 0 0 0
500	23	 1 1 1 1 0 1 0 0 1 1 1 0 1 0 1 0 0 0 0 0
500	1	 1 1 1 1 0 1 0 1 0 0 1 1 0 0 1 0 0 0 0 0
500	25	 1 1 1 1 0 1 1 0 0 1 1 1 0 0 1 0 0 0 0 0
500	12	 1 1 1 1 0 1 1 0 1 1 1 1 0 0 1 0 0 0 0 0
500	5	 1 1 1 1 0 0 0 1 0 1 1 1 0 0 0 0 0 0 0 0
500	35	 1 1 1 1 0 1 0 0 0 1 1 1 0 0 1 1 0 0 0 0
500	9	 1 1 1 1 1 1 1 1 1 1 1 1 0 1 1 0 0 0 0 0
500	23	 1 1 1 1 1 1 1 1 1 1 1 1 0 0 1 0 0 0 0 0
500	1	 1 1 1 1 0 1 0 0 0 1 1 0 0 0 1 1 0 0 0 0
500	10	 1 1 1 1 1 1 1 0 0 1 1 1 0 0 0 0 0 0 0 0
500	18	 1 1 1 1 0 1 1 1 1 1 1 0 0 0 1 0 0 0 0 0
500	14	 1 1 1 1 0 1 0 0 1 1 1 1 0 0 1 1 0 0 0 0
500	10	 1 1 1 1 0 0 0 1 0 1 0 0 0 1 1 0 0 0 0 0
500	12	 1 1 1 1 0 1 1 1 1 1 1 1 0 0 1 0 0 0 0 0
500	5	 1 1 1 1 1 1 1 0 0 1 0 1 0 0 0 0 0 0 0 0
500	12	 1 1 1 1 0 1 0 0 1 1 1 0 0 0 1 0 0 0 0 0
500	16	 1 1 1 1 0 1 0 1 0 1 0 1 0 0 1 0 0 0 0 0
500	21	 1 1 1 0 1 1 0 0 0 1 1 0 1 0 0 0 0 0 0 0
500	5	 1 1 1 1 0 1 1 1 1 1 1 1 0 1 1 0 0 0 0 0
500	1	 1 1 1 1 0 1 1 0 0 1 1 0 1 0 1 0 0 0 0 0
500	12	 1 1 1 1 1 1 0 1 0 1 1 1 0 0 1 0 0 0 0 0
500	7	 1 1 1 1 1 1 0 1 1 1 0 0 0 1 1 0 0 0 0 0
500	3	 1 1 1 1 0 1 1 1 1 1 1 1 0 0 0 1 0 0 0 0
500	17	 1 1 1 1 0 1 1 1 1 1 1 0 0 0 0 0 1 0 0 0
500	26	 1 1 1 1 0 1 0 0 0 1 0 1 0 0 0 1 0 0 0 0
500	37	 1 1 1 1 0 0 0 1 0 0 1 1 0 0 1 0 0 0 0 0
500	1	 1 0 1 1 0 1 1 0 0 1 1 0 1 0 1 0 0 0 0 0
500	14	 1 1 1 1 0 1 0 1 1 1 0 0 0 1 1 0 0 0 0 0
500	5	 1 1 1 1 1 1 0 0 1 1 1 1 0 0 1 1 0 0 0 0
500	5	 1 1 1 1 0 1 1 0 0 1 0 1 0 0 1 0 0 0 0 0
500	10	 1 1 1 1 1 1 0 0 0 1 1 1 0 0 1 1 0 0 0 0
500	25	 1 1 1 1 0 0 0 1 1 1 1 1 0 0 1 0 0 0 0 0
500	1	 1 1 0 1 0 1 1 1 1 1 1 1 0 0 0 0 0 0 0 0
500	6	 1 1 1 1 1 1 1 0 1 1 0 0 0 0 1 0 0 0 0 0
500	1	 1 1 1 1 0 1 1 1 1 1 1 0 0 0 0 1 1 0 0 0
500	8	 1 1 1 1 0 0 0 1 0 1 1 1 0 0 0 0 0 0 1 0
500	2	 1 1 1 1 0 1 0 0 0 1 1 1 0 0 1 1 0 0 1 0
500	4	 1 1 0 1 0 1 1 1 1 1 1 1 0 0 0 1 0 1 0 0
500	9	 1 1 1 1 1 1 0 1 0 1 1 1 1 0 0 0 0 0 0 0
500	2	 1 1 1 1 0 1 0 0 0 1 1 1 0 0 1 0 0 0 1 0
500	33	 1 1 0 1 0 1 0 0 0 1 1 1 0 0 1 0 0 0 0 0
500	5	 1 1 1 1 0 1 0 0 0 1 1 1 0 0 1 1 0 0 0 1
500	11	 1 1 1 1 0 1 1 1 0 1 1 1 0 1 0 1 0 0 0 0
500	9	 1 1 1 1 1 1 0 1 0 0 1 1 0 0 1 0 0 0 0 0
500	5	 1 1 1 1 0 0 0 1 0 1 0 1 0 0 1 0 0 0 0 0
500	3	 1 1 1 1 1 1 1 0 0 1 1 1 0 0 0 0 0 0 0 1
500	8	 1 1 0 1 0 1 0 1 0 1 1 0 0 0 1 0 0 0 0 0
500	3	 1 1 1 1 0 1 1 1 0 1 1 0 1 0 0 0 0 0 0 0
500	23	 1 1 1 1 0 1 1 1 1 1 1 0 0 1 0 0 0 0 0 0
500	8	 1 1 0 1 0 1 0 1 0 0 1 1 0 0 1 0 0 0 0 0
500	3	 1 1 1 1 0 1 0 0 0 1 1 0 0 1 1 1 0 0 0 0
500	16	 1 1 1 0 0 1 1 1 1 1 1 0 0 0 1 0 0 0 0 0
500	4	 1 1 1 1 1 1 0 1 1 1 1 0 0 1 1 0 0 0 0 0
500	6	 1 1 1 1 0 1 0 1 0 1 1 0 0 0 0 0 0 0 0 0
500	4	 1 1 1 1 1 1 0 0 1 1 1 1 0 0 1 0 0 1 0 0
500	1	 1 1 1 1 0 0 0 0 0 1 1 0 0 1 1 1 0 0 0 0
500	3	 0 1 1 1 0 1 0 1 0 1 1 1 0 0 1 0 0 0 0 0
500	7	 1 1 1 1 0 0 0 1 0 1 1 1 0 0 1 0 0 0 1 0
500	3	 1 1 1 1 1 1 1 0 0 1 0 0 0 0 0 0 0 0 0 0
500	7	 1 1 1 1 0 0 0 0 0 1 1 1 0 0 1 1 0 0 0 1
500	6	 1 1 0 1 0 1 0 0 0 1 1 0 0 0 1 0 0 0 0 0
500	3	 1 1 1 1 1 1 1 1 0 1 1 0 0 0 1 0 0 0 0 0
500	12	 0 1 1 1 1 1 1 1 1 1 1 1 0 1 1 0 0 0 0 0
500	2	 1 1 1 1 0 1 1 1 1 1 1 0 0 0 1 0 0 0 1 0
500	19	 1 1 1 1 1 1 0 1 1 1 0 0 0 0 1 0 0 0 0 0
500	3	 1 1 0 1 0 1 0 1 0 1 1 0 0 1 1 0 0 0 0 0
500	7	 1 1 1 1 0 1 1 1 1 1 1 1 0 0 1 1 0 0 0 0
500	4	 1 1 1 1 0 0 0 1 0 1 1 1 0 0 1 0 1 0 0 0
500	5	 1 1 1 1 1 1 0 0 0 1 1 0 0 0 1 0 0 0 0 0
500	4	 1 1 0 1 0 1 1 1 1 1 1 0 0 0 1 0 0 0 0 0
500	1	 1 1 1 1 0 1 0 1 0 1 1 1 0 0 1 0 0 0 0 1
500	8	 1 1 1 1 1 1 0 0 0 0 1 0 0 1 1 0 0 0 0 0
500	7	 1 1 1 1 1 1 1 1 1 1 0 1 0 1 1 0 0 0 0 0
500	3	 1 1 1 1 0 1 0 1 0 1 0 1 1 0 1 0 0 0 0 0
500	8	 1 1 1 1 0 1 0 0 0 1 1 1 0 1 1 0 0 0 0 0
500	3	 1 0 1 1 0 0 0 1 0 1 1 1 0 0 1 0 0 0 0 0
500	12	 1 1 1 1 1 0 0 1 0 1 1 1 0 0 1 0 0 0 0 0
500	1	 1 1 1 1 1 1 1 0 0 1 1 0 0 1 1 0 0 0 0 0
500	2	 1 1 1 1 0 1 1 0 1 1 1 1 0 0 1 0 0 0 1 0
500	2	 1 1 1 1 0 1 1 0 0 1 1 0 0 1 0 0 0 0 0 0
500	2	 1 1 1 1 0 0 1 0 0 1 1 1 1 0 1 0 0 0 0 0
500	6	 1 1 1 1 1 1 1 1 0 1 1 1 0 1 1 0 0 0 0 0
500	2	 1 1 0 1 0 0 0 0 0 1 1 1 0 0 1 1 0 0 0 0
500	6	 1 1 0 1 0 1 0 0 0 1 1 1 0 0 1 1 0 0 0 0
500	1	 1 0 1 1 0 1 1 1 1 1 1 0 0 1 0 0 0 0 0 0
500	3	 1 1 1 1 0 1 1 0 0 1 1 0 0 1 1 1 0 0 0 0
500	3	 1 1 0 0 0 1 1 1 1 1 1 0 0 0 1 0 0 0 0 0
500	1	 1 1 1 1 1 1 0 0 1 1 1 0 0 0 1 1 0 0 0 0
500	3	 1 1 1 1 0 1 0 0 1 1 1 0 1 0 1 0 1 0 0 0
500	3	 1 0 0 1 0 1 0 1 0 0 1 1 0 0 1 0 0 0 0 0
500	4	 1 1 0 1 0 0 0 0 0 1 1 0 0 1 1 1 0 0 0 0
500	3	 1 1 1 1 0 1 1 0 0 1 0 0 0 0 0 0 0 0 0 0
500	3	 1 1 0 1 1 1 0 0 0 1 1 1 0 0 1 1 0 0 0 0
500	8	 1 1 1 1 1 1 0 1 0 1 0 1 1 0 0 0 0 0 0 0
500	5	 1 1 0 1 1 1 0 1 0 1 1 0 0 0 1 0 0 0 0 0
500	7	 1 1 1 1 0 1 1 1 1 1 1 0 0 1 0 0 0 0 1 0
500	5	 1 1 0 1 0 1 0 1 0 0 1 1 0 0 1 1 0 0 0 0
500	2	 1 1 1 1 0 1 0 0 1 1 1 1 0 0 0 0 0 0 0 0
500	3	 1 1 1 1 0 1 0 0 1 1 1 1 0 0 0 0 0 0 1 0
500	1	 1 1 1 0 0 1 1 1 1 1 0 0 0 0 1 0 0 0 0 0
500	3	 1 1 1 1 0 0 0 0 0 1 1 1 0 0 1 0 0 0 0 0
500	4	 1 1 1 1 0 1 0 0 0 1 1 1 0 0 1 0 0 1 0 0
500	1	 1 1 1 1 0 1 1 1 1 1 1 0 0 0 1 1 0 0 0 0
500	1	 1 1 0 1 0 1 0 1 1 1 1 1 0 0 1 0 0 0 0 0
500	2	 1 0 1 1 0 1 1 1 1 1 1 0 0 0 0 1 1 0 0 0
500	4	 1 1 1 1 0 1 0 1 0 1 1 1 0 1 0 0 0 0 0 0
500	3	 1 1 1 1 0 0 1 1 0 1 1 1 0 0 1 0 0 0 0 0
500	1	 1 1 1 1 1 1 1 0 0 1 1 1 0 0 0 0 0 0 1 0
500	2	 1 1 1 1 0 1 0 0 1 1 1 1 0 1 1 1 0 0 0 0
500	2	 1 1 1 0 1 1 0 1 0 1 1 0 1 0 0 0 0 0 0 0
500	1	 1 1 1 1 1 1 0 1 0 1 1 1 1 0 0 0 0 0 0 1
500	1	 1 1 1 1 0 1 0 0 0 1 1 0 0 0 1 1 0 0 0 1
500	3	 1 1 0 1 0 1 0 1 0 0 1 1 0 1 1 0 0 0 0 0
500	1	 1 1 0 1 1 1 0 1 1 1 0 0 0 0 1 0 0 0 0 0
500	1	 0 1 0 1 0 1 0 1 0 1 1 0 0 1 1 0 0 0 0 0
500	1	 1 1 1 1 1 1 1 0 1 1 1 1 0 0 1 0 0 0 1 0
500	1	 1 1 1 1 0 1 1 0 1 1 0 1 0 1 1 0 0 0 0 0
500	2	 1 1 1 1 0 1 0 0 1 1 1 1 0 1 1 0 0 0 0 0
500	1	 1 1 1 1 0 0 0 1 0 0 1 1 0 1 1 0 0 0 0 0
500	1	 1 1 0 1 1 1 0 0 0 1 1 1 0 0 1 0 0 0 0 0
500	2	 1 1 1 1 1 0 1 0 0 1 1 1 0 0 1 0 0 0 0 0
500	2	 1 1 1 1 0 1 0 0 1 0 1 0 1 0 1 0 0 0 0 0
500	3	 1 1 1 1 1 1 0 0 1 1 1 0 1 0 1 0 0 0 0 0
500	1	 1 1 1 1 0 1 1 0 1 1 1 0 0 0 1 0 0 0 0 0
500	3	 1 1 1 1 0 1 0 0 1 1 1 1 0 0 1 0 0 0 0 0
500	2	 1 0 1 0 1 1 0 0 0 1 1 0 1 0 0 0 0 0 0 0
500	1	 1 1 1 1 0 1 0 0 0 1 0 0 0 0 0 1 0 0 0 0
500	2	 1 1 1 1 0 1 0 1 0 1 1 0 0 0 0 0 0 0 0 1
500	2	 1 1 1 1 1 1 1 1 1 1 0 1 0 1 0 0 0 0 0 0
600	5	 1 1 1 1 0 1 0 1 0 1 1 0 0 0 1 0 0 0 0 0
600	53	 1 1 1 1 0 1 0 1 0 1 0 1 0 0 1 0 0 0 0 0
600	32	 1 1 1 1 0 1 0 1 0 1 1 0 0 0 0 0 0 0 0 0
600	24	 1 1 1 1 0 1 0 0 1 1 1 1 0 1 1 0 0 0 0 0
600	48	 1 1 1 1 0 1 0 0 1 1 1 1 0 0 1 0 0 0 0 0
600	3	 1 1 1 1 0 1 0 0 0 1 1 1 0 1 1 1 0 0 0 0
600	7	 1 1 1 1 0 0 1 0 0 1 0 1 0 0 1 0 0 0 0 0
600	31	 1 1 1 1 0 1 0 0 0 1 0 1 0 0 1 1 0 0 1 0
600	89	 1 1 1 1 0 1 1 1 1 1 1 0 0 0 1 0 0 0 0 0
600	9	 1 1 1 1 0 1 0 1 0 1 0 1 0 1 1 0 0 0 0 0
600	10	 1 1 1 1 0 1 0 1 0 1 1 0 0 1 1 0 0 0 0 0
600	22	 1 1 1 1 0 1 0 1 0 1 0 1 0 0 1 1 0 0 0 0
600	4	 0 0 1 1 0 0 1 0 0 1 1 1 0 0 1 0 0 0 0 0
600	6	 1 1 0 1 0 1 0 0 1 1 1 1 0 0 1 0 0 0 0 0
600	34	 1 1 1 1 0 1 0 0 0 1 1 1 1 0 1 1 0 0 0 0
600	3	 1 1 1 1 0 1 1 0 0 1 1 1 0 1 1 0 0 0 0 0
600	3	 1 1 1 1 0 1 0 1 0 1 1 1 0 0 1 1 0 0 0 0
600	7	 1 1 1 1 0 1 0 0 1 1 1 0 0 0 0 1 0 0 0 0
600	2	 1 1 1 1 1 1 1 1 1 1 1 0 0 0 1 0 0 0 0 0
600	5	 1 1 1 1 0 1 0 1 0 1 1 0 1 0 1 0 0 0 0 0
600	11	 1 1 1 1 0 1 0 0 1 1 0 1 0 0 1 1 0 0 1 0
600	25	 1 1 1 1 0 1 0 1 1 1 0 0 0 0 1 0 0 0 0 0
600	16	 1 1 1 1 0 1 0 0 0 1 1 1 0 1 1 0 0 0 0 0
600	30	 1 1 0 1 1 0 1 0 0 1 1 0 0 0 1 0 0 0 0 0
600	21	 1 1 1 1 0 1 0 0 1 1 1 0 0 1 1 0 0 0 0 0
600	3	 1 1 1 1 0 1 0 1 1 1 1 0 0 1 1 0 0 0 0 0
600	20	 1 1 1 1 0 1 0 0 1 1 0 1 0 0 1 1 0 0 0 0
600	8	 1 1 1 1 0 1 0 1 0 1 0 1 0 0 0 0 0 0 0 0
600	12	 1 1 1 1 0 1 0 0 1 0 1 1 0 0 1 0 0 0 0 0
600	1	 1 1 1 1 0 1 1 1 1 1 1 1 0 0 1 1 1 0 0 0
600	1	 1 1 1 1 0 1 0 1 0 1 0 1 0 0 1 0 0 1 0 0
600	7	 1 1 1 1 0 1 1 0 1 1 1 0 1 0 1 0 0 0 0 0
600	7	 1 1 1 1 0 1 0 0 0 1 1 0 0 0 1 0 0 0 0 0
600	6	 1 1 1 1 0 1 0 0 1 1 1 1 0 0 1 0 0 0 1 0
600	2	 1 1 1 1 0 1 1 0 1 1 1 0 0 0 1 0 0 0 0 0
600	2	 1 1 0 0 0 1 0 0 1 1 0 1 0 0 1 0 0 0 0 0
600	5	 1 0 1 1 1 1 0 0 1 1 1 1 0 1 1 0 0 1 0 0
600	3	 1 1 1 1 0 1 1 1 1 1 1 0 0 0 1 0 0 0 1 0
600	3	 1 1 1 1 1 1 0 1 0 1 1 0 0 0 1 0 0 0 1 0
600	4	 1 1 0 1 0 1 0 0 1 1 0 1 0 0 1 1 0 0 1 0
600	50	 1 1 1 1 0 1 0 1 1 1 1 0 0 0 1 0 0 0 0 0
600	10	 1 1 1 0 0 1 0 1 0 1 1 0 0 0 0 0 0 0 0 0
600	9	 1 1 1 1 0 1 1 0 0 1 1 1 1 1 1 0 0 0 0 0
600	22	 1 1 1 1 0 1 0 0 1 1 1 0 1 0 1 0 0 0 0 0
600	8	 0 1 1 1 0 1 0 0 0 1 1 1 0 0 1 1 0 0 0 0
600	20	 1 1 1 1 0 1 0 1 0 1 0 0 0 1 0 0 0 0 0 0
600	2	 1 1 0 1 0 1 0 0 0 1 1 1 0 1 1 1 0 0 0 0
600	1	 1 1 1 1 0 1 1 1 1 1 1 0 0 0 1 0 0 0 0 1
600	7	 1 1 1 1 0 1 0 0 1 1 0 1 0 0 1 1 0 0 0 1
600	4	 0 1 1 1 0 1 0 0 1 1 1 1 0 1 1 1 0 0 0 0
600	8	 0 1 1 1 0 1 1 0 1 1 1 1 0 0 1 1 0 0 1 0
600	15	 1 1 1 1 0 1 1 0 1 0 1 1 0 0 1 0 0 0 0 0
600	15	 1 1 1 1 0 1 1 1 0 1 1 0 0 0 1 0 0 0 0 0
600	9	 1 1 1 1 0 1 0 0 1 1 0 0 0 1 1 0 0 0 0 0
600	1	 1 1 1 1 0 1 0 0 0 1 0 1 0 0 1 1 1 1 1 0
600	1	 1 1 1 0 0 1 1 1 1 1 1 0 0 0 1 0 0 0 0 0
600	10	 1 1 1 1 0 1 1 0 1 1 1 0 0 0 0 1 0 0 0 0
600	6	 1 1 0 1 0 1 1 0 1 1 1 0 1 0 1 0 0 0 0 0
600	2	 1 1 1 1 0 1 0 0 1 1 1 1 0 1 1 0 0 0 0 1
600	1	 1 1 1 1 0 1 0 1 0 1 1 0 0 1 1 0 1 0 0 0
600	14	 1 1 1 1 0 1 0 1 0 1 0 1 0 0 0 1 0 0 0 0
600	5	 1 1 1 1 0 1 1 0 1 1 0 1 0 0 1 1 0 0 0 0
600	3	 1 1 1 1 0 1 0 0 0 1 0 1 0 0 1 1 0 0 0 0
600	9	 1 1 0 1 0 1 1 0 1 0 1 1 0 0 1 0 0 0 0 0
600	4	 1 1 1 1 0 1 0 0 1 1 1 1 0 0 1 1 0 0 1 0
600	5	 1 1 1 1 0 1 1 1 1 0 1 0 0 0 1 0 0 0 0 0
600	19	 1 1 1 1 0 1 1 1 1 1 1 0 1 0 1 0 0 0 0 0
600	7	 1 1 1 0 1 1 0 1 0 1 0 0 0 1 0 0 0 0 0 0
600	3	 1 1 1 1 0 1 1 1 1 1 1 1 0 1 1 0 0 1 0 0
600	9	 1 1 1 1 0 1 0 1 0 1 1 1 1 0 1 1 0 0 0 0
600	5	 1 1 1 1 0 1 0 1 1 1 0 1 0 0 1 1 0 0 0 1
600	17	 1 1 1 1 0 1 1 1 0 1 1 0 1 0 1 1 0 0 1 0
600	3	 1 1 1 1 0 1 0 1 1 1 1 1 0 0 1 0 0 0 0 0
600	2	 1 1 0 0 0 1 0 0 1 1 0 1 0 0 1 1 0 0 0 0
600	4	 1 1 0 0 0 1 0 0 1 1 0 1 0 0 0 0 0 0 0 0
600	9	 1 1 1 0 0 1 0 1 0 1 1 1 0 1 1 0 0 0 0 0
600	1	 1 1 1 1 0 1 0 1 0 1 1 0 0 0 1 0 0 0 1 0
600	5	 0 1 1 1 0 1 0 1 0 1 0 1 0 0 1 0 0 0 0 0
600	4	 1 1 1 1 0 1 0 0 0 1 0 1 0 0 0 0 0 0 0 0
600	2	 1 0 1 1 1 1 0 0 1 1 1 1 0 1 1 0 0 1 1 0
600	2	 1 1 0 1 0 1 0 1 1 1 0 1 0 0 1 1 0 0 0 0
600	5	 1 1 1 1 0 1 1 1 0 1 1 0 0 0 1 0 0 0 0 1
600	4	 1 1 0 0 0 1 1 1 1 1 1 0 0 0 1 0 0 0 0 0
600	1	 1 1 1 0 0 1 0 0 1 1 0 1 0 0 1 0 0 0 0 0
600	2	 1 1 1 1 0 1 1 1 1 1 1 0 0 0 1 0 1 0 0 0
600	1	 1 1 1 1 1 1 0 1 0 1 1 1 0 0 1 0 0 0 1 0
600	1	 1 1 1 1 0 1 0 0 1 1 0 1 0 0 1 0 0 0 0 0
600	2	 1 1 1 1 0 0 1 0 0 1 1 1 0 0 1 0 0 0 0 0
600	3	 1 1 1 1 0 1 0 1 0 0 0 1 0 0 1 1 0 0 0 0
600	1	 1 1 0 1 0 1 1 1 1 1 1 1 0 0 1 1 0 0 0 0
600	2	 1 1 1 1 0 1 0 1 0 1 0 1 0 0 0 0 1 0 0 0
600	3	 1 1 1 1 0 1 1 1 1 1 1 1 0 1 1 0 0 0 0 0
600	7	 1 1 0 1 1 0 0 0 1 1 1 0 0 1 1 0 0 0 0 0
600	2	 1 1 1 1 0 1 1 1 1 1 1 1 0 0 0 0 0 0 0 0
600	1	 1 1 1 1 0 1 1 0 1 1 1 0 0 1 1 0 0 0 0 0
600	1	 1 1 1 1 0 1 0 0 1 1 1 0 0 1 0 0 0 0 0 0
600	2	 1 1 1 1 0 1 1 0 1 0 1 1 0 0 1 1 0 0 0 0
600	1	 1 1 1 1 0 1 1 0 1 1 1 0 0 0 1 0 1 0 0 0
600	1	 1 1 1 1 0 1 0 1 1 1 1 0 0 0 0 0 0 0 0 0
600	1	 1 1 1 1 0 0 1 1 1 1 1 0 0 0 1 0 0 0 0 0
600	2	 1 1 1 1 0 1 0 1 0 1 0 0 0 0 1 0 0 0 0 0
600	3	 1 1 1 0 0 1 0 0 0 1 1 1 0 1 1 0 0 0 0 0
600	3	 1 1 1 1 0 1 0 0 1 0 1 0 0 1 1 0 0 0 0 0
600	2	 1 1 1 1 0 1 1 0 1 1 1 1 1 0 1 0 0 0 0 0
600	1	 1 0 1 1 0 1 0 1 1 1 1 0 0 0 1 0 0 0 0 0
600	2	 1 1 1 1 0 1 1 0 1 1 0 0 0 0 0 1 0 0 0 0
600	2	 1 1 1 0 0 1 0 1 0 1 0 1 0 0 0 1 0 0 0 0
600	2	 1 1 1 1 0 1 1 1 1 1 1 0 1 1 1 0 0 0 0 0
600	3	 1 1 1 0 0 1 1 1 0 1 1 0 1 0 1 1 0 0 1 0
600	2	 1 1 1 1 0 1 1 0 0 1 1 1 0 0 1 0 0 0 1 0
600	1	 1 1 1 1 0 1 1 0 1 1 1 1 0 0 0 0 0 0 0 0
600	1	 1 1 1 1 0 1 0 1 0 1 1 1 0 1 1 0 0 0 0 0
600	1	 1 1 0 1 0 1 1 0 1 1 1 0 0 0 1 0 0 0 1 0
600	1	 1 1 0 1 0 1 1 0 1 1 1 0 0 0 0 0 0 0 0 0
600	3	 1 1 1 1 0 1 0 0 1 1 1 1 0 1 1 0 1 0 0 0
600	2	 1 1 1 1 1 0 1 0 0 1 0 1 0 0 1 0 0 0 0 0
600	3	 1 1 1 1 0 1 0 1 0 1 0 1 0 1 1 1 0 0 0 0
600	2	 1 1 1 1 0 1 0 1 0 0 1 0 1 0 1 0 0 0 0 0
600	3	 1 1 1 1 0 1 0 1 1 1 1 0 0 0 1 1 0 0 0 0
600	1	 1 1 1 1 0 1 0 0 0 1 0 0 0 0 1 1 0 0 0 0
600	1	 1 1 1 1 0 1 1 1 0 1 0 0 1 0 1 1 0 0 1 0
600	1	 1 1 1 0 0 1 0 0 0 1 1 1 0 1 1 0 1 0 0 0
700	49	 1 1 1 1 0 1 0 1 0 1 0 1 0 0 1 0 0 0 0 0
700	36	 1 1 1 1 0 1 1 1 1 1 1 0 0 0 1 0 0 0 0 0
700	49	 1 1 1 1 0 1 0 1 0 1 0 1 0 0 1 1 0 0 0 0
700	49	 1 1 1 1 0 1 0 1 0 1 0 1 0 0 0 0 0 0 0 0
700	20	 1 1 1 1 0 1 0 0 1 1 1 0 1 0 1 0 0 0 0 0
700	28	 1 1 1 1 0 1 0 1 0 1 0 0 0 1 0 0 0 0 0 0
700	10	 1 1 1 1 0 1 0 1 0 1 0 1 0 0 0 1 0 0 0 0
700	18	 1 1 1 1 0 1 1 1 1 0 1 0 0 0 1 0 0 0 0 0
700	16	 1 1 1 1 0 1 0 0 1 1 0 0 0 1 1 0 0 1 0 0
700	23	 1 1 1 1 0 1 0 1 0 0 0 1 0 0 1 1 0 0 0 0
700	16	 1 1 1 1 0 1 0 1 0 1 0 0 0 0 1 0 0 0 0 0
700	24	 1 1 1 1 0 1 0 1 0 1 0 0 0 1 0 1 0 0 0 0
700	1	 1 1 0 1 0 1 0 1 0 1 0 1 0 0 0 0 0 0 0 0
700	34	 1 1 1 1 1 1 0 1 1 1 1 1 0 0 1 0 0 0 0 0
700	7	 1 1 1 1 0 1 1 1 1 0 1 1 1 0 0 1 0 0 0 1
700	13	 1 1 1 1 0 0 0 1 0 1 0 1 0 0 0 1 0 0 0 0
700	8	 1 1 1 1 0 0 0 1 0 1 0 1 0 0 0 0 0 0 0 0
700	5	 1 1 1 1 0 1 0 1 0 1 0 1 0 0 0 1 1 0 0 0
700	7	 1 1 1 1 0 1 0 1 1 1 1 1 0 0 1 0 0 0 0 0
700	13	 1 1 1 1 0 1 0 1 1 1 0 1 0 0 0 1 0 0 0 0
700	40	 1 1 1 1 0 1 0 1 0 1 0 0 0 0 1 1 0 0 0 0
700	52	 1 1 1 1 0 1 0 1 0 0 0 1 0 0 0 0 0 0 0 0
700	2	 1 1 1 1 1 1 0 1 0 1 0 1 0 0 0 0 0 0 0 0
700	1	 1 1 0 1 0 1 0 1 0 1 0 0 0 1 0 0 0 0 0 0
700	11	 0 1 1 1 0 1 1 0 1 0 1 0 1 0 1 1 0 0 0 0
700	3	 1 1 1 1 0 1 1 1 0 1 0 1 0 0 0 1 0 0 0 0
700	25	 1 1 1 1 0 1 1 1 1 0 1 1 0 0 1 1 0 0 0 0
700	12	 1 1 1 1 0 1 0 1 1 1 0 0 0 1 1 1 0 0 0 0
700	17	 1 1 1 1 0 1 1 1 0 1 0 0 0 0 1 1 0 0 0 0
700	58	 1 1 1 1 0 1 0 1 0 1 1 1 0 0 0 0 0 0 0 0
700	3	 1 0 1 1 0 1 0 1 0 1 0 0 0 0 1 0 0 0 0 0
700	4	 1 0 1 1 0 1 0 0 1 1 0 0 0 1 1 0 0 1 0 0
700	2	 1 1 1 1 0 1 0 0 1 1 1 1 0 0 1 0 0 0 1 0
700	7	 1 1 1 1 0 1 0 1 0 1 0 0 0 0 1 1 0 1 0 0
700	10	 1 1 1 1 0 1 1 1 1 0 1 1 1 0 0 1 0 0 0 0
700	1	 1 1 1 1 0 1 0 1 0 1 1 1 0 0 1 1 0 0 0 0
700	8	 1 1 1 1 0 1 1 1 1 0 1 1 0 0 1 0 0 0 0 0
700	2	 1 1 1 0 0 1 0 1 0 1 0 0 0 1 0 1 0 0 0 0
700	2	 1 1 1 1 0 1 0 0 0 1 1 0 0 1 0 0 0 0 0 0
700	12	 1 1 1 1 0 1 0 1 0 1 0 1 0 0 1 0 0 0 0 1
700	10	 1 1 1 1 0 1 0 0 0 1 0 0 0 1 1 0 0 1 0 0
700	11	 1 1 1 1 0 1 0 1 0 1 0 1 0 0 1 0 0 1 0 0
700	4	 1 1 1 1 0 1 1 0 1 0 0 1 0 0 0 0 0 0 1 0
700	8	 1 1 1 1 1 1 0 1 0 1 1 1 1 0 1 0 0 0 0 0
700	4	 1 0 1 1 0 1 0 0 1 1 0 0 0 0 1 1 0 0 1 0
700	1	 1 1 1 1 0 1 0 1 1 1 1 0 0 0 1 0 0 0 0 0
700	3	 1 1 1 1 0 1 0 1 1 0 1 0 0 0 1 0 0 0 0 0
700	4	 1 1 1 1 0 1 0 0 1 1 1 1 0 0 0 1 0 0 0 0
700	1	 1 1 1 1 0 1 0 1 1 1 1 0 0 0 0 1 0 0 1 0
700	8	 1 0 1 1 0 1 0 1 0 1 0 1 0 0 0 1 0 0 0 0
700	5	 1 1 1 1 0 1 0 1 0 1 1 1 0 0 1 0 0 0 0 0
700	6	 1 1 1 1 0 1 0 1 0 1 1 0 0 0 1 0 0 0 0 0
700	1	 0 1 1 1 1 1 1 0 1 0 1 0 1 0 1 1 0 0 0 0
700	5	 1 1 1 1 0 1 1 1 0 1 0 1 0 0 0 0 0 0 0 0
700	6	 0 1 1 1 0 1 0 1 0 1 1 1 0 0 0 0 0 0 0 0
700	5	 1 1 1 1 0 1 0 1 0 1 0 1 0 0 0 0 0 1 0 0
700	7	 1 1 1 1 1 1 0 1 0 1 0 0 0 1 0 0 0 0 0 0
700	10	 1 1 1 1 0 1 1 1 0 0 1 1 1 0 0 1 0 0 0 1
700	15	 1 1 1 1 0 0 0 1 1 1 0 1 0 1 1 0 0 0 0 0
700	4	 1 1 1 1 0 0 0 1 1 0 1 0 0 1 1 0 0 0 0 0
700	4	 1 1 1 1 1 1 0 1 1 1 1 1 0 0 0 0 1 0 0 0
700	1	 1 0 1 1 0 1 0 1 0 1 1 1 0 0 0 0 0 0 0 0
700	2	 1 1 1 1 0 1 1 1 1 1 1 1 1 0 0 1 0 0 0 0
700	14	 1 1 0 1 0 1 0 1 0 1 0 1 0 0 1 1 0 0 0 0
700	3	 1 1 1 1 0 1 1 1 1 0 0 0 0 0 1 1 0 0 0 0
700	3	 0 1 1 1 1 1 0 1 0 1 0 1 0 0 0 0 0 0 0 0
700	2	 1 1 1 1 0 1 0 0 1 1 1 1 1 0 1 0 0 0 0 0
700	2	 1 1 1 1 0 1 0 1 0 0 0 1 0 0 0 0 0 1 0 0
700	8	 1 1 1 1 1 1 0 0 1 1 0 1 0 1 1 0 0 1 0 0
700	3	 0 1 1 0 0 1 0 1 0 1 0 1 0 0 1 1 0 0 0 0
700	2	 1 0 1 1 0 1 0 1 0 1 0 0 0 1 0 0 0 0 0 0
700	2	 1 1 1 1 0 1 0 1 0 1 0 0 0 0 0 0 0 0 0 0
700	1	 1 1 1 1 0 1 1 0 1 0 0 1 0 0 1 0 0 0 0 0
700	3	 1 1 1 1 1 1 0 1 0 1 0 1 0 0 1 0 0 0 0 0
700	4	 1 1 0 1 0 0 0 1 0 1 0 1 0 0 0 1 0 0 0 0
700	7	 1 1 1 1 0 1 0 1 1 1 0 1 0 0 0 1 1 0 0 0
700	2	 1 0 1 1 0 1 0 1 0 1 0 0 0 0 1 1 0 0 0 0
700	4	 0 1 1 1 1 1 0 1 1 1 1 1 0 0 0 1 0 0 0 0
700	7	 1 1 1 1 1 1 0 1 0 1 0 0 0 0 1 0 0 0 0 0
700	2	 1 1 1 1 0 1 0 1 0 1 1 1 0 0 0 0 0 0 0 1
700	1	 1 1 1 0 0 0 1 1 1 0 1 1 1 0 0 1 0 0 0 0
700	3	 1 1 1 1 0 1 0 0 0 1 0 0 0 0 1 1 0 1 0 0
700	4	 1 1 1 1 0 1 0 1 0 1 1 0 1 0 1 0 0 0 0 0
700	6	 1 1 1 1 0 1 0 1 1 0 1 0 0 0 1 0 0 0 1 0
700	9	 1 0 1 1 0 1 0 0 1 1 1 1 0 0 0 1 0 0 0 0
700	2	 1 1 1 1 0 1 0 1 0 1 1 1 0 1 0 0 1 0 0 0
700	3	 1 1 1 1 0 1 1 1 1 0 1 0 0 0 1 1 0 0 0 0
700	3	 1 1 0 1 0 1 0 1 0 1 0 0 0 0 1 1 0 0 0 0
700	1	 1 1 1 0 0 1 0 0 1 1 0 0 0 1 1 0 0 1 0 0
700	1	 1 1 1 1 1 1 0 1 1 1 0 1 0 0 0 0 0 0 0 0
700	6	 1 1 1 0 0 1 0 1 1 1 1 0 0 0 0 1 0 0 0 0
700	2	 1 1 1 1 0 1 0 1 0 1 0 1 0 0 0 1 0 1 0 0
700	1	 0 1 1 1 0 0 0 1 0 1 0 1 0 0 0 1 0 0 0 0
700	1	 1 1 1 1 0 0 0 1 0 1 0 0 0 0 1 1 0 0 0 0
700	5	 1 1 1 1 0 1 0 1 1 1 0 1 0 1 1 1 0 0 0 0
700	3	 1 1 1 1 0 1 0 0 1 1 1 1 0 0 1 0 1 0 1 0
700	4	 1 0 1 1 0 1 1 1 1 0 1 1 1 0 0 1 0 0 0 0
700	2	 1 1 1 1 1 0 0 1 1 1 0 1 0 1 1 0 0 0 0 0
700	2	 1 0 1 1 1 1 0 1 0 1 0 0 0 0 1 0 0 0 0 0
700	1	 1 1 1 1 0 0 0 0 1 1 1 0 1 0 1 0 0 0 0 0
700	1	 1 1 1 1 0 1 0 1 0 1 0 0 0 1 0 1 1 0 0 0
700	4	 1 1 1 1 0 1 0 1 0 0 0 1 0 0 0 0 0 0 1 0
700	2	 1 1 1 1 0 1 0 0 0 1 1 1 0 0 0 0 0 0 0 0
700	5	 1 1 1 1 0 1 0 1 0 1 1 1 0 0 0 0 1 0 0 0
700	2	 0 0 1 1 1 1 0 1 1 1 1 1 0 0 1 1 0 0 0 0
700	2	 1 1 1 1 0 1 0 1 0 1 1 1 0 0 1 0 0 0 1 0
700	2	 1 1 1 1 1 1 0 1 1 1 0 1 0 0 0 1 0 0 0 0
700	3	 1 1 1 1 0 1 0 1 0 1 0 1 0 1 1 1 0 0 0 0
700	1	 1 1 0 1 0 1 0 1 0 1 0 0 0 0 1 0 0 1 0 0
700	3	 1 1 1 1 0 1 0 0 1 1 0 0 0 0 1 1 0 0 1 0
700	3	 1 1 1 1 0 1 0 1 0 1 0 1 0 1 1 0 0 0 0 0
700	2	 1 1 1 1 0 1 0 1 0 1 0 1 0 0 1 0 0 0 1 0
700	4	 1 1 0 1 0 1 1 1 1 0 1 0 0 0 1 0 0 0 0 0
700	1	 1 1 1 1 0 1 1 1 0 0 0 0 0 0 1 1 0 0 0 0
700	2	 1 1 1 1 0 1 0 1 0 1 1 1 0 0 0 1 0 0 0 0
700	1	 1 1 1 1 0 1 0 0 0 1 0 1 0 0 1 0 0 0 0 1
700	2	 1 1 1 1 0 1 0 1 1 1 0 1 0 0 0 0 0 1 0 0
700	1	 1 1 1 1 1 1 0 1 0 1 0 0 0 1 0 1 0 0 0 0
700	1	 1 0 1 1 0 1 1 1 0 0 1 1 1 0 0 1 0 0 0 1
700	1	 0 1 1 1 1 1 0 0 0 1 0 1 0 0 0 0 0 0 0 0
700	4	 0 0 1 1 1 1 0 1 0 1 0 1 0 0 0 0 0 0 0 0
700	1	 1 1 1 1 1 1 0 0 1 1 0 1 0 1 1 0 0 1 1 0
800	58	 1 1 1 1 0 1 0 1 0 1 0 1 0 0 1 0 0 0 0 0
800	9	 1 1 1 1 0 1 0 1 0 1 0 1 0 0 0 0 0 0 0 0
800	43	 1 1 1 1 0 1 0 1 0 1 0 0 0 1 0 0 0 0 0 0
800	85	 1 1 1 1 0 1 0 1 0 0 0 1 0 0 1 1 0 0 0 0
800	14	 1 1 1 1 0 1 1 1 1 0 1 1 0 0 1 1 0 0 0 0
800	10	 1 1 1 1 0 1 1 1 1 0 1 1 0 0 1 0 0 0 0 0
800	24	 1 1 1 1 0 0 0 1 1 0 1 0 0 1 1 0 0 0 0 0
800	27	 1 1 1 1 0 1 0 0 0 1 0 1 0 0 1 0 0 0 0 0
800	5	 1 1 1 1 0 1 1 1 1 0 0 1 0 0 0 0 0 0 0 0
800	16	 1 1 1 1 0 1 0 0 0 1 0 1 0 0 0 0 0 0 0 0
800	1	 1 0 1 1 0 1 0 1 0 1 0 0 1 0 1 0 0 0 0 0
800	3	 1 1 1 1 0 1 1 1 0 0 0 1 0 0 1 0 0 0 0 0
800	5	 1 1 1 1 1 1 0 1 0 1 0 0 0 0 0 0 0 1 0 0
800	18	 1 1 1 1 0 1 0 1 0 1 0 0 1 0 1 0 0 0 0 0
800	40	 1 1 1 1 0 1 0 1 0 0 0 0 0 0 1 0 0 0 0 0
800	19	 1 1 1 1 0 1 1 1 1 0 1 1 1 0 1 0 0 0 0 0
800	29	 0 1 1 1 0 1 0 1 0 0 0 1 0 0 1 1 0 0 0 0
800	24	 1 1 1 1 0 1 0 1 0 1 0 1 0 0 1 1 0 0 0 0
800	23	 1 1 1 1 0 1 1 1 0 1 0 1 0 0 0 0 0 0 0 0
800	3	 1 0 1 1 0 1 0 1 0 1 0 0 0 0 1 0 0 0 0 0
800	2	 1 1 1 1 1 1 0 1 0 0 0 0 0 0 0 1 0 0 0 0
800	8	 0 1 1 1 0 1 1 0 0 1 0 0 0 1 0 0 0 0 0 0
800	10	 1 0 1 1 0 1 0 1 0 0 0 0 0 0 1 0 0 0 0 0
800	1	 0 1 1 1 0 1 0 1 0 0 1 0 0 0 1 0 0 0 0 0
800	3	 1 1 1 1 1 1 0 0 0 1 0 0 0 0 0 1 0 1 0 0
800	2	 1 1 1 1 0 1 1 1 0 1 0 1 0 0 1 0 1 0 0 0
800	4	 1 1 0 1 0 1 1 1 1 1 1 1 0 0 1 0 0 0 0 0
800	3	 1 1 0 1 0 1 1 1 0 1 0 0 0 1 0 0 0 0 0 0
800	24	 1 1 1 1 1 1 0 1 0 1 0 0 0 1 0 0 0 0 0 0
800	3	 1 1 1 1 0 0 0 1 0 0 0 1 0 0 1 1 0 0 0 0
800	19	 1 1 1 1 0 0 0 1 0 1 1 1 0 0 1 0 0 0 0 0
800	43	 1 1 1 1 0 1 1 0 0 0 0 1 0 0 1 0 0 0 0 0
800	2	 1 1 1 1 0 1 0 0 0 1 0 1 0 1 1 0 0 0 0 0
800	7	 1 1 1 1 0 1 0 1 0 1 1 0 0 1 0 0 0 0 0 0
800	2	 1 0 1 1 1 1 0 1 0 1 0 1 0 0 1 0 0 0 0 0
800	2	 1 1 1 1 0 1 0 1 0 0 1 0 0 0 1 0 0 0 0 0
800	2	 1 1 1 0 0 1 1 1 1 1 1 1 0 0 0 0 0 1 0 0
800	2	 1 1 1 1 0 0 0 1 0 1 0 0 0 0 1 0 0 0 0 0
800	40	 1 1 1 1 0 1 1 1 0 1 0 1 0 0 1 0 0 0 0 1
800	19	 1 1 1 1 0 1 0 1 0 0 0 1 0 0 1 1 1 1 0 0
800	8	 1 1 1 1 0 1 1 1 1 1 0 0 0 0 1 1 0 0 0 0
800	4	 1 1 1 1 1 1 0 0 0 1 0 0 0 0 1 0 0 0 0 0
800	11	 1 1 1 1 0 1 0 1 0 1 0 0 0 0 0 0 0 0 0 0
800	1	 1 1 1 1 0 1 0 1 0 0 0 0 1 0 1 0 0 0 0 0
800	14	 1 1 1 1 0 0 0 1 1 0 1 0 0 0 0 1 0 0 0 0
800	8	 1 1 1 1 0 0 0 0 0 1 0 1 0 0 1 0 0 0 0 0
800	1	 1 1 0 1 0 1 0 1 0 1 0 0 0 0 1 0 0 0 0 0
800	7	 1 1 1 1 0 1 0 1 0 0 1 1 0 0 1 1 0 0 0 0
800	1	 1 1 1 1 0 1 0 1 1 0 0 1 0 0 1 1 0 0 0 0
800	2	 1 1 1 1 0 1 1 1 1 1 1 1 0 0 1 0 0 0 0 0
800	7	 1 1 0 1 0 1 1 1 0 1 1 1 1 0 1 0 0 0 0 0
800	10	 1 1 1 1 0 1 0 0 0 1 0 1 0 0 1 1 0 0 0 0
800	6	 1 1 1 1 0 1 0 0 0 1 0 0 0 0 1 0 0 0 0 0
800	5	 1 1 1 1 0 1 0 1 0 0 0 0 1 0 0 0 0 0 0 1
800	10	 1 1 1 1 1 1 1 1 1 1 0 0 0 0 1 1 0 0 0 0
800	4	 1 1 1 1 0 0 0 1 0 0 0 0 0 0 1 0 0 0 0 0
800	4	 1 1 0 1 0 1 1 1 1 0 1 1 0 0 1 1 0 0 0 0
800	2	 1 1 1 0 0 1 0 1 0 1 0 1 0 0 1 1 0 0 0 0
800	3	 1 0 1 1 0 0 0 1 0 1 0 0 1 0 1 0 1 0 1 0
800	10	 1 1 1 1 0 1 0 1 0 0 0 1 0 0 0 0 0 0 0 0
800	4	 1 1 1 1 1 1 0 1 0 1 0 1 0 0 0 0 0 0 0 0
800	9	 1 1 1 0 0 1 0 1 0 0 0 1 0 0 1 1 0 0 0 0
800	1	 1 1 1 1 0 0 0 1 1 0 1 0 0 1 0 1 0 0 1 0
800	3	 1 1 1 1 0 1 1 1 1 1 0 0 0 1 0 0 0 0 0 0
800	7	 1 1 1 1 0 1 0 0 0 0 1 1 0 0 1 1 0 1 0 0
800	10	 1 1 1 1 1 0 0 1 1 0 0 0 1 0 1 0 0 0 0 0
800	5	 1 0 1 1 0 1 0 1 0 0 0 0 0 0 1 0 0 1 0 0
800	4	 1 1 1 1 0 1 0 1 1 0 1 1 1 0 1 1 0 1 1 0
800	1	 1 0 1 1 0 1 0 0 0 1 0 0 0 0 1 0 0 0 0 0
800	2	 1 1 0 1 0 1 1 0 0 0 0 1 0 0 1 0 0 0 0 0
800	5	 1 1 1 1 0 1 1 1 1 0 0 1 0 0 1 1 0 0 0 0
800	3	 1 1 1 1 0 0 0 1 1 0 1 0 1 1 1 0 0 0 0 0
800	12	 1 1 1 1 0 0 0 1 0 1 1 1 0 0 1 0 0 0 1 0
800	1	 0 1 1 1 0 1 1 1 0 1 0 1 0 0 1 1 0 0 0 1
800	3	 1 0 1 1 1 1 0 1 0 1 0 0 0 0 1 1 0 0 0 0
800	3	 1 1 1 1 0 1 0 1 0 1 0 0 0 1 0 0 1 0 0 0
800	1	 1 1 1 1 0 1 0 1 0 0 0 1 0 0 1 1 0 0 0 1
800	5	 1 1 1 1 0 1 0 0 0 1 1 1 0 0 1 0 0 0 0 0
800	10	 1 1 0 1 0 1 1 1 0 1 0 0 1 0 1 0 0 0 0 0
800	1	 0 1 1 1 0 1 1 0 0 1 1 0 0 1 0 0 0 0 0 0
800	5	 1 1 1 1 0 1 0 1 0 1 1 0 0 1 0 1 0 0 0 0
800	2	 1 1 1 1 0 1 1 1 0 0 0 0 1 0 0 0 0 0 0 1
800	5	 1 0 1 1 1 1 0 1 0 0 0 0 0 0 1 0 0 0 0 0
800	4	 1 1 1 1 0 1 0 1 0 0 0 0 0 0 0 1 0 0 0 0
800	9	 1 1 0 1 0 1 1 1 1 1 0 0 0 0 1 1 0 0 0 0
800	1	 1 1 1 1 0 0 0 0 0 1 0 1 0 0 0 0 0 0 0 0
800	2	 1 1 1 1 0 1 0 1 0 1 0 1 1 0 1 0 0 0 0 0
800	2	 1 1 0 1 0 1 1 1 1 0 1 1 0 0 1 0 0 0 0 0
800	3	 1 1 1 1 0 1 0 0 1 1 0 1 0 0 1 0 0 0 0 0
800	2	 1 1 0 1 0 1 1 1 1 1 1 1 0 1 1 0 0 0 0 0
800	5	 1 0 1 1 0 1 0 1 0 1 0 0 1 0 1 0 1 0 0 1
800	4	 1 1 1 1 0 1 0 1 0 1 0 0 0 0 1 0 1 0 0 0
800	9	 1 1 1 1 0 1 1 1 1 1 0 0 0 0 0 0 0 0 0 0
800	3	 0 1 1 1 0 1 1 0 0 1 1 1 0 0 1 1 0 1 0 0
800	1	 1 1 1 1 0 1 0 1 0 1 0 0 0 1 0 0 0 0 0 1
800	2	 1 0 1 1 0 1 0 1 0 0 0 0 0 0 1 0 0 0 1 0
800	1	 1 1 0 0 0 1 1 1 1 1 1 1 0 0 1 0 0 0 0 0
800	3	 1 0 0 1 0 1 1 1 1 0 1 1 0 0 1 1 0 0 0 0
800	3	 0 1 1 1 1 0 0 1 1 0 0 0 1 0 1 0 0 0 0 0
800	1	 1 1 1 0 0 1 0 1 0 0 0 1 0 0 1 1 0 0 0 1
800	2	 1 1 1 1 0 0 0 1 1 0 1 0 0 0 1 0 0 0 0 0
800	2	 1 1 1 0 0 1 1 1 1 0 1 1 0 0 1 1 0 0 0 0
800	4	 1 1 1 1 0 1 1 1 1 0 1 1 1 0 1 0 0 0 0 1
800	1	 1 1 1 1 0 1 0 1 0 1 0 0 0 0 1 1 0 0 0 0
800	5	 1 1 1 1 0 1 1 1 1 1 0 1 0 0 0 0 0 0 0 0
800	1	 1 1 1 1 0 0 0 1 0 1 0 1 0 0 0 0 0 0 0 0
800	4	 1 1 1 1 1 1 0 1 0 1 0 0 0 0 0 0 0 0 0 0
800	1	 1 1 1 1 0 1 1 0 0 0 0 0 1 0 1 0 0 0 0 0
800	2	 1 1 1 1 0 0 0 1 1 1 0 1 0 0 1 0 0 0 0 1
800	2	 1 1 1 1 1 0 0 1 0 1 0 1 0 0 0 0 0 0 0 0
800	1	 1 1 1 1 0 1 0 1 0 1 0 1 0 1 1 0 0 0 0 0
800	1	 1 1 1 0 0 1 0 1 0 1 0 0 0 1 0 0 0 0 0 0
800	7	 1 1 1 1 0 1 0 1 0 0 0 1 0 0 1 0 0 0 0 0
800	2	 1 1 1 1 0 0 0 1 1 0 1 0 0 1 1 0 0 1 0 0
800	1	 1 1 1 1 0 1 0 1 0 0 0 0 0 0 1 0 1 0 0 0
800	4	 0 1 1 1 0 1 0 1 0 0 0 1 0 1 1 1 0 0 0 0
800	2	 1 1 1 1 0 0 0 1 0 1 1 1 0 1 1 0 0 0 0 0
800	2	 1 1 1 1 0 1 1 0 0 0 0 1 0 0 1 0 0 1 0 0
800	1	 1 1 1 1 0 1 0 1 0 0 1 0 1 0 1 0 0 0 0 0
800	1	 1 1 1 1 0 1 1 1 0 1 0 1 0 0 1 1 0 0 0 1
800	2	 1 1 1 1 1 1 0 0 0 1 0 0 0 0 1 0 0 0 0 1
800	1	 1 1 1 1 1 1 0 0 0 1 0 0 1 0 1 0 0 0 0 0
800	1	 0 1 1 1 1 1 1 1 1 1 0 0 0 0 1 1 0 0 0 0
800	2	 1 1 1 1 0 0 0 1 0 0 0 0 0 0 1 0 0 0 0 1
800	3	 1 1 1 1 0 1 0 1 0 0 1 0 0 1 1 0 0 0 0 0
800	2	 1 1 1 1 0 0 0 1 1 0 0 1 0 0 1 1 0 0 0 0
800	2	 1 1 1 1 0 1 0 1 0 1 0 0 0 0 1 0 0 0 0 0
800	2	 1 1 1 1 1 1 1 0 0 1 1 1 0 0 1 1 0 1 0 0
800	3	 1 1 1 1 0 1 0 1 0 1 0 1 0 1 0 0 0 0 0 0
800	3	 1 1 1 1 0 1 0 1 0 0 0 1 0 0 1 1 0 1 0 0
800	1	 1 0 1 1 0 1 1 1 0 1 0 0 0 0 1 0 0 0 0 0
800	1	 1 1 1 1 0 1 1 1 0 1 0 0 0 0 1 1 0 0 0 0
800	1	 1 1 1 1 0 1 0 1 1 1 0 0 0 1 0 0 0 0 0 0
800	1	 1 1 1 1 0 1 0 1 0 1 1 1 0 1 0 1 0 0 0 0
900	74	 1 1 1 1 0 1 0 1 0 1 0 1 0 0 1 0 0 0 0 0
900	77	 1 1 1 1 0 1 0 1 0 0 0 1 0 0 1 1 0 0 0 0
900	27	 1 1 1 1 0 1 0 1 1 0 0 1 0 0 1 1 0 0 1 0
900	6	 1 1 1 1 0 1 0 1 0 0 0 1 0 0 0 1 0 0 0 0
900	34	 1 1 1 1 0 1 1 1 0 0 0 0 1 0 1 0 0 0 0 0
900	3	 1 1 1 1 0 1 0 1 1 0 0 1 0 1 1 1 0 0 1 0
900	97	 1 1 1 1 0 1 0 1 0 0 0 1 0 0 1 0 0 0 0 0
900	12	 1 1 1 1 0 1 0 1 0 1 0 0 0 1 1 0 0 0 0 0
900	3	 1 1 1 0 0 1 0 1 0 0 0 0 0 0 1 0 0 0 0 0
900	8	 1 1 1 1 0 1 0 1 0 1 0 0 0 0 0 0 0 0 0 0
900	9	 1 1 1 1 0 1 0 0 0 1 0 0 0 0 1 0 0 0 0 0
900	25	 1 1 1 1 0 1 0 1 0 0 0 1 0 0 1 1 1 0 1 0
900	1	 1 1 1 1 0 0 0 1 0 1 0 0 0 0 0 0 0 0 0 0
900	22	 1 1 1 0 1 1 0 1 0 0 0 1 0 0 1 0 0 0 0 0
900	21	 1 1 1 0 0 1 0 1 0 0 0 1 1 0 1 0 0 0 0 0
900	3	 1 1 1 1 1 1 0 1 0 0 0 1 0 0 1 1 1 0 0 0
900	16	 1 1 1 1 0 0 0 1 0 0 0 1 1 0 1 0 0 0 0 0
900	22	 1 1 1 1 0 1 0 1 0 0 0 1 0 0 1 0 0 0 1 1
900	43	 1 1 1 1 0 1 1 1 0 0 0 1 1 1 0 0 0 0 0 0
900	4	 1 1 1 0 0 1 1 1 0 1 0 1 1 0 1 0 0 0 0 0
900	27	 1 1 1 1 0 1 1 1 0 0 0 1 1 0 1 0 0 0 0 0
900	20	 1 1 1 1 0 1 0 1 0 0 0 0 0 0 0 0 0 0 0 0
900	36	 1 1 1 1 0 1 1 1 0 0 0 0 1 0 0 0 0 0 0 0
900	1	 1 1 1 1 0 1 1 1 0 0 0 0 1 0 0 0 0 0 1 0
900	17	 1 1 1 1 0 1 0 1 0 0 0 1 0 0 1 1 0 1 0 0
900	19	 1 1 1 1 1 1 1 1 0 0 0 1 0 0 1 1 1 0 0 0
900	19	 1 1 1 1 0 1 0 1 0 0 0 1 1 0 1 1 0 0 0 0
900	4	 1 1 0 1 0 1 1 1 0 0 0 1 0 0 1 1 0 0 0 0
900	5	 1 1 1 1 0 1 0 1 0 0 0 1 1 1 0 0 0 0 0 0
900	7	 1 1 1 1 0 1 0 1 0 0 0 1 0 1 0 1 0 0 0 1
900	2	 1 1 1 1 0 1 0 1 0 1 0 1 0 0 1 0 0 0 0 1
900	1	 1 1 1 1 0 1 1 1 0 0 0 0 1 1 1 1 0 0 0 1
900	26	 1 1 1 0 0 1 0 1 0 0 0 0 0 0 1 0 0 0 0 1
900	3	 1 1 1 0 0 1 1 1 0 1 0 0 0 0 1 0 0 0 0 0
900	3	 1 1 1 0 0 1 1 1 1 0 0 1 0 0 1 1 0 0 1 0
900	17	 1 1 1 1 0 1 0 0 0 0 0 1 0 0 0 1 0 0 0 0
900	3	 1 1 1 1 0 1 0 1 0 1 1 0 0 1 0 1 0 0 0 1
900	15	 1 1 1 0 0 1 0 1 0 0 0 1 0 0 1 0 0 0 0 0
900	16	 1 1 1 1 0 1 1 1 0 0 0 0 0 0 0 0 0 0 0 0
900	1	 1 1 1 1 0 1 0 1 0 1 0 0 1 0 0 0 0 0 0 1
900	12	 0 1 1 1 0 1 0 1 0 1 0 0 0 0 0 0 0 0 0 0
900	5	 1 1 1 1 0 1 0 1 0 0 0 1 1 0 1 0 0 0 0 0
900	15	 1 1 1 1 0 1 1 1 0 0 0 1 0 1 0 1 0 0 0 1
900	11	 1 1 1 0 0 1 0 1 0 0 0 0 0 0 1 0 0 0 1 0
900	3	 1 1 0 1 0 1 1 0 0 0 0 1 0 0 1 1 0 0 0 0
900	3	 1 1 1 0 0 1 0 0 1 1 0 1 1 0 1 1 0 0 0 0
900	1	 1 1 1 1 0 1 1 1 0 0 1 1 0 0 1 0 0 0 0 0
900	14	 1 1 1 1 1 1 0 1 1 0 0 1 0 0 1 0 0 0 0 0
900	13	 1 1 1 1 1 1 0 0 0 0 0 1 0 0 1 0 0 0 0 0
900	2	 1 1 1 1 0 1 0 1 0 0 0 1 0 0 1 1 0 0 0 1
900	2	 1 1 1 1 0 1 0 0 0 0 0 1 0 0 1 1 0 0 0 0
900	5	 1 1 1 1 0 1 0 1 0 0 0 0 0 0 1 0 1 0 0 0
900	5	 1 1 1 1 0 1 0 0 0 0 0 1 1 0 1 1 0 0 0 0
900	2	 1 1 1 0 0 1 0 0 0 0 0 1 0 1 1 1 0 0 0 1
900	5	 1 1 1 1 0 1 1 1 0 0 0 1 0 0 1 1 0 0 0 0
900	4	 1 1 1 1 0 1 0 0 0 1 1 1 0 1 1 0 0 0 1 0
900	6	 1 1 1 0 0 1 0 1 0 0 0 1 0 1 0 1 0 0 0 1
900	4	 1 0 1 1 0 1 0 1 0 0 0 1 0 0 0 1 0 0 0 0
900	2	 0 1 1 1 0 1 0 1 1 0 0 1 0 1 1 1 0 0 1 0
900	7	 1 1 1 1 0 1 1 1 0 0 0 1 1 0 1 1 0 0 0 0
900	1	 1 1 1 1 0 1 0 1 0 1 0 0 0 0 1 0 0 0 0 0
900	5	 1 0 1 1 0 1 0 1 0 1 0 1 0 0 1 0 0 0 0 0
900	4	 1 1 1 1 0 1 1 1 0 0 0 0 1 1 1 0 0 0 0 0
900	8	 1 1 1 1 0 1 0 1 0 1 0 0 0 1 1 0 1 0 0 0
900	2	 1 1 1 1 0 1 0 0 0 0 1 0 0 0 0 0 0 0 0 0
900	3	 1 1 1 1 0 1 0 1 0 0 0 1 0 0 1 0 0 0 1 0
900	5	 1 1 1 1 1 1 1 1 0 0 0 0 0 0 0 0 0 0 0 0
900	3	 1 1 0 1 0 1 1 0 0 1 0 1 0 0 1 1 0 0 0 0
900	1	 1 1 1 1 0 1 0 1 0 0 0 1 0 0 1 1 1 0 0 0
900	6	 1 1 1 1 0 1 1 1 0 0 0 1 1 0 0 1 0 0 0 0
900	1	 1 0 1 1 0 1 0 1 0 1 0 0 1 0 0 0 0 0 1 0
900	1	 1 1 1 0 0 1 0 1 1 0 0 0 0 0 1 0 0 0 1 0
900	3	 1 1 1 1 0 1 1 1 0 0 0 0 0 0 1 0 0 0 0 0
900	1	 1 1 1 1 0 1 1 1 0 1 0 1 0 0 1 0 0 0 0 0
900	3	 1 1 1 1 0 1 1 1 0 0 0 0 1 0 1 0 0 0 1 0
900	3	 1 1 0 0 0 1 1 1 0 1 0 1 1 0 1 0 0 0 0 0
900	1	 1 0 1 1 0 1 1 1 1 0 0 1 0 1 1 1 0 0 1 0
900	3	 1 1 1 1 0 1 0 1 0 0 0 1 0 0 1 1 0 0 1 0
900	5	 1 1 1 1 0 1 1 1 0 0 0 1 1 0 0 0 0 0 0 0
900	1	 1 1 1 1 0 1 1 1 0 0 0 0 1 0 0 0 0 0 1 1
900	4	 1 1 0 1 0 1 0 1 0 0 0 1 0 0 1 1 0 0 0 0
900	3	 0 1 1 1 0 1 0 1 0 1 0 1 0 0 1 0 0 0 0 0
900	1	 1 0 1 1 0 0 0 1 0 1 0 0 0 0 0 0 0 0 0 0
900	1	 1 1 1 1 0 1 1 0 0 0 0 1 0 0 1 1 0 0 0 0
900	3	 1 1 1 1 0 1 1 1 0 0 0 1 0 0 1 0 0 0 0 0
900	3	 1 1 1 1 0 1 0 1 0 1 0 1 0 0 1 1 0 0 0 0
900	2	 1 1 0 1 0 1 1 1 0 0 0 1 1 0 1 0 0 0 0 0
900	7	 1 0 1 1 0 1 1 1 0 0 0 0 0 0 0 0 0 0 0 0
900	2	 1 1 1 1 0 1 1 1 0 1 0 1 0 0 1 1 1 0 1 0
900	2	 1 1 1 1 0 1 0 1 0 0 0 1 0 0 1 0 0 0 0 1
900	5	 1 1 1 1 0 1 1 1 0 1 0 0 0 1 1 0 1 0 0 0
900	1	 1 1 1 0 0 1 1 1 1 0 0 1 0 0 1 1 0 0 0 1
900	1	 1 1 0 1 0 1 1 0 0 1 0 1 0 0 1 0 0 0 0 0
900	1	 1 1 1 0 0 1 0 1 0 1 0 1 0 0 1 0 0 0 0 0
900	2	 1 1 1 1 0 1 1 1 0 0 1 0 1 0 1 0 0 0 0 0
900	2	 1 1 1 1 0 1 0 1 0 1 0 0 0 0 0 0 0 0 1 0
900	1	 1 1 1 1 0 1 0 1 1 0 0 0 0 0 0 0 0 0 0 0
900	4	 1 1 1 1 0 1 0 1 0 0 1 1 1 0 1 0 0 0 0 0
900	3	 1 1 1 1 0 1 0 1 0 0 0 1 0 0 0 1 0 0 0 1
900	2	 1 1 1 0 1 1 0 1 0 0 0 1 0 0 1 1 0 0 0 0
900	2	 1 1 1 1 0 1 1 1 0 0 0 1 1 1 0 1 0 0 0 0
900	2	 1 1 1 1 0 1 0 1 0 1 0 1 0 1 1 0 0 0 0 0
900	4	 1 1 1 1 0 1 1 1 0 0 0 0 1 0 1 0 0 1 0 0
900	1	 1 1 1 1 0 1 0 1 0 0 0 1 0 1 1 0 0 0 0 0
900	2	 1 1 1 1 0 1 0 1 1 0 0 1 0 0 1 0 0 0 1 1
900	2	 1 1 1 1 1 1 1 1 0 0 0 0 1 0 0 0 0 0 0 0
900	1	 1 0 1 1 1 1 1 1 0 0 0 1 0 0 1 1 1 0 0 0
900	2	 1 1 0 1 0 1 1 1 1 0 0 1 0 0 1 1 0 0 0 0
900	4	 1 1 1 1 0 1 0 0 1 0 0 1 0 0 0 1 0 0 0 0
1000	26	 1 1 1 1 0 1 0 1 0 1 0 1 0 0 1 0 0 0 0 0
1000	61	 1 1 1 1 0 1 0 1 0 0 0 1 0 0 1 1 0 0 0 0
1000	16	 1 1 1 1 0 1 0 1 0 0 0 1 0 0 1 0 0 0 0 0
1000	13	 1 1 1 1 0 1 0 1 0 0 0 1 0 0 1 1 1 0 1 0
1000	23	 1 1 1 1 0 0 0 1 0 0 0 1 1 0 1 0 0 0 0 0
1000	12	 1 1 1 1 0 1 1 1 0 0 0 1 1 1 0 0 0 0 0 0
1000	15	 1 1 1 1 0 1 0 1 0 0 0 1 1 0 1 1 0 0 0 0
1000	14	 1 1 1 1 0 1 0 0 0 0 0 1 0 0 0 1 0 0 0 0
1000	7	 1 1 1 1 0 1 1 1 0 0 0 1 0 0 1 0 0 0 0 0
1000	4	 1 1 1 1 0 0 1 1 0 0 0 0 1 0 0 0 0 0 0 0
1000	3	 1 1 1 1 0 1 0 1 0 0 0 0 0 0 1 1 0 0 0 0
1000	10	 1 1 1 1 0 1 0 1 0 0 0 0 0 0 0 0 0 0 0 1
1000	84	 1 1 1 1 0 1 1 0 0 0 0 1 0 0 1 0 0 0 0 0
1000	22	 1 1 1 1 0 1 0 1 0 0 0 1 0 0 0 0 0 0 0 0
1000	17	 1 1 1 1 1 1 0 1 1 0 0 1 1 0 1 0 0 0 0 0
1000	10	 1 1 1 1 0 1 1 0 0 0 0 0 1 0 0 0 0 0 0 0
1000	12	 1 1 1 1 0 1 0 0 0 0 0 0 0 1 0 1 0 0 0 0
1000	3	 1 1 1 1 0 1 1 1 0 0 0 1 1 1 0 0 1 0 0 0
1000	35	 1 1 1 1 0 0 0 1 0 0 0 1 0 0 1 0 0 1 0 0
1000	21	 1 1 1 1 0 1 0 1 0 0 0 0 1 0 1 0 0 0 0 0
1000	30	 1 1 1 1 0 1 1 1 1 0 0 0 1 1 0 1 0 0 0 0
1000	18	 1 1 1 1 1 0 0 1 0 0 0 1 1 0 1 0 0 0 0 0
1000	22	 1 1 1 1 0 1 1 1 0 0 0 0 0 0 1 1 0 0 0 0
1000	18	 1 1 1 1 0 0 1 1 0 0 0 1 0 0 1 0 0 0 0 0
1000	4	 1 1 1 1 0 1 1 1 0 1 0 0 0 0 1 1 0 0 0 0
1000	1	 0 1 1 1 0 1 0 1 0 0 0 1 0 0 1 1 1 1 0 0
1000	21	 1 1 1 1 0 1 1 0 0 0 0 0 0 0 1 1 0 0 0 0
1000	2	 1 1 1 1 0 1 1 1 0 0 0 0 1 1 1 1 0 0 0 0
1000	9	 1 1 0 1 0 1 1 0 0 0 0 0 1 0 0 0 1 0 0 0
1000	2	 1 1 1 1 0 1 0 0 1 0 0 0 0 0 0 0 0 0 0 0
1000	6	 1 1 1 1 0 1 0 0 0 0 0 0 0 0 0 1 0 0 0 1
1000	3	 1 1 1 1 0 0 0 1 0 0 0 1 0 0 0 1 0 0 0 0
1000	5	 1 1 1 1 0 1 0 1 0 1 0 0 0 0 1 0 0 0 0 0
1000	2	 1 0 1 1 0 0 0 1 0 0 0 1 1 0 1 0 0 0 0 0
1000	11	 1 1 1 1 1 0 1 1 0 0 0 1 0 0 1 0 0 0 0 0
1000	14	 1 1 1 1 0 0 0 1 0 0 0 1 1 0 0 0 0 0 0 0
1000	6	 1 1 0 1 0 1 1 0 0 0 0 0 1 1 0 1 0 0 0 0
1000	3	 1 1 1 1 0 1 0 1 0 0 0 1 1 0 0 1 0 0 0 1
1000	8	 1 1 1 1 0 1 0 1 0 0 0 1 1 0 1 0 0 1 0 0
1000	1	 1 1 1 1 0 1 0 1 0 0 0 0 0 0 1 0 0 0 0 0
1000	7	 1 1 1 1 0 1 1 1 0 0 0 0 0 1 1 1 0 0 0 0
1000	2	 1 1 1 1 0 1 0 1 0 0 0 0 0 1 0 1 0 0 0 0
1000	4	 1 1 1 1 0 1 0 1 0 0 0 0 1 0 1 0 0 0 0 1
1000	25	 1 1 1 1 0 0 0 0 0 0 0 1 1 0 1 0 0 0 0 0
1000	9	 1 1 1 1 0 1 1 1 0 0 0 1 1 1 0 0 1 0 0 1
1000	3	 1 1 1 1 0 1 1 1 1 0 0 0 0 0 1 1 1 1 0 0
1000	5	 1 1 1 1 0 0 0 1 0 1 0 0 0 0 1 0 0 0 0 0
1000	2	 1 1 1 1 0 0 0 0 0 0 0 1 0 0 1 0 0 0 0 0
1000	15	 1 1 1 1 0 1 0 1 0 0 1 0 0 0 0 0 0 0 0 1
1000	3	 1 1 1 1 0 1 1 0 1 0 0 1 0 0 0 1 1 0 0 0
1000	1	 1 0 1 1 0 1 1 1 0 0 0 1 0 0 1 0 0 0 0 1
1000	1	 1 1 1 1 1 1 0 1 1 0 0 1 1 0 1 0 1 0 0 0
1000	25	 1 1 1 1 0 1 0 0 0 0 0 0 0 1 1 1 0 0 0 0
1000	1	 1 1 1 1 0 1 1 0 0 0 0 0 0 0 1 0 0 0 0 0
1000	9	 1 0 1 1 0 1 0 0 0 0 0 1 0 1 0 1 0 0 0 0
1000	18	 1 1 1 1 0 1 1 1 0 0 0 1 0 0 0 0 0 0 0 0
1000	2	 1 0 1 1 0 1 0 1 0 0 0 1 0 0 1 0 0 0 0 1
1000	13	 1 1 1 1 0 1 0 1 0 1 0 1 1 0 1 0 0 0 0 0
1000	10	 1 1 1 1 0 1 1 1 1 0 0 0 0 0 1 1 0 0 0 0
1000	11	 1 1 1 1 0 0 0 1 0 0 0 1 0 0 1 0 0 0 0 0
1000	7	 1 0 1 1 0 1 1 1 0 0 0 1 1 1 0 0 0 0 0 0
1000	4	 1 1 1 1 0 1 0 0 1 0 0 0 0 0 0 1 0 0 0 0
1000	1	 1 0 1 1 0 1 1 1 0 0 0 0 1 0 1 0 0 0 0 0
1000	10	 1 0 1 1 0 1 0 1 0 0 0 1 0 0 1 0 0 0 0 0
1000	3	 1 1 1 1 0 0 0 1 0 0 0 1 0 0 1 1 0 0 0 0
1000	6	 1 1 1 1 0 1 0 1 0 0 0 1 0 1 1 0 0 0 0 0
1000	4	 1 1 1 1 0 0 0 1 0 0 0 1 1 1 1 0 0 0 0 0
1000	7	 1 1 1 1 1 1 1 0 0 0 0 1 0 0 1 0 0 0 0 0
1000	5	 1 1 1 1 0 0 0 1 0 0 0 1 1 0 1 1 0 0 0 0
1000	7	 1 1 1 1 0 1 0 1 0 0 0 0 1 0 0 0 1 0 0 0
1000	3	 1 1 1 1 0 1 1 1 0 1 0 0 0 0 0 1 0 0 0 0
1000	6	 1 0 1 1 0 0 0 1 0 0 0 1 0 0 0 1 0 0 0 0
1000	3	 1 0 1 1 0 0 1 1 0 0 0 1 0 0 1 0 0 0 0 0
1000	3	 1 1 1 1 0 1 1 0 0 1 0 1 0 0 1 0 0 0 0 1
1000	3	 1 1 1 1 0 1 1 1 1 0 0 0 0 0 1 1 0 0 0 1
1000	8	 1 1 1 1 0 0 0 1 0 0 0 1 0 0 1 0 0 1 1 0
1000	4	 1 1 1 1 0 1 0 1 0 0 0 1 1 1 0 1 0 0 0 1
1000	12	 1 1 1 1 0 0 1 0 0 1 0 1 0 0 1 0 0 0 0 0
1000	5	 1 1 1 1 0 1 0 0 0 0 0 0 0 0 0 0 0 0 0 1
1000	5	 1 1 1 1 0 1 0 1 0 0 0 1 1 0 0 0 0 0 0 0
1000	6	 1 0 1 1 0 1 0 1 0 0 0 1 0 0 1 1 0 0 0 0
1000	1	 1 1 1 1 0 1 1 1 1 0 0 1 1 1 0 1 0 0 0 0
1000	3	 0 1 1 1 0 1 0 0 0 0 0 0 0 1 1 1 0 0 0 0
1000	2	 1 1 1 1 0 1 1 0 0 0 0 0 1 0 1 0 0 0 0 0
1000	6	 1 1 1 1 0 0 1 1 0 0 0 0 0 0 1 0 0 0 0 0
1000	2	 1 1 1 1 0 1 0 1 0 0 0 1 1 0 0 1 0 1 0 1
1000	2	 1 1 1 0 0 1 0 1 0 0 0 1 1 0 0 1 0 0 0 1
1000	4	 1 1 1 1 0 0 0 1 0 0 0 1 0 1 1 1 1 0 1 0
1000	1	 0 1 1 1 0 1 0 0 0 0 0 0 0 1 1 1 0 1 0 0
1000	2	 1 1 1 1 0 1 1 0 0 0 0 0 1 0 0 0 1 0 0 0
1000	1	 1 1 1 1 0 1 0 1 0 0 1 0 0 0 0 1 0 0 0 1
1000	8	 1 1 1 1 0 1 1 0 0 0 0 1 0 0 0 0 0 0 0 0
1000	1	 1 1 1 1 0 0 0 1 1 0 0 1 1 0 1 0 0 0 0 0
1000	1	 1 1 1 1 0 1 1 1 0 0 0 0 1 0 1 0 0 0 0 0
1000	4	 1 0 1 1 0 0 0 1 0 0 0 1 1 0 0 0 0 0 0 0
1000	8	 1 1 1 1 1 0 1 1 0 0 0 1 1 0 1 0 1 0 0 1
1000	2	 0 1 1 1 0 1 1 1 0 0 0 1 0 0 1 0 0 0 0 0
1000	3	 1 1 1 1 0 1 0 1 0 0 0 1 0 0 1 0 0 1 0 0
1000	2	 1 1 1 1 0 1 0 1 0 0 0 1 0 0 1 1 1 1 0 0
1000	3	 1 1 1 1 1 0 0 1 0 0 0 1 0 0 1 1 0 0 0 0
1000	6	 1 1 1 1 0 0 0 1 1 0 0 1 0 0 1 0 0 1 0 0
1000	2	 1 1 1 1 0 0 0 1 0 0 0 1 1 0 1 0 0 1 0 0
1000	6	 1 1 1 1 0 0 0 0 0 0 0 1 1 0 0 0 0 0 0 0
1000	4	 1 1 1 1 1 1 1 0 0 0 0 1 0 1 1 0 0 0 0 0
1000	4	 1 1 1 1 0 1 0 1 0 0 0 0 1 1 0 1 0 0 0 0
1000	1	 1 1 1 1 0 1 0 1 0 0 0 1 1 0 1 0 0 0 0 0
1000	2	 1 1 1 1 0 1 1 0 0 0 0 1 1 0 1 0 0 0 0 0
1000	2	 1 1 1 1 0 1 0 1 0 0 0 0 1 0 1 0 0 1 1 0
1000	4	 1 1 1 1 0 0 1 1 0 0 0 1 1 0 0 0 0 0 0 0
1000	1	 1 1 1 1 0 1 0 1 0 0 1 0 0 0 0 1 0 0 0 0
1000	5	 1 1 1 0 0 0 0 1 0 0 0 1 0 0 1 0 0 1 0 0
1000	3	 1 1 0 1 0 0 0 1 0 0 0 1 0 0 1 0 0 1 0 0
1000	4	 1 1 1 1 0 1 1 0 0 0 0 0 0 1 1 1 0 0 0 0
1000	4	 1 1 1 0 0 0 0 0 0 0 0 1 1 0 1 0 0 0 0 0
1000	3	 0 1 1 1 0 0 0 1 0 0 0 1 0 0 1 1 1 0 1 0
1000	1	 1 1 1 1 0 0 0 1 0 0 0 0 0 0 1 0 0 0 0 0
1000	5	 1 0 1 1 0 0 0 1 0 0 0 1 0 0 0 0 0 0 0 0
1000	1	 1 1 1 1 1 1 0 0 0 0 0 0 0 0 0 0 0 0 0 1
1000	1	 1 1 1 1 0 1 1 0 0 0 0 1 0 0 1 0 0 1 1 0
1000	2	 1 1 1 1 1 0 1 1 0 0 0 1 0 0 1 0 0 0 0 1
1000	1	 1 1 1 1 0 1 1 1 0 0 0 1 0 0 0 1 0 0 0 0
1000	1	 1 1 1 1 0 0 0 1 0 0 0 0 0 1 0 1 0 0 0 1
1000	1	 1 1 1 1 0 1 0 0 0 0 0 1 0 0 1 1 0 0 0 0
1000	1	 1 1 1 1 0 1 0 1 0 0 0 0 0 0 1 1 1 0 1 0
1000	2	 1 1 1 1 0 1 1 0 0 0 0 1 0 1 1 0 0 0 0 0
1000	2	 1 1 1 1 0 1 0 1 0 0 0 1 0 0 0 0 1 0 0 0
1000	1	 1 1 1 1 0 1 1 1 0 0 0 0 0 0 0 1 0 0 0 0
1000	1	 1 1 1 1 0 1 0 1 0 0 0 1 1 1 1 0 0 0 0 0
1000	1	 1 1 1 1 0 0 0 1 0 0 0 0 1 0 1 1 0 0 0 0
