0	250	 0 0 0 0 0 1 0 1 0 0 0 0 0 1 0 0 0 0 0 0
0	250	 0 0 0 0 0 0 0 0 0 0 0 0 0 0 0 1 0 0 0 0
0	250	 1 1 0 0 0 1 0 0 0 0 0 1 0 0 0 1 0 1 0 1
0	250	 0 0 0 0 1 0 0 1 0 0 0 0 1 0 0 0 0 0 0 0
100	15	 0 0 0 0 0 1 0 1 0 0 0 0 0 1 0 0 0 0 0 0
100	11	 1 1 0 0 0 1 0 0 0 0 0 0 0 1 0 0 0 0 0 0
100	2	 1 1 0 0 0 1 0 1 0 0 0 0 1 0 0 0 0 0 0 0
100	5	 1 0 0 0 0 1 0 0 0 0 0 0 0 1 0 0 0 0 0 0
100	8	 1 1 0 0 0 1 1 0 1 0 1 0 0 0 0 1 0 1 0 0
100	14	 0 0 0 0 0 1 0 1 0 0 0 1 0 1 0 1 0 0 0 0
100	11	 0 0 1 1 0 0 0 1 1 0 0 0 0 1 1 1 1 0 0 0
100	3	 1 1 0 1 0 1 1 0 0 0 0 0 0 0 0 1 0 1 0 0
100	29	 1 1 0 0 0 1 0 0 0 0 0 1 0 0 0 1 0 0 0 0
100	25	 1 1 0 1 0 1 0 1 0 0 0 0 1 0 0 1 0 0 0 0
100	18	 0 0 0 0 0 1 0 1 0 1 1 0 0 1 0 0 0 0 0 0
100	16	 0 1 0 0 0 1 0 1 0 1 0 0 0 1 0 0 0 0 0 0
100	12	 1 1 0 1 0 1 0 0 0 0 0 1 0 0 0 1 0 0 0 0
100	17	 0 0 0 1 0 1 0 1 0 0 1 0 0 1 0 0 0 0 0 0
100	11	 1 1 0 0 0 1 0 0 0 0 0 0 0 0 0 1 0 0 0 1
100	3	 1 1 0 0 1 1 0 1 0 1 0 1 0 1 1 0 0 0 0 0
100	17	 1 1 0 0 0 1 0 0 0 0 1 0 0 1 0 1 0 0 0 0
100	5	 1 1 0 0 0 1 0 1 0 0 0 1 0 0 0 1 0 0 0 0
100	42	 1 1 0 1 0 1 0 0 1 0 1 0 0 1 0 0 0 0 0 0
100	12	 1 1 0 1 0 1 0 1 0 0 0 0 1 0 0 0 0 0 0 0
100	15	 1 1 0 0 0 1 0 0 0 1 0 0 0 1 0 0 0 0 0 0
100	119	 1 1 0 0 0 1 1 0 1 0 1 0 0 0 0 1 0 0 0 0
100	18	 1 1 1 0 0 1 1 0 1 0 0 0 0 0 0 1 0 1 0 1
100	6	 0 1 0 0 0 1 0 0 0 0 1 0 0 1 0 0 0 0 0 0
100	2	 0 1 0 0 0 1 0 1 0 1 0 1 0 0 0 0 1 0 0 0
100	21	 1 1 0 0 0 1 1 0 1 0 0 0 0 0 0 0 0 0 0 1
100	9	 1 1 0 0 0 1 1 0 0 0 0 0 0 1 0 0 0 0 0 0
100	2	 1 1 0 1 0 1 0 0 0 0 0 0 0 1 0 0 0 0 1 0
100	6	 0 1 0 1 0 1 0 0 0 0 0 0 0 0 1 1 0 0 0 0
100	12	 1 1 0 0 0 1 1 1 1 0 0 0 0 1 0 0 0 0 0 0
100	6	 1 1 0 1 1 1 1 0 0 0 0 0 0 0 0 0 0 0 0 0
100	2	 1 1 0 0 0 1 0 0 0 0 0 0 0 1 0 1 0 0 0 0
100	16	 1 1 0 0 0 1 0 1 0 0 0 0 0 1 0 0 0 0 0 0
100	2	 1 1 0 0 0 1 0 0 0 0 1 0 0 1 0 1 0 0 1 0
100	9	 0 1 0 0 0 1 0 1 0 1 0 0 1 0 0 1 0 0 0 0
100	25	 0 0 0 1 0 1 1 1 1 0 0 0 0 0 1 0 0 0 0 0
100	7	 0 1 1 0 0 0 0 1 1 0 0 0 0 1 1 1 1 0 0 0
100	6	 0 1 0 0 0 1 0 0 0 0 0 0 0 0 0 1 0 0 0 1
100	2	 1 0 0 0 0 1 1 0 0 0 1 0 0 1 0 0 0 0 0 0
100	2	 1 1 0 0 0 1 0 1 1 0 0 0 0 0 0 1 0 1 0 0
100	19	 1 1 0 1 0 1 0 0 1 0 1 0 0 0 0 1 0 1 0 0
100	6	 1 0 0 1 0 1 0 1 0 0 1 0 0 1 0 1 0 0 0 0
100	15	 1 1 0 1 0 1 0 0 0 1 1 1 0 0 0 1 0 0 1 0
100	13	 1 0 0 0 1 0 0 1 1 0 0 0 1 0 0 0 0 0 0 1
100	3	 0 0 0 0 0 1 0 1 1 0 1 0 0 0 0 1 0 1 0 0
100	13	 0 0 0 0 0 1 0 1 0 0 0 1 1 1 1 0 0 0 0 0
100	10	 1 1 0 1 1 1 0 0 0 0 0 1 0 0 0 1 0 0 0 0
100	36	 1 1 0 1 0 1 0 1 1 0 1 0 0 1 0 0 0 0 0 0
100	8	 1 1 0 1 0 1 0 0 1 0 1 0 0 1 0 1 0 0 0 0
100	6	 1 1 0 0 0 1 0 1 0 0 0 0 0 1 1 0 0 0 0 0
100	10	 0 0 1 1 0 0 0 1 1 1 0 0 0 1 0 1 0 0 0 0
100	1	 0 0 0 0 0 1 0 1 0 1 1 0 0 1 1 0 0 0 0 0
100	4	 0 1 0 1 0 1 0 0 0 0 0 0 0 0 1 1 0 0 0 1
100	9	 0 1 0 0 1 1 0 1 0 1 0 0 1 0 0 1 0 0 0 0
100	4	 1 1 0 0 0 1 0 0 0 0 0 1 1 0 0 0 0 0 0 0
100	3	 1 1 0 0 0 1 0 0 0 1 0 0 0 0 0 1 0 0 0 0
100	13	 0 1 0 0 0 1 0 1 0 1 0 0 1 0 0 1 0 0 0 1
100	8	 1 0 0 0 0 1 0 1 0 0 0 0 1 0 0 0 0 0 0 0
100	3	 0 1 0 0 0 1 0 0 1 0 0 0 0 1 0 0 0 0 0 0
100	6	 0 0 1 1 1 0 0 1 1 1 0 0 0 1 0 1 0 0 0 0
100	6	 1 1 0 1 0 1 0 0 0 0 0 1 0 0 0 1 0 0 0 1
100	2	 0 0 0 0 0 0 0 1 0 0 0 0 0 1 0 0 0 0 0 0
100	3	 1 1 0 0 0 1 0 1 0 0 0 0 0 0 0 0 0 0 0 0
100	28	 1 1 0 0 0 1 0 0 0 1 0 0 1 1 0 0 0 0 0 0
100	9	 0 1 0 0 0 1 0 1 0 1 0 0 0 0 1 0 0 0 0 0
100	2	 1 1 0 1 1 1 0 0 0 0 0 0 0 0 0 1 0 1 0 0
100	2	 0 1 0 0 0 1 0 1 0 0 0 0 0 0 0 1 0 0 0 1
100	1	 1 1 0 0 0 1 0 0 0 0 0 0 0 0 1 1 0 0 0 0
100	9	 1 1 0 1 0 1 0 0 0 0 0 1 0 1 0 1 0 0 0 0
100	15	 0 0 0 1 0 1 0 1 1 0 0 0 0 1 0 0 0 0 0 0
100	5	 1 1 0 0 0 1 0 1 0 0 1 0 0 1 0 1 0 0 0 0
100	1	 1 1 0 1 0 1 0 1 0 0 0 0 0 0 0 1 0 1 0 0
100	4	 1 1 0 0 0 1 0 1 0 0 0 1 0 1 0 0 0 0 0 0
100	1	 1 1 0 1 0 1 0 0 1 0 1 0 0 0 0 0 0 1 0 0
100	4	 1 1 0 0 0 1 0 0 0 0 1 0 0 0 0 1 0 0 0 1
100	4	 0 1 0 1 0 1 0 0 0 0 0 1 1 1 0 0 0 0 0 0
100	4	 1 1 1 0 0 1 1 0 1 0 1 0 0 1 0 1 0 0 0 0
100	16	 1 1 0 0 0 1 0 1 0 0 0 0 0 0 0 1 0 0 0 0
100	6	 1 1 0 1 0 1 0 0 0 0 0 0 0 0 0 1 0 0 0 0
100	1	 1 1 0 0 0 1 0 0 0 0 0 0 0 0 0 0 0 0 0 1
100	1	 0 1 0 0 0 1 0 1 0 0 0 1 1 1 0 1 0 0 0 0
100	4	 1 1 0 0 0 1 1 0 0 0 1 0 0 0 0 1 0 0 0 0
100	1	 1 1 0 0 0 1 0 1 1 0 1 0 0 1 0 0 0 0 0 0
100	1	 0 1 0 0 0 1 1 0 1 0 0 0 0 0 0 0 0 0 0 1
100	3	 1 1 0 0 0 1 1 0 1 0 0 0 1 0 0 1 0 1 0 0
100	1	 0 0 0 1 0 0 0 1 0 0 1 0 0 1 0 0 0 0 0 0
100	1	 1 1 0 1 0 1 0 0 1 0 0 0 0 1 0 0 0 0 0 0
100	3	 1 1 1 0 0 1 0 1 1 0 0 1 0 1 0 1 0 0 0 0
100	2	 0 1 0 1 0 1 0 0 0 0 0 1 0 1 0 1 0 0 0 0
100	4	 1 1 0 0 0 0 0 0 0 0 1 0 0 1 0 1 0 0 0 0
100	13	 1 0 0 1 0 1 0 0 1 0 1 0 0 1 0 0 0 0 0 0
100	2	 1 1 0 0 0 1 1 0 1 0 0 1 0 0 0 0 0 0 0 1
100	3	 0 1 0 1 0 1 0 0 1 0 0 0 0 1 0 0 0 0 0 0
100	2	 1 0 0 1 0 1 0 1 0 0 0 0 0 0 0 1 0 0 0 1
100	9	 0 1 0 0 0 1 0 0 1 0 1 0 0 1 0 0 0 0 0 0
100	2	 1 1 0 1 0 1 0 0 0 0 0 0 0 0 1 1 0 0 0 1
100	1	 1 1 0 1 0 1 0 0 1 0 1 0 0 0 0 1 0 0 0 0
100	2	 1 1 1 0 0 1 1 0 1 0 0 0 0 1 0 0 0 0 0 0
100	6	 1 1 0 0 0 1 0 1 0 1 0 0 0 0 1 0 0 0 0 0
100	1	 0 0 0 0 0 1 0 0 0 0 0 1 0 1 0 1 0 0 0 0
100	3	 1 1 0 1 1 1 0 1 0 1 0 1 0 1 1 0 0 0 0 0
100	1	 0 1 0 1 0 1 0 1 0 0 0 0 0 0 1 1 0 0 0 0
100	1	 0 1 0 0 0 1 0 1 1 0 1 0 0 0 0 1 0 1 0 0
100	2	 1 1 0 1 0 1 0 1 1 0 1 0 0 1 0 0 1 0 0 0
100	1	 1 1 0 1 0 1 0 1 1 0 1 1 0 1 0 0 0 0 0 0
100	2	 0 1 0 0 0 1 0 1 1 0 0 0 0 1 0 1 1 0 1 1
100	4	 1 0 0 1 0 0 0 0 1 0 1 0 0 1 0 0 0 0 0 0
100	3	 1 1 0 1 0 1 0 1 0 0 1 0 0 1 0 0 0 0 0 0
100	1	 1 0 0 0 0 1 0 1 0 1 0 0 0 1 0 0 0 0 0 0
100	1	 0 0 0 0 0 1 0 1 0 0 0 0 0 1 0 1 0 0 0 0
100	1	 0 0 0 0 0 1 0 1 0 1 1 0 0 1 0 0 0 1 0 0
100	2	 0 1 0 0 0 0 0 1 0 1 0 0 0 1 0 0 0 0 0 0
100	1	 1 1 0 0 0 1 1 0 1 0 1 1 0 0 0 1 0 0 0 0
100	1	 1 1 1 0 0 1 0 0 0 0 0 0 0 0 0 0 0 0 0 1
100	1	 0 0 0 0 0 1 0 1 1 0 0 0 0 1 0 0 0 0 0 0
100	1	 1 1 1 1 0 1 0 1 1 0 1 0 0 1 0 0 0 0 0 0
100	2	 1 1 0 0 0 1 1 0 1 0 0 0 0 0 0 0 0 0 0 0
100	1	 0 0 0 1 0 1 1 1 1 0 1 0 0 0 0 1 0 0 0 0
100	1	 1 1 0 1 0 1 0 1 1 0 1 0 0 1 0 1 0 0 1 0
100	1	 1 1 0 0 0 1 0 0 0 0 0 0 0 0 0 0 0 0 0 0
100	3	 1 1 0 0 0 1 0 0 1 0 1 0 0 0 0 1 0 0 0 0
100	2	 1 0 1 0 0 1 1 0 1 0 0 0 0 0 0 1 0 1 0 1
100	3	 0 1 0 1 0 1 0 0 0 0 1 0 0 0 1 1 0 0 0 0
100	1	 1 1 0 0 1 1 0 0 0 0 1 0 0 1 0 1 0 0 1 0
100	1	 1 1 0 1 0 1 0 0 1 0 1 0 0 0 0 1 0 1 1 0
100	5	 1 0 0 0 0 1 0 1 1 0 0 0 1 0 0 0 0 0 0 0
100	2	 1 1 0 0 1 1 0 1 0 0 0 0 0 0 0 0 0 0 0 0
100	1	 1 1 1 1 1 1 0 0 0 0 0 0 0 0 0 1 0 1 0 0
100	3	 0 1 0 1 0 1 1 0 1 0 0 0 0 0 0 0 0 0 0 1
100	1	 0 1 0 1 0 1 0 0 0 0 0 1 0 1 0 1 1 0 0 0
100	3	 0 1 0 0 0 1 0 1 0 0 0 0 0 1 0 1 1 0 1 1
100	1	 1 1 0 0 0 1 0 1 0 1 1 0 0 1 0 0 0 1 0 0
100	1	 1 1 0 0 0 1 0 1 0 1 0 0 1 1 0 0 0 0 0 0
100	1	 0 1 0 0 0 1 0 0 1 0 0 0 0 1 0 0 0 0 0 1
100	1	 1 1 0 0 0 1 0 0 0 0 0 0 0 0 0 1 0 0 0 0
100	2	 1 1 1 0 0 1 0 0 0 0 1 0 0 1 0 1 0 0 0 0
200	6	 1 1 0 0 0 1 0 0 0 0 1 0 0 1 0 1 0 0 0 0
200	46	 1 1 0 1 0 1 0 0 1 0 1 0 0 1 0 0 0 0 0 0
200	83	 1 1 1 1 0 1 0 1 1 0 1 0 0 1 0 0 0 0 0 0
200	26	 1 1 1 0 0 1 0 0 0 0 1 0 0 1 0 1 0 0 0 0
200	4	 1 1 1 1 0 1 0 1 1 0 1 0 0 0 1 0 0 0 0 0
200	24	 1 1 0 1 0 1 0 1 1 0 1 0 0 1 0 1 0 0 0 0
200	6	 1 1 1 1 0 1 0 0 1 0 1 0 0 1 0 1 0 0 0 0
200	7	 1 1 1 1 0 1 0 1 0 0 0 0 1 0 0 0 0 0 0 0
200	22	 1 0 0 1 0 1 0 1 1 0 1 0 0 1 0 1 0 0 0 0
200	35	 1 1 1 0 0 1 0 0 0 0 1 0 0 1 0 0 0 0 0 0
200	28	 1 1 0 0 1 1 1 1 1 1 1 0 0 0 0 1 0 0 0 0
200	6	 1 1 0 1 0 1 0 1 1 0 1 1 0 1 1 1 0 0 0 0
200	10	 1 0 0 1 0 1 0 1 0 0 1 0 0 0 0 0 0 0 0 0
200	7	 1 1 1 1 0 1 1 0 1 0 1 0 0 0 0 1 0 0 0 0
200	16	 1 1 0 1 0 1 0 0 0 1 0 0 0 1 0 0 1 0 0 1
200	12	 1 1 1 1 0 1 0 1 1 0 1 0 1 1 0 1 0 0 0 0
200	8	 1 1 1 1 0 1 0 1 0 0 0 0 1 0 0 1 0 0 0 0
200	3	 1 1 0 1 0 1 1 0 1 1 0 0 1 0 0 0 0 0 0 0
200	15	 1 1 1 1 1 1 0 1 1 0 1 0 0 1 0 0 0 0 0 0
200	33	 1 1 1 1 0 0 0 0 1 0 1 0 0 1 0 1 0 0 0 0
200	10	 1 1 1 1 0 0 0 0 1 0 1 0 0 1 0 0 0 0 0 0
200	3	 1 1 1 0 0 1 0 0 0 1 1 0 0 1 0 1 0 0 0 0
200	9	 1 1 0 0 0 1 0 1 1 0 1 1 0 1 1 1 0 0 0 0
200	12	 1 1 0 1 0 1 0 1 1 0 1 0 0 1 0 0 0 0 0 0
200	12	 1 1 1 0 0 1 0 0 1 0 1 0 0 1 0 1 0 0 0 1
200	11	 1 1 1 1 0 0 0 1 1 0 1 0 0 0 1 0 0 0 0 0
200	17	 1 1 0 1 0 1 0 0 1 0 1 0 1 1 0 0 0 0 0 0
200	16	 1 1 0 1 0 1 0 0 1 0 1 0 0 1 0 1 0 0 0 0
200	3	 1 1 0 1 0 1 0 1 1 0 1 0 0 1 0 1 0 1 0 0
200	1	 1 1 1 0 0 1 0 1 1 0 1 0 0 1 0 1 0 0 0 0
200	24	 1 1 0 1 0 1 0 1 1 0 0 0 0 1 0 1 0 0 0 0
200	2	 1 1 0 1 0 1 1 0 1 0 1 0 0 1 0 0 0 0 1 0
200	3	 1 1 1 1 0 1 0 0 1 0 1 0 0 1 0 0 0 0 0 1
200	5	 1 1 0 0 0 1 0 0 0 0 1 0 0 1 0 1 1 0 0 0
200	9	 1 1 1 0 0 1 0 0 0 0 1 0 1 1 0 0 0 0 0 0
200	24	 1 1 1 0 0 1 0 1 1 0 1 0 0 1 0 0 0 0 0 0
200	21	 1 1 0 1 0 1 0 1 1 0 1 0 0 0 0 1 0 0 0 0
200	20	 1 1 0 1 0 1 1 0 1 0 1 0 1 1 0 0 0 0 1 0
200	8	 1 0 0 1 0 0 0 1 1 0 1 0 0 1 0 1 0 0 0 0
200	4	 1 1 1 1 0 0 0 0 1 1 1 0 0 1 0 1 0 0 0 0
200	3	 1 1 0 0 0 1 0 1 1 0 1 1 0 0 1 0 0 0 0 0
200	7	 1 1 1 1 0 1 0 1 1 0 1 0 0 1 0 0 1 0 0 0
200	2	 1 1 1 0 0 1 0 0 0 0 1 1 0 1 0 1 0 0 0 0
200	11	 0 1 0 0 0 1 0 1 1 1 0 0 1 1 0 1 0 0 1 0
200	10	 1 1 1 1 0 1 0 1 1 0 1 0 0 1 0 0 0 1 1 0
200	1	 1 1 1 1 0 1 0 1 1 0 0 0 0 1 0 0 0 0 0 0
200	24	 1 1 0 1 0 1 0 1 0 0 1 0 1 1 0 1 0 0 0 0
200	13	 1 1 1 0 1 1 1 1 1 1 1 0 0 0 0 1 0 0 0 0
200	2	 1 1 1 1 0 0 0 0 1 0 1 0 0 1 0 1 0 0 0 1
200	4	 1 1 1 1 1 1 0 1 1 0 1 1 1 1 0 1 0 0 0 0
200	1	 1 1 1 1 0 0 0 1 1 0 1 0 0 0 0 0 0 0 0 0
200	2	 1 1 0 0 0 1 1 0 0 0 1 0 0 0 1 1 0 0 0 0
200	5	 1 0 0 1 0 0 0 1 1 0 1 0 0 0 0 1 0 0 0 0
200	10	 1 1 0 1 0 1 0 0 0 0 1 1 0 1 1 1 0 0 0 0
200	21	 1 1 0 1 0 1 0 0 0 1 1 0 0 1 0 0 1 0 0 0
200	4	 1 1 0 1 0 1 0 0 1 1 1 0 0 0 0 1 0 1 0 0
200	4	 1 1 1 0 0 1 0 1 1 0 1 0 1 1 0 1 0 0 0 0
200	2	 1 1 1 0 1 1 1 1 1 1 0 0 0 0 0 1 0 0 0 0
200	3	 1 1 1 1 0 1 0 1 1 0 1 0 0 1 0 0 0 0 1 0
200	5	 1 1 1 1 0 1 0 1 1 0 1 0 0 0 0 0 0 0 0 0
200	6	 1 1 1 1 0 1 0 1 1 0 1 0 0 0 1 1 0 0 0 0
200	1	 1 1 0 0 0 1 0 1 1 0 0 0 0 0 0 0 0 0 0 1
200	1	 1 1 1 1 0 1 0 0 1 0 1 0 0 1 1 1 0 1 0 0
200	14	 1 1 1 1 0 1 0 1 1 0 1 0 1 1 0 0 0 0 0 0
200	7	 1 1 1 1 0 1 0 1 1 1 1 0 0 1 0 0 0 0 0 0
200	4	 1 1 1 0 0 1 0 0 0 0 1 0 0 1 0 0 0 0 1 0
200	1	 1 1 0 0 1 1 1 1 1 1 1 0 0 1 0 1 0 0 0 0
200	13	 1 1 0 1 0 1 0 0 1 0 1 0 1 1 1 0 0 0 0 0
200	2	 1 1 0 1 0 1 1 1 1 1 1 0 0 0 0 1 1 0 0 0
200	15	 1 1 1 0 1 1 1 1 1 1 1 0 1 0 0 1 0 0 0 0
200	5	 0 1 0 1 0 1 0 1 1 0 0 0 0 1 0 1 0 0 0 0
200	1	 1 1 1 0 1 1 1 1 1 1 1 0 0 0 0 1 0 0 0 1
200	20	 1 1 1 1 0 1 0 1 1 0 1 0 0 1 1 0 0 0 0 0
200	6	 1 1 1 1 0 1 0 1 1 0 1 0 0 1 0 1 0 1 0 0
200	6	 1 1 1 1 0 0 0 0 1 0 1 1 0 1 1 1 0 0 0 0
200	2	 1 1 0 0 0 1 0 1 1 0 1 1 0 1 1 1 0 0 1 0
200	2	 1 1 1 0 0 1 0 0 1 1 1 0 0 0 0 1 0 1 0 0
200	1	 1 1 0 1 0 1 0 0 1 0 1 1 0 1 0 0 0 0 0 0
200	2	 0 1 0 1 0 1 0 0 1 0 1 0 0 1 0 0 0 0 0 0
200	4	 1 1 1 1 0 1 1 1 1 0 1 0 0 1 0 0 0 0 0 0
200	3	 1 0 1 1 0 0 0 1 1 0 1 0 0 1 0 1 0 0 0 0
200	1	 1 1 1 0 1 1 1 1 1 1 1 0 0 0 0 0 0 0 0 0
200	5	 1 1 1 1 0 0 0 0 0 0 1 0 0 1 0 1 0 0 0 1
200	3	 1 1 1 1 0 1 0 1 0 0 1 0 0 0 0 0 0 0 0 0
200	5	 1 0 0 1 0 1 1 0 1 0 1 0 0 1 1 1 0 0 0 0
200	4	 1 1 1 0 1 1 1 1 1 1 1 0 0 1 0 1 0 0 0 0
200	1	 1 1 1 0 1 1 1 1 1 1 1 0 1 0 0 1 0 0 1 0
200	3	 1 1 1 1 0 1 1 1 1 0 1 0 0 1 0 0 0 1 0 0
200	5	 1 1 1 1 0 1 0 0 1 0 1 0 0 1 0 0 0 0 0 0
200	2	 1 1 0 0 0 1 0 1 1 1 1 0 1 0 0 1 0 0 0 0
200	1	 1 1 1 0 1 1 1 1 1 0 1 0 0 0 1 0 0 0 0 0
200	6	 1 1 1 1 0 0 0 1 1 0 1 0 0 1 0 0 0 0 0 0
200	8	 1 1 0 1 0 1 0 1 1 0 1 1 0 1 1 1 0 0 0 1
200	4	 1 1 1 1 0 0 0 1 0 0 0 0 1 0 0 1 0 0 0 0
200	1	 1 0 0 1 0 1 1 1 1 0 1 0 0 1 0 1 0 0 0 0
200	6	 1 0 0 1 0 1 0 0 1 0 1 0 0 1 0 0 0 0 0 0
200	1	 1 0 0 1 0 1 0 1 1 0 1 0 0 1 0 0 0 0 1 0
200	2	 1 1 1 1 1 1 0 1 1 0 1 0 0 0 0 1 0 0 0 0
200	1	 0 1 0 0 0 1 1 1 1 1 1 0 0 1 0 1 0 0 0 0
200	5	 1 1 1 1 0 1 0 1 1 0 1 0 0 1 0 1 0 0 0 0
200	5	 1 1 0 1 0 1 0 1 0 0 0 0 1 0 0 1 0 0 0 0
200	5	 1 1 0 1 0 1 1 1 1 0 1 0 0 1 0 0 0 0 0 0
200	1	 1 1 0 1 0 1 0 0 1 0 1 0 0 1 0 0 0 1 0 0
200	2	 1 1 0 0 1 1 1 1 1 1 1 1 0 0 0 1 0 0 0 0
200	2	 1 0 0 1 1 1 0 1 0 0 1 0 0 0 0 0 0 0 0 0
200	1	 0 1 1 1 0 0 0 0 1 0 1 0 0 1 0 1 0 0 0 0
200	1	 1 1 0 1 0 1 1 0 0 0 1 0 1 1 0 0 0 0 1 0
200	1	 1 1 1 1 1 1 0 1 1 0 1 0 0 1 0 0 0 1 1 0
200	2	 1 0 1 1 0 1 0 1 1 0 1 0 0 1 0 0 0 0 1 0
200	3	 1 1 0 0 0 1 0 0 0 0 1 0 0 1 0 0 0 0 0 0
200	2	 1 1 0 1 0 1 0 0 0 0 1 0 0 0 0 0 0 0 0 0
200	4	 1 0 0 1 0 1 1 0 1 0 1 0 1 1 0 0 0 0 1 0
200	1	 1 1 0 0 0 0 0 0 1 0 1 0 0 1 0 1 0 0 0 0
200	4	 1 1 1 0 0 1 0 0 0 0 1 0 0 1 0 0 0 0 0 1
200	2	 1 1 1 1 0 1 1 0 1 0 1 0 1 0 0 1 0 0 0 0
200	2	 1 1 1 1 0 0 0 0 0 1 1 0 0 1 0 1 0 0 0 0
200	3	 1 1 0 1 0 1 0 0 0 1 1 0 0 1 0 0 1 1 0 0
200	4	 1 1 0 0 0 1 0 0 1 1 1 0 0 0 0 1 0 1 0 0
200	1	 1 0 0 1 0 1 0 1 0 0 1 0 1 1 0 0 0 0 0 0
200	4	 1 1 1 0 0 1 1 1 1 1 1 0 1 0 0 1 0 0 1 0
200	1	 1 1 1 0 0 1 0 0 0 0 1 0 0 0 1 0 0 0 0 0
200	1	 1 1 0 0 1 0 0 0 0 0 1 0 0 1 0 1 0 0 0 1
200	1	 1 1 0 1 0 1 0 0 1 0 1 0 1 1 0 1 0 0 0 0
200	1	 1 1 0 1 0 1 0 1 1 0 1 0 0 1 0 1 0 0 0 1
200	1	 1 0 0 1 0 1 0 1 1 0 1 0 0 1 0 0 0 0 0 0
200	1	 1 1 1 0 1 1 1 1 1 1 1 0 0 1 0 0 1 0 0 0
200	1	 1 1 1 1 0 1 0 0 1 0 1 0 1 1 0 0 0 0 0 0
200	1	 1 0 0 1 0 1 1 0 0 0 1 0 1 1 0 0 0 0 1 0
200	1	 1 1 0 1 0 1 0 1 1 1 1 0 0 1 0 1 0 0 0 0
200	1	 1 0 0 1 0 1 0 0 1 0 1 0 0 1 0 1 0 0 0 0
200	3	 1 1 1 1 0 1 0 0 0 0 1 0 0 1 0 0 0 0 0 0
200	1	 1 1 0 1 0 1 0 1 1 0 1 1 0 1 1 0 0 0 0 0
200	2	 1 0 0 1 0 1 0 1 1 0 1 1 0 1 1 1 0 0 0 0
200	1	 1 1 0 1 0 1 0 0 0 1 0 0 1 1 0 0 1 0 0 1
200	2	 1 1 1 1 0 0 1 1 1 0 1 0 0 0 1 0 0 0 0 0
200	3	 1 1 0 1 0 1 1 0 1 0 1 0 0 1 0 1 0 0 0 0
200	1	 1 0 0 1 0 1 1 0 1 0 1 0 0 1 1 1 1 0 0 0
200	2	 1 0 0 1 0 1 1 0 1 0 1 0 1 1 0 0 1 0 1 0
300	21	 1 1 1 1 0 1 0 1 1 0 1 0 0 1 0 0 0 0 0 0
300	28	 1 1 0 1 0 1 0 1 1 0 1 0 0 1 0 1 0 0 0 0
300	21	 1 1 1 0 0 1 0 0 0 0 1 0 0 1 0 0 0 0 0 0
300	47	 1 1 1 1 0 1 0 1 1 0 1 0 1 1 0 1 0 0 0 0
300	42	 1 1 0 1 0 1 0 1 1 0 1 0 0 1 0 0 0 0 0 0
300	10	 1 1 0 1 0 1 0 0 1 0 1 0 0 1 0 1 0 0 0 0
300	19	 1 1 1 1 0 1 0 0 1 0 1 0 0 1 0 0 0 0 0 1
300	43	 1 1 1 1 0 1 0 1 1 0 1 0 0 1 0 1 0 0 0 0
300	10	 1 1 0 1 0 1 0 1 0 0 1 0 0 1 0 0 0 0 0 0
300	42	 1 1 1 1 1 0 0 0 1 0 1 0 0 1 0 1 0 0 0 0
300	67	 1 1 1 1 0 0 0 1 1 0 1 0 0 1 0 0 0 0 0 0
300	7	 1 1 1 1 0 1 1 0 1 0 1 0 0 0 1 1 0 0 0 0
300	6	 1 1 1 1 0 0 0 1 1 0 1 0 0 1 0 1 0 0 0 0
300	22	 1 1 1 1 0 1 0 0 1 0 1 0 0 1 0 0 0 0 0 0
300	4	 1 1 1 1 0 1 1 0 1 0 1 0 0 1 0 0 1 0 0 0
300	25	 1 1 1 1 0 1 0 1 1 0 1 0 1 1 1 1 0 0 0 0
300	12	 1 1 0 0 0 1 0 1 0 0 1 0 1 1 0 1 0 0 0 0
300	15	 1 1 1 1 0 1 1 0 1 0 1 0 0 1 0 1 1 0 0 0
300	8	 1 1 1 1 0 0 0 1 1 0 1 0 1 1 0 0 0 0 0 0
300	5	 1 1 0 1 0 1 0 0 1 0 1 0 1 1 0 0 0 0 0 0
300	23	 1 1 1 1 0 1 0 1 1 0 1 0 0 0 1 1 0 0 0 0
300	6	 1 0 1 1 0 1 0 1 1 0 1 0 0 1 0 1 0 0 0 0
300	3	 1 1 1 0 0 1 0 0 0 1 1 0 0 1 0 1 0 0 0 1
300	15	 1 1 1 1 0 1 0 1 1 0 1 0 0 1 1 0 0 0 0 0
300	1	 0 1 0 1 1 1 0 0 1 0 1 0 0 1 1 0 0 0 0 0
300	3	 1 1 1 0 0 1 0 0 1 0 1 0 0 1 0 1 0 0 0 0
300	46	 1 1 1 1 0 0 0 1 1 0 1 0 0 0 0 1 0 0 0 0
300	2	 0 1 1 1 0 1 1 0 1 0 1 0 0 0 0 1 1 0 1 0
300	47	 1 1 1 1 0 1 0 0 1 0 1 0 1 1 1 1 0 0 0 0
300	2	 1 1 1 1 0 1 1 0 1 0 1 0 0 1 0 1 0 0 0 1
300	15	 1 1 1 0 1 0 0 0 1 0 1 0 0 1 0 1 0 0 0 0
300	7	 1 1 0 1 0 1 1 0 1 1 1 0 0 1 0 0 1 0 0 0
300	41	 1 0 1 1 0 1 0 1 1 0 1 0 0 1 0 0 0 0 0 0
300	16	 1 0 1 1 0 1 0 1 1 1 1 0 0 1 0 0 0 0 0 0
300	2	 0 1 1 1 0 1 1 0 1 0 1 0 0 0 0 1 0 0 0 0
300	1	 1 1 1 1 0 1 0 0 1 0 1 0 0 1 0 1 0 0 0 0
300	2	 1 1 1 1 1 1 0 0 0 0 1 0 0 1 0 0 0 1 0 0
300	2	 1 1 0 1 0 1 0 1 1 0 1 0 0 1 0 0 1 0 0 0
300	2	 1 0 1 1 0 1 0 0 1 0 1 0 1 1 1 1 0 0 0 0
300	5	 1 1 1 1 0 1 0 0 1 1 1 0 0 1 0 1 0 0 0 0
300	2	 1 1 0 1 0 1 0 1 1 0 1 0 1 1 0 0 0 0 0 0
300	7	 1 1 1 1 1 0 0 1 1 0 1 0 1 1 1 1 0 0 0 0
300	10	 1 1 1 0 0 1 0 0 0 0 1 0 0 1 0 0 0 1 0 1
300	11	 1 1 1 0 0 1 0 1 1 0 1 0 0 1 0 0 0 0 0 0
300	1	 1 1 0 1 0 1 0 1 0 0 1 0 0 1 0 1 0 0 0 0
300	7	 1 1 1 0 0 1 0 1 1 0 1 0 0 1 0 1 0 0 0 0
300	11	 1 1 1 1 1 1 0 0 1 0 1 0 0 1 0 1 0 0 0 0
300	4	 1 1 1 1 0 0 0 1 1 0 1 1 0 1 0 1 0 0 0 0
300	12	 0 1 1 0 0 1 0 0 0 1 1 0 0 1 0 0 0 0 0 0
300	5	 1 1 1 1 1 0 0 0 1 0 1 0 0 0 0 1 0 0 0 0
300	1	 1 1 1 1 0 1 0 0 1 0 1 1 1 1 1 1 0 0 0 0
300	4	 1 1 1 1 0 0 0 1 1 0 1 0 1 1 0 1 0 0 0 0
300	9	 0 1 1 0 0 0 0 1 1 0 1 0 0 1 0 0 0 0 0 0
300	1	 1 1 1 1 0 1 0 1 1 0 0 0 1 1 0 1 0 0 0 0
300	7	 1 1 1 1 0 1 0 1 1 0 1 0 0 1 1 1 0 0 0 0
300	3	 1 1 0 1 0 1 1 1 1 1 1 0 0 1 0 0 1 0 0 0
300	9	 1 1 0 1 1 1 0 1 1 0 1 0 1 1 0 1 0 0 0 0
300	13	 1 0 1 1 0 1 0 0 1 0 1 0 1 1 0 1 0 0 0 0
300	10	 1 1 1 1 0 1 0 1 1 0 1 0 0 0 0 1 0 0 0 0
300	6	 1 1 0 0 0 0 0 1 1 0 1 0 1 1 0 1 0 0 0 0
300	1	 1 1 1 1 1 0 0 0 1 0 1 1 0 0 0 1 0 0 0 0
300	3	 1 1 1 0 0 1 0 0 0 0 0 0 0 1 0 0 1 0 0 0
300	3	 1 1 1 1 0 1 0 0 1 0 1 0 0 1 0 1 1 0 0 0
300	14	 1 1 1 1 0 1 0 0 1 0 1 0 1 1 1 0 0 0 0 0
300	3	 1 1 1 1 1 0 0 0 1 0 0 0 0 1 0 1 0 0 0 0
300	2	 1 1 0 1 0 1 0 0 1 0 1 1 0 0 0 1 0 0 0 0
300	9	 1 1 1 0 0 1 1 0 1 0 1 0 0 1 0 0 1 0 0 0
300	1	 0 1 1 1 0 0 0 1 1 0 1 0 1 1 0 0 0 0 0 0
300	2	 1 1 0 1 0 1 0 0 1 0 1 0 0 1 0 0 0 0 0 0
300	2	 1 1 0 1 0 1 0 1 1 0 1 0 0 1 0 0 0 1 0 0
300	6	 1 1 1 1 0 1 1 0 1 1 1 0 0 1 0 1 0 0 0 0
300	6	 1 1 1 1 0 1 0 1 1 0 1 0 0 1 0 0 1 0 0 0
300	2	 1 1 0 0 0 1 0 0 0 0 1 0 0 1 0 0 0 0 0 0
300	1	 1 1 1 1 1 0 0 0 1 0 1 0 0 1 0 1 1 0 0 0
300	5	 1 1 1 1 0 1 0 0 1 1 1 0 1 1 0 1 0 0 0 0
300	1	 1 1 1 0 0 1 0 1 1 0 0 0 1 1 0 1 0 0 0 0
300	3	 1 0 1 1 0 1 0 1 1 0 1 0 1 1 0 1 0 0 0 0
300	5	 0 1 1 1 0 1 0 1 1 0 1 0 0 1 0 0 0 0 0 0
300	4	 1 1 0 1 0 1 0 1 1 0 1 0 0 0 0 0 0 0 0 0
300	11	 1 1 1 1 0 1 0 1 1 0 1 0 1 0 1 1 0 0 0 0
300	3	 1 1 1 1 0 0 1 0 1 0 1 0 0 1 0 1 1 0 0 0
300	6	 1 1 0 1 0 0 0 0 1 0 1 0 1 1 0 0 0 0 0 0
300	1	 1 0 1 1 0 0 0 1 1 0 1 0 0 1 0 1 0 0 0 0
300	1	 1 1 1 1 0 1 0 0 1 0 1 0 0 1 1 1 0 0 0 0
300	1	 1 0 1 1 0 1 0 1 1 1 1 0 0 0 0 0 0 0 0 0
300	7	 1 1 1 1 1 1 1 0 0 0 1 0 0 1 0 0 0 1 0 0
300	2	 1 1 1 0 0 1 0 1 1 0 1 0 0 0 0 1 0 0 0 0
300	1	 1 1 1 1 0 0 0 1 1 1 1 0 1 1 0 1 0 0 0 0
300	1	 1 0 1 1 1 1 0 0 1 0 1 0 1 1 0 1 0 0 0 0
300	2	 1 1 1 1 1 0 0 0 1 0 1 0 0 1 0 0 0 0 0 0
300	1	 1 1 1 1 0 1 0 0 1 0 1 0 1 1 1 0 0 0 0 1
300	6	 1 1 1 0 0 1 0 0 0 0 1 0 1 1 0 1 0 0 0 0
300	2	 1 0 1 1 0 1 0 1 1 0 1 0 0 0 0 1 0 0 0 0
300	1	 1 1 1 1 1 0 1 0 1 0 1 0 0 1 0 1 0 0 0 0
300	6	 1 1 1 1 0 0 0 1 1 0 1 0 0 1 0 1 0 0 0 1
300	2	 1 1 0 1 0 1 0 0 1 0 1 1 1 1 0 0 0 0 0 0
300	4	 1 1 1 1 0 1 0 0 1 0 1 0 0 1 0 1 1 0 1 0
300	1	 1 1 1 1 0 1 0 0 1 0 1 0 1 0 1 1 0 0 0 0
300	2	 1 0 1 1 0 1 0 0 1 0 1 0 1 1 0 0 0 0 0 0
300	3	 1 1 1 1 1 0 0 1 1 0 1 0 0 1 0 0 0 0 0 0
300	2	 1 1 1 0 0 1 0 1 1 0 1 0 1 1 0 1 0 0 0 0
300	1	 1 1 0 0 0 1 0 1 0 0 1 0 0 1 0 0 0 0 0 0
300	6	 1 1 1 1 1 0 0 0 1 0 1 0 1 1 0 1 0 0 0 0
300	4	 0 1 1 1 0 1 0 0 1 0 1 0 0 1 0 0 0 0 0 0
300	1	 1 1 0 1 0 1 0 1 1 0 1 0 0 0 0 1 0 0 0 0
300	1	 1 1 0 0 0 0 0 1 1 0 1 0 1 1 0 1 1 0 0 0
300	1	 1 1 1 1 0 1 0 1 1 0 1 1 1 1 0 1 0 0 0 0
300	1	 1 1 1 1 0 1 0 1 1 0 1 0 1 0 0 1 0 0 0 0
300	1	 1 1 1 1 1 1 0 1 1 0 1 0 1 1 0 1 0 0 0 0
300	1	 1 1 0 1 0 0 0 1 1 0 1 0 0 1 0 0 0 0 0 0
300	2	 1 1 1 1 1 0 0 0 1 0 1 1 0 1 0 1 0 0 0 0
300	1	 1 1 1 1 1 0 0 1 1 0 1 0 0 1 0 1 0 0 0 0
300	1	 1 1 1 1 0 1 0 1 1 0 0 0 1 1 1 1 0 0 0 0
300	3	 1 1 0 0 0 0 0 1 0 0 1 0 1 1 0 1 0 0 0 0
300	2	 1 0 1 1 0 0 0 1 1 0 1 0 0 1 0 0 0 0 0 0
300	3	 1 1 1 0 0 0 0 1 1 0 1 0 0 1 0 1 0 0 0 0
300	3	 1 1 1 1 1 1 0 0 1 0 1 0 0 1 0 1 0 0 0 1
300	1	 1 1 1 1 1 0 1 0 1 0 1 0 0 1 0 1 1 0 0 0
400	22	 1 1 1 1 0 1 0 1 1 0 1 0 0 1 0 0 0 0 0 0
400	4	 1 1 1 1 0 1 0 1 1 0 1 0 1 1 0 1 0 0 0 0
400	127	 1 1 1 1 0 1 0 1 1 0 1 0 0 1 0 1 0 0 0 0
400	10	 1 1 1 1 0 0 0 1 1 0 1 0 0 1 0 1 0 0 0 0
400	14	 1 1 1 1 0 1 0 0 1 0 1 0 0 1 0 0 0 0 0 0
400	8	 1 1 1 1 0 1 0 0 1 0 1 0 1 1 1 0 0 0 0 0
400	2	 1 1 1 1 1 0 0 1 1 0 0 0 1 1 1 1 0 0 0 0
400	35	 1 1 1 1 0 1 0 0 1 0 1 0 1 1 0 1 0 0 0 0
400	19	 1 1 1 1 0 0 0 1 1 0 0 0 0 0 0 1 0 0 0 0
400	5	 1 0 1 1 0 1 1 0 1 1 1 0 1 1 0 0 0 0 0 0
400	7	 1 1 1 0 0 1 0 1 0 1 1 0 0 1 0 1 0 0 0 0
400	13	 1 1 1 1 1 1 0 0 1 0 1 0 1 0 1 1 0 0 0 0
400	7	 0 1 1 1 0 1 0 1 1 0 1 0 0 1 0 0 0 0 0 0
400	18	 1 1 1 1 0 1 0 0 1 0 1 0 0 1 0 1 0 0 0 0
400	16	 1 1 1 1 0 1 0 1 0 0 1 0 0 1 0 1 0 0 0 0
400	13	 1 1 1 0 0 1 0 0 1 1 1 0 0 1 0 1 0 0 0 0
400	10	 1 0 1 1 0 1 1 0 1 0 1 0 1 1 0 1 0 0 0 0
400	1	 1 1 1 0 0 1 1 0 1 1 1 0 0 1 0 1 0 0 0 0
400	5	 1 1 0 1 0 1 0 0 1 0 1 0 0 1 0 0 0 0 1 0
400	7	 1 1 1 1 0 1 0 0 1 0 1 0 0 1 0 1 0 0 0 1
400	7	 1 1 1 0 0 1 0 0 0 0 1 0 0 1 1 1 0 0 0 0
400	9	 1 1 1 0 1 0 0 0 1 0 1 0 0 1 0 0 0 0 0 0
400	42	 1 0 1 1 0 1 1 0 1 0 1 0 0 1 0 1 0 0 0 0
400	4	 1 1 1 1 0 1 0 0 0 1 1 0 0 1 1 1 0 0 0 0
400	18	 1 1 1 1 1 0 1 0 1 0 1 0 0 1 1 1 0 0 0 0
400	9	 1 1 1 1 1 1 0 1 1 0 1 1 1 1 0 1 0 0 0 0
400	2	 0 1 1 1 0 0 1 1 1 0 0 0 0 0 0 1 0 0 0 0
400	11	 1 1 1 1 1 1 0 0 1 0 1 0 1 1 1 0 0 0 0 0
400	18	 1 1 1 1 1 1 0 1 1 0 1 0 0 1 0 1 0 0 0 0
400	17	 0 1 1 1 0 1 0 0 0 1 1 0 0 0 0 0 0 0 0 0
400	10	 1 1 1 1 0 0 0 1 1 1 1 1 0 1 0 1 0 0 0 0
400	19	 1 1 1 1 0 1 0 1 1 0 1 0 0 1 0 1 0 1 0 0
400	8	 1 1 1 1 0 1 0 1 1 0 1 0 1 1 1 0 0 0 1 0
400	8	 1 1 1 1 0 0 0 1 1 0 1 0 1 1 0 1 0 0 0 1
400	3	 1 1 1 1 0 1 0 1 1 0 1 1 0 1 0 1 0 0 0 0
400	1	 1 1 1 1 0 1 0 1 1 0 1 1 1 1 0 0 0 0 0 0
400	8	 1 1 1 1 0 1 0 0 1 0 1 0 0 0 0 1 1 0 1 0
400	2	 1 1 0 1 0 1 0 0 1 0 1 0 0 1 0 1 1 0 0 0
400	14	 1 1 1 1 1 0 0 1 1 0 0 0 1 1 1 0 0 0 0 0
400	21	 1 1 1 1 0 1 0 0 1 0 1 0 0 1 0 0 0 0 0 1
400	9	 1 0 1 1 0 1 0 1 1 0 1 0 0 1 0 0 0 0 0 0
400	7	 1 1 1 1 0 0 0 1 0 0 1 0 0 1 0 0 0 0 0 1
400	3	 1 1 1 1 1 0 0 0 1 0 1 0 0 0 0 1 0 0 0 0
400	13	 1 1 1 1 0 0 0 1 1 0 1 0 0 1 1 1 0 0 0 0
400	18	 1 1 1 0 1 1 0 1 1 0 1 0 1 1 0 0 0 0 0 0
400	1	 1 1 0 1 0 1 0 1 1 0 1 0 1 1 0 1 0 0 0 0
400	11	 1 1 1 1 1 1 0 0 1 1 1 0 0 1 0 1 0 0 1 0
400	15	 1 1 1 1 0 1 0 1 1 0 1 0 1 1 1 0 0 0 0 0
400	8	 1 1 1 1 1 0 0 1 1 1 0 0 1 1 0 1 0 0 0 0
400	6	 1 1 1 1 1 1 0 1 1 1 1 0 0 1 0 1 0 0 0 0
400	2	 1 1 1 1 0 1 1 1 1 0 1 0 0 1 0 1 0 0 0 0
400	26	 1 1 1 1 0 1 0 1 1 0 1 0 0 1 0 1 0 0 1 0
400	13	 1 1 1 1 0 0 1 1 1 0 1 0 0 0 1 1 0 0 0 0
400	18	 1 1 1 1 1 1 0 0 1 0 1 0 0 1 1 1 0 0 0 0
400	1	 0 1 1 1 0 1 1 0 1 0 1 0 1 1 0 1 0 1 0 0
400	5	 1 1 1 1 0 0 0 0 1 0 1 0 0 1 0 1 0 1 0 0
400	6	 1 1 1 1 0 1 0 1 0 0 1 0 1 1 0 1 0 0 0 0
400	3	 1 1 1 1 1 1 1 1 1 0 1 1 1 1 0 1 0 0 0 1
400	7	 1 1 1 1 1 1 0 1 1 0 1 0 1 1 0 0 0 0 1 0
400	5	 1 1 1 1 0 1 0 1 0 0 1 0 0 1 0 1 0 0 0 1
400	3	 0 1 1 1 0 1 0 0 0 1 1 0 1 1 0 0 0 0 0 0
400	8	 1 1 1 0 1 1 0 0 1 0 1 0 1 1 0 0 0 0 0 0
400	2	 1 1 1 1 0 1 0 0 0 1 1 0 0 1 0 1 0 0 0 0
400	4	 1 1 1 1 1 1 0 1 1 0 0 0 0 0 0 1 0 0 0 0
400	3	 1 0 1 1 0 1 0 1 1 0 1 0 0 1 0 1 0 0 0 0
400	10	 1 1 1 0 0 1 0 0 1 0 1 0 0 1 1 1 0 0 0 0
400	5	 1 1 1 1 0 1 0 1 1 0 1 1 0 1 0 0 0 0 0 0
400	1	 1 0 1 1 0 1 0 1 1 0 1 0 0 1 0 1 0 0 1 0
400	2	 1 1 1 0 1 1 0 1 1 0 1 1 1 1 0 1 0 0 0 0
400	9	 1 1 1 1 0 1 0 1 0 0 1 0 0 1 0 1 0 0 1 0
400	3	 1 0 1 1 1 0 0 1 1 0 0 0 0 0 0 0 0 0 0 0
400	1	 1 1 1 1 0 1 0 0 1 0 1 0 0 1 1 1 0 0 0 1
400	5	 1 1 1 1 0 0 0 1 1 1 1 0 0 1 0 1 0 0 0 0
400	1	 0 1 1 1 0 0 0 1 1 0 1 0 1 1 0 1 0 0 0 0
400	6	 1 1 1 1 0 0 0 1 1 0 1 0 0 1 0 1 0 0 0 1
400	11	 1 1 1 1 0 1 0 0 1 0 1 0 1 0 1 0 0 0 0 0
400	3	 0 1 1 1 0 1 1 0 1 0 1 0 1 1 0 1 1 1 0 0
400	1	 1 1 1 1 1 1 0 1 1 0 0 0 0 0 0 0 0 0 0 0
400	2	 1 1 1 1 1 1 0 0 1 0 1 0 1 0 0 1 0 0 0 0
400	4	 1 0 1 1 0 1 1 0 1 0 1 0 0 0 0 1 0 0 0 0
400	5	 1 1 1 1 1 1 0 1 1 1 1 0 0 1 0 1 0 0 0 1
400	11	 1 1 1 1 0 1 0 1 0 0 1 0 1 1 0 0 0 0 0 0
400	3	 1 1 1 1 1 0 0 0 1 0 1 0 1 1 0 0 0 0 0 0
400	2	 1 1 1 1 0 1 0 1 0 0 1 0 0 1 0 1 0 1 0 1
400	1	 1 1 1 0 1 1 0 0 1 0 1 0 0 1 0 0 0 0 0 0
400	4	 1 0 1 1 0 1 1 0 1 1 1 0 1 1 0 0 0 1 0 0
400	1	 1 1 1 1 0 0 0 1 1 0 1 0 1 0 0 1 0 0 0 1
400	19	 1 1 1 1 1 1 1 1 1 0 1 1 1 1 1 1 0 0 0 1
400	1	 1 1 1 1 0 1 1 0 1 0 1 0 0 1 0 1 0 0 0 0
400	4	 1 1 1 1 0 0 0 1 1 0 0 0 0 0 0 1 0 0 1 0
400	1	 1 1 1 1 0 1 0 0 1 0 1 1 0 1 0 1 0 0 0 0
400	4	 1 1 1 1 0 1 1 1 0 0 1 0 1 1 0 1 0 0 0 0
400	4	 1 1 1 0 0 1 0 1 1 0 1 0 1 1 0 1 0 0 0 0
400	2	 1 1 1 1 0 1 0 0 1 0 1 0 1 0 1 0 1 0 0 0
400	2	 1 1 1 1 0 0 0 0 1 0 1 0 1 1 0 1 0 0 0 0
400	4	 1 1 1 0 0 1 0 0 0 0 1 0 0 1 1 1 0 1 0 0
400	9	 1 1 1 1 0 1 0 0 1 0 1 0 0 1 0 0 0 1 0 1
400	8	 1 0 1 1 0 0 0 1 1 0 0 0 0 0 0 1 0 0 0 0
400	3	 1 1 1 1 0 1 0 1 1 0 1 0 1 1 0 0 0 0 1 0
400	2	 1 1 1 1 1 1 0 0 1 0 1 0 1 0 1 0 0 0 0 0
400	4	 0 1 1 1 0 1 0 0 0 1 1 0 0 0 0 0 0 1 0 0
400	4	 1 1 1 1 1 0 0 1 1 0 1 0 0 0 0 1 0 0 0 0
400	5	 1 0 1 1 0 0 0 1 1 0 1 1 1 1 0 1 0 0 0 0
400	8	 1 1 1 1 0 0 1 1 1 0 1 0 0 1 0 1 0 0 0 0
400	1	 1 1 0 1 0 1 0 0 1 0 1 0 0 1 0 0 0 1 1 0
400	1	 1 1 1 1 0 1 0 0 0 0 1 0 0 1 1 1 0 0 0 0
400	1	 1 1 1 1 1 1 0 0 1 0 1 1 0 1 1 1 0 0 0 0
400	1	 1 1 1 0 1 1 0 0 1 0 1 0 1 1 0 0 0 0 1 0
400	1	 1 1 1 1 0 1 0 1 1 1 1 0 1 1 1 0 0 0 1 0
400	2	 1 1 1 1 0 1 0 0 0 0 1 0 1 1 0 0 0 0 0 0
400	4	 1 1 1 1 0 0 0 1 1 0 0 0 0 0 0 0 0 0 0 0
400	1	 1 1 1 0 0 1 0 0 1 1 1 0 0 1 0 1 0 1 0 0
400	3	 1 1 1 1 0 1 1 0 1 0 1 0 1 1 0 1 0 0 0 0
400	1	 1 0 1 1 0 0 0 1 1 1 1 0 0 1 0 1 0 0 0 0
400	2	 1 1 1 0 0 1 0 1 0 0 1 0 0 1 0 1 0 0 0 0
400	3	 1 0 1 1 0 1 1 0 0 0 1 0 0 1 0 1 0 0 0 0
400	2	 1 1 1 1 1 1 0 1 1 1 1 0 0 1 0 0 0 0 0 0
400	2	 1 0 1 1 0 1 0 1 1 0 1 0 0 1 0 1 0 0 1 1
400	2	 0 1 1 1 0 0 1 0 1 0 1 0 0 1 1 1 0 0 0 0
400	1	 1 1 1 1 0 1 1 0 1 0 1 0 0 0 0 1 0 0 0 0
400	2	 1 1 0 1 0 1 0 1 1 0 1 0 0 1 0 0 0 0 0 0
400	1	 1 0 1 1 0 1 1 1 1 0 1 0 0 1 0 1 0 0 0 0
400	2	 1 1 1 1 1 0 1 1 1 1 0 0 1 1 0 1 0 0 0 0
400	1	 1 0 1 1 0 1 1 0 1 1 1 0 1 1 0 0 0 1 0 1
400	1	 1 1 1 1 0 0 0 0 1 0 1 0 0 1 0 0 0 1 0 1
400	1	 1 1 1 1 0 0 0 1 1 0 1 0 1 1 1 0 0 0 0 0
400	1	 1 0 1 1 0 1 1 1 0 0 1 0 0 1 0 1 0 0 0 0
400	1	 1 1 1 1 1 0 1 0 1 0 1 0 0 1 1 1 0 0 0 1
400	1	 1 1 1 1 1 1 0 1 1 0 1 0 1 1 1 0 0 0 0 0
400	2	 1 1 1 1 0 1 0 1 1 0 1 0 1 0 0 0 0 0 0 0
400	1	 1 1 1 0 0 1 0 1 1 0 1 0 0 1 0 1 0 0 0 0
400	1	 1 0 1 0 0 1 0 0 0 0 1 0 0 1 1 1 0 0 0 0
400	4	 1 1 1 1 0 1 0 0 1 0 1 0 0 0 0 1 0 0 1 0
400	2	 1 1 1 1 1 0 0 1 0 0 1 0 0 1 0 0 0 0 0 1
400	1	 0 1 1 1 0 0 0 1 1 0 1 0 0 1 1 1 0 0 0 0
400	3	 1 1 1 0 1 1 0 1 1 0 0 0 1 1 0 0 0 0 0 0
400	1	 1 1 1 0 1 1 0 1 1 0 1 0 1 1 0 0 0 0 1 0
500	4	 1 1 1 1 0 1 0 1 1 0 1 0 0 1 0 1 0 0 0 0
500	12	 1 1 1 1 0 0 0 1 1 0 0 0 0 0 0 1 0 0 0 0
500	33	 1 1 1 1 1 1 0 1 1 0 1 0 0 1 0 1 0 0 0 0
500	7	 1 1 1 1 0 1 0 1 1 0 1 0 1 1 1 0 0 0 0 0
500	16	 1 1 1 1 0 1 0 0 0 0 1 0 0 1 1 1 0 0 0 0
500	89	 1 1 1 1 0 1 1 0 1 0 1 0 1 1 0 1 0 0 0 0
500	32	 1 1 1 1 0 1 0 0 1 0 1 0 0 0 1 1 0 0 0 1
500	11	 1 1 1 1 0 1 0 0 0 0 1 0 0 1 0 1 0 0 0 0
500	2	 1 1 1 1 1 1 0 1 1 0 1 0 0 1 1 1 0 0 0 0
500	9	 1 1 1 1 0 1 0 1 1 0 1 0 0 1 1 1 0 0 0 0
500	3	 1 1 1 1 0 0 0 1 1 1 1 1 1 1 0 1 0 0 0 0
500	3	 1 1 1 1 1 1 0 0 0 0 1 0 0 1 1 1 0 0 0 1
500	14	 1 1 1 1 0 0 0 1 1 0 0 0 0 1 1 0 0 0 0 0
500	19	 0 1 1 1 0 1 0 0 1 0 1 0 0 1 0 1 0 0 0 0
500	14	 1 1 1 1 0 1 1 0 0 0 1 0 0 1 1 1 0 0 0 0
500	1	 1 1 1 1 1 1 1 1 1 0 1 0 1 0 0 1 0 0 0 0
500	4	 1 1 1 1 0 0 0 1 1 0 0 0 0 1 0 1 0 0 0 0
500	1	 1 1 1 1 0 1 0 0 1 1 1 0 0 1 0 1 0 0 0 0
500	4	 1 1 1 1 0 1 0 0 1 0 0 0 0 0 1 1 0 0 0 1
500	22	 1 1 1 1 0 1 0 1 1 0 1 0 0 1 1 1 0 0 0 1
500	1	 1 1 1 1 0 1 0 0 1 0 1 0 0 1 1 1 1 0 0 1
500	8	 1 1 1 1 0 0 0 1 1 0 1 0 0 1 0 1 0 1 0 0
500	22	 1 1 1 1 0 1 0 1 1 0 1 0 0 1 0 1 0 1 0 0
500	13	 1 1 1 1 0 1 0 0 0 0 1 0 0 1 0 1 0 0 1 0
500	11	 1 1 0 1 0 1 0 1 1 0 1 0 1 1 1 0 0 0 0 0
500	2	 1 1 1 1 1 1 0 1 1 0 1 0 0 0 1 1 0 0 0 1
500	1	 1 0 1 1 0 1 0 0 1 0 0 0 0 1 0 0 0 1 0 0
500	24	 1 1 1 1 0 1 1 0 1 0 1 0 1 1 1 1 0 0 0 0
500	13	 1 0 1 1 0 1 0 0 0 0 1 0 0 1 0 1 0 0 0 0
500	27	 1 1 1 1 0 1 0 0 1 0 1 0 0 1 0 1 0 0 0 0
500	5	 1 1 1 1 0 1 1 0 0 0 0 0 0 1 1 1 0 0 0 1
500	55	 1 1 1 1 0 1 1 0 1 0 1 0 0 1 0 1 0 0 0 0
500	2	 0 1 1 1 0 1 0 1 1 0 0 0 0 1 1 0 0 1 0 0
500	18	 1 1 1 1 0 1 0 1 1 0 1 1 1 0 1 1 0 0 0 0
500	9	 1 1 1 1 0 1 0 0 1 1 1 0 1 1 0 1 0 0 0 1
500	19	 1 1 1 1 0 1 0 0 1 0 1 0 0 1 1 1 0 0 1 0
500	7	 1 1 1 1 0 1 1 0 1 0 1 0 1 1 0 1 0 1 0 0
500	10	 1 1 1 1 0 1 0 0 1 0 1 0 0 0 1 1 0 0 0 0
500	5	 1 1 1 1 0 1 0 0 1 0 1 0 1 1 0 1 0 0 0 0
500	8	 1 1 1 1 0 1 1 1 1 0 1 0 0 1 1 1 0 0 0 1
500	4	 1 0 1 1 0 1 0 1 1 0 1 0 0 1 1 1 0 0 0 1
500	13	 1 1 0 1 1 1 1 0 1 1 1 0 0 1 1 1 0 0 0 0
500	11	 1 1 1 1 0 1 0 0 1 0 1 1 1 1 0 1 0 0 0 0
500	1	 1 1 1 1 1 1 0 0 1 0 0 0 0 0 1 1 0 0 0 1
500	7	 1 1 1 1 0 1 0 0 0 0 1 0 0 1 1 1 0 0 0 1
500	7	 1 1 1 1 0 1 0 0 1 0 1 0 0 0 1 0 0 1 0 1
500	11	 1 1 1 1 0 0 0 1 1 0 0 0 0 1 0 1 1 0 0 0
500	2	 1 1 1 1 1 1 0 1 1 0 1 0 1 0 0 1 0 0 0 0
500	42	 1 1 1 1 0 1 1 0 1 0 1 0 1 1 0 1 0 0 1 0
500	3	 1 1 1 0 0 1 1 1 1 0 1 0 1 1 0 1 0 0 0 0
500	7	 1 1 0 1 0 0 0 1 1 0 1 0 0 1 0 1 0 1 0 0
500	4	 1 1 1 0 0 1 0 0 1 0 1 0 0 1 0 1 0 0 0 1
500	20	 1 1 0 1 0 1 0 1 1 0 1 0 1 1 1 1 0 0 0 0
500	4	 0 1 1 1 0 0 0 1 1 0 0 0 0 1 1 0 0 1 0 0
500	7	 1 1 1 1 1 1 1 1 1 0 1 0 1 0 0 1 0 0 0 1
500	5	 1 1 1 1 0 1 0 1 1 0 1 0 1 1 1 0 0 1 0 0
500	9	 1 1 1 1 0 1 0 0 1 0 0 0 0 0 1 1 0 0 0 0
500	12	 1 1 1 0 0 1 0 1 1 0 1 0 0 1 0 1 0 0 0 0
500	2	 1 1 1 1 0 0 0 1 1 0 0 0 0 1 1 1 0 0 0 1
500	7	 1 1 1 1 0 1 0 0 0 0 1 0 0 1 0 0 0 1 0 1
500	3	 1 0 1 1 0 1 0 1 1 0 0 0 0 1 1 1 0 0 0 1
500	7	 1 1 1 1 0 1 0 0 1 0 1 0 0 1 0 0 0 0 0 0
500	1	 1 1 1 1 0 1 0 0 1 0 0 0 0 1 0 1 0 0 0 0
500	4	 1 1 1 0 0 0 0 1 1 0 1 0 0 0 1 1 0 0 0 1
500	17	 1 1 1 1 0 0 1 0 1 0 1 0 0 1 0 1 0 0 0 0
500	2	 1 1 1 1 0 1 0 1 1 0 1 0 0 1 0 1 1 0 0 0
500	2	 1 1 1 1 1 1 0 1 1 1 1 0 0 1 0 1 0 0 0 0
500	10	 1 1 1 1 0 1 1 1 0 0 1 0 0 1 1 1 0 0 0 0
500	4	 1 1 1 1 1 1 0 1 1 0 0 0 0 1 0 1 0 0 0 0
500	11	 1 1 1 1 0 1 0 0 0 0 1 0 1 1 1 1 0 0 0 0
500	2	 1 0 1 1 0 1 0 0 0 0 1 0 0 1 0 1 0 0 1 0
500	5	 1 1 1 1 1 1 1 0 1 0 1 0 0 1 0 1 0 0 0 0
500	9	 1 1 1 0 0 1 0 1 1 0 1 0 0 1 1 1 0 0 0 1
500	6	 1 1 1 1 1 1 1 0 1 0 1 0 1 1 0 1 0 0 0 0
500	12	 1 1 1 1 0 0 0 1 1 0 0 0 1 1 0 1 0 0 0 0
500	4	 1 1 1 1 0 0 0 1 1 0 1 0 0 1 1 1 0 1 0 0
500	8	 1 1 1 1 0 1 0 0 1 1 0 0 1 1 0 1 1 0 0 0
500	4	 1 1 1 1 0 1 1 1 0 0 0 0 0 1 1 1 0 0 0 0
500	4	 1 1 1 1 0 1 0 1 1 0 1 0 1 1 1 1 0 0 0 0
500	4	 1 1 1 1 0 0 0 1 1 1 0 0 0 1 0 1 0 0 0 0
500	2	 1 1 1 1 0 1 0 0 0 0 1 0 1 1 0 1 0 0 1 0
500	2	 1 1 1 1 1 1 1 0 0 0 1 0 0 1 1 1 0 0 0 0
500	5	 1 1 1 1 0 1 0 0 1 0 1 0 0 0 1 1 0 0 1 0
500	3	 0 1 1 1 0 1 1 1 0 0 1 0 0 1 1 1 0 0 0 0
500	5	 0 1 1 1 0 1 1 0 1 0 1 0 0 1 0 1 0 0 0 0
500	3	 1 1 0 1 0 1 0 0 1 0 1 0 0 0 1 1 0 0 0 1
500	2	 1 1 1 1 1 1 0 1 1 0 1 0 0 1 1 1 0 0 0 1
500	3	 1 1 1 1 0 0 0 1 1 1 1 1 1 0 0 1 0 0 0 0
500	6	 1 1 1 1 0 1 1 0 1 0 1 0 1 1 0 1 1 0 1 0
500	5	 1 1 1 1 0 1 1 1 1 0 0 0 0 1 1 0 0 1 0 0
500	6	 1 0 1 1 0 1 1 1 1 0 0 0 0 1 1 1 0 0 0 1
500	6	 1 1 1 1 1 1 0 0 1 1 1 0 0 1 0 1 0 0 0 0
500	5	 0 1 1 1 0 1 0 0 1 0 0 0 0 0 1 1 0 0 0 1
500	4	 1 1 1 1 0 1 1 0 1 0 1 0 0 1 1 1 0 0 0 0
500	6	 1 1 0 1 0 1 0 0 1 1 1 0 1 1 0 0 0 0 0 1
500	5	 1 1 1 1 0 1 0 1 1 0 0 0 1 1 0 1 0 0 0 0
500	1	 1 1 1 1 0 1 1 1 1 0 1 0 0 1 1 0 0 1 0 0
500	1	 1 1 1 0 0 1 0 0 0 0 1 0 0 1 0 1 0 0 0 0
500	2	 1 0 1 1 0 1 0 1 1 0 0 0 0 0 1 1 0 0 0 1
500	5	 1 1 1 0 0 1 1 0 1 0 1 0 1 1 0 1 0 0 0 0
500	1	 1 1 1 1 0 1 1 0 1 1 1 0 1 1 0 1 0 0 0 0
500	4	 1 1 1 1 0 1 0 0 1 0 1 0 0 1 1 1 0 0 0 1
500	2	 1 1 0 1 0 1 0 0 0 0 1 0 0 1 0 1 0 0 0 0
500	6	 1 1 1 1 0 1 0 0 0 0 1 0 0 0 0 1 0 0 0 0
500	5	 1 1 1 1 0 0 1 0 1 0 1 0 1 1 1 1 0 0 0 0
500	2	 1 1 1 1 0 1 0 0 1 0 1 1 1 1 0 1 0 0 0 1
500	1	 1 1 1 1 0 1 1 1 1 0 1 0 1 0 0 1 0 0 0 1
500	1	 1 1 1 1 0 1 1 0 0 0 1 0 0 1 0 1 0 0 0 0
500	1	 1 1 1 1 0 1 0 0 1 0 1 0 0 1 0 1 1 0 0 0
500	1	 1 1 1 1 0 1 1 0 1 0 1 0 0 1 0 1 0 1 0 0
500	3	 1 0 1 1 0 1 1 1 1 0 1 0 0 1 1 1 0 0 0 1
500	2	 1 1 1 1 0 0 0 1 1 0 0 1 0 1 0 1 1 0 0 0
500	1	 1 1 1 1 0 1 0 1 1 0 1 0 1 1 1 0 1 1 0 0
500	3	 1 1 1 1 1 1 0 1 1 0 1 0 0 1 0 1 0 0 1 0
500	1	 0 1 1 1 0 1 0 1 1 0 1 0 1 1 1 0 0 0 0 0
500	1	 1 1 1 1 1 1 0 1 1 0 1 0 1 1 1 0 0 0 0 0
500	2	 1 1 1 1 0 1 1 1 1 0 1 0 1 1 0 1 0 0 0 0
500	1	 1 1 1 1 1 1 1 1 1 0 1 1 1 0 0 1 0 0 0 1
500	4	 1 1 1 1 1 1 0 1 1 0 1 0 0 1 0 1 1 0 0 0
500	2	 1 1 1 1 0 1 1 0 1 0 1 0 1 1 0 1 1 0 0 1
500	6	 1 1 1 1 0 0 0 1 1 1 1 0 0 1 0 1 0 0 0 0
500	1	 1 1 1 1 0 1 1 0 1 1 1 0 0 1 1 1 0 0 0 0
500	1	 1 1 1 0 0 1 0 1 1 0 0 0 0 0 0 1 0 0 0 0
500	2	 0 1 1 1 1 1 0 1 1 0 1 0 0 1 0 1 0 0 0 0
500	1	 1 1 1 1 0 1 1 0 1 0 0 0 1 1 0 1 0 0 0 0
500	2	 1 1 1 1 0 1 1 0 0 0 1 0 1 1 1 1 0 0 0 0
500	1	 1 1 1 1 0 1 1 0 1 1 1 0 1 1 1 1 0 0 0 0
500	1	 1 1 1 1 0 1 0 0 1 0 1 0 0 1 0 1 0 0 0 1
500	1	 1 1 1 1 0 1 0 1 1 0 1 0 0 1 1 1 0 0 1 0
500	1	 1 1 1 1 0 1 0 0 1 0 1 0 1 0 1 1 0 0 0 0
500	1	 1 1 1 0 0 1 0 0 1 0 1 1 1 1 0 1 0 0 0 0
500	1	 1 1 1 1 0 1 0 0 0 0 1 1 1 1 0 1 0 0 0 0
500	3	 1 1 1 1 0 0 1 0 1 0 1 0 0 1 0 0 0 0 0 0
600	84	 1 1 1 1 0 1 0 0 0 0 1 0 0 1 1 1 0 0 0 0
600	3	 1 1 1 1 0 1 1 0 0 0 1 0 0 1 1 1 0 0 0 0
600	20	 1 1 1 1 0 0 0 1 1 0 0 0 0 1 0 1 0 0 0 0
600	56	 1 1 1 1 0 1 0 0 1 0 1 0 0 1 0 0 0 0 0 0
600	13	 1 1 1 1 0 0 0 1 1 0 1 0 1 1 1 1 0 0 0 0
600	5	 1 1 1 1 0 1 0 0 1 0 1 0 1 1 1 1 0 0 0 0
600	1	 1 1 1 1 0 1 1 0 0 0 1 0 0 1 0 1 0 0 0 1
600	9	 1 1 1 1 1 1 1 0 0 1 0 0 0 1 1 1 0 0 0 0
600	1	 1 1 1 1 1 1 1 0 0 0 0 0 0 0 1 1 0 0 0 0
600	12	 1 1 1 1 0 1 0 0 1 1 0 0 0 1 0 1 0 0 0 0
600	9	 1 1 1 1 1 1 1 0 0 0 0 0 0 1 0 1 0 0 0 0
600	30	 1 1 1 0 1 1 1 0 0 1 1 0 0 1 1 1 1 0 0 0
600	3	 1 1 1 1 1 1 0 0 1 0 1 0 1 1 1 1 0 0 0 0
600	58	 1 1 1 1 1 0 1 1 1 0 0 1 0 1 0 1 0 1 0 0
600	32	 1 1 1 1 0 1 0 0 1 0 1 0 1 1 1 0 0 0 0 0
600	2	 0 0 1 1 1 1 1 0 0 0 1 0 0 1 1 1 0 0 0 0
600	3	 1 1 1 1 0 1 0 0 1 1 1 0 0 1 0 1 0 1 0 0
600	36	 1 1 1 1 0 0 1 1 1 0 1 0 0 1 0 0 0 0 0 0
600	8	 1 1 1 1 0 0 0 1 1 0 1 0 1 1 1 1 1 0 0 0
600	13	 0 1 1 1 0 1 0 1 0 0 1 0 0 1 1 1 0 0 0 0
600	5	 1 1 1 1 0 1 0 0 0 0 0 0 1 1 0 1 0 0 0 1
600	29	 1 1 1 1 0 0 0 0 1 0 1 0 1 0 0 1 0 0 0 0
600	7	 1 1 1 0 0 1 0 0 1 0 1 0 1 1 0 1 0 0 0 0
600	3	 1 1 1 1 1 0 1 1 1 0 1 0 0 1 1 1 0 0 0 0
600	6	 1 1 1 0 0 1 0 0 0 0 1 0 0 1 1 1 0 0 0 0
600	2	 1 1 1 1 1 1 1 0 0 0 1 0 0 0 1 1 0 1 0 0
600	12	 1 1 1 1 0 0 0 1 1 0 1 0 0 1 1 1 0 1 0 0
600	23	 1 1 1 1 1 1 1 0 0 0 1 0 0 1 1 1 0 0 0 0
600	4	 1 1 0 1 0 1 0 0 0 0 1 1 0 1 1 1 0 0 0 0
600	1	 1 0 1 1 0 1 0 0 1 1 0 0 0 1 0 1 0 0 0 0
600	1	 1 1 1 1 0 1 0 0 1 0 1 0 0 1 0 0 1 0 0 0
600	33	 1 1 1 1 0 0 0 0 1 0 1 0 0 0 0 1 0 0 0 0
600	14	 1 1 1 1 0 1 1 0 1 0 1 0 1 1 1 1 0 0 0 1
600	19	 1 1 1 1 0 1 0 0 0 0 1 0 0 1 1 1 0 0 1 0
600	2	 1 1 1 1 1 0 1 0 0 1 1 0 0 1 1 1 1 0 0 0
600	33	 1 1 1 1 1 0 1 1 1 0 1 0 1 0 0 1 0 0 0 0
600	13	 1 1 1 1 0 1 0 1 0 0 1 0 1 1 1 0 0 0 0 0
600	2	 1 1 1 1 1 1 0 0 1 0 0 0 0 0 0 1 0 0 0 1
600	2	 1 1 0 1 0 1 1 0 0 0 1 0 0 1 0 1 0 0 0 0
600	18	 1 1 1 1 0 1 1 0 0 0 1 0 0 1 0 1 0 1 0 0
600	16	 1 1 1 1 1 1 0 0 1 0 1 0 0 0 0 1 0 1 0 0
600	1	 1 1 1 1 1 1 1 0 0 0 0 0 0 0 0 1 0 0 0 0
600	10	 1 1 1 1 1 1 1 0 0 1 1 0 0 1 0 1 0 0 0 0
600	19	 1 1 1 1 0 0 0 1 1 0 1 0 1 1 1 1 0 1 0 0
600	29	 1 1 1 1 1 1 0 0 1 0 0 0 0 0 0 1 0 0 0 0
600	2	 1 1 1 1 0 1 1 0 1 0 0 0 0 1 0 1 0 0 0 0
600	16	 1 1 1 1 0 1 1 0 0 1 1 0 0 1 1 1 1 0 0 0
600	11	 1 1 1 1 1 1 0 0 0 0 1 0 0 1 1 1 0 0 0 0
600	4	 1 1 1 1 1 1 1 0 0 0 0 0 0 1 1 1 0 0 0 0
600	4	 1 1 1 1 0 0 1 1 1 1 1 0 0 1 0 0 0 0 0 0
600	6	 1 1 1 1 0 1 0 0 0 1 1 0 0 0 0 1 0 1 0 0
600	10	 1 1 1 1 1 0 0 0 1 0 0 1 0 1 0 1 0 0 0 1
600	6	 1 1 1 1 0 1 1 0 0 0 1 0 1 1 1 0 0 0 0 0
600	2	 0 1 1 1 0 1 0 1 1 0 1 0 1 0 0 0 0 0 0 0
600	6	 1 1 1 1 0 1 0 0 1 0 1 0 0 0 0 0 0 0 0 0
600	7	 1 1 1 0 0 1 0 0 0 0 1 0 0 1 1 1 0 1 0 0
600	12	 1 1 1 1 1 1 1 0 0 1 1 0 0 1 1 1 1 0 0 0
600	2	 0 1 1 0 0 1 0 0 1 0 1 0 1 1 0 1 0 0 0 0
600	14	 1 1 1 1 0 0 0 0 1 0 1 0 0 0 0 1 0 1 0 0
600	1	 1 1 1 0 1 1 1 0 0 1 1 0 0 0 1 1 1 0 0 0
600	2	 1 1 1 1 1 1 0 0 1 1 1 0 1 1 0 1 0 0 0 1
600	8	 1 1 1 1 0 1 0 0 1 0 1 1 1 1 1 1 0 0 0 0
600	4	 1 1 1 1 0 1 0 0 0 0 1 0 0 0 1 1 0 0 0 0
600	1	 1 1 1 1 1 1 1 0 0 0 1 0 0 1 1 1 0 1 0 0
600	17	 1 1 1 1 0 1 0 0 0 0 1 0 1 1 0 1 0 0 0 0
600	4	 1 1 0 1 0 1 1 0 0 0 1 0 0 1 0 1 0 1 0 0
600	3	 1 1 1 1 0 1 0 0 0 0 1 0 0 0 1 0 0 1 0 0
600	6	 1 1 1 1 0 0 0 1 1 0 0 0 0 1 0 1 0 1 0 0
600	1	 1 1 1 1 1 1 0 0 1 0 1 0 0 1 0 1 0 1 0 0
600	3	 1 1 1 1 0 0 0 1 1 0 1 0 1 1 0 1 0 0 0 0
600	1	 1 1 1 1 0 0 0 0 0 0 1 0 0 1 1 1 0 0 0 0
600	2	 1 1 1 1 0 1 0 0 1 1 0 1 0 1 0 1 0 0 0 0
600	5	 0 1 1 1 0 1 0 1 1 1 1 0 1 0 0 0 0 0 0 0
600	3	 1 1 1 1 0 0 0 1 1 0 1 0 1 1 1 1 1 0 0 1
600	1	 1 1 0 1 1 1 1 0 0 1 1 0 0 1 0 1 0 0 0 0
600	3	 0 0 1 1 0 1 0 1 1 0 1 0 1 0 0 0 0 0 0 0
600	1	 1 1 1 1 0 1 0 0 1 0 1 1 0 0 0 0 0 0 0 0
600	3	 1 1 1 1 1 0 1 0 0 0 1 0 0 0 1 1 0 1 0 0
600	3	 0 0 1 1 1 1 1 0 0 0 0 0 0 1 1 1 0 0 0 0
600	1	 1 1 1 1 0 1 0 0 1 0 1 1 0 1 0 0 1 0 0 0
600	3	 0 1 1 1 0 1 1 0 0 0 1 0 1 1 1 0 0 0 0 0
600	3	 1 1 1 1 0 1 1 1 0 0 0 0 0 0 1 1 0 0 0 0
600	1	 1 1 1 1 0 1 0 0 1 1 0 1 0 1 0 1 0 1 0 0
600	3	 1 1 1 1 1 1 0 0 1 0 1 0 0 1 1 1 0 0 0 0
600	3	 1 1 1 1 1 0 1 1 1 0 1 0 0 1 0 0 0 0 0 0
600	1	 1 1 1 1 0 0 0 0 1 0 1 0 1 1 1 0 0 0 0 0
600	3	 1 1 1 1 0 1 0 1 0 0 1 0 0 1 1 1 0 0 0 0
600	6	 1 0 1 1 1 0 1 1 1 0 0 1 0 1 0 1 0 1 0 0
600	6	 0 1 1 1 1 1 1 0 0 0 1 0 0 1 1 1 0 0 0 0
600	6	 1 1 1 1 0 1 1 1 1 0 1 0 0 1 0 0 0 0 0 0
600	3	 1 1 1 1 0 1 1 1 1 0 1 0 1 1 1 1 0 0 0 1
600	1	 1 0 1 1 1 1 0 0 1 0 0 0 0 0 0 1 0 0 0 0
600	10	 1 1 1 1 1 1 1 0 0 0 0 0 0 1 1 1 0 0 0 1
600	7	 1 1 1 1 0 0 0 0 0 1 1 0 0 0 0 1 0 1 0 0
600	7	 1 1 1 1 1 0 0 0 1 0 1 0 0 0 0 1 0 1 0 0
600	4	 1 1 1 0 0 1 1 1 1 0 1 0 0 1 0 0 0 0 0 0
600	1	 1 1 1 1 1 1 1 1 1 0 1 0 1 1 1 1 0 0 0 1
600	5	 1 1 1 1 0 1 0 0 0 0 1 0 0 1 0 1 0 0 0 0
600	4	 1 1 1 1 1 0 1 1 0 0 0 1 0 1 0 1 0 1 0 0
600	2	 1 1 1 1 0 0 1 1 1 0 1 1 0 1 0 0 0 0 0 0
600	6	 1 1 1 0 0 0 0 0 1 0 1 0 1 0 0 1 0 0 0 0
600	1	 1 1 0 1 0 0 0 0 0 0 1 1 0 1 1 1 0 0 0 0
600	1	 1 1 1 1 0 0 0 1 1 1 1 0 0 1 0 1 0 0 0 0
600	1	 1 1 1 1 0 1 1 1 1 0 0 0 0 1 0 1 0 0 0 0
600	1	 1 0 1 1 0 1 0 0 1 0 1 0 1 1 1 0 0 0 0 0
600	2	 1 1 1 1 0 1 1 0 0 0 1 0 0 0 0 1 0 1 0 0
600	2	 1 1 1 1 0 1 0 0 1 0 0 0 1 1 1 0 0 0 0 0
600	1	 0 0 1 1 1 1 1 0 0 0 1 0 0 1 0 1 0 0 0 0
600	1	 1 1 1 1 1 1 1 0 0 0 1 0 0 1 1 1 1 0 0 0
600	2	 1 1 1 1 1 1 0 0 1 0 0 0 1 0 0 1 0 0 0 0
600	5	 1 1 1 1 1 1 0 0 0 0 1 1 0 1 1 1 0 0 0 0
600	2	 0 1 1 1 1 1 1 0 0 0 1 0 0 1 1 1 0 1 0 0
600	1	 1 1 1 1 0 0 1 1 1 0 1 0 0 0 0 1 0 0 0 0
600	1	 1 1 0 1 0 1 0 0 0 0 1 1 0 1 0 1 0 1 0 0
600	2	 1 1 1 1 1 1 0 0 1 0 1 0 0 0 0 1 0 0 0 1
600	1	 1 1 1 1 0 1 0 0 0 0 1 0 0 1 1 1 1 0 0 0
600	1	 1 1 1 1 0 1 0 0 0 0 1 1 0 1 1 1 0 0 0 0
600	2	 0 1 1 1 0 0 0 1 1 0 0 0 0 1 0 1 0 0 0 0
600	2	 1 1 1 1 0 0 0 1 1 0 0 0 1 1 1 1 0 0 0 0
600	1	 0 1 1 1 0 0 0 1 1 0 1 0 1 1 1 1 0 0 0 0
600	3	 1 1 1 1 1 0 1 1 1 0 0 0 0 1 0 1 0 1 0 0
600	3	 1 1 1 1 0 1 0 1 1 0 1 0 1 1 1 0 0 0 0 0
600	1	 1 1 1 1 0 0 1 1 1 0 1 0 1 1 0 0 0 0 0 0
600	1	 0 1 1 1 1 1 1 0 0 0 1 0 0 1 0 1 0 1 0 0
700	5	 1 1 1 1 0 1 0 0 0 0 1 0 0 1 1 1 0 0 0 0
700	17	 1 1 1 1 0 0 0 1 1 0 1 0 1 1 1 1 0 0 0 0
700	15	 1 1 1 1 1 1 1 0 0 1 0 0 0 1 1 1 0 0 0 0
700	11	 1 1 1 1 0 1 0 0 1 0 1 0 1 1 1 0 0 0 0 0
700	18	 1 1 1 1 1 0 1 1 1 0 1 0 1 0 0 1 0 0 0 0
700	6	 1 1 1 1 0 0 1 1 1 0 1 1 0 1 0 0 0 0 0 0
700	6	 1 1 1 1 1 1 0 0 0 0 1 1 0 1 1 1 0 0 0 0
700	3	 1 1 1 1 0 1 0 0 0 0 1 1 0 1 0 0 1 0 0 0
700	19	 1 1 1 0 1 0 1 1 1 0 1 0 1 0 0 1 0 0 0 0
700	77	 1 1 1 1 0 1 0 0 1 0 1 0 1 0 0 1 0 0 0 0
700	22	 1 1 1 1 1 1 0 0 1 1 0 0 0 0 0 1 0 0 0 0
700	6	 1 1 1 1 0 1 0 0 0 0 1 0 0 1 0 1 0 1 0 0
700	39	 1 1 1 1 1 1 0 0 0 0 1 0 0 1 1 1 0 0 0 0
700	5	 1 1 1 1 0 1 0 0 0 0 1 1 0 1 0 1 1 0 0 0
700	37	 1 1 1 1 0 1 1 0 0 0 0 0 0 1 1 1 0 0 0 0
700	14	 1 1 0 1 0 0 0 1 1 0 0 0 0 1 0 1 0 0 0 0
700	26	 1 1 1 1 1 0 1 1 1 0 1 1 0 1 0 0 1 0 0 0
700	50	 1 1 1 1 1 1 1 0 0 0 0 0 0 0 1 1 0 0 0 0
700	3	 1 1 1 1 0 0 0 1 0 0 1 0 1 1 1 0 1 0 0 0
700	3	 1 1 1 1 1 1 1 0 0 0 0 0 0 1 1 1 0 0 0 1
700	7	 1 1 1 1 1 1 0 0 0 0 1 0 1 1 1 1 0 0 1 0
700	7	 1 1 1 1 0 1 0 0 1 0 1 0 0 0 0 1 0 0 0 0
700	1	 1 1 1 1 0 1 0 0 0 1 0 0 0 1 1 1 0 0 1 0
700	10	 1 1 1 0 1 1 0 0 1 0 0 1 1 0 0 1 0 0 0 0
700	8	 1 1 1 1 0 0 0 1 1 0 1 0 0 1 1 1 0 0 0 0
700	1	 1 1 1 1 1 1 0 0 0 0 1 0 0 1 1 1 0 0 1 0
700	2	 0 1 1 1 0 1 0 0 1 0 1 0 0 1 1 1 0 0 0 0
700	8	 1 1 1 1 0 0 1 1 1 0 1 0 0 1 1 1 0 0 0 0
700	5	 1 1 1 1 0 0 1 1 1 0 1 1 0 1 0 0 0 0 1 0
700	4	 1 1 1 1 0 0 1 1 1 0 1 1 1 1 1 1 0 0 0 0
700	2	 0 1 1 1 0 0 1 1 1 0 1 0 1 0 0 1 0 0 0 0
700	24	 1 1 1 1 0 1 1 1 1 0 1 1 0 1 0 0 0 0 0 0
700	5	 1 1 1 1 0 1 0 0 1 0 1 0 0 1 1 1 0 1 0 0
700	1	 0 1 1 1 0 0 0 1 1 0 1 0 0 1 1 1 0 0 0 0
700	8	 1 1 1 1 0 1 0 0 0 0 0 0 0 1 1 1 0 0 0 0
700	17	 1 1 1 1 0 0 0 1 1 0 1 1 0 1 0 0 0 0 1 0
700	6	 1 1 1 1 0 0 1 1 1 0 0 1 0 1 0 0 0 0 0 0
700	34	 1 1 1 1 1 0 0 1 1 0 0 0 0 1 0 1 0 0 0 0
700	2	 0 1 1 1 0 1 0 0 0 0 1 0 0 1 1 1 0 1 0 0
700	7	 1 1 1 1 0 0 0 1 1 1 1 0 1 0 1 1 0 0 0 1
700	8	 1 1 1 1 0 1 0 0 1 0 0 0 0 1 1 1 0 0 0 1
700	13	 1 1 1 1 0 0 1 1 1 0 1 0 1 1 1 1 0 0 0 0
700	11	 1 1 0 1 0 0 0 1 1 0 0 0 0 0 0 1 0 0 0 0
700	3	 1 1 1 1 0 1 1 0 0 0 0 0 0 0 1 1 0 0 0 0
700	18	 1 1 1 1 1 0 1 1 1 0 1 0 0 0 1 1 0 0 0 0
700	2	 1 1 1 1 0 0 0 0 0 0 1 0 1 1 1 1 0 0 1 0
700	21	 1 1 1 1 0 0 1 1 1 0 1 0 0 1 0 1 0 1 0 0
700	1	 0 1 1 1 0 0 0 1 1 0 1 0 1 1 1 1 1 1 0 0
700	7	 1 1 1 0 1 0 1 1 1 0 1 0 0 0 0 1 0 1 0 0
700	9	 1 1 1 1 0 1 0 0 1 0 1 0 0 1 1 1 0 0 0 0
700	8	 1 1 1 1 1 1 1 0 1 1 0 0 0 1 1 1 0 0 0 1
700	5	 1 1 1 1 0 1 0 0 0 0 0 1 0 1 0 0 0 0 0 0
700	1	 1 1 1 1 0 1 0 0 1 1 0 0 0 0 0 1 0 0 0 0
700	3	 1 0 1 1 0 1 0 0 0 0 1 0 0 1 1 1 0 0 0 0
700	8	 1 1 1 1 0 0 1 1 1 1 1 1 1 1 1 1 0 0 0 0
700	10	 1 1 1 1 0 0 1 0 1 1 0 0 1 1 1 1 0 0 0 0
700	2	 1 1 1 1 1 1 0 0 0 0 1 0 0 1 0 1 0 0 0 0
700	10	 1 1 1 1 1 1 0 0 1 0 0 0 0 0 1 1 0 0 0 0
700	4	 1 1 1 1 0 0 1 1 1 0 1 0 0 0 1 1 0 0 0 0
700	7	 1 1 1 1 1 1 0 1 1 0 1 0 1 1 0 0 1 0 0 0
700	3	 1 1 1 1 0 1 0 0 1 0 1 0 0 1 0 1 0 1 0 0
700	4	 1 1 0 1 1 1 1 0 0 0 0 0 0 1 1 1 0 0 0 1
700	1	 0 1 1 1 1 1 0 0 1 0 0 0 0 0 0 1 0 0 0 0
700	2	 1 1 1 1 1 1 0 0 0 0 1 0 0 1 0 1 0 1 0 0
700	9	 1 1 1 1 1 1 1 0 0 0 0 1 0 1 0 0 0 0 0 0
700	5	 1 1 0 1 0 1 0 0 1 0 1 0 1 0 0 1 0 0 0 0
700	6	 1 1 1 1 0 1 1 1 1 0 1 1 1 1 0 0 0 0 0 0
700	23	 1 1 1 1 0 1 0 0 0 0 0 0 1 1 1 1 0 0 0 0
700	2	 1 1 1 1 1 1 1 0 1 0 1 1 0 1 0 0 0 0 1 0
700	10	 1 1 1 1 1 1 0 0 0 0 1 0 1 0 0 1 0 0 0 0
700	8	 1 1 1 1 0 0 1 1 1 0 1 0 1 0 1 1 0 0 0 0
700	7	 1 1 1 1 0 0 1 1 0 0 0 0 0 0 0 1 0 0 0 0
700	3	 1 1 1 1 0 1 0 0 1 0 0 0 0 1 1 1 1 0 0 1
700	4	 1 1 1 1 1 1 1 0 0 0 1 0 0 0 0 1 0 0 0 0
700	7	 1 1 0 0 1 0 1 1 1 0 1 0 1 0 0 1 0 0 0 0
700	2	 1 1 1 1 1 1 0 0 0 0 1 0 1 1 1 1 0 0 0 0
700	10	 1 1 1 0 1 0 1 1 1 0 1 1 0 1 0 0 1 0 0 0
700	5	 1 1 1 1 1 1 1 0 1 0 1 0 1 1 1 0 0 0 0 0
700	14	 1 1 1 0 1 0 1 1 1 0 1 0 1 0 0 1 0 0 0 1
700	1	 1 1 1 1 0 1 0 0 1 1 1 0 1 0 0 1 0 0 0 0
700	8	 1 1 1 0 1 0 1 1 1 0 1 0 0 0 0 1 0 0 0 0
700	1	 1 1 1 0 0 0 1 1 1 0 1 0 0 0 0 1 0 0 0 0
700	5	 1 1 1 1 1 0 0 1 1 0 0 0 0 1 0 1 0 0 1 0
700	4	 1 1 1 1 0 1 1 0 0 0 1 1 0 1 1 0 0 0 0 0
700	1	 1 1 1 0 0 0 1 1 1 0 1 1 0 1 0 0 0 0 0 0
700	2	 1 1 1 1 0 1 0 0 1 0 1 0 1 0 0 1 0 1 0 0
700	3	 1 1 1 0 0 1 0 0 1 0 1 0 1 0 0 1 0 0 0 0
700	1	 1 0 1 1 0 1 1 0 0 0 0 0 0 1 1 1 0 0 0 0
700	3	 1 1 1 1 1 1 1 0 0 0 0 0 1 0 0 1 0 0 0 0
700	8	 1 1 1 1 1 0 1 1 1 1 1 0 1 0 0 1 0 0 0 0
700	8	 1 1 0 1 1 0 1 1 1 0 1 0 1 0 0 1 0 0 0 0
700	2	 1 1 1 1 0 0 0 0 1 0 1 0 1 0 0 1 0 0 0 0
700	10	 1 1 1 1 0 0 1 1 0 0 1 0 1 1 1 0 1 0 0 0
700	6	 1 1 1 1 0 1 0 0 1 0 0 0 0 0 0 1 0 0 0 0
700	7	 1 1 0 0 0 0 0 1 1 0 1 0 0 1 0 1 0 0 0 0
700	7	 1 1 1 1 0 0 1 1 1 0 1 1 0 1 0 1 0 1 0 0
700	2	 1 1 1 1 1 1 0 0 0 0 0 0 0 1 0 1 0 0 0 0
700	4	 1 1 1 1 1 1 0 0 1 0 1 0 1 0 0 1 0 0 0 0
700	2	 1 1 1 1 0 0 0 0 0 0 1 0 1 1 1 1 0 0 0 0
700	4	 1 1 1 1 0 0 1 1 1 0 1 0 0 0 0 1 1 0 0 0
700	3	 1 1 0 0 1 1 0 0 1 0 0 1 1 0 0 1 0 0 0 0
700	2	 1 1 1 1 0 1 0 0 1 0 0 1 0 1 0 0 0 0 0 0
700	3	 1 1 1 1 0 0 1 0 1 0 1 0 1 0 0 1 0 0 0 0
700	6	 1 1 1 1 1 1 1 0 0 0 0 1 0 0 0 1 0 0 0 0
700	1	 1 1 1 0 1 1 0 1 1 0 0 1 0 1 0 0 0 0 0 0
700	5	 1 1 1 1 0 0 0 1 1 0 1 0 1 1 1 1 0 0 0 1
700	1	 1 1 1 1 1 1 0 0 1 1 0 0 0 0 0 1 0 1 0 0
700	3	 0 1 1 1 0 0 1 1 1 0 1 0 0 1 1 1 0 0 0 0
700	3	 1 1 1 1 0 0 1 1 1 0 0 0 0 1 0 0 0 0 0 0
700	1	 1 1 1 1 1 1 1 0 1 1 0 0 0 1 1 0 0 0 0 1
700	4	 1 1 1 1 0 1 0 0 0 0 0 1 0 1 0 0 0 0 0 1
700	6	 1 1 1 1 0 0 1 1 1 1 1 1 0 1 1 1 0 0 0 0
700	3	 0 1 1 1 1 1 0 0 1 0 0 1 0 0 0 1 0 0 0 0
700	5	 0 1 1 1 1 1 0 1 1 0 0 0 0 0 0 1 0 0 0 0
700	6	 1 1 1 1 0 1 0 0 1 0 1 0 1 0 1 1 0 1 0 0
700	3	 1 1 1 1 1 1 0 0 0 0 1 0 1 1 1 1 0 0 0 1
700	1	 1 1 1 1 0 1 1 0 0 0 0 0 0 1 0 1 0 0 0 0
700	1	 1 1 0 1 0 0 0 1 1 0 0 0 0 1 0 1 0 0 0 1
700	4	 0 1 1 1 0 0 0 1 1 0 1 0 0 1 1 1 0 0 0 1
700	3	 1 1 1 1 1 1 1 0 1 1 0 0 0 0 1 1 0 0 0 1
700	1	 1 1 1 1 0 1 0 0 0 0 1 0 0 1 1 1 0 0 0 1
700	2	 0 1 1 1 0 0 0 1 0 1 0 0 0 1 1 1 0 0 0 0
700	3	 1 1 0 0 1 0 1 1 0 0 0 0 0 0 1 1 0 0 0 0
700	1	 1 1 1 1 0 1 0 0 0 0 1 1 0 1 0 0 1 0 0 1
700	1	 1 1 1 1 1 0 0 1 1 0 0 0 1 1 0 1 0 0 0 0
700	4	 1 1 1 1 0 1 0 0 0 1 0 0 1 1 1 1 0 0 0 0
700	1	 1 1 1 1 0 1 0 0 1 0 1 0 0 1 0 1 0 0 0 0
700	2	 1 1 1 1 0 1 1 0 0 0 0 0 0 1 1 1 0 1 0 0
700	1	 1 1 1 1 0 1 1 0 1 0 1 0 1 0 0 1 0 0 0 0
700	2	 1 0 1 1 0 0 0 1 1 0 1 0 1 1 1 1 0 0 0 0
700	2	 1 1 1 1 0 1 1 0 0 0 0 0 1 1 1 1 0 0 0 0
700	1	 1 1 1 1 1 0 1 1 1 0 1 0 0 1 0 0 1 0 0 0
700	2	 0 1 1 1 1 1 1 0 0 0 0 0 0 0 1 1 0 0 0 0
700	2	 0 1 1 1 0 1 1 1 1 0 1 1 0 1 0 0 0 0 0 0
700	2	 1 1 1 1 1 0 0 1 0 0 0 0 0 1 0 1 0 0 0 0
700	2	 1 1 1 1 0 0 1 1 0 0 0 0 0 0 0 1 0 1 0 0
700	1	 1 1 1 0 1 0 1 1 1 0 1 1 0 0 0 1 0 0 0 0
800	11	 1 1 1 1 0 1 0 0 1 0 1 0 1 0 0 1 0 0 0 0
800	63	 1 1 1 1 1 1 1 0 0 0 0 0 0 0 1 1 0 0 0 0
800	51	 1 1 1 1 0 1 0 0 1 0 1 0 0 0 0 1 0 0 0 0
800	39	 1 1 1 1 0 1 0 0 0 0 0 0 0 1 1 1 0 0 0 0
800	56	 1 1 1 1 0 1 0 0 0 0 0 0 1 1 1 1 0 0 0 0
800	6	 1 1 1 1 1 1 0 0 0 0 1 0 1 0 0 1 0 0 0 0
800	6	 1 1 1 1 1 1 1 0 0 1 0 0 0 0 1 1 0 0 0 0
800	55	 1 1 1 1 0 1 1 0 0 0 0 0 0 1 0 0 0 0 0 0
800	15	 1 1 1 1 1 1 1 0 0 0 0 0 0 1 0 1 0 0 0 0
800	3	 1 1 1 1 1 1 1 0 1 0 0 0 0 1 1 1 0 0 0 0
800	6	 1 1 1 1 0 1 1 0 0 0 1 0 0 1 1 1 0 0 0 0
800	6	 1 1 1 1 1 1 1 0 0 0 0 0 0 1 0 0 0 0 0 0
800	1	 1 1 1 1 0 1 0 1 0 0 1 0 1 0 0 1 0 0 0 0
800	28	 1 1 1 1 0 1 1 0 0 0 0 0 1 1 1 1 0 0 0 0
800	2	 1 1 1 1 1 1 1 0 0 0 0 0 0 1 1 1 0 0 0 0
800	13	 1 1 1 1 1 1 0 1 0 1 1 0 0 0 0 1 0 0 0 0
800	25	 1 1 1 0 0 1 1 0 0 0 0 0 1 1 1 1 0 0 0 0
800	11	 1 1 1 0 1 1 1 0 0 1 0 0 0 1 1 1 0 0 0 0
800	6	 1 1 1 1 1 1 1 0 0 0 0 0 0 0 1 1 0 0 1 0
800	4	 1 1 1 1 1 0 1 1 1 0 1 1 1 0 0 1 0 0 0 0
800	20	 1 1 1 1 0 1 0 0 0 0 0 0 1 1 1 1 0 0 0 1
800	3	 1 0 1 1 0 1 1 0 0 0 0 1 0 0 1 1 0 0 0 0
800	15	 1 1 1 1 1 1 1 0 0 0 0 0 1 1 1 1 0 0 0 0
800	1	 1 1 1 1 0 1 0 0 1 0 1 0 1 1 0 1 0 0 0 1
800	7	 1 1 0 1 1 1 0 0 0 0 1 0 0 1 0 1 0 0 0 0
800	4	 1 0 1 1 0 1 0 0 1 0 1 0 0 0 0 1 0 0 0 0
800	24	 1 1 1 0 0 1 0 1 1 0 1 0 1 1 1 1 0 0 0 0
800	6	 1 1 1 1 0 0 1 0 1 0 1 0 1 1 0 1 0 0 0 0
800	4	 1 1 1 1 0 1 0 0 1 0 1 0 1 0 0 1 0 0 1 0
800	14	 1 0 1 1 0 1 1 0 0 0 0 0 0 1 0 1 0 0 0 0
800	14	 1 1 1 1 1 1 1 1 0 0 0 0 0 1 0 1 0 0 0 0
800	15	 1 1 1 1 0 1 0 0 1 0 0 0 1 1 1 1 0 0 0 0
800	12	 1 1 1 1 1 1 1 0 1 0 0 0 0 1 0 1 0 0 0 0
800	8	 1 1 1 1 0 1 1 0 0 1 0 0 0 1 1 1 0 0 0 0
800	14	 1 1 1 1 1 1 1 0 0 0 0 0 0 0 0 1 0 0 0 0
800	3	 1 0 1 0 1 1 1 0 0 0 0 0 1 1 1 1 0 0 0 0
800	2	 1 1 1 1 0 1 0 1 1 1 1 0 1 0 0 1 0 0 0 0
800	10	 1 1 1 1 0 1 0 1 0 0 0 0 0 0 1 1 0 0 0 0
800	25	 1 1 1 1 0 1 1 0 0 0 0 0 0 1 1 1 0 0 0 0
800	9	 1 1 1 1 0 1 0 0 0 0 0 0 1 1 0 1 0 0 0 0
800	18	 1 1 1 1 0 1 1 0 0 0 1 0 0 1 0 0 0 0 0 0
800	5	 1 1 1 0 0 1 0 0 1 0 1 0 1 1 0 1 0 0 0 1
800	7	 1 1 1 1 0 1 1 0 1 0 0 0 0 1 1 1 0 0 0 0
800	1	 1 1 1 1 0 1 1 0 0 0 0 0 1 0 0 1 0 0 0 0
800	3	 1 1 1 1 0 1 1 0 1 0 0 0 0 1 0 1 0 0 0 0
800	8	 1 1 1 1 0 1 0 0 0 0 0 0 0 1 1 1 0 1 0 0
800	1	 1 1 1 1 0 1 1 0 0 0 1 0 0 1 1 1 0 1 0 0
800	13	 1 1 1 1 0 0 0 0 0 0 0 0 0 1 1 1 0 0 0 0
800	5	 1 1 1 1 0 1 0 1 0 0 0 0 1 1 1 1 0 0 0 0
800	7	 1 1 1 1 0 1 1 0 0 0 1 0 0 1 1 1 1 0 0 0
800	11	 1 1 1 0 1 0 1 1 1 0 1 1 1 0 0 1 0 0 0 0
800	2	 1 1 1 1 0 0 1 1 1 0 1 0 1 0 0 1 0 0 0 0
800	3	 1 0 1 1 1 1 0 0 1 0 1 0 0 0 0 1 0 0 0 0
800	7	 1 1 1 1 0 1 0 0 1 1 1 0 1 0 0 0 0 0 0 0
800	19	 1 1 1 1 1 1 1 0 0 0 0 0 0 1 1 1 0 1 0 0
800	11	 1 1 1 1 1 0 1 0 0 0 0 0 0 1 0 0 0 0 0 0
800	10	 1 0 1 1 0 1 0 0 0 0 0 0 0 1 1 1 0 0 0 0
800	13	 1 1 1 1 1 1 1 0 0 0 0 0 1 0 0 1 0 0 0 0
800	13	 1 1 1 1 0 1 0 1 0 0 0 0 0 1 0 0 0 0 0 0
800	5	 1 1 1 1 1 1 0 1 0 1 1 1 0 0 0 1 0 0 0 0
800	17	 1 1 1 1 1 1 1 1 1 0 1 0 0 0 0 1 0 0 0 0
800	4	 1 1 1 1 0 1 1 0 0 0 0 0 0 1 0 1 0 0 0 0
800	12	 1 1 1 1 0 1 0 0 1 0 0 0 1 1 1 1 0 1 0 0
800	15	 1 1 1 1 1 1 1 0 0 0 0 0 1 0 0 1 1 0 0 0
800	4	 1 1 1 1 1 0 1 1 1 1 0 0 0 1 1 1 0 0 0 0
800	3	 1 1 1 1 1 1 1 0 0 0 1 0 0 1 0 0 0 0 0 0
800	2	 1 1 1 1 1 1 1 0 0 0 0 0 0 0 1 1 1 0 1 0
800	3	 1 1 1 1 1 1 1 1 0 1 0 0 0 1 0 1 0 0 0 0
800	3	 1 1 1 1 0 0 0 0 0 0 0 1 0 1 1 1 0 0 0 0
800	3	 1 1 1 1 0 1 0 0 0 0 0 0 1 1 1 0 0 0 0 0
800	10	 1 1 0 1 0 1 0 0 0 0 0 0 0 1 1 1 0 0 0 0
800	4	 1 1 1 1 0 1 1 0 0 0 0 0 0 1 0 0 0 0 0 1
800	7	 1 1 1 0 0 1 1 0 0 0 0 0 1 1 1 1 0 1 0 0
800	10	 1 1 1 1 1 1 1 0 0 1 0 0 0 1 1 1 0 0 0 0
800	1	 1 1 1 1 1 1 0 0 1 0 1 0 1 0 0 0 0 0 1 0
800	7	 1 1 0 0 1 1 1 0 0 0 0 0 1 1 1 1 0 0 0 0
800	3	 1 1 1 1 1 1 1 1 0 0 1 0 0 1 1 1 0 0 0 0
800	3	 0 1 1 1 0 1 1 0 1 0 0 0 0 1 1 1 0 0 0 0
800	3	 1 1 1 1 0 1 0 0 0 0 0 0 1 1 1 1 0 1 0 0
800	3	 1 1 1 1 0 1 0 0 1 0 1 0 0 0 0 1 0 0 0 1
800	3	 1 1 0 1 1 0 1 1 1 0 1 1 1 0 0 1 0 0 0 0
800	5	 1 1 0 1 1 1 0 0 0 0 1 0 0 1 0 1 0 0 0 1
800	3	 1 1 1 1 0 1 0 1 1 0 1 0 1 1 1 1 0 0 0 0
800	1	 1 1 1 1 0 0 1 0 1 0 0 0 1 1 0 1 0 0 0 0
800	1	 1 1 1 0 1 1 1 0 0 0 0 0 0 1 1 1 0 1 0 0
800	6	 1 1 1 0 0 1 1 0 0 0 0 0 1 1 1 1 1 1 0 0
800	5	 1 1 1 1 0 1 1 0 1 0 0 0 0 1 1 1 0 1 0 0
800	1	 1 0 1 1 0 1 1 0 0 0 0 0 1 1 0 1 0 0 0 0
800	1	 1 0 1 1 0 1 0 0 0 0 1 0 1 1 1 1 0 0 0 0
800	2	 1 1 1 1 0 1 1 0 0 0 0 0 1 0 1 1 0 0 0 0
800	2	 1 1 1 0 0 1 1 0 0 0 0 0 1 0 1 1 0 0 0 0
800	2	 1 1 0 1 1 1 1 0 0 0 0 0 0 0 0 1 0 0 0 0
800	2	 1 1 1 1 1 1 0 1 1 1 1 0 1 0 0 1 0 0 0 0
800	4	 1 1 1 1 1 1 1 0 0 0 0 0 1 1 1 1 0 1 0 0
800	5	 1 1 1 1 1 1 0 0 0 0 1 0 0 1 0 1 0 0 0 0
800	2	 1 1 1 0 0 1 1 0 0 0 0 0 0 1 0 1 0 0 0 0
800	3	 1 1 1 1 1 0 1 1 1 1 1 0 1 0 0 1 0 0 0 0
800	1	 1 1 1 1 1 1 1 0 0 0 0 1 0 1 0 1 0 0 0 0
800	2	 1 0 1 1 1 1 1 0 0 0 0 0 0 1 0 0 0 0 0 0
800	1	 1 1 1 1 1 1 1 0 0 0 0 0 0 0 0 0 0 0 0 0
800	1	 1 1 1 1 1 1 0 1 0 1 1 1 0 1 0 1 0 0 0 0
800	1	 1 1 1 1 1 1 1 1 1 0 1 1 0 0 0 1 0 0 0 0
800	5	 1 1 1 1 1 1 1 0 0 0 0 0 0 1 1 1 1 0 1 0
800	4	 1 1 1 1 1 1 1 0 0 0 1 0 0 0 1 1 1 0 1 0
800	2	 1 1 1 1 0 1 0 0 1 0 1 0 1 1 1 1 0 0 0 0
800	2	 1 1 1 1 0 1 1 0 0 1 1 1 0 0 0 1 0 0 0 0
800	1	 1 1 1 1 1 1 1 0 0 0 0 0 0 0 1 1 0 1 0 0
800	3	 1 1 1 1 0 1 0 0 1 0 1 1 0 0 0 1 0 0 0 0
800	1	 1 1 1 1 0 1 0 0 1 1 1 0 0 0 0 1 0 0 0 0
800	5	 1 1 1 1 0 0 0 0 1 0 1 0 0 0 0 1 0 0 0 0
800	3	 1 1 1 1 0 1 0 1 0 0 0 0 0 1 1 1 0 0 0 0
800	2	 1 1 1 1 0 1 0 0 1 0 1 0 0 1 0 1 0 0 0 1
800	1	 1 0 1 1 0 1 1 0 0 0 0 0 0 1 1 1 0 0 0 0
800	2	 1 1 1 1 0 0 0 0 0 0 0 0 0 1 0 1 0 0 0 0
800	1	 1 1 1 1 0 1 1 0 0 0 0 0 0 1 1 1 0 1 0 0
800	1	 1 1 1 1 1 1 1 0 0 0 0 0 1 0 0 1 0 1 0 0
800	1	 1 0 1 1 0 1 0 0 0 0 0 0 1 1 1 1 0 0 0 0
800	1	 1 1 0 1 0 1 1 0 0 0 0 0 0 1 0 0 0 0 0 0
800	2	 1 1 1 1 0 0 1 0 0 0 0 0 1 1 1 1 0 0 0 0
800	1	 1 1 1 1 0 1 0 0 0 0 0 0 1 1 1 1 0 1 0 1
800	1	 1 1 1 1 0 0 1 0 0 0 1 0 1 1 0 1 0 0 0 0
800	1	 1 0 1 1 0 1 0 0 0 0 0 0 0 1 0 1 0 0 0 0
800	1	 1 1 1 1 1 1 0 1 0 0 0 0 0 1 0 1 0 0 0 0
800	2	 1 0 1 0 1 1 1 0 0 0 0 0 1 1 1 1 1 0 0 0
800	1	 1 1 1 1 0 1 0 0 0 0 0 0 0 1 0 1 0 1 0 0
800	1	 1 1 1 1 1 1 1 1 1 0 1 0 0 0 0 0 0 0 0 0
800	2	 1 1 1 1 0 0 0 0 0 0 0 1 0 1 1 0 0 0 0 0
800	2	 1 1 1 0 0 1 1 0 0 0 0 0 1 0 1 1 1 1 0 0
800	1	 1 1 1 1 1 1 1 1 1 1 1 1 0 0 0 1 0 0 0 0
900	76	 1 1 1 1 0 1 0 0 0 0 0 0 0 1 1 1 0 0 0 0
900	111	 1 1 1 1 0 1 0 0 0 0 0 0 1 1 1 1 0 0 0 0
900	63	 1 1 1 1 0 1 1 0 0 0 0 0 0 1 0 0 0 0 0 0
900	18	 1 1 1 1 1 1 1 0 0 0 0 0 1 1 1 1 0 0 0 0
900	43	 1 1 1 1 1 1 1 0 0 0 0 0 0 1 1 1 0 1 0 0
900	8	 1 1 1 1 0 0 0 0 0 0 0 0 0 1 0 1 0 0 0 0
900	8	 1 1 1 1 0 1 1 0 0 0 0 0 0 1 1 0 0 0 0 0
900	21	 1 1 1 1 0 1 1 0 0 0 0 0 1 1 1 1 0 0 0 0
900	38	 1 1 1 1 1 1 1 0 0 0 0 0 0 0 0 1 0 0 0 0
900	1	 1 1 1 1 0 1 1 0 0 0 0 0 1 0 0 0 0 0 0 0
900	16	 1 1 1 1 0 1 0 0 0 0 0 0 0 1 0 1 0 0 0 0
900	9	 1 0 1 1 0 1 0 0 0 0 0 0 1 1 1 1 0 0 0 0
900	4	 1 1 1 1 1 1 1 0 0 0 0 1 0 0 0 1 0 0 0 0
900	15	 1 1 1 1 0 0 0 0 0 0 0 0 1 1 1 1 0 0 0 0
900	1	 1 1 1 1 1 1 1 0 1 0 0 0 0 0 0 1 0 1 0 0
900	3	 1 1 1 1 1 1 1 0 0 0 0 0 1 1 0 1 0 0 0 0
900	3	 1 0 1 1 0 0 1 0 0 0 0 0 0 0 1 1 0 1 1 0
900	8	 1 1 1 1 1 1 1 0 0 0 0 0 0 1 1 1 0 0 0 0
900	18	 1 1 0 1 0 1 0 0 0 0 0 0 0 1 1 0 0 0 0 0
900	33	 1 1 1 1 1 1 1 0 0 0 0 1 0 0 0 0 0 0 0 0
900	39	 1 1 1 1 0 1 0 0 0 0 0 0 0 0 1 1 0 0 0 0
900	22	 1 1 0 1 1 1 1 0 0 0 0 1 0 0 0 1 0 0 0 0
900	24	 1 1 1 1 1 1 1 0 0 0 0 0 0 0 1 1 0 0 0 0
900	4	 1 1 1 1 0 1 0 0 0 0 0 0 1 1 1 1 0 0 1 0
900	9	 1 1 1 1 0 1 1 0 0 0 0 1 0 0 0 1 0 0 0 0
900	3	 1 1 1 0 0 1 1 0 0 0 0 0 0 1 1 0 0 0 0 0
900	6	 1 1 1 1 0 1 0 0 0 0 1 0 1 1 0 1 0 0 0 0
900	3	 1 1 0 1 1 1 0 0 1 0 0 1 1 1 0 1 0 0 0 0
900	3	 1 1 0 1 1 1 0 0 1 0 0 0 1 1 0 0 0 0 0 0
900	8	 1 1 1 1 1 1 1 0 0 0 0 0 0 1 0 1 0 0 0 0
900	17	 1 1 1 1 1 1 1 0 0 0 0 0 1 0 0 0 0 0 0 0
900	3	 1 1 1 1 0 1 0 0 1 0 0 0 1 1 1 1 0 0 0 0
900	48	 1 1 1 1 0 1 0 0 0 0 0 0 0 1 0 0 0 0 0 0
900	4	 1 0 0 1 1 1 1 0 0 0 0 1 0 0 0 1 0 0 0 0
900	5	 1 1 1 1 0 1 0 0 0 0 0 0 0 0 1 0 0 0 0 0
900	11	 1 1 1 1 0 1 0 1 0 0 0 0 0 1 0 1 0 0 0 0
900	18	 1 1 1 1 1 0 0 0 1 0 0 0 1 1 1 1 1 0 0 0
900	5	 1 1 1 1 0 1 0 0 0 1 0 0 1 1 1 1 0 0 0 0
900	10	 0 1 1 1 0 1 1 0 0 0 0 0 0 1 1 1 1 0 0 0
900	1	 1 1 1 1 0 0 0 0 0 0 0 0 1 1 1 1 1 0 0 1
900	8	 1 1 1 1 0 1 0 0 0 0 0 1 0 0 1 1 0 0 0 0
900	5	 0 1 1 1 1 1 1 0 0 0 0 0 1 0 0 0 0 0 0 0
900	4	 1 1 1 1 0 1 0 0 0 0 0 0 0 1 0 0 0 0 0 1
900	23	 1 1 1 1 0 0 0 0 0 0 0 0 1 1 1 1 0 1 0 0
900	1	 1 1 1 1 0 1 1 0 0 0 1 1 0 0 0 1 0 0 0 0
900	10	 1 1 0 1 0 1 0 0 0 0 0 0 0 1 1 0 0 0 1 0
900	6	 1 1 1 1 0 0 1 0 0 0 0 0 1 1 1 1 0 0 0 0
900	6	 1 1 1 1 1 1 1 0 1 0 0 0 1 0 0 0 0 0 0 0
900	1	 0 1 1 1 1 0 1 0 0 0 0 0 0 1 1 1 0 0 0 0
900	3	 1 1 1 1 1 1 1 0 0 0 0 1 1 1 1 1 0 0 0 0
900	2	 1 0 1 1 1 1 1 0 0 0 0 0 1 1 1 1 0 0 0 0
900	1	 1 1 1 1 1 0 1 0 0 0 0 1 0 1 1 1 0 1 0 0
900	2	 1 1 1 1 0 1 1 0 1 0 0 0 1 0 0 0 0 0 0 0
900	4	 1 1 1 1 0 1 1 0 0 0 0 0 1 1 0 0 0 0 0 0
900	8	 1 1 1 1 1 1 1 0 0 0 0 1 0 0 0 1 0 1 0 0
900	9	 1 1 1 1 0 1 1 0 0 1 0 1 0 0 0 1 0 0 0 0
900	9	 0 1 1 1 0 1 1 0 0 0 0 0 1 1 1 1 0 0 0 0
900	3	 0 1 1 1 0 1 0 0 0 0 0 0 1 1 1 1 0 0 0 0
900	1	 1 1 1 1 0 1 1 0 0 0 0 0 0 1 1 0 0 0 1 0
900	13	 1 0 1 1 0 0 0 0 0 0 0 0 1 1 1 1 0 0 0 0
900	2	 1 1 0 1 0 1 0 0 0 0 0 0 0 1 0 0 0 0 0 0
900	1	 0 1 1 1 1 0 1 0 0 0 0 1 0 0 0 0 0 0 0 0
900	1	 1 1 1 1 0 1 0 0 0 0 0 1 0 1 1 1 0 0 0 0
900	4	 1 1 1 1 0 1 1 0 0 0 1 0 0 0 0 1 0 0 0 0
900	9	 1 1 1 1 0 1 0 1 0 0 0 0 0 0 1 1 0 0 0 0
900	3	 0 1 1 1 1 0 1 1 0 0 0 0 1 1 1 1 0 0 0 0
900	10	 1 1 1 1 0 1 1 0 0 0 0 0 0 1 1 1 0 0 0 0
900	3	 1 1 1 1 0 0 0 0 0 0 0 0 0 1 1 1 0 0 0 0
900	3	 1 1 1 1 0 1 0 0 0 0 0 0 1 1 1 1 1 0 0 0
900	7	 1 1 1 1 0 1 1 0 0 0 0 0 0 1 0 0 0 0 0 1
900	1	 1 1 1 1 0 1 0 0 0 0 0 0 0 1 0 0 0 1 0 0
900	3	 1 1 1 1 0 0 1 0 0 0 0 0 0 1 1 1 0 0 0 0
900	2	 0 0 1 1 0 1 1 0 0 0 0 0 1 1 1 1 0 0 0 0
900	3	 1 0 1 1 0 0 0 0 0 0 0 0 0 1 1 0 0 0 0 0
900	1	 1 1 1 1 0 1 1 0 0 0 0 0 1 1 1 1 0 0 0 1
900	3	 1 1 1 1 0 0 0 0 0 0 1 0 1 1 1 1 0 0 0 0
900	3	 1 1 0 1 0 1 0 0 0 0 0 1 0 1 1 0 0 0 0 0
900	1	 0 1 1 1 1 0 1 1 0 0 0 0 0 1 1 1 0 0 0 0
900	4	 1 1 1 1 0 1 1 0 0 0 0 0 0 1 0 0 0 0 1 0
900	1	 1 1 0 1 0 1 0 0 0 0 0 0 0 0 1 1 0 0 0 0
900	5	 1 1 1 1 0 1 0 1 0 0 0 0 0 1 0 0 0 0 0 0
900	5	 0 1 1 1 1 0 1 0 0 0 0 0 0 1 1 1 0 0 0 1
900	2	 1 1 1 1 0 1 0 0 0 0 1 0 0 1 1 0 0 0 0 0
900	2	 1 1 1 1 0 1 0 0 0 0 1 0 1 1 1 1 0 0 0 0
900	3	 1 1 0 1 1 1 1 0 0 0 0 0 1 1 1 1 0 0 0 0
900	3	 1 1 1 1 0 0 0 0 0 0 0 0 0 1 0 0 0 0 0 0
900	4	 0 1 1 1 0 1 0 0 0 0 0 0 0 1 0 0 0 0 0 0
900	1	 1 1 1 1 0 0 0 1 0 0 0 0 0 1 0 1 0 0 0 0
900	4	 0 1 1 1 0 1 0 0 0 0 0 0 1 1 1 1 1 0 0 0
900	1	 0 1 1 1 0 1 1 0 0 0 0 0 0 1 0 0 0 0 0 0
900	1	 1 1 1 1 1 1 1 0 0 0 0 1 0 0 1 0 0 0 0 0
900	1	 1 0 1 1 0 1 0 0 0 0 0 0 0 0 1 1 0 0 0 0
900	3	 1 1 1 1 0 1 0 0 1 0 1 0 1 1 0 1 0 0 0 0
900	5	 1 1 0 1 0 1 0 0 0 0 0 0 0 1 1 1 0 0 0 0
900	1	 1 0 1 1 1 1 1 0 0 0 0 0 0 1 0 1 0 0 0 0
900	4	 1 1 1 1 1 1 1 0 0 0 0 1 0 1 1 1 0 1 0 0
900	1	 1 1 0 1 1 1 1 0 0 0 0 1 0 0 0 1 0 1 0 0
900	4	 1 1 1 0 0 1 1 0 0 0 0 0 1 1 1 0 0 0 0 0
900	2	 1 0 1 1 1 1 1 0 0 0 0 1 0 0 0 1 0 0 0 0
900	1	 1 1 1 1 0 1 0 0 0 0 0 1 1 0 1 1 0 0 0 0
900	1	 1 1 1 1 0 1 1 0 1 0 1 1 0 0 0 1 0 0 0 0
900	1	 1 1 1 1 0 1 0 1 0 0 0 1 0 1 1 1 0 0 0 0
900	1	 1 1 0 1 1 1 1 0 0 0 0 0 1 0 0 0 0 0 0 0
900	1	 0 1 1 1 0 1 1 0 0 0 0 0 0 1 1 1 1 0 0 1
900	1	 0 1 1 1 1 1 1 0 0 0 0 0 1 0 1 1 0 0 0 0
900	2	 1 1 0 1 0 1 1 0 0 0 0 0 0 1 0 1 0 0 0 0
900	1	 0 1 1 1 1 0 1 0 0 0 0 0 0 0 0 1 0 0 0 0
900	1	 1 1 1 1 0 1 0 0 0 0 1 0 0 1 1 1 0 0 0 0
900	1	 1 1 1 1 1 1 1 0 0 0 0 0 1 1 1 1 0 1 0 0
900	3	 1 1 1 0 1 1 1 0 0 0 0 0 0 0 0 1 0 0 0 0
900	1	 1 1 0 1 0 1 1 0 0 0 0 0 0 1 1 0 0 0 0 0
900	1	 1 1 1 1 0 1 0 0 0 0 0 0 0 0 1 1 0 0 0 1
900	3	 1 1 0 1 1 1 1 0 0 0 0 1 0 0 0 1 0 0 0 1
900	1	 1 1 1 1 1 1 1 0 0 0 0 0 0 0 1 1 0 0 1 0
900	3	 1 1 0 1 1 1 0 0 1 0 0 1 1 1 0 1 0 0 0 1
900	1	 1 1 1 1 0 1 0 1 0 0 1 0 0 1 0 1 0 0 0 0
1000	38	 1 1 1 1 0 1 0 0 0 0 0 0 1 1 1 1 0 0 0 0
1000	12	 1 1 1 1 1 1 1 0 0 0 0 1 0 0 0 0 0 0 0 0
1000	19	 1 1 1 1 1 1 1 0 0 0 0 0 0 1 0 1 0 0 0 0
1000	74	 1 1 1 1 0 1 0 0 0 0 0 0 0 1 0 0 0 0 0 0
1000	1	 1 1 1 1 0 1 1 0 0 0 0 0 0 1 1 1 0 0 0 0
1000	21	 1 1 1 1 1 1 1 0 0 0 0 1 1 1 1 1 0 0 0 1
1000	2	 1 1 1 1 0 0 0 0 1 0 0 0 1 1 1 1 0 0 0 0
1000	53	 1 1 1 1 1 1 0 1 0 0 0 0 1 1 1 0 0 0 0 0
1000	2	 1 1 1 1 0 1 0 0 0 1 0 1 0 0 1 1 0 0 0 0
1000	3	 1 1 1 1 1 1 1 0 1 0 0 1 0 0 0 0 0 0 0 0
1000	5	 1 1 1 1 0 0 0 0 0 0 0 0 1 1 1 1 0 0 0 0
1000	12	 1 1 1 1 1 1 0 0 0 0 0 0 1 1 1 1 0 0 0 0
1000	2	 0 1 1 1 0 1 0 0 0 0 0 0 1 0 0 0 0 0 0 0
1000	10	 1 1 1 1 0 1 1 0 0 0 0 0 0 0 1 1 0 0 0 0
1000	11	 1 0 1 1 0 0 0 0 0 0 0 0 1 0 1 1 0 0 0 0
1000	5	 1 1 1 1 0 1 0 0 0 0 0 0 1 1 1 1 0 0 0 1
1000	18	 1 1 1 1 0 0 0 0 0 0 0 0 0 1 0 0 0 0 0 0
1000	5	 0 1 1 1 0 1 1 0 1 0 0 1 0 0 0 0 0 0 0 0
1000	3	 1 1 1 1 1 1 1 0 0 0 0 0 0 1 1 1 0 0 0 0
1000	8	 1 1 1 0 0 1 0 0 0 0 0 0 0 0 1 1 0 0 0 0
1000	22	 0 1 1 1 1 1 1 0 0 0 0 0 0 1 0 1 0 0 0 0
1000	1	 1 1 1 0 1 1 1 0 0 0 0 0 0 1 0 1 0 0 0 0
1000	3	 1 1 1 1 0 1 0 1 0 0 0 0 1 1 1 0 0 0 0 0
1000	25	 1 1 1 1 1 1 1 0 1 0 0 1 0 0 0 1 0 0 0 0
1000	18	 1 1 1 1 0 1 0 0 0 0 0 1 0 0 0 0 0 0 0 0
1000	3	 0 1 1 1 1 1 0 0 0 0 0 0 1 1 1 1 0 0 0 0
1000	1	 1 1 0 1 0 0 0 0 0 0 0 0 0 1 0 0 0 0 0 0
1000	5	 1 1 1 1 1 1 1 0 0 0 0 0 0 1 1 1 1 0 0 0
1000	18	 1 1 1 1 0 1 1 0 0 0 0 1 1 1 1 1 0 0 0 0
1000	13	 1 1 1 1 0 1 0 0 0 0 0 0 1 1 0 0 0 0 0 0
1000	9	 1 1 1 1 0 1 0 0 0 1 0 0 1 1 1 0 0 0 0 0
1000	16	 1 1 1 1 1 1 1 0 0 0 0 1 1 0 0 0 0 0 0 0
1000	20	 1 1 1 0 0 1 0 0 0 0 0 0 1 1 1 1 0 0 0 0
1000	12	 1 1 1 1 1 1 1 0 0 0 0 0 1 1 1 0 0 0 0 0
1000	22	 1 1 1 1 0 1 1 0 0 0 0 0 0 1 0 1 0 0 0 0
1000	3	 1 1 1 1 0 1 0 0 1 1 0 0 1 1 1 1 0 0 0 0
1000	7	 1 1 1 1 1 1 0 0 0 0 0 0 0 1 0 1 0 0 0 0
1000	6	 1 1 1 1 0 1 0 0 0 0 0 0 1 1 0 0 0 1 0 0
1000	11	 1 1 1 1 0 0 0 0 0 0 0 0 1 1 0 0 0 0 0 0
1000	6	 1 1 1 1 0 1 0 0 0 0 0 0 1 1 1 0 0 0 0 0
1000	7	 1 1 1 1 0 1 0 0 1 0 0 1 1 1 1 1 0 1 0 0
1000	19	 1 1 1 1 0 1 1 1 0 0 0 1 1 1 1 1 0 0 0 0
1000	10	 0 1 1 1 1 1 1 0 0 0 0 1 1 1 1 1 0 0 0 1
1000	2	 0 1 1 1 0 1 1 0 1 0 0 1 0 0 1 0 0 0 0 0
1000	1	 1 0 1 1 0 1 1 0 0 0 0 0 0 1 0 0 0 0 0 0
1000	10	 1 1 1 1 0 1 0 0 0 0 1 0 1 1 0 1 0 0 0 0
1000	3	 1 1 1 1 1 1 0 0 0 0 0 0 0 1 0 0 0 0 0 0
1000	2	 1 1 1 1 0 1 0 0 0 1 0 1 1 0 1 1 0 0 0 0
1000	26	 1 1 1 1 1 1 0 1 0 0 0 0 1 1 0 0 0 0 0 0
1000	4	 1 1 1 1 0 1 0 0 0 0 0 0 1 0 0 1 0 0 0 0
1000	22	 1 1 1 0 0 1 0 0 0 0 0 0 0 0 1 1 0 0 0 1
1000	17	 0 1 1 1 1 1 1 0 0 0 0 1 1 1 1 1 0 0 1 1
1000	5	 1 1 1 1 0 1 0 0 0 0 0 0 1 0 1 1 0 0 0 0
1000	1	 1 1 1 1 1 1 1 0 0 0 0 1 1 1 1 1 0 0 1 1
1000	4	 1 1 1 1 0 1 0 0 0 0 0 0 1 0 0 0 0 0 0 0
1000	11	 1 1 1 1 1 1 0 1 0 0 0 0 1 1 1 1 0 0 0 0
1000	4	 1 1 1 1 0 0 0 1 1 0 0 0 1 1 1 1 0 0 0 0
1000	15	 1 1 1 1 0 1 1 0 1 0 0 0 0 0 1 1 0 0 0 0
1000	29	 1 1 1 0 0 0 0 0 0 0 0 0 0 1 0 0 0 0 0 0
1000	1	 1 1 1 1 0 1 1 0 0 0 0 0 0 1 1 1 0 0 0 1
1000	4	 1 1 1 1 0 0 0 0 0 0 0 0 1 1 1 0 0 0 0 0
1000	7	 1 1 0 1 1 1 1 0 0 0 0 0 0 1 0 1 0 0 0 0
1000	38	 1 1 1 1 1 1 0 0 0 0 0 0 1 1 1 0 0 0 0 0
1000	7	 1 1 1 1 0 0 0 1 0 0 0 0 1 1 1 1 0 0 0 0
1000	4	 0 1 1 1 0 0 0 0 0 0 0 0 0 0 0 0 0 0 0 0
1000	2	 1 0 1 1 0 0 0 0 0 0 0 0 1 0 1 0 0 0 0 0
1000	8	 1 1 1 1 0 1 1 0 0 0 0 1 1 1 1 1 0 0 1 1
1000	3	 1 1 1 1 0 0 0 0 0 0 0 0 0 1 0 1 0 0 0 0
1000	1	 1 1 1 1 0 0 1 0 0 0 0 0 1 0 0 0 0 0 0 0
1000	1	 1 1 0 1 0 1 0 0 0 0 0 0 1 1 1 1 0 0 0 0
1000	2	 0 1 1 1 1 1 0 0 0 0 0 0 1 1 1 0 0 0 0 0
1000	2	 1 1 1 1 1 1 1 0 0 0 0 0 0 1 0 1 1 0 0 0
1000	12	 1 1 1 1 0 1 0 1 0 0 0 0 0 1 0 0 0 0 0 0
1000	4	 1 1 1 1 0 1 0 0 0 0 0 0 0 1 0 1 0 0 0 0
1000	1	 1 1 1 1 0 1 1 1 0 0 0 0 1 1 0 0 0 0 0 0
1000	10	 1 1 1 1 0 1 1 0 0 0 0 0 1 1 1 1 0 0 0 0
1000	1	 1 0 1 1 0 1 0 0 0 0 0 0 1 1 1 1 0 0 0 0
1000	6	 1 1 1 1 1 0 0 1 0 0 0 0 1 1 1 0 0 0 0 0
1000	1	 1 1 1 1 0 1 0 0 0 0 0 0 0 0 1 1 0 0 0 0
1000	9	 1 1 1 1 1 1 0 0 0 0 0 0 0 0 1 1 0 0 0 0
1000	2	 0 1 1 1 0 0 0 0 0 0 0 0 1 0 1 1 0 0 0 0
1000	6	 1 1 1 1 0 1 1 0 0 0 0 0 0 1 0 0 0 0 0 0
1000	9	 1 0 1 1 0 1 1 0 0 0 0 0 1 1 0 0 0 0 0 0
1000	5	 1 1 1 1 1 0 1 0 0 0 0 0 0 1 1 0 1 0 0 0
1000	1	 1 1 1 1 0 1 0 1 0 0 0 0 1 1 1 1 0 0 0 0
1000	4	 1 1 1 1 1 1 1 0 1 0 0 0 1 0 0 1 0 0 0 0
1000	2	 1 0 1 1 0 1 1 0 0 0 0 0 0 1 0 1 0 0 0 1
1000	15	 1 1 1 1 0 0 0 0 0 0 0 0 1 1 1 1 0 1 0 0
1000	3	 1 1 0 0 1 1 1 0 0 0 0 0 0 1 0 1 0 0 0 0
1000	4	 1 1 1 1 0 1 0 0 0 0 0 0 1 1 0 1 0 0 0 0
1000	2	 1 1 1 1 1 1 1 1 0 0 0 1 1 1 1 1 0 0 0 0
1000	5	 1 1 1 0 0 1 0 0 0 0 0 0 1 1 0 0 0 0 0 0
1000	2	 1 1 1 0 0 1 0 0 0 1 0 1 0 0 1 1 0 0 0 0
1000	1	 1 1 1 1 0 1 0 0 0 0 1 0 0 1 0 1 0 0 0 0
1000	6	 0 1 1 1 0 1 0 0 0 0 0 1 0 1 0 0 0 0 0 0
1000	4	 1 1 1 1 1 1 1 0 0 0 0 1 1 1 1 1 0 0 1 0
1000	1	 0 1 1 0 0 1 0 0 0 0 1 0 1 1 0 1 0 0 0 0
1000	1	 1 1 1 0 0 1 0 0 0 0 0 0 0 1 0 1 0 0 0 0
1000	2	 1 0 1 1 0 0 0 0 0 0 0 0 1 1 1 1 0 1 0 0
1000	13	 1 1 0 1 0 1 0 0 0 0 0 0 0 1 0 0 0 0 0 0
1000	1	 1 1 1 0 0 1 0 0 0 0 0 0 1 1 1 1 0 0 0 1
1000	4	 1 1 1 1 0 1 1 0 0 0 0 1 1 1 1 1 0 0 0 1
1000	3	 1 1 1 1 1 1 1 1 0 0 0 0 1 1 1 1 0 0 0 0
1000	1	 1 1 1 1 1 1 1 0 0 0 0 1 1 1 1 1 0 0 0 0
1000	11	 1 1 1 1 1 1 1 0 0 0 0 0 0 1 1 0 0 0 0 0
1000	5	 0 1 1 1 0 0 0 0 1 0 0 0 1 1 1 1 0 0 0 0
1000	1	 1 1 1 1 0 1 1 0 0 0 0 1 0 1 0 1 0 0 0 0
1000	2	 1 1 1 1 1 0 0 0 0 0 0 0 0 1 0 1 0 0 0 0
1000	2	 1 1 1 1 1 1 0 0 0 0 0 0 0 0 1 0 0 0 0 0
1000	4	 1 1 1 1 1 1 1 0 0 0 0 0 0 0 0 0 0 0 0 0
1000	3	 1 1 1 1 1 1 1 0 0 0 0 0 1 1 1 1 0 0 0 0
1000	2	 1 1 1 1 0 0 0 0 0 0 0 0 1 0 1 1 0 0 0 0
1000	2	 1 1 1 1 1 1 1 0 1 0 0 0 0 1 1 1 0 0 0 0
1000	3	 1 1 1 1 0 1 1 0 0 0 0 0 0 1 0 1 0 0 0 1
1000	3	 0 1 1 1 0 0 0 0 0 0 0 0 0 1 0 0 0 0 0 0
1000	1	 1 1 0 1 0 1 0 0 0 0 0 0 1 1 0 1 0 0 0 0
1000	3	 1 1 1 1 1 1 1 1 0 0 0 1 0 1 1 1 0 0 0 0
1000	1	 1 1 1 1 0 1 0 0 0 0 0 0 0 1 1 0 0 0 0 0
1000	2	 1 1 1 1 1 1 1 0 0 0 0 0 1 0 0 0 0 0 0 0
1000	3	 0 1 1 1 1 1 0 1 0 0 0 0 1 1 1 0 0 0 0 0
1000	3	 1 1 1 1 0 1 1 1 0 0 0 1 0 1 0 1 0 0 0 0
1000	1	 1 1 1 1 0 1 1 1 0 0 0 1 0 1 0 0 0 0 0 0
1000	1	 1 1 1 1 1 1 0 1 0 0 0 0 0 1 0 0 0 0 0 0
1000	3	 1 1 1 1 1 1 1 0 0 0 1 0 0 1 0 1 0 0 0 0
1000	1	 1 0 1 1 0 0 0 1 0 0 0 0 1 0 1 1 0 0 0 0
1000	1	 1 1 1 1 0 1 0 0 0 0 0 1 0 0 0 0 0 0 1 0
1000	1	 0 1 1 1 1 1 0 1 0 0 0 0 1 1 0 0 0 0 0 0
1000	1	 1 1 1 1 1 1 0 1 0 0 0 0 1 1 0 0 0 1 0 0
1000	2	 1 0 1 1 0 0 1 0 0 0 0 0 1 1 0 0 0 0 0 0
