0	250	 0 0 0 0 0 1 0 0 1 0 1 0 1 0 0 0 0 0 0 1
0	250	 0 1 0 0 1 0 0 0 0 0 0 0 0 0 0 1 0 0 0 0
0	250	 0 0 0 0 0 0 1 0 0 1 1 0 0 0 0 0 0 0 1 0
0	250	 0 1 0 1 0 0 0 0 0 1 0 0 0 1 0 1 0 0 0 0
100	15	 0 0 0 0 0 0 1 0 0 1 1 0 0 0 0 0 0 0 1 0
100	33	 0 1 0 1 0 0 0 0 0 1 0 0 0 1 0 1 0 0 0 0
100	3	 0 0 0 0 0 1 0 0 1 0 1 0 1 0 0 0 0 0 0 0
100	32	 1 1 0 1 0 0 0 0 1 0 1 0 1 0 0 0 0 0 0 1
100	115	 0 1 0 1 0 0 0 0 0 1 1 0 0 1 0 1 0 0 0 0
100	7	 0 1 1 1 0 0 0 0 1 1 0 0 0 1 0 1 0 0 0 0
100	27	 0 1 0 0 0 0 1 0 0 1 1 0 0 1 0 1 0 0 0 0
100	36	 0 1 0 1 0 0 1 0 0 1 1 0 0 0 0 0 0 0 0 0
100	9	 1 1 0 1 0 0 0 0 0 1 1 0 0 1 0 1 0 0 0 0
100	146	 0 1 0 1 0 0 0 0 0 1 1 1 0 1 0 1 0 0 0 0
100	3	 0 1 0 1 0 0 0 0 0 1 1 0 0 0 0 0 0 0 1 0
100	6	 0 1 0 1 0 0 0 0 0 1 1 0 1 1 0 0 0 0 1 0
100	7	 0 1 1 1 0 0 1 0 0 1 1 0 0 0 0 0 0 0 0 0
100	3	 0 0 0 0 0 0 1 0 1 1 1 1 0 0 0 0 0 0 0 0
100	1	 0 1 0 1 1 0 0 0 0 1 1 0 0 0 0 0 0 0 1 0
100	4	 0 0 0 0 0 1 0 0 0 1 1 0 0 0 0 1 1 0 1 0
100	7	 0 1 0 1 0 0 0 0 0 1 1 0 0 1 0 1 0 1 0 0
100	2	 0 1 0 1 1 0 0 0 0 1 1 0 0 1 0 1 0 0 0 1
100	5	 0 1 1 1 0 0 1 0 1 1 0 0 0 1 0 1 0 0 0 0
100	12	 1 1 0 1 0 0 0 0 0 1 0 0 0 1 0 1 0 0 0 0
100	9	 0 1 0 1 0 0 0 0 0 1 1 0 0 1 0 1 1 0 0 0
100	3	 0 1 0 1 0 0 0 0 0 1 0 0 0 1 1 1 0 0 0 0
100	1	 0 1 0 1 0 0 1 0 0 1 0 0 0 1 0 1 0 0 0 0
100	6	 0 1 1 1 0 0 0 0 1 1 0 0 1 1 0 1 0 0 0 0
100	7	 0 1 1 1 0 0 0 0 0 1 0 0 0 1 0 1 0 0 0 0
100	1	 0 1 0 1 0 1 0 0 0 1 0 0 0 1 0 1 0 0 0 0
100	25	 0 1 0 1 0 0 0 0 1 1 1 1 0 1 0 1 0 0 0 0
100	4	 0 1 0 1 0 0 0 0 0 1 1 0 0 0 0 0 0 0 0 0
100	15	 1 1 0 1 0 0 0 0 1 0 1 0 0 0 0 1 0 0 0 1
100	3	 0 1 0 1 0 0 0 0 0 1 0 0 0 1 1 1 0 0 1 0
100	18	 0 1 0 0 0 0 1 0 0 1 1 0 0 1 0 1 1 0 0 0
100	7	 0 1 0 1 0 0 1 0 0 1 1 0 0 0 0 1 0 0 0 0
100	4	 0 1 0 1 0 0 0 0 0 1 1 0 0 0 0 1 1 0 0 1
100	4	 0 1 0 0 0 0 1 0 0 1 1 1 0 1 0 1 0 0 0 0
100	1	 1 1 0 1 0 0 0 0 1 0 0 0 0 1 0 1 0 0 0 0
100	2	 1 1 1 1 0 0 0 0 1 1 0 0 0 1 1 1 0 0 1 0
100	6	 0 0 0 0 0 1 0 0 0 1 1 0 0 0 0 1 1 0 0 0
100	2	 0 1 0 1 0 0 0 0 0 1 1 0 0 1 0 1 0 0 1 0
100	9	 0 1 0 1 1 0 0 0 1 0 1 0 1 0 0 0 0 0 0 1
100	8	 0 1 0 1 0 0 1 0 0 1 1 0 0 0 1 0 0 0 1 0
100	23	 0 1 0 1 0 0 0 0 0 1 1 0 1 0 0 0 0 0 1 0
100	4	 0 1 0 1 0 0 0 1 0 1 1 0 1 0 1 1 0 0 1 0
100	33	 1 1 0 1 0 0 0 0 1 0 1 0 1 0 0 1 0 0 0 1
100	2	 0 1 0 0 0 0 0 0 0 1 1 0 0 1 0 1 0 0 0 0
100	2	 1 1 0 1 0 0 0 0 0 1 1 0 0 0 0 1 0 0 0 1
100	5	 1 1 0 1 0 0 0 0 1 1 0 0 0 1 0 1 0 0 0 0
100	9	 0 1 0 1 0 0 0 0 0 1 0 0 0 1 0 0 0 0 0 0
100	17	 0 0 0 1 0 0 0 0 0 1 1 0 0 0 0 0 0 0 0 0
100	11	 0 1 0 1 0 0 0 0 0 1 1 1 0 1 0 1 0 0 0 1
100	4	 0 1 0 0 0 0 0 0 0 1 1 1 0 1 0 1 0 0 0 0
100	8	 0 1 0 1 0 0 0 0 1 1 1 0 0 1 0 1 0 0 0 0
100	5	 0 1 0 0 0 0 1 0 1 0 1 0 1 0 0 0 0 0 0 1
100	1	 0 1 0 1 0 0 1 0 0 1 1 0 0 0 0 1 0 0 0 1
100	13	 0 1 0 1 0 0 1 1 0 1 1 0 0 0 1 0 0 0 0 0
100	6	 0 1 0 1 0 0 0 0 0 1 1 1 0 1 0 1 0 1 0 0
100	10	 0 1 0 1 1 0 0 0 0 1 1 0 0 1 0 1 1 0 0 0
100	6	 1 1 0 1 0 0 0 0 1 0 1 1 1 0 0 0 0 0 0 1
100	8	 0 1 1 1 0 0 0 0 0 1 1 1 0 1 0 1 0 0 0 0
100	6	 1 1 0 1 0 0 0 0 1 0 1 0 0 1 0 1 0 0 0 0
100	12	 0 1 0 1 0 0 0 0 1 0 1 1 0 1 0 1 0 0 0 0
100	8	 0 0 0 0 0 1 0 0 0 1 1 1 0 1 0 1 0 0 0 0
100	7	 0 1 0 1 0 1 0 0 0 1 0 0 0 0 0 1 0 0 0 0
100	4	 0 0 0 0 0 1 0 0 0 1 1 0 0 1 0 1 0 0 0 0
100	2	 0 1 1 1 0 0 1 1 0 1 1 0 1 0 1 1 0 0 1 0
100	5	 0 0 0 1 0 0 0 0 1 1 1 1 0 1 0 1 0 0 0 0
100	11	 0 1 0 1 0 0 0 0 0 1 1 1 0 0 0 1 0 0 0 0
100	1	 0 1 0 0 0 1 1 0 1 1 1 1 0 0 0 0 0 0 0 0
100	2	 1 1 0 1 0 0 0 0 0 1 1 0 0 0 0 1 1 0 0 1
100	12	 0 1 0 1 0 0 0 0 0 1 0 0 1 0 0 0 0 0 0 1
100	1	 1 1 0 1 0 0 0 0 1 1 1 0 0 1 0 1 0 0 0 0
100	5	 0 1 0 1 0 0 1 0 0 1 1 1 0 1 0 1 0 0 0 0
100	18	 0 1 0 1 0 0 0 0 0 1 1 1 0 1 0 0 0 0 0 0
100	5	 0 1 0 1 0 0 0 0 0 1 1 0 0 1 0 1 1 0 1 0
100	12	 0 1 0 1 0 0 0 0 0 1 1 0 0 0 1 0 0 0 0 0
100	1	 0 1 0 0 0 0 0 0 0 1 0 1 0 1 0 1 0 0 0 0
100	7	 0 1 0 1 0 0 0 0 0 1 1 0 1 0 1 1 0 0 1 0
100	5	 1 1 1 1 0 0 0 0 0 1 0 0 0 1 0 1 0 0 0 0
100	3	 0 1 0 0 0 0 1 0 0 1 1 0 0 1 0 1 1 1 0 0
100	1	 0 1 0 1 0 1 0 0 0 1 0 0 0 0 0 0 0 0 0 1
100	3	 1 1 1 1 0 0 0 0 1 1 0 0 0 1 1 1 0 0 0 0
100	1	 1 1 0 1 0 0 0 0 1 0 1 1 1 0 0 1 1 0 0 1
100	8	 1 1 0 1 0 0 0 1 0 1 1 0 0 1 0 1 0 0 0 0
100	5	 0 1 0 1 0 1 0 0 0 1 1 1 0 1 0 1 0 0 0 0
100	2	 0 1 1 1 0 0 0 0 1 1 0 0 1 1 1 1 0 0 0 0
100	4	 1 1 0 1 0 1 0 0 1 0 0 0 0 1 0 1 0 0 0 0
100	2	 1 1 0 1 0 0 0 0 0 1 1 1 0 1 0 0 0 0 0 0
100	2	 1 1 0 1 0 0 0 0 1 1 1 1 0 1 0 1 0 0 0 0
100	7	 1 1 0 1 0 0 0 0 1 0 1 1 1 0 0 0 0 0 0 0
100	5	 0 1 0 1 1 0 0 0 0 1 1 1 0 1 0 1 0 0 0 0
100	3	 0 1 0 1 0 0 0 0 0 0 1 1 0 1 0 1 0 0 0 0
100	2	 0 1 1 1 0 0 1 0 1 1 0 1 0 1 0 1 0 0 0 0
100	3	 0 1 0 1 0 1 0 0 0 1 0 0 0 0 0 1 0 0 1 0
100	8	 0 1 0 1 0 0 0 0 1 0 1 0 1 0 0 0 0 0 0 1
100	3	 0 0 0 0 0 1 0 0 0 1 1 1 0 0 0 1 1 0 0 0
100	1	 0 1 0 1 0 0 1 0 0 1 1 0 0 1 1 0 0 0 1 0
100	2	 0 1 0 0 0 0 0 0 0 0 0 0 0 1 0 1 0 0 0 0
100	2	 1 1 0 1 0 0 0 0 1 0 1 0 1 0 0 1 0 0 0 0
100	2	 0 1 0 1 0 0 0 0 1 0 1 0 0 1 0 1 0 0 0 0
100	3	 0 0 0 1 0 0 1 0 0 1 1 0 0 0 0 0 0 0 1 0
100	1	 0 1 0 1 0 0 0 0 0 1 1 1 1 1 0 0 0 0 1 0
100	1	 0 0 0 1 1 0 0 0 0 1 1 0 0 0 0 0 0 0 0 0
100	3	 0 1 0 1 1 0 0 0 0 1 1 0 0 1 0 1 0 0 0 0
100	2	 0 1 0 1 0 0 0 0 1 0 1 1 1 1 0 1 0 0 0 0
100	1	 0 1 0 1 0 0 0 0 0 1 1 0 0 1 1 0 0 0 1 0
100	1	 1 1 0 1 0 0 0 0 1 1 1 0 0 1 0 1 1 1 0 0
100	2	 1 1 0 1 0 0 0 0 1 1 1 0 0 1 0 1 0 0 0 1
100	1	 0 1 0 0 0 0 0 0 0 0 1 0 1 0 0 0 0 0 0 1
100	1	 1 1 1 1 0 0 0 0 1 0 1 0 1 0 0 1 0 1 0 0
100	1	 0 0 0 0 0 1 0 0 1 0 1 0 1 0 0 0 0 0 0 1
100	2	 0 1 0 1 0 0 1 0 1 1 1 0 0 0 0 0 0 0 0 0
100	3	 0 1 0 1 0 0 0 0 0 1 1 1 0 1 0 1 1 0 0 0
100	2	 0 1 0 1 0 0 0 0 0 1 1 0 0 1 0 0 0 1 0 0
100	2	 0 1 0 1 0 0 1 0 0 1 1 0 1 0 0 1 0 0 0 0
100	3	 0 1 0 1 0 0 0 0 0 1 1 0 0 0 1 0 0 0 1 0
100	2	 1 1 0 1 0 0 0 1 1 0 1 0 1 0 0 1 0 0 0 1
100	1	 1 1 0 1 0 0 0 1 0 1 1 0 0 0 0 1 1 0 0 1
200	54	 0 1 0 1 0 0 0 0 0 1 1 0 0 1 0 1 0 0 0 0
200	10	 0 1 0 1 0 0 1 0 0 1 1 0 0 0 0 0 0 0 0 0
200	40	 1 1 0 1 0 0 0 0 0 1 1 0 0 1 0 1 0 0 0 0
200	38	 0 1 0 1 0 0 0 0 0 1 1 1 0 1 0 1 0 0 0 0
200	28	 0 1 0 1 1 0 0 0 0 1 1 0 0 1 0 1 0 0 0 0
200	6	 0 0 0 1 0 0 0 0 0 1 1 1 0 1 0 1 0 0 0 0
200	28	 0 1 0 1 0 0 1 0 0 1 1 0 0 1 0 1 0 0 0 0
200	1	 0 1 1 1 1 0 0 0 0 1 1 0 0 1 0 1 0 0 0 0
200	12	 0 1 0 1 0 0 0 1 0 1 1 1 0 1 0 1 0 0 0 0
200	7	 0 1 0 1 0 1 0 0 0 1 1 0 0 1 0 1 0 0 0 0
200	20	 1 1 0 1 0 0 1 0 0 1 1 0 0 0 0 0 0 0 0 0
200	31	 0 1 1 1 0 0 1 0 0 1 1 0 0 1 0 1 0 0 0 0
200	3	 0 0 0 1 0 0 1 0 0 1 1 0 0 0 0 0 0 0 0 0
200	16	 0 0 0 1 1 0 1 0 0 1 1 1 0 1 0 1 0 0 0 0
200	15	 0 1 0 1 0 0 0 0 1 1 1 0 0 1 0 0 0 0 0 0
200	34	 0 1 1 1 0 0 0 0 0 1 1 0 0 1 0 1 0 0 0 0
200	24	 0 0 1 1 0 0 1 0 0 1 1 1 0 1 0 1 0 0 0 0
200	3	 0 0 1 0 0 0 0 0 0 1 1 0 0 0 0 1 0 0 0 0
200	2	 0 0 0 1 0 0 0 0 0 1 1 1 0 1 0 0 0 0 0 0
200	5	 0 1 0 0 0 0 0 0 0 1 0 0 0 1 0 1 0 0 0 0
200	12	 0 1 1 1 0 0 0 0 0 1 1 0 1 0 0 0 0 0 0 0
200	12	 0 1 1 1 0 0 1 0 0 1 0 1 0 1 0 1 0 0 0 0
200	13	 0 1 1 1 1 0 1 0 0 1 1 0 0 1 0 1 0 0 0 0
200	11	 0 1 1 1 1 0 0 0 0 1 1 0 0 1 1 1 0 0 0 0
200	10	 0 1 1 0 0 0 0 0 0 1 1 0 0 0 0 1 0 0 0 0
200	26	 0 0 0 1 1 0 1 0 0 1 1 0 0 1 0 1 0 0 0 0
200	13	 0 1 0 1 0 0 0 0 0 1 1 0 0 1 0 0 0 0 0 0
200	30	 0 1 0 1 0 0 0 1 0 1 1 0 0 0 1 0 0 0 0 0
200	2	 0 1 0 1 0 0 0 0 0 1 0 1 0 0 0 1 0 0 0 0
200	5	 0 1 1 1 1 0 0 0 0 1 1 0 0 0 0 0 0 1 0 0
200	12	 0 1 1 1 0 0 0 0 0 1 1 1 1 0 0 0 0 0 0 0
200	1	 0 1 0 1 1 0 0 0 0 1 1 0 0 0 0 1 0 0 0 0
200	17	 0 1 1 1 0 0 0 0 0 1 1 0 0 1 0 1 0 0 0 1
200	8	 0 0 0 1 1 0 0 0 0 1 1 0 0 1 0 1 0 0 0 0
200	4	 0 1 1 1 0 0 1 0 0 1 0 1 0 1 0 1 1 0 0 0
200	10	 1 1 1 1 0 0 0 0 0 1 0 0 0 1 1 1 0 0 0 0
200	1	 0 1 0 1 0 0 0 0 0 1 1 0 0 1 0 1 0 1 0 0
200	1	 1 1 0 1 0 0 1 0 0 1 1 0 0 1 0 1 0 0 0 0
200	10	 0 1 0 1 1 0 0 1 0 1 1 0 0 0 0 0 0 1 0 0
200	4	 1 1 0 1 0 0 0 0 0 1 1 0 1 0 0 0 0 0 0 0
200	4	 0 1 1 1 0 0 0 0 1 1 1 1 0 1 0 0 0 0 0 0
200	15	 0 1 1 1 0 0 0 0 0 1 1 0 0 1 0 0 0 0 0 0
200	2	 0 1 1 1 0 0 0 0 0 1 0 0 1 0 0 0 0 0 0 0
200	6	 0 0 0 1 1 0 1 0 0 1 1 0 0 1 0 0 0 0 0 0
200	2	 0 1 1 1 0 0 0 0 0 1 0 0 0 0 0 0 0 0 0 0
200	5	 0 1 1 0 0 0 0 0 0 1 1 0 0 1 0 1 0 0 0 0
200	8	 0 1 0 1 0 0 1 0 0 0 1 0 0 0 0 0 0 0 0 0
200	4	 0 1 0 1 0 0 1 0 0 1 1 0 0 0 0 1 0 0 0 1
200	4	 0 0 0 1 1 0 1 0 0 1 1 0 0 0 0 1 0 0 0 0
200	5	 1 1 0 1 0 0 1 0 0 1 1 0 0 1 0 0 0 0 0 0
200	11	 0 0 0 1 0 1 0 0 0 1 1 1 0 1 0 0 0 0 0 0
200	1	 0 1 1 1 0 1 1 0 0 1 0 0 0 1 0 1 0 0 0 0
200	3	 1 1 0 1 0 1 0 0 1 1 1 1 0 1 0 0 0 0 0 0
200	6	 0 1 0 1 0 0 0 0 1 1 1 1 0 1 0 1 0 0 0 0
200	1	 0 1 0 0 0 0 1 0 0 1 0 0 0 1 0 1 0 0 0 0
200	7	 0 1 0 0 0 0 0 0 0 1 0 0 1 1 0 1 0 0 0 0
200	25	 0 1 1 1 0 0 1 0 0 1 1 0 0 0 0 0 0 0 0 0
200	2	 0 0 0 1 0 0 0 0 0 1 1 1 1 0 0 0 0 0 0 0
200	3	 0 1 1 1 1 0 0 0 0 1 1 0 1 1 0 1 0 0 0 0
200	2	 0 1 1 1 0 0 0 0 1 1 1 1 0 1 0 1 0 0 0 0
200	8	 1 0 0 1 0 0 1 0 0 1 1 0 0 0 0 0 0 0 0 0
200	1	 1 1 0 1 0 0 1 0 0 1 1 0 0 0 1 0 0 0 0 0
200	1	 0 1 0 1 0 0 0 0 0 1 1 0 0 0 0 0 0 0 0 0
200	11	 1 1 0 1 1 0 0 0 0 1 1 0 0 1 0 1 0 0 0 0
200	15	 0 1 1 1 0 0 0 0 1 1 1 0 0 1 0 1 0 0 0 0
200	3	 0 1 1 1 0 0 0 0 0 1 0 0 0 1 1 1 0 0 0 0
200	5	 1 1 0 1 0 0 0 0 1 1 1 0 0 1 0 0 0 0 0 0
200	27	 0 1 0 1 1 0 1 0 0 1 1 0 0 1 0 1 0 0 0 0
200	1	 1 1 0 1 0 0 1 0 0 1 1 0 1 0 0 0 0 0 0 0
200	3	 0 1 0 1 0 0 1 0 0 1 1 0 0 1 0 1 0 1 0 0
200	9	 0 1 0 1 0 0 0 1 1 1 1 1 0 1 0 1 0 0 0 0
200	8	 1 1 0 1 0 0 1 0 0 1 1 0 0 0 0 0 1 0 0 0
200	1	 1 0 0 1 1 0 1 0 0 1 1 1 0 1 0 1 0 0 0 0
200	9	 0 1 0 1 1 0 0 1 0 1 1 0 0 0 0 0 1 1 0 0
200	9	 1 1 0 1 0 0 1 0 0 1 1 0 1 0 0 1 0 0 0 0
200	4	 1 1 0 1 0 1 0 1 1 1 1 1 0 1 0 0 0 0 0 0
200	7	 0 1 1 1 1 0 0 0 0 1 0 0 0 1 0 1 0 0 0 0
200	11	 0 0 1 0 0 0 0 0 0 1 1 0 0 1 0 1 0 0 0 0
200	3	 0 1 0 1 0 0 1 0 0 1 1 1 0 1 0 1 0 0 0 0
200	3	 0 1 1 1 0 1 0 0 0 1 0 0 1 0 0 1 0 0 0 0
200	4	 0 0 0 1 0 0 0 0 0 1 1 1 0 1 0 0 1 0 0 0
200	13	 0 1 0 1 0 0 0 1 1 1 1 0 0 0 1 0 0 0 0 0
200	3	 0 1 0 1 0 0 0 1 0 1 1 0 0 0 1 0 0 0 0 1
200	17	 1 1 0 1 0 0 1 0 0 1 1 1 0 0 1 0 0 0 0 0
200	2	 0 0 0 1 1 0 1 0 0 1 1 1 0 0 0 0 0 0 0 0
200	10	 0 1 1 1 0 0 0 0 0 1 1 1 1 0 0 1 0 0 0 0
200	8	 0 1 0 1 0 0 0 0 0 1 0 0 0 1 0 1 0 0 0 0
200	9	 0 1 0 1 0 0 0 0 1 0 1 1 0 1 0 1 0 0 0 0
200	2	 0 1 0 1 0 0 0 1 0 1 1 0 0 0 1 1 0 0 0 0
200	5	 0 0 0 1 0 0 0 0 1 1 1 1 0 1 0 1 0 0 0 0
200	1	 0 1 1 1 0 0 1 0 0 1 1 1 0 1 0 1 0 0 0 0
200	8	 0 1 0 0 0 0 0 0 0 1 1 1 0 1 0 1 0 0 0 0
200	1	 0 1 0 0 0 1 0 0 0 1 1 0 0 1 0 1 0 0 0 0
200	1	 0 1 0 1 0 0 1 0 0 1 0 1 0 1 0 1 0 0 0 0
200	1	 0 1 0 1 0 0 0 0 0 1 0 0 0 0 0 1 0 0 0 0
200	1	 0 1 1 1 0 0 0 1 1 1 1 1 0 1 0 1 0 0 0 0
200	4	 0 1 1 1 1 0 0 0 0 1 1 0 0 0 0 1 0 0 0 0
200	1	 0 1 0 0 0 0 0 0 0 1 1 0 0 1 0 1 0 0 0 0
200	9	 0 1 0 1 0 0 1 1 0 1 1 0 0 1 0 1 0 0 0 0
200	3	 0 1 0 1 0 0 1 0 0 1 0 0 0 1 0 1 0 1 0 0
200	2	 0 1 0 1 0 0 0 0 0 1 0 0 1 1 0 1 0 0 0 0
200	1	 0 0 0 1 0 1 1 1 0 1 1 0 0 1 0 1 0 0 0 0
200	1	 0 1 0 1 0 0 1 0 0 1 1 0 0 0 0 0 1 0 0 0
200	2	 0 1 0 1 0 0 0 0 0 0 1 0 0 1 0 1 0 0 0 0
200	1	 0 1 0 1 0 0 1 0 0 1 1 0 0 0 0 0 0 0 0 1
200	1	 0 1 0 1 1 0 0 0 0 1 1 1 0 1 0 1 0 0 0 0
200	6	 0 1 1 1 0 0 0 1 0 1 1 0 0 1 0 1 0 0 0 0
200	2	 0 0 1 1 0 0 1 0 0 1 1 1 0 1 1 1 0 0 0 0
200	1	 0 1 0 1 1 0 0 0 0 1 1 0 0 1 1 1 0 0 0 0
200	1	 1 1 0 1 0 0 1 0 0 0 1 0 1 0 0 0 0 0 0 0
200	1	 0 1 0 1 0 0 0 1 1 1 1 1 1 1 0 1 0 0 0 0
200	4	 0 1 0 1 0 0 1 0 0 1 1 1 0 1 0 1 0 0 1 0
200	2	 1 1 0 1 0 0 0 0 0 1 1 0 0 0 0 1 0 0 0 0
200	8	 0 0 0 1 0 1 0 0 0 1 1 1 0 1 0 1 0 0 0 0
200	2	 0 1 0 0 0 0 1 0 0 1 1 0 0 0 0 0 0 0 0 0
200	1	 0 1 1 1 0 0 1 0 0 1 1 0 0 0 0 1 0 0 0 0
200	2	 0 1 1 1 0 0 0 0 0 1 1 0 1 1 0 0 0 0 0 0
200	4	 0 1 0 1 0 0 0 1 0 1 0 0 0 0 1 0 0 0 0 0
200	4	 0 1 1 1 0 0 0 0 0 1 1 0 0 1 1 1 0 0 0 1
200	2	 0 1 1 1 0 0 0 0 1 0 1 1 0 1 0 0 0 0 0 0
200	2	 0 1 1 1 1 0 1 0 0 1 1 0 1 1 1 1 0 0 0 0
200	1	 0 0 1 1 1 0 1 0 0 1 1 1 0 0 0 0 0 0 0 0
200	3	 0 1 1 1 0 0 0 0 0 1 0 0 0 1 0 1 0 0 0 0
200	3	 0 1 0 1 1 0 0 1 0 1 1 0 0 1 0 1 0 0 0 0
200	1	 0 1 1 1 0 0 1 0 0 1 1 0 0 1 0 0 0 0 0 0
200	1	 0 1 1 1 0 0 0 0 0 1 1 0 0 1 0 1 0 0 1 0
200	2	 1 1 0 1 0 0 0 0 0 1 0 0 1 0 0 0 0 0 0 0
200	1	 1 0 0 1 0 0 1 0 0 1 1 0 0 0 0 1 0 0 0 0
200	1	 0 1 1 1 0 1 0 0 0 1 0 0 1 1 0 1 0 0 0 0
300	13	 0 1 0 1 0 0 0 0 0 1 1 0 0 1 0 1 0 0 0 0
300	34	 0 1 0 1 1 0 0 0 0 1 1 0 0 1 0 1 0 0 0 0
300	4	 0 1 0 1 0 0 1 0 0 1 1 0 0 1 0 1 0 0 0 0
300	17	 0 1 1 1 0 0 1 0 0 1 1 0 0 1 0 1 0 0 0 0
300	71	 0 1 1 1 0 0 0 0 0 1 1 0 0 1 0 1 0 0 0 0
300	17	 0 1 0 1 0 0 0 0 0 1 1 0 0 1 0 0 0 0 0 0
300	37	 0 1 1 1 0 0 1 0 0 1 1 0 0 0 0 0 0 0 0 0
300	4	 0 1 0 1 1 0 1 0 0 1 1 0 0 1 0 1 0 0 0 0
300	5	 0 1 0 1 1 0 0 0 0 1 1 1 0 1 0 1 0 0 0 0
300	2	 0 1 0 1 0 1 0 0 0 1 1 1 0 1 0 1 0 0 0 0
300	11	 0 1 0 1 1 0 0 0 0 1 1 1 0 1 1 1 0 0 0 0
300	11	 0 1 1 1 1 0 1 0 0 1 1 0 1 1 0 1 0 0 0 0
300	12	 0 1 1 1 0 0 0 0 0 1 0 0 1 1 0 1 0 0 0 0
300	7	 0 1 1 1 0 0 1 0 0 1 1 0 0 1 1 1 0 0 0 0
300	75	 0 1 0 1 0 0 1 0 0 1 1 0 1 0 0 0 0 0 0 0
300	1	 0 1 0 1 0 0 1 0 0 1 1 1 0 1 0 1 0 0 0 0
300	26	 0 1 1 1 0 0 0 0 0 1 1 1 0 0 0 0 0 0 0 0
300	10	 0 1 0 1 1 0 0 0 0 1 1 0 0 1 0 1 0 0 0 1
300	6	 0 1 1 1 1 0 1 0 0 1 1 1 1 0 0 1 0 0 0 0
300	1	 0 1 1 1 0 0 0 0 1 1 1 0 0 1 0 0 0 0 1 0
300	10	 0 1 1 1 1 0 1 0 0 1 1 0 0 1 1 1 0 0 0 0
300	14	 0 1 1 1 1 0 1 0 1 1 1 0 0 1 0 1 0 0 0 0
300	2	 0 1 1 1 0 0 0 0 0 1 1 0 0 1 0 0 0 0 0 0
300	3	 0 1 1 1 0 0 0 0 0 1 1 0 1 0 1 1 0 0 0 0
300	2	 0 1 1 1 0 0 0 0 0 1 0 1 1 1 0 0 0 0 0 0
300	6	 1 1 1 1 0 0 0 0 1 1 1 0 0 1 0 1 0 0 0 0
300	8	 0 1 0 1 1 0 0 1 0 1 1 0 0 1 0 0 0 0 0 0
300	5	 1 1 1 1 0 0 0 0 1 1 1 1 1 0 0 0 0 0 0 0
300	4	 1 1 0 1 0 0 0 0 0 1 1 1 1 0 0 1 0 0 0 0
300	32	 0 1 0 1 0 1 0 0 0 1 1 1 1 1 0 0 0 0 0 0
300	22	 0 1 1 1 0 0 1 0 0 1 0 0 0 1 0 1 0 0 0 0
300	1	 1 1 1 1 0 0 0 0 0 1 1 1 0 0 0 0 0 0 0 0
300	9	 1 1 1 1 0 0 0 0 0 1 1 0 0 1 0 0 0 0 0 0
300	3	 0 1 1 1 0 0 1 0 0 1 1 0 1 0 0 0 0 0 0 0
300	3	 0 1 0 1 0 0 1 0 0 1 1 0 1 1 0 1 0 0 0 1
300	3	 0 1 1 1 1 0 1 0 0 1 0 0 0 1 1 1 0 0 0 0
300	3	 0 1 1 1 0 1 1 0 0 1 1 0 0 1 0 1 0 0 0 0
300	5	 0 1 1 1 0 0 0 0 0 1 0 1 0 0 0 0 0 0 0 0
300	21	 1 1 1 1 0 0 0 0 1 1 1 0 1 1 1 0 0 0 0 0
300	9	 0 1 1 1 0 0 1 0 1 1 1 0 0 1 0 1 0 0 0 0
300	9	 1 1 1 1 0 0 0 0 0 1 1 1 0 0 0 0 1 0 0 0
300	16	 0 1 1 0 0 0 0 0 0 1 1 0 0 1 0 1 0 0 0 0
300	3	 0 0 0 1 0 1 1 0 0 1 1 1 1 0 0 1 0 0 0 0
300	4	 0 0 1 1 1 0 0 0 0 1 1 0 0 1 0 0 0 0 0 0
300	2	 0 1 1 1 0 0 1 0 0 1 1 0 1 1 0 0 0 0 0 0
300	4	 0 1 0 1 0 0 0 0 0 1 0 0 0 1 0 1 0 0 0 0
300	22	 1 1 0 1 1 0 0 0 0 1 1 0 0 1 0 1 0 0 0 0
300	16	 0 1 0 0 1 0 1 0 0 1 1 0 0 0 0 1 0 0 0 0
300	25	 0 1 0 1 0 1 1 1 1 1 1 1 1 0 0 0 0 0 0 0
300	19	 0 1 0 1 0 0 0 1 0 1 1 1 0 0 0 0 0 0 1 0
300	4	 0 0 0 1 0 1 1 0 0 1 1 1 1 0 0 1 0 0 0 1
300	6	 0 1 0 1 1 0 1 0 1 1 1 0 0 1 0 1 0 0 0 0
300	9	 0 1 0 1 0 0 1 0 1 0 1 0 1 0 0 0 0 0 0 0
300	1	 0 1 1 1 0 0 1 0 0 1 0 0 0 1 1 1 0 0 0 0
300	10	 0 1 0 1 1 0 0 1 0 1 1 0 0 1 0 1 0 0 0 0
300	3	 1 1 0 1 1 0 0 0 0 1 1 1 1 0 0 0 0 1 0 0
300	23	 0 1 1 1 0 0 0 0 0 1 1 1 1 0 0 0 0 0 0 0
300	17	 0 1 0 1 1 0 0 1 0 1 1 0 0 0 0 1 0 0 0 0
300	4	 1 1 1 1 1 0 1 0 0 1 1 0 1 1 0 0 0 0 0 0
300	9	 1 1 1 1 0 0 1 0 0 1 1 0 0 0 0 0 0 0 0 0
300	1	 1 1 0 1 0 1 0 0 0 1 1 1 1 0 0 1 0 0 0 0
300	10	 0 1 1 1 1 0 1 0 0 0 1 0 1 1 0 1 0 0 0 0
300	11	 0 1 1 1 0 0 0 0 1 1 0 1 0 0 0 0 0 0 0 0
300	19	 0 1 1 1 0 0 0 0 0 1 1 1 0 0 0 0 0 0 1 1
300	3	 0 1 1 1 1 0 1 0 0 1 1 0 1 1 0 1 1 0 0 0
300	9	 0 1 1 1 0 1 1 0 0 1 1 1 1 0 0 1 0 0 0 1
300	5	 0 1 1 1 1 0 1 0 0 1 1 0 1 0 1 1 0 0 0 0
300	10	 1 1 1 1 0 0 0 0 0 1 1 0 0 0 0 0 1 0 0 0
300	10	 1 1 1 1 1 0 0 0 1 1 1 0 1 1 1 0 0 0 0 0
300	5	 0 1 0 1 1 0 0 0 0 1 1 1 1 1 0 0 0 0 0 0
300	9	 0 1 0 1 0 0 1 0 0 1 1 0 1 0 0 0 0 0 0 1
300	6	 0 1 0 1 0 0 1 0 1 1 1 1 0 0 0 1 0 0 0 0
300	1	 0 1 1 1 0 0 0 0 0 1 1 1 0 1 0 1 0 0 0 0
300	6	 0 1 0 1 0 1 1 0 0 1 1 1 1 1 0 0 0 0 0 0
300	7	 0 1 1 1 0 1 1 0 0 1 1 0 0 0 0 1 0 0 0 0
300	1	 0 1 1 0 0 0 0 0 0 1 1 0 0 1 0 1 1 0 0 0
300	2	 0 1 1 1 0 0 1 0 0 1 0 0 0 0 0 0 0 0 0 0
300	6	 1 1 1 1 0 0 0 0 1 1 1 0 1 1 1 0 0 0 0 1
300	2	 0 1 1 1 1 0 0 0 0 1 1 0 0 1 0 1 0 0 0 0
300	8	 0 1 1 1 0 1 0 0 0 1 1 0 0 1 0 1 0 0 0 0
300	1	 0 1 0 0 1 0 1 0 0 1 1 0 1 0 0 1 0 0 0 0
300	7	 1 1 1 1 0 0 1 1 0 1 1 0 0 0 0 0 0 0 0 0
300	1	 1 1 0 1 0 0 1 0 0 1 1 0 0 0 0 0 0 0 0 0
300	8	 0 1 0 1 0 0 1 0 0 1 0 0 0 1 0 1 0 0 0 0
300	3	 0 1 1 1 0 0 0 0 0 1 0 0 1 0 0 1 0 0 0 0
300	2	 1 1 1 1 0 0 0 0 0 1 1 0 1 1 1 0 0 0 0 0
300	4	 1 1 0 1 0 0 1 0 1 0 1 0 1 0 0 0 0 0 0 0
300	3	 0 1 0 1 0 0 0 0 1 1 1 1 1 1 0 0 0 0 0 0
300	2	 0 1 1 1 0 1 1 0 0 1 1 0 1 0 0 0 0 0 0 0
300	1	 0 1 1 1 0 1 0 0 0 1 1 0 0 1 0 1 1 0 0 0
300	2	 0 1 1 1 0 0 0 0 0 1 1 0 0 1 0 1 0 0 0 1
300	3	 0 1 1 1 0 0 0 0 0 1 1 0 1 0 0 0 0 0 0 1
300	2	 0 1 1 1 1 0 0 1 0 1 1 0 0 1 0 0 0 0 0 0
300	1	 1 1 1 1 0 0 0 0 0 1 1 0 0 1 0 1 0 0 0 0
300	1	 0 1 0 1 0 0 1 0 0 1 1 0 1 0 0 0 1 0 0 0
300	2	 0 1 1 1 1 0 1 0 1 1 0 0 0 1 0 1 0 0 0 0
300	2	 0 1 1 1 0 0 0 0 1 1 0 1 0 0 0 0 0 0 1 0
300	4	 0 1 1 1 0 0 1 0 0 1 1 0 0 1 1 1 1 0 0 0
300	1	 0 1 0 1 0 0 1 0 0 1 1 0 1 1 0 1 0 0 0 0
300	4	 0 1 0 1 0 0 1 0 0 1 1 0 1 1 0 0 0 0 0 0
300	10	 1 1 1 1 0 0 0 0 1 1 1 1 1 1 0 0 0 0 0 0
300	2	 0 1 0 1 0 1 0 0 0 1 1 1 0 0 0 0 0 0 1 1
300	3	 0 1 1 1 0 0 0 0 0 1 1 1 1 1 0 0 0 0 0 0
300	2	 0 1 1 1 0 1 1 0 0 1 1 1 1 0 0 1 0 0 0 0
300	2	 0 1 0 1 0 0 0 1 0 1 1 0 0 1 0 1 0 0 0 0
300	2	 0 1 0 1 1 0 1 0 0 1 1 0 0 1 0 1 0 0 1 0
300	4	 0 1 1 1 1 0 0 0 0 1 1 0 0 1 1 1 0 0 0 0
300	4	 0 1 1 1 1 0 1 0 1 0 1 0 0 1 0 1 0 0 0 0
300	3	 0 1 1 1 0 0 1 0 0 1 0 0 0 1 0 0 0 0 0 0
300	1	 0 1 0 1 0 1 1 1 1 1 1 1 1 0 0 1 0 0 0 0
300	3	 0 1 1 1 0 0 1 0 0 1 0 0 0 1 1 1 0 0 0 1
300	1	 0 1 1 1 0 0 1 0 0 1 1 0 0 1 0 1 1 0 1 0
300	1	 0 1 0 1 1 0 0 0 0 1 1 0 0 1 1 1 0 0 0 1
300	1	 0 1 0 1 0 0 1 0 0 1 0 0 1 1 0 1 0 0 0 0
300	1	 0 1 0 1 0 0 1 0 1 1 0 0 0 1 0 1 0 0 0 0
300	1	 0 1 1 1 1 0 1 0 0 1 0 0 1 0 0 1 0 0 0 0
300	1	 0 1 0 1 0 1 1 0 0 1 1 0 0 1 0 1 0 0 0 0
300	1	 0 1 0 1 0 0 0 0 0 1 1 0 0 1 0 1 0 0 1 0
300	4	 0 1 0 1 1 0 0 0 0 1 1 0 0 1 0 1 1 0 0 0
300	1	 1 1 1 1 0 0 0 0 0 1 0 0 1 1 0 1 0 0 0 0
300	1	 0 1 0 1 0 0 1 0 0 1 1 0 0 1 1 1 0 0 0 0
300	4	 0 1 0 0 0 1 0 0 0 1 1 1 1 1 0 0 0 0 0 0
300	1	 0 1 1 1 0 0 1 0 0 1 0 0 1 1 0 1 0 0 0 0
300	1	 0 1 0 1 0 1 0 1 1 1 1 1 1 0 0 0 0 0 0 0
300	2	 0 1 0 1 1 0 0 1 0 1 1 0 0 0 0 1 0 0 0 1
300	2	 0 1 1 1 0 1 0 0 0 1 1 0 1 1 0 1 0 0 0 0
300	2	 1 1 1 1 0 0 0 0 0 1 0 0 1 0 0 1 0 0 0 0
300	3	 0 1 0 1 1 0 1 0 0 1 1 0 1 0 0 0 1 0 0 0
300	2	 0 1 1 1 0 1 0 0 0 1 1 1 1 1 0 0 0 0 0 0
300	2	 0 1 1 1 0 0 0 1 0 1 1 0 0 0 0 0 0 0 0 0
300	1	 0 1 0 1 0 0 0 0 1 1 1 1 1 0 0 0 0 0 0 0
300	1	 1 1 1 1 0 0 0 0 0 1 1 0 0 1 1 1 1 0 0 0
300	2	 0 1 0 1 0 0 0 1 0 1 1 0 0 1 0 0 0 0 0 0
300	1	 0 1 0 1 1 0 1 0 0 1 1 0 1 0 0 0 0 0 0 0
300	3	 0 1 0 0 1 0 0 0 0 1 1 1 0 1 0 1 0 0 0 0
300	2	 0 1 0 1 0 0 0 1 0 1 1 1 0 0 0 0 0 0 0 0
300	1	 0 1 0 0 1 0 0 1 0 1 1 0 0 1 0 1 0 0 0 0
300	1	 0 1 0 0 0 0 1 0 1 1 0 0 0 1 0 1 0 0 0 0
400	7	 0 1 1 1 0 0 0 0 0 1 1 1 0 0 0 0 0 0 0 0
400	24	 1 1 1 1 0 0 0 0 1 1 1 0 1 1 1 0 0 0 0 0
400	5	 1 1 1 1 0 0 0 0 1 1 1 0 1 1 1 0 0 0 0 1
400	58	 1 1 1 1 0 0 1 1 0 1 1 0 0 0 0 0 0 0 0 0
400	16	 0 0 1 1 0 0 0 0 0 1 1 0 0 1 0 1 0 0 0 0
400	23	 1 1 1 1 0 0 0 0 1 1 1 0 0 0 0 0 0 0 0 0
400	10	 0 1 1 1 0 1 0 0 0 1 1 1 0 0 0 0 0 0 0 0
400	33	 1 1 1 0 0 0 0 0 0 1 1 0 0 0 0 0 0 0 0 0
400	7	 1 1 1 1 1 0 1 0 0 1 1 0 0 1 0 1 0 0 0 0
400	12	 1 1 0 1 0 1 0 0 0 1 1 0 0 0 0 1 0 0 0 0
400	30	 1 1 0 1 0 0 1 1 0 1 1 0 0 0 0 0 0 0 0 0
400	20	 0 1 1 1 0 0 1 0 0 1 1 1 0 1 0 1 0 0 0 0
400	1	 1 1 1 1 0 0 0 0 0 1 1 1 1 0 0 0 0 0 0 0
400	5	 0 0 1 1 0 1 0 0 0 1 1 0 0 1 0 1 0 0 0 0
400	2	 0 1 1 1 0 0 1 1 0 1 1 1 1 0 0 0 0 0 0 0
400	19	 1 1 1 0 0 0 0 0 0 1 1 1 0 0 0 0 0 0 0 0
400	22	 0 1 0 1 0 0 1 0 0 1 0 0 0 1 0 1 0 0 1 0
400	9	 1 1 1 1 1 1 0 0 1 1 1 0 0 0 0 0 0 0 0 0
400	13	 1 1 1 0 0 0 1 1 0 1 1 0 0 0 0 0 0 0 0 0
400	1	 1 1 1 0 0 0 0 0 0 0 1 0 1 0 0 0 0 0 0 0
400	3	 1 1 1 1 1 0 0 0 1 1 1 0 1 1 0 0 0 0 1 0
400	6	 1 1 1 1 0 0 1 1 0 1 1 1 0 0 0 0 0 0 0 0
400	6	 1 1 1 1 0 0 0 0 1 1 1 0 0 0 0 0 1 0 0 0
400	13	 1 1 1 1 0 0 0 0 1 1 1 0 0 1 0 0 0 0 0 0
400	4	 1 1 1 1 0 0 1 1 0 1 0 0 0 1 0 0 0 0 0 0
400	5	 1 1 1 1 0 0 0 1 0 1 1 1 0 0 0 0 0 0 0 0
400	28	 1 1 1 1 0 0 0 0 1 1 1 0 1 0 0 0 0 0 0 0
400	34	 0 1 1 1 0 0 1 1 0 1 1 0 0 0 0 0 0 0 0 0
400	1	 1 1 0 1 0 1 0 0 0 1 1 0 0 0 1 1 0 0 0 0
400	1	 0 1 0 1 1 0 1 1 0 1 1 1 0 0 0 0 1 0 0 0
400	10	 1 1 1 1 0 0 0 1 1 1 1 0 1 1 1 0 0 0 0 0
400	21	 1 1 1 1 0 0 0 0 0 1 1 1 0 0 0 0 0 0 0 0
400	39	 1 1 0 1 1 0 1 0 0 1 1 1 0 1 0 1 0 0 0 0
400	12	 1 1 0 1 0 0 0 1 0 1 1 0 0 0 0 1 0 0 0 0
400	3	 0 1 0 1 0 0 0 0 0 1 1 1 0 0 0 0 0 0 0 0
400	25	 1 1 1 1 0 1 1 1 0 1 1 1 1 0 0 0 0 0 0 0
400	2	 1 1 1 1 0 1 0 0 1 1 1 0 0 0 0 0 1 0 0 0
400	1	 1 1 0 1 0 0 1 0 0 1 1 1 1 0 0 0 0 0 0 0
400	10	 1 0 1 1 0 0 1 1 0 1 1 1 0 0 0 0 0 0 0 0
400	4	 1 1 1 0 0 1 0 0 0 0 1 0 1 0 0 0 0 0 0 0
400	16	 0 1 0 1 0 0 1 1 0 1 1 0 0 0 0 0 0 0 0 0
400	4	 1 1 1 1 0 0 1 1 0 1 1 1 1 0 0 0 1 0 0 0
400	1	 0 0 1 1 0 1 1 0 0 1 1 0 0 1 0 0 0 0 0 1
400	14	 0 1 1 0 0 0 1 1 0 1 1 0 0 0 0 0 0 0 0 0
400	15	 1 1 1 1 0 0 0 0 0 0 1 0 1 0 0 0 0 0 0 0
400	3	 0 0 1 1 0 1 0 0 0 1 1 1 0 0 0 0 0 0 0 0
400	31	 1 1 1 1 0 0 0 0 1 1 1 0 0 0 0 0 0 0 1 0
400	1	 1 1 1 0 0 0 0 0 0 0 1 0 0 0 0 0 0 0 0 0
400	3	 0 1 1 1 0 0 0 0 0 1 1 1 0 1 0 1 0 0 0 0
400	2	 1 1 1 0 1 1 0 0 1 1 1 0 1 0 0 0 0 0 0 0
400	1	 1 1 1 1 0 0 0 0 1 0 1 0 0 0 0 0 0 0 0 0
400	20	 1 1 1 1 0 0 0 0 1 1 1 0 1 0 0 0 0 0 1 0
400	1	 0 1 1 1 1 1 1 0 0 1 1 0 0 0 0 1 0 0 0 0
400	6	 1 1 1 0 0 0 0 0 0 1 1 1 1 0 0 0 0 0 0 0
400	2	 1 1 1 0 0 1 0 1 0 1 1 1 0 0 0 0 0 0 0 0
400	5	 1 1 1 1 0 1 0 0 0 1 1 0 0 1 0 1 0 1 0 0
400	13	 1 1 0 1 1 0 1 0 0 1 1 0 0 0 0 0 0 0 0 0
400	2	 1 1 1 1 0 0 0 0 1 0 1 0 1 1 1 0 0 0 0 1
400	21	 1 1 1 1 0 1 0 0 1 1 1 0 0 0 0 0 0 0 0 0
400	2	 1 1 1 1 1 0 1 0 0 1 1 0 0 1 0 1 0 1 1 0
400	5	 1 1 1 0 0 0 1 1 0 1 1 0 1 1 1 0 0 0 0 0
400	3	 0 1 0 1 0 0 1 1 0 1 1 1 0 0 0 0 0 0 0 0
400	4	 1 1 1 1 0 1 1 1 0 1 1 0 0 0 0 0 0 0 0 0
400	1	 0 1 1 0 0 0 0 1 0 1 1 0 1 0 0 0 0 0 0 0
400	2	 1 1 1 1 0 1 1 1 0 1 1 1 0 0 0 0 0 0 0 0
400	7	 1 1 1 1 0 0 1 1 0 0 1 0 0 0 0 0 0 0 0 0
400	8	 0 0 1 1 0 0 0 1 0 1 1 0 0 1 0 1 0 0 0 0
400	2	 1 1 1 1 0 0 0 0 1 1 1 0 0 1 0 0 0 0 0 1
400	2	 1 1 1 1 0 0 0 0 1 1 1 0 0 1 1 0 0 0 0 1
400	5	 1 1 1 1 1 1 0 0 1 1 1 0 1 0 0 0 0 0 0 0
400	2	 1 1 0 1 1 0 1 0 0 1 1 1 0 1 0 0 0 0 0 0
400	2	 0 1 0 1 0 0 1 1 0 1 1 0 0 1 0 0 0 0 0 1
400	1	 1 1 1 0 0 0 0 0 0 1 1 0 1 0 0 0 0 0 0 0
400	1	 0 1 0 1 1 0 1 0 0 1 1 0 0 1 0 1 0 1 0 0
400	5	 1 1 0 1 0 1 0 0 1 1 1 0 0 0 1 1 0 0 0 0
400	5	 1 1 1 1 0 1 1 1 0 1 1 1 1 0 1 0 0 0 0 0
400	12	 1 1 1 0 0 0 0 0 1 1 1 0 1 0 0 0 0 0 1 0
400	17	 1 1 0 1 0 1 1 1 0 1 1 1 1 0 0 0 1 0 0 0
400	4	 1 1 1 1 0 0 0 0 1 1 1 0 1 0 0 0 1 0 0 0
400	9	 1 1 1 1 0 0 0 1 1 1 1 0 1 0 0 0 0 0 0 0
400	3	 1 1 1 1 0 1 1 1 0 1 1 0 1 0 0 0 0 0 0 0
400	3	 0 1 1 1 0 0 0 0 0 1 1 0 0 1 0 1 0 0 1 0
400	20	 0 0 1 0 0 0 1 1 0 1 1 0 0 0 0 0 0 0 0 0
400	1	 1 1 1 1 0 0 0 0 1 1 1 0 1 1 0 0 0 0 1 0
400	15	 1 1 1 1 0 0 0 1 0 1 1 1 0 1 0 1 0 0 0 0
400	1	 0 1 1 1 0 0 0 0 0 1 1 0 0 1 0 1 0 1 0 0
400	1	 1 1 1 1 0 0 0 0 1 1 0 0 1 0 0 0 0 0 0 0
400	2	 1 0 0 1 1 0 1 0 0 1 1 1 0 1 0 1 0 0 0 0
400	2	 1 1 1 1 0 0 0 1 0 1 1 1 1 0 0 0 0 0 0 0
400	7	 0 1 1 1 1 1 1 0 0 1 1 0 0 0 0 0 0 0 0 0
400	1	 0 1 1 1 0 0 1 0 1 1 1 1 0 1 0 1 0 0 0 0
400	3	 1 1 1 1 1 1 0 0 1 1 1 1 1 0 0 0 0 0 0 0
400	5	 0 1 1 1 0 0 1 1 0 1 0 0 0 1 0 0 0 0 0 0
400	4	 1 1 0 1 1 0 0 0 1 1 1 0 1 0 0 0 0 0 0 0
400	1	 1 1 0 1 0 0 1 0 0 1 1 0 1 1 1 0 0 0 0 0
400	1	 0 1 1 1 0 0 0 1 0 1 1 0 0 0 0 0 0 0 0 0
400	7	 1 1 0 1 0 0 0 0 1 1 1 0 1 0 0 0 0 0 0 0
400	4	 1 1 0 1 0 0 1 1 0 1 1 1 1 0 0 0 0 0 0 0
400	3	 1 1 1 1 0 0 0 0 0 1 1 0 0 1 0 1 0 0 0 0
400	1	 1 1 1 1 1 1 0 0 1 1 1 0 0 1 0 0 0 0 0 0
400	1	 1 1 1 0 0 1 1 1 0 1 1 0 0 0 0 0 0 0 0 0
400	1	 1 1 1 1 0 0 0 1 0 1 0 0 0 1 0 0 0 0 0 0
400	6	 1 1 0 1 0 0 0 1 0 0 1 0 0 0 0 1 0 0 0 0
400	2	 0 1 1 1 0 0 0 0 0 1 1 1 0 1 0 1 0 1 0 0
400	4	 1 1 1 1 0 0 0 0 0 1 1 0 0 1 0 1 0 1 0 0
400	5	 1 1 1 1 1 0 0 0 0 1 1 0 0 1 0 1 0 0 0 0
400	3	 1 1 1 0 0 0 0 0 0 1 1 1 0 1 0 0 0 0 0 0
400	2	 1 1 0 0 0 1 0 0 0 1 1 0 0 0 1 1 0 0 0 0
400	6	 1 1 1 1 0 1 0 1 0 1 1 1 1 0 0 0 0 0 0 0
400	2	 1 0 1 1 0 0 1 1 0 1 1 1 0 0 0 0 0 0 0 1
400	1	 1 0 1 1 0 0 0 0 0 0 1 0 1 0 0 0 0 0 0 0
400	3	 0 1 1 1 0 0 0 0 1 1 1 0 0 0 0 0 1 0 0 0
400	1	 0 1 0 1 0 0 1 0 0 1 0 0 0 1 0 1 1 0 1 0
400	1	 1 1 1 1 0 0 0 1 0 1 1 1 0 0 0 0 0 0 1 0
400	1	 1 1 1 1 0 0 0 1 1 1 1 0 0 1 1 0 0 0 0 0
400	3	 1 1 1 1 0 1 1 1 0 1 0 1 1 0 0 0 0 0 0 0
400	2	 0 1 0 1 0 0 0 0 0 1 1 1 0 1 0 1 0 0 0 0
400	3	 1 1 1 1 0 1 0 1 0 1 1 0 0 1 0 1 0 1 0 0
400	2	 1 1 1 1 0 1 0 1 0 1 1 1 0 1 0 1 0 0 0 0
400	2	 1 1 1 1 0 0 0 1 0 1 1 1 0 1 0 0 0 0 0 0
400	1	 1 0 1 1 1 0 1 0 0 1 1 1 0 1 0 1 0 0 0 0
400	3	 1 1 0 1 0 0 1 1 0 1 1 0 0 0 0 0 0 0 1 0
400	1	 1 0 1 1 0 0 1 1 0 1 1 0 0 0 0 0 1 0 0 0
400	2	 0 0 1 1 0 0 1 0 0 1 1 0 0 1 0 1 0 0 0 0
400	5	 1 1 1 1 0 0 1 0 1 1 1 0 0 0 0 0 0 0 0 0
400	2	 1 1 1 0 0 0 0 0 1 1 1 0 0 0 0 0 0 0 0 0
400	4	 1 1 0 0 1 0 1 0 0 1 1 1 0 1 0 1 0 0 0 0
400	2	 1 1 0 1 1 0 1 0 1 1 1 1 0 1 0 1 0 0 0 0
400	4	 1 0 1 1 0 0 1 1 1 1 1 1 0 0 0 0 0 0 0 0
400	1	 1 1 1 1 0 0 0 1 1 1 1 0 1 0 0 0 0 0 1 0
400	1	 1 1 1 1 1 0 0 0 1 1 1 0 0 1 0 0 0 0 0 1
400	2	 1 1 1 1 0 0 0 1 0 1 1 1 1 1 0 0 0 0 0 0
400	3	 1 1 1 1 0 0 1 1 0 1 1 0 0 1 0 1 0 0 1 0
400	2	 1 1 1 1 0 0 1 1 0 1 1 0 0 0 0 0 1 0 0 0
400	1	 1 1 1 1 0 0 1 1 0 1 1 0 0 0 0 0 0 0 1 0
400	1	 1 1 1 1 0 0 0 0 1 1 1 0 0 0 0 1 0 0 0 0
400	1	 0 1 0 1 0 0 1 0 0 1 0 0 0 1 0 0 0 0 0 0
400	1	 0 1 1 1 0 0 1 1 0 1 1 0 0 0 0 0 0 0 1 0
400	2	 0 1 0 1 0 0 0 1 1 1 1 0 1 0 0 0 0 0 0 0
400	2	 1 1 1 1 0 0 0 0 1 1 1 1 0 0 0 0 0 0 0 0
400	1	 0 1 1 1 0 0 0 0 0 1 1 1 0 1 0 0 0 0 1 0
400	2	 0 1 1 1 0 1 0 0 0 1 1 1 0 0 0 0 0 0 0 1
400	2	 0 1 1 1 0 0 1 0 0 1 1 1 0 1 0 1 1 0 0 0
400	1	 1 1 1 1 0 0 0 0 1 1 1 0 1 1 0 0 0 0 0 0
400	1	 1 1 1 1 0 0 0 0 1 1 1 0 1 0 0 1 0 0 0 0
400	1	 0 1 0 1 0 0 1 1 1 1 1 0 0 0 0 0 0 0 0 0
400	2	 1 1 1 1 0 0 0 1 1 1 1 0 0 0 0 0 0 0 1 0
400	1	 0 1 1 1 0 0 0 0 0 1 0 1 0 1 0 1 0 0 0 0
400	2	 1 1 1 0 0 0 0 0 0 1 1 1 1 0 0 0 1 0 0 0
400	4	 1 1 1 1 0 0 0 1 0 1 1 0 0 1 0 1 0 0 0 0
400	1	 1 1 1 0 1 1 0 0 1 1 1 0 0 1 0 0 0 0 0 0
500	29	 1 1 1 1 0 0 0 0 1 1 1 0 1 1 1 0 0 0 0 0
500	13	 1 1 1 1 0 0 1 1 0 1 1 0 0 0 0 0 0 0 0 0
500	76	 1 1 1 1 0 0 0 0 0 1 1 1 0 0 0 0 0 0 0 0
500	9	 1 1 1 1 0 0 1 0 1 1 1 0 0 0 0 0 0 0 0 0
500	2	 1 1 1 1 0 0 0 0 1 1 1 0 0 0 0 1 0 0 0 0
500	11	 1 1 1 1 0 0 0 1 0 1 1 1 0 0 0 1 0 0 0 0
500	2	 1 1 1 1 0 0 1 0 1 1 1 0 1 0 0 0 0 0 0 0
500	42	 1 1 1 1 0 0 0 1 0 1 1 0 0 1 0 1 0 0 0 0
500	12	 1 1 1 1 0 0 0 0 0 1 1 1 0 1 0 1 0 0 0 0
500	12	 1 1 1 1 0 0 0 0 0 1 1 1 0 0 0 0 0 0 1 0
500	19	 1 0 1 1 0 0 1 1 0 1 1 0 0 0 0 0 0 0 0 0
500	8	 1 1 1 1 0 1 0 0 0 1 1 1 0 0 0 0 0 0 0 0
500	10	 1 1 1 1 0 1 1 0 0 1 1 0 1 0 1 0 0 0 0 0
500	26	 1 1 0 1 0 0 0 1 0 1 1 0 0 1 0 1 0 0 0 0
500	38	 1 1 0 1 0 0 0 1 1 1 1 0 1 0 0 0 0 0 0 0
500	13	 1 1 1 0 0 0 0 0 0 1 1 1 0 0 0 0 0 0 0 0
500	20	 1 1 1 1 0 0 0 0 1 0 1 0 0 0 0 1 0 0 0 0
500	11	 1 1 1 1 0 0 0 0 0 1 1 1 0 0 0 1 0 0 0 0
500	11	 1 1 1 1 0 0 0 1 0 1 1 0 1 0 0 0 0 0 0 0
500	38	 1 1 1 1 0 0 0 1 1 1 1 0 1 0 0 0 0 0 0 0
500	2	 0 0 1 1 1 1 1 0 0 1 1 1 0 0 0 0 0 0 0 0
500	11	 1 1 1 1 0 0 0 0 1 1 1 0 1 0 1 0 0 0 0 0
500	8	 1 1 1 1 0 1 1 0 0 1 1 0 1 0 0 0 0 0 1 0
500	3	 1 0 1 1 0 0 0 0 0 1 1 1 0 0 0 0 0 0 0 0
500	27	 1 1 1 1 0 0 0 0 1 1 1 1 0 0 0 1 0 0 0 0
500	14	 1 1 1 0 1 1 0 0 0 1 1 1 0 0 0 0 0 0 0 0
500	14	 1 1 1 1 0 0 1 0 0 1 1 1 0 0 0 0 0 0 0 0
500	23	 1 1 1 1 0 0 0 1 0 1 0 0 0 1 0 1 0 0 0 0
500	6	 1 1 1 1 0 0 1 0 1 1 0 0 1 0 0 0 0 0 0 0
500	5	 1 1 0 1 0 0 0 1 1 1 1 0 0 0 0 0 0 0 0 0
500	25	 1 1 1 1 0 1 0 0 0 0 1 0 1 0 0 0 0 0 0 0
500	1	 1 1 1 1 0 0 0 0 1 1 1 1 0 1 0 0 0 0 0 0
500	12	 1 1 1 1 0 0 0 0 0 1 1 1 0 0 1 0 0 0 1 0
500	1	 1 1 1 1 0 1 1 1 0 1 1 1 1 0 1 0 0 0 0 1
500	28	 1 1 0 1 0 0 1 0 1 1 1 0 0 0 0 0 0 0 0 0
500	4	 1 1 1 0 0 0 0 0 1 1 1 0 0 0 0 1 0 0 0 0
500	8	 1 1 1 1 0 0 1 0 0 1 1 1 0 1 0 1 0 0 0 0
500	16	 1 1 1 1 0 0 0 0 0 1 1 0 0 1 0 1 0 0 0 0
500	9	 1 1 1 1 0 0 0 1 1 1 1 0 1 1 0 0 0 0 0 0
500	1	 1 0 0 1 0 0 1 1 0 1 1 0 1 0 0 1 0 0 0 0
500	5	 1 1 1 1 0 0 0 0 1 1 1 0 1 0 0 0 0 0 0 0
500	12	 1 1 1 1 0 0 0 1 0 1 1 1 0 0 0 0 0 0 0 0
500	26	 1 1 1 0 1 0 0 0 0 1 1 1 0 0 0 0 0 0 0 0
500	2	 1 1 1 0 0 0 0 1 0 1 0 0 0 1 0 1 0 0 0 0
500	11	 1 1 1 1 0 1 0 0 0 0 1 0 1 0 1 0 0 0 0 0
500	7	 1 1 1 1 0 0 0 0 1 1 1 0 0 0 0 0 0 0 0 0
500	13	 1 1 1 1 0 0 1 0 1 1 1 0 1 1 1 0 0 0 0 0
500	8	 1 0 1 1 1 1 1 0 0 1 1 1 0 0 0 0 0 0 0 0
500	7	 0 1 1 1 0 0 1 0 1 1 1 0 1 0 0 0 0 0 0 0
500	2	 1 1 1 1 0 0 0 0 0 0 1 1 0 1 0 1 0 0 0 0
500	16	 1 1 1 1 0 0 0 1 1 1 1 0 0 0 1 0 0 0 0 0
500	12	 1 1 1 0 0 0 0 0 1 1 1 1 0 1 0 0 0 0 0 0
500	4	 0 1 1 1 0 0 1 1 0 1 1 0 0 0 0 0 0 0 0 0
500	6	 1 1 0 1 0 0 0 1 0 0 1 1 0 0 0 1 0 0 0 0
500	1	 1 1 1 1 0 1 1 0 0 1 1 0 1 0 0 0 1 0 0 0
500	3	 1 1 1 1 0 1 1 0 1 1 1 0 1 0 0 0 0 0 0 0
500	6	 1 0 1 1 0 0 1 0 1 1 1 0 1 0 0 0 0 0 0 0
500	4	 1 1 1 1 1 0 0 0 0 1 1 1 0 1 0 1 0 0 0 0
500	9	 1 1 1 1 0 0 0 0 1 1 1 0 0 1 0 1 0 0 0 0
500	4	 1 1 1 1 0 0 0 0 1 1 1 0 0 0 0 0 0 0 0 1
500	7	 1 1 1 1 0 1 1 0 0 1 1 0 1 0 1 1 0 0 0 0
500	3	 1 1 0 1 0 0 1 0 1 1 1 1 0 0 0 0 0 0 0 0
500	5	 1 1 1 1 0 0 1 0 1 1 1 0 0 0 0 1 0 0 0 0
500	3	 1 1 1 1 0 0 0 0 0 1 1 0 0 0 0 0 0 0 0 0
500	4	 1 0 1 1 0 0 0 1 0 1 1 1 0 0 0 1 0 0 0 0
500	3	 1 1 1 1 0 1 0 0 1 1 1 1 0 0 0 1 0 0 0 0
500	9	 1 1 1 1 0 0 0 0 1 1 1 0 0 1 0 1 0 0 1 0
500	2	 1 1 0 1 0 0 0 0 1 1 1 0 1 0 0 0 1 0 0 0
500	6	 1 1 1 1 0 0 0 0 1 1 1 0 1 1 0 0 0 0 0 0
500	1	 1 1 1 1 0 0 0 1 1 1 1 1 1 0 0 0 0 0 0 0
500	13	 1 1 1 1 0 1 0 0 0 0 1 1 1 0 0 0 0 0 0 0
500	5	 1 1 1 1 0 0 1 0 1 1 1 0 1 0 0 0 0 0 1 0
500	5	 1 1 1 1 0 0 0 1 1 1 1 0 0 1 0 1 0 0 0 0
500	4	 1 1 1 1 0 0 0 1 0 1 1 0 0 0 0 0 0 0 0 0
500	3	 1 1 1 1 0 1 0 0 0 0 1 0 1 0 0 1 0 0 0 0
500	13	 1 1 1 1 0 0 0 0 1 1 1 1 1 0 0 0 0 0 0 0
500	6	 1 1 0 1 0 0 0 0 1 1 1 1 0 0 0 1 0 0 0 0
500	4	 1 1 1 1 0 0 0 1 0 1 1 1 0 0 0 1 0 1 0 0
500	6	 1 1 0 1 0 0 0 1 0 1 1 0 1 0 0 0 0 0 0 0
500	1	 1 1 0 1 0 0 0 1 1 0 1 0 1 0 0 0 0 0 0 0
500	11	 1 1 0 1 0 0 1 0 1 1 1 0 1 1 0 0 0 0 0 0
500	6	 1 1 0 1 0 1 0 0 0 0 1 0 1 0 0 1 0 0 0 0
500	1	 0 1 1 1 0 0 1 1 1 1 1 0 1 0 0 0 0 0 0 0
500	2	 0 0 1 1 0 0 1 1 0 1 1 0 0 1 1 0 0 0 0 0
500	4	 0 1 1 1 0 0 0 0 1 1 1 0 0 0 0 1 0 0 0 0
500	1	 1 1 1 1 0 1 1 0 0 1 1 0 1 0 0 0 0 0 1 1
500	5	 1 1 0 1 0 0 1 0 0 1 1 0 0 0 0 0 0 0 0 0
500	3	 1 1 1 1 0 0 0 1 1 1 1 0 1 1 0 0 1 0 0 0
500	1	 1 1 1 1 0 0 1 0 1 1 1 0 1 1 0 0 0 0 0 0
500	1	 1 1 1 1 0 0 0 0 1 1 1 0 1 0 0 1 0 0 0 0
500	2	 1 1 1 1 0 1 0 0 0 0 1 0 1 1 0 1 0 0 0 0
500	1	 1 0 1 0 0 0 1 0 0 1 1 1 0 0 0 0 0 0 0 0
500	3	 1 1 1 1 0 0 0 0 1 1 1 1 0 0 0 0 0 0 0 0
500	7	 1 1 1 1 0 0 0 1 0 1 1 1 0 0 1 1 0 0 0 0
500	1	 1 1 1 1 0 0 0 0 0 0 1 0 1 0 0 0 0 0 0 0
500	2	 1 1 1 1 0 0 0 1 1 1 1 1 1 1 0 0 0 0 0 0
500	1	 1 1 1 1 1 0 0 1 1 1 1 1 1 0 0 0 0 0 0 0
500	3	 1 0 1 1 1 1 1 0 0 1 1 1 0 1 0 1 0 0 0 0
500	6	 0 1 0 1 0 0 0 1 1 1 1 0 1 0 0 0 0 0 0 0
500	4	 1 1 1 1 0 0 0 1 0 1 0 0 0 1 1 1 0 0 0 0
500	2	 1 1 0 1 0 0 1 0 1 1 1 0 0 0 0 0 0 0 0 1
500	1	 1 1 0 1 0 0 1 0 1 1 1 1 0 0 0 1 0 0 0 0
500	1	 1 0 1 1 0 0 1 0 1 1 1 0 1 1 1 0 0 0 0 1
500	1	 1 1 1 1 0 0 0 1 1 1 1 0 1 0 0 1 0 0 0 0
500	2	 1 1 1 1 0 0 0 1 1 1 1 0 0 0 0 0 0 0 0 0
500	2	 1 1 1 1 0 0 0 0 1 1 1 0 1 0 1 0 0 0 1 0
500	2	 1 0 1 1 0 0 1 0 0 1 1 0 1 0 1 1 0 0 0 0
500	3	 1 1 1 0 0 0 1 0 0 1 1 1 0 1 0 1 0 0 0 0
500	1	 1 1 1 1 0 0 0 0 0 1 1 1 0 0 1 0 0 0 0 0
500	2	 1 1 1 1 0 0 1 0 0 1 1 0 0 0 0 0 0 0 0 0
500	2	 1 1 1 0 0 0 0 1 0 1 1 1 0 0 0 1 0 0 0 0
500	1	 0 1 0 1 0 0 0 1 0 1 1 0 0 1 0 1 0 0 0 0
500	3	 1 1 0 1 0 0 1 1 1 1 1 0 1 0 0 0 0 0 0 0
500	3	 1 1 1 1 0 0 0 1 0 0 0 0 0 1 0 1 0 0 0 0
500	3	 1 1 0 1 0 0 0 1 1 1 1 0 0 0 0 0 1 0 0 0
500	1	 1 1 1 1 0 0 1 0 1 1 1 0 1 1 1 0 0 1 0 0
500	4	 1 1 1 0 0 0 0 0 1 0 1 1 0 1 0 0 0 0 0 0
500	2	 1 1 1 1 0 0 0 0 1 1 0 0 1 0 0 0 0 0 0 0
500	1	 1 1 0 1 0 0 0 1 0 1 1 1 0 0 0 0 0 0 0 0
500	2	 1 1 1 1 0 1 1 0 0 1 0 0 0 1 0 1 0 0 0 0
500	2	 1 1 0 1 0 0 1 0 1 1 1 0 0 0 1 0 0 0 0 0
500	1	 1 0 1 1 0 0 1 0 0 1 1 0 0 0 0 0 0 0 0 0
500	2	 1 1 0 1 0 0 0 1 1 1 1 0 1 0 0 0 0 0 0 1
500	1	 1 1 1 1 0 0 1 0 0 1 1 1 0 0 0 0 0 0 1 0
500	3	 1 1 1 1 0 1 0 0 0 0 1 0 0 0 0 0 0 0 0 0
500	3	 1 1 1 1 1 0 0 1 0 0 1 0 0 1 0 1 0 0 0 0
500	1	 1 0 1 1 0 0 0 1 0 0 1 0 0 1 0 1 0 0 0 0
500	2	 1 0 1 1 0 0 1 0 1 1 1 0 0 1 1 0 0 0 0 0
600	6	 1 1 1 1 0 0 0 0 1 1 1 0 1 1 1 0 0 0 0 0
600	2	 1 1 1 1 0 0 0 0 0 1 1 1 0 0 0 0 0 0 0 0
600	50	 1 1 1 1 0 0 0 1 0 1 1 0 0 1 0 1 0 0 0 0
600	42	 1 1 1 1 0 0 1 0 0 1 1 1 0 0 0 0 0 0 0 0
600	83	 1 1 1 1 0 0 0 0 0 1 1 0 0 1 0 1 0 0 0 0
600	8	 1 1 1 1 0 1 1 0 0 1 0 0 0 1 0 1 0 0 0 0
600	13	 1 0 1 1 0 0 0 1 0 0 1 0 0 1 0 1 0 0 0 0
600	42	 1 1 1 1 0 1 0 1 0 0 1 0 1 0 0 0 0 0 0 0
600	46	 1 1 1 1 0 0 0 0 0 1 1 1 0 1 0 1 0 0 0 0
600	15	 1 1 1 1 0 0 1 1 0 1 1 0 1 0 0 0 0 0 0 0
600	2	 1 1 1 1 0 1 0 0 0 1 1 1 0 0 0 1 0 0 0 0
600	10	 1 1 1 1 0 1 1 1 0 0 1 0 0 1 0 1 0 0 0 0
600	52	 1 1 1 1 0 0 1 0 0 1 1 1 0 1 0 1 0 0 0 0
600	23	 1 1 1 1 0 0 0 0 0 1 1 0 1 1 0 1 0 0 0 0
600	12	 1 1 1 1 0 0 0 0 0 1 1 0 0 0 0 1 0 0 0 0
600	2	 1 1 0 1 0 0 0 1 0 1 1 0 0 1 0 1 0 0 0 0
600	10	 1 1 1 1 0 1 0 1 0 1 1 0 0 1 0 1 0 0 0 0
600	20	 1 1 1 1 1 0 0 0 0 1 1 0 0 1 0 1 0 0 0 0
600	25	 1 1 1 1 0 0 0 0 0 1 1 1 1 0 0 0 0 0 1 0
600	3	 1 1 1 1 0 1 0 0 0 1 0 0 0 1 0 1 0 0 0 0
600	5	 1 1 1 1 0 1 1 1 0 1 0 1 0 0 0 1 0 0 0 0
600	7	 1 1 1 1 0 0 1 0 0 1 1 0 0 1 0 1 0 0 0 0
600	5	 1 0 1 1 0 0 0 1 1 0 1 0 1 0 0 0 0 0 0 0
600	28	 1 1 1 0 0 0 0 0 0 1 1 1 0 1 0 1 0 0 0 0
600	4	 1 1 1 0 0 0 1 0 0 1 1 1 0 0 0 0 0 0 0 0
600	19	 1 0 1 0 0 1 0 1 0 0 1 0 0 1 0 1 0 0 0 0
600	10	 1 1 1 1 0 0 0 1 0 1 1 0 1 0 1 1 0 0 0 0
600	26	 1 1 1 1 0 1 0 1 0 0 1 0 1 0 0 0 0 1 0 0
600	7	 1 1 0 1 0 0 0 1 0 1 1 1 0 0 1 1 0 1 0 0
600	3	 1 1 1 1 0 0 0 0 0 1 1 0 0 1 1 1 0 0 0 0
600	9	 1 1 1 1 0 1 0 0 0 1 1 1 0 1 0 1 0 0 0 0
600	46	 1 1 1 1 0 1 0 1 0 0 1 0 0 0 0 0 0 0 0 0
600	4	 1 1 1 1 0 0 0 1 0 1 1 1 0 0 0 0 0 0 0 0
600	4	 1 0 1 1 0 0 0 0 1 1 1 0 1 0 1 1 0 0 0 0
600	13	 1 1 1 1 0 1 0 0 0 1 0 0 0 0 0 1 0 0 0 0
600	3	 1 1 1 1 0 0 1 1 0 1 1 0 0 1 0 1 0 0 0 0
600	3	 0 1 1 1 0 0 1 0 0 1 1 1 0 1 0 1 0 0 0 0
600	12	 1 1 1 1 0 0 1 0 0 1 1 1 0 0 0 1 0 0 0 0
600	12	 1 1 1 1 0 0 1 1 0 1 1 1 0 1 0 1 0 0 0 0
600	6	 1 0 1 1 0 0 0 1 0 1 1 0 0 1 0 1 0 0 0 0
600	18	 1 1 1 1 0 0 0 0 0 1 1 0 1 1 0 0 0 0 0 0
600	1	 1 1 1 1 0 0 0 0 0 1 1 0 1 0 0 0 0 0 0 0
600	14	 1 1 0 1 0 0 0 0 0 1 1 0 0 0 0 1 0 0 0 0
600	7	 1 1 0 1 0 0 0 0 0 1 1 0 0 0 0 0 0 0 0 0
600	2	 1 1 1 1 0 0 0 1 0 1 1 1 1 0 0 1 0 0 0 0
600	34	 1 1 0 1 0 0 1 0 0 1 1 1 0 0 0 0 0 0 0 0
600	7	 1 1 1 1 0 0 0 1 0 1 1 0 0 1 1 1 0 0 0 0
600	1	 1 0 0 0 0 1 0 1 0 0 1 0 0 1 0 1 0 0 0 0
600	2	 1 1 1 1 0 1 1 0 0 1 0 0 0 0 0 1 0 0 0 0
600	2	 1 1 1 1 0 0 1 1 0 1 1 1 0 0 0 1 0 0 0 0
600	3	 1 0 0 1 0 1 0 1 0 0 1 0 0 1 1 1 0 0 0 1
600	4	 1 1 1 1 1 1 0 1 1 1 1 0 0 0 0 1 0 0 0 0
600	5	 1 1 1 1 0 0 0 1 0 1 1 0 1 0 1 0 0 0 0 0
600	3	 1 1 1 1 0 0 0 0 0 1 1 1 1 0 0 0 0 1 1 0
600	7	 1 1 1 1 0 1 1 0 1 1 1 0 0 1 0 0 0 0 0 1
600	14	 1 1 0 0 0 0 1 0 0 1 1 1 0 0 0 0 0 0 0 0
600	1	 1 1 1 1 1 1 0 1 0 0 1 0 0 0 0 0 0 0 0 0
600	2	 1 0 1 1 0 0 0 1 0 1 1 0 0 1 0 1 1 0 0 0
600	3	 1 1 1 1 1 1 0 1 0 0 1 0 1 0 0 0 0 0 0 0
600	9	 1 1 1 1 0 0 0 1 0 1 0 0 0 1 0 1 0 0 0 0
600	4	 1 1 0 1 0 1 1 0 0 1 0 0 0 1 0 1 0 0 0 0
600	1	 1 1 1 1 0 1 0 1 0 0 1 1 1 0 0 0 0 0 0 0
600	2	 1 0 1 1 0 0 0 0 0 1 1 1 1 0 0 0 0 0 1 0
600	7	 1 0 0 1 0 0 0 0 0 1 1 0 0 0 0 1 0 0 0 0
600	2	 1 1 1 1 0 0 1 0 0 0 1 1 0 0 0 0 0 0 0 0
600	3	 1 1 1 1 0 1 1 1 0 1 1 0 0 1 0 1 0 0 0 0
600	8	 1 1 1 1 0 0 0 0 0 0 1 0 1 0 0 0 0 0 1 0
600	1	 1 1 0 1 1 0 0 0 0 1 1 0 0 0 0 1 0 0 0 0
600	1	 1 1 1 1 0 0 1 0 0 1 1 1 0 1 0 1 0 0 1 0
600	1	 1 1 1 1 0 1 0 1 0 0 1 0 1 1 0 0 0 1 0 0
600	6	 1 1 1 1 0 0 0 0 0 0 1 0 0 1 0 1 1 0 0 0
600	3	 1 1 1 1 0 0 0 1 0 1 1 0 1 1 0 1 0 0 0 0
600	7	 1 1 1 1 0 0 1 0 0 0 1 0 0 1 0 1 0 0 0 0
600	8	 1 1 1 1 0 1 1 1 0 0 1 0 0 0 0 1 0 0 0 0
600	2	 1 1 1 1 0 1 0 1 0 1 0 0 0 1 0 1 0 0 0 0
600	1	 1 0 1 0 0 1 0 0 0 1 1 0 0 1 0 1 0 0 0 0
600	1	 1 1 1 1 0 0 0 0 0 0 1 0 0 1 0 1 0 1 0 0
600	9	 1 1 1 1 0 0 0 1 0 1 1 0 0 1 1 1 0 0 0 1
600	3	 0 1 1 1 0 1 0 1 0 0 1 0 1 0 0 0 0 0 0 0
600	2	 1 1 1 1 0 1 0 1 0 0 0 0 0 0 0 0 0 1 0 0
600	4	 1 1 0 1 0 0 1 0 0 1 1 1 0 0 0 0 0 1 0 0
600	2	 1 0 0 1 0 1 0 1 0 0 1 0 0 1 1 1 1 0 0 1
600	1	 1 1 1 0 1 1 0 1 1 1 1 0 0 0 0 1 0 0 0 0
600	3	 1 1 1 1 0 1 1 1 0 1 1 1 0 1 0 1 0 0 0 0
600	1	 1 1 1 1 0 1 1 1 0 0 1 0 1 1 0 0 0 1 0 0
600	2	 1 1 1 1 0 0 0 1 0 0 1 0 1 1 0 0 0 1 0 0
600	1	 1 0 1 1 0 0 0 0 0 1 1 0 0 1 0 1 0 0 0 0
600	1	 1 1 0 1 0 0 0 0 0 1 1 0 1 1 1 0 0 0 0 0
600	1	 1 0 1 1 0 0 1 0 0 1 1 1 0 0 0 0 0 0 0 0
600	2	 0 1 1 1 0 0 0 0 0 1 1 0 0 1 0 1 0 0 0 0
600	4	 1 0 1 1 0 0 0 1 0 0 1 0 0 1 0 1 0 0 1 0
600	8	 1 1 1 1 0 0 1 1 0 1 1 0 1 1 0 1 0 0 0 0
600	1	 1 1 1 1 0 0 0 0 0 1 1 0 0 1 0 1 0 0 0 1
600	1	 0 1 1 1 0 0 1 0 0 1 1 0 0 1 0 1 0 0 0 0
600	6	 1 1 0 1 0 0 0 0 0 1 1 0 0 0 0 1 0 1 0 0
600	1	 1 1 1 1 0 0 0 0 0 1 1 1 0 1 0 1 1 0 0 0
600	2	 1 1 1 1 0 0 1 0 0 1 1 1 0 0 1 1 0 1 0 0
600	3	 1 1 1 0 0 0 0 0 0 1 1 0 0 1 0 1 0 0 0 0
600	3	 1 0 1 1 0 0 1 0 0 1 1 1 0 0 0 1 0 0 0 0
600	1	 1 1 1 1 0 1 1 0 0 1 1 1 0 0 0 0 0 0 0 0
600	9	 1 1 1 1 1 1 0 1 0 0 1 1 1 0 0 0 0 0 0 0
600	1	 1 1 1 1 0 0 0 1 0 0 1 0 0 1 0 1 0 0 0 0
600	1	 1 1 1 0 1 1 0 1 1 1 1 0 0 0 0 0 0 0 1 0
600	1	 1 1 1 1 0 0 0 1 0 1 1 0 0 1 0 1 0 0 0 1
600	1	 1 1 1 1 0 0 1 0 0 1 1 1 0 1 0 0 0 0 0 0
600	4	 1 1 1 1 0 1 0 1 0 0 1 0 1 0 0 1 0 1 0 0
600	1	 1 1 0 1 0 0 0 0 0 1 1 0 0 0 0 0 0 1 0 0
600	1	 1 1 0 1 0 0 1 1 0 1 1 1 0 0 0 0 0 0 0 0
600	3	 1 1 1 1 0 0 0 0 0 0 1 0 0 1 0 1 1 0 1 0
600	3	 1 1 1 1 0 0 0 1 0 0 1 0 1 0 0 0 0 0 0 0
600	1	 1 1 1 1 0 0 0 1 1 1 1 0 0 0 0 1 0 0 0 0
600	1	 1 1 1 1 0 0 0 0 0 1 1 1 1 0 0 0 0 1 0 0
600	1	 1 1 1 1 0 1 0 1 0 0 1 0 0 1 0 1 0 0 0 0
600	1	 1 1 1 1 0 1 0 0 0 1 1 1 0 0 0 0 0 0 0 0
600	1	 1 0 1 1 0 0 0 0 1 1 1 0 1 1 1 0 0 0 0 0
600	1	 1 1 1 1 0 0 0 0 0 1 1 0 0 1 0 1 1 0 0 0
600	1	 1 1 1 1 0 0 0 0 0 0 1 0 0 1 0 1 0 0 0 0
600	1	 1 0 1 1 0 0 0 1 0 0 1 0 0 1 0 1 0 1 0 0
600	2	 1 0 1 1 0 0 1 0 0 1 1 1 0 1 0 1 0 0 0 0
600	3	 1 1 1 1 0 0 0 0 0 1 1 0 1 1 0 1 1 0 0 0
600	2	 1 1 1 1 0 1 0 1 0 1 1 0 0 1 0 0 0 0 0 0
600	2	 1 0 1 0 0 1 0 1 0 0 1 0 0 1 0 1 0 0 1 0
600	2	 1 0 1 0 0 1 0 1 0 0 1 0 0 1 1 1 0 0 0 0
600	2	 1 1 1 1 0 1 0 1 1 0 1 0 1 0 0 0 0 1 0 0
600	2	 1 0 1 1 0 0 0 1 0 1 1 1 0 1 0 1 0 0 0 0
600	1	 1 1 1 1 0 0 1 0 0 1 1 1 1 1 0 1 0 0 1 0
700	8	 1 1 1 1 0 0 0 0 0 1 1 1 0 1 0 1 0 0 0 0
700	14	 1 1 1 1 1 0 0 0 0 1 1 0 0 1 0 1 0 0 0 0
700	2	 1 1 1 1 0 0 0 0 0 1 1 1 1 0 0 0 0 0 1 0
700	19	 1 1 1 1 0 1 0 0 0 1 1 1 0 1 0 1 0 0 0 0
700	31	 1 1 1 1 0 1 0 1 0 0 1 0 0 0 0 0 0 0 0 0
700	15	 1 1 1 1 0 0 0 1 0 0 1 0 1 1 0 0 0 1 0 0
700	40	 1 1 1 1 1 1 0 1 0 0 1 1 1 0 0 0 0 0 0 0
700	9	 1 1 1 1 0 1 0 1 0 0 1 0 0 0 0 0 1 0 0 0
700	7	 1 1 1 1 0 0 0 0 0 1 1 0 0 1 0 0 0 0 0 0
700	2	 1 1 1 1 0 1 1 0 0 1 1 0 0 1 0 1 0 0 0 0
700	5	 1 1 1 1 0 1 0 1 0 0 1 0 0 1 0 0 0 0 0 0
700	8	 1 1 1 1 1 0 0 1 0 1 1 0 0 1 0 1 0 0 0 0
700	2	 1 1 1 1 0 1 1 0 0 1 1 0 0 0 0 0 0 0 0 0
700	5	 1 1 1 1 0 1 0 1 0 0 1 0 0 0 0 1 0 0 0 0
700	6	 1 1 1 1 0 1 0 1 0 1 1 0 0 1 0 1 0 0 1 0
700	2	 0 1 1 1 1 1 0 1 0 0 1 1 1 0 0 0 0 1 0 0
700	40	 1 1 1 1 0 1 0 1 0 0 1 1 1 0 0 1 0 0 0 0
700	6	 1 1 1 1 0 1 0 1 0 0 1 0 0 1 1 1 0 0 0 0
700	17	 1 0 1 1 1 0 1 0 0 0 1 1 0 0 0 1 0 0 0 0
700	7	 1 1 1 1 0 1 1 1 0 0 1 0 0 0 0 0 1 0 0 0
700	41	 1 1 1 1 0 0 0 1 0 0 0 0 1 1 0 1 0 0 0 0
700	6	 1 1 1 1 0 1 0 0 0 1 0 0 0 1 0 1 0 0 1 0
700	2	 1 1 1 1 1 1 0 1 0 0 1 1 1 1 0 0 0 1 0 0
700	21	 1 1 1 1 0 0 0 0 1 1 1 1 0 1 1 1 0 0 0 0
700	10	 1 1 1 1 0 1 0 1 0 0 1 1 0 1 0 1 0 0 0 0
700	6	 1 1 1 1 0 1 0 1 0 0 1 0 0 1 0 1 0 0 0 0
700	1	 1 1 1 1 0 1 0 0 0 1 1 0 0 1 0 0 0 0 0 0
700	1	 1 1 1 0 0 1 0 0 0 1 1 1 0 0 0 0 0 0 1 0
700	67	 1 1 1 1 0 0 0 1 0 1 1 0 0 1 0 1 0 0 0 0
700	20	 1 1 1 1 0 1 1 0 0 1 1 1 0 1 0 1 0 0 0 0
700	28	 1 1 1 0 0 0 0 0 0 1 1 0 0 1 0 0 0 0 0 0
700	4	 1 1 1 1 1 0 0 1 0 0 0 0 0 1 0 1 0 0 0 0
700	34	 1 1 1 1 0 0 0 1 1 0 1 1 1 1 0 0 0 1 0 0
700	1	 1 1 1 1 0 0 0 0 1 1 1 1 0 1 1 0 0 0 0 0
700	2	 1 1 1 1 0 0 0 1 0 0 1 1 1 1 1 1 0 0 0 0
700	15	 1 1 1 1 0 0 0 1 0 0 1 0 0 1 0 0 0 0 0 0
700	1	 1 1 1 0 0 1 0 0 0 1 1 0 0 1 0 1 0 0 0 0
700	34	 1 0 1 1 0 1 0 1 0 0 1 0 0 0 0 1 0 0 0 0
700	25	 1 1 1 1 0 1 0 0 0 1 1 1 0 1 1 1 0 0 0 0
700	1	 1 1 1 1 0 1 0 0 0 1 1 0 0 1 0 1 0 0 0 0
700	9	 1 1 1 1 0 0 0 0 0 1 1 0 0 1 1 0 0 0 0 0
700	11	 1 1 1 1 0 1 0 1 0 0 1 1 0 0 0 0 0 0 1 0
700	7	 1 1 1 1 0 1 0 1 0 1 1 1 0 0 0 0 0 0 0 0
700	3	 1 1 1 1 0 0 1 0 0 1 0 1 0 1 1 1 0 0 0 0
700	2	 1 1 1 1 0 1 0 1 0 0 0 1 0 1 0 1 0 0 0 0
700	2	 1 1 1 1 0 1 0 1 0 0 1 0 0 1 0 0 0 0 1 0
700	7	 0 1 1 1 1 1 0 1 0 0 1 1 1 1 0 0 0 0 0 0
700	14	 1 1 1 1 1 1 1 0 0 0 1 0 0 1 0 0 0 1 0 0
700	4	 0 1 1 1 1 0 1 0 0 0 1 1 0 0 0 1 0 0 0 0
700	1	 1 1 1 1 0 1 0 1 0 1 1 1 0 1 0 1 0 0 0 0
700	20	 1 1 1 1 0 0 0 1 0 1 1 0 0 1 0 1 0 0 1 0
700	3	 1 0 1 1 1 0 1 1 0 0 1 1 0 0 0 1 0 0 0 0
700	14	 1 1 1 1 1 0 0 1 0 1 1 1 0 0 0 0 0 0 1 0
700	34	 1 1 1 1 0 1 0 1 0 1 1 1 0 1 1 1 0 0 0 0
700	9	 1 1 1 1 0 1 0 1 0 0 0 0 1 1 0 0 0 0 0 0
700	12	 1 1 1 1 0 1 0 1 0 0 1 1 1 0 0 0 0 0 0 0
700	1	 1 1 1 1 0 1 0 1 0 0 0 0 0 0 0 0 1 0 0 0
700	11	 1 1 1 1 1 1 1 1 0 0 1 0 0 1 0 1 0 0 0 0
700	8	 1 1 1 1 1 1 1 0 0 0 1 0 0 1 0 0 0 0 0 0
700	4	 0 1 1 1 1 1 0 1 0 0 1 1 1 1 0 1 0 0 0 0
700	1	 1 0 1 1 0 1 0 1 0 1 1 0 0 1 0 1 0 0 1 0
700	6	 1 1 1 1 0 1 0 1 1 0 1 1 1 1 0 0 0 1 0 0
700	3	 1 1 1 1 0 1 0 0 0 1 1 1 1 1 0 0 0 1 0 0
700	2	 0 1 1 1 0 0 0 1 0 1 1 0 0 1 0 1 0 0 0 0
700	2	 1 1 1 1 0 0 0 1 0 0 1 0 0 1 0 0 1 0 0 0
700	11	 1 0 1 1 1 0 0 1 0 1 1 1 0 1 1 1 0 0 0 0
700	4	 1 1 1 1 1 0 0 1 0 0 0 0 1 1 0 1 0 0 0 0
700	2	 1 1 1 1 0 1 0 1 0 0 1 0 1 1 0 1 0 1 0 1
700	3	 1 1 1 0 0 1 0 0 0 1 0 0 0 1 0 1 0 0 1 0
700	7	 1 1 1 0 1 1 0 1 0 0 1 0 1 0 0 0 0 0 0 0
700	1	 0 1 1 1 0 1 0 1 0 0 1 0 1 0 0 0 0 0 0 0
700	8	 1 1 1 1 0 0 0 0 0 1 1 1 1 0 0 0 0 0 0 0
700	1	 0 1 1 1 1 1 0 1 0 0 1 1 1 1 1 1 0 0 0 0
700	2	 1 1 1 1 0 1 0 1 0 0 0 0 0 1 1 1 0 0 0 0
700	2	 1 0 1 1 0 0 0 0 1 1 1 1 0 1 1 1 0 0 0 0
700	7	 1 1 1 0 0 1 0 1 0 0 1 1 0 1 0 1 0 0 0 0
700	5	 1 1 1 1 0 0 0 1 0 0 1 0 1 1 1 1 0 0 0 0
700	13	 1 1 1 1 1 1 0 1 0 0 1 1 1 0 0 0 0 1 0 0
700	1	 1 1 1 1 1 0 0 1 0 1 1 1 1 1 0 0 0 1 0 0
700	12	 1 1 1 1 0 1 1 0 0 1 1 1 0 1 1 1 0 0 0 0
700	5	 1 1 1 1 1 1 0 1 0 0 1 1 0 1 0 1 0 0 0 0
700	3	 1 1 0 1 0 1 0 1 0 1 1 0 0 1 0 1 0 0 1 0
700	2	 1 1 1 1 0 1 0 1 0 0 1 1 1 0 0 1 0 1 0 0
700	3	 1 1 1 1 0 1 0 1 0 0 0 0 1 1 0 1 0 0 0 0
700	2	 1 1 1 1 0 0 0 1 1 0 1 1 1 1 0 0 1 0 0 0
700	14	 1 1 1 1 0 1 0 0 0 1 1 1 0 1 0 1 1 0 0 0
700	5	 1 1 1 1 0 1 1 1 0 0 1 0 0 0 0 0 0 0 0 0
700	1	 1 1 1 1 0 1 0 0 0 0 1 0 0 1 1 0 0 0 0 0
700	1	 1 1 1 1 0 0 0 0 1 1 1 0 0 1 0 0 0 0 0 0
700	1	 1 1 1 1 0 1 0 1 0 0 1 0 1 0 0 0 0 0 0 0
700	4	 1 1 1 0 0 1 0 1 0 0 1 1 0 1 0 0 0 0 0 0
700	3	 1 1 1 1 1 0 1 0 0 1 1 0 0 1 0 1 0 0 0 0
700	1	 1 1 1 1 0 1 0 0 0 0 1 1 0 1 0 1 0 0 0 0
700	3	 1 0 1 1 0 1 0 1 0 0 1 0 0 0 0 0 0 0 0 0
700	1	 1 1 1 1 0 0 0 1 0 0 0 0 1 1 1 1 0 0 0 0
700	6	 1 1 1 1 0 0 0 0 0 1 0 0 0 1 0 1 0 0 1 0
700	3	 1 1 1 1 1 1 0 1 0 1 1 0 0 1 0 1 0 0 1 0
700	4	 1 1 1 1 1 1 1 1 0 0 1 0 0 1 1 1 0 0 0 0
700	4	 0 1 1 1 0 1 0 1 0 1 1 1 0 1 1 1 0 0 0 0
700	4	 1 1 1 1 0 0 0 1 1 1 1 1 0 1 0 1 0 0 0 0
700	3	 1 0 1 1 1 1 0 1 0 0 1 1 1 0 0 0 0 0 0 0
700	1	 1 1 0 1 0 1 1 0 0 1 1 1 0 1 0 1 0 0 0 0
700	2	 1 1 1 1 0 0 0 1 0 0 0 0 0 1 0 0 0 0 0 0
700	4	 1 1 1 1 0 1 0 1 0 1 1 1 1 1 1 1 0 0 0 0
700	2	 1 1 1 1 0 0 0 1 1 1 1 1 1 0 0 0 0 1 0 0
700	3	 1 1 1 1 0 0 0 0 0 0 1 1 0 1 1 1 0 0 0 1
700	2	 1 1 1 1 0 0 0 1 0 1 1 0 0 0 0 1 0 0 0 0
700	7	 1 1 1 1 0 0 0 0 0 1 1 1 0 1 0 1 1 0 0 0
700	3	 1 1 1 1 0 1 0 0 0 1 1 1 1 1 0 1 0 0 0 0
700	1	 1 1 1 1 0 1 0 1 0 0 1 0 1 1 1 0 0 0 0 0
700	1	 1 1 1 1 0 1 0 1 0 0 1 1 0 1 0 1 1 0 0 0
700	1	 0 1 1 1 0 0 0 0 0 1 0 0 0 1 0 1 0 0 1 0
700	2	 1 1 1 1 0 0 0 1 0 0 1 0 0 1 0 1 0 0 1 0
700	2	 1 1 1 1 1 1 0 1 0 0 1 0 0 0 0 0 1 0 0 0
700	3	 1 1 1 1 0 1 0 1 0 0 1 1 0 1 0 0 0 0 0 0
700	3	 1 0 1 1 0 1 0 1 0 0 1 1 1 0 0 0 0 1 0 0
700	2	 1 1 1 1 1 1 1 0 0 1 1 0 0 1 0 1 0 0 0 0
700	1	 1 1 1 1 1 1 1 1 0 1 0 0 0 1 0 1 0 0 1 0
700	3	 1 1 0 1 1 1 0 1 0 0 1 1 1 0 0 0 0 0 0 0
700	4	 0 1 1 1 0 1 1 1 0 0 1 0 0 0 0 0 1 0 0 0
700	1	 1 1 1 1 0 0 0 0 1 1 1 1 0 1 1 1 1 0 0 0
700	2	 1 1 1 1 0 0 0 1 1 1 1 0 0 1 0 1 0 0 0 0
700	1	 1 1 1 1 0 1 1 0 0 0 1 0 0 1 0 0 0 1 0 0
700	5	 1 1 1 1 0 0 0 1 0 1 1 0 0 1 1 1 0 0 1 0
700	2	 1 1 1 1 1 0 0 1 0 1 1 1 0 0 1 0 0 0 1 0
700	3	 1 1 1 1 0 1 0 1 1 1 1 1 0 1 1 1 0 0 0 0
700	2	 1 1 1 1 0 1 0 1 0 1 1 0 0 1 0 1 0 0 0 0
700	4	 1 0 1 1 0 1 0 1 0 0 1 0 0 1 0 1 0 0 0 0
700	3	 1 1 1 1 1 0 0 1 0 1 1 1 0 0 0 1 0 0 0 0
700	1	 1 1 1 0 0 1 0 0 0 1 0 0 0 1 0 1 0 0 0 0
700	3	 1 1 1 1 1 0 0 0 0 1 1 0 1 1 0 1 0 0 0 0
700	1	 1 1 1 1 1 0 0 1 0 0 1 0 1 1 0 0 0 1 0 0
700	1	 1 1 1 1 0 1 1 1 0 0 1 1 0 0 0 0 1 0 0 0
700	1	 1 1 1 1 0 0 0 1 0 0 1 0 1 1 0 0 0 0 0 0
700	1	 1 1 1 1 0 1 0 1 0 0 1 1 0 1 0 0 0 0 1 0
700	1	 1 1 1 1 0 1 0 1 0 0 1 1 1 1 0 1 0 0 0 0
700	1	 1 1 1 0 0 0 0 1 0 0 1 0 0 1 0 1 0 0 0 0
700	1	 1 1 1 1 1 1 0 0 0 1 1 0 0 1 0 0 0 0 0 0
700	2	 1 1 1 1 0 1 0 1 0 0 1 0 1 1 0 1 0 0 0 0
700	1	 1 1 1 1 0 1 0 1 1 0 1 1 1 0 0 1 0 0 0 0
700	2	 1 1 0 0 0 0 0 0 0 1 1 0 0 1 0 0 0 0 0 0
700	1	 1 1 1 0 0 1 0 0 0 1 1 0 0 1 0 0 0 0 0 0
700	1	 1 0 0 1 0 1 0 1 0 0 1 0 0 0 0 1 0 0 0 0
700	1	 0 1 1 1 0 1 0 1 0 0 0 1 0 1 0 1 0 0 0 0
700	1	 0 1 1 1 0 1 1 0 0 1 1 1 0 1 1 1 0 0 0 0
700	2	 1 0 1 1 0 0 0 1 0 0 1 0 0 0 0 0 0 0 0 0
700	1	 1 1 1 1 1 0 0 1 0 0 0 0 1 1 1 1 0 0 0 0
800	57	 1 1 1 1 0 0 0 1 0 0 0 0 1 1 0 1 0 0 0 0
800	40	 1 1 1 1 0 0 0 1 0 0 1 0 0 1 0 0 0 0 0 0
800	29	 1 1 1 1 0 1 0 1 0 1 1 1 0 1 1 1 0 0 0 0
800	28	 1 1 1 1 0 1 0 1 0 0 1 0 0 1 0 0 0 0 0 0
800	4	 0 1 0 1 0 1 0 1 0 1 1 1 0 1 1 1 0 0 0 0
800	28	 1 1 1 1 0 1 0 1 0 0 1 1 0 0 1 0 0 0 0 0
800	11	 1 1 1 1 0 1 1 1 0 1 1 1 0 1 1 1 0 0 0 0
800	16	 1 1 1 1 0 1 0 1 0 0 1 1 1 1 0 0 0 0 0 0
800	16	 1 1 1 1 0 1 0 0 0 1 0 1 0 1 1 1 0 0 0 0
800	10	 1 1 1 1 0 1 0 0 0 0 1 1 1 0 0 1 0 0 0 0
800	19	 1 1 1 1 0 0 0 1 0 0 1 0 0 0 0 0 1 0 0 0
800	17	 1 1 1 1 0 1 0 0 0 0 1 1 0 1 0 0 0 0 0 0
800	2	 1 1 1 1 0 0 0 0 1 0 0 1 0 1 1 1 0 0 0 0
800	83	 1 1 1 1 0 1 0 0 0 0 1 1 1 1 0 0 0 0 0 0
800	38	 1 1 1 1 1 1 0 1 0 0 1 0 1 0 0 0 0 0 0 0
800	10	 1 1 1 1 0 0 0 1 0 0 0 0 0 1 0 1 0 0 0 0
800	8	 1 1 1 1 1 0 0 1 0 0 0 0 1 1 0 1 0 0 0 0
800	20	 1 1 1 1 1 0 0 1 0 0 1 0 0 1 0 0 0 0 0 0
800	53	 1 1 1 1 0 1 0 1 0 0 0 1 1 1 0 0 0 0 0 0
800	8	 1 1 1 1 1 0 1 1 0 0 1 0 1 1 0 0 0 0 0 1
800	72	 1 1 1 1 0 0 0 1 0 0 0 0 1 1 0 0 0 0 0 0
800	3	 1 1 1 1 0 0 1 0 1 0 0 1 0 1 1 1 0 0 0 0
800	2	 1 0 1 1 1 1 0 1 0 1 1 1 0 0 0 1 0 0 0 0
800	14	 1 1 1 1 0 0 0 1 0 0 1 0 0 1 1 0 0 0 0 0
800	5	 0 1 1 1 0 1 0 0 0 0 1 1 0 1 0 0 0 0 0 0
800	11	 1 1 1 1 0 0 0 1 0 0 0 0 0 1 0 1 0 1 0 0
800	5	 1 1 1 1 0 0 0 0 0 0 1 0 0 1 0 0 0 0 0 1
800	2	 1 1 0 1 0 1 0 1 0 0 1 0 0 1 0 0 0 0 0 0
800	11	 1 1 1 1 0 0 1 1 0 0 0 0 1 1 0 0 0 0 0 0
800	6	 1 1 0 1 0 1 0 0 0 0 1 1 1 0 0 1 0 0 0 0
800	3	 1 1 1 1 1 0 1 1 0 0 1 0 1 1 0 0 0 0 0 0
800	1	 1 1 1 1 0 0 1 1 0 0 0 1 0 1 0 0 0 0 0 0
800	2	 1 1 1 1 1 1 0 1 0 1 1 1 0 0 0 1 0 0 0 0
800	2	 1 1 1 1 0 1 0 1 0 0 1 0 1 0 0 0 0 0 0 0
800	21	 1 1 1 1 0 0 0 1 0 0 1 0 1 1 0 0 0 0 0 0
800	3	 1 1 1 1 0 0 1 1 0 0 1 0 0 1 1 0 0 0 0 0
800	6	 1 1 1 1 0 0 0 0 1 0 0 1 0 1 0 0 0 0 0 0
800	3	 1 1 1 1 1 1 0 1 0 0 1 0 0 1 0 0 0 0 0 0
800	2	 1 1 1 1 1 0 0 1 1 0 1 0 0 1 0 0 0 0 0 0
800	10	 1 1 1 1 0 1 0 1 0 1 1 0 0 1 1 1 0 0 0 0
800	10	 1 1 1 1 0 1 0 1 0 0 1 1 0 0 0 0 0 0 0 0
800	1	 1 0 1 1 0 1 0 0 0 0 1 1 1 0 0 1 0 0 0 0
800	21	 1 1 1 1 1 1 0 1 0 0 1 1 1 0 0 0 0 0 0 0
800	9	 1 1 1 1 1 0 0 1 0 0 0 1 0 1 1 1 0 0 0 0
800	1	 1 1 1 1 0 1 0 1 0 0 1 1 0 1 1 0 0 0 0 0
800	8	 1 1 1 1 1 1 0 1 0 1 1 0 1 1 0 1 0 0 0 0
800	7	 1 1 0 1 1 0 0 1 0 0 0 0 1 1 0 1 0 0 0 1
800	1	 1 1 0 1 0 0 0 1 0 1 1 1 0 1 1 1 0 0 0 0
800	6	 1 1 1 1 0 0 0 1 0 0 0 0 0 1 0 0 0 0 0 0
800	11	 1 1 1 1 0 1 0 1 0 0 1 0 0 1 0 0 0 0 0 1
800	7	 1 1 1 1 0 1 0 1 1 0 1 0 0 1 0 0 0 0 0 0
800	2	 1 1 1 1 0 1 0 0 0 1 1 1 0 1 0 0 0 0 0 0
800	2	 1 1 1 1 1 0 0 1 0 0 1 0 0 1 0 0 0 0 1 0
800	5	 1 1 1 1 1 0 0 1 0 0 1 1 0 1 0 0 0 0 0 0
800	4	 1 1 1 1 1 0 0 1 1 0 1 0 1 1 0 0 0 0 0 0
800	10	 1 0 1 1 0 0 0 1 0 0 0 0 1 1 0 1 0 0 0 0
800	1	 0 1 1 1 1 0 1 0 0 0 1 1 1 1 1 0 0 0 0 0
800	2	 1 1 1 1 0 0 1 0 1 0 0 0 0 1 1 1 0 0 0 0
800	8	 1 1 1 1 1 0 0 1 0 0 0 0 1 1 0 1 0 0 1 0
800	3	 1 1 1 1 0 0 0 0 0 1 1 1 0 1 1 1 0 1 0 0
800	9	 1 1 1 1 0 1 0 1 0 0 1 0 0 1 1 0 0 0 0 0
800	3	 1 1 1 1 1 1 0 0 0 1 0 1 0 1 1 1 0 0 0 0
800	7	 0 1 1 1 1 0 0 1 0 0 1 0 0 1 0 0 0 0 0 0
800	2	 1 1 1 1 0 0 0 1 0 0 1 0 0 1 0 0 0 0 1 0
800	3	 1 0 1 1 1 0 0 1 0 0 1 0 0 1 0 0 0 0 0 0
800	4	 1 1 1 1 0 1 0 1 0 0 0 0 1 1 0 0 0 0 0 0
800	9	 1 1 1 1 0 0 0 1 0 1 1 1 1 0 0 1 0 0 0 0
800	11	 1 1 1 1 0 1 0 1 0 1 1 1 0 1 1 1 0 1 0 0
800	11	 1 1 1 0 0 1 1 1 0 1 1 1 0 1 1 1 0 0 0 0
800	3	 0 1 1 1 0 1 0 0 0 0 1 1 0 1 0 1 0 0 0 0
800	2	 1 1 1 1 1 1 0 1 0 0 1 1 0 0 0 0 0 0 0 0
800	7	 1 1 1 1 0 0 1 0 1 1 1 0 0 1 1 1 0 0 0 0
800	7	 1 0 1 1 0 0 0 1 0 0 1 0 0 1 0 0 0 0 0 0
800	5	 1 1 1 1 1 1 0 1 0 1 1 1 0 1 1 1 0 0 0 0
800	2	 1 1 1 1 1 1 0 1 0 0 1 0 1 0 0 0 1 0 0 0
800	8	 0 1 1 1 0 1 1 0 0 0 1 1 0 1 0 0 0 0 0 0
800	5	 1 1 1 0 1 0 0 1 1 0 1 0 0 1 0 0 0 0 0 0
800	2	 1 1 1 1 1 0 0 0 1 0 1 0 0 1 0 0 0 0 0 0
800	5	 1 1 0 1 1 0 1 1 0 0 0 0 1 1 0 0 0 0 0 0
800	1	 0 1 1 1 1 0 1 0 0 0 1 1 0 1 0 0 0 0 0 0
800	6	 1 1 1 1 0 0 0 1 0 0 1 1 0 1 0 0 0 0 0 0
800	2	 1 1 1 1 1 1 0 0 0 0 1 1 0 1 0 0 0 0 0 0
800	5	 1 1 1 1 1 0 0 1 1 0 0 0 0 1 0 0 1 0 0 0
800	2	 1 1 1 1 0 1 0 0 0 0 1 1 1 1 0 0 0 0 0 1
800	4	 1 1 1 1 0 0 1 0 1 0 0 1 0 1 0 0 0 0 0 0
800	3	 1 0 1 1 0 0 0 1 0 0 0 0 1 1 0 0 0 0 0 0
800	3	 1 1 1 1 0 1 1 1 0 1 1 1 0 1 1 1 1 0 0 0
800	3	 1 1 1 1 0 1 0 0 0 0 1 1 1 1 0 1 0 0 0 0
800	2	 1 1 1 1 1 1 1 1 1 0 1 1 1 1 0 0 0 0 0 0
800	6	 1 1 1 1 0 0 0 1 0 0 0 0 1 1 1 0 0 0 0 0
800	4	 1 1 1 1 0 0 0 0 0 0 0 0 1 1 0 0 0 0 0 0
800	5	 1 1 1 1 0 1 0 1 0 0 1 1 0 1 1 0 0 0 1 0
800	1	 1 1 1 1 0 0 0 1 0 0 1 0 0 1 0 0 1 0 0 1
800	2	 1 1 1 1 0 0 1 0 1 0 0 1 0 1 1 0 0 0 0 0
800	2	 0 1 1 1 0 1 0 1 0 0 1 1 0 0 1 0 0 0 0 0
800	1	 1 1 1 1 1 1 0 0 0 0 1 1 1 0 0 1 0 0 0 0
800	1	 1 1 1 1 0 1 0 0 0 0 1 1 1 1 0 0 1 0 0 0
800	1	 1 1 1 1 0 1 0 0 0 1 1 1 1 1 0 0 0 0 0 0
800	4	 1 1 1 1 1 0 0 1 0 0 1 0 0 1 0 0 1 0 0 0
800	2	 1 1 1 1 0 0 1 1 1 0 0 0 1 1 0 0 0 0 0 0
800	1	 1 1 1 1 1 1 0 1 1 0 1 1 1 0 0 0 0 0 0 0
800	1	 1 1 1 0 1 1 0 0 0 1 0 1 0 1 1 1 0 0 0 0
800	2	 1 1 1 1 0 0 0 1 0 0 0 0 1 0 1 0 0 0 0 0
800	1	 1 1 1 1 1 0 0 1 1 0 1 1 1 0 0 1 0 0 0 0
800	3	 1 1 1 1 0 1 0 1 0 1 0 0 1 1 0 0 0 0 0 0
800	2	 0 1 1 1 0 0 0 1 0 0 0 0 0 1 0 1 0 0 0 0
800	1	 1 1 1 1 0 0 0 1 0 0 0 0 1 1 0 0 0 0 1 0
800	2	 1 1 1 1 0 0 0 1 0 0 1 0 1 1 0 0 1 0 0 0
800	1	 1 0 0 1 1 1 0 1 0 1 1 1 0 1 0 0 0 0 0 0
800	2	 1 1 1 1 0 1 0 1 0 0 1 0 0 0 0 0 0 0 0 1
800	1	 1 1 1 1 1 1 0 1 0 0 1 1 0 0 1 1 0 0 0 0
800	1	 1 1 1 1 1 0 0 1 0 0 0 0 0 1 0 0 1 0 0 0
800	1	 1 1 1 1 1 1 1 1 1 0 1 1 0 1 0 0 0 0 0 0
800	4	 1 1 1 1 0 0 0 1 0 0 0 0 1 1 0 1 0 0 0 1
800	1	 1 1 1 1 1 1 0 1 0 0 1 0 0 1 0 1 0 1 0 0
800	1	 1 1 1 0 1 0 0 1 1 0 1 1 1 0 0 0 0 0 0 0
800	1	 1 1 1 1 0 1 0 0 0 0 1 0 0 1 0 0 0 0 0 0
800	1	 1 1 1 1 0 1 0 1 0 0 0 0 0 1 0 0 0 0 0 0
800	3	 1 1 1 1 1 0 0 1 0 0 1 0 1 0 0 0 0 0 0 0
800	2	 1 1 1 1 0 1 0 1 0 0 0 1 1 1 0 0 0 1 0 0
800	1	 1 1 1 1 0 1 0 1 1 0 1 0 0 1 0 0 0 0 0 1
800	2	 1 0 1 1 0 0 0 1 0 1 0 0 1 1 0 1 0 0 0 0
900	64	 1 1 1 1 0 0 0 1 0 0 0 0 1 1 0 1 0 0 0 0
900	5	 1 1 1 1 0 0 0 1 0 0 1 0 0 1 0 0 0 0 0 0
900	1	 1 1 1 1 0 1 0 0 0 0 1 1 0 1 0 0 0 0 0 0
900	1	 1 1 1 1 1 0 0 1 0 0 0 0 1 1 0 1 0 0 0 0
900	3	 1 1 1 1 0 1 0 1 0 0 0 1 1 1 0 0 0 0 0 0
900	8	 1 1 1 1 0 1 0 1 1 0 1 0 0 1 0 0 0 0 0 0
900	9	 1 1 1 1 0 0 0 1 0 0 0 0 1 1 0 1 0 0 0 1
900	73	 1 1 1 1 0 1 0 1 0 0 1 0 1 1 0 0 0 0 0 0
900	31	 1 1 1 1 0 0 1 0 1 0 0 1 0 0 1 1 0 0 0 0
900	12	 1 1 1 1 0 0 0 1 0 0 0 1 1 1 0 1 0 0 0 0
900	32	 1 1 1 1 0 0 0 0 1 0 1 0 1 0 1 1 0 0 0 0
900	36	 1 1 1 1 0 0 1 1 0 0 0 0 1 1 0 1 0 0 0 0
900	3	 1 1 1 1 1 0 0 0 0 0 0 0 1 1 0 1 0 0 0 0
900	7	 1 1 1 1 0 0 0 1 0 0 1 0 0 0 0 0 0 0 0 0
900	4	 1 1 1 0 1 0 0 1 0 0 0 0 1 1 0 1 0 0 0 0
900	55	 1 1 1 1 0 0 1 0 0 0 0 1 0 1 1 1 0 0 0 0
900	28	 1 1 1 1 0 1 0 1 0 0 0 0 0 1 1 0 0 0 0 0
900	3	 1 1 1 1 0 1 0 1 0 0 0 0 1 1 0 1 0 0 0 0
900	3	 1 1 1 1 0 1 0 1 0 0 0 0 1 1 0 0 0 0 0 0
900	10	 1 1 1 1 0 0 0 1 0 0 0 0 1 1 1 1 0 0 0 1
900	27	 1 1 1 1 0 0 1 1 0 0 1 0 1 1 0 0 0 0 0 0
900	6	 1 1 1 1 0 0 0 1 0 0 1 0 0 1 0 1 0 0 0 0
900	10	 1 1 1 1 0 0 1 0 1 0 0 1 0 0 1 1 0 0 1 0
900	6	 1 1 1 1 0 1 1 1 0 0 1 1 0 1 0 0 0 0 0 1
900	22	 1 1 1 1 0 0 0 1 0 0 0 0 1 0 0 1 1 0 0 0
900	24	 1 1 1 1 0 0 1 0 0 0 1 1 0 1 0 0 0 0 0 0
900	2	 1 1 1 1 1 0 0 0 0 0 0 0 1 1 0 0 0 0 0 0
900	2	 0 1 1 1 0 0 0 1 0 0 0 1 1 1 0 0 0 0 0 0
900	9	 1 1 1 1 1 1 0 1 0 0 1 1 0 1 0 1 0 0 0 0
900	5	 1 1 1 1 0 0 1 0 0 0 0 1 0 0 1 1 0 0 0 0
900	1	 1 1 1 1 0 1 0 0 0 0 1 0 1 1 0 0 1 0 0 0
900	11	 1 1 1 1 0 1 0 1 0 0 0 0 1 1 0 1 1 1 0 0
900	7	 1 1 1 1 0 0 0 1 1 0 0 0 1 1 0 1 0 0 0 0
900	11	 1 1 1 1 0 0 0 0 0 0 0 0 1 1 0 1 0 0 0 0
900	36	 1 0 1 1 0 1 0 1 0 0 0 1 1 1 0 0 0 0 0 0
900	4	 1 1 1 1 0 0 0 0 0 0 0 0 1 1 0 0 0 0 0 0
900	12	 1 1 1 1 0 0 0 1 0 0 0 0 1 1 0 1 0 0 1 0
900	7	 1 1 1 1 0 0 0 1 0 0 0 1 1 1 0 0 0 1 0 0
900	8	 1 1 1 1 0 1 0 1 0 0 0 0 1 1 0 0 0 0 0 1
900	11	 1 1 1 1 0 0 0 1 0 0 0 0 1 1 0 0 0 0 0 1
900	14	 1 1 1 1 0 1 0 0 0 0 0 0 1 1 0 0 0 0 0 0
900	4	 1 1 1 1 0 1 1 1 0 0 0 0 1 1 0 1 0 0 0 0
900	3	 1 1 1 1 0 1 1 1 0 0 0 0 1 1 0 0 1 0 1 0
900	12	 1 1 1 1 0 1 1 1 0 0 0 0 1 1 0 0 0 0 0 0
900	8	 1 1 1 1 0 0 0 0 1 0 0 0 1 0 1 1 0 0 0 0
900	14	 1 1 1 1 0 0 0 1 0 0 0 0 1 1 0 0 0 0 1 0
900	3	 1 1 1 1 0 1 0 1 0 1 0 1 1 1 0 0 0 0 0 0
900	5	 1 1 1 1 0 0 1 1 0 0 1 0 1 1 1 0 0 0 0 0
900	10	 0 1 1 1 0 0 0 1 0 0 0 0 1 1 0 1 0 0 0 0
900	8	 1 1 1 1 0 0 0 0 1 0 1 0 1 0 0 0 0 0 0 0
900	13	 1 1 1 1 0 0 0 0 0 0 1 1 0 1 0 0 0 0 0 0
900	8	 1 1 1 1 1 1 0 0 1 0 1 0 1 0 0 0 0 0 0 0
900	2	 1 1 1 1 0 0 0 1 0 0 0 0 1 0 0 1 0 0 0 0
900	5	 1 1 1 1 0 0 0 1 0 0 0 1 0 0 1 1 1 0 0 0
900	2	 1 1 1 1 1 0 1 0 1 0 0 1 0 0 1 1 0 0 0 0
900	6	 1 1 0 1 0 0 0 0 1 0 1 0 1 0 1 1 0 0 0 0
900	10	 1 1 1 1 0 0 1 1 0 0 0 0 1 1 1 0 0 0 0 0
900	2	 1 1 1 1 0 0 1 1 0 0 0 1 1 1 0 0 0 0 0 0
900	2	 1 1 1 1 0 0 1 1 0 0 1 0 0 1 0 0 0 0 0 0
900	7	 1 1 1 1 0 1 0 0 0 1 1 0 1 1 0 0 1 0 0 0
900	7	 1 1 1 1 0 1 0 0 0 0 0 0 0 1 1 0 0 0 0 0
900	13	 1 1 1 1 0 0 1 0 1 0 0 1 0 0 1 0 0 0 1 0
900	3	 1 0 1 1 0 1 1 0 0 0 0 1 0 1 1 1 0 0 0 0
900	1	 1 1 1 1 1 1 0 1 0 0 0 1 1 1 0 0 0 0 0 0
900	3	 1 1 1 1 0 0 1 1 0 1 1 0 1 1 1 0 0 0 0 0
900	14	 1 1 0 1 0 0 1 1 0 0 0 0 1 1 1 1 0 0 1 0
900	1	 1 1 1 1 0 1 0 1 0 0 0 1 0 0 1 1 1 0 0 0
900	1	 1 1 1 1 0 0 1 0 0 0 0 0 1 1 0 0 0 0 0 0
900	1	 1 1 1 1 1 1 0 0 0 0 0 0 1 1 0 0 0 0 0 0
900	19	 1 1 1 1 0 1 0 1 0 1 0 1 1 1 1 1 0 0 0 0
900	1	 1 1 1 1 0 1 0 1 0 1 1 0 1 1 0 0 0 0 0 0
900	1	 1 1 1 1 0 0 1 0 0 0 1 1 0 1 1 1 0 0 0 0
900	3	 1 1 1 1 0 1 0 1 1 0 1 0 0 1 0 1 0 0 0 0
900	1	 1 1 1 1 0 0 1 0 1 0 0 0 0 0 1 1 0 0 0 0
900	8	 1 1 0 1 1 1 0 0 1 0 1 0 1 0 0 0 0 0 0 0
900	3	 1 1 1 1 0 0 1 1 0 0 1 1 0 1 0 0 0 0 0 0
900	9	 1 1 1 1 0 0 1 1 0 0 1 0 1 1 0 1 0 0 0 0
900	7	 1 1 1 1 0 1 0 1 0 0 0 1 1 1 0 1 0 0 0 0
900	1	 0 1 1 1 0 0 0 1 1 0 0 0 1 1 0 1 0 0 0 0
900	1	 1 1 1 1 0 1 0 0 0 0 1 1 0 1 0 0 0 0 0 1
900	7	 1 1 1 1 0 1 0 1 0 0 1 0 1 1 0 0 1 0 0 0
900	6	 1 1 1 1 0 0 1 0 0 0 0 1 0 1 1 0 0 0 0 0
900	5	 1 1 1 1 0 0 0 1 0 1 1 0 0 1 0 1 0 0 0 0
900	2	 1 1 1 1 1 1 0 1 0 0 1 1 0 1 0 1 0 1 0 0
900	2	 1 1 1 1 0 1 0 1 0 0 1 0 1 1 0 0 0 0 0 1
900	5	 1 1 1 1 0 0 0 1 1 0 0 1 0 1 0 0 0 0 0 0
900	11	 1 1 1 1 0 0 0 0 0 0 0 0 1 1 1 0 0 0 0 0
900	7	 1 1 1 1 0 0 1 0 0 1 0 1 0 1 1 0 0 0 0 0
900	1	 1 1 1 1 0 0 1 1 0 0 0 0 1 1 0 1 0 0 0 1
900	5	 1 1 1 1 0 0 1 0 1 0 0 0 0 0 0 1 0 0 0 0
900	3	 1 0 1 1 0 0 1 0 0 0 0 1 0 1 1 1 0 0 0 0
900	1	 1 1 1 1 0 0 0 1 0 0 1 1 0 1 0 1 0 0 0 0
900	2	 1 1 0 1 0 0 0 1 0 0 1 0 0 1 0 1 0 0 0 0
900	4	 1 1 1 1 1 1 0 1 0 0 0 1 0 0 1 1 1 0 0 0
900	1	 1 1 1 1 0 0 1 0 1 0 1 1 0 0 1 1 0 0 0 0
900	1	 1 0 1 1 0 0 0 1 0 0 0 1 1 1 0 1 0 0 0 0
900	5	 1 1 1 1 0 0 0 0 0 0 1 0 1 0 1 1 0 0 0 0
900	3	 1 1 1 1 0 0 1 0 0 0 0 1 0 1 0 1 0 0 0 0
900	1	 1 1 1 1 0 1 0 1 1 0 0 0 1 1 0 0 0 0 0 0
900	10	 1 1 1 1 0 0 1 1 0 0 0 0 1 1 1 1 0 0 0 1
900	3	 1 1 1 1 0 0 1 0 0 0 1 1 0 1 0 0 0 0 0 1
900	11	 1 1 1 1 0 0 0 1 0 0 0 1 1 1 0 1 0 0 1 0
900	2	 1 1 1 1 0 1 0 1 1 0 1 0 1 1 0 1 0 0 0 0
900	1	 1 1 1 1 0 0 0 0 1 0 1 0 1 1 0 1 0 0 0 0
900	4	 1 1 1 1 0 0 1 1 0 0 0 0 1 1 0 0 0 0 0 1
900	1	 1 1 0 1 0 0 1 1 0 0 0 1 1 1 0 0 0 0 0 0
900	1	 1 1 1 1 0 1 0 1 0 0 1 0 1 1 0 0 0 0 1 0
900	2	 1 1 1 1 0 0 1 0 0 1 0 1 0 1 1 1 0 0 0 0
900	3	 1 1 1 1 0 1 0 1 0 0 0 1 0 1 1 0 0 0 0 0
900	1	 1 1 1 1 0 0 1 1 0 1 1 0 1 1 0 0 0 0 0 0
900	1	 1 1 1 1 0 0 0 1 1 0 0 1 0 0 1 1 1 0 0 0
900	2	 1 1 1 1 1 1 0 1 0 0 1 1 0 1 1 1 0 0 0 0
900	3	 1 0 1 1 0 1 0 0 0 1 1 0 1 1 0 0 1 0 0 0
900	2	 1 1 1 1 0 1 1 1 0 0 0 0 1 0 0 0 0 0 0 0
900	2	 1 1 1 1 0 0 0 0 1 0 1 0 1 1 1 1 0 0 0 0
900	1	 1 1 1 1 0 0 1 1 0 0 0 0 1 1 1 1 0 0 0 0
900	1	 1 1 1 1 1 0 0 0 0 0 0 0 1 0 0 1 0 0 0 0
900	1	 1 1 1 1 0 1 0 1 0 0 0 0 1 1 0 1 1 1 0 1
900	1	 1 1 1 1 0 1 0 1 0 0 0 0 1 1 0 0 1 0 0 1
900	2	 1 1 1 1 0 0 0 0 0 0 1 0 1 0 0 0 0 0 0 0
900	2	 1 1 1 1 0 1 0 1 1 0 0 0 1 0 0 0 0 0 0 0
900	1	 1 0 1 1 0 1 0 1 0 0 0 1 1 1 0 0 0 0 1 0
900	2	 1 1 1 1 0 0 0 1 0 0 0 0 1 0 0 0 0 0 0 0
900	2	 1 1 1 1 0 1 0 1 0 0 0 1 1 1 0 1 0 1 0 0
900	1	 1 1 1 1 0 0 0 1 0 0 1 1 1 1 0 1 0 0 0 0
900	2	 1 1 1 1 0 0 1 1 1 0 0 0 1 1 0 1 0 0 0 0
900	1	 1 1 1 1 0 0 1 1 0 0 0 0 1 1 0 1 0 1 0 0
900	3	 1 1 1 1 0 0 1 1 0 0 1 0 1 1 0 0 0 0 0 1
900	1	 1 1 1 1 0 1 0 0 0 0 0 0 1 0 0 0 0 0 0 0
900	2	 1 1 1 1 0 0 0 0 1 1 0 0 1 0 1 1 0 0 0 0
900	1	 1 1 1 1 0 0 0 1 0 0 0 0 1 1 0 0 0 1 1 0
900	1	 1 1 1 1 0 0 0 1 0 0 1 0 1 1 1 0 0 0 0 0
900	3	 1 1 1 1 0 1 0 0 0 0 0 0 0 1 1 0 1 0 0 0
900	1	 1 1 1 1 0 0 1 0 0 1 0 0 1 1 0 0 0 0 0 0
900	2	 1 1 1 1 1 1 0 0 0 0 0 0 1 0 0 0 0 0 0 0
900	1	 1 1 1 1 0 1 0 1 0 1 0 1 1 1 1 1 1 0 0 0
900	2	 1 1 1 1 0 0 1 1 0 0 1 0 1 1 0 1 0 0 1 0
1000	53	 1 1 1 1 0 1 0 1 0 0 0 1 1 1 0 0 0 0 0 0
1000	12	 1 1 1 1 0 1 0 1 0 0 1 0 1 1 0 0 0 0 0 0
1000	12	 1 1 1 1 0 0 1 0 1 0 0 1 0 0 1 1 0 0 0 0
1000	42	 1 1 1 1 0 0 1 0 0 0 0 1 0 1 1 1 0 0 0 0
1000	1	 1 1 1 1 0 0 0 1 0 0 0 0 1 0 0 1 1 0 0 0
1000	7	 1 1 1 1 1 1 0 1 0 0 1 1 0 1 0 1 0 0 0 0
1000	12	 1 1 1 1 0 1 0 1 0 0 0 1 1 1 0 1 0 0 0 0
1000	52	 1 1 1 1 0 0 1 1 0 0 0 0 1 1 1 1 0 0 0 0
1000	21	 1 1 1 1 0 0 0 0 1 0 0 1 1 1 0 0 0 0 0 0
1000	4	 1 1 1 1 0 0 1 1 0 0 0 1 1 1 0 0 0 0 0 0
1000	32	 1 1 1 1 1 1 0 1 0 0 0 1 0 1 1 0 0 0 0 0
1000	32	 1 1 1 1 0 0 1 0 0 0 0 1 1 1 0 0 0 0 0 0
1000	39	 1 1 1 1 0 0 0 0 1 0 0 1 0 0 0 0 0 0 0 0
1000	1	 1 1 1 1 0 0 0 1 0 0 0 1 0 1 0 0 0 0 0 1
1000	8	 1 1 1 1 0 0 1 0 1 0 0 1 0 0 1 0 0 0 0 0
1000	27	 1 1 1 1 0 0 0 1 0 0 0 1 0 1 1 1 0 0 0 0
1000	12	 1 1 1 1 0 1 0 1 0 0 0 1 1 1 1 0 0 0 0 0
1000	27	 1 1 1 1 0 1 0 1 0 0 0 0 1 1 0 1 0 0 0 0
1000	15	 1 0 1 1 0 0 1 0 0 0 0 1 0 1 1 1 0 0 0 0
1000	23	 1 1 1 1 1 1 0 1 0 0 0 1 1 1 0 0 0 0 0 0
1000	7	 1 1 1 0 0 0 0 0 1 0 0 1 0 0 0 0 0 0 0 0
1000	16	 1 0 1 1 0 0 0 0 0 0 0 1 1 1 0 1 0 0 0 0
1000	25	 1 1 1 1 0 1 0 0 1 0 0 0 1 1 1 1 0 0 0 0
1000	2	 1 1 1 1 0 1 0 1 1 0 0 1 1 1 1 0 0 0 0 0
1000	8	 1 0 1 1 0 0 0 1 0 0 0 1 0 0 1 1 0 0 1 0
1000	24	 1 0 1 1 0 0 1 0 0 0 0 1 0 1 0 0 0 0 0 0
1000	23	 1 1 1 1 0 0 0 0 1 0 0 1 0 1 0 0 0 0 0 0
1000	27	 1 1 1 1 0 1 0 1 0 0 0 1 1 0 0 1 0 0 1 0
1000	1	 1 1 1 1 0 1 0 1 0 0 1 1 1 1 1 1 0 0 0 0
1000	27	 1 1 1 1 0 0 1 1 0 0 0 1 1 0 0 0 0 0 0 0
1000	3	 1 1 1 1 0 1 0 1 0 0 0 1 1 1 0 0 1 0 0 0
1000	10	 1 1 1 0 0 1 0 0 1 0 0 1 0 0 0 0 0 0 0 0
1000	11	 1 1 1 1 1 1 0 1 0 0 0 0 1 1 1 1 1 0 0 0
1000	2	 1 1 1 1 0 0 0 1 0 0 0 1 1 1 0 0 0 0 0 0
1000	5	 1 1 1 1 0 0 1 1 1 0 0 1 1 1 0 0 0 0 0 0
1000	4	 1 1 1 1 0 0 1 1 0 0 0 1 1 1 0 1 0 0 0 0
1000	3	 1 1 1 1 0 0 0 0 1 0 0 1 0 1 0 0 0 0 0 1
1000	3	 1 1 1 1 0 0 1 0 0 0 0 1 0 1 1 0 0 0 0 1
1000	12	 1 1 1 1 0 0 0 0 1 0 0 1 0 0 0 0 0 0 0 1
1000	4	 1 1 1 1 0 1 0 1 0 0 1 0 1 1 0 0 0 0 1 0
1000	3	 1 0 1 1 0 0 0 1 0 0 0 1 0 0 1 1 1 0 1 0
1000	2	 1 1 1 1 0 1 0 1 0 0 0 1 0 1 0 0 0 0 0 0
1000	10	 1 1 0 1 0 0 1 0 0 0 0 1 0 1 1 1 0 0 0 0
1000	18	 1 1 1 1 1 1 0 1 0 0 0 1 0 1 0 0 0 0 0 0
1000	1	 1 1 1 0 0 1 0 1 0 0 1 1 0 1 0 1 0 0 0 0
1000	18	 1 1 1 1 0 0 1 1 0 0 0 1 0 1 0 1 0 0 0 0
1000	1	 1 1 1 1 0 0 1 0 1 0 0 0 0 0 1 1 0 0 0 0
1000	5	 1 1 1 1 0 1 0 1 1 0 0 1 1 1 0 0 0 0 0 1
1000	7	 1 1 1 1 0 1 1 1 0 0 0 1 1 1 0 0 0 0 0 0
1000	7	 1 1 1 1 0 0 0 1 0 0 0 1 0 1 1 0 0 0 0 0
1000	12	 1 1 1 1 1 1 0 1 0 0 0 1 1 0 0 0 0 0 0 0
1000	2	 0 0 1 1 0 0 0 1 0 0 0 1 0 0 1 1 0 0 1 0
1000	4	 1 1 1 1 0 0 0 0 1 0 0 1 0 1 0 0 0 0 1 1
1000	6	 1 1 1 1 0 0 0 1 1 0 0 1 1 1 1 0 0 0 0 0
1000	6	 1 1 1 1 0 0 0 0 1 0 0 1 1 1 0 0 0 0 0 1
1000	9	 1 1 1 1 1 1 0 1 0 0 0 0 1 1 0 0 0 0 1 0
1000	6	 1 1 1 1 0 0 0 1 0 1 0 1 0 1 1 0 0 0 1 0
1000	23	 1 1 1 1 0 1 0 1 0 0 0 1 0 1 1 0 0 0 0 0
1000	3	 1 1 1 1 0 1 0 0 1 0 0 0 1 1 0 0 0 0 0 1
1000	9	 1 0 1 1 0 1 0 1 0 0 0 1 1 1 0 0 1 0 0 0
1000	4	 1 0 1 0 0 1 0 1 0 0 0 1 1 1 0 0 0 0 0 0
1000	4	 1 1 1 1 0 0 1 1 0 0 0 0 1 1 1 1 0 0 0 1
1000	9	 1 1 1 1 1 0 0 0 1 0 0 1 0 1 0 0 0 0 0 1
1000	3	 1 0 1 1 0 0 1 1 0 0 0 1 1 1 1 0 0 0 0 0
1000	5	 1 1 1 1 0 1 0 1 1 0 0 1 0 0 1 1 0 0 0 0
1000	30	 1 1 1 1 0 0 0 0 1 0 0 1 0 1 1 1 0 0 0 0
1000	1	 1 1 1 1 0 1 0 1 0 0 1 1 0 1 0 1 0 0 0 0
1000	8	 0 1 1 1 0 0 1 1 0 0 0 1 1 1 0 0 0 0 0 0
1000	1	 1 1 1 1 1 1 0 1 0 0 0 1 1 1 1 0 0 0 0 0
1000	5	 1 1 1 1 0 0 0 1 0 0 0 1 0 1 1 1 0 0 1 0
1000	7	 1 0 1 1 1 0 0 1 0 0 0 1 0 0 1 1 0 0 1 0
1000	4	 1 1 1 1 1 1 0 1 0 0 0 1 0 0 0 0 0 0 0 0
1000	3	 1 1 1 1 1 1 0 1 0 0 0 0 1 1 0 1 0 0 0 0
1000	7	 1 0 0 1 0 0 0 1 0 0 0 1 0 0 1 1 0 0 1 0
1000	1	 1 1 1 1 0 1 0 1 0 1 0 1 1 1 0 0 0 0 0 0
1000	3	 1 0 1 1 0 0 1 1 0 0 0 0 0 0 0 0 0 0 0 0
1000	5	 1 1 1 1 0 0 0 1 1 0 0 1 0 0 1 0 0 0 0 0
1000	8	 1 0 1 0 0 0 0 0 1 0 0 1 0 0 0 0 0 0 0 0
1000	1	 1 1 1 1 1 1 1 1 1 0 0 1 0 0 1 0 0 0 0 0
1000	8	 1 0 1 1 0 0 0 1 1 0 0 1 1 0 0 0 0 1 0 0
1000	1	 1 1 1 1 1 1 0 1 0 0 1 0 1 1 0 0 0 0 0 0
1000	3	 1 1 1 1 0 0 0 0 0 0 0 1 0 1 1 1 0 0 0 0
1000	2	 1 0 1 1 0 0 0 1 0 0 0 1 1 1 0 0 0 0 0 0
1000	1	 1 1 1 1 0 1 0 1 0 0 0 0 1 1 0 0 0 0 0 0
1000	1	 1 1 1 1 0 1 0 1 1 0 0 1 0 1 1 1 0 0 1 0
1000	1	 1 1 1 1 0 1 1 0 0 0 0 1 0 0 0 0 0 0 0 0
1000	2	 1 1 1 0 0 1 0 1 1 0 0 1 1 1 1 0 0 1 0 0
1000	2	 1 1 1 1 0 0 1 0 1 0 0 1 0 1 0 0 0 0 0 0
1000	1	 1 0 1 1 0 0 1 1 0 0 0 0 1 1 0 0 0 0 0 0
1000	2	 1 1 1 0 0 1 0 1 0 0 0 1 1 1 0 1 0 0 0 0
1000	1	 1 1 1 1 0 0 0 0 1 0 0 1 1 1 0 0 0 0 1 0
1000	3	 1 1 1 1 1 1 0 1 0 0 0 1 0 0 1 0 0 0 0 0
1000	1	 0 1 1 1 0 1 0 1 1 0 0 1 1 1 0 0 0 0 0 1
1000	1	 1 1 1 0 0 1 0 1 0 1 0 1 1 1 0 1 0 0 0 0
1000	1	 1 1 1 1 0 1 0 1 0 0 0 1 1 1 0 1 1 0 0 0
1000	4	 1 1 1 1 0 1 0 1 0 0 0 1 0 0 0 0 0 0 0 0
1000	1	 1 1 1 1 0 0 1 0 0 0 0 1 0 1 0 1 0 0 0 0
1000	2	 1 1 1 0 0 0 0 1 0 0 1 1 1 1 1 1 0 0 0 0
1000	3	 0 1 1 1 0 1 0 1 0 0 1 1 1 1 1 0 0 0 0 0
1000	1	 1 1 1 1 0 1 0 0 1 0 0 0 1 1 0 0 0 0 0 0
1000	3	 1 1 1 1 0 0 0 0 1 0 0 1 0 1 1 0 0 0 1 0
1000	2	 1 1 1 1 1 0 0 1 0 0 0 1 0 1 1 0 0 0 0 0
1000	3	 1 1 1 1 0 0 0 0 1 0 0 1 0 0 0 0 0 0 1 0
1000	1	 1 1 1 1 0 0 1 1 1 0 1 1 1 1 0 0 0 0 0 0
1000	1	 1 1 1 1 0 0 1 0 0 0 0 0 1 1 0 1 0 0 0 0
1000	1	 1 1 1 1 0 0 1 0 0 0 0 1 0 1 1 0 0 0 0 0
1000	2	 1 1 1 1 0 0 0 0 1 0 0 1 0 1 1 0 0 0 0 0
1000	3	 0 1 1 1 0 1 0 1 0 0 0 0 1 1 0 1 0 0 0 0
1000	1	 1 1 1 1 0 0 1 0 1 0 0 1 0 0 1 1 0 1 0 0
1000	1	 1 1 1 1 0 0 1 0 0 0 0 1 0 0 1 1 0 0 0 0
1000	1	 1 1 1 1 1 0 1 1 0 0 0 1 0 1 0 1 0 0 0 0
1000	2	 1 1 1 1 1 1 0 1 0 0 0 0 1 1 0 1 0 0 1 0
1000	2	 1 1 1 0 1 1 0 1 1 0 0 1 1 1 1 0 0 1 0 0
1000	1	 1 1 1 1 0 0 0 1 0 0 0 1 0 0 1 1 0 0 1 0
1000	2	 1 0 1 1 0 1 0 1 0 0 0 0 1 1 0 0 0 0 0 1
1000	2	 1 1 0 1 0 0 1 1 0 0 0 1 1 0 0 0 0 0 0 0
1000	3	 1 1 1 1 0 1 0 1 0 0 0 1 0 1 0 1 0 0 0 0
1000	1	 1 1 1 1 0 0 0 1 1 0 0 1 0 0 0 0 0 0 0 0
1000	1	 1 1 1 1 0 0 1 1 0 0 0 1 1 1 1 1 0 0 0 0
1000	1	 1 1 1 1 0 0 1 1 0 0 0 0 1 1 1 1 0 1 0 0
1000	1	 1 1 1 1 1 1 0 1 0 0 0 1 0 1 1 0 0 1 0 0
1000	2	 1 1 1 1 1 0 1 0 0 0 0 1 1 1 0 0 0 0 0 0
1000	1	 1 1 1 1 0 1 0 1 0 0 1 0 1 1 0 1 0 0 0 0
1000	1	 1 1 1 1 0 1 0 1 1 0 0 1 1 1 1 0 0 1 0 0
1000	2	 1 1 1 1 0 0 0 1 1 0 0 1 0 1 0 0 0 0 0 0
1000	1	 1 1 1 1 0 0 0 0 1 0 0 0 0 1 0 0 0 0 0 0
1000	2	 0 1 1 1 0 0 1 1 0 0 0 1 1 0 0 0 0 0 0 0
1000	1	 1 1 1 0 0 0 1 1 0 0 0 1 1 0 0 0 0 0 0 0
1000	2	 1 1 1 1 0 1 0 1 1 0 0 1 0 1 1 0 0 0 0 0
1000	1	 1 0 1 0 0 0 1 0 1 0 0 1 0 0 0 0 0 0 0 0
