2.367109302398810039e-02
1.440368350953668240e-02
2.486325288563907485e-02
2.809460519711309140e-02
4.955036827262056937e-03
1.195814359740819937e-03
1.205439964761243973e-03
-1.063723532569519140e-02
5.084503052240677695e-03
-9.855008707133248395e-04
-1.403524068224556824e-03
6.565478307225354124e-03
3.300243854024160323e-04
7.758314752325598670e-05
-8.348884740992473753e-04
1.389480878021547190e-03
-1.512488080779606121e-02
-1.242944924754219374e-02
-1.221176678034163569e-02
-1.741972143021217750e-02
2.925753800906539040e-02
