1.703663775447752590e-02
2.101728115164482741e-02
1.525714474353952882e-02
2.272211934545202705e-02
-5.250882424896663112e-04
1.098487031525368566e-04
-4.360879952545602088e-03
-1.143958006349848205e-02
4.970091184092887901e-03
-8.647370904342203588e-05
-7.101748255712672132e-03
2.644733923665426503e-03
2.756190662249049812e-03
-1.599743392016272133e-03
5.360734171067518903e-04
-4.940720567918528185e-04
-1.862420794528993340e-02
-1.058899574337822044e-02
-2.570988482064060637e-02
-1.427859567848947797e-02
1.930271559210699692e-02
