1.466181262310160480e-02
1.903661942488899320e-02
1.577476467223540985e-02
2.509883663903939022e-02
-2.866212958450907108e-03
1.491593016103840742e-03
3.048712560296538629e-03
-2.922109200442788227e-03
-4.460695247143518956e-03
-2.977758621688372711e-03
6.904820831838852022e-03
2.124364765423993398e-03
-3.034383246696094414e-03
-4.645256796487029494e-03
-1.932951748856029080e-03
6.896006607841889333e-03
-1.635148433050623296e-02
-8.937478865203187309e-03
-1.450089607568208483e-02
-1.344018606164741787e-02
3.278913014964398437e-02
