2.063987411732130101e-02
2.083814246094226746e-02
1.786391656430438846e-02
2.187513077072170825e-02
1.467818651765058231e-03
2.881575454539294159e-03
-7.609394111535380117e-03
4.850944200781089066e-03
-1.182103828486532520e-03
-8.479902390168896423e-03
-2.213129988470854959e-03
1.452420268617727120e-02
-1.548530193514931382e-02
1.991666692127660098e-04
7.898564189688357749e-04
5.177605986015347550e-03
-1.197516785302283823e-02
-1.235028251166728208e-02
-1.031445466632238250e-03
-1.777226065929204610e-02
3.143248180470634146e-02
