2.375819317207542025e-02
1.654468824446482522e-02
1.223978044371254979e-02
1.553381209193895399e-02
1.326843475247775888e-03
3.795625262702202393e-03
-4.168082720707095602e-04
3.368088411778597316e-03
3.126567982143636619e-03
1.731859282600325609e-03
2.073659307316440790e-03
-6.944905587680445455e-03
6.939005434081699231e-03
8.598911607449726685e-04
5.928735531246977913e-04
1.755378485770082292e-03
-1.229295879988935927e-02
-2.216699912718226445e-02
-9.781012169810830714e-03
-2.160910848791738892e-02
2.167932928083535910e-02
