1.633054199471531756e-02
1.698666742562926490e-02
1.828788374600369415e-02
1.228155864659113625e-02
6.507580846015438916e-03
-1.037226187370935641e-03
-6.501712980243124287e-03
-9.664590539355944268e-03
-7.120091010955098207e-03
1.159817955039823970e-03
-1.077181324753638016e-03
5.386473987199616453e-03
8.478830018033487164e-04
-5.287079507130100151e-03
3.296351166577619202e-03
-1.456679344871833568e-03
-7.212180713441748714e-03
-2.655888073353249862e-02
-1.923556701123108059e-02
8.858816049765703970e-04
1.334579483288858386e-02
