1.188783241099657627e-02
2.064550979397547503e-02
1.876987465616401438e-02
1.777632482516269125e-02
3.801754574934629923e-04
-1.705700518833390845e-03
2.395263195518080798e-03
2.120369149205891986e-03
1.015444727152468862e-02
-1.111368797518776878e-03
-7.564952990944658149e-04
-8.644460937106782442e-03
3.986899995812791080e-03
-4.052913607082184004e-03
-1.079220325758397346e-03
-1.364956567985912712e-03
-1.289132097977084383e-02
-1.279801471320159492e-02
-1.759942037171902812e-02
-2.279579242675199707e-02
1.645664385133217486e-02
