6.036481172938638028e-03
1.890178387059803997e-02
1.100842602911683392e-02
2.041278903720248478e-02
-4.175939987524540480e-03
-3.750122458263478644e-03
4.453997526812943433e-03
-3.231617413158980982e-03
-4.860337332890922891e-04
1.268320857835017815e-02
-8.677834000296213296e-03
8.861812700618917210e-03
9.914050176179169116e-03
-4.181217210590072383e-03
-8.489782202373330521e-04
-1.100382426295725379e-02
-1.054804745371781989e-02
-1.066027083434824968e-02
-2.208206109371000508e-02
-1.278181023901764010e-02
1.228610819694731827e-02
