2.676189728187903377e-02
8.449008512617463273e-03
1.027270350737166313e-02
2.272970876508439986e-02
-1.127515342794531764e-02
4.594114310464261558e-04
5.196134780456031221e-03
-1.955235071370647719e-03
-2.379790540824859189e-04
8.991819742363051093e-03
-6.042317657942825396e-03
2.623894937077093752e-03
2.336130693659983250e-03
-1.834208719928564178e-03
-3.637315094923193777e-04
-2.005061547482985852e-03
-1.470541639648514920e-02
-1.772765723635311153e-02
-1.203759336527388674e-02
-9.582821559235076697e-03
2.125531319153883131e-02
