1.775617159257357469e-02
1.524560425015501243e-02
8.845573930764096676e-03
2.133523878196309093e-02
1.081929020203391181e-03
-1.337191566145486815e-02
-6.349485687177652653e-03
-2.471127208175927497e-03
6.354121849205394273e-03
8.737386413559845855e-04
3.137169828265121401e-03
-9.995462835395917903e-04
-3.612783060459435688e-03
2.018892632413592843e-03
6.352646960042965252e-03
-1.770026886973857382e-04
-1.559386065956755094e-02
-1.895028113107732892e-02
-2.851000689126023668e-02
-1.235480411790642469e-02
2.826330422995818395e-02
