1.872553764269309362e-02
1.788257165600990947e-02
2.003391613484693801e-02
1.823426455418347691e-02
-4.393900502378563291e-03
-4.517586732739047040e-03
9.531934317289638510e-04
8.905183874627476239e-04
-4.974002107556043870e-03
3.298056089698268509e-03
-2.154141608379856951e-03
-9.656938837948609699e-04
-3.083530088726544466e-03
-2.335720667567664673e-03
1.999585523904007754e-03
-3.281943264347148177e-03
-1.149877485982648932e-02
-1.848976633728623489e-02
-1.643622828686713833e-02
-1.657291953783487232e-02
2.695899428170836498e-02
