1.822508686002472303e-02
1.985926034837529747e-02
2.008368160852087164e-02
1.457026781884635143e-02
1.860562582263098914e-04
5.952060906568578140e-04
-8.606326854642169181e-04
4.309648765448504185e-03
-5.710576186224454454e-03
2.173067971663821332e-03
5.350153259350524416e-03
5.944453062931393753e-04
4.680914800835860728e-03
-1.216839231656616574e-03
1.658411305143402343e-03
-7.769519943173750810e-03
-2.052162192648664812e-02
-2.111093056656115213e-02
-1.335559040019039349e-02
-1.594510234075857680e-02
2.438936586667246262e-02
