1.581098227882786478e-02
1.310424437831842447e-02
1.689593479537231102e-02
8.372221654507610439e-03
5.013700692706893856e-03
3.027084740453089666e-03
-2.079111854513430308e-03
-4.945939919661931569e-03
-3.908443172992488333e-04
8.262736073233401674e-03
-1.296724322474340600e-03
-1.403872210588908310e-03
2.789387980180112799e-03
-4.258005943825880768e-03
7.195733098935551755e-03
-6.905957191154464547e-03
-1.581351063518069908e-02
-1.330047498608528597e-02
-9.309679542345437181e-03
-1.688027091460450949e-02
3.181024884745115022e-02
