1.667384251241159701e-02
1.436305782396560954e-02
1.976696206144369292e-02
1.320700537283937652e-02
-2.563437050684351905e-04
-1.705735524882020984e-03
6.642563925103204744e-04
3.344158318525311015e-03
3.402747722647491996e-03
-4.214734727155681408e-04
-3.353232522217530331e-03
-3.936171035580391525e-03
5.154806642797711384e-03
-8.545006927021408811e-04
1.413389420948962241e-03
-6.101847072931614394e-03
-1.498329478996313774e-02
-2.392949122257903571e-02
-1.158357089823290956e-02
-1.582483266733228366e-02
2.204777044377109751e-02
