1.359485824621391864e-02
1.810357818930730112e-02
2.197621682973101981e-02
1.559887274009150518e-02
-6.675101052787356208e-03
3.273189725253570115e-04
3.667556310294076659e-03
-1.364561430731051767e-03
1.107022895828051971e-03
-5.561372476174586063e-03
1.884732376384683477e-04
7.103504699493961953e-03
2.057178447951211499e-03
2.292545801751375034e-04
2.982608512474503246e-03
-1.911476250957792476e-04
-7.933520716503258963e-03
-3.121466825925067051e-02
-2.387939534688575741e-02
-1.066694219240891042e-02
2.531464012904838592e-02
