1.525630673680041481e-02
1.942408885910181307e-02
1.740337677027079671e-02
1.619830151256860737e-02
-3.637803494650750698e-03
1.731485492492157354e-03
-7.357792017022771365e-03
2.564263694298414987e-03
-4.271314623478766892e-03
-1.793726278341647952e-03
-3.594436138646357748e-03
-1.366585000822080490e-03
1.688872059649153788e-03
7.176453383961525073e-04
2.152927618368474273e-03
-1.857946806137548285e-03
-1.664864003252434360e-02
-1.224632465787099667e-02
-1.560519113870052418e-02
-1.495936928674670291e-02
1.322366748845301213e-02
