2.108904984511951811e-02
1.426189076327202127e-02
1.683184302915013281e-02
2.308091963871088115e-02
2.888636140667924339e-03
5.426137785748597655e-05
-7.274725212362706528e-03
3.887227606246783720e-03
4.259159595673565370e-03
-3.120022679570334540e-03
3.743709958490521773e-03
-4.980573490312467134e-03
4.342724351174350080e-03
-9.733519248755841818e-03
-2.923821058225948427e-03
-2.633601774202618852e-03
-2.001145710854194612e-02
-2.086267235440584372e-02
-5.600744590083282098e-03
-9.897061510413363017e-03
7.603479942853088799e-03
