1.851913134464667349e-02
8.607832795993216810e-03
1.660212653491842730e-02
2.109542408375667671e-02
-6.556087605795818396e-03
2.327378349353910122e-03
1.007428644258572805e-03
-1.088838395608340316e-02
2.971941972765685357e-04
-1.902909743885397229e-03
2.484601379544316892e-03
4.549391969341661478e-04
1.545514829956512286e-02
4.551871348409215409e-03
1.478887268012574717e-03
1.531637765905743747e-03
-1.544139423594796320e-02
-1.631410056992856072e-02
-1.873584426665986929e-02
-1.350509138999043436e-02
2.275290389884347675e-02
