1.752398407263844327e-02
2.025923979403119676e-02
1.971681832811787716e-02
1.516805721536151202e-02
4.170653265487335969e-03
-2.928390623145656069e-03
-6.833807077552690734e-03
-2.254853699222960153e-03
8.601030366850961895e-03
-1.528451878394239839e-03
1.554088518191990530e-03
-2.769718838282356731e-03
-5.368406471237341729e-03
3.692874442500898406e-03
-9.907517140179698811e-03
1.125160300874969606e-02
-1.516200613415911828e-02
-1.637737923790223357e-02
-1.238183972432164298e-02
-1.018708009750478836e-02
2.201137635171365389e-02
