2.204280416376190599e-02
1.324876596002752191e-02
1.267885048751463996e-02
1.378012288773479942e-02
-5.004551191506043106e-03
-1.037995173158793400e-03
-9.135397065839366473e-04
-1.405359988512801901e-03
-2.746644134634414203e-03
-1.158278579941262112e-02
1.192393712513375266e-03
7.597829333217702083e-03
-3.298145580654476914e-04
-1.469623824142203550e-02
-1.801337254742806299e-04
-2.353781196781747249e-03
-1.475819676252204324e-02
-2.082176043269676202e-02
-2.080426757017564063e-02
-1.433439806760451740e-02
2.017378750438428639e-02
