8.789766486283061633e-03
1.497161064592109590e-02
1.373269941206668385e-02
1.316965668628808719e-02
-9.551313827449281479e-03
2.901825656059366793e-03
-4.204068500752422208e-03
2.117272972849759422e-03
1.064363076219637660e-02
4.585265745413766129e-03
-2.006855273729365226e-03
-3.776462253249087894e-03
1.125653490970686052e-02
-6.206350816104183599e-03
5.348732702994310039e-04
1.078336984236821436e-03
-2.534588063259081078e-02
-1.305533152669535041e-02
-1.807498497356643807e-02
-1.752411952052360805e-02
2.780735263286318246e-02
