2.016020847818045247e-02
1.824891770904341071e-02
2.025158403532240775e-02
1.247892895965922386e-02
1.173632169316867358e-03
2.033802300376895984e-06
1.493376470031196075e-03
-4.811909714851685289e-03
-2.068209063837120592e-03
1.860754831607660175e-04
-9.068220607449040821e-03
1.051150827833032680e-02
1.135105649775597662e-03
2.757454970125519308e-03
2.944760242711099742e-03
-1.214208241306337366e-03
-1.030077585180096469e-02
-2.125857972500030946e-02
-1.980082443925140767e-02
-1.574178540252426164e-02
2.126998253176412210e-02
