2.196969707770113356e-02
1.709781685277616745e-02
2.474740906508125088e-02
1.862391056179446905e-02
2.636700606115155530e-03
7.204660635294260658e-03
7.215870746333562756e-03
-5.280652838150145037e-03
3.919299366427697433e-03
4.002750000745915714e-03
-5.080793216933389769e-03
4.236907731686929621e-03
-4.020147757630753230e-03
-6.896355160583171606e-03
3.063303767835934884e-03
-1.822584639891927129e-03
-1.575469209206552257e-02
-2.410780716354379155e-02
-1.263653634844841625e-02
-1.976158056495795623e-02
2.974050418440561325e-02
