6.528557319667493801e-03
2.187154509014848161e-02
1.881886969058312736e-02
1.738564460692271219e-02
2.790467893278005852e-03
-4.835012623592145446e-04
-1.096323563792226535e-02
4.654203555838218320e-03
1.606625201483750888e-03
1.716394841919291329e-04
1.863731620936361771e-03
-1.230190048271570481e-03
-4.685604565539285005e-03
-4.372678262469737419e-03
-7.346171966866866382e-03
1.351535912597977285e-03
-2.060865920114405420e-02
-1.700335471600382398e-02
-1.383712529861569340e-02
-1.596094801829860133e-02
2.535423939658641712e-02
