1.970842710680307391e-02
1.880108960527752254e-02
1.286702964804053648e-02
1.389614564884909809e-02
-1.226102408667709490e-02
-6.538784561083725230e-03
-4.998749593793934409e-03
4.888482553763094608e-04
3.186262966252262699e-03
-4.902671112557438135e-03
2.575482067111803126e-03
-2.278432059278414148e-03
4.063519594602367155e-03
-3.497675116569565201e-03
2.332774776601446423e-04
-4.408216875995367781e-03
-2.138235923008016334e-02
-1.026958574646470376e-02
-2.183133704615551618e-02
-2.868297223097001497e-02
1.154410897366158276e-02
