1.628115634541497589e-02
2.007968151248761685e-02
2.351928480232050658e-02
1.793817325322112632e-02
-5.978620298042868625e-04
-7.171179661653974413e-03
1.955941655013045209e-03
7.240092918356998142e-03
4.313166244723233220e-03
4.833803395236948436e-03
1.621547243476978255e-03
-7.882184576001381553e-04
5.223630348754618874e-03
-1.916678731702797962e-03
-5.669713679765420221e-04
-6.474855099007002096e-03
-1.839569602424338812e-02
-1.114244371594044769e-02
-1.913019189056456432e-02
-2.377726046381532787e-02
1.922099896183523254e-02
