1.736435283818948266e-02
1.211813866350037669e-02
1.191334641210040068e-02
1.827874978817812385e-02
3.940758330720951644e-04
-1.686639859799372951e-03
-1.241370136716583687e-03
7.277220388460325581e-03
-2.847446874153894240e-03
7.867077864815362432e-04
3.655814983380773799e-03
3.484235805247020562e-03
1.118670564127429226e-02
3.738986006690759190e-03
-1.901762376224253205e-05
3.645019941180820122e-03
-1.383823950045173432e-02
-1.463632525161549791e-02
-1.718471981365028711e-02
-2.064025522986167455e-02
1.436743041392612476e-02
