1.362108116950152235e-02
1.282151324449293944e-02
2.614856874225829700e-02
1.064144129312513676e-02
8.947571058081742190e-04
-4.814515909814149480e-03
-3.614696147869328469e-03
-2.971826863137205267e-03
6.586346536584122488e-03
8.906853687161010551e-04
-4.289790953103493620e-03
7.455218024156794188e-03
3.614571888204885092e-03
2.876906208712263005e-03
1.628126425832378125e-04
-1.073052961930546535e-02
-1.433514729129076529e-02
-1.810562497439990523e-02
-1.328871893325910165e-02
-1.152913599662375860e-02
4.702115064893119291e-03
