1.445353049473207738e-02
1.708343492339204142e-02
2.416787760771758192e-02
2.108856380025932176e-02
-5.370037704402834053e-03
-1.022825662962209212e-03
-6.842695292929220144e-03
-6.039896171087247995e-03
-6.095574067605108448e-04
-1.112013933019044532e-04
-2.656677116677478093e-03
4.538129992496480304e-04
-4.153500230429704038e-03
1.654633354651987003e-03
5.690874952704145021e-03
-4.819854136037129630e-03
-1.724652606188213644e-02
-1.376618960609901458e-02
-1.690878499052006489e-02
-1.740360706651226247e-02
1.329965818057059039e-02
