8.869382823889505538e-03
1.465571813507094215e-02
1.128353219256806456e-02
2.808164680829849588e-02
-3.611712647415524398e-04
-1.396769290559843682e-02
-8.699374004653405434e-03
-2.314084138231938155e-03
2.552260856218228034e-03
-4.983947497818700181e-03
2.121904299438895857e-04
-2.114017906967878557e-03
-1.932850117701394484e-03
-2.261563496832903232e-03
2.791888716916241832e-03
-1.383383471874524012e-04
-1.271099848717587716e-02
-1.209885659041392593e-02
-2.133003255086293737e-02
-1.272636551399285512e-02
3.819823693627840550e-02
