2.133202790148791203e-02
1.261603013130839154e-02
9.458775212752484896e-03
1.533300144009708266e-02
9.390393697060121780e-03
5.439233536135906419e-03
-2.123350310709172344e-03
3.906834284589912054e-03
2.040549331916194625e-03
-3.370109068515041335e-03
2.233726689813455603e-03
6.906740577273537754e-04
-2.626393280494113917e-03
2.614173751993552949e-03
1.824638132834421151e-03
1.312047607699664675e-03
-2.087377039775001678e-02
-2.460554523115294698e-02
-2.222827697513565792e-02
-1.463476090091862976e-02
3.141458070176874479e-02
