1.675986089070213847e-02
2.011779700805155224e-02
1.620151428270013780e-02
1.465351195520783051e-02
2.209406836096367184e-03
3.134786016930551228e-03
8.984910872685370831e-04
3.694470116336288630e-04
2.457828987888843221e-03
3.858708959354071634e-03
-5.879749606849099921e-04
2.152189361055253068e-03
1.132472217393913974e-02
-3.068070854125788975e-04
1.031674896620623540e-02
1.149799916195593527e-03
-1.289812321500131281e-02
-2.329296694941488527e-02
-1.534425180728884487e-02
-1.563859054134571214e-02
1.968314104922882016e-02
