1.397361278322496562e-02
1.806183942967448663e-02
2.019679435422452179e-02
1.818775165350532824e-02
-5.899287207696661539e-03
-2.075905454696530712e-03
1.468063956955167806e-03
4.161529599368966534e-03
-3.411411093424168619e-03
5.214691867551456486e-03
8.546686870468409112e-04
1.305644276380307322e-04
-1.086134374090717055e-03
-2.105924312311937933e-03
1.062129228920963980e-02
5.260430595363196210e-03
-1.634998170186562072e-02
-2.161732543384791566e-02
-2.211568400245297189e-02
-1.014058362262705223e-02
2.948796300814650675e-02
