1.765201501373513115e-02
8.063480101681978415e-03
1.292728428711106131e-02
2.467932341186573550e-02
-2.024721654615453583e-03
6.700940221464335433e-04
1.860954781481388449e-03
-1.268626274690301016e-03
-6.801507012546328598e-03
-3.920732665156894531e-03
2.964184074072659814e-03
-5.718625202549908887e-03
1.862841067172277352e-03
4.958360608945233845e-03
-2.777583642829053144e-03
-1.878817235784376472e-03
-2.117497745360921377e-02
-1.361328695810523105e-02
-1.614037093511328305e-02
-1.345952044509741985e-02
2.416583044676418393e-02
