1.801854696052483662e-02
1.230488860242831897e-02
1.961376927034522502e-02
2.290867207670652800e-02
9.924883507731498133e-04
1.622166163353903727e-03
1.132568580524891859e-03
5.255343793533337124e-03
-2.433484686935515930e-03
-5.398232952145303777e-03
-8.533791674268159308e-03
5.878559212777815547e-03
-5.887012294629146228e-03
-1.481234924846524127e-03
7.819264172257854497e-04
6.157555655495833280e-03
-1.221464325070344831e-02
-1.593187818037700848e-02
-1.709238584275291073e-02
-1.837319905353634181e-02
5.334184407870840028e-02
