1.601848252065898176e-02
2.160213571009382549e-02
6.050319171082537209e-03
2.243124353176968733e-02
7.583293103905334488e-03
3.266168720072641445e-04
1.783306571950901318e-04
8.034645876724198863e-04
-1.109984615816548767e-02
3.737242214925257273e-03
4.223335746418269143e-03
-9.071967906792099967e-03
1.402416302849503194e-02
2.644543718975887574e-03
-3.632320944203005358e-03
3.500709407847280540e-03
-2.496080356449355275e-02
-1.417815236306997108e-02
-1.433294766441721088e-02
-1.186777758458186678e-02
3.428018575094606696e-02
