1.700443926001116157e-02
1.855823646407329247e-02
2.217688310510595312e-02
1.707714608887414900e-02
7.245131448767136439e-03
2.038928771265922403e-03
2.613447717758519365e-04
-2.982754894350003673e-04
-1.079002593376841498e-02
-3.122421557174287834e-03
-2.984686465786045434e-03
2.611021577039370541e-03
2.179924732276198468e-04
4.935998158400703613e-03
-5.528567561355569523e-04
2.530081981416152851e-05
-1.761008251645074935e-02
-1.416948145577416260e-02
-1.722973769737873306e-02
-1.822758646244659192e-02
4.014253168662644533e-02
