1.814870314742472734e-02
1.090997204556937508e-02
1.444953956269480130e-02
1.369886203669085784e-02
-8.368569301889801750e-04
6.055362031914495249e-03
-4.517160110291861680e-03
9.157779858434666456e-04
-1.278898769722682177e-03
7.690159562672794005e-04
-2.603649278915374718e-03
7.060425947871157596e-04
-2.380907345208914221e-03
-9.022286610379296173e-04
2.985992341272094598e-03
-9.562174279707208457e-03
-1.428279985262271082e-02
-2.423545674144127887e-02
-1.048766094566994968e-02
-1.667684077361486494e-02
1.984538320535459213e-02
