2.367362295450904652e-02
1.445913448243812613e-02
1.601593752256229991e-02
1.905988433779109981e-02
-4.347267129393614891e-04
3.836259062884951870e-03
-3.966411425057303139e-03
1.475932180331463632e-03
3.838613414460616269e-03
-3.749608441061646168e-03
-3.607376092170447301e-03
5.405373036668766756e-03
9.848021075083263597e-04
-2.048140006222729306e-03
-8.649673243987114667e-04
7.678117986187171350e-04
-2.458805013619369626e-03
-2.230950574617582630e-02
-2.109522292700898374e-02
-1.109263678916162094e-02
4.897696804602629309e-03
