1.680578492413755190e-02
1.205790691550030422e-02
2.307888756819389056e-02
1.823586996169274804e-02
3.661867370318444819e-03
5.551805337738453458e-03
-6.151530464976464121e-03
-2.619782120035102704e-03
-9.225692639226082403e-03
-5.854467830624142735e-03
-1.831782096109597338e-05
4.366043577049052646e-03
-2.879637072019170028e-04
3.270060840451556421e-03
-1.223300569058315742e-03
-3.808702638572015542e-04
-1.609122250577572910e-02
-1.447243036796965789e-02
-1.782364328015548921e-02
-2.067031473492440125e-02
1.144440294340411286e-02
