1.934863732809335296e-02
1.706027314699822689e-02
7.665862750677571169e-03
1.949599905885019552e-02
4.153149209896237620e-03
6.292176512938563605e-04
-1.390542807631667439e-02
4.266741703503975670e-03
-8.167164689343635320e-03
3.159798153319104169e-04
3.571326074725241287e-04
4.879177020337685045e-04
5.541032196346505449e-04
-2.190760426466146181e-03
-4.941255154414226497e-03
5.372409227353128810e-04
-1.444001448832971796e-02
-1.714782925418550236e-02
-1.165954706230477173e-02
-2.396809635603280864e-02
2.660444311166683395e-02
