1.952343513674942299e-02
2.142010135776513391e-02
1.576440456565365161e-02
1.529977073644965546e-02
-1.030541021721502904e-03
-5.650676749967494666e-03
2.868828263723947544e-03
-4.663205826996691741e-03
-3.238330570803043054e-03
1.092743230503941208e-03
1.460964984196098243e-03
-2.931631540997190269e-04
9.649429123102406906e-04
5.426220703212621642e-03
-3.405263605991450658e-04
-1.668918090189528075e-04
-1.661265131672106515e-02
-1.964127367000433055e-02
-1.434220087030434534e-02
-1.946718835191475760e-02
3.209896789343106432e-02
