1.457452387788666162e-02
1.893086135047561402e-02
2.041780399740894883e-02
1.841426336485487217e-02
2.215073112853591184e-03
9.551950106944555666e-04
-5.564432488258951731e-03
-6.260824251159814204e-03
1.148260976882089449e-03
7.945519106003166160e-03
5.469671978551018596e-04
5.440444674540644704e-03
-3.520040192825254349e-03
1.861760691311807993e-03
-5.910391287845253791e-04
3.812249662757377384e-03
-5.513818784478714818e-03
-2.199226275043227735e-02
-1.126638320554558363e-02
-1.240053622691063805e-02
2.374316036854843756e-02
