1.658485664425999456e-02
1.553315355588949856e-02
1.801370081251605498e-02
1.772388727929284646e-02
7.311127611032064086e-04
5.141227844196433194e-03
-2.112297069421612840e-04
-5.561312697925018672e-03
1.911860694551322740e-03
-8.332326890418417092e-03
2.080398998346012860e-05
4.781893606096928456e-03
1.348251287187575941e-02
-6.077535466567978925e-03
3.075729050002220383e-03
-2.125825944295623923e-03
-2.433085741711792788e-02
-2.009813416771874528e-02
-1.476899233045362789e-02
-2.083479880881166507e-02
6.232585946913067609e-03
