1.703330777438586546e-02
2.754749719768924063e-02
2.379482472065798035e-02
1.624709380715863571e-02
7.663425592266211086e-04
-1.489460506668865460e-03
-5.133870086714734798e-03
-6.813313916787270760e-03
-6.598559212968665641e-03
2.002717583127613249e-03
-2.007350630318221855e-03
-4.823188756431830322e-03
7.159175831775912296e-04
-9.534337480658297169e-05
-7.280390932364044776e-04
5.062552546480216659e-03
-1.393897693392168874e-02
-1.743444850273267316e-02
-2.394346279873030628e-02
-5.186991873771589975e-03
2.346075971126439230e-02
