1.383456593775514443e-02
1.254161183718935368e-02
1.285433213056137378e-02
2.156186516895964439e-02
2.767952720799347031e-03
-9.037881461342113813e-04
2.112497068159322443e-03
-2.550336432700156791e-03
-8.198624445800273925e-04
3.329943837318791698e-03
-4.248164656876765241e-03
-1.537444386097980851e-03
-5.451600971118733844e-04
-6.447894600211076174e-03
3.621132073123679851e-03
-1.008697233849956999e-03
-1.566897068668481052e-02
-2.045492184726496049e-02
-2.014158807019843928e-02
-1.177758782522687897e-02
2.009988392840329416e-02
