1.616183357309334059e-02
1.503742170091253161e-02
5.104972184062740899e-03
9.618653567168549551e-03
-6.044731451005425082e-03
-6.181697522069936647e-03
-3.706441649350148294e-03
2.532035219895575461e-03
-1.347405473559376739e-02
-4.800282626422087279e-03
3.510791793282344413e-03
-2.396489590706551726e-03
1.324534164334254579e-03
-1.529850194517303873e-03
9.238644962111219861e-05
2.619093521575364784e-04
-1.512719797515343564e-02
-1.495444781011320660e-02
-1.223111102535549485e-02
-2.253500368846058158e-02
3.648772315727794036e-02
