1.851696041863210712e-02
1.945673853822341495e-02
1.515365500718902220e-02
1.917525509656165666e-02
4.196269473641284914e-03
1.601094889305288435e-03
-4.908709403142559949e-03
5.587208946969469611e-03
1.930353731526818391e-03
4.621313610252164930e-03
-1.337283958317638877e-03
5.641961201163783572e-03
3.940571229048740395e-03
-8.157981101704339308e-04
9.500323769960046863e-04
-2.164421517862599731e-03
-1.608786362909623083e-02
-1.699961301340650530e-02
-3.103551863226263266e-02
-1.786009598607343762e-02
2.450868469942643624e-02
