1.409680937161309280e-02
1.269603744263582412e-02
1.185316812762178540e-02
1.903038655986216687e-02
7.726296208855901008e-03
9.665941552838947740e-04
2.640380907231801300e-03
-1.297078838832915141e-03
5.121852684937109289e-03
7.740982484906145170e-03
3.246005872716904109e-03
2.297449611730196899e-03
-5.618749742025431690e-03
4.016198289640319011e-03
1.329716372689509454e-04
1.911905912070060954e-03
-1.565691190170754102e-02
-2.519224278219023977e-02
-1.542159765360219190e-02
-1.804092182419520657e-02
2.877510037460190295e-02
