1.335425274386288844e-02
1.156026226534155599e-02
1.413128682904090522e-02
1.193615433053733625e-02
2.378535260968739004e-03
-7.278483069745595238e-03
-3.179249477322620109e-03
2.731691357358348275e-03
-5.876107349917607248e-03
-2.132698478408424567e-03
2.022138777114000467e-03
4.167787513168158195e-03
-5.433772778086581022e-05
-5.910455500042297722e-03
1.005419537475401876e-03
2.104407453169154524e-03
-1.316449617345856471e-02
-2.516875653589798617e-02
-1.837247279807023917e-02
-1.542721678551121391e-02
3.709792022818033524e-02
