2.006196622020681164e-02
2.330383356945264772e-02
1.429630372585959097e-02
7.969578763104633035e-03
-3.094546246285263119e-03
8.662365322973042403e-03
2.652089200734507844e-03
-3.712170920034899707e-03
-5.005998053585826967e-03
8.409455452844501189e-03
-3.056424134642803277e-03
4.333486141038854315e-03
1.822354071815100295e-03
4.581243830344252700e-04
1.287370339453820962e-02
-9.609447932393357095e-03
-1.787499748168696126e-02
-1.079476539145973746e-02
-1.603609726287127252e-02
-1.976377436958313277e-02
2.829065415227458372e-02
