2.165432355628670383e-02
1.210138692413130837e-02
1.916662759497087670e-02
2.119040152252410492e-02
-3.444748198530862837e-03
-9.390649813248582237e-03
-6.032809025157707603e-03
-1.433948334489666514e-02
1.792355741166814587e-03
8.812549373114776088e-04
-4.520879638528307702e-03
-8.470136694647360104e-03
-7.835120641367596602e-06
-5.401344149473866207e-03
-8.348068383081712340e-03
7.149330286109253224e-03
-1.462766066010138914e-02
-1.709591946632393195e-02
-1.177280146186584012e-02
-1.374948868946524946e-02
2.769647002746774764e-02
