1.588719183805497107e-02
1.517361033096525577e-02
9.067722660034981813e-03
2.020716573919855569e-02
-7.334062148774871462e-03
-1.192672568109001772e-03
-1.017149740857738616e-03
4.534826542641035019e-03
-4.466387999325610592e-03
2.248107300240162650e-03
6.285906309051873461e-03
-3.340411429619095235e-03
1.037483543917675291e-02
-1.519764287213041815e-03
2.064677877729149350e-03
1.793902356773486646e-05
-1.885599312485325071e-02
-1.970729009262646436e-02
-9.563232632814106307e-03
-1.562896062136326022e-02
2.525819160379614431e-02
