1.281508716843867898e-02
9.067208161356893337e-03
1.465720296813776552e-02
1.722374474466127972e-02
9.082112103729115399e-03
-4.470759275662226917e-03
2.195532928208482771e-03
-1.776503348688530329e-03
-2.426611115189954268e-04
-7.682026667084933952e-03
-4.186357142528884454e-03
-4.291938621047554012e-03
9.357163797764646274e-05
9.544521380552225837e-04
-6.263577371203024255e-03
-3.078708878263266896e-04
-7.259672540131555801e-03
-1.065630928169353231e-02
-1.559889877659748417e-02
-1.743163855658450001e-02
3.133841821338218675e-02
