1.521323517995374491e-02
1.358344010733134738e-02
2.323828690692213150e-02
2.537968925864929337e-02
-4.752705017515204537e-04
-4.842200362451797588e-04
3.034689693140947553e-03
-1.995236493917111262e-03
-7.160081390731073796e-04
-3.908102024094552845e-03
1.331238441405394437e-04
1.190686241773060601e-03
3.409963952760639710e-03
1.007117978884324375e-03
-3.048402360321780628e-03
3.649553321339934087e-03
-1.292229527602337807e-02
-1.601683291642980178e-02
-1.784464416938903036e-02
-1.525608665880498829e-02
2.099017385068600167e-02
