1.845927495319793846e-02
1.329030471415655265e-02
1.971390377155782248e-02
2.402706720459623149e-02
5.403958155171183567e-03
-1.452806238365237333e-03
-1.198586792463985024e-03
-7.798781154792116047e-04
9.339004959061448022e-03
4.769977629717521081e-03
-3.812319737622666283e-03
2.569136203471458074e-03
7.457542487258172342e-04
-2.957441498851382834e-03
-3.019609311455668035e-03
2.932749095027918380e-03
-1.185501109681724730e-02
-1.732238276755510703e-02
-1.915513716472903513e-02
-1.161972812156632229e-02
2.421512374179239646e-02
