1.498127540132426078e-02
1.451277630339050523e-02
1.373255224673798972e-02
1.835027914376968425e-02
6.567953679240468631e-04
-2.630561722170040358e-03
4.210033495502424859e-03
-5.851413231513828694e-03
2.880908606881252450e-03
3.614154506753629575e-03
-6.058486950670243995e-03
5.763184408176814369e-04
1.024822124990805092e-02
-4.208557964458133072e-03
5.565302380696633341e-03
4.208862509848322261e-03
-2.208498068494282873e-02
-2.375069759497733940e-02
-7.997445400401984733e-03
-1.360916658596916448e-02
1.049926717418988090e-02
