2.075957961739820223e-02
2.461897714373581167e-02
1.582944364600452278e-02
1.968074974773111746e-02
-1.649966327474270626e-04
2.884824739259072603e-04
-3.192904486184624559e-03
-1.029101423412643809e-02
3.026496137231358269e-03
-6.959848196131679723e-03
7.714518557865732845e-03
-3.503385939006961949e-03
8.340821490869293128e-04
2.042614261139713040e-03
-3.975996775533724784e-03
5.961268590187152223e-03
-3.534445770856788765e-03
-2.227661673838367273e-02
-1.085363473445477567e-02
-6.762247014799604994e-03
1.704725277939653227e-02
