1.972396442197736632e-02
1.570475585173472521e-02
1.054967688609252316e-02
1.795641159788669700e-02
2.584246305656510631e-03
1.222074469068718406e-03
8.913199474323285632e-03
5.845359792573030268e-03
-9.494041877861590650e-04
-1.199442133512469352e-02
-4.346862312369569287e-04
9.930027785955419795e-04
-2.985822294446897375e-03
-1.423091195439412293e-03
3.499324761379793251e-03
-6.639788159463480381e-03
-2.914226950504547262e-02
-1.217709823703562108e-02
-1.569251691249898967e-02
-2.201609802368350438e-02
4.067147590304883570e-02
