2.011849124300471581e-02
2.188846142387659149e-02
2.198287609827737771e-02
2.143951853922003090e-02
2.046962128502847512e-03
-1.055895560586597032e-02
7.512510070090375365e-04
3.031950520434211621e-03
-2.582826504182824431e-05
4.936984795500956938e-03
-2.451682473782856864e-03
-6.214704169237236786e-03
4.170051101457846062e-04
3.065577563985508354e-03
-6.187863032702205571e-03
5.541637723734779003e-03
-1.107403596023078668e-02
-9.513639578413396122e-03
-9.410598746461565356e-03
-1.691911335624081414e-02
3.344287323519949673e-02
