2.267989162751291032e-02
2.217351676301210911e-02
1.544460154257455697e-02
1.646233381848984795e-02
5.020687706706091456e-03
9.551288357154132883e-04
5.096503590057989939e-04
-3.526066010472681325e-03
-1.331757590807132983e-02
-8.532371369216998520e-04
-1.134247805366194253e-02
-3.187173036444986528e-03
-4.355003819684112772e-03
-1.893415202184499683e-03
-4.942912993145526582e-03
-2.630581116772642662e-03
-1.339881563640155787e-02
-1.226881489348352269e-02
-3.040670959381350930e-02
-1.410050689841382127e-02
4.569270196554835878e-02
