1.508700294829841762e-02
2.122153311843901630e-02
1.375634669416741021e-02
1.240656865233424194e-02
-8.120864538895069835e-04
5.116346337721205950e-03
-9.960858734931470233e-04
-9.486338367311014479e-04
-3.328737764240736682e-03
-9.113288304398198692e-04
5.038486197860281117e-03
-3.070443101792182713e-03
1.530077683371348137e-03
2.202271248686318503e-03
-5.337240220473923012e-04
-4.648340241934174888e-03
-1.286830895065374687e-02
-9.843627638883474529e-03
-1.329953970196726468e-02
-1.101731577267676433e-02
2.915051201040093007e-02
