2.159783709007273567e-02
1.313439706360951947e-02
1.745904349995549762e-02
1.525382848632068911e-02
2.753415592331585199e-03
2.436437337694283625e-03
-1.591057114571216638e-02
4.022646106566112219e-03
-2.186230097815913733e-03
-1.586981454656393592e-03
-7.069700418558991228e-03
2.033708038878119864e-03
-2.443090027339151100e-03
-2.202946325334664704e-04
-5.492917758813236143e-03
-2.245405862623895722e-03
-1.609430593870214699e-02
-7.904743155542163016e-03
-1.795922977308650470e-02
-1.192394232484439778e-02
2.701500442874792823e-02
