2.473915656396604226e-02
2.217565906537479967e-02
1.219896038727180665e-02
1.735989027765500597e-02
-2.000180880041246747e-03
-4.087203629561124776e-03
5.770542483326673855e-03
1.812870641093574341e-03
-6.943270096107416814e-04
6.821973428346346513e-05
6.964800535605294649e-04
-2.827755251955977288e-03
-5.592275136154607404e-03
4.917828968580507422e-03
2.516971608859645436e-04
2.862584927081856211e-03
-1.713141449063319832e-02
-3.672452438196182559e-03
-1.010852995736706908e-02
-1.242192592738610227e-02
1.678219588066135956e-02
