1.497792286850857524e-02
1.344770751153461646e-02
1.619514342844306093e-02
1.872940060803933784e-02
-2.332031983573609312e-03
1.679095578284811336e-03
-7.038416960547907303e-03
-3.360850954651458007e-03
2.657816039329703901e-03
-6.719809514996705202e-03
-1.879043375116406416e-03
-1.164419764933842484e-03
2.260905081912453502e-03
-2.772617187108316911e-03
2.888621545375602822e-03
-8.280706194035414996e-03
-1.306449906741820668e-02
-1.652780488725115113e-02
-9.960393970192705365e-03
-7.912859303176811299e-03
2.154385157689146096e-02
