1.933932250614361567e-02
1.019362807295788945e-02
1.722503491989213487e-02
1.967896185895467998e-02
-1.453798189548240671e-03
2.182447788478282785e-04
-1.529191353460380163e-03
1.962352672794408399e-03
3.268261871628774969e-03
5.390416679525266222e-03
4.062195599888251268e-03
-3.082280931111230828e-03
4.468122064349875841e-03
3.229889535008004155e-04
1.198571943489735395e-03
-3.750847584696138590e-03
-1.778790722008599667e-02
-3.276361637985394232e-02
-2.513296463377028694e-02
-1.534327046428043614e-02
2.447981721325551488e-02
