1.532118751910127065e-02
1.712475304515283930e-02
1.238962957121703123e-02
1.221616029423568638e-02
2.460397891921407842e-03
2.245039532181747344e-03
-2.526780661812933620e-03
9.375855437830794836e-03
6.408934892466553596e-03
3.467506686996906819e-03
-9.171285805277589126e-05
-4.198955503460331676e-04
-6.299088310181387082e-03
-6.025619071603273945e-03
-5.503408429693727212e-03
-3.360471091544436385e-03
-1.909846320004133374e-02
-2.720696643375479853e-02
-1.322117403751197316e-02
-1.406284241832799799e-02
1.876515415365544864e-02
