2.250371954676993330e-02
2.048964014095967096e-02
1.356120450300116360e-02
2.158418299410984342e-02
1.060576506062224297e-02
2.730974580460975021e-03
-7.535923773934340153e-03
-2.802845492970235369e-03
-1.626184887683204206e-03
6.019751207436157929e-03
-1.777878425836740967e-03
2.492015506106438211e-03
3.154488279710935400e-03
-8.236740564223589064e-04
-3.765109670058239787e-03
-5.615187539746978665e-03
-1.305670663954849181e-02
-1.335781213073211973e-02
-2.275687860137588087e-02
-1.349332152891415115e-02
4.082777559350816293e-02
