3.379395923503056287e-02
1.909126446773875413e-02
2.466330670476630377e-02
1.711516766760457636e-02
-1.755434759130971439e-02
-2.236429708139375111e-03
1.230363859018131310e-03
-5.799685495349225783e-03
-7.223971252899883365e-03
-3.617663115045302406e-03
4.475385779991175941e-03
8.059071982242209126e-04
3.354140300901414275e-03
-6.285277909834774066e-03
-4.734129773952744889e-03
-2.217453476297022961e-03
-2.103050903854701559e-02
-1.703352460532492688e-02
-9.426370109228173269e-03
-8.880445282705559315e-03
3.028342801487788824e-02
