1.512324601882980048e-02
1.544436986054732730e-02
1.023093588054570582e-02
1.888991506612085203e-02
-1.430267185160730842e-02
5.205216960937876503e-03
1.492674208836706866e-03
-2.777844339972680016e-03
-1.521756653241312907e-04
-2.022721982916600436e-03
-5.737176098388175292e-04
1.029886613126788746e-02
8.012188843442378389e-03
-3.816205011959814680e-03
-1.224876421583531716e-02
-4.662498453438443206e-03
-1.748129988403843496e-02
-1.080150868050649970e-02
-2.191021646763903485e-02
-1.456832745260484493e-02
3.128678100708016246e-02
