1.780918207159322766e-02
1.442437224796326578e-02
2.093609467450705669e-02
1.554969486979969340e-02
-5.213270957734044732e-03
-1.820804760116626411e-03
5.545436170563697656e-04
-2.319348751383942635e-03
-2.852868432103485420e-04
-4.275610145408711982e-03
-2.444697067492218861e-03
-6.093696810527642191e-04
1.015778871052736704e-02
-7.626823686081832428e-04
-1.238825806806985572e-04
2.359244981516860767e-03
-1.930133112142087132e-02
-1.964828122367114072e-02
-2.151374097227012894e-02
-1.458010622152192647e-02
1.404067957002196228e-02
