1.621328725134602716e-02
2.211216849365300885e-02
1.992249367820685124e-02
1.346951261844446350e-02
-5.810198666913825305e-03
-3.541450526374892264e-03
2.489483140585441526e-03
-1.193823988970376532e-02
-7.183107764879174961e-03
4.376506819914564687e-03
4.343880951027969534e-03
-4.829799352243090670e-03
3.188356812013801948e-04
-2.326028692842661231e-03
2.116970730496535794e-03
-9.989665832569393313e-05
-1.636066959596108386e-02
-2.030069786534865334e-02
-1.586154925866076898e-02
-2.422345718369809872e-02
1.898318949849234216e-02
