1.411717985961134444e-02
2.149438139601964060e-02
1.834635877564590178e-02
1.617120985006685607e-02
4.504777578957777293e-04
4.180321018277012579e-03
1.739655428657591735e-03
-1.290793981953395481e-03
-3.127912174538225940e-03
1.715543728222648345e-03
-4.920466293341525625e-03
-4.849825142533171346e-03
-1.220204441001463986e-03
3.123955740668303907e-03
-3.670533124688808019e-03
1.857852766074583224e-03
-1.716186858011620187e-02
-1.204146644592450979e-02
-1.360552196163962620e-02
-2.458532248315503654e-02
2.633654355779653511e-02
