1.927961781564702451e-02
1.536616796160304027e-02
2.391871423615402059e-02
1.403683609617356262e-02
2.906602112867949679e-03
-5.945251109356831237e-03
1.594311850779675868e-02
-9.996434023940733299e-03
-3.778442276531587471e-03
-3.772339052470242114e-03
-6.379416644833536994e-03
-1.440008406801042504e-03
-9.795877278825011400e-03
5.323577963874962828e-03
-8.859501049514429761e-04
-2.294102808583024442e-03
-2.231220719386668716e-02
-1.052233756988484384e-02
-9.086971849905780413e-03
-9.690242286077368344e-03
3.269615973040185253e-02
