1.875533246521826625e-02
2.172179953757857884e-02
2.308400816789376794e-02
2.122950454711958201e-02
2.781750815543802130e-03
-7.657384641464298931e-03
-7.336947894695571015e-03
6.530755584822083189e-04
1.871166937650938075e-03
-4.169661416879239316e-03
-1.216573308703017275e-02
-3.165407279671731810e-03
6.734256183264425433e-03
-3.531391678824240786e-03
4.200550517793380165e-03
-8.330643610495555573e-03
-1.288979961237548405e-02
-1.328409127397579825e-02
-1.936116252197710511e-02
-2.409482213852158494e-02
1.292455255025129132e-02
