5.405351e-05
1.932654e-04
-2.928826e-05
-1.952508e-04
-2.277993e-05
-3.330000e-08
2.855354e-03
-2.990500e-05
-2.802000e-03
-2.341562e-05
-3.330000e-08
-1.658333e-04
9.612219e-04
-1.748333e-05
-7.778719e-04
-3.330000e-08
-1.001917e-04
-2.029165e-03
-9.953542e-05
2.228925e-03
-3.330000e-08
-1.034111e-04
-1.352234e-03
-9.551111e-05
1.551189e-03
-3.330000e-08
-6.422588e-04
-2.970333e-05
6.957388e-04
-2.374333e-05
-3.330000e-08
-1.542020e-03
-2.926778e-05
1.595772e-03
-2.445111e-05
-3.330000e-08
-1.316685e-03
-2.985333e-05
1.370072e-03
-2.349958e-05
-3.330000e-08
9.489921e-04
-7.244713e-04
-1.984938e-04
-2.599375e-05
-3.330000e-08
-1.659167e-04
3.582866e-03
-1.737917e-05
-3.399536e-03
-3.330000e-08
-1.113111e-04
-3.243100e-04
-2.923308e-03
3.358963e-03
-3.330000e-08
-1.224151e-03
-2.936333e-05
1.277843e-03
-2.429583e-05
-3.330000e-08
-1.211111e-04
7.037283e-04
-7.338611e-05
-5.091977e-04
-3.330000e-08
-1.001917e-04
1.237367e-03
-9.953542e-05
-1.037607e-03
-3.330000e-08
-3.121051e-03
-4.032222e-06
3.190576e-03
-6.545889e-05
-3.330000e-08
9.823096e-03
-3.446667e-06
-9.753205e-03
-6.641042e-05
-3.330000e-08
1.384054e-02
-2.913032e-05
-1.378671e-02
-2.467447e-05
-3.330000e-08
-5.213889e-04
-1.202000e-05
2.017561e-04
3.316861e-04
-3.330000e-08
-5.284667e-04
-6.630000e-06
-1.225982e-04
6.577282e-04
-3.330000e-08
-1.003136e-04
-3.326850e-04
-1.952925e-03
2.385957e-03
-3.330000e-08
-1.652556e-04
-8.219619e-03
-1.820556e-05
8.403113e-03
-3.330000e-08
-1.662083e-04
-1.174304e-03
-1.701458e-05
1.357560e-03
-3.330000e-08
1.933948e-04
-3.596667e-06
-1.235982e-04
-6.616667e-05
-3.330000e-08
-1.005667e-04
8.692695e-04
-9.906667e-05
-6.696029e-04
-3.330000e-08
1.811329e-04
-2.936333e-05
-1.274404e-04
-2.429583e-05
-3.330000e-08
-1.014167e-04
-5.605194e-05
-9.800417e-05
2.555061e-04
-3.330000e-08
-2.147240e-05
-2.803222e-05
7.599681e-05
-2.645889e-05
-3.330000e-08
-1.001917e-04
1.218773e-03
-9.953542e-05
-1.019013e-03
-3.330000e-08
-7.521034e-03
-3.317260e-04
-1.003200e-04
7.953113e-03
-3.330000e-08
2.252308e-03
-2.028980e-03
-1.996250e-04
-2.366955e-05
-3.330000e-08
-1.662200e-04
6.435276e-03
-1.700000e-05
-6.252022e-03
-3.330000e-08
-1.020944e-04
2.171479e-02
-9.715694e-05
-2.151551e-02
-3.330000e-08
-1.625583e-04
-8.565302e-03
-2.157708e-05
8.749471e-03
-3.330000e-08
-1.160778e-04
-3.206800e-04
6.310818e-03
-5.874027e-03
-3.330000e-08
-5.229417e-04
-1.083750e-05
5.326787e-04
1.133779e-06
-3.330000e-08
3.294381e-03
-3.596667e-06
-3.224585e-03
-6.616667e-05
-3.330000e-08
-1.643083e-04
-1.591310e-03
-1.938958e-05
1.775041e-03
-3.330000e-08
-1.662083e-04
-1.174304e-03
-1.701458e-05
1.357560e-03
-3.330000e-08
3.662283e-03
-3.520000e-06
-3.592438e-03
-6.629125e-05
-3.330000e-08
-1.662083e-04
-9.689896e-04
-1.701458e-05
1.152246e-03
-3.330000e-08
-3.955184e-03
-1.581849e-03
5.569444e-03
-3.237750e-05
-3.330000e-08
9.444641e-04
-3.936667e-06
-8.748800e-04
-6.561417e-05
-3.330000e-08
-1.622917e-04
-1.791769e-02
-2.191042e-05
1.810192e-02
-3.330000e-08
-1.647444e-04
9.900029e-04
-1.884444e-05
-8.063807e-04
2.140020e-04
-9.726754e-05
-3.242231e-04
-9.726754e-05
3.047562e-04
-3.330000e-08
-9.478562e-04
-2.970333e-05
1.001336e-03
-2.374333e-05
-3.330000e-08
-3.841667e-04
-1.165200e-04
1.148860e-02
-1.098788e-02
-3.330000e-08
-1.114952e-02
1.149949e-02
-7.953333e-05
-2.704033e-04
-3.330000e-08
-1.837731e-02
-2.928222e-05
1.843105e-02
-2.442764e-05
-3.330000e-08
-9.700242e-04
-3.308388e-04
-1.006125e-04
1.401509e-03
-3.330000e-08
-1.615222e-04
-1.628345e-02
-2.287222e-05
1.646787e-02
-3.330000e-08
9.914889e-05
3.127361e-04
-2.082083e-05
-3.910308e-04
-3.330000e-08
-1.200972e-04
-1.592168e-02
-7.465347e-05
1.611647e-02
-3.330000e-08
-5.229417e-04
-1.083750e-05
-4.741207e-04
1.007933e-03
-3.330000e-08
-1.664364e-04
2.510220e-03
-1.672955e-05
-2.327021e-03
-3.330000e-08
6.463599e-03
-3.442000e-06
-6.393706e-03
-6.641800e-05
-3.330000e-08
-1.116528e-03
-3.460000e-06
1.186410e-03
-6.638875e-05
-3.330000e-08
7.899488e-03
-3.442000e-06
-7.829595e-03
-6.641800e-05
-3.330000e-08
-1.005667e-04
-2.529892e-04
-9.906667e-05
4.526559e-04
-3.330000e-08
-1.116528e-03
-3.460000e-06
1.186410e-03
-6.638875e-05
-3.330000e-08
2.526244e-03
-5.538889e-06
-2.457662e-03
-6.301056e-05
-3.330000e-08
-1.664364e-04
2.560608e-03
-1.672955e-05
-2.377409e-03
-3.330000e-08
2.102290e-03
-2.994455e-05
-2.048960e-03
-2.335136e-05
-3.330000e-08
-1.016556e-04
-2.143017e-03
-9.770556e-05
2.342412e-03
-3.330000e-08
2.506344e-03
-3.563333e-06
-2.436526e-03
-6.622083e-05
-3.330000e-08
-1.652556e-04
-3.608533e-04
-1.820556e-05
5.443477e-04
-3.330000e-08
-3.861679e-03
-2.173000e-05
3.920143e-03
-3.670000e-05
-3.330000e-08
-1.042333e-04
-3.297000e-04
7.946388e-04
-3.606721e-04
-3.330000e-08
-1.662200e-04
1.034783e-02
-1.700000e-05
-1.016458e-02
-3.330000e-08
-1.014167e-04
-6.659061e-04
-9.800417e-05
8.653602e-04
-3.330000e-08
-1.003136e-04
-3.326850e-04
-1.100604e-03
1.533635e-03
-3.330000e-08
-1.533424e-03
-3.355455e-06
1.603371e-03
-6.655864e-05
-1.001408e-03
1.254246e-03
-2.994140e-05
-1.996091e-04
-2.328776e-05
-3.330000e-08
-1.113111e-04
-3.243100e-04
2.172358e-03
-1.736704e-03
-3.330000e-08
-1.662083e-04
-2.692242e-03
-1.701458e-05
2.875498e-03
-3.330000e-08
-1.003750e-04
2.535315e-03
-9.930625e-05
-2.335600e-03
1.774388e-03
-9.726754e-05
-3.242231e-04
-9.726754e-05
-1.255630e-03
-3.330000e-08
5.139256e-04
-3.260992e-04
-1.021750e-04
-8.561815e-05
-3.330000e-08
6.328519e-04
-2.970333e-05
-5.793719e-04
-2.374333e-05
-3.330000e-08
-1.660250e-04
-3.613226e-03
-1.724375e-05
3.796528e-03
-3.330000e-08
-6.857408e-04
-3.315213e-04
-1.003875e-04
1.117683e-03
-3.330000e-08
-1.660250e-04
-3.613226e-03
-1.724375e-05
3.796528e-03
-3.330000e-08
-1.682875e-04
1.167487e-03
-6.011908e-04
-3.979750e-04
-3.330000e-08
-3.129842e-03
-3.355455e-06
3.199789e-03
-6.655864e-05
-3.330000e-08
-1.014167e-04
1.147222e-03
-9.800417e-05
-9.477675e-04
-3.330000e-08
-5.284667e-04
-6.630000e-06
-2.917755e-04
8.269054e-04
-6.866465e-04
9.379222e-04
-2.975649e-05
-1.983752e-04
-2.314399e-05
-6.866465e-04
-9.918774e-05
-3.306252e-04
-9.918774e-05
1.215647e-03
-8.321054e-04
-1.663409e-04
1.414299e-03
-1.663412e-05
-3.992182e-04
-8.321054e-04
1.084944e-03
-2.994140e-05
-1.996091e-04
-2.328776e-05
-8.321054e-04
-1.663409e-04
1.414299e-03
-1.663412e-05
-3.992182e-04
-8.321054e-04
-9.980458e-05
-3.326819e-04
-9.980458e-05
1.364396e-03
-8.321054e-04
-1.663409e-04
1.414299e-03
-1.663412e-05
-3.992182e-04
-8.321054e-04
-9.980458e-05
-3.326819e-04
-9.980458e-05
1.364396e-03
-8.321054e-04
-5.322909e-04
-3.326850e-06
1.434260e-03
-6.653640e-05
-8.321054e-04
-1.017004e-04
-3.312381e-04
3.467457e-03
-2.202413e-03
-8.321054e-04
-5.322909e-04
-3.326850e-06
1.434260e-03
-6.653640e-05
-8.321054e-04
-9.980458e-05
-3.326819e-04
-9.980458e-05
1.364396e-03
-8.321054e-04
-1.663409e-04
1.414299e-03
-1.663412e-05
-3.992182e-04
-8.321054e-04
1.084944e-03
-2.994140e-05
-1.996091e-04
-2.328776e-05
-8.321054e-04
-1.663409e-04
1.414299e-03
-1.663412e-05
-3.992182e-04
-8.321054e-04
-9.980458e-05
-3.326819e-04
-9.980458e-05
1.364396e-03
-8.321054e-04
-9.980458e-05
-3.326819e-04
-9.980458e-05
1.364396e-03
-8.321054e-04
-9.980458e-05
-3.326819e-04
-9.980458e-05
1.364396e-03
-8.321054e-04
1.084944e-03
-2.994140e-05
-1.996091e-04
-2.328776e-05
-8.321054e-04
1.084944e-03
-2.994140e-05
-1.996091e-04
-2.328776e-05
-8.321054e-04
1.084944e-03
-2.994140e-05
-1.996091e-04
-2.328776e-05
-8.321054e-04
-1.663409e-04
1.414299e-03
-1.663412e-05
-3.992182e-04
-8.321054e-04
-9.980458e-05
-3.326819e-04
-9.980458e-05
1.364396e-03
-8.321054e-04
-5.322909e-04
-3.326850e-06
1.434260e-03
-6.653640e-05
-8.321054e-04
-9.980458e-05
-3.326819e-04
-9.980458e-05
1.364396e-03
-3.330000e-08
1.084435e-03
-2.994455e-05
-1.031105e-03
-2.335136e-05
-3.330000e-08
-9.981713e-04
1.414270e-03
-1.682500e-05
-3.992405e-04
-3.330000e-08
-9.316350e-04
-3.327105e-04
-9.999545e-05
1.364374e-03
-3.330000e-08
-9.981713e-04
1.414270e-03
-1.682500e-05
-3.992405e-04
-3.330000e-08
-1.364121e-03
-3.355455e-06
1.434069e-03
-6.655864e-05
-3.330000e-08
-9.316350e-04
-3.327105e-04
-9.999545e-05
1.364374e-03
-3.330000e-08
1.084785e-03
-8.614568e-04
-1.996250e-04
-2.366955e-05
-3.330000e-08
1.084785e-03
-8.614568e-04
-1.996250e-04
-2.366955e-05
-3.330000e-08
-9.996364e-05
-1.164197e-03
-9.982045e-05
1.364015e-03
-3.330000e-08
1.084785e-03
-8.614568e-04
-1.996250e-04
-2.366955e-05
-3.330000e-08
-1.014167e-04
-2.580621e-04
-9.800417e-05
4.575162e-04
-3.330000e-08
-9.981713e-04
1.414270e-03
-1.682500e-05
-3.992405e-04
-3.330000e-08
-1.664364e-04
1.413981e-03
-1.672955e-05
-1.230781e-03
-8.321054e-04
-1.687208e-03
2.923050e-03
-2.812301e-05
-3.756138e-04
-8.321054e-04
-5.645685e-05
-2.872806e-05
9.425497e-04
-2.525943e-05
-8.321054e-04
-3.670465e-04
-1.291669e-04
-1.108095e-02
1.240927e-02
-8.321054e-04
2.240275e-04
2.224583e-03
-1.460860e-03
-1.556453e-04
-8.321054e-04
-1.501745e-03
2.206593e-03
2.536689e-04
-1.264114e-04
-8.321054e-04
-1.098543e-03
2.205891e-03
-1.499716e-04
-1.252703e-04
1.237703e-03
-1.053427e-03
-2.182792e-05
-1.454681e-04
-1.697928e-05
1.237703e-03
-1.053427e-03
-2.182792e-05
-1.454681e-04
-1.697928e-05
1.237703e-03
-7.273860e-05
-2.424409e-04
-7.273860e-05
-8.497846e-04
2.601374e-03
-2.446811e-03
-1.831183e-05
-1.220054e-04
-1.424542e-05
2.601374e-03
-2.446811e-03
-1.831183e-05
-1.220054e-04
-1.424542e-05
2.601374e-03
-6.100918e-05
-2.033337e-04
-6.100918e-05
-2.276022e-03
1.237703e-03
1.294983e-03
-2.984445e-03
-3.773204e-05
4.894911e-04
1.237703e-03
1.291711e-03
-2.249040e-03
-3.364176e-05
-2.467317e-04
1.237703e-03
-2.041313e-03
-3.569050e-04
-2.208343e-05
1.182599e-03
-8.321054e-04
-1.663409e-04
1.414299e-03
-1.663412e-05
-3.992182e-04
-8.321054e-04
-1.076268e-04
1.138529e-03
-9.002680e-05
-1.087703e-04
-8.321054e-04
-1.076268e-04
1.138529e-03
-9.002680e-05
-1.087703e-04
-8.321054e-04
-3.279919e-04
1.405679e-03
-1.780980e-04
-6.748331e-05
-8.321054e-04
-3.201697e-04
-6.553251e-05
-1.878758e-04
1.405683e-03
-8.321054e-04
-1.013212e-04
1.187044e-03
-9.790874e-05
-1.557088e-04
-3.330000e-08
9.231578e-04
-6.458889e-06
-8.551501e-04
-6.151556e-05
-3.330000e-08
-1.202845e-03
-2.684111e-05
1.258113e-03
-2.839444e-05
-3.330000e-08
9.231578e-04
-6.458889e-06
-8.551501e-04
-6.151556e-05
-3.330000e-08
9.231578e-04
-6.458889e-06
-8.551501e-04
-6.151556e-05
-3.330000e-08
-1.202845e-03
-2.684111e-05
1.258113e-03
-2.839444e-05
-3.330000e-08
-1.043222e-04
3.772970e-03
-9.437222e-05
-3.574242e-03
-3.330000e-08
-1.202845e-03
-2.684111e-05
1.258113e-03
-2.839444e-05
-3.330000e-08
9.231578e-04
-6.458889e-06
-8.551501e-04
-6.151556e-05
-3.330000e-08
2.066554e-03
-2.926778e-05
-2.012802e-03
-2.445111e-05
-3.330000e-08
-1.202845e-03
-2.684111e-05
1.258113e-03
-2.839444e-05
-3.330000e-08
-1.014167e-04
2.936415e-04
-9.800417e-05
-9.418732e-05
-3.330000e-08
6.841267e-03
-6.105556e-06
-6.773038e-03
-6.208972e-05
-3.330000e-08
-8.635996e-03
8.890411e-03
-1.701458e-04
-8.423583e-05
-3.330000e-08
5.888490e-03
-5.659443e-03
-1.942022e-04
-3.481089e-05
-3.330000e-08
-1.001800e-04
-9.081241e-03
-9.955000e-05
9.281005e-03
-3.330000e-08
1.773980e-03
-1.538721e-03
-1.883111e-04
-4.691444e-05
-3.330000e-08
-3.129842e-03
-3.355455e-06
3.199789e-03
-6.655864e-05
-3.330000e-08
-2.381976e-03
-3.355455e-06
2.451924e-03
-6.655864e-05
-3.330000e-08
5.139256e-04
-3.260992e-04
-1.021750e-04
-8.561815e-05
-3.330000e-08
-1.014167e-04
-6.659061e-04
-9.800417e-05
8.653602e-04
-3.330000e-08
-1.014167e-04
2.936415e-04
-9.800417e-05
-9.418732e-05
-3.330000e-08
-8.546862e-03
-2.947222e-05
8.600486e-03
-2.411889e-05
2.011956e-03
-1.783271e-03
-2.708321e-05
-1.805365e-04
-2.106543e-05
2.011956e-03
-2.951094e-03
-2.526321e-05
9.884235e-04
-2.402293e-05
2.011956e-03
-9.026988e-05
-3.008921e-04
-9.026988e-05
-1.530524e-03
2.011956e-03
-1.783271e-03
-2.708321e-05
-1.805365e-04
-2.106543e-05
2.011956e-03
-4.814254e-04
-3.012100e-06
-1.467338e-03
-6.018099e-05
2.011956e-03
-9.026988e-05
-3.008921e-04
-9.026988e-05
-1.530524e-03
2.011956e-03
-1.783271e-03
-2.708321e-05
-1.805365e-04
-2.106543e-05
2.011956e-03
-4.814254e-04
-3.012100e-06
-1.467338e-03
-6.018099e-05
2.011956e-03
-1.504477e-04
-1.485391e-03
-1.504766e-05
-3.610699e-04
2.011956e-03
-5.312658e-03
6.301276e-04
2.769329e-03
-9.875488e-05
2.011956e-03
-1.783271e-03
-2.708321e-05
-1.805365e-04
-2.106543e-05
2.011956e-03
-4.814254e-04
-3.012100e-06
-1.467338e-03
-6.018099e-05
2.011956e-03
-1.327365e-04
-1.189506e-03
4.337274e-03
-5.026989e-03
2.011956e-03
-3.291698e-03
1.485742e-03
-1.763657e-04
-2.963460e-05
2.011956e-03
-9.026988e-05
-3.008921e-04
-9.026988e-05
-1.530524e-03
2.011956e-03
-4.814254e-04
-3.012100e-06
-1.467338e-03
-6.018099e-05
2.011956e-03
-1.783271e-03
-2.708321e-05
-1.805365e-04
-2.106543e-05
2.011956e-03
-4.814254e-04
-3.012100e-06
-1.467338e-03
-6.018099e-05
-3.330000e-08
-3.608291e-03
-2.863667e-05
3.662437e-03
-2.547667e-05
-3.330000e-08
-3.633565e-03
3.800491e-03
-1.316700e-04
-3.522333e-05
-3.330000e-08
3.909471e-03
-1.086483e-03
-2.777285e-03
-4.567000e-05
-3.330000e-08
-5.213889e-04
-1.202000e-05
-1.190175e-03
1.723618e-03
-3.330000e-08
-1.000625e-04
-2.934924e-03
-9.969688e-05
3.134717e-03
-3.330000e-08
1.844894e-04
4.058722e-05
-1.979667e-04
-2.707667e-05
6.439192e-05
-9.890033e-05
-3.296670e-04
-9.890033e-05
4.630757e-04
6.439192e-05
-1.648337e-04
5.125257e-04
-1.648367e-05
-3.956003e-04
6.439192e-05
1.861557e-04
-2.967033e-05
-1.978003e-04
-2.307700e-05
6.439192e-05
-5.274670e-04
-3.297000e-06
5.323057e-04
-6.593367e-05
6.439192e-05
-5.274670e-04
-3.297000e-06
5.323057e-04
-6.593367e-05
6.439192e-05
1.861557e-04
-2.967033e-05
-1.978003e-04
-2.307700e-05
6.439192e-05
-1.648337e-04
5.125257e-04
-1.648367e-05
-3.956003e-04
6.439192e-05
-1.648337e-04
5.125257e-04
-1.648367e-05
-3.956003e-04
6.439192e-05
1.861557e-04
-2.967033e-05
-1.978003e-04
-2.307700e-05
6.439192e-05
-9.890033e-05
-3.296670e-04
-9.890033e-05
4.630757e-04
6.439192e-05
-5.274670e-04
-3.297000e-06
5.323057e-04
-6.593367e-05
6.439192e-05
-1.648337e-04
5.125257e-04
-1.648367e-05
-3.956003e-04
-3.330000e-08
-1.662083e-04
-9.689896e-04
-1.701458e-05
1.152246e-03
-3.330000e-08
-1.657697e-04
2.355594e-03
-1.756288e-05
-2.172228e-03
-3.330000e-08
3.699722e-03
-8.363333e-06
-3.632904e-03
-5.842083e-05
-3.330000e-08
-1.097583e-04
-3.254925e-04
9.769840e-04
-5.416998e-04
-3.330000e-08
-3.942746e-04
6.225090e-04
-1.949722e-04
-3.322889e-05
3.824563e-04
-5.187564e-04
-3.243100e-06
2.043886e-04
-6.484532e-05
3.824563e-04
-5.187564e-04
-3.243100e-06
2.043886e-04
-6.484532e-05
3.824563e-04
-9.726754e-05
-3.242231e-04
-9.726754e-05
1.363019e-04
3.824563e-04
-1.360448e-04
-2.918088e-05
-1.945342e-04
-2.269643e-05
3.824563e-04
-5.187564e-04
-3.243100e-06
2.043886e-04
-6.484532e-05
3.824563e-04
-1.621120e-04
1.849352e-04
-1.621199e-05
-3.890675e-04
3.824563e-04
-1.621120e-04
1.849352e-04
-1.621199e-05
-3.890675e-04
3.824563e-04
-9.726754e-05
-3.242231e-04
-9.726754e-05
1.363019e-04
3.824563e-04
-1.360448e-04
-2.918088e-05
-1.945342e-04
-2.269643e-05
3.824563e-04
-5.187564e-04
-3.243100e-06
2.043886e-04
-6.484532e-05
3.824563e-04
-1.621120e-04
1.849352e-04
-1.621199e-05
-3.890675e-04
3.824563e-04
-1.360448e-04
-2.918088e-05
-1.945342e-04
-2.269643e-05
3.824563e-04
-5.187564e-04
-3.243100e-06
2.043886e-04
-6.484532e-05
3.824563e-04
-1.360448e-04
-2.918088e-05
-1.945342e-04
-2.269643e-05
3.824563e-04
-1.360448e-04
-2.918088e-05
-1.945342e-04
-2.269643e-05
3.824563e-04
-5.187564e-04
-3.243100e-06
2.043886e-04
-6.484532e-05
3.824563e-04
-1.360448e-04
-2.918088e-05
-1.945342e-04
-2.269643e-05
3.824563e-04
-5.187564e-04
-3.243100e-06
2.043886e-04
-6.484532e-05
3.824563e-04
-1.360448e-04
-2.918088e-05
-1.945342e-04
-2.269643e-05
3.824563e-04
-9.726754e-05
-3.242231e-04
-9.726754e-05
1.363019e-04
3.824563e-04
-1.360448e-04
-2.918088e-05
-1.945342e-04
-2.269643e-05
3.824563e-04
-1.360448e-04
-2.918088e-05
-1.945342e-04
-2.269643e-05
3.824563e-04
-9.726754e-05
-3.242231e-04
-9.726754e-05
1.363019e-04
3.824563e-04
-1.360448e-04
-2.918088e-05
-1.945342e-04
-2.269643e-05
3.824563e-04
-1.360448e-04
-2.918088e-05
-1.945342e-04
-2.269643e-05
3.824563e-04
-9.726754e-05
-3.242231e-04
-9.726754e-05
1.363019e-04
3.824563e-04
-1.621120e-04
1.849352e-04
-1.621199e-05
-3.890675e-04
3.824563e-04
-1.360448e-04
-2.918088e-05
-1.945342e-04
-2.269643e-05
3.824563e-04
-5.187564e-04
-3.243100e-06
2.043886e-04
-6.484532e-05
3.824563e-04
-1.360448e-04
-2.918088e-05
-1.945342e-04
-2.269643e-05
3.824563e-04
-9.726754e-05
-3.242231e-04
-9.726754e-05
1.363019e-04
3.824563e-04
-1.027787e-04
1.137052e-04
-9.037866e-05
-3.030041e-04
3.824563e-04
-9.726754e-05
-3.242231e-04
-9.726754e-05
1.363019e-04
3.824563e-04
-5.187564e-04
-3.243100e-06
2.043886e-04
-6.484532e-05
3.824563e-04
-1.360448e-04
-2.918088e-05
-1.945342e-04
-2.269643e-05
3.824563e-04
-1.360448e-04
-2.918088e-05
-1.945342e-04
-2.269643e-05
3.824563e-04
-1.360448e-04
-2.918088e-05
-1.945342e-04
-2.269643e-05
3.824563e-04
-1.360448e-04
-2.918088e-05
-1.945342e-04
-2.269643e-05
3.824563e-04
-9.726754e-05
-3.242231e-04
-9.726754e-05
1.363019e-04
-3.330000e-08
-5.213889e-04
-1.202000e-05
-5.208574e-05
5.855279e-04
-3.330000e-08
-1.161333e-04
1.531751e-03
-7.960833e-05
-1.335977e-03
-3.330000e-08
-2.021339e-03
-2.926778e-05
2.075091e-03
-2.445111e-05
-3.330000e-08
8.693557e-03
-1.244000e-05
-8.629287e-03
-5.179625e-05
-3.330000e-08
-2.021339e-03
-2.926778e-05
2.075091e-03
-2.445111e-05
-3.330000e-08
-1.636500e-04
-5.457327e-05
-2.021250e-05
2.384691e-04
-3.330000e-08
-1.647444e-04
1.761583e-04
-1.884444e-05
7.463851e-06
-3.330000e-08
-1.097583e-04
-3.254925e-04
5.218881e-04
-8.660398e-05
-3.330000e-08
-1.014167e-04
-4.451089e-04
-9.800417e-05
6.445630e-04
-3.330000e-08
-1.649833e-04
5.078454e-04
-1.854583e-05
-3.242829e-04
-3.330000e-08
-3.151889e-03
-2.936333e-05
3.205581e-03
-2.429583e-05
-3.330000e-08
3.181899e-04
-6.043333e-06
-2.499225e-04
-6.219083e-05
-3.330000e-08
-1.014167e-04
7.487373e-04
-9.800417e-05
-5.492832e-04
-3.330000e-08
5.619550e-03
-5.235940e-03
-4.763333e-05
-3.359433e-04
-3.330000e-08
-3.948677e-03
4.208892e-03
-1.646458e-04
-9.553583e-05
-3.330000e-08
-1.079889e-04
-3.268400e-04
7.815027e-03
-7.380165e-03
-3.330000e-08
2.186269e-02
-8.371111e-06
-2.179588e-02
-5.840819e-05
-3.330000e-08
-1.887339e-03
-2.875667e-05
1.941411e-03
-2.528167e-05
-3.330000e-08
-8.686636e-04
-3.936667e-06
9.382477e-04
-6.561417e-05
-3.330000e-08
-9.125386e-04
-3.596667e-06
9.823352e-04
-6.616667e-05
6.057570e-04
-1.627091e-04
-3.627558e-05
-1.627159e-05
-3.905008e-04
6.057570e-04
-1.627091e-04
-3.627558e-05
-1.627159e-05
-3.905008e-04
6.057570e-04
-9.762576e-05
-3.254174e-04
-9.762576e-05
-8.508808e-05
-3.330000e-08
-3.622290e-04
5.897706e-04
-1.956292e-04
-3.187917e-05
-3.330000e-08
-3.622290e-04
5.897706e-04
-1.956292e-04
-3.187917e-05
-3.330000e-08
-3.607123e-04
-3.687083e-05
-1.975250e-04
5.951415e-04
-3.330000e-08
4.488423e-04
-3.695732e-05
-2.082083e-05
-3.910308e-04
-3.330000e-08
-1.014167e-04
2.936415e-04
-9.800417e-05
-9.418732e-05
6.057570e-04
-1.627091e-04
-3.627558e-05
-1.627159e-05
-3.905008e-04
6.057570e-04
-3.584381e-04
-2.928826e-05
-1.952508e-04
-2.277993e-05
6.057570e-04
-3.584381e-04
-2.928826e-05
-1.952508e-04
-2.277993e-05
6.057570e-04
-9.762576e-05
-3.254174e-04
-9.762576e-05
-8.508808e-05
6.057570e-04
-9.762576e-05
-3.254174e-04
-9.762576e-05
-8.508808e-05
6.057570e-04
-9.762576e-05
-3.254174e-04
-9.762576e-05
-8.508808e-05
6.057570e-04
-1.627091e-04
-3.627558e-05
-1.627159e-05
-3.905008e-04
6.057570e-04
-3.584381e-04
-2.928826e-05
-1.952508e-04
-2.277993e-05
6.057570e-04
-3.584381e-04
-2.928826e-05
-1.952508e-04
-2.277993e-05
6.057570e-04
-3.584381e-04
-2.928826e-05
-1.952508e-04
-2.277993e-05
6.057570e-04
-5.206674e-04
-3.254925e-06
-1.675058e-05
-6.508409e-05
6.057570e-04
-1.611924e-04
-3.444235e-03
-1.816742e-05
3.017838e-03
6.057570e-04
-5.206674e-04
-3.254925e-06
-1.675058e-05
-6.508409e-05
6.057570e-04
-1.627091e-04
-3.627558e-05
-1.627159e-05
-3.905008e-04
6.057570e-04
-1.627091e-04
-3.627558e-05
-1.627159e-05
-3.905008e-04
6.057570e-04
-9.762576e-05
-3.254174e-04
-9.762576e-05
-8.508808e-05
6.057570e-04
-1.627091e-04
-3.627558e-05
-1.627159e-05
-3.905008e-04
6.057570e-04
-3.584381e-04
-2.928826e-05
-1.952508e-04
-2.277993e-05
6.057570e-04
-5.206674e-04
-3.254925e-06
-1.675058e-05
-6.508409e-05
6.057570e-04
-5.206674e-04
-3.254925e-06
-1.675058e-05
-6.508409e-05
6.057570e-04
-3.584381e-04
-2.928826e-05
-1.952508e-04
-2.277993e-05
6.057570e-04
-5.206674e-04
-3.254925e-06
-1.675058e-05
-6.508409e-05
6.057570e-04
-5.206674e-04
-3.254925e-06
-1.675058e-05
-6.508409e-05
6.057570e-04
-5.206674e-04
-3.254925e-06
-1.675058e-05
-6.508409e-05
6.057570e-04
-5.206674e-04
-3.254925e-06
-1.675058e-05
-6.508409e-05
6.057570e-04
-3.584381e-04
-2.928826e-05
-1.952508e-04
-2.277993e-05
6.057570e-04
-1.627091e-04
-3.627558e-05
-1.627159e-05
-3.905008e-04
6.057570e-04
-1.627091e-04
-3.627558e-05
-1.627159e-05
-3.905008e-04
6.057570e-04
-9.762576e-05
-3.254174e-04
-9.762576e-05
-8.508808e-05
6.057570e-04
-3.584381e-04
-2.928826e-05
-1.952508e-04
-2.277993e-05
6.057570e-04
-5.206674e-04
-3.254925e-06
-1.675058e-05
-6.508409e-05
6.057570e-04
-3.584381e-04
-2.928826e-05
-1.952508e-04
-2.277993e-05
6.057570e-04
-3.584381e-04
-2.928826e-05
-1.952508e-04
-2.277993e-05
6.057570e-04
-3.584381e-04
-2.928826e-05
-1.952508e-04
-2.277993e-05
6.057570e-04
-9.762576e-05
-3.254174e-04
-9.762576e-05
-8.508808e-05
6.057570e-04
-9.810076e-05
-2.663198e-03
-9.703201e-05
2.252573e-03
6.057570e-04
-3.584381e-04
-2.928826e-05
-1.952508e-04
-2.277993e-05
6.057570e-04
-1.627091e-04
-3.627558e-05
-1.627159e-05
-3.905008e-04
6.057570e-04
-3.584381e-04
-2.928826e-05
-1.952508e-04
-2.277993e-05
6.057570e-04
-3.105065e-03
-1.089492e-04
-4.052022e-04
3.013459e-03
6.057570e-04
-1.627091e-04
-3.627558e-05
-1.627159e-05
-3.905008e-04
6.057570e-04
-3.584381e-04
-2.928826e-05
-1.952508e-04
-2.277993e-05
6.057570e-04
-1.627091e-04
-3.627558e-05
-1.627159e-05
-3.905008e-04
6.057570e-04
-3.584381e-04
-2.928826e-05
-1.952508e-04
-2.277993e-05
6.057570e-04
-9.762576e-05
-3.254174e-04
-9.762576e-05
-8.508808e-05
6.057570e-04
-3.584381e-04
-2.928826e-05
-1.952508e-04
-2.277993e-05
6.057570e-04
-5.206674e-04
-3.254925e-06
-1.675058e-05
-6.508409e-05
6.057570e-04
-1.627091e-04
-3.627558e-05
-1.627159e-05
-3.905008e-04
6.057570e-04
-9.762576e-05
-3.254174e-04
-9.762576e-05
-8.508808e-05
6.057570e-04
-9.762576e-05
-3.254174e-04
-9.762576e-05
-8.508808e-05
6.057570e-04
-9.762576e-05
-3.254174e-04
-9.762576e-05
-8.508808e-05
6.057570e-04
-3.584381e-04
-2.928826e-05
-1.952508e-04
-2.277993e-05
-3.330000e-08
-1.660250e-04
-3.993409e-03
-1.724375e-05
4.176711e-03
-3.330000e-08
-1.097583e-04
-3.254925e-04
1.375468e-03
-9.401841e-04
-6.874710e-04
-2.620944e-05
-1.952750e-07
7.171796e-04
-3.303886e-06
-6.874710e-04
7.000005e-04
-1.504164e-06
-9.848331e-06
-1.176942e-06
-6.874710e-04
-2.620944e-05
-1.952750e-07
7.171796e-04
-3.303886e-06
-6.874710e-04
7.000005e-04
-1.504164e-06
-9.848331e-06
-1.176942e-06
-6.874710e-04
-8.212219e-06
7.161980e-04
-8.497194e-07
-1.966500e-05
-6.874710e-04
7.000005e-04
-1.504164e-06
-9.848331e-06
-1.176942e-06
-6.874710e-04
-4.939997e-06
-1.639278e-05
-4.939997e-06
7.137438e-04
-6.874710e-04
-8.212219e-06
7.161980e-04
-8.497194e-07
-1.966500e-05
-6.874710e-04
7.000005e-04
-1.504164e-06
-9.848331e-06
-1.176942e-06
-6.874710e-04
-2.620944e-05
-1.952750e-07
7.171796e-04
-3.303886e-06
-6.874710e-04
7.000005e-04
-1.504164e-06
-9.848331e-06
-1.176942e-06
-6.874710e-04
-8.212219e-06
7.161980e-04
-8.497194e-07
-1.966500e-05
-6.874710e-04
-2.620944e-05
-1.952750e-07
7.171796e-04
-3.303886e-06
-6.874710e-04
7.000005e-04
-1.504164e-06
-9.848331e-06
-1.176942e-06
-6.874710e-04
7.000005e-04
-1.504164e-06
-9.848331e-06
-1.176942e-06
-6.874710e-04
7.000005e-04
-1.504164e-06
-9.848331e-06
-1.176942e-06
-6.874710e-04
7.000005e-04
-1.504164e-06
-9.848331e-06
-1.176942e-06
-6.874710e-04
-8.212219e-06
7.161980e-04
-8.497194e-07
-1.966500e-05
-6.874710e-04
7.000005e-04
-1.504164e-06
-9.848331e-06
-1.176942e-06
-6.874710e-04
7.000005e-04
-1.504164e-06
-9.848331e-06
-1.176942e-06
-6.874710e-04
-4.939997e-06
-1.639278e-05
-4.939997e-06
7.137438e-04
-3.330000e-08
-1.555914e-03
-5.001111e-06
1.624833e-03
-6.388444e-05
-3.330000e-08
1.744025e-04
-2.970333e-05
-1.209226e-04
-2.374333e-05
-3.330000e-08
2.842068e-02
-1.988556e-05
-2.836106e-02
-3.969722e-05
-3.330000e-08
-1.500883e-04
-2.926778e-05
2.038405e-04
-2.445111e-05
-3.330000e-08
9.438257e-03
-1.602333e-05
-9.376227e-03
-4.597333e-05
-3.330000e-08
-1.263655e-03
-2.936333e-05
1.317348e-03
-2.429583e-05
-3.330000e-08
1.370211e-03
-5.284639e-05
-1.922583e-04
-1.125073e-03
-1.329933e-04
-9.762576e-05
-3.254174e-04
-9.762576e-05
6.536623e-04
-1.329933e-04
3.803123e-04
-2.928826e-05
-1.952508e-04
-2.277993e-05
-1.329933e-04
-9.762576e-05
-3.254174e-04
-9.762576e-05
6.536623e-04
-1.329933e-04
3.803123e-04
-2.928826e-05
-1.952508e-04
-2.277993e-05
-1.329933e-04
3.803123e-04
-2.928826e-05
-1.952508e-04
-2.277993e-05
-1.329933e-04
3.803123e-04
-2.928826e-05
-1.952508e-04
-2.277993e-05
-1.329933e-04
-1.627091e-04
7.024748e-04
-1.627159e-05
-3.905008e-04
-1.329933e-04
3.803123e-04
-2.928826e-05
-1.952508e-04
-2.277993e-05
-1.329933e-04
-9.762576e-05
-3.254174e-04
-9.762576e-05
6.536623e-04
-1.329933e-04
-5.206674e-04
-3.254925e-06
7.219998e-04
-6.508409e-05
-1.329933e-04
-9.762576e-05
-3.254174e-04
-9.762576e-05
6.536623e-04
-1.329933e-04
-5.206674e-04
-3.254925e-06
7.219998e-04
-6.508409e-05
-1.329933e-04
-5.206674e-04
-3.254925e-06
7.219998e-04
-6.508409e-05
-1.329933e-04
-1.627091e-04
7.024748e-04
-1.627159e-05
-3.905008e-04
-1.329933e-04
3.803123e-04
-2.928826e-05
-1.952508e-04
-2.277993e-05
-1.329933e-04
-5.206674e-04
-3.254925e-06
7.219998e-04
-6.508409e-05
-1.329933e-04
-5.206674e-04
-3.254925e-06
7.219998e-04
-6.508409e-05
-1.329933e-04
-5.206674e-04
-3.254925e-06
7.219998e-04
-6.508409e-05
-1.329933e-04
-5.206674e-04
-3.254925e-06
7.219998e-04
-6.508409e-05
-1.329933e-04
-5.206674e-04
-3.254925e-06
7.219998e-04
-6.508409e-05
-1.329933e-04
-9.762576e-05
-3.254174e-04
-9.762576e-05
6.536623e-04
-1.329933e-04
3.803123e-04
-2.928826e-05
-1.952508e-04
-2.277993e-05
-1.329933e-04
-5.206674e-04
-3.254925e-06
7.219998e-04
-6.508409e-05
-1.329933e-04
-5.206674e-04
-3.254925e-06
7.219998e-04
-6.508409e-05
-1.329933e-04
3.803123e-04
-2.928826e-05
-1.952508e-04
-2.277993e-05
-1.329933e-04
-1.627091e-04
7.024748e-04
-1.627159e-05
-3.905008e-04
-1.329933e-04
-5.206674e-04
-3.254925e-06
7.219998e-04
-6.508409e-05
-1.329933e-04
3.803123e-04
-2.928826e-05
-1.952508e-04
-2.277993e-05
-1.329933e-04
-5.206674e-04
-3.254925e-06
7.219998e-04
-6.508409e-05
-1.329933e-04
-1.627091e-04
7.024748e-04
-1.627159e-05
-3.905008e-04
-1.329933e-04
3.803123e-04
-2.928826e-05
-1.952508e-04
-2.277993e-05
-1.329933e-04
3.803123e-04
-2.928826e-05
-1.952508e-04
-2.277993e-05
-1.329933e-04
-9.762576e-05
-3.254174e-04
-9.762576e-05
6.536623e-04
-1.329933e-04
3.803123e-04
-2.928826e-05
-1.952508e-04
-2.277993e-05
-1.329933e-04
-9.762576e-05
-3.254174e-04
-9.762576e-05
6.536623e-04
-1.329933e-04
3.803123e-04
-2.928826e-05
-1.952508e-04
-2.277993e-05
-1.329933e-04
-9.762576e-05
-3.254174e-04
-9.762576e-05
6.536623e-04
-1.329933e-04
-5.206674e-04
-3.254925e-06
7.219998e-04
-6.508409e-05
-1.329933e-04
-1.627091e-04
7.024748e-04
-1.627159e-05
-3.905008e-04
-1.329933e-04
-1.627091e-04
7.024748e-04
-1.627159e-05
-3.905008e-04
-1.329933e-04
-1.627091e-04
7.024748e-04
-1.627159e-05
-3.905008e-04
-1.329933e-04
-1.627091e-04
7.024748e-04
-1.627159e-05
-3.905008e-04
-1.329933e-04
-9.762576e-05
-3.254174e-04
-9.762576e-05
6.536623e-04
-3.330000e-08
-7.663369e-03
-2.947222e-05
7.716994e-03
-2.411889e-05
-3.330000e-08
-1.011444e-04
6.106366e-04
-9.834444e-05
-4.111144e-04
-3.330000e-08
1.333923e-03
-2.985333e-05
-1.280537e-03
-2.349958e-05
-3.330000e-08
-2.945433e-04
-4.078788e-06
3.640386e-04
-6.538322e-05
-3.330000e-08
5.881029e-03
-4.325556e-06
-5.811688e-03
-6.498222e-05
-3.330000e-08
-3.472841e-03
4.380575e-03
-8.654683e-04
-4.223333e-05
-3.330000e-08
-3.020367e-03
-2.943667e-05
3.074013e-03
-2.417667e-05
-3.330000e-08
-1.647444e-04
3.400574e-03
-1.884444e-05
-3.216951e-03
-3.330000e-08
3.074327e-03
-2.926778e-05
-3.020575e-03
-2.445111e-05
-3.330000e-08
2.048403e-03
-2.759667e-05
-1.993606e-03
-2.716667e-05
-3.330000e-08
-1.623222e-04
-4.221144e-03
-2.187222e-05
4.405371e-03
-3.330000e-08
-5.229417e-04
-1.083750e-05
-4.741207e-04
1.007933e-03
-3.330000e-08
-8.256665e-04
-2.936333e-05
8.793590e-04
-2.429583e-05
-3.330000e-08
1.771462e-03
-3.520000e-06
-1.701618e-03
-6.629125e-05
-3.330000e-08
-2.871506e-03
-3.520000e-06
2.941351e-03
-6.629125e-05
-3.330000e-08
-7.106001e-04
-2.875667e-05
7.646717e-04
-2.528167e-05
-3.330000e-08
5.459798e-04
-3.936667e-06
-4.763957e-04
-6.561417e-05
-3.330000e-08
-3.622290e-04
5.897706e-04
-1.956292e-04
-3.187917e-05
-3.330000e-08
2.313558e-03
-2.066184e-03
-1.768222e-04
-7.051889e-05
-3.330000e-08
-1.945221e-03
-2.856556e-05
1.999413e-03
-2.559222e-05
-3.330000e-08
-1.389604e-03
-2.947222e-05
1.443228e-03
-2.411889e-05
-3.330000e-08
3.294381e-03
-3.596667e-06
-3.224585e-03
-6.616667e-05
-3.330000e-08
6.970855e-04
-3.446667e-06
-6.271951e-04
-6.641042e-05
-3.330000e-08
-1.660250e-04
-1.722405e-03
-1.724375e-05
1.905707e-03
-3.330000e-08
4.042466e-03
-3.520000e-06
-3.972622e-03
-6.629125e-05
-3.330000e-08
-1.662083e-04
1.663025e-03
-1.701458e-05
-1.479768e-03
-3.330000e-08
-1.054358e-04
-3.287843e-04
-3.227367e-03
3.661620e-03
-3.330000e-08
-1.097583e-04
-3.254925e-04
9.769840e-04
-5.416998e-04
7.182962e-04
-4.677485e-04
-2.967033e-05
-1.978003e-04
-2.307700e-05
7.182962e-04
-5.274670e-04
-3.297000e-06
-1.215985e-04
-6.593367e-05
7.182962e-04
-1.635892e-04
-8.060288e-03
-1.803922e-05
7.523620e-03
7.182962e-04
-4.677485e-04
-2.967033e-05
-1.978003e-04
-2.307700e-05
7.182962e-04
-4.677485e-04
-2.967033e-05
-1.978003e-04
-2.307700e-05
7.182962e-04
-9.890033e-05
-3.296670e-04
-9.890033e-05
-1.908285e-04
7.182962e-04
-9.890033e-05
-3.296670e-04
-9.890033e-05
-1.908285e-04
7.182962e-04
-9.890033e-05
-3.296670e-04
-9.890033e-05
-1.908285e-04
7.182962e-04
-5.274670e-04
-3.297000e-06
-1.215985e-04
-6.593367e-05
7.182962e-04
-1.648337e-04
-1.413785e-04
-1.648367e-05
-3.956003e-04
7.182962e-04
-9.890033e-05
-3.296670e-04
-9.890033e-05
-1.908285e-04
7.182962e-04
-5.274670e-04
-3.297000e-06
-1.215985e-04
-6.593367e-05
7.182962e-04
-4.677485e-04
-2.967033e-05
-1.978003e-04
-2.307700e-05
7.182962e-04
-5.274670e-04
-3.297000e-06
-1.215985e-04
-6.593367e-05
7.182962e-04
-4.677485e-04
-2.967033e-05
-1.978003e-04
-2.307700e-05
7.182962e-04
-5.274670e-04
-3.297000e-06
-1.215985e-04
-6.593367e-05
7.182962e-04
-1.648337e-04
-1.413785e-04
-1.648367e-05
-3.956003e-04
7.182962e-04
-9.890033e-05
-3.296670e-04
-9.890033e-05
-1.908285e-04
7.182962e-04
-4.677485e-04
-2.967033e-05
-1.978003e-04
-2.307700e-05
7.182962e-04
-9.890033e-05
-3.296670e-04
-9.890033e-05
-1.908285e-04
7.182962e-04
-4.677485e-04
-2.967033e-05
-1.978003e-04
-2.307700e-05
7.182962e-04
-5.274670e-04
-3.297000e-06
-1.215985e-04
-6.593367e-05
7.182962e-04
-4.677485e-04
-2.967033e-05
-1.978003e-04
-2.307700e-05
7.182962e-04
-5.231337e-04
-6.597000e-06
-1.089623e-03
9.010573e-04
7.182962e-04
-2.627402e-04
-6.203667e-06
-3.881420e-04
-6.121033e-05
7.182962e-04
-1.648337e-04
-1.413785e-04
-1.648367e-05
-3.956003e-04
7.182962e-04
-5.274670e-04
-3.297000e-06
-1.215985e-04
-6.593367e-05
7.182962e-04
-1.648337e-04
-1.413785e-04
-1.648367e-05
-3.956003e-04
7.182962e-04
-4.677485e-04
-2.967033e-05
-1.978003e-04
-2.307700e-05
7.182962e-04
-4.035375e-03
-2.955367e-05
3.369899e-03
-2.326658e-05
7.182962e-04
-1.648337e-04
-1.413785e-04
-1.648367e-05
-3.956003e-04
7.182962e-04
-4.677485e-04
-2.967033e-05
-1.978003e-04
-2.307700e-05
7.182962e-04
-5.274670e-04
-3.297000e-06
-1.215985e-04
-6.593367e-05
7.182962e-04
-1.648337e-04
-1.413785e-04
-1.648367e-05
-3.956003e-04
7.182962e-04
-4.677485e-04
-2.967033e-05
-1.978003e-04
-2.307700e-05
7.182962e-04
-9.896397e-05
-2.332726e-03
-9.882079e-05
1.812215e-03
7.182962e-04
-4.677485e-04
-2.967033e-05
-1.978003e-04
-2.307700e-05
7.182962e-04
-9.890033e-05
-3.296670e-04
-9.890033e-05
-1.908285e-04
7.182962e-04
-5.274670e-04
-3.297000e-06
-1.215985e-04
-6.593367e-05
7.182962e-04
-9.890033e-05
-3.296670e-04
-9.890033e-05
-1.908285e-04
7.182962e-04
-9.890033e-05
-3.296670e-04
-9.890033e-05
-1.908285e-04
7.182962e-04
-5.274670e-04
-3.297000e-06
-1.215985e-04
-6.593367e-05
7.182962e-04
-1.648337e-04
-1.413785e-04
-1.648367e-05
-3.956003e-04
7.182962e-04
-4.677485e-04
-2.967033e-05
-1.978003e-04
-2.307700e-05
7.182962e-04
-2.110466e-03
-2.917256e-05
1.445228e-03
-2.388589e-05
7.182962e-04
-1.648337e-04
-1.413785e-04
-1.648367e-05
-3.956003e-04
7.182962e-04
-9.890033e-05
-3.296670e-04
-9.890033e-05
-1.908285e-04
7.182962e-04
-1.648337e-04
-1.413785e-04
-1.648367e-05
-3.956003e-04
7.182962e-04
-4.677485e-04
-2.967033e-05
-1.978003e-04
-2.307700e-05
7.182962e-04
-1.648337e-04
-1.413785e-04
-1.648367e-05
-3.956003e-04
7.182962e-04
-5.274670e-04
-3.297000e-06
-1.215985e-04
-6.593367e-05
7.182962e-04
-5.274670e-04
-3.297000e-06
-1.215985e-04
-6.593367e-05
7.182962e-04
-9.890033e-05
-3.296670e-04
-9.890033e-05
-1.908285e-04
7.182962e-04
-1.648337e-04
-1.413785e-04
-1.648367e-05
-3.956003e-04
7.182962e-04
-9.890033e-05
-3.296670e-04
-9.890033e-05
-1.908285e-04
7.182962e-04
-5.274670e-04
-3.297000e-06
-1.215985e-04
-6.593367e-05
7.182962e-04
-5.274670e-04
-3.297000e-06
-1.215985e-04
-6.593367e-05
7.182962e-04
-5.274670e-04
-3.297000e-06
-1.215985e-04
-6.593367e-05
7.182962e-04
-5.274670e-04
-3.297000e-06
-1.215985e-04
-6.593367e-05
7.182962e-04
-1.648337e-04
-1.413785e-04
-1.648367e-05
-3.956003e-04
7.182962e-04
-4.677485e-04
-2.967033e-05
-1.978003e-04
-2.307700e-05
7.182962e-04
-9.890033e-05
-3.296670e-04
-9.890033e-05
-1.908285e-04
7.182962e-04
-9.890033e-05
-3.296670e-04
-9.890033e-05
-1.908285e-04
7.182962e-04
-4.677485e-04
-2.967033e-05
-1.978003e-04
-2.307700e-05
7.182962e-04
-4.677485e-04
-2.967033e-05
-1.978003e-04
-2.307700e-05
7.182962e-04
-4.677485e-04
-2.967033e-05
-1.978003e-04
-2.307700e-05
7.182962e-04
-1.648337e-04
-1.413785e-04
-1.648367e-05
-3.956003e-04
7.182962e-04
-4.677485e-04
-2.967033e-05
-1.978003e-04
-2.307700e-05
7.182962e-04
-5.274670e-04
-3.297000e-06
-1.215985e-04
-6.593367e-05
7.182962e-04
-1.648337e-04
-1.413785e-04
-1.648367e-05
-3.956003e-04
7.182962e-04
-9.890033e-05
-3.296670e-04
-9.890033e-05
-1.908285e-04
7.182962e-04
-1.645420e-04
-1.898466e-03
-1.684825e-05
1.361560e-03
7.182962e-04
-1.648337e-04
-1.413785e-04
-1.648367e-05
-3.956003e-04
7.182962e-04
-4.677485e-04
-2.967033e-05
-1.978003e-04
-2.307700e-05
7.182962e-04
-5.274670e-04
-3.297000e-06
-1.215985e-04
-6.593367e-05
7.182962e-04
9.497971e-04
-3.903667e-06
-1.599242e-03
-6.494783e-05
7.182962e-04
-1.648337e-04
-1.413785e-04
-1.648367e-05
-3.956003e-04
7.182962e-04
1.547656e-03
-2.964488e-05
-2.213189e-03
-2.311836e-05
-3.330000e-08
-1.005667e-04
3.944948e-04
-9.906667e-05
-1.948282e-04
-3.330000e-08
-1.658333e-04
-1.447115e-04
-1.748333e-05
3.280615e-04
-3.330000e-08
-1.647444e-04
-7.768352e-05
-1.884444e-05
2.613057e-04
-3.330000e-08
-1.005667e-04
-7.114386e-04
-9.906667e-05
9.111052e-04
-3.330000e-08
5.459798e-04
-3.936667e-06
-4.763957e-04
-6.561417e-05
6.362981e-04
-9.726754e-05
-3.242231e-04
-9.726754e-05
-1.175400e-04
6.362981e-04
-9.726754e-05
-3.242231e-04
-9.726754e-05
-1.175400e-04
6.362981e-04
-5.187564e-04
-3.243100e-06
-4.945329e-05
-6.484532e-05
6.362981e-04
-5.187564e-04
-3.243100e-06
-4.945329e-05
-6.484532e-05
-3.330000e-08
-1.960482e-03
5.909706e-04
1.403374e-03
-3.382917e-05
-3.330000e-08
-1.263655e-03
-2.936333e-05
1.317348e-03
-2.429583e-05
-3.330000e-08
-3.159977e-03
-2.978000e-05
3.213409e-03
-2.361875e-05
-3.330000e-08
2.124408e-03
-8.494012e-03
-5.411667e-05
6.423754e-03
-3.330000e-08
9.341224e-04
-2.978000e-05
-8.806904e-04
-2.361875e-05
-3.330000e-08
1.618978e-03
-1.207785e-03
-2.147778e-05
-3.896811e-04
-3.330000e-08
-3.622290e-04
5.897706e-04
-1.956292e-04
-3.187917e-05
-3.330000e-08
-3.129842e-03
-3.355455e-06
3.199789e-03
-6.655864e-05
-3.330000e-08
-3.622290e-04
5.897706e-04
-1.956292e-04
-3.187917e-05
1.274498e-04
-1.653127e-04
4.511446e-04
-1.653149e-05
-3.967502e-04
1.274498e-04
-1.653127e-04
4.511446e-04
-1.653149e-05
-3.967502e-04
1.274498e-04
1.238259e-04
-2.975649e-05
-1.983752e-04
-2.314399e-05
1.274498e-04
-5.290002e-04
-3.306487e-06
4.709821e-04
-6.612524e-05
1.274498e-04
-1.653127e-04
4.511446e-04
-1.653149e-05
-3.967502e-04
1.274498e-04
1.238259e-04
-2.975649e-05
-1.983752e-04
-2.314399e-05
1.274498e-04
-5.290002e-04
-3.306487e-06
4.709821e-04
-6.612524e-05
1.274498e-04
-5.290002e-04
-3.306487e-06
4.709821e-04
-6.612524e-05
1.274498e-04
1.238259e-04
-2.975649e-05
-1.983752e-04
-2.314399e-05
1.274498e-04
-4.915164e-04
5.899841e-04
-1.942044e-04
-3.171315e-05
1.274498e-04
-1.653127e-04
4.511446e-04
-1.653149e-05
-3.967502e-04
1.274498e-04
1.238259e-04
-2.975649e-05
-1.983752e-04
-2.314399e-05
1.274498e-04
2.945040e-03
-2.905427e-05
-3.019150e-03
-2.428510e-05
1.274498e-04
1.238259e-04
-2.975649e-05
-1.983752e-04
-2.314399e-05
1.274498e-04
1.238259e-04
-2.975649e-05
-1.983752e-04
-2.314399e-05
1.274498e-04
-9.985440e-05
8.716443e-04
-9.835440e-05
-8.008853e-04
1.274498e-04
-5.290002e-04
-3.306487e-06
4.709821e-04
-6.612524e-05
1.274498e-04
1.238259e-04
-2.975649e-05
-1.983752e-04
-2.314399e-05
1.274498e-04
1.238259e-04
-2.975649e-05
-1.983752e-04
-2.314399e-05
1.274498e-04
-1.653127e-04
4.511446e-04
-1.653149e-05
-3.967502e-04
1.274498e-04
1.238259e-04
-2.975649e-05
-1.983752e-04
-2.314399e-05
1.274498e-04
1.238259e-04
-2.975649e-05
-1.983752e-04
-2.314399e-05
1.274498e-04
-5.290002e-04
-3.306487e-06
4.709821e-04
-6.612524e-05
1.274498e-04
1.238259e-04
-2.975649e-05
-1.983752e-04
-2.314399e-05
1.274498e-04
-9.918774e-05
-3.306252e-04
-9.918774e-05
4.015509e-04
1.274498e-04
-9.918774e-05
-3.306252e-04
-9.918774e-05
4.015509e-04
1.274498e-04
-9.918774e-05
-3.306252e-04
-9.918774e-05
4.015509e-04
1.274498e-04
1.238259e-04
-2.975649e-05
-1.983752e-04
-2.314399e-05
1.274498e-04
-1.631294e-04
1.296611e-03
-1.926065e-05
-1.241670e-03
1.274498e-04
-9.918774e-05
-3.306252e-04
-9.918774e-05
4.015509e-04
1.274498e-04
1.238259e-04
-2.975649e-05
-1.983752e-04
-2.314399e-05
-3.330000e-08
6.970855e-04
-3.446667e-06
-6.271951e-04
-6.641042e-05
-3.330000e-08
-7.656525e-03
7.883277e-03
-1.963778e-04
-3.034111e-05
-3.330000e-08
-2.088695e-03
-3.327105e-04
-9.999545e-05
2.521434e-03
-3.330000e-08
1.120150e-03
-2.978000e-05
-1.066718e-03
-2.361875e-05
-3.330000e-08
-6.478664e-04
-3.936667e-06
7.174505e-04
-6.561417e-05
-3.330000e-08
-1.005667e-04
-7.114386e-04
-9.906667e-05
9.111052e-04
-3.330000e-08
5.892052e-04
-1.908374e-04
-3.363889e-05
-3.646956e-04
-3.330000e-08
-3.129842e-03
-3.355455e-06
3.199789e-03
-6.655864e-05
-3.330000e-08
-2.051149e-03
-2.978000e-05
2.104581e-03
-2.361875e-05
-3.330000e-08
3.625721e-04
-3.596667e-06
-2.927755e-04
-6.616667e-05
-3.330000e-08
-2.737302e-04
-4.298889e-06
3.430880e-04
-6.502556e-05
-3.330000e-08
-1.079889e-04
-3.268400e-04
8.397543e-04
-4.048922e-04
-3.330000e-08
2.100260e-03
-1.876932e-03
-1.996250e-04
-2.366955e-05
-3.330000e-08
-1.652556e-04
9.670727e-04
-1.820556e-05
-7.835783e-04
-3.330000e-08
-1.542020e-03
-2.926778e-05
1.595772e-03
-2.445111e-05
-3.330000e-08
-1.005667e-04
-2.529892e-04
-9.906667e-05
4.526559e-04
-3.330000e-08
-1.649833e-04
-4.989540e-04
-1.854583e-05
6.825165e-04
-3.330000e-08
-1.029875e-04
-3.306488e-04
3.259343e-05
4.010761e-04
-3.330000e-08
-8.686636e-04
-3.936667e-06
9.382477e-04
-6.561417e-05
-3.330000e-08
-8.686636e-04
-3.936667e-06
9.382477e-04
-6.561417e-05
-3.330000e-08
-6.435247e-03
6.689533e-03
-1.702681e-04
-8.398472e-05
-3.330000e-08
-1.016556e-04
1.465556e-03
-9.770556e-05
-1.266162e-03
-3.330000e-08
-1.001917e-04
-2.029165e-03
-9.953542e-05
2.228925e-03
-3.330000e-08
-2.021339e-03
-2.926778e-05
2.075091e-03
-2.445111e-05
-3.330000e-08
-2.614275e-03
-2.978000e-05
2.667707e-03
-2.361875e-05
-3.330000e-08
-1.029875e-04
-3.306488e-04
2.766895e-03
-2.333225e-03
-3.330000e-08
1.933948e-04
-3.596667e-06
-1.235982e-04
-6.616667e-05
-3.330000e-08
-1.003750e-04
2.535315e-03
-9.930625e-05
-2.335600e-03
-3.330000e-08
-8.444122e-04
-2.909667e-05
8.982714e-04
-2.472917e-05
-3.330000e-08
-3.354014e-03
-4.032222e-06
3.423538e-03
-6.545889e-05
-3.330000e-08
-1.253559e-05
2.400772e-04
-1.956292e-04
-3.187917e-05
-3.330000e-08
-5.284667e-04
-6.630000e-06
9.833352e-04
-4.482053e-04
-3.330000e-08
-1.016556e-04
7.362496e-05
-9.770556e-05
1.257694e-04
-3.330000e-08
-6.477646e-03
6.737684e-03
-1.648139e-04
-9.519056e-05
-3.330000e-08
-1.113111e-04
-3.243100e-04
2.172358e-03
-1.736704e-03
-3.330000e-08
-5.291333e-04
9.635277e-04
-3.644277e-04
-6.993333e-05
-3.330000e-08
6.734118e-04
-4.451774e-04
-1.949722e-04
-3.322889e-05
-3.330000e-08
3.625721e-04
-3.596667e-06
-2.927755e-04
-6.616667e-05
6.252204e-04
-3.860049e-04
-2.832932e-05
-1.888518e-04
-2.203432e-05
6.252204e-04
-5.036018e-04
-3.149325e-06
-5.551743e-05
-6.295182e-05
6.252204e-04
-5.036018e-04
-3.149325e-06
-5.551743e-05
-6.295182e-05
6.252204e-04
-1.573768e-04
-7.440243e-05
-1.573932e-05
-3.777018e-04
6.252204e-04
-1.569018e-04
-2.942717e-03
-1.633307e-05
2.490731e-03
6.252204e-04
-3.860049e-04
-2.832932e-05
-1.888518e-04
-2.203432e-05
-2.530946e-03
-1.439799e-04
-9.240250e-07
2.693869e-03
-1.801875e-05
-2.530946e-03
2.599398e-03
-8.121803e-06
-5.400764e-05
-6.322358e-06
-2.530946e-03
-1.439799e-04
-9.240250e-07
2.693869e-03
-1.801875e-05
-3.330000e-08
1.707694e-02
6.499703e-03
-2.341936e-02
-1.572589e-04
-3.330000e-08
-1.818874e-02
8.769766e-03
5.822303e-03
3.596707e-03
-3.330000e-08
-1.655500e-04
-2.965246e-03
-1.783750e-05
3.148667e-03
-3.330000e-08
2.875905e-03
-2.496524e-02
-2.634097e-05
2.211571e-02
-3.330000e-08
-2.051149e-03
-2.978000e-05
2.104581e-03
-2.361875e-05
-3.330000e-08
-8.256665e-04
-2.936333e-05
8.793590e-04
-2.429583e-05
-3.330000e-08
-1.815731e-03
2.040807e-03
-1.979667e-04
-2.707667e-05
-3.330000e-08
-1.001800e-04
6.663945e-03
-9.955000e-05
-6.464182e-03
-3.330000e-08
-3.607123e-04
-3.687083e-05
-1.975250e-04
5.951415e-04
-4.313883e-04
6.777998e-04
-2.918088e-05
-1.945342e-04
-2.269643e-05
-3.330000e-08
-1.001917e-04
1.002346e-02
-9.953542e-05
-9.823704e-03
-3.330000e-08
-1.147465e-03
1.423485e-03
-1.496583e-04
-1.263283e-04
-3.330000e-08
1.341927e-03
-9.300419e-04
-2.082083e-05
-3.910308e-04
-3.330000e-08
-1.036542e-04
6.395089e-04
3.342676e-05
-5.692482e-04
-3.330000e-08
3.681797e-04
-2.936333e-05
-3.144872e-04
-2.429583e-05
-3.330000e-08
-1.649833e-04
3.058352e-04
-1.854583e-05
-1.222728e-04
-2.534479e-03
-9.560893e-03
-4.021290e-06
1.216469e-02
-6.530116e-05
-2.534479e-03
-4.952640e-03
-2.163796e-05
7.545431e-03
-3.667408e-05
-2.534479e-03
-1.860785e-02
1.617676e-02
-1.006592e-04
5.066235e-03
-3.330000e-08
-9.630812e-03
-2.886722e-05
9.684814e-03
-2.510201e-05
-3.330000e-08
-1.066889e-04
-2.826085e-03
-9.141389e-05
3.024221e-03
-3.330000e-08
-1.649833e-04
-2.825176e-03
-1.854583e-05
3.008739e-03
-3.330000e-08
-8.159140e-03
-2.073744e-05
8.218223e-03
-3.831290e-05
-3.330000e-08
1.801356e-03
-2.936333e-05
-1.747663e-03
-2.429583e-05
-3.330000e-08
-7.587354e-03
8.002825e-03
-1.742000e-05
-3.980180e-04
-3.330000e-08
-1.649833e-04
-4.989540e-04
-1.854583e-05
6.825165e-04
-3.330000e-08
-1.662200e-04
-7.833177e-03
-1.700000e-05
8.016430e-03
-3.330000e-08
1.262333e-03
-4.032222e-06
-1.192809e-03
-6.545889e-05
-3.330000e-08
-5.284667e-04
-6.630000e-06
-1.468914e-03
2.004044e-03
-3.330000e-08
-9.078924e-05
-2.216890e-04
-1.931667e-05
3.318282e-04
-3.330000e-08
-1.663375e-04
3.300835e-03
-1.685312e-05
-3.117611e-03
-3.330000e-08
-2.087726e-05
-2.936333e-05
7.456973e-05
-2.429583e-05
-3.330000e-08
-1.658333e-04
-3.138888e-04
-1.748333e-05
4.972388e-04
-3.330000e-08
1.631170e-03
-5.972222e-06
-1.562858e-03
-6.230639e-05
-3.330000e-08
-1.658333e-04
-1.447115e-04
-1.748333e-05
3.280615e-04
-3.330000e-08
-2.021339e-03
-2.926778e-05
2.075091e-03
-2.445111e-05
-3.330000e-08
-4.730815e-04
-2.970333e-05
5.265615e-04
-2.374333e-05
-3.330000e-08
-1.005667e-04
-7.114386e-04
-9.906667e-05
9.111052e-04
-3.330000e-08
-3.121051e-03
-4.032222e-06
3.190576e-03
-6.545889e-05
-3.330000e-08
8.587302e-04
-4.730097e-04
-4.563194e-05
-3.400553e-04
-3.330000e-08
-4.730815e-04
-2.970333e-05
5.265615e-04
-2.374333e-05
-3.330000e-08
-6.160716e-03
-2.897444e-05
6.214652e-03
-2.492778e-05
-3.330000e-08
6.970855e-04
-3.446667e-06
-6.271951e-04
-6.641042e-05
-3.330000e-08
-1.662083e-04
-1.174304e-03
-1.701458e-05
1.357560e-03
-3.330000e-08
-9.281587e-03
-3.442000e-06
9.351481e-03
-6.641800e-05
-3.330000e-08
-1.016556e-04
1.465556e-03
-9.770556e-05
-1.266162e-03
-3.330000e-08
-2.506159e-03
-3.355455e-06
2.576106e-03
-6.655864e-05
-3.330000e-08
-1.662083e-04
2.746541e-03
-1.701458e-05
-2.563285e-03
-3.330000e-08
3.657015e-03
-3.242665e-03
-1.848333e-05
-3.958333e-04
-3.330000e-08
4.084099e-04
-3.827778e-06
-3.387577e-04
-6.579111e-05
-3.330000e-08
7.806738e-03
7.928718e-05
-9.957222e-05
-7.786420e-03
-3.330000e-08
-1.005667e-04
6.371577e-04
-9.906667e-05
-4.374910e-04
-3.330000e-08
-3.716914e-03
-3.395000e-06
3.786836e-03
-6.649437e-05
-3.330000e-08
-1.647444e-04
3.400574e-03
-1.884444e-05
-3.216951e-03
1.025331e-04
-5.322909e-04
-3.326850e-06
4.996210e-04
-6.653640e-05
1.025331e-04
1.503051e-04
-2.994140e-05
-1.996091e-04
-2.328776e-05
1.025331e-04
-9.980458e-05
-3.326819e-04
-9.980458e-05
4.297579e-04
1.025331e-04
-5.322909e-04
-3.326850e-06
4.996210e-04
-6.653640e-05
1.025331e-04
-1.663409e-04
4.796601e-04
-1.663412e-05
-3.992182e-04
1.025331e-04
-9.980458e-05
-3.326819e-04
-9.980458e-05
4.297579e-04
1.025331e-04
-5.322909e-04
-3.326850e-06
4.996210e-04
-6.653640e-05
1.025331e-04
-1.663409e-04
4.796601e-04
-1.663412e-05
-3.992182e-04
1.025331e-04
1.503051e-04
-2.994140e-05
-1.996091e-04
-2.328776e-05
1.025331e-04
-9.980458e-05
-3.326819e-04
-9.980458e-05
4.297579e-04
1.025331e-04
1.503051e-04
-2.994140e-05
-1.996091e-04
-2.328776e-05
1.025331e-04
-9.980458e-05
-3.326819e-04
-9.980458e-05
4.297579e-04
1.025331e-04
1.503051e-04
-2.994140e-05
-1.996091e-04
-2.328776e-05
1.025331e-04
1.503051e-04
-2.994140e-05
-1.996091e-04
-2.328776e-05
1.025331e-04
-5.322909e-04
-3.326850e-06
4.996210e-04
-6.653640e-05
1.025331e-04
-1.663409e-04
4.796601e-04
-1.663412e-05
-3.992182e-04
1.025331e-04
1.503051e-04
-2.994140e-05
-1.996091e-04
-2.328776e-05
1.025331e-04
-5.322909e-04
-3.326850e-06
4.996210e-04
-6.653640e-05
1.025331e-04
-1.663409e-04
4.796601e-04
-1.663412e-05
-3.992182e-04
1.025331e-04
-9.980458e-05
-3.326819e-04
-9.980458e-05
4.297579e-04
1.025331e-04
-5.322909e-04
-3.326850e-06
4.996210e-04
-6.653640e-05
1.025331e-04
-1.663409e-04
4.796601e-04
-1.663412e-05
-3.992182e-04
1.025331e-04
-9.980458e-05
-3.326819e-04
-9.980458e-05
4.297579e-04
1.025331e-04
-9.980458e-05
-3.326819e-04
-9.980458e-05
4.297579e-04
1.025331e-04
-9.980458e-05
-3.326819e-04
-9.980458e-05
4.297579e-04
1.025331e-04
-9.980458e-05
-3.326819e-04
-9.980458e-05
4.297579e-04
1.025331e-04
-1.663409e-04
4.796601e-04
-1.663412e-05
-3.992182e-04
1.025331e-04
-5.322909e-04
-3.326850e-06
4.996210e-04
-6.653640e-05
1.025331e-04
-1.658659e-04
-2.388654e-03
-1.722787e-05
2.469215e-03
1.025331e-04
-1.663409e-04
4.796601e-04
-1.663412e-05
-3.992182e-04
1.025331e-04
-9.980458e-05
-3.326819e-04
-9.980458e-05
4.297579e-04
1.025331e-04
-5.322909e-04
-3.326850e-06
4.996210e-04
-6.653640e-05
1.025331e-04
-9.980458e-05
-3.326819e-04
-9.980458e-05
4.297579e-04
1.025331e-04
1.503051e-04
-2.994140e-05
-1.996091e-04
-2.328776e-05
1.025331e-04
-1.663409e-04
4.796601e-04
-1.663412e-05
-3.992182e-04
1.025331e-04
-9.980458e-05
-3.326819e-04
-9.980458e-05
4.297579e-04
1.025331e-04
-5.322909e-04
-3.326850e-06
4.996210e-04
-6.653640e-05
-6.092331e-05
-5.313682e-04
-3.638700e-06
2.648095e-03
-2.052165e-03
-6.092331e-05
-5.317819e-04
-3.323700e-06
6.625017e-04
-6.647279e-05
-6.092331e-05
-9.970915e-05
-3.323637e-04
-9.970915e-05
5.927053e-04
-6.092331e-05
-1.661819e-04
6.425599e-04
-1.661825e-05
-3.988364e-04
-6.092331e-05
-9.970915e-05
-3.323637e-04
-9.970915e-05
5.927053e-04
-6.092331e-05
-1.661819e-04
6.425599e-04
-1.661825e-05
-3.988364e-04
-6.092331e-05
-9.970915e-05
-3.323637e-04
-9.970915e-05
5.927053e-04
-6.092331e-05
-1.661819e-04
6.425599e-04
-1.661825e-05
-3.988364e-04
-6.092331e-05
-9.970915e-05
-3.323637e-04
-9.970915e-05
5.927053e-04
-6.092331e-05
3.135199e-04
-2.991279e-05
-1.994182e-04
-2.326552e-05
-6.092331e-05
-5.317819e-04
-3.323700e-06
6.625017e-04
-6.647279e-05
-6.092331e-05
-5.317819e-04
-3.323700e-06
6.625017e-04
-6.647279e-05
-6.092331e-05
-9.970915e-05
-3.323637e-04
-9.970915e-05
5.927053e-04
-6.092331e-05
3.135199e-04
-2.991279e-05
-1.994182e-04
-2.326552e-05
-6.092331e-05
-5.317819e-04
-3.323700e-06
6.625017e-04
-6.647279e-05
-6.092331e-05
3.135199e-04
-2.991279e-05
-1.994182e-04
-2.326552e-05
-6.092331e-05
-1.661819e-04
6.425599e-04
-1.661825e-05
-3.988364e-04
-6.092331e-05
-1.661819e-04
6.425599e-04
-1.661825e-05
-3.988364e-04
-6.092331e-05
3.135199e-04
-2.991279e-05
-1.994182e-04
-2.326552e-05
-6.092331e-05
-5.317819e-04
-3.323700e-06
6.625017e-04
-6.647279e-05
-6.092331e-05
3.135199e-04
-2.991279e-05
-1.994182e-04
-2.326552e-05
-6.092331e-05
-9.970915e-05
-3.323637e-04
-9.970915e-05
5.927053e-04
-6.092331e-05
-1.661819e-04
6.425599e-04
-1.661825e-05
-3.988364e-04
-6.092331e-05
-9.970915e-05
-3.323637e-04
-9.970915e-05
5.927053e-04
-6.092331e-05
-5.317819e-04
-3.323700e-06
6.625017e-04
-6.647279e-05
-6.092331e-05
3.135199e-04
-2.991279e-05
-1.994182e-04
-2.326552e-05
-8.000511e-04
-5.312728e-04
-3.320550e-06
1.401054e-03
-6.640919e-05
-8.000511e-04
-1.660228e-04
1.381131e-03
-1.660237e-05
-3.984546e-04
-8.000511e-04
-1.660228e-04
1.381131e-03
-1.660237e-05
-3.984546e-04
-8.000511e-04
-9.961373e-05
-3.320456e-04
-9.961373e-05
1.331324e-03
-8.000511e-04
-5.312728e-04
-3.320550e-06
1.401054e-03
-6.640919e-05
-8.000511e-04
-5.312728e-04
-3.320550e-06
1.401054e-03
-6.640919e-05
-8.000511e-04
-5.312728e-04
-3.320550e-06
1.401054e-03
-6.640919e-05
-8.000511e-04
1.052406e-03
-2.988419e-05
-1.992274e-04
-2.324328e-05
-8.000511e-04
-5.312728e-04
-3.320550e-06
1.401054e-03
-6.640919e-05
-8.000511e-04
-1.660228e-04
1.381131e-03
-1.660237e-05
-3.984546e-04
-8.000511e-04
-9.961373e-05
-3.320456e-04
-9.961373e-05
1.331324e-03
-8.000511e-04
-1.660228e-04
1.381131e-03
-1.660237e-05
-3.984546e-04
-8.000511e-04
-9.961373e-05
-3.320456e-04
-9.961373e-05
1.331324e-03
-8.000511e-04
-1.660228e-04
1.381131e-03
-1.660237e-05
-3.984546e-04
-8.000511e-04
-9.961373e-05
-3.320456e-04
-9.961373e-05
1.331324e-03
-8.000511e-04
-5.312728e-04
-3.320550e-06
1.401054e-03
-6.640919e-05
-8.000511e-04
-5.312728e-04
-3.320550e-06
1.401054e-03
-6.640919e-05
-8.000511e-04
-1.660228e-04
1.381131e-03
-1.660237e-05
-3.984546e-04
-8.000511e-04
-9.961373e-05
-3.320456e-04
-9.961373e-05
1.331324e-03
-8.000511e-04
1.052406e-03
-2.988419e-05
-1.992274e-04
-2.324328e-05
1.286680e-03
-9.880605e-05
-3.293526e-04
-9.880605e-05
-7.597156e-04
1.286680e-03
-1.646765e-04
-7.103127e-04
-1.646798e-05
-3.952231e-04
-5.608668e-04
-9.871062e-05
-3.290345e-04
-9.871062e-05
1.087323e-03
-5.608668e-04
-5.264549e-04
-3.290738e-06
1.156420e-03
-6.580721e-05
-5.608668e-04
-5.264549e-04
-3.290738e-06
1.156420e-03
-6.580721e-05
-6.537747e-03
1.590690e-01
