-4.380000e-08
4.595716e-04
-5.416000e-06
-3.681953e-04
-8.591650e-05
-4.380000e-08
-3.839288e-04
9.200176e-04
-3.276250e-05
-5.032825e-04
-4.380000e-08
-1.979441e-04
-4.898000e-06
2.896441e-04
-8.675825e-05
-4.380000e-08
-2.144875e-04
-3.231419e-04
-2.754063e-05
5.652138e-04
-4.380000e-08
-2.138200e-04
6.390235e-04
-2.837500e-05
-3.967847e-04
-4.380000e-08
-1.326950e-04
9.586823e-05
-1.297813e-04
1.666518e-04
-4.380000e-08
-2.691474e-03
-2.957800e-05
2.767749e-03
-4.665325e-05
-4.380000e-08
-3.756470e-03
4.063060e-03
-2.503906e-04
-5.615563e-05
-4.380000e-08
6.698233e-03
-2.737500e-05
-6.620581e-03
-5.023313e-05
-4.380000e-08
3.817920e-04
-5.416000e-06
-2.904157e-04
-8.591650e-05
-4.380000e-08
5.564828e-03
-3.936750e-05
-5.494672e-03
-3.074531e-05
-4.380000e-08
-9.068380e-05
-4.898000e-06
1.823839e-04
-8.675825e-05
-4.380000e-08
-2.771924e-04
-3.890200e-05
3.476399e-04
-3.150175e-05
-4.380000e-08
4.114315e-04
-4.321078e-04
-1.333425e-04
1.540626e-04
-4.380000e-08
-4.912268e-03
-3.916333e-05
4.982552e-03
-3.107708e-05
-4.380000e-08
6.272732e-03
-4.001719e-05
-2.626031e-04
-5.970068e-03
-4.380000e-08
-6.999469e-04
-5.029688e-06
6.044414e-03
-5.339393e-03
-4.380000e-08
-1.495510e-04
-4.898000e-06
2.412511e-04
-8.675825e-05
-4.380000e-08
-5.562485e-04
-4.898000e-06
6.479486e-04
-8.675825e-05
-4.380000e-08
-2.761988e-04
-3.890200e-05
3.466464e-04
-3.150175e-05
-4.380000e-08
-2.144875e-04
-3.231419e-04
-2.754063e-05
5.652138e-04
-4.380000e-08
-2.131925e-04
1.519904e-04
-2.915937e-05
9.040526e-05
-4.380000e-08
5.564828e-03
-3.936750e-05
-5.494672e-03
-3.074531e-05
-4.380000e-08
6.783781e-05
-3.761500e-05
3.414113e-06
-3.359313e-05
-4.380000e-08
-1.326950e-04
1.157742e-04
-1.297813e-04
1.467458e-04
-4.380000e-08
-3.972946e-04
-4.898000e-06
4.889946e-04
-8.675825e-05
-4.380000e-08
1.003445e-03
-5.416000e-06
-9.120684e-04
-8.591650e-05
-4.380000e-08
-2.183583e-04
-3.284575e-03
-2.270208e-05
3.525679e-03
-4.380000e-08
2.452072e-04
-4.174681e-04
-1.381688e-04
3.104735e-04
-4.380000e-08
6.258490e-03
-3.936750e-05
-6.188333e-03
-3.074531e-05
-4.380000e-08
9.597623e-04
-3.468000e-05
-8.866760e-04
-3.836250e-05
-4.380000e-08
4.978526e-04
-1.928938e-04
-2.519375e-04
-5.297750e-05
-4.380000e-08
-2.177050e-04
5.667283e-04
-2.351875e-05
-3.254607e-04
-4.380000e-08
-1.118032e-02
-1.462000e-05
1.126595e-02
-7.096000e-05
-4.380000e-08
-1.694570e-04
-4.898000e-06
2.611571e-04
-8.675825e-05
1.186067e-03
-8.581056e-04
-3.883790e-05
-2.589156e-04
-3.020740e-05
-4.380000e-08
-1.495510e-04
-4.898000e-06
2.412511e-04
-8.675825e-05
-4.380000e-08
-2.183583e-04
-3.284575e-03
-2.270208e-05
3.525679e-03
-4.380000e-08
-2.752518e-04
-4.898000e-06
3.669518e-04
-8.675825e-05
-4.380000e-08
-7.231438e-04
1.029734e-03
-2.503906e-04
-5.615563e-05
-4.380000e-08
-1.547485e-03
-3.581000e-05
1.619865e-03
-3.652625e-05
-4.380000e-08
2.826454e-03
-1.474000e-05
-2.740905e-03
-7.076500e-05
-4.380000e-08
-3.612368e-03
3.424104e-03
3.711695e-04
-1.828613e-04
-4.380000e-08
-5.775607e-04
-3.220000e-05
6.521970e-04
-4.239250e-05
-4.380000e-08
-5.870349e-04
-4.898000e-06
6.787350e-04
-8.675825e-05
-4.380000e-08
-1.326950e-04
-2.381845e-04
-1.297813e-04
5.007045e-04
-4.380000e-08
3.251265e-04
2.186618e-04
-2.546125e-05
-5.182833e-04
2.881832e-04
3.977775e-05
-3.883790e-05
-2.589156e-04
-3.020740e-05
2.881832e-04
-2.157631e-04
4.669875e-04
-2.157690e-05
-5.178306e-04
2.881832e-04
3.977775e-05
-3.883790e-05
-2.589156e-04
-3.020740e-05
2.881832e-04
-2.157631e-04
4.669875e-04
-2.157690e-05
-5.178306e-04
2.881832e-04
-2.157631e-04
4.669875e-04
-2.157690e-05
-5.178306e-04
2.881832e-04
-1.294581e-04
-4.315256e-04
-1.294581e-04
4.022587e-04
2.881832e-04
-6.904406e-04
-4.315898e-06
4.928790e-04
-8.630565e-05
2.881832e-04
-1.294581e-04
-4.315256e-04
-1.294581e-04
4.022587e-04
2.881832e-04
-2.157631e-04
4.669875e-04
-2.157690e-05
-5.178306e-04
2.881832e-04
3.977775e-05
-3.883790e-05
-2.589156e-04
-3.020740e-05
2.881832e-04
3.977775e-05
-3.883790e-05
-2.589156e-04
-3.020740e-05
2.881832e-04
-2.157631e-04
4.669875e-04
-2.157690e-05
-5.178306e-04
2.881832e-04
3.977775e-05
-3.883790e-05
-2.589156e-04
-3.020740e-05
2.881832e-04
-1.294581e-04
-4.315256e-04
-1.294581e-04
4.022587e-04
2.881832e-04
3.977775e-05
-3.883790e-05
-2.589156e-04
-3.020740e-05
2.881832e-04
3.977775e-05
-3.883790e-05
-2.589156e-04
-3.020740e-05
2.881832e-04
-1.294581e-04
-4.315256e-04
-1.294581e-04
4.022587e-04
2.881832e-04
-1.294581e-04
-4.315256e-04
-1.294581e-04
4.022587e-04
2.881832e-04
-6.904406e-04
-4.315898e-06
4.928790e-04
-8.630565e-05
2.881832e-04
-6.904406e-04
-4.315898e-06
4.928790e-04
-8.630565e-05
2.881832e-04
3.977775e-05
-3.883790e-05
-2.589156e-04
-3.020740e-05
2.881832e-04
3.977775e-05
-3.883790e-05
-2.589156e-04
-3.020740e-05
2.881832e-04
-6.904406e-04
-4.315898e-06
4.928790e-04
-8.630565e-05
2.881832e-04
-1.575125e-04
-3.831990e-05
-6.130160e-05
-3.104915e-05
2.881832e-04
3.977775e-05
-3.883790e-05
-2.589156e-04
-3.020740e-05
2.881832e-04
3.977775e-05
-3.883790e-05
-2.589156e-04
-3.020740e-05
2.881832e-04
-1.294581e-04
-4.315256e-04
-1.294581e-04
4.022587e-04
2.881832e-04
3.977775e-05
-3.883790e-05
-2.589156e-04
-3.020740e-05
2.881832e-04
-1.294581e-04
-4.315256e-04
-1.294581e-04
4.022587e-04
2.881832e-04
-6.904406e-04
-4.315898e-06
4.928790e-04
-8.630565e-05
2.881832e-04
-1.294581e-04
-4.315256e-04
-1.294581e-04
4.022587e-04
2.881832e-04
-1.294581e-04
-4.315256e-04
-1.294581e-04
4.022587e-04
2.881832e-04
-6.904406e-04
-4.315898e-06
4.928790e-04
-8.630565e-05
2.881832e-04
3.977775e-05
-3.883790e-05
-2.589156e-04
-3.020740e-05
2.881832e-04
-2.157631e-04
4.669875e-04
-2.157690e-05
-5.178306e-04
2.881832e-04
-1.294581e-04
-4.315256e-04
-1.294581e-04
4.022587e-04
2.881832e-04
-2.157631e-04
4.669875e-04
-2.157690e-05
-5.178306e-04
2.881832e-04
3.977775e-05
-3.883790e-05
-2.589156e-04
-3.020740e-05
2.881832e-04
-6.904406e-04
-4.315898e-06
4.928790e-04
-8.630565e-05
2.881832e-04
-2.157631e-04
4.669875e-04
-2.157690e-05
-5.178306e-04
2.881832e-04
-1.294581e-04
-4.315256e-04
-1.294581e-04
4.022587e-04
2.881832e-04
-1.294581e-04
-4.315256e-04
-1.294581e-04
4.022587e-04
2.881832e-04
-6.904406e-04
-4.315898e-06
4.928790e-04
-8.630565e-05
2.881832e-04
-6.904406e-04
-4.315898e-06
4.928790e-04
-8.630565e-05
2.881832e-04
-2.157631e-04
4.669875e-04
-2.157690e-05
-5.178306e-04
2.881832e-04
-1.294581e-04
-4.315256e-04
-1.294581e-04
4.022587e-04
2.881832e-04
-6.904406e-04
-4.315898e-06
4.928790e-04
-8.630565e-05
2.881832e-04
-2.157631e-04
4.669875e-04
-2.157690e-05
-5.178306e-04
2.881832e-04
3.977775e-05
-3.883790e-05
-2.589156e-04
-3.020740e-05
2.881832e-04
-2.157631e-04
4.669875e-04
-2.157690e-05
-5.178306e-04
2.881832e-04
-1.294581e-04
-4.315256e-04
-1.294581e-04
4.022587e-04
2.881832e-04
-2.157631e-04
4.669875e-04
-2.157690e-05
-5.178306e-04
2.881832e-04
-1.294581e-04
-4.315256e-04
-1.294581e-04
4.022587e-04
2.881832e-04
3.977775e-05
-3.883790e-05
-2.589156e-04
-3.020740e-05
2.881832e-04
3.977775e-05
-3.883790e-05
-2.589156e-04
-3.020740e-05
2.881832e-04
3.977775e-05
-3.883790e-05
-2.589156e-04
-3.020740e-05
2.881832e-04
-1.294581e-04
-4.315256e-04
-1.294581e-04
4.022587e-04
-4.380000e-08
1.636879e-04
-4.321078e-04
-1.333425e-04
4.018061e-04
-4.380000e-08
2.941840e-05
-3.890200e-05
4.102915e-05
-3.150175e-05
-4.380000e-08
-6.574278e-03
-4.432500e-06
6.666269e-03
-8.751469e-05
-4.380000e-08
1.021866e-03
-3.838400e-05
-9.510946e-04
-3.234350e-05
-4.380000e-08
-6.574278e-03
-4.432500e-06
6.666269e-03
-8.751469e-05
-4.380000e-08
-1.339900e-04
-1.121892e-03
-1.281625e-04
1.384088e-03
-4.380000e-08
-1.326950e-04
1.482108e-04
-1.297813e-04
1.143092e-04
-4.380000e-08
-6.333365e-05
-3.784000e-05
1.344449e-04
-3.322750e-05
-4.380000e-08
5.073493e-03
-4.001719e-05
-2.626031e-04
-4.770829e-03
-4.380000e-08
-1.315312e-04
-6.331833e-03
-1.312359e-04
6.594644e-03
-4.380000e-08
1.169243e-04
-3.890200e-05
-4.647672e-05
-3.150175e-05
-4.380000e-08
3.573933e-04
-4.511196e-05
-2.449938e-04
-6.724375e-05
-4.380000e-08
-1.627553e-03
-4.898000e-06
1.719253e-03
-8.675825e-05
-4.380000e-08
-1.398175e-04
-4.315898e-04
4.761039e-04
9.534716e-05
-4.380000e-08
-1.979441e-04
-4.898000e-06
2.896441e-04
-8.675825e-05
-5.002967e-03
4.133960e-03
-3.884300e-05
9.393062e-04
-3.145588e-05
-4.380000e-08
-3.240375e-03
3.776272e-03
-3.294469e-05
-5.029082e-04
-4.380000e-08
5.335021e-03
-5.041136e-03
-2.624391e-04
-3.140156e-05
-4.380000e-08
1.883723e-04
-3.890200e-05
-1.179248e-04
-3.150175e-05
-4.380000e-08
-5.775607e-04
-3.220000e-05
6.521970e-04
-4.239250e-05
-4.380000e-08
-5.775607e-04
-3.220000e-05
6.521970e-04
-4.239250e-05
-4.380000e-08
-1.283729e-03
-3.631200e-05
1.355796e-03
-3.571050e-05
-4.380000e-08
-5.775607e-04
-3.220000e-05
6.521970e-04
-4.239250e-05
-4.380000e-08
-3.972946e-04
-4.898000e-06
4.889946e-04
-8.675825e-05
-4.380000e-08
-1.326950e-04
-4.738236e-04
-1.297813e-04
7.363437e-04
-4.380000e-08
-6.574278e-03
-4.432500e-06
6.666269e-03
-8.751469e-05
-4.380000e-08
-6.999469e-04
-5.029688e-06
5.532704e-03
-4.827684e-03
-4.380000e-08
1.276481e-05
4.778810e-04
-7.585500e-05
-4.147470e-04
-4.380000e-08
-3.705172e-05
3.343110e-04
-2.592388e-04
-3.797675e-05
-4.380000e-08
-2.177050e-04
1.803330e-04
-2.351875e-05
6.093457e-05
-4.380000e-08
-2.177050e-04
3.404156e-04
-2.351875e-05
-9.914802e-05
-4.380000e-08
-1.320417e-04
4.914097e-03
-1.305979e-04
-4.651414e-03
-4.380000e-08
-2.009500e-04
-1.791382e-04
-4.446250e-05
4.245945e-04
-4.380000e-08
-1.326950e-04
9.586823e-05
-1.297813e-04
1.666518e-04
-4.380000e-08
-1.694570e-04
-4.898000e-06
2.611571e-04
-8.675825e-05
-4.380000e-08
-5.427556e-05
-3.838400e-05
1.250469e-04
-3.234350e-05
-4.380000e-08
-2.597940e-03
-3.606100e-05
2.670163e-03
-3.611838e-05
-4.380000e-08
4.761276e-04
-3.784000e-05
-4.050163e-04
-3.322750e-05
-4.380000e-08
-1.531473e-03
-3.631200e-05
1.603539e-03
-3.571050e-05
-4.380000e-08
-2.752518e-04
-4.898000e-06
3.669518e-04
-8.675825e-05
-4.380000e-08
-4.866131e-03
5.161495e-03
-2.610354e-04
-3.428542e-05
-4.380000e-08
-2.752518e-04
-4.898000e-06
3.669518e-04
-8.675825e-05
-4.380000e-08
-6.412006e-04
-5.960000e-06
7.322369e-04
-8.503250e-05
-4.380000e-08
-3.237020e-04
-4.898000e-06
4.154020e-04
-8.675825e-05
-4.380000e-08
-1.398175e-04
-4.315898e-04
4.761039e-04
9.534716e-05
-4.380000e-08
-5.932705e-03
-4.432500e-06
6.024696e-03
-8.751469e-05
-4.380000e-08
5.005887e-04
-4.898000e-06
-4.088887e-04
-8.675825e-05
-4.380000e-08
-1.495510e-04
-4.898000e-06
2.412511e-04
-8.675825e-05
-4.380000e-08
-8.684649e-04
-3.890200e-05
9.389125e-04
-3.150175e-05
-4.380000e-08
-1.398175e-04
-4.315898e-04
8.298078e-05
4.884703e-04
-4.380000e-08
-1.171144e-04
-4.898000e-06
2.088145e-04
-8.675825e-05
-4.380000e-08
1.356335e-04
-3.890200e-05
-6.518596e-05
-3.150175e-05
-4.380000e-08
-1.322531e-04
-4.373503e-04
-4.871280e-03
5.440927e-03
-4.380000e-08
-6.839650e-04
-1.720050e-05
3.541250e-04
3.470843e-04
-4.380000e-08
-2.752394e-03
-3.009600e-05
2.828345e-03
-4.581150e-05
-4.380000e-08
-1.547100e-04
1.974337e-03
-1.022625e-04
-1.717320e-03
-4.380000e-08
-6.412006e-04
-5.960000e-06
7.322369e-04
-8.503250e-05
-4.380000e-08
-1.353500e-04
-3.706981e-04
-1.264625e-04
6.325544e-04
-4.380000e-08
-1.326950e-04
1.746414e-04
-1.297813e-04
8.787860e-05
-4.380000e-08
-5.932705e-03
-4.432500e-06
6.024696e-03
-8.751469e-05
-4.380000e-08
-1.353500e-04
-3.706981e-04
-1.264625e-04
6.325544e-04
-4.380000e-08
-1.322531e-04
-4.373503e-04
-5.382990e-03
5.952637e-03
-4.380000e-08
-4.866131e-03
5.161495e-03
-2.610354e-04
-3.428542e-05
-4.380000e-08
-1.393000e-04
-1.109033e-03
-1.215250e-04
1.369902e-03
-4.380000e-08
1.034550e-03
-1.321200e-05
-9.480458e-04
-7.324800e-05
-4.380000e-08
-1.315312e-04
-6.331833e-03
-1.312359e-04
6.594644e-03
-4.380000e-08
-7.479625e-04
-3.761500e-05
8.192145e-04
-3.359313e-05
-4.380000e-08
-2.177050e-04
5.480190e-04
-2.351875e-05
-3.067515e-04
-4.380000e-08
-9.068380e-05
-4.898000e-06
1.823839e-04
-8.675825e-05
-4.380000e-08
-9.068380e-05
-4.898000e-06
1.823839e-04
-8.675825e-05
3.496115e-04
-3.173562e-05
-3.764447e-05
-2.509520e-04
-2.927948e-05
3.496115e-04
-6.692020e-04
-4.184475e-06
4.074269e-04
-8.365197e-05
3.496115e-04
-6.692020e-04
-4.184475e-06
4.074269e-04
-8.365197e-05
3.496115e-04
-1.254770e-04
-4.182520e-04
-1.254770e-04
3.195944e-04
3.496115e-04
-6.692020e-04
-4.184475e-06
4.074269e-04
-8.365197e-05
3.496115e-04
-3.173562e-05
-3.764447e-05
-2.509520e-04
-2.927948e-05
3.496115e-04
-3.173562e-05
-3.764447e-05
-2.509520e-04
-2.927948e-05
3.496115e-04
-6.692020e-04
-4.184475e-06
4.074269e-04
-8.365197e-05
3.496115e-04
-6.692020e-04
-4.184475e-06
4.074269e-04
-8.365197e-05
3.496115e-04
-6.692020e-04
-4.184475e-06
4.074269e-04
-8.365197e-05
3.496115e-04
-6.692020e-04
-4.184475e-06
4.074269e-04
-8.365197e-05
3.496115e-04
-2.091270e-04
3.823319e-04
-2.091447e-05
-5.019020e-04
3.496115e-04
-3.173562e-05
-3.764447e-05
-2.509520e-04
-2.927948e-05
3.496115e-04
-6.692020e-04
-4.184475e-06
4.074269e-04
-8.365197e-05
3.496115e-04
-1.254770e-04
-4.182520e-04
-1.254770e-04
3.195944e-04
3.496115e-04
-3.173562e-05
-3.764447e-05
-2.509520e-04
-2.927948e-05
3.496115e-04
-6.692020e-04
-4.184475e-06
4.074269e-04
-8.365197e-05
3.496115e-04
-1.254770e-04
-4.182520e-04
-1.254770e-04
3.195944e-04
1.598057e-04
1.430662e-04
-3.586895e-05
-2.391040e-04
-2.789895e-05
1.598057e-04
-4.589339e-04
5.698867e-04
-2.355427e-04
-3.521570e-05
1.598057e-04
-1.195539e-04
-3.985039e-04
-1.195539e-04
4.778062e-04
1.598057e-04
1.430662e-04
-3.586895e-05
-2.391040e-04
-2.789895e-05
1.598057e-04
-1.992539e-04
5.375812e-04
-1.992895e-05
-4.782039e-04
1.598057e-04
1.430662e-04
-3.586895e-05
-2.391040e-04
-2.789895e-05
1.598057e-04
1.430662e-04
-3.586895e-05
-2.391040e-04
-2.789895e-05
1.598057e-04
-2.748775e-05
-4.506950e-06
-4.894876e-05
-7.886220e-05
1.598057e-04
1.430662e-04
-3.586895e-05
-2.391040e-04
-2.789895e-05
1.598057e-04
-1.195539e-04
-3.985039e-04
-1.195539e-04
4.778062e-04
1.598057e-04
1.430662e-04
-3.586895e-05
-2.391040e-04
-2.789895e-05
1.598057e-04
1.430662e-04
-3.586895e-05
-2.391040e-04
-2.789895e-05
1.598057e-04
-1.195539e-04
-3.985039e-04
-1.195539e-04
4.778062e-04
1.598057e-04
1.430662e-04
-3.586895e-05
-2.391040e-04
-2.789895e-05
1.598057e-04
-6.376039e-04
-3.988950e-06
5.614912e-04
-7.970395e-05
1.598057e-04
-1.195539e-04
-3.985039e-04
-1.195539e-04
4.778062e-04
1.598057e-04
-6.376039e-04
-3.988950e-06
5.614912e-04
-7.970395e-05
1.598057e-04
1.430662e-04
-3.586895e-05
-2.391040e-04
-2.789895e-05
1.598057e-04
-1.992539e-04
5.375812e-04
-1.992895e-05
-4.782039e-04
1.598057e-04
1.430662e-04
-3.586895e-05
-2.391040e-04
-2.789895e-05
1.598057e-04
-1.195539e-04
-3.985039e-04
-1.195539e-04
4.778062e-04
1.598057e-04
1.430662e-04
-3.586895e-05
-2.391040e-04
-2.789895e-05
1.598057e-04
1.430662e-04
-3.586895e-05
-2.391040e-04
-2.789895e-05
1.598057e-04
1.430662e-04
-3.586895e-05
-2.391040e-04
-2.789895e-05
1.728029e-04
-6.060059e-04
-3.793425e-06
5.127524e-04
-7.575592e-05
1.728029e-04
-6.060059e-04
-3.793425e-06
5.127524e-04
-7.575592e-05
1.728029e-04
-1.136309e-04
-3.787559e-04
-1.136309e-04
4.332149e-04
1.728029e-04
1.150649e-04
-3.409343e-05
-2.272559e-04
-2.651842e-05
1.728029e-04
-6.060059e-04
-3.793425e-06
5.127524e-04
-7.575592e-05
1.728029e-04
-1.136309e-04
-3.787559e-04
-1.136309e-04
4.332149e-04
1.728029e-04
1.150649e-04
-3.409343e-05
-2.272559e-04
-2.651842e-05
1.728029e-04
-1.893809e-04
4.900274e-04
-1.894343e-05
-4.545059e-04
1.728029e-04
-1.893809e-04
4.900274e-04
-1.894343e-05
-4.545059e-04
1.728029e-04
-1.893809e-04
4.900274e-04
-1.894343e-05
-4.545059e-04
1.728029e-04
1.150649e-04
-3.409343e-05
-2.272559e-04
-2.651842e-05
1.728029e-04
-6.060059e-04
-3.793425e-06
5.127524e-04
-7.575592e-05
1.728029e-04
-6.060059e-04
-3.793425e-06
5.127524e-04
-7.575592e-05
1.728029e-04
1.150649e-04
-3.409343e-05
-2.272559e-04
-2.651842e-05
1.728029e-04
-6.060059e-04
-3.793425e-06
5.127524e-04
-7.575592e-05
1.728029e-04
-6.060059e-04
-3.793425e-06
5.127524e-04
-7.575592e-05
1.728029e-04
1.150649e-04
-3.409343e-05
-2.272559e-04
-2.651842e-05
1.728029e-04
1.150649e-04
-3.409343e-05
-2.272559e-04
-2.651842e-05
1.728029e-04
1.150649e-04
-3.409343e-05
-2.272559e-04
-2.651842e-05
1.728029e-04
-6.060059e-04
-3.793425e-06
5.127524e-04
-7.575592e-05
1.728029e-04
-1.136309e-04
-3.787559e-04
-1.136309e-04
4.332149e-04
1.728029e-04
1.150649e-04
-3.409343e-05
-2.272559e-04
-2.651842e-05
1.728029e-04
1.150649e-04
-3.409343e-05
-2.272559e-04
-2.651842e-05
1.728029e-04
1.150649e-04
-3.409343e-05
-2.272559e-04
-2.651842e-05
1.728029e-04
1.150649e-04
-3.409343e-05
-2.272559e-04
-2.651842e-05
1.728029e-04
1.150649e-04
-3.409343e-05
-2.272559e-04
-2.651842e-05
1.728029e-04
-1.136309e-04
-3.787559e-04
-1.136309e-04
4.332149e-04
1.728029e-04
-1.893809e-04
4.900274e-04
-1.894343e-05
-4.545059e-04
1.728029e-04
1.150649e-04
-3.409343e-05
-2.272559e-04
-2.651842e-05
7.676407e-04
-1.116891e-04
-3.722816e-04
-1.116891e-04
-1.719810e-04
7.676407e-04
-1.116891e-04
-3.722816e-04
-1.116891e-04
-1.719810e-04
7.676407e-04
-4.846920e-04
-3.351132e-05
-2.233716e-04
-2.606582e-05
7.676407e-04
-5.956466e-04
-3.729322e-06
-9.380323e-05
-7.446157e-05
-3.616567e-04
-5.640485e-04
-3.533798e-06
9.997526e-04
-7.051355e-05
-3.616567e-04
-5.640485e-04
-3.533798e-06
9.997526e-04
-7.051355e-05
-3.616567e-04
6.296014e-04
-3.173580e-05
-2.115235e-04
-2.468530e-05
-3.616567e-04
-1.762710e-04
9.786011e-04
-1.763480e-05
-4.230385e-04
-3.616567e-04
-1.057660e-04
-3.525335e-04
-1.057660e-04
9.257224e-04
1.126269e-01
