-3.330000e-08
2.771934e-03
-2.990500e-05
-2.718580e-03
-2.341562e-05
-3.330000e-08
3.364115e-04
-2.985333e-05
-2.830253e-04
-2.349958e-05
-3.330000e-08
3.937578e-03
-3.713057e-03
-1.984938e-04
-2.599375e-05
-3.330000e-08
-1.659167e-04
2.107024e-03
-1.737917e-05
-1.923695e-03
-3.330000e-08
-1.001917e-04
-4.157294e-04
-9.953542e-05
6.154898e-04
-3.330000e-08
7.851568e-03
-3.446667e-06
-7.781678e-03
-6.641042e-05
-3.330000e-08
1.678742e-02
-2.913032e-05
-1.673359e-02
-2.467447e-05
-3.330000e-08
-1.003136e-04
-3.326850e-04
-1.965850e-03
2.398882e-03
-3.330000e-08
-1.001917e-04
-1.143609e-03
-9.953542e-05
1.343369e-03
-3.330000e-08
-8.458684e-03
-3.317260e-04
-1.003200e-04
8.890764e-03
-3.330000e-08
2.163968e-03
-1.940640e-03
-1.996250e-04
-2.366955e-05
-3.330000e-08
-1.662200e-04
6.113315e-03
-1.700000e-05
-5.930062e-03
-3.330000e-08
-1.625583e-04
9.968523e-04
-2.157708e-05
-8.126835e-04
-3.330000e-08
2.661537e-03
-3.520000e-06
-2.591693e-03
-6.629125e-05
-3.330000e-08
-1.662083e-04
1.393392e-03
-1.701458e-05
-1.210136e-03
-3.330000e-08
3.092157e-03
-5.975348e-03
2.915602e-03
-3.237750e-05
-3.657971e-03
-9.726754e-05
-3.242231e-04
-9.726754e-05
4.176729e-03
-3.330000e-08
-7.322726e-04
-2.970333e-05
7.857526e-04
-2.374333e-05
-3.330000e-08
-3.841667e-04
-1.165200e-04
7.838517e-03
-7.337797e-03
-3.330000e-08
-7.499437e-03
7.849407e-03
-7.953333e-05
-2.704033e-04
-3.330000e-08
-1.200972e-04
-9.049674e-03
-7.465347e-05
9.244458e-03
-3.330000e-08
-1.664364e-04
2.730497e-03
-1.672955e-05
-2.547298e-03
-3.330000e-08
6.630596e-03
-3.442000e-06
-6.560703e-03
-6.641800e-05
-3.330000e-08
-2.138680e-03
-3.460000e-06
2.208562e-03
-6.638875e-05
-3.330000e-08
8.103016e-03
-3.442000e-06
-8.033122e-03
-6.641800e-05
-3.330000e-08
-2.138680e-03
-3.460000e-06
2.208562e-03
-6.638875e-05
-3.330000e-08
-1.664364e-04
2.472268e-03
-1.672955e-05
-2.289068e-03
-3.330000e-08
2.018936e-03
-2.994455e-05
-1.965607e-03
-2.335136e-05
-3.330000e-08
-1.662200e-04
9.156030e-03
-1.700000e-05
-8.972777e-03
-3.330000e-08
-1.003136e-04
-3.326850e-04
-8.642372e-04
1.297269e-03
-3.330000e-08
-1.297058e-03
-3.355455e-06
1.367005e-03
-6.655864e-05
-7.650418e-04
1.017880e-03
-2.994140e-05
-1.996091e-04
-2.328776e-05
-3.330000e-08
-1.662083e-04
-2.612418e-03
-1.701458e-05
2.795674e-03
-3.330000e-08
-1.003750e-04
6.585955e-04
-9.930625e-05
-4.588809e-04
6.090149e-03
-9.726754e-05
-3.242231e-04
-9.726754e-05
-5.571391e-03
-3.330000e-08
-1.660250e-04
-2.612480e-03
-1.724375e-05
2.795782e-03
-3.330000e-08
-1.707893e-03
-3.315213e-04
-1.003875e-04
2.139835e-03
-3.330000e-08
-1.660250e-04
-2.612480e-03
-1.724375e-05
2.795782e-03
-3.330000e-08
-1.682875e-04
2.189638e-03
-1.623343e-03
-3.979750e-04
-3.330000e-08
-2.875572e-03
-3.355455e-06
2.945519e-03
-6.655864e-05
-2.553677e-03
-1.017004e-04
-3.312381e-04
2.515389e-03
4.712271e-04
-2.553677e-03
4.428045e-03
-2.872806e-05
-1.820380e-03
-2.525943e-05
-2.553677e-03
-3.670465e-04
-1.291669e-04
-1.272914e-02
1.577903e-02
5.022075e-03
-2.261591e-03
-1.089384e-02
-2.208343e-05
8.155441e-03
-3.330000e-08
-1.043222e-04
1.422135e-02
-9.437222e-05
-1.402262e-02
-3.330000e-08
2.510379e-03
-2.281332e-03
-1.942022e-04
-3.481089e-05
-3.330000e-08
-1.001800e-04
-8.754361e-03
-9.955000e-05
8.954124e-03
-3.330000e-08
-2.875572e-03
-3.355455e-06
2.945519e-03
-6.655864e-05
-3.330000e-08
-2.298623e-03
-3.355455e-06
2.368570e-03
-6.655864e-05
2.565973e-02
-1.538765e-02
-1.629920e-02
6.125876e-03
-9.875488e-05
-3.330000e-08
-1.000625e-04
-2.851504e-03
-9.969688e-05
3.051297e-03
-3.330000e-08
-1.662083e-04
1.393392e-03
-1.701458e-05
-1.210136e-03
-3.330000e-08
-1.657697e-04
6.630159e-04
-1.756288e-05
-4.796500e-04
-3.330000e-08
1.225701e-02
-8.363333e-06
-1.219019e-02
-5.842083e-05
-3.330000e-08
7.546568e-03
-6.043333e-06
-7.478301e-03
-6.219083e-05
-3.330000e-08
-1.079889e-04
-3.268400e-04
5.279342e-03
-4.844480e-03
-3.330000e-08
2.298766e-02
-8.371111e-06
-2.292085e-02
-5.840819e-05
8.810500e-03
-8.345047e-03
-1.089492e-04
-1.078409e-02
1.042759e-02
-3.330000e-08
2.819593e-02
-1.988556e-05
-2.813632e-02
-3.969722e-05
-3.330000e-08
-5.127684e-03
-2.947222e-05
5.181308e-03
-2.411889e-05
-3.330000e-08
-4.255113e-04
-4.078788e-06
4.950066e-04
-6.538322e-05
-3.330000e-08
9.432555e-03
-2.759667e-05
-9.377759e-03
-2.716667e-05
-3.330000e-08
2.046806e-03
-3.520000e-06
-1.976961e-03
-6.629125e-05
-3.330000e-08
4.081243e-03
-3.833869e-03
-1.768222e-04
-7.051889e-05
-3.330000e-08
-1.660250e-04
-1.997749e-03
-1.724375e-05
2.181051e-03
-3.330000e-08
-1.054358e-04
-3.287843e-04
-4.464825e-03
4.899078e-03
4.704297e-03
-1.635892e-04
-9.510603e-03
-1.803922e-05
4.987935e-03
4.704297e-03
-7.069307e-03
-2.955367e-05
2.417830e-03
-2.326658e-05
4.704297e-03
-9.896397e-05
-2.363625e-03
-9.882079e-05
-2.142887e-03
4.704297e-03
-2.407446e-03
-2.964488e-05
-2.244088e-03
-2.311836e-05
-3.330000e-08
-2.875572e-03
-3.355455e-06
2.945519e-03
-6.655864e-05
-3.330000e-08
-5.120840e-03
5.347592e-03
-1.963778e-04
-3.034111e-05
-3.330000e-08
-2.000355e-03
-3.327105e-04
-9.999545e-05
2.433094e-03
-3.330000e-08
-1.005667e-04
2.651137e-03
-9.906667e-05
-2.451470e-03
-3.330000e-08
6.400673e-03
-6.002305e-03
-3.363889e-05
-3.646956e-04
-3.330000e-08
-2.875572e-03
-3.355455e-06
2.945519e-03
-6.655864e-05
-3.330000e-08
-2.326493e-03
-2.978000e-05
2.379925e-03
-2.361875e-05
-3.330000e-08
1.547394e-03
-1.324067e-03
-1.996250e-04
-2.366955e-05
-3.330000e-08
3.102703e-04
-5.598418e-05
-1.702681e-04
-8.398472e-05
-3.330000e-08
-7.375559e-04
-2.978000e-05
7.909880e-04
-2.361875e-05
-3.330000e-08
-1.029875e-04
-3.306488e-04
8.901755e-04
-4.565059e-04
-3.330000e-08
-1.003750e-04
6.585955e-04
-9.930625e-05
-4.588809e-04
-1.501452e-03
-1.569018e-04
1.060675e-03
-1.633307e-05
6.140124e-04
-3.330000e-08
8.860837e-03
1.612145e-02
-2.482499e-02
-1.572589e-04
-3.330000e-08
-2.207525e-02
1.490893e-02
-8.468322e-04
8.013193e-03
-3.330000e-08
2.113473e-03
-1.698508e-02
-2.634097e-05
1.489798e-02
-3.330000e-08
-2.326493e-03
-2.978000e-05
2.379925e-03
-2.361875e-05
-3.330000e-08
-1.001800e-04
6.830942e-03
-9.955000e-05
-6.631179e-03
-3.330000e-08
-1.001917e-04
8.051937e-03
-9.953542e-05
-7.852176e-03
-3.330000e-08
-3.578129e-03
3.854149e-03
-1.496583e-04
-1.263283e-04
-2.665198e-03
-1.183471e-02
-4.021290e-06
1.456923e-02
-6.530116e-05
-2.665198e-03
-4.628411e-03
-2.163796e-05
7.351921e-03
-3.667408e-05
-2.665198e-03
-1.684601e-02
8.726273e-03
-1.006592e-04
1.088560e-02
-3.330000e-08
-1.405672e-02
-2.886722e-05
1.411072e-02
-2.510201e-05
-3.330000e-08
-4.233138e-03
-2.073744e-05
4.292222e-03
-3.831290e-05
-3.330000e-08
-8.525004e-03
8.940476e-03
-1.742000e-05
-3.980180e-04
-3.330000e-08
-1.662200e-04
-8.036705e-03
-1.700000e-05
8.219958e-03
-3.330000e-08
-1.663375e-04
3.718363e-03
-1.685312e-05
-3.535140e-03
-3.330000e-08
-8.954707e-03
-3.442000e-06
9.024600e-03
-6.641800e-05
-3.330000e-08
-2.417819e-03
-3.355455e-06
2.487766e-03
-6.655864e-05
-3.330000e-08
5.271053e-03
3.450955e-03
-9.957222e-05
-8.622402e-03
-3.330000e-08
-4.789304e-03
-3.395000e-06
4.859227e-03
-6.649437e-05
-1.106760e-03
-1.658659e-04
6.973580e-04
-1.722787e-05
5.924960e-04
-2.270891e-03
-5.313682e-04
-3.638700e-06
4.703612e-03
-1.897714e-03
-3.148933e-03
-9.871062e-05
-3.290345e-04
-9.871062e-05
3.675388e-03
-3.148933e-03
-5.264549e-04
-3.290738e-06
3.744486e-03
-6.580721e-05
-3.148933e-03
-5.264549e-04
-3.290738e-06
3.744486e-03
-6.580721e-05
1.651394e-01
