-6.760000e-08
-1.061883e-03
-2.177500e-05
-2.956760e-03
4.040486e-03
-6.760000e-08
4.174296e-03
-6.235667e-05
-4.051000e-04
-3.706772e-03
-6.760000e-08
-1.235274e-03
-7.720000e-06
1.376701e-03
-1.336400e-04
-6.760000e-08
-5.842034e-03
-6.836364e-06
5.984014e-03
-1.350759e-04
-6.760000e-08
-2.099250e-04
7.102925e-04
-1.938938e-04
-3.064062e-04
-6.760000e-08
-7.118556e-04
-7.973333e-06
8.531249e-04
-1.332283e-04
-6.760000e-08
-3.358429e-04
1.375802e-03
-3.649643e-05
-1.003395e-03
-6.760000e-08
-3.364250e-04
1.092031e-03
-3.576875e-05
-7.197698e-04
-6.760000e-08
-3.364250e-04
4.791328e-04
-3.576875e-05
-1.068715e-04
-6.760000e-08
8.476086e-04
-6.800625e-05
-4.032375e-04
-3.762973e-04
-6.760000e-08
5.515244e-04
-7.390000e-06
-4.098905e-04
-1.341762e-04
-6.760000e-08
5.870632e-03
-5.034361e-03
-4.214167e-05
-7.940617e-04
-6.760000e-08
-4.630968e-04
-5.988000e-05
5.719244e-04
-4.888000e-05
-6.760000e-08
-1.739411e-03
2.201534e-03
-3.969375e-04
-6.511750e-05
-6.760000e-08
5.515244e-04
-7.390000e-06
-4.098905e-04
-1.341762e-04
-6.760000e-08
8.373711e-04
-6.021000e-05
-7.287498e-04
-4.834375e-05
-6.760000e-08
3.941757e-03
-6.076364e-05
-3.833482e-03
-4.744409e-05
-6.760000e-08
-1.198595e-03
2.036703e-03
-4.040000e-05
-7.976400e-04
-6.760000e-08
-8.092983e-04
-5.733000e-05
9.197196e-04
-5.302375e-05
-6.760000e-08
-2.184000e-04
-6.641200e-04
-4.691748e-04
1.351762e-03
-6.760000e-08
-2.479430e-04
-5.958000e-05
3.569581e-04
-4.936750e-05
-6.760000e-08
-3.356000e-04
-3.393222e-03
-3.680000e-05
3.765690e-03
-6.760000e-08
-3.364250e-04
-4.522604e-04
-3.576875e-05
8.245217e-04
-6.760000e-08
-3.778473e-04
-8.335000e-06
4.599942e-03
-4.213692e-03
-6.760000e-08
2.774963e-03
-1.938692e-03
-4.214167e-05
-7.940617e-04
-6.760000e-08
6.540243e-04
-5.988000e-05
-5.451967e-04
-4.888000e-05
-6.760000e-08
1.188964e-03
-8.020000e-06
-1.047724e-03
-1.331525e-04
-6.760000e-08
-3.340250e-04
2.214794e-04
-3.876875e-05
1.513819e-04
-6.760000e-08
-4.903510e-04
-7.390000e-06
6.319848e-04
-1.341762e-04
-6.760000e-08
4.002181e-03
-1.597238e-05
-3.865912e-03
-1.202299e-04
-6.760000e-08
7.594965e-03
-7.066197e-03
-3.337399e-04
-1.949599e-04
-6.760000e-08
1.607665e-04
3.010177e-04
-3.972583e-04
-6.445833e-05
-6.760000e-08
-2.052000e-04
-1.518715e-03
-1.998000e-04
1.923783e-03
-6.760000e-08
4.599348e-03
-4.145807e-03
-4.050750e-04
-4.839864e-05
-6.760000e-08
5.506567e-04
-7.390000e-06
-4.090229e-04
-1.341762e-04
-6.760000e-08
-2.052000e-04
-1.444832e-03
-1.998000e-04
1.849899e-03
-6.760000e-08
-2.089833e-04
1.575144e-04
-1.950708e-04
2.466073e-04
-6.760000e-08
2.851870e-04
-9.310000e-06
-1.447531e-04
-1.310563e-04
-6.760000e-08
-3.364250e-04
5.073315e-04
-3.576875e-05
-1.350701e-04
-6.760000e-08
-2.052000e-04
-3.901480e-04
-1.998000e-04
7.952156e-04
-6.760000e-08
-2.043750e-04
-7.618664e-04
-2.008313e-04
1.167140e-03
-6.760000e-08
-4.089351e-04
-7.390000e-06
5.505690e-04
-1.341762e-04
-6.760000e-08
4.150499e-03
-4.112762e-04
8.007971e-03
-1.174713e-02
-6.760000e-08
-2.052000e-04
-6.742826e-04
-1.998000e-04
1.079350e-03
-6.760000e-08
-3.364250e-04
4.774846e-04
-3.576875e-05
-1.052232e-04
-6.760000e-08
-2.043750e-04
-8.167973e-05
-2.008313e-04
4.869536e-04
-6.760000e-08
-1.855112e-03
-7.720000e-06
1.996539e-03
-1.336400e-04
-6.760000e-08
-1.046756e-04
-7.720000e-06
2.461032e-04
-1.336400e-04
-6.760000e-08
-7.786830e-03
-6.070667e-05
7.895141e-03
-4.753667e-05
-6.760000e-08
1.388892e-03
-5.507843e-04
-4.040000e-05
-7.976400e-04
-6.760000e-08
-2.052000e-04
3.790095e-04
-1.998000e-04
2.605806e-05
-6.760000e-08
-2.043750e-04
-3.917378e-04
-2.008313e-04
7.970116e-04
-6.760000e-08
3.050876e-03
-6.401688e-04
-2.146125e-04
-2.196027e-03
-6.760000e-08
-1.046756e-04
-7.720000e-06
2.461032e-04
-1.336400e-04
-6.760000e-08
8.865612e-04
-1.024000e-05
-7.467086e-04
-1.295450e-04
-6.760000e-08
1.010381e-04
-5.988000e-05
7.789475e-06
-4.888000e-05
-6.760000e-08
1.010381e-04
-5.988000e-05
7.789475e-06
-4.888000e-05
-6.760000e-08
-8.004280e-04
-7.720000e-06
9.418556e-04
-1.336400e-04
-6.760000e-08
-2.400824e-03
-5.766000e-05
2.511040e-03
-5.248750e-05
-6.760000e-08
1.794372e-03
-7.973333e-06
-1.653102e-03
-1.332283e-04
-6.760000e-08
7.772024e-04
-5.988000e-05
-6.683748e-04
-4.888000e-05
-6.760000e-08
-2.031333e-04
-5.033808e-03
-2.023833e-04
5.439392e-03
-6.760000e-08
-3.324500e-04
-5.557407e-04
-4.073750e-05
9.289958e-04
-6.760000e-08
-2.043750e-04
2.793479e-05
-2.008313e-04
3.773391e-04
-6.760000e-08
-1.344975e-03
-7.720000e-06
1.486402e-03
-1.336400e-04
-6.760000e-08
-4.549288e-04
9.285789e-04
-3.860063e-04
-8.757625e-05
-6.760000e-08
-2.058333e-04
2.319273e-03
-1.990083e-04
-1.914364e-03
-6.760000e-08
-1.170538e-03
-7.390000e-06
1.312171e-03
-1.341762e-04
-6.760000e-08
-1.235274e-03
-7.720000e-06
1.376701e-03
-1.336400e-04
-6.760000e-08
3.102580e-03
-7.973333e-06
-2.961310e-03
-1.332283e-04
-6.760000e-08
-3.378091e-04
5.261677e-03
-3.403864e-05
-4.889762e-03
-6.760000e-08
-4.356001e-04
1.276100e-03
-3.813125e-05
-8.023013e-04
-6.760000e-08
-2.043750e-04
2.793479e-05
-2.008313e-04
3.773391e-04
-6.760000e-08
-2.184000e-04
-6.641200e-04
4.381535e-04
4.444341e-04
-6.760000e-08
6.056462e-04
-6.021000e-05
-4.970248e-04
-4.834375e-05
-6.760000e-08
1.114183e-03
-5.997714e-05
-1.005416e-03
-4.872214e-05
-6.760000e-08
1.286462e-03
-4.459618e-04
-3.813125e-05
-8.023013e-04
-6.760000e-08
-3.319333e-04
-4.827198e-03
-4.138333e-05
5.200583e-03
-6.760000e-08
-2.043750e-04
-5.024072e-04
-2.008313e-04
9.076810e-04
-6.760000e-08
4.252698e-04
-6.688338e-04
-2.051625e-04
4.487940e-04
-6.760000e-08
-3.356000e-04
1.067859e-03
-3.680000e-05
-6.953914e-04
-6.760000e-08
-9.936348e-04
-7.390000e-06
1.135269e-03
-1.341762e-04
-6.760000e-08
-2.184000e-04
-6.641200e-04
1.764449e-03
-8.818609e-04
-6.760000e-08
-3.356000e-04
-5.617043e-04
-3.680000e-05
9.341719e-04
-6.760000e-08
-3.807365e-04
-7.390000e-06
5.223703e-04
-1.341762e-04
-6.760000e-08
-7.742142e-05
-6.021000e-05
1.860428e-04
-4.834375e-05
-6.760000e-08
-1.235274e-03
-7.720000e-06
1.376701e-03
-1.336400e-04
-6.760000e-08
-2.475530e-03
-5.962667e-05
2.584516e-03
-4.929167e-05
-6.760000e-08
3.558493e-04
4.846508e-04
-3.813125e-05
-8.023013e-04
-6.760000e-08
-2.901564e-03
-7.756190e-06
3.042969e-03
-1.335812e-04
-6.760000e-08
-1.046756e-04
-7.720000e-06
2.461032e-04
-1.336400e-04
-6.760000e-08
1.169839e-03
-8.350000e-06
-1.028806e-03
-1.326163e-04
-6.760000e-08
-4.498968e-04
9.098444e-04
-3.990000e-04
-6.088000e-05
-6.760000e-08
-1.108192e-03
-6.800625e-05
-4.032375e-04
1.579503e-03
-6.760000e-08
3.174467e-03
-6.070667e-05
-3.066156e-03
-4.753667e-05
-6.760000e-08
-2.106333e-04
2.074308e-03
-1.930083e-04
-1.670599e-03
-6.760000e-08
2.326556e-04
-5.988000e-05
-1.238280e-04
-4.888000e-05
-6.760000e-08
-1.235274e-03
-7.720000e-06
1.376701e-03
-1.336400e-04
-6.760000e-08
2.326366e-04
-6.021000e-05
-1.240153e-04
-4.834375e-05
-6.760000e-08
-3.288667e-04
4.205770e-04
-4.521667e-05
-4.642605e-05
-6.760000e-08
3.535435e-04
-6.800625e-05
-4.032375e-04
1.177678e-04
-6.760000e-08
-3.349667e-04
-1.698819e-03
-3.759167e-05
2.071445e-03
-6.760000e-08
-2.685596e-04
-8.350000e-06
4.095935e-04
-1.326163e-04
-6.760000e-08
-2.052000e-04
3.790095e-04
-1.998000e-04
2.605806e-05
-6.760000e-08
-1.870218e-03
-5.892000e-05
1.979645e-03
-5.044000e-05
-6.760000e-08
1.892171e-04
-5.988000e-05
-8.038954e-05
-4.888000e-05
-6.760000e-08
-2.685596e-04
-8.350000e-06
4.095935e-04
-1.326163e-04
-6.760000e-08
-1.235274e-03
-7.720000e-06
1.376701e-03
-1.336400e-04
-6.760000e-08
5.082125e-03
-5.974667e-05
-4.973215e-03
-4.909667e-05
-6.760000e-08
-1.235274e-03
-7.720000e-06
1.376701e-03
-1.336400e-04
-3.012635e-03
-1.078933e-03
-6.743500e-06
4.233179e-03
-1.348668e-04
-6.760000e-08
-3.332000e-04
2.087416e-03
-3.980000e-05
-1.714348e-03
-6.760000e-08
-1.020109e-03
-5.832000e-05
1.129911e-03
-5.141500e-05
-6.760000e-08
-3.358429e-04
8.678325e-04
-3.649643e-05
-4.954256e-04
-6.760000e-08
-3.376667e-04
-7.118240e-03
-3.421667e-05
7.490191e-03
-6.760000e-08
-1.565466e-03
-5.962667e-05
1.674452e-03
-4.929167e-05
-6.760000e-08
-7.496059e-04
-7.390000e-06
8.912398e-04
-1.341762e-04
-6.760000e-08
-2.043750e-04
9.593280e-04
-2.008313e-04
-5.540541e-04
-6.760000e-08
-3.742239e-03
-6.893333e-06
3.884183e-03
-1.349833e-04
-6.760000e-08
-8.597008e-04
-5.958000e-05
9.687159e-04
-4.936750e-05
-6.760000e-08
-1.084563e-03
-7.720000e-06
1.225990e-03
-1.336400e-04
-6.760000e-08
-3.356000e-04
2.025783e-03
-3.680000e-05
-1.653315e-03
-6.760000e-08
-1.548783e-03
2.010567e-03
-3.972583e-04
-6.445833e-05
-6.760000e-08
6.186383e-05
-6.021000e-05
4.675752e-05
-4.834375e-05
-6.760000e-08
-3.349667e-04
-1.952494e-03
-3.759167e-05
2.325120e-03
-6.760000e-08
-3.356000e-04
1.441762e-03
-3.680000e-05
-1.069295e-03
-6.760000e-08
-2.043750e-04
-5.024072e-04
-2.008313e-04
9.076810e-04
-6.760000e-08
-1.301259e-04
-5.988000e-05
2.389535e-04
-4.888000e-05
-6.760000e-08
-1.170538e-03
-7.390000e-06
1.312171e-03
-1.341762e-04
-3.134539e-05
-3.296012e-04
7.758795e-04
-3.620120e-05
-3.787317e-04
-3.134539e-05
-1.992012e-04
-6.640012e-04
-1.992012e-04
1.093749e-03
-3.134539e-05
-1.992012e-04
-6.640012e-04
-1.992012e-04
1.093749e-03
-3.134539e-05
5.359890e-04
-5.976120e-05
-3.984012e-04
-4.648120e-05
-3.134539e-05
-1.062401e-03
-6.641200e-06
1.233189e-03
-1.328012e-04
-3.134539e-05
5.359890e-04
-5.976120e-05
-3.984012e-04
-4.648120e-05
-3.134539e-05
5.359890e-04
-5.976120e-05
-3.984012e-04
-4.648120e-05
-6.760000e-08
7.219057e-03
-6.893333e-06
-7.077113e-03
-1.349833e-04
-6.760000e-08
-6.688105e-04
-7.720000e-06
8.102381e-04
-1.336400e-04
-6.760000e-08
-2.052000e-04
-9.570136e-04
-1.998000e-04
1.362081e-03
-6.760000e-08
-1.235274e-03
-7.720000e-06
1.376701e-03
-1.336400e-04
-6.760000e-08
3.224729e-03
-7.720000e-06
-3.083301e-03
-1.336400e-04
-6.760000e-08
-2.043750e-04
2.793479e-05
-2.008313e-04
3.773391e-04
-6.760000e-08
-4.089351e-04
-7.390000e-06
5.505690e-04
-1.341762e-04
-6.760000e-08
-1.485998e-04
-6.800625e-05
-4.032375e-04
6.199111e-04
-6.760000e-08
-2.043750e-04
-2.209650e-04
-2.008313e-04
6.262388e-04
-6.760000e-08
-2.225167e-04
-6.609850e-04
2.474878e-03
-1.591308e-03
-6.760000e-08
-3.356000e-04
4.103248e-04
-3.680000e-05
-3.785715e-05
-6.760000e-08
-3.364250e-04
1.503540e-03
-3.576875e-05
-1.131279e-03
-6.760000e-08
-6.296362e-04
-7.390000e-06
7.712701e-04
-1.341762e-04
-6.760000e-08
-2.058333e-04
3.123015e-03
-1.990083e-04
-2.718106e-03
-6.760000e-08
-3.127046e-05
-7.720000e-06
1.726981e-04
-1.336400e-04
-6.760000e-08
-1.221797e-03
-7.720000e-06
1.363224e-03
-1.336400e-04
-6.760000e-08
-6.257069e-03
6.765301e-03
-3.532125e-04
-1.549525e-04
-6.760000e-08
-2.647125e-04
-6.288513e-04
5.332690e-03
-4.439059e-03
-6.760000e-08
-2.088667e-04
5.334266e-03
-1.952167e-04
-4.930115e-03
-6.760000e-08
-3.316250e-04
-3.075822e-03
-4.176875e-05
3.449284e-03
-6.760000e-08
-6.073526e-03
-4.206000e-05
6.193491e-03
-7.783750e-05
-6.760000e-08
-1.226264e-03
-5.988000e-05
1.335092e-03
-4.888000e-05
-6.760000e-08
8.373711e-04
-6.021000e-05
-7.287498e-04
-4.834375e-05
-6.760000e-08
-3.349667e-04
8.074082e-04
-3.759167e-05
-4.347823e-04
-6.760000e-08
-2.542352e-04
-5.988000e-05
3.630628e-04
-4.888000e-05
-6.760000e-08
-1.800217e-04
6.375768e-04
-4.012688e-04
-5.621875e-05
-6.760000e-08
-3.292250e-04
-3.264927e-03
-4.476875e-05
3.638988e-03
-6.760000e-08
-5.842034e-03
-6.836364e-06
5.984014e-03
-1.350759e-04
-6.760000e-08
-4.848746e-05
-5.925000e-05
1.577088e-04
-4.990375e-05
-6.760000e-08
-3.356000e-04
7.655981e-04
-3.680000e-05
-3.931305e-04
-6.760000e-08
-8.004090e-04
-7.390000e-06
9.420429e-04
-1.341762e-04
-6.760000e-08
-3.364250e-04
8.988054e-04
-3.576875e-05
-5.265440e-04
-6.760000e-08
7.585244e-04
-6.650800e-04
-2.064000e-04
1.130232e-04
-6.760000e-08
-3.617751e-03
-6.893333e-06
3.759695e-03
-1.349833e-04
-6.760000e-08
-1.344975e-03
-7.720000e-06
1.486402e-03
-1.336400e-04
-6.760000e-08
6.186383e-05
-6.021000e-05
4.675752e-05
-4.834375e-05
-6.760000e-08
-4.376465e-04
-7.720000e-06
5.790741e-04
-1.336400e-04
-6.760000e-08
9.449560e-04
-9.940000e-06
-8.049159e-04
-1.300325e-04
-6.760000e-08
-3.364250e-04
1.503540e-03
-3.576875e-05
-1.131279e-03
-6.760000e-08
1.943895e-04
-6.650800e-04
-2.064000e-04
6.771581e-04
-6.760000e-08
-3.792501e-03
-5.988000e-05
3.901329e-03
-4.888000e-05
-6.760000e-08
-3.094512e-04
-5.396570e-04
-6.948601e-05
9.186618e-04
-6.760000e-08
-4.376465e-04
-7.720000e-06
5.790741e-04
-1.336400e-04
-6.760000e-08
9.976939e-04
-7.973333e-06
-8.564247e-04
-1.332283e-04
-6.760000e-08
-3.378091e-04
5.267166e-03
-3.403864e-05
-4.895250e-03
-6.760000e-08
-6.688105e-04
-7.720000e-06
8.102381e-04
-1.336400e-04
-6.760000e-08
-4.089351e-04
-7.390000e-06
5.505690e-04
-1.341762e-04
-6.760000e-08
-2.052000e-04
1.298929e-03
-1.998000e-04
-8.938609e-04
-6.760000e-08
-8.440240e-04
1.306147e-03
-3.969375e-04
-6.511750e-05
-6.760000e-08
-3.378091e-04
4.610625e-03
-3.403864e-05
-4.238710e-03
-6.760000e-08
-8.336032e-04
-5.925000e-05
9.428245e-04
-4.990375e-05
-6.760000e-08
-2.043750e-04
-9.964723e-04
-2.008313e-04
1.401746e-03
-6.760000e-08
3.574243e-04
8.051231e-04
-4.010000e-05
-1.122380e-03
-6.760000e-08
-2.074083e-04
3.193622e-03
-1.970396e-04
-2.789107e-03
-6.760000e-08
9.976939e-04
-7.973333e-06
-8.564247e-04
-1.332283e-04
-6.760000e-08
5.657122e-03
-5.202201e-03
-4.037667e-04
-5.108667e-05
-6.760000e-08
-3.356000e-04
8.537771e-04
-3.680000e-05
-4.813095e-04
-6.760000e-08
1.636001e-03
-8.603333e-06
-1.495126e-03
-1.322046e-04
-6.760000e-08
-6.939435e-03
-5.974667e-05
7.048345e-03
-4.909667e-05
-6.760000e-08
-3.554208e-05
-5.958000e-05
1.445572e-04
-4.936750e-05
-6.760000e-08
4.172350e-03
-3.718395e-03
-4.046833e-04
-4.920333e-05
-6.760000e-08
-2.043750e-04
-7.618664e-04
-2.008313e-04
1.167140e-03
-6.760000e-08
-3.212593e-03
-6.893333e-06
3.354537e-03
-1.349833e-04
-6.760000e-08
4.495515e-04
-8.205000e-05
-4.869439e-04
1.195100e-04
-6.760000e-08
5.506567e-04
-7.390000e-06
-4.090229e-04
-1.341762e-04
-6.760000e-08
-3.356000e-04
9.363137e-04
-3.680000e-05
-5.638461e-04
-6.760000e-08
-1.046756e-04
-7.720000e-06
2.461032e-04
-1.336400e-04
-6.760000e-08
7.052633e-05
3.870288e-04
-4.012688e-04
-5.621875e-05
-6.760000e-08
-1.250723e-04
-6.688338e-04
-2.051625e-04
9.991362e-04
-6.760000e-08
-4.903510e-04
-7.390000e-06
6.319848e-04
-1.341762e-04
-6.760000e-08
6.027652e-04
-6.021000e-05
-4.941439e-04
-4.834375e-05
-6.760000e-08
-3.360917e-04
3.804435e-03
-3.618542e-05
-3.432090e-03
-6.760000e-08
4.258624e-04
-6.021000e-05
-3.172411e-04
-4.834375e-05
-6.760000e-08
9.643138e-04
-8.350000e-06
-8.232800e-04
-1.326163e-04
-6.760000e-08
8.988860e-04
-1.551625e-05
-1.197216e-03
3.139138e-04
-6.760000e-08
-2.043750e-04
-2.209650e-04
-2.008313e-04
6.262388e-04
-6.760000e-08
7.986013e-03
-7.287855e-03
-1.731104e-04
-5.249804e-04
-6.760000e-08
2.048047e-03
-7.973333e-06
-1.906777e-03
-1.332283e-04
-6.760000e-08
-2.052000e-04
1.298929e-03
-1.998000e-04
-8.938609e-04
-6.760000e-08
-1.119297e-03
-6.021000e-05
1.227918e-03
-4.834375e-05
-6.760000e-08
-6.296362e-04
-7.390000e-06
7.712701e-04
-1.341762e-04
-6.760000e-08
2.653455e-03
-6.621983e-04
-2.073500e-04
-1.783839e-03
-6.760000e-08
-9.782324e-04
-5.925000e-05
1.087454e-03
-4.990375e-05
-6.760000e-08
-2.043750e-04
9.601956e-04
-2.008313e-04
-5.549218e-04
-6.760000e-08
-3.356000e-04
1.441762e-03
-3.680000e-05
-1.069295e-03
-6.760000e-08
-8.895477e-04
-5.958000e-05
9.985628e-04
-4.936750e-05
-6.760000e-08
-5.365019e-04
-5.988000e-05
6.453295e-04
-4.888000e-05
-6.760000e-08
-3.325667e-04
-9.373637e-04
-4.059167e-05
1.310590e-03
-6.760000e-08
-4.282191e-04
-8.350000e-06
5.692530e-04
-1.326163e-04
-6.760000e-08
6.675015e-04
-5.988000e-05
-5.586739e-04
-4.888000e-05
-6.760000e-08
-2.130375e-04
-6.682038e-04
4.335386e-04
4.477703e-04
-6.760000e-08
-1.235274e-03
-7.720000e-06
1.376701e-03
-1.336400e-04
-6.760000e-08
-1.344975e-03
-7.720000e-06
1.486402e-03
-1.336400e-04
-6.760000e-08
-3.279272e-03
-5.962667e-05
3.388258e-03
-4.929167e-05
-6.760000e-08
8.373711e-04
-6.021000e-05
-7.287498e-04
-4.834375e-05
-6.760000e-08
6.540243e-04
-5.988000e-05
-5.451967e-04
-4.888000e-05
-6.760000e-08
-2.052000e-04
-2.585305e-04
-1.998000e-04
6.635981e-04
-6.760000e-08
2.941271e-04
-7.517250e-05
-4.008750e-04
1.819880e-04
-6.760000e-08
-2.052000e-04
-3.901480e-04
-1.998000e-04
7.952156e-04
-6.760000e-08
1.599869e-03
-7.973333e-06
-1.458600e-03
-1.332283e-04
-6.760000e-08
-2.043750e-04
-3.917378e-04
-2.008313e-04
7.970116e-04
-6.760000e-08
1.599869e-03
-7.973333e-06
-1.458600e-03
-1.332283e-04
-6.760000e-08
-1.465791e-03
-6.021000e-05
1.574412e-03
-4.834375e-05
-6.760000e-08
-2.043750e-04
9.593280e-04
-2.008313e-04
-5.540541e-04
-6.760000e-08
-2.076000e-04
-2.287547e-03
-1.968000e-04
2.692014e-03
-6.760000e-08
-6.688105e-04
-7.720000e-06
8.102381e-04
-1.336400e-04
-6.760000e-08
-2.043750e-04
9.593280e-04
-2.008313e-04
-5.540541e-04
-6.760000e-08
-8.249643e-04
-5.125667e-05
9.391815e-04
-6.289292e-05
-6.760000e-08
5.515244e-04
-7.390000e-06
-4.098905e-04
-1.341762e-04
-6.760000e-08
-3.356000e-04
1.318584e-03
-3.680000e-05
-9.461167e-04
-6.760000e-08
4.255535e-04
-6.650800e-04
-2.064000e-04
4.459941e-04
-6.760000e-08
1.599869e-03
-7.973333e-06
-1.458600e-03
-1.332283e-04
-6.760000e-08
6.675015e-04
-5.988000e-05
-5.586739e-04
-4.888000e-05
-6.760000e-08
3.433060e-04
-6.021000e-05
-2.346847e-04
-4.834375e-05
-6.760000e-08
-4.509530e-03
-6.836364e-06
4.651510e-03
-1.350759e-04
-6.760000e-08
1.182055e-03
-5.997714e-05
-1.073288e-03
-4.872214e-05
2.855111e-04
2.200550e-04
-5.987036e-05
-3.991297e-04
-4.656608e-05
2.855111e-04
2.200550e-04
-5.987036e-05
-3.991297e-04
-4.656608e-05
2.855111e-04
-1.995654e-04
-6.652154e-04
-1.995654e-04
7.788350e-04
1.197939e-03
-1.963307e-04
-6.544307e-04
-1.963307e-04
-1.508470e-04
1.197939e-03
-7.005670e-04
-5.890073e-05
-3.926593e-04
-4.581216e-05
5.721336e-04
-1.930961e-04
-6.436461e-04
-1.930961e-04
4.577047e-04
3.497426e-04
-1.898615e-04
-6.328615e-04
-1.898615e-04
6.628418e-04
7.304249e-04
-2.740222e-04
-5.405255e-05
-3.603076e-04
-4.204255e-05
7.304249e-04
-9.608076e-04
-6.012550e-06
3.565028e-04
-1.201076e-04
7.304249e-04
-9.608076e-04
-6.012550e-06
3.565028e-04
-1.201076e-04
7.304249e-04
-9.608076e-04
-6.012550e-06
3.565028e-04
-1.201076e-04
7.304249e-04
-2.740222e-04
-5.405255e-05
-3.603076e-04
-4.204255e-05
7.304249e-04
-1.801576e-04
-6.005076e-04
-1.801576e-04
2.303978e-04
7.304249e-04
-1.801576e-04
-6.005076e-04
-1.801576e-04
2.303978e-04
1.303411e-01
