-1.925549e-05
2.665744e-04
-2.928826e-05
-1.952508e-04
-2.277993e-05
-3.330000e-08
3.422442e-03
-2.990500e-05
-3.369088e-03
-2.341562e-05
-3.330000e-08
-1.658333e-04
9.089488e-04
-1.748333e-05
-7.255988e-04
-3.330000e-08
-1.034111e-04
-1.500043e-03
-9.551111e-05
1.698998e-03
-3.330000e-08
1.703583e-04
-2.985333e-05
-1.169721e-04
-2.349958e-05
-3.330000e-08
2.247150e-03
-2.022630e-03
-1.984938e-04
-2.599375e-05
-3.330000e-08
-1.659167e-04
3.112259e-03
-1.737917e-05
-2.928930e-03
-3.330000e-08
-1.113111e-04
-3.243100e-04
-4.259291e-03
4.694945e-03
-3.330000e-08
-8.466741e-04
-2.936333e-05
9.003665e-04
-2.429583e-05
-3.330000e-08
-1.001917e-04
-2.496762e-04
-9.953542e-05
4.494366e-04
-3.330000e-08
-4.853493e-03
-4.032222e-06
4.923018e-03
-6.545889e-05
-3.330000e-08
8.277647e-03
-3.446667e-06
-8.207756e-03
-6.641042e-05
-3.330000e-08
1.457072e-02
-2.913032e-05
-1.451689e-02
-2.467447e-05
-3.330000e-08
-5.213889e-04
-1.202000e-05
1.301326e-04
4.033096e-04
-3.330000e-08
-1.003136e-04
-3.326850e-04
-1.808391e-03
2.241423e-03
-3.330000e-08
-1.652556e-04
-9.747485e-03
-1.820556e-05
9.930979e-03
-3.330000e-08
-1.005667e-04
1.087703e-03
-9.906667e-05
-8.880360e-04
-3.330000e-08
2.544419e-04
-2.936333e-05
-2.007494e-04
-2.429583e-05
-3.330000e-08
8.030131e-04
-2.803222e-05
-7.484887e-04
-2.645889e-05
-3.330000e-08
-1.001917e-04
1.142213e-04
-9.953542e-05
8.553909e-05
-3.330000e-08
-7.795306e-03
-3.317260e-04
-1.003200e-04
8.227386e-03
-3.330000e-08
2.156333e-03
-1.933006e-03
-1.996250e-04
-2.366955e-05
-3.330000e-08
-1.662200e-04
6.110586e-03
-1.700000e-05
-5.927333e-03
-3.330000e-08
-1.625583e-04
-1.294810e-03
-2.157708e-05
1.478979e-03
-3.330000e-08
-5.229417e-04
-1.083750e-05
6.059877e-04
-7.217522e-05
-3.330000e-08
3.426808e-03
-3.596667e-06
-3.357012e-03
-6.616667e-05
-3.330000e-08
-1.643083e-04
1.175649e-03
-1.938958e-05
-9.919180e-04
-3.330000e-08
3.627723e-03
-3.520000e-06
-3.557879e-03
-6.629125e-05
-3.330000e-08
-1.662083e-04
1.355620e-04
-1.701458e-05
4.769421e-05
-3.330000e-08
-3.646219e-03
-3.692111e-04
4.047841e-03
-3.237750e-05
-3.330000e-08
5.669874e-04
-3.936667e-06
-4.974032e-04
-6.561417e-05
-3.330000e-08
-1.647444e-04
1.316058e-03
-1.884444e-05
-1.132436e-03
5.044559e-04
-9.726754e-05
-3.242231e-04
-9.726754e-05
1.430230e-05
-3.330000e-08
-1.166289e-03
-2.970333e-05
1.219769e-03
-2.374333e-05
-3.330000e-08
-3.841667e-04
-1.165200e-04
6.920752e-03
-6.420032e-03
-3.330000e-08
-6.581672e-03
6.931642e-03
-7.953333e-05
-2.704033e-04
-3.330000e-08
-1.785045e-02
-2.928222e-05
1.790419e-02
-2.442764e-05
-3.330000e-08
-1.200972e-04
-1.222558e-02
-7.465347e-05
1.242037e-02
-3.330000e-08
-1.664364e-04
2.516327e-03
-1.672955e-05
-2.333128e-03
-3.330000e-08
6.661245e-03
-3.442000e-06
-6.591352e-03
-6.641800e-05
-3.330000e-08
-1.415929e-03
-3.460000e-06
1.485811e-03
-6.638875e-05
-3.330000e-08
8.140369e-03
-3.442000e-06
-8.070476e-03
-6.641800e-05
-3.330000e-08
-1.005667e-04
-1.209147e-03
-9.906667e-05
1.408814e-03
-3.330000e-08
-1.415929e-03
-3.460000e-06
1.485811e-03
-6.638875e-05
-3.330000e-08
-1.664364e-04
2.464633e-03
-1.672955e-05
-2.281434e-03
-3.330000e-08
2.011733e-03
-2.994455e-05
-1.958404e-03
-2.335136e-05
-3.330000e-08
-7.140641e-03
-2.173000e-05
7.199105e-03
-3.670000e-05
-3.330000e-08
-1.662200e-04
9.866763e-03
-1.700000e-05
-9.683510e-03
-3.330000e-08
-1.003136e-04
-3.326850e-04
-9.758685e-04
1.408900e-03
-3.330000e-08
-1.408689e-03
-3.355455e-06
1.478636e-03
-6.655864e-05
-8.766731e-04
1.129511e-03
-2.994140e-05
-1.996091e-04
-2.328776e-05
-3.330000e-08
-1.113111e-04
-3.243100e-04
3.086587e-03
-2.650932e-03
-3.330000e-08
-1.662083e-04
-2.580798e-03
-1.701458e-05
2.764054e-03
-3.330000e-08
-1.003750e-04
1.552755e-03
-9.930625e-05
-1.353040e-03
2.962562e-03
-9.726754e-05
-3.242231e-04
-9.726754e-05
-2.443804e-03
-3.330000e-08
5.805788e-04
-2.970333e-05
-5.270988e-04
-2.374333e-05
-3.330000e-08
-1.660250e-04
-3.578666e-03
-1.724375e-05
3.761968e-03
-3.330000e-08
-9.851419e-04
-3.315213e-04
-1.003875e-04
1.417084e-03
-3.330000e-08
-1.660250e-04
-3.578666e-03
-1.724375e-05
3.761968e-03
-3.330000e-08
-1.682875e-04
1.466888e-03
-9.005919e-04
-3.979750e-04
-3.330000e-08
-3.071438e-03
-3.355455e-06
3.141386e-03
-6.655864e-05
-3.330000e-08
-1.014167e-04
7.697449e-04
-9.800417e-05
-5.702907e-04
-2.276669e-03
-1.017004e-04
-3.312381e-04
3.442555e-03
-7.329475e-04
-3.330000e-08
-1.014167e-04
-3.313711e-04
-9.800417e-05
5.308252e-04
-2.276669e-03
-7.874479e-04
3.467854e-03
-2.812301e-05
-3.756138e-04
-2.276669e-03
4.403544e-03
-2.872806e-05
-2.072887e-03
-2.525943e-05
-2.276669e-03
-3.670465e-04
-1.291669e-04
-1.769774e-02
2.047062e-02
-2.276669e-03
2.016576e-05
2.057622e-03
3.252924e-04
-1.264114e-04
-3.558315e-04
6.313194e-03
-5.414384e-03
-3.773204e-05
-5.052461e-04
-3.558315e-04
-2.047421e-03
-3.775474e-03
-2.208343e-05
6.200810e-03
-3.330000e-08
-1.043222e-04
6.360627e-03
-9.437222e-05
-6.161899e-03
-3.330000e-08
9.195584e-03
-6.105556e-06
-9.127355e-03
-6.208972e-05
-3.330000e-08
-9.198169e-03
9.452584e-03
-1.701458e-04
-8.423583e-05
-3.330000e-08
4.974588e-03
-4.745542e-03
-1.942022e-04
-3.481089e-05
-3.330000e-08
-1.001800e-04
-9.678444e-03
-9.955000e-05
9.878207e-03
-3.330000e-08
8.742202e-04
-6.389614e-04
-1.883111e-04
-4.691444e-05
-3.330000e-08
-3.071438e-03
-3.355455e-06
3.141386e-03
-6.655864e-05
-3.330000e-08
-2.291420e-03
-3.355455e-06
2.361367e-03
-6.655864e-05
-3.330000e-08
-1.007473e-02
-2.947222e-05
1.012835e-02
-2.411889e-05
2.141954e-03
-1.913268e-03
-2.708321e-05
-1.805365e-04
-2.106543e-05
2.141954e-03
-8.379627e-03
-2.526321e-05
6.286959e-03
-2.402293e-05
2.141954e-03
-9.026988e-05
-3.008921e-04
-9.026988e-05
-1.660522e-03
2.141954e-03
-1.913268e-03
-2.708321e-05
-1.805365e-04
-2.106543e-05
2.141954e-03
-4.814254e-04
-3.012100e-06
-1.597335e-03
-6.018099e-05
2.141954e-03
-9.026988e-05
-3.008921e-04
-9.026988e-05
-1.660522e-03
2.141954e-03
-1.913268e-03
-2.708321e-05
-1.805365e-04
-2.106543e-05
2.141954e-03
-4.814254e-04
-3.012100e-06
-1.597335e-03
-6.018099e-05
2.141954e-03
-1.504477e-04
-1.615388e-03
-1.504766e-05
-3.610699e-04
2.141954e-03
-5.154802e-03
-9.340318e-04
4.045635e-03
-9.875488e-05
2.141954e-03
-1.913268e-03
-2.708321e-05
-1.805365e-04
-2.106543e-05
2.141954e-03
-4.814254e-04
-3.012100e-06
-1.597335e-03
-6.018099e-05
2.141954e-03
-1.327365e-04
4.269648e-03
-1.062914e-03
-5.215951e-03
2.141954e-03
-6.784303e-04
-1.257523e-03
-1.763657e-04
-2.963460e-05
2.141954e-03
-9.026988e-05
-3.008921e-04
-9.026988e-05
-1.660522e-03
2.141954e-03
-4.814254e-04
-3.012100e-06
-1.597335e-03
-6.018099e-05
2.141954e-03
-1.913268e-03
-2.708321e-05
-1.805365e-04
-2.106543e-05
2.141954e-03
-4.814254e-04
-3.012100e-06
-1.597335e-03
-6.018099e-05
-3.330000e-08
-3.448953e-03
3.932918e-03
-4.487085e-04
-3.522333e-05
-3.330000e-08
4.790761e-03
-2.353310e-04
-4.509726e-03
-4.567000e-05
-3.330000e-08
-1.000625e-04
-3.502011e-03
-9.969688e-05
3.701804e-03
-3.330000e-08
2.197124e-04
5.364279e-06
-1.979667e-04
-2.707667e-05
2.916898e-05
-9.890033e-05
-3.296670e-04
-9.890033e-05
4.982987e-04
2.916898e-05
-1.648337e-04
5.477487e-04
-1.648367e-05
-3.956003e-04
2.916898e-05
2.213787e-04
-2.967033e-05
-1.978003e-04
-2.307700e-05
2.916898e-05
-5.274670e-04
-3.297000e-06
5.675287e-04
-6.593367e-05
2.916898e-05
-5.274670e-04
-3.297000e-06
5.675287e-04
-6.593367e-05
2.916898e-05
2.213787e-04
-2.967033e-05
-1.978003e-04
-2.307700e-05
2.916898e-05
-1.648337e-04
5.477487e-04
-1.648367e-05
-3.956003e-04
2.916898e-05
-1.648337e-04
5.477487e-04
-1.648367e-05
-3.956003e-04
2.916898e-05
2.213787e-04
-2.967033e-05
-1.978003e-04
-2.307700e-05
2.916898e-05
-9.890033e-05
-3.296670e-04
-9.890033e-05
4.982987e-04
2.916898e-05
-5.274670e-04
-3.297000e-06
5.675287e-04
-6.593367e-05
2.916898e-05
-1.648337e-04
5.477487e-04
-1.648367e-05
-3.956003e-04
-3.330000e-08
-1.662083e-04
1.355620e-04
-1.701458e-05
4.769421e-05
-3.330000e-08
-1.657697e-04
3.167218e-03
-1.756288e-05
-2.983852e-03
-3.330000e-08
5.104554e-03
-8.363333e-06
-5.037737e-03
-5.842083e-05
4.540798e-04
-5.187564e-04
-3.243100e-06
1.327651e-04
-6.484532e-05
4.540798e-04
-5.187564e-04
-3.243100e-06
1.327651e-04
-6.484532e-05
4.540798e-04
-9.726754e-05
-3.242231e-04
-9.726754e-05
6.467840e-05
4.540798e-04
-2.076683e-04
-2.918088e-05
-1.945342e-04
-2.269643e-05
4.540798e-04
-5.187564e-04
-3.243100e-06
1.327651e-04
-6.484532e-05
4.540798e-04
-1.621120e-04
1.133117e-04
-1.621199e-05
-3.890675e-04
4.540798e-04
-1.621120e-04
1.133117e-04
-1.621199e-05
-3.890675e-04
4.540798e-04
-9.726754e-05
-3.242231e-04
-9.726754e-05
6.467840e-05
4.540798e-04
-2.076683e-04
-2.918088e-05
-1.945342e-04
-2.269643e-05
4.540798e-04
-5.187564e-04
-3.243100e-06
1.327651e-04
-6.484532e-05
4.540798e-04
-1.621120e-04
1.133117e-04
-1.621199e-05
-3.890675e-04
4.540798e-04
-2.076683e-04
-2.918088e-05
-1.945342e-04
-2.269643e-05
4.540798e-04
-5.187564e-04
-3.243100e-06
1.327651e-04
-6.484532e-05
4.540798e-04
-2.076683e-04
-2.918088e-05
-1.945342e-04
-2.269643e-05
4.540798e-04
-2.076683e-04
-2.918088e-05
-1.945342e-04
-2.269643e-05
4.540798e-04
-5.187564e-04
-3.243100e-06
1.327651e-04
-6.484532e-05
4.540798e-04
-2.076683e-04
-2.918088e-05
-1.945342e-04
-2.269643e-05
4.540798e-04
-5.187564e-04
-3.243100e-06
1.327651e-04
-6.484532e-05
4.540798e-04
-2.076683e-04
-2.918088e-05
-1.945342e-04
-2.269643e-05
4.540798e-04
-9.726754e-05
-3.242231e-04
-9.726754e-05
6.467840e-05
4.540798e-04
-2.076683e-04
-2.918088e-05
-1.945342e-04
-2.269643e-05
4.540798e-04
-2.076683e-04
-2.918088e-05
-1.945342e-04
-2.269643e-05
4.540798e-04
-9.726754e-05
-3.242231e-04
-9.726754e-05
6.467840e-05
4.540798e-04
-2.076683e-04
-2.918088e-05
-1.945342e-04
-2.269643e-05
4.540798e-04
-2.076683e-04
-2.918088e-05
-1.945342e-04
-2.269643e-05
4.540798e-04
-9.726754e-05
-3.242231e-04
-9.726754e-05
6.467840e-05
4.540798e-04
-1.621120e-04
1.133117e-04
-1.621199e-05
-3.890675e-04
4.540798e-04
-2.076683e-04
-2.918088e-05
-1.945342e-04
-2.269643e-05
4.540798e-04
-5.187564e-04
-3.243100e-06
1.327651e-04
-6.484532e-05
4.540798e-04
-2.076683e-04
-2.918088e-05
-1.945342e-04
-2.269643e-05
4.540798e-04
-9.726754e-05
-3.242231e-04
-9.726754e-05
6.467840e-05
4.540798e-04
-1.027787e-04
8.922493e-04
-9.037866e-05
-1.153172e-03
4.540798e-04
-9.726754e-05
-3.242231e-04
-9.726754e-05
6.467840e-05
4.540798e-04
-5.187564e-04
-3.243100e-06
1.327651e-04
-6.484532e-05
4.540798e-04
-2.076683e-04
-2.918088e-05
-1.945342e-04
-2.269643e-05
4.540798e-04
-2.076683e-04
-2.918088e-05
-1.945342e-04
-2.269643e-05
4.540798e-04
-2.076683e-04
-2.918088e-05
-1.945342e-04
-2.269643e-05
4.540798e-04
-2.076683e-04
-2.918088e-05
-1.945342e-04
-2.269643e-05
4.540798e-04
-9.726754e-05
-3.242231e-04
-9.726754e-05
6.467840e-05
-3.330000e-08
-1.161333e-04
-7.224513e-04
-7.960833e-05
9.182263e-04
-3.330000e-08
-2.935568e-03
-2.926778e-05
2.989320e-03
-2.445111e-05
-3.330000e-08
-2.935568e-03
-2.926778e-05
2.989320e-03
-2.445111e-05
-3.330000e-08
-1.636500e-04
2.458452e-03
-2.021250e-05
-2.274556e-03
-3.330000e-08
-1.647444e-04
1.045348e-04
-1.884444e-05
7.908735e-05
-3.330000e-08
-1.649833e-04
5.811544e-04
-1.854583e-05
-3.975919e-04
-3.330000e-08
-1.119086e-03
-2.936333e-05
1.172778e-03
-2.429583e-05
-3.330000e-08
4.600727e-03
-6.043333e-06
-4.532460e-03
-6.219083e-05
-3.330000e-08
7.470081e-03
-7.086471e-03
-4.763333e-05
-3.359433e-04
-3.330000e-08
-4.741866e-03
5.002081e-03
-1.646458e-04
-9.553583e-05
-3.330000e-08
-1.079889e-04
-3.268400e-04
7.645888e-03
-7.211026e-03
-3.330000e-08
2.296245e-02
-8.371111e-06
-2.289564e-02
-5.840819e-05
-3.330000e-08
-8.602655e-04
-3.596667e-06
9.300621e-04
-6.616667e-05
4.852272e-03
-1.611924e-04
-5.657947e-03
-1.816742e-05
9.850347e-04
4.852272e-03
-3.217512e-03
-1.089492e-04
-7.429433e-03
5.903622e-03
-3.330000e-08
-1.097583e-04
-3.254925e-04
9.979915e-04
-5.627074e-04
-3.330000e-08
1.130561e-03
-2.970333e-05
-1.077081e-03
-2.374333e-05
-3.330000e-08
2.730001e-02
-1.988556e-05
-2.724040e-02
-3.969722e-05
-3.330000e-08
-2.217118e-04
-2.926778e-05
2.754640e-04
-2.445111e-05
-3.330000e-08
3.423019e-03
-1.602333e-05
-3.360989e-03
-4.597333e-05
-3.330000e-08
3.271507e-03
-5.284639e-05
-1.922583e-04
-3.026369e-03
-3.330000e-08
-7.494231e-03
-2.947222e-05
7.547855e-03
-2.411889e-05
-3.330000e-08
1.734190e-03
-4.078788e-06
-1.664694e-03
-6.538322e-05
-3.330000e-08
-1.069954e-03
4.690210e-03
-3.577990e-03
-4.223333e-05
-3.330000e-08
-4.254378e-03
-2.943667e-05
4.308025e-03
-2.417667e-05
-3.330000e-08
-1.647444e-04
4.736557e-03
-1.884444e-05
-4.552934e-03
-3.330000e-08
4.410310e-03
-2.926778e-05
-4.356558e-03
-2.445111e-05
-3.330000e-08
2.805527e-03
-2.759667e-05
-2.750730e-03
-2.716667e-05
-3.330000e-08
-1.623222e-04
-8.455920e-03
-2.187222e-05
8.640148e-03
-3.330000e-08
2.610502e-03
-3.520000e-06
-2.540657e-03
-6.629125e-05
-3.330000e-08
1.825331e-03
-1.577956e-03
-1.768222e-04
-7.051889e-05
-3.330000e-08
3.426808e-03
-3.596667e-06
-3.357012e-03
-6.616667e-05
-3.330000e-08
-1.660250e-04
-2.561445e-03
-1.724375e-05
2.744747e-03
-3.330000e-08
-1.054358e-04
-3.287843e-04
-4.032525e-03
4.466778e-03
2.850670e-03
-1.635892e-04
-1.002352e-02
-1.803922e-05
7.354481e-03
2.850670e-03
-5.231337e-04
-6.597000e-06
-4.232915e-03
1.911976e-03
2.850670e-03
-1.181780e-03
-6.203667e-06
-1.601476e-03
-6.121033e-05
2.850670e-03
-6.142846e-03
-2.955367e-05
3.344997e-03
-2.326658e-05
2.850670e-03
-9.896397e-05
-2.300540e-03
-9.882079e-05
-3.523448e-04
2.850670e-03
5.723204e-04
-3.903667e-06
-3.354139e-03
-6.494783e-05
2.850670e-03
-6.169036e-04
-2.964488e-05
-2.181003e-03
-2.311836e-05
-3.330000e-08
-1.005667e-04
-6.591655e-04
-9.906667e-05
8.588321e-04
-3.330000e-08
3.038637e-03
-1.062458e-02
-5.411667e-05
7.640089e-03
-3.330000e-08
-3.071438e-03
-3.355455e-06
3.141386e-03
-6.655864e-05
1.543137e-03
2.865335e-03
-2.905427e-05
-4.355133e-03
-2.428510e-05
1.543137e-03
-9.985440e-05
1.090077e-03
-9.835440e-05
-2.435006e-03
-3.330000e-08
-7.487386e-03
7.714138e-03
-1.963778e-04
-3.034111e-05
-3.330000e-08
-1.992721e-03
-3.327105e-04
-9.999545e-05
2.425460e-03
-3.330000e-08
-1.005667e-04
-6.591655e-04
-9.906667e-05
8.588321e-04
-3.330000e-08
1.333955e-03
-9.355869e-04
-3.363889e-05
-3.646956e-04
-3.330000e-08
-3.071438e-03
-3.355455e-06
3.141386e-03
-6.655864e-05
-3.330000e-08
-2.890189e-03
-2.978000e-05
2.943621e-03
-2.361875e-05
-3.330000e-08
-1.647106e-04
-4.298889e-06
2.340683e-04
-6.502556e-05
-3.330000e-08
1.632737e-03
-1.409409e-03
-1.996250e-04
-2.366955e-05
-3.330000e-08
-1.005667e-04
-1.209147e-03
-9.906667e-05
1.408814e-03
-3.330000e-08
-9.303925e-03
9.558211e-03
-1.702681e-04
-8.398472e-05
-3.330000e-08
-2.935568e-03
-2.926778e-05
2.989320e-03
-2.445111e-05
-3.330000e-08
-1.631715e-03
-2.978000e-05
1.685147e-03
-2.361875e-05
-3.330000e-08
-1.029875e-04
-3.306488e-04
1.784335e-03
-1.350665e-03
-3.330000e-08
-1.003750e-04
1.552755e-03
-9.930625e-05
-1.353040e-03
-3.330000e-08
-5.192086e-04
-2.909667e-05
5.730677e-04
-2.472917e-05
-3.330000e-08
-4.689997e-03
-4.032222e-06
4.759521e-03
-6.545889e-05
-3.330000e-08
-5.284667e-04
-6.630000e-06
9.310621e-04
-3.959321e-04
-3.330000e-08
-1.016556e-04
1.452485e-04
-9.770556e-05
5.414595e-05
-3.330000e-08
-5.304878e-03
5.564915e-03
-1.648139e-04
-9.519056e-05
-3.330000e-08
-1.113111e-04
-3.243100e-04
3.086587e-03
-2.650932e-03
-3.330000e-08
-5.291333e-04
1.974446e-03
-1.375346e-03
-6.993333e-05
-3.330000e-08
9.994671e-04
-7.712327e-04
-1.949722e-04
-3.322889e-05
-2.309105e-03
-1.569018e-04
9.741687e-04
-1.633307e-05
1.508172e-03
-2.032983e-03
-1.439799e-04
-9.240250e-07
2.195906e-03
-1.801875e-05
-2.032983e-03
2.101435e-03
-8.121803e-06
-5.400764e-05
-6.322358e-06
-2.032983e-03
-1.439799e-04
-9.240250e-07
2.195906e-03
-1.801875e-05
-3.330000e-08
1.584512e-02
5.811417e-03
-2.149924e-02
-1.572589e-04
-3.330000e-08
-1.982605e-02
1.029763e-02
6.403206e-03
3.125242e-03
-3.330000e-08
3.376533e-03
-1.916014e-02
-2.634097e-05
1.580998e-02
-3.330000e-08
-2.890189e-03
-2.978000e-05
2.943621e-03
-2.361875e-05
-3.330000e-08
-2.831309e-03
3.056386e-03
-1.979667e-04
-2.707667e-05
-3.330000e-08
-1.001800e-04
6.861591e-03
-9.955000e-05
-6.661828e-03
-7.574436e-04
1.003855e-03
-2.918088e-05
-1.945342e-04
-2.269643e-05
-3.330000e-08
-1.001917e-04
8.478015e-03
-9.953542e-05
-8.278255e-03
-3.330000e-08
-1.317432e-03
1.593452e-03
-1.496583e-04
-1.263283e-04
-3.330000e-08
-1.036542e-04
1.650428e-03
1.449114e-03
-2.995854e-03
-2.689311e-03
-1.058674e-02
-4.021290e-06
1.334537e-02
-6.530116e-05
-2.689311e-03
-5.065287e-03
-2.163796e-05
7.812909e-03
-3.667408e-05
-2.689311e-03
-1.860442e-02
1.239397e-02
-1.006592e-04
9.000420e-03
-3.330000e-08
-1.186196e-02
-2.886722e-05
1.191597e-02
-2.510201e-05
-3.330000e-08
-1.066889e-04
-4.176708e-03
-9.141389e-05
4.374844e-03
-3.330000e-08
-1.649833e-04
-7.923730e-04
-1.854583e-05
9.759355e-04
-3.330000e-08
-1.106229e-02
-2.073744e-05
1.112137e-02
-3.831290e-05
-3.330000e-08
5.887177e-04
-2.936333e-05
-5.350253e-04
-2.429583e-05
-3.330000e-08
-7.861626e-03
8.277098e-03
-1.742000e-05
-3.980180e-04
-3.330000e-08
-1.662200e-04
-8.074058e-03
-1.700000e-05
8.257311e-03
-3.330000e-08
-5.284667e-04
-6.630000e-06
-2.484492e-03
3.019622e-03
-3.330000e-08
-1.046947e-03
-1.397905e-03
-1.931667e-05
2.464202e-03
-3.330000e-08
-1.663375e-04
3.567944e-03
-1.685312e-05
-3.384720e-03
-3.330000e-08
1.413820e-03
-5.972222e-06
-1.345508e-03
-6.230639e-05
-3.330000e-08
-2.935568e-03
-2.926778e-05
2.989320e-03
-2.445111e-05
-3.330000e-08
-1.005667e-04
-6.591655e-04
-9.906667e-05
8.588321e-04
-3.330000e-08
-4.853493e-03
-4.032222e-06
4.923018e-03
-6.545889e-05
-3.330000e-08
-9.878790e-03
-3.442000e-06
9.948683e-03
-6.641800e-05
-3.330000e-08
-2.410184e-03
-3.355455e-06
2.480132e-03
-6.655864e-05
-3.330000e-08
3.789442e-03
-3.375092e-03
-1.848333e-05
-3.958333e-04
-3.330000e-08
7.637599e-03
1.509107e-04
-9.957222e-05
-7.688905e-03
-3.330000e-08
-1.005667e-04
1.648076e-03
-9.906667e-05
-1.448410e-03
-3.330000e-08
-4.269336e-03
-3.395000e-06
4.339259e-03
-6.649437e-05
-3.330000e-08
-1.647444e-04
4.736557e-03
-1.884444e-05
-4.552934e-03
-1.208395e-03
-1.658659e-04
-9.516642e-05
-1.722787e-05
1.486655e-03
-2.452178e-03
-5.313682e-04
-3.638700e-06
4.871842e-03
-1.884657e-03
-2.630922e-03
-9.871062e-05
-3.290345e-04
-9.871062e-05
3.157378e-03
-2.630922e-03
-5.264549e-04
-3.290738e-06
3.226475e-03
-6.580721e-05
-2.630922e-03
-5.264549e-04
-3.290738e-06
3.226475e-03
-6.580721e-05
1.432478e-03
1.621196e-01
