-3.020000e-08
-9.180556e-05
1.794253e-03
-8.909306e-05
-1.613324e-03
-3.020000e-08
-1.864352e-03
-2.669778e-05
1.913003e-03
-2.192361e-05
-3.020000e-08
2.963406e-04
-3.300000e-06
-2.330654e-04
-5.994500e-05
-3.020000e-08
-2.143321e-02
-1.822000e-05
2.148716e-02
-3.570000e-05
-3.020000e-08
-1.508600e-04
9.805056e-04
-1.527500e-05
-8.143404e-04
-3.020000e-08
-9.130000e-05
2.362403e-03
-8.972500e-05
-2.181348e-03
-3.020000e-08
-8.984958e-04
-2.669778e-05
9.471474e-04
-2.192361e-05
-3.020000e-08
-1.460800e-04
-1.540007e-03
-2.125000e-05
1.707367e-03
-3.020000e-08
-1.485400e-04
-3.395643e-04
-1.817500e-05
5.063095e-04
-3.020000e-08
-7.129618e-03
-2.525111e-05
7.179174e-03
-2.427444e-05
-3.020000e-08
-9.180556e-05
-6.048918e-04
-8.909306e-05
7.858206e-04
-3.020000e-08
-8.223695e-04
1.028236e-03
-1.778847e-04
-2.795139e-05
-3.020000e-08
1.381826e-03
-3.984444e-06
-1.318979e-03
-5.883278e-05
-3.020000e-08
1.357560e-02
-5.388000e-06
-1.351363e-02
-5.655200e-05
-3.020000e-08
-1.864352e-03
-2.669778e-05
1.913003e-03
-2.192361e-05
-3.020000e-08
-1.508600e-04
9.805056e-04
-1.527500e-05
-8.143404e-04
-3.020000e-08
-1.368929e-04
-3.110667e-06
2.002865e-04
-6.025267e-05
-3.020000e-08
-5.049249e-04
-3.063636e-06
5.683478e-04
-6.032909e-05
-3.020000e-08
-9.217862e-06
-3.502222e-06
7.236667e-05
-5.961639e-05
-3.020000e-08
-9.082667e-05
4.474907e-05
-9.031667e-05
1.364245e-04
-3.020000e-08
-4.672100e-04
-1.519700e-05
-3.135723e-04
7.960095e-04
-3.020000e-08
-6.337473e-04
-2.619600e-05
6.827125e-04
-2.273900e-05
-3.020000e-08
-1.908571e-02
6.564470e-03
1.261694e-02
-9.567011e-05
-3.020000e-08
-1.485400e-04
-5.046351e-04
-1.817500e-05
6.713803e-04
-3.020000e-08
2.963406e-04
-3.300000e-06
-2.330654e-04
-5.994500e-05
-3.020000e-08
-9.306000e-05
5.660945e-04
-8.752500e-05
-3.854793e-04
-3.020000e-08
-2.727078e-03
-2.669778e-05
2.775729e-03
-2.192361e-05
-3.020000e-08
-9.301111e-05
1.926517e-03
-8.758611e-05
-1.745890e-03
-3.020000e-08
3.493181e-03
-3.502222e-06
-3.430032e-03
-5.961639e-05
-3.020000e-08
1.077073e-04
-2.669778e-05
-5.905573e-05
-2.192361e-05
-3.020000e-08
2.057435e-02
-4.988000e-06
-2.051212e-02
-5.720200e-05
-3.020000e-08
-6.585451e-03
4.146040e-03
2.501905e-03
-6.246333e-05
-3.020000e-08
-8.633616e-03
8.846474e-03
-1.712542e-04
-4.157417e-05
-3.020000e-08
-3.740200e-03
3.946066e-03
-1.778847e-04
-2.795139e-05
-3.020000e-08
-2.325632e-02
-1.834356e-05
2.331019e-02
-3.549922e-05
-3.020000e-08
-7.127359e-03
-2.448889e-05
7.177391e-03
-2.551306e-05
-3.020000e-08
2.931567e-03
-3.502222e-06
-2.868418e-03
-5.961639e-05
-3.020000e-08
-1.968477e-03
-2.669778e-05
2.017129e-03
-2.192361e-05
-3.020000e-08
-9.515000e-05
-2.985350e-04
2.571563e-03
-2.177848e-03
-3.020000e-08
2.142981e-03
-3.502222e-06
-2.079832e-03
-5.961639e-05
-3.020000e-08
-9.373324e-03
-2.619600e-05
9.422289e-03
-2.273900e-05
-3.020000e-08
-6.337473e-04
-2.619600e-05
6.827125e-04
-2.273900e-05
-3.020000e-08
-5.049249e-04
-3.063636e-06
5.683478e-04
-6.032909e-05
-3.020000e-08
1.097147e-02
-4.004000e-06
-1.090864e-02
-5.880100e-05
-3.020000e-08
5.473751e-04
-4.004000e-06
-4.845399e-04
-5.880100e-05
-3.020000e-08
-3.759550e-03
-5.460639e-05
-1.721583e-04
3.986345e-03
-3.020000e-08
-1.508600e-04
3.469512e-04
-1.527500e-05
-1.807860e-04
-3.020000e-08
-3.738995e-03
-3.266528e-05
-1.793917e-04
3.951082e-03
-3.020000e-08
-5.127955e-03
-2.713636e-05
5.176333e-03
-2.121091e-05
-3.020000e-08
-1.485400e-04
-3.395643e-04
-1.817500e-05
5.063095e-04
-3.020000e-08
-1.503000e-04
6.938808e-04
-1.597500e-05
-5.275756e-04
-3.020000e-08
2.963406e-04
-3.300000e-06
-2.330654e-04
-5.994500e-05
-3.020000e-08
-7.158442e-05
-2.589200e-05
1.207396e-04
-2.323300e-05
-3.020000e-08
5.451683e-04
-4.004000e-06
-4.823331e-04
-5.880100e-05
-3.020000e-08
-9.843611e-05
-2.960325e-04
1.021615e-03
-6.271165e-04
-3.020000e-08
-9.082667e-05
7.043689e-04
-9.031667e-05
-5.231953e-04
-3.020000e-08
-9.306000e-05
2.798624e-03
-8.752500e-05
-2.618008e-03
-3.020000e-08
-1.368929e-04
-3.110667e-06
2.002865e-04
-6.025267e-05
3.436027e-04
-9.096011e-05
5.835547e-03
-8.938511e-05
-5.998805e-03
3.436027e-04
-9.026011e-05
-3.008668e-04
-9.026011e-05
1.377844e-04
3.436027e-04
-1.149436e-04
-2.707811e-05
-1.805201e-04
-2.106078e-05
3.436027e-04
-4.813868e-04
-3.008780e-06
2.009664e-04
-6.017345e-05
3.436027e-04
-9.026011e-05
-3.008668e-04
-9.026011e-05
1.377844e-04
3.436027e-04
-1.149436e-04
-2.707811e-05
-1.805201e-04
-2.106078e-05
-3.020000e-08
5.691208e-03
-3.984444e-06
-5.628361e-03
-5.883278e-05
-3.020000e-08
2.142981e-03
-3.502222e-06
-2.079832e-03
-5.961639e-05
-3.020000e-08
2.460222e-03
-2.713636e-05
-2.411845e-03
-2.121091e-05
-3.020000e-08
-1.042294e-03
-2.621556e-05
1.091247e-03
-2.270722e-05
-3.020000e-08
2.142981e-03
-3.502222e-06
-2.079832e-03
-5.961639e-05
-3.020000e-08
-2.236593e-03
-3.984444e-06
2.299440e-03
-5.883278e-05
-3.020000e-08
-2.026887e-03
-3.063636e-06
2.090310e-03
-6.032909e-05
-3.020000e-08
4.170105e-04
-3.110667e-06
-3.536170e-04
-6.025267e-05
-3.020000e-08
-5.049249e-04
-3.063636e-06
5.683478e-04
-6.032909e-05
-3.020000e-08
-1.122512e-02
-2.619600e-05
1.127409e-02
-2.273900e-05
-3.020000e-08
-1.497944e-04
-2.888588e-03
-1.660694e-05
3.055019e-03
-3.020000e-08
-1.485400e-04
-3.395643e-04
-1.817500e-05
5.063095e-04
-3.020000e-08
1.077073e-04
-2.669778e-05
-5.905573e-05
-2.192361e-05
-3.020000e-08
-4.672100e-04
-1.519700e-05
-1.312044e-03
1.794482e-03
-3.020000e-08
-4.828750e-04
-3.267500e-06
8.429927e-03
-7.943754e-03
-3.020000e-08
-4.566778e-04
-4.805545e-05
5.892745e-04
-8.451111e-05
-3.020000e-08
-9.180556e-05
-6.048918e-04
-8.909306e-05
7.858206e-04
-3.020000e-08
-9.180556e-05
7.589011e-04
-8.909306e-05
-5.779723e-04
-3.020000e-08
-1.507733e-04
-4.876044e-04
-1.538333e-05
6.537913e-04
-3.020000e-08
-2.972184e-03
-2.573333e-05
3.021438e-03
-2.349083e-05
-3.020000e-08
-2.433488e-03
-2.690000e-05
2.482013e-03
-2.159500e-05
-3.020000e-08
-3.185217e-03
-2.669778e-05
3.233868e-03
-2.192361e-05
-3.020000e-08
-2.736563e-03
-2.619600e-05
2.785528e-03
-2.273900e-05
-3.020000e-08
2.931567e-03
-3.502222e-06
-2.868418e-03
-5.961639e-05
-3.020000e-08
-9.130909e-05
-3.014600e-04
-3.589612e-04
7.517605e-04
-3.020000e-08
-1.507909e-04
7.240992e-03
-1.536136e-05
-7.074810e-03
-3.020000e-08
-1.632219e-03
-2.619600e-05
1.681185e-03
-2.273900e-05
-3.020000e-08
2.981598e-04
-2.669778e-05
-2.495082e-04
-2.192361e-05
-3.020000e-08
5.347928e-04
-2.669778e-05
-4.861412e-04
-2.192361e-05
-3.020000e-08
6.448460e-04
-3.502222e-06
-5.816972e-04
-5.961639e-05
-3.020000e-08
-5.049249e-04
-3.063636e-06
5.683478e-04
-6.032909e-05
-3.020000e-08
-1.509500e-04
7.706046e-03
-1.516250e-05
-7.539904e-03
-3.020000e-08
7.230592e-04
-2.712400e-05
-6.746740e-04
-2.123100e-05
-3.020000e-08
-5.049249e-04
-3.063636e-06
5.683478e-04
-6.032909e-05
-3.020000e-08
-2.026887e-03
-3.063636e-06
2.090310e-03
-6.032909e-05
-3.020000e-08
-6.405193e-04
-2.690000e-05
6.890445e-04
-2.159500e-05
-3.020000e-08
-7.196070e-03
-3.103636e-06
7.259468e-03
-6.026409e-05
-3.020000e-08
-5.798136e-03
6.007499e-03
-1.745694e-04
-3.476278e-05
-3.020000e-08
4.977750e-04
-2.713636e-05
-4.493975e-04
-2.121091e-05
-3.020000e-08
5.347928e-04
-2.669778e-05
-4.861412e-04
-2.192361e-05
-3.020000e-08
-7.874949e-04
9.969991e-04
-1.744350e-04
-3.503900e-05
4.597288e-04
-2.347881e-04
-2.663810e-05
-1.775839e-04
-2.071866e-05
4.597288e-04
-1.479867e-04
5.822440e-05
-1.479921e-05
-3.551673e-04
4.597288e-04
-2.347881e-04
-2.663810e-05
-1.775839e-04
-2.071866e-05
4.597288e-04
-8.879227e-05
-2.959728e-04
-8.879227e-05
1.382857e-05
4.597288e-04
-4.735562e-04
-2.960325e-06
7.598274e-05
-5.919505e-05
4.597288e-04
-4.735562e-04
-2.960325e-06
7.598274e-05
-5.919505e-05
4.597288e-04
-8.879227e-05
-2.959728e-04
-8.879227e-05
1.382857e-05
4.597288e-04
-4.735562e-04
-2.960325e-06
7.598274e-05
-5.919505e-05
4.597288e-04
-4.735562e-04
-2.960325e-06
7.598274e-05
-5.919505e-05
4.597288e-04
-2.347881e-04
-2.663810e-05
-1.775839e-04
-2.071866e-05
4.597288e-04
-1.479867e-04
5.822440e-05
-1.479921e-05
-3.551673e-04
4.597288e-04
-2.347881e-04
-2.663810e-05
-1.775839e-04
-2.071866e-05
4.597288e-04
-4.735562e-04
-2.960325e-06
7.598274e-05
-5.919505e-05
4.597288e-04
-2.347881e-04
-2.663810e-05
-1.775839e-04
-2.071866e-05
4.597288e-04
-1.479867e-04
5.822440e-05
-1.479921e-05
-3.551673e-04
4.597288e-04
-8.879227e-05
-2.959728e-04
-8.879227e-05
1.382857e-05
4.597288e-04
-2.347881e-04
-2.663810e-05
-1.775839e-04
-2.071866e-05
4.597288e-04
-8.879227e-05
-2.959728e-04
-8.879227e-05
1.382857e-05
4.597288e-04
-8.879227e-05
-2.959728e-04
-8.879227e-05
1.382857e-05
4.597288e-04
-4.735562e-04
-2.960325e-06
7.598274e-05
-5.919505e-05
4.597288e-04
-4.735562e-04
-2.960325e-06
7.598274e-05
-5.919505e-05
4.597288e-04
-1.479867e-04
5.822440e-05
-1.479921e-05
-3.551673e-04
4.597288e-04
-2.347881e-04
-2.663810e-05
-1.775839e-04
-2.071866e-05
4.597288e-04
-3.535107e-03
-2.519144e-05
3.123639e-03
-2.306949e-05
4.597288e-04
-4.735562e-04
-2.960325e-06
7.598274e-05
-5.919505e-05
4.597288e-04
-1.479867e-04
5.822440e-05
-1.479921e-05
-3.551673e-04
4.597288e-04
-1.479867e-04
5.822440e-05
-1.479921e-05
-3.551673e-04
4.597288e-04
-2.347881e-04
-2.663810e-05
-1.775839e-04
-2.071866e-05
4.597288e-04
-1.479867e-04
5.822440e-05
-1.479921e-05
-3.551673e-04
4.597288e-04
-1.479867e-04
5.822440e-05
-1.479921e-05
-3.551673e-04
4.597288e-04
-8.879227e-05
-2.959728e-04
-8.879227e-05
1.382857e-05
4.597288e-04
-4.735562e-04
-2.960325e-06
7.598274e-05
-5.919505e-05
4.597288e-04
-4.952811e-04
-3.003961e-06
9.768038e-05
-5.912414e-05
4.597288e-04
-2.347881e-04
-2.663810e-05
-1.775839e-04
-2.071866e-05
4.597288e-04
-8.879227e-05
-2.959728e-04
-8.879227e-05
1.382857e-05
4.597288e-04
-8.879227e-05
-2.959728e-04
-8.879227e-05
1.382857e-05
4.597288e-04
-1.479867e-04
5.822440e-05
-1.479921e-05
-3.551673e-04
4.597288e-04
-1.479867e-04
5.822440e-05
-1.479921e-05
-3.551673e-04
4.597288e-04
-8.879227e-05
-2.959728e-04
-8.879227e-05
1.382857e-05
4.597288e-04
-4.735562e-04
-2.960325e-06
7.598274e-05
-5.919505e-05
4.597288e-04
-2.347881e-04
-2.663810e-05
-1.775839e-04
-2.071866e-05
4.597288e-04
-2.347881e-04
-2.663810e-05
-1.775839e-04
-2.071866e-05
4.597288e-04
-8.879227e-05
-2.959728e-04
-8.879227e-05
1.382857e-05
4.597288e-04
-4.735562e-04
-2.960325e-06
7.598274e-05
-5.919505e-05
4.597288e-04
-4.735562e-04
-2.960325e-06
7.598274e-05
-5.919505e-05
4.597288e-04
-4.952811e-04
-3.003961e-06
9.768038e-05
-5.912414e-05
4.597288e-04
-2.347881e-04
-2.663810e-05
-1.775839e-04
-2.071866e-05
4.597288e-04
2.118558e-03
-2.470921e-05
-2.529725e-03
-2.385310e-05
-3.020000e-08
4.584258e-04
-2.669778e-05
-4.097742e-04
-2.192361e-05
-3.020000e-08
-7.217795e-03
-3.147273e-06
7.281165e-03
-6.019318e-05
-3.020000e-08
-2.571912e-03
-3.015036e-04
-9.076364e-05
2.964209e-03
-3.020000e-08
-4.753639e-04
-8.987500e-06
-1.649870e-03
2.134252e-03
-3.020000e-08
1.077073e-04
-2.669778e-05
-5.905573e-05
-2.192361e-05
-3.020000e-08
-5.049249e-04
-3.063636e-06
5.683478e-04
-6.032909e-05
-3.020000e-08
-9.070909e-05
-2.532459e-03
-9.046364e-05
2.713662e-03
-3.020000e-08
-1.464816e-04
5.242573e-03
-2.074798e-05
-5.075313e-03
-3.020000e-08
3.163516e-04
5.768251e-05
-1.841528e-05
-3.555886e-04
-3.020000e-08
-7.988181e-04
-2.619600e-05
8.477833e-04
-2.273900e-05
-3.020000e-08
-1.497944e-04
1.258991e-03
-1.660694e-05
-1.092560e-03
-3.020000e-08
2.084684e-03
-3.984444e-06
-2.021836e-03
-5.883278e-05
-3.020000e-08
-1.485400e-04
-2.541299e-03
-1.817500e-05
2.708045e-03
-3.020000e-08
6.072586e-04
-4.013923e-04
-1.778847e-04
-2.795139e-05
-3.020000e-08
2.142981e-03
-3.502222e-06
-2.079832e-03
-5.961639e-05
-3.020000e-08
-5.049249e-04
-3.063636e-06
5.683478e-04
-6.032909e-05
-3.020000e-08
-8.377044e-03
-3.083636e-06
8.440454e-03
-6.029659e-05
-3.020000e-08
-5.905499e-03
-2.690000e-05
5.954024e-03
-2.159500e-05
-3.020000e-08
-5.049249e-04
-3.063636e-06
5.683478e-04
-6.032909e-05
-3.020000e-08
-3.658130e-03
-3.156000e-06
3.721496e-03
-6.017900e-05
-3.020000e-08
-1.506600e-04
3.702798e-03
-1.552500e-05
-3.536582e-03
-3.020000e-08
-1.461778e-04
2.872473e-03
-2.112778e-05
-2.705137e-03
-3.020000e-08
-3.990480e-03
-3.040000e-06
4.053917e-03
-6.036750e-05
-3.020000e-08
-5.049249e-04
-3.063636e-06
5.683478e-04
-6.032909e-05
-3.020000e-08
-5.049249e-04
-3.063636e-06
5.683478e-04
-6.032909e-05
-3.020000e-08
-2.048612e-03
-3.107273e-06
2.112008e-03
-6.025818e-05
-3.020000e-08
2.029072e-02
-1.998774e-02
-8.579639e-05
-2.171511e-04
-3.020000e-08
-1.497944e-04
1.258991e-03
-1.660694e-05
-1.092560e-03
-3.020000e-08
-9.180556e-05
-5.285248e-04
-8.909306e-05
7.094536e-04
-2.695421e-04
4.986477e-04
-2.713096e-05
-1.808728e-04
-2.110187e-05
-3.020000e-08
4.650564e-04
-2.591900e-04
-1.778847e-04
-2.795139e-05
-3.020000e-08
-9.180556e-05
1.794253e-03
-8.909306e-05
-1.613324e-03
-3.020000e-08
2.473428e-03
-3.502222e-06
-2.410279e-03
-5.961639e-05
-3.020000e-08
-9.268847e-04
-3.076000e-06
9.902999e-04
-6.030900e-05
-3.020000e-08
1.468973e-03
-2.708933e-05
-1.420566e-03
-2.128733e-05
-3.020000e-08
-5.049249e-04
-3.063636e-06
5.683478e-04
-6.032909e-05
-3.020000e-08
-5.049249e-04
-3.063636e-06
5.683478e-04
-6.032909e-05
-3.020000e-08
-5.049249e-04
-3.063636e-06
5.683478e-04
-6.032909e-05
-3.020000e-08
3.258342e-03
-5.842081e-03
-1.992222e-05
2.603691e-03
-3.020000e-08
-1.216012e-03
-3.502222e-06
1.279161e-03
-5.961639e-05
-3.020000e-08
-6.706603e-04
-2.708933e-05
7.190672e-04
-2.128733e-05
-3.020000e-08
-1.864352e-03
-2.669778e-05
1.913003e-03
-2.192361e-05
-3.020000e-08
-1.391670e-03
1.768542e-03
-1.572333e-05
-3.611193e-04
-3.020000e-08
-8.110689e-03
-3.040000e-06
8.174127e-03
-6.036750e-05
-3.020000e-08
5.473751e-04
-4.004000e-06
-4.845399e-04
-5.880100e-05
-3.020000e-08
5.347928e-04
-2.669778e-05
-4.861412e-04
-2.192361e-05
-3.020000e-08
-9.180556e-05
8.140731e-04
-8.909306e-05
-6.331443e-04
-7.178234e-03
7.407564e-03
-2.715753e-05
-1.810500e-04
-2.112253e-05
-3.020000e-08
7.407164e-03
-2.716000e-05
-7.358801e-03
-2.117250e-05
5.951722e-03
-5.722617e-03
-2.713096e-05
-1.808728e-04
-2.110187e-05
5.951722e-03
-5.722617e-03
-2.713096e-05
-1.808728e-04
-2.110187e-05
2.504062e-03
-9.036144e-05
-3.012046e-04
-9.036144e-05
-2.022135e-03
2.504062e-03
-1.506024e-04
-1.976954e-03
-1.506031e-05
-3.614455e-04
-4.456791e-03
4.685327e-03
-2.706354e-05
-1.804229e-04
-2.104945e-05
-1.167364e-02
-9.006154e-05
-3.002047e-04
-9.006154e-05
1.215397e-02
-1.706792e-02
-8.967304e-05
-2.989094e-04
-8.967304e-05
1.754617e-02
-1.706792e-02
1.729509e-02
-2.690213e-05
-1.793458e-04
-2.092395e-05
-7.336554e-03
7.562435e-03
-2.674930e-05
-1.783259e-04
-2.080512e-05
-7.336554e-03
-4.755350e-04
-2.972570e-06
7.874504e-03
-5.944230e-05
-7.336554e-03
-4.755350e-04
-2.972570e-06
7.874504e-03
-5.944230e-05
-7.336554e-03
7.562435e-03
-2.674930e-05
-1.783259e-04
-2.080512e-05
-7.336554e-03
-1.486050e-04
7.856672e-03
-1.486093e-05
-3.566514e-04
-7.336554e-03
-8.916321e-05
-2.972096e-04
-8.916321e-05
7.812090e-03
