-1.590000e-08
1.817913e-03
-1.423471e-05
-1.792410e-03
-1.125235e-05
-1.590000e-08
-9.758315e-03
4.205891e-03
-7.039687e-05
5.622837e-03
-1.590000e-08
7.897277e-05
-1.665294e-06
-4.561393e-05
-3.167765e-05
-1.590000e-08
4.067119e-03
-2.556667e-06
-4.034318e-03
-3.022917e-05
-1.590000e-08
9.362445e-03
-6.035000e-06
-9.331817e-03
-2.457687e-05
-1.590000e-08
8.571291e-05
-2.225000e-06
-5.270389e-05
-3.076813e-05
-1.590000e-08
-9.620405e-04
-1.423471e-05
9.875435e-04
-1.125235e-05
-1.590000e-08
3.871738e-03
-2.631961e-06
-3.838983e-03
-3.010681e-05
-1.590000e-08
-7.931176e-05
-5.547393e-05
-8.185294e-06
1.429869e-04
-1.590000e-08
2.360334e-03
-2.556667e-06
-2.327533e-03
-3.022917e-05
-1.590000e-08
-1.335242e-03
-1.113500e-05
1.362682e-03
-1.628937e-05
-1.590000e-08
1.955726e-03
-2.225000e-06
-1.922717e-03
-3.076813e-05
-2.294696e-04
3.495946e-04
-1.422539e-05
-9.483539e-05
-1.106421e-05
-2.294696e-04
3.495946e-04
-1.422539e-05
-9.483539e-05
-1.106421e-05
-2.294696e-04
3.495946e-04
-1.422539e-05
-9.483539e-05
-1.106421e-05
-2.294696e-04
-4.741774e-05
-1.580589e-04
-4.741774e-05
4.823640e-04
-2.294696e-04
-4.741774e-05
-1.580589e-04
-4.741774e-05
4.823640e-04
-2.294696e-04
-2.528942e-04
-1.580682e-06
5.155564e-04
-3.161186e-05
-2.294696e-04
-2.528942e-04
-1.580682e-06
5.155564e-04
-3.161186e-05
-2.294696e-04
-4.741774e-05
-1.580589e-04
-4.741774e-05
4.823640e-04
-2.294696e-04
-4.741774e-05
-1.580589e-04
-4.741774e-05
4.823640e-04
-2.294696e-04
-2.528942e-04
-1.580682e-06
5.155564e-04
-3.161186e-05
-2.294696e-04
-7.902951e-05
5.060728e-04
-7.903035e-06
-1.896707e-04
-1.590000e-08
-7.931176e-05
5.051317e-04
-8.185294e-06
-4.176188e-04
-1.590000e-08
4.198033e-03
-2.556667e-06
-4.165231e-03
-3.022917e-05
-1.590000e-08
-6.340833e-05
-1.470375e-04
4.401712e-03
-4.191251e-03
-1.590000e-08
-6.692279e-05
-1.289739e-02
-2.367151e-05
1.298800e-02
-1.590000e-08
-2.089270e-03
-1.367500e-05
2.115123e-03
-1.216187e-05
-1.590000e-08
-4.928750e-05
-1.734448e-03
-4.571563e-05
1.829467e-03
-1.590000e-08
-2.324146e-04
-1.423471e-05
2.579175e-04
-1.125235e-05
-1.590000e-08
2.923737e-03
-2.225000e-06
-2.890728e-03
-3.076813e-05
-1.590000e-08
1.464060e-03
-2.225000e-06
-1.431051e-03
-3.076813e-05
-1.590000e-08
-7.931176e-05
1.225363e-03
-8.185294e-06
-1.137850e-03
-1.590000e-08
1.708131e-03
-1.596981e-03
-9.103438e-05
-2.009937e-05
-1.590000e-08
-4.788824e-05
-3.858658e-04
-4.746471e-05
4.812347e-04
-1.590000e-08
1.955726e-03
-2.225000e-06
-1.922717e-03
-3.076813e-05
-1.590000e-08
-5.011667e-05
2.460447e-03
-4.467917e-05
-2.365635e-03
-1.590000e-08
-4.861755e-03
-1.367500e-05
4.887607e-03
-1.216187e-05
-1.590000e-08
-9.836102e-03
-9.230000e-06
9.864733e-03
-1.938500e-05
-1.590000e-08
-3.048550e-03
3.159699e-03
-9.103438e-05
-2.009937e-05
-1.590000e-08
-1.832944e-03
-2.225000e-06
1.865953e-03
-3.076813e-05
-1.590000e-08
3.906554e-03
-1.367500e-05
-3.880701e-03
-1.216187e-05
-1.590000e-08
-4.829471e-03
-1.240500e-05
4.856117e-03
-1.422562e-05
-1.590000e-08
-7.651863e-05
-1.225310e-02
-1.167672e-05
1.234131e-02
-1.590000e-08
-4.592546e-03
-1.274098e-05
4.618982e-03
-1.367966e-05
-1.590000e-08
-4.788824e-05
1.747398e-04
-4.746471e-05
-7.937099e-05
-1.590000e-08
3.480888e-04
-1.423471e-05
-3.225858e-04
-1.125235e-05
-1.590000e-08
7.897277e-05
-1.665294e-06
-4.561393e-05
-3.167765e-05
