-4.200000e-08
5.525032e-04
-3.570225e-05
-4.839501e-04
-3.280884e-05
-4.200000e-08
-1.347866e-02
-3.443671e-04
-1.509339e-04
1.397401e-02
-4.200000e-08
7.336102e-03
-7.054080e-03
-2.514500e-04
-3.053000e-05
-4.200000e-08
5.245830e-03
-3.772000e-05
-5.178538e-03
-2.953000e-05
-4.200000e-08
-1.965818e-04
9.630244e-04
-3.777273e-05
-7.286278e-04
-4.200000e-08
-2.077636e-04
4.924809e-04
-2.379545e-05
-2.608798e-04
-4.200000e-08
2.458543e-03
-3.723840e-05
-2.390950e-03
-3.031260e-05
-4.200000e-08
1.295752e-03
-4.761600e-06
-1.207861e-03
-8.308740e-05
-4.200000e-08
-1.351260e-04
-4.130502e-04
-1.648071e-03
2.196289e-03
-4.200000e-08
-4.237967e-03
4.520258e-03
-2.511946e-04
-3.105464e-05
-4.200000e-08
-6.127844e-03
-3.004525e-05
-1.383674e-04
6.296299e-03
-4.200000e-08
-5.130432e-03
5.412723e-03
-2.511946e-04
-3.105464e-05
-4.200000e-08
-7.921925e-04
-4.754286e-06
8.800880e-04
-8.309929e-05
-4.200000e-08
-1.209740e-02
-3.732870e-05
1.216494e-02
-3.016587e-05
-4.200000e-08
1.123252e-03
-1.169402e-03
-2.235000e-05
6.854205e-05
-4.200000e-08
4.393219e-03
6.193991e-04
-1.256893e-04
-4.886887e-03
-4.200000e-08
-2.050382e-04
-3.772000e-05
2.723302e-04
-2.953000e-05
-4.200000e-08
-7.382062e-04
-5.094545e-06
8.258891e-04
-8.254636e-05
-4.200000e-08
-4.337998e-04
-5.094545e-06
5.214827e-04
-8.254636e-05
-4.200000e-08
-4.337998e-04
-5.094545e-06
5.214827e-04
-8.254636e-05
-4.200000e-08
-3.027171e-05
-4.431304e-06
1.183691e-04
-8.362413e-05
-4.200000e-08
-2.652790e-04
-4.280000e-06
3.534710e-04
-8.387000e-05
-4.200000e-08
5.245830e-03
-3.772000e-05
-5.178538e-03
-2.953000e-05
-4.200000e-08
6.361813e-04
-4.418820e-05
-2.498940e-04
-3.420571e-04
-4.200000e-08
-2.077636e-04
-5.409787e-06
-2.379545e-05
2.370109e-04
-4.200000e-08
3.002917e-04
-3.690545e-05
-2.324906e-04
-3.085364e-05
-4.200000e-08
-2.080177e-04
6.826591e-04
-2.347783e-05
-4.511216e-04
-4.200000e-08
1.792620e-03
-3.723840e-05
-1.725027e-03
-3.031260e-05
-4.200000e-08
-6.202779e-05
4.203216e-04
-3.402283e-05
-3.242290e-04
-4.200000e-08
3.595355e-03
-3.074385e-03
-2.486100e-05
-4.960674e-04
-4.200000e-08
-5.169292e-04
-4.431304e-06
6.050267e-04
-8.362413e-05
-4.200000e-08
7.374343e-04
-2.164639e-04
-2.486100e-05
-4.960674e-04
-4.200000e-08
-5.710682e-03
-3.443040e-05
5.780030e-03
-3.487560e-05
-4.200000e-08
-7.805313e-03
6.170600e-03
-2.035620e-04
1.838317e-03
-4.200000e-08
-4.937569e-05
-3.723840e-05
1.169687e-04
-3.031260e-05
-4.200000e-08
-1.557781e-03
-2.796000e-05
1.631173e-03
-4.539000e-05
-4.200000e-08
-8.639966e-06
5.296104e-04
-2.486100e-05
-4.960674e-04
-4.200000e-08
-6.611364e-04
9.466500e-04
-2.481390e-04
-3.733260e-05
-4.200000e-08
-2.085960e-04
8.333016e-04
-2.275500e-05
-6.019086e-04
-4.200000e-08
1.220023e-03
-3.723840e-05
-1.152430e-03
-3.031260e-05
-4.200000e-08
-2.011153e-04
3.972272e-03
-3.210591e-05
-3.739009e-03
-4.200000e-08
-4.361494e-04
-5.094545e-06
5.238323e-04
-8.254636e-05
-4.200000e-08
-1.274040e-04
-7.059169e-04
-1.242450e-04
9.576079e-04
-4.200000e-08
6.964154e-04
-1.046182e-05
-6.120871e-04
-7.382455e-05
-4.200000e-08
7.237307e-04
-4.382171e-04
-2.481390e-04
-3.733260e-05
-4.200000e-08
4.983004e-04
-3.723840e-05
-4.307074e-04
-3.031260e-05
-4.200000e-08
1.216179e-03
-7.112291e-06
-1.129757e-03
-7.926753e-05
-4.200000e-08
3.125917e-04
-2.466422e-05
-2.458500e-04
-4.203545e-05
-4.200000e-08
-2.238762e-06
-4.190900e-04
-1.263000e-04
5.476708e-04
-4.200000e-08
-1.068767e-03
-4.761600e-06
1.156658e-03
-8.308740e-05
-4.200000e-08
-5.137688e-03
5.662150e-03
-2.155000e-05
-5.028700e-04
-4.200000e-08
-1.261083e-04
-5.544083e-03
-1.258646e-04
5.796098e-03
-4.200000e-08
-5.130432e-03
5.412723e-03
-2.511946e-04
-3.105464e-05
-4.200000e-08
6.196916e-04
-4.280000e-06
-5.314996e-04
-8.387000e-05
-4.200000e-08
1.145833e-03
-4.761600e-06
-1.057942e-03
-8.308740e-05
-4.200000e-08
-8.637899e-05
3.684010e-04
-2.514500e-04
-3.053000e-05
-4.200000e-08
1.256322e-03
-4.280000e-06
-1.168130e-03
-8.387000e-05
-4.200000e-08
-5.598588e-03
-4.280000e-06
5.686780e-03
-8.387000e-05
-4.200000e-08
-8.742122e-03
-4.243333e-06
8.830337e-03
-8.392958e-05
-4.200000e-08
-4.629180e-04
-4.761600e-06
5.508090e-04
-8.308740e-05
-4.200000e-08
1.641712e-04
-3.756870e-05
-9.678465e-05
-2.977587e-05
-4.200000e-08
3.469337e-04
-6.142010e-05
-2.481390e-04
-3.733260e-05
-4.200000e-08
-1.262000e-04
8.720816e-04
-1.257500e-04
-6.200896e-04
-4.200000e-08
-1.274040e-04
-1.890640e-03
-1.242450e-04
2.142331e-03
-4.200000e-08
-1.405364e-04
-4.089300e-04
1.070551e-04
4.424532e-04
-4.200000e-08
-6.551704e-04
-4.431304e-06
7.432679e-04
-8.362413e-05
-4.200000e-08
-2.659533e-04
-3.134202e-04
3.770912e-03
-3.191497e-03
-4.200000e-08
-1.068767e-03
-4.761600e-06
1.156658e-03
-8.308740e-05
-4.200000e-08
3.364535e-04
-4.761600e-06
-2.485625e-04
-8.308740e-05
-4.200000e-08
-3.275447e-04
-5.323200e-06
4.150847e-04
-8.217480e-05
-4.200000e-08
-7.491690e-04
-3.511636e-05
8.180882e-04
-3.376091e-05
-4.200000e-08
-4.828012e-03
5.117597e-03
-2.442780e-04
-4.526520e-05
-4.200000e-08
-2.077636e-04
4.130178e-04
-2.379545e-05
-1.814167e-04
-4.200000e-08
-3.027171e-05
-4.431304e-06
1.183691e-04
-8.362413e-05
-4.200000e-08
-7.354500e-04
-4.280000e-06
8.236420e-04
-8.387000e-05
-4.200000e-08
-3.543367e-04
-5.094545e-06
4.420196e-04
-8.254636e-05
-4.200000e-08
3.161004e-04
-4.761600e-06
-2.282094e-04
-8.308740e-05
-4.200000e-08
-1.262929e-04
3.064959e-03
-1.256339e-04
-2.812990e-03
-1.693207e-03
1.525907e-03
2.254241e-04
-4.006576e-05
-1.805759e-05
-1.693207e-03
1.751807e-03
-6.961521e-06
-4.621576e-05
-5.422139e-06
-1.693207e-03
2.180791e-03
-4.089293e-04
-5.968446e-05
-1.897019e-05
-4.200000e-08
-9.507487e-04
-3.187113e-05
1.021696e-03
-3.903442e-05
-4.200000e-08
3.392117e-04
-3.723840e-05
-2.716187e-04
-3.031260e-05
1.686585e-03
-1.417545e-03
-2.893949e-05
-2.162403e-04
-2.385994e-05
1.686585e-03
-1.437515e-03
-2.950109e-05
-1.966216e-04
-2.294734e-05
1.686585e-03
-1.437515e-03
-2.950109e-05
-1.966216e-04
-2.294734e-05
2.396291e-03
-1.138924e-02
-3.823671e-06
9.059029e-03
-6.225801e-05
2.396291e-03
8.707134e-03
-2.840917e-05
-1.105271e-02
-2.230656e-05
2.396291e-03
-1.136927e-02
-3.262071e-06
9.039410e-03
-6.317061e-05
-3.657609e-05
-6.512823e-04
-5.919593e-06
7.734674e-04
-7.968943e-05
-3.657609e-05
3.504430e-04
-3.716890e-05
-2.477887e-04
-2.890930e-05
-3.657609e-05
-1.544518e-03
-3.157297e-05
1.650670e-03
-3.800268e-05
-3.657609e-05
-2.043842e-04
-3.034548e-05
3.113031e-04
-3.999736e-05
-3.657609e-05
3.504430e-04
-3.716890e-05
-2.477887e-04
-2.890930e-05
-3.657609e-05
1.243679e-03
-1.151552e-05
-1.124991e-03
-7.059605e-05
-1.686459e-03
1.756715e-03
-8.340914e-06
-5.542041e-05
-6.494660e-06
-1.686459e-03
2.064528e-03
-7.779314e-06
-3.628827e-04
-7.407260e-06
-1.686459e-03
-1.477331e-04
-9.558960e-07
1.853643e-03
-1.849531e-05
-4.200000e-08
-3.027171e-05
-4.431304e-06
1.183691e-04
-8.362413e-05
-4.200000e-08
-1.274040e-04
-1.318043e-03
-1.242450e-04
1.569734e-03
-7.318952e-03
-6.711334e-04
-4.194637e-06
8.078171e-03
-8.389172e-05
-4.200000e-08
-2.094217e-04
7.528914e-04
-2.172283e-05
-5.217048e-04
-4.200000e-08
-1.282364e-04
1.204162e-03
-1.232045e-04
-9.526789e-04
-4.200000e-08
3.826920e-04
-3.772000e-05
-3.154000e-04
-2.953000e-05
-4.200000e-08
-1.179305e-03
-9.567273e-06
1.264193e-03
-7.527818e-05
-4.200000e-08
-2.077636e-04
4.130178e-04
-2.379545e-05
-1.814167e-04
-4.200000e-08
-8.227767e-03
-4.195071e-04
-1.261625e-04
8.773479e-03
-4.200000e-08
-1.286000e-04
-4.180200e-04
2.236437e-04
3.230183e-04
-4.200000e-08
9.478009e-04
-5.094545e-06
-8.601179e-04
-8.254636e-05
-4.200000e-08
-5.346727e-04
-1.087800e-04
-1.904350e-03
2.547844e-03
-4.200000e-08
2.430252e-03
-2.282636e-05
-1.932686e-03
-4.746976e-04
-4.200000e-08
2.019001e-03
-1.265091e-05
-1.936041e-03
-7.026727e-05
-4.200000e-08
-2.077636e-04
-8.891198e-04
-2.379545e-05
1.120721e-03
-4.200000e-08
-4.337998e-04
-5.094545e-06
5.214827e-04
-8.254636e-05
-4.200000e-08
-4.222897e-03
-3.768286e-05
4.290212e-03
-2.959036e-05
-4.200000e-08
-2.352571e-04
-1.273091e-05
3.181673e-04
-7.013727e-05
1.850817e-04
-5.013925e-04
-3.144300e-06
3.821384e-04
-6.268339e-05
1.850817e-04
-1.566925e-04
3.633366e-04
-1.567885e-05
-3.760470e-04
1.850817e-04
-9.401975e-05
-3.133743e-04
-9.401975e-05
3.163321e-04
1.850817e-04
5.310662e-05
-2.821339e-05
-1.880288e-04
-2.194612e-05
1.850817e-04
-2.844954e-05
-2.930234e-04
-1.007288e-04
2.371200e-04
1.850817e-04
-9.849248e-05
-2.100095e-04
-8.842885e-05
2.118491e-04
1.850817e-04
-4.067495e-04
-4.933391e-06
2.863773e-04
-5.977612e-05
1.850817e-04
-8.664954e-05
2.803228e-04
-2.797885e-05
-3.507761e-04
1.850817e-04
-9.401975e-05
-3.133743e-04
-9.401975e-05
3.163321e-04
2.269554e-04
-5.756742e-06
-2.620290e-05
-1.746129e-04
-2.038290e-05
2.269554e-04
-5.756742e-06
-2.620290e-05
-1.746129e-04
-2.038290e-05
2.269554e-04
-1.455129e-04
2.823333e-04
-1.456290e-05
-3.492129e-04
2.269554e-04
-5.756742e-06
-2.620290e-05
-1.746129e-04
-2.038290e-05
2.269554e-04
-5.756742e-06
-2.620290e-05
-1.746129e-04
-2.038290e-05
2.269554e-04
-8.871690e-05
-6.850418e-04
-8.555790e-05
6.323611e-04
1.850817e-04
-5.013925e-04
-3.144300e-06
3.821384e-04
-6.268339e-05
1.850817e-04
-5.013925e-04
-3.144300e-06
3.821384e-04
-6.268339e-05
1.850817e-04
-9.401975e-05
-3.133743e-04
-9.401975e-05
3.163321e-04
1.850817e-04
5.310662e-05
-2.821339e-05
-1.880288e-04
-2.194612e-05
1.850817e-04
-1.552885e-04
3.805685e-04
-1.743385e-05
-3.929279e-04
1.850817e-04
-9.401975e-05
-3.133743e-04
-9.401975e-05
3.163321e-04
1.850817e-04
5.310662e-05
-2.821339e-05
-1.880288e-04
-2.194612e-05
1.850817e-04
5.310662e-05
-2.821339e-05
-1.880288e-04
-2.194612e-05
1.850817e-04
-9.401975e-05
-3.133743e-04
-9.401975e-05
3.163321e-04
-4.200000e-08
-4.168489e-04
-3.690545e-05
4.846500e-04
-3.085364e-05
-4.200000e-08
6.409088e-05
-5.094545e-06
2.359203e-05
-8.254636e-05
-4.200000e-08
-1.282364e-04
-1.042722e-03
-1.232045e-04
1.294205e-03
-4.200000e-08
7.678542e-04
-3.000191e-04
6.654006e-04
-1.133194e-03
-4.200000e-08
-2.077636e-04
4.130178e-04
-2.379545e-05
-1.814167e-04
-4.200000e-08
-2.859000e-04
-2.982300e-04
1.720273e-03
-1.136101e-03
-8.108509e-03
-1.258376e-04
-4.194584e-04
-1.258376e-04
8.779643e-03
-4.200000e-08
-1.155883e-03
-4.761600e-06
1.243774e-03
-8.308740e-05
-4.200000e-08
-1.262000e-04
1.046702e-04
-1.257500e-04
1.473218e-04
-4.200000e-08
-2.085960e-04
1.613286e-03
-2.275500e-05
-1.381893e-03
-4.200000e-08
-1.068715e-03
-5.094545e-06
1.156398e-03
-8.254636e-05
-4.200000e-08
-1.262000e-04
-1.748510e-05
-1.257500e-04
2.694771e-04
-4.200000e-08
-6.709000e-04
1.286892e-03
-5.309496e-04
-8.500000e-05
-4.200000e-08
1.397501e-03
-8.789443e-04
-2.715000e-05
-4.913645e-04
-4.200000e-08
-1.282364e-04
-4.818453e-04
-1.232045e-04
7.333282e-04
-4.200000e-08
-2.652790e-04
-4.280000e-06
3.534710e-04
-8.387000e-05
-4.200000e-08
1.204951e-03
-6.883636e-06
-1.118387e-03
-7.963909e-05
-4.200000e-08
5.137909e-04
4.765668e-06
-2.715000e-05
-4.913645e-04
-4.200000e-08
9.133189e-03
-3.768286e-05
-9.065874e-03
-2.959036e-05
-4.200000e-08
2.812387e-03
-4.317143e-06
-2.724219e-03
-8.380964e-05
-4.200000e-08
9.478009e-04
-5.094545e-06
-8.601179e-04
-8.254636e-05
-4.200000e-08
-2.085960e-04
-3.080773e-03
-2.275500e-05
3.312166e-03
-4.200000e-08
-7.959787e-03
-4.243333e-06
8.048002e-03
-8.392958e-05
-4.200000e-08
-7.510515e-04
-5.989091e-06
8.381753e-04
-8.109273e-05
-4.200000e-08
6.270098e-03
-2.598961e-05
-6.195474e-03
-4.859188e-05
-4.200000e-08
7.160087e-04
-3.723840e-05
-6.484157e-04
-3.031260e-05
-4.200000e-08
-1.274040e-04
-2.556563e-03
-1.242450e-04
2.808254e-03
-4.200000e-08
-3.260426e-04
6.204556e-04
-2.397000e-04
-5.467091e-05
-2.256660e-03
2.575100e-03
-3.771010e-05
-2.514001e-04
-2.933010e-05
-4.200000e-08
-4.385253e-04
-4.034363e-04
-1.314605e-04
9.734642e-04
-4.200000e-08
-8.806816e-04
-3.589473e-04
-1.461273e-04
1.385798e-03
-4.200000e-08
-1.933543e-03
2.234442e-03
-2.335500e-04
-6.730636e-05
-4.200000e-08
9.792779e-05
-4.797545e-05
-2.486455e-04
1.987351e-04
-4.200000e-08
-2.098000e-04
1.470655e-03
-2.125000e-05
-1.239563e-03
-4.200000e-08
1.618977e-04
1.931306e-04
-3.114971e-04
-4.348909e-05
-4.200000e-08
2.831563e-04
-4.761600e-06
-1.952653e-04
-8.308740e-05
-4.200000e-08
-9.724496e-04
-3.772000e-05
1.039742e-03
-2.953000e-05
-4.200000e-08
1.453565e-03
-3.772000e-05
-1.386273e-03
-2.953000e-05
-4.200000e-08
-8.202128e-03
-3.723840e-05
8.269721e-03
-3.031260e-05
-4.200000e-08
3.849723e-03
-4.317143e-06
-3.761554e-03
-8.380964e-05
-4.200000e-08
1.200224e-03
-3.723840e-05
-1.132631e-03
-3.031260e-05
-4.200000e-08
-1.282364e-04
-9.797578e-05
-1.232045e-04
3.494587e-04
-4.200000e-08
-1.262000e-04
-1.748510e-05
-1.257500e-04
2.694771e-04
-4.200000e-08
-2.085960e-04
1.216187e-03
-2.275500e-05
-9.847940e-04
-4.200000e-08
-1.695146e-04
-3.772000e-05
2.368066e-04
-2.953000e-05
3.997233e-04
-8.128300e-05
-3.771010e-05
-2.514001e-04
-2.933010e-05
3.997233e-04
-6.704001e-04
-4.190100e-06
3.586670e-04
-8.380010e-05
3.997233e-04
-1.257001e-04
-4.190001e-04
-1.257001e-04
2.706770e-04
3.997233e-04
-1.257001e-04
-4.190001e-04
-1.257001e-04
2.706770e-04
3.997233e-04
-1.257001e-04
-4.190001e-04
-1.257001e-04
2.706770e-04
3.997233e-04
-1.257001e-04
-4.190001e-04
-1.257001e-04
2.706770e-04
3.997233e-04
-8.128300e-05
-3.771010e-05
-2.514001e-04
-2.933010e-05
3.997233e-04
-8.128300e-05
-3.771010e-05
-2.514001e-04
-2.933010e-05
3.997233e-04
-1.257001e-04
-4.190001e-04
-1.257001e-04
2.706770e-04
-4.200000e-08
2.748249e-04
-4.190900e-04
-1.263000e-04
2.706071e-04
-4.200000e-08
-6.919697e-04
-4.761600e-06
7.798607e-04
-8.308740e-05
-4.200000e-08
-1.274040e-04
-5.963206e-04
-1.242450e-04
8.480116e-04
-4.200000e-08
3.575910e-04
-3.665627e-05
-2.145500e-04
-1.063427e-04
-4.200000e-08
3.712092e-04
-9.976273e-05
-2.315727e-04
-3.983173e-05
-4.200000e-08
-2.849000e-04
7.393455e-04
-1.849445e-05
-4.359091e-04
-4.200000e-08
-2.145182e-04
-3.525900e-04
-1.064717e-04
6.736219e-04
2.802031e-04
4.790779e-04
-2.982496e-04
-1.603058e-04
-3.007256e-04
2.802031e-04
-5.614615e-04
-3.516000e-06
3.549631e-04
-7.018873e-05
2.802031e-04
-5.469251e-04
-1.458600e-05
4.009524e-05
2.412128e-04
4.043194e-04
-8.587909e-05
-3.771010e-05
-2.514001e-04
-2.933010e-05
4.043194e-04
-8.587909e-05
-3.771010e-05
-2.514001e-04
-2.933010e-05
4.043194e-04
-1.257001e-04
-4.190001e-04
-1.257001e-04
2.660809e-04
-4.200000e-08
-6.707000e-04
-5.190000e-06
3.537710e-04
3.221610e-04
-4.200000e-08
-8.747899e-05
-3.772000e-05
1.547710e-04
-2.953000e-05
-4.200000e-08
-1.273000e-04
-4.190100e-04
2.804710e-04
2.658810e-04
-4.200000e-08
1.956210e-04
3.288410e-04
-2.155000e-05
-5.028700e-04
-4.200000e-08
-8.747899e-05
-3.772000e-05
1.547710e-04
-2.953000e-05
-4.200000e-08
1.956210e-04
3.288410e-04
-2.155000e-05
-5.028700e-04
-4.200000e-08
-8.617899e-05
-3.871000e-05
-2.517000e-04
3.766310e-04
-4.200000e-08
-2.652790e-04
-4.280000e-06
3.534710e-04
-8.387000e-05
-4.200000e-08
-6.709000e-04
4.019210e-04
3.540210e-04
-8.500000e-05
-4.200000e-08
-1.708664e-03
-5.270000e-06
1.391685e-03
3.222910e-04
-4.200000e-08
2.771846e-04
-9.706578e-05
-1.235045e-04
-5.657230e-05
-4.200000e-08
-8.747899e-05
-3.772000e-05
1.547710e-04
-2.953000e-05
-4.200000e-08
-8.747899e-05
-3.772000e-05
1.547710e-04
-2.953000e-05
-4.200000e-08
-1.273000e-04
-4.190100e-04
2.804710e-04
2.658810e-04
-4.200000e-08
-8.617899e-05
-3.871000e-05
-2.517000e-04
3.766310e-04
-4.200000e-08
-8.637899e-05
3.684010e-04
-2.514500e-04
-3.053000e-05
-4.200000e-08
1.956210e-04
3.288410e-04
-2.155000e-05
-5.028700e-04
-4.200000e-08
1.224211e-03
-5.254545e-06
-1.136628e-03
-8.228636e-05
-4.200000e-08
-2.098000e-04
3.279310e-04
-2.125000e-05
-9.683901e-05
-4.200000e-08
2.135119e-04
-1.095762e-03
-4.391364e-05
9.262053e-04
-4.200000e-08
-8.637899e-05
3.684010e-04
-2.514500e-04
-3.053000e-05
-4.200000e-08
-1.273000e-04
-4.190100e-04
2.804710e-04
2.658810e-04
-4.200000e-08
-2.077636e-04
7.968873e-04
-2.379545e-05
-5.652862e-04
-4.200000e-08
8.339143e-05
-3.690545e-05
-1.559034e-05
-3.085364e-05
-4.200000e-08
-3.027171e-05
-4.431304e-06
1.183691e-04
-8.362413e-05
-4.200000e-08
-2.094217e-04
7.528914e-04
-2.172283e-05
-5.217048e-04
-4.200000e-08
-1.262929e-04
-9.233376e-03
-1.256339e-04
9.485345e-03
-4.200000e-08
-2.097071e-04
-3.824349e-03
-2.136607e-05
4.055464e-03
2.094240e-04
-1.226466e-04
-4.088193e-04
-1.226466e-04
4.446885e-04
2.094240e-04
-1.226466e-04
-4.088193e-04
-1.226466e-04
4.446885e-04
2.094240e-04
1.012812e-04
-3.679475e-05
-2.452920e-04
-2.861839e-05
2.094240e-04
-1.226466e-04
-4.088193e-04
-1.226466e-04
4.446885e-04
2.094240e-04
1.012812e-04
-3.679475e-05
-2.452920e-04
-2.861839e-05
2.094240e-04
-1.226466e-04
-4.088193e-04
-1.226466e-04
4.446885e-04
2.094240e-04
1.012812e-04
-3.679475e-05
-2.452920e-04
-2.861839e-05
2.094240e-04
1.012812e-04
-3.679475e-05
-2.452920e-04
-2.861839e-05
2.094240e-04
1.012812e-04
-3.679475e-05
-2.452920e-04
-2.861839e-05
-4.200000e-08
-9.501586e-04
-1.054182e-05
1.034437e-03
-7.369455e-05
-4.200000e-08
8.104182e-05
-3.690545e-05
-1.324073e-05
-3.085364e-05
-4.200000e-08
-1.477198e-04
-4.280000e-06
2.359118e-04
-8.387000e-05
-4.200000e-08
-1.926399e-03
-2.739840e-05
2.000142e-03
-4.630260e-05
-4.200000e-08
-3.027171e-05
-4.431304e-06
1.183691e-04
-8.362413e-05
-4.200000e-08
-1.274040e-04
-5.182596e-04
-1.242450e-04
7.699506e-04
-4.200000e-08
-1.282364e-04
-4.818453e-04
-1.232045e-04
7.333282e-04
-4.200000e-08
1.958355e-03
-7.569600e-06
-1.872219e-03
-7.852440e-05
-4.200000e-08
1.537453e-04
-2.004305e-05
-7.540525e-05
-5.825504e-05
-4.200000e-08
2.973410e-03
-2.687896e-03
-2.481390e-04
-3.733260e-05
-4.200000e-08
3.207681e-04
-4.841600e-06
-2.329271e-04
-8.295740e-05
-4.200000e-08
-6.688584e-04
-3.723840e-05
7.364514e-04
-3.031260e-05
-4.200000e-08
-1.274040e-04
6.854357e-03
-1.242450e-04
-6.602666e-03
-4.200000e-08
-7.989631e-03
-4.243333e-06
8.077846e-03
-8.392958e-05
-4.200000e-08
-2.085960e-04
7.522739e-04
-2.275500e-05
-5.208809e-04
-4.200000e-08
1.578685e-06
-3.690545e-05
6.622241e-05
-3.085364e-05
-4.200000e-08
-5.187721e-04
-4.431304e-06
6.068695e-04
-8.362413e-05
-4.200000e-08
-4.168489e-04
-3.690545e-05
4.846500e-04
-3.085364e-05
-4.200000e-08
3.207183e-04
-5.989091e-06
-2.335945e-04
-8.109273e-05
-4.200000e-08
-7.629489e-04
-3.332727e-05
8.329864e-04
-3.666818e-05
-4.200000e-08
-3.543367e-04
-5.094545e-06
4.420196e-04
-8.254636e-05
-4.200000e-08
-1.262000e-04
1.502321e-04
-1.257500e-04
1.017599e-04
-4.200000e-08
-1.054166e-03
-4.280000e-06
1.142358e-03
-8.387000e-05
-4.200000e-08
-2.098000e-04
1.152738e-03
-2.125000e-05
-9.216459e-04
-8.125729e-03
8.444518e-03
-3.775130e-05
-2.516751e-04
-2.936214e-05
-4.200000e-08
3.854482e-04
-3.690545e-05
-3.176471e-04
-3.085364e-05
-4.200000e-08
-1.382504e-03
1.906966e-03
-2.155000e-05
-5.028700e-04
-4.200000e-08
-2.437224e-04
-5.656145e-06
3.310543e-04
-8.163376e-05
-4.200000e-08
-7.959787e-03
-4.243333e-06
8.048002e-03
-8.392958e-05
-4.200000e-08
1.405354e-03
-2.874493e-04
4.667855e-04
-1.584648e-03
-4.200000e-08
-2.098000e-04
5.095696e-04
-2.125000e-05
-2.784776e-04
-4.200000e-08
-1.274040e-04
-9.011450e-04
-1.242450e-04
1.152836e-03
-4.200000e-08
-1.262000e-04
-1.748510e-05
-1.257500e-04
2.694771e-04
-4.200000e-08
9.415957e-05
-3.772000e-05
-2.686757e-05
-2.953000e-05
-4.200000e-08
-2.098917e-04
8.814416e-03
-2.113542e-05
-8.583347e-03
-4.200000e-08
1.771270e-04
-4.098245e-04
-1.293545e-04
3.620941e-04
-4.200000e-08
-1.021579e-04
-4.280000e-06
1.903499e-04
-8.387000e-05
-4.200000e-08
-1.969633e-02
-3.756870e-05
1.976372e-02
-2.977587e-05
-4.200000e-08
-2.098000e-04
5.661240e-03
-2.125000e-05
-5.430148e-03
-4.200000e-08
-2.077636e-04
7.968873e-04
-2.379545e-05
-5.652862e-04
-4.200000e-08
-2.085960e-04
-2.761493e-04
-2.275500e-05
5.075423e-04
-4.200000e-08
-3.922810e-04
9.167430e-04
-2.155000e-05
-5.028700e-04
-4.200000e-08
-6.551704e-04
-4.431304e-06
7.432679e-04
-8.362413e-05
-4.200000e-08
1.839558e-03
-3.723840e-05
-1.771965e-03
-3.031260e-05
-4.200000e-08
-7.382062e-04
-5.094545e-06
8.258891e-04
-8.254636e-05
-4.200000e-08
-1.262000e-04
-8.017759e-04
-1.257500e-04
1.053768e-03
-4.200000e-08
-1.346127e-04
-2.066391e-04
3.366408e-03
-3.025114e-03
-4.200000e-08
6.067642e-04
-3.188367e-04
-2.458500e-04
-4.203545e-05
-4.200000e-08
2.531209e-05
-4.173689e-04
-1.268674e-04
5.189662e-04
-4.200000e-08
-1.274040e-04
-1.318043e-03
-1.242450e-04
1.569734e-03
-4.200000e-08
-1.737460e-03
1.902711e-03
-2.558383e-05
-1.396252e-04
-4.200000e-08
-1.709964e-03
-4.280000e-06
1.798156e-03
-8.387000e-05
-4.200000e-08
2.501316e-04
-6.550691e-06
-1.633588e-04
-8.018013e-05
-4.200000e-08
3.161004e-04
-4.761600e-06
-2.282094e-04
-8.308740e-05
-4.200000e-08
-1.090086e-03
-4.280000e-06
1.178278e-03
-8.387000e-05
-4.200000e-08
-1.054166e-03
-4.280000e-06
1.142358e-03
-8.387000e-05
-4.200000e-08
-2.077636e-04
6.549885e-04
-2.379545e-05
-4.233874e-04
-4.200000e-08
-1.279036e-04
-4.185504e-04
3.358021e-03
-2.811525e-03
-4.200000e-08
-1.274040e-04
-9.011450e-04
-1.242450e-04
1.152836e-03
-4.200000e-08
1.971316e-03
-1.934313e-05
-1.892539e-03
-5.939242e-05
-4.200000e-08
-1.937738e-04
-5.532886e-04
-4.128273e-05
7.883871e-04
-4.200000e-08
-6.267883e-04
-4.418820e-05
-2.498940e-04
9.209125e-04
-4.200000e-08
-2.077636e-04
6.549885e-04
-2.379545e-05
-4.233874e-04
-4.200000e-08
-3.156693e-04
-4.431304e-06
4.037667e-04
-8.362413e-05
-4.200000e-08
8.104182e-05
-3.690545e-05
-1.324073e-05
-3.085364e-05
-4.200000e-08
-1.466074e-04
6.651639e-04
-2.715000e-05
-4.913645e-04
-4.200000e-08
-9.472222e-04
-5.094545e-06
1.034905e-03
-8.254636e-05
-4.200000e-08
7.891382e-04
-3.014934e-06
-6.580500e-05
-7.202763e-04
-4.200000e-08
-9.798133e-04
-4.761600e-06
1.067704e-03
-8.308740e-05
-4.200000e-08
-6.488763e-04
9.432893e-04
-2.397000e-04
-5.467091e-05
-4.200000e-08
-8.100194e-04
-6.550691e-06
8.967923e-04
-8.018013e-05
-4.200000e-08
8.104182e-05
-3.690545e-05
-1.324073e-05
-3.085364e-05
-4.200000e-08
-2.094217e-04
3.787444e-04
-2.172283e-05
-1.475578e-04
-4.200000e-08
-3.027171e-05
-4.431304e-06
1.183691e-04
-8.362413e-05
-4.200000e-08
-3.027171e-05
-4.431304e-06
1.183691e-04
-8.362413e-05
-4.200000e-08
-2.055273e-04
1.728063e-04
-2.659091e-05
5.935389e-05
-4.200000e-08
-1.282364e-04
3.204518e-04
-1.232045e-04
-6.896888e-05
-4.200000e-08
-1.154877e-05
-3.153818e-05
8.270440e-05
-3.957545e-05
-4.200000e-08
-2.055273e-04
-2.663982e-04
-2.659091e-05
4.985583e-04
-4.200000e-08
-2.145378e-03
-4.761600e-06
2.233269e-03
-8.308740e-05
-4.200000e-08
1.801022e-03
-4.190900e-04
-1.263000e-04
-1.255590e-03
-4.200000e-08
8.431443e-03
-3.775667e-05
-8.364174e-03
-2.947042e-05
-4.200000e-08
-6.919697e-04
-4.761600e-06
7.798607e-04
-8.308740e-05
-4.200000e-08
-2.077636e-04
4.924809e-04
-2.379545e-05
-2.608798e-04
-4.200000e-08
-1.021579e-04
-4.280000e-06
1.903499e-04
-8.387000e-05
-4.200000e-08
-6.709000e-04
-1.139123e-03
1.895065e-03
-8.500000e-05
-4.200000e-08
-2.098917e-04
8.814416e-03
-2.113542e-05
-8.583347e-03
-4.200000e-08
-3.027171e-05
-4.431304e-06
1.183691e-04
-8.362413e-05
-4.200000e-08
-1.274040e-04
-8.140289e-04
-1.242450e-04
1.065720e-03
-4.200000e-08
-1.405364e-04
-4.089300e-04
1.888679e-04
3.606405e-04
-4.200000e-08
8.695685e-04
-3.182455e-04
-1.595455e-04
-3.917356e-04
-4.200000e-08
-3.027171e-05
-4.431304e-06
1.183691e-04
-8.362413e-05
-4.200000e-08
-6.700964e-04
-5.649643e-06
-3.781530e-03
4.457319e-03
-4.200000e-08
6.709967e-03
-3.495636e-05
-6.640948e-03
-3.402091e-05
-4.200000e-08
-1.262000e-04
-1.945276e-04
-1.257500e-04
4.465196e-04
-4.200000e-08
2.831563e-04
-4.761600e-06
-1.952653e-04
-8.308740e-05
-4.200000e-08
-7.729974e-04
-4.761600e-06
8.608884e-04
-8.308740e-05
-4.200000e-08
-4.459434e-04
-2.916742e-05
5.185808e-04
-4.342795e-05
-4.200000e-08
1.508957e-04
3.700747e-04
-2.486100e-05
-4.960674e-04
-4.200000e-08
-2.077636e-04
1.127396e-03
-2.379545e-05
-8.957948e-04
-4.200000e-08
-2.077636e-04
7.117308e-04
-2.379545e-05
-4.801297e-04
-4.200000e-08
-1.442520e-04
-4.061004e-04
2.047324e-03
-1.496929e-03
-4.200000e-08
2.167517e-04
-8.064452e-05
-2.262818e-04
9.021666e-05
-4.200000e-08
-1.302120e-04
3.277533e-03
-1.207350e-04
-3.026544e-03
-4.200000e-08
-2.128026e-03
-3.522065e-05
2.196880e-03
-3.359144e-05
-4.200000e-08
6.581506e-04
-6.446400e-06
-5.713126e-04
-8.034960e-05
-4.200000e-08
-2.085960e-04
1.040117e-03
-2.275500e-05
-8.087245e-04
-4.200000e-08
3.207183e-04
-5.989091e-06
-2.335945e-04
-8.109273e-05
-4.200000e-08
-3.885810e-03
-9.722825e-05
-1.470021e-03
5.453102e-03
-4.200000e-08
1.102520e-04
4.095584e-04
-2.596100e-05
-4.938074e-04
-4.200000e-08
-2.077636e-04
-5.409787e-06
-2.379545e-05
2.370109e-04
-4.200000e-08
-1.455941e-02
-7.320000e-06
1.464570e-02
-7.893000e-05
-4.200000e-08
-4.337998e-04
-5.094545e-06
5.214827e-04
-8.254636e-05
-4.200000e-08
-6.530497e-04
-5.094545e-06
7.407326e-04
-8.254636e-05
-4.200000e-08
-9.472222e-04
-5.094545e-06
1.034905e-03
-8.254636e-05
-4.200000e-08
-1.274040e-04
-1.298244e-03
-1.242450e-04
1.549935e-03
-4.200000e-08
-1.297587e-04
-4.171376e-04
-2.256204e-04
7.725587e-04
-4.200000e-08
-3.156693e-04
-4.431304e-06
4.037667e-04
-8.362413e-05
-4.200000e-08
-1.265783e-04
-4.647791e-04
-1.252772e-04
7.166766e-04
-4.200000e-08
-1.262000e-04
-1.288901e-05
-1.257500e-04
2.648810e-04
-4.200000e-08
-1.265783e-04
2.228559e-04
-1.252772e-04
2.904154e-05
-4.200000e-08
-1.433904e-03
1.958366e-03
-2.155000e-05
-5.028700e-04
-4.200000e-08
-1.444364e-04
-4.059600e-04
-3.023133e-04
8.527517e-04
8.194704e-02
3.321335e-02
1.489701e-01
