-5.520000e-08
-2.744889e-04
-3.611422e-04
-2.948889e-05
6.651751e-04
-5.520000e-08
1.563606e-03
-1.187621e-03
-3.254250e-04
-5.050500e-05
-5.520000e-08
-1.731833e-04
-5.462250e-04
-4.445295e-04
1.163993e-03
-5.520000e-08
-2.872479e-04
-4.921333e-05
3.759148e-04
-3.939833e-05
-5.520000e-08
-1.677000e-04
-4.054266e-04
-1.629750e-04
7.361568e-04
-5.520000e-08
-2.715167e-04
6.464231e-04
-3.320417e-05
-3.416471e-04
-5.520000e-08
-1.903777e-03
-4.869714e-05
1.992767e-03
-4.023714e-05
-5.520000e-08
-1.299775e-02
1.967156e-03
1.112544e-02
-9.478357e-05
-5.520000e-08
-1.700107e-04
-5.486411e-04
6.185471e-04
1.001599e-04
-5.520000e-08
-1.657288e-03
-4.878333e-05
1.746224e-03
-4.009708e-05
-5.520000e-08
-1.678417e-04
-3.985745e-04
-1.627979e-04
7.292693e-04
-5.520000e-08
-2.748333e-04
4.414825e-04
-2.905833e-05
-1.375357e-04
-5.520000e-08
-1.027225e-04
-4.921333e-05
1.913893e-04
-3.939833e-05
-5.520000e-08
4.471692e-03
-5.451244e-04
-1.678667e-04
-3.758646e-03
-5.520000e-08
2.425325e-04
-5.276750e-05
-3.301821e-04
1.404724e-04
-5.520000e-08
-1.700107e-04
-5.486411e-04
1.500522e-05
7.037018e-04
-5.520000e-08
-8.662974e-04
1.242693e-03
-3.250354e-04
-5.130542e-05
-5.520000e-08
5.626232e-03
-9.068889e-06
-5.512475e-03
-1.046331e-04
-5.520000e-08
5.808922e-03
-3.171667e-05
-5.709320e-03
-6.783042e-05
-5.520000e-08
-2.439559e-03
2.837957e-03
-3.041714e-04
-9.417143e-05
-5.520000e-08
-5.712664e-03
6.093708e-03
-3.206278e-04
-6.036111e-05
-5.520000e-08
-1.815714e-04
-5.398371e-04
2.154681e-03
-1.433217e-03
-5.520000e-08
-4.258682e-04
-4.884000e-05
5.147684e-04
-4.000500e-05
-5.520000e-08
1.815702e-04
-4.884000e-05
-9.267002e-05
-4.000500e-05
-5.520000e-08
-2.735429e-04
1.412093e-03
-3.067143e-05
-1.107823e-03
1.848127e-03
-1.431185e-03
-4.937498e-05
-3.291646e-04
-3.840284e-05
-5.520000e-08
-2.714250e-04
2.712880e-03
-3.331875e-05
-2.408081e-03
-5.520000e-08
-1.678417e-04
1.529234e-03
-1.627979e-04
-1.198540e-03
-5.520000e-08
-1.667667e-04
-8.271962e-04
-1.641417e-04
1.158160e-03
-5.520000e-08
-1.767119e-04
-2.063230e-02
-1.517101e-04
2.096078e-02
-5.520000e-08
7.529605e-04
-6.453333e-06
-6.375687e-04
-1.088833e-04
-5.520000e-08
-1.707820e-03
-4.874667e-05
1.796779e-03
-4.015667e-05
-5.520000e-08
-2.680167e-04
5.092931e-04
-3.757917e-05
-2.036421e-04
-5.520000e-08
2.228892e-05
3.707579e-04
-3.092458e-04
-8.374583e-05
-5.520000e-08
-2.850298e-04
-4.610496e-04
7.305954e-03
-6.559819e-03
-5.520000e-08
3.431311e-03
-1.089667e-05
-3.318696e-03
-1.016629e-04
-5.520000e-08
2.319159e-03
-4.884000e-05
-2.230259e-03
-4.000500e-05
-5.520000e-08
-3.072066e-03
-4.884000e-05
3.160966e-03
-4.000500e-05
-5.520000e-08
1.538430e-03
-4.878333e-05
-1.449494e-03
-4.009708e-05
-5.520000e-08
6.800176e-04
-3.002382e-04
-3.218271e-04
-5.789708e-05
-5.520000e-08
-2.948103e-02
-4.105492e-05
2.957480e-02
-5.265575e-05
-5.520000e-08
2.841546e-02
-1.755453e-04
-2.897060e-04
-2.795016e-02
-5.520000e-08
-6.091325e-04
9.809955e-04
-3.293339e-04
-4.247393e-05
-5.520000e-08
-1.953375e-04
-5.293538e-04
3.459869e-04
3.787595e-04
-5.520000e-08
-5.557467e-04
-4.921333e-05
6.444136e-04
-3.939833e-05
-5.520000e-08
-2.744889e-04
9.056382e-04
-2.948889e-05
-6.016052e-04
-5.520000e-08
4.703441e-04
-4.940857e-05
-3.817993e-04
-3.908107e-05
-5.520000e-08
3.609574e-03
-2.946320e-03
-5.301458e-05
-6.101846e-04
-5.520000e-08
-2.633500e-04
-2.753319e-03
-4.341250e-05
3.060137e-03
-5.520000e-08
2.849763e-03
-2.390644e-03
-2.465917e-04
-2.124717e-04
-5.520000e-08
-1.093922e-03
-4.907556e-05
1.182675e-03
-3.962222e-05
-5.520000e-08
-8.786266e-04
-4.878333e-05
9.675622e-04
-4.009708e-05
-5.520000e-08
-1.719000e-04
-5.165910e-03
-1.577250e-04
5.495590e-03
-5.520000e-08
-2.029208e-04
-5.235788e-04
-5.079506e-04
1.234505e-03
-5.520000e-08
-1.677000e-04
-2.447489e-03
-1.629750e-04
2.778219e-03
-5.520000e-08
-1.731833e-04
-5.462250e-04
1.138380e-03
-4.189164e-04
-5.520000e-08
-2.758000e-04
9.613359e-03
-2.785000e-05
-9.309654e-03
-5.520000e-08
7.034630e-04
-3.301845e-04
-3.279917e-04
-4.523167e-05
-5.520000e-08
9.212193e-05
-5.986667e-06
2.356160e-05
-1.096417e-04
-5.520000e-08
-2.710806e-04
-1.260919e-04
-3.374931e-05
4.309769e-04
-5.520000e-08
-2.002055e-03
-6.416667e-06
2.117470e-03
-1.089429e-04
-5.520000e-08
-1.677000e-04
4.443792e-03
-1.629750e-04
-4.113062e-03
-5.520000e-08
1.552056e-03
-4.884000e-05
-1.463156e-03
-4.000500e-05
-5.520000e-08
-7.341458e-04
-6.416667e-06
8.495606e-04
-1.089429e-04
-5.520000e-08
-8.748889e-04
4.741704e-05
9.454826e-04
-1.179556e-04
-5.520000e-08
-8.786266e-04
-4.878333e-05
9.675622e-04
-4.009708e-05
-5.520000e-08
-1.341867e-03
-6.416667e-06
1.457282e-03
-1.089429e-04
-5.520000e-08
-1.953375e-04
-5.293538e-04
3.459869e-04
3.787595e-04
-5.520000e-08
2.382405e-03
-6.124444e-06
-2.266808e-03
-1.094178e-04
-5.520000e-08
-1.677000e-04
2.975384e-04
-1.629750e-04
3.319180e-05
-5.520000e-08
1.552056e-03
-4.884000e-05
-1.463156e-03
-4.000500e-05
-5.520000e-08
-2.782784e-03
-6.360000e-06
2.898234e-03
-1.090350e-04
5.084781e-04
-2.730839e-04
4.473153e-04
-2.730892e-05
-6.554006e-04
5.084781e-04
-2.730839e-04
4.473153e-04
-2.730892e-05
-6.554006e-04
5.084781e-04
-2.730839e-04
4.473153e-04
-2.730892e-05
-6.554006e-04
5.084781e-04
-2.730839e-04
4.473153e-04
-2.730892e-05
-6.554006e-04
5.084781e-04
-9.338970e-05
-4.915558e-05
-3.277006e-04
-3.823225e-05
5.084781e-04
-9.338970e-05
-4.915558e-05
-3.277006e-04
-3.823225e-05
5.084781e-04
-2.730839e-04
4.473153e-04
-2.730892e-05
-6.554006e-04
5.084781e-04
-2.730839e-04
4.473153e-04
-2.730892e-05
-6.554006e-04
5.084781e-04
-2.730839e-04
4.473153e-04
-2.730892e-05
-6.554006e-04
5.084781e-04
-9.338970e-05
-4.915558e-05
-3.277006e-04
-3.823225e-05
-5.520000e-08
4.150018e-04
-6.416667e-06
-2.995870e-04
-1.089429e-04
-5.520000e-08
-1.763769e-04
-5.986667e-06
2.920604e-04
-1.096417e-04
-5.520000e-08
7.506438e-04
-4.940857e-05
-6.620990e-04
-3.908107e-05
1.973586e-03
-1.559806e-03
-4.900076e-05
-3.266674e-04
-3.811187e-05
-5.520000e-08
-1.678417e-04
-2.094764e-03
-1.627979e-04
2.425458e-03
-5.520000e-08
8.994260e-04
-1.411952e-05
-7.888255e-04
-9.642577e-05
-5.520000e-08
4.849295e-03
-4.972999e-04
1.122251e-03
-5.474191e-03
-5.520000e-08
5.336398e-04
-5.466917e-04
-1.673500e-04
1.804571e-04
-5.520000e-08
-3.145178e-03
-4.874667e-05
3.234137e-03
-4.015667e-05
-5.520000e-08
2.457628e-04
2.118816e-04
-2.479896e-04
-2.095996e-04
9.723143e-04
-5.585342e-04
-4.900076e-05
-3.266674e-04
-3.811187e-05
9.723143e-04
-5.585342e-04
-4.900076e-05
-3.266674e-04
-3.811187e-05
9.723143e-04
-1.633341e-04
-5.444452e-04
-1.633341e-04
-1.012009e-04
9.723143e-04
-5.585342e-04
-4.900076e-05
-3.266674e-04
-3.811187e-05
9.723143e-04
-8.711119e-04
-5.445200e-06
1.313245e-05
-1.088896e-04
9.723143e-04
-1.633341e-04
-5.444452e-04
-1.633341e-04
-1.012009e-04
-5.520000e-08
-7.770621e-04
1.192705e-03
-2.878187e-04
-1.277687e-04
-5.520000e-08
7.326529e-03
-7.665683e-03
-6.512103e-05
4.043299e-04
-5.520000e-08
1.069976e-04
-6.124444e-06
8.599867e-06
-1.094178e-04
-5.520000e-08
1.319551e-03
-1.374111e-05
-1.208714e-03
-9.704069e-05
-5.520000e-08
-8.733778e-04
-1.300000e-05
1.086653e-05
8.755664e-04
-5.520000e-08
1.677687e-02
-3.213397e-05
-1.667753e-02
-6.715230e-05
-5.520000e-08
-1.482861e-02
3.836769e-03
1.123094e-02
-2.390420e-04
-5.520000e-08
2.760211e-04
-1.873554e-04
-2.858125e-04
1.972020e-04
-5.520000e-08
1.440152e-03
-6.502857e-06
-1.324791e-03
-1.088029e-04
-5.520000e-08
1.440152e-03
-6.502857e-06
-1.324791e-03
-1.088029e-04
-5.520000e-08
1.312831e-03
-5.720000e-06
-1.196981e-03
-1.100750e-04
-5.520000e-08
-2.782784e-03
-6.360000e-06
2.898234e-03
-1.090350e-04
-5.882992e-05
4.757724e-04
-4.937498e-05
-3.291646e-04
-3.840284e-05
-5.520000e-08
-1.667667e-04
7.557132e-04
-1.641417e-04
-4.247497e-04
-5.520000e-08
-4.718746e-03
-4.928000e-05
4.807371e-03
-3.929000e-05
-5.520000e-08
4.232912e-03
-3.547239e-03
-3.175556e-05
-6.538622e-04
-5.520000e-08
-1.925767e-03
2.609321e-03
-3.376458e-05
-6.497346e-04
-5.520000e-08
-6.040171e-03
3.511340e-03
2.584501e-03
-5.561500e-05
-5.520000e-08
-1.831000e-04
1.100261e-03
1.798083e-03
-2.715188e-03
-5.520000e-08
-1.361136e-03
-4.490857e-05
1.452493e-03
-4.639357e-05
-5.520000e-08
-2.744889e-04
-5.503883e-04
-2.948889e-05
8.544213e-04
-5.520000e-08
2.577657e-04
-5.986667e-06
-1.420822e-04
-1.096417e-04
-5.520000e-08
-9.570300e-04
-4.940857e-05
1.045575e-03
-3.908107e-05
-5.520000e-08
-2.390500e-04
-4.960650e-04
2.562015e-04
4.789687e-04
-5.520000e-08
6.271689e-04
-4.907556e-05
-5.384159e-04
-3.962222e-05
-5.520000e-08
-1.792500e-04
-5.416050e-04
6.772184e-04
4.369180e-05
-5.520000e-08
-2.035167e-04
-5.231250e-04
4.172292e-03
-3.445595e-03
-5.520000e-08
-2.744889e-04
-1.028361e-03
-2.948889e-05
1.332394e-03
-5.520000e-08
4.108497e-03
-6.360000e-06
-3.993047e-03
-1.090350e-04
-5.520000e-08
2.717941e-03
-2.146952e-03
-1.405071e-04
-4.304271e-04
-5.520000e-08
-3.145178e-03
-4.874667e-05
3.234137e-03
-4.015667e-05
-5.520000e-08
-2.657205e-03
3.132898e-03
-2.308741e-04
-2.447641e-04
-5.520000e-08
-6.127767e-03
6.504788e-03
-3.244429e-04
-5.252286e-05
-5.520000e-08
-2.313667e-04
-2.575968e-03
-8.339167e-05
2.890781e-03
-5.520000e-08
-8.858630e-04
-4.921333e-05
9.745299e-04
-3.939833e-05
-5.520000e-08
1.108269e-03
-6.124444e-06
-9.926717e-04
-1.094178e-04
-5.520000e-08
-5.706224e-04
-4.907556e-05
6.593753e-04
-3.962222e-05
-5.520000e-08
7.458367e-03
-1.127429e-05
-7.345988e-03
-1.010493e-04
-5.520000e-08
-5.160017e-03
5.615132e-03
-2.503882e-04
-2.046715e-04
-5.520000e-08
2.305932e-03
-1.521190e-05
-2.196014e-03
-9.465065e-05
-5.520000e-08
-1.346436e-03
1.723457e-03
-3.244429e-04
-5.252286e-05
-5.520000e-08
-7.256798e-05
4.557307e-04
-3.186188e-04
-6.448875e-05
-5.520000e-08
-9.480865e-04
-4.874667e-05
1.037045e-03
-4.015667e-05
-5.520000e-08
4.222382e-04
-5.986667e-06
-3.065547e-04
-1.096417e-04
-5.520000e-08
1.440152e-03
-6.502857e-06
-1.324791e-03
-1.088029e-04
-5.520000e-08
-1.707820e-03
-4.874667e-05
1.796779e-03
-4.015667e-05
-5.520000e-08
7.529605e-04
-6.453333e-06
-6.375687e-04
-1.088833e-04
-5.520000e-08
1.838562e-03
-1.155273e-03
-3.401667e-05
-6.492167e-04
3.704634e-04
4.462500e-05
-4.915558e-05
-3.277006e-04
-3.823225e-05
3.704634e-04
4.462500e-05
-4.915558e-05
-3.277006e-04
-3.823225e-05
3.704634e-04
-1.638506e-04
-5.461673e-04
-1.638506e-04
5.034050e-04
3.704634e-04
4.462500e-05
-4.915558e-05
-3.277006e-04
-3.823225e-05
3.704634e-04
-1.638506e-04
-5.461673e-04
-1.638506e-04
5.034050e-04
3.704634e-04
4.462500e-05
-4.915558e-05
-3.277006e-04
-3.823225e-05
3.704634e-04
4.462500e-05
-4.915558e-05
-3.277006e-04
-3.823225e-05
3.704634e-04
-5.148125e-04
-5.430798e-04
-1.648684e-04
8.522973e-04
-5.520000e-08
-1.085611e-03
1.459888e-03
-3.270444e-04
-4.717778e-05
-5.520000e-08
-2.755000e-04
-2.605897e-03
-2.822500e-05
2.909677e-03
-5.520000e-08
-2.748333e-04
-6.413174e-04
-2.905833e-05
9.452643e-04
-5.520000e-08
-1.700833e-04
-2.323679e-04
-1.599958e-04
5.625023e-04
-5.520000e-08
-1.678417e-04
-1.006296e-03
-1.627979e-04
1.336990e-03
-5.520000e-08
-1.680571e-04
5.461636e-04
-1.625286e-04
-2.155226e-04
-5.520000e-08
1.384398e-03
-4.878333e-05
-1.295463e-03
-4.009708e-05
-5.520000e-08
1.440152e-03
-6.502857e-06
-1.324791e-03
-1.088029e-04
-5.520000e-08
-8.963644e-04
1.270642e-03
-3.270444e-04
-4.717778e-05
-5.520000e-08
6.149846e-04
-5.489125e-04
-1.666179e-04
1.006010e-04
-5.520000e-08
-1.662786e-04
2.343185e-04
-1.647518e-04
9.676707e-05
-5.520000e-08
-3.610094e-04
-5.276750e-05
-3.301821e-04
7.440142e-04
-5.520000e-08
-3.610094e-04
-5.276750e-05
-3.301821e-04
7.440142e-04
-5.520000e-08
-1.700107e-04
-5.486411e-04
6.185471e-04
1.001599e-04
-5.520000e-08
-3.654201e-04
-4.940857e-05
4.539649e-04
-3.908107e-05
-5.520000e-08
-8.794679e-04
7.774396e-04
2.158764e-04
-1.137929e-04
-5.520000e-08
-1.662786e-04
2.343185e-04
-1.647518e-04
9.676707e-05
-5.520000e-08
-3.610094e-04
-5.276750e-05
-3.301821e-04
7.440142e-04
-5.520000e-08
-2.753214e-04
1.797367e-04
-2.844821e-05
1.240881e-04
-5.520000e-08
-1.700107e-04
-5.486411e-04
6.185471e-04
1.001599e-04
-5.520000e-08
-1.700107e-04
-5.486411e-04
6.185471e-04
1.001599e-04
-5.520000e-08
-9.820473e-05
-5.791429e-06
2.140103e-04
-1.099589e-04
-5.520000e-08
-9.820473e-05
-5.791429e-06
2.140103e-04
-1.099589e-04
-5.520000e-08
-2.753214e-04
1.797367e-04
-2.844821e-05
1.240881e-04
-5.520000e-08
-2.797321e-04
1.830956e-04
7.556988e-04
-6.590071e-04
-5.520000e-08
6.149846e-04
-5.489125e-04
-1.666179e-04
1.006010e-04
-5.520000e-08
-9.820473e-05
-5.791429e-06
2.140103e-04
-1.099589e-04
-5.520000e-08
-8.794679e-04
7.774396e-04
2.158764e-04
-1.137929e-04
-5.520000e-08
-3.610094e-04
-5.276750e-05
-3.301821e-04
7.440142e-04
-5.520000e-08
6.149846e-04
-5.489125e-04
-1.666179e-04
1.006010e-04
7.769343e-04
-8.777718e-04
-5.486411e-06
2.160457e-04
-1.097218e-04
7.769343e-04
-3.599918e-04
-4.937498e-05
-3.291646e-04
-3.840284e-05
7.769343e-04
-1.645825e-04
-5.486075e-04
-1.645825e-04
1.008382e-04
7.769343e-04
-3.599918e-04
-4.937498e-05
-3.291646e-04
-3.840284e-05
7.769343e-04
-2.743039e-04
1.831292e-04
-2.743070e-05
-6.583289e-04
7.769343e-04
-1.645825e-04
-5.486075e-04
-1.645825e-04
1.008382e-04
7.769343e-04
-3.599918e-04
-4.937498e-05
-3.291646e-04
-3.840284e-05
7.769343e-04
-3.599918e-04
-4.937498e-05
-3.291646e-04
-3.840284e-05
-5.520000e-08
-2.312382e-03
-1.571667e-05
2.421984e-03
-9.383042e-05
-5.520000e-08
3.201252e-03
-1.237325e-03
-1.404969e-03
-5.589033e-04
-5.520000e-08
-4.143182e-04
7.903034e-04
-3.254250e-04
-5.050500e-05
-5.520000e-08
-1.677000e-04
2.943736e-03
-1.629750e-04
-2.613006e-03
-5.520000e-08
1.848757e-03
-3.948333e-05
-1.754009e-03
-5.520958e-05
-5.520000e-08
-1.766593e-03
-4.068000e-05
1.860593e-03
-5.326500e-05
-5.520000e-08
3.763915e-03
-6.124444e-06
-3.648317e-03
-1.094178e-04
-5.520000e-08
-1.678417e-04
-5.952357e-04
-1.627979e-04
9.259305e-04
-5.520000e-08
-1.903777e-03
-4.869714e-05
1.992767e-03
-4.023714e-05
-5.520000e-08
-3.254851e-03
3.111412e-04
3.033029e-03
-8.926375e-05
-5.520000e-08
3.633993e-04
-1.310492e-04
-3.043750e-04
7.208010e-05
-5.520000e-08
2.777332e-04
1.047529e-04
-3.192604e-04
-6.317042e-05
-5.520000e-08
9.212193e-05
-5.986667e-06
2.356160e-05
-1.096417e-04
-5.520000e-08
8.704042e-04
-4.869714e-05
-7.814147e-04
-4.023714e-05
-5.520000e-08
-2.755000e-04
-2.605897e-03
-2.822500e-05
2.909677e-03
-5.520000e-08
-1.311731e-03
-5.424450e-04
-1.687500e-04
2.022981e-03
-5.520000e-08
-1.462736e-03
-7.350000e-06
1.577567e-03
-1.074263e-04
-5.520000e-08
-9.046755e-04
-4.907556e-05
9.934285e-04
-3.962222e-05
-5.520000e-08
-9.308069e-04
-6.416667e-06
1.046222e-03
-1.089429e-04
-5.520000e-08
1.108269e-03
-6.124444e-06
-9.926717e-04
-1.094178e-04
-5.520000e-08
-8.236397e-04
-5.424450e-04
-1.687500e-04
1.534890e-03
-5.520000e-08
1.189322e-03
-5.720000e-06
-1.073471e-03
-1.100750e-04
-5.520000e-08
1.440152e-03
-6.502857e-06
-1.324791e-03
-1.088029e-04
-5.520000e-08
1.804853e-03
-4.525333e-05
-1.713711e-03
-4.583333e-05
1.152716e-04
2.962715e-04
-4.873605e-05
-3.249011e-04
-3.790605e-05
-5.520000e-08
-1.216585e-03
-4.874667e-05
1.305544e-03
-4.015667e-05
-5.520000e-08
2.101721e-04
-6.502857e-06
-9.481121e-05
-1.088029e-04
-5.520000e-08
1.108269e-03
-6.124444e-06
-9.926717e-04
-1.094178e-04
1.024379e-03
-6.074364e-04
-4.937498e-05
-3.291646e-04
-3.840284e-05
1.024379e-03
-1.645825e-04
-5.486075e-04
-1.645825e-04
-1.466064e-04
-5.520000e-08
3.841245e-04
-2.151063e-05
-2.781434e-04
-8.441522e-05
1.733924e-04
-2.743039e-04
7.866711e-04
-2.743070e-05
-6.583289e-04
-5.520000e-08
2.681554e-03
-6.453333e-06
-2.566162e-03
-1.088833e-04
-5.520000e-08
2.101721e-04
-6.502857e-06
-9.481121e-05
-1.088029e-04
-5.520000e-08
-7.256798e-05
4.557307e-04
-3.186188e-04
-6.448875e-05
-5.520000e-08
-1.953375e-04
-5.293538e-04
3.459869e-04
3.787595e-04
-5.520000e-08
1.069976e-04
-6.124444e-06
8.599867e-06
-1.094178e-04
-5.520000e-08
-2.965421e-03
-6.360000e-06
3.080871e-03
-1.090350e-04
-5.520000e-08
5.677656e-03
-6.502857e-06
-5.562295e-03
-1.088029e-04
-5.520000e-08
-2.162570e-03
-4.696048e-05
2.252645e-03
-4.305923e-05
-5.520000e-08
1.082352e-03
-4.150000e-05
-9.888647e-04
-5.193250e-05
-5.520000e-08
1.440152e-03
-6.502857e-06
-1.324791e-03
-1.088029e-04
-5.520000e-08
1.440152e-03
-6.502857e-06
-1.324791e-03
-1.088029e-04
-5.520000e-08
-1.185522e-03
-4.921333e-05
1.274189e-03
-3.939833e-05
-5.520000e-08
7.957627e-04
-7.342857e-06
-6.809268e-04
-1.074379e-04
-5.520000e-08
-1.341867e-03
-6.416667e-06
1.457282e-03
-1.089429e-04
2.936336e-03
-1.648502e-04
-5.495003e-04
-1.648502e-04
-2.057135e-03
-5.520000e-08
-1.807667e-04
-5.404500e-04
1.958879e-03
-1.237607e-03
-5.520000e-08
1.312831e-03
-5.720000e-06
-1.196981e-03
-1.100750e-04
-5.520000e-08
-7.017466e-04
-5.791429e-06
8.175521e-04
-1.099589e-04
-5.520000e-08
-1.890263e-03
2.267284e-03
-3.244429e-04
-5.252286e-05
-5.520000e-08
-1.090794e-03
-6.124444e-06
1.206391e-03
-1.094178e-04
-5.520000e-08
-5.598878e-04
1.246560e-03
-3.080833e-05
-6.558083e-04
-5.520000e-08
-2.676901e-04
-5.109944e-04
-3.798740e-05
8.167271e-04
-5.520000e-08
6.128157e-03
-2.938333e-05
-6.027097e-03
-7.162208e-05
-5.520000e-08
-2.002055e-03
-6.416667e-06
2.117470e-03
-1.089429e-04
-5.520000e-08
-1.792500e-04
-5.416050e-04
-1.300706e-03
2.021616e-03
-5.520000e-08
-1.392750e-04
8.228293e-04
-3.376458e-05
-6.497346e-04
-5.520000e-08
3.515288e-03
-1.323333e-05
-3.404134e-03
-9.786583e-05
-5.520000e-08
-6.128646e-04
-4.940857e-05
7.014095e-04
-3.908107e-05
-5.520000e-08
2.681554e-03
-6.453333e-06
-2.566162e-03
-1.088833e-04
-5.520000e-08
-1.671111e-04
4.098061e-03
-1.637111e-04
-3.767184e-03
-5.520000e-08
-2.737583e-04
1.626065e-03
-3.040208e-05
-1.321849e-03
-5.520000e-08
-2.120000e-04
3.944416e-03
-1.076000e-04
-3.624761e-03
-5.520000e-08
1.108269e-03
-6.124444e-06
-9.926717e-04
-1.094178e-04
-5.520000e-08
-2.722472e-04
1.317105e-04
-3.229097e-05
1.728829e-04
-5.520000e-08
-1.947417e-04
-5.298075e-04
-3.121076e-03
3.845681e-03
-5.520000e-08
-1.677000e-04
4.443792e-03
-1.629750e-04
-4.113062e-03
-5.520000e-08
1.440152e-03
-6.502857e-06
-1.324791e-03
-1.088029e-04
-5.520000e-08
-3.775660e-05
-6.360000e-06
1.532068e-04
-1.090350e-04
-5.520000e-08
4.680963e-03
-6.560000e-06
-4.565638e-03
-1.087100e-04
-5.520000e-08
1.069976e-04
-6.124444e-06
8.599867e-06
-1.094178e-04
-5.520000e-08
-1.527590e-03
-6.360000e-06
1.643040e-03
-1.090350e-04
-5.520000e-08
2.540338e-03
-2.157441e-03
-3.188708e-04
-6.397083e-05
-5.520000e-08
-2.748333e-04
-1.771855e-04
-2.905833e-05
4.811324e-04
-5.520000e-08
-4.560572e-03
4.936557e-03
-3.254250e-04
-5.050500e-05
-5.520000e-08
-8.794679e-04
-3.041932e-04
1.297509e-03
-1.137929e-04
-5.520000e-08
-1.763769e-04
-5.986667e-06
2.920604e-04
-1.096417e-04
-5.520000e-08
1.169736e-02
-3.028048e-05
-1.159686e-02
-7.016423e-05
-5.520000e-08
-8.858630e-04
-4.921333e-05
9.745299e-04
-3.939833e-05
7.114460e-04
-1.382328e-05
-6.630907e-04
-1.429529e-06
-3.310245e-05
-5.520000e-08
-9.525337e-04
1.626615e-03
-4.274792e-05
-6.312779e-04
-5.520000e-08
-1.667667e-04
-1.654421e-04
-1.641417e-04
4.964056e-04
-5.520000e-08
4.703441e-04
-4.940857e-05
-3.817993e-04
-3.908107e-05
-5.520000e-08
-2.735429e-04
-1.321084e-04
-3.067143e-05
4.363778e-04
-5.520000e-08
1.092402e-02
-4.960000e-05
-1.083559e-02
-3.877000e-05
-5.520000e-08
-2.735429e-04
-5.599593e-03
-3.067143e-05
5.903862e-03
-5.520000e-08
1.497623e-03
-7.107302e-06
-1.382640e-03
-1.078206e-04
-5.520000e-08
-2.735429e-04
-5.599593e-03
-3.067143e-05
5.903862e-03
-5.520000e-08
1.193663e-03
-6.416667e-06
-1.078248e-03
-1.089429e-04
-5.520000e-08
6.005411e-04
-1.224333e-05
-4.887680e-04
-9.947458e-05
-5.520000e-08
-8.067575e-03
-3.790889e-05
8.163307e-03
-5.776806e-05
-5.520000e-08
-1.563583e-03
1.937860e-03
-3.270444e-04
-4.717778e-05
-5.520000e-08
-2.744889e-04
-3.554114e-03
-2.948889e-05
3.858147e-03
-5.520000e-08
3.953272e-03
-1.927063e-05
-3.845890e-03
-8.805522e-05
-5.520000e-08
6.619886e-03
4.872260e-03
-1.083352e-02
-6.585750e-04
-5.520000e-08
1.585906e-03
-8.697778e-06
-1.471917e-03
-1.052361e-04
-5.520000e-08
-2.748333e-04
2.901617e-04
-2.905833e-05
1.378519e-05
-5.520000e-08
-8.814594e-03
-5.510900e-04
-1.659000e-04
9.531639e-03
-5.520000e-08
-1.167642e-03
-3.096016e-05
1.267717e-03
-6.905974e-05
-5.520000e-08
-2.965421e-03
-6.360000e-06
3.080871e-03
-1.090350e-04
-5.520000e-08
-1.661000e-04
1.645006e-03
-1.649750e-04
-1.313876e-03
-5.520000e-08
-1.341867e-03
-6.416667e-06
1.457282e-03
-1.089429e-04
-5.520000e-08
-1.792500e-04
-5.416050e-04
-8.126147e-04
1.533525e-03
-5.520000e-08
-1.667667e-04
1.111136e-04
-1.641417e-04
2.198499e-04
-5.520000e-08
-1.662786e-04
2.343185e-04
-1.647518e-04
9.676707e-05
-5.520000e-08
-1.798329e-04
-5.411611e-04
5.252229e-04
1.958263e-04
-5.520000e-08
-1.702107e-04
-1.160203e-02
6.187971e-04
1.115349e-02
-5.520000e-08
-7.149738e-04
1.088252e-03
-3.279917e-04
-4.523167e-05
-5.520000e-08
-1.621535e-03
-6.360000e-06
1.736985e-03
-1.090350e-04
-5.520000e-08
6.014149e-04
-1.441000e-05
-4.909960e-04
-9.595375e-05
3.112762e-02
7.287188e-02
-5.193522e-03
-9.547088e-03
