-3.330000e-08
2.022893e-03
-2.717533e-05
-1.967833e-03
-2.785133e-05
-3.330000e-08
-1.005667e-04
6.200445e-04
-9.906667e-05
-4.203778e-04
-3.330000e-08
9.305544e-04
-7.060336e-04
-1.984938e-04
-2.599375e-05
-3.330000e-08
-2.635408e-02
-1.443667e-05
2.641710e-02
-4.855167e-05
-3.330000e-08
8.173036e-04
-3.520000e-06
-7.474591e-04
-6.629125e-05
-3.330000e-08
-1.649200e-04
-2.895739e-03
-1.862500e-05
3.079318e-03
-3.330000e-08
8.078424e-05
3.343391e-04
-1.775000e-05
-3.973400e-04
-3.330000e-08
-8.493102e-03
-2.922333e-05
8.546882e-03
-2.452333e-05
-3.330000e-08
-4.676224e-04
-3.936667e-06
5.372065e-04
-6.561417e-05
-3.330000e-08
-1.097583e-04
-3.254925e-04
-3.022536e-04
7.375377e-04
-3.330000e-08
1.730193e-04
-4.203333e-06
-1.036018e-04
-6.518083e-05
-3.330000e-08
-3.222328e-03
-2.933800e-05
3.276037e-03
-2.433700e-05
-3.330000e-08
-1.014167e-04
-4.054048e-04
-9.800417e-05
6.048589e-04
-3.330000e-08
2.942642e-03
-3.962000e-06
-2.873073e-03
-6.557300e-05
-3.330000e-08
-2.062403e-04
-3.520000e-06
2.760848e-04
-6.629125e-05
-3.330000e-08
-5.291333e-04
2.142935e-03
-1.543835e-03
-6.993333e-05
-3.330000e-08
-5.248000e-04
9.431145e-04
-2.494746e-03
2.076465e-03
-3.416468e-04
5.887252e-04
-2.925979e-05
-1.950608e-04
-2.275779e-05
-3.416468e-04
5.887252e-04
-2.925979e-05
-1.950608e-04
-2.275779e-05
-3.330000e-08
-5.241100e-04
-3.310427e-04
9.296860e-04
-7.450000e-05
-3.330000e-08
-1.046400e-04
-2.182317e-03
-9.397500e-05
2.380965e-03
-3.330000e-08
-8.557727e-04
-3.962000e-06
9.253410e-04
-6.557300e-05
-3.330000e-08
-1.507821e-03
-3.520000e-06
1.577666e-03
-6.629125e-05
2.573227e-04
-5.288002e-04
-3.305250e-06
3.408830e-04
-6.610025e-05
2.573227e-04
-6.141978e-06
-2.974525e-05
-1.983002e-04
-2.313525e-05
2.573227e-04
-6.141978e-06
-2.974525e-05
-1.983002e-04
-2.313525e-05
2.573227e-04
-9.915025e-05
-3.305002e-04
-9.915025e-05
2.714780e-04
2.573227e-04
-5.288002e-04
-3.305250e-06
3.408830e-04
-6.610025e-05
2.573227e-04
-5.288002e-04
-3.305250e-06
3.408830e-04
-6.610025e-05
2.573227e-04
-5.288002e-04
-3.305250e-06
3.408830e-04
-6.610025e-05
2.573227e-04
-6.141978e-06
-2.974525e-05
-1.983002e-04
-2.313525e-05
2.573227e-04
-9.915025e-05
-3.305002e-04
-9.915025e-05
2.714780e-04
2.573227e-04
-6.141978e-06
-2.974525e-05
-1.983002e-04
-2.313525e-05
2.573227e-04
-5.288002e-04
-3.305250e-06
3.408830e-04
-6.610025e-05
2.573227e-04
-5.288002e-04
-3.305250e-06
3.408830e-04
-6.610025e-05
2.573227e-04
-6.141978e-06
-2.974525e-05
-1.983002e-04
-2.313525e-05
2.573227e-04
-9.915025e-05
-3.305002e-04
-9.915025e-05
2.714780e-04
2.573227e-04
-5.288002e-04
-3.305250e-06
3.408830e-04
-6.610025e-05
2.573227e-04
-1.652502e-04
3.210530e-04
-1.652525e-05
-3.966002e-04
2.573227e-04
-6.141978e-06
-2.974525e-05
-1.983002e-04
-2.313525e-05
2.573227e-04
-9.915025e-05
-3.305002e-04
-9.915025e-05
2.714780e-04
2.573227e-04
-1.652502e-04
3.210530e-04
-1.652525e-05
-3.966002e-04
2.573227e-04
-1.652502e-04
3.210530e-04
-1.652525e-05
-3.966002e-04
2.573227e-04
-6.141978e-06
-2.974525e-05
-1.983002e-04
-2.313525e-05
2.573227e-04
-5.288002e-04
-3.305250e-06
3.408830e-04
-6.610025e-05
2.573227e-04
-9.915025e-05
-3.305002e-04
-9.915025e-05
2.714780e-04
2.573227e-04
-5.288002e-04
-3.305250e-06
3.408830e-04
-6.610025e-05
2.573227e-04
-1.652502e-04
3.210530e-04
-1.652525e-05
-3.966002e-04
2.573227e-04
-6.141978e-06
-2.974525e-05
-1.983002e-04
-2.313525e-05
2.573227e-04
-9.915025e-05
-3.305002e-04
-9.915025e-05
2.714780e-04
2.573227e-04
-5.288002e-04
-3.305250e-06
3.408830e-04
-6.610025e-05
2.573227e-04
-1.652502e-04
3.210530e-04
-1.652525e-05
-3.966002e-04
2.573227e-04
-6.141978e-06
-2.974525e-05
-1.983002e-04
-2.313525e-05
2.573227e-04
-5.288002e-04
-3.305250e-06
3.408830e-04
-6.610025e-05
2.573227e-04
-5.288002e-04
-3.305250e-06
3.408830e-04
-6.610025e-05
2.573227e-04
-5.288002e-04
-3.305250e-06
3.408830e-04
-6.610025e-05
2.573227e-04
-1.652502e-04
3.210530e-04
-1.652525e-05
-3.966002e-04
2.573227e-04
-1.652502e-04
3.210530e-04
-1.652525e-05
-3.966002e-04
2.573227e-04
-9.962525e-05
1.211231e-03
-9.855650e-05
-1.270372e-03
2.573227e-04
-5.288002e-04
-3.305250e-06
3.408830e-04
-6.610025e-05
2.573227e-04
-1.652502e-04
3.210530e-04
-1.652525e-05
-3.966002e-04
2.573227e-04
-9.915025e-05
-3.305002e-04
-9.915025e-05
2.714780e-04
2.573227e-04
-5.288002e-04
-3.305250e-06
3.408830e-04
-6.610025e-05
2.573227e-04
-1.652502e-04
3.210530e-04
-1.652525e-05
-3.966002e-04
2.573227e-04
-6.141978e-06
-2.974525e-05
-1.983002e-04
-2.313525e-05
-3.330000e-08
-1.649833e-04
5.744731e-04
-1.854583e-05
-3.909107e-04
-3.330000e-08
-5.229417e-04
-1.083750e-05
6.800214e-04
-1.462090e-04
-3.330000e-08
-9.826478e-03
1.007762e-02
-1.732533e-04
-7.785133e-05
-3.330000e-08
-2.302579e-03
-6.124667e-06
2.370796e-03
-6.205867e-05
-3.330000e-08
3.629055e-06
-2.981000e-05
4.978424e-05
-2.357000e-05
-3.330000e-08
-5.225300e-04
-1.115100e-05
-2.870703e-03
3.404418e-03
-3.330000e-08
-1.090000e-04
-6.716015e-03
-8.852500e-05
6.913573e-03
-3.330000e-08
-1.646333e-04
3.989030e-03
-1.898333e-05
-3.805380e-03
-3.330000e-08
-1.110700e-04
1.661340e-02
-8.593750e-05
-1.641636e-02
-3.330000e-08
4.272424e-03
-3.596667e-06
-4.202628e-03
-6.616667e-05
-3.330000e-08
-1.658333e-04
-1.566781e-03
-1.748333e-05
1.750131e-03
-1.227951e-03
-9.753079e-05
-3.251008e-04
-9.753079e-05
1.748113e-03
-3.330000e-08
-6.149248e-03
-2.943667e-05
6.202894e-03
-2.417667e-05
-3.330000e-08
-1.014167e-04
-5.305002e-04
-9.800417e-05
7.299544e-04
-3.330000e-08
6.978281e-03
-3.863333e-06
-6.908651e-03
-6.573333e-05
-3.330000e-08
3.284756e-04
-2.936333e-05
-2.747831e-04
-2.429583e-05
-3.330000e-08
-4.739921e-03
-2.760267e-05
4.794714e-03
-2.715692e-05
-3.330000e-08
-1.598233e-04
-5.663537e-03
-2.499583e-05
5.848390e-03
-3.330000e-08
-4.676224e-04
-3.936667e-06
5.372065e-04
-6.561417e-05
-3.330000e-08
-1.647667e-04
-4.190671e-03
-1.881667e-05
4.374288e-03
-1.192511e-03
-1.625508e-04
1.761438e-03
-1.625579e-05
-3.901208e-04
-3.330000e-08
-1.014167e-04
-2.424894e-03
-9.800417e-05
2.624348e-03
-3.330000e-08
-3.490048e-03
-4.835333e-06
3.559070e-03
-6.415383e-05
-3.330000e-08
-6.081623e-04
-3.936667e-06
6.777464e-04
-6.561417e-05
-3.330000e-08
-4.450844e-03
-5.858000e-06
4.519227e-03
-6.249200e-05
2.140366e-03
-1.889818e-03
-2.967033e-05
-1.978003e-04
-2.307700e-05
-3.330000e-08
1.543392e-03
-2.933800e-05
-1.489684e-03
-2.433700e-05
-3.330000e-08
-1.014167e-04
-5.305002e-04
-9.800417e-05
7.299544e-04
-3.330000e-08
-1.605817e-04
-4.421792e-03
-2.404792e-05
4.606455e-03
-3.330000e-08
-6.848464e-04
-2.966600e-05
7.383497e-04
-2.380400e-05
-3.330000e-08
-1.075533e-04
6.180010e-04
-9.033333e-05
-4.200811e-04
-3.330000e-08
-1.406142e-04
-3.115300e-05
-1.994100e-04
3.712105e-04
-3.330000e-08
-5.284667e-04
-6.630000e-06
-2.102260e-03
2.637390e-03
-3.330000e-08
-3.365842e-05
-3.434000e-06
1.035567e-04
-6.643100e-05
-3.330000e-08
5.090252e-04
-3.530000e-06
-4.391869e-04
-6.627500e-05
-3.330000e-08
-5.225300e-04
-1.115100e-05
1.015448e-03
-4.817334e-04
-3.330000e-08
4.189445e-04
-3.596667e-06
-3.491478e-04
-6.616667e-05
-3.330000e-08
-5.229417e-04
-1.083750e-05
1.035216e-03
-5.014037e-04
-3.330000e-08
-1.045767e-04
-1.995813e-03
-9.405417e-05
2.194477e-03
-3.330000e-08
-2.833158e-04
-3.490000e-06
3.531791e-04
-6.634000e-05
-3.330000e-08
-6.149248e-03
-2.943667e-05
6.202894e-03
-2.417667e-05
-3.330000e-08
-8.557727e-04
-3.962000e-06
9.253410e-04
-6.557300e-05
-3.330000e-08
-1.423042e-04
-2.986600e-05
1.956825e-04
-2.347900e-05
-3.330000e-08
-1.660250e-04
-7.682466e-04
-1.724375e-05
9.515486e-04
-3.330000e-08
3.673267e-03
-3.444710e-03
-1.946667e-04
-3.385667e-05
-3.330000e-08
9.850306e-05
-2.970333e-05
-4.502310e-05
-2.374333e-05
-3.330000e-08
2.126889e-03
-3.258110e-04
-1.022700e-04
-1.698775e-03
2.218385e-03
-5.201608e-04
-3.251790e-06
-1.629952e-03
-6.502079e-05
2.218385e-03
-5.201608e-04
-3.251790e-06
-1.629952e-03
-6.502079e-05
-3.330000e-08
-5.613972e-04
7.859905e-04
-1.984250e-04
-2.613500e-05
-3.330000e-08
3.360219e-03
-3.596667e-06
-3.290422e-03
-6.616667e-05
-3.330000e-08
-1.660250e-04
1.691272e-03
-1.724375e-05
-1.507970e-03
-3.330000e-08
-1.706637e-03
-3.962000e-06
1.776205e-03
-6.557300e-05
-3.330000e-08
1.228135e-03
-2.978000e-05
-1.174703e-03
-2.361875e-05
-3.330000e-08
-9.938482e-03
-2.970333e-05
9.991962e-03
-2.374333e-05
-3.330000e-08
2.061869e-03
-1.650168e-03
-2.099500e-05
-3.906730e-04
-3.330000e-08
-6.749369e-04
-2.977000e-05
7.283752e-04
-2.363500e-05
-3.330000e-08
-5.284667e-04
-6.630000e-06
-3.481478e-04
8.832778e-04
-3.330000e-08
-7.774519e-04
-3.962000e-06
8.470202e-04
-6.557300e-05
-3.330000e-08
9.012350e-04
-2.978000e-05
-8.478030e-04
-2.361875e-05
-3.330000e-08
-9.435094e-04
-3.962000e-06
1.013078e-03
-6.557300e-05
-3.330000e-08
-5.284667e-04
-6.630000e-06
-1.544668e-03
2.079798e-03
-3.330000e-08
-2.980720e-03
-3.936667e-06
3.050304e-03
-6.561417e-05
9.438458e-04
-6.932982e-04
-2.967033e-05
-1.978003e-04
-2.307700e-05
9.438458e-04
-6.932982e-04
-2.967033e-05
-1.978003e-04
-2.307700e-05
9.438458e-04
-9.890033e-05
-3.296670e-04
-9.890033e-05
-4.163782e-04
9.438458e-04
-5.274670e-04
-3.297000e-06
-3.471482e-04
-6.593367e-05
9.438458e-04
-1.648337e-04
-3.669282e-04
-1.648367e-05
-3.956003e-04
9.438458e-04
4.161171e-04
-2.948033e-05
-1.307097e-03
-2.338575e-05
9.438458e-04
-9.890033e-05
-3.296670e-04
-9.890033e-05
-4.163782e-04
9.438458e-04
-6.932982e-04
-2.967033e-05
-1.978003e-04
-2.307700e-05
9.438458e-04
-5.274670e-04
-3.297000e-06
-3.471482e-04
-6.593367e-05
9.438458e-04
-9.890033e-05
-3.296670e-04
-9.890033e-05
-4.163782e-04
9.438458e-04
-6.932982e-04
-2.967033e-05
-1.978003e-04
-2.307700e-05
9.438458e-04
-6.932982e-04
-2.967033e-05
-1.978003e-04
-2.307700e-05
9.438458e-04
-9.890033e-05
-3.296670e-04
-9.890033e-05
-4.163782e-04
9.438458e-04
-6.932982e-04
-2.967033e-05
-1.978003e-04
-2.307700e-05
9.438458e-04
-9.890033e-05
-3.296670e-04
-9.890033e-05
-4.163782e-04
9.438458e-04
-5.274670e-04
-3.297000e-06
-3.471482e-04
-6.593367e-05
9.438458e-04
-5.274670e-04
-3.297000e-06
-3.471482e-04
-6.593367e-05
9.438458e-04
-5.274670e-04
-3.297000e-06
-3.471482e-04
-6.593367e-05
9.438458e-04
-5.274670e-04
-3.297000e-06
-3.471482e-04
-6.593367e-05
9.438458e-04
-6.932982e-04
-2.967033e-05
-1.978003e-04
-2.307700e-05
9.438458e-04
-6.932982e-04
-2.967033e-05
-1.978003e-04
-2.307700e-05
9.438458e-04
-6.932982e-04
-2.967033e-05
-1.978003e-04
-2.307700e-05
9.438458e-04
-5.274670e-04
-3.297000e-06
-3.471482e-04
-6.593367e-05
9.438458e-04
-6.932982e-04
-2.967033e-05
-1.978003e-04
-2.307700e-05
9.438458e-04
-1.648337e-04
-3.669282e-04
-1.648367e-05
-3.956003e-04
9.438458e-04
-9.890033e-05
-3.296670e-04
-9.890033e-05
-4.163782e-04
9.438458e-04
-1.648337e-04
-3.669282e-04
-1.648367e-05
-3.956003e-04
9.438458e-04
-1.648337e-04
-3.669282e-04
-1.648367e-05
-3.956003e-04
9.438458e-04
-9.890033e-05
-3.296670e-04
-9.890033e-05
-4.163782e-04
9.438458e-04
-6.932982e-04
-2.967033e-05
-1.978003e-04
-2.307700e-05
9.438458e-04
-6.932982e-04
-2.967033e-05
-1.978003e-04
-2.307700e-05
9.438458e-04
-6.932982e-04
-2.967033e-05
-1.978003e-04
-2.307700e-05
9.438458e-04
-9.890033e-05
-3.296670e-04
-9.890033e-05
-4.163782e-04
9.438458e-04
-9.890033e-05
-3.296670e-04
-9.890033e-05
-4.163782e-04
9.438458e-04
-9.890033e-05
-3.296670e-04
-9.890033e-05
-4.163782e-04
9.438458e-04
-6.932982e-04
-2.967033e-05
-1.978003e-04
-2.307700e-05
9.438458e-04
-5.274670e-04
-3.297000e-06
-3.471482e-04
-6.593367e-05
9.438458e-04
-5.274670e-04
-3.297000e-06
-3.471482e-04
-6.593367e-05
9.438458e-04
-9.890033e-05
-3.296670e-04
-9.890033e-05
-4.163782e-04
9.438458e-04
-9.890033e-05
-3.296670e-04
-9.890033e-05
-4.163782e-04
9.438458e-04
-6.932982e-04
-2.967033e-05
-1.978003e-04
-2.307700e-05
-3.330000e-08
7.815778e-04
-3.672278e-04
-1.848333e-05
-3.958333e-04
-3.330000e-08
-7.774519e-04
-3.962000e-06
8.470202e-04
-6.557300e-05
-3.330000e-08
-5.225300e-04
-1.115100e-05
1.895017e-03
-1.361303e-03
-3.330000e-08
2.844605e-04
-3.530000e-06
-2.146222e-04
-6.627500e-05
-3.330000e-08
-1.658333e-04
-2.124373e-03
-1.748333e-05
2.307723e-03
-3.330000e-08
-5.284667e-04
-6.630000e-06
-3.481478e-04
8.832778e-04
-3.330000e-08
-1.074900e-04
3.042956e-03
-9.041250e-05
-2.845020e-03
-3.330000e-08
-2.256229e-03
-2.970333e-05
2.309709e-03
-2.374333e-05
-3.330000e-08
-1.373825e-04
-3.434000e-06
2.072808e-04
-6.643100e-05
-3.330000e-08
-5.225300e-04
-1.115100e-05
9.277110e-04
-3.939967e-04
-3.330000e-08
-9.435094e-04
-3.962000e-06
1.013078e-03
-6.557300e-05
-3.330000e-08
-1.658333e-04
-3.311535e-03
-1.748333e-05
3.494885e-03
-3.330000e-08
-1.005667e-04
2.177643e-03
-9.906667e-05
-1.977976e-03
-3.330000e-08
-1.658333e-04
-3.311535e-03
-1.748333e-05
3.494885e-03
-3.330000e-08
4.051597e-04
-3.634000e-06
-3.353864e-04
-6.610600e-05
-3.330000e-08
8.173036e-04
-3.520000e-06
-7.474591e-04
-6.629125e-05
-3.330000e-08
-7.774519e-04
-3.962000e-06
8.470202e-04
-6.557300e-05
-3.330000e-08
-8.455027e-04
-1.178300e-05
2.136593e-03
-1.279274e-03
-3.330000e-08
5.760860e-04
-2.933800e-05
-5.223777e-04
-2.433700e-05
-3.330000e-08
-1.646333e-04
3.989030e-03
-1.898333e-05
-3.805380e-03
-3.330000e-08
-1.005667e-04
6.200445e-04
-9.906667e-05
-4.203778e-04
-3.330000e-08
-1.649833e-04
5.744731e-04
-1.854583e-05
-3.909107e-04
-3.330000e-08
-4.054466e-03
4.283023e-03
-1.946667e-04
-3.385667e-05
3.209224e-04
-6.964664e-05
-2.975649e-05
-1.983752e-04
-2.314399e-05
-3.330000e-08
-1.021467e-04
1.408936e-03
-9.709167e-05
-1.209665e-03
-3.330000e-08
-7.774519e-04
-3.962000e-06
8.470202e-04
-6.557300e-05
-3.330000e-08
-6.696223e-03
-2.770333e-05
6.750953e-03
-2.699333e-05
-2.633260e-04
-5.201608e-04
-3.251790e-06
8.517594e-04
-6.502079e-05
-3.330000e-08
-1.563767e-04
-1.040311e-02
-2.930417e-05
1.058883e-02
-3.330000e-08
-6.986312e-04
-2.970333e-05
7.521111e-04
-2.374333e-05
-3.330000e-08
-1.014167e-04
-7.605995e-04
-9.800417e-05
9.600536e-04
-3.330000e-08
-1.658333e-04
-3.311535e-03
-1.748333e-05
3.494885e-03
-3.330000e-08
-1.031500e-04
-3.305250e-04
8.578535e-04
-4.241452e-04
-3.330000e-08
-1.005667e-04
7.758553e-03
-9.906667e-05
-7.558887e-03
-3.330000e-08
-1.016063e-04
-3.317006e-04
-1.007644e-02
1.050978e-02
-3.330000e-08
2.938275e-04
-3.318170e-04
-1.002900e-04
1.383128e-04
2.573227e-04
-9.915025e-05
-3.305002e-04
-9.915025e-05
2.714780e-04
2.573227e-04
-9.915025e-05
-3.305002e-04
-9.915025e-05
2.714780e-04
2.573227e-04
-1.652502e-04
3.210530e-04
-1.652525e-05
-3.966002e-04
2.573227e-04
-1.652502e-04
3.210530e-04
-1.652525e-05
-3.966002e-04
2.573227e-04
-1.652502e-04
3.210530e-04
-1.652525e-05
-3.966002e-04
2.573227e-04
-9.915025e-05
-3.305002e-04
-9.915025e-05
2.714780e-04
2.573227e-04
-6.141978e-06
-2.974525e-05
-1.983002e-04
-2.313525e-05
2.573227e-04
-1.652502e-04
3.210530e-04
-1.652525e-05
-3.966002e-04
2.573227e-04
-6.141978e-06
-2.974525e-05
-1.983002e-04
-2.313525e-05
2.573227e-04
-6.141978e-06
-2.974525e-05
-1.983002e-04
-2.313525e-05
2.573227e-04
-9.915025e-05
-3.305002e-04
-9.915025e-05
2.714780e-04
2.573227e-04
-1.652502e-04
3.210530e-04
-1.652525e-05
-3.966002e-04
2.573227e-04
-1.652502e-04
3.210530e-04
-1.652525e-05
-3.966002e-04
2.573227e-04
-1.652502e-04
3.210530e-04
-1.652525e-05
-3.966002e-04
2.573227e-04
-1.652502e-04
3.210530e-04
-1.652525e-05
-3.966002e-04
2.573227e-04
-6.141978e-06
-2.974525e-05
-1.983002e-04
-2.313525e-05
2.573227e-04
-6.141978e-06
-2.974525e-05
-1.983002e-04
-2.313525e-05
2.573227e-04
-6.141978e-06
-2.974525e-05
-1.983002e-04
-2.313525e-05
2.573227e-04
-5.288002e-04
-3.305250e-06
3.408830e-04
-6.610025e-05
2.573227e-04
-9.915025e-05
-3.305002e-04
-9.915025e-05
2.714780e-04
2.573227e-04
-1.652502e-04
3.210530e-04
-1.652525e-05
-3.966002e-04
2.573227e-04
-6.141978e-06
-2.974525e-05
-1.983002e-04
-2.313525e-05
2.573227e-04
-5.288002e-04
-3.305250e-06
3.408830e-04
-6.610025e-05
2.573227e-04
-5.288002e-04
-3.305250e-06
3.408830e-04
-6.610025e-05
2.573227e-04
-5.288002e-04
-3.305250e-06
3.408830e-04
-6.610025e-05
2.573227e-04
-6.141978e-06
-2.974525e-05
-1.983002e-04
-2.313525e-05
2.573227e-04
-5.288002e-04
-3.305250e-06
3.408830e-04
-6.610025e-05
2.573227e-04
-9.915025e-05
-3.305002e-04
-9.915025e-05
2.714780e-04
2.573227e-04
-6.141978e-06
-2.974525e-05
-1.983002e-04
-2.313525e-05
2.573227e-04
-5.288002e-04
-3.305250e-06
3.408830e-04
-6.610025e-05
2.573227e-04
-9.915025e-05
-3.305002e-04
-9.915025e-05
2.714780e-04
2.573227e-04
-6.141978e-06
-2.974525e-05
-1.983002e-04
-2.313525e-05
2.573227e-04
-5.288002e-04
-3.305250e-06
3.408830e-04
-6.610025e-05
2.573227e-04
-6.141978e-06
-2.974525e-05
-1.983002e-04
-2.313525e-05
2.573227e-04
-5.288002e-04
-3.305250e-06
3.408830e-04
-6.610025e-05
2.573227e-04
-9.915025e-05
-3.305002e-04
-9.915025e-05
2.714780e-04
2.573227e-04
-1.652502e-04
3.210530e-04
-1.652525e-05
-3.966002e-04
2.573227e-04
-1.652502e-04
3.210530e-04
-1.652525e-05
-3.966002e-04
2.573227e-04
-6.141978e-06
-2.974525e-05
-1.983002e-04
-2.313525e-05
2.573227e-04
-9.915025e-05
-3.305002e-04
-9.915025e-05
2.714780e-04
2.573227e-04
-5.288002e-04
-3.305250e-06
3.408830e-04
-6.610025e-05
-3.330000e-08
-6.891728e-06
-3.224500e-05
-1.990500e-04
2.382200e-04
-3.330000e-08
-2.256229e-03
-2.970333e-05
2.309709e-03
-2.374333e-05
-3.330000e-08
-3.129443e-04
-3.490000e-06
3.828076e-04
-6.634000e-05
-3.330000e-08
-5.835136e-03
-2.249400e-05
5.893121e-03
-3.545850e-05
-3.330000e-08
-1.014167e-04
-7.714476e-03
-9.800417e-05
7.913931e-03
-3.330000e-08
-1.595133e-04
-3.180212e-04
-2.538333e-05
5.029511e-04
-3.330000e-08
-3.781898e-04
-3.596667e-06
4.479864e-04
-6.616667e-05
-3.330000e-08
-5.225300e-04
-1.115100e-05
1.015448e-03
-4.817334e-04
-3.330000e-08
-1.660250e-04
-7.682466e-04
-1.724375e-05
9.515486e-04
2.218385e-03
-5.201608e-04
-3.251790e-06
-1.629952e-03
-6.502079e-05
-3.330000e-08
-3.639905e-03
-2.970333e-05
3.693385e-03
-2.374333e-05
-3.330000e-08
-4.552111e-03
-2.970333e-05
4.605591e-03
-2.374333e-05
-3.330000e-08
-1.657678e-03
-3.962000e-06
1.727246e-03
-6.557300e-05
-3.330000e-08
-1.638333e-04
-9.597450e-03
-1.998333e-05
9.781300e-03
9.104167e-03
-9.753079e-05
-3.251008e-04
-9.753079e-05
-8.584004e-03
7.685973e-03
