-1.590000e-08
1.654470e-03
-1.797273e-06
-1.621193e-03
-3.146318e-05
-1.590000e-08
-5.024000e-05
-4.721216e-04
-4.452500e-05
5.669025e-04
-1.590000e-08
-4.821818e-05
9.738336e-04
-4.705227e-05
-8.785473e-04
-1.590000e-08
2.250253e-03
-1.883333e-06
-2.217031e-03
-3.132333e-05
-1.590000e-08
-4.821818e-05
6.289268e-04
-4.705227e-05
-5.336404e-04
-1.590000e-08
-1.547659e-03
-1.401667e-05
1.573298e-03
-1.160667e-05
-1.590000e-08
-7.022713e-04
-3.020545e-06
7.347831e-04
-2.947536e-05
-1.590000e-08
-4.821818e-05
6.289268e-04
-4.705227e-05
-5.336404e-04
-1.590000e-08
-7.898182e-05
-4.542460e-04
-8.597727e-06
5.418415e-04
-1.590000e-08
-4.843333e-05
-4.411857e-04
-4.678333e-05
5.364183e-04
-1.590000e-08
-4.821818e-05
7.728178e-04
-4.705227e-05
-6.775315e-04
-1.590000e-08
-6.660604e-04
-1.410273e-05
6.916459e-04
-1.146682e-05
-1.590000e-08
-4.821818e-05
9.738336e-04
-4.705227e-05
-8.785473e-04
-1.590000e-08
-2.515500e-04
-1.848678e-04
4.708246e-04
-3.439091e-05
-1.590000e-08
-2.121491e-03
1.159793e-03
-1.088333e-05
9.725974e-04
-1.590000e-08
-1.995937e-03
-1.410273e-05
2.021523e-03
-1.146682e-05
-1.590000e-08
4.645782e-04
-2.688178e-04
-1.080000e-05
-1.849445e-04
-1.590000e-08
-7.696000e-05
2.766627e-03
-1.112500e-05
-2.678527e-03
-1.590000e-08
2.063185e-03
1.300356e-03
-4.530227e-05
-3.318223e-03
-1.590000e-08
-7.127727e-05
-1.410450e-04
6.344820e-03
-6.132482e-03
-1.590000e-08
-5.449110e-04
6.529596e-04
-9.397500e-05
-1.405773e-05
-1.590000e-08
4.142169e-04
-1.797273e-06
-3.809405e-04
-3.146318e-05
-1.590000e-08
-2.747715e-03
-2.606000e-06
2.780485e-03
-3.014900e-05
-1.590000e-08
-2.293091e-03
-1.883333e-06
2.326313e-03
-3.132333e-05
-1.590000e-08
-2.510829e-03
2.620380e-03
-9.255000e-05
-1.698545e-05
-1.590000e-08
4.507020e-03
-1.262235e-04
-5.850545e-05
-4.322275e-03
-7.535546e-04
8.716090e-04
-1.398037e-05
-9.320037e-05
-1.087370e-05
-1.590000e-08
-2.293091e-03
-1.883333e-06
2.326313e-03
-3.132333e-05
-1.590000e-08
5.369860e-04
-1.675333e-06
-5.036334e-04
-3.166133e-05
-1.590000e-08
-7.760667e-05
-6.449179e-03
-1.031667e-05
6.537118e-03
-1.590000e-08
1.663979e-02
-1.675333e-06
-1.660644e-02
-3.166133e-05
-1.590000e-08
-1.105343e-03
-1.422467e-05
1.130852e-03
-1.126867e-05
-1.590000e-08
-7.876667e-05
2.315527e-03
-8.866667e-06
-2.227878e-03
-1.590000e-08
-3.156467e-03
-1.401667e-05
3.182106e-03
-1.160667e-05
-1.590000e-08
-1.331190e-03
-1.329400e-05
1.357280e-03
-1.278100e-05
-1.590000e-08
2.478245e-03
2.142696e-02
-3.466179e-04
-2.355857e-02
-1.590000e-08
-5.724746e-04
-2.606000e-06
6.052455e-04
-3.014900e-05
-1.590000e-08
-5.024000e-05
4.440386e-04
-4.452500e-05
-3.492577e-04
-1.590000e-08
-5.246667e-05
-1.553700e-04
-3.322324e-04
5.400850e-04
-1.590000e-08
-1.008184e-03
-1.287945e-05
1.034534e-03
-1.345464e-05
-1.590000e-08
5.325163e-04
-1.797273e-06
-4.992400e-04
-3.146318e-05
-1.590000e-08
-7.622667e-05
1.032802e-03
-1.204167e-05
-9.445177e-04
-1.590000e-08
9.878694e-04
-2.419091e-06
-9.549817e-04
-3.045273e-05
-1.590000e-08
1.418475e-04
-1.311705e-04
-5.687455e-05
4.621350e-05
-1.590000e-08
9.914568e-04
-1.422467e-05
-9.659476e-04
-1.126867e-05
-1.590000e-08
1.197645e-03
-2.606000e-06
-1.164875e-03
-3.014900e-05
-1.590000e-08
2.460479e-03
-2.813273e-06
-2.427838e-03
-2.981218e-05
-1.590000e-08
-7.898182e-05
-6.535519e-04
-8.597727e-06
7.411474e-04
-1.590000e-08
-7.928667e-05
1.298378e-03
-8.216667e-06
-1.210859e-03
-1.590000e-08
-4.925455e-05
2.245711e-03
-4.575682e-05
-2.150684e-03
-1.590000e-08
-4.791333e-05
-9.998275e-04
-4.743333e-05
1.095190e-03
-1.590000e-08
-2.510318e-04
-4.155000e-06
-1.217108e-03
1.472310e-03
-1.590000e-08
-7.898182e-05
-6.535519e-04
-8.597727e-06
7.411474e-04
-1.590000e-08
3.059473e-04
-1.666773e-05
-9.462273e-05
-1.946410e-04
-1.590000e-08
-3.498322e-04
-1.225764e-05
3.765708e-04
-1.446509e-05
-1.590000e-08
-7.696000e-05
2.320608e-03
-1.112500e-05
-2.232508e-03
-1.590000e-08
-7.470261e-04
-1.882606e-06
7.802491e-04
-3.132452e-05
-1.590000e-08
-4.908667e-05
-1.579440e-04
7.434193e-04
-5.363728e-04
-1.590000e-08
-2.532267e-04
7.891560e-04
-5.030468e-04
-3.286667e-05
-1.590000e-08
-4.772297e-04
-1.329400e-05
5.033206e-04
-1.278100e-05
-1.590000e-08
4.389305e-04
-1.329400e-05
-4.128396e-04
-1.278100e-05
2.343509e-03
-4.141381e-03
-1.293811e-05
1.821371e-03
-1.056130e-05
2.343509e-03
-3.160468e-03
9.163147e-04
-8.620357e-05
-1.315220e-05
2.343509e-03
-2.232511e-03
-1.314539e-05
-8.762857e-05
-1.022448e-05
2.343509e-03
-2.830596e-03
-1.212939e-05
5.110920e-04
-1.187548e-05
2.343509e-03
4.434049e-03
-6.601010e-03
-1.300357e-05
-1.635449e-04
2.343509e-03
-4.381493e-05
-1.460468e-04
-4.381493e-05
-2.109833e-03
-1.590000e-08
2.168151e-03
-1.329400e-05
-2.142061e-03
-1.278100e-05
-1.590000e-08
2.614170e-03
-1.329400e-05
-2.588080e-03
-1.278100e-05
-1.590000e-08
-7.696000e-05
-1.178733e-03
-1.112500e-05
1.266833e-03
-1.590000e-08
-4.397617e-03
-1.348091e-05
4.423591e-03
-1.247727e-05
-1.590000e-08
7.481152e-03
-1.371586e-04
-3.175986e-04
-7.026379e-03
-1.590000e-08
-1.381855e-03
1.489904e-03
-9.397500e-05
-1.405773e-05
-1.590000e-08
-1.010967e-03
-1.410273e-05
1.036553e-03
-1.146682e-05
-1.590000e-08
-8.099515e-04
-1.410273e-05
8.355369e-04
-1.146682e-05
-1.590000e-08
1.842531e-03
-1.734482e-03
-9.397500e-05
-1.405773e-05
1.902740e-03
-1.783869e-03
-1.407708e-05
-9.384571e-05
-1.094890e-05
-1.590000e-08
-4.821818e-05
1.958804e-03
-4.705227e-05
-1.863517e-03
-1.590000e-08
4.389305e-04
-1.329400e-05
-4.128396e-04
-1.278100e-05
-1.590000e-08
1.171682e-03
-1.064517e-03
-9.481333e-05
-1.233533e-05
-1.590000e-08
-5.443636e-05
-1.538700e-04
1.668728e-03
-1.460406e-03
-1.590000e-08
-4.821818e-05
5.106273e-04
-4.705227e-05
-4.153410e-04
-1.590000e-08
-1.384705e-03
-1.410273e-05
1.410291e-03
-1.146682e-05
-1.590000e-08
1.654470e-03
-1.797273e-06
-1.621193e-03
-3.146318e-05
-1.590000e-08
-7.696000e-05
2.320608e-03
-1.112500e-05
-2.232508e-03
-1.590000e-08
1.097072e-03
-2.626364e-06
-1.064313e-03
-3.011591e-05
-1.590000e-08
-7.898182e-05
-1.839538e-03
-8.597727e-06
1.927133e-03
-1.590000e-08
1.439761e-02
-1.340867e-05
-1.437159e-02
-1.259467e-05
-1.590000e-08
-2.335567e-04
1.907467e-03
-1.623146e-03
-5.074848e-05
-1.590000e-08
-1.049422e-03
-1.422467e-05
1.074931e-03
-1.126867e-05
-1.590000e-08
2.168151e-03
-1.329400e-05
-2.142061e-03
-1.278100e-05
-1.590000e-08
-5.024000e-05
-2.201343e-03
-4.452500e-05
2.296123e-03
-1.590000e-08
-4.607197e-04
-2.586700e-05
-9.159000e-05
5.781926e-04
-1.590000e-08
3.436856e-04
-2.606000e-06
-3.109147e-04
-3.014900e-05
-1.590000e-08
4.389305e-04
-1.329400e-05
-4.128396e-04
-1.278100e-05
-1.590000e-08
-4.821818e-05
6.289268e-04
-4.705227e-05
-5.336404e-04
-1.590000e-08
1.197645e-03
-2.606000e-06
-1.164875e-03
-3.014900e-05
-1.590000e-08
-1.415688e-03
-1.422467e-05
1.441197e-03
-1.126867e-05
-1.590000e-08
8.774232e-04
-1.797273e-06
-8.441468e-04
-3.146318e-05
-1.590000e-08
3.436856e-04
-2.606000e-06
-3.109147e-04
-3.014900e-05
-1.590000e-08
1.285845e-03
-1.883333e-06
-1.252623e-03
-3.132333e-05
-1.590000e-08
-5.024000e-05
4.440386e-04
-4.452500e-05
-3.492577e-04
-1.590000e-08
9.158775e-04
-1.675333e-06
-8.825249e-04
-3.166133e-05
-1.590000e-08
-2.532267e-04
7.891560e-04
-5.030468e-04
-3.286667e-05
-1.590000e-08
-2.808173e-03
-1.401667e-05
2.833813e-03
-1.160667e-05
-1.590000e-08
-7.898182e-05
-1.574646e-03
-8.597727e-06
1.662242e-03
-1.590000e-08
-2.532267e-04
7.891560e-04
-5.030468e-04
-3.286667e-05
-1.590000e-08
1.202843e-03
-1.006204e-03
-9.966667e-06
-1.866567e-04
-1.590000e-08
1.251161e-03
-1.797273e-06
-1.217885e-03
-3.146318e-05
-1.590000e-08
-2.586785e-03
2.778184e-03
-1.493500e-05
-1.764490e-04
-1.590000e-08
-4.843333e-05
2.771459e-03
-4.678333e-05
-2.676227e-03
-1.590000e-08
1.197645e-03
-2.606000e-06
-1.164875e-03
-3.014900e-05
-1.590000e-08
-2.747715e-03
-2.606000e-06
2.780485e-03
-3.014900e-05
-1.590000e-08
-1.105343e-03
-1.422467e-05
1.130852e-03
-1.126867e-05
-1.590000e-08
-1.788014e-03
-1.410273e-05
1.813599e-03
-1.146682e-05
-1.590000e-08
-4.791333e-05
1.377960e-03
-4.743333e-05
-1.282597e-03
-1.590000e-08
1.197645e-03
-2.606000e-06
-1.164875e-03
-3.014900e-05
-1.590000e-08
-1.952419e-03
-1.250006e-05
1.979006e-03
-1.407115e-05
-1.590000e-08
-5.075818e-05
-7.374813e-04
-4.387727e-05
8.321327e-04
-1.590000e-08
9.717989e-04
-1.675333e-06
-9.384464e-04
-3.166133e-05
-1.590000e-08
-8.211099e-04
-3.227818e-06
8.534922e-04
-2.913855e-05
-1.590000e-08
-5.024000e-05
-4.721216e-04
-4.452500e-05
5.669025e-04
-1.590000e-08
-4.772297e-04
-1.329400e-05
5.033206e-04
-1.278100e-05
-1.590000e-08
5.325163e-04
-1.797273e-06
-4.992400e-04
-3.146318e-05
-1.590000e-08
-6.996479e-03
1.121474e-03
5.897704e-03
-2.268264e-05
-1.590000e-08
-5.231273e-05
-3.465005e-04
-4.193409e-05
4.407632e-04
-1.590000e-08
1.597502e-03
-1.797273e-06
-1.564225e-03
-3.146318e-05
1.244409e-04
-2.485337e-04
-1.553700e-06
1.567135e-04
-3.106703e-05
1.244409e-04
-2.485337e-04
-1.553700e-06
1.567135e-04
-3.106703e-05
1.244409e-04
-2.485337e-04
-1.553700e-06
1.567135e-04
-3.106703e-05
1.244409e-04
-2.485337e-04
-1.553700e-06
1.567135e-04
-3.106703e-05
1.244409e-04
-7.766703e-05
1.473935e-04
-7.767033e-06
-1.864004e-04
1.244409e-04
-6.386479e-06
-1.398037e-05
-9.320037e-05
-1.087370e-05
1.244409e-04
-6.386479e-06
-1.398037e-05
-9.320037e-05
-1.087370e-05
1.244409e-04
5.383826e-04
-1.760973e-06
-6.303324e-04
-3.073022e-05
1.244409e-04
-2.485337e-04
-1.553700e-06
1.567135e-04
-3.106703e-05
1.244409e-04
-2.485337e-04
-1.553700e-06
1.567135e-04
-3.106703e-05
1.244409e-04
-6.386479e-06
-1.398037e-05
-9.320037e-05
-1.087370e-05
1.244409e-04
-6.386479e-06
-1.398037e-05
-9.320037e-05
-1.087370e-05
-1.590000e-08
-1.225278e-05
-1.401667e-05
3.789201e-05
-1.160667e-05
-1.590000e-08
-1.225278e-05
-1.401667e-05
3.789201e-05
-1.160667e-05
-1.590000e-08
-1.225278e-05
-1.401667e-05
3.789201e-05
-1.160667e-05
-1.590000e-08
-2.503667e-04
1.293187e-04
1.565306e-04
-3.546667e-05
-1.590000e-08
-1.212913e-04
-1.883333e-06
1.545139e-04
-3.132333e-05
-1.590000e-08
-2.981883e-03
-1.300067e-05
3.008157e-03
-1.325767e-05
-1.590000e-08
9.158775e-04
-1.675333e-06
-8.825249e-04
-3.166133e-05
-1.590000e-08
-1.225278e-05
-1.401667e-05
3.789201e-05
-1.160667e-05
-1.590000e-08
-2.528182e-03
-1.237885e-05
2.554845e-03
-1.426812e-05
-1.590000e-08
4.377982e-03
9.061081e-04
-5.238762e-03
-4.531185e-05
-1.590000e-08
6.449607e-04
-3.778606e-06
-6.129227e-04
-2.824352e-05
-1.590000e-08
-1.225278e-05
-1.401667e-05
3.789201e-05
-1.160667e-05
-1.590000e-08
5.623747e-05
-1.370783e-04
3.532022e-03
-3.451165e-03
-1.590000e-08
-1.212913e-04
-1.883333e-06
1.545139e-04
-3.132333e-05
-1.590000e-08
-1.225278e-05
-1.401667e-05
3.789201e-05
-1.160667e-05
-1.590000e-08
-7.803333e-05
-2.422480e-03
-9.783333e-06
2.510313e-03
-1.590000e-08
-6.660604e-04
-1.410273e-05
6.916459e-04
-1.146682e-05
9.246780e-04
-2.502548e-04
-1.564350e-06
-6.415767e-04
-3.128208e-05
9.246780e-04
-7.820480e-05
-6.509613e-04
-7.820714e-06
-1.876912e-04
9.246780e-04
-8.058063e-04
-1.407708e-05
-9.384571e-05
-1.094890e-05
9.246780e-04
-2.502548e-04
-1.564350e-06
-6.415767e-04
-3.128208e-05
9.246780e-04
-4.692299e-05
-1.564093e-04
-4.692299e-05
-6.744227e-04
9.246780e-04
9.073860e-04
-1.857683e-06
-1.799401e-03
-3.080541e-05
9.246780e-04
-2.502548e-04
-1.564350e-06
-6.415767e-04
-3.128208e-05
9.246780e-04
-2.502548e-04
-1.564350e-06
-6.415767e-04
-3.128208e-05
9.246780e-04
-2.502548e-04
-1.564350e-06
-6.415767e-04
-3.128208e-05
9.246780e-04
-2.502548e-04
-1.564350e-06
-6.415767e-04
-3.128208e-05
9.246780e-04
-4.692299e-05
-1.564093e-04
-4.692299e-05
-6.744227e-04
9.246780e-04
-2.502548e-04
-1.564350e-06
-6.415767e-04
-3.128208e-05
9.246780e-04
-2.502548e-04
-1.564350e-06
-6.415767e-04
-3.128208e-05
9.246780e-04
-2.502548e-04
-1.564350e-06
-6.415767e-04
-3.128208e-05
9.246780e-04
-8.058063e-04
-1.407708e-05
-9.384571e-05
-1.094890e-05
9.246780e-04
-1.799362e-03
-6.362265e-05
-9.893441e-06
9.481997e-04
9.246780e-04
-7.820480e-05
-6.509613e-04
-7.820714e-06
-1.876912e-04
9.246780e-04
-8.058063e-04
-1.407708e-05
-9.384571e-05
-1.094890e-05
9.246780e-04
-2.502548e-04
-1.564350e-06
-6.415767e-04
-3.128208e-05
9.246780e-04
-7.665026e-05
-3.257680e-03
-9.763895e-06
2.419416e-03
9.246780e-04
-8.058063e-04
-1.407708e-05
-9.384571e-05
-1.094890e-05
-1.590000e-08
-3.236607e-03
-1.389545e-05
3.262322e-03
-1.180364e-05
-1.590000e-08
-7.574545e-05
-3.314570e-03
-1.264318e-05
3.402975e-03
-1.590000e-08
-6.050182e-05
6.253080e-03
-3.169773e-05
-6.160864e-03
-1.590000e-08
2.487549e-03
-2.297651e-03
-1.636000e-05
-1.735213e-04
-1.590000e-08
9.914568e-04
-1.422467e-05
-9.659476e-04
-1.126867e-05
-1.590000e-08
1.197645e-03
-2.606000e-06
-1.164875e-03
-3.014900e-05
-1.590000e-08
-5.024000e-05
-4.721216e-04
-4.452500e-05
5.669025e-04
-1.590000e-08
-1.801036e-04
4.280209e-03
-4.553748e-03
4.536582e-04
-1.590000e-08
1.197645e-03
-2.606000e-06
-1.164875e-03
-3.014900e-05
-1.590000e-08
-1.294798e-02
1.310415e-02
-4.833667e-05
-1.078238e-04
-1.590000e-08
-2.115865e-03
2.228790e-03
-8.935000e-05
-2.356000e-05
-1.590000e-08
-1.188400e-04
-4.592663e-03
4.866555e-03
-1.550364e-04
-1.590000e-08
1.105174e-03
-1.556633e-04
-4.880000e-05
-9.006949e-04
-1.590000e-08
1.456712e-03
-1.260073e-03
-9.966667e-06
-1.866567e-04
-1.590000e-08
-7.876667e-05
5.604516e-04
-8.866667e-06
-4.728024e-04
-1.590000e-08
9.032408e-04
-1.883333e-06
-8.700182e-04
-3.132333e-05
-1.590000e-08
1.654470e-03
-1.797273e-06
-1.621193e-03
-3.146318e-05
-1.590000e-08
1.663979e-02
-1.675333e-06
-1.660644e-02
-3.166133e-05
-1.590000e-08
-1.105343e-03
-1.422467e-05
1.130852e-03
-1.126867e-05
-1.590000e-08
-2.293091e-03
-1.883333e-06
2.326313e-03
-3.132333e-05
-1.590000e-08
-1.212913e-04
-1.883333e-06
1.545139e-04
-3.132333e-05
-1.590000e-08
-1.331190e-03
-1.329400e-05
1.357280e-03
-1.278100e-05
-1.590000e-08
6.097482e-04
-3.020545e-06
-5.772364e-04
-2.947536e-05
-1.590000e-08
6.764074e-04
-1.797273e-06
-6.431310e-04
-3.146318e-05
-1.590000e-08
-4.791333e-05
-9.998275e-04
-4.743333e-05
1.095190e-03
-1.590000e-08
5.325163e-04
-1.797273e-06
-4.992400e-04
-3.146318e-05
1.432167e-02
1.924455e-02
1.631974e-01
6.460039e-02
2.895161e-02
1.955393e-01
