-4.340000e-08
-1.328000e-04
4.259604e-04
-1.269500e-04
-1.661670e-04
-4.340000e-08
-1.189962e-03
-4.758333e-06
1.280884e-03
-8.612021e-05
-4.340000e-08
-1.308741e-04
-4.334867e-04
-5.233923e-04
1.087796e-03
2.696992e-03
-6.736013e-04
-4.211300e-06
-1.934978e-03
-8.420130e-05
-4.340000e-08
3.421616e-04
-5.380000e-06
-2.516282e-04
-8.511000e-05
-4.340000e-08
4.166836e-03
-8.188687e-05
-2.462812e-04
-3.838624e-03
-4.340000e-08
-2.149083e-04
-3.366973e-05
-2.431458e-05
2.729360e-04
-4.340000e-08
8.726614e-04
-4.381854e-05
-2.588312e-04
-5.699682e-04
-4.340000e-08
-2.128957e-03
2.428879e-03
-2.517719e-04
-4.810687e-05
-4.340000e-08
-1.437667e-04
1.371819e-03
-1.132417e-04
-1.114767e-03
-4.340000e-08
-2.117750e-04
-3.718775e-04
-1.416474e-03
2.000169e-03
-4.340000e-08
-2.166706e-04
-2.148244e-03
-2.211176e-05
2.387070e-03
-4.340000e-08
1.554426e-03
-4.758333e-06
-1.463504e-03
-8.612021e-05
-4.340000e-08
-1.087463e-03
-4.381481e-06
1.178620e-03
-8.673259e-05
-4.340000e-08
-2.159542e-04
8.166824e-05
-2.300729e-05
1.573366e-04
-4.340000e-08
2.149310e-03
-4.758333e-06
-2.058388e-03
-8.612021e-05
-4.340000e-08
6.227384e-04
-4.885098e-06
-5.318957e-04
-8.591422e-05
-4.340000e-08
-1.954707e-02
-1.565480e-05
1.963119e-02
-6.841344e-05
-4.340000e-08
-8.032704e-03
-3.810157e-05
8.102787e-03
-3.193745e-05
-4.340000e-08
-2.150235e-04
-8.617892e-03
-2.417059e-05
8.857130e-03
-4.340000e-08
1.892474e-02
-2.068881e-02
-4.495778e-05
1.809072e-03
-4.340000e-08
2.212745e-03
-4.471765e-06
-2.121644e-03
-8.658588e-05
-4.340000e-08
-2.249311e-03
2.541090e-03
-2.594941e-04
-3.224118e-05
-4.340000e-08
-2.068248e-04
-2.050696e-02
-3.441906e-05
2.074825e-02
-4.340000e-08
-2.248982e-03
-4.055882e-05
-2.599059e-04
2.549490e-03
2.577077e-03
-6.917649e-04
-4.323694e-06
-1.794517e-03
-8.647075e-05
2.577077e-03
-2.161766e-04
-1.820458e-03
-2.161781e-05
-5.188237e-04
2.577077e-03
-1.297060e-04
-4.323531e-04
-1.297060e-04
-1.885311e-03
-4.340000e-08
-3.402003e-04
6.340566e-04
-2.575240e-04
-3.628896e-05
-4.340000e-08
6.309039e-03
-1.641333e-05
-6.225401e-03
-6.718083e-05
-4.340000e-08
-6.775000e-04
-1.721000e-05
-1.938877e-03
2.633631e-03
-4.340000e-08
-2.146039e-04
-7.607717e-03
-2.469510e-05
7.847059e-03
-4.340000e-08
-2.144000e-04
-9.484828e-03
-2.495000e-05
9.724222e-03
-4.340000e-08
-1.189962e-03
-4.758333e-06
1.280884e-03
-8.612021e-05
-4.340000e-08
-1.294703e-02
-1.532675e-05
1.303135e-02
-6.894653e-05
-4.340000e-08
-2.159542e-04
2.322614e-03
-2.300729e-05
-2.083609e-03
-4.340000e-08
8.968529e-04
-4.753333e-06
-8.059278e-04
-8.612833e-05
-4.340000e-08
-1.918943e-03
-3.864167e-05
1.988688e-03
-3.105979e-05
-4.340000e-08
-2.159542e-04
-3.587886e-03
-2.300729e-05
3.826891e-03
-4.340000e-08
4.270599e-03
-1.612550e-05
-4.186781e-03
-6.764856e-05
-4.340000e-08
-2.159542e-04
-8.081985e-04
-2.300729e-05
1.047203e-03
-4.340000e-08
-2.159542e-04
-8.081985e-04
-2.300729e-05
1.047203e-03
-4.340000e-08
5.588492e-03
-4.753333e-06
-5.497567e-03
-8.612833e-05
-4.340000e-08
-2.159542e-04
-1.491322e-03
-2.300729e-05
1.730327e-03
-4.340000e-08
-1.566208e-04
-1.828222e-02
-9.717396e-05
1.853606e-02
-4.340000e-08
-2.117708e-04
4.539256e-04
-2.823646e-05
-2.138749e-04
-4.340000e-08
-1.120638e-03
-4.758333e-06
1.211560e-03
-8.612021e-05
-4.340000e-08
4.073524e-03
-3.549094e-03
-3.887604e-05
-4.855110e-04
-4.340000e-08
-2.154092e-03
-4.758333e-06
2.245014e-03
-8.612021e-05
-4.340000e-08
-2.144000e-04
-2.820882e-04
-2.495000e-05
5.214816e-04
-4.340000e-08
-6.876021e-04
-9.516875e-06
3.166663e-03
-2.469501e-03
-4.340000e-08
-1.950375e-04
-1.788143e-03
-4.915312e-05
2.032377e-03
-4.340000e-08
-2.138625e-04
-1.315414e-03
-2.562187e-05
1.554942e-03
-4.340000e-08
8.951967e-04
-1.266000e-05
-8.092133e-04
-7.328000e-05
-4.340000e-08
-2.149083e-04
1.598733e-03
-2.431458e-05
-1.359467e-03
-4.340000e-08
-1.322917e-04
-2.526691e-03
-1.275854e-04
2.786611e-03
-4.340000e-08
-2.168963e-04
5.888094e-04
-2.182963e-05
-3.500401e-04
-4.340000e-08
-2.144000e-04
-2.544465e-03
-2.495000e-05
2.783858e-03
-4.340000e-08
-1.087281e-03
1.629523e-03
-2.198519e-05
-5.202141e-04
-4.340000e-08
-5.973142e-04
-5.176667e-06
6.879747e-04
-8.544042e-05
-4.340000e-08
-2.241538e-04
-4.381481e-06
3.153112e-04
-8.673259e-05
-4.340000e-08
-2.214083e-03
2.755671e-03
-2.260588e-05
-5.189388e-04
-4.340000e-08
-1.087463e-03
-4.381481e-06
1.178620e-03
-8.673259e-05
2.903215e-03
-2.574627e-03
-3.891193e-05
-2.594119e-04
-3.026487e-05
2.903215e-03
-2.574627e-03
-3.891193e-05
-2.594119e-04
-3.026487e-05
2.903215e-03
-2.161766e-04
-2.146597e-03
-2.161781e-05
-5.188237e-04
-4.340000e-08
-8.761750e-04
-4.758333e-06
9.670969e-04
-8.612021e-05
-4.340000e-08
-5.238682e-04
-4.381481e-06
6.150257e-04
-8.673259e-05
-4.340000e-08
-4.307063e-04
-3.655000e-05
5.017585e-04
-3.445875e-05
-4.340000e-08
-1.120638e-03
-4.758333e-06
1.211560e-03
-8.612021e-05
-4.340000e-08
-9.695609e-04
-4.758333e-06
1.060483e-03
-8.612021e-05
-4.340000e-08
3.298156e-03
-3.864167e-05
-3.228411e-03
-3.105979e-05
-4.340000e-08
-2.144000e-04
4.288052e-03
-2.495000e-05
-4.048658e-03
-4.340000e-08
1.277084e-03
-4.055882e-05
-2.599059e-04
-9.765755e-04
-4.340000e-08
-1.016733e-03
-4.758333e-06
1.107655e-03
-8.612021e-05
-4.340000e-08
-3.343331e-04
-3.802000e-05
4.044665e-04
-3.207000e-05
-4.340000e-08
2.239996e-03
-4.325012e-04
-1.306941e-04
-1.676757e-03
-4.340000e-08
-6.937259e-04
-4.853333e-06
1.178776e-03
-4.801531e-04
-4.340000e-08
-2.159542e-04
3.307577e-03
-2.300729e-05
-3.068572e-03
-4.340000e-08
-2.107250e-04
-4.677507e-03
-2.954375e-05
4.917819e-03
-4.340000e-08
-1.120638e-03
-4.758333e-06
1.211560e-03
-8.612021e-05
-4.340000e-08
-1.312458e-04
-6.137356e-04
-1.288927e-04
8.739175e-04
-4.340000e-08
2.149310e-03
-4.758333e-06
-2.058388e-03
-8.612021e-05
-4.340000e-08
-1.939917e-04
-3.054046e-03
-5.046042e-05
3.298541e-03
-4.340000e-08
-8.761750e-04
-4.758333e-06
9.670969e-04
-8.612021e-05
-4.340000e-08
1.900745e-03
-1.606889e-03
-2.575240e-04
-3.628896e-05
-4.340000e-08
2.613603e-03
-1.061500e-05
-2.526341e-03
-7.660312e-05
-4.340000e-08
-9.856485e-05
-3.901852e-05
1.680742e-04
-3.044741e-05
-4.340000e-08
-1.369979e-04
-4.288231e-04
-4.538405e-04
1.019705e-03
-4.340000e-08
-2.149083e-04
-4.255526e-04
-2.431458e-05
6.648189e-04
-4.340000e-08
8.762446e-04
-4.753333e-06
-7.853196e-04
-8.612833e-05
-4.340000e-08
8.762446e-04
-4.753333e-06
-7.853196e-04
-8.612833e-05
-4.340000e-08
-3.040400e-03
3.380767e-03
-2.134194e-04
-1.269038e-04
-4.340000e-08
-6.532090e-03
-2.762479e-05
6.608720e-03
-4.896221e-05
-4.340000e-08
-1.326067e-03
-4.292415e-04
-1.317687e-04
1.887120e-03
-4.340000e-08
-2.159542e-04
2.428036e-03
-2.300729e-05
-2.189031e-03
-4.340000e-08
-4.015506e-03
-3.864167e-05
4.085251e-03
-3.105979e-05
-4.340000e-08
-2.361921e-05
-3.822333e-05
9.362553e-05
-3.173958e-05
-4.340000e-08
-1.312458e-04
2.438752e-04
-1.288927e-04
1.630679e-05
-4.340000e-08
-2.168963e-04
1.152404e-03
-2.182963e-05
-9.136345e-04
-4.340000e-08
3.650990e-03
-4.758333e-06
-3.560068e-03
-8.612021e-05
-4.340000e-08
-3.486000e-04
-4.758333e-06
4.395220e-04
-8.612021e-05
-4.340000e-08
-1.369979e-04
-4.288231e-04
-3.132823e-04
8.791467e-04
-4.340000e-08
-1.291450e-03
-3.696833e-05
1.362240e-03
-3.377896e-05
-4.340000e-08
-3.745084e-03
-3.864667e-05
3.814826e-03
-3.105167e-05
-4.340000e-08
-2.158505e-04
-1.665116e-05
-2.313692e-05
2.556819e-04
-4.340000e-08
-1.354000e-04
6.281863e-03
-1.237000e-04
-6.022720e-03
-4.340000e-08
-6.938296e-04
3.587764e-05
7.453139e-04
-8.731852e-05
-4.340000e-08
-6.009425e-05
-3.802000e-05
1.302277e-04
-3.207000e-05
-4.340000e-08
-1.369979e-04
-4.288231e-04
2.238579e-03
-1.672714e-03
-4.340000e-08
-2.154092e-03
-4.758333e-06
2.245014e-03
-8.612021e-05
-4.340000e-08
-2.040203e-03
-3.864167e-05
2.109947e-03
-3.105979e-05
-4.340000e-08
-3.388151e-04
-4.890098e-06
4.296547e-04
-8.590609e-05
-4.340000e-08
-2.479445e-04
5.463079e-04
-2.532500e-04
-4.507000e-05
-4.340000e-08
-1.305294e-04
2.147649e-03
-1.297882e-04
-1.887288e-03
-4.340000e-08
-3.074173e-03
-4.758333e-06
3.165094e-03
-8.612021e-05
-4.340000e-08
-2.144000e-04
-1.552698e-04
-2.495000e-05
3.946632e-04
-4.340000e-08
6.118422e-04
-4.381854e-05
-2.588312e-04
-3.091490e-04
-4.340000e-08
-2.159542e-04
-4.785244e-03
-2.300729e-05
5.024249e-03
-4.340000e-08
6.107964e-04
-3.169401e-04
-2.575240e-04
-3.628896e-05
-4.340000e-08
-1.312458e-04
-1.997070e-03
-1.288927e-04
2.257252e-03
-4.340000e-08
-1.591656e-05
-3.864167e-05
8.566142e-05
-3.105979e-05
-4.340000e-08
-2.159542e-04
1.032665e-03
-2.300729e-05
-7.936601e-04
-4.340000e-08
-1.364458e-04
5.091564e-04
-1.223927e-04
-2.502744e-04
-4.340000e-08
-3.074173e-03
-4.758333e-06
3.165094e-03
-8.612021e-05
-4.340000e-08
-2.166706e-04
1.590543e-03
-2.211176e-05
-1.351718e-03
-4.340000e-08
-1.312458e-04
2.438752e-04
-1.288927e-04
1.630679e-05
-4.340000e-08
8.447775e-04
-3.864167e-05
-7.750326e-04
-3.105979e-05
-4.340000e-08
-1.016733e-03
-4.758333e-06
1.107655e-03
-8.612021e-05
-4.340000e-08
-1.312458e-04
-1.621029e-03
-1.288927e-04
1.881211e-03
-4.340000e-08
-6.068367e-04
-5.380000e-06
6.973701e-04
-8.511000e-05
-4.340000e-08
1.848443e-02
-7.233333e-06
-1.839505e-02
-8.209833e-05
-4.340000e-08
-1.235819e-03
-3.864167e-05
1.305564e-03
-3.105979e-05
-4.340000e-08
-1.209294e-03
-4.758333e-06
1.300216e-03
-8.612021e-05
-4.340000e-08
2.748665e-03
-4.758333e-06
-2.657743e-03
-8.612021e-05
-4.340000e-08
-6.937259e-04
-4.853333e-06
3.439908e-04
3.546318e-04
-4.340000e-08
-2.166706e-04
-1.613436e-03
-2.211176e-05
1.852262e-03
-4.340000e-08
-1.596690e-03
-4.292415e-04
-1.317687e-04
2.157743e-03
3.175494e-04
1.189672e-05
-3.901339e-05
-2.600889e-04
-3.034376e-05
3.175494e-04
1.189672e-05
-3.901339e-05
-2.600889e-04
-3.034376e-05
3.175494e-04
-1.300445e-04
-4.334815e-04
-1.300445e-04
3.760212e-04
3.175494e-04
-6.935704e-04
-4.334867e-06
4.670523e-04
-8.669635e-05
3.175494e-04
1.189672e-05
-3.901339e-05
-2.600889e-04
-3.034376e-05
3.175494e-04
-6.935704e-04
-4.334867e-06
4.670523e-04
-8.669635e-05
3.175494e-04
-2.167408e-04
4.410434e-04
-2.167413e-05
-5.201778e-04
3.175494e-04
1.189672e-05
-3.901339e-05
-2.600889e-04
-3.034376e-05
3.175494e-04
1.189672e-05
-3.901339e-05
-2.600889e-04
-3.034376e-05
3.175494e-04
-6.935704e-04
-4.334867e-06
4.670523e-04
-8.669635e-05
3.175494e-04
-1.300445e-04
-4.334815e-04
-1.300445e-04
3.760212e-04
3.175494e-04
1.189672e-05
-3.901339e-05
-2.600889e-04
-3.034376e-05
3.175494e-04
-6.935704e-04
-4.334867e-06
4.670523e-04
-8.669635e-05
3.175494e-04
1.189672e-05
-3.901339e-05
-2.600889e-04
-3.034376e-05
3.175494e-04
-1.300445e-04
-4.334815e-04
-1.300445e-04
3.760212e-04
3.175494e-04
1.189672e-05
-3.901339e-05
-2.600889e-04
-3.034376e-05
3.175494e-04
1.189672e-05
-3.901339e-05
-2.600889e-04
-3.034376e-05
3.175494e-04
1.189672e-05
-3.901339e-05
-2.600889e-04
-3.034376e-05
3.175494e-04
-2.167408e-04
4.410434e-04
-2.167413e-05
-5.201778e-04
3.175494e-04
-1.300445e-04
-4.334815e-04
-1.300445e-04
3.760212e-04
3.175494e-04
1.189672e-05
-3.901339e-05
-2.600889e-04
-3.034376e-05
3.175494e-04
-6.935704e-04
-4.334867e-06
4.670523e-04
-8.669635e-05
3.175494e-04
-1.300445e-04
-4.334815e-04
-1.300445e-04
3.760212e-04
3.175494e-04
1.189672e-05
-3.901339e-05
-2.600889e-04
-3.034376e-05
-4.340000e-08
-1.312458e-04
-1.997070e-03
-1.288927e-04
2.257252e-03
-4.340000e-08
2.748665e-03
-4.758333e-06
-2.657743e-03
-8.612021e-05
-4.340000e-08
6.050443e-04
-3.864167e-05
-5.352994e-04
-3.105979e-05
-4.340000e-08
-6.937259e-04
-4.853333e-06
7.413174e-04
-4.269472e-05
4.062733e-03
-3.736818e-03
-3.859552e-05
-2.573005e-04
-3.001885e-05
-4.340000e-08
4.928512e-03
-1.312500e-05
-4.842820e-03
-7.252437e-05
-4.340000e-08
-2.159542e-04
4.117041e-04
-2.300729e-05
-1.726992e-04
-4.340000e-08
-1.369979e-04
-4.288231e-04
2.712202e-03
-2.146338e-03
-4.340000e-08
-5.238682e-04
-4.381481e-06
6.150257e-04
-8.673259e-05
-4.340000e-08
-2.040203e-03
-3.864167e-05
2.109947e-03
-3.105979e-05
-4.340000e-08
-2.144000e-04
-2.544465e-03
-2.495000e-05
2.783858e-03
-3.347153e-04
-6.860339e-04
-4.288231e-06
1.110792e-03
-8.575469e-05
-4.340000e-08
-2.817972e-03
3.109751e-03
-2.594941e-04
-3.224118e-05
-4.340000e-08
-2.144000e-04
-1.973237e-03
-2.495000e-05
2.212631e-03
-4.340000e-08
-2.149083e-04
6.156089e-04
-2.431458e-05
-3.763426e-04
-4.340000e-08
-1.328000e-04
1.435080e-04
-1.269500e-04
1.162854e-04
-4.340000e-08
-1.312458e-04
-2.704961e-03
-1.288927e-04
2.965143e-03
-4.340000e-08
-2.166706e-04
4.186803e-03
-2.211176e-05
-3.947977e-03
1.054889e-04
2.239571e-04
-3.901339e-05
-2.600889e-04
-3.034376e-05
1.054889e-04
-1.300445e-04
-4.334815e-04
-1.300445e-04
5.880816e-04
1.054889e-04
-1.300445e-04
-4.334815e-04
-1.300445e-04
5.880816e-04
1.054889e-04
-2.167408e-04
6.531038e-04
-2.167413e-05
-5.201778e-04
1.054889e-04
2.239571e-04
-3.901339e-05
-2.600889e-04
-3.034376e-05
1.054889e-04
2.239571e-04
-3.901339e-05
-2.600889e-04
-3.034376e-05
1.054889e-04
2.239571e-04
-3.901339e-05
-2.600889e-04
-3.034376e-05
-4.340000e-08
1.677937e-03
-4.471765e-06
-1.586836e-03
-8.658588e-05
-4.340000e-08
-1.436891e-03
-3.864667e-05
1.506632e-03
-3.105167e-05
-4.340000e-08
3.172362e-04
2.243519e-04
-2.260588e-05
-5.189388e-04
-4.340000e-08
-3.113181e-03
-3.864167e-05
3.182926e-03
-3.105979e-05
6.634536e-04
-3.375862e-04
-3.858990e-05
-2.572630e-04
-3.001448e-05
6.634536e-04
-1.286318e-04
-4.287714e-04
-1.286318e-04
2.258126e-05
6.634536e-04
-2.143859e-04
8.689689e-05
-2.143906e-05
-5.145255e-04
6.634536e-04
-3.375862e-04
-3.858990e-05
-2.572630e-04
-3.001448e-05
6.634536e-04
-1.286318e-04
-4.287714e-04
-1.286318e-04
2.258126e-05
6.634536e-04
-2.143859e-04
8.689689e-05
-2.143906e-05
-5.145255e-04
6.634536e-04
-3.375862e-04
-3.858990e-05
-2.572630e-04
-3.001448e-05
6.634536e-04
-6.860339e-04
-4.288231e-06
1.126231e-04
-8.575469e-05
6.634536e-04
-6.860339e-04
-4.288231e-06
1.126231e-04
-8.575469e-05
6.634536e-04
-6.860339e-04
-4.288231e-06
1.126231e-04
-8.575469e-05
6.634536e-04
-3.375862e-04
-3.858990e-05
-2.572630e-04
-3.001448e-05
6.634536e-04
-2.143859e-04
8.689689e-05
-2.143906e-05
-5.145255e-04
6.634536e-04
-1.286318e-04
-4.287714e-04
-1.286318e-04
2.258126e-05
