
CH040-3
ExTimes: [-280. -230. -180. -130.  -80.  -30.    0.    8.   16.   26.   35.   45.
   54.   63.   73.   82.   92.  101.  111.  121.  131.  141.  151.  161.
  171.  181.  190.  199.  208.  217.  226.  235.  245.  254.  264.  273.
  283.  293.  303.  313.  323.  333.  343.  353.  363.  373.  383.  393.
  402.  412.  422.  432.  442.  452.  462.  472.  482.  492.  502.  512.
  522.  532.  542.  552.  602.  652.  702.  752.  802.  832.]
Solver_time : [-280. -230. -180. -130.  -80.  -30.    0.    8.   16.   26.   35.   45.
   54.   63.   73.   82.   92.  101.  111.  121.  131.  141.  151.  161.
  171.  181.  190.  199.  208.  217.  226.  235.  245.  254.  264.  273.
  283.  293.  303.  313.  323.  333.  343.  353.  363.  373.  383.  393.
  402.  412.  422.  432.  442.  452.  462.  472.  482.  492.  502.  512.
  522.  532.  542.  552.  602.  652.  702.  752.  802.  832.]
Execution time : 15038.075639247894 seconds

CH040-5
ExTimes: [-280. -230. -180. -130.  -80.  -30.    0.    8.   16.   26.   35.   45.
   54.   63.   73.   82.   92.  101.  111.  121.  131.  141.  151.  161.
  171.  181.  190.  199.  208.  217.  226.  235.  245.  254.  264.  273.
  283.  293.  303.  313.  323.  333.  343.  353.  363.  373.  383.  393.
  402.  412.  422.  432.  442.  452.  462.  472.  482.  492.  502.  512.
  522.  532.  542.  552.  602.  652.  702.  752.  802.  832.]
Memory Usage: 272.796875 MB
Solver_time : [-280. -230. -180. -130.  -80.  -30.    0.    8.   16.   26.   35.   45.
   54.   63.   73.   82.   92.  101.  111.  121.  131.  141.  151.  161.
  171.  181.  190.  199.  208.  217.  226.  235.  245.  254.  264.  273.
  283.  293.  303.  313.  323.  333.  343.  353.  363.  373.  383.  393.
  402.  412.  422.  432.  442.  452.  462.  472.  482.  492.  502.  512.
  522.  532.  542.  552.  602.  652.  702.  752.  802.  832.]
Execution time : 1558.361951828003 seconds

CH058-3
ExTimes:      [-40. -20.   0.   8.  17.  26.  35.  45.  55.  65.  75.  85. 105. 125.]
Solver_time : [-40. -20.   0.   8.  17.  26.  35.  45.  55.  65.  75.  85. 105. 125.]
Execution time : 67.77197098731995 seconds

CH058-5 
ExTimes: [-180. -130.  -80.  -30.    0.    8.   17.   26.   35.   45.   55.   65.
   75.   85.   95.  105.  115.  125.  135.  144.  154.  163.  172.  182.
  191.  201.  210.  220.  229.  239.  252.  262.  272.  282.  292.  302.
  312.  321.  331.  340.  350.  400.  450.  500.  530.]
Solver_time : [-180. -130.  -80.  -30.    0.    8.   17.   26.   35.   45.   55.   65.
   75.   85.   95.  105.  115.  125.  135.  144.  154.  163.  172.  182.
  191.  201.  210.  220.  229.  239.  252.  262.  272.  282.  292.  302.
  312.  321.  331.  340.  350.  400.  450.  500.  530.]
Execution time : 1234.9310829639435 seconds

CH077-3
ExTimes: [-80. -60. -40. -20.   0.   7.  14.  23.  32.  42.  52.  62.  72.  82.
  92. 102. 111. 121. 130. 140. 149. 159. 179. 199. 219. 239.]
Solver_time : [-80. -60. -40. -20.   0.   7.  14.  23.  32.  42.  52.  62.  72.  82.
  92. 102. 111. 121. 130. 140. 149. 159. 179. 199. 219. 239.]
Execution time : 4588.860166549683 seconds

CH077-5
ExTimes: [-80. -60. -40. -20.   0.   7.  14.  23.  32.  42.  52.  62.  72.  82.
  92. 102. 111. 121. 130. 140. 149. 159. 179. 199. 219. 239.]
Solver_time : [-80. -60. -40. -20.   0.   7.  14.  23.  32.  42.  52.  62.  72.  82.
  92. 102. 111. 121. 130. 140. 149. 159. 179. 199. 219. 239.]
Execution time : 18.121948957443237 seconds

CH470-3
ExTimes: [-210. -160. -110.  -60.  -10.    0.   13.   22.   31.   41.   50.   59.
   69.   79.   88.   98.  107.  117.  126.  136.  145.  155.  164.  174.
  184.  194.  204.  214.  224.  234.  244.  254.  264.  274.  284.  294.
  304.  314.  324.  334.  344.  353.  363.  372.  382.  391.  401.  410.
  420.  470.  520.  570.  630.]
Solver_time : [-210. -160. -110.  -60.  -10.    0.   13.   22.   31.   41.   50.   59.
   69.   79.   88.   98.  107.  117.  126.  136.  145.  155.  164.  174.
  184.  194.  204.  214.  224.  234.  244.  254.  264.  274.  284.  294.
  304.  314.  324.  334.  344.  353.  363.  372.  382.  391.  401.  410.
  420.  470.  520.  570.  630.]
Execution time : 22049.355299711227 seconds


CH470-5
ExTimes: [-230. -180. -130.  -80.  -30.    0.   13.   22.   31.   41.   50.   59.
   69.   79.   88.   98.  107.  117.  126.  136.  145.  155.  164.  174.
  184.  194.  204.  214.  224.  234.  244.  254.  264.  274.  284.  294.
  304.  314.  324.  334.  344.  353.  363.  372.  382.  391.  401.  410.
  420.  428.  437.  445.  454.  504.  554.  604.  654.  684.]
Solver_time : [-230. -180. -130.  -80.  -30.    0.   13.   22.   31.   41.   50.   59.
   69.   79.   88.   98.  107.  117.  126.  136.  145.  155.  164.  174.
  184.  194.  204.  214.  224.  234.  244.  254.  264.  274.  284.  294.
  304.  314.  324.  334.  344.  353.  363.  372.  382.  391.  401.  410.
  420.  428.  437.  445.  454.  504.  554.  604.  654.  684.]
Execution time : 3158.58491063118 seconds

CH607-3 
ExTimes: [-10.  -5.   0.   9.  14.  21.  26.  31.]
Solver_time : [-10.  -5.   0.   9.  14.  21.  26.  31.]
Execution time : 1213.3886451721191 seconds


CH131-3
ExTimes: [-170. -120.  -70.  -20.    0.    7.   14.   21.   28.   34.   44.   53.
   63.   72.   81.   91.  100.  109.  118.  127.  137.  146.  156.  165.
  175.  185.  195.  205.  215.  225.  235.  244.  254.  263.  273.  283.
  293.  303.  313.  323.  333.  383.  433.  503.]
Solver_time : [-170. -120.  -70.  -20.    0.    7.   14.   21.   28.   34.   44.   53.
   63.   72.   81.   91.  100.  109.  118.  127.  137.  146.  156.  165.
  175.  185.  195.  205.  215.  225.  235.  244.  254.  263.  273.  283.
  293.  303.  313.  323.  333.  383.  433.  503.]
Execution time : 7786.206326961517 seconds


CH131-5
ExTimes: [-170. -120.  -70.  -20.    0.    7.   14.   21.   28.   34.   44.   53.
   63.   72.   81.   91.  100.  109.  118.  127.  137.  146.  156.  165.
  175.  185.  195.  205.  215.  225.  235.  244.  254.  263.  273.  283.
  293.  303.  313.  323.  333.  383.  433.  503.]
Solver_time : [-170. -120.  -70.  -20.    0.    7.   14.   21.   28.   34.   44.   53.
   63.   72.   81.   91.  100.  109.  118.  127.  137.  146.  156.  165.
  175.  185.  195.  205.  215.  225.  235.  244.  254.  263.  273.  283.
  293.  303.  313.  323.  333.  383.  433.  503.]
Execution time : 5796.314785957336 seconds

CH159-3
ExTimes: [-150. -100.  -50.    0.    8.   12.   22.   29.   38.   47.   56.   66.
   75.   85.   95.  105.  115.  125.  135.  145.  155.  165.  175.  185.
  195.  205.  215.  225.  235.  245.  254.  264.  273.  283.  292.  302.
  352.  402.  452.]
[Solver_time : [-150. -100.  -50.    0.    8.   12.   22.   29.   38.   47.   56.   66.
   75.   85.   95.  105.  115.  125.  135.  145.  155.  165.  175.  185.
  195.  205.  215.  225.  235.  245.  254.  264.  273.  283.  292.  302.
  352.  402.  452.]
Execution time : 34886.76121711731 seconds

CH256-3
ExTimes: [-340. -240. -140.  -40.    0.    9.   18.   28.   37.   46.   54.   63.
   73.   83.   93.  103.  113.  123.  133.  143.  153.  162.  172.  182.
  192.  202.  212.  222.  232.  242.  252.  262.  272.  282.  292.  302.
  312.  321.  331.  340.  350.  359.  369.  378.  388.  397.  407.  416.
  426.  436.  446.  456.  466.  476.  486.  496.  506.  516.  526.  536.
  546.  556.  566.  576.  586.  596.  606.  616.  626.  636.  646.  655.
  665.  674.  684.  784.  884. 1024.]
Solver_time : [-340. -240. -140.  -40.    0.    9.   18.   28.   37.   46.   54.   63.
   73.   83.   93.  103.  113.  123.  133.  143.  153.  162.  172.  182.
  192.  202.  212.  222.  232.  242.  252.  262.  272.  282.  292.  302.
  312.  321.  331.  340.  350.  359.  369.  378.  388.  397.  407.  416.
  426.  436.  446.  456.  466.  476.  486.  496.  506.  516.  526.  536.
  546.  556.  566.  576.  586.  596.  606.  616.  626.  636.  646.  655.
  665.  674.  684.  784.  884. 1024.]
Execution time : 71754.3870279789 seconds

CH256-5
ExTimes: [-340. -240. -140.  -40.    0.    9.   18.   28.   37.   46.   54.   63.
   73.   83.   93.  103.  113.  123.  133.  143.  153.  162.  172.  182.
  192.  202.  212.  222.  232.  242.  252.  262.  272.  282.  292.  302.
  312.  321.  331.  340.  350.  359.  369.  378.  388.  397.  407.  416.
  426.  436.  446.  456.  466.  476.  486.  496.  506.  516.  526.  536.
  546.  556.  566.  576.  586.  596.  606.  616.  626.  636.  646.  655.
  665.  674.  684.  784.  884. 1024.]
Solver_time : [-340. -240. -140.  -40.    0.    9.   18.   28.   37.   46.   54.   63.
   73.   83.   93.  103.  113.  123.  133.  143.  153.  162.  172.  182.
  192.  202.  212.  222.  232.  242.  252.  262.  272.  282.  292.  302.
  312.  321.  331.  340.  350.  359.  369.  378.  388.  397.  407.  416.
  426.  436.  446.  456.  466.  476.  486.  496.  506.  516.  526.  536.
  546.  556.  566.  576.  586.  596.  606.  616.  626.  636.  646.  655.
  665.  674.  684.  784.  884. 1024.]
Execution time : 41059.65167307854 seconds


CH042-3
ExTimes: [-340. -240. -140.  -40.    0.    7.   14.   21.   31.   41.   50.   60.
   69.   78.   87.   96.  105.  115.  124.  134.  143.  153.  162.  172.
  182.  192.  202.  212.  222.  232.  242.  252.  262.  272.  281.  291.
  300.  310.  319.  329.  338.  348.  357.  367.  376.  386.  395.  405.
  414.  424.  434.  444.  454.  464.  474.  484.  494.  504.  514.  524.
  533.  543.  552.  562.  571.  581.  590.  600.  609.  619.  628.  638.
  647.  657.  666.  676.  776.  876. 1016.]
Solver_time : [-340. -240. -140.  -40.    0.    7.   14.   21.   31.   41.   50.   60.
   69.   78.   87.   96.  105.  115.  124.  134.  143.  153.  162.  172.
  182.  192.  202.  212.  222.  232.  242.  252.  262.  272.  281.  291.
  300.  310.  319.  329.  338.  348.  357.  367.  376.  386.  395.  405.
  414.  424.  434.  444.  454.  464.  474.  484.  494.  504.  514.  524.
  533.  543.  552.  562.  571.  581.  590.  600.  609.  619.  628.  638.
  647.  657.  666.  676.  776.  876. 1016.]
Execution time : 67590.77179598808 seconds


CH042-5
ExTimes: [-340. -240. -140.  -40.    0.    7.   14.   21.   31.   41.   50.   60.
   69.   78.   87.   96.  105.  115.  124.  134.  143.  153.  162.  172.
  182.  192.  202.  212.  222.  232.  242.  252.  262.  272.  281.  291.
  300.  310.  319.  329.  338.  348.  357.  367.  376.  386.  395.  405.
  414.  424.  434.  444.  454.  464.  474.  484.  494.  504.  514.  524.
  533.  543.  552.  562.  571.  581.  590.  600.  609.  619.  628.  638.
  647.  657.  666.  676.  776.  876. 1016.]
Solver_time : [-340. -240. -140.  -40.    0.    7.   14.   21.   31.   41.   50.   60.
   69.   78.   87.   96.  105.  115.  124.  134.  143.  153.  162.  172.
  182.  192.  202.  212.  222.  232.  242.  252.  262.  272.  281.  291.
  300.  310.  319.  329.  338.  348.  357.  367.  376.  386.  395.  405.
  414.  424.  434.  444.  454.  464.  474.  484.  494.  504.  514.  524.
  533.  543.  552.  562.  571.  581.  590.  600.  609.  619.  628.  638.
  647.  657.  666.  676.  776.  876. 1016.]
Execution time : 12416.176055192947 seconds

【705010162-3】13466.294382810593 seconds

CH162-5
ExTimes: [-220. -170. -120.  -70.  -20.    0.    7.   14.   21.   30.   39.   48.
   58.   67.   77.   86.   95.  104.  113.  122.  131.  141.  150.  160.
  169.  179.  189.  199.  209.  219.  229.  239.  249.  259.  269.  279.
  289.  299.  309.  319.  329.  339.  349.  359.  369.  379.  389.  399.
  409.  419.  428.  438.  488.  538.  588.  658.]
Solver_time : [-220. -170. -120.  -70.  -20.    0.    7.   14.   21.   30.   39.   48.
   58.   67.   77.   86.   95.  104.  113.  122.  131.  141.  150.  160.
  169.  179.  189.  199.  209.  219.  229.  239.  249.  259.  269.  279.
  289.  299.  309.  319.  329.  339.  349.  359.  369.  379.  389.  399.
  409.  419.  428.  438.  488.  538.  588.  658.]
Execution time : 6945.084089756012 seconds

CH185-5
ExTimes: [-30. -20. -10.   0.   8.  16.  25.  33.  41.  50.  58.  67.  77.  87.
  97.]
Solver_time : [-30. -20. -10.   0.   8.  16.  25.  33.  41.  50.  58.  67.  77.  87.
  97.]
Execution time : 54.64193511009216 seconds

CH198-3
ExTimes: [-30. -20. -10.   0.  11.  21.  31.  41.  50.  60.  70.  80.  90.]
Solver_time : [-30. -20. -10.   0.  11.  21.  31.  41.  50.  60.  70.  80.  90.]
Execution time : 585.5492699146271 seconds

CH164-3
ExTimes: [-220. -170. -120.  -70.  -20.    0.    7.   14.   21.   28.   36.   44.
   53.   61.   70.   79.   88.   97.  107.  116.  126.  135.  145.  154.
  164.  173.  183.  193.  203.  213.  223.  233.  243.  253.  263.  272.
  282.  291.  301.  310.  320.  329.  339.  348.  358.  367.  377.  386.
  396.  405.  415.  424.  434.  484.  534.  584.  654.]
 Solver_time : [-220. -170. -120.  -70.  -20.    0.    7.   14.   21.   28.   36.   44.
   53.   61.   70.   79.   88.   97.  107.  116.  126.  135.  145.  154.
  164.  173.  183.  193.  203.  213.  223.  233.  243.  253.  263.  272.
  282.  291.  301.  310.  320.  329.  339.  348.  358.  367.  377.  386.
  396.  405.  415.  424.  434.  484.  534.  584.  654.]
Execution time : 55228.250792980194 seconds


CH164-5
ExTimes:      [-220. -170. -120.  -70.  -20.    0.    7.   14.   21.   28.   36.   44.
   53.   61.   70.   79.   88.   97.  107.  116.  126.  135.  145.  154.
  164.  173.  183.  193.  203.  213.  223.  233.  243.  253.  263.  272.
  282.  291.  301.  310.  320.  329.  339.  348.  358.  367.  377.  386.
  396.  405.  415.  424.  434.  484.  534.  584.  654.]
Solver_time : [-220. -170. -120.  -70.  -20.    0.    7.   14.   21.   28.   36.   44.
   53.   61.   70.   79.   88.   97.  107.  116.  126.  135.  145.  154.
  164.  173.  183.  193.  203.  213.  223.  233.  243.  253.  263.  272.
  282.  291.  301.  310.  320.  329.  339.  348.  358.  367.  377.  386.
  396.  405.  415.  424.  434.  484.  534.  584.  654.]
Execution time : 3580.5131890773773 seconds