0	250	0 0 1 0 0 0 1 0 0 0 0 1 0 0 0 0 1 0 0 0
0	250	1 0 0 1 0 1 1 0 0 0 0 0 0 0 1 0 1 0 1 1
0	250	0 0 0 1 0 1 0 0 0 0 0 0 0 0 0 0 0 0 0 0
0	250	0 0 0 1 0 0 0 1 1 0 1 0 1 0 0 0 0 0 0 0
50	15	0 0 1 0 0 0 1 0 0 0 0 1 0 0 0 0 1 0 0 0
50	8	1 0 0 1 0 1 1 0 0 0 0 0 0 0 1 0 1 0 1 1
50	8	0 0 0 1 0 1 0 0 0 0 0 0 0 0 0 0 0 0 0 0
50	32	0 0 0 1 0 0 0 1 1 0 1 0 1 0 0 0 0 0 0 0
50	1	0 1 1 0 0 0 1 0 0 0 0 1 0 0 0 0 1 0 0 0
50	109	1 0 0 1 0 1 1 0 0 0 0 0 0 0 1 1 1 0 1 1
50	3	1 0 0 1 0 1 1 0 0 1 0 0 0 0 1 0 1 0 1 1
50	8	0 0 0 1 0 0 0 1 1 1 1 0 1 0 0 0 0 0 0 0
50	34	0 0 0 1 0 1 0 0 0 0 0 0 0 0 0 1 0 0 0 0
50	21	1 1 0 1 0 1 1 0 0 0 0 0 0 0 1 0 1 0 1 1
50	26	0 1 1 0 0 0 1 0 0 0 0 1 0 0 0 0 0 0 0 0
50	16	1 0 1 0 0 0 1 0 0 1 0 1 0 0 0 0 1 0 0 0
50	18	1 0 0 1 0 1 1 1 0 1 0 0 0 0 1 0 1 0 1 1
50	28	0 1 0 1 0 0 0 1 1 0 1 0 1 0 0 0 0 0 0 0
50	25	1 0 0 1 0 1 0 0 0 0 0 0 0 0 1 1 1 0 1 1
50	16	0 0 0 1 0 1 1 0 0 0 0 0 0 0 1 1 1 0 1 1
50	1	1 0 0 1 0 1 1 0 0 0 1 0 1 0 0 1 0 0 0 0
50	173	1 0 0 1 0 1 1 0 0 0 0 0 0 0 0 1 0 0 0 0
50	2	0 0 0 0 0 0 0 1 1 0 1 0 0 0 0 1 0 0 0 0
50	4	1 0 0 1 0 0 0 1 1 0 1 0 1 0 0 0 0 0 0 0
50	3	0 0 0 1 0 1 0 0 0 0 0 0 1 0 0 1 0 0 0 0
50	6	1 1 0 1 0 1 1 0 0 0 0 0 0 1 1 0 1 0 1 1
50	2	0 0 0 1 0 0 0 1 1 0 1 0 1 0 0 0 1 0 1 0
50	2	0 0 1 1 0 0 0 0 0 0 0 1 0 0 0 0 1 0 0 0
50	24	1 0 0 1 0 1 1 0 0 0 0 0 0 0 1 1 1 0 1 0
50	8	0 0 0 1 0 1 1 0 0 1 0 0 0 0 1 0 1 0 1 1
50	14	0 1 0 1 0 0 0 1 1 1 1 0 1 0 0 0 0 0 0 0
50	2	0 0 0 1 0 1 0 0 0 1 0 0 0 0 1 0 1 0 0 0
50	3	0 0 0 1 0 1 0 0 0 0 0 0 1 0 0 0 0 0 0 1
50	5	1 0 1 1 0 1 1 0 0 0 0 0 0 0 1 1 1 0 1 1
50	1	0 0 0 1 0 1 1 0 0 0 0 0 0 0 0 0 0 0 0 0
50	12	1 0 0 1 0 1 0 0 0 0 0 0 1 0 0 1 0 0 0 0
50	12	1 0 0 1 0 1 1 0 0 1 0 0 0 0 1 0 0 0 0 0
50	4	0 0 0 1 0 1 1 0 0 0 0 0 0 0 1 0 1 0 1 1
50	17	1 1 0 1 0 1 1 0 0 0 0 0 1 0 1 0 1 0 0 1
50	13	1 0 1 1 0 1 0 0 0 0 0 0 0 0 1 1 1 0 0 1
50	3	1 1 1 1 0 1 1 0 0 0 0 0 0 0 1 0 1 0 1 1
50	10	1 0 0 1 0 1 0 0 0 0 0 0 1 0 0 1 0 0 0 1
50	3	0 0 1 1 0 1 1 0 0 0 0 0 0 0 1 0 1 0 1 1
50	18	1 0 0 1 0 1 1 0 0 0 0 0 0 0 1 1 1 0 0 1
50	13	1 0 0 1 0 1 0 0 0 0 0 0 0 0 1 0 1 0 0 0
50	12	1 0 0 1 0 1 1 0 0 0 0 1 0 0 0 0 1 0 0 0
50	4	1 0 1 1 0 1 1 0 0 0 0 0 0 0 0 1 0 0 0 0
50	17	0 0 0 1 0 0 1 0 0 0 0 1 0 0 0 0 0 0 0 0
50	5	1 0 0 1 0 1 1 0 0 0 0 0 1 0 0 0 1 0 0 0
50	2	0 1 0 1 0 0 0 1 1 0 1 0 1 0 0 1 0 0 0 0
50	5	0 0 0 1 0 0 0 1 1 0 1 0 1 0 0 1 0 0 0 0
50	6	1 1 0 1 0 1 1 0 0 0 0 0 0 0 1 0 0 0 1 1
50	12	1 0 0 1 0 1 1 0 0 0 1 0 0 0 0 1 0 0 0 0
50	5	1 0 0 1 0 1 0 0 0 0 0 0 0 0 1 0 0 0 1 1
50	1	0 0 0 1 0 1 0 0 0 0 0 0 1 0 0 1 0 0 0 1
50	4	1 0 0 1 1 1 1 0 0 1 0 1 0 0 1 0 1 0 1 1
50	7	0 0 0 1 0 1 1 0 0 0 0 0 0 0 0 1 0 0 0 0
50	6	0 1 1 0 0 1 1 0 0 0 1 0 1 0 0 1 0 0 0 0
50	1	1 0 0 1 0 1 1 0 0 1 0 0 0 0 1 1 1 0 1 1
50	2	0 0 0 1 0 0 0 1 1 1 1 0 1 0 0 0 1 0 0 0
50	2	1 0 0 1 0 1 1 0 0 0 0 1 0 0 1 0 1 1 1 1
50	4	1 1 0 1 1 1 1 0 0 0 0 0 0 0 1 1 1 0 0 1
50	4	1 0 1 1 0 1 0 0 0 0 1 0 0 0 1 1 1 0 1 1
50	1	1 0 0 1 0 1 1 1 0 1 0 0 0 0 1 0 1 0 0 0
50	12	0 1 0 1 0 0 0 1 1 0 1 0 1 0 0 0 0 0 1 1
50	1	0 0 0 1 0 1 0 0 0 0 0 0 0 0 0 1 0 0 1 0
50	7	0 0 1 0 0 0 1 0 0 1 0 1 0 0 0 0 1 0 0 0
50	6	0 1 0 1 1 0 0 1 1 0 1 0 1 0 0 0 0 0 0 0
50	1	0 1 0 1 0 0 1 1 1 1 1 0 1 0 0 0 0 0 0 0
50	4	1 0 1 1 0 1 1 0 0 0 1 0 1 0 1 0 1 0 1 1
50	4	1 0 0 1 0 1 1 0 0 1 0 1 0 0 0 0 1 0 0 0
50	16	1 0 0 1 0 1 0 0 0 0 0 0 0 0 0 1 0 0 0 0
50	9	0 0 0 1 0 1 0 0 0 1 0 0 0 0 0 1 0 0 0 0
50	4	0 1 0 1 0 0 0 1 1 0 1 0 1 0 0 0 1 0 0 0
50	2	1 0 0 1 0 1 1 0 0 0 0 0 0 1 1 0 1 0 1 1
50	2	1 0 0 1 0 1 1 0 0 0 0 0 0 0 1 1 1 1 1 1
50	4	0 0 0 1 0 1 1 0 0 0 0 0 1 0 1 1 1 0 1 1
50	1	1 0 0 1 0 1 1 1 0 0 0 0 0 0 0 1 0 0 0 0
50	1	1 0 0 1 0 1 1 0 0 0 0 0 0 0 0 1 0 1 0 0
50	2	1 0 0 0 0 1 1 0 0 0 0 1 1 0 1 0 1 0 1 1
50	2	0 0 0 1 0 1 1 0 0 1 0 0 0 0 1 1 1 0 1 1
50	5	1 0 0 1 0 1 0 0 0 0 0 0 0 0 1 1 1 0 0 1
50	3	0 0 0 1 0 0 1 1 1 0 1 0 1 0 0 0 0 0 1 1
50	3	1 0 0 1 0 1 0 1 0 1 0 0 0 0 1 0 1 0 1 1
50	6	0 0 0 1 0 1 0 0 0 0 0 0 1 0 0 0 0 0 0 0
50	4	1 0 0 1 0 1 1 0 0 0 0 0 0 0 0 1 1 0 1 1
50	3	1 0 0 1 0 1 0 0 1 0 0 0 0 0 1 1 1 0 1 1
50	5	1 0 0 1 0 1 1 0 0 0 0 0 0 1 0 1 0 0 0 0
50	2	0 0 0 0 0 0 0 0 1 0 1 0 0 0 0 1 0 0 0 0
50	4	1 1 0 1 0 1 1 0 0 1 0 0 0 1 1 0 1 0 1 1
50	3	0 0 1 0 0 0 1 1 0 0 0 1 0 0 1 0 1 0 0 0
50	7	1 0 0 1 0 1 1 0 0 1 0 0 0 0 1 1 1 0 1 0
50	1	0 0 0 0 0 0 0 1 1 0 1 0 0 0 0 0 0 0 0 0
50	1	1 0 1 1 0 0 1 0 0 0 0 1 0 0 0 0 1 0 0 0
50	2	0 1 0 1 0 0 0 1 1 0 1 0 1 0 0 0 0 0 1 0
50	2	1 0 0 1 1 1 1 0 0 0 0 0 0 0 0 1 0 0 0 0
50	1	1 1 0 1 0 1 1 0 0 0 0 0 0 0 0 1 0 0 0 0
50	6	0 0 0 1 0 0 0 1 1 0 1 0 0 0 0 1 0 0 0 0
50	1	0 1 1 0 0 0 0 1 1 0 1 0 1 0 0 0 0 0 0 0
50	2	0 0 0 1 0 0 0 1 0 0 1 0 1 0 0 0 0 0 0 0
50	1	0 0 0 1 0 0 0 1 1 0 1 0 1 0 0 0 0 0 1 0
50	1	1 0 0 1 1 1 1 0 0 0 0 0 0 0 1 1 1 0 1 1
50	4	1 0 0 1 1 1 1 1 0 1 0 0 0 0 1 0 1 0 1 1
50	1	1 0 0 1 0 1 1 0 0 0 0 1 0 0 0 1 0 0 0 0
50	3	0 0 0 0 0 0 0 1 1 0 1 0 1 0 0 0 1 0 1 0
50	3	0 1 0 1 0 0 0 1 1 1 0 0 1 0 0 0 0 0 0 0
50	3	0 1 0 1 1 0 0 1 1 0 1 0 1 0 0 0 0 0 1 0
50	1	1 0 0 1 0 0 1 0 0 0 0 1 0 0 0 0 0 0 0 0
50	1	1 1 1 0 0 0 1 0 0 0 0 1 0 0 0 0 0 0 0 0
50	1	1 1 0 1 0 1 1 0 0 0 0 0 0 0 1 0 1 0 1 0
50	1	0 1 1 0 0 0 1 0 0 0 0 1 0 0 0 1 0 0 0 0
50	3	0 1 1 0 0 1 1 1 0 1 0 0 0 0 1 0 1 0 1 1
50	1	1 0 0 1 0 1 1 0 0 0 0 0 0 0 0 0 0 0 0 0
50	1	0 0 0 1 0 1 1 0 0 1 0 0 0 0 1 0 0 0 0 0
50	2	1 0 0 1 1 0 1 0 0 1 0 0 0 0 1 0 0 0 0 0
50	1	1 1 0 1 0 1 1 0 0 0 0 0 0 0 1 1 1 0 0 1
50	2	1 0 0 0 0 1 1 0 0 0 0 0 0 0 1 1 1 0 1 1
50	2	0 0 0 1 0 1 0 0 0 0 1 0 0 0 0 1 0 0 0 0
50	1	1 0 0 1 0 1 1 0 0 0 0 0 0 0 1 1 1 1 1 0
50	1	0 0 0 1 0 1 1 0 0 1 0 0 0 0 0 0 0 0 0 0
50	2	1 0 0 1 0 1 0 0 0 0 0 0 0 0 1 0 1 0 1 0
50	2	1 0 1 1 0 1 0 0 0 0 1 1 0 0 1 1 1 0 1 1
100	59	1 0 0 1 0 1 1 0 0 0 0 0 0 0 1 1 1 0 1 1
100	2	1 1 0 1 0 1 1 0 0 0 0 0 0 0 1 0 1 0 1 1
100	3	1 0 0 1 0 1 1 0 0 0 0 0 0 0 0 1 0 0 0 0
100	19	1 1 0 1 0 1 1 0 0 0 0 0 0 1 1 0 1 0 1 1
100	6	1 0 0 1 0 1 1 0 0 0 0 0 0 0 1 1 1 0 1 0
100	23	1 1 1 1 0 1 1 0 0 0 0 0 0 0 1 0 1 0 1 1
100	3	1 0 1 1 0 1 1 0 0 0 0 0 0 0 0 1 0 0 0 0
100	34	1 1 0 1 0 1 1 0 0 0 0 0 0 0 1 0 0 0 1 1
100	17	1 0 0 1 0 1 1 0 0 0 1 0 0 0 0 1 0 0 0 0
100	2	1 0 0 1 0 1 1 0 0 1 0 0 0 0 1 1 1 0 1 0
100	19	1 0 0 1 1 1 1 1 0 1 0 0 0 0 1 0 1 0 1 1
100	4	1 0 0 1 0 1 1 0 0 0 0 1 0 0 0 1 0 0 0 0
100	7	1 0 0 1 0 1 1 0 0 0 1 1 0 0 0 1 0 0 0 0
100	11	1 0 0 1 0 1 1 0 0 0 0 0 0 0 0 1 1 0 0 0
100	28	1 0 1 1 1 1 1 0 0 0 0 0 0 0 0 1 0 0 0 0
100	26	1 0 0 1 0 1 1 0 0 0 0 0 0 0 1 1 1 0 0 0
100	6	1 0 0 1 0 1 1 0 0 0 1 1 0 0 0 1 0 0 1 0
100	3	1 0 0 1 0 1 1 0 0 0 0 0 0 0 1 1 0 1 0 0
100	4	1 0 0 1 0 1 0 0 0 0 0 0 1 0 0 1 1 0 0 0
100	1	0 0 0 1 0 1 1 0 0 0 0 0 0 0 1 1 1 0 1 0
100	8	1 0 0 1 1 0 0 1 1 0 1 0 0 0 0 1 0 0 0 0
100	4	0 1 1 0 0 1 1 0 0 0 0 1 0 0 0 0 0 0 0 0
100	12	1 0 0 1 1 1 1 1 0 1 0 0 0 0 1 0 1 0 1 0
100	17	1 1 0 1 0 1 0 0 0 0 0 0 1 0 0 1 0 0 0 1
100	11	1 0 0 1 0 0 0 1 1 1 1 0 1 0 0 0 0 0 0 0
100	26	1 0 0 1 0 1 0 0 0 0 0 0 1 0 0 1 0 0 0 0
100	3	1 0 0 1 0 1 1 0 1 1 0 0 0 0 0 1 0 0 0 0
100	8	1 0 1 1 0 1 1 0 0 0 0 1 0 0 0 1 0 0 0 0
100	1	1 0 0 1 1 1 1 1 0 1 0 0 1 0 0 0 0 0 0 0
100	3	1 0 1 1 0 0 1 0 0 0 0 0 0 0 0 1 0 0 0 0
100	30	1 1 0 1 0 1 1 0 0 0 0 0 0 0 1 1 0 1 0 0
100	28	0 0 0 1 0 1 0 1 0 1 0 0 0 0 0 1 0 0 0 0
100	1	1 0 0 1 0 1 1 0 0 0 0 0 0 0 0 1 0 1 1 0
100	2	1 0 0 1 0 1 1 0 1 0 0 0 0 0 0 1 1 0 0 0
100	7	1 0 0 1 0 1 0 0 0 0 0 0 1 0 1 1 0 0 0 0
100	2	1 0 0 1 0 0 0 1 1 0 1 0 1 0 1 1 0 0 0 0
100	4	1 0 1 1 0 0 1 0 0 1 0 0 1 0 0 0 0 0 0 0
100	9	0 1 0 1 0 0 0 1 0 1 1 0 1 0 0 1 0 0 0 0
100	9	1 0 0 1 0 1 0 0 0 0 0 0 0 0 1 1 0 0 0 1
100	9	0 0 0 1 0 1 1 0 0 0 1 0 0 0 1 1 1 0 1 0
100	8	1 0 0 0 0 1 1 0 0 1 0 0 0 0 1 1 0 0 0 0
100	13	1 1 1 1 0 1 1 1 0 0 0 0 0 0 1 0 1 0 1 1
100	4	0 1 0 1 0 0 0 1 1 1 1 0 1 1 0 0 0 0 0 0
100	4	1 0 0 1 0 1 1 1 0 1 0 0 0 0 1 0 1 0 1 1
100	11	0 1 1 1 0 1 1 1 0 0 0 0 0 0 1 1 1 0 0 1
100	7	1 1 0 1 0 1 1 0 0 0 0 0 0 0 1 1 1 0 0 1
100	1	1 0 0 0 0 1 1 0 0 0 1 1 0 0 0 1 0 0 0 0
100	42	1 0 1 1 1 1 1 1 0 1 0 0 0 0 1 0 1 0 1 0
100	7	1 1 1 1 0 1 1 0 0 1 0 1 0 0 1 0 1 0 1 1
100	1	1 0 1 1 1 1 1 1 1 1 1 0 1 0 0 0 0 0 0 0
100	1	0 0 0 1 0 1 1 0 0 0 0 0 0 0 1 1 0 0 1 0
100	10	1 0 0 1 0 1 0 0 0 0 0 0 0 0 1 1 1 0 0 1
100	15	1 0 1 1 0 0 1 1 0 0 0 0 0 0 0 1 0 0 0 0
100	2	0 0 0 1 0 1 1 0 0 0 0 0 0 0 1 1 1 0 0 1
100	8	1 0 1 1 0 1 1 0 0 0 0 0 0 0 0 1 0 0 1 0
100	15	1 0 0 1 0 1 1 0 0 1 0 0 0 0 0 1 0 0 0 1
100	42	1 0 0 1 1 1 1 1 0 1 0 0 1 0 0 1 0 0 0 0
100	7	1 1 0 1 0 1 1 0 0 1 0 0 0 0 1 0 0 1 1 0
100	2	1 0 0 1 1 1 1 1 0 1 1 0 1 0 0 0 0 0 0 0
100	11	1 0 1 1 0 1 1 0 1 0 1 0 0 0 1 1 1 0 1 0
100	11	0 1 0 0 0 1 1 1 0 0 0 0 0 0 1 1 1 0 1 1
100	6	1 0 0 1 0 1 1 0 0 0 0 0 0 0 0 1 0 0 0 1
100	10	1 0 1 0 0 1 1 0 0 0 1 1 0 0 0 1 0 0 0 0
100	7	0 1 1 1 0 1 1 1 0 0 0 1 0 0 1 1 1 0 0 0
100	7	1 0 0 1 0 1 1 0 0 0 0 0 0 0 1 0 0 0 1 1
100	7	1 1 0 1 0 0 1 0 0 0 0 0 0 1 1 0 1 0 1 1
100	3	1 0 0 1 0 1 1 0 0 1 0 0 0 0 1 1 1 0 0 0
100	19	1 0 0 1 1 1 1 0 0 0 0 0 0 0 0 1 0 0 0 0
100	8	1 0 0 0 1 1 1 1 0 1 0 0 0 0 1 0 1 0 1 0
100	2	1 0 0 1 0 1 0 1 0 0 0 0 1 0 0 1 0 1 0 0
100	6	1 1 0 1 0 1 1 0 0 0 0 0 0 1 1 1 0 0 0 0
100	4	1 0 1 1 1 1 1 1 0 1 0 0 0 0 1 0 0 0 0 0
100	6	1 0 1 1 1 1 1 1 0 0 1 1 0 0 0 1 0 0 1 0
100	4	1 0 0 1 0 1 1 0 0 0 0 0 0 0 1 0 1 0 1 1
100	2	0 0 0 1 0 1 1 0 0 0 1 1 0 0 0 1 0 0 1 0
100	13	1 1 1 1 0 1 0 0 0 0 0 0 1 0 0 1 0 0 0 0
100	2	0 0 0 1 1 1 1 1 0 1 0 0 0 0 1 0 1 0 1 1
100	5	1 0 0 1 1 0 0 1 1 0 1 0 1 0 1 1 0 0 0 0
100	13	1 1 0 1 1 0 0 1 1 0 1 0 0 0 0 1 0 0 0 0
100	4	1 0 0 1 0 1 0 0 0 0 0 0 0 0 0 1 0 0 0 0
100	1	1 0 1 1 1 1 1 0 0 0 0 0 0 0 0 1 0 0 1 1
100	4	1 0 0 1 0 1 1 0 0 0 0 0 1 0 1 1 0 0 0 0
100	1	0 0 0 1 0 1 1 0 0 1 0 0 0 0 0 1 0 0 0 0
100	1	1 0 0 1 0 1 1 0 0 1 0 0 0 0 1 1 1 0 1 1
100	1	1 1 1 1 0 1 1 0 0 0 0 0 1 0 1 0 1 0 1 1
100	9	1 1 0 1 0 1 1 0 0 0 0 0 0 0 1 0 0 0 1 0
100	3	1 0 0 1 1 1 1 1 0 1 0 0 0 0 1 0 1 0 0 1
100	1	1 0 1 1 0 1 1 0 0 0 0 1 0 0 0 1 0 0 1 0
100	1	1 1 1 0 0 1 0 0 0 0 0 0 1 0 0 1 0 0 0 0
100	1	1 0 0 1 0 1 1 0 0 0 0 0 0 0 1 1 0 0 0 0
100	2	1 0 0 1 0 1 1 0 0 0 0 0 0 0 1 0 1 0 1 0
100	7	1 1 0 1 0 1 1 0 0 0 0 0 0 0 1 0 1 0 1 0
100	8	1 1 0 1 0 1 1 0 0 0 0 0 0 0 1 1 1 0 1 0
100	3	1 0 1 1 1 0 1 0 0 0 0 0 0 0 0 1 0 0 0 0
100	5	1 0 0 1 1 1 1 0 0 1 0 0 1 0 0 0 0 0 0 0
100	1	1 0 0 1 0 1 1 0 0 1 0 0 0 0 1 1 0 1 0 0
100	6	1 1 0 1 0 0 0 1 0 0 1 0 1 0 0 1 0 0 0 0
100	3	1 1 1 1 0 1 1 0 0 0 0 0 0 1 1 0 1 0 1 1
100	5	1 0 0 1 0 1 0 0 0 0 0 0 1 0 0 1 0 0 0 1
100	1	1 1 1 1 0 1 1 0 0 0 0 0 0 0 1 0 1 0 0 1
100	1	1 0 0 1 1 0 1 1 1 0 1 0 0 0 0 1 0 0 0 0
100	2	1 1 1 1 0 1 1 0 0 0 0 0 0 0 1 1 1 0 0 1
100	1	1 0 1 1 1 1 0 1 0 1 0 0 0 0 1 0 0 0 0 0
100	5	1 0 1 1 1 1 1 1 0 1 0 0 0 0 0 0 0 0 0 0
100	5	1 0 0 1 0 1 1 0 0 0 0 1 0 0 0 1 1 0 1 1
100	4	1 0 0 1 0 1 1 0 0 0 1 1 0 0 0 1 0 0 1 1
100	4	1 1 0 1 1 1 1 1 0 1 0 0 0 0 1 0 1 0 1 1
100	2	0 1 0 1 0 1 1 0 0 0 0 0 0 0 1 1 1 0 1 1
100	4	1 1 0 1 0 0 1 0 0 0 0 0 0 0 1 0 0 0 1 1
100	5	1 0 0 1 0 1 0 0 0 0 1 1 0 0 0 1 0 0 0 0
100	2	1 0 1 1 1 1 1 0 0 0 0 0 0 0 0 1 0 1 0 0
100	12	0 1 1 0 0 1 1 0 0 0 0 0 0 0 0 0 0 0 0 0
100	3	1 0 1 1 0 0 1 0 0 1 0 0 1 0 1 0 0 0 0 0
100	5	1 1 0 1 0 1 1 0 0 0 0 1 0 0 1 1 1 0 0 1
100	4	1 1 1 1 0 1 1 0 0 1 0 1 0 0 1 0 0 0 1 1
100	1	1 0 0 1 1 0 0 1 1 1 1 0 0 0 0 1 0 0 1 0
100	1	1 0 0 1 0 1 1 0 0 0 0 0 0 0 0 0 0 0 0 0
100	4	1 0 0 1 0 1 1 0 0 0 0 0 0 0 0 1 0 0 1 0
100	3	1 0 1 1 0 1 1 0 0 0 0 0 0 0 1 1 1 0 1 1
100	1	1 0 0 1 0 1 1 0 0 0 1 0 0 0 1 1 1 0 1 0
100	1	1 0 0 1 0 1 1 0 0 0 0 0 1 0 1 1 1 0 0 0
100	5	1 0 0 1 0 1 1 0 0 0 1 1 0 1 0 1 0 0 1 0
100	1	1 1 0 1 0 1 1 1 0 0 0 0 0 0 1 1 0 1 0 0
100	1	0 1 1 1 0 1 1 0 0 1 0 1 0 0 1 0 1 0 1 1
100	2	1 0 0 1 0 1 1 0 0 1 0 0 0 0 0 1 1 0 0 0
100	3	1 0 0 1 0 1 1 0 0 0 0 0 1 0 0 1 0 0 0 0
100	2	1 1 0 1 1 1 1 0 0 1 0 0 1 0 0 0 0 0 0 0
100	1	1 0 0 1 0 1 0 0 0 0 0 0 0 0 1 0 1 0 1 1
100	1	1 0 0 1 0 1 0 0 0 1 1 0 1 0 0 1 0 0 0 0
100	1	1 0 1 1 1 1 1 1 0 1 0 0 0 0 0 1 0 0 1 0
100	2	1 0 0 1 0 1 1 0 0 1 0 0 0 0 0 1 0 0 0 0
100	1	1 0 0 1 0 1 0 1 0 0 0 0 1 0 0 1 0 0 0 0
100	1	1 0 1 0 0 1 1 0 0 0 0 0 1 0 1 0 1 0 1 1
100	1	1 1 0 1 1 1 1 1 0 0 0 0 0 1 1 0 1 0 1 1
100	2	1 1 0 1 0 1 1 0 0 0 0 1 0 1 1 0 1 0 1 1
100	1	1 1 1 1 0 1 1 0 0 0 0 1 0 0 1 0 1 0 1 1
100	1	1 0 0 1 1 1 1 0 0 0 0 0 0 0 0 1 1 0 0 0
100	1	1 0 1 1 1 1 1 1 0 0 0 0 0 0 0 1 0 0 0 0
100	2	1 1 1 1 1 1 1 0 0 0 0 0 0 0 0 1 0 0 0 0
100	3	1 0 1 1 1 1 0 0 0 0 0 0 0 0 0 1 0 0 0 0
100	1	1 0 1 1 1 0 0 1 1 0 1 0 0 0 0 1 0 0 0 0
100	1	0 0 0 1 0 1 0 0 0 0 0 0 1 0 0 1 0 0 0 0
100	1	1 0 1 1 0 1 1 1 0 0 0 0 0 0 1 0 1 0 1 1
100	1	1 0 1 1 1 1 1 1 0 0 0 0 0 0 1 0 1 0 1 0
100	2	1 0 0 1 0 1 1 1 0 1 0 0 1 0 0 1 0 0 0 0
100	2	1 1 0 1 1 1 1 0 0 1 0 0 0 0 1 0 0 1 1 0
100	2	1 1 1 1 0 1 1 1 0 0 0 1 0 0 1 1 1 0 0 0
100	3	1 0 0 1 0 1 1 0 0 0 0 0 0 0 0 0 0 0 1 1
150	46	1 0 1 1 1 1 1 0 0 0 0 0 0 0 0 1 0 0 0 0
150	1	1 0 0 1 0 1 1 0 0 0 0 0 0 0 1 1 0 1 0 0
150	46	1 0 0 1 0 1 0 0 0 0 0 0 1 0 0 1 0 0 0 0
150	6	0 0 0 1 0 1 1 0 0 0 1 0 0 0 1 1 1 0 1 0
150	11	1 0 1 1 1 1 1 1 0 1 0 0 0 0 1 0 1 0 1 0
150	52	1 0 1 1 0 0 1 1 0 0 0 0 0 0 0 1 0 0 0 0
150	3	1 0 1 1 0 1 1 0 0 0 0 0 0 0 0 1 0 0 1 0
150	10	1 0 0 1 0 1 1 0 0 1 0 0 0 0 0 1 0 0 0 1
150	54	1 0 0 1 1 1 1 1 0 1 0 0 1 0 0 1 0 0 0 0
150	8	1 0 0 1 1 1 1 0 0 0 0 0 0 0 0 1 0 0 0 0
150	17	1 0 0 1 0 1 1 1 0 0 0 0 1 0 1 1 0 0 0 0
150	11	1 1 1 1 0 1 1 0 0 0 0 0 0 0 1 0 0 0 0 0
150	31	1 0 0 1 1 1 1 1 0 1 0 0 0 0 1 0 1 0 0 0
150	6	1 1 1 1 0 1 1 1 1 0 1 0 0 0 1 1 1 0 1 0
150	52	1 0 0 0 1 1 1 0 0 0 0 0 0 0 0 1 0 0 0 0
150	22	1 0 0 1 1 1 1 1 0 1 0 0 0 0 1 0 0 0 0 0
150	11	1 0 0 1 0 1 0 0 0 0 0 0 1 0 0 1 1 0 0 1
150	3	1 1 1 1 0 1 1 0 0 0 0 0 0 0 1 0 1 0 1 0
150	5	1 0 0 1 0 1 1 0 0 1 0 0 0 0 1 1 1 0 0 0
150	1	1 0 1 1 1 1 1 1 0 1 0 0 0 0 1 1 1 0 1 0
150	29	1 1 1 1 0 1 1 1 0 0 0 0 0 0 1 1 1 0 0 0
150	17	1 0 0 1 1 0 0 1 1 0 1 0 0 0 0 1 0 1 0 0
150	27	1 1 1 1 0 0 1 1 1 0 1 0 0 0 1 1 1 0 1 0
150	30	1 1 1 1 1 1 1 0 0 0 0 0 0 0 1 1 0 0 0 0
150	1	1 1 0 1 0 1 1 0 0 0 0 0 0 0 1 0 0 0 0 0
150	11	1 0 0 1 0 1 0 0 0 0 1 0 0 0 0 1 0 0 0 0
150	3	1 1 1 1 0 1 1 0 0 0 0 0 0 0 1 0 0 0 1 1
150	17	1 0 0 1 1 1 1 0 0 0 0 1 0 0 0 1 0 0 0 0
150	16	1 1 1 1 0 1 1 0 0 0 1 1 0 0 1 0 0 0 0 0
150	20	1 1 1 1 0 1 1 0 0 0 0 0 0 0 0 1 0 0 0 0
150	4	1 0 1 1 0 0 1 1 0 0 0 0 0 0 0 1 0 0 0 1
150	20	1 0 0 1 0 1 1 1 0 0 0 0 0 0 0 1 0 0 0 0
150	9	1 0 0 1 1 1 1 0 0 0 0 0 0 0 1 1 0 0 0 0
150	4	1 0 1 1 1 1 1 0 0 0 0 0 0 1 0 1 0 0 0 0
150	5	1 0 0 1 0 1 1 0 0 0 0 0 0 0 1 1 1 1 0 0
150	2	1 0 1 1 0 0 1 1 0 0 0 1 0 0 0 0 0 0 0 0
150	2	0 0 0 1 0 1 1 1 0 0 0 0 0 0 0 1 0 1 0 0
150	6	1 0 1 1 0 1 0 0 0 0 0 0 1 0 0 1 0 0 0 0
150	2	1 0 1 1 0 1 1 0 0 0 0 0 0 0 1 1 1 0 1 0
150	19	1 0 1 1 1 1 1 0 0 0 1 0 0 0 0 1 0 0 0 0
150	3	1 1 0 1 0 1 1 0 0 0 0 0 0 0 1 1 0 0 0 0
150	4	0 0 0 1 0 1 1 0 0 0 0 0 0 0 0 1 0 0 0 0
150	5	1 0 0 1 0 0 0 0 0 0 0 0 1 0 0 1 0 0 0 0
150	4	1 0 1 1 0 0 1 1 0 0 0 0 0 1 0 1 0 0 0 0
150	3	1 0 0 1 1 0 1 0 0 0 0 0 0 0 0 1 0 0 0 0
150	3	1 1 1 1 0 1 1 0 0 1 0 0 1 0 0 0 0 0 0 0
150	2	1 1 1 1 0 1 1 0 1 0 1 0 0 0 1 1 1 0 1 0
150	3	1 0 1 1 0 0 1 1 0 0 1 0 0 0 0 1 0 1 0 0
150	10	1 1 1 1 0 1 1 0 0 0 0 0 0 0 1 1 1 0 1 0
150	6	1 1 0 1 0 1 1 0 0 0 0 0 0 0 0 1 0 0 0 1
150	2	1 0 1 1 1 1 1 1 0 1 0 0 0 0 1 0 1 0 0 0
150	17	1 0 1 1 0 1 1 0 0 0 1 0 0 0 1 1 1 0 1 0
150	3	1 0 0 1 0 1 1 0 0 1 1 0 0 0 0 1 0 0 1 0
150	1	1 0 0 1 1 0 0 1 1 0 1 0 0 0 0 1 0 0 0 0
150	13	0 0 0 1 0 1 1 0 0 0 1 0 0 0 0 1 0 0 0 0
150	6	1 0 1 1 0 0 1 1 1 0 0 0 0 0 0 1 0 0 0 0
150	3	1 0 0 1 1 1 1 1 0 1 0 0 0 0 1 1 1 0 0 0
150	7	0 1 1 1 0 1 1 0 0 0 0 0 0 0 0 1 0 0 0 0
150	2	1 1 0 1 0 1 1 0 0 0 0 0 0 0 1 0 1 0 0 0
150	2	1 0 0 1 0 1 1 0 0 0 1 1 0 0 0 1 0 0 0 0
150	4	1 0 1 1 0 1 1 0 0 0 0 0 0 0 1 0 1 0 1 0
150	2	1 0 1 1 1 1 0 0 0 0 0 0 1 0 0 1 0 0 0 0
150	2	1 0 0 1 1 1 1 0 0 1 0 0 0 0 1 0 1 0 0 0
150	3	1 0 0 1 1 0 0 1 1 0 1 0 0 0 0 0 0 1 0 0
150	1	1 1 1 1 0 1 1 1 0 1 1 0 1 0 1 0 0 1 0 0
150	5	1 0 0 1 0 1 1 1 0 1 0 1 0 0 1 0 0 0 0 0
150	2	1 1 1 1 0 1 1 1 1 0 0 0 0 0 1 1 1 0 0 0
150	4	1 0 0 1 0 1 0 0 0 0 1 0 0 0 1 1 0 0 0 0
150	6	1 0 1 1 0 1 1 1 0 0 0 0 0 0 1 1 1 0 0 0
150	5	1 0 0 1 0 0 1 0 0 1 0 0 0 0 0 0 0 0 0 1
150	9	1 0 1 1 0 1 1 1 0 0 0 1 0 0 1 1 1 0 0 1
150	2	1 0 0 1 1 1 1 1 0 1 0 1 1 0 1 0 0 0 0 0
150	6	1 1 0 1 0 1 1 1 0 1 0 1 0 0 1 0 0 0 0 0
150	4	1 0 1 1 1 1 1 0 0 0 0 0 0 0 0 1 0 0 1 0
150	5	1 0 0 1 1 1 1 1 1 1 0 0 0 0 1 0 1 0 1 0
150	1	1 0 0 1 1 1 1 1 0 1 1 0 1 0 0 1 0 0 0 0
150	2	1 0 0 1 1 1 1 1 0 0 0 0 0 0 1 0 0 0 1 1
150	3	1 0 1 1 1 1 1 0 0 1 0 0 1 0 0 0 0 0 0 0
150	2	1 0 0 1 0 1 1 1 0 0 0 0 1 0 1 1 1 0 0 0
150	2	1 1 1 1 0 0 1 1 0 0 0 0 0 0 0 1 0 0 0 0
150	5	1 0 0 1 1 1 1 0 0 1 0 0 0 0 1 1 1 0 0 0
150	12	1 1 1 1 0 1 1 0 0 0 0 0 1 0 1 0 0 0 0 0
150	5	1 0 1 1 0 1 1 0 0 1 1 0 0 0 1 1 1 0 1 0
150	2	0 0 0 1 0 1 0 0 0 0 0 0 0 0 1 0 1 0 1 0
150	3	1 0 0 1 0 0 1 1 0 0 0 0 0 0 0 1 0 0 0 1
150	11	1 1 0 1 0 1 1 0 0 0 0 0 0 0 1 1 1 1 0 0
150	2	1 0 1 1 0 1 1 0 0 1 1 0 0 0 1 1 1 1 1 0
150	1	1 0 0 1 0 1 1 1 0 0 0 0 0 0 1 1 1 0 0 0
150	2	1 1 1 1 0 1 1 1 0 0 0 0 0 0 1 1 0 0 0 0
150	1	1 0 1 1 0 1 1 0 0 0 0 0 0 0 0 1 0 0 0 0
150	6	1 0 1 1 1 1 1 1 0 0 0 0 0 0 0 1 0 0 0 0
150	1	1 0 1 1 1 1 1 0 0 0 0 0 0 0 1 1 0 0 0 0
150	2	1 0 0 1 0 1 1 1 0 1 0 0 1 0 0 1 0 0 0 0
150	4	1 1 1 1 0 1 1 1 0 0 0 0 1 0 1 1 1 0 0 0
150	1	1 0 1 1 0 1 1 1 0 0 0 0 0 0 1 1 1 0 1 0
150	15	0 0 0 1 0 1 1 0 0 0 1 0 0 1 0 1 0 0 0 0
150	5	0 0 0 1 0 1 1 1 0 0 1 1 0 0 0 1 0 0 0 0
150	3	0 0 0 1 0 1 1 0 0 0 1 0 0 0 1 1 0 1 0 0
150	1	1 0 0 1 0 1 1 0 0 1 0 0 0 0 0 1 0 0 0 0
150	1	1 0 0 0 1 1 0 0 0 0 0 0 0 0 0 1 0 0 0 0
150	1	0 0 0 1 1 1 1 0 0 0 0 1 0 0 0 1 0 0 0 0
150	2	1 1 1 1 0 1 1 1 0 1 1 0 1 0 1 0 0 1 0 1
150	4	1 0 1 1 0 1 1 0 0 0 1 0 0 0 0 1 0 0 0 0
150	4	1 0 0 1 1 1 1 1 0 1 0 0 1 0 0 1 1 0 0 0
150	3	1 0 0 1 1 1 1 1 0 1 0 0 0 0 1 1 0 0 0 0
150	3	1 0 0 0 1 1 1 0 0 0 0 0 0 0 0 1 0 0 0 1
150	1	1 0 0 1 1 0 1 0 0 0 0 0 0 0 0 1 0 0 1 1
150	1	1 0 0 1 0 1 0 0 0 0 0 0 0 0 0 1 0 0 0 0
150	2	0 0 0 1 0 1 1 0 0 0 1 0 0 0 1 1 1 1 1 0
150	3	1 1 1 1 0 1 1 0 0 0 0 1 0 0 1 0 0 0 1 1
150	1	1 1 1 1 1 1 1 1 0 1 0 1 0 0 1 0 1 0 1 1
150	10	1 0 1 1 0 1 1 0 0 1 0 0 0 0 1 0 1 0 1 0
150	4	1 1 1 1 0 1 1 0 0 0 0 0 1 0 1 0 0 0 0 1
150	5	1 1 0 1 0 1 1 1 1 0 0 0 0 0 0 1 0 0 0 0
150	2	1 0 0 1 1 1 1 1 0 1 0 0 1 0 0 1 0 0 0 1
150	1	1 0 0 0 1 1 1 1 0 1 0 0 1 0 0 1 0 0 0 0
150	1	1 0 0 1 0 1 1 1 0 0 0 0 1 0 1 1 0 0 1 0
150	4	1 0 0 1 0 1 1 1 0 0 0 1 1 0 1 1 0 0 0 0
150	1	0 1 1 1 0 1 1 0 0 0 0 0 0 0 1 1 1 0 1 0
150	1	0 0 0 1 0 1 0 0 0 0 0 1 0 0 1 0 1 0 1 0
150	3	1 0 0 1 1 1 1 1 0 1 0 0 1 0 1 1 0 0 0 0
150	1	1 0 1 1 0 1 1 1 1 0 0 0 0 0 1 1 1 0 0 0
150	2	1 1 1 1 1 1 0 0 0 0 1 0 0 0 0 1 0 0 0 0
150	4	0 0 0 1 0 1 1 1 0 1 0 1 0 0 1 0 0 0 0 0
150	4	1 0 1 1 0 1 1 0 0 0 0 0 0 0 1 1 1 0 0 0
150	2	1 0 0 1 1 0 1 0 0 0 0 0 1 0 1 1 1 0 0 0
150	2	1 1 1 1 1 1 1 1 0 1 0 0 0 0 1 0 0 0 0 0
150	2	1 0 1 1 0 1 1 0 0 0 1 0 0 0 1 1 0 0 0 0
150	3	1 1 1 1 0 1 1 0 0 0 1 0 0 0 1 1 0 1 0 0
150	1	1 0 0 1 0 1 1 0 0 0 1 0 0 0 1 1 1 0 1 0
150	1	1 0 0 0 1 1 1 1 0 0 0 0 0 0 0 1 0 0 0 0
150	2	0 1 1 1 0 1 1 0 0 0 0 0 0 0 1 0 0 0 1 1
150	1	1 0 0 1 0 0 1 1 0 0 0 0 0 0 0 1 0 0 0 0
150	2	1 0 1 1 0 0 1 1 0 0 0 0 0 1 0 1 1 0 0 0
150	1	1 1 1 1 0 1 1 0 0 0 1 0 0 0 1 1 1 0 1 0
150	2	1 0 0 1 1 0 0 1 1 0 0 0 0 0 0 1 0 0 0 0
150	1	1 0 1 1 0 0 1 1 0 0 0 0 0 0 0 1 1 0 0 1
150	2	1 1 1 1 0 1 1 0 0 0 0 0 0 0 1 1 1 0 0 0
150	2	1 0 0 1 1 0 0 1 1 0 1 0 0 0 0 1 0 0 1 0
150	5	1 0 0 1 1 1 1 0 0 1 0 0 1 0 0 1 0 0 0 0
150	1	1 0 1 1 1 1 1 0 0 0 0 1 0 0 0 1 0 0 0 0
150	1	1 0 1 1 0 1 1 1 0 0 0 0 0 0 0 1 0 0 0 1
150	1	1 0 0 1 0 1 0 0 1 0 0 0 1 0 0 1 0 0 0 0
150	2	1 1 1 1 0 1 1 0 1 0 1 1 0 0 1 0 0 0 0 0
150	1	1 1 1 1 1 1 1 0 0 0 0 0 0 0 0 1 0 0 0 0
150	1	1 0 0 1 1 0 0 0 1 0 1 0 0 0 0 1 0 0 0 0
150	3	1 1 0 0 0 1 1 1 0 1 0 1 0 0 1 0 0 0 0 0
150	1	1 0 0 1 0 1 1 1 0 0 0 0 1 1 1 1 0 0 1 0
200	38	1 0 1 1 1 1 1 0 0 0 0 0 0 0 0 1 0 0 0 0
200	3	1 0 0 1 0 1 1 0 0 1 0 0 0 0 0 1 0 0 0 1
200	4	1 0 0 0 1 1 1 0 0 0 0 0 0 0 0 1 0 0 0 0
200	14	1 1 1 1 1 1 1 0 0 0 0 0 0 0 1 1 0 0 0 0
200	17	1 0 0 1 1 1 1 0 0 0 0 1 0 0 0 1 0 0 0 0
200	150	1 1 1 1 0 1 1 0 0 0 1 1 0 0 1 0 0 0 0 0
200	6	1 1 1 1 0 1 1 0 0 0 0 0 0 0 0 1 0 0 0 0
200	26	1 0 0 1 0 1 1 1 0 0 0 0 0 0 0 1 0 0 0 0
200	3	1 0 1 1 0 1 0 0 0 0 0 0 1 0 0 1 0 0 0 0
200	12	1 1 1 1 0 0 1 1 0 0 0 0 0 0 0 1 0 0 0 0
200	24	1 0 1 1 0 1 1 0 0 0 0 0 0 0 1 1 0 0 0 0
200	5	0 0 0 1 0 1 1 1 0 1 0 0 1 0 0 1 0 0 0 0
200	16	1 0 0 1 1 1 1 1 0 1 0 1 1 0 1 0 0 1 0 0
200	2	1 1 1 1 1 1 1 0 0 0 0 0 0 0 0 1 0 0 0 0
200	6	1 0 1 1 0 0 1 1 1 0 0 0 0 0 0 1 0 0 0 0
200	22	1 0 1 1 0 0 1 1 0 0 0 1 0 0 0 1 0 0 0 0
200	17	1 1 0 1 1 1 1 1 0 0 0 0 1 0 0 1 0 0 0 0
200	13	1 0 1 0 0 1 0 0 1 0 0 0 1 0 0 1 0 0 0 0
200	11	1 0 1 1 1 1 1 0 0 1 0 0 0 0 0 1 0 0 0 0
200	9	1 0 1 1 1 1 1 0 1 0 0 0 0 0 0 1 0 0 0 0
200	1	1 0 0 1 0 0 0 0 0 0 0 0 1 0 0 1 1 0 0 0
200	10	1 0 0 1 1 1 1 1 1 0 0 0 1 0 1 1 0 0 0 0
200	64	1 0 1 1 1 1 1 0 0 0 0 1 0 0 0 1 0 0 0 0
200	25	1 0 1 1 1 1 1 0 0 0 0 0 0 0 1 1 0 1 0 0
200	12	1 1 1 0 0 1 1 1 1 0 1 0 0 0 1 1 1 0 1 0
200	29	1 1 1 1 0 1 1 0 0 0 1 1 0 0 0 0 0 0 0 0
200	10	1 0 1 1 0 1 0 0 0 0 0 1 1 0 0 1 0 0 0 0
200	3	1 0 1 0 0 1 0 0 1 0 0 0 1 0 0 1 0 1 0 0
200	4	1 1 1 1 1 1 1 1 0 0 0 0 0 0 0 1 0 0 0 0
200	3	1 1 1 1 0 1 1 0 0 1 0 0 0 0 0 1 0 0 0 1
200	8	1 0 0 1 1 0 0 1 1 0 0 0 1 0 0 1 0 0 0 0
200	7	1 1 1 1 0 0 0 0 0 1 0 0 0 0 1 0 0 0 0 0
200	15	1 1 1 1 0 1 1 0 0 0 1 1 0 0 1 0 1 0 0 0
200	5	1 0 0 1 1 1 1 0 0 0 0 1 0 0 0 1 1 0 1 0
200	6	1 0 0 1 1 1 1 0 0 1 0 0 0 1 1 0 1 0 0 0
200	9	1 0 0 1 0 1 1 0 0 0 0 1 1 0 0 1 0 0 1 0
200	1	1 0 1 1 1 1 1 0 0 0 0 0 0 1 0 1 0 0 0 0
200	2	1 1 1 1 0 1 1 0 0 0 1 1 0 0 1 0 0 1 0 0
200	23	1 0 0 1 1 1 1 0 1 0 0 1 0 0 0 1 1 0 0 0
200	7	1 0 1 1 1 1 1 1 0 0 0 0 0 0 1 1 0 0 0 0
200	2	1 0 0 1 1 1 1 0 0 0 0 1 0 0 1 1 0 0 0 1
200	12	0 0 0 1 0 1 1 0 0 0 0 0 1 0 0 1 0 0 0 0
200	10	1 0 0 1 1 1 1 1 1 0 0 0 0 0 0 1 0 0 0 0
200	9	1 0 1 1 1 1 1 1 0 0 0 1 0 0 0 1 0 0 0 0
200	2	1 0 1 1 0 1 1 0 0 0 0 0 0 0 0 1 0 0 0 0
200	4	1 0 0 1 1 0 0 1 1 0 1 0 0 0 0 1 0 0 0 0
200	2	1 1 0 0 0 1 1 1 0 0 0 0 0 0 0 1 0 0 0 0
200	8	1 1 1 1 0 1 1 0 1 0 1 1 0 0 1 0 0 0 0 0
200	26	1 1 1 1 0 1 1 0 0 0 1 1 0 0 1 1 0 0 0 0
200	9	1 0 0 1 0 1 1 1 0 1 0 0 1 0 0 1 0 0 0 0
200	10	1 0 1 1 0 0 1 1 0 0 0 0 0 1 0 1 1 1 0 0
200	4	1 0 1 1 1 1 1 0 0 0 0 0 0 0 0 1 0 0 0 1
200	14	1 0 0 1 1 1 1 0 0 0 0 0 1 0 0 1 0 0 0 0
200	18	1 0 1 1 0 1 1 0 0 0 1 1 0 0 1 1 0 0 0 0
200	15	1 1 1 1 0 1 1 1 0 0 0 0 0 0 0 1 0 0 0 0
200	1	1 0 1 1 1 1 1 0 1 0 0 0 0 0 0 1 0 0 0 1
200	14	1 1 1 1 0 1 1 0 0 0 1 1 0 0 1 0 0 0 1 0
200	5	0 0 0 1 1 1 1 1 0 0 0 0 1 0 1 1 0 0 0 0
200	3	1 0 0 1 0 0 0 0 0 1 1 0 1 0 0 1 0 0 0 0
200	3	1 1 0 1 1 0 1 1 0 0 0 0 0 0 1 1 1 0 0 0
200	4	1 0 0 1 1 1 1 0 0 0 0 0 0 0 1 1 0 0 0 1
200	3	1 0 0 1 1 1 1 1 0 0 0 0 0 0 0 1 0 0 0 0
200	5	1 0 1 1 1 1 1 0 0 0 0 0 0 0 1 0 0 1 0 0
200	2	1 0 0 1 1 1 1 0 1 0 0 1 0 0 0 1 1 0 1 0
200	4	1 0 0 1 0 1 1 0 0 0 0 1 0 0 1 1 0 0 0 1
200	1	1 1 1 1 1 1 1 0 0 0 0 0 1 0 0 1 0 0 0 0
200	2	1 0 1 1 0 1 0 0 0 0 0 0 0 0 0 1 0 0 0 0
200	6	1 0 1 1 1 1 1 0 0 0 1 1 0 0 1 0 0 0 0 0
200	2	1 0 0 1 0 0 1 1 0 0 0 0 1 0 0 1 0 0 0 0
200	1	1 0 1 1 0 1 1 1 0 0 0 0 0 0 0 1 0 0 0 0
200	5	1 0 0 1 0 1 1 1 0 0 0 0 0 0 0 1 0 0 0 1
200	6	1 0 1 1 0 1 1 0 0 0 1 1 0 0 1 0 0 0 0 0
200	9	1 1 1 1 0 1 1 0 0 1 0 0 0 0 0 1 0 0 0 0
200	3	1 0 1 1 0 1 1 0 0 0 0 0 0 0 1 1 0 1 0 0
200	2	1 1 1 1 0 1 0 0 1 0 1 1 0 0 1 0 0 0 0 0
200	1	1 0 0 1 1 1 1 0 0 0 0 1 0 0 1 1 0 0 0 0
200	3	0 0 0 1 1 1 1 0 0 0 0 1 0 0 0 1 0 0 0 0
200	2	1 0 0 1 1 1 1 1 0 0 1 0 1 0 1 1 0 0 0 0
200	7	1 0 0 1 1 0 1 0 0 0 0 1 0 0 0 1 1 0 1 0
200	3	1 0 1 1 1 1 1 1 0 0 0 1 0 0 0 1 1 0 0 0
200	6	1 1 1 0 0 1 1 1 0 0 0 0 1 0 0 1 0 0 0 0
200	3	1 1 1 1 0 1 1 1 0 0 1 1 0 0 1 0 0 0 0 0
200	2	1 1 1 1 0 1 1 0 0 1 1 1 0 0 1 0 0 0 0 0
200	1	1 0 1 1 0 1 1 0 0 1 0 0 0 0 1 1 0 0 0 0
200	1	1 1 0 1 1 0 1 1 0 0 0 0 1 0 0 1 0 0 0 0
200	2	0 0 0 1 0 1 1 0 0 0 1 0 0 0 0 1 0 1 0 1
200	1	1 1 1 1 0 1 1 0 0 1 1 0 0 0 0 1 0 0 0 1
200	1	1 0 1 1 1 1 1 1 0 0 0 0 0 1 0 1 0 0 0 0
200	2	1 1 0 1 1 0 1 1 0 0 0 1 0 0 1 1 1 0 0 0
200	1	1 0 0 1 1 0 1 1 0 1 0 1 1 0 1 0 0 1 1 0
200	4	1 0 0 1 0 1 1 0 0 0 0 0 0 0 0 1 0 0 0 0
200	5	1 0 0 1 1 1 1 0 0 0 0 0 0 0 1 1 0 0 0 0
200	2	1 0 1 1 0 0 1 1 0 0 0 0 0 0 0 1 0 0 1 0
200	12	1 0 1 1 0 1 0 0 0 0 0 0 1 1 0 1 0 0 0 0
200	4	1 0 0 1 1 1 1 1 1 0 0 0 1 0 1 1 1 0 0 0
200	4	1 0 0 1 1 1 1 0 0 1 0 0 1 0 1 1 0 0 0 0
200	3	1 1 1 1 0 1 1 0 0 0 0 1 1 0 0 1 0 0 1 0
200	3	1 1 0 1 1 1 1 1 0 0 1 1 0 0 1 1 0 0 0 0
200	4	1 0 1 1 1 1 1 0 0 0 0 0 0 0 1 1 0 0 0 0
200	6	0 0 0 1 1 1 1 0 0 0 0 0 1 0 0 1 0 0 0 0
200	3	1 0 0 1 0 1 1 0 0 0 0 1 0 0 0 1 0 0 0 0
200	1	1 0 0 1 1 1 1 0 0 1 0 1 0 0 0 1 0 0 0 0
200	4	1 1 1 1 0 1 1 0 0 0 1 1 0 0 1 0 0 0 0 1
200	1	1 0 1 1 0 0 1 1 0 0 0 1 0 0 0 1 1 0 0 0
200	1	1 0 1 0 0 1 0 1 1 0 0 0 1 0 0 1 0 0 0 0
200	4	1 1 1 1 0 1 1 0 0 0 1 1 1 0 0 0 0 0 0 0
200	1	1 0 1 1 1 1 1 1 1 0 0 0 1 0 1 1 0 0 0 0
200	3	1 0 0 1 1 1 1 1 0 1 0 1 0 0 0 1 0 0 0 0
200	2	1 0 0 1 1 1 1 1 0 0 0 0 1 0 1 1 0 0 0 0
200	1	1 1 1 0 0 1 1 0 0 0 1 1 0 0 1 0 0 0 0 0
200	1	1 1 0 1 1 1 1 1 0 0 0 0 1 0 0 1 0 0 1 0
200	2	1 1 1 1 0 0 1 0 0 1 0 0 0 0 1 0 0 0 0 0
200	1	1 0 0 1 1 1 1 0 0 0 0 1 0 0 1 1 1 0 0 1
200	3	1 0 1 1 0 1 1 0 1 0 0 0 0 0 0 1 0 0 0 0
200	1	1 0 1 1 1 1 1 0 0 0 0 0 0 0 0 0 0 0 0 0
200	1	1 0 1 1 0 1 1 0 0 0 1 1 1 0 0 0 0 0 0 0
200	1	1 0 1 1 0 0 1 1 0 0 0 0 1 0 0 1 0 1 0 0
200	1	1 0 1 1 0 0 1 1 0 0 0 0 1 0 0 1 0 0 0 0
200	1	1 0 0 1 1 1 1 1 1 0 0 0 1 0 0 1 1 1 0 0
200	1	1 1 1 1 0 1 1 0 0 0 0 0 0 0 1 1 0 1 0 0
200	1	1 0 0 1 1 1 1 1 0 0 0 0 1 0 0 1 0 0 0 0
200	2	1 1 0 1 1 0 1 1 0 0 0 0 0 0 0 1 0 0 0 0
200	4	1 1 1 1 0 1 1 0 0 0 1 0 0 0 1 0 0 0 0 0
200	2	0 0 0 1 0 1 1 1 0 1 0 0 0 0 0 1 0 0 0 0
200	1	1 0 1 1 0 1 1 1 0 0 0 1 0 0 0 1 0 0 0 0
200	2	1 0 0 1 1 1 1 0 0 0 0 0 0 1 1 0 1 0 0 0
200	1	1 1 0 1 1 1 1 0 0 0 0 0 1 0 0 1 0 0 0 0
200	1	1 0 1 1 0 1 1 0 0 0 0 1 0 0 1 1 0 0 0 1
200	1	1 0 0 1 1 1 1 0 0 0 0 1 0 1 1 1 0 0 0 0
250	46	1 0 1 1 1 1 1 0 0 0 0 0 0 0 0 1 0 0 0 0
250	48	1 1 1 1 0 1 1 0 0 0 1 1 0 0 1 0 0 0 0 0
250	53	1 1 1 1 0 1 1 0 0 0 0 0 0 0 0 1 0 0 0 0
250	52	1 0 1 1 0 1 1 0 0 0 0 0 0 0 1 1 0 0 0 0
250	22	1 1 1 1 1 1 1 0 0 0 0 0 0 0 0 1 0 0 0 0
250	10	1 0 1 1 1 1 1 0 0 0 0 1 0 0 0 1 0 0 0 0
250	3	1 0 1 1 1 1 1 0 0 0 0 0 0 0 1 1 0 1 0 0
250	25	1 0 1 1 0 1 0 0 0 0 0 1 1 0 0 1 0 0 0 0
250	6	1 0 1 1 1 1 1 1 0 0 0 0 0 0 1 1 0 0 0 0
250	12	1 1 1 1 0 1 1 0 0 0 1 1 0 0 1 1 0 0 0 0
250	6	1 1 1 1 0 1 1 1 0 0 0 0 0 0 0 1 0 0 0 0
250	15	1 1 1 1 0 1 1 0 0 1 0 0 0 0 0 1 0 0 0 0
250	8	1 0 1 1 0 1 1 0 0 0 0 0 0 0 1 1 0 1 0 0
250	27	1 1 1 1 0 1 1 0 0 0 1 1 0 0 0 1 0 0 0 0
250	6	1 1 1 1 0 1 1 0 0 0 1 1 0 1 1 0 0 0 0 0
250	23	1 1 1 0 0 1 1 1 0 1 0 0 0 0 1 0 0 0 0 0
250	18	1 1 1 1 0 1 0 0 0 0 1 1 0 0 1 0 0 0 0 0
250	4	1 0 0 1 0 0 1 1 0 0 0 0 0 0 0 1 0 0 1 0
250	1	1 1 1 1 0 1 0 0 0 1 0 0 0 0 0 1 0 0 0 0
250	4	1 1 1 1 0 1 1 1 0 0 1 1 0 0 1 1 0 0 0 0
250	2	1 1 1 1 0 1 1 0 0 1 1 1 0 0 1 1 0 0 0 0
250	9	1 1 1 1 0 1 1 0 0 1 0 0 0 0 1 1 0 0 0 0
250	17	1 1 1 1 0 1 1 1 0 0 0 0 0 0 0 1 0 1 0 0
250	16	1 0 1 1 1 1 1 1 0 0 0 0 0 0 0 1 0 0 0 0
250	30	1 0 1 1 1 1 1 0 0 0 1 1 0 0 1 1 0 0 0 0
250	4	1 0 1 1 0 1 1 0 0 0 1 1 0 0 1 0 0 0 1 0
250	22	1 0 1 1 0 1 1 0 0 0 0 1 0 0 0 1 0 0 0 0
250	35	1 1 1 1 1 1 1 0 1 0 0 0 0 1 0 1 0 0 0 0
250	28	1 0 0 1 0 1 1 0 0 1 1 1 0 0 0 0 0 0 0 0
250	54	1 1 1 1 0 1 1 0 0 0 0 1 0 0 0 1 0 0 0 0
250	18	1 0 1 1 1 1 1 0 0 0 0 0 0 0 1 1 0 0 0 0
250	5	1 0 1 1 1 1 1 0 0 0 0 0 1 0 1 1 0 0 0 0
250	21	1 1 0 1 1 0 1 1 0 0 0 0 0 0 1 1 0 0 1 0
250	2	1 1 0 1 0 1 1 0 0 1 0 0 0 0 0 1 0 0 0 0
250	9	1 0 0 1 1 1 1 0 0 0 1 1 0 0 0 1 0 0 0 0
250	2	1 1 1 1 1 1 1 0 0 0 1 0 0 0 1 1 0 1 0 0
250	5	1 0 1 0 1 1 1 0 0 0 1 1 0 0 1 1 0 0 0 0
250	5	1 0 1 1 1 1 1 0 0 0 0 0 0 0 0 1 1 0 0 0
250	20	1 0 1 1 0 1 1 0 0 0 0 0 0 0 0 1 0 0 0 0
250	2	1 1 1 1 0 1 1 0 0 1 1 1 0 0 0 1 0 0 0 0
250	7	1 1 1 1 1 1 1 0 0 0 0 0 0 0 0 1 1 0 0 0
250	13	1 0 1 1 1 1 1 0 0 0 0 1 0 0 1 1 0 1 0 0
250	11	1 0 1 1 0 1 1 0 0 1 0 0 0 0 1 1 0 1 0 0
250	3	1 1 1 1 0 1 1 0 0 0 0 1 0 0 1 0 0 0 0 0
250	6	1 1 1 1 0 1 1 0 0 1 0 0 0 0 1 0 0 0 0 0
250	6	1 1 0 1 1 1 1 1 0 0 0 1 0 0 1 1 1 0 0 0
250	3	1 1 1 1 0 1 1 1 0 0 0 1 0 0 1 1 0 0 0 0
250	2	1 1 0 0 1 0 1 1 0 0 0 1 0 0 1 1 1 0 0 0
250	4	1 0 1 1 0 1 1 0 0 0 0 1 0 0 0 1 0 0 1 0
250	3	1 0 1 1 0 1 1 0 0 1 0 0 0 0 0 1 0 0 0 0
250	1	0 0 0 1 0 1 1 0 0 1 0 0 0 0 1 0 0 0 0 0
250	9	0 1 1 1 1 1 1 0 0 0 1 1 0 0 1 0 0 1 0 0
250	15	1 1 1 1 0 1 1 0 0 0 1 1 0 0 0 0 0 0 0 0
250	2	1 1 1 1 0 1 0 0 0 0 1 0 0 0 1 0 0 0 0 0
250	3	1 1 1 1 1 1 1 0 0 0 1 0 0 0 0 1 0 0 1 0
250	2	1 1 1 1 0 1 1 1 0 0 0 0 0 1 0 1 0 0 0 0
250	1	1 1 1 1 1 1 1 0 0 0 0 1 0 0 0 1 0 0 0 0
250	4	1 0 1 1 1 1 1 0 0 0 0 1 0 0 0 1 0 0 1 0
250	1	1 0 1 1 1 1 1 1 0 0 0 0 0 0 1 1 0 1 0 1
250	4	1 1 1 1 0 1 0 0 0 0 0 1 1 0 0 1 0 0 0 0
250	3	1 0 1 1 1 1 1 0 0 0 1 0 0 0 0 1 0 0 0 0
250	1	1 0 1 0 0 1 1 0 0 0 0 0 0 0 1 1 0 1 0 0
250	9	1 1 1 1 0 1 1 0 0 0 1 1 0 0 0 1 0 0 0 1
250	5	1 0 1 1 1 1 1 0 0 0 1 1 0 0 1 1 0 1 0 0
250	3	1 1 1 1 0 1 1 1 0 0 1 1 0 0 0 0 0 0 0 0
250	3	1 0 1 1 0 1 0 0 0 0 0 1 0 0 0 1 0 0 0 1
250	9	1 0 1 1 0 1 1 0 0 0 0 0 0 0 0 1 1 0 0 0
250	17	1 1 1 1 0 0 1 0 0 0 1 1 0 0 1 0 0 0 0 0
250	8	1 0 1 1 1 1 1 0 1 0 1 1 0 0 1 1 0 0 0 0
250	5	1 0 1 1 0 1 0 0 0 0 0 1 0 0 0 1 0 0 0 0
250	3	1 0 1 1 1 1 1 0 0 0 0 0 0 1 0 1 0 0 0 0
250	8	0 1 1 1 0 1 1 0 0 0 0 1 0 0 0 1 0 0 0 0
250	4	1 1 1 1 0 1 1 0 0 1 0 1 0 0 0 1 0 0 0 0
250	2	1 0 1 1 0 1 1 0 0 1 0 0 0 0 1 1 0 1 0 1
250	3	1 1 1 1 1 1 0 0 0 0 0 0 0 0 1 1 0 1 0 0
250	7	1 1 1 1 0 1 1 0 0 0 1 1 0 0 0 1 0 1 0 0
250	3	1 1 0 1 1 0 1 1 0 0 0 0 1 0 1 1 0 0 1 0
250	7	1 1 1 1 1 1 1 0 1 0 1 1 0 0 1 0 0 0 0 0
250	4	1 1 1 1 0 1 1 0 0 0 0 1 0 0 0 1 0 0 1 0
250	1	1 0 1 0 1 0 1 0 0 0 1 1 0 0 1 1 0 0 0 0
250	6	1 0 1 1 1 1 1 0 0 0 0 1 1 0 0 1 0 0 1 0
250	2	1 0 1 1 1 1 1 0 0 0 0 1 0 0 1 1 1 0 0 0
250	3	1 1 1 1 0 1 1 0 0 1 0 0 0 0 0 1 0 0 1 0
250	2	1 0 1 1 0 1 1 0 0 0 0 1 0 0 1 0 0 0 0 0
250	5	1 1 1 1 0 1 1 0 0 1 0 0 0 0 0 0 0 0 0 0
250	2	1 0 1 1 0 1 1 0 0 0 0 0 0 0 0 1 0 1 0 0
250	1	1 1 0 0 0 1 1 1 0 1 0 0 0 0 1 0 0 0 0 0
250	2	1 0 0 1 0 1 1 0 0 0 0 0 0 0 0 1 0 0 0 0
250	5	1 1 1 1 0 1 0 0 0 1 0 0 0 0 1 0 0 0 0 0
250	1	1 1 1 1 0 1 0 0 0 0 0 1 0 0 0 1 0 0 0 1
250	2	1 0 1 1 1 1 1 0 0 0 1 1 0 0 1 0 0 1 0 0
250	3	1 1 1 1 0 1 1 1 0 0 0 1 0 0 1 0 0 0 0 0
250	1	1 1 1 1 0 1 1 0 0 0 0 0 0 0 0 1 0 0 0 1
250	4	1 1 1 1 0 1 1 0 0 0 0 0 1 0 0 1 0 0 0 0
250	1	1 0 1 1 1 1 1 1 0 0 0 1 0 0 0 1 0 0 0 0
250	3	1 0 1 0 0 1 1 0 0 0 0 1 0 0 0 1 0 0 0 0
250	1	1 1 1 1 0 1 1 0 0 0 0 1 0 0 0 1 0 0 0 1
250	2	1 0 1 1 1 1 1 0 0 0 0 0 0 0 0 1 1 0 0 1
250	2	1 0 1 1 0 1 1 0 0 0 0 0 0 0 0 1 0 0 1 0
250	4	1 1 1 1 1 0 1 0 0 0 0 0 1 0 1 1 0 0 0 0
250	3	1 0 1 1 0 0 1 1 0 0 0 0 0 0 1 1 0 0 1 0
250	3	1 0 1 1 1 1 1 0 1 0 1 0 0 0 1 1 0 0 0 0
250	1	1 1 1 1 1 1 1 0 0 0 1 1 0 0 1 1 0 0 0 0
250	2	1 1 0 1 1 0 1 1 0 0 0 0 0 0 0 1 0 0 0 0
250	1	1 0 1 1 0 1 1 0 1 0 0 0 0 1 0 1 0 0 0 0
250	1	1 0 1 1 1 1 1 0 0 0 0 0 0 0 0 0 0 0 0 0
250	1	1 1 0 1 0 1 1 0 0 0 1 1 0 0 1 0 0 0 0 0
250	3	1 0 1 0 0 1 0 0 0 0 0 1 1 0 0 1 0 0 0 0
250	1	1 1 1 0 0 1 1 1 0 1 0 0 0 0 1 0 0 1 0 0
250	2	1 1 1 1 0 1 0 0 0 1 1 1 0 0 1 1 0 0 0 0
250	5	1 1 1 1 1 1 1 0 0 1 0 0 0 0 1 1 0 0 0 0
250	3	1 1 1 1 0 1 1 0 0 0 0 1 0 0 0 0 0 0 0 0
250	2	1 1 1 1 0 1 1 0 0 1 0 0 0 0 0 0 0 0 0 1
250	1	1 1 1 1 1 1 1 0 1 0 0 0 0 1 0 0 0 0 0 0
250	2	1 1 1 1 0 1 1 0 0 1 1 1 0 0 1 0 0 0 0 0
250	2	1 0 0 1 1 1 1 0 0 0 0 1 0 0 0 1 0 0 0 0
250	2	1 1 0 1 0 1 1 0 0 0 1 1 0 0 0 1 0 0 0 0
250	1	1 1 1 1 0 1 1 0 0 0 1 1 0 1 0 1 0 0 0 0
250	2	1 1 1 0 0 1 1 1 0 1 0 0 0 1 1 0 0 0 0 0
250	1	1 1 1 0 0 1 1 1 0 1 1 0 0 0 1 0 0 0 0 0
250	2	1 1 1 1 0 1 0 0 0 1 0 0 0 0 0 1 1 0 0 0
250	1	0 0 1 1 0 1 1 0 0 0 0 1 0 0 0 1 0 0 0 0
250	1	1 0 1 1 0 1 1 0 0 0 0 1 0 0 0 1 0 0 0 1
250	1	1 1 1 1 1 1 1 0 1 0 0 0 0 1 0 1 1 0 0 0
250	2	1 1 1 1 0 1 1 0 1 1 0 1 0 0 0 1 0 0 0 0
250	1	1 1 0 1 1 0 1 1 0 0 0 1 1 0 1 1 0 0 1 0
250	1	1 0 1 0 1 1 1 0 0 0 0 1 1 0 0 1 0 0 1 0
300	7	1 1 1 1 0 1 1 0 0 0 0 0 0 0 0 1 0 0 0 0
300	80	1 1 1 1 1 1 1 0 0 0 0 0 0 0 0 1 0 0 0 0
300	70	1 1 1 1 0 1 1 0 0 1 0 0 0 0 0 1 0 0 0 0
300	31	1 1 1 1 0 1 1 0 0 0 1 1 0 0 0 1 0 0 0 0
300	6	1 1 1 0 0 1 1 1 0 1 0 0 0 0 1 0 0 0 0 0
300	17	1 0 1 1 0 1 1 0 0 0 0 1 0 0 0 1 0 0 0 0
300	80	1 1 1 1 1 1 1 0 1 0 0 0 0 1 0 1 0 0 0 0
300	2	1 1 1 1 0 1 1 0 0 0 0 1 0 0 0 1 0 0 0 0
300	13	1 1 1 1 1 1 1 0 0 0 1 0 0 0 1 1 0 1 0 0
300	18	1 0 1 1 0 1 1 0 0 1 0 0 0 0 0 1 0 0 0 0
300	2	1 1 1 1 0 1 1 0 0 0 1 1 0 0 0 0 0 0 0 0
300	5	1 1 1 1 0 0 1 0 0 0 1 1 0 0 1 0 0 0 0 0
300	3	1 0 1 1 1 1 1 0 1 0 1 1 0 0 1 1 0 0 0 0
300	4	1 0 1 1 0 1 1 0 0 0 0 0 0 0 0 1 0 0 1 0
300	29	1 1 1 1 0 1 1 0 1 0 0 0 0 1 0 1 0 0 0 0
300	17	1 1 1 1 0 0 1 0 0 0 1 1 0 0 0 1 1 0 0 0
300	2	1 1 1 1 0 1 1 0 0 1 0 0 0 0 1 1 0 1 1 0
300	24	1 0 1 1 0 1 1 0 0 0 0 0 0 0 1 1 0 0 0 1
300	14	1 1 1 1 0 1 1 1 0 0 0 0 0 0 1 0 0 0 0 0
300	4	0 1 1 1 1 1 1 0 1 0 0 0 0 1 0 1 0 1 0 0
300	3	1 0 1 1 1 1 1 0 0 0 0 0 0 0 1 0 0 0 0 0
300	28	1 0 1 1 1 1 0 0 0 0 0 0 0 0 0 1 0 0 0 0
300	10	1 1 1 1 0 1 1 1 0 0 0 1 0 0 0 1 0 0 0 0
300	2	1 1 1 1 1 1 1 0 0 0 0 1 0 0 1 1 0 0 0 0
300	16	1 1 1 1 1 1 1 0 1 0 0 0 0 1 1 1 0 0 0 0
300	21	1 1 1 1 0 0 1 0 0 0 1 1 0 0 1 0 1 0 0 0
300	7	1 1 1 1 0 1 1 0 0 0 0 0 0 0 1 0 0 0 0 0
300	4	1 0 1 0 0 1 1 0 0 0 1 1 0 0 0 1 0 0 0 0
300	5	1 1 1 1 1 1 1 0 1 0 0 0 1 1 0 1 0 0 0 0
300	21	1 1 1 1 0 1 1 0 1 0 0 1 0 1 0 1 0 0 0 0
300	35	1 1 1 1 1 1 1 0 1 0 1 0 0 1 0 1 0 0 0 0
300	15	1 1 1 1 0 1 1 0 1 0 1 1 0 0 1 1 0 0 0 0
300	12	1 1 1 1 1 1 1 0 0 0 0 0 1 0 1 1 0 0 0 1
300	9	1 1 1 0 0 1 0 0 0 0 1 1 0 0 1 0 0 0 0 0
300	8	1 1 1 1 0 0 1 0 0 0 1 1 0 0 0 1 0 0 0 0
300	7	1 1 1 1 0 1 1 0 0 0 1 0 0 1 0 1 1 0 0 0
300	31	1 1 1 1 1 1 1 0 0 0 0 1 0 1 0 1 0 0 0 0
300	7	0 1 0 1 1 1 1 0 1 0 0 0 1 1 0 1 0 0 0 0
300	28	1 0 1 1 1 1 1 0 0 1 0 0 0 0 0 1 0 0 0 0
300	5	1 0 1 1 1 1 1 0 0 0 0 1 0 0 1 1 0 0 0 0
300	5	1 1 1 1 0 1 1 0 0 0 0 1 0 0 0 1 0 1 0 0
300	11	1 1 1 1 0 0 1 0 0 0 1 1 0 0 1 1 0 0 0 0
300	18	1 1 1 1 0 1 1 0 1 0 0 1 0 0 0 1 0 0 0 0
300	3	1 0 0 1 0 1 1 0 0 1 1 1 0 0 0 0 0 0 0 0
300	3	1 0 1 1 0 1 1 0 1 0 0 0 0 1 0 1 0 0 0 0
300	5	1 1 1 1 1 1 1 0 0 0 0 1 0 0 0 1 0 0 0 0
300	21	1 1 1 1 1 1 1 1 0 0 0 1 0 1 0 1 0 0 0 0
300	2	0 1 1 0 0 1 0 0 0 0 1 1 0 0 1 0 0 0 0 0
300	8	1 1 1 1 0 1 1 0 0 0 0 1 0 1 0 1 0 0 0 0
300	4	1 1 0 1 1 1 1 0 1 0 0 0 0 1 1 1 0 0 0 0
300	1	1 1 1 1 0 1 1 0 0 0 0 1 0 1 1 1 0 0 1 0
300	16	1 1 1 1 0 0 1 0 1 0 0 0 0 1 0 1 0 0 0 0
300	6	1 1 1 1 0 0 1 0 1 0 0 0 0 0 0 1 0 0 0 0
300	14	1 1 1 1 0 1 1 1 0 1 0 0 0 0 0 1 0 0 0 0
300	1	1 1 1 1 0 1 1 0 0 0 1 1 0 0 1 1 0 0 0 0
300	4	1 1 1 1 0 1 1 0 0 0 0 1 0 0 1 0 0 0 0 0
300	2	1 0 1 1 1 1 1 0 1 0 0 0 0 1 0 1 0 0 0 0
300	9	1 0 1 1 1 1 1 0 0 0 0 1 0 0 0 1 0 0 0 0
300	2	1 0 1 1 1 1 0 0 0 0 1 0 0 0 0 1 0 0 0 0
300	5	1 1 1 1 1 1 1 0 1 0 0 0 0 0 1 1 0 0 0 0
300	3	1 1 1 1 0 1 1 0 0 0 1 0 0 0 1 0 0 0 0 0
300	9	1 1 1 1 0 0 1 0 0 0 1 1 0 0 1 1 1 0 0 0
300	12	1 1 1 1 1 1 1 0 1 0 0 0 0 1 1 0 0 0 0 0
300	5	1 1 1 1 1 1 1 0 0 0 1 0 1 0 1 0 0 0 0 0
300	4	1 1 1 1 0 1 1 0 1 0 0 0 0 0 0 1 0 1 1 0
300	9	1 1 1 1 1 1 1 1 0 0 0 1 0 0 0 1 0 0 0 0
300	1	1 1 1 1 0 1 1 0 0 1 0 0 0 0 0 1 0 1 0 0
300	5	1 0 1 1 0 1 1 1 0 0 0 0 0 0 1 1 0 0 0 1
300	4	1 1 1 1 0 0 1 0 0 1 1 1 0 0 1 0 1 0 0 0
300	13	0 1 0 1 1 1 1 0 1 0 0 0 0 1 0 1 0 0 0 0
300	3	1 1 1 1 1 1 1 0 0 1 0 0 0 0 0 1 0 0 0 0
300	5	1 1 1 1 0 1 1 0 0 0 0 1 0 0 1 1 0 0 0 0
300	1	0 1 1 1 0 1 1 0 0 0 1 1 0 0 0 1 0 0 0 0
300	2	0 1 1 1 0 1 1 0 0 1 0 1 0 0 1 1 0 1 1 0
300	2	1 1 1 1 1 1 1 0 0 0 0 0 0 0 0 1 0 1 0 0
300	4	1 1 1 0 1 1 1 0 0 0 0 0 0 0 0 1 0 0 0 0
300	1	1 0 1 1 1 1 0 0 0 0 0 1 0 0 0 1 0 0 0 0
300	1	1 1 1 1 0 1 1 0 1 1 1 1 0 0 1 1 0 0 0 0
300	1	1 0 1 1 0 1 1 0 0 0 0 1 0 0 1 0 0 0 0 1
300	6	1 1 0 1 0 1 1 0 0 1 0 0 0 0 0 1 0 0 0 0
300	5	1 1 1 1 0 1 1 0 0 1 0 1 0 0 0 1 0 0 0 0
300	5	0 1 1 1 0 1 1 0 0 0 0 1 0 0 0 1 0 0 0 0
300	3	1 1 1 0 0 0 1 0 0 0 1 1 0 0 1 0 1 0 0 0
300	2	1 0 1 0 0 1 1 0 0 0 1 1 0 0 0 1 0 0 1 0
300	6	1 1 1 0 0 1 0 0 0 0 1 1 0 0 0 0 0 0 0 0
300	3	1 1 1 0 1 1 1 1 0 0 0 1 0 1 0 1 0 0 0 0
300	2	1 1 1 1 0 0 0 0 1 0 0 0 0 1 0 1 0 0 0 0
300	3	1 1 1 1 0 1 1 0 0 0 1 1 0 1 0 1 0 0 0 0
300	3	1 0 1 1 0 1 1 1 0 0 0 0 0 0 1 0 0 0 0 0
300	1	1 0 1 1 1 1 1 0 0 1 0 0 0 1 0 1 0 0 0 0
300	4	1 0 1 1 0 1 1 0 0 0 0 1 0 1 0 1 0 0 0 0
300	2	1 1 1 1 1 1 1 0 1 0 1 1 0 0 1 0 1 0 0 0
300	1	1 1 1 0 0 1 1 0 0 0 0 0 0 0 0 1 0 0 0 0
300	1	1 1 1 1 1 0 1 0 0 0 1 1 0 0 1 1 0 0 0 0
300	1	1 1 1 1 1 1 1 1 0 0 0 1 0 1 0 0 0 0 0 0
300	1	1 1 1 1 1 1 1 0 1 0 0 0 0 0 1 1 0 0 1 0
300	1	0 1 1 1 0 1 1 0 0 0 1 1 0 0 0 1 0 1 0 0
300	1	1 1 1 1 0 1 1 0 0 0 1 1 1 1 0 1 0 0 0 0
300	2	1 0 1 1 0 1 1 0 1 0 1 0 0 1 0 1 0 0 0 0
300	2	1 1 1 1 1 1 1 1 0 0 0 0 0 0 1 0 0 0 0 0
300	1	1 1 1 1 1 1 1 0 0 0 0 1 0 1 0 0 0 0 0 0
300	1	1 1 1 1 1 1 1 0 0 0 1 0 1 0 1 1 0 0 0 0
300	3	1 1 1 1 1 1 1 0 0 0 0 0 0 0 0 1 1 0 0 0
300	1	1 0 1 1 0 1 1 0 0 0 0 0 0 0 0 0 0 0 1 0
300	2	1 1 1 1 0 1 1 1 0 0 1 0 0 0 1 0 0 0 0 0
300	1	0 1 1 1 1 1 1 1 1 0 0 0 0 1 0 1 0 1 0 0
300	1	1 1 0 1 0 0 1 0 0 0 1 1 0 0 1 0 1 0 0 0
300	2	1 1 1 1 0 1 1 0 0 0 0 0 0 0 0 0 0 0 0 0
300	2	1 1 0 1 0 1 1 0 1 0 0 1 0 1 0 1 0 0 0 0
300	1	1 1 1 1 0 0 1 0 1 0 1 1 0 0 0 1 0 0 0 0
300	1	1 0 1 1 1 1 1 0 0 1 0 0 0 0 0 1 0 0 0 1
300	1	1 1 1 1 1 1 1 0 0 0 0 1 0 0 1 0 0 0 0 0
300	1	0 1 0 0 1 1 1 0 1 0 0 0 0 1 0 1 0 0 0 0
350	22	1 1 1 1 1 1 1 0 0 0 0 0 0 0 0 1 0 0 0 0
350	77	1 1 1 1 0 1 1 0 0 1 0 0 0 0 0 1 0 0 0 0
350	20	1 1 1 1 0 1 1 0 0 0 1 1 0 0 0 1 0 0 0 0
350	51	1 1 1 1 1 1 1 0 1 0 0 0 0 1 0 1 0 0 0 0
350	55	1 1 1 1 0 1 1 0 1 0 0 0 0 1 0 1 0 0 0 0
350	5	1 1 1 1 0 0 1 0 0 0 1 1 0 0 0 1 1 0 0 0
350	1	1 1 1 1 0 1 1 1 0 0 0 0 0 0 1 0 0 0 0 0
350	8	1 0 1 1 1 1 0 0 0 0 0 0 0 0 0 1 0 0 0 0
350	8	1 1 1 1 0 0 1 0 0 0 1 1 0 0 1 0 1 0 0 0
350	31	1 1 1 1 0 1 1 0 1 0 0 1 0 0 0 1 0 0 0 0
350	3	1 1 1 1 1 1 1 0 0 0 0 1 0 0 0 1 0 0 0 0
350	4	1 1 1 1 1 1 1 0 0 1 0 0 0 0 0 1 0 0 0 0
350	10	1 1 1 1 1 1 1 0 0 0 0 0 0 0 0 1 0 1 0 0
350	1	1 1 0 1 0 1 1 0 0 1 0 0 0 0 0 1 0 0 0 0
350	24	0 1 1 1 0 1 1 0 0 0 0 1 0 0 0 1 0 0 0 0
350	9	1 0 1 1 1 1 1 0 0 0 0 1 0 1 0 1 0 0 0 0
350	7	1 1 1 1 1 1 1 0 1 0 0 1 0 1 0 1 0 0 0 0
350	13	1 0 1 1 0 1 1 0 0 1 0 0 0 0 0 1 0 0 0 1
350	18	1 1 1 1 1 1 1 0 0 0 0 0 0 1 0 1 0 0 0 0
350	6	1 1 1 1 0 1 0 0 0 0 1 1 0 0 0 0 0 0 0 0
350	7	1 1 1 1 0 1 1 0 0 1 0 0 0 0 1 1 0 0 0 0
350	14	1 1 1 1 0 0 1 1 0 0 0 1 0 0 0 1 0 0 0 0
350	12	1 1 1 1 0 1 1 0 1 0 0 0 0 1 0 0 0 0 0 0
350	28	1 1 1 1 0 1 1 0 1 0 0 0 0 1 1 1 0 0 0 0
350	3	1 1 1 1 1 1 1 0 1 0 0 0 0 0 0 1 0 0 0 0
350	7	1 1 1 1 1 1 1 1 0 1 0 0 0 0 0 1 0 0 0 0
350	2	1 1 1 1 0 1 1 0 0 0 0 0 0 0 0 0 0 0 0 0
350	21	1 1 1 1 0 0 1 1 1 0 0 0 0 1 0 1 0 0 0 0
350	9	1 1 1 1 0 1 1 1 0 0 0 0 0 1 1 1 0 0 0 0
350	6	1 1 1 1 1 0 1 0 0 0 1 1 0 0 1 0 1 0 0 0
350	21	1 1 1 1 1 1 1 1 0 0 1 0 0 0 1 0 0 0 0 0
350	8	1 1 1 1 0 1 1 1 1 1 0 0 0 0 0 1 0 0 0 0
350	2	1 1 1 1 1 1 1 0 0 1 0 0 0 1 0 1 0 0 0 0
350	4	1 1 1 1 0 1 1 0 0 0 0 0 0 1 0 1 0 0 0 0
350	32	1 1 1 1 1 0 1 0 0 1 0 0 0 0 0 1 0 0 0 0
350	24	1 1 1 1 0 0 1 0 0 0 0 0 0 0 0 1 0 1 0 0
350	6	1 1 1 1 0 0 1 0 0 0 1 1 0 0 1 0 0 0 0 0
350	3	0 1 1 1 0 1 1 0 0 0 0 0 0 0 0 1 0 0 0 0
350	14	1 1 1 0 0 1 1 0 0 1 0 0 0 0 0 1 0 0 0 0
350	2	1 1 1 1 0 1 1 0 1 0 0 0 0 1 0 0 0 1 0 0
350	3	1 1 1 1 0 1 1 0 0 0 0 1 0 1 0 1 0 0 0 0
350	2	1 1 1 1 1 0 0 0 0 0 1 1 0 0 1 1 1 0 0 0
350	6	1 1 1 1 1 1 0 0 0 0 0 1 0 0 0 1 0 0 0 0
350	4	1 1 1 1 1 1 1 0 0 0 1 1 0 0 0 0 0 0 0 0
350	7	1 1 1 1 0 0 1 0 1 0 0 1 0 0 0 1 0 0 0 0
350	1	1 1 1 1 0 1 1 0 1 0 1 1 0 0 0 1 0 0 0 0
350	3	1 1 1 1 0 1 1 1 1 0 0 1 0 0 0 1 0 0 0 0
350	7	1 1 1 1 0 1 1 0 1 0 0 1 0 0 0 0 0 0 0 0
350	2	1 1 1 1 1 1 1 0 0 0 0 0 0 0 0 1 1 0 0 0
350	9	1 1 1 1 0 1 1 0 0 1 0 0 0 0 0 1 1 0 0 0
350	17	1 1 1 1 0 1 1 0 0 0 1 1 0 0 0 1 0 0 0 1
350	9	1 0 1 1 1 1 0 0 0 0 1 1 0 0 0 1 0 0 0 0
350	14	1 1 0 1 0 0 0 0 0 0 1 1 0 0 1 1 1 0 0 0
350	4	0 1 1 1 0 1 1 0 0 0 0 0 0 1 0 1 0 0 0 0
350	6	1 1 1 1 1 0 1 0 0 0 1 1 0 0 1 0 0 0 0 0
350	10	1 1 1 1 0 1 1 0 1 0 0 1 0 0 1 1 0 0 0 0
350	1	1 1 1 1 0 1 1 0 1 0 0 0 0 0 0 1 0 0 0 0
350	4	1 1 1 1 0 1 1 0 0 0 0 1 0 0 0 1 0 0 0 0
350	10	1 1 1 1 0 1 1 0 1 0 0 1 0 0 0 1 1 0 0 0
350	2	1 1 0 1 0 0 0 0 0 0 0 0 0 0 0 1 0 0 0 0
350	6	1 1 1 1 1 1 1 0 0 0 1 0 0 0 0 1 0 0 0 0
350	5	1 0 1 1 0 1 1 0 0 1 0 0 0 0 1 1 0 0 0 1
350	11	1 1 0 1 1 1 1 0 0 0 0 0 0 1 0 1 0 0 0 0
350	1	1 1 1 1 0 0 1 1 0 0 0 0 0 0 0 1 0 0 0 0
350	1	1 1 1 1 1 0 0 0 0 0 1 0 0 0 1 1 1 0 0 0
350	4	1 0 1 1 1 1 1 0 0 0 1 1 0 0 0 1 0 0 0 0
350	7	0 1 1 1 0 0 1 0 0 0 0 1 1 0 0 1 1 0 0 0
350	12	1 1 1 1 0 1 1 1 1 0 0 0 0 1 0 1 0 0 0 0
350	4	1 1 1 1 0 1 1 0 1 1 0 1 0 0 0 1 0 0 0 0
350	2	1 1 1 1 1 1 1 0 0 0 0 1 1 0 0 1 0 0 0 0
350	1	1 1 0 1 1 0 1 0 0 1 0 0 0 0 0 1 0 0 0 0
350	3	0 1 1 1 0 1 1 0 0 0 0 0 0 0 0 0 0 0 0 0
350	13	0 1 1 1 0 1 1 0 0 0 0 0 1 0 0 1 0 0 0 0
350	5	1 1 1 1 1 0 0 0 0 0 0 1 0 0 0 1 0 0 0 0
350	16	1 1 1 1 0 1 1 0 1 0 1 1 0 0 1 1 0 0 0 0
350	7	1 1 1 1 1 1 1 0 0 0 1 1 0 0 0 1 0 0 0 0
350	4	1 1 1 1 1 1 1 0 1 0 0 1 0 1 0 0 1 0 0 0
350	1	1 1 1 1 1 1 1 0 0 1 0 0 0 1 1 1 0 0 0 0
350	8	1 1 1 1 1 1 1 1 1 0 0 0 0 1 0 1 0 0 0 0
350	15	1 1 1 1 1 0 1 0 0 0 0 1 0 0 0 1 0 0 0 0
350	1	1 0 1 1 0 1 1 0 0 0 1 0 0 1 0 1 0 0 0 0
350	5	1 1 1 1 0 0 1 0 0 0 0 1 1 0 0 1 1 0 0 0
350	5	1 1 0 1 1 1 1 0 1 0 0 0 0 1 0 1 0 0 0 0
350	1	1 1 1 1 0 1 1 0 1 0 0 0 0 1 1 0 0 0 0 0
350	2	0 1 1 1 0 1 1 0 0 0 1 1 0 0 0 1 0 0 0 0
350	7	1 1 1 1 1 1 1 0 1 0 0 0 0 0 0 1 0 1 0 0
350	8	1 1 1 1 1 1 0 0 0 0 0 0 0 0 0 1 0 0 0 0
350	2	1 0 1 1 1 1 0 1 0 0 0 0 0 0 0 1 0 0 0 0
350	6	1 1 1 1 0 0 1 0 0 0 1 1 0 0 1 0 1 0 0 1
350	1	1 1 1 1 0 1 1 0 1 1 0 0 0 1 1 1 0 0 0 0
350	3	1 1 1 1 0 0 1 0 0 1 1 1 0 0 1 0 0 0 0 0
350	3	1 1 1 0 0 1 1 0 0 1 0 0 0 0 0 1 0 1 0 0
350	2	1 1 1 0 0 1 1 0 1 0 0 0 0 1 0 1 0 0 0 0
350	2	1 1 1 1 1 0 1 0 1 1 0 0 0 0 0 1 0 0 0 0
350	6	1 1 1 1 0 0 1 0 0 1 1 1 0 0 1 0 0 0 0 1
350	3	1 1 0 1 0 0 0 0 0 1 0 0 0 0 0 1 0 0 0 0
350	4	1 1 1 1 1 1 1 0 1 0 0 0 0 1 0 1 0 0 0 1
350	1	1 1 1 0 0 0 1 0 0 0 1 1 0 0 0 1 1 0 0 0
350	2	1 0 1 1 1 1 1 0 0 0 0 1 0 1 0 1 0 1 0 0
350	4	1 1 0 1 0 1 1 1 0 0 0 0 0 1 1 1 0 0 0 0
350	3	1 1 1 1 1 0 1 0 0 1 1 1 0 0 1 0 1 0 0 0
350	1	1 0 1 1 0 1 1 0 1 1 0 0 1 0 0 1 0 0 0 0
350	2	0 1 0 1 0 0 0 0 0 0 1 1 0 0 1 1 1 0 0 0
350	4	1 1 0 1 0 0 0 0 0 0 0 0 0 0 1 1 0 0 0 0
350	5	1 1 1 1 1 1 1 0 0 0 0 0 0 1 1 1 0 0 0 0
350	3	1 1 1 1 0 0 1 0 0 0 0 0 0 0 0 1 0 0 0 0
350	3	1 1 1 1 0 1 1 0 1 0 0 0 0 1 1 0 1 0 0 0
350	3	1 1 1 1 0 0 1 1 0 0 0 1 0 0 0 1 0 0 1 0
350	1	1 1 0 1 0 1 0 0 0 0 1 1 0 0 1 1 1 0 0 0
350	2	1 1 1 1 0 1 1 0 1 1 0 1 0 0 1 1 0 0 0 0
350	2	1 1 1 1 1 1 1 0 0 1 0 0 0 1 0 0 0 0 0 0
350	4	1 1 1 1 0 1 1 0 1 0 0 0 0 1 0 1 0 0 0 1
350	8	1 1 1 1 0 1 1 0 1 0 0 1 0 1 0 1 0 1 0 0
350	3	1 1 1 1 0 1 1 0 0 0 1 1 0 0 0 0 0 0 0 0
350	3	1 1 1 1 0 1 1 1 0 0 1 0 0 0 1 0 0 0 0 0
350	4	1 1 1 1 1 0 1 0 0 0 1 1 0 0 0 1 0 0 0 1
350	1	1 0 1 1 0 1 1 0 0 1 0 0 0 1 0 1 0 0 0 0
350	1	0 1 1 1 0 1 1 0 1 0 0 1 0 0 0 1 0 0 0 0
350	1	1 0 1 1 0 1 1 0 0 1 0 0 0 0 0 0 0 0 0 1
350	9	1 1 1 1 1 1 1 0 1 0 0 0 0 1 1 1 0 0 0 0
350	1	1 1 1 1 1 1 1 0 1 0 0 0 0 1 0 1 0 1 0 0
350	2	1 1 1 1 0 0 1 0 0 0 0 0 0 1 0 1 0 0 0 0
350	2	1 0 1 1 0 1 1 0 0 0 0 0 0 1 0 1 0 0 0 0
350	1	0 1 1 1 1 1 1 0 0 0 0 0 0 0 0 1 0 0 0 0
350	1	0 1 1 1 0 1 1 0 0 0 0 1 0 0 0 1 0 0 1 0
350	1	1 0 1 1 1 1 1 0 0 0 0 1 0 1 0 1 1 0 0 0
350	4	1 1 1 1 0 1 0 0 1 0 0 0 0 1 1 1 0 0 0 0
350	2	1 1 1 0 0 1 0 0 0 1 0 0 0 0 0 1 0 0 0 0
350	3	1 1 1 0 1 1 0 0 0 0 0 1 0 0 0 1 0 0 0 0
350	1	1 1 1 1 1 1 1 0 0 0 1 1 0 0 1 0 0 0 0 0
350	1	0 1 1 1 0 1 1 0 0 0 0 0 0 1 0 1 0 1 0 0
350	1	1 1 1 1 0 1 1 0 1 0 0 1 0 0 0 1 1 0 1 0
350	1	1 1 1 1 1 0 1 0 0 0 0 1 0 0 0 1 0 0 0 1
350	2	1 1 0 1 1 1 1 0 1 0 0 0 0 0 0 1 0 1 0 0
350	1	1 1 1 1 0 0 1 0 0 0 1 1 0 0 0 0 1 0 0 1
400	2	1 1 1 1 1 1 1 0 0 0 0 0 0 0 0 1 0 0 0 0
400	34	1 1 1 1 0 1 1 0 0 1 0 0 0 0 0 1 0 0 0 0
400	36	1 1 1 1 0 1 1 0 0 0 1 1 0 0 0 1 0 0 0 0
400	2	1 1 1 1 1 1 1 0 1 0 0 0 0 1 0 1 0 0 0 0
400	46	1 1 1 1 0 1 1 0 1 0 0 0 0 1 0 1 0 0 0 0
400	2	0 1 1 1 0 1 1 0 0 0 0 1 0 0 0 1 0 0 0 0
400	8	1 1 1 1 1 1 1 0 0 0 0 0 0 1 0 1 0 0 0 0
400	9	1 1 1 1 0 1 1 0 0 1 0 0 0 0 1 1 0 0 0 0
400	1	1 1 1 1 0 1 1 0 1 0 0 0 0 1 1 1 0 0 0 0
400	20	1 1 1 1 0 1 1 0 0 0 0 0 0 0 0 0 0 0 0 0
400	20	1 1 1 1 1 0 1 0 0 1 0 0 0 0 0 1 0 0 0 0
400	57	1 1 1 1 0 0 1 0 0 0 0 0 0 0 0 1 0 1 0 0
400	7	1 1 1 0 0 1 1 0 0 1 0 0 0 0 0 1 0 0 0 0
400	15	1 1 1 1 0 1 1 0 0 0 1 1 0 0 0 1 0 0 0 1
400	40	0 1 1 1 0 1 1 0 0 0 0 0 0 1 0 1 0 0 0 0
400	10	1 1 1 1 0 1 1 0 1 0 0 1 0 0 0 1 1 0 0 0
400	25	0 1 1 1 0 0 1 0 0 0 0 1 1 0 0 1 1 0 0 0
400	19	1 1 1 1 0 1 1 0 1 1 0 1 0 0 0 1 0 0 0 0
400	10	1 1 0 1 1 1 1 0 1 0 0 0 0 1 0 1 0 0 0 0
400	4	1 1 1 1 1 1 0 0 0 0 0 0 0 0 0 1 0 0 0 0
400	11	1 1 0 1 0 0 0 0 0 1 0 0 0 0 0 1 0 0 0 0
400	37	1 1 1 1 0 0 1 0 0 0 0 0 0 1 0 1 0 0 0 0
400	15	1 1 1 1 0 0 1 0 0 1 0 0 0 0 0 1 0 0 0 0
400	3	1 1 1 1 0 1 1 0 1 0 0 1 0 0 0 1 0 1 0 0
400	47	1 1 1 1 0 1 1 0 1 0 0 0 0 0 0 1 0 0 0 0
400	18	1 1 1 1 1 0 1 0 0 0 0 0 0 1 0 1 0 0 0 0
400	11	1 1 1 1 0 1 0 0 0 1 0 0 0 0 0 1 0 0 0 0
400	2	1 1 1 1 0 0 1 1 1 1 0 0 0 0 0 1 0 0 0 0
400	21	1 1 1 1 0 0 1 1 1 0 1 1 0 0 0 1 0 0 0 0
400	3	1 1 1 1 1 1 1 0 0 0 0 0 0 0 0 0 0 0 0 0
400	3	1 1 1 1 0 1 1 0 1 0 0 1 0 0 0 1 0 0 0 1
400	2	0 1 1 1 0 0 1 0 0 0 0 0 0 1 0 1 0 0 0 0
400	21	0 1 1 1 0 1 1 1 0 0 0 0 0 1 0 1 0 0 0 0
400	4	1 1 1 1 0 0 1 0 0 1 0 0 0 0 0 1 0 1 0 0
400	12	1 1 1 1 0 1 1 0 0 0 0 0 0 1 0 1 0 0 0 0
400	7	0 1 1 1 0 1 1 0 0 0 0 0 0 1 0 1 0 1 0 0
400	16	1 1 0 1 1 1 1 0 1 0 1 0 0 1 0 1 0 0 0 0
400	6	1 1 1 1 0 1 0 0 1 0 1 1 0 0 0 1 0 0 0 0
400	14	1 1 1 1 1 1 1 0 1 0 0 0 0 1 0 1 0 0 0 1
400	17	1 1 1 1 0 1 1 0 0 1 0 0 1 0 0 1 0 0 0 0
400	7	1 1 1 1 1 0 1 0 0 0 0 1 0 0 0 1 0 0 0 0
400	1	1 1 1 1 1 0 1 0 0 1 0 0 0 1 0 1 0 0 0 0
400	8	0 1 1 1 0 1 1 0 1 0 0 0 0 1 0 1 0 0 0 0
400	4	1 1 0 1 0 0 0 0 0 1 0 0 0 0 1 0 0 0 0 0
400	9	0 1 1 1 0 1 1 0 0 0 0 0 0 1 0 1 1 0 0 0
400	2	1 1 1 1 0 0 1 0 0 1 0 0 0 0 0 0 0 0 0 0
400	5	1 1 1 1 1 1 1 0 1 0 0 1 0 0 1 1 0 1 0 0
400	4	1 1 1 1 1 0 1 0 0 1 0 0 0 1 0 0 0 0 0 0
400	1	1 1 1 1 0 1 1 0 0 1 0 0 0 0 0 1 0 0 1 0
400	2	1 1 1 1 0 1 1 0 0 0 1 1 0 0 0 1 0 0 1 1
400	1	1 1 1 0 0 1 1 0 1 0 0 0 0 0 0 1 0 0 0 0
400	4	1 1 0 1 0 1 1 0 0 1 1 1 0 0 0 1 0 0 0 1
400	1	1 1 1 1 1 1 1 0 1 0 0 0 0 1 0 1 0 0 1 0
400	3	1 1 1 0 0 1 1 0 1 0 0 0 0 1 0 1 0 0 0 0
400	5	0 1 1 1 1 1 1 0 0 0 0 0 0 1 0 1 0 0 0 0
400	10	1 1 1 1 0 1 1 1 0 1 0 1 0 0 0 1 0 1 0 0
400	19	1 1 1 0 1 1 1 0 0 0 0 0 0 1 0 1 0 0 0 0
400	6	1 1 1 1 1 0 1 0 0 1 0 0 0 0 1 1 0 0 0 0
400	9	1 1 1 1 0 0 1 0 0 0 0 0 0 1 0 0 0 0 0 0
400	9	1 1 1 1 0 0 1 0 0 1 0 0 1 0 0 1 0 0 0 0
400	6	1 1 1 1 1 1 1 0 1 1 0 0 0 1 0 1 0 0 0 0
400	5	1 1 1 1 0 1 1 0 0 1 0 0 0 0 0 1 0 0 0 1
400	14	1 1 1 1 1 1 0 0 0 0 0 0 1 0 0 1 0 0 0 0
400	6	0 0 1 1 0 0 1 0 0 0 0 0 0 1 0 1 0 0 0 0
400	9	1 1 1 1 1 1 0 0 1 0 0 0 0 1 0 1 0 0 0 0
400	6	1 1 1 1 0 1 1 0 1 0 0 1 0 1 0 1 0 0 0 0
400	1	1 1 0 1 0 1 1 0 1 0 0 0 1 1 1 0 0 0 0 0
400	3	1 1 1 1 1 0 1 0 0 1 0 0 0 0 0 1 0 0 0 1
400	10	0 1 1 1 0 0 1 1 1 0 1 1 0 0 0 1 0 0 0 0
400	1	1 1 1 0 0 1 1 0 1 0 0 0 0 1 1 1 0 0 1 0
400	1	1 1 0 1 0 1 1 0 0 1 1 1 0 0 0 1 0 0 0 0
400	2	1 1 1 1 1 1 1 0 1 0 0 0 0 1 1 1 0 0 0 0
400	1	1 1 1 1 0 0 1 1 0 0 0 0 0 1 0 0 0 0 0 0
400	1	0 1 1 1 0 1 1 0 0 0 0 1 1 0 0 1 1 0 0 0
400	3	1 1 1 1 0 1 1 0 1 0 1 1 0 0 0 1 0 0 0 0
400	4	1 1 1 1 1 0 1 0 1 1 0 0 0 0 0 1 0 0 0 0
400	2	0 1 1 1 0 1 1 0 0 0 0 0 0 1 0 0 0 0 0 0
400	7	1 1 0 1 1 1 1 0 1 0 0 0 0 1 0 1 0 0 1 0
400	7	1 1 1 1 0 0 1 0 0 0 0 0 0 1 0 1 1 0 0 0
400	3	1 1 1 1 0 1 1 0 1 0 0 1 0 0 0 1 0 1 0 1
400	3	1 0 0 1 1 1 1 0 1 0 1 0 0 1 0 1 0 0 0 0
400	7	1 1 1 1 0 1 0 0 1 0 0 0 0 1 0 1 0 0 0 0
400	7	1 1 1 1 0 1 0 0 0 1 0 1 0 0 0 1 0 0 0 0
400	8	1 0 1 1 0 1 0 0 0 0 0 0 0 0 0 1 1 0 0 0
400	9	1 1 1 1 1 1 1 0 0 0 0 0 0 1 1 1 0 0 0 0
400	1	1 1 1 1 1 1 1 0 0 0 0 0 0 1 0 1 1 0 0 0
400	3	1 1 1 1 0 0 1 0 1 1 1 1 0 0 1 1 0 0 0 1
400	4	1 1 1 1 1 1 1 0 1 1 0 1 0 0 0 1 0 1 0 0
400	2	1 0 1 1 1 1 1 0 0 0 0 0 0 1 0 1 0 0 0 0
400	1	1 1 1 1 0 0 1 0 0 0 0 0 0 0 0 1 0 0 0 0
400	10	1 1 1 1 0 0 1 0 0 1 0 0 0 0 0 1 1 0 0 0
400	1	1 1 1 1 0 1 1 0 1 0 0 0 0 0 0 1 0 0 0 1
400	2	0 1 1 1 0 1 1 0 1 1 0 1 0 0 0 1 0 0 0 0
400	4	1 1 1 1 0 1 1 0 1 1 0 1 0 0 0 1 0 1 0 0
400	1	0 1 1 1 0 1 1 0 0 0 0 0 0 0 0 1 0 0 0 0
400	3	1 1 1 1 1 1 0 0 1 0 0 0 0 0 0 0 0 0 0 0
400	5	1 1 1 1 0 0 1 1 0 0 0 0 0 0 0 1 0 1 0 0
400	2	1 1 1 1 0 0 1 0 0 0 0 1 1 0 0 1 1 0 0 0
400	9	1 1 1 1 0 0 1 0 0 1 0 1 0 0 0 1 0 0 0 0
400	1	1 1 0 1 0 1 1 0 1 0 0 0 0 0 0 1 0 0 0 0
400	2	1 1 1 1 1 0 1 0 0 0 0 0 1 1 0 1 0 0 0 0
400	3	1 1 0 1 0 1 1 0 0 1 0 0 0 0 0 1 0 0 1 0
400	1	1 1 1 1 0 1 1 0 0 1 1 0 0 0 1 1 0 0 0 0
400	2	0 1 1 1 0 1 1 0 0 0 0 0 0 0 0 0 0 0 0 0
400	5	1 1 1 1 1 0 1 0 0 0 0 0 0 0 0 1 0 0 0 0
400	4	1 1 1 1 0 1 1 0 1 0 0 1 0 0 0 1 1 1 0 0
400	1	1 1 1 1 0 1 0 0 1 0 0 1 0 0 0 1 0 0 0 1
400	1	1 1 1 0 0 0 1 0 1 1 1 1 0 0 1 1 0 0 0 0
400	2	1 1 1 1 0 0 1 0 0 0 0 0 0 0 0 1 1 0 0 0
400	3	0 1 1 1 0 1 1 0 0 0 0 0 1 0 0 1 1 0 0 0
400	5	1 1 1 1 0 0 1 0 1 0 0 0 0 0 0 1 0 0 0 0
400	2	1 1 0 1 0 0 0 0 0 1 0 0 0 0 1 1 0 0 0 0
400	3	1 1 1 1 0 1 1 1 0 1 0 1 0 0 0 1 0 0 0 0
400	2	1 1 1 0 1 1 0 0 0 0 0 0 0 0 0 1 0 0 0 0
400	1	1 0 1 1 0 0 1 0 0 0 0 1 0 0 0 1 0 0 0 0
400	4	1 1 1 1 1 1 1 0 0 1 0 0 0 0 0 1 0 0 0 0
400	1	1 1 1 1 0 1 1 0 1 0 0 1 0 0 0 0 1 0 0 0
400	5	1 1 1 0 0 1 1 0 1 1 0 1 0 0 0 1 0 0 0 0
400	2	1 1 1 1 0 0 1 0 0 0 0 0 0 1 0 1 0 0 0 1
400	3	1 1 1 1 1 1 1 0 1 0 0 1 0 0 0 1 0 0 0 1
400	1	1 1 1 1 0 1 1 0 0 0 0 0 0 1 0 1 1 0 0 0
400	2	0 1 1 1 1 1 1 0 0 0 1 0 0 1 0 1 0 0 0 0
400	1	1 1 1 1 0 1 1 1 0 1 0 1 0 1 0 1 0 1 0 0
400	3	1 1 0 1 1 1 1 0 0 1 0 0 0 0 0 1 0 0 0 0
400	1	1 1 1 1 0 1 1 0 1 0 0 0 0 0 0 0 0 0 0 0
400	1	1 1 1 1 1 1 1 0 1 0 0 0 0 0 0 1 0 0 0 1
400	1	1 1 1 1 1 1 1 0 1 0 0 0 0 0 0 1 0 0 0 0
400	1	1 1 1 1 1 0 1 1 0 1 0 0 0 0 0 1 0 0 0 0
400	1	1 1 0 1 0 0 0 0 0 1 0 0 1 0 0 1 0 0 0 0
400	1	1 1 1 1 0 0 1 1 0 0 0 0 0 1 0 1 0 0 0 0
400	4	1 1 1 1 0 1 1 0 1 0 0 0 0 0 0 1 0 1 0 0
400	1	1 0 1 1 0 1 1 0 1 0 0 0 0 0 0 1 0 0 0 0
400	1	0 1 1 1 0 1 1 1 0 0 0 0 0 1 0 1 0 0 1 0
400	2	1 1 1 1 0 0 1 0 0 1 0 0 0 0 0 1 0 1 1 0
400	1	1 1 1 1 0 0 1 0 0 0 1 0 0 0 0 1 0 0 0 0
400	1	1 1 1 1 0 1 1 0 1 1 0 1 0 0 0 1 1 1 0 0
400	1	1 1 1 1 1 1 0 0 1 0 0 0 0 0 0 0 1 0 0 0
400	2	1 1 0 1 1 0 1 0 0 0 0 0 1 1 0 1 0 0 0 0
450	76	1 1 1 1 0 1 1 0 0 1 0 0 0 0 0 1 0 0 0 0
450	4	1 1 1 1 0 1 1 0 1 0 0 0 0 1 0 1 0 0 0 0
450	20	1 1 1 1 0 1 1 0 0 1 0 0 0 0 1 1 0 0 0 0
450	6	1 1 1 1 0 0 1 0 0 1 0 0 0 0 0 1 0 0 0 0
450	5	1 1 1 1 0 1 1 0 1 0 0 0 0 0 0 1 0 0 0 0
450	5	0 1 1 1 0 0 1 0 0 0 0 0 0 1 0 1 0 0 0 0
450	37	1 1 1 1 0 0 1 0 0 0 0 0 0 1 0 0 0 0 0 0
450	14	1 1 1 1 0 0 1 0 0 1 0 0 1 0 0 1 0 0 0 0
450	1	1 1 1 1 1 1 0 0 1 0 0 0 0 1 0 1 0 0 0 0
450	8	0 1 1 1 0 0 1 1 1 0 1 1 0 0 0 1 0 0 0 0
450	3	0 1 1 1 0 1 1 0 0 0 0 1 1 0 0 1 1 0 0 0
450	23	1 1 1 1 0 0 1 0 0 0 0 0 0 1 0 1 1 0 0 0
450	24	1 1 1 1 0 1 0 0 1 0 0 0 0 1 0 1 0 0 0 0
450	51	1 1 1 1 0 1 0 0 0 1 0 1 0 0 0 1 0 0 0 0
450	1	1 1 1 1 0 1 1 0 1 1 0 1 0 0 0 1 0 1 0 0
450	14	1 1 1 1 0 0 1 0 1 0 0 0 0 0 0 1 0 0 0 0
450	16	1 1 1 1 0 0 1 0 0 1 0 0 0 0 0 1 0 1 1 0
450	5	1 1 1 1 1 1 1 0 0 0 0 0 0 1 0 1 0 0 0 1
450	4	1 1 0 1 0 1 1 0 0 0 0 0 0 1 0 1 0 0 0 0
450	15	1 1 1 1 0 0 1 0 0 0 0 1 0 0 0 1 0 0 0 0
450	41	1 1 1 1 0 0 1 0 0 0 0 0 0 0 0 0 0 0 0 0
450	18	1 1 1 1 0 1 1 0 1 0 1 0 0 1 0 1 0 0 0 0
450	12	1 1 1 1 0 0 1 0 0 0 0 1 0 1 0 0 0 0 0 0
450	10	1 1 1 1 0 1 1 0 1 1 0 0 0 0 0 1 0 0 0 0
450	1	1 1 1 1 0 0 1 0 0 0 1 1 0 0 0 1 0 0 0 0
450	26	1 1 1 1 0 1 1 0 0 0 0 0 0 1 0 1 0 0 0 0
450	5	1 1 1 1 1 0 1 0 0 1 0 0 0 0 0 0 0 0 0 0
450	6	1 1 1 1 0 0 1 0 1 1 0 1 0 0 0 1 0 0 0 0
450	3	1 1 1 1 0 1 1 0 0 1 0 1 0 0 0 1 0 0 0 0
450	10	1 1 1 1 0 1 1 0 1 1 0 1 0 0 1 1 0 0 0 0
450	8	1 1 1 0 0 0 1 0 0 1 0 0 0 0 0 1 0 0 0 0
450	5	0 1 1 1 0 1 1 1 1 0 0 0 0 1 0 1 0 0 0 0
450	8	1 1 1 1 0 1 1 0 0 1 0 0 0 1 0 1 0 0 0 1
450	4	1 0 1 1 0 0 1 0 0 0 0 0 0 1 0 1 0 0 0 0
450	3	1 0 1 1 0 1 1 0 0 1 0 0 0 0 0 1 0 0 0 0
450	40	1 1 1 1 0 1 0 0 0 0 0 0 0 1 0 1 0 0 0 0
450	4	1 1 1 1 1 0 1 0 0 1 0 0 0 0 0 1 0 0 0 0
450	12	1 1 1 1 1 0 1 0 0 0 0 0 0 1 0 0 0 0 0 0
450	9	1 1 1 1 0 1 1 0 1 0 0 0 0 0 0 1 1 0 0 0
450	2	1 1 1 1 1 1 0 1 0 0 0 0 0 0 0 1 0 1 0 0
450	7	1 1 1 1 1 1 1 0 0 0 0 0 0 0 0 1 0 0 0 0
450	13	1 1 1 1 1 0 1 0 0 1 0 0 1 0 0 1 0 0 0 0
450	1	1 1 1 1 0 0 1 0 1 0 0 0 0 1 0 1 0 0 0 0
450	4	1 0 1 1 0 1 1 0 1 1 0 0 0 0 0 1 0 0 0 0
450	20	1 1 1 1 0 0 0 0 1 0 0 0 0 1 0 1 0 0 0 0
450	36	1 1 1 1 0 0 1 0 0 0 0 0 0 1 0 1 0 0 0 0
450	15	1 1 1 1 0 1 1 0 0 1 1 1 0 0 0 1 0 0 0 0
450	10	1 1 1 1 0 1 1 0 0 1 0 0 0 0 0 1 1 0 0 0
450	14	1 1 1 1 1 1 0 0 0 0 0 0 0 1 0 1 0 0 0 0
450	4	0 1 1 1 0 0 1 0 0 0 0 0 0 1 0 1 0 0 1 0
450	20	1 1 1 1 0 1 0 1 0 0 0 0 0 1 0 1 0 0 0 0
450	4	1 1 1 1 0 1 1 1 1 0 0 0 0 1 0 1 0 1 0 0
450	3	1 1 0 1 0 1 0 0 1 0 0 0 0 1 0 1 0 0 0 0
450	3	1 0 1 1 0 1 1 0 0 1 0 0 0 1 0 1 0 0 0 0
450	17	1 1 1 1 0 0 1 0 1 1 0 1 0 0 0 1 0 0 0 1
450	11	1 1 1 1 0 1 1 0 1 0 0 0 0 1 0 1 0 0 0 1
450	8	0 1 1 1 0 0 1 0 0 0 0 0 0 0 0 1 0 0 0 0
450	12	1 1 1 1 0 0 1 0 1 0 0 0 0 0 0 1 0 0 1 0
450	8	1 1 1 1 0 1 1 0 0 1 0 0 0 0 0 0 0 0 0 0
450	12	1 1 1 1 0 0 1 0 0 1 0 0 1 0 1 1 0 0 0 0
450	17	1 1 1 1 0 1 0 0 0 1 1 1 0 0 0 1 0 0 0 0
450	2	1 1 1 1 0 0 1 0 1 0 1 0 0 0 0 1 0 0 0 0
450	7	1 1 1 1 0 1 1 1 1 0 1 0 0 1 0 1 0 0 0 0
450	6	0 1 1 1 0 0 1 0 0 0 0 0 0 0 1 1 0 0 0 0
450	4	1 1 0 1 0 1 0 0 1 0 0 0 0 1 0 1 0 1 0 0
450	9	1 1 0 1 0 0 1 0 0 0 0 0 0 1 0 1 1 0 0 0
450	13	0 1 1 1 0 0 1 0 0 0 0 0 0 0 0 0 0 0 0 0
450	4	1 1 0 1 0 1 0 0 0 0 0 0 0 1 0 1 0 0 0 0
450	3	1 1 1 1 0 0 1 0 0 1 0 0 0 0 0 0 0 0 0 0
450	2	0 1 1 1 0 0 0 0 1 0 1 1 0 0 0 1 0 0 0 0
450	8	1 1 1 1 0 0 1 0 0 1 0 1 0 0 0 1 0 1 0 0
450	11	1 1 1 1 0 1 1 0 0 0 0 0 0 1 0 0 0 0 0 0
450	3	1 1 1 1 0 1 1 0 0 1 0 0 0 1 0 1 1 0 0 0
450	2	1 1 1 1 0 0 1 0 0 1 0 0 1 0 0 1 1 0 0 0
450	11	1 1 1 1 0 1 0 0 0 1 1 1 0 0 0 1 0 0 1 0
450	6	1 1 1 1 0 0 1 0 0 0 0 0 1 0 0 1 0 0 0 0
450	3	1 1 1 1 0 1 1 0 0 0 0 0 0 1 0 1 0 0 1 0
450	5	1 0 1 1 0 1 1 0 0 0 0 0 0 1 0 1 0 0 0 0
450	1	1 1 1 1 0 0 1 0 0 0 0 0 0 1 0 0 0 0 0 1
450	7	1 1 1 1 0 0 1 0 0 0 0 0 0 1 1 0 0 0 0 0
450	6	1 1 1 1 0 0 1 0 0 0 1 0 0 1 0 0 0 0 0 0
450	1	0 1 1 1 0 0 1 1 0 0 1 1 0 0 0 1 0 0 0 0
450	3	1 1 1 1 0 0 1 0 0 1 0 0 0 1 0 1 1 0 0 0
450	1	1 1 1 1 1 1 1 0 0 0 0 0 0 0 0 1 1 0 0 0
450	8	1 1 1 1 0 1 0 1 0 0 1 0 0 1 0 1 0 0 0 0
450	1	1 0 1 1 0 1 1 0 1 1 0 0 0 1 0 1 0 0 0 0
450	3	1 1 1 1 0 0 1 0 0 0 1 0 0 0 0 0 0 0 0 0
450	6	1 1 1 1 0 0 1 0 1 0 1 0 0 1 0 1 0 0 0 0
450	5	1 1 1 1 1 0 1 1 0 1 0 0 0 0 0 0 0 0 0 0
450	5	1 1 1 1 0 1 1 0 0 0 0 0 0 0 0 1 0 0 0 0
450	4	1 1 1 1 1 1 0 0 0 0 0 0 0 1 0 1 1 0 0 0
450	1	0 1 1 1 0 0 1 1 0 0 1 1 0 0 0 1 0 0 0 1
450	3	1 1 1 1 0 0 1 1 0 1 0 0 0 0 0 1 0 1 1 0
450	2	1 1 1 1 0 0 1 0 1 1 0 0 0 0 0 1 0 1 1 0
450	4	1 1 1 1 0 0 1 1 0 0 0 1 0 0 0 1 0 0 0 0
450	2	1 1 1 1 0 0 1 0 1 1 1 1 0 0 0 1 0 0 0 0
450	2	0 1 1 1 0 1 1 0 0 0 0 1 1 0 0 1 0 0 1 0
450	2	1 1 1 1 0 0 1 0 0 0 0 0 0 0 0 1 0 0 0 0
450	2	0 1 1 1 0 1 1 1 1 0 0 0 0 0 0 1 0 0 0 0
450	2	1 1 1 1 1 0 1 0 1 1 0 0 0 0 0 0 0 0 0 0
450	1	0 1 0 1 0 0 1 0 0 0 0 0 0 0 0 0 0 0 0 0
450	2	0 1 1 1 0 0 1 0 0 0 0 0 0 0 0 0 1 0 0 0
450	2	1 1 1 1 0 0 1 0 0 1 0 0 0 1 0 1 0 0 1 0
450	4	1 1 1 1 0 1 1 0 1 0 0 0 0 0 0 1 0 0 1 0
450	1	1 1 1 1 0 1 0 0 0 0 0 0 0 1 0 1 1 0 0 0
450	1	0 1 1 1 0 1 1 0 0 1 0 0 0 0 1 1 0 0 0 0
450	2	1 1 0 1 0 0 1 0 0 0 0 0 0 0 0 0 0 0 0 0
450	1	1 1 1 1 0 1 1 0 0 0 0 0 0 1 1 1 0 0 0 0
450	2	1 1 1 1 0 0 0 0 1 0 0 0 0 1 0 1 0 0 0 1
450	1	1 1 1 1 1 1 0 0 0 1 1 1 0 0 0 1 0 0 0 0
450	2	1 1 1 1 0 0 1 0 0 0 0 1 1 0 0 1 0 0 0 0
450	1	1 1 1 1 1 1 1 0 0 0 0 0 0 1 0 1 1 0 0 0
450	2	1 1 1 1 0 1 0 0 0 1 0 0 0 0 0 1 0 0 0 0
450	1	1 1 1 1 0 0 1 0 0 0 0 0 0 1 0 0 1 0 0 0
450	1	1 1 1 1 0 0 1 0 0 0 0 0 0 1 0 1 1 0 1 0
450	1	1 1 1 1 1 0 1 0 0 1 0 0 0 0 0 1 0 1 1 0
450	2	1 1 1 1 0 1 1 0 0 0 1 0 0 1 0 1 0 0 0 0
450	1	1 0 1 1 0 1 1 0 0 1 0 0 1 0 0 1 0 0 0 0
450	1	1 1 1 1 0 0 1 1 0 0 0 0 0 1 0 1 0 0 0 0
450	1	1 1 1 1 0 0 1 0 1 1 0 1 0 0 0 1 0 0 1 1
450	1	0 1 1 1 0 0 1 0 0 0 0 0 0 0 0 0 0 1 0 0
450	1	1 0 1 1 0 0 1 0 0 1 0 0 1 0 0 1 1 0 0 0
500	11	1 1 1 1 0 1 1 0 0 1 0 0 0 0 0 1 0 0 0 0
500	13	1 1 1 1 0 1 1 0 1 0 0 0 0 0 0 1 0 0 0 0
500	33	1 1 1 1 0 1 0 0 0 1 0 1 0 0 0 1 0 0 0 0
500	16	1 1 1 1 0 0 1 0 0 0 0 1 0 0 0 1 0 0 0 0
500	13	1 1 1 1 0 0 1 0 0 0 0 0 0 0 0 0 0 0 0 0
500	116	1 1 1 1 0 1 1 0 1 1 0 0 0 0 0 1 0 0 0 0
500	26	1 1 1 1 0 1 1 0 0 0 0 0 0 1 0 1 0 0 0 0
500	18	1 1 1 1 1 0 1 0 0 0 0 0 0 1 0 0 0 0 0 0
500	34	1 1 1 1 0 1 1 0 0 1 1 1 0 0 0 1 0 0 0 0
500	8	1 1 1 1 0 1 0 1 0 0 0 0 0 1 0 1 0 0 0 0
500	12	1 1 1 1 0 1 1 1 1 0 0 0 0 1 0 1 0 1 0 0
500	41	1 1 1 1 0 0 1 0 1 0 0 0 0 0 0 1 0 0 1 0
500	9	1 1 0 1 0 1 0 0 0 0 0 0 0 1 0 1 0 0 0 0
500	15	1 1 1 1 0 0 1 0 0 0 0 0 1 0 0 1 0 0 0 0
500	23	1 1 1 1 0 1 0 1 0 0 1 0 0 1 0 1 0 0 0 0
500	34	1 1 1 1 0 1 1 0 0 0 0 0 1 1 0 1 0 0 0 0
500	9	1 1 1 1 0 0 1 0 1 0 0 0 0 1 0 1 0 0 0 0
500	15	1 1 1 1 0 0 1 0 0 1 0 0 0 1 0 1 0 0 0 0
500	18	1 1 1 1 0 1 0 0 0 1 1 1 0 1 0 1 0 0 1 0
500	1	1 1 1 1 0 1 0 0 0 1 0 0 0 0 0 0 0 0 0 0
500	13	1 1 1 1 0 1 0 0 1 0 0 0 0 1 0 1 0 0 0 1
500	8	1 1 1 1 0 1 1 0 1 0 0 0 1 1 0 1 0 0 0 0
500	10	1 1 1 1 0 1 0 0 0 1 0 1 0 0 0 0 0 0 0 0
500	7	1 1 1 1 0 0 1 0 1 0 0 0 0 0 0 1 0 0 0 0
500	1	1 1 1 0 0 0 1 0 0 0 0 0 0 1 0 1 0 0 0 0
500	10	1 1 1 1 0 1 1 0 0 0 1 0 1 1 0 1 0 0 0 0
500	33	1 1 1 1 0 0 1 1 0 1 0 0 1 0 0 0 0 0 0 0
500	2	1 1 1 1 1 1 0 0 0 1 1 1 0 1 0 1 0 0 0 0
500	4	1 1 1 1 0 1 1 0 0 1 0 0 0 0 0 1 1 1 0 0
500	1	1 1 1 1 0 0 1 1 0 0 0 0 0 0 0 1 0 0 0 0
500	7	1 1 1 1 0 1 1 0 0 0 1 0 0 1 0 1 0 0 0 1
500	8	1 1 1 1 1 0 1 0 0 0 0 0 1 0 0 1 0 0 0 0
500	7	0 1 1 1 1 1 0 0 0 1 1 1 0 1 0 1 0 0 0 0
500	2	1 1 1 1 0 1 0 0 0 1 0 0 0 0 0 1 0 0 0 0
500	9	1 1 1 1 0 1 0 0 0 1 0 1 0 0 0 1 0 1 0 0
500	1	1 1 0 1 0 1 0 0 0 1 0 1 0 0 0 1 0 0 0 0
500	5	0 1 1 1 0 1 0 0 0 1 0 0 0 0 0 0 0 0 0 0
500	2	1 1 0 1 0 1 0 0 0 1 0 0 0 0 0 1 1 0 0 0
500	9	1 1 1 1 0 1 1 0 0 1 0 0 0 1 0 0 0 0 0 0
500	22	1 1 1 1 0 0 1 0 1 0 0 0 0 0 0 1 0 0 0 1
500	25	1 1 1 0 0 1 0 0 0 1 0 1 0 0 0 1 0 0 0 0
500	6	1 1 1 1 0 1 1 0 1 1 0 0 0 0 1 1 0 0 0 0
500	4	1 1 1 1 0 0 1 0 1 0 0 1 0 0 0 1 0 0 0 0
500	1	1 1 1 1 1 0 1 0 1 1 0 0 0 1 0 1 1 0 0 0
500	21	1 1 1 1 0 1 1 0 0 1 0 1 0 0 0 1 0 0 0 0
500	6	1 1 0 1 0 1 0 0 0 0 0 0 0 1 0 0 0 0 0 0
500	3	1 1 1 1 0 1 0 0 0 1 0 1 0 1 0 1 0 0 0 0
500	5	1 1 1 1 0 0 1 0 1 0 0 0 1 0 0 1 0 0 1 0
500	5	1 1 1 1 0 0 1 1 0 1 0 0 0 1 0 1 0 0 0 0
500	4	1 1 1 0 0 1 0 0 1 0 0 0 0 1 0 1 0 0 0 1
500	1	1 1 1 1 0 1 1 0 1 1 0 0 0 1 0 1 0 0 1 0
500	10	1 1 1 1 0 1 1 0 0 0 0 1 0 1 0 1 0 0 0 0
500	4	1 1 1 1 0 1 1 0 1 1 0 0 0 0 0 1 1 0 0 0
500	3	1 1 1 1 0 1 0 0 1 0 0 0 0 1 0 1 0 0 0 0
500	1	1 1 1 1 0 0 1 1 0 1 0 0 0 1 1 1 0 0 0 0
500	1	1 1 1 1 0 1 1 0 1 1 0 0 0 1 0 1 0 1 0 0
500	15	1 1 1 1 0 1 1 1 1 0 0 0 0 1 0 1 0 0 0 0
500	2	1 1 1 1 0 1 0 0 0 1 1 1 0 0 1 1 0 0 0 0
500	4	1 1 1 1 0 1 0 0 0 1 0 1 0 0 0 0 0 1 0 0
500	7	1 1 1 1 0 1 0 1 0 0 0 0 0 0 0 0 0 0 0 0
500	12	1 1 1 1 0 1 1 0 0 0 0 1 0 0 0 0 0 0 0 0
500	7	1 1 1 1 0 1 1 0 1 1 0 0 0 0 0 1 0 1 0 0
500	1	1 1 1 1 0 0 1 0 0 1 0 0 1 1 0 1 1 0 0 0
500	6	1 1 1 1 0 0 1 0 0 0 1 0 1 0 0 0 0 0 0 0
500	4	1 1 0 1 0 1 0 0 0 0 0 0 0 0 0 1 0 0 0 0
500	13	1 1 1 1 0 1 1 0 1 1 0 0 0 1 0 1 0 0 0 0
500	3	1 1 1 1 0 1 1 1 0 0 0 0 0 1 0 1 0 0 0 0
500	1	1 1 1 1 0 0 1 0 0 1 0 0 0 1 0 1 0 0 0 1
500	3	1 1 1 0 1 0 1 0 0 0 0 0 0 1 0 1 0 0 0 0
500	5	1 1 1 1 0 1 1 1 0 1 0 0 1 0 0 0 0 0 0 0
500	1	0 0 1 1 0 1 1 0 1 1 0 0 0 0 0 1 0 0 0 0
500	7	1 1 1 0 0 1 0 0 0 1 0 0 0 0 0 1 0 0 0 0
500	17	1 1 0 1 0 0 1 0 1 0 0 0 0 0 0 1 0 0 0 0
500	2	0 1 1 1 0 1 0 0 0 1 0 1 0 0 0 0 0 1 0 0
500	5	1 1 1 1 0 1 0 0 1 0 0 0 0 1 0 1 1 0 0 1
500	1	1 1 1 1 0 1 1 1 0 0 1 0 0 0 0 1 0 0 0 0
500	4	1 1 1 1 1 1 1 1 1 0 0 0 0 1 0 1 0 0 0 0
500	2	1 1 1 1 1 0 1 0 0 1 0 0 0 0 0 0 0 0 0 0
500	4	1 1 1 1 0 1 0 0 0 1 1 1 0 0 0 0 0 0 0 0
500	1	1 1 1 1 0 0 1 1 0 1 0 0 1 0 0 0 1 0 0 0
500	22	1 1 1 1 0 0 1 0 0 1 0 0 1 0 0 0 0 0 0 0
500	1	1 1 1 1 1 1 0 0 0 1 1 1 0 0 0 1 0 0 0 0
500	2	1 1 1 1 0 1 1 1 0 1 1 0 0 0 0 1 0 0 0 0
500	3	1 1 1 1 0 0 1 0 1 0 0 1 0 0 0 1 0 1 0 0
500	1	1 1 1 1 0 1 1 0 0 0 0 0 0 0 0 0 0 0 0 0
500	1	1 1 1 0 0 1 0 0 0 0 0 1 0 0 0 0 0 0 0 0
500	9	1 1 1 1 0 1 1 0 0 0 0 1 1 1 0 1 0 0 0 0
500	2	1 0 1 1 0 1 1 0 0 0 0 1 0 1 0 1 0 0 0 0
500	2	1 1 1 1 0 1 1 1 0 0 0 1 0 0 0 0 0 0 0 0
500	3	1 0 1 1 0 1 1 0 0 0 0 1 0 0 0 0 0 0 0 0
500	1	1 1 1 1 1 1 1 0 0 1 0 0 0 1 0 1 0 0 0 0
500	2	1 1 1 1 1 0 1 0 0 0 0 0 0 1 0 1 0 0 0 0
500	1	1 1 1 1 0 1 0 0 1 0 0 0 0 1 0 1 0 0 1 0
500	2	0 1 1 0 0 1 1 0 0 1 0 0 0 0 0 1 0 0 1 0
500	2	0 1 1 1 0 1 1 0 1 1 0 0 0 0 0 1 0 0 0 0
500	6	0 1 1 1 0 0 1 0 0 1 0 0 0 0 0 1 0 0 1 0
500	3	1 1 1 1 0 1 1 0 1 1 0 0 0 0 0 0 0 1 0 0
500	6	1 1 1 0 0 0 1 0 0 1 0 0 1 1 0 1 1 0 0 0
500	6	1 1 1 1 0 1 1 0 0 0 1 0 0 1 0 1 0 0 0 0
500	3	1 1 1 1 0 1 1 0 1 1 0 0 1 0 0 1 0 0 0 0
500	1	1 1 1 1 0 1 1 0 1 1 0 0 0 0 0 1 0 0 0 1
500	1	1 1 1 1 0 1 1 0 1 0 0 0 0 0 0 1 0 0 1 0
500	2	1 1 1 1 0 1 1 0 0 1 1 1 0 1 0 1 0 0 0 0
500	1	1 1 1 1 0 1 1 0 0 0 0 0 0 0 0 1 0 0 0 1
500	1	1 1 1 1 0 1 0 0 0 1 0 0 0 1 0 1 0 0 0 0
500	1	1 1 1 1 0 1 1 0 0 0 1 0 0 1 1 1 0 0 0 0
500	2	0 1 1 1 0 1 0 0 0 1 1 1 0 0 0 1 0 0 0 0
500	1	1 1 1 1 0 1 1 0 0 1 0 1 0 1 0 1 0 0 0 0
500	1	1 1 1 1 0 1 0 0 0 1 0 1 0 1 0 0 0 0 0 0
500	4	1 1 1 0 0 1 0 0 0 1 0 0 0 0 0 1 0 0 0 1
500	4	1 1 1 1 0 1 1 1 1 1 0 0 0 1 0 1 0 0 0 0
500	2	1 1 1 1 0 1 1 0 1 1 1 1 0 1 0 1 0 0 1 0
500	1	1 1 1 1 0 1 0 1 0 0 0 0 0 1 0 1 0 0 0 1
500	3	1 1 0 1 0 0 1 0 0 1 0 0 0 1 0 1 0 0 0 0
500	2	1 1 1 1 0 1 1 0 0 0 1 0 1 1 0 1 0 0 0 1
500	1	0 1 1 1 1 1 1 0 0 1 1 1 0 1 0 1 0 0 0 0
500	1	1 0 1 0 0 1 0 0 0 1 0 1 0 0 0 1 0 0 0 0
500	4	0 1 0 1 1 0 1 0 1 0 0 0 0 1 0 1 0 0 0 0
500	1	1 1 1 1 0 1 1 0 1 0 0 0 0 0 0 1 1 0 0 0
500	2	1 1 0 1 0 0 1 0 1 0 0 0 0 0 1 1 0 0 0 0
500	2	0 1 1 1 0 1 0 0 0 1 1 1 0 0 0 0 0 1 0 0
500	3	1 1 1 1 0 1 0 0 0 1 1 1 0 1 0 1 0 0 0 0
500	2	1 1 1 1 0 1 1 0 0 0 1 0 0 1 0 0 0 0 0 0
500	3	1 0 1 0 0 1 0 0 0 1 0 1 0 0 0 1 0 1 0 0
500	3	0 1 1 1 0 1 1 0 1 0 0 0 0 0 0 1 0 0 0 0
500	2	1 1 1 1 0 1 0 0 0 0 0 1 0 0 0 1 0 0 0 0
500	2	0 1 1 1 0 1 0 0 1 0 0 0 0 1 0 1 0 0 0 1
500	2	1 1 1 1 0 1 0 0 0 0 0 0 0 1 0 1 0 0 0 1
500	3	1 1 1 1 0 1 1 0 1 0 0 0 1 1 0 1 0 0 0 1
500	4	1 1 1 1 1 1 0 0 0 1 1 1 0 1 0 1 1 0 0 0
500	1	1 1 1 1 0 1 1 0 0 1 0 0 0 1 0 1 1 1 0 0
500	1	1 1 1 0 0 1 1 0 0 0 1 0 0 1 0 1 0 0 0 1
500	1	1 1 1 1 0 1 0 0 0 1 0 0 0 0 0 1 0 0 0 1
500	1	1 1 1 0 0 1 0 0 0 1 0 1 0 0 0 1 0 1 0 0
500	1	1 1 1 1 0 1 1 0 1 0 0 0 1 0 0 1 0 0 1 0
500	1	1 1 1 0 0 1 0 0 1 0 0 0 0 1 0 1 0 0 0 0
500	1	1 1 1 0 0 1 0 0 0 1 1 0 0 0 0 1 0 0 0 1
