0	58	0 0 1 0 0 0 1 0 1 0 0 0 0 0 0 0 0 0 1 0
0	48	0 0 0 0 0 0 0 0 0 0 0 1 0 0 0 0 0 0 0 0
0	42	0 0 0 0 0 0 0 0 0 1 0 0 0 1 0 1 0 0 0 0
0	52	1 0 0 0 0 1 0 0 0 0 1 0 0 1 0 0 0 1 0 0
20	87	0 0 1 0 0 0 1 0 1 0 0 0 0 0 0 0 0 0 1 0
20	7	0 0 0 0 0 0 0 0 0 0 0 1 0 0 0 0 0 0 0 0
20	14	0 0 0 0 0 0 0 0 0 1 0 0 0 1 0 1 0 0 0 0
20	19	1 0 0 0 0 1 0 0 0 0 1 0 0 1 0 0 0 1 0 0
20	1	1 0 0 0 0 1 0 0 0 0 0 0 0 1 0 0 0 1 0 0
20	4	0 0 0 0 0 0 1 0 0 1 0 0 0 1 0 1 0 0 0 0
20	3	0 0 1 0 0 0 1 0 1 0 0 1 0 0 0 0 0 0 1 0
20	1	0 0 0 0 0 1 0 0 0 0 0 1 0 0 0 0 0 0 0 0
20	1	0 0 1 0 0 0 1 0 1 0 0 0 0 0 0 0 0 0 0 0
20	1	0 0 0 0 0 1 0 0 0 1 0 0 0 1 0 1 0 0 0 0
20	5	0 0 1 0 0 0 1 0 1 0 0 0 1 0 0 0 0 0 1 0
20	3	0 0 0 0 1 0 0 0 0 1 0 0 0 1 0 1 0 0 0 0
20	2	0 0 1 0 0 0 1 0 1 0 1 0 0 0 0 0 0 0 1 0
20	1	1 0 0 0 0 0 0 0 0 0 1 0 0 1 0 0 0 1 0 0
20	1	1 0 0 0 0 1 0 0 0 1 1 0 0 1 0 0 0 1 0 0
20	7	0 0 1 0 0 0 1 0 1 0 0 0 0 1 0 1 0 0 1 0
20	2	0 0 1 0 0 0 1 0 0 0 0 1 0 0 0 0 0 0 0 0
20	1	0 0 1 0 0 0 1 0 1 1 0 0 0 0 0 0 0 0 1 0
20	1	1 0 0 0 0 1 0 0 1 0 1 0 0 1 0 0 0 1 0 0
20	1	0 1 1 0 0 0 1 0 1 0 0 0 0 0 0 0 0 0 1 0
20	1	0 0 1 0 0 0 0 0 0 1 0 1 0 0 0 0 0 0 1 0
20	4	0 0 1 0 0 0 1 0 1 0 0 0 0 1 0 1 0 0 0 0
20	2	0 0 1 1 0 0 1 0 1 0 0 0 0 0 0 0 0 0 1 0
20	1	0 0 0 0 0 0 0 0 0 0 0 0 0 1 0 1 0 0 0 0
20	3	0 0 1 0 1 0 1 0 1 0 0 0 1 0 0 0 0 0 1 0
20	3	0 0 1 0 0 0 1 0 1 0 0 0 0 1 1 0 0 0 0 0
20	1	0 0 1 0 0 0 1 0 1 0 1 0 0 1 0 0 0 1 0 0
20	2	0 0 1 0 0 0 1 1 0 0 1 0 0 1 0 0 0 1 0 1
20	3	1 0 0 0 0 0 0 0 0 0 1 0 0 1 0 0 0 0 0 0
20	2	0 0 1 0 0 0 1 0 1 0 0 0 0 1 0 0 0 0 1 0
20	2	0 0 0 0 0 0 1 1 0 1 0 0 0 1 0 1 0 0 0 0
20	1	0 0 0 0 0 0 0 1 0 1 0 0 1 1 0 1 0 0 0 0
20	1	0 0 1 0 0 0 1 0 1 0 0 0 0 0 0 0 0 1 0 0
20	1	0 0 1 0 0 0 1 0 1 0 0 0 0 0 0 0 0 0 1 1
20	1	0 1 1 0 0 0 0 0 0 0 0 1 0 0 0 0 0 0 0 0
20	2	0 0 1 0 0 0 1 0 1 0 0 0 0 1 1 1 0 0 0 0
20	2	0 0 0 0 0 0 1 0 1 0 0 0 0 0 0 0 0 0 1 0
20	1	1 0 0 0 0 1 0 1 0 0 1 0 0 1 0 0 0 1 0 0
20	1	0 0 1 0 0 0 1 0 1 0 0 0 0 0 1 0 0 0 1 0
20	1	0 0 1 0 0 1 1 0 1 0 0 0 0 0 0 0 0 0 1 0
20	1	0 0 1 0 1 0 1 0 1 0 0 0 0 0 0 0 0 0 1 0
20	1	0 0 0 0 0 1 0 0 0 0 1 0 0 1 0 0 0 1 0 0
20	1	1 0 0 0 0 0 0 0 0 0 1 0 0 0 0 0 0 1 0 0
40	48	0 0 1 0 0 0 1 0 1 0 0 0 0 0 0 0 0 0 1 0
40	3	0 0 0 0 0 0 0 0 0 1 0 0 0 1 0 1 0 0 0 0
40	6	0 0 1 0 0 0 0 0 1 0 0 0 0 0 0 0 0 0 1 0
40	5	0 0 1 0 0 0 1 0 1 0 0 1 0 0 0 0 0 0 1 0
40	8	0 0 1 0 0 0 1 0 1 0 0 0 0 0 0 0 0 0 0 0
40	7	0 0 0 0 1 0 0 0 0 1 0 0 0 1 0 1 0 0 0 0
40	1	0 0 1 0 0 0 1 0 1 0 1 0 0 0 0 0 0 0 1 0
40	1	0 0 1 0 0 0 1 0 1 0 0 0 0 1 0 1 0 0 1 0
40	2	0 0 1 0 0 0 1 0 0 0 0 1 0 0 0 0 0 0 0 0
40	2	0 0 0 0 0 0 0 1 0 1 0 0 0 1 0 1 1 1 0 0
40	2	0 0 1 0 0 0 1 0 1 1 0 0 0 0 0 0 0 0 1 0
40	12	0 1 1 0 0 0 1 0 1 0 0 0 0 0 0 0 0 0 1 0
40	4	0 0 1 0 0 0 1 0 1 0 0 1 0 0 0 0 0 0 0 0
40	5	0 0 1 0 0 0 1 0 1 0 0 0 0 1 0 1 0 0 0 0
40	4	1 0 0 0 0 0 0 0 0 1 0 0 0 1 0 1 0 0 0 0
40	5	0 0 1 0 0 0 1 0 1 0 0 0 0 1 0 0 0 0 1 0
40	1	0 0 0 0 0 0 1 1 0 1 0 1 0 1 0 1 0 0 0 0
40	4	0 0 1 0 0 0 1 0 1 0 0 0 0 0 0 0 0 0 1 1
40	1	0 1 1 0 0 0 0 0 0 0 0 1 0 0 0 0 0 0 0 0
40	9	0 0 1 0 0 0 1 0 1 0 0 0 0 1 1 1 0 0 0 0
40	5	0 0 1 0 0 0 1 0 1 0 0 0 0 0 0 0 1 0 1 0
40	9	0 0 0 0 0 0 0 1 0 1 1 0 1 1 0 1 0 0 0 0
40	7	0 0 1 0 0 0 1 1 0 1 0 0 0 1 0 1 0 0 0 0
40	1	0 0 1 0 0 0 1 0 1 0 0 0 0 1 1 0 0 1 0 0
40	3	1 0 1 0 0 0 1 1 1 0 0 0 0 1 1 0 0 0 0 0
40	5	0 0 1 0 0 0 1 0 1 0 0 0 0 1 0 0 0 0 0 0
40	3	0 0 1 0 0 0 1 0 0 1 0 0 0 1 0 1 0 0 0 0
40	2	1 0 1 0 0 0 1 0 1 0 0 0 0 1 1 0 0 1 0 0
40	3	0 1 1 0 0 0 1 0 1 0 0 0 0 1 0 1 0 0 0 0
40	3	1 1 0 0 0 1 0 0 0 0 1 0 0 1 0 0 0 1 0 0
40	4	0 1 1 0 0 0 1 0 1 0 0 0 0 0 0 0 0 0 0 0
40	1	0 0 0 0 1 0 1 0 1 0 0 0 1 0 0 0 1 0 1 0
40	1	0 0 0 0 0 0 1 1 1 0 0 0 0 0 0 0 0 0 1 0
40	1	0 0 1 0 0 1 1 0 1 0 0 0 0 0 0 0 0 0 1 0
40	1	0 0 1 0 0 0 1 1 1 0 0 1 0 0 0 0 0 0 0 0
40	1	0 0 1 0 0 1 1 0 1 0 0 0 0 1 0 0 0 0 1 0
40	1	0 0 1 0 0 0 0 0 1 1 0 0 0 0 0 0 0 0 1 0
40	1	0 1 1 0 0 0 1 0 1 0 0 0 0 1 0 0 0 0 1 0
40	1	0 0 1 0 0 0 1 1 1 0 0 0 0 1 1 1 0 0 0 0
40	1	1 0 1 0 0 0 1 1 0 1 0 0 1 1 0 1 0 0 0 0
40	1	1 0 1 0 0 0 1 0 1 0 0 0 0 1 0 1 1 0 0 0
40	2	0 0 0 0 0 0 0 1 0 1 0 0 0 1 1 1 0 0 0 0
40	1	1 0 1 0 0 0 0 0 0 1 0 0 0 1 0 1 0 0 0 0
40	1	0 0 0 0 0 0 1 0 1 1 0 0 0 0 0 0 0 0 1 0
40	1	0 0 1 0 1 0 1 0 1 0 0 0 0 0 0 0 0 0 1 0
40	3	0 0 1 0 0 0 1 1 1 0 0 0 0 0 0 0 0 0 1 0
40	2	0 1 1 0 0 0 1 0 1 0 0 1 0 0 0 0 0 0 1 0
40	1	1 0 1 0 0 1 1 0 1 0 0 0 0 0 0 0 0 0 1 0
40	1	0 0 1 0 0 0 0 1 0 1 0 0 0 1 0 1 1 1 0 0
40	1	1 0 0 0 0 0 0 0 0 1 0 0 0 1 0 1 0 0 0 1
40	1	0 0 1 0 0 0 1 0 1 0 0 0 1 1 1 1 0 0 0 0
40	1	0 0 1 0 0 0 1 0 1 0 0 0 0 0 0 1 1 0 1 0
60	18	0 0 1 0 0 0 1 0 1 0 0 0 0 0 0 0 0 0 1 0
60	3	0 0 0 0 0 0 0 1 0 1 0 0 0 1 0 1 0 0 0 0
60	2	0 0 1 0 0 0 0 0 1 0 0 0 0 0 0 0 0 0 1 0
60	8	0 0 1 0 0 0 1 0 1 0 0 1 0 0 0 0 0 0 1 0
60	14	0 0 0 0 1 0 0 0 0 1 0 0 0 1 0 1 0 0 0 0
60	1	0 0 1 0 0 0 1 0 1 1 0 0 0 0 0 0 0 0 1 0
60	3	0 1 1 0 0 0 1 0 1 0 0 0 0 0 0 0 0 0 1 0
60	2	0 0 1 0 0 0 1 0 1 0 0 1 0 0 0 0 0 0 0 0
60	2	0 0 1 0 0 0 1 0 1 0 0 0 0 1 0 1 0 0 0 0
60	3	1 0 0 0 0 0 0 0 0 1 0 0 0 1 0 1 0 0 0 0
60	11	0 0 1 0 0 0 1 0 1 0 0 0 0 1 1 1 0 0 0 0
60	1	0 0 1 0 0 0 1 0 1 0 0 0 0 0 1 0 0 0 1 0
60	5	0 0 1 0 0 0 1 1 0 1 0 0 0 1 0 1 0 0 0 0
60	1	1 0 1 0 0 0 1 0 1 0 0 0 0 0 0 0 0 0 1 0
60	3	1 0 1 0 0 0 1 1 1 0 0 0 0 1 1 0 0 0 0 0
60	5	0 0 1 0 0 0 1 0 1 0 0 0 0 1 0 0 0 0 0 0
60	3	0 0 1 0 0 0 1 1 0 1 0 0 0 1 0 1 0 0 1 0
60	12	1 0 1 0 0 0 1 0 1 0 0 0 0 1 1 0 0 1 0 0
60	6	0 1 1 0 0 0 1 0 1 0 0 0 0 1 0 1 0 0 0 0
60	2	0 0 0 0 1 0 0 0 0 1 0 0 0 1 0 1 0 1 0 0
60	6	1 0 1 0 0 0 1 1 1 0 0 0 0 1 1 0 0 0 1 0
60	1	0 0 0 0 0 0 0 1 0 1 1 0 1 1 0 0 0 0 1 1
60	2	1 0 1 0 0 0 1 0 1 0 0 0 0 1 0 0 0 0 0 0
60	5	1 0 1 0 0 0 1 1 0 1 0 0 1 1 0 1 0 0 0 0
60	3	1 0 1 0 0 0 0 0 0 1 0 0 0 1 0 1 0 0 0 0
60	3	0 0 1 0 1 0 1 0 1 0 0 0 0 0 0 0 0 0 1 0
60	9	0 0 1 0 0 0 1 1 1 0 0 0 0 0 0 0 0 0 1 0
60	2	1 0 1 0 0 1 1 0 1 0 0 0 0 0 0 0 0 0 1 0
60	2	0 0 1 0 1 1 1 0 1 0 0 0 0 0 0 0 0 0 1 0
60	1	1 0 1 0 0 0 1 0 1 0 0 0 0 1 1 1 0 0 0 0
60	1	0 0 1 0 0 0 1 1 0 0 0 0 0 1 0 1 0 0 0 0
60	3	0 0 1 0 0 0 1 0 0 1 0 1 0 0 0 0 0 0 0 0
60	5	0 0 1 0 0 0 0 0 0 1 0 0 0 1 0 1 0 0 0 0
60	8	0 1 1 0 0 0 0 0 0 0 0 1 0 0 0 1 0 0 0 0
60	2	0 0 0 0 1 0 0 0 0 1 0 0 1 1 0 1 0 0 0 0
60	1	0 0 1 0 1 0 1 0 0 0 0 0 0 1 0 1 0 0 0 0
60	1	0 0 1 0 0 0 1 1 1 0 0 0 0 1 1 0 0 0 1 0
60	2	0 0 1 0 0 0 1 0 1 0 0 1 1 0 0 0 0 0 0 0
60	3	0 0 0 1 1 0 0 0 0 1 0 0 0 1 0 1 0 0 0 0
60	1	0 0 1 0 0 0 1 1 0 1 0 0 0 1 1 1 0 0 0 0
60	3	1 0 1 0 0 0 1 1 0 0 0 0 0 1 1 0 0 0 0 0
60	1	1 0 1 0 0 0 0 1 1 0 0 0 0 1 1 0 0 1 0 0
60	1	0 0 1 0 0 0 1 0 1 0 0 0 0 1 1 1 1 0 0 0
60	3	0 0 1 0 0 0 1 0 1 1 0 0 0 0 0 0 0 1 1 0
60	1	1 0 1 1 0 0 1 1 0 1 0 0 1 1 0 1 0 0 0 0
60	2	1 0 1 0 0 0 0 0 1 1 0 0 0 1 0 1 0 0 0 0
60	1	0 0 1 0 1 0 1 0 0 0 0 0 0 0 0 0 0 0 1 0
60	2	0 0 1 0 0 0 1 0 1 0 0 0 0 1 1 1 0 1 0 0
60	1	0 0 1 0 0 0 1 0 1 1 0 0 0 0 1 0 0 0 1 0
60	1	1 0 1 0 0 0 1 1 1 0 0 0 0 1 0 0 0 0 1 0
60	1	0 0 0 0 0 0 1 0 1 0 0 0 0 0 0 0 0 0 1 0
60	1	1 0 1 0 0 0 0 1 1 1 0 0 0 1 1 0 0 1 0 0
60	1	0 0 1 0 0 0 1 0 1 0 0 0 1 1 0 0 0 0 1 0
60	1	1 1 1 0 0 0 1 1 1 0 0 0 0 1 1 0 0 1 0 0
60	1	0 0 0 0 0 0 1 0 1 0 0 0 0 0 0 0 1 0 0 0
60	1	0 0 1 0 0 0 0 0 0 0 0 1 0 0 0 1 0 0 0 0
60	1	1 0 1 0 0 0 0 1 0 1 0 0 0 1 0 1 1 0 0 0
60	1	1 0 1 0 0 0 1 0 1 0 0 1 0 0 0 0 0 0 1 0
60	1	0 1 1 0 0 0 0 0 0 0 0 1 0 0 1 0 0 1 0 0
60	1	0 0 0 0 1 0 0 0 0 1 0 0 0 0 0 1 0 0 0 0
60	1	1 1 1 0 0 0 1 0 1 0 0 0 0 1 1 0 0 1 0 0
60	1	1 0 1 0 0 0 0 1 0 1 0 0 1 1 0 1 0 0 0 0
60	1	0 0 1 0 0 0 1 0 0 1 0 0 0 1 0 1 0 0 0 0
60	1	0 0 1 0 1 0 0 0 0 1 0 0 0 1 0 1 0 0 0 0
60	2	0 0 1 1 0 0 1 1 0 1 0 0 0 1 0 1 0 0 1 0
60	1	0 1 1 0 0 0 0 0 1 0 0 0 0 1 0 1 0 0 0 0
60	1	1 1 1 0 0 0 0 0 1 1 0 0 0 1 0 1 0 0 0 0
80	3	0 0 1 0 0 0 1 0 1 0 0 0 0 0 0 0 0 0 1 0
80	2	0 0 0 0 0 0 0 1 0 1 0 0 0 1 0 1 0 0 0 0
80	9	0 0 0 0 1 0 0 0 0 1 0 0 0 1 0 1 0 0 0 0
80	4	0 1 1 0 0 0 1 0 1 0 0 0 0 0 0 0 0 0 1 0
80	17	0 0 1 0 0 0 1 0 1 0 0 0 0 1 0 1 0 0 0 0
80	5	0 0 1 0 0 0 1 0 1 0 0 0 0 1 1 1 0 0 0 0
80	6	0 0 1 0 0 0 1 1 0 1 0 0 0 1 0 1 0 0 0 0
80	2	1 0 1 0 0 0 1 1 1 0 0 0 0 1 1 0 0 0 0 0
80	6	1 0 1 0 0 0 1 0 1 0 0 0 0 1 1 0 0 1 0 0
80	12	0 1 1 0 0 0 1 0 1 0 0 0 0 1 0 1 0 0 0 0
80	1	0 0 0 0 1 0 0 0 0 1 0 0 0 1 0 1 0 1 0 0
80	6	1 0 1 0 0 0 1 1 1 0 0 0 0 1 1 0 0 0 1 0
80	2	1 0 1 0 0 0 1 1 0 1 0 0 1 1 0 1 0 0 0 0
80	1	1 0 1 0 0 0 0 0 0 1 0 0 0 1 0 1 0 0 0 0
80	1	0 0 1 0 0 0 1 0 1 0 0 0 0 0 0 0 1 0 0 0
80	3	1 0 1 0 0 0 1 0 1 0 0 0 0 1 1 1 0 0 0 0
80	1	0 0 1 0 0 0 0 0 0 1 0 0 0 1 0 1 0 0 0 0
80	1	0 0 1 0 0 0 1 0 1 0 0 1 1 0 0 0 0 0 0 0
80	1	0 0 0 1 1 0 0 0 0 1 0 0 0 1 0 1 0 0 0 0
80	2	1 0 1 0 1 0 1 0 1 0 0 0 0 1 0 0 0 0 0 0
80	2	1 0 1 0 0 0 0 1 1 0 0 0 0 1 1 0 0 1 0 0
80	1	1 0 1 0 0 0 0 0 1 0 0 0 0 0 0 0 0 0 1 0
80	5	0 0 1 0 0 0 1 0 1 0 0 1 0 1 0 0 0 0 1 0
80	4	0 0 1 0 0 0 1 0 1 0 0 0 0 1 1 1 0 1 0 0
80	1	0 0 1 0 0 0 1 0 1 0 0 0 0 0 1 1 0 0 1 0
80	4	1 0 1 0 0 0 1 0 1 0 1 1 0 0 0 0 0 0 0 0
80	2	0 0 1 0 0 0 1 0 1 0 0 0 1 1 0 0 0 0 1 0
80	1	1 1 1 0 0 0 1 1 1 0 0 0 0 1 1 0 0 1 0 0
80	3	1 0 1 0 0 0 0 1 0 1 0 0 0 1 0 1 1 0 0 0
80	5	0 0 1 1 0 0 1 1 0 1 0 0 0 1 0 1 0 0 1 0
80	3	0 0 0 1 1 0 1 0 1 0 0 0 0 1 0 1 0 0 0 0
80	4	0 0 1 0 0 0 1 0 0 0 0 0 0 0 0 0 0 0 1 0
80	1	0 1 0 0 0 0 0 1 0 1 1 0 1 1 0 1 0 1 0 0
80	1	0 1 1 0 0 0 1 1 0 1 0 0 0 1 0 1 0 0 0 0
80	1	1 0 1 0 0 0 0 1 1 1 0 0 0 0 1 0 0 1 0 0
80	1	1 0 1 0 0 0 1 0 0 1 0 0 1 1 0 1 0 0 0 0
80	4	1 0 1 0 0 0 1 1 1 0 0 0 0 1 1 0 1 0 1 0
80	1	0 0 1 0 0 0 1 0 1 0 0 1 0 0 0 0 1 0 1 0
80	1	0 1 1 0 0 0 0 0 0 1 0 0 0 1 0 1 0 0 0 0
80	2	1 0 1 1 0 0 1 1 0 1 0 0 1 1 0 1 0 0 0 0
80	2	0 1 1 0 0 0 1 0 1 0 1 0 0 1 0 1 1 0 0 1
80	3	0 0 1 0 0 0 1 0 1 0 0 0 0 1 1 0 0 1 0 0
80	2	1 0 1 0 0 0 1 0 1 0 0 0 0 0 0 0 0 0 0 0
80	1	1 0 1 0 0 0 1 1 1 0 1 1 0 0 0 0 0 0 0 0
80	1	0 0 1 0 0 0 0 0 0 1 0 0 0 0 0 1 0 0 0 0
80	2	1 0 1 0 0 0 1 0 1 0 0 0 0 0 0 0 1 0 0 0
80	1	0 1 1 0 0 0 1 0 1 0 0 0 0 1 1 0 0 1 0 0
80	1	1 0 1 0 0 0 1 0 0 1 0 0 0 1 0 1 0 0 0 0
80	1	0 0 0 0 1 0 0 0 0 1 0 0 0 1 1 0 0 0 0 0
80	2	0 0 1 0 0 0 1 1 1 0 0 0 0 1 1 1 1 0 0 0
80	1	0 0 1 1 0 0 1 1 0 1 0 0 0 1 0 1 0 1 1 0
80	4	0 0 0 0 1 0 0 0 0 1 0 0 0 1 0 0 1 0 0 0
80	4	0 0 0 0 1 0 0 0 1 0 0 0 0 1 1 1 0 1 0 0
80	1	1 0 1 0 0 0 0 1 1 0 0 1 0 0 0 0 1 0 1 0
80	1	0 0 0 0 1 0 1 0 0 1 0 0 0 1 0 1 0 0 0 0
80	3	0 0 1 0 0 0 1 1 1 0 0 0 0 1 0 1 0 0 0 0
80	4	0 0 1 0 0 0 1 0 0 1 0 0 0 1 0 1 0 0 0 0
80	1	0 0 1 0 0 0 1 0 1 0 0 0 0 0 0 0 0 0 0 0
80	1	1 0 1 0 1 0 0 1 1 0 0 0 0 1 1 0 0 1 0 0
80	1	1 0 1 0 1 0 0 0 0 1 0 0 0 1 0 1 0 0 0 0
80	1	0 1 1 1 1 0 1 0 1 0 0 1 0 1 0 1 0 0 0 0
80	2	1 0 1 0 0 0 1 0 1 0 0 0 0 1 0 1 0 0 0 0
80	2	0 0 1 0 0 0 1 0 1 0 0 0 0 0 0 0 0 1 1 0
80	1	0 1 1 0 0 0 1 0 1 0 0 0 0 1 1 1 0 0 0 0
80	1	0 1 1 1 0 0 0 0 0 0 0 1 0 0 0 1 0 0 0 0
80	1	1 0 1 0 0 0 0 0 1 0 0 0 0 1 1 0 0 0 0 0
80	1	0 0 1 0 0 0 0 0 0 1 0 0 0 1 0 1 0 0 1 0
80	4	1 1 1 0 0 0 1 1 0 1 0 0 1 1 0 1 0 0 1 0
80	1	1 0 1 0 0 0 1 1 0 1 0 0 0 1 0 1 0 0 0 0
80	1	0 0 1 0 0 0 1 0 1 0 0 0 0 1 0 0 1 0 1 0
80	2	0 0 1 0 0 0 1 0 1 1 0 0 0 1 1 0 0 1 0 0
80	1	0 1 1 0 0 0 1 0 1 0 0 0 0 1 1 1 0 1 0 0
80	2	1 0 1 0 0 0 1 1 1 0 0 0 0 1 1 0 0 1 0 0
80	1	1 0 1 0 0 0 1 1 0 1 0 0 0 1 1 0 0 1 0 0
80	1	0 0 1 0 0 0 1 0 1 1 0 0 0 1 0 0 0 0 1 0
80	1	0 1 1 0 0 0 1 0 1 0 0 0 0 1 0 0 0 0 1 0
80	1	0 0 1 0 1 0 1 0 1 0 0 0 0 1 1 1 0 1 0 0
80	1	0 0 0 0 1 0 0 0 0 1 0 0 0 1 0 1 1 0 0 0
80	1	1 0 1 0 0 1 1 0 1 0 0 0 0 1 1 1 0 0 0 0
80	1	1 0 1 0 1 0 1 0 1 0 1 0 0 1 0 0 0 0 0 0
80	1	0 0 1 1 1 0 1 1 0 1 0 0 0 1 0 1 0 0 1 0
80	1	0 0 0 1 1 0 1 0 0 0 0 0 0 1 0 1 0 0 0 0
80	1	0 1 1 0 0 0 0 0 0 0 0 0 0 1 0 1 0 0 0 0
80	1	0 1 1 1 1 0 1 0 1 0 0 1 0 0 0 1 0 0 0 0
100	2	0 0 1 0 0 0 1 0 1 0 0 0 0 0 0 0 0 0 1 0
100	5	0 0 0 0 0 0 0 1 0 1 0 0 0 1 0 1 0 0 0 0
100	5	0 0 0 0 1 0 0 0 0 1 0 0 0 1 0 1 0 0 0 0
100	10	0 0 1 0 0 0 1 0 1 0 0 0 0 1 0 1 0 0 0 0
100	5	0 0 1 0 0 0 1 1 0 1 0 0 0 1 0 1 0 0 0 0
100	5	1 0 1 0 0 0 1 0 1 0 0 0 0 1 1 0 0 1 0 0
100	14	0 1 1 0 0 0 1 0 1 0 0 0 0 1 0 1 0 0 0 0
100	3	1 0 1 0 0 0 1 1 1 0 0 0 0 1 1 0 0 0 1 0
100	14	1 0 1 0 0 0 1 1 0 1 0 0 1 1 0 1 0 0 0 0
100	1	1 0 1 0 0 0 1 0 1 0 0 0 0 1 1 1 0 0 0 0
100	2	1 0 1 0 0 0 0 1 1 0 0 0 0 1 1 0 0 1 0 0
100	2	1 0 1 0 0 0 0 0 1 0 0 0 0 0 0 0 0 0 1 0
100	1	0 0 1 0 0 0 1 0 1 0 0 0 0 1 1 1 0 1 0 0
100	1	0 0 1 0 0 0 1 0 1 0 0 0 0 0 1 1 0 0 1 0
100	2	1 0 1 0 0 0 1 0 1 0 1 1 0 0 0 0 0 0 0 0
100	3	0 0 1 0 0 0 1 0 1 0 0 0 1 1 0 0 0 0 1 0
100	1	1 0 1 0 0 0 0 1 0 1 0 0 0 1 0 1 1 0 0 0
100	4	0 0 1 1 0 0 1 1 0 1 0 0 0 1 0 1 0 0 1 0
100	4	0 1 0 0 0 0 0 1 0 1 1 0 1 1 0 1 0 1 0 0
100	3	1 0 1 0 0 0 1 1 1 0 0 0 0 1 1 0 1 0 1 0
100	2	0 1 1 0 0 0 1 0 1 0 1 0 0 1 0 1 1 0 0 1
100	2	0 0 1 0 0 0 1 0 1 0 0 0 0 1 1 0 0 1 0 0
100	2	1 0 1 0 0 0 1 1 1 0 1 1 0 0 0 0 0 0 0 0
100	1	1 0 1 0 0 0 1 0 1 0 0 0 0 0 0 0 1 0 0 0
100	1	0 0 0 0 1 0 0 0 0 1 0 0 0 1 0 0 1 0 0 0
100	1	0 0 0 0 1 0 0 0 1 0 0 0 0 1 1 1 0 1 0 0
100	8	0 0 1 0 0 0 1 0 0 1 0 0 0 1 0 1 0 0 0 0
100	5	0 0 1 0 0 0 1 0 1 0 0 0 0 0 0 0 0 0 0 0
100	8	0 1 1 1 1 0 1 0 1 0 0 1 0 1 0 1 0 0 0 0
100	1	0 1 1 0 0 0 1 0 1 0 0 0 0 1 1 1 0 0 0 0
100	1	0 0 1 0 0 0 0 0 0 1 0 0 0 1 0 1 0 0 1 0
100	2	0 0 1 0 0 0 1 0 1 0 0 0 0 1 0 0 1 0 1 0
100	4	1 0 1 0 0 0 1 1 1 0 0 0 0 1 1 0 0 1 0 0
100	2	1 0 1 0 1 0 1 0 1 0 1 0 0 1 0 0 0 0 0 0
100	3	0 0 0 1 1 0 1 0 0 0 0 0 0 1 0 1 0 0 0 0
100	1	0 0 1 0 0 0 1 0 0 0 0 0 1 1 0 0 0 0 0 0
100	1	0 0 0 1 1 0 1 0 1 0 0 0 0 1 1 1 0 0 0 0
100	1	0 0 0 0 0 0 0 0 0 1 0 0 0 1 0 1 0 0 0 0
100	3	1 0 1 1 0 0 1 1 0 1 0 0 0 1 0 1 0 0 1 0
100	1	0 0 1 0 0 0 0 0 1 0 0 0 0 1 1 1 0 1 0 0
100	4	0 1 1 0 0 0 1 0 1 0 0 1 0 1 0 0 0 0 1 0
100	2	0 1 1 0 0 0 0 1 0 1 0 0 0 1 0 1 0 0 0 0
100	1	0 0 1 1 0 0 1 1 0 1 0 0 0 1 1 1 0 0 1 0
100	1	1 1 1 0 0 0 1 1 0 1 0 0 1 1 0 1 0 0 1 1
100	1	0 1 1 0 0 0 1 0 1 0 0 0 0 0 0 1 0 0 0 0
100	2	0 0 0 0 1 0 0 0 0 1 0 0 1 0 0 1 0 0 0 0
100	1	1 0 1 1 0 0 1 0 1 0 1 1 0 0 0 0 0 0 0 0
100	2	0 0 1 0 0 1 1 0 1 0 0 0 0 1 0 1 0 0 0 0
100	9	1 0 1 0 0 0 1 0 1 0 0 0 1 1 0 0 0 0 0 0
100	3	0 1 1 0 0 0 1 0 0 1 0 0 1 1 0 1 0 0 1 1
100	1	0 0 0 1 1 0 1 0 0 0 0 0 0 1 1 1 0 0 0 0
100	1	1 0 1 0 0 0 1 0 1 0 0 0 0 1 0 1 0 0 0 0
100	1	0 0 0 0 1 0 0 0 0 1 0 0 0 1 0 1 1 0 0 0
100	1	0 0 1 0 0 0 0 0 1 0 0 0 0 1 1 1 0 0 0 0
100	1	0 1 1 0 0 0 0 0 1 0 0 0 0 0 0 0 1 0 0 0
100	2	1 0 1 0 0 0 1 0 1 0 0 0 0 1 1 0 0 1 1 0
100	1	0 1 1 1 1 0 1 0 0 1 0 0 0 1 0 0 0 0 1 0
100	1	1 1 1 1 1 0 1 0 1 0 0 1 0 1 0 1 0 0 0 0
100	1	0 1 1 0 0 0 1 0 1 0 0 0 1 1 0 0 0 0 0 0
100	3	0 0 1 1 0 0 0 1 1 0 0 0 0 1 1 0 0 1 0 0
100	3	0 1 1 1 1 0 1 0 1 0 0 0 0 1 0 1 0 0 0 0
100	3	1 0 1 0 0 0 1 0 1 0 0 0 1 1 0 0 0 0 1 0
100	1	0 0 1 0 0 0 1 0 1 0 0 1 0 0 0 0 0 0 1 0
100	1	0 0 1 1 0 0 1 0 1 0 0 0 0 1 0 1 0 0 0 0
100	1	0 0 1 0 0 0 1 0 0 0 0 1 0 0 0 0 0 0 0 0
100	1	1 0 1 0 0 0 1 0 1 0 1 0 0 1 0 0 0 1 0 0
100	1	0 0 1 0 0 0 1 1 0 1 0 0 0 1 1 1 0 0 1 0
100	1	0 1 1 0 0 0 0 1 1 0 0 0 0 1 1 1 0 1 0 0
100	1	1 1 1 0 0 0 1 0 1 0 0 0 0 1 0 1 0 0 0 0
100	1	0 1 0 0 0 0 1 0 1 0 0 1 0 1 0 0 0 0 1 0
100	1	0 0 1 0 0 0 1 0 1 0 0 0 0 1 0 0 0 0 1 0
100	1	0 0 1 0 0 0 1 1 1 0 0 0 0 1 1 0 0 0 1 0
100	1	1 0 1 0 0 0 0 0 1 0 0 0 0 0 0 0 0 0 1 1
100	1	0 0 1 0 0 0 1 0 1 0 1 0 1 1 0 1 0 1 0 0
100	1	0 1 1 0 0 0 1 0 1 0 0 0 1 1 0 0 0 0 1 0
100	1	1 0 1 0 0 0 0 1 1 0 0 0 0 0 0 0 0 0 1 0
100	1	0 1 0 0 0 0 0 1 0 1 1 0 1 1 0 1 0 1 1 0
100	1	0 1 1 0 0 0 1 0 1 0 0 1 0 0 0 0 0 0 1 0
100	1	1 1 1 1 0 0 1 1 0 1 0 0 1 1 0 1 0 0 1 1
100	1	0 1 1 0 0 0 1 0 0 1 0 0 1 1 1 1 0 0 1 1
120	3	0 0 0 0 1 0 0 0 0 1 0 0 0 1 0 1 0 0 0 0
120	10	0 0 1 0 0 0 1 0 1 0 0 0 0 1 0 1 0 0 0 0
120	4	0 0 1 0 0 0 1 0 1 0 0 0 0 1 1 1 0 0 0 0
120	5	0 0 1 0 0 0 1 1 0 1 0 0 0 1 0 1 0 0 0 0
120	11	0 1 1 0 0 0 1 0 1 0 0 0 0 1 0 1 0 0 0 0
120	2	1 0 1 0 0 0 1 1 0 1 0 0 1 1 0 1 0 0 0 0
120	2	0 0 1 0 0 0 1 0 1 0 0 0 1 1 0 0 0 0 1 0
120	2	1 0 1 0 0 0 0 1 0 1 0 0 0 1 0 1 1 0 0 0
120	3	0 0 1 1 0 0 1 1 0 1 0 0 0 1 0 1 0 0 1 0
120	1	1 0 1 0 0 0 1 1 1 0 0 0 0 1 1 0 1 0 1 0
120	7	1 0 1 0 0 0 1 1 1 0 1 1 0 0 0 0 0 0 0 0
120	1	0 0 1 0 0 0 1 0 1 0 0 0 0 0 0 0 0 0 0 0
120	13	0 1 1 1 1 0 1 0 1 0 0 1 0 1 0 1 0 0 0 0
120	1	1 0 1 0 0 0 1 1 1 0 0 0 0 1 1 0 0 1 0 0
120	1	0 0 0 0 1 0 1 0 0 1 0 0 0 1 0 1 0 0 1 0
120	2	0 1 1 0 0 0 1 0 1 0 0 1 0 1 0 0 0 0 1 0
120	1	1 0 1 0 0 0 1 0 1 0 0 0 0 1 0 0 0 1 0 0
120	1	0 1 1 1 1 0 1 0 0 1 0 0 0 1 0 1 0 0 1 0
120	5	0 0 0 0 1 0 0 0 0 1 0 0 1 0 0 1 0 0 0 0
120	7	1 0 1 1 0 0 1 0 1 0 1 1 0 0 0 0 0 0 0 0
120	4	0 0 1 0 0 1 1 0 1 0 0 0 0 1 0 1 0 0 0 0
120	3	1 0 1 0 0 0 1 0 1 0 0 0 0 1 1 0 0 0 0 0
120	2	1 0 1 0 0 0 1 0 1 0 0 0 1 1 0 0 0 0 0 0
120	1	0 1 1 0 0 0 1 0 0 1 0 0 1 1 0 1 0 0 1 1
120	5	1 0 1 0 0 0 1 0 1 0 0 0 0 1 0 1 0 0 0 0
120	1	0 1 1 1 1 0 1 0 1 0 0 1 0 1 1 0 0 1 0 0
120	1	0 0 1 0 0 0 1 0 1 0 0 0 0 1 0 0 0 0 1 0
120	1	1 0 1 0 0 0 1 0 0 0 0 0 1 1 0 1 0 0 0 0
120	3	1 0 1 0 0 0 0 0 1 0 0 0 0 0 0 0 0 0 1 1
120	1	0 0 1 0 0 0 1 0 1 0 1 0 1 1 0 1 0 1 0 0
120	9	1 0 1 0 0 0 0 1 0 1 0 0 0 1 0 1 0 0 0 0
120	2	1 0 1 0 0 0 1 1 1 0 0 0 0 1 0 0 0 0 1 0
120	2	0 0 1 0 0 0 0 0 1 0 0 0 0 0 0 0 0 0 1 0
120	3	0 1 1 1 1 0 1 0 1 0 0 0 0 1 0 1 0 1 0 0
120	1	0 1 1 0 0 0 1 0 1 0 0 0 0 1 0 0 0 0 0 0
120	2	0 0 0 0 1 0 0 0 0 1 0 0 1 0 0 1 1 0 0 0
120	1	1 0 1 0 0 0 1 1 0 1 0 0 0 1 0 1 1 0 0 0
120	2	0 0 1 0 0 0 0 1 0 1 0 0 0 1 0 1 0 0 0 0
120	1	0 1 1 1 1 0 1 1 1 0 0 1 0 1 0 1 0 0 0 0
120	1	1 0 1 0 0 0 1 1 0 1 0 0 0 1 0 1 0 0 0 0
120	5	0 1 1 1 1 0 1 0 1 0 0 0 0 1 1 1 0 0 0 0
120	1	0 0 1 1 0 0 1 1 0 1 0 0 0 1 0 1 0 1 0 0
120	4	0 0 1 1 0 0 0 1 1 0 0 0 1 1 0 1 0 0 0 0
120	1	1 0 1 0 1 0 1 0 1 0 1 0 0 1 0 0 0 1 0 0
120	3	0 0 0 0 1 0 1 0 0 1 0 0 1 1 1 1 0 0 1 1
120	3	1 0 1 0 0 0 1 1 1 0 0 0 0 1 1 1 0 0 0 0
120	1	0 0 1 1 0 0 0 1 1 0 0 0 0 1 1 0 0 0 1 1
120	2	0 0 0 0 1 0 0 0 0 1 0 0 0 1 0 0 0 0 0 0
120	2	0 0 1 0 0 1 1 1 0 1 0 0 0 1 1 1 0 0 1 0
120	1	0 0 1 0 0 0 0 0 1 0 0 0 0 1 0 1 0 0 0 0
120	2	1 1 1 1 1 0 1 0 1 0 0 0 0 1 0 1 0 0 0 0
120	1	1 0 1 0 0 0 1 0 1 1 0 0 1 1 0 1 0 0 0 0
120	2	0 1 1 0 0 0 1 0 1 0 0 1 0 1 0 1 0 0 1 1
120	1	1 0 1 1 0 0 1 1 0 1 0 0 1 1 0 1 0 0 0 0
120	1	1 1 1 1 1 0 1 0 1 0 0 1 0 1 1 1 0 0 0 0
120	1	0 1 0 0 0 0 0 0 1 0 0 1 0 1 0 1 0 0 0 0
120	1	0 0 1 0 0 0 1 0 1 0 1 0 0 1 0 1 0 0 0 0
120	1	0 0 1 0 0 1 1 1 0 1 0 0 0 1 0 1 0 0 0 0
120	2	0 0 0 0 0 0 1 0 1 0 0 0 0 1 0 0 0 0 1 0
120	2	1 0 1 0 0 0 1 0 1 0 0 0 0 0 0 0 0 0 0 0
120	1	0 1 1 1 1 0 1 0 1 0 0 1 0 1 0 1 1 0 0 0
120	1	0 1 1 1 1 0 1 0 0 1 0 0 0 1 0 0 0 1 1 0
120	2	1 1 1 1 0 0 1 0 0 1 0 0 1 1 0 1 0 0 1 1
120	1	0 0 0 0 1 0 0 0 0 1 0 0 1 0 0 1 1 1 0 0
120	1	0 1 1 0 0 0 1 0 1 0 0 0 0 1 0 1 0 0 1 1
120	1	1 0 1 0 0 0 0 0 0 1 0 0 0 1 0 1 1 0 0 0
120	1	0 0 1 1 1 0 1 0 1 0 0 1 0 1 0 1 0 0 0 0
120	1	0 1 1 0 1 0 1 1 0 0 0 0 0 1 1 0 0 0 1 0
120	2	0 0 0 0 1 0 1 0 0 1 0 0 0 1 0 1 0 1 0 0
120	2	1 0 1 1 0 0 1 0 1 0 1 1 0 0 0 1 0 0 0 0
120	1	1 0 1 1 0 1 1 0 1 0 1 1 0 0 0 0 0 0 0 0
120	1	0 0 1 0 0 1 1 0 0 1 0 0 0 1 1 1 0 0 1 0
120	2	0 0 0 0 0 0 1 0 1 0 0 0 0 0 0 0 0 0 1 0
120	1	0 1 1 1 1 0 1 0 0 1 0 0 0 1 0 1 0 0 0 0
120	1	0 1 1 1 0 0 1 0 1 0 0 0 0 1 1 1 0 0 0 0
120	1	1 1 1 0 0 0 1 0 1 0 0 0 0 1 0 1 0 0 0 0
120	1	1 0 1 0 0 0 0 0 1 0 0 0 0 0 0 1 0 0 1 1
120	1	0 1 0 0 1 0 1 0 0 1 0 0 1 1 1 1 0 0 1 1
120	1	0 0 0 0 1 0 0 0 0 1 0 1 0 1 0 0 0 0 0 0
120	1	0 1 1 1 1 0 1 0 1 0 1 1 0 1 0 1 0 0 0 0
120	2	1 0 1 1 0 0 1 0 0 0 1 1 0 0 0 0 0 0 0 0
120	1	1 0 1 1 0 0 1 0 1 0 1 1 1 0 0 0 0 0 0 0
120	1	0 0 1 0 0 0 1 1 1 0 0 0 0 1 1 0 0 1 0 0
120	1	0 0 1 0 0 0 1 0 1 0 1 0 1 1 1 1 0 0 1 1
120	1	1 0 1 0 1 0 0 1 0 1 0 0 0 1 0 1 1 0 0 0
120	1	0 0 1 0 0 0 1 0 1 0 0 0 0 1 0 0 1 0 1 0
120	1	0 1 1 1 1 0 1 0 1 0 0 1 0 1 1 1 0 0 0 0
120	1	0 0 0 0 1 1 0 0 0 1 0 0 0 1 0 0 0 0 0 0
120	2	0 0 1 0 0 0 1 0 1 0 0 0 0 0 0 0 0 1 1 0
140	1	0 0 1 0 0 0 1 0 1 0 0 0 0 1 0 1 0 0 0 0
140	7	0 0 1 0 0 0 1 1 0 1 0 0 0 1 0 1 0 0 0 0
140	15	0 1 1 0 0 0 1 0 1 0 0 0 0 1 0 1 0 0 0 0
140	3	0 0 1 0 0 0 1 0 1 0 0 0 1 1 0 0 0 0 1 0
140	3	0 0 1 1 0 0 1 1 0 1 0 0 0 1 0 1 0 0 1 0
140	3	1 0 1 0 0 0 1 1 1 0 1 1 0 0 0 0 0 0 0 0
140	1	0 0 0 0 1 0 1 0 0 1 0 0 0 1 0 1 0 0 1 0
140	2	1 0 1 0 0 0 1 0 1 0 0 0 0 1 0 0 0 1 0 0
140	14	1 0 1 1 0 0 1 0 1 0 1 1 0 0 0 0 0 0 0 0
140	5	1 0 1 0 0 0 1 0 1 0 0 0 0 1 0 1 0 0 0 0
140	11	0 1 1 0 0 0 1 0 1 0 0 0 0 0 0 0 0 0 0 0
140	1	1 1 1 1 1 0 1 0 1 0 0 1 0 1 0 1 0 0 0 0
140	10	1 0 1 0 0 0 0 1 0 1 0 0 0 1 0 1 0 0 0 0
140	1	1 1 1 1 0 0 1 1 0 1 0 0 1 1 0 1 0 0 1 1
140	2	1 0 1 0 0 0 0 1 0 1 0 0 0 1 0 0 1 0 0 0
140	8	0 1 1 1 1 0 1 0 1 0 0 0 0 1 1 1 0 0 0 0
140	1	0 0 1 1 0 0 0 1 1 0 0 0 1 1 0 1 0 0 0 0
140	6	0 0 0 0 1 0 1 0 0 1 0 0 1 1 1 1 0 0 1 1
140	1	1 0 1 0 0 0 1 1 1 0 0 0 0 1 1 1 0 0 0 0
140	1	0 0 1 0 0 0 1 0 1 0 0 0 0 0 0 1 0 0 0 0
140	4	1 0 1 0 0 0 1 0 1 0 0 0 0 0 0 0 0 0 0 0
140	1	0 0 1 0 0 0 1 0 1 0 1 0 0 1 0 1 0 0 0 1
140	2	1 0 1 1 0 0 1 0 1 0 1 1 0 0 0 1 0 0 0 0
140	2	0 1 1 1 1 0 1 0 0 1 0 0 0 1 0 1 0 0 0 0
140	1	1 0 1 0 0 0 1 0 1 0 0 0 0 1 0 1 1 0 0 0
140	5	0 0 1 0 0 0 0 1 0 1 1 0 0 1 0 1 0 0 0 0
140	2	0 1 1 0 0 0 1 0 1 0 1 1 0 1 0 0 0 0 1 0
140	1	0 1 1 1 1 0 1 0 1 0 0 0 1 1 0 0 0 0 1 0
140	2	0 0 1 0 0 0 0 0 1 0 0 1 0 1 0 1 0 0 0 0
140	3	1 0 1 1 1 0 1 0 1 0 0 0 0 1 0 1 0 0 0 0
140	1	0 1 1 1 1 0 1 1 1 1 0 0 0 1 0 1 0 0 0 1
140	2	1 0 1 1 1 0 1 0 1 0 1 1 0 0 0 0 0 0 0 0
140	6	0 0 1 1 0 0 1 1 0 0 0 0 0 1 0 1 0 0 0 0
140	1	1 0 1 0 0 0 1 0 1 0 0 0 0 0 0 0 0 0 1 1
140	2	1 0 1 1 0 0 1 0 1 0 1 1 0 0 0 1 0 1 0 0
140	1	1 1 1 1 0 0 1 0 1 0 1 1 0 0 0 1 0 0 0 0
140	2	1 0 1 1 0 0 1 0 1 0 0 1 0 0 0 0 0 0 0 0
140	5	0 0 0 0 1 1 0 0 0 1 0 1 0 1 0 0 0 0 0 0
140	6	1 0 1 0 0 0 1 0 1 0 0 1 0 1 0 1 0 0 0 0
140	2	1 0 1 1 0 0 1 0 0 1 0 0 1 1 0 1 0 0 1 1
140	2	0 1 1 0 1 0 1 1 0 0 0 0 0 1 0 0 0 0 1 0
140	2	1 0 1 1 0 0 1 0 1 0 0 0 0 1 0 1 0 0 0 0
140	2	0 1 1 0 0 0 0 0 1 0 0 0 0 1 0 1 0 0 0 0
140	1	0 0 0 1 0 0 1 1 0 1 0 0 0 1 0 1 0 0 1 0
140	1	1 0 1 0 0 0 0 1 1 0 0 0 0 1 0 0 0 0 1 0
140	2	1 1 1 0 0 0 1 0 1 0 1 1 0 0 0 0 0 0 0 0
140	2	0 0 1 0 0 0 1 0 1 0 0 1 0 0 0 1 0 1 0 0
140	2	0 1 1 1 1 0 1 0 0 0 0 1 0 1 0 1 0 0 0 0
140	1	1 0 1 0 0 0 0 1 0 1 0 0 0 1 0 1 0 1 0 0
140	1	1 0 1 1 1 0 1 0 1 0 1 1 0 1 0 0 0 0 0 0
140	1	0 1 1 0 0 0 1 0 1 1 0 0 0 1 0 1 0 0 0 0
140	3	0 1 1 1 0 0 1 0 1 0 0 0 0 0 0 0 0 0 0 0
140	1	1 0 1 0 0 0 1 0 1 0 0 0 0 0 0 1 0 0 1 1
140	2	0 0 1 0 0 0 1 1 0 1 0 0 0 1 0 1 1 0 0 0
140	2	0 0 1 1 0 0 1 1 0 1 0 0 0 1 0 1 1 1 0 0
140	1	1 0 1 1 0 0 1 0 1 0 0 1 0 0 0 0 0 0 0 1
140	2	1 0 1 0 0 1 0 1 0 1 0 0 0 1 0 1 0 1 0 0
140	3	1 0 1 0 0 0 1 0 0 0 1 0 1 1 0 1 1 0 0 0
140	1	1 1 1 1 1 0 1 0 0 1 0 0 1 1 0 1 0 0 1 1
140	3	0 0 1 0 0 0 1 0 1 0 0 0 0 1 0 1 0 1 0 0
140	1	0 1 1 0 0 0 1 0 1 0 0 0 0 1 1 1 0 0 0 0
140	1	0 1 1 1 1 0 1 0 1 0 0 0 0 1 1 1 1 0 0 0
140	1	1 1 1 0 0 0 1 0 1 0 1 1 0 1 0 0 0 0 1 0
140	1	1 0 1 0 0 0 0 0 1 0 1 0 0 1 0 0 0 0 0 0
140	1	0 1 1 0 0 0 1 0 1 0 0 0 0 1 0 1 0 0 1 0
140	1	0 1 1 0 0 0 1 0 1 0 0 0 0 1 0 0 0 0 0 0
140	1	0 1 1 0 0 0 0 0 1 0 0 0 0 0 0 0 0 0 0 0
140	1	1 0 1 0 0 0 0 1 0 1 0 0 0 0 0 1 0 0 0 0
140	1	0 0 1 0 0 0 1 0 1 0 0 0 1 1 0 0 0 0 0 0
140	1	1 0 1 1 0 0 1 1 1 0 0 0 0 1 0 1 0 1 0 0
140	1	1 0 1 1 0 0 1 1 1 0 1 1 0 0 0 0 0 0 0 0
140	1	1 0 1 0 1 0 1 0 1 0 0 0 0 0 0 0 0 0 0 0
140	1	0 0 1 1 0 0 1 1 0 0 0 0 0 1 0 0 0 0 0 0
140	1	1 0 0 1 0 0 1 0 1 0 1 1 0 0 0 0 0 0 0 0
140	1	0 0 0 0 1 0 0 0 0 1 0 0 0 1 0 0 0 0 0 0
140	2	0 1 1 1 0 0 1 0 1 0 0 0 0 0 0 1 0 0 0 0
140	1	1 0 1 1 0 0 0 0 0 0 1 1 0 0 0 0 0 0 0 0
160	3	0 0 1 0 0 0 1 0 1 0 0 0 0 1 0 1 0 0 0 0
160	26	0 1 1 0 0 0 1 0 1 0 0 0 0 1 0 1 0 0 0 0
160	12	1 0 1 1 0 0 1 0 1 0 1 1 0 0 0 0 0 0 0 0
160	10	0 1 1 0 0 0 1 0 1 0 0 0 0 0 0 0 0 0 0 0
160	2	1 1 1 1 1 0 1 0 1 0 0 1 0 1 0 1 0 0 0 0
160	14	1 0 1 0 0 0 0 1 0 1 0 0 0 1 0 1 0 0 0 0
160	8	0 1 1 1 1 0 1 0 1 0 0 0 0 1 1 1 0 0 0 0
160	3	0 0 1 0 0 0 1 0 1 0 0 0 0 0 0 1 0 0 0 0
160	1	1 0 1 0 0 0 1 0 1 0 0 0 0 0 0 0 0 0 0 0
160	2	0 1 1 1 1 0 1 0 0 1 0 0 0 1 0 1 0 0 0 0
160	8	1 0 1 1 1 0 1 0 1 0 0 0 0 1 0 1 0 0 0 0
160	1	1 0 1 0 0 0 1 1 1 0 0 0 0 1 0 1 0 1 0 0
160	1	0 0 0 0 0 0 1 1 0 1 0 0 0 1 0 1 0 0 0 0
160	3	0 0 1 1 0 0 1 1 0 0 0 0 0 1 0 1 0 0 0 0
160	7	1 0 1 0 0 0 1 0 1 0 0 0 0 0 0 0 0 0 1 1
160	1	1 1 1 1 0 0 1 0 1 0 1 1 0 0 0 1 0 0 0 0
160	1	0 1 1 1 1 0 1 1 1 1 0 0 0 1 0 1 0 0 1 1
160	1	1 0 1 1 0 0 1 0 0 1 0 0 1 1 0 1 0 0 1 1
160	2	0 0 0 1 0 0 1 1 0 1 0 0 0 1 0 1 0 0 1 0
160	1	0 1 1 0 0 0 1 0 0 1 0 0 1 1 1 1 0 0 1 1
160	1	0 1 1 1 0 0 1 0 1 0 0 0 0 0 0 0 0 0 0 0
160	8	0 1 1 1 1 0 1 0 0 1 0 0 0 1 0 1 0 1 0 0
160	6	1 0 1 0 0 0 0 0 1 0 1 0 0 1 0 0 0 0 0 0
160	1	1 0 1 1 0 0 1 0 1 0 1 0 0 1 0 1 0 0 0 1
160	2	1 0 1 0 0 0 0 1 0 1 0 0 0 1 0 1 0 0 1 0
160	1	0 1 1 1 1 0 1 0 0 1 0 1 0 1 0 1 0 0 0 0
160	2	1 0 1 0 0 0 1 0 1 0 0 1 0 1 0 1 0 0 0 1
160	1	1 0 1 1 1 0 1 0 1 0 0 0 0 1 0 0 0 0 0 0
160	2	0 1 1 0 0 0 1 0 1 0 1 0 0 1 0 1 0 0 0 1
160	5	0 1 1 0 1 0 1 0 1 0 0 0 0 1 0 1 0 0 0 0
160	1	1 1 1 0 0 0 1 0 0 0 0 1 0 1 0 1 0 0 0 0
160	1	0 0 1 0 0 0 1 1 0 0 0 0 0 1 0 0 0 0 1 0
160	1	0 1 1 0 0 0 1 0 1 1 0 0 0 1 0 1 0 0 0 0
160	6	1 0 1 1 1 0 1 0 0 0 1 1 0 0 0 0 0 0 0 0
160	2	0 1 1 1 0 0 1 0 0 1 0 0 1 1 0 1 0 0 1 1
160	2	1 0 1 0 0 0 0 1 0 1 0 0 0 0 0 0 0 0 0 0
160	1	0 1 1 0 1 0 1 1 0 0 0 0 0 0 0 0 0 0 1 0
160	1	0 1 1 0 0 0 1 0 1 0 0 0 0 1 1 1 1 0 0 0
160	1	1 0 1 0 0 0 1 0 1 0 1 1 0 0 0 0 0 0 0 0
160	1	0 0 0 0 1 0 1 0 1 1 0 0 1 1 1 1 0 0 1 1
160	1	1 0 1 0 1 0 1 0 1 0 0 0 0 0 0 0 0 0 0 0
160	1	1 0 1 0 0 0 0 1 0 1 0 0 0 0 0 1 0 1 0 0
160	1	1 0 1 1 0 0 0 0 1 0 1 1 0 0 0 0 0 0 0 0
160	2	1 0 1 0 1 0 1 0 0 1 0 0 0 1 0 1 0 0 0 0
160	3	1 0 1 0 0 0 0 1 0 1 0 0 0 1 0 0 0 0 0 0
160	4	1 0 1 0 1 0 1 0 1 0 0 1 0 1 0 1 0 0 0 1
160	1	1 0 1 1 0 0 1 0 0 0 1 1 0 0 0 0 0 0 0 0
160	4	0 1 1 0 0 0 1 0 1 0 0 0 1 0 0 0 0 0 0 0
160	2	0 1 1 0 0 1 1 0 1 0 0 0 0 1 1 1 0 0 0 0
160	1	1 0 1 1 0 0 1 1 1 0 0 0 0 1 0 1 0 0 0 0
160	1	1 1 1 0 0 0 1 0 1 0 0 0 0 0 0 0 0 0 0 0
160	1	0 1 1 0 0 0 1 0 1 0 0 0 0 1 0 0 0 0 0 0
160	1	1 0 0 0 0 0 1 0 1 0 0 0 0 1 0 0 0 1 0 0
160	2	0 1 1 1 0 0 1 0 0 1 0 0 0 1 0 1 0 0 0 0
160	1	0 1 1 1 1 0 1 0 0 1 0 0 1 1 0 1 0 1 0 0
160	1	1 1 1 1 1 0 1 0 0 1 0 0 0 1 0 1 0 1 0 0
160	2	1 1 1 0 0 0 1 0 0 0 0 1 0 1 0 1 0 1 0 0
160	1	1 1 1 1 0 0 1 0 1 1 0 0 1 1 0 1 0 1 0 0
160	1	1 0 1 0 0 0 1 0 1 0 0 1 0 1 0 0 0 0 1 0
160	1	1 0 1 0 0 0 1 0 1 0 0 0 0 1 0 0 0 0 0 0
160	2	0 1 1 0 0 0 1 0 1 0 0 1 0 0 0 0 0 0 0 0
160	1	0 0 0 1 0 0 1 1 0 1 0 0 0 1 0 1 0 1 1 0
160	1	0 1 1 0 0 0 1 0 1 0 0 0 0 1 0 1 1 0 0 0
160	1	0 1 1 0 0 0 1 0 1 0 0 0 0 1 0 0 0 1 0 0
160	2	0 1 0 0 0 0 1 0 1 0 0 0 0 0 0 0 0 0 0 0
160	1	1 0 1 0 1 0 0 1 0 1 0 0 0 0 0 0 0 0 0 0
160	1	1 0 1 0 0 0 0 0 1 0 0 0 0 1 0 0 0 0 1 1
160	1	0 1 1 0 0 0 0 1 0 1 0 0 1 1 0 1 0 0 0 0
160	1	1 0 1 0 0 0 0 1 0 1 0 0 1 0 0 0 0 0 0 0
160	1	1 0 1 1 0 0 1 1 1 0 0 1 0 1 0 1 0 0 0 0
160	1	0 1 1 1 1 0 1 0 1 0 0 0 0 1 0 1 0 0 0 0
160	1	1 0 1 0 0 0 1 1 1 0 0 1 0 1 0 1 0 0 0 1
160	1	1 0 1 0 1 0 0 0 0 1 0 0 0 1 0 1 0 0 1 0
180	10	0 1 1 0 0 0 1 0 1 0 0 0 0 1 0 1 0 0 0 0
180	11	1 0 1 1 0 0 1 0 1 0 1 1 0 0 0 0 0 0 0 0
180	14	0 1 1 0 0 0 1 0 1 0 0 0 0 0 0 0 0 0 0 0
180	16	1 0 1 0 0 0 0 1 0 1 0 0 0 1 0 1 0 0 0 0
180	17	1 0 1 1 1 0 1 0 1 0 0 0 0 1 0 1 0 0 0 0
180	2	1 0 1 0 0 0 1 0 1 0 0 0 0 0 0 0 0 0 1 1
180	1	1 1 1 1 0 0 1 0 1 0 1 1 0 0 0 1 0 0 0 0
180	1	1 0 1 0 0 1 0 1 0 1 0 0 0 1 0 1 0 0 0 0
180	2	1 0 1 0 0 0 0 0 1 0 1 0 0 1 0 0 0 0 0 0
180	15	0 1 1 0 1 0 1 0 1 0 0 0 0 1 0 1 0 0 0 0
180	3	1 1 1 0 0 0 1 0 0 0 0 1 0 1 0 1 0 0 0 0
180	1	1 0 1 0 0 0 0 1 0 1 0 0 0 0 0 0 0 0 0 0
180	2	1 0 1 0 0 0 1 0 1 0 1 1 0 0 0 0 0 0 0 0
180	11	1 0 1 0 0 0 0 1 0 1 0 0 0 1 0 0 0 0 0 0
180	1	1 0 1 0 1 0 1 0 1 0 0 1 0 1 0 1 0 0 0 1
180	5	0 1 1 0 0 0 1 0 1 0 0 0 0 1 0 0 0 0 0 0
180	3	0 1 1 1 0 0 1 0 0 1 0 0 0 1 0 1 0 0 0 0
180	1	0 0 0 0 1 0 0 1 0 1 0 0 0 1 0 1 0 0 0 0
180	2	1 1 1 0 0 0 1 0 0 0 0 1 0 1 0 1 0 1 0 0
180	1	1 1 1 1 0 0 1 0 1 1 0 0 1 1 0 1 0 1 0 0
180	2	0 1 1 0 0 0 1 0 1 0 1 1 0 0 0 0 0 0 0 0
180	5	0 0 1 1 0 0 1 1 0 0 0 0 0 1 0 1 0 0 0 1
180	2	1 0 1 0 1 0 0 1 0 1 0 0 0 0 0 0 0 0 0 0
180	1	1 1 1 0 1 0 1 0 1 0 0 0 0 1 0 1 0 0 0 0
180	2	1 0 1 1 0 0 1 0 0 1 0 0 0 0 0 0 0 0 0 0
180	1	0 1 1 0 0 1 1 0 1 0 0 0 0 1 0 1 0 0 0 0
180	1	1 0 1 0 0 0 1 0 1 0 0 1 1 1 0 1 0 0 0 1
180	3	0 1 1 0 0 0 0 1 0 1 0 0 0 0 0 0 0 0 0 0
180	1	0 1 1 1 0 0 1 0 1 0 1 1 0 0 0 0 0 0 0 0
180	2	0 0 0 0 1 0 1 0 1 1 0 0 1 1 1 1 0 0 1 0
180	1	0 1 1 1 1 0 1 0 1 0 0 0 0 1 1 0 0 0 0 0
180	1	1 1 1 0 0 0 1 0 1 0 0 0 0 1 1 1 0 0 0 0
180	1	1 0 1 0 1 0 1 0 1 0 0 1 0 1 1 1 0 0 0 1
180	1	1 1 1 0 0 0 1 0 1 0 0 0 0 1 0 1 1 0 0 0
180	5	0 1 1 1 0 0 1 0 1 0 1 1 0 0 1 0 0 0 0 0
180	2	1 1 1 0 0 0 1 0 1 0 0 0 0 1 0 1 0 0 0 0
180	1	0 1 1 1 1 0 1 0 0 1 0 0 0 1 0 0 0 0 0 0
180	1	1 0 1 0 0 0 1 1 1 0 1 0 0 1 1 0 0 0 0 0
180	1	1 0 1 1 0 0 0 1 0 1 0 0 0 1 0 1 0 0 0 0
180	1	0 1 1 0 0 0 1 0 1 0 0 0 0 1 1 0 0 0 0 0
180	1	1 0 1 0 0 0 1 0 1 0 0 0 1 1 0 1 0 0 0 1
180	1	1 0 1 0 0 0 0 0 1 0 0 0 0 0 0 0 0 0 0 0
180	1	1 0 1 1 0 0 1 0 0 1 0 0 0 0 0 1 0 0 0 1
180	3	0 1 1 0 0 0 1 0 1 0 0 0 0 0 0 1 1 0 0 0
180	4	1 0 1 1 0 0 1 1 1 0 1 1 0 0 0 0 0 0 0 0
180	1	0 1 1 0 1 0 1 0 1 0 0 0 0 1 0 0 0 0 0 0
180	1	1 0 1 0 0 0 1 0 0 0 0 1 0 1 0 1 0 0 0 0
180	3	1 1 1 1 1 0 1 0 1 0 0 0 0 1 1 1 0 0 0 0
180	1	1 1 0 0 0 0 1 0 0 0 0 1 0 1 0 1 0 0 0 0
180	1	0 1 1 1 0 0 1 0 0 0 0 1 0 0 0 0 0 0 0 0
180	3	1 0 1 0 1 0 1 0 1 0 0 1 0 1 0 1 0 0 0 0
180	3	0 1 1 1 0 0 1 0 0 0 0 1 0 1 0 1 0 1 0 0
180	1	0 1 1 0 0 0 1 0 0 0 0 0 0 1 0 1 0 0 0 0
180	1	0 1 1 0 0 0 1 0 1 0 0 0 1 1 0 1 1 0 0 0
180	2	0 1 1 0 0 0 1 0 1 0 0 0 0 1 1 0 0 1 0 0
180	2	1 0 1 0 0 1 0 1 0 1 0 0 0 1 0 1 0 1 0 0
180	2	0 1 1 1 1 0 1 0 1 0 0 0 0 1 0 1 0 0 0 0
180	1	0 1 1 0 0 0 1 0 1 0 0 0 0 0 0 0 1 0 0 0
180	1	0 1 1 1 0 0 1 0 1 0 1 1 0 1 0 0 0 0 0 0
180	1	1 0 1 0 0 0 1 0 0 0 1 1 0 1 0 1 0 1 0 0
180	1	1 1 1 0 0 0 1 0 1 0 1 1 0 0 0 1 0 0 0 0
180	1	1 0 1 1 0 0 1 0 1 0 0 0 0 1 0 1 0 0 0 0
180	1	1 1 1 0 1 0 1 0 1 0 0 1 0 1 0 1 0 0 0 0
180	1	0 1 1 1 0 0 1 0 0 0 0 1 0 0 0 1 0 1 0 0
180	1	1 1 1 0 0 1 0 1 0 1 0 0 0 1 0 1 0 0 0 0
180	2	1 1 1 0 0 0 1 0 1 0 1 1 0 0 0 0 0 0 0 0
180	1	1 0 1 0 0 0 1 0 1 0 0 0 0 1 0 0 0 0 0 0
180	1	1 0 1 0 0 0 1 1 1 0 0 0 0 1 0 1 0 0 0 0
180	1	1 1 1 0 0 0 1 0 0 0 0 0 0 1 0 1 0 0 0 0
180	1	1 1 1 1 0 0 1 0 1 1 0 0 1 1 1 1 0 1 0 0
180	1	1 1 0 0 1 0 1 0 0 0 0 1 0 1 0 1 0 0 0 0
200	1	0 1 1 0 0 0 1 0 1 0 0 0 0 1 0 1 0 0 0 0
200	7	1 0 1 1 0 0 1 0 1 0 1 1 0 0 0 0 0 0 0 0
200	8	0 1 1 0 0 0 1 0 1 0 0 0 0 0 0 0 0 0 0 0
200	15	1 0 1 0 0 0 0 1 0 1 0 0 0 1 0 1 0 0 0 0
200	1	0 1 1 1 1 0 1 0 1 0 0 0 0 1 1 1 0 0 0 0
200	8	1 0 1 1 1 0 1 0 1 0 0 0 0 1 0 1 0 0 0 0
200	3	1 0 1 0 0 1 0 1 0 1 0 0 0 1 0 1 0 0 0 0
200	9	0 1 1 0 1 0 1 0 1 0 0 0 0 1 0 1 0 0 0 0
200	2	1 0 1 0 0 0 0 1 0 1 0 0 0 1 0 0 0 0 0 0
200	3	1 0 1 1 0 0 1 0 0 1 0 1 0 0 0 0 0 0 0 0
200	6	1 1 1 0 0 0 1 0 0 0 0 1 0 1 0 1 0 1 0 0
200	3	0 1 1 0 0 0 1 0 1 0 1 1 0 0 0 0 0 0 0 0
200	2	0 1 1 0 0 0 1 0 1 0 0 0 0 1 0 1 1 0 0 0
200	3	0 0 1 1 0 0 1 1 0 0 0 0 0 1 0 1 0 0 0 1
200	5	0 1 1 0 0 1 1 0 1 0 0 0 0 1 0 1 0 0 0 0
200	2	0 1 1 1 0 0 1 0 1 0 1 1 0 0 0 0 0 0 0 0
200	1	0 0 0 0 1 0 1 0 1 1 0 0 1 1 1 1 0 0 1 0
200	1	1 0 1 1 0 0 1 0 0 1 0 1 0 0 0 0 0 1 0 0
200	3	0 1 1 1 0 0 1 0 1 0 1 1 0 0 1 0 0 0 0 0
200	1	1 1 1 0 0 0 1 0 1 0 0 0 0 1 0 1 0 0 0 0
200	2	0 1 1 1 1 0 1 0 0 1 0 0 0 1 0 0 0 0 0 0
200	7	0 1 1 0 0 0 1 0 1 0 0 0 0 0 0 1 1 0 0 0
200	3	1 1 1 1 1 0 1 0 1 0 0 0 0 1 1 1 0 0 0 0
200	1	1 0 1 0 0 0 0 1 0 1 0 0 0 0 0 1 0 0 0 0
200	3	0 1 1 0 0 0 0 1 1 1 0 0 0 1 0 1 0 0 0 0
200	2	1 0 1 0 1 0 1 0 1 0 0 1 0 1 0 1 0 0 0 0
200	2	0 1 1 1 0 0 1 0 0 0 0 1 0 1 0 1 0 1 0 0
200	1	0 1 1 0 0 0 1 0 1 0 0 0 1 1 0 1 1 0 0 0
200	4	1 0 1 0 0 1 0 1 0 1 0 0 0 1 0 1 0 1 0 0
200	4	0 1 1 1 1 0 1 0 1 0 0 0 0 1 0 1 0 0 0 0
200	1	1 0 1 0 0 0 1 0 0 1 0 0 0 0 0 0 0 0 0 0
200	1	0 1 1 0 0 0 1 0 1 0 0 0 0 1 0 1 0 1 0 0
200	1	0 1 1 0 0 0 1 0 1 0 1 0 0 1 0 1 0 0 0 0
200	2	0 1 1 1 1 0 1 0 1 0 0 1 0 1 1 1 0 0 0 0
200	5	1 1 1 0 1 0 1 0 1 0 0 1 0 1 0 1 0 0 0 0
200	3	1 1 1 0 0 0 1 0 0 0 0 1 0 1 0 1 0 0 1 0
200	2	1 0 1 1 1 1 1 0 1 0 0 0 0 1 0 1 0 0 0 0
200	3	1 1 1 0 0 0 1 0 0 0 0 1 0 1 1 1 0 0 0 0
200	1	1 0 1 1 0 0 1 0 0 1 0 0 0 1 0 1 0 0 0 0
200	1	0 1 1 0 0 0 1 0 1 0 0 0 0 0 0 1 0 0 0 0
200	2	0 1 1 1 1 0 1 0 0 0 0 0 0 1 0 1 0 0 0 1
200	1	1 1 1 0 0 0 1 0 0 0 0 0 0 1 0 1 0 0 1 0
200	1	1 0 1 0 0 0 0 1 1 0 0 0 1 1 0 1 0 0 0 0
200	1	1 0 1 0 1 0 1 1 1 0 0 0 0 1 0 1 0 0 0 0
200	4	0 1 1 0 0 0 1 0 1 0 0 0 0 0 0 0 0 0 0 1
200	1	1 0 1 0 0 0 0 1 1 0 0 0 1 1 1 1 1 0 0 0
200	1	1 0 1 0 0 0 1 0 1 0 1 1 0 1 0 1 0 0 0 0
200	3	1 0 1 1 0 1 1 0 1 0 0 0 0 1 0 1 0 0 0 0
200	2	1 0 1 1 1 0 1 0 1 0 0 0 0 0 0 1 0 0 0 0
200	2	1 0 1 1 1 0 1 0 1 1 0 0 1 0 1 0 0 0 0 0
200	2	0 0 1 1 0 0 1 1 1 0 0 0 0 1 0 1 0 0 0 1
200	1	0 1 1 0 0 0 1 0 1 0 1 0 0 1 0 0 0 0 0 0
200	5	1 1 1 0 0 0 1 0 1 0 1 1 0 0 0 0 0 0 0 0
200	3	1 1 1 0 0 0 1 0 1 0 0 0 0 0 0 0 0 0 0 1
200	5	0 1 1 1 0 0 1 0 0 0 0 1 0 1 0 1 0 0 1 0
200	1	0 1 1 1 0 0 1 0 1 1 0 0 0 1 0 0 0 0 0 0
200	1	0 1 1 0 1 0 1 0 0 0 0 0 0 1 0 1 0 0 0 1
200	2	0 1 1 0 0 0 0 1 1 1 0 0 0 1 0 1 0 0 1 0
200	2	0 1 1 0 0 0 1 0 1 0 0 0 0 0 0 0 1 0 0 1
200	4	1 0 1 0 0 0 0 1 1 1 0 0 0 1 0 1 0 0 0 0
200	3	1 0 1 1 0 1 1 0 1 0 1 1 0 0 0 0 0 0 0 0
200	1	0 1 1 0 0 0 1 0 1 0 0 1 1 1 0 1 1 0 0 0
200	1	1 0 1 1 1 0 1 0 1 0 0 1 0 1 0 0 0 0 0 0
200	1	1 1 1 1 0 0 0 1 1 1 0 0 0 1 0 1 0 0 0 0
200	1	0 0 1 1 1 0 1 0 1 0 0 0 0 1 1 1 0 0 0 0
200	1	0 0 1 1 1 0 1 0 0 1 0 0 0 1 0 0 0 0 0 0
200	2	0 1 1 0 0 0 1 0 0 0 0 1 0 1 1 1 0 0 0 0
200	1	1 1 1 1 1 0 1 0 1 0 0 0 0 1 1 1 0 1 0 0
200	1	1 0 1 1 0 1 1 0 1 0 0 0 0 0 0 1 0 0 0 0
200	1	1 0 1 0 0 0 0 1 0 1 0 1 0 0 0 0 0 0 0 0
200	1	0 1 1 0 0 0 0 1 1 1 0 0 0 0 0 0 0 0 0 0
200	2	0 1 1 0 1 0 1 0 1 0 0 0 0 0 0 1 0 0 0 0
200	1	0 1 1 0 0 0 1 0 1 0 0 0 0 1 0 1 1 0 0 1
200	2	0 1 1 0 0 0 1 0 1 0 0 0 0 1 1 0 0 1 1 0
200	1	1 0 1 0 0 0 0 0 1 0 0 1 0 1 0 1 0 0 0 0
200	1	0 1 1 1 1 0 1 0 1 0 0 0 0 0 1 1 0 0 0 0
200	1	1 0 1 1 0 0 1 0 1 0 1 1 0 0 1 0 0 0 0 0
200	1	0 1 1 1 0 0 1 0 1 0 0 0 0 0 0 0 0 0 0 1
220	6	0 1 1 0 0 0 1 0 1 0 0 0 0 1 0 1 0 0 0 0
220	1	1 0 1 1 0 0 1 0 1 0 1 1 0 0 0 0 0 0 0 0
220	2	0 1 1 0 0 0 1 0 1 0 0 0 0 0 0 0 0 0 0 0
220	2	1 0 1 0 0 0 0 1 0 1 0 0 0 1 0 1 0 0 0 0
220	2	1 0 1 1 1 0 1 0 1 0 0 0 0 1 0 1 0 0 0 0
220	4	0 0 1 1 0 0 1 1 0 0 0 0 0 1 0 1 0 0 0 0
220	1	1 0 1 0 0 1 0 1 0 1 0 0 0 1 0 1 0 0 0 0
220	5	0 1 1 0 1 0 1 0 1 0 0 0 0 1 0 1 0 0 0 0
220	1	1 0 1 0 0 0 0 1 0 1 0 0 0 1 0 0 0 0 0 0
220	1	0 1 1 0 0 0 1 0 1 0 1 1 0 0 0 0 0 0 0 0
220	1	0 1 1 0 0 0 1 0 1 0 0 0 0 1 0 1 1 0 0 0
220	1	0 1 1 0 0 1 1 0 1 0 0 0 0 1 0 1 0 0 0 0
220	1	0 1 1 0 0 0 1 0 1 0 0 0 0 0 0 1 1 0 0 0
220	1	1 0 1 0 0 0 0 1 0 1 0 0 0 0 0 1 0 0 0 0
220	2	0 1 1 0 0 0 0 1 1 1 0 0 0 1 0 1 0 0 0 0
220	6	1 0 1 0 0 1 0 1 0 1 0 0 0 1 0 1 0 1 0 0
220	8	0 1 1 1 1 0 1 0 1 0 0 0 0 1 0 1 0 0 0 0
220	1	0 1 1 0 0 0 1 0 1 0 1 0 0 1 0 1 0 0 0 0
220	7	1 1 1 0 1 0 1 0 1 0 0 1 0 1 0 1 0 0 0 0
220	1	1 0 1 0 0 0 1 0 1 0 0 0 0 1 0 0 0 0 0 0
220	13	1 1 1 0 0 0 1 0 0 0 0 1 0 1 0 1 0 0 1 0
220	9	1 0 1 1 1 0 1 0 1 0 0 1 0 1 0 1 0 0 0 0
220	11	1 0 1 1 1 1 1 0 1 0 0 0 0 1 0 1 0 0 0 0
220	1	1 1 1 0 0 0 1 0 0 0 0 1 0 1 1 1 0 0 0 0
220	3	0 1 1 0 0 0 1 0 1 0 1 0 0 1 0 0 0 0 0 0
220	2	1 1 1 1 1 0 1 0 1 0 1 1 0 0 0 0 0 0 0 0
220	2	0 1 1 0 0 0 0 1 1 1 0 0 0 1 0 1 0 0 1 0
220	1	0 0 1 1 1 0 1 0 1 0 0 0 0 1 1 1 0 0 0 0
220	3	0 1 1 1 0 0 0 1 0 1 0 0 0 1 0 1 0 0 0 0
220	1	0 1 1 1 1 0 1 0 1 0 0 1 0 0 0 0 0 0 0 1
220	3	1 0 1 0 0 0 0 1 1 0 0 0 0 1 1 1 0 0 0 0
220	1	0 1 1 0 0 0 1 0 1 0 0 0 0 0 0 1 1 1 0 0
220	1	0 1 1 0 1 0 1 0 1 1 0 0 0 1 0 1 0 0 0 0
220	3	0 1 1 1 1 0 1 0 1 0 0 0 0 0 1 1 0 0 0 0
220	2	1 0 1 1 0 0 1 0 1 0 0 0 0 1 0 1 0 0 0 0
220	3	0 1 1 0 0 0 1 0 1 0 1 1 0 1 0 1 0 1 0 0
220	3	1 0 1 1 1 0 0 1 0 1 0 0 0 1 0 0 0 0 0 0
220	1	1 1 1 0 0 0 1 0 0 0 0 0 0 1 0 1 0 0 0 0
220	1	1 1 1 0 0 1 1 0 1 0 1 1 0 0 0 0 0 0 0 0
220	1	1 0 1 1 0 0 1 0 1 0 1 0 0 0 0 0 0 0 0 1
220	8	0 0 1 0 0 1 0 0 0 1 0 1 0 0 0 0 0 0 0 0
220	1	1 0 1 0 0 0 0 1 1 1 0 0 0 1 0 0 0 0 0 1
220	1	1 0 1 0 0 1 0 1 0 1 0 0 0 1 1 1 0 0 0 0
220	5	0 1 1 1 1 0 0 1 1 0 0 0 0 1 0 1 0 0 0 0
220	4	0 1 1 1 0 0 1 0 0 0 0 1 0 1 0 0 0 0 0 0
220	1	1 1 1 1 0 0 1 1 0 0 0 0 0 1 0 1 0 0 0 1
220	1	1 1 1 0 0 0 1 0 1 0 0 0 0 0 0 0 0 0 0 0
220	2	1 0 1 1 1 0 1 0 1 0 0 1 0 1 0 1 0 0 0 1
220	2	1 0 1 0 0 1 0 1 0 0 1 1 0 1 0 1 0 0 1 0
220	2	0 0 1 0 0 0 0 1 1 0 0 1 1 1 0 1 0 0 0 1
220	1	1 1 1 0 0 0 0 1 0 1 0 0 0 1 0 0 0 0 0 0
220	1	1 1 1 0 0 0 1 0 1 0 1 0 0 0 0 0 0 0 0 1
220	1	1 0 1 1 1 0 1 1 1 0 0 1 0 1 0 0 0 0 0 0
220	2	0 1 1 1 1 0 0 0 1 0 1 1 0 0 0 0 0 0 0 1
220	2	1 1 1 0 0 0 1 0 0 1 0 0 0 1 0 0 0 0 0 0
220	3	1 0 1 1 1 1 1 0 1 0 0 0 0 1 0 1 0 1 0 0
220	1	1 0 1 1 0 1 1 0 0 1 0 1 0 0 0 0 0 0 0 0
220	1	1 0 1 1 0 0 1 0 0 1 0 1 0 0 0 0 0 1 0 0
220	1	0 1 1 1 1 0 1 0 1 0 0 0 0 0 1 1 0 0 0 1
220	1	1 1 1 0 0 0 1 0 0 0 0 1 0 1 0 0 0 0 0 0
220	1	1 0 1 1 0 0 1 0 1 1 1 1 0 0 0 0 0 0 0 0
220	2	0 1 1 0 0 0 1 0 1 0 0 0 0 1 0 0 0 0 0 0
220	1	1 0 1 0 0 1 0 1 0 1 0 0 0 0 0 1 0 1 0 0
220	1	0 1 1 1 1 0 1 1 1 0 0 0 0 1 0 1 0 0 0 0
220	2	1 1 1 1 0 0 1 1 0 0 0 0 0 1 0 0 0 0 0 1
220	2	1 0 0 0 0 0 0 1 0 1 0 0 0 0 0 0 0 0 0 0
220	2	1 1 1 0 0 1 1 0 1 0 1 1 0 0 1 1 0 1 0 0
220	1	1 0 1 1 1 0 1 0 1 0 0 1 0 0 0 0 0 0 0 1
220	1	0 1 1 1 1 1 1 0 1 0 0 0 0 1 0 1 0 0 0 0
220	1	1 1 1 1 1 0 1 0 1 0 0 0 0 1 0 1 0 0 0 0
220	1	1 1 1 0 0 0 1 0 0 0 0 1 0 1 0 1 0 0 0 0
220	2	0 1 1 0 1 1 1 0 1 0 0 0 0 1 0 1 0 0 0 0
220	1	1 0 1 1 1 1 1 0 1 0 0 0 0 1 0 1 0 0 1 0
220	1	1 1 1 1 1 1 1 0 1 0 0 0 0 1 0 1 0 0 0 0
220	1	1 0 1 0 0 0 0 1 1 1 0 0 0 1 0 1 0 1 0 0
220	2	1 0 1 1 0 0 1 0 1 0 0 0 0 1 0 1 1 0 0 0
220	3	0 1 1 0 0 0 1 0 1 0 0 0 0 0 0 1 0 0 0 0
220	1	1 1 1 0 0 1 0 0 0 1 0 1 0 0 0 0 0 0 0 0
220	1	1 1 1 1 0 0 1 0 1 0 1 1 0 0 0 0 0 0 0 0
220	2	0 1 1 0 1 0 1 0 1 0 0 0 0 1 0 0 0 0 0 0
220	1	1 1 1 1 1 0 0 0 1 0 1 1 0 0 0 0 0 0 0 0
220	1	1 0 1 0 0 1 0 1 0 1 0 0 0 0 1 1 0 0 0 0
220	1	0 1 1 1 1 0 0 1 1 0 0 0 0 0 0 1 0 0 0 0
220	2	1 0 1 1 0 0 0 0 0 1 0 0 0 0 0 0 0 0 0 0
220	1	0 1 1 1 1 0 1 0 1 0 1 1 0 0 0 0 0 0 0 0
220	1	1 1 1 0 0 0 0 1 1 0 0 0 0 1 1 1 0 0 0 0
220	1	0 1 1 0 1 0 1 0 1 0 0 0 0 1 0 1 1 0 0 0
220	2	1 0 1 0 0 0 0 0 1 0 0 0 0 1 1 1 0 0 0 0
220	1	1 1 0 0 0 0 1 0 0 0 0 0 0 1 0 1 0 0 0 0
240	2	1 0 1 1 0 0 1 0 1 0 1 1 0 0 0 0 0 0 0 0
240	5	0 1 1 0 0 0 1 0 1 0 0 0 0 0 0 0 0 0 0 0
240	5	0 1 1 0 1 0 1 0 1 0 0 0 0 1 0 1 0 0 0 0
240	3	0 1 1 0 0 0 1 0 1 0 1 1 0 0 0 0 0 0 0 0
240	3	0 1 1 0 0 0 1 0 1 0 0 0 0 0 0 1 1 0 0 0
240	6	1 0 1 0 0 0 0 1 0 1 0 0 0 0 0 1 0 0 0 0
240	1	1 0 1 0 0 1 0 1 0 1 0 0 0 1 0 1 0 1 0 0
240	11	0 1 1 1 1 0 1 0 1 0 0 0 0 1 0 1 0 0 0 0
240	2	1 1 1 0 0 0 1 0 0 0 0 1 0 1 0 1 0 0 1 0
240	2	1 0 1 1 1 0 1 0 1 0 0 1 0 1 0 1 0 0 0 0
240	2	1 0 1 1 1 1 1 0 1 0 0 0 0 1 0 1 0 0 0 0
240	4	1 1 1 0 0 0 1 0 0 0 0 1 0 1 1 1 0 0 0 0
240	8	0 1 1 0 0 0 1 0 1 0 1 0 0 1 0 0 0 0 0 0
240	1	1 0 1 0 0 0 0 1 1 1 0 0 0 1 0 1 0 0 0 0
240	3	0 0 1 1 1 0 1 0 1 0 0 0 0 1 1 1 0 0 0 0
240	5	0 1 1 0 0 0 1 0 0 0 0 1 0 1 1 1 0 0 0 0
240	6	0 1 1 1 0 0 0 1 0 1 0 0 0 1 0 1 0 0 0 0
240	1	1 0 1 0 0 0 0 1 1 0 0 0 0 1 1 1 0 0 0 0
240	5	0 1 1 1 1 0 1 0 1 0 0 0 0 0 1 1 0 0 0 0
240	5	1 0 1 1 0 0 1 0 1 0 0 0 0 1 0 1 0 0 0 0
240	2	1 1 1 0 0 0 1 0 0 0 0 0 0 1 0 1 0 0 0 0
240	3	1 0 1 1 0 0 1 0 1 0 1 0 0 0 0 0 0 0 0 1
240	3	1 1 1 0 0 1 0 1 0 1 0 0 0 1 0 1 0 1 0 0
240	4	1 0 1 0 0 0 1 0 1 0 0 0 0 0 0 0 0 0 0 0
240	5	0 1 1 1 1 0 0 1 1 0 0 0 0 1 0 1 0 0 0 0
240	1	0 1 1 1 0 0 1 0 0 0 0 1 0 1 0 0 0 0 0 0
240	1	1 0 1 1 1 0 1 0 1 0 0 1 0 1 0 1 0 0 0 1
240	2	1 0 1 1 1 1 1 0 1 0 1 1 0 0 0 0 0 0 0 0
240	2	1 0 1 1 1 1 1 0 1 0 0 0 0 1 0 1 0 1 0 0
240	1	1 0 1 1 0 0 1 0 1 1 1 1 0 0 0 0 0 0 0 0
240	1	1 0 1 0 0 1 0 1 0 1 0 0 0 0 0 1 0 1 0 0
240	1	1 1 1 1 1 0 1 0 1 0 0 0 0 1 0 1 0 0 0 0
240	2	0 1 1 0 1 1 1 0 1 0 0 0 0 1 0 1 0 0 0 0
240	3	0 1 1 0 1 0 1 0 1 0 0 0 0 1 0 0 0 0 0 0
240	3	1 0 1 0 0 1 0 1 0 1 0 0 0 0 1 1 0 0 0 0
240	1	1 0 1 1 0 0 1 0 1 0 0 1 0 1 0 1 0 0 0 0
240	1	1 0 1 0 0 0 1 0 1 0 1 1 0 0 0 0 0 0 0 0
240	3	0 1 1 1 1 0 1 0 1 0 0 0 0 1 0 1 0 1 0 0
240	4	1 1 1 0 1 0 1 0 1 1 0 1 0 1 0 1 0 0 0 0
240	1	0 0 1 0 0 1 0 0 0 1 1 1 0 0 0 0 0 0 0 0
240	2	1 0 1 1 0 1 1 0 0 1 1 1 0 0 0 0 0 0 0 0
240	2	1 1 1 1 0 0 1 0 1 0 1 1 0 0 0 1 1 1 0 0
240	1	1 1 1 0 0 1 1 0 1 0 0 0 0 1 0 1 0 0 0 0
240	7	0 1 0 0 0 0 1 0 0 0 1 0 0 1 0 0 0 0 0 0
240	1	0 1 1 0 0 0 0 1 1 1 0 0 0 1 0 0 0 0 0 0
240	3	0 0 1 0 0 0 1 0 1 0 1 1 0 0 0 0 0 0 0 0
240	1	1 0 1 1 0 0 0 0 0 0 0 1 0 1 1 1 1 0 0 0
240	2	1 0 1 0 0 1 0 1 0 0 0 0 0 1 0 1 0 0 0 0
240	2	1 1 1 0 0 0 1 0 0 0 0 1 0 0 1 1 0 0 0 0
240	1	0 0 1 1 1 0 1 0 1 0 0 0 0 1 1 1 0 0 1 0
240	2	1 0 1 0 0 0 1 0 1 0 0 0 0 0 0 0 0 1 0 0
240	1	0 1 1 1 1 0 1 0 1 0 0 0 0 0 0 1 0 0 0 0
240	3	1 0 1 0 0 0 1 0 1 0 1 1 0 1 1 1 0 0 0 0
240	1	1 1 1 0 0 1 1 0 1 0 1 0 0 1 0 0 0 0 0 0
240	3	1 0 1 1 1 0 1 1 1 0 0 1 0 1 0 1 0 0 0 0
240	4	1 0 1 0 0 1 0 1 0 0 0 0 0 0 0 0 0 0 0 0
240	1	1 0 1 1 1 0 1 0 1 0 0 1 0 0 0 1 0 0 0 0
240	1	0 1 1 1 1 0 1 0 1 0 0 0 0 1 0 0 0 0 0 0
240	1	0 1 1 0 1 0 0 0 1 0 0 0 0 1 0 0 0 0 0 0
240	3	1 1 0 0 1 0 1 0 1 0 0 0 0 1 0 0 0 0 0 0
240	1	1 1 1 0 0 1 1 0 1 0 0 0 0 1 0 1 0 0 0 1
240	2	1 0 1 0 0 1 1 0 1 0 1 0 0 1 0 0 0 0 0 0
240	1	1 1 1 1 0 0 1 1 0 1 0 0 0 1 0 1 0 0 0 0
240	1	0 1 0 1 0 0 0 1 0 1 0 0 0 1 0 1 0 0 0 0
240	2	0 1 1 1 1 0 1 0 1 0 0 0 0 0 1 0 0 0 0 0
240	4	0 1 1 1 1 0 0 1 1 0 1 0 0 1 0 1 0 0 0 0
240	1	0 1 1 1 0 0 0 1 0 1 0 0 0 1 0 1 0 0 0 1
240	2	0 1 1 0 0 1 1 0 1 0 1 0 0 1 0 0 0 0 0 0
240	1	0 1 1 0 0 0 1 0 1 0 0 0 0 0 1 1 0 0 0 0
240	1	1 1 1 1 0 0 0 1 1 0 0 0 0 1 1 1 0 0 0 0
240	1	1 1 1 1 0 0 1 0 0 0 0 1 0 1 0 1 0 0 1 0
240	1	1 0 1 1 0 0 1 0 1 1 1 0 0 0 0 0 0 0 0 1
240	1	1 1 1 0 0 0 0 0 1 0 0 0 0 0 0 1 1 0 0 0
240	2	1 1 1 0 0 1 0 1 0 1 0 0 0 0 0 0 0 0 0 0
240	1	0 1 1 0 0 0 1 0 1 0 0 0 0 0 1 0 0 0 0 0
240	2	0 1 1 1 1 0 0 1 1 0 0 0 0 1 0 1 1 0 0 0
240	1	0 1 1 0 0 0 0 1 0 1 0 0 0 0 0 1 0 0 0 0
240	1	1 1 1 0 0 0 1 0 1 0 1 1 0 1 1 1 0 0 0 0
240	1	0 1 1 0 0 0 0 1 0 0 1 0 0 1 0 1 0 0 1 0
240	1	1 1 1 0 0 0 1 0 1 0 0 0 0 1 0 0 0 0 0 0
240	1	0 1 1 1 0 0 0 1 0 1 0 0 0 0 0 1 0 0 0 0
240	1	1 0 1 0 0 1 0 1 0 1 0 1 0 0 0 1 0 0 0 0
240	1	1 0 1 0 0 0 1 0 1 0 1 0 0 1 0 1 0 0 0 0
240	1	0 1 1 1 1 0 0 0 1 0 0 0 0 0 0 1 0 0 0 0
240	1	1 0 1 1 0 0 1 1 1 0 0 0 0 1 1 1 0 0 1 0
240	1	0 1 1 0 0 0 1 0 1 1 1 0 0 1 0 0 0 0 0 0
260	2	1 0 1 1 0 0 1 0 1 0 1 1 0 0 0 0 0 0 0 0
260	11	0 1 1 0 0 0 1 0 1 0 0 0 0 0 0 0 0 0 0 0
260	2	0 1 1 0 0 0 1 0 1 0 1 1 0 0 0 0 0 0 0 0
260	2	1 0 1 0 0 1 0 1 0 1 0 0 0 1 0 1 0 1 0 0
260	3	0 1 1 1 1 0 1 0 1 0 0 0 0 1 0 1 0 0 0 0
260	2	1 1 1 0 0 0 1 0 0 0 0 1 0 1 0 1 0 0 1 0
260	2	1 0 1 1 1 0 1 0 1 0 0 1 0 1 0 1 0 0 0 0
260	3	1 1 1 0 0 0 1 0 0 0 0 1 0 1 1 1 0 0 0 0
260	4	0 1 1 0 0 0 1 0 1 0 1 0 0 1 0 0 0 0 0 0
260	2	0 0 1 1 1 0 1 0 1 0 0 0 0 1 1 1 0 0 0 0
260	4	0 1 1 1 0 0 0 1 0 1 0 0 0 1 0 1 0 0 0 0
260	2	1 0 1 0 0 0 0 1 1 0 0 0 0 1 1 1 0 0 0 0
260	3	0 1 1 1 1 0 1 0 1 0 0 0 0 0 1 1 0 0 0 0
260	2	1 0 1 1 0 0 1 0 1 0 0 0 0 1 0 1 0 0 0 0
260	1	0 1 1 1 1 0 0 1 1 0 0 0 0 1 0 1 0 0 0 0
260	4	0 1 1 1 0 0 1 0 0 0 0 1 0 1 0 0 0 0 0 0
260	1	1 0 1 0 0 1 0 1 0 0 1 1 0 1 0 1 0 0 1 0
260	2	1 0 1 1 1 1 1 0 1 0 1 1 0 0 0 0 0 0 0 0
260	4	0 1 1 0 1 0 1 0 1 0 0 0 0 1 0 0 0 0 0 0
260	1	1 0 1 0 0 0 1 0 1 0 1 1 0 0 0 0 0 0 0 0
260	3	0 1 1 1 1 0 1 0 1 0 0 0 0 1 0 1 0 1 0 0
260	2	1 1 1 0 0 0 1 0 0 1 0 0 0 0 0 1 1 0 0 0
260	3	1 1 1 1 0 0 1 0 1 0 1 1 0 0 0 1 1 1 0 0
260	3	1 1 1 0 0 0 1 0 0 0 0 1 0 1 1 1 1 0 0 0
260	3	0 0 1 0 0 0 1 0 1 0 1 1 0 0 0 0 0 0 0 0
260	1	1 1 1 1 0 0 1 1 0 0 0 0 0 0 0 1 0 0 0 0
260	6	1 1 1 0 0 0 1 0 0 0 0 1 0 0 1 1 0 0 0 0
260	1	1 0 1 0 0 0 1 0 1 0 0 0 0 0 0 0 0 1 0 0
260	6	0 1 1 1 1 0 1 0 1 0 0 0 0 0 0 1 0 0 0 0
260	1	1 0 1 1 0 1 0 1 0 1 0 0 0 1 1 1 0 0 0 0
260	3	1 1 0 0 1 0 1 0 1 0 0 0 0 1 0 0 0 0 0 0
260	3	0 1 0 1 0 0 0 1 0 1 0 0 0 1 0 1 0 0 0 0
260	1	1 1 1 0 0 0 0 0 1 0 0 0 0 0 0 1 1 0 0 0
260	2	0 1 1 0 0 0 1 0 1 0 0 0 0 0 1 0 0 0 0 0
260	8	1 0 1 1 0 0 0 1 1 1 0 0 0 1 0 1 0 0 0 0
260	2	1 1 1 0 0 0 1 0 1 0 1 1 0 1 1 1 0 0 0 0
260	3	1 1 1 0 0 0 1 0 1 0 0 0 0 1 0 0 0 0 0 0
260	1	0 1 1 0 0 0 1 0 1 0 1 0 0 1 0 1 0 0 0 0
260	5	0 1 1 1 1 0 1 1 0 1 0 0 0 0 0 1 0 0 0 0
260	3	1 0 1 0 0 1 0 1 1 1 0 0 0 0 0 1 0 1 0 0
260	4	0 1 1 1 0 0 0 0 0 0 0 1 0 0 1 1 0 0 0 0
260	4	0 1 1 0 0 0 1 1 1 0 1 0 0 1 0 0 0 0 0 0
260	1	1 1 1 1 0 0 1 0 1 0 0 1 0 0 0 1 0 0 0 1
260	2	1 1 1 0 0 1 1 0 1 0 0 0 0 1 0 1 0 1 0 1
260	1	1 0 1 1 0 1 1 0 1 0 1 0 0 0 0 0 0 0 0 1
260	2	0 1 1 1 1 0 1 0 0 0 0 0 0 1 0 1 0 0 0 0
260	2	0 1 1 0 0 0 1 0 0 0 0 1 0 0 1 1 0 0 0 0
260	2	1 0 1 0 0 0 1 0 0 0 0 0 1 0 0 0 0 0 0 0
260	1	0 1 1 0 0 1 0 1 1 1 1 0 0 1 0 1 0 0 0 0
260	1	1 1 1 1 0 0 1 0 1 0 0 1 0 1 0 1 0 0 0 0
260	5	1 1 1 0 0 1 1 0 1 0 0 0 0 1 0 1 0 0 0 0
260	4	1 0 1 1 1 0 1 0 1 0 0 0 1 1 0 1 0 0 0 0
260	1	1 1 0 0 1 0 1 0 1 0 0 0 0 0 0 1 0 0 0 0
260	1	1 0 1 0 0 0 1 0 1 1 0 0 0 0 0 0 0 1 0 0
260	2	1 0 1 0 0 0 0 1 1 1 0 0 0 1 0 1 0 0 0 0
260	4	1 0 1 1 0 0 1 0 1 0 0 0 0 1 0 0 0 0 0 0
260	2	1 1 1 0 0 0 1 0 1 0 1 1 0 1 0 1 0 0 0 0
260	1	1 0 1 0 1 1 0 1 0 1 1 0 0 1 0 1 0 0 0 0
260	1	1 0 1 0 0 0 1 0 1 0 0 0 0 1 0 1 0 0 0 0
260	1	0 0 1 1 1 0 1 0 1 0 0 0 0 1 0 1 0 0 0 0
260	1	0 1 1 0 0 0 1 0 1 0 0 0 0 1 0 1 0 0 0 0
260	1	1 1 1 0 0 0 1 0 0 0 0 1 0 1 0 0 0 0 0 0
260	2	1 1 1 0 0 0 1 0 0 0 1 1 0 0 1 1 0 0 0 0
260	1	0 1 1 0 0 0 1 0 0 0 0 1 0 1 0 0 0 0 0 0
260	2	1 1 1 0 0 0 1 0 0 0 1 1 0 1 1 1 1 0 0 0
260	1	1 0 1 1 0 0 0 0 1 0 0 0 0 0 0 1 0 0 0 0
260	2	0 1 1 0 0 0 1 1 0 0 0 1 0 0 1 1 0 0 0 0
260	2	1 1 1 1 0 0 1 1 0 0 0 1 0 1 0 1 0 0 0 0
260	1	0 1 1 0 0 0 1 0 1 0 0 0 0 1 0 0 0 0 0 0
260	2	1 1 1 1 0 0 1 1 0 0 0 0 0 1 0 0 0 0 0 0
260	2	0 1 1 0 1 0 1 0 1 0 1 0 0 1 0 1 0 0 1 0
260	1	0 1 1 0 0 0 1 0 0 0 0 0 0 1 0 0 0 0 0 0
260	1	0 1 1 1 0 0 1 0 0 0 0 1 0 0 1 1 0 0 0 0
260	1	0 1 1 0 0 0 1 0 1 0 0 1 0 0 0 0 0 0 0 0
260	1	0 1 1 1 1 0 1 0 1 0 0 0 0 1 0 1 1 0 0 0
260	1	1 0 1 1 1 1 1 0 1 0 0 0 0 1 1 1 0 0 0 0
260	1	0 1 1 1 0 0 0 0 0 1 0 0 0 1 0 1 0 0 0 0
260	1	1 0 1 1 1 1 1 0 0 0 0 0 0 1 0 1 0 0 0 0
260	1	0 1 1 1 1 0 1 0 1 0 0 0 0 1 1 1 0 0 0 0
260	1	1 1 1 1 0 0 0 0 1 0 0 1 0 1 0 1 0 0 0 0
260	1	0 1 1 0 0 0 1 0 1 0 0 1 0 1 0 1 0 0 1 0
260	1	1 1 1 0 0 0 1 0 1 0 1 0 0 1 0 0 1 0 0 0
260	1	0 1 1 0 1 0 1 0 1 0 1 1 0 0 0 1 1 1 0 0
260	1	0 0 1 0 0 1 0 1 0 0 1 1 0 1 0 1 0 0 0 0
260	1	1 1 1 0 0 0 1 0 1 0 0 1 0 1 1 1 1 0 0 0
260	1	1 1 1 0 0 0 1 0 1 0 0 0 0 1 0 0 1 0 0 0
260	1	0 1 1 1 0 0 0 0 0 0 0 1 0 0 0 1 0 0 0 0
260	1	1 0 1 0 0 0 1 0 1 0 0 0 0 1 0 0 0 0 0 1
260	1	1 0 1 1 1 1 1 0 1 0 0 0 0 1 0 0 0 0 0 0
260	1	1 1 1 0 0 0 1 0 0 0 0 1 0 1 0 1 0 0 0 0
260	1	0 1 0 1 0 0 1 0 0 0 0 1 0 1 0 0 0 0 0 0
260	2	1 1 1 0 0 0 1 0 1 0 1 0 0 1 0 0 0 0 0 0
260	1	1 1 1 1 1 0 1 0 1 0 0 1 0 0 0 1 0 0 0 1
260	1	0 1 1 0 1 0 1 0 1 0 0 0 1 1 0 1 0 0 1 0
280	3	0 1 1 0 0 0 1 0 1 0 0 0 0 0 0 0 0 0 0 0
280	5	0 1 1 0 0 0 1 0 1 0 1 1 0 0 0 0 0 0 0 0
280	9	0 1 1 1 1 0 1 0 1 0 0 0 0 1 0 1 0 0 0 0
280	2	1 1 1 0 0 0 1 0 0 0 0 1 0 1 1 1 0 0 0 0
280	1	0 1 1 1 1 0 1 0 1 0 0 0 0 0 1 1 0 0 0 0
280	6	1 0 1 1 0 0 1 0 1 0 0 0 0 1 0 1 0 0 0 0
280	2	0 1 1 0 1 0 1 0 1 0 0 0 0 1 0 0 0 0 0 0
280	2	1 1 1 0 0 0 1 0 0 0 0 1 0 1 1 1 1 0 0 0
280	14	1 1 1 0 0 0 1 0 0 0 0 1 0 0 1 1 0 0 0 0
280	4	0 1 1 1 1 0 1 0 1 0 0 0 0 0 0 1 0 0 0 0
280	2	0 1 0 1 0 0 0 1 0 1 0 0 0 1 0 1 0 0 0 0
280	3	1 0 1 1 0 0 0 1 1 1 0 0 0 1 0 1 0 0 0 0
280	2	1 1 1 0 0 0 1 0 1 0 0 0 0 1 0 0 0 0 0 0
280	9	1 0 1 1 0 0 1 0 1 0 0 0 0 0 0 1 0 0 0 0
280	1	1 0 1 0 0 0 0 0 0 1 0 0 0 0 0 1 0 0 0 0
280	2	0 1 1 1 1 0 1 1 0 1 0 0 0 0 0 1 0 0 0 0
280	3	1 1 1 0 0 0 1 0 1 0 1 1 0 0 0 0 0 0 0 0
280	2	1 1 1 1 0 0 0 1 0 1 0 0 0 1 0 1 0 0 0 0
280	2	0 1 1 0 0 0 1 0 0 0 0 1 0 0 1 1 0 0 0 0
280	1	0 1 1 0 0 1 0 1 1 1 1 0 0 1 0 1 0 0 0 0
280	3	1 1 1 1 0 0 1 0 1 0 0 1 0 1 0 1 0 0 0 0
280	1	1 0 1 0 0 0 0 1 1 1 0 0 0 1 0 1 0 0 0 0
280	4	1 0 1 1 0 0 1 0 1 0 0 0 0 1 0 0 0 0 0 0
280	1	1 0 1 0 1 1 0 1 0 1 1 0 0 1 0 1 0 0 0 0
280	7	1 1 1 0 0 0 1 0 0 0 1 1 0 0 1 1 0 0 0 0
280	2	0 1 1 1 0 0 1 0 0 0 1 0 0 1 0 0 0 0 0 0
280	2	1 1 1 1 0 0 1 0 1 0 1 0 0 1 0 0 0 0 0 0
280	11	0 1 1 0 0 0 1 1 0 0 0 1 0 0 1 1 0 0 0 0
280	1	1 0 1 0 1 0 1 0 1 0 0 0 0 1 0 1 0 0 0 0
280	2	0 1 1 0 0 0 1 0 1 0 0 0 0 1 0 0 0 0 0 0
280	2	1 1 1 1 1 0 1 0 1 0 0 0 0 1 0 1 0 0 0 0
280	4	0 1 1 1 0 0 0 1 0 1 0 1 0 1 1 1 1 0 0 0
280	1	1 1 1 0 0 0 1 0 0 0 0 1 1 1 1 1 1 0 0 0
280	1	0 1 1 1 1 0 1 0 0 0 0 1 0 1 0 1 0 0 0 0
280	4	1 1 1 0 0 0 1 0 0 0 0 1 0 1 1 0 0 0 0 0
280	3	0 1 1 0 0 0 1 0 1 0 0 0 0 0 0 0 0 0 0 1
280	1	1 1 1 1 0 0 1 0 0 0 0 1 0 1 0 0 0 0 0 0
280	1	1 1 1 0 0 0 1 0 1 0 0 0 0 0 1 0 0 1 0 0
280	2	1 0 1 0 0 0 1 0 1 0 0 0 0 1 0 0 0 0 0 0
280	1	1 1 1 1 1 0 1 0 1 0 0 1 0 1 0 1 0 0 0 0
280	1	1 1 1 0 1 0 1 0 1 0 0 0 1 1 0 1 0 0 1 0
280	1	0 1 1 1 1 0 1 0 1 0 0 0 0 0 0 1 1 1 0 0
280	3	1 1 1 0 0 0 0 0 0 0 0 1 0 0 1 1 0 0 0 0
280	3	1 0 1 1 1 1 1 0 0 0 1 1 0 0 0 0 0 0 0 0
280	1	1 1 1 0 0 0 1 0 1 1 1 0 0 1 0 0 0 0 0 0
280	2	1 0 1 1 1 0 1 1 1 0 0 0 1 1 0 1 0 0 0 0
280	3	1 1 1 0 0 0 1 0 1 0 0 1 0 0 0 0 0 0 0 0
280	4	1 1 0 1 0 0 1 1 1 0 0 0 0 1 1 1 0 0 0 0
280	1	1 1 1 0 0 0 1 0 1 0 1 1 0 0 0 1 1 1 0 0
280	4	1 0 1 1 0 1 0 1 0 1 0 0 0 0 0 1 0 0 0 0
280	1	0 1 1 1 1 0 1 0 1 0 0 0 0 1 0 1 1 1 0 0
280	2	1 1 1 0 0 0 1 0 0 0 0 1 0 1 0 1 0 0 0 0
280	1	1 0 1 0 1 0 0 1 1 0 1 0 0 1 0 1 0 0 0 0
280	2	1 1 1 0 0 0 1 0 0 0 0 1 0 1 1 0 0 0 1 0
280	5	1 1 1 0 0 0 1 0 1 0 0 1 0 1 1 1 0 0 0 0
280	2	1 0 1 1 0 0 0 1 1 0 0 0 0 1 0 1 0 0 0 0
280	1	1 1 1 1 0 0 1 0 1 0 0 0 0 1 0 1 0 0 0 0
280	1	0 1 1 1 0 0 1 0 0 0 0 1 0 0 0 0 0 1 0 0
280	2	0 1 1 0 0 0 1 0 0 0 0 1 0 0 0 0 0 0 0 0
280	2	1 1 1 0 0 0 1 0 1 0 1 1 0 1 0 0 0 1 0 0
280	4	1 1 1 0 0 0 1 0 1 0 0 0 0 0 0 0 0 0 0 0
280	1	0 1 1 0 0 0 1 0 1 0 0 0 0 1 1 0 0 0 0 0
280	5	1 1 1 0 1 0 1 0 0 0 0 1 0 0 1 1 0 0 0 0
280	1	1 1 1 0 0 0 1 0 1 0 1 1 0 0 1 1 0 0 0 0
280	1	1 1 1 0 0 0 1 0 0 0 0 0 0 1 1 0 0 0 0 0
280	1	1 0 1 1 0 0 0 0 1 0 0 0 0 1 0 1 0 0 0 0
280	1	1 1 1 0 1 0 1 0 1 0 1 1 0 1 1 1 0 0 0 0
280	1	1 1 1 0 0 0 1 0 1 0 0 1 0 1 0 1 0 0 0 0
280	1	0 1 1 1 0 0 1 0 0 0 1 1 0 0 1 1 0 0 0 0
280	1	1 0 1 0 0 0 1 0 0 0 0 1 0 1 1 1 0 0 0 0
280	1	0 1 1 0 0 0 0 0 1 0 0 0 0 0 0 0 0 0 0 1
280	1	0 1 1 0 0 0 1 0 0 0 0 0 0 0 0 0 0 0 1 1
280	3	0 1 1 1 0 0 1 0 1 0 1 1 0 1 0 0 0 1 0 0
280	1	1 1 1 1 0 0 1 0 1 0 1 0 1 1 0 0 0 0 0 0
280	1	1 1 1 1 1 0 1 0 1 0 0 0 0 1 0 1 0 1 0 0
280	2	1 0 1 1 1 0 1 0 0 0 1 1 0 0 0 0 0 0 0 0
280	1	1 0 1 0 1 1 0 1 0 1 1 0 0 1 1 1 1 0 0 0
280	1	1 1 1 0 0 0 1 0 1 0 0 0 0 1 1 0 0 0 0 0
280	1	1 0 1 1 0 0 1 0 1 0 0 1 0 0 0 1 0 0 0 0
300	14	0 1 1 0 0 0 1 0 1 0 0 0 0 0 0 0 0 0 0 0
300	4	0 1 1 1 1 0 1 0 1 0 0 0 0 1 0 1 0 0 0 0
300	1	1 1 1 0 0 0 1 0 0 0 0 1 0 1 1 1 0 0 0 0
300	2	1 0 1 1 0 0 1 0 1 0 0 0 0 1 0 1 0 0 0 0
300	1	0 1 1 1 0 0 1 0 0 0 0 1 0 1 0 0 0 0 0 0
300	6	0 1 1 0 1 0 1 0 1 0 0 0 0 1 0 0 0 0 0 0
300	3	1 1 1 0 0 0 1 0 0 0 0 1 0 1 1 1 1 0 0 0
300	4	1 1 1 0 0 0 1 0 0 0 0 1 0 0 1 1 0 0 0 0
300	3	0 1 1 1 1 0 1 0 1 0 0 0 0 0 0 1 0 0 0 0
300	2	1 1 1 0 0 0 1 0 1 0 1 1 0 1 1 1 0 0 0 0
300	3	1 1 1 0 0 0 1 0 1 0 0 0 0 1 0 0 0 0 0 0
300	12	1 1 1 0 0 0 1 0 1 0 1 1 0 0 0 0 0 0 0 0
300	2	1 1 1 1 0 0 0 1 0 1 0 0 0 1 0 1 0 0 0 0
300	1	0 1 1 0 0 0 1 0 0 0 0 1 0 0 1 1 0 0 0 0
300	2	1 1 1 1 0 0 1 0 1 0 0 1 0 1 0 1 0 0 0 0
300	7	1 0 1 1 0 0 1 0 1 0 0 0 0 1 0 0 0 0 0 0
300	5	1 1 1 0 0 0 1 0 0 0 1 1 0 0 1 1 0 0 0 0
300	1	0 1 1 1 0 0 1 0 0 0 1 0 0 1 0 0 0 0 0 0
300	1	1 1 1 0 0 0 1 0 0 0 0 1 1 1 1 1 1 0 0 0
300	1	1 1 1 1 0 0 1 1 0 1 0 0 0 0 0 1 0 0 0 0
300	4	0 1 1 0 0 0 1 0 1 0 0 0 0 0 0 0 0 0 0 1
300	2	1 1 1 0 0 0 1 0 1 0 0 0 0 0 1 0 0 1 0 0
300	4	1 0 1 0 0 0 1 0 1 0 0 0 0 1 0 0 0 0 0 0
300	2	1 0 1 1 1 1 1 0 0 0 1 1 0 0 0 0 0 0 0 0
300	1	1 1 0 1 0 0 1 1 1 0 0 0 0 1 1 1 0 0 0 0
300	6	1 0 1 1 0 1 0 1 0 1 0 0 0 0 0 1 0 0 0 0
300	3	1 1 1 0 0 0 1 0 0 0 0 1 0 0 0 1 0 0 0 0
300	3	1 0 1 0 1 0 0 1 1 0 1 0 0 1 0 1 0 0 0 0
300	1	1 1 1 0 0 0 1 0 1 0 0 1 0 1 1 1 0 0 0 0
300	1	1 0 1 1 0 0 0 1 1 0 0 0 0 1 0 1 0 0 0 0
300	6	1 1 1 1 0 0 1 0 1 0 0 0 0 1 0 1 0 0 0 0
300	2	0 1 1 0 0 0 1 0 0 0 0 1 0 0 0 0 0 0 0 0
300	2	1 1 1 0 0 0 1 0 1 0 0 0 0 0 0 0 0 0 0 0
300	2	1 1 1 0 0 0 1 1 0 0 0 1 0 0 1 1 0 0 0 0
300	1	1 1 1 0 1 0 1 0 0 0 0 1 0 0 1 1 0 0 0 0
300	5	1 0 1 1 0 0 1 0 1 0 0 0 1 1 0 1 0 0 0 0
300	1	1 0 1 0 1 0 1 0 1 0 0 0 0 1 1 1 0 0 0 0
300	5	1 1 1 0 0 0 1 0 0 0 1 0 0 0 1 1 0 0 0 0
300	4	1 1 1 1 0 0 1 0 0 0 0 1 0 1 1 1 1 0 0 0
300	1	1 0 1 1 0 1 1 0 1 0 0 0 0 0 0 1 1 1 0 0
300	7	1 1 1 0 0 0 1 0 0 0 0 0 0 0 1 0 0 1 0 0
300	1	1 1 1 1 0 0 1 1 0 0 0 0 0 1 0 0 0 0 0 0
300	3	1 1 1 0 0 0 1 0 0 1 0 1 0 1 1 1 1 0 0 0
300	1	0 1 1 0 0 0 1 0 0 0 0 1 0 0 1 1 0 0 1 0
300	3	0 1 1 0 0 0 1 0 1 0 0 1 0 1 0 0 0 0 0 0
300	1	0 1 1 0 0 0 1 0 1 0 0 0 0 1 0 1 0 0 0 0
300	2	1 1 1 0 0 0 1 0 0 0 1 1 0 0 0 1 0 0 0 0
300	5	1 1 1 1 0 0 1 0 0 0 1 1 1 1 0 0 0 0 0 0
300	1	0 1 1 0 0 0 1 0 1 0 1 1 0 0 0 1 0 0 0 0
300	1	1 1 1 0 0 0 1 0 0 0 1 1 0 0 0 0 0 0 0 0
300	1	1 1 1 0 0 0 1 0 1 1 0 0 0 0 1 0 0 1 0 0
300	1	1 1 1 1 0 0 1 0 1 0 1 1 0 0 0 0 0 0 0 0
300	1	1 1 1 0 1 0 1 0 0 1 0 1 0 0 1 1 0 0 0 0
300	1	1 1 1 0 0 0 1 0 1 0 0 0 0 1 0 0 1 0 0 0
300	1	1 1 1 0 0 0 1 0 1 0 0 1 1 0 0 0 0 0 0 0
300	3	1 0 1 0 0 0 1 0 0 0 1 1 0 0 1 1 0 0 0 0
300	3	1 0 1 1 1 1 1 0 0 0 1 1 0 0 1 1 0 0 1 0
300	3	1 1 1 0 0 0 1 0 1 0 1 0 0 1 0 1 0 0 0 0
300	1	1 1 1 0 0 0 1 0 0 0 0 1 0 1 1 1 0 1 0 0
300	1	0 1 1 1 0 0 1 0 0 0 0 1 0 0 0 0 0 0 0 0
300	2	1 1 1 0 0 0 1 0 1 1 1 0 0 0 1 0 0 1 0 0
300	2	1 1 1 0 0 0 0 0 1 0 1 1 0 0 0 0 0 0 0 0
300	1	1 1 1 0 0 0 1 0 0 0 1 1 0 1 1 1 0 0 0 0
300	2	1 1 1 0 0 0 1 0 0 1 0 1 1 1 1 1 1 0 0 0
300	1	1 0 1 0 0 0 1 1 1 0 0 0 0 1 0 0 0 0 0 0
300	1	1 1 1 0 0 1 1 0 1 1 0 1 0 0 0 0 0 0 0 0
300	1	1 1 1 0 0 0 1 0 1 0 0 0 0 1 1 1 0 0 0 0
300	1	1 1 1 0 1 0 1 0 0 0 1 1 0 0 0 1 0 0 0 0
300	1	1 1 1 0 0 0 1 0 1 0 0 0 0 1 0 1 0 0 0 0
300	1	0 1 1 0 0 0 1 0 0 0 1 1 0 1 0 0 0 1 0 0
300	1	1 0 1 0 0 0 1 0 1 0 0 0 0 1 0 1 0 0 0 0
300	1	1 0 1 1 0 0 1 1 0 0 0 0 0 0 0 0 0 0 0 0
300	1	0 1 1 0 0 0 1 0 1 0 0 1 0 1 0 1 0 0 0 1
300	1	1 1 1 1 0 0 1 0 1 0 0 0 0 0 0 0 0 0 0 0
300	2	1 0 0 0 0 0 1 0 1 0 0 0 0 1 0 0 0 0 0 0
300	1	1 0 1 0 1 0 1 0 1 0 0 0 0 1 1 1 0 0 0 1
300	1	1 1 1 0 0 0 0 0 1 0 1 1 1 1 1 1 1 0 0 0
300	1	0 1 1 1 0 0 1 0 1 0 0 0 0 1 0 1 0 0 0 0
300	1	0 1 1 0 0 0 1 0 1 0 1 0 0 0 1 1 0 0 0 0
300	1	0 1 1 0 0 0 1 1 0 0 0 1 0 0 1 1 0 0 0 0
300	1	1 1 1 0 0 0 1 0 1 0 0 1 0 1 0 0 0 0 0 0
300	1	1 1 1 1 0 0 1 0 0 0 0 1 0 1 1 1 0 0 0 0
300	1	1 1 1 1 0 0 1 0 1 0 1 1 0 0 0 0 0 1 0 0
300	1	0 1 1 1 0 0 0 0 0 1 0 0 1 1 0 1 0 0 0 0
320	4	0 1 1 0 0 0 1 0 1 0 0 0 0 0 0 0 0 0 0 0
320	1	0 1 1 1 1 0 1 0 1 0 0 0 0 1 0 1 0 0 0 0
320	2	1 1 1 0 0 0 1 0 0 0 0 1 0 0 1 1 0 0 0 0
320	3	1 1 1 0 0 0 1 0 1 0 0 0 0 1 0 0 0 0 0 0
320	5	1 1 1 0 0 0 1 0 1 0 1 1 0 0 0 0 0 0 0 0
320	1	1 1 1 1 0 0 1 0 1 0 0 1 0 1 0 1 0 0 0 0
320	18	1 1 1 0 0 0 1 0 0 0 1 1 0 0 1 1 0 0 0 0
320	2	1 1 1 0 0 0 1 0 1 0 0 0 0 0 1 0 0 1 0 0
320	1	1 1 1 0 0 0 1 0 1 0 0 1 0 0 0 0 0 0 0 0
320	1	1 0 1 0 1 0 0 1 1 0 1 0 0 1 0 1 0 0 0 0
320	9	1 1 1 1 0 0 1 0 1 0 0 0 0 1 0 1 0 0 0 0
320	4	1 1 1 0 0 0 1 0 1 0 0 0 0 0 0 0 0 0 0 0
320	2	1 1 1 0 0 0 1 1 0 0 0 1 0 0 1 1 0 0 0 0
320	2	1 1 1 0 0 0 1 0 0 0 1 0 0 0 1 1 0 0 0 0
320	13	1 1 1 1 0 0 1 1 0 0 0 0 0 1 0 0 0 0 0 0
320	3	1 1 1 1 0 0 1 0 1 0 1 1 0 0 0 0 0 0 0 0
320	1	1 1 1 1 0 0 1 0 1 0 1 1 0 0 1 1 0 0 0 0
320	4	1 1 1 0 1 0 1 0 0 1 0 1 0 0 1 1 0 0 0 0
320	1	1 0 1 0 0 0 1 0 0 0 1 1 0 0 1 1 0 0 0 0
320	2	1 0 1 0 0 0 1 0 0 0 0 1 0 1 0 1 0 0 0 0
320	1	1 1 1 1 0 0 1 1 0 1 1 1 0 0 0 0 0 0 0 0
320	2	1 1 1 0 0 0 1 0 0 0 1 1 0 1 1 1 0 0 0 0
320	2	1 1 1 0 0 0 1 0 1 0 0 0 0 1 1 1 0 0 0 0
320	4	1 1 1 0 0 0 1 0 1 0 0 0 0 1 0 1 0 0 0 0
320	1	1 1 1 0 0 0 1 0 1 0 1 1 0 1 0 0 0 0 0 0
320	2	0 1 1 0 0 0 1 0 0 0 1 1 0 1 0 0 0 1 0 0
320	3	1 1 1 0 0 0 1 1 0 0 0 1 0 0 1 1 0 1 0 0
320	2	1 1 1 0 1 0 1 0 0 0 0 1 1 0 1 1 0 0 0 0
320	1	1 1 1 0 0 0 1 0 0 0 0 1 0 0 0 0 0 0 0 0
320	2	1 1 1 0 0 0 1 0 0 1 0 1 0 0 1 1 0 0 0 0
320	3	1 1 1 0 1 0 1 0 0 0 1 1 0 1 1 1 1 0 0 0
320	6	1 1 1 0 0 0 1 1 0 0 0 0 0 0 0 0 0 0 0 0
320	1	0 1 1 1 1 0 1 0 1 0 0 0 0 0 0 1 0 0 1 0
320	1	0 0 1 1 0 0 1 1 0 0 0 0 0 0 0 0 0 0 0 0
320	2	1 1 1 0 0 0 1 0 1 0 0 0 0 0 0 1 0 0 0 0
320	4	1 1 1 1 1 0 1 0 1 0 0 0 0 1 0 1 0 0 0 0
320	2	1 0 0 0 0 0 1 1 1 0 0 0 0 1 0 0 0 0 0 0
320	2	1 1 1 0 0 0 1 1 0 0 0 0 0 0 1 1 1 0 0 0
320	1	1 0 1 0 1 0 1 0 1 0 0 0 0 0 0 0 0 0 0 1
320	2	1 1 1 1 0 0 1 0 1 0 0 1 0 0 0 1 0 0 0 1
320	1	1 0 1 1 0 0 1 1 0 1 1 1 0 0 0 0 0 0 0 0
320	6	1 1 1 0 0 0 0 0 0 0 0 1 0 0 0 0 0 0 0 0
320	1	0 1 1 1 0 0 1 0 1 0 0 0 0 0 0 0 0 0 0 1
320	3	1 1 1 1 0 0 1 0 1 0 0 0 0 1 0 0 0 0 0 0
320	1	0 1 1 0 0 0 1 0 0 0 0 1 0 0 0 1 0 0 0 0
320	4	1 1 1 0 0 0 1 0 1 0 0 1 0 0 1 1 0 0 0 0
320	1	1 1 1 0 0 0 1 0 0 1 1 1 0 0 1 1 0 0 0 0
320	1	1 1 1 0 0 0 1 0 0 0 0 0 0 0 0 1 0 0 0 0
320	4	1 1 1 0 0 0 1 1 0 0 0 0 0 0 1 0 0 0 0 0
320	1	0 1 1 1 1 0 1 0 1 1 0 0 0 1 0 1 0 0 0 0
320	3	1 1 1 0 0 0 1 0 1 0 0 0 1 1 0 0 0 0 0 0
320	2	1 1 1 1 1 0 1 1 0 0 0 0 0 1 0 0 0 0 0 0
320	2	1 1 1 0 0 0 1 0 0 0 0 1 0 1 1 1 1 1 0 0
320	2	1 1 1 1 0 0 1 0 1 1 0 0 0 1 0 1 0 0 0 0
320	1	1 1 1 1 0 0 1 0 1 0 1 1 0 0 0 0 0 0 0 1
320	3	1 1 1 1 0 0 1 1 1 0 1 1 0 0 0 0 0 0 0 0
320	3	1 0 1 0 1 0 1 0 1 0 0 0 0 0 0 0 0 0 0 0
320	1	1 1 0 1 0 0 1 0 1 0 0 1 0 1 0 1 0 0 0 0
320	3	1 1 1 0 0 0 1 0 0 0 0 0 0 0 1 0 0 0 0 0
320	2	1 1 1 1 0 0 1 0 1 0 0 0 0 1 1 1 0 0 0 0
320	1	1 1 1 0 1 0 0 0 0 0 0 1 0 0 1 1 0 0 0 0
320	1	1 1 1 1 1 0 1 0 1 0 0 0 0 1 0 1 0 0 1 0
320	2	0 1 1 0 0 0 1 0 1 0 0 0 0 1 1 1 0 0 0 0
320	3	0 1 1 1 1 0 1 0 1 0 0 0 0 0 1 0 0 1 0 0
320	1	1 1 1 1 0 0 1 0 1 0 0 1 0 1 0 0 0 0 0 0
320	1	1 1 1 1 0 0 1 0 1 0 0 1 0 0 1 1 0 1 0 0
320	1	1 1 1 1 0 0 1 0 1 0 0 0 0 0 0 0 0 0 0 0
320	1	0 0 1 0 0 0 1 0 1 0 0 0 0 0 0 0 0 0 0 0
320	2	1 1 1 0 0 0 1 0 0 0 1 1 0 1 1 1 0 0 1 0
320	2	1 0 1 1 1 0 1 1 0 1 0 0 0 0 0 1 0 0 0 0
320	1	1 1 1 0 0 0 1 0 1 0 0 1 0 0 0 1 0 0 0 1
320	2	1 1 1 0 0 0 1 1 0 0 0 0 0 0 0 0 0 0 0 1
320	1	1 0 0 0 0 0 1 1 1 0 0 0 0 1 1 1 1 0 0 0
320	1	1 1 1 0 1 0 1 0 0 1 0 0 0 0 0 0 0 0 0 1
320	1	1 1 1 1 1 0 1 0 1 0 0 0 0 0 0 1 0 0 1 0
320	1	0 1 1 0 0 0 1 1 0 0 0 0 0 0 1 1 1 0 0 0
320	1	0 0 1 0 0 0 1 0 0 0 0 1 0 0 0 1 0 0 0 0
320	2	1 1 1 1 0 0 1 1 0 0 0 1 0 1 1 1 0 0 0 0
320	1	1 0 1 1 0 0 0 0 0 0 0 0 0 0 0 0 0 0 0 0
320	1	1 1 1 0 0 0 1 0 0 0 0 1 0 0 1 1 1 0 0 0
320	1	1 1 1 0 0 0 1 0 1 0 0 1 0 1 0 0 0 0 0 0
320	2	1 0 1 1 1 1 1 0 0 0 1 1 0 0 0 0 0 1 0 0
320	1	1 1 1 0 1 0 1 0 0 0 0 1 0 0 0 0 0 0 0 0
320	1	0 1 1 0 0 0 1 0 1 0 1 1 0 0 0 0 0 1 0 0
340	6	0 1 1 0 0 0 1 0 1 0 0 0 0 0 0 0 0 0 0 0
340	1	1 1 1 1 0 0 1 0 1 0 0 1 0 1 0 1 0 0 0 0
340	12	1 1 1 0 0 0 1 0 0 0 1 1 0 0 1 1 0 0 0 0
340	1	1 0 1 1 1 1 1 0 0 0 1 1 0 0 0 0 0 0 0 0
340	4	1 1 1 1 0 0 1 0 1 0 0 0 0 1 0 1 0 0 0 0
340	12	1 1 1 0 0 0 1 0 1 0 0 0 0 0 0 0 0 0 0 0
340	1	1 1 1 0 0 0 1 0 0 0 1 0 0 0 1 1 0 0 0 0
340	2	1 1 1 1 0 0 1 0 0 0 0 1 0 1 1 1 1 0 0 0
340	10	1 1 1 1 0 0 1 1 0 0 0 0 0 1 0 0 0 0 0 0
340	4	1 1 1 1 0 0 1 0 1 0 1 1 0 0 0 0 0 0 0 0
340	2	1 1 1 0 1 0 1 0 0 1 0 1 0 0 1 1 0 0 0 0
340	1	1 0 1 0 0 0 1 0 0 0 1 1 0 0 1 1 0 0 0 0
340	1	1 1 1 0 0 0 1 1 0 0 0 1 0 0 1 1 0 1 0 0
340	1	1 1 1 0 1 0 1 0 0 0 0 1 1 0 1 1 0 0 0 0
340	3	1 1 1 1 0 0 1 0 1 0 0 0 0 0 0 0 0 0 0 1
340	1	1 1 1 0 0 0 1 1 0 0 0 0 0 0 0 0 0 0 0 0
340	1	1 1 1 0 0 0 1 0 0 0 1 1 0 0 0 0 0 0 0 0
340	1	1 1 1 1 1 0 1 0 1 0 0 0 0 1 0 1 0 0 0 0
340	2	1 1 1 0 0 0 1 1 0 0 0 0 0 0 1 1 1 0 0 0
340	8	1 1 1 0 0 0 0 0 0 0 0 1 0 0 0 0 0 0 0 0
340	3	1 1 0 0 0 0 1 0 1 0 1 1 0 1 1 1 0 0 0 0
340	3	1 1 1 0 0 0 1 0 1 0 0 1 0 0 1 1 0 0 0 0
340	4	1 1 1 0 0 0 1 0 0 0 0 0 0 0 0 1 0 0 0 0
340	14	1 1 1 0 0 0 1 1 0 0 0 0 0 0 1 0 0 0 0 0
340	1	0 1 1 1 1 0 1 0 1 1 0 0 0 1 0 1 0 0 0 0
340	2	1 1 1 0 0 0 1 0 1 0 0 0 1 1 0 0 0 0 0 0
340	3	1 1 1 1 1 0 1 1 0 0 0 0 0 1 0 0 0 0 0 0
340	1	1 1 1 1 0 0 1 0 1 1 0 0 0 1 0 1 0 0 0 0
340	4	1 0 1 1 0 0 0 0 1 0 0 0 0 1 0 1 0 0 0 0
340	1	1 1 1 0 0 0 1 0 0 0 0 1 0 0 1 0 0 1 0 0
340	2	1 1 1 0 0 0 1 0 0 0 1 1 0 1 1 1 0 0 1 0
340	1	1 1 1 0 0 0 1 1 0 0 0 0 0 0 0 0 0 0 0 1
340	3	1 1 1 1 1 0 1 1 0 0 0 0 0 1 0 1 0 0 0 0
340	1	1 1 1 1 0 1 1 0 1 0 1 1 0 0 1 1 0 0 0 0
340	2	0 1 1 0 0 0 1 0 0 1 0 0 0 0 0 0 0 0 0 1
340	2	1 1 1 1 1 0 1 0 1 0 0 0 0 1 0 0 0 0 0 0
340	4	1 1 1 0 0 0 1 0 0 0 0 0 0 0 0 0 0 1 0 0
340	6	1 1 1 0 1 0 0 0 0 1 0 1 0 0 1 1 0 0 0 0
340	1	1 1 1 0 0 0 1 0 0 0 0 1 0 0 0 1 0 0 0 0
340	6	1 1 1 0 0 0 1 0 0 1 0 0 0 0 1 0 0 0 0 0
340	2	1 1 1 1 1 0 1 0 1 0 1 1 0 0 1 1 0 0 0 0
340	1	1 0 1 1 1 0 1 0 1 0 0 0 0 0 1 1 0 0 0 0
340	3	1 1 1 1 0 0 1 0 1 1 0 0 0 0 0 1 0 0 0 0
340	2	1 1 1 0 0 0 1 0 0 0 0 0 0 1 0 1 0 0 0 0
340	1	1 1 1 0 0 0 1 0 0 0 1 1 0 0 0 1 0 0 0 0
340	1	1 1 1 0 0 0 1 0 1 0 0 1 0 0 0 1 0 0 0 0
340	1	1 1 1 1 0 0 1 0 0 0 0 0 0 1 0 1 0 0 0 0
340	2	1 1 1 1 0 0 0 0 1 0 0 0 0 0 0 1 0 0 0 0
340	1	1 1 1 1 0 0 1 1 0 0 0 0 0 0 0 0 0 0 0 0
340	2	1 1 1 1 0 0 1 0 1 0 1 1 0 1 0 0 0 0 0 0
340	1	1 1 1 1 1 0 1 1 0 0 0 0 0 0 0 0 0 0 0 0
340	2	1 1 1 1 1 0 1 0 1 0 0 0 0 0 0 0 0 0 0 0
340	1	1 1 1 0 0 0 1 0 0 1 0 0 0 1 0 1 0 0 0 0
340	2	1 1 1 0 0 0 1 0 0 0 0 1 0 0 0 0 1 0 0 0
340	2	0 0 1 0 0 0 0 0 1 0 0 0 0 0 0 0 0 0 0 0
340	1	1 1 1 0 1 1 1 0 0 0 1 1 0 0 1 1 0 0 0 0
340	1	1 1 1 0 0 0 0 0 0 0 0 0 0 0 1 1 1 0 0 0
340	2	1 1 1 0 0 0 1 0 1 0 1 1 0 0 1 1 0 0 0 0
340	2	1 1 1 1 0 0 1 0 1 0 1 1 0 0 0 1 0 0 0 0
340	1	1 1 1 0 0 0 0 0 0 0 0 0 0 1 0 1 0 0 0 0
340	1	1 1 1 0 0 0 1 0 0 0 1 1 0 1 0 1 0 0 1 0
340	1	0 0 1 0 0 0 0 0 1 0 0 0 0 0 0 0 0 0 0 1
340	1	1 1 1 1 0 0 0 0 1 0 0 0 0 0 0 0 0 0 0 1
340	2	1 1 1 0 1 0 0 0 0 1 0 1 0 0 1 1 0 1 0 0
340	1	1 1 1 1 0 0 1 0 0 0 1 0 0 1 0 0 0 0 0 1
340	2	1 1 1 1 1 0 1 1 1 0 1 1 0 0 0 0 0 0 0 0
340	1	1 1 1 0 0 0 1 0 0 0 1 0 0 0 1 0 0 0 0 0
340	1	1 0 1 0 1 0 1 0 0 1 0 1 0 0 1 1 0 0 0 0
340	2	1 1 0 1 0 0 1 0 1 0 0 1 0 1 0 1 0 0 1 0
340	1	1 1 1 0 0 0 1 0 0 1 1 0 0 1 1 0 0 1 0 0
340	2	1 1 1 0 0 0 1 0 1 0 0 1 0 1 0 1 0 0 0 0
340	1	1 1 1 0 0 0 1 1 0 0 0 1 0 0 1 0 0 1 0 0
340	1	1 1 1 0 0 0 1 0 1 0 1 1 0 0 0 0 1 0 0 0
340	1	1 1 0 1 0 0 1 0 0 1 0 1 0 0 1 1 0 0 0 0
340	2	1 1 1 1 0 0 1 1 0 0 1 1 0 0 0 0 0 0 0 0
340	1	1 1 1 0 0 0 1 1 0 0 0 0 0 1 0 1 0 0 0 0
340	2	1 1 1 1 0 0 1 0 1 0 0 1 0 0 0 0 0 0 0 0
340	2	1 1 1 0 1 0 1 0 0 0 0 0 0 0 0 1 0 0 0 0
340	1	1 1 1 1 1 0 1 0 0 0 0 1 0 1 0 1 0 0 0 0
340	1	1 1 1 1 1 0 1 0 1 0 0 0 0 0 0 1 0 0 0 0
340	1	1 1 1 0 0 0 1 0 0 0 0 0 0 0 1 1 0 0 0 0
340	1	1 1 1 0 1 0 1 0 0 0 0 1 0 0 1 1 0 0 0 0
340	1	1 1 1 0 0 0 0 1 0 0 0 0 0 0 1 0 0 0 0 0
340	1	1 1 1 1 1 0 1 1 0 0 0 1 0 1 1 1 0 0 0 0
360	1	1 1 1 0 0 0 1 0 1 0 1 1 0 0 0 0 0 0 0 0
360	1	1 1 1 1 0 0 1 0 1 0 0 1 0 1 0 1 0 0 0 0
360	12	1 1 1 0 0 0 1 0 0 0 1 1 0 0 1 1 0 0 0 0
360	16	1 1 1 0 0 0 1 0 1 0 0 0 0 0 0 0 0 0 0 0
360	3	1 1 1 1 0 0 1 1 0 0 0 0 0 1 0 0 0 0 0 0
360	11	1 1 1 1 0 0 1 0 1 0 1 1 0 0 0 0 0 0 0 0
360	1	1 1 1 0 1 0 1 0 0 1 0 1 0 0 1 1 0 0 0 0
360	5	1 1 1 0 0 0 1 0 0 0 1 1 0 0 0 0 0 0 0 0
360	6	1 1 1 0 0 0 1 0 1 0 0 0 0 0 0 1 0 0 0 0
360	3	1 1 1 0 0 0 0 0 0 0 0 1 0 0 0 0 0 0 0 0
360	1	1 1 1 0 0 0 1 0 1 0 0 1 0 0 1 1 0 0 0 0
360	1	1 1 1 0 0 0 1 0 0 0 0 0 0 0 0 1 0 0 0 0
360	9	1 1 1 0 0 0 1 1 0 0 0 0 0 0 1 0 0 0 0 0
360	3	1 1 1 1 0 0 1 0 1 1 0 0 0 1 0 1 0 0 0 0
360	3	1 1 1 0 0 0 1 1 0 0 0 0 0 0 0 0 0 0 0 1
360	2	1 0 1 0 0 0 0 0 1 0 1 1 0 0 0 0 0 0 0 0
360	6	1 1 1 1 0 1 1 0 1 0 1 1 0 0 1 1 0 0 0 0
360	2	0 1 1 0 0 0 1 0 0 1 0 0 0 0 0 0 0 0 0 1
360	2	1 1 1 0 1 0 0 0 0 1 0 1 0 0 1 1 0 0 0 0
360	3	1 1 1 0 0 0 1 0 0 1 0 0 0 0 1 0 0 0 0 0
360	3	1 1 1 1 0 0 1 0 1 0 1 1 0 0 0 1 0 0 0 0
360	3	0 1 1 0 0 0 1 0 0 0 1 0 0 0 1 1 0 0 0 0
360	3	1 1 1 0 0 0 1 1 0 0 0 1 0 0 1 0 0 1 0 0
360	7	1 1 1 1 0 0 1 1 0 0 1 1 0 0 0 0 0 0 0 0
360	4	0 1 1 0 0 0 1 0 1 0 0 0 0 1 1 1 0 0 0 0
360	1	1 1 1 0 0 0 1 0 1 0 0 1 0 0 1 0 0 0 0 0
360	1	1 1 1 0 0 0 1 0 1 1 0 0 0 0 0 1 0 0 0 0
360	3	0 1 1 0 0 0 1 1 0 0 0 0 0 1 0 0 0 0 0 0
360	4	1 1 1 0 0 0 0 0 0 0 0 0 0 0 0 1 1 0 0 0
360	3	1 1 1 0 0 0 1 0 0 0 0 1 0 1 1 1 1 0 0 0
360	1	1 1 1 1 0 1 1 1 0 0 0 0 0 0 0 0 0 0 0 0
360	1	1 1 1 0 0 0 1 0 0 1 0 1 0 0 1 1 0 0 0 0
360	1	1 1 1 0 0 1 1 0 1 0 1 1 0 0 1 1 0 0 0 0
360	3	1 1 1 1 0 1 1 0 1 0 1 1 0 0 1 1 0 1 0 0
360	2	1 1 1 0 0 0 1 1 0 0 1 1 0 0 1 1 0 1 0 0
360	6	1 1 1 0 0 0 1 0 0 0 0 0 0 1 0 1 1 0 0 0
360	5	0 1 1 0 0 0 1 0 1 1 0 0 0 1 1 1 0 0 0 0
360	1	1 1 1 0 0 0 1 1 0 0 1 1 0 0 1 1 0 0 0 0
360	1	1 1 1 0 0 1 0 0 0 0 0 1 0 0 0 0 0 0 0 0
360	1	1 1 1 0 0 0 1 0 0 0 1 1 0 0 1 1 0 0 0 1
360	2	1 1 1 0 0 0 1 1 1 0 0 0 0 0 0 0 0 0 0 0
360	3	0 1 1 0 1 0 1 0 0 1 0 1 0 0 1 1 0 0 0 0
360	2	1 1 1 0 0 0 1 0 0 0 0 0 0 0 0 0 0 0 0 1
360	7	1 1 1 0 0 0 0 0 0 0 0 0 0 0 1 1 0 0 0 0
360	1	1 1 1 0 0 0 1 0 1 0 1 1 0 1 0 0 0 0 0 0
360	1	1 1 1 0 0 0 1 1 0 1 0 1 0 0 1 0 0 1 0 0
360	3	0 1 1 0 0 0 1 0 1 0 0 1 0 1 1 1 1 0 0 0
360	1	0 1 1 0 0 1 1 0 0 0 1 0 0 0 1 1 0 0 0 0
360	2	1 0 1 0 0 0 1 0 1 0 0 0 0 0 0 0 0 0 0 0
360	2	0 1 1 0 0 0 1 1 0 0 0 0 0 0 0 0 0 0 0 0
360	2	1 1 1 0 0 0 1 0 1 0 0 0 0 0 0 0 1 0 0 0
360	1	1 1 1 0 0 0 1 0 0 0 1 0 0 0 1 1 1 0 0 0
360	1	1 0 0 0 0 0 0 0 1 0 1 1 0 0 0 0 0 0 0 0
360	4	1 1 1 0 1 0 0 1 0 1 0 1 0 0 1 1 0 0 0 0
360	1	0 1 1 0 0 0 1 0 1 0 0 0 0 0 1 1 0 0 0 0
360	1	1 0 1 0 0 0 1 1 1 0 0 0 0 0 1 0 0 0 0 0
360	2	1 1 1 0 0 0 0 0 0 0 1 1 0 0 1 1 0 0 0 0
360	2	1 1 1 1 0 0 1 0 1 0 1 1 0 0 0 0 1 0 0 0
360	1	0 1 1 0 0 0 1 0 0 0 1 0 0 0 1 1 0 0 1 0
360	3	1 1 1 0 0 0 1 0 1 0 0 0 0 0 1 0 0 0 0 0
360	1	0 1 1 0 1 0 1 0 0 1 0 1 0 0 1 1 0 0 0 1
360	1	1 1 1 1 0 0 1 0 0 0 1 1 0 0 1 1 0 0 0 0
360	1	1 1 1 0 0 0 1 0 1 0 0 0 0 0 0 0 0 0 0 1
360	2	1 1 1 0 0 1 1 1 0 0 0 1 0 0 1 0 0 1 0 0
360	1	0 1 1 0 0 0 1 0 0 0 0 0 0 1 1 1 0 0 0 0
360	1	0 1 1 1 0 0 1 0 1 1 0 0 0 1 1 1 0 0 0 0
360	1	1 0 1 0 0 0 1 0 0 0 1 1 0 0 0 0 0 0 0 0
360	1	0 1 1 0 0 0 1 0 1 0 0 0 0 1 0 0 0 0 0 0
360	1	1 1 1 0 0 0 1 0 0 0 1 1 0 1 1 1 0 0 0 0
360	1	1 1 1 0 0 0 1 0 1 0 0 1 0 0 0 0 0 0 0 0
360	1	1 1 1 0 0 0 1 1 0 0 0 0 0 0 1 0 1 0 0 0
360	1	1 1 1 0 0 0 0 0 0 0 0 1 0 0 0 1 1 0 0 0
380	7	1 1 1 0 0 0 1 0 1 0 1 1 0 0 0 0 0 0 0 0
380	3	1 1 1 0 0 0 1 0 0 0 1 1 0 0 1 1 0 0 0 0
380	15	1 1 1 0 0 0 1 0 1 0 0 0 0 0 0 0 0 0 0 0
380	4	1 1 1 0 0 0 1 0 0 0 1 0 0 0 1 1 0 0 0 0
380	7	1 1 1 1 0 0 1 0 0 0 0 1 0 1 1 1 1 0 0 0
380	3	1 1 1 1 0 0 1 0 1 0 1 1 0 0 0 0 0 0 0 0
380	2	1 1 1 0 0 0 1 0 1 0 0 0 0 0 0 1 0 0 0 0
380	1	1 1 1 0 0 0 1 0 1 0 0 1 0 0 1 1 0 0 0 0
380	9	1 1 1 0 0 0 1 1 0 0 0 0 0 0 1 0 0 0 0 0
380	7	1 1 1 1 0 1 1 0 1 0 1 1 0 0 1 1 0 0 0 0
380	3	1 1 1 0 0 0 1 1 0 0 0 1 0 0 1 0 0 1 0 0
380	3	1 1 1 1 0 0 1 1 0 0 1 1 0 0 0 0 0 0 0 0
380	2	1 1 1 0 0 0 1 0 1 0 0 1 0 0 1 0 0 0 0 0
380	2	1 1 1 0 0 0 1 0 1 1 0 0 0 0 0 1 0 0 0 0
380	3	0 1 1 0 0 0 1 0 1 0 0 0 0 0 1 0 0 0 0 0
380	1	1 1 1 1 0 0 1 0 0 0 1 0 0 0 1 0 0 0 0 0
380	4	1 1 1 0 0 0 1 0 0 0 0 1 0 1 1 1 1 0 0 0
380	5	1 1 1 0 0 0 1 0 0 1 0 1 0 0 1 1 0 0 0 0
380	6	1 1 1 0 0 1 1 0 1 0 1 1 0 0 1 1 0 0 0 0
380	2	1 1 1 0 0 0 1 1 0 0 1 1 0 0 1 1 0 1 0 0
380	4	0 1 1 0 0 0 1 0 1 1 0 0 0 1 1 1 0 0 0 0
380	9	1 1 1 0 0 1 0 0 0 0 0 1 0 0 0 0 0 0 0 0
380	3	1 1 1 0 0 1 1 0 0 0 1 1 0 0 1 1 0 0 0 0
380	3	0 1 1 0 1 0 1 0 0 1 0 1 0 0 1 1 0 0 0 0
380	4	1 1 1 0 0 0 0 0 0 0 0 0 0 0 1 1 0 0 0 0
380	3	1 1 1 0 0 0 1 0 0 0 1 0 0 0 1 1 1 0 0 0
380	1	1 1 1 0 0 0 1 0 1 0 0 0 0 0 1 0 0 0 0 0
380	1	1 1 1 0 0 1 1 1 0 0 0 1 0 0 1 0 0 1 0 0
380	1	0 1 1 0 1 0 1 0 0 1 1 1 0 0 1 1 0 0 0 0
380	4	1 1 1 0 0 1 0 0 1 0 1 1 0 0 1 1 0 0 0 0
380	1	1 1 1 0 0 0 1 0 1 0 0 0 0 1 1 1 0 0 0 0
380	1	1 1 1 0 0 0 1 0 1 0 0 0 0 0 0 1 0 1 0 0
380	1	1 1 1 0 0 0 0 0 0 0 0 0 0 0 0 0 1 0 0 0
380	1	1 0 1 0 0 0 0 0 1 0 1 1 1 0 0 0 0 0 0 0
380	2	0 1 1 0 0 0 1 0 1 0 0 0 0 0 1 1 0 1 0 0
380	1	1 1 1 0 0 0 1 0 1 0 0 0 0 1 1 0 0 0 0 0
380	1	1 1 1 1 0 0 1 1 0 0 1 1 0 0 1 0 0 0 0 0
380	3	0 1 1 0 0 0 1 1 0 0 0 0 0 1 1 1 0 0 0 0
380	2	1 1 1 0 0 0 1 0 0 0 0 0 0 1 1 1 1 0 0 0
380	4	1 1 1 1 0 0 1 1 1 0 0 1 0 0 0 0 0 0 0 0
380	1	1 1 1 0 1 0 1 0 1 0 0 0 0 0 0 0 0 0 0 0
380	3	1 1 1 0 0 0 1 0 0 0 0 1 0 0 1 0 0 1 0 0
380	1	1 1 1 0 1 0 0 1 0 0 0 0 0 0 1 0 0 0 0 0
380	5	0 1 1 0 0 0 1 0 1 1 0 0 0 1 0 1 0 0 0 0
380	4	1 1 1 0 0 0 1 0 1 0 0 0 1 0 0 1 0 0 0 0
380	3	1 1 1 0 0 0 1 0 1 0 0 0 0 1 1 1 0 0 1 0
380	2	1 1 1 0 0 0 1 1 1 0 0 1 0 0 1 0 0 1 0 0
380	1	1 1 1 0 0 0 1 0 1 0 1 0 0 0 0 0 0 0 0 0
380	3	1 1 1 1 0 0 1 0 1 0 0 0 0 1 1 1 0 0 0 0
380	2	0 1 1 0 1 0 0 0 0 1 1 1 0 0 1 1 0 0 0 0
380	3	0 1 1 0 0 0 1 0 1 0 0 1 1 0 0 0 0 0 0 0
380	2	1 1 1 0 0 0 1 0 0 0 0 1 0 0 1 1 0 0 0 0
380	3	0 1 1 0 0 0 1 0 1 0 0 1 0 0 1 1 0 0 0 0
380	2	1 1 1 0 0 0 1 0 0 0 0 0 0 0 0 0 0 1 0 0
380	1	1 1 1 0 0 0 0 0 0 0 0 0 0 0 0 1 0 0 0 0
380	1	1 1 1 0 0 0 1 0 1 0 1 1 0 0 1 1 0 0 0 0
380	1	0 1 1 0 0 1 1 0 1 0 1 1 0 0 1 1 0 0 1 0
380	1	1 1 1 0 0 0 1 0 0 0 1 0 0 0 1 1 0 0 0 1
380	1	0 1 1 0 0 0 1 0 1 0 1 0 0 1 0 0 0 0 0 0
380	1	1 1 1 0 0 0 1 0 0 1 0 1 0 1 1 1 1 0 0 0
380	2	1 1 1 0 0 0 1 0 0 1 1 1 0 0 1 1 0 0 0 0
380	1	0 1 1 0 0 0 0 0 0 0 0 0 0 0 0 0 0 0 0 0
380	1	1 1 1 0 0 0 0 1 0 0 0 0 0 0 1 0 0 0 0 0
380	1	0 1 1 0 0 1 1 0 1 1 0 0 0 1 1 1 0 0 0 0
380	1	1 1 1 0 0 0 1 0 1 0 1 0 0 0 0 0 1 0 0 0
380	1	1 1 1 0 0 0 0 0 1 0 1 1 1 0 0 0 0 0 0 0
380	1	1 1 1 1 0 0 1 0 0 0 0 0 0 0 1 0 0 0 0 0
380	1	0 1 1 0 0 0 1 0 0 0 0 1 0 1 1 1 1 0 0 0
380	1	1 1 1 1 0 1 1 0 1 0 0 0 0 0 0 0 1 0 0 0
380	1	0 1 1 0 0 0 0 0 0 0 0 1 0 0 0 1 1 0 0 0
380	1	1 1 1 1 0 0 1 0 1 0 1 1 0 1 1 1 1 0 0 0
380	1	1 0 1 1 0 0 1 0 1 0 0 0 0 0 0 1 0 0 0 0
380	1	1 1 1 0 0 0 1 1 1 0 0 0 0 0 0 0 0 0 0 0
380	1	1 1 1 1 0 0 1 0 1 0 1 1 0 0 1 1 0 0 0 0
380	1	1 1 1 0 0 0 0 1 0 0 0 1 0 0 1 0 0 1 0 0
380	2	1 1 1 0 0 0 0 1 0 0 0 0 0 0 0 0 1 0 0 0
380	2	1 1 1 0 0 0 1 1 0 0 0 0 0 1 0 1 1 0 1 0
400	1	1 1 1 0 0 0 1 0 1 0 1 1 0 0 0 0 0 0 0 0
400	16	1 1 1 0 0 0 1 0 1 0 0 0 0 0 0 0 0 0 0 0
400	6	1 1 1 0 0 0 1 0 0 0 1 0 0 0 1 1 0 0 0 0
400	1	1 1 1 1 0 0 1 0 0 0 0 1 0 1 1 1 1 0 0 0
400	2	1 1 1 1 0 0 1 0 1 0 1 1 0 0 0 0 0 0 0 0
400	7	1 1 1 0 0 0 1 1 0 0 0 0 0 0 1 0 0 0 0 0
400	2	1 1 1 1 0 1 1 0 1 0 1 1 0 0 1 1 0 0 0 0
400	3	1 1 1 0 0 0 1 1 0 0 0 1 0 0 1 0 0 1 0 0
400	4	1 1 1 1 0 0 1 1 0 0 1 1 0 0 0 0 0 0 0 0
400	1	1 1 1 0 0 0 1 0 0 0 0 1 0 1 1 1 1 0 0 0
400	5	1 1 1 0 0 0 1 0 0 1 0 1 0 0 1 1 0 0 0 0
400	2	1 1 1 0 0 0 1 0 0 0 0 0 0 1 0 1 1 0 0 0
400	4	0 1 1 0 0 0 1 0 1 1 0 0 0 1 1 1 0 0 0 0
400	12	1 1 1 0 0 1 0 0 0 0 0 1 0 0 0 0 0 0 0 0
400	5	1 1 1 0 0 0 1 0 0 0 1 0 0 0 1 1 1 0 0 0
400	12	1 1 1 0 0 1 0 0 1 0 1 1 0 0 1 1 0 0 0 0
400	1	1 1 1 0 0 0 1 0 1 0 0 0 0 0 0 1 0 1 0 0
400	5	1 1 1 0 0 0 1 0 0 0 0 0 0 1 1 1 1 0 0 0
400	1	1 1 1 0 1 0 1 0 1 0 0 0 0 0 0 0 0 0 0 0
400	1	0 1 1 0 0 0 1 0 1 1 0 0 0 1 0 1 0 0 0 0
400	1	1 1 1 0 0 0 1 0 1 0 1 0 0 0 0 0 0 0 0 0
400	1	0 1 1 0 0 0 1 0 1 0 0 1 0 0 1 1 0 0 0 0
400	1	1 1 1 0 1 0 0 0 0 0 0 0 0 0 0 0 0 0 0 0
400	3	1 1 1 0 0 0 1 0 1 0 1 1 0 0 1 1 0 0 0 0
400	1	1 1 1 0 0 0 1 1 0 0 0 0 0 0 1 0 0 0 1 0
400	1	0 1 1 0 0 1 1 0 1 0 1 1 0 0 1 1 0 0 1 0
400	2	1 1 1 0 0 0 1 0 0 1 0 0 0 0 1 1 0 1 0 0
400	1	1 1 1 0 0 0 1 0 1 0 1 0 0 0 0 0 1 0 0 0
400	3	1 1 1 0 0 0 1 1 0 1 0 1 0 0 1 0 0 1 0 0
400	5	0 1 1 0 0 0 1 0 1 0 0 0 0 0 0 0 0 0 0 0
400	2	1 1 1 1 0 1 1 0 0 0 1 0 0 0 1 0 0 0 0 0
400	1	1 1 1 1 0 1 1 0 1 0 1 0 0 0 1 1 0 0 0 0
400	3	1 0 1 0 0 1 0 0 0 0 1 1 0 0 0 0 0 0 0 0
400	2	1 1 1 1 1 0 1 0 1 0 1 1 0 0 0 0 0 0 0 0
400	3	1 1 1 0 0 0 1 0 0 0 1 1 0 0 1 0 0 0 0 1
400	2	1 1 1 0 0 0 1 0 0 0 0 0 0 1 1 0 0 0 0 0
400	2	0 1 1 0 0 0 1 0 0 0 0 0 0 1 0 1 1 0 0 0
400	2	0 1 1 0 0 0 1 0 0 0 0 0 0 1 1 1 1 0 0 0
400	1	1 1 1 0 0 0 1 0 1 0 0 0 1 0 0 0 0 0 0 0
400	2	1 1 1 1 0 1 1 0 1 0 1 0 0 0 1 1 0 1 0 0
400	1	0 0 1 0 0 0 1 0 1 0 0 0 0 0 0 0 0 0 0 0
400	2	1 1 0 0 0 0 0 0 0 0 0 1 0 0 0 0 0 0 0 0
400	1	1 1 1 0 1 0 1 0 0 0 0 0 0 1 0 1 1 0 0 0
400	3	1 0 1 0 0 0 1 0 0 0 0 0 0 1 1 1 0 0 0 0
400	1	0 1 1 0 0 0 1 1 1 1 0 0 0 0 0 0 0 0 0 0
400	1	1 1 1 1 0 0 1 1 0 1 1 1 0 0 0 0 0 0 0 0
400	1	1 1 1 0 0 0 1 1 0 0 1 0 0 0 1 1 1 0 0 0
400	2	1 1 1 0 0 0 1 0 1 1 0 0 0 1 1 1 0 0 0 0
400	1	0 1 1 0 0 0 1 0 1 0 1 1 0 0 0 0 0 0 0 0
400	1	0 1 1 0 0 0 1 1 0 0 1 1 0 0 0 0 0 0 0 0
400	1	1 1 1 0 0 0 1 0 0 0 0 0 0 0 1 1 0 0 0 0
400	1	0 1 1 0 1 0 1 0 0 1 1 1 0 0 1 1 0 0 0 1
400	2	1 1 1 0 0 0 1 0 0 0 1 0 0 0 0 0 1 0 0 0
400	1	1 1 1 0 0 0 1 0 0 0 0 0 0 0 0 0 0 1 0 0
400	1	1 1 1 0 0 0 1 0 1 1 0 1 0 0 1 1 0 0 0 0
400	3	1 1 1 0 0 0 1 0 1 0 0 0 0 1 0 1 0 0 0 0
400	1	1 1 1 1 1 0 1 0 0 1 1 1 0 0 1 1 0 0 0 0
400	2	0 1 1 0 0 0 1 1 1 0 0 1 1 0 0 0 0 0 0 0
400	1	1 1 1 0 0 0 1 1 0 0 0 1 0 0 1 1 0 0 0 0
400	3	1 1 1 0 0 0 1 1 0 0 0 0 1 0 1 0 0 0 0 0
400	8	1 1 1 0 0 1 0 1 0 0 0 1 0 0 0 0 0 0 0 0
400	3	1 1 1 0 0 0 0 0 1 0 0 0 0 0 1 1 0 0 0 0
400	1	1 1 1 0 0 1 0 0 0 0 0 0 0 0 0 0 0 0 0 0
400	3	1 1 1 0 0 0 1 0 0 0 0 1 0 0 1 1 0 0 1 0
400	1	1 1 1 0 1 0 1 0 0 1 0 1 0 0 1 1 0 0 0 0
400	3	1 0 1 0 0 0 1 0 0 0 0 1 0 0 0 0 1 0 0 0
400	1	0 1 0 0 0 0 1 0 1 0 0 0 0 0 1 0 0 0 0 0
400	2	0 1 1 0 0 0 0 0 0 0 0 0 0 0 1 0 0 0 0 0
400	3	0 1 1 0 0 0 1 0 1 0 0 0 0 0 1 0 0 0 1 0
400	2	0 1 1 0 0 0 1 1 0 1 0 1 0 0 1 0 0 1 0 0
400	3	0 1 1 0 1 0 0 0 0 1 1 1 0 0 1 0 0 0 1 0
400	2	1 1 1 0 0 0 1 0 0 0 0 0 0 1 1 1 0 0 0 0
400	1	1 1 1 0 0 0 1 0 1 0 1 0 0 0 0 0 0 0 1 0
400	1	0 1 1 0 0 1 1 0 0 0 1 1 0 0 1 1 0 0 1 0
400	1	1 1 1 0 0 0 1 0 1 0 0 0 0 1 0 0 1 0 0 0
400	1	0 1 1 0 0 0 1 0 1 1 0 0 0 0 1 1 0 0 1 0
400	1	1 1 1 0 0 0 1 1 0 0 0 0 0 0 0 0 0 0 0 0
400	1	1 0 1 0 0 0 1 0 0 0 1 1 0 0 1 0 0 0 0 1
400	1	1 1 1 0 1 1 0 0 1 0 1 1 0 0 1 1 0 0 0 0
400	1	0 1 1 0 0 0 1 0 1 0 0 1 0 0 0 0 0 0 0 0
420	25	1 1 1 0 0 0 1 0 1 0 0 0 0 0 0 0 0 0 0 0
420	2	1 1 1 0 0 0 1 0 0 0 1 0 0 0 1 1 0 0 0 0
420	9	1 1 1 0 0 0 1 1 0 0 0 0 0 0 1 0 0 0 0 0
420	10	1 1 1 1 0 0 1 1 0 0 1 1 0 0 0 0 0 0 0 0
420	2	1 1 1 0 0 0 1 0 0 1 0 1 0 0 1 1 0 0 0 0
420	11	1 1 1 0 0 1 0 0 0 0 0 1 0 0 0 0 0 0 0 0
420	3	1 1 1 0 0 1 0 0 1 0 1 1 0 0 1 1 0 0 0 0
420	2	1 1 1 0 0 0 1 0 1 0 0 0 0 0 0 1 0 1 0 0
420	2	1 0 1 0 0 0 0 0 1 0 1 1 1 0 0 0 0 0 0 0
420	2	1 1 1 0 0 0 1 0 0 0 0 0 0 1 1 1 1 0 0 0
420	5	0 1 1 0 0 0 1 1 1 1 0 0 0 1 1 1 0 0 0 0
420	1	0 1 1 0 0 1 1 0 1 0 1 1 0 0 1 1 0 0 1 0
420	1	0 1 1 0 0 0 1 0 1 0 0 0 0 0 0 0 0 0 0 0
420	4	1 1 1 1 0 1 1 0 0 0 1 0 0 0 1 0 0 0 0 0
420	1	1 0 1 0 0 1 0 0 0 0 1 1 0 0 0 0 0 0 0 0
420	1	0 1 1 0 0 0 1 0 0 0 0 0 0 1 1 1 1 0 0 0
420	1	0 1 1 0 0 0 1 0 0 1 0 1 0 0 1 1 0 0 0 0
420	2	1 1 0 0 0 0 0 0 0 0 0 1 0 0 0 0 0 0 0 0
420	3	0 1 1 0 0 0 1 1 1 1 0 0 0 0 0 0 0 0 0 0
420	4	1 1 1 0 0 0 1 0 1 1 0 0 0 1 1 1 0 0 0 0
420	2	1 1 1 1 0 0 1 1 1 0 0 1 0 0 1 1 0 0 0 0
420	1	1 1 1 0 0 1 0 0 0 0 0 1 0 0 1 0 0 0 0 0
420	1	1 1 1 0 0 0 1 1 0 0 0 1 0 0 1 1 0 0 0 0
420	2	1 1 1 0 0 0 1 1 0 0 0 0 1 0 1 0 0 0 0 0
420	5	1 1 1 0 0 1 0 1 0 0 0 1 0 0 0 0 0 0 0 0
420	1	1 1 1 0 0 0 1 0 0 0 0 1 0 0 1 1 0 0 1 0
420	1	1 1 1 1 0 0 1 0 1 0 0 1 0 0 1 1 0 0 0 0
420	7	0 1 1 0 0 0 0 0 0 0 0 0 0 0 1 0 0 0 0 0
420	1	1 1 1 0 0 0 1 0 0 0 0 0 0 1 1 1 0 0 0 0
420	1	1 1 1 0 1 0 1 0 0 1 0 1 0 0 1 0 0 0 0 0
420	2	1 0 1 0 0 0 1 0 1 0 0 0 0 0 0 1 0 0 0 0
420	2	1 1 1 0 1 1 0 0 1 0 1 1 0 0 1 1 0 0 0 0
420	4	1 0 1 0 0 0 1 0 1 0 0 0 0 0 0 0 0 0 0 0
420	6	1 1 1 0 0 1 0 0 0 0 0 1 0 1 0 0 0 0 0 0
420	1	1 1 1 0 0 1 0 0 0 0 0 1 0 0 0 0 0 0 1 0
420	2	1 1 1 0 0 0 1 1 0 0 0 0 1 0 1 0 1 0 0 0
420	2	1 1 1 0 1 0 1 0 0 1 1 1 0 0 1 1 0 0 0 1
420	1	1 1 1 0 1 0 1 0 1 0 1 0 0 0 0 0 1 0 0 0
420	5	1 1 1 0 0 1 0 0 1 0 1 0 0 0 0 0 0 0 0 0
420	1	0 1 1 0 0 0 1 0 1 0 0 0 0 0 0 0 0 0 0 1
420	2	1 1 1 0 0 1 0 0 1 0 1 1 0 0 1 1 0 0 0 1
420	2	1 1 1 0 0 0 1 1 1 0 0 0 0 1 0 1 0 0 0 0
420	4	1 1 1 0 0 0 1 0 1 0 0 0 0 0 1 1 1 0 0 0
420	3	1 1 1 0 0 1 0 0 0 0 0 0 0 0 0 1 0 0 0 0
420	1	1 1 1 0 0 0 1 0 1 0 0 0 0 0 0 1 0 0 0 0
420	1	1 1 1 0 0 1 0 1 0 0 0 0 0 0 0 0 0 0 0 0
420	3	0 1 1 0 1 0 1 0 0 1 0 1 0 0 1 1 0 0 0 0
420	6	1 1 1 0 0 1 0 0 1 0 0 0 0 0 0 0 0 0 0 0
420	2	1 1 1 1 0 0 1 1 0 0 1 1 0 0 1 0 0 0 0 0
420	3	1 1 0 0 0 0 0 0 0 0 0 1 0 0 0 0 0 1 0 0
420	1	1 1 1 0 0 1 0 0 0 0 1 1 0 0 0 0 0 1 0 0
420	3	0 1 1 0 0 0 1 0 1 0 0 0 0 0 0 1 0 0 0 0
420	2	1 1 1 0 1 0 1 0 1 0 1 0 0 0 0 1 1 0 0 0
420	2	1 1 1 0 0 0 1 0 0 0 0 0 0 0 1 0 0 0 0 0
420	1	1 1 1 0 0 0 1 0 0 0 0 0 0 1 0 1 0 0 0 0
420	2	1 1 1 0 1 0 1 0 1 0 1 0 0 0 0 0 0 0 0 0
420	1	1 1 1 0 0 0 1 0 1 0 1 1 0 0 0 0 0 0 0 0
420	1	0 1 1 0 0 0 1 1 1 1 0 0 0 1 1 0 0 0 0 0
420	1	1 1 1 1 0 1 1 1 1 0 0 1 0 0 1 1 0 0 0 0
420	1	1 1 1 1 1 1 1 0 0 0 1 0 0 0 1 0 0 0 0 0
420	1	1 1 1 0 0 0 1 0 1 0 0 0 0 1 0 0 0 0 0 0
420	1	1 1 1 0 0 0 1 1 1 0 0 0 0 0 1 0 0 0 0 0
420	3	1 1 1 0 0 0 1 0 0 1 0 1 0 0 1 1 0 0 0 1
420	2	0 1 1 0 0 0 1 1 1 1 0 0 0 1 1 1 0 0 0 1
420	1	1 1 1 0 0 0 1 0 1 0 0 0 0 1 0 1 1 0 0 0
420	1	1 1 0 0 0 0 1 1 0 0 0 0 1 0 1 0 0 0 0 0
420	1	1 1 0 0 0 1 0 0 0 0 0 1 0 0 0 0 0 1 0 0
420	1	1 0 0 0 0 1 0 1 0 0 0 1 0 0 0 0 0 0 0 0
420	1	1 1 1 0 0 1 0 0 1 0 1 1 0 0 1 0 0 0 0 0
420	1	1 1 1 0 1 1 0 0 0 0 0 1 0 1 0 0 0 0 0 0
420	1	0 0 1 0 0 0 0 0 0 0 0 0 0 0 1 0 0 0 0 0
420	1	1 0 1 0 0 0 1 0 1 0 1 0 0 0 0 1 0 0 0 0
420	1	0 1 1 0 1 0 1 0 1 0 0 0 0 0 0 0 1 0 0 1
420	1	0 1 1 0 0 0 1 0 0 0 1 0 0 0 1 0 0 0 0 0
420	1	0 1 1 0 0 0 0 0 0 0 0 0 1 0 1 0 0 0 0 0
420	1	1 0 1 0 0 0 1 0 1 0 0 0 0 0 1 1 1 0 0 0
440	14	1 1 1 0 0 0 1 0 1 0 0 0 0 0 0 0 0 0 0 0
440	6	1 1 1 0 0 0 1 1 0 0 0 0 0 0 1 0 0 0 0 0
440	8	1 1 1 1 0 0 1 1 0 0 1 1 0 0 0 0 0 0 0 0
440	12	1 1 1 0 0 0 1 0 0 1 0 1 0 0 1 1 0 0 0 0
440	11	1 1 1 0 0 1 0 0 0 0 0 1 0 0 0 0 0 0 0 0
440	2	1 1 1 0 0 1 0 0 1 0 1 1 0 0 1 1 0 0 0 0
440	1	1 1 1 0 0 0 1 0 1 0 1 0 0 0 0 0 0 0 0 0
440	5	0 1 1 0 0 1 1 0 1 0 1 1 0 0 1 1 0 0 1 0
440	1	1 1 1 0 0 0 1 0 1 0 1 0 0 0 0 0 1 0 0 0
440	7	1 1 1 1 0 1 1 0 0 0 1 0 0 0 1 0 0 0 0 0
440	1	0 1 1 0 0 0 1 1 1 1 0 0 0 0 0 0 0 0 0 0
440	2	1 1 1 0 0 0 1 0 1 1 0 0 0 1 1 1 0 0 0 0
440	8	1 1 1 0 0 1 0 0 0 0 0 1 0 0 1 0 0 0 0 0
440	3	1 1 1 0 0 0 1 1 0 0 0 0 1 0 1 0 0 0 0 0
440	2	1 1 1 0 0 0 1 0 0 0 0 1 0 0 1 1 0 0 1 0
440	2	0 1 1 0 0 0 0 0 0 0 0 0 0 0 1 0 0 0 0 0
440	3	1 1 1 0 1 1 0 0 1 0 1 1 0 0 1 1 0 0 0 0
440	7	1 1 1 0 0 0 1 1 0 0 0 0 1 0 1 0 1 0 0 0
440	1	1 1 1 0 1 0 1 0 1 0 1 0 0 0 0 0 1 0 0 0
440	3	1 1 1 0 0 1 0 0 1 0 1 0 0 0 0 0 0 0 0 0
440	1	0 1 1 0 0 0 1 0 1 0 0 0 0 0 0 0 0 0 0 1
440	6	1 1 1 0 0 0 1 1 1 0 0 0 0 1 0 1 0 0 0 0
440	2	1 1 1 0 0 0 1 0 1 0 0 0 0 0 1 1 1 0 0 0
440	4	1 1 1 0 0 0 1 0 1 0 0 0 0 0 0 1 0 0 0 0
440	10	1 1 1 0 0 1 0 1 0 0 0 0 0 0 0 0 0 0 0 0
440	3	1 1 1 0 0 0 1 0 1 0 0 1 0 0 0 0 0 0 0 0
440	3	1 1 1 0 0 1 0 0 1 0 0 0 0 0 0 0 0 0 0 0
440	3	1 1 1 1 0 0 1 1 0 0 1 1 0 0 1 0 0 0 0 0
440	1	1 1 1 0 1 0 1 0 1 0 1 0 0 0 0 1 1 0 0 0
440	5	1 1 1 0 0 0 1 1 0 0 1 1 0 0 0 0 0 0 0 0
440	2	0 1 1 0 0 0 1 1 0 0 0 0 1 0 1 0 0 0 0 0
440	3	0 1 1 0 0 0 1 1 1 1 0 0 0 1 1 0 0 0 0 0
440	2	1 1 1 1 1 1 1 0 0 0 1 0 0 0 1 0 0 0 0 0
440	1	1 1 1 0 0 0 1 1 1 0 0 0 0 0 1 0 0 0 0 0
440	1	1 1 1 0 0 1 0 0 0 0 0 1 1 0 0 0 0 0 0 0
440	3	1 1 0 0 0 0 1 1 0 0 0 0 0 0 1 0 0 0 0 0
440	1	0 1 1 0 0 0 1 1 0 0 0 1 0 0 1 0 0 0 0 0
440	1	1 1 1 0 0 0 1 0 1 0 0 0 0 0 0 0 0 1 0 0
440	4	1 1 1 0 0 0 1 1 1 0 0 0 0 0 0 0 0 0 0 0
440	3	0 1 1 0 1 0 1 1 1 1 0 0 0 0 0 0 0 0 0 0
440	1	1 1 1 0 0 0 1 1 0 0 0 0 0 1 1 0 0 0 0 0
440	3	1 1 1 0 0 0 1 1 0 0 0 0 0 0 0 0 0 0 0 0
440	2	1 1 1 1 0 0 1 0 1 0 0 0 0 0 0 0 0 0 0 0
440	1	1 1 1 0 0 0 1 0 1 0 0 0 0 0 1 0 1 0 0 0
440	1	0 1 1 0 0 0 0 1 0 0 0 1 0 0 0 0 0 0 0 0
440	2	1 1 1 0 0 0 1 0 0 0 1 0 0 0 1 0 0 1 0 0
440	1	1 1 0 0 0 0 1 1 0 0 0 0 0 0 0 0 0 0 0 0
440	2	1 1 0 1 0 0 1 1 0 0 1 1 0 0 0 0 0 0 0 0
440	2	1 1 1 1 0 1 1 0 0 0 1 0 0 0 0 0 0 0 0 0
440	1	1 1 1 0 0 1 0 0 1 0 1 0 1 0 0 0 0 0 0 0
440	1	1 1 1 0 0 1 0 0 1 1 0 0 0 0 0 0 0 0 0 0
440	1	0 1 1 0 0 1 1 0 1 0 1 1 0 0 1 1 0 1 1 0
440	1	1 1 1 0 0 1 0 0 0 0 0 1 0 0 0 1 0 0 0 0
440	1	1 1 1 1 0 0 0 0 1 0 0 0 0 1 1 0 0 0 0 0
440	1	1 1 1 0 0 0 1 0 0 0 1 0 0 0 0 0 1 0 0 0
440	1	1 1 1 0 0 1 1 1 0 0 1 1 0 0 0 0 0 0 0 0
440	1	0 1 1 0 0 0 1 1 0 0 1 1 0 0 0 0 0 0 0 0
440	1	0 1 0 0 0 0 0 0 0 0 0 0 0 0 1 0 0 0 0 0
440	1	0 1 1 0 0 1 1 0 1 0 1 1 0 0 1 0 0 0 0 0
440	1	1 1 1 1 0 0 1 0 0 0 1 0 0 0 1 0 0 0 0 0
440	1	1 0 1 0 0 0 1 0 0 0 1 0 0 0 1 1 0 0 0 0
440	1	1 1 1 0 0 0 1 0 1 0 1 1 0 0 0 0 0 0 0 0
440	1	1 1 1 0 0 0 1 0 0 0 0 1 0 0 1 0 0 0 0 0
440	2	1 1 1 0 0 0 0 1 0 0 0 1 0 0 0 0 0 0 0 0
440	1	0 1 1 0 0 0 1 0 1 0 1 1 0 0 1 1 0 0 1 0
440	1	1 1 1 0 0 0 1 0 1 0 1 1 0 0 1 1 0 0 1 0
440	1	1 1 1 0 0 0 1 1 1 0 0 1 0 0 0 0 0 0 0 0
440	1	1 1 1 1 0 0 1 0 1 0 0 0 0 0 0 1 0 0 0 0
440	1	0 1 1 0 0 1 1 1 0 0 0 1 0 0 1 0 0 0 0 0
440	1	1 0 1 0 0 1 0 0 0 0 0 1 0 0 0 0 0 0 0 0
440	1	0 1 1 0 0 0 1 0 1 1 0 0 0 1 1 1 0 0 0 0
440	2	1 1 1 0 1 0 1 0 1 0 0 0 0 0 0 1 0 0 0 0
440	1	1 1 1 0 0 0 1 0 0 0 1 0 0 1 1 0 0 1 0 0
440	1	1 1 1 0 0 1 0 0 0 0 0 1 0 0 0 1 0 0 1 0
460	12	1 1 1 0 0 0 1 0 1 0 0 0 0 0 0 0 0 0 0 0
460	4	1 1 1 0 0 0 1 1 0 0 0 0 0 0 1 0 0 0 0 0
460	14	1 1 1 0 0 0 1 0 0 1 0 1 0 0 1 1 0 0 0 0
460	6	1 1 1 0 0 1 0 0 0 0 0 1 0 0 0 0 0 0 0 0
460	9	1 1 1 0 0 0 1 0 1 0 1 0 0 0 0 0 0 0 0 0
460	5	0 1 1 0 0 0 1 1 1 1 0 0 0 0 0 0 0 0 0 0
460	3	1 1 1 0 0 1 0 0 0 0 0 1 0 0 1 0 0 0 0 0
460	3	1 1 1 0 0 1 0 1 0 0 0 1 0 0 0 0 0 0 0 0
460	6	1 1 1 0 0 0 1 0 0 0 0 1 0 0 1 1 0 0 1 0
460	3	1 1 1 0 1 1 0 0 1 0 1 1 0 0 1 1 0 0 0 0
460	16	1 1 1 0 0 0 1 1 0 0 0 0 1 0 1 0 1 0 0 0
460	3	1 1 1 0 0 0 1 1 1 0 0 0 0 1 0 1 0 0 0 0
460	3	1 1 1 0 0 0 1 0 1 0 0 0 0 0 0 1 0 0 0 0
460	5	1 1 1 0 0 1 0 1 0 0 0 0 0 0 0 0 0 0 0 0
460	4	1 1 1 0 0 1 0 0 1 0 0 0 0 0 0 0 0 0 0 0
460	1	1 1 1 1 0 0 1 1 0 0 1 1 0 0 1 0 0 0 0 0
460	2	1 1 1 0 0 0 1 0 0 0 0 0 0 0 1 0 0 0 0 0
460	9	1 1 1 0 0 0 1 1 0 0 1 1 0 0 0 0 0 0 0 0
460	3	0 1 1 0 0 0 1 1 1 1 0 0 0 1 1 0 0 0 0 0
460	1	1 1 1 0 0 0 1 0 1 0 0 0 0 0 0 0 0 1 0 0
460	2	1 1 1 1 0 0 1 0 1 0 0 0 0 0 0 0 0 0 0 0
460	1	0 1 1 0 0 0 0 1 0 0 0 1 0 0 0 0 0 0 0 0
460	3	1 1 0 0 0 0 1 1 0 0 0 0 0 0 0 0 0 0 0 0
460	1	1 1 1 1 0 1 1 0 0 0 1 0 0 0 0 0 0 0 0 0
460	1	0 1 1 0 0 1 1 0 1 0 1 1 0 0 1 0 0 0 0 0
460	3	0 1 1 0 0 0 1 0 1 0 1 1 0 0 1 1 0 0 1 0
460	3	1 1 1 0 0 0 1 0 1 0 0 1 0 0 0 0 0 1 0 0
460	2	1 1 1 0 0 0 1 0 1 0 0 0 1 0 0 0 0 0 0 0
460	1	1 1 1 1 0 0 1 1 0 0 1 1 0 0 0 1 0 0 0 0
460	3	1 1 1 0 0 0 0 0 0 0 0 1 0 0 1 0 0 0 0 0
460	2	1 1 1 0 0 0 1 1 1 0 0 0 0 1 0 0 0 0 0 0
460	2	0 1 1 0 0 1 1 1 1 0 0 0 0 0 0 0 0 0 0 0
460	1	0 1 1 0 0 0 1 0 0 1 0 1 0 0 1 1 0 0 0 0
460	2	1 1 1 0 0 1 0 0 0 0 0 1 0 0 0 0 0 0 1 0
460	3	1 1 1 0 0 0 1 1 0 0 1 0 0 0 1 0 0 0 0 0
460	1	1 1 1 0 0 1 0 1 0 0 1 0 0 0 0 0 0 0 0 0
460	3	1 1 1 0 0 0 1 1 1 0 0 0 0 0 0 0 0 0 0 1
460	1	1 1 1 1 0 1 0 0 0 0 1 1 0 0 0 0 0 0 0 0
460	2	1 1 1 1 0 0 1 1 0 0 1 1 1 0 0 0 0 0 0 0
460	5	1 1 1 0 0 0 1 1 0 0 0 1 0 0 1 1 0 0 1 0
460	4	1 0 1 0 0 0 1 1 0 0 1 1 0 0 1 0 0 0 0 0
460	2	1 1 1 0 0 1 0 0 1 1 0 0 0 1 1 0 0 0 0 0
460	2	1 1 1 1 1 0 1 1 0 0 1 1 0 0 1 0 0 0 0 0
460	1	0 1 1 0 0 0 1 1 1 1 0 0 0 1 1 0 1 0 0 0
460	1	0 1 1 0 0 1 0 0 0 1 0 1 1 0 0 0 0 0 0 0
460	2	0 1 1 0 0 0 1 1 0 0 0 0 0 0 1 0 0 0 0 0
460	3	1 1 1 0 1 1 0 1 0 0 0 1 0 0 1 0 0 0 0 0
460	3	1 1 1 0 0 0 1 1 0 0 0 1 0 0 1 1 0 1 1 0
460	1	1 1 1 1 0 0 1 1 0 0 0 0 0 1 0 1 0 0 0 0
460	1	1 1 1 0 0 1 0 0 0 0 1 0 0 0 0 0 0 0 0 0
460	3	1 1 1 0 0 0 1 0 1 0 0 0 0 0 1 0 0 0 0 0
460	1	1 1 1 0 0 0 1 1 1 1 0 0 0 0 0 0 0 0 0 0
460	1	1 1 1 0 0 0 1 0 0 0 0 1 0 0 1 1 0 0 0 0
460	1	1 0 1 0 0 0 1 0 0 1 0 1 0 0 1 1 0 0 0 0
460	3	1 0 1 0 0 0 1 1 0 0 0 0 1 0 1 0 1 0 0 0
460	1	1 1 1 0 1 1 0 1 0 0 0 1 0 0 0 0 0 0 0 0
460	1	1 1 1 0 1 0 1 1 0 0 0 0 1 0 1 0 1 0 0 0
460	1	1 1 1 0 0 1 0 1 0 0 0 0 1 0 0 0 0 1 0 1
460	2	1 1 1 0 1 0 1 1 1 0 0 0 0 0 1 1 1 0 0 0
460	1	1 1 1 0 0 1 0 1 0 0 0 0 0 1 1 0 0 0 0 0
460	2	1 1 1 0 1 0 1 0 1 0 0 0 0 0 0 0 0 0 0 0
460	1	1 1 1 0 0 1 1 0 1 0 0 0 0 0 0 1 0 0 0 0
460	1	1 1 1 0 0 1 0 0 1 0 0 0 0 0 0 0 0 1 0 0
460	1	1 1 1 0 0 0 1 0 0 0 0 1 0 1 0 0 0 0 0 0
460	1	1 1 1 0 1 0 1 0 1 0 0 0 0 0 0 1 0 0 0 0
460	1	1 1 1 0 0 1 0 1 0 0 0 0 0 0 0 0 0 0 0 1
460	1	0 1 1 0 0 1 0 0 0 0 0 1 0 0 1 0 0 0 0 0
460	1	0 1 1 0 0 0 1 1 0 0 0 0 1 0 1 0 1 0 0 0
460	1	0 1 1 0 0 0 1 1 0 1 0 1 0 0 1 1 0 0 0 0
460	1	1 1 1 0 1 1 0 0 1 0 1 1 0 0 0 0 1 1 0 0
480	10	1 1 1 0 0 0 1 0 1 0 0 0 0 0 0 0 0 0 0 0
480	5	1 1 1 0 0 0 1 0 0 1 0 1 0 0 1 1 0 0 0 0
480	5	1 1 1 0 0 1 0 0 0 0 0 1 0 0 0 0 0 0 0 0
480	10	1 1 1 0 0 0 1 0 1 0 1 0 0 0 0 0 0 0 0 0
480	1	0 1 1 0 0 0 1 1 1 1 0 0 0 0 0 0 0 0 0 0
480	5	1 1 1 0 0 0 1 0 0 0 0 1 0 0 1 1 0 0 1 0
480	1	1 1 1 0 1 1 0 0 1 0 1 1 0 0 1 1 0 0 0 0
480	6	1 1 1 0 0 0 1 1 0 0 0 0 1 0 1 0 1 0 0 0
480	3	1 1 1 0 0 0 1 0 1 0 0 0 0 0 0 1 0 0 0 0
480	2	1 1 1 0 0 1 0 1 0 0 0 0 0 0 0 0 0 0 0 0
480	1	1 1 1 0 0 1 0 0 1 0 0 0 0 0 0 0 0 0 0 0
480	5	1 1 1 0 0 0 1 1 0 0 1 1 0 0 0 0 0 0 0 0
480	4	1 1 0 0 0 0 1 1 0 0 0 0 0 0 0 0 0 0 0 0
480	3	1 1 1 0 0 0 1 1 0 0 1 1 0 0 1 0 0 0 0 0
480	3	1 1 1 0 0 0 0 0 0 0 0 1 0 0 1 0 0 0 0 0
480	2	0 1 1 0 0 0 1 0 0 1 0 1 0 0 1 1 0 0 0 0
480	1	1 1 1 0 0 0 1 1 1 0 0 0 0 0 0 0 0 0 0 1
480	7	1 1 1 0 0 0 1 1 0 0 0 1 0 0 1 1 0 0 1 0
480	2	1 1 1 1 0 1 1 1 0 0 1 1 0 0 0 1 0 0 0 0
480	3	1 1 1 0 0 0 0 0 1 0 0 0 0 0 0 1 0 0 0 0
480	4	1 1 1 0 1 1 0 0 1 0 1 1 0 0 0 0 0 1 0 0
480	1	0 1 1 0 0 1 0 0 0 1 0 1 1 0 0 0 0 0 0 0
480	1	1 1 1 0 0 0 1 1 0 0 0 1 0 0 1 1 0 1 1 0
480	1	0 1 1 0 0 1 0 0 0 0 0 1 0 0 0 0 0 0 0 0
480	1	1 0 1 0 0 0 1 1 0 0 0 0 1 0 1 0 1 0 0 0
480	2	1 1 1 0 0 0 1 0 1 0 0 0 0 0 1 0 0 0 0 1
480	1	1 0 1 1 1 0 1 1 0 0 1 1 0 0 0 0 0 0 0 0
480	5	1 1 1 0 0 1 0 0 0 1 0 1 0 0 1 1 0 0 0 0
480	1	1 1 1 0 1 0 1 0 1 0 0 0 0 0 0 0 0 0 0 0
480	1	1 1 1 0 0 0 1 0 1 1 1 0 0 0 0 0 0 0 0 0
480	1	1 1 1 0 0 0 0 1 0 0 1 1 0 0 0 0 0 0 0 0
480	1	0 1 1 0 0 0 1 1 0 0 0 0 1 0 1 0 1 0 0 0
480	4	1 1 1 0 1 1 0 0 0 0 0 1 0 0 0 0 0 0 1 0
480	1	1 1 1 0 0 0 1 1 0 0 0 0 0 0 0 0 0 0 1 0
480	1	1 1 1 0 0 0 1 0 0 1 0 1 0 1 1 0 0 0 0 0
480	3	1 1 1 0 0 1 0 0 0 0 1 1 0 0 0 0 0 0 0 0
480	2	1 1 1 0 0 0 0 0 0 0 0 1 0 0 1 1 0 0 0 0
480	4	1 1 1 0 0 0 1 0 0 1 0 0 0 0 1 1 0 0 0 0
480	1	0 1 1 0 0 0 1 1 0 0 1 1 0 0 0 0 0 0 0 0
480	4	1 1 1 0 0 0 1 1 0 0 0 0 1 0 1 0 1 0 1 0
480	1	1 1 0 0 0 0 1 1 1 0 0 0 0 1 0 1 0 0 0 0
480	3	1 1 1 0 0 0 0 0 0 0 1 1 1 0 1 0 1 0 0 0
480	4	1 1 1 0 1 0 1 0 1 0 0 0 1 0 0 0 0 0 0 0
480	2	1 1 1 0 0 0 1 1 0 0 0 1 1 0 1 0 1 0 0 0
480	1	1 1 1 0 1 1 1 1 0 0 1 1 0 0 0 1 0 0 0 0
480	2	0 1 1 0 0 0 1 1 0 1 0 0 0 0 1 0 0 0 0 0
480	3	1 1 1 0 0 0 1 1 0 1 1 1 0 0 0 0 0 0 0 0
480	2	1 0 1 1 0 0 1 1 0 0 1 1 0 0 0 0 0 0 1 0
480	1	1 1 1 0 1 0 1 0 1 0 1 0 0 0 0 0 0 0 0 0
480	1	1 1 1 0 0 1 0 1 1 1 1 0 0 0 0 0 0 0 0 0
480	1	1 1 1 0 0 0 0 0 0 0 0 1 0 0 0 0 0 0 1 0
480	1	1 1 1 0 0 0 1 0 1 0 1 0 0 0 0 0 0 0 0 1
480	2	1 1 1 0 0 1 0 0 0 0 0 0 0 0 0 0 0 0 0 0
480	2	1 1 1 0 0 0 1 1 1 0 1 0 0 0 0 0 0 0 0 0
480	2	1 1 1 0 0 0 1 0 0 0 0 1 0 0 1 1 0 0 0 0
480	3	1 1 0 0 0 0 1 1 0 0 1 1 0 0 1 0 0 0 0 0
480	4	1 1 1 0 0 0 1 0 0 1 1 1 0 0 1 1 0 0 0 0
480	1	1 1 0 1 0 0 1 1 0 0 0 0 0 0 0 0 0 0 0 0
480	1	1 1 0 0 0 0 1 1 0 0 0 1 0 0 1 1 0 1 1 0
480	1	1 1 1 0 1 1 0 0 0 1 0 1 0 0 1 1 0 0 0 0
480	3	1 1 1 0 1 0 1 0 1 0 0 0 0 0 1 1 0 0 1 0
480	1	1 1 1 0 0 1 0 1 0 0 1 0 0 0 0 0 0 0 0 0
480	3	1 1 0 0 0 0 1 0 1 0 0 0 0 0 0 0 0 0 0 0
480	3	1 1 1 0 0 0 1 1 0 0 0 1 0 1 1 1 0 0 1 0
480	1	1 0 1 0 0 0 1 1 0 0 0 0 1 0 1 0 0 0 0 0
480	1	1 1 1 0 1 0 1 0 1 0 0 0 0 1 0 0 0 0 0 0
480	1	1 1 1 0 0 0 1 1 0 0 1 1 0 0 0 0 0 0 1 0
480	1	1 1 1 0 0 0 0 0 0 0 0 1 1 0 1 0 0 0 0 0
480	1	1 1 1 0 0 0 1 0 0 0 0 0 0 0 0 0 0 0 0 0
480	1	1 1 1 0 1 1 0 0 1 1 1 0 0 0 0 0 0 0 0 0
480	2	1 1 1 1 0 0 1 1 0 0 0 0 1 0 1 0 1 0 0 0
480	1	1 1 1 0 0 1 1 1 0 0 0 1 0 0 1 1 0 0 0 0
480	1	1 1 1 0 0 0 1 1 0 0 1 1 0 1 1 0 0 0 0 0
480	2	0 1 0 0 1 1 0 0 0 0 0 1 0 0 0 0 0 0 1 0
480	1	1 1 1 0 1 1 1 1 0 0 0 0 1 0 1 0 1 0 1 0
480	1	1 1 1 0 0 0 1 1 0 0 0 0 0 0 0 0 0 0 0 0
480	1	1 1 1 0 0 0 1 0 0 1 0 1 0 1 1 1 0 0 0 0
480	1	1 1 0 0 0 0 1 0 1 0 1 0 0 0 0 0 0 0 0 0
480	2	1 1 1 0 1 1 0 0 1 0 1 1 0 0 1 1 1 0 0 1
480	1	1 1 1 0 0 0 1 0 0 0 1 1 0 0 0 0 0 0 0 0
480	2	1 1 1 0 0 0 0 0 1 0 0 0 1 0 0 1 0 0 0 0
480	1	1 1 1 0 0 1 1 0 0 1 0 0 0 0 1 1 0 0 0 0
480	1	1 1 1 0 0 0 1 0 0 0 0 1 0 0 1 1 0 0 0 1
480	1	1 1 1 0 0 0 1 1 1 1 0 0 0 1 1 0 0 0 0 0
480	1	1 1 1 0 0 1 1 1 0 0 1 1 0 0 0 0 0 0 0 0
480	1	1 0 1 0 0 0 1 1 0 0 1 1 0 0 1 0 0 0 0 0
480	1	1 1 1 0 0 0 0 1 0 0 0 1 0 0 0 0 0 0 1 0
480	1	1 1 1 0 0 0 1 0 0 1 0 1 1 0 1 1 0 0 0 0
480	1	1 1 1 0 0 0 1 1 0 1 0 1 0 0 1 1 0 0 0 0
480	1	1 1 1 0 0 1 0 0 1 0 1 0 0 0 0 0 0 0 0 0
480	1	1 1 1 0 0 0 0 0 1 0 0 0 0 0 1 1 0 0 0 0
480	1	0 1 0 0 0 0 1 1 1 0 0 0 0 1 0 1 0 0 0 0
480	1	1 1 0 1 0 0 1 1 0 0 0 0 0 0 1 0 0 0 0 0
500	10	1 1 1 0 0 0 1 0 1 0 0 0 0 0 0 0 0 0 0 0
500	2	1 1 1 1 0 0 1 1 0 0 1 1 0 0 0 0 0 0 0 0
500	1	1 1 1 0 0 0 1 0 0 1 0 1 0 0 1 1 0 0 0 0
500	6	1 1 1 0 0 1 0 0 0 0 0 1 0 0 0 0 0 0 0 0
500	7	1 1 1 0 0 0 1 0 1 0 1 0 0 0 0 0 0 0 0 0
500	3	1 1 1 0 0 0 1 0 0 0 0 1 0 0 1 1 0 0 1 0
500	1	1 1 1 0 0 0 1 1 0 0 1 1 0 0 0 0 0 0 0 0
500	1	1 1 1 0 0 0 0 0 1 0 0 0 0 0 0 1 0 0 0 0
500	1	1 1 1 0 0 0 1 1 0 0 0 1 0 0 1 1 0 1 1 0
500	1	1 0 1 0 0 0 1 1 0 0 0 0 1 0 1 0 1 0 0 0
500	3	1 1 1 0 1 1 0 1 0 0 0 1 0 0 0 0 0 0 0 0
500	7	1 1 1 0 0 1 0 0 0 1 0 1 0 0 1 1 0 0 0 0
500	7	1 1 1 0 0 1 0 0 0 0 1 1 0 0 0 0 0 0 0 0
500	4	1 1 1 0 0 0 0 0 0 0 0 1 0 0 1 1 0 0 0 0
500	2	0 1 1 0 0 0 1 1 0 0 1 1 0 0 0 0 0 0 0 0
500	6	1 1 1 0 0 0 1 1 0 0 0 0 1 0 1 0 1 0 1 0
500	1	1 1 1 0 0 0 0 0 0 0 1 1 1 0 1 0 1 0 0 0
500	7	1 1 1 0 1 1 1 1 0 0 1 1 0 0 0 1 0 0 0 0
500	3	1 1 1 0 0 0 1 0 1 1 0 1 0 0 1 1 0 0 0 0
500	5	1 1 1 0 0 0 1 1 0 1 1 1 0 0 0 0 0 0 0 0
500	1	1 1 1 0 1 0 1 0 1 0 1 0 0 0 0 0 0 0 0 0
500	1	1 1 1 0 0 1 0 1 1 1 1 0 0 0 0 0 0 0 0 0
500	3	1 1 1 0 0 0 1 1 1 0 1 0 0 0 0 0 0 0 0 0
500	1	1 1 1 0 0 0 1 0 0 0 0 1 0 0 1 1 0 0 0 0
500	3	1 1 0 0 0 0 1 1 0 0 1 1 0 0 1 0 0 0 0 0
500	3	1 1 1 0 0 0 1 0 0 1 1 1 0 0 1 1 0 0 0 0
500	8	1 1 1 0 1 1 0 0 0 1 0 1 0 0 1 1 0 0 0 0
500	1	1 1 1 0 0 0 1 1 0 0 0 1 0 1 1 1 0 0 1 0
500	4	1 1 1 0 0 0 1 0 0 0 0 0 0 0 0 0 0 0 0 0
500	3	1 1 1 0 0 1 1 1 0 0 0 1 0 0 1 1 0 0 0 0
500	7	1 1 1 0 0 1 1 0 0 1 0 0 0 0 1 1 0 0 0 0
500	3	1 1 1 0 0 0 1 1 0 0 0 1 1 0 1 0 0 0 0 0
500	4	1 1 1 0 0 1 0 0 1 0 1 0 0 0 0 0 0 0 0 0
500	3	1 1 1 0 0 0 1 1 0 0 0 1 0 0 1 0 0 0 0 0
500	4	1 1 1 0 0 1 0 1 0 0 0 1 0 0 0 0 0 0 1 0
500	9	1 1 1 0 0 0 1 1 0 0 0 1 0 0 0 0 0 0 0 0
500	1	0 1 1 0 0 0 1 1 0 0 0 1 0 0 1 1 0 0 1 0
500	2	1 1 1 0 0 0 1 1 0 1 1 1 0 0 1 0 0 0 0 0
500	2	0 0 1 0 1 1 0 0 0 0 0 1 0 0 0 0 0 0 1 0
500	1	1 1 1 0 0 0 0 0 0 0 0 1 0 0 0 0 0 1 1 0
500	11	1 1 1 0 0 0 1 1 0 1 0 1 0 0 1 1 0 0 0 0
500	2	1 0 1 0 0 1 0 0 0 0 0 1 0 0 0 0 0 0 0 0
500	2	1 1 1 0 0 0 1 0 0 0 1 1 0 0 1 1 0 0 0 0
500	1	1 1 1 0 0 0 1 1 0 1 1 1 0 0 1 0 0 0 1 0
500	1	1 1 1 0 1 0 1 0 0 1 0 1 0 1 1 1 0 0 0 0
500	4	1 1 1 0 1 1 1 1 0 0 0 0 1 0 1 0 0 0 0 0
500	2	1 1 1 0 0 0 0 0 1 0 1 0 0 0 0 0 0 0 0 0
500	1	1 1 0 0 0 0 0 1 0 0 0 1 0 0 0 0 0 0 1 0
500	1	0 1 1 0 0 0 1 0 0 1 0 0 0 0 1 0 0 0 0 0
500	4	1 1 1 0 1 0 1 0 1 0 0 0 1 0 0 1 0 0 0 0
500	1	1 1 1 0 1 1 0 0 0 0 0 1 0 0 1 0 1 0 1 0
500	1	1 1 1 0 0 0 1 1 1 0 1 1 0 0 1 1 0 0 0 0
500	1	1 1 1 1 0 0 1 0 0 0 0 1 0 0 1 1 0 0 0 1
500	1	1 1 1 1 0 1 0 0 0 0 1 1 0 0 1 1 0 0 0 0
500	1	1 1 1 0 0 0 1 0 0 1 1 1 0 0 1 0 0 0 0 0
500	4	1 1 1 0 0 0 1 0 1 1 1 0 0 0 1 1 0 0 0 0
500	1	1 1 1 0 0 0 1 0 1 1 0 1 0 0 1 1 0 0 1 0
500	3	1 1 1 0 1 1 0 0 0 0 0 1 0 0 0 0 0 0 0 0
500	1	1 1 1 0 0 0 1 0 0 0 0 1 0 0 0 0 0 0 0 0
500	1	1 1 1 0 0 0 1 0 1 0 1 0 0 0 0 0 0 0 1 0
500	1	1 1 1 0 0 0 1 1 0 0 0 1 0 1 1 1 0 1 1 0
500	1	1 1 1 0 1 1 1 1 0 1 1 1 0 0 0 1 0 0 0 0
500	1	0 1 1 0 0 0 1 1 0 1 0 0 0 0 1 0 1 0 0 0
500	2	1 1 1 0 0 0 1 1 0 1 1 1 0 0 1 1 0 0 0 0
500	1	1 1 1 0 0 1 1 0 1 0 0 0 0 0 0 0 0 0 0 0
500	1	1 1 0 0 0 0 1 1 0 0 0 1 0 0 1 1 0 1 1 0
500	1	1 1 0 0 0 1 1 1 0 0 1 0 0 0 0 0 0 0 0 0
500	2	1 1 1 0 1 1 1 1 0 0 1 1 0 0 0 0 0 0 0 0
500	1	1 1 1 0 0 0 1 0 1 1 1 1 0 0 0 0 0 0 0 0
500	1	1 1 1 0 0 0 1 1 0 1 0 1 0 0 0 0 0 0 0 0
500	1	1 1 1 0 0 0 1 0 1 1 0 1 0 0 1 1 0 1 0 0
500	1	1 1 1 0 0 0 1 1 0 0 0 1 0 0 0 0 0 1 0 0
