0	250	0 0 0 0 0 0 0 0 0 0 1 0 0 0 0 0 0 1 0 1
0	250	0 1 0 0 0 0 0 0 0 1 0 0 0 0 0 0 0 0 0 0
0	250	1 1 1 1 0 0 0 0 0 1 1 0 0 0 0 0 1 0 0 1
0	250	1 0 0 0 0 0 1 0 0 0 0 0 0 0 0 0 0 0 0 0
50	268	1 0 0 0 0 0 1 0 0 0 0 0 0 0 0 0 0 0 0 0
50	3	0 0 0 0 0 0 1 0 0 0 0 0 0 0 0 0 0 0 0 0
50	15	1 1 1 1 0 0 1 0 0 1 1 0 0 0 0 0 1 0 0 1
50	60	1 1 0 0 0 0 1 0 0 0 0 0 0 0 0 0 0 0 0 0
50	8	1 0 0 0 0 0 1 0 0 0 0 0 0 0 0 1 0 0 0 0
50	11	1 1 1 1 0 0 0 0 0 1 0 0 0 0 0 0 0 0 0 0
50	5	1 1 1 1 0 0 0 0 0 1 1 0 0 0 0 1 1 0 0 1
50	13	1 0 0 0 0 1 1 0 0 0 0 0 0 0 0 0 0 0 0 0
50	26	1 1 1 1 0 0 0 0 0 1 1 0 0 0 0 0 0 0 0 0
50	32	1 0 0 0 0 0 1 0 0 0 0 0 0 0 0 0 0 1 0 1
50	13	1 0 1 1 0 0 0 0 0 1 1 0 0 0 0 0 0 0 0 0
50	23	1 0 0 0 0 0 1 0 0 1 0 0 0 0 0 0 0 0 0 0
50	11	1 1 0 0 0 0 1 0 0 1 1 0 0 0 0 0 1 0 0 1
50	7	1 1 1 1 1 0 0 0 0 1 1 1 0 0 0 0 1 0 0 1
50	8	1 0 0 0 1 0 1 0 0 0 0 0 0 0 0 0 0 0 0 0
50	22	1 0 0 0 0 0 1 0 0 0 0 0 0 0 0 0 0 0 0 1
50	5	1 0 0 0 0 0 1 0 0 0 0 0 0 0 0 0 1 0 0 1
50	4	1 0 1 1 0 0 0 0 0 1 0 0 0 0 0 0 0 0 0 0
50	7	1 1 1 1 0 0 0 0 0 1 0 0 0 0 1 0 0 0 0 0
50	1	0 1 1 0 0 0 1 0 0 0 0 0 0 0 0 0 0 0 0 0
50	12	1 0 0 0 0 0 1 0 0 0 0 1 0 0 0 0 0 0 0 0
50	10	1 1 1 1 1 0 0 0 0 1 0 0 0 0 1 0 0 0 0 0
50	1	1 0 0 0 0 1 1 0 1 0 0 0 0 0 0 0 0 0 0 0
50	8	1 1 0 0 0 0 1 1 0 1 1 0 0 0 0 1 0 0 0 0
50	14	1 0 0 0 0 0 1 0 0 0 0 0 0 1 0 0 0 0 0 0
50	3	1 1 1 1 0 0 0 1 1 1 0 0 0 0 0 0 0 0 0 0
50	6	0 0 0 0 0 0 1 0 0 0 1 0 0 0 0 0 0 0 0 0
50	11	1 1 1 1 0 0 1 0 0 0 1 0 0 0 0 0 1 1 0 1
50	9	1 0 1 1 0 0 1 0 0 1 1 0 0 0 0 0 1 1 0 1
50	13	1 1 1 1 1 0 0 0 0 1 1 0 0 0 0 0 1 0 0 1
50	22	1 0 0 0 0 0 1 0 1 0 0 0 0 0 0 0 0 0 0 0
50	2	1 1 0 0 0 0 1 0 0 0 0 0 0 1 0 0 0 0 0 0
50	10	0 1 1 0 0 0 1 0 0 0 1 0 0 0 0 0 0 0 0 0
50	14	1 0 1 0 0 0 1 0 0 0 0 0 0 0 0 0 0 0 0 0
50	6	1 0 0 0 0 0 1 0 0 0 0 0 0 0 0 0 0 0 1 0
50	7	1 0 0 0 0 0 1 0 0 0 0 0 1 0 0 0 0 0 0 0
50	5	1 0 1 1 0 0 0 0 0 1 0 0 0 0 0 0 0 0 0 1
50	15	1 0 0 0 0 0 1 0 0 0 0 0 0 0 0 0 0 1 0 0
50	25	0 1 1 0 0 0 1 0 0 1 0 0 0 0 0 0 0 0 0 0
50	9	1 1 1 0 1 0 0 0 0 1 0 0 0 0 1 0 0 0 0 0
50	7	1 1 0 0 0 0 1 0 0 0 0 0 0 0 0 1 0 0 0 0
50	2	1 1 1 1 0 0 0 0 0 1 0 0 0 0 0 0 1 0 0 0
50	2	0 1 0 0 0 1 1 0 1 0 0 0 0 0 1 0 0 0 0 0
50	5	1 0 0 1 0 0 0 0 0 1 1 0 0 1 0 0 1 0 0 0
50	26	1 0 0 0 0 0 1 0 0 0 0 0 0 0 1 0 0 0 0 0
50	4	1 1 1 0 0 0 1 0 0 0 1 0 0 0 0 0 1 1 0 1
50	7	1 0 1 1 0 0 1 0 0 0 0 0 0 0 0 0 0 0 0 0
50	3	1 1 1 1 0 0 1 0 0 1 0 0 0 0 0 0 1 0 0 1
50	10	1 0 0 0 1 0 1 0 0 0 0 0 0 0 0 1 0 0 0 0
50	5	1 0 0 1 0 0 1 0 0 0 0 0 0 0 0 0 0 0 0 0
50	17	0 1 1 1 0 0 1 0 0 1 1 0 0 0 0 0 1 1 0 1
50	5	1 0 0 0 0 1 1 0 0 0 1 0 0 0 0 0 0 0 0 0
50	3	1 1 0 0 0 0 0 0 0 1 1 0 0 0 0 0 0 0 0 0
50	14	1 1 1 0 0 0 1 0 0 0 0 0 0 0 0 0 0 0 0 0
50	7	1 1 1 1 1 0 0 0 0 1 0 0 1 0 1 0 0 0 0 0
50	2	1 0 1 1 0 0 1 1 0 1 1 0 1 0 0 0 1 1 0 1
50	2	1 0 1 1 0 0 1 0 0 1 1 0 1 0 0 0 1 1 0 1
50	1	0 1 0 0 0 0 1 0 0 0 0 0 0 0 0 0 0 0 0 0
50	7	1 0 0 0 1 1 1 0 0 0 0 0 0 0 0 0 0 0 0 0
50	1	1 0 0 0 0 0 1 0 0 0 0 1 0 0 0 0 0 0 0 1
50	7	1 0 1 0 0 0 1 0 0 0 0 1 0 0 0 0 0 0 0 0
50	1	1 1 1 0 1 0 0 0 0 1 1 0 0 0 0 0 1 0 0 1
50	15	1 1 0 0 0 0 1 0 0 0 0 0 0 0 0 0 0 0 0 1
50	3	1 1 0 1 0 0 1 0 0 1 1 0 0 0 0 0 1 0 0 1
50	8	1 0 1 1 0 0 1 0 0 0 0 1 0 0 0 0 0 0 0 0
50	4	1 1 1 1 0 0 1 0 0 1 0 0 0 0 1 0 1 0 0 1
50	2	1 1 0 0 1 0 1 0 0 0 0 0 0 0 0 1 0 0 0 0
50	7	1 0 1 1 0 0 1 1 0 1 1 0 1 0 0 0 0 0 0 0
50	6	0 0 0 0 0 0 1 0 0 1 0 0 0 0 0 0 0 0 0 0
50	2	1 0 0 0 0 0 1 0 0 0 0 1 0 0 0 0 1 0 0 0
50	2	1 1 0 0 1 0 1 0 0 0 0 0 0 0 0 0 0 0 0 0
50	4	1 0 0 0 1 0 1 0 0 0 0 0 0 0 0 0 1 0 0 0
50	3	0 0 0 0 0 0 1 0 1 0 0 0 0 0 0 0 0 0 0 0
50	1	1 0 0 1 0 0 1 0 0 1 0 0 0 0 0 0 0 0 0 0
50	1	1 1 1 1 0 0 0 0 0 0 0 0 0 0 1 0 0 0 0 0
50	1	1 0 0 0 0 0 1 0 0 0 1 0 0 0 0 0 0 0 1 0
50	6	1 1 1 1 0 0 0 0 0 0 0 0 0 0 0 0 0 0 0 0
50	1	1 1 1 0 1 0 0 0 0 0 0 0 0 0 0 0 0 0 0 0
50	4	1 1 1 0 0 0 1 0 0 0 0 0 0 0 0 1 0 0 0 0
50	3	1 0 1 0 0 0 1 0 0 0 0 1 0 0 0 0 1 0 0 1
50	2	1 1 1 0 1 0 0 0 0 0 0 0 0 0 0 0 0 1 0 0
50	2	1 0 0 0 1 0 1 1 0 1 1 0 0 0 0 1 0 0 0 0
50	1	1 1 1 1 0 0 0 0 0 1 0 0 1 0 0 0 0 0 0 0
50	3	1 1 1 1 0 0 0 0 0 1 1 0 0 1 0 0 0 0 0 0
50	1	1 0 1 1 0 0 0 0 0 1 1 0 0 1 0 0 0 0 0 0
50	1	1 0 0 0 0 0 1 0 1 0 0 0 0 0 0 0 0 0 1 0
50	1	0 1 1 0 1 0 0 0 0 1 0 0 0 0 1 0 0 0 0 0
50	3	1 1 0 0 0 0 1 0 0 0 0 0 0 0 0 1 1 0 0 0
50	4	0 1 1 1 0 0 1 0 1 1 1 0 0 0 0 0 1 1 0 1
50	4	1 0 1 1 0 1 1 0 0 1 1 0 0 0 0 1 1 1 0 1
50	1	1 1 1 1 0 0 0 0 0 1 1 0 0 0 0 1 1 0 0 0
50	1	1 0 0 0 0 0 1 0 0 0 1 0 0 0 0 0 1 1 0 1
50	3	1 1 0 0 0 0 1 1 0 1 1 0 0 0 0 1 0 0 0 1
50	1	0 0 0 0 0 0 1 0 0 0 0 0 0 0 0 0 0 1 0 1
50	1	1 1 1 1 1 0 0 0 0 1 1 0 0 0 0 1 0 0 0 0
50	1	0 1 1 0 0 0 1 0 0 0 0 0 0 0 0 0 0 0 0 1
50	1	1 0 0 1 0 0 0 0 0 1 0 0 0 0 0 0 0 0 0 0
50	2	1 0 0 1 0 0 0 0 0 1 1 0 0 1 0 0 0 0 0 0
50	1	1 1 0 0 0 0 0 0 0 1 0 0 0 0 0 0 0 0 0 0
50	1	1 1 1 1 0 0 0 0 0 1 1 0 0 0 0 0 1 0 0 1
50	2	1 0 1 1 0 0 0 1 0 1 1 0 0 0 0 0 0 0 0 0
50	2	1 0 0 0 0 0 1 0 0 1 0 0 0 1 0 0 0 0 0 0
50	1	1 0 1 0 0 0 1 0 0 0 0 0 0 0 0 0 1 0 0 1
50	2	1 0 1 1 1 0 1 0 0 1 1 0 0 0 0 0 1 1 0 1
50	1	0 1 0 0 0 1 1 1 1 0 0 0 0 0 1 0 0 0 0 0
50	1	0 1 1 1 0 0 1 0 0 1 1 0 0 0 1 0 1 1 0 1
50	1	1 1 1 0 0 0 1 1 0 0 0 0 0 0 0 0 0 0 0 0
100	38	1 0 0 0 0 0 1 0 0 0 0 0 0 0 0 0 0 0 0 0
100	11	1 1 1 1 0 0 1 0 0 1 1 0 0 0 0 0 1 0 0 1
100	27	1 1 0 0 0 0 1 0 0 0 0 0 0 0 0 0 0 0 0 0
100	36	1 1 1 1 1 0 0 0 0 1 0 0 0 0 1 0 0 0 0 0
100	37	1 0 0 0 0 0 1 0 0 0 0 0 1 0 0 0 0 0 0 0
100	20	1 1 1 0 0 0 1 0 0 0 0 0 0 0 0 0 0 0 0 0
100	5	1 1 1 0 0 0 1 0 0 0 0 0 0 0 0 1 0 0 0 0
100	9	1 0 1 1 0 0 0 1 0 1 1 0 0 0 0 0 0 0 0 0
100	2	1 0 0 1 0 0 1 0 0 0 0 0 0 0 0 0 0 0 0 1
100	6	0 0 0 0 0 0 1 0 0 0 0 0 0 0 0 0 0 0 0 0
100	9	1 1 1 1 1 0 0 1 1 1 0 0 0 0 0 0 0 0 0 0
100	76	1 1 1 1 1 0 0 0 0 1 0 0 0 0 0 0 0 0 0 0
100	43	1 1 1 1 0 0 1 0 0 1 1 0 0 0 0 0 0 0 0 0
100	13	1 1 1 0 0 1 1 1 1 0 0 0 0 0 1 0 0 0 0 0
100	7	1 1 1 1 1 0 0 1 1 1 1 0 0 0 0 0 1 1 1 1
100	12	1 1 1 1 0 0 1 1 0 1 1 0 0 0 0 0 1 0 0 1
100	7	1 0 0 0 0 0 1 0 0 0 0 0 0 1 0 0 0 0 0 0
100	27	1 1 0 0 0 0 1 0 0 0 0 0 0 0 0 1 0 0 0 0
100	15	1 1 1 0 0 0 1 0 0 0 0 0 0 0 0 1 0 0 1 0
100	10	1 0 0 0 1 0 0 0 1 0 0 0 0 0 0 0 0 0 0 1
100	1	1 0 1 1 0 0 1 0 0 1 1 1 0 0 0 0 1 0 0 1
100	7	1 0 0 0 0 0 1 0 0 0 0 0 0 0 0 0 0 1 0 0
100	9	1 1 0 0 0 0 1 0 0 0 0 1 0 0 0 1 0 0 0 0
100	5	1 1 1 0 0 0 1 0 0 0 1 0 0 0 0 0 0 0 0 0
100	4	1 0 1 1 0 0 1 1 0 1 1 0 0 0 0 0 0 0 0 0
100	5	1 0 1 1 0 0 0 0 0 1 1 0 0 1 0 0 1 0 0 0
100	22	1 1 1 1 1 0 0 0 0 0 0 0 0 0 0 0 0 0 0 1
100	11	1 1 1 0 0 0 0 1 0 1 1 0 0 0 0 0 0 0 0 0
100	9	0 1 1 1 0 0 1 1 0 1 1 0 0 1 0 0 1 0 0 0
100	29	1 0 1 1 0 1 1 0 0 0 0 1 0 0 0 0 0 0 0 0
100	1	1 1 1 0 0 0 1 0 0 1 0 0 0 0 0 1 0 0 1 1
100	6	1 1 1 1 0 0 1 1 0 0 1 0 0 0 0 0 1 1 0 1
100	1	1 0 0 0 0 0 1 0 0 0 0 0 0 0 0 0 0 0 1 0
100	3	1 1 1 1 0 0 1 0 0 1 1 0 0 0 0 0 1 0 0 0
100	5	1 1 1 1 1 0 1 0 0 1 1 0 0 1 0 0 1 0 0 0
100	5	1 0 1 1 0 0 1 1 0 1 1 0 1 0 1 0 0 0 0 0
100	14	0 1 1 1 0 0 1 0 0 1 0 0 0 0 0 0 1 0 1 1
100	4	1 0 0 1 0 0 1 0 0 1 0 0 0 0 1 0 0 0 0 0
100	3	1 1 0 0 0 1 1 0 0 0 0 1 0 0 0 0 0 0 0 0
100	8	1 1 1 1 0 0 1 0 0 1 1 0 0 0 0 1 0 0 0 0
100	7	1 1 1 1 0 0 1 0 0 1 1 0 0 0 0 0 0 0 0 1
100	5	1 1 1 1 1 0 0 0 1 1 0 0 0 0 1 0 0 0 0 0
100	18	1 1 0 0 0 0 1 0 0 0 0 0 0 0 1 0 0 0 0 0
100	34	1 1 1 1 0 0 1 0 0 1 0 0 0 0 0 0 0 0 0 0
100	3	1 1 1 0 0 0 1 0 0 0 0 0 1 0 0 0 0 0 0 0
100	13	1 1 1 1 0 1 1 0 0 1 1 0 0 0 0 0 0 0 0 0
100	16	1 1 1 1 0 0 1 0 0 1 1 0 0 0 1 0 0 0 0 0
100	6	1 0 0 0 0 0 1 1 0 0 0 0 0 0 0 0 0 0 0 0
100	2	0 1 1 1 0 0 1 1 0 1 1 0 0 0 1 1 0 0 0 0
100	9	0 0 0 0 0 0 1 0 0 0 0 0 0 0 0 0 1 1 0 0
100	10	1 0 0 0 0 0 1 0 1 0 0 0 0 0 0 0 0 0 0 0
100	6	1 0 0 0 0 0 1 0 0 0 0 0 0 0 0 0 0 0 0 1
100	2	1 1 1 0 1 0 0 0 0 1 0 0 0 0 0 0 0 0 0 0
100	2	1 1 0 1 0 0 1 0 0 1 0 0 0 0 1 0 0 0 0 0
100	9	1 1 1 1 0 1 1 0 0 1 1 0 0 0 0 0 0 0 0 1
100	12	1 0 0 0 0 0 1 0 0 0 0 0 0 0 0 1 0 0 0 0
100	2	1 1 1 1 1 0 0 1 0 1 1 0 0 0 0 0 0 0 0 0
100	2	1 0 0 0 0 0 1 0 0 0 0 0 1 1 0 0 0 0 0 0
100	1	1 1 1 0 0 1 1 1 0 1 1 0 0 1 0 0 1 0 0 0
100	1	0 0 0 0 0 0 1 0 0 0 0 0 0 0 0 0 0 0 0 1
100	10	1 1 1 0 1 0 1 0 0 0 1 0 0 0 0 0 0 0 0 0
100	7	0 1 1 1 0 0 1 1 0 1 1 0 1 1 0 0 1 0 0 0
100	3	1 0 0 1 0 0 1 0 0 1 0 0 0 0 1 0 0 0 0 1
100	3	1 1 1 1 1 0 0 0 1 1 0 0 0 0 1 0 0 1 0 0
100	2	1 1 1 1 0 0 1 0 0 1 1 0 0 0 1 1 0 0 0 0
100	4	1 1 1 0 0 0 1 1 0 0 0 0 0 0 0 1 1 1 0 0
100	10	1 0 0 0 0 0 1 0 0 0 0 0 0 1 0 0 1 0 1 1
100	1	1 1 1 0 0 0 1 0 0 1 1 0 0 0 0 0 0 0 0 0
100	1	1 1 1 1 0 0 1 1 0 1 1 0 0 0 0 0 1 0 1 1
100	2	0 1 1 1 1 0 0 0 0 0 0 0 0 0 0 0 0 0 0 0
100	1	1 1 1 1 1 0 0 0 0 1 0 0 0 0 1 0 0 0 0 1
100	4	1 1 1 1 1 0 0 0 0 1 1 0 0 0 1 0 0 0 0 0
100	8	0 1 1 1 0 0 1 1 0 1 1 0 0 0 0 0 0 0 0 0
100	6	0 0 0 0 0 0 1 0 1 0 0 0 0 0 0 0 0 0 0 0
100	2	1 1 1 1 1 0 0 0 0 1 1 0 1 0 0 0 0 0 0 0
100	2	0 1 1 0 0 0 1 0 0 0 0 0 1 0 0 0 0 0 0 0
100	4	1 1 0 0 0 0 0 1 0 1 1 0 0 0 0 0 0 1 0 0
100	7	1 1 1 1 1 0 0 0 0 0 0 0 0 0 1 0 0 0 0 0
100	2	0 0 0 0 0 0 1 0 1 0 1 0 0 0 0 0 0 0 0 0
100	4	1 1 1 0 0 0 1 0 0 0 0 0 0 0 0 0 0 0 0 1
100	1	1 1 1 1 1 0 0 1 1 1 0 1 0 0 0 0 0 0 0 0
100	3	1 1 1 1 1 0 1 0 0 1 1 0 0 0 0 0 0 0 0 0
100	6	1 1 1 1 0 0 1 0 0 1 1 1 0 0 0 0 0 0 0 1
100	6	1 0 0 0 0 0 1 0 0 1 0 0 0 0 1 0 0 0 0 1
100	4	1 1 1 1 0 0 1 0 0 0 0 0 0 0 1 0 0 0 0 0
100	4	1 1 1 1 0 0 1 1 0 1 1 0 0 0 0 0 0 0 0 0
100	6	1 0 1 1 0 1 1 0 0 1 1 0 0 0 0 0 0 0 0 0
100	6	1 0 1 1 0 0 1 0 0 0 0 0 0 0 1 0 0 0 0 0
100	9	1 1 1 1 0 0 0 0 0 1 0 0 0 0 1 0 0 0 0 0
100	2	1 1 1 0 0 0 1 0 0 0 0 1 0 0 0 0 0 0 0 0
100	1	1 0 1 1 0 0 1 0 0 1 0 1 0 0 0 0 1 0 0 1
100	12	0 1 1 1 0 0 1 0 0 1 1 0 0 1 0 0 1 0 0 0
100	14	1 0 1 1 0 0 1 1 0 1 1 0 1 0 1 0 1 0 0 0
100	3	0 1 1 1 0 0 1 0 0 1 1 0 0 0 1 0 0 0 0 0
100	2	0 1 0 0 0 0 1 0 0 0 0 0 0 0 1 0 0 0 0 0
100	1	1 1 0 1 1 0 0 0 0 1 0 0 0 0 1 0 0 0 0 0
100	6	1 1 0 0 0 0 1 0 0 0 0 0 0 1 0 1 0 0 0 0
100	9	0 1 1 1 0 0 0 1 0 1 1 0 0 1 0 0 1 0 0 0
100	6	1 0 0 1 1 0 0 0 1 0 0 0 0 0 0 0 1 0 0 1
100	1	0 0 0 0 0 0 1 0 0 1 0 0 0 0 0 0 0 0 0 0
100	1	1 1 1 1 1 0 0 0 1 1 0 0 0 0 1 0 1 0 0 0
100	6	1 1 1 1 1 0 0 0 0 0 0 0 0 0 1 0 0 0 0 1
100	1	1 0 0 0 0 0 1 0 0 0 0 0 0 0 1 0 0 0 0 0
100	2	1 0 1 1 0 0 0 1 0 1 1 0 0 0 0 0 0 0 0 1
100	4	1 1 1 1 1 0 0 0 0 1 0 0 0 0 0 0 0 0 0 1
100	1	1 1 1 1 0 0 1 0 0 0 1 0 0 0 0 0 0 0 0 0
100	1	1 0 0 1 0 0 1 0 0 0 0 0 0 0 1 0 0 0 0 1
100	1	1 1 1 0 0 0 0 1 0 1 1 0 0 0 0 0 0 0 0 1
100	3	1 1 1 1 0 0 1 0 0 1 0 0 0 0 0 1 0 0 0 0
100	1	0 1 1 1 0 0 1 1 0 1 1 0 0 1 1 1 0 0 0 0
100	1	1 0 0 0 0 0 1 0 1 0 0 0 0 0 0 0 0 1 0 0
100	2	1 1 1 1 1 1 0 0 0 1 1 0 1 0 0 0 0 0 0 0
100	1	1 1 1 0 0 1 1 1 1 0 0 0 0 0 1 0 0 0 0 1
100	3	0 1 0 0 0 0 1 0 0 0 0 1 0 0 0 1 0 0 0 0
100	3	1 1 0 0 0 1 1 0 0 0 0 1 0 0 0 0 1 0 0 1
100	7	1 1 1 1 1 0 0 0 1 1 0 0 0 0 0 0 0 0 0 0
100	2	0 1 1 0 0 0 1 0 0 0 0 0 0 0 0 1 0 0 0 0
100	2	1 0 0 1 1 0 1 0 0 1 1 0 0 0 0 0 0 0 0 0
100	1	1 0 1 1 0 0 1 0 0 1 0 1 0 0 0 0 1 0 1 1
100	2	1 1 1 1 1 0 0 0 0 1 0 0 0 0 0 1 0 0 0 0
100	1	1 1 1 1 1 0 0 0 0 1 0 0 1 0 0 0 0 0 0 0
100	1	0 1 1 0 0 0 1 0 0 0 0 0 0 0 0 1 0 0 1 0
100	2	1 0 0 0 1 0 0 0 1 0 0 1 0 0 0 0 0 0 0 1
100	2	1 1 1 1 1 0 0 0 0 0 0 0 0 0 0 0 0 1 0 1
100	4	1 1 0 1 1 0 0 0 1 1 0 0 0 0 1 0 0 0 0 0
100	1	1 1 1 0 0 0 1 0 1 1 1 0 0 0 0 0 0 0 0 0
100	1	1 0 1 1 0 1 1 0 0 1 1 0 0 0 1 0 0 0 0 0
100	1	1 0 1 1 0 0 1 0 0 0 0 1 0 0 0 0 1 0 0 1
100	2	1 1 1 1 0 0 0 1 0 1 1 0 0 0 0 1 0 1 0 0
100	2	1 0 1 1 0 0 0 1 0 1 1 0 0 1 0 0 1 0 0 0
100	3	1 1 1 1 1 0 0 0 0 1 0 0 0 0 0 0 0 0 1 0
100	1	1 1 0 0 0 0 1 0 0 1 0 0 0 0 1 0 0 0 0 0
100	3	1 1 0 0 0 0 1 0 0 0 0 1 0 0 1 0 0 0 0 1
100	2	1 1 1 1 1 0 0 0 0 1 0 0 0 0 1 0 0 1 0 0
100	3	0 1 1 0 0 0 1 0 0 0 0 0 0 0 0 0 0 0 0 0
100	2	1 0 1 1 0 0 0 1 0 1 1 0 0 1 0 0 0 0 0 0
100	4	1 1 1 1 1 0 0 1 1 1 0 0 0 0 0 0 1 1 1 1
100	3	1 0 1 1 1 0 0 1 1 1 1 0 0 0 0 0 1 1 1 1
100	1	1 1 1 0 0 0 1 0 0 0 0 0 0 0 0 0 0 0 1 0
100	2	1 1 1 1 1 0 0 0 0 0 1 0 0 0 0 0 0 0 0 1
100	1	1 1 1 0 0 1 0 1 0 1 1 0 0 0 0 0 0 0 0 0
100	1	1 1 0 0 0 0 1 0 0 0 0 0 1 0 1 0 0 0 0 0
100	2	1 1 0 0 0 1 1 0 0 0 0 0 0 0 1 0 0 0 0 0
100	2	1 0 0 0 0 0 1 0 1 0 0 0 0 0 0 0 0 0 1 0
100	1	0 1 1 1 0 0 1 0 0 1 1 1 0 0 1 0 0 0 0 0
150	12	1 1 0 0 0 0 1 0 0 0 0 0 0 0 0 0 0 0 0 0
150	27	1 1 1 1 1 0 0 0 0 1 0 0 0 0 1 0 0 0 0 0
150	11	1 0 0 0 0 0 1 0 0 0 0 0 1 0 0 0 0 0 0 0
150	26	1 0 1 1 0 0 0 1 0 1 1 0 0 0 0 0 0 0 0 0
150	22	1 1 1 1 1 0 0 0 0 1 0 0 0 0 0 0 0 0 0 0
150	33	1 1 1 1 0 0 1 0 0 1 1 0 0 0 0 0 0 0 0 0
150	1	1 1 1 1 1 0 0 0 0 0 0 0 0 0 0 0 0 0 0 1
150	18	1 0 1 1 0 1 1 0 0 0 0 1 0 0 0 0 0 0 0 0
150	3	1 1 1 1 1 0 1 0 0 1 1 0 0 1 0 0 1 0 0 0
150	19	1 1 1 1 0 0 1 0 0 1 1 0 0 0 0 1 0 0 0 0
150	5	1 1 1 1 0 0 1 0 0 1 1 0 0 0 0 0 0 0 0 1
150	32	1 1 1 0 0 0 1 0 0 0 0 1 0 0 0 0 0 0 0 0
150	5	0 1 1 1 0 0 1 0 0 1 1 0 0 1 0 0 1 0 0 0
150	7	0 1 1 1 0 0 1 0 0 1 1 0 0 0 1 0 0 0 0 0
150	5	0 1 1 1 0 0 0 1 0 1 1 0 0 1 0 0 1 0 0 0
150	21	1 1 1 1 0 0 0 1 0 1 1 0 0 0 0 0 0 0 0 0
150	14	1 1 1 1 1 0 0 0 0 0 0 0 0 0 0 0 0 0 0 0
150	8	1 1 1 1 1 0 1 0 0 1 0 0 0 0 0 1 0 0 0 0
150	53	1 1 1 0 1 0 0 0 0 1 0 0 0 0 0 0 0 0 0 0
150	2	1 1 1 1 0 0 1 1 0 1 1 1 0 0 0 0 0 0 0 0
150	37	1 1 1 1 0 0 1 0 0 1 1 0 0 0 1 0 0 0 0 0
150	29	1 1 1 1 0 0 1 0 0 0 0 0 0 0 0 0 0 0 0 0
150	2	1 1 0 1 1 0 0 0 0 1 0 0 0 1 0 0 0 0 0 0
150	14	1 0 1 1 0 0 1 0 0 1 0 0 0 0 1 0 0 0 0 0
150	30	1 1 1 1 1 0 0 0 0 1 0 0 1 0 0 0 0 1 0 0
150	27	1 1 1 0 0 0 1 0 0 0 0 1 0 0 0 0 0 0 1 0
150	9	1 1 1 1 1 0 1 0 1 1 0 0 0 0 0 0 0 0 0 0
150	4	1 1 1 1 0 1 1 0 1 0 1 0 0 0 0 0 0 0 0 0
150	10	1 1 1 1 1 0 0 1 0 1 0 0 0 0 0 0 0 0 0 0
150	9	0 1 1 1 0 0 1 0 0 1 1 0 0 0 0 1 0 0 1 0
150	7	1 1 1 1 0 1 1 0 0 0 0 1 0 0 0 0 0 0 0 0
150	4	1 1 1 1 1 0 0 0 0 1 0 0 0 0 0 0 0 0 1 0
150	16	1 0 1 1 0 0 1 0 0 1 0 0 0 0 0 0 0 0 0 0
150	2	1 1 1 1 1 0 1 1 0 1 1 0 1 0 0 0 0 0 0 0
150	20	1 1 1 1 1 0 0 0 0 1 0 0 1 0 0 1 0 0 0 0
150	8	1 1 1 0 0 0 0 1 0 1 1 0 0 0 0 0 0 1 0 0
150	11	1 1 0 0 0 0 1 0 0 0 1 0 0 0 0 0 0 0 0 0
150	7	1 1 0 0 0 0 1 0 0 0 0 1 0 0 1 1 0 0 0 0
150	20	1 1 1 0 0 0 1 0 0 0 0 1 0 0 0 1 0 0 0 0
150	5	1 1 1 1 0 0 0 0 0 1 1 0 0 1 0 1 0 0 0 0
150	14	1 1 1 1 1 0 0 0 0 1 0 0 0 0 1 0 1 0 0 0
150	2	0 1 1 1 0 0 1 0 0 1 0 0 0 0 1 1 0 0 0 0
150	4	0 1 1 1 0 0 1 1 0 1 1 0 0 0 0 0 0 0 0 0
150	1	1 1 1 1 1 1 1 1 0 1 1 0 1 0 0 0 0 0 0 0
150	19	1 1 1 1 1 0 0 0 0 1 0 0 1 0 0 0 0 0 0 0
150	19	1 1 1 1 0 1 1 0 1 1 1 0 0 0 0 1 0 0 1 0
150	2	1 1 0 0 0 1 1 0 0 0 0 0 0 0 1 0 0 0 0 0
150	6	1 1 1 1 0 0 0 1 0 1 1 0 0 0 0 0 1 0 0 0
150	3	1 1 1 1 0 0 1 0 0 0 1 0 0 0 0 0 0 0 0 0
150	4	1 1 1 0 1 0 0 1 0 1 0 0 0 0 0 0 0 0 0 0
150	1	1 1 1 1 1 0 0 1 0 1 0 1 0 0 0 0 0 0 0 0
150	11	1 0 1 1 1 0 0 0 0 1 0 0 1 0 0 1 0 0 0 0
150	14	1 1 0 0 0 1 1 0 0 0 0 1 0 0 0 0 0 0 0 0
150	6	1 1 1 1 0 0 1 1 0 1 1 1 0 1 0 1 0 0 0 0
150	3	1 1 1 1 1 0 1 0 0 1 0 0 0 0 1 0 0 0 0 0
150	10	1 1 1 1 0 0 1 0 0 1 1 1 0 0 1 0 0 0 0 0
150	9	0 1 1 1 1 0 0 0 0 1 0 0 1 0 0 1 0 0 0 0
150	8	1 0 1 1 0 1 1 0 1 0 0 1 0 0 0 0 0 0 0 0
150	1	1 1 1 1 1 0 0 0 0 1 0 0 0 0 0 0 0 0 0 1
150	3	1 0 0 0 0 0 1 0 0 0 0 0 0 0 0 0 0 0 0 0
150	2	1 1 1 1 1 0 0 0 1 1 0 0 0 0 0 0 0 0 0 0
150	7	1 1 1 0 0 0 1 0 0 0 1 0 0 0 0 0 0 0 0 1
150	2	0 1 1 1 1 0 0 0 0 1 0 0 0 0 0 0 0 0 0 0
150	4	1 1 1 1 0 0 1 1 0 0 1 1 0 0 0 0 0 0 0 0
150	1	1 1 1 0 0 0 0 0 0 0 0 1 0 0 0 0 0 0 1 0
150	1	1 1 1 0 1 0 1 0 0 0 0 1 0 0 0 1 0 0 0 0
150	14	1 1 0 0 0 0 1 0 0 0 0 0 0 1 0 0 0 0 0 1
150	7	1 1 1 0 1 0 0 0 0 1 0 0 0 0 0 0 0 0 0 1
150	4	1 1 1 0 0 0 1 0 0 0 0 1 1 0 0 0 0 0 0 0
150	11	1 1 0 1 1 0 0 0 0 1 0 0 1 0 0 0 0 0 0 0
150	2	1 1 0 0 0 0 1 0 0 0 0 1 0 0 1 0 0 0 0 0
150	15	1 1 1 1 0 0 1 0 0 1 1 0 0 1 0 1 0 0 0 0
150	8	0 1 1 1 0 0 0 1 0 1 0 0 0 1 0 0 1 0 0 0
150	9	1 1 1 1 0 0 1 0 0 1 0 0 0 0 0 0 0 0 0 0
150	4	1 0 1 1 1 0 1 0 0 0 0 0 1 0 0 0 0 0 1 0
150	11	1 1 0 0 0 0 1 0 0 0 0 0 0 0 0 1 0 0 0 1
150	5	1 1 1 1 0 0 1 0 0 0 0 0 0 0 0 0 0 1 0 0
150	2	1 0 0 1 1 0 0 0 1 1 0 0 0 0 1 0 0 0 0 0
150	4	1 0 1 0 1 0 0 0 0 1 0 0 0 0 0 1 0 0 0 0
150	1	1 1 1 0 0 0 1 0 0 0 0 0 0 0 0 0 0 0 0 0
150	2	1 1 1 1 1 0 0 1 0 1 1 0 0 0 0 0 0 0 0 0
150	2	1 1 1 0 0 0 1 0 0 0 0 1 0 0 0 1 0 0 1 0
150	2	1 1 0 0 0 0 1 1 0 0 1 0 0 0 0 0 0 0 0 0
150	13	1 0 0 1 0 0 0 1 0 1 1 0 0 0 0 0 0 0 0 0
150	2	1 1 1 1 0 0 1 0 0 0 1 0 0 0 1 0 0 0 0 0
150	2	1 0 1 0 1 0 0 0 0 1 0 0 0 0 1 0 0 0 0 0
150	1	1 1 1 1 1 0 0 0 0 1 0 0 0 1 0 0 1 0 0 0
150	5	1 1 1 1 0 0 1 0 0 1 0 0 0 0 1 0 0 0 0 0
150	5	1 1 0 1 1 0 0 1 0 1 1 0 0 0 0 0 0 0 0 0
150	5	1 0 1 0 0 0 1 0 0 0 0 1 0 0 0 0 0 0 0 0
150	2	1 1 1 1 0 0 0 1 0 1 1 1 0 0 0 0 0 0 0 0
150	2	0 1 1 1 0 0 1 0 0 1 1 0 0 0 0 1 0 0 1 1
150	2	1 1 1 0 0 0 1 1 1 0 0 0 0 0 0 0 0 0 0 0
150	1	1 1 1 1 0 0 1 0 0 1 1 1 0 0 0 0 0 0 0 0
150	5	1 0 0 1 1 0 0 0 1 1 0 0 0 0 0 0 0 0 0 0
150	5	1 1 0 0 0 0 1 0 0 1 0 0 0 0 0 0 0 0 0 0
150	1	1 1 1 1 0 1 1 0 0 1 1 0 0 0 0 0 0 0 0 0
150	8	1 1 1 1 0 0 1 0 0 1 1 0 0 1 0 0 0 0 0 0
150	2	1 0 1 1 0 1 1 0 0 0 0 1 0 0 0 0 0 1 0 0
150	8	1 1 1 1 1 0 0 0 0 1 0 0 0 0 0 0 0 0 1 1
150	2	0 1 1 1 0 0 1 0 0 1 1 0 0 1 0 0 1 0 1 0
150	1	0 1 1 1 0 0 1 0 0 0 0 0 0 0 0 0 0 0 0 0
150	6	1 1 1 0 0 0 1 0 0 0 0 0 0 0 0 0 0 0 0 1
150	7	1 1 1 1 0 0 1 0 0 0 1 0 0 0 0 0 0 1 0 0
150	3	1 1 1 1 1 0 0 0 0 1 0 0 0 0 0 0 1 0 0 0
150	4	1 1 1 0 0 0 1 0 0 1 1 0 0 0 1 0 0 0 0 0
150	2	1 1 1 1 0 0 0 0 0 0 0 0 0 0 0 0 0 0 0 0
150	1	0 1 0 1 1 0 0 0 0 1 0 0 0 1 0 0 0 0 0 0
150	1	1 1 1 1 1 0 0 0 1 1 0 0 0 0 1 0 1 0 0 0
150	1	1 0 1 1 0 0 0 0 0 1 0 0 1 0 0 1 0 0 0 0
150	1	1 1 0 1 1 0 0 0 1 1 0 0 1 0 0 0 0 0 0 0
150	2	1 0 1 1 0 0 0 1 0 1 1 0 0 0 0 0 0 1 0 0
150	3	1 1 1 1 1 1 1 0 0 1 1 0 0 0 1 0 0 0 0 0
150	7	1 1 0 0 0 0 1 0 0 1 1 0 0 0 0 1 0 0 1 0
150	2	1 1 0 1 1 0 1 0 0 1 1 0 0 0 0 0 0 0 0 0
150	1	1 0 0 1 1 0 0 0 0 1 0 0 1 0 0 0 0 0 0 0
150	2	1 1 0 0 0 1 0 0 0 0 0 1 0 0 0 0 0 0 0 0
150	4	1 1 0 0 0 1 1 0 0 0 0 0 0 1 0 0 0 0 0 1
150	1	1 1 0 1 1 0 0 0 0 1 0 0 0 1 0 0 1 0 0 0
150	1	1 1 1 1 0 0 1 0 0 1 1 0 0 0 0 0 0 1 0 0
150	2	1 1 1 1 0 0 1 0 0 1 1 0 0 0 0 1 0 0 1 0
150	5	1 1 1 1 0 1 1 0 0 1 0 0 0 0 0 0 0 0 0 0
150	1	1 1 1 0 0 0 1 0 0 0 1 0 0 0 0 0 0 0 1 0
150	1	1 1 0 0 0 0 1 0 0 1 0 0 1 0 0 0 0 0 0 0
150	1	1 1 0 0 0 0 1 0 0 1 0 0 0 0 0 1 0 0 1 0
150	1	1 1 0 1 1 0 1 1 0 1 1 1 0 1 0 1 0 0 0 0
150	1	1 0 1 1 0 0 0 1 0 1 0 0 0 0 0 0 0 0 0 0
150	2	1 1 1 1 0 0 1 0 0 0 0 0 0 0 0 0 0 0 0 1
150	1	1 1 1 0 0 0 1 0 1 0 0 1 0 0 0 0 0 0 1 0
150	3	1 1 1 1 1 0 0 0 0 1 0 0 1 0 0 1 0 0 0 1
150	3	1 1 0 0 0 0 1 0 0 0 1 1 0 0 0 0 0 0 0 0
150	1	1 1 1 1 0 0 1 0 0 0 1 1 0 0 1 0 0 0 0 0
150	2	1 1 0 1 1 0 0 0 0 1 0 0 1 1 0 0 0 0 0 0
200	10	1 1 1 1 1 0 0 0 0 1 0 0 0 0 1 0 0 0 0 0
200	27	1 1 1 1 1 0 0 0 0 1 0 0 0 0 0 0 0 0 0 0
200	27	1 1 1 1 0 0 1 0 0 1 1 0 0 0 0 0 0 0 0 0
200	1	1 0 1 1 0 1 1 0 0 0 0 1 0 0 0 0 0 0 0 0
200	16	1 1 1 1 0 0 1 0 0 1 1 0 0 0 0 1 0 0 0 0
200	17	1 1 1 1 0 0 1 0 0 1 1 0 0 0 0 0 0 0 0 1
200	34	0 1 1 1 0 0 1 0 0 1 1 0 0 0 1 0 0 0 0 0
200	3	1 1 1 1 0 0 0 1 0 1 1 0 0 0 0 0 0 0 0 0
200	97	1 1 1 1 1 0 0 0 0 0 0 0 0 0 0 0 0 0 0 0
200	24	1 1 1 0 1 0 0 0 0 1 0 0 0 0 0 0 0 0 0 0
200	8	1 1 1 1 0 0 1 0 0 0 0 0 0 0 0 0 0 0 0 0
200	19	1 1 1 1 1 0 0 0 0 1 0 0 1 0 0 0 0 0 0 0
200	21	1 1 1 1 0 0 0 1 0 1 1 0 0 0 0 0 1 0 0 0
200	7	1 1 1 1 1 0 0 0 0 1 0 0 0 0 0 0 0 0 0 1
200	36	1 1 1 1 0 0 1 1 0 0 1 1 0 0 0 0 0 0 0 0
200	4	1 0 0 1 0 0 0 1 0 1 1 0 0 0 0 0 0 0 0 0
200	2	1 1 1 1 0 0 1 0 0 1 0 0 0 0 1 0 0 0 0 0
200	8	1 0 1 1 0 0 1 1 0 1 1 0 0 0 0 0 0 0 0 0
200	5	1 0 0 1 1 1 0 0 1 1 0 0 0 0 0 0 0 0 0 0
200	4	1 1 1 1 1 0 1 0 0 0 0 0 0 0 0 0 0 0 0 0
200	47	1 1 1 1 0 1 1 0 0 1 1 0 0 0 0 0 0 0 0 0
200	1	1 0 1 1 0 0 0 1 0 1 1 0 1 0 0 0 0 0 0 0
200	18	1 1 1 1 0 0 0 1 1 1 1 1 0 0 0 0 0 0 0 0
200	6	1 1 1 0 0 0 1 0 0 0 0 1 0 0 0 0 0 0 0 1
200	2	1 1 1 0 0 0 1 0 0 1 1 0 0 0 0 0 0 0 0 0
200	9	1 1 0 1 0 0 1 0 0 0 0 0 0 0 0 0 0 0 0 0
200	10	1 1 0 0 0 1 1 0 0 1 0 0 0 0 0 1 0 0 1 0
200	37	1 1 1 1 1 0 0 0 0 0 0 0 1 0 0 0 0 0 0 0
200	2	0 1 1 0 0 0 1 0 0 1 1 0 0 0 0 0 0 0 0 0
200	5	1 1 1 1 0 0 1 0 0 1 1 1 0 0 0 0 0 0 0 0
200	9	1 1 1 1 0 0 1 0 0 0 0 0 0 0 0 0 0 1 0 0
200	20	1 1 1 1 0 0 1 1 1 1 1 1 0 0 0 0 0 0 0 0
200	12	1 1 1 1 1 0 0 1 0 1 1 0 0 0 0 0 1 0 0 0
200	2	1 0 1 1 0 0 0 1 0 1 1 0 0 0 0 0 0 0 0 0
200	5	1 1 1 1 0 0 0 1 0 1 0 0 0 0 1 0 0 0 0 0
200	3	1 1 1 1 1 0 0 0 0 1 0 0 1 0 0 0 0 0 1 0
200	16	1 1 1 1 0 0 0 1 0 0 1 1 0 0 0 0 0 0 0 0
200	9	1 1 1 1 1 0 0 0 0 0 0 0 1 0 0 0 0 0 0 1
200	2	1 1 1 1 1 0 1 0 0 1 0 0 1 0 0 0 1 0 0 0
200	1	1 1 1 1 0 0 0 1 0 1 0 1 1 0 0 0 0 0 0 0
200	6	1 1 0 0 0 1 1 0 0 1 0 0 0 0 0 0 1 0 0 0
200	3	1 1 1 1 1 1 0 0 0 0 1 0 1 0 0 0 0 0 0 0
200	18	0 1 1 1 1 0 0 0 0 0 0 0 1 0 0 0 0 0 0 0
200	1	1 1 1 1 1 0 1 0 1 1 0 0 0 0 0 0 1 0 0 0
200	4	1 1 1 1 0 0 0 1 1 1 1 0 1 0 0 0 1 0 0 0
200	2	1 0 1 1 1 0 0 0 0 1 0 0 1 0 0 1 1 0 0 0
200	3	1 1 1 1 1 0 0 0 0 0 0 0 0 0 0 0 0 0 0 1
200	10	1 1 0 0 0 1 1 0 0 1 0 0 0 0 0 0 0 0 0 0
200	2	0 1 1 1 0 0 1 0 0 1 1 0 0 1 0 0 0 0 0 0
200	1	1 1 1 1 1 1 0 0 0 1 0 0 1 0 0 0 0 0 0 0
200	19	1 1 1 1 0 0 1 0 0 1 0 0 0 0 0 1 0 0 1 0
200	5	1 1 1 1 0 0 0 1 0 1 1 0 0 0 0 0 0 1 0 0
200	19	1 0 1 1 0 0 0 1 1 1 1 0 1 0 0 0 0 0 0 0
200	1	1 0 0 1 1 1 0 0 0 0 0 0 1 0 0 0 0 0 0 1
200	2	1 1 0 1 0 0 1 0 0 1 1 0 0 0 0 1 0 0 1 0
200	2	1 1 1 0 0 1 1 0 0 1 0 0 0 0 0 0 0 0 0 0
200	1	1 0 1 1 1 0 0 0 0 0 0 0 0 0 0 0 0 0 0 0
200	42	1 1 0 0 0 1 1 0 0 1 1 0 0 0 0 0 0 0 0 0
200	1	1 0 1 1 1 0 0 1 0 1 1 0 1 0 0 0 0 0 0 0
200	2	1 1 1 1 0 0 0 1 0 1 0 1 0 0 0 0 0 0 0 0
200	6	1 1 1 1 1 0 0 1 0 1 1 0 0 0 0 1 0 0 1 0
200	12	1 1 1 1 0 0 1 1 0 1 1 0 0 0 1 0 0 0 0 0
200	4	1 1 1 1 1 0 0 1 0 0 1 0 0 0 0 0 1 0 0 0
200	7	1 1 1 1 1 0 1 0 0 0 0 0 0 1 0 0 0 0 0 0
200	7	0 0 1 1 0 1 1 0 0 0 0 1 0 0 0 1 0 0 1 0
200	2	1 0 0 0 0 1 1 0 0 1 0 0 0 0 0 1 0 0 1 0
200	6	1 1 1 1 0 0 1 0 0 0 1 0 0 0 0 0 0 0 0 1
200	2	1 0 1 1 0 0 0 1 0 1 0 0 0 0 0 1 0 0 1 0
200	3	1 1 1 1 0 0 1 0 0 1 1 0 0 0 0 1 0 0 0 1
200	3	1 1 1 1 0 0 1 0 0 1 1 1 1 0 0 0 0 0 0 0
200	8	1 1 1 1 0 0 1 0 0 1 0 0 0 0 0 1 0 0 0 0
200	4	1 1 1 1 1 0 0 0 0 1 0 0 0 1 0 0 0 0 0 0
200	4	1 1 1 1 0 0 1 0 0 1 0 0 0 0 0 0 0 0 0 0
200	2	1 1 1 1 0 1 1 0 0 1 1 0 0 0 0 0 0 0 1 0
200	5	1 1 0 0 0 1 0 0 0 0 1 0 1 0 0 0 0 0 0 0
200	1	0 1 1 1 1 0 0 1 0 0 0 0 1 0 0 0 0 0 0 1
200	6	1 1 1 1 0 0 1 1 1 0 0 0 0 0 0 0 0 0 0 0
200	1	1 1 1 1 0 0 0 0 0 1 0 0 1 0 0 0 0 0 0 0
200	11	1 1 1 1 0 1 1 0 1 1 0 0 0 0 0 0 0 0 0 0
200	3	1 1 1 1 0 0 1 1 0 0 1 1 0 0 0 1 0 0 0 0
200	4	0 1 1 1 0 0 1 0 0 0 0 0 0 0 0 0 0 0 0 0
200	4	1 1 1 1 0 0 0 1 1 1 1 0 1 0 0 0 0 0 0 0
200	2	1 1 1 1 0 0 0 0 0 1 0 0 1 0 0 0 1 0 0 0
200	3	0 1 0 1 0 0 1 0 0 1 1 0 0 0 1 0 0 0 0 0
200	16	1 0 0 1 0 0 0 1 0 1 1 0 1 0 0 0 0 0 0 0
200	7	1 1 0 0 0 1 1 0 0 1 1 0 0 0 0 1 0 0 1 0
200	12	1 1 1 1 0 0 0 1 0 1 0 0 0 0 0 0 0 0 0 0
200	7	1 1 1 1 0 0 0 0 0 1 0 0 0 0 0 0 0 0 0 0
200	4	1 1 1 1 0 1 1 1 0 0 1 1 0 0 0 1 0 0 0 0
200	2	1 1 1 1 0 0 1 0 0 0 0 1 0 0 1 0 0 0 0 0
200	2	1 1 1 1 1 0 0 0 0 0 0 0 0 0 0 1 0 0 0 0
200	1	1 1 1 0 1 0 0 0 0 1 1 0 0 0 0 0 0 0 0 0
200	4	1 1 1 1 0 0 1 0 0 0 1 1 0 0 0 0 0 0 0 0
200	5	1 1 0 0 0 1 1 0 0 0 0 0 0 0 0 1 0 0 1 0
200	6	1 1 1 1 1 0 0 0 0 0 0 0 1 0 1 0 0 0 0 1
200	4	1 1 1 1 0 1 1 0 0 0 0 0 1 0 0 0 0 0 0 1
200	8	1 1 1 1 1 0 0 1 0 0 1 1 0 0 0 0 0 0 0 0
200	6	1 1 1 1 0 1 1 0 1 1 1 0 0 0 0 0 0 0 0 0
200	4	1 1 1 1 1 0 0 1 0 1 0 0 0 0 1 0 0 0 0 0
200	1	1 1 1 1 0 0 0 0 0 0 0 0 1 0 0 0 0 0 0 0
200	4	1 1 1 1 0 0 1 0 0 1 1 1 0 0 0 0 0 0 0 1
200	3	1 0 1 1 0 0 1 0 0 0 0 0 0 0 0 0 0 1 0 0
200	1	0 1 0 1 0 0 1 0 0 1 1 0 0 1 0 0 0 0 0 0
200	2	0 1 1 0 1 0 0 1 0 0 0 0 1 0 0 0 0 0 0 1
200	5	1 1 1 1 1 0 0 0 1 1 0 0 0 0 0 0 0 0 0 0
200	1	1 1 1 0 1 0 0 0 0 1 0 0 0 0 0 1 0 0 0 0
200	2	1 1 1 1 1 0 0 0 0 1 0 0 0 0 1 0 0 0 1 0
200	3	1 1 1 1 0 1 1 0 0 1 1 0 0 0 0 0 1 0 0 0
200	1	1 1 1 1 1 0 0 1 0 1 1 0 0 0 1 0 0 0 0 0
200	1	1 1 1 0 1 0 0 0 0 1 0 0 0 0 1 0 0 0 0 0
200	1	1 1 1 0 0 0 0 1 0 0 1 1 0 0 0 0 0 0 0 0
200	3	1 1 1 1 1 1 0 0 0 0 1 0 1 0 1 0 0 0 0 0
200	1	1 1 1 1 0 0 1 0 0 0 1 1 0 0 0 0 0 0 0 1
200	4	1 1 1 1 0 0 1 0 0 0 1 0 0 0 0 1 0 0 0 1
200	3	1 1 1 1 0 0 1 1 0 1 1 0 0 0 0 1 0 0 0 1
200	1	0 1 0 1 0 0 1 0 0 1 1 0 0 0 0 0 0 0 0 0
200	1	1 1 1 1 0 1 0 1 0 0 1 1 0 0 0 1 0 0 0 0
200	1	1 1 1 1 0 0 1 0 0 0 0 1 0 0 0 0 0 0 0 1
200	2	1 1 1 1 0 1 1 0 0 1 1 1 0 0 0 0 0 0 0 0
200	2	1 0 1 1 0 0 0 1 0 1 1 0 0 1 0 0 0 0 0 0
200	1	1 1 1 1 0 0 0 1 0 1 0 0 0 0 1 0 0 0 1 0
200	1	1 1 1 1 0 1 1 1 0 0 0 0 0 0 0 0 0 0 0 0
200	4	0 1 1 1 0 0 1 0 0 1 0 0 0 0 1 0 0 0 0 0
200	1	1 1 1 1 1 0 0 0 1 0 0 0 0 0 0 0 0 0 0 0
200	2	1 1 1 1 1 0 0 0 0 0 0 0 0 0 0 0 0 1 0 0
200	1	1 1 1 0 1 0 0 0 0 1 0 0 0 0 0 0 0 0 1 0
200	1	1 1 1 1 0 0 1 1 0 0 1 0 0 0 0 0 0 0 0 0
200	3	1 1 1 1 0 0 1 1 0 1 1 1 0 0 0 0 0 0 0 0
200	3	1 1 1 1 0 0 1 0 1 0 0 0 0 0 0 0 0 1 0 0
200	1	0 1 1 1 0 0 1 0 0 0 0 0 0 0 0 0 0 1 0 0
200	2	1 1 1 1 0 0 0 1 0 1 0 0 0 0 1 0 0 1 0 0
200	2	1 1 1 1 0 1 0 1 0 0 1 1 0 0 0 0 0 0 0 0
200	3	1 1 1 1 0 0 1 0 0 1 0 0 1 0 0 1 0 0 1 0
200	1	1 0 1 1 1 0 0 0 0 0 0 0 0 0 1 0 0 0 0 0
200	2	1 0 1 1 0 0 0 0 0 0 0 0 0 0 0 0 0 0 0 0
200	1	1 1 1 1 1 1 0 1 0 0 1 1 0 0 0 1 0 0 0 0
250	14	1 1 1 1 1 0 0 0 0 1 0 0 0 0 0 0 0 0 0 0
250	5	1 1 1 1 0 0 1 0 0 1 1 0 0 0 0 0 0 0 0 0
250	28	1 1 1 1 1 0 0 0 0 0 0 0 0 0 0 0 0 0 0 0
250	2	1 1 1 1 0 0 0 1 0 1 1 0 0 0 0 0 1 0 0 0
250	28	1 1 1 1 0 0 1 1 0 0 1 1 0 0 0 0 0 0 0 0
250	39	1 1 1 1 0 1 1 0 0 1 1 0 0 0 0 0 0 0 0 0
250	55	1 1 1 1 1 0 0 0 0 0 0 0 1 0 0 0 0 0 0 0
250	15	1 1 1 1 0 0 0 1 0 0 1 1 0 0 0 0 0 0 0 0
250	6	0 1 1 1 1 0 0 0 0 0 0 0 1 0 0 0 0 0 0 0
250	10	1 1 1 1 1 0 0 0 0 0 0 0 0 0 0 0 0 0 0 1
250	12	1 1 0 0 0 1 1 0 0 1 0 0 0 0 0 0 0 0 0 0
250	29	1 0 1 1 0 0 0 1 1 1 1 0 1 0 0 0 0 0 0 0
250	2	1 1 1 1 0 0 1 1 0 1 1 0 0 0 1 0 0 0 0 0
250	14	1 1 1 1 1 0 0 1 0 0 1 0 0 0 0 0 1 0 0 0
250	37	1 1 1 1 0 0 1 0 0 1 0 0 0 0 0 0 0 0 0 0
250	5	1 1 1 1 0 1 1 0 1 1 0 0 0 0 0 0 0 0 0 0
250	29	1 1 1 1 0 0 1 0 0 0 1 1 0 0 0 0 0 0 0 0
250	2	1 1 1 1 0 0 0 0 0 0 0 0 1 0 0 0 0 0 0 0
250	20	1 1 1 1 1 1 0 0 0 0 1 0 1 0 1 0 0 0 0 0
250	1	1 1 1 1 0 0 0 1 1 1 1 1 0 0 0 0 1 0 0 0
250	50	1 0 1 1 0 0 1 1 0 1 1 0 0 1 0 0 0 0 0 0
250	12	1 1 1 1 1 1 0 0 0 1 0 0 0 0 0 0 0 0 0 0
250	6	1 1 0 0 0 1 1 0 0 1 0 1 0 0 0 0 0 0 0 0
250	9	0 1 0 1 0 0 1 0 0 1 1 0 0 0 0 0 0 0 0 0
250	2	1 1 1 1 1 0 0 0 0 0 0 0 0 0 0 1 1 0 0 0
250	2	1 0 0 1 0 0 0 1 0 1 1 0 1 0 1 0 0 0 0 0
250	6	1 0 1 1 0 0 0 1 1 1 1 0 0 1 0 0 0 0 0 0
250	9	1 1 1 1 1 0 0 0 0 1 0 0 0 0 0 1 1 0 0 0
250	4	1 1 1 1 0 1 1 1 0 0 0 0 0 0 0 0 0 0 0 0
250	17	1 1 0 0 0 1 1 1 0 1 0 0 0 0 0 0 1 0 0 0
250	4	1 1 1 1 1 0 0 1 0 0 0 0 1 0 0 0 0 0 0 1
250	5	0 1 1 0 1 0 0 1 0 1 1 0 0 0 0 0 1 0 0 0
250	8	1 1 1 1 1 0 0 0 0 0 1 0 1 0 0 0 0 0 0 0
250	38	1 1 1 1 0 0 1 1 0 1 1 0 0 1 0 0 0 0 0 0
250	8	1 1 0 0 1 0 1 0 0 1 0 0 0 0 0 0 0 0 0 0
250	21	1 1 1 1 0 0 1 1 0 0 0 0 0 0 0 1 0 0 0 0
250	1	1 1 1 1 1 0 0 0 0 1 0 0 0 0 0 0 1 0 0 0
250	15	1 1 1 1 1 0 0 0 0 0 0 1 1 0 0 0 0 0 0 0
250	9	1 1 1 1 0 0 0 1 0 1 1 0 0 1 0 0 0 0 0 0
250	43	1 1 1 1 1 1 0 0 0 1 1 1 0 0 0 0 0 0 0 0
250	17	1 1 1 1 0 0 1 1 0 1 0 0 1 0 0 0 0 0 0 0
250	9	1 1 1 1 0 0 1 1 0 0 1 0 0 0 1 0 0 0 0 0
250	13	1 1 1 1 0 1 1 0 1 1 0 0 0 0 0 0 0 0 1 0
250	3	1 1 1 1 0 0 1 0 0 1 0 1 0 0 0 0 0 0 0 0
250	1	1 1 1 0 0 0 0 1 0 0 1 1 0 0 0 0 0 0 0 0
250	11	1 0 1 1 0 0 1 1 0 1 1 0 0 0 0 0 0 0 0 0
250	13	1 1 1 1 0 1 1 0 0 1 0 0 0 0 0 0 0 0 0 0
250	4	1 0 1 1 0 0 1 1 0 0 1 0 0 1 0 0 0 0 0 0
250	13	1 1 1 1 1 1 0 0 0 0 0 0 1 0 1 0 0 0 0 0
250	3	1 1 0 1 0 0 1 1 0 0 1 1 0 0 0 0 0 0 0 0
250	3	1 1 1 1 0 0 0 0 1 1 1 1 0 0 0 0 1 0 0 0
250	3	1 1 0 1 0 1 1 0 0 1 1 0 0 1 0 0 0 0 1 0
250	3	1 1 0 1 0 0 0 1 0 0 1 1 0 0 0 0 0 0 0 0
250	6	1 1 1 1 1 0 0 0 0 0 1 0 1 0 0 0 1 0 0 0
250	1	0 1 0 0 0 1 1 0 0 1 0 0 0 0 0 0 0 0 0 0
250	12	1 1 0 1 1 1 0 0 0 1 0 0 0 0 0 0 0 0 0 0
250	9	1 0 0 1 0 1 0 1 0 1 1 0 1 0 1 0 0 0 0 0
250	9	1 1 1 1 1 0 1 1 0 0 0 0 0 0 0 0 1 0 0 0
250	2	1 1 0 1 1 0 0 0 0 0 0 0 1 0 0 0 0 0 0 0
250	6	1 1 1 1 1 1 0 1 0 0 1 1 0 0 0 0 0 0 0 0
250	5	0 1 0 0 0 0 1 1 0 0 0 0 0 0 0 1 0 0 0 0
250	3	1 1 1 1 1 1 0 1 0 0 1 0 1 0 1 0 0 0 0 0
250	1	0 1 1 1 1 0 0 0 0 1 0 0 0 0 0 0 0 0 0 0
250	4	1 1 1 1 0 1 1 0 0 1 1 0 0 0 0 0 0 1 0 0
250	7	0 1 1 1 1 0 0 0 0 0 0 0 1 0 0 1 0 0 0 0
250	1	1 1 1 1 0 0 0 0 1 0 0 0 1 0 0 0 0 0 0 0
250	22	1 1 1 0 0 0 0 1 0 0 1 1 0 0 0 0 0 1 0 0
250	1	0 1 1 0 1 0 0 1 0 1 0 0 0 0 0 0 1 0 0 0
250	8	1 1 1 1 1 1 0 0 0 0 0 0 0 0 1 0 0 0 0 0
250	2	1 1 0 1 0 1 1 0 0 1 1 0 0 0 0 0 0 0 0 0
250	4	1 0 1 1 0 0 1 1 0 0 1 1 0 1 0 0 0 0 0 0
250	3	1 1 0 0 0 1 1 0 0 0 1 0 1 0 1 0 0 0 0 0
250	15	1 1 1 1 0 0 1 0 0 0 1 1 0 0 0 0 0 0 1 0
250	12	1 0 1 0 0 0 0 1 0 1 1 0 0 1 0 0 0 0 0 0
250	4	1 1 1 1 0 0 1 1 0 0 0 0 0 0 0 1 0 0 1 0
250	3	1 1 1 1 1 1 0 0 0 1 1 1 0 0 0 0 1 0 0 0
250	2	1 1 1 1 0 0 0 0 0 0 1 0 1 0 0 0 1 0 0 0
250	3	1 1 1 1 0 0 1 1 0 1 1 0 1 1 0 0 0 0 0 0
250	12	1 1 0 1 1 1 0 0 0 1 0 0 0 0 1 0 0 0 0 1
250	6	1 1 1 1 1 0 0 1 0 1 1 0 0 1 0 0 0 0 0 0
250	8	1 1 1 1 0 0 0 1 0 0 1 1 0 0 0 0 1 0 0 0
250	1	0 1 0 0 1 0 0 1 0 1 1 0 0 0 0 0 1 0 0 0
250	5	1 1 1 1 1 1 0 0 0 1 1 1 0 0 1 0 0 0 0 0
250	5	1 1 1 1 1 1 0 0 0 0 1 0 1 0 1 0 0 1 1 0
250	1	0 1 0 1 1 1 0 0 0 1 1 1 0 0 0 0 0 0 0 0
250	4	0 1 1 1 0 0 1 0 0 1 1 0 1 0 0 0 0 0 0 0
250	2	1 1 1 1 0 1 1 1 0 0 1 0 1 0 1 0 0 0 0 0
250	7	1 1 1 1 0 0 0 1 0 1 1 0 0 0 1 0 0 0 1 0
250	3	1 1 1 0 0 1 1 0 0 1 0 0 0 0 0 0 0 0 0 0
250	1	1 1 1 1 0 0 1 1 0 1 1 0 0 0 1 0 1 0 0 0
250	1	1 1 1 1 0 0 0 1 1 1 1 1 0 0 0 0 1 1 0 0
250	3	1 1 1 1 1 0 0 0 0 0 1 0 1 0 0 0 0 0 0 1
250	8	1 1 1 1 1 0 0 0 0 0 1 1 0 0 0 0 1 0 0 0
250	1	1 1 1 1 0 1 1 1 0 0 0 0 0 1 0 0 0 0 0 0
250	2	1 1 1 1 0 0 0 0 1 0 0 1 0 0 0 0 0 0 0 0
250	6	1 1 1 1 1 0 0 0 0 0 0 0 1 0 0 1 0 0 0 0
250	1	1 0 1 0 1 0 1 0 0 1 0 1 0 0 0 0 0 0 0 0
250	4	1 1 1 1 0 0 0 0 1 1 1 0 0 0 0 0 1 0 0 0
250	4	1 1 1 0 0 0 0 1 1 1 1 0 0 1 0 0 0 0 0 0
250	4	1 1 1 1 0 0 0 1 1 1 1 0 1 0 0 0 0 0 0 0
250	6	1 1 1 1 1 0 0 0 0 0 0 0 1 0 1 0 0 0 0 0
250	1	1 1 1 1 1 1 0 0 0 1 1 0 0 0 0 0 0 1 0 0
250	5	1 1 0 1 0 0 1 1 0 0 1 0 1 0 0 0 0 0 0 0
250	1	1 1 0 0 0 1 1 0 0 1 0 0 0 0 0 0 0 0 1 0
250	3	1 1 1 1 0 1 1 1 1 0 0 0 0 0 0 0 0 0 0 0
250	1	1 1 1 1 1 0 0 1 0 0 0 0 0 0 0 0 0 0 0 1
250	3	1 1 1 1 0 0 1 1 0 1 1 1 0 1 0 0 0 0 0 0
250	5	1 1 0 1 0 0 1 1 0 1 1 0 0 1 0 0 0 0 0 0
250	1	1 1 1 1 1 1 0 0 0 1 1 1 0 0 0 0 0 0 1 0
250	2	1 0 0 1 0 1 0 1 0 1 1 0 1 0 1 1 0 0 0 0
250	2	1 0 1 1 1 0 0 0 0 0 1 0 1 0 0 0 1 0 0 0
250	1	1 1 1 1 0 0 1 1 0 1 1 1 0 0 0 0 0 1 0 0
250	1	1 1 1 1 0 0 1 1 0 0 1 0 1 0 1 0 0 1 1 0
250	1	1 1 1 1 1 1 0 1 0 1 1 0 0 1 0 0 0 0 0 0
250	1	1 0 1 1 0 0 1 1 0 1 0 0 0 0 0 0 0 0 0 0
250	1	1 1 1 1 0 0 0 0 0 0 1 1 0 0 0 0 0 0 0 0
250	1	0 1 1 0 1 0 0 1 0 0 1 1 0 0 0 0 0 0 0 0
250	2	1 0 1 0 0 1 0 1 0 0 1 1 0 0 0 0 0 0 0 0
250	1	1 1 0 0 0 1 1 0 0 1 0 0 0 0 1 0 0 0 0 0
250	3	1 1 1 1 0 0 1 0 0 1 0 0 0 0 0 0 1 0 0 0
250	1	0 1 1 1 0 1 1 1 0 0 0 0 0 0 0 0 0 0 0 0
250	3	1 1 1 1 1 0 0 1 0 0 0 1 1 0 0 0 0 0 0 0
250	1	1 1 1 1 0 1 1 0 1 1 1 0 0 0 0 0 0 1 0 0
250	1	1 1 1 0 0 0 0 1 0 0 0 1 0 0 0 0 0 1 0 0
300	3	1 1 1 1 1 0 0 0 0 1 0 0 0 0 0 0 0 0 0 0
300	11	1 1 1 1 1 0 0 0 0 0 0 0 0 0 0 0 0 0 0 0
300	8	1 1 1 1 0 1 1 0 0 1 1 0 0 0 0 0 0 0 0 0
300	9	1 1 1 1 1 0 0 0 0 0 0 0 1 0 0 0 0 0 0 0
300	69	1 1 0 0 0 1 1 0 0 1 0 0 0 0 0 0 0 0 0 0
300	7	1 1 1 1 0 1 1 0 1 1 0 0 0 0 0 0 0 0 0 0
300	3	1 1 1 1 0 0 1 0 0 0 1 1 0 0 0 0 0 0 0 0
300	19	1 1 0 0 0 1 1 0 0 1 0 1 0 0 0 0 0 0 0 0
300	4	1 1 0 0 0 1 1 1 0 1 0 0 0 0 0 0 1 0 0 0
300	20	1 1 0 0 1 0 1 0 0 1 0 0 0 0 0 0 0 0 0 0
300	37	1 1 1 1 0 0 1 1 0 0 0 0 0 0 0 1 0 0 0 0
300	7	1 1 1 1 1 0 0 0 0 0 0 1 1 0 0 0 0 0 0 0
300	5	1 1 1 1 1 1 0 0 0 1 1 1 0 0 0 0 0 0 0 0
300	26	1 1 0 1 1 1 0 0 0 1 0 0 0 0 0 0 0 0 0 0
300	79	1 0 0 1 0 1 0 1 0 1 1 0 1 0 1 0 0 0 0 0
300	22	1 1 1 1 0 0 1 1 0 1 1 0 1 1 0 0 0 0 0 0
300	33	1 1 1 1 0 0 1 1 0 1 1 1 0 1 0 0 0 0 0 0
300	19	1 1 1 1 0 0 1 1 0 0 0 0 0 1 0 1 0 0 0 0
300	5	1 1 0 1 1 0 0 0 0 0 0 0 1 0 0 0 0 0 0 1
300	11	0 1 1 1 1 0 0 0 0 0 0 0 0 0 0 0 0 0 0 0
300	16	1 1 1 1 0 1 1 0 0 1 0 0 0 1 0 0 0 0 0 0
300	13	1 1 0 0 0 0 1 0 0 1 0 0 0 0 0 0 0 0 0 0
300	13	1 1 1 1 1 0 0 1 0 0 0 0 1 0 0 0 0 0 0 0
300	5	1 1 1 1 1 0 0 0 0 0 0 0 0 0 1 0 0 0 0 0
300	8	1 1 1 1 0 0 1 1 0 1 0 0 0 0 0 1 0 0 0 0
300	23	1 1 0 0 1 1 1 0 0 1 0 1 0 0 0 0 0 0 0 0
300	29	1 1 1 1 1 0 0 0 0 0 0 0 0 0 0 1 0 0 0 0
300	3	1 0 1 1 0 1 0 1 0 0 1 1 0 0 0 0 0 0 0 0
300	8	1 1 1 1 1 0 0 0 0 1 1 0 0 0 0 0 0 0 0 0
300	12	1 1 1 1 1 1 0 0 0 1 0 0 0 0 0 0 0 0 0 0
300	2	1 1 1 1 0 1 1 1 0 1 1 0 0 0 0 0 0 0 0 0
300	2	1 1 0 1 1 1 0 1 0 1 0 0 0 0 0 0 0 0 0 0
300	20	1 1 1 1 0 0 1 0 0 0 0 0 0 0 0 0 0 0 0 0
300	11	1 1 1 1 0 0 1 1 0 0 0 0 0 0 0 1 0 0 0 1
300	2	1 1 1 1 0 0 0 0 0 1 1 0 0 0 0 0 0 0 0 0
300	4	1 1 0 1 0 0 1 1 0 1 1 1 0 1 0 0 0 0 0 0
300	7	1 0 1 1 0 0 1 0 0 1 1 0 0 1 0 0 0 0 0 0
300	8	1 1 0 1 0 0 1 1 0 1 1 0 1 1 0 0 0 0 0 0
300	37	1 1 0 1 0 1 1 1 0 0 0 0 0 0 1 0 0 0 0 0
300	27	1 1 1 1 0 0 1 1 0 0 1 1 0 0 0 0 0 0 0 0
300	1	1 1 1 1 1 0 0 0 0 0 0 1 0 0 0 0 0 0 0 0
300	4	1 1 1 1 1 0 0 0 0 0 0 0 0 1 0 1 0 0 0 0
300	2	0 1 1 1 0 0 1 1 0 0 0 0 0 0 1 1 0 0 0 0
300	14	1 1 1 1 0 0 1 1 0 1 0 0 0 0 0 0 0 0 0 0
300	7	1 1 1 0 0 1 1 0 0 1 0 0 0 0 0 0 0 0 0 0
300	5	1 1 0 0 1 1 1 0 0 0 0 1 0 0 0 0 0 0 0 0
300	10	1 1 1 1 1 0 0 0 1 1 1 0 0 0 0 0 0 0 0 0
300	2	1 1 1 1 0 1 1 1 0 1 1 1 0 1 0 0 0 0 0 0
300	10	1 1 1 1 0 0 1 0 0 0 1 1 0 1 0 0 0 0 0 0
300	5	1 1 1 1 0 0 1 1 0 1 1 0 0 0 0 1 0 0 0 1
300	3	1 1 1 1 0 0 1 0 0 1 1 0 0 0 0 0 0 0 0 0
300	5	1 1 1 1 1 0 0 0 0 1 0 1 0 1 0 0 0 0 0 0
300	12	1 1 0 0 0 1 1 0 0 1 0 1 1 0 0 0 0 0 0 0
300	3	1 1 1 1 1 0 0 0 0 0 0 1 1 0 0 1 0 0 0 0
300	7	1 1 1 0 0 1 1 0 0 1 0 0 0 1 0 0 0 0 0 0
300	5	1 1 1 1 1 1 0 0 0 0 0 0 0 0 1 0 0 0 0 0
300	9	1 1 1 1 0 0 1 1 0 1 1 0 0 1 1 0 0 0 0 0
300	8	1 1 1 1 0 0 1 0 0 0 0 1 0 0 0 0 0 0 0 0
300	5	1 0 0 0 0 1 1 0 0 1 0 1 0 0 0 0 0 0 0 0
300	6	0 1 1 1 1 1 0 0 0 1 0 0 0 0 0 0 0 0 0 0
300	1	1 1 0 0 0 1 1 0 0 1 1 0 1 0 1 0 0 0 0 0
300	1	1 1 0 0 1 0 0 0 0 1 0 0 0 0 0 0 0 0 0 0
300	6	1 1 0 0 1 1 1 0 0 1 1 1 0 0 0 0 0 0 0 0
300	3	1 1 0 0 0 1 1 0 0 1 1 0 0 0 0 0 0 0 0 0
300	3	1 1 1 1 0 1 1 0 1 0 0 0 0 0 0 0 0 0 0 0
300	3	1 1 1 1 0 0 1 1 0 1 0 0 1 0 0 1 0 0 0 0
300	2	1 1 1 1 1 0 0 0 0 0 1 0 0 0 0 0 0 0 0 0
300	6	1 0 0 1 0 1 1 0 0 1 0 0 0 0 0 0 0 0 0 0
300	6	1 1 1 1 0 0 1 1 0 0 0 0 0 1 0 1 0 1 0 0
300	9	1 1 1 1 1 1 0 0 0 0 0 0 0 0 0 1 0 0 0 0
300	6	1 1 1 1 1 0 1 0 1 1 1 0 0 0 0 0 0 0 0 0
300	3	1 1 0 0 0 1 1 0 0 1 0 0 0 1 0 1 0 0 0 0
300	1	1 0 0 1 1 1 0 0 0 1 1 1 0 0 0 0 0 0 0 0
300	7	1 1 1 1 1 0 0 1 1 1 1 0 0 0 1 0 0 0 0 0
300	2	1 1 1 1 0 1 1 0 0 1 0 0 0 0 0 0 0 0 0 0
300	1	1 1 0 0 1 0 0 1 0 0 1 0 1 1 0 0 0 0 0 0
300	5	1 1 1 1 0 0 1 1 0 1 0 1 1 0 0 0 0 0 0 0
300	4	1 0 0 1 0 1 0 1 0 1 1 0 1 1 1 0 0 0 0 0
300	3	1 1 0 0 1 1 1 0 0 1 0 1 0 0 0 0 0 1 0 0
300	4	1 1 0 0 0 1 1 0 0 1 1 1 0 0 0 0 0 0 0 0
300	2	1 0 1 1 1 0 1 0 0 1 1 0 0 1 0 0 0 0 0 0
300	4	1 1 0 0 0 1 1 0 0 1 1 0 0 0 0 0 0 1 0 0
300	22	1 1 1 1 1 0 0 0 0 0 0 0 0 0 0 0 0 0 1 0
300	10	1 1 0 0 0 1 1 0 0 1 0 0 0 0 0 0 0 0 0 1
300	7	1 1 0 1 1 1 0 0 1 1 0 0 0 0 0 0 0 0 0 0
300	1	1 1 0 0 1 1 0 0 0 1 0 0 0 0 0 0 0 0 0 0
300	6	1 1 1 1 0 1 0 0 0 1 1 1 0 0 0 1 0 0 0 0
300	5	1 1 1 1 1 0 0 0 1 0 0 0 0 1 0 1 0 0 0 0
300	4	1 1 1 1 1 0 0 0 0 0 0 0 1 0 0 0 0 0 0 1
300	3	1 1 1 1 0 0 1 1 0 0 0 0 0 0 0 1 1 0 0 0
300	10	1 1 0 0 1 1 1 0 0 1 0 1 0 0 0 0 0 0 0 1
300	7	1 1 1 1 0 0 0 0 0 0 0 0 0 0 0 1 0 0 0 0
300	3	1 1 0 1 0 1 0 1 0 1 1 0 1 0 1 0 0 0 0 0
300	4	0 1 1 1 1 0 0 0 0 0 0 0 0 0 0 1 0 0 0 0
300	2	1 1 1 1 1 0 1 1 0 1 1 0 1 1 0 0 0 0 0 0
300	5	1 1 0 0 1 1 1 0 0 1 0 0 0 0 0 0 0 0 0 0
300	5	1 1 0 0 0 1 1 0 0 1 0 0 1 0 0 0 0 0 0 0
300	3	1 1 1 1 1 0 0 0 0 0 0 0 1 0 0 1 0 0 0 0
300	4	0 1 1 1 1 0 1 1 0 1 1 0 1 1 0 0 0 0 0 0
300	1	1 1 0 1 0 1 0 0 0 1 0 0 0 0 0 0 0 0 0 0
300	2	1 0 1 1 0 0 1 1 0 1 1 1 0 1 0 0 0 0 0 0
300	5	1 0 1 1 1 1 0 1 0 0 1 1 0 0 0 0 0 0 0 0
300	3	1 1 0 0 0 1 1 1 0 0 0 0 0 0 0 1 0 0 0 0
300	1	1 1 0 0 1 0 1 0 0 0 0 0 0 0 0 1 0 0 0 0
300	2	1 1 1 1 0 0 1 1 0 0 0 1 1 0 0 1 0 0 0 0
300	2	1 1 1 1 0 0 1 1 0 1 1 0 0 0 0 0 0 0 0 0
300	1	1 1 1 1 0 1 1 0 0 1 1 1 0 0 0 0 0 0 0 0
300	1	1 1 0 0 0 0 1 1 0 1 0 0 0 0 0 1 0 0 0 0
300	1	1 1 0 0 0 1 1 1 0 1 0 0 0 0 0 0 0 0 0 0
300	1	1 1 0 0 0 1 1 0 0 1 0 0 0 0 0 1 0 0 0 0
300	2	1 1 0 1 1 0 0 0 0 0 1 0 1 0 0 0 0 0 0 1
300	2	1 1 0 0 0 0 1 0 0 1 0 1 1 0 0 0 0 0 0 0
300	1	1 1 0 0 1 0 0 0 0 1 0 0 0 0 0 0 1 0 0 0
300	3	0 1 1 1 1 0 1 0 1 1 1 0 0 0 0 0 0 0 0 0
300	2	1 1 1 1 0 1 0 1 0 1 1 0 1 0 1 0 0 0 0 0
300	1	1 1 1 1 0 1 1 1 0 0 0 0 0 0 1 0 0 0 0 0
300	1	1 1 0 0 0 0 1 0 0 0 0 0 1 0 0 0 0 0 0 0
300	1	1 1 1 1 1 0 0 0 0 1 1 1 0 0 0 0 0 0 0 0
300	3	1 1 1 1 0 0 1 0 0 0 0 1 0 0 0 0 0 0 0 1
300	1	1 1 0 0 0 1 0 0 0 1 0 0 0 0 0 0 0 0 0 0
300	2	1 0 0 1 0 0 0 1 0 1 1 0 1 0 1 0 0 0 0 0
300	1	1 1 1 1 1 0 0 0 0 0 0 0 0 0 1 0 0 0 1 0
300	2	1 0 1 1 1 0 1 0 0 1 1 0 0 0 0 0 0 0 0 0
300	4	1 0 1 1 0 0 0 0 0 0 0 0 0 0 0 1 0 0 0 0
300	1	1 0 1 1 0 0 1 1 0 0 1 1 0 1 0 0 0 0 0 0
350	34	1 1 1 1 0 1 1 0 0 1 1 0 0 0 0 0 0 0 0 0
350	51	1 1 0 0 0 1 1 0 0 1 0 0 0 0 0 0 0 0 0 0
350	38	1 1 0 0 0 1 1 0 0 1 0 1 0 0 0 0 0 0 0 0
350	21	1 1 1 1 0 0 1 1 0 0 0 0 0 0 0 1 0 0 0 0
350	26	1 1 0 1 1 1 0 0 0 1 0 0 0 0 0 0 0 0 0 0
350	10	1 1 1 1 0 0 1 1 0 1 1 0 1 1 0 0 0 0 0 0
350	21	1 1 1 1 0 0 1 1 0 0 0 0 0 1 0 1 0 0 0 0
350	2	0 1 1 1 1 0 0 0 0 0 0 0 0 0 0 0 0 0 0 0
350	17	1 1 1 1 0 1 1 0 0 1 0 0 0 1 0 0 0 0 0 0
350	2	1 1 0 0 0 0 1 0 0 1 0 0 0 0 0 0 0 0 0 0
350	3	1 1 0 0 1 1 1 0 0 1 0 1 0 0 0 0 0 0 0 0
350	33	1 1 1 1 0 1 1 1 0 1 1 0 0 0 0 0 0 0 0 0
350	8	1 1 1 1 0 0 1 0 0 0 0 0 0 0 0 0 0 0 0 0
350	8	1 1 1 1 0 0 1 1 0 0 1 1 0 0 0 0 0 0 0 0
350	1	1 1 1 0 0 1 1 0 0 1 0 0 0 0 0 0 0 0 0 0
350	3	1 1 1 1 0 0 1 0 0 0 1 1 0 1 0 0 0 0 0 0
350	5	1 1 0 0 0 1 1 0 0 1 0 1 1 0 0 0 0 0 0 0
350	12	1 1 0 0 1 0 0 0 0 1 0 0 0 0 0 0 0 0 0 0
350	34	1 1 0 0 0 1 1 0 0 1 1 1 0 0 0 0 0 0 0 0
350	9	1 1 0 0 1 1 1 1 0 1 0 1 0 0 0 0 0 0 0 1
350	5	1 1 1 1 0 0 0 1 0 0 0 0 0 0 0 1 0 0 0 0
350	10	1 1 0 0 1 1 1 0 1 1 0 1 0 0 0 0 0 0 0 0
350	46	1 1 0 1 1 1 0 0 0 1 0 0 0 0 0 1 0 0 0 0
350	6	1 1 0 0 0 1 1 1 0 0 0 0 0 0 1 0 0 0 0 0
350	5	1 1 1 1 0 1 1 0 0 1 0 0 0 0 0 1 0 0 0 0
350	10	1 1 0 1 0 1 1 0 0 1 0 0 0 0 0 0 0 0 0 0
350	15	1 1 1 1 0 0 1 1 0 0 1 1 0 0 0 0 0 1 0 0
350	2	1 0 1 1 0 0 1 1 0 1 1 0 0 1 1 0 0 0 0 0
350	20	1 1 1 0 0 1 1 0 0 1 0 0 0 0 0 1 0 0 0 0
350	5	1 1 0 1 0 0 1 1 0 0 0 0 0 0 0 1 0 0 0 0
350	64	1 1 0 0 0 0 1 0 0 1 0 1 0 0 0 0 0 0 0 0
350	24	1 1 1 1 1 0 1 1 0 0 0 0 0 0 0 1 0 0 0 0
350	7	1 1 1 0 0 1 1 0 0 1 0 0 0 0 1 0 0 0 0 0
350	19	1 1 0 0 0 1 1 0 0 1 0 0 0 0 0 1 0 0 0 0
350	27	1 1 0 0 1 1 1 0 0 1 0 0 0 0 0 0 0 0 0 0
350	4	0 1 1 1 1 0 1 0 0 0 0 0 0 0 0 0 0 0 0 0
350	13	1 1 1 1 0 0 1 1 0 0 1 0 0 0 0 0 0 0 0 0
350	6	1 1 1 1 1 1 1 0 0 1 1 0 0 0 0 0 0 0 0 0
350	23	1 1 1 1 1 1 0 0 0 1 0 0 0 0 0 0 0 0 0 0
350	2	1 1 1 1 1 0 1 1 0 1 0 0 0 0 0 1 0 0 0 0
350	14	1 1 0 0 0 1 1 0 0 1 0 0 0 0 0 0 0 0 0 1
350	16	1 1 0 0 0 0 1 0 0 1 0 1 0 0 0 1 0 0 0 0
350	10	1 1 1 0 0 0 1 0 0 1 0 0 0 0 1 0 0 0 0 0
350	1	1 1 1 1 0 1 1 1 0 1 0 1 0 0 0 1 0 0 0 0
350	13	1 1 0 1 1 1 0 0 0 1 0 1 0 0 0 0 0 0 0 1
350	6	1 1 0 0 0 0 1 0 0 1 0 0 0 0 1 0 0 0 0 0
350	1	1 1 0 1 0 0 0 0 0 1 0 1 0 0 0 0 0 0 0 0
350	3	1 1 0 1 1 1 0 0 0 1 0 0 0 1 0 0 0 0 0 0
350	13	1 1 0 0 0 1 1 1 0 0 0 0 0 0 0 0 0 0 0 0
350	9	1 0 1 1 0 0 1 0 0 1 0 0 0 0 0 1 0 0 0 0
350	4	1 1 1 1 0 0 1 1 0 0 0 1 0 0 0 1 0 0 0 0
350	2	1 1 1 1 0 0 0 1 0 0 0 0 0 0 0 1 1 0 0 0
350	6	1 1 1 1 1 1 0 0 0 1 0 1 0 0 0 0 0 0 0 0
350	8	1 1 1 1 0 1 1 1 0 1 1 1 0 0 0 1 0 0 0 0
350	4	1 1 1 1 0 0 1 1 1 0 1 1 0 0 0 0 0 1 0 0
350	4	1 1 0 0 0 1 1 0 0 1 0 1 0 0 1 0 0 0 0 0
350	13	1 1 0 0 1 0 0 0 0 1 0 0 0 0 0 1 0 0 0 0
350	36	1 1 0 0 0 0 1 0 0 1 0 1 1 0 0 0 0 0 0 0
350	2	1 1 1 1 0 0 1 1 0 0 1 1 0 0 0 1 0 0 0 0
350	5	1 1 0 1 0 1 1 0 0 1 0 1 1 0 0 0 0 0 0 0
350	1	1 1 0 0 0 1 1 1 0 1 0 0 0 0 0 0 0 0 0 0
350	3	1 1 1 1 1 0 1 1 0 0 0 0 0 0 0 1 0 0 0 1
350	12	1 1 1 1 1 0 1 0 0 0 0 0 0 0 0 1 0 0 0 0
350	2	1 1 0 0 0 1 1 0 0 1 0 0 0 0 0 0 0 1 0 0
350	7	1 1 0 0 0 1 1 0 1 1 0 1 0 0 0 0 0 0 0 0
350	2	1 1 0 0 0 1 1 0 0 1 1 1 0 0 0 0 0 0 0 1
350	4	1 1 1 0 0 1 1 0 0 1 0 0 0 0 0 1 0 1 0 0
350	7	1 1 0 1 1 0 0 1 1 0 0 0 1 0 0 0 0 0 0 0
350	3	1 1 1 1 1 0 1 0 0 0 0 0 0 0 0 0 0 0 0 0
350	9	1 1 0 0 1 1 0 0 0 1 0 0 0 0 0 0 0 0 0 0
350	5	1 1 1 1 0 0 1 0 0 1 1 1 0 0 0 0 0 0 0 0
350	1	1 1 0 0 0 1 0 0 0 1 0 0 0 0 0 0 0 0 0 0
350	1	1 0 0 0 0 1 1 0 0 1 0 0 0 0 0 0 0 0 0 0
350	6	1 0 0 0 0 1 1 0 0 1 0 1 0 0 0 0 0 0 0 0
350	4	1 0 0 0 0 1 1 1 0 0 0 0 0 0 1 0 0 0 0 0
350	9	1 1 0 0 1 1 1 0 0 1 0 1 0 0 0 1 0 0 0 0
350	3	1 1 1 1 0 0 0 0 0 0 0 0 0 0 0 1 0 0 0 0
350	3	1 1 0 0 0 1 0 0 0 1 0 0 0 0 0 1 0 0 0 0
350	3	1 1 1 1 0 0 1 0 0 0 1 1 0 1 0 0 0 0 0 1
350	7	1 1 1 1 1 0 1 1 0 1 1 0 1 0 0 1 0 0 0 0
350	4	1 1 1 1 0 1 1 1 0 1 0 0 0 0 1 0 0 0 0 0
350	2	1 1 0 0 0 1 1 0 0 1 0 0 0 0 1 0 0 0 0 0
350	4	1 1 0 0 0 1 1 0 0 1 0 1 0 1 0 0 0 0 0 0
350	1	1 1 0 0 0 1 1 0 0 1 0 1 0 0 0 0 0 0 0 1
350	1	1 1 0 0 0 0 1 0 0 1 0 1 0 0 1 0 0 0 0 0
350	1	0 1 0 1 0 0 0 0 0 1 0 1 0 0 0 0 0 0 0 0
350	1	1 1 0 1 1 1 0 0 0 1 0 0 0 0 0 0 1 0 0 0
350	2	1 1 1 1 0 0 1 1 0 0 1 0 1 1 0 0 0 0 0 0
350	5	1 1 0 1 0 1 1 0 0 1 0 0 0 0 0 0 0 0 0 1
350	2	1 1 0 0 0 1 1 1 1 0 0 0 0 0 0 0 0 0 0 0
350	7	1 0 0 0 1 1 0 0 0 0 0 0 0 1 0 1 0 0 0 0
350	2	1 1 0 0 1 1 0 0 1 0 0 0 0 1 0 1 0 0 0 0
350	2	1 1 0 0 0 0 1 0 0 0 0 1 1 0 0 0 0 0 0 0
350	1	1 1 0 0 0 0 1 1 0 0 0 1 0 0 0 1 0 0 0 0
350	1	1 1 0 0 0 0 1 0 0 1 0 0 0 0 0 1 0 0 0 0
350	3	1 1 1 0 0 1 1 0 0 1 0 1 0 0 0 0 0 0 0 0
350	1	1 1 1 1 0 0 1 1 0 0 1 0 0 1 0 1 0 0 0 0
350	8	1 0 1 1 0 1 1 1 0 1 1 0 0 0 0 0 0 0 0 0
350	3	1 1 0 0 0 1 1 0 0 1 1 0 0 0 0 0 0 0 0 0
350	2	1 1 0 0 0 1 1 0 1 1 1 1 0 0 0 0 0 0 0 0
350	1	1 1 0 1 1 0 0 0 0 1 0 0 0 0 0 1 0 0 0 0
350	2	1 1 0 1 1 1 0 0 0 1 0 0 0 1 0 1 0 0 0 0
350	3	1 1 0 1 0 0 1 0 0 1 0 0 0 0 0 0 0 0 0 0
350	2	1 1 1 1 0 0 1 1 0 0 1 0 0 1 0 0 0 0 0 0
350	3	1 1 1 1 1 1 0 0 0 1 1 0 0 0 0 0 0 0 0 0
350	3	1 1 0 0 0 1 0 1 0 1 0 0 0 0 0 1 0 0 0 0
350	1	1 0 1 1 0 0 1 0 0 1 0 0 0 0 1 1 0 0 0 0
350	1	1 1 1 1 0 1 0 0 0 1 0 0 0 0 0 1 0 0 0 0
350	1	1 1 1 1 0 0 1 1 0 0 0 0 0 0 0 0 0 0 0 0
350	1	1 1 0 0 0 0 1 1 0 0 0 0 0 1 0 1 0 0 0 0
350	1	1 1 0 0 1 0 1 1 0 0 0 0 0 0 0 1 0 0 0 0
350	2	1 1 1 1 0 0 1 0 0 1 1 0 0 0 0 0 0 0 0 0
350	1	1 1 1 1 0 1 1 0 0 0 1 0 0 0 0 0 0 0 0 0
350	1	1 1 0 1 0 1 0 0 0 1 0 0 0 0 0 0 0 0 0 0
350	1	1 1 1 1 0 1 1 0 0 1 0 0 0 1 0 0 0 0 1 0
350	1	1 1 0 0 1 1 1 0 1 1 0 1 0 0 1 0 0 0 0 0
350	2	1 1 0 0 0 1 1 1 0 0 0 0 0 0 1 0 1 0 0 0
350	1	1 1 1 1 0 0 1 1 0 0 1 0 0 0 0 0 0 1 0 0
350	3	1 1 0 0 0 1 1 0 1 1 0 0 0 0 0 0 0 0 0 1
350	1	1 1 1 0 0 0 0 0 0 1 0 0 0 0 1 0 0 0 0 0
350	2	1 1 1 1 0 0 1 1 0 1 1 1 0 0 0 1 0 0 0 0
400	30	1 1 1 1 0 1 1 0 0 1 1 0 0 0 0 0 0 0 0 0
400	47	1 1 0 0 0 1 1 0 0 1 0 0 0 0 0 0 0 0 0 0
400	2	1 1 0 0 0 1 1 0 0 1 0 1 0 0 0 0 0 0 0 0
400	9	1 1 1 1 0 1 1 0 0 1 0 0 0 1 0 0 0 0 0 0
400	23	1 1 1 1 0 1 1 1 0 1 1 0 0 0 0 0 0 0 0 0
400	127	1 1 0 0 1 0 0 0 0 1 0 0 0 0 0 0 0 0 0 0
400	18	1 1 0 0 0 1 1 0 0 1 1 1 0 0 0 0 0 0 0 0
400	10	1 1 0 0 1 1 1 1 0 1 0 1 0 0 0 0 0 0 0 1
400	75	1 1 0 0 1 1 1 0 1 1 0 1 0 0 0 0 0 0 0 0
400	13	1 1 0 0 0 0 1 0 0 1 0 1 0 0 0 0 0 0 0 0
400	18	1 1 0 0 1 1 1 0 0 1 0 0 0 0 0 0 0 0 0 0
400	26	1 1 1 1 1 1 1 0 0 1 1 0 0 0 0 0 0 0 0 0
400	1	1 1 0 0 0 1 1 1 0 0 0 0 0 0 0 0 0 0 0 0
400	6	1 1 1 1 0 0 1 1 0 0 0 1 0 0 0 1 0 0 0 0
400	3	1 1 0 0 1 0 0 0 0 1 0 0 0 0 0 1 0 0 0 0
400	5	1 1 0 0 0 0 1 0 0 1 0 1 1 0 0 0 0 0 0 0
400	5	1 1 0 1 1 0 0 1 1 0 0 0 1 0 0 0 0 0 0 0
400	4	1 1 0 0 1 1 0 0 0 1 0 0 0 0 0 0 0 0 0 0
400	1	1 1 1 1 0 1 1 0 0 0 1 0 0 0 0 0 0 0 0 0
400	4	1 1 0 0 0 1 1 1 0 0 0 0 1 0 0 1 0 0 0 0
400	3	1 0 0 0 0 0 1 0 0 1 0 1 1 0 0 0 0 0 0 0
400	5	1 1 1 0 0 1 1 0 0 1 0 0 0 0 0 0 0 0 0 0
400	8	1 1 1 1 0 1 1 1 0 1 1 1 0 0 0 0 0 0 0 0
400	3	1 1 1 1 1 1 1 0 0 0 0 0 0 1 0 1 0 0 0 0
400	12	1 1 0 0 1 1 1 0 0 1 0 0 0 0 0 1 0 0 0 0
400	10	1 1 0 0 0 1 1 0 0 1 0 1 1 0 0 0 0 0 0 1
400	4	1 0 1 0 0 1 1 0 0 1 0 0 0 0 0 0 0 0 0 0
400	9	1 1 0 0 0 0 1 0 0 1 0 1 0 0 1 1 0 0 0 0
400	5	1 1 0 0 0 1 1 1 0 0 0 0 1 0 1 1 0 0 0 0
400	2	1 1 0 0 0 1 1 0 0 1 0 0 0 0 0 1 0 0 0 0
400	6	1 1 1 0 0 0 1 0 1 1 0 1 0 0 0 0 0 0 0 0
400	5	1 0 0 0 0 1 1 0 0 1 0 0 0 1 0 0 0 0 0 0
400	9	1 1 0 0 1 0 1 0 0 0 0 0 0 0 0 0 0 0 0 0
400	32	1 1 1 1 0 1 1 0 0 1 0 0 0 1 0 0 0 0 0 1
400	11	1 1 0 0 0 1 1 1 0 1 0 0 0 0 0 0 0 0 0 0
400	9	1 0 0 0 0 1 1 1 0 0 0 0 0 1 1 0 0 0 0 0
400	1	1 1 0 0 1 1 1 1 0 0 0 0 0 0 0 0 0 0 0 0
400	1	1 1 0 1 0 1 1 0 0 1 0 0 0 1 0 0 0 0 0 0
400	19	1 1 0 0 1 1 1 1 0 1 0 1 0 0 0 0 0 0 0 0
400	6	0 1 0 0 0 1 1 0 0 1 0 0 0 0 0 0 0 0 0 0
400	2	1 1 0 0 0 1 1 1 0 0 1 0 0 0 0 0 0 0 0 0
400	3	1 1 1 1 0 1 1 0 0 1 1 1 0 0 0 0 0 0 0 0
400	11	1 1 0 0 0 0 1 0 0 1 1 1 0 0 0 0 0 1 0 0
400	32	1 1 0 0 0 1 1 1 1 1 0 1 0 0 0 0 0 0 0 1
400	9	1 1 0 0 0 1 1 0 0 1 0 1 0 0 0 0 0 1 0 0
400	7	1 1 0 0 1 1 0 0 0 1 0 0 0 1 0 0 0 0 0 0
400	10	1 0 0 0 0 0 1 1 0 1 0 1 1 0 0 0 0 0 0 0
400	1	1 0 1 0 0 1 1 0 0 0 0 0 0 1 0 1 0 0 0 0
400	2	1 0 1 0 0 1 1 0 0 1 1 0 0 0 0 0 0 0 0 0
400	1	1 1 0 1 0 1 1 0 1 1 0 0 0 0 0 0 0 0 0 0
400	1	1 1 1 1 0 0 0 1 0 0 0 1 0 0 0 1 0 0 0 0
400	12	1 1 0 0 1 0 1 0 0 0 0 0 0 0 1 0 0 0 0 0
400	7	1 1 0 0 0 0 1 0 0 0 1 1 0 0 0 0 0 1 0 0
400	27	1 1 1 1 0 1 1 1 1 1 1 0 0 0 0 0 0 0 0 0
400	4	0 1 0 0 1 1 1 0 0 1 0 0 0 0 0 1 0 0 0 0
400	7	1 1 0 0 0 0 1 0 0 1 1 1 0 0 0 0 0 0 0 0
400	1	1 1 0 0 1 0 0 0 0 1 0 0 0 1 0 0 0 1 0 0
400	12	1 1 0 0 1 0 0 1 0 1 0 0 0 0 0 1 0 0 0 0
400	9	1 1 0 0 1 1 1 0 0 1 0 0 0 0 0 1 0 0 1 0
400	22	1 1 0 0 1 0 1 0 0 1 0 0 0 0 0 0 0 0 0 0
400	4	1 1 0 0 0 1 1 0 0 1 1 0 0 0 0 0 0 0 0 0
400	11	1 1 1 1 1 1 1 0 0 1 1 0 0 0 0 0 1 0 0 0
400	7	1 1 0 1 0 1 1 0 1 1 0 0 0 1 0 0 0 0 0 0
400	4	1 1 0 1 0 0 1 1 0 0 1 1 0 0 0 1 0 0 0 0
400	6	1 1 1 1 0 1 1 1 0 0 0 1 0 0 0 1 0 0 0 0
400	4	1 1 0 0 0 1 1 0 0 1 1 0 1 0 0 0 0 0 0 0
400	5	1 1 1 0 1 0 0 0 0 1 0 0 0 0 0 0 0 0 0 0
400	1	1 1 1 1 1 1 1 0 0 1 1 0 0 0 0 0 0 1 0 0
400	3	0 1 0 0 1 1 1 0 1 1 0 1 1 0 0 0 0 0 0 0
400	5	1 1 0 0 1 0 1 0 0 1 1 0 0 0 0 0 0 0 0 0
400	1	1 1 0 0 1 0 0 0 0 1 0 0 0 0 0 0 1 0 0 0
400	3	1 1 0 0 0 0 1 0 0 0 0 1 1 0 0 0 0 0 0 0
400	3	1 1 0 0 0 0 1 1 0 0 0 0 1 0 0 1 0 0 0 0
400	3	1 0 0 0 0 1 1 0 0 1 0 1 0 1 0 0 0 0 0 0
400	1	1 1 1 1 0 0 1 1 0 0 1 0 0 0 0 0 0 0 0 0
400	9	1 1 0 0 0 1 1 0 1 1 0 0 0 0 0 0 0 0 0 0
400	2	1 1 0 0 1 1 1 0 1 1 0 1 0 0 0 0 0 0 1 0
400	7	1 1 0 0 0 1 1 1 0 1 0 0 0 0 0 0 0 1 0 0
400	3	1 1 0 0 1 0 1 0 0 1 1 1 0 0 0 0 0 0 0 0
400	2	1 1 1 1 0 1 1 1 0 1 1 1 1 0 0 0 1 0 0 0
400	5	1 1 1 1 0 1 1 0 0 1 1 1 0 0 0 0 0 0 1 1
400	1	1 1 0 0 0 1 1 0 0 1 0 0 0 0 0 0 0 0 0 1
400	2	1 1 0 0 0 1 1 0 1 1 0 1 0 0 0 0 0 0 0 0
400	6	1 1 0 0 1 1 1 0 1 1 0 1 0 0 0 1 0 0 0 0
400	3	0 1 0 0 1 1 1 0 1 1 0 1 0 0 0 0 0 0 0 0
400	7	0 1 0 0 1 1 0 0 0 1 0 0 0 0 0 0 0 0 0 0
400	3	1 1 0 0 1 0 1 0 0 0 1 0 0 0 0 0 0 0 0 0
400	3	1 1 1 1 0 1 1 0 0 0 1 1 1 0 0 0 0 0 0 0
400	4	1 1 0 0 0 1 1 0 0 1 1 1 0 0 0 0 0 1 0 0
400	1	1 1 0 1 0 0 1 0 0 1 0 1 0 0 0 0 0 0 0 0
400	3	0 1 0 0 1 1 1 0 1 1 0 1 1 0 1 0 0 0 0 0
400	5	1 1 0 0 1 0 0 0 0 1 0 1 0 0 0 0 0 0 0 0
400	1	1 0 0 0 0 0 1 0 0 1 1 1 0 0 0 0 0 0 0 0
400	3	1 1 0 0 0 1 1 0 1 1 0 0 1 0 0 1 0 0 0 0
400	3	1 0 0 0 0 0 1 0 0 1 1 1 0 0 0 0 0 1 0 0
400	2	1 1 0 0 1 0 0 1 0 1 0 0 0 0 0 1 0 0 0 1
400	2	0 1 0 0 1 1 1 0 1 1 0 1 1 0 0 0 0 0 1 0
400	5	0 1 0 0 1 1 1 0 1 1 0 1 1 0 0 0 0 1 0 0
400	6	1 1 0 1 1 0 1 0 0 1 1 0 0 0 0 0 0 0 0 0
400	2	1 1 0 0 1 1 1 0 1 1 0 1 0 0 0 0 0 0 0 1
400	3	1 1 0 0 1 0 1 0 0 0 0 0 0 0 0 0 1 0 0 0
400	2	1 1 1 1 0 0 0 0 0 1 0 0 0 0 0 0 0 0 0 0
400	7	1 1 0 0 0 1 1 1 1 1 0 1 0 0 0 1 0 0 0 0
400	1	1 1 0 0 1 0 0 0 1 1 0 0 0 0 0 0 0 0 0 0
400	1	1 1 0 1 1 0 0 1 0 0 0 0 1 0 0 0 0 0 0 0
400	1	1 1 0 0 1 0 1 0 0 0 0 1 0 0 0 0 0 0 0 0
400	3	0 1 0 0 0 1 1 1 0 1 0 0 0 1 0 0 0 0 0 0
400	3	1 1 0 0 0 1 1 0 0 1 1 1 0 0 0 0 1 1 0 0
400	1	1 1 1 1 1 1 1 0 0 1 0 0 0 0 0 0 0 0 0 0
400	3	1 1 1 1 0 0 1 0 0 0 0 0 0 0 0 0 0 0 0 0
400	1	1 1 0 0 0 1 1 0 0 1 0 0 1 0 0 0 0 0 0 0
400	4	1 1 0 0 1 0 0 0 0 1 0 0 0 0 1 0 0 0 0 0
400	2	1 1 0 0 1 0 0 1 0 1 0 0 0 0 0 0 0 0 0 0
400	2	1 0 0 0 0 0 1 0 0 1 0 1 1 0 0 0 0 1 0 0
400	3	1 0 0 0 0 0 1 0 0 1 0 1 1 0 0 1 0 0 0 0
400	3	1 1 0 1 1 0 1 0 0 0 0 0 0 0 0 0 0 0 0 0
400	1	1 1 0 0 0 0 1 0 0 1 1 1 0 0 0 0 0 1 1 0
400	1	1 0 1 0 0 0 1 0 0 1 1 0 0 0 0 0 0 0 0 0
400	2	1 1 0 1 0 1 1 0 1 1 0 1 0 1 0 0 0 0 0 0
400	2	1 1 0 0 1 0 1 0 0 0 0 0 0 0 0 0 1 0 1 0
400	1	1 1 0 0 1 0 0 0 0 1 0 1 1 0 0 0 0 0 0 0
400	2	1 1 0 0 1 0 1 0 1 1 0 1 0 0 0 0 0 0 0 0
400	1	1 1 0 0 1 1 1 0 1 1 0 1 1 0 0 0 0 0 0 0
400	1	1 1 1 1 1 1 1 0 0 1 1 1 0 0 0 0 0 0 0 0
400	1	1 0 0 0 0 0 1 0 0 1 0 0 0 0 0 0 0 0 0 0
400	1	1 0 0 0 0 1 1 0 0 1 0 1 0 0 0 0 0 0 0 1
400	1	1 1 1 1 0 1 1 0 0 1 1 0 0 0 0 0 0 0 0 1
400	1	1 1 1 1 0 1 1 0 0 1 0 0 0 1 0 0 0 1 0 0
400	5	1 1 1 1 0 0 1 1 0 1 1 0 0 0 0 0 0 0 0 0
400	1	1 1 0 0 1 1 1 0 1 1 0 1 0 0 1 0 0 0 0 0
400	1	1 1 0 1 1 1 1 0 0 1 0 0 0 0 0 0 0 0 0 0
400	2	1 1 0 1 1 0 0 1 1 0 0 1 1 0 0 0 0 0 0 0
400	1	1 0 1 0 0 1 1 1 0 1 0 0 0 0 0 0 0 0 0 0
400	1	1 1 0 0 0 1 1 1 0 0 0 0 1 0 1 1 0 0 1 0
400	2	1 1 0 0 0 1 1 1 1 0 0 1 0 0 0 0 0 0 0 1
400	2	1 0 0 0 1 0 1 0 0 1 0 0 0 0 0 0 0 0 0 0
400	2	1 0 0 0 1 1 1 0 1 1 0 1 0 0 0 1 0 0 0 0
400	5	0 1 1 0 1 1 1 0 1 1 0 1 1 0 1 0 0 0 0 0
400	1	1 1 0 0 0 0 1 1 0 1 1 1 0 0 0 0 0 1 1 0
400	3	1 1 0 1 0 1 1 0 0 1 0 1 0 1 0 0 0 0 0 0
400	1	1 1 0 0 1 0 1 0 0 0 0 0 0 0 0 1 1 0 1 0
450	6	1 1 0 0 0 1 1 0 0 1 0 0 0 0 0 0 0 0 0 0
450	22	1 1 0 0 0 1 1 0 0 1 0 1 0 0 0 0 0 0 0 0
450	86	1 1 0 0 1 0 0 0 0 1 0 0 0 0 0 0 0 0 0 0
450	68	1 1 0 0 1 1 1 0 1 1 0 1 0 0 0 0 0 0 0 0
450	7	1 1 0 0 1 1 1 0 0 1 0 0 0 0 0 0 0 0 0 0
450	39	1 1 0 0 1 0 1 0 0 0 0 0 0 0 0 0 0 0 0 0
450	38	1 1 0 0 0 1 1 1 0 1 0 0 0 0 0 0 0 0 0 0
450	17	1 1 0 0 1 1 1 1 0 1 0 1 0 0 0 0 0 0 0 0
450	48	1 1 0 0 0 1 1 1 1 1 0 1 0 0 0 0 0 0 0 1
450	36	1 1 0 0 1 0 1 0 0 1 0 0 0 0 0 0 0 0 0 0
450	48	1 1 0 0 0 1 1 1 0 1 0 0 0 0 0 0 0 1 0 0
450	4	1 1 0 0 1 1 1 0 1 1 0 1 1 0 0 0 0 0 0 0
450	29	0 1 0 0 1 0 0 0 0 1 0 0 0 0 0 0 0 0 0 0
450	8	1 1 0 0 1 1 1 0 1 1 0 1 0 0 1 1 0 0 0 0
450	21	1 1 0 1 1 0 0 1 1 0 0 1 1 0 0 1 0 0 0 0
450	43	1 1 0 0 0 0 1 1 0 1 0 1 1 0 0 0 0 0 0 0
450	26	1 0 0 0 0 1 1 1 0 0 0 0 1 1 1 0 0 0 0 0
450	8	1 0 0 0 1 0 0 0 0 1 0 0 0 0 0 0 0 0 0 0
450	5	1 1 0 0 1 0 0 0 0 1 0 0 0 0 0 0 0 1 0 0
450	9	1 1 0 0 0 1 1 0 1 1 0 1 0 0 1 1 0 0 0 0
450	27	1 1 1 0 1 0 1 0 0 0 0 0 0 0 0 0 0 0 0 0
450	7	1 0 0 0 1 1 1 1 0 1 0 1 0 0 0 0 0 0 0 0
450	9	1 1 0 0 1 0 0 0 0 1 0 0 0 0 0 1 0 0 0 0
450	22	1 0 0 0 1 0 0 0 0 1 0 0 0 0 0 1 0 0 1 0
450	10	1 1 1 0 1 0 0 0 0 1 0 0 0 0 0 1 0 0 0 0
450	6	0 1 0 0 0 1 1 1 1 1 0 1 0 0 0 1 0 0 0 0
450	1	1 1 1 0 1 0 0 0 0 1 0 0 0 0 0 0 0 0 1 0
450	12	0 1 0 0 1 0 0 0 0 0 0 0 1 0 0 1 0 0 0 0
450	1	0 0 0 0 1 0 0 0 0 1 0 0 0 0 0 0 0 0 0 0
450	19	1 1 0 0 0 1 1 1 0 1 0 1 0 0 0 0 0 0 0 0
450	3	1 0 0 0 0 1 1 0 0 1 0 0 0 0 0 0 0 0 0 0
450	5	1 1 1 1 0 1 1 0 1 1 0 0 0 1 0 0 0 0 0 0
450	3	1 1 0 0 0 1 1 0 1 1 1 1 0 0 0 0 1 0 0 0
450	16	1 1 0 0 0 1 1 1 1 1 0 1 1 0 0 0 0 0 0 1
450	7	1 1 0 0 1 1 1 0 1 1 0 1 0 0 0 0 0 0 0 1
450	15	1 1 0 0 0 0 1 1 1 0 0 1 1 0 0 1 0 0 0 0
450	6	1 1 1 0 1 1 1 1 0 1 0 1 0 0 0 0 0 0 0 0
450	5	1 1 1 0 0 1 1 0 0 1 0 0 0 1 0 0 0 0 0 0
450	2	1 1 0 0 1 1 0 0 1 1 0 1 0 0 0 0 0 0 0 0
450	5	1 1 0 0 0 1 1 1 0 1 0 0 0 1 0 0 0 0 0 0
450	26	1 1 0 0 0 0 1 1 0 1 0 0 0 0 0 0 0 0 0 0
450	7	1 1 0 0 1 1 1 0 1 0 0 1 0 0 0 1 0 0 0 1
450	6	1 1 1 0 1 0 1 0 0 0 1 0 0 0 0 0 0 0 0 1
450	17	1 1 0 0 1 0 0 0 0 1 0 1 0 0 0 0 0 0 0 0
450	4	1 1 0 0 1 0 1 0 0 1 0 0 0 0 0 0 0 1 0 0
450	11	1 1 0 0 1 1 1 0 1 1 0 1 0 0 0 0 1 1 0 0
450	3	1 1 0 0 0 1 0 0 0 1 0 1 0 0 0 0 0 0 0 0
450	13	1 1 0 0 1 0 0 0 0 0 0 0 0 0 0 0 0 0 0 0
450	1	1 1 0 0 1 0 1 0 0 0 0 0 1 0 0 0 0 0 0 0
450	6	1 1 0 0 1 0 1 0 0 1 0 0 0 0 0 0 0 0 0 1
450	1	0 1 0 0 1 0 0 0 1 1 0 1 0 0 0 0 0 0 0 0
450	7	1 1 0 0 0 0 1 1 0 0 0 0 0 0 0 0 0 0 0 0
450	2	1 1 0 0 0 0 1 1 1 1 0 1 1 0 0 0 0 0 0 0
450	2	1 1 0 0 1 1 0 0 0 1 0 0 0 0 0 0 0 1 0 0
450	5	1 0 0 0 0 1 1 1 1 1 0 1 0 0 1 1 0 0 0 0
450	2	1 1 0 0 1 1 1 1 0 1 0 1 0 1 1 0 0 0 0 0
450	1	0 1 0 0 1 0 0 0 1 1 0 0 0 0 0 0 0 0 0 0
450	1	1 0 0 0 0 1 1 1 0 0 0 0 1 1 1 0 0 0 0 1
450	6	0 1 0 0 1 0 0 0 0 1 0 1 0 0 0 0 0 0 0 0
450	2	1 1 0 0 1 0 1 0 0 1 0 0 0 0 1 0 0 0 0 0
450	4	1 1 0 0 0 1 1 1 0 1 0 1 1 0 0 0 1 1 0 0
450	2	1 1 0 0 1 1 1 1 0 0 0 1 0 0 0 0 0 0 0 0
450	2	1 1 0 0 1 1 1 0 0 1 0 1 0 0 0 0 0 0 0 0
450	2	1 1 0 0 0 0 1 1 0 1 0 1 1 1 0 0 0 0 0 0
450	2	1 0 0 0 1 1 1 1 0 0 0 0 1 1 1 0 0 0 0 0
450	8	1 1 0 0 0 1 1 1 0 1 0 1 0 0 0 1 1 1 0 0
450	3	0 1 0 0 1 0 0 0 0 0 0 0 1 0 0 1 0 1 0 0
450	3	1 1 0 0 0 1 1 1 1 1 0 1 0 0 0 0 0 0 0 0
450	4	1 1 0 1 1 0 1 0 1 1 0 1 0 0 0 0 0 0 0 0
450	4	1 1 0 0 1 0 0 0 0 1 0 0 1 0 0 0 0 0 0 0
450	3	1 1 0 0 1 0 1 0 0 0 0 0 0 0 0 0 0 1 0 0
450	3	1 1 0 0 0 1 1 1 1 1 1 1 0 0 0 0 0 0 0 1
450	1	1 1 0 0 0 1 1 1 1 1 0 1 0 0 0 0 0 0 1 1
450	2	1 1 1 0 1 0 1 0 0 0 0 0 0 0 0 0 0 0 1 0
450	2	1 1 0 0 1 1 1 0 1 1 1 1 0 0 0 0 0 0 0 0
450	2	0 1 1 0 1 0 0 0 0 1 0 0 0 0 0 0 0 0 0 0
450	6	1 1 0 0 1 1 0 0 1 0 0 1 0 0 0 1 0 0 0 0
450	6	1 1 1 0 1 0 1 0 0 0 0 1 0 0 0 0 0 0 0 0
450	1	1 0 0 0 1 0 0 0 0 1 0 0 0 0 0 1 1 0 1 0
450	1	1 0 0 0 0 1 1 1 0 1 0 0 0 0 0 0 0 1 1 0
450	8	1 1 1 0 1 1 0 0 0 1 0 0 0 0 0 0 0 1 0 0
450	1	1 1 0 0 1 0 0 1 0 1 0 1 0 0 0 1 1 1 0 0
450	2	1 1 0 1 1 0 0 1 1 0 0 1 1 0 0 0 0 0 0 0
450	2	1 1 1 0 0 1 1 0 0 1 0 0 0 0 0 0 0 0 0 1
450	6	1 1 1 0 1 1 1 0 1 1 0 1 0 0 0 0 1 1 0 0
450	4	0 1 0 0 0 1 1 1 1 1 0 1 0 0 0 0 0 0 0 0
450	1	1 1 0 0 0 1 1 1 0 1 1 0 0 0 0 0 0 0 0 0
450	7	0 1 0 0 0 1 1 1 0 1 0 0 0 0 0 0 0 1 0 0
450	1	1 1 0 0 1 0 1 0 0 1 0 0 0 0 1 0 0 0 0 1
450	1	1 1 0 0 1 0 1 0 0 0 0 0 0 0 0 0 0 0 0 1
450	2	1 1 0 0 0 1 1 1 1 1 0 0 0 0 0 0 0 0 0 0
450	2	1 0 0 0 1 0 1 0 0 0 0 0 0 0 0 0 0 0 0 0
450	2	1 1 1 0 0 1 1 1 1 1 0 1 0 0 0 0 0 0 0 1
450	3	0 1 0 0 1 1 0 0 0 1 0 0 0 0 0 0 0 0 0 0
450	2	1 1 0 0 1 0 1 1 0 1 0 1 1 0 0 0 0 0 0 0
450	3	0 1 1 0 1 0 1 0 0 0 0 0 0 0 0 0 0 0 0 0
450	3	1 1 0 0 1 1 1 0 0 1 0 0 0 0 0 0 0 1 0 0
450	1	1 1 0 0 0 1 1 0 0 1 0 0 0 0 0 0 0 1 0 0
450	1	1 1 0 0 1 0 0 0 1 1 0 1 1 0 0 0 0 0 0 0
450	1	1 1 0 0 1 0 1 0 0 1 0 0 1 1 1 0 0 0 0 0
450	2	1 1 0 0 0 1 1 1 1 0 0 1 0 0 0 0 0 0 0 1
450	3	1 1 0 0 1 0 1 0 0 1 0 0 0 1 0 0 0 0 0 0
450	1	1 1 0 0 0 0 1 1 0 0 0 1 1 0 0 0 0 0 0 0
450	2	0 1 0 0 1 0 0 0 1 0 0 0 1 0 0 1 0 0 0 0
450	2	1 1 1 0 1 1 1 1 0 1 0 0 0 0 0 0 0 0 0 0
450	1	1 1 0 0 0 1 0 0 0 1 1 1 0 0 0 0 0 0 0 0
450	2	1 1 0 0 1 0 0 0 0 1 0 0 1 1 1 0 1 0 0 1
450	1	1 1 1 0 0 0 1 0 0 0 0 1 0 0 0 0 0 0 0 0
500	10	1 1 0 0 0 1 1 0 0 1 0 0 0 0 0 0 0 0 0 0
500	54	1 1 0 0 0 1 1 0 0 1 0 1 0 0 0 0 0 0 0 0
500	8	1 1 0 0 1 0 0 0 0 1 0 0 0 0 0 0 0 0 0 0
500	56	1 1 0 0 1 1 1 0 1 1 0 1 0 0 0 0 0 0 0 0
500	27	1 1 0 0 1 0 1 0 0 0 0 0 0 0 0 0 0 0 0 0
500	9	1 1 0 0 0 1 1 1 0 1 0 0 0 0 0 0 0 0 0 0
500	32	1 1 0 0 1 1 1 1 0 1 0 1 0 0 0 0 0 0 0 0
500	79	1 1 0 0 1 0 1 0 0 1 0 0 0 0 0 0 0 0 0 0
500	25	0 1 0 0 1 0 0 0 0 1 0 0 0 0 0 0 0 0 0 0
500	22	1 1 0 0 0 1 1 0 1 1 0 1 0 0 1 1 0 0 0 0
500	11	1 1 0 0 0 1 1 1 1 1 0 1 1 0 0 0 0 0 0 1
500	9	1 1 0 0 1 0 1 0 0 1 0 0 0 0 1 0 0 0 0 0
500	27	1 1 0 0 1 1 1 0 0 1 0 1 0 0 0 0 0 0 0 0
500	9	1 1 1 0 1 0 1 0 0 0 0 1 0 0 0 0 0 0 0 0
500	8	1 1 0 0 1 0 1 0 0 0 0 0 0 0 0 0 0 0 0 1
500	24	0 1 0 0 1 1 0 0 0 1 0 0 0 0 0 0 0 0 0 0
500	10	1 1 1 0 0 0 1 0 0 0 0 1 0 0 0 0 0 0 0 0
500	24	1 1 0 0 0 1 1 1 1 1 0 1 1 0 0 0 0 0 0 0
500	9	1 1 0 0 0 0 0 1 0 1 0 1 1 0 0 0 0 0 0 0
500	57	1 1 0 0 0 1 1 0 1 1 0 1 0 0 0 0 0 0 0 0
500	7	1 1 0 0 0 1 1 1 0 1 0 0 0 0 0 0 0 0 1 0
500	9	1 1 0 0 1 1 1 0 1 1 0 1 0 0 1 1 0 0 0 0
500	1	1 1 0 0 0 0 1 1 1 1 0 0 0 0 0 0 0 0 0 0
500	38	1 1 0 0 1 0 0 0 0 0 0 0 0 0 0 0 1 0 0 0
500	47	1 1 0 0 1 0 0 0 0 0 0 0 0 0 1 1 0 0 0 0
500	19	1 1 0 0 0 0 1 1 1 1 0 1 1 0 0 1 0 0 0 0
500	8	1 1 0 0 1 0 1 0 0 1 0 0 1 0 1 1 0 0 0 0
500	1	0 1 0 0 1 0 1 0 0 0 0 1 0 1 0 1 0 0 0 0
500	4	0 1 0 0 1 0 1 0 0 1 0 0 0 0 0 0 0 0 0 0
500	10	1 1 0 0 0 1 0 1 0 1 0 1 1 0 0 0 0 0 0 0
500	2	0 1 0 0 0 1 1 1 1 1 0 1 0 0 0 0 0 0 0 0
500	10	0 1 0 0 1 0 0 0 0 1 0 0 0 0 0 0 0 0 1 0
500	9	1 1 0 0 1 0 1 0 1 0 0 0 0 0 0 0 0 0 0 0
500	1	0 1 0 0 0 1 1 1 1 1 0 1 0 0 1 1 0 0 0 0
500	13	1 1 0 0 0 1 1 0 0 1 0 0 0 0 1 0 0 0 0 0
500	14	0 1 0 0 1 1 1 0 0 1 0 0 0 0 0 0 0 0 0 0
500	9	1 0 0 0 0 1 1 1 1 1 0 1 1 0 0 0 0 0 0 0
500	5	1 1 0 0 0 1 0 1 0 1 0 1 1 0 0 0 0 0 1 0
500	4	1 1 0 0 0 0 1 1 1 1 0 0 0 0 0 0 0 0 1 0
500	19	1 1 0 0 1 1 1 1 0 1 0 1 0 0 0 0 0 0 0 1
500	20	0 1 0 0 0 1 1 0 0 1 0 1 0 0 0 0 0 0 0 0
500	1	1 1 0 0 1 1 1 0 0 1 0 0 0 0 0 0 0 0 0 0
500	1	1 1 0 0 0 1 1 0 1 1 0 1 1 0 0 0 0 0 0 1
500	3	1 1 0 0 1 1 1 0 0 1 0 1 0 0 0 1 0 0 0 0
500	1	1 1 0 0 0 0 1 1 1 1 0 1 0 0 0 0 0 0 0 0
500	1	1 1 0 0 0 1 1 0 1 1 0 1 0 0 1 1 0 1 0 0
500	17	1 1 0 0 1 0 0 0 0 1 0 1 0 0 0 0 0 0 0 0
500	2	1 1 0 0 1 0 0 1 0 0 0 0 0 0 0 0 0 0 0 0
500	6	0 1 0 0 1 1 0 1 0 1 0 0 0 0 0 0 0 0 0 0
500	2	1 1 0 0 0 0 0 1 1 1 0 0 0 0 0 0 0 0 0 0
500	16	1 1 0 0 1 0 0 0 0 0 0 0 0 0 1 1 0 0 0 1
500	8	0 1 0 0 1 1 1 0 1 1 0 1 0 0 0 0 0 0 0 0
500	9	1 1 0 0 1 1 1 0 0 1 0 1 0 0 1 1 0 1 0 0
500	2	1 1 0 0 1 0 1 0 0 0 0 1 1 0 0 1 0 0 0 0
500	7	1 1 0 0 1 0 1 0 0 1 0 0 0 0 0 0 0 0 1 0
500	7	1 1 0 1 0 1 1 0 1 1 0 1 1 0 1 1 0 0 0 0
500	1	1 1 0 0 1 0 0 1 0 1 0 1 1 1 0 1 0 0 0 0
500	12	1 1 0 0 1 1 1 1 0 1 0 1 0 0 0 1 0 0 0 0
500	3	1 1 0 0 1 0 1 0 1 1 0 0 0 0 0 0 0 0 0 0
500	8	0 1 0 0 0 1 1 0 1 1 0 1 0 0 0 0 0 0 0 0
500	2	1 1 0 0 1 0 0 0 0 0 0 0 0 0 1 1 1 0 0 0
500	3	0 1 0 0 1 0 1 1 1 1 0 1 1 0 0 0 0 0 0 1
500	2	1 1 0 0 0 0 1 1 1 1 0 1 1 0 0 0 0 0 0 1
500	1	1 1 0 0 0 1 1 0 1 1 0 1 0 1 0 0 0 0 0 0
500	3	0 1 0 0 1 0 0 0 0 0 0 0 0 0 0 0 0 0 0 0
500	5	1 0 0 0 1 0 1 0 0 1 0 0 1 1 1 0 0 0 0 1
500	1	1 1 1 0 1 0 1 0 0 1 0 0 1 1 1 0 0 0 0 0
500	2	1 1 0 0 1 0 1 0 0 0 0 1 1 0 0 0 0 0 0 0
500	3	1 1 0 0 0 0 1 1 1 1 0 1 1 0 0 0 0 0 0 0
500	2	1 1 0 0 1 0 1 0 1 1 0 1 1 0 0 0 0 0 0 1
500	5	1 1 0 0 1 0 0 0 0 0 0 0 0 0 0 0 0 0 0 0
500	1	0 1 0 0 1 0 1 1 1 1 0 1 1 0 0 1 0 0 0 0
500	2	1 1 0 0 1 1 1 0 1 0 0 1 0 0 0 0 0 0 0 0
500	3	1 1 0 0 1 1 1 0 1 1 0 1 0 0 0 0 0 0 0 1
500	2	1 1 0 0 0 1 1 1 0 1 0 0 0 0 0 0 0 0 0 1
500	1	1 1 0 0 1 1 1 1 0 1 0 1 0 0 0 0 0 0 1 0
500	4	1 1 0 0 0 1 1 0 1 1 0 1 0 0 1 1 0 0 1 0
500	5	1 1 0 0 0 0 1 0 1 1 0 1 0 0 1 1 0 0 0 0
500	4	0 1 0 0 0 1 1 0 1 1 0 1 0 0 1 1 0 0 0 0
500	2	1 1 0 0 0 1 1 1 0 0 0 0 0 0 0 0 0 0 1 0
500	2	0 1 0 0 0 1 1 1 1 1 0 0 0 0 0 0 0 0 0 0
500	1	1 1 0 0 0 1 0 0 1 1 0 1 1 0 0 0 0 0 0 1
500	2	0 1 0 0 0 1 1 1 0 0 0 1 0 0 0 0 0 0 0 0
500	1	1 1 1 0 1 0 1 0 0 0 0 0 0 0 0 0 0 0 0 0
500	1	1 1 0 0 1 0 1 0 0 1 0 0 0 1 0 0 0 0 0 0
500	2	1 1 0 0 1 0 1 0 0 1 0 0 0 0 0 0 1 0 0 0
500	4	0 1 0 0 0 1 1 0 0 1 0 1 0 0 0 0 0 1 0 0
500	2	1 1 0 0 1 0 0 1 0 1 0 1 0 0 0 0 0 0 0 0
500	1	0 0 0 0 1 1 0 1 1 1 0 0 0 0 0 0 0 0 0 0
500	7	1 1 0 0 0 1 1 1 1 1 0 1 1 0 0 1 0 0 0 0
500	6	1 1 0 0 0 1 1 1 1 1 0 0 0 0 0 0 0 0 0 0
500	4	0 1 0 0 1 1 0 1 1 1 0 0 0 0 1 1 0 1 0 0
500	2	1 1 0 0 0 1 1 0 0 1 0 1 0 0 0 0 0 0 0 1
500	1	1 1 0 0 1 0 1 0 0 1 0 0 0 0 0 1 0 0 0 0
500	2	1 1 0 1 0 1 1 0 1 1 0 1 0 0 1 1 0 0 0 0
500	1	1 1 0 0 1 0 0 0 0 0 0 0 0 0 1 1 0 0 1 0
500	1	1 1 0 0 0 0 1 1 0 1 0 1 1 0 0 1 0 0 0 0
500	4	1 1 0 0 1 0 1 0 0 1 0 1 0 0 0 1 0 0 0 0
500	1	1 1 0 0 1 0 0 0 0 1 0 1 0 0 1 0 0 0 0 0
500	4	1 1 0 0 0 1 1 1 0 0 0 0 0 0 1 0 0 0 1 0
500	2	1 1 0 0 1 0 1 0 0 1 0 1 0 0 0 0 0 0 0 1
500	1	0 1 1 0 0 0 1 0 0 0 0 1 0 0 0 0 0 0 0 0
500	4	0 1 0 0 1 0 1 0 0 0 0 0 0 0 0 0 0 0 0 0
500	2	1 0 0 0 0 1 1 0 0 1 0 1 0 0 0 0 0 0 0 0
500	1	1 1 0 0 1 1 1 0 1 1 0 1 0 0 0 1 0 0 0 0
500	1	1 1 0 0 1 1 1 1 0 1 0 1 0 1 0 0 0 0 0 0
500	6	0 1 0 0 0 1 1 1 1 1 0 1 1 0 0 0 0 0 0 1
500	1	1 0 0 0 0 1 1 1 1 1 1 1 1 0 0 0 0 0 0 0
500	2	1 1 0 0 1 0 0 0 0 1 0 1 0 0 0 0 0 1 0 0
500	1	1 1 0 0 1 0 0 0 0 0 0 1 1 0 0 0 0 0 0 0
500	1	1 1 0 0 0 0 1 0 1 1 0 1 0 0 0 0 0 0 0 0
500	1	1 1 0 0 0 0 1 1 0 1 0 0 0 0 0 0 0 0 0 0
500	1	0 1 0 0 1 1 0 1 1 1 0 1 0 0 0 0 0 0 0 1
500	1	1 1 1 0 1 1 1 1 0 1 0 1 0 0 0 0 0 0 0 0
500	2	0 0 0 0 1 1 0 0 0 1 0 0 0 0 0 0 0 0 0 0
500	1	1 1 0 0 1 0 0 0 0 0 0 0 0 0 0 1 0 0 0 0
500	2	1 0 0 1 0 1 1 1 1 1 0 1 1 0 0 0 0 0 0 0
500	1	1 1 0 0 0 1 1 0 1 0 0 1 1 0 0 0 0 0 0 1
