0	48	0 0 0 0 1 1 0 0 0 0 0 0 1 1 0 0 0 0 0 0
0	53	0 0 0 0 0 1 1 0 0 0 1 0 0 0 0 0 0 0 1 0
0	51	1 0 0 1 0 0 0 1 0 0 0 0 0 0 1 0 1 0 0 1
0	48	0 0 1 0 0 0 0 1 0 0 1 1 0 0 1 1 1 0 1 0
50	90	1 0 0 1 0 0 0 1 0 0 0 0 0 0 1 0 1 0 0 1
50	2	0 0 1 0 0 0 0 1 0 0 1 1 0 0 1 1 1 0 1 0
50	4	0 0 0 1 0 0 0 1 0 0 0 0 0 0 1 0 1 0 0 1
50	4	1 0 0 1 0 0 0 1 0 0 0 0 0 0 0 0 1 0 0 1
50	1	1 1 0 1 0 0 0 1 0 0 0 0 0 0 1 0 1 0 0 1
50	1	1 0 0 1 0 0 0 1 1 0 0 0 0 0 1 0 1 0 0 1
50	3	0 0 1 0 0 0 0 1 0 0 1 1 1 0 1 0 1 0 0 1
50	4	1 0 0 0 0 0 0 1 0 0 0 0 0 0 1 0 1 0 0 1
50	1	1 0 0 1 0 0 0 1 0 0 0 0 0 0 1 0 1 0 1 0
50	1	1 0 0 1 0 0 0 1 0 0 0 0 0 0 1 0 1 0 1 1
50	1	0 0 1 0 0 1 0 1 0 0 1 1 0 0 1 1 1 0 1 0
50	4	1 0 0 1 0 1 0 1 0 0 0 0 0 0 1 0 1 0 0 1
50	5	1 0 1 1 0 0 0 1 0 0 0 0 0 0 1 0 1 0 1 0
50	3	0 0 1 0 0 0 0 1 0 0 0 0 0 0 1 0 1 0 0 1
50	2	0 0 0 0 0 1 1 0 0 0 0 0 0 0 0 0 0 0 1 0
50	5	1 0 0 1 0 0 1 1 0 0 0 0 0 0 1 0 1 0 0 1
50	1	1 0 0 1 0 0 0 0 0 0 0 0 0 0 1 0 1 0 0 1
50	2	1 0 0 1 1 0 0 1 0 0 0 0 1 0 1 0 1 0 0 1
50	5	1 0 0 1 0 0 0 1 0 0 0 0 0 1 1 0 1 0 0 1
50	11	0 0 0 1 0 1 1 0 0 0 1 0 0 0 1 0 1 0 0 1
50	1	1 0 0 1 0 0 0 1 0 0 0 0 0 0 1 0 0 0 0 1
50	2	1 0 0 1 0 0 0 1 0 0 0 0 0 0 1 0 1 0 0 0
50	4	1 0 1 1 0 0 0 1 0 0 0 0 0 0 1 0 1 0 0 1
50	4	1 0 0 1 0 0 0 1 0 0 1 0 0 0 1 0 1 0 0 1
50	3	0 0 0 0 0 1 1 0 0 0 1 0 1 1 0 0 0 0 0 0
50	1	0 0 1 0 0 1 0 1 0 0 0 0 0 0 1 0 1 0 0 1
50	3	1 0 0 1 0 0 0 1 0 0 0 0 0 0 1 1 1 0 0 0
50	1	1 0 0 1 0 0 0 1 1 0 1 1 0 0 1 1 1 0 1 1
50	1	1 0 0 1 0 0 0 1 0 0 0 0 1 1 0 1 1 0 1 0
50	2	0 0 0 1 0 0 1 1 0 0 0 0 0 0 1 0 1 0 0 1
50	4	1 0 0 1 1 0 0 1 0 0 0 0 1 1 1 0 1 0 0 1
50	3	1 0 0 1 0 1 0 1 0 0 0 1 0 0 1 0 1 0 0 0
50	1	0 0 0 0 0 1 1 0 0 0 1 0 1 0 1 0 1 0 0 1
50	3	1 0 0 1 0 0 0 1 0 0 0 0 0 0 1 0 1 1 0 0
50	2	1 0 0 1 0 0 0 1 0 0 0 0 0 0 1 0 1 1 0 1
50	2	0 0 1 0 0 1 0 1 0 0 0 1 1 0 1 0 1 0 0 1
50	1	1 0 0 1 0 0 0 1 0 1 0 0 0 0 0 1 1 0 0 1
50	1	1 0 0 1 1 0 0 1 0 0 0 0 0 0 1 0 1 0 0 1
50	1	1 0 0 1 0 0 0 0 0 1 0 0 1 0 0 0 0 1 1 0
50	1	1 0 0 1 0 0 0 1 0 0 0 0 0 0 1 1 1 0 1 0
50	1	0 0 1 1 0 0 0 1 0 0 0 0 0 0 1 0 1 0 0 1
50	1	1 0 0 0 0 1 1 0 0 0 0 0 0 0 0 0 0 0 1 0
50	2	0 0 0 0 0 1 1 0 0 0 0 0 0 0 1 0 1 0 0 1
50	1	0 1 0 0 0 1 1 0 0 0 0 0 0 0 0 0 0 0 1 0
50	1	1 0 0 1 0 0 0 1 0 0 0 0 1 1 0 1 1 0 1 1
50	1	1 0 0 1 1 0 0 1 0 0 0 0 0 1 1 0 1 0 0 1
50	2	1 0 0 1 0 0 0 0 0 0 1 0 0 0 1 0 1 0 0 1
100	44	1 0 0 1 0 0 0 1 0 0 0 0 0 0 1 0 1 0 0 1
100	2	0 0 0 1 0 0 0 1 0 0 0 0 0 0 1 0 1 0 0 1
100	10	1 0 0 1 0 0 0 1 0 0 0 0 0 0 0 0 1 0 0 1
100	1	0 0 1 0 0 0 0 1 0 0 0 0 0 0 1 0 1 0 0 1
100	11	1 0 0 1 0 0 1 1 0 0 0 0 0 0 1 0 1 0 0 1
100	2	1 0 1 1 0 0 0 1 0 0 0 0 0 0 1 0 1 0 0 1
100	15	1 0 0 1 0 0 0 1 0 0 1 0 0 0 1 0 1 0 0 1
100	4	1 0 0 1 1 0 0 1 0 0 0 0 1 1 1 0 1 0 0 1
100	1	1 0 1 0 0 0 0 1 0 0 0 0 0 0 1 0 1 0 0 1
100	3	1 0 0 1 1 0 0 1 0 0 0 0 0 0 1 0 1 0 0 1
100	3	0 0 0 1 0 0 0 1 0 0 0 0 0 1 1 0 1 0 0 1
100	7	1 0 0 1 0 0 0 1 0 0 0 1 0 0 1 0 1 0 0 1
100	2	1 0 0 1 0 1 1 1 0 0 0 0 0 0 1 0 1 0 0 1
100	2	0 0 1 0 0 0 0 0 0 0 0 0 0 0 1 0 1 1 0 1
100	1	1 0 1 1 0 0 0 0 0 0 0 0 0 0 1 0 1 0 1 1
100	4	1 0 0 1 0 0 0 0 0 0 1 0 0 0 1 0 1 0 0 1
100	6	1 0 0 1 0 0 1 1 1 0 0 0 0 0 1 0 1 0 0 1
100	1	1 0 0 1 1 1 0 1 0 0 0 0 0 1 1 0 1 0 0 1
100	3	1 0 0 1 0 0 0 1 0 0 0 0 0 0 1 0 1 0 0 0
100	5	1 0 0 1 0 0 0 1 0 0 0 0 0 1 1 0 1 0 0 1
100	1	1 0 0 0 0 0 0 1 0 0 0 0 0 0 0 0 1 0 0 1
100	1	1 0 0 1 0 0 0 1 0 0 1 1 0 0 1 0 1 0 0 1
100	1	1 0 0 1 1 0 0 1 0 0 0 0 0 0 1 0 1 0 0 0
100	2	1 0 0 0 0 0 0 1 0 0 0 0 1 0 1 1 1 0 0 1
100	3	1 0 0 1 0 1 0 1 0 0 0 0 0 0 1 0 1 0 0 1
100	3	1 0 0 1 1 1 0 1 0 1 0 0 0 0 1 0 1 0 0 1
100	2	1 0 0 1 0 0 1 1 0 0 0 0 0 0 1 0 1 1 0 1
100	1	0 1 0 1 0 1 0 1 0 0 0 0 0 0 1 0 1 0 0 1
100	1	1 0 0 0 0 0 0 1 0 0 0 0 0 1 1 0 1 0 0 1
100	10	1 0 1 1 0 0 0 0 0 0 1 0 0 0 1 1 1 0 0 1
100	3	1 1 0 1 0 1 0 1 0 0 0 0 0 0 1 0 1 0 0 1
100	1	1 0 0 1 0 1 1 0 0 0 1 0 0 0 1 0 1 0 0 0
100	2	1 0 0 0 1 0 0 1 0 0 0 0 0 0 1 0 1 0 0 1
100	2	1 0 1 1 0 0 0 1 0 0 0 0 1 0 1 0 1 1 0 0
100	1	1 0 0 0 0 0 0 1 0 1 0 0 0 0 1 0 1 0 0 1
100	3	1 0 0 1 0 0 0 0 0 0 0 0 0 0 1 0 1 0 1 1
100	1	1 0 0 1 0 0 0 1 0 0 0 0 0 0 1 1 1 0 0 1
100	1	1 0 0 1 0 1 0 1 0 0 0 1 0 0 1 0 0 0 1 1
100	6	1 0 1 1 1 0 0 1 0 0 0 0 1 1 1 0 1 0 0 1
100	1	1 0 0 1 0 1 1 1 0 1 0 0 0 0 1 0 1 1 1 0
100	2	0 0 0 0 0 0 0 1 0 0 0 0 0 0 1 0 1 0 0 1
100	2	1 0 0 1 0 0 0 1 0 0 0 0 0 0 1 0 1 0 1 1
100	5	1 0 0 1 0 1 0 1 0 0 1 0 0 0 1 0 1 0 0 1
100	2	1 0 1 0 0 0 0 1 0 0 0 0 1 0 1 1 1 0 0 1
100	1	0 0 1 0 0 0 0 1 0 0 1 0 0 1 1 0 1 0 0 1
100	2	1 0 0 1 0 0 0 1 0 0 0 0 0 0 1 0 0 0 0 1
100	2	1 1 0 1 0 0 0 1 0 0 0 0 0 0 1 0 1 0 0 1
100	2	1 0 1 1 0 0 0 1 0 0 0 0 0 0 1 0 1 1 0 1
100	1	1 0 0 1 0 0 1 1 1 0 0 0 0 0 1 0 0 0 0 1
100	1	0 0 0 1 0 0 1 0 0 0 1 0 0 0 1 1 1 0 0 1
100	1	1 0 0 1 1 1 0 1 0 0 0 0 0 0 1 0 1 0 0 0
100	2	1 0 0 0 0 0 0 1 0 0 0 1 0 0 1 0 1 0 0 1
100	2	0 0 1 0 0 0 0 1 0 0 1 0 0 0 1 1 1 0 0 1
100	1	1 0 0 0 1 0 0 1 0 0 0 0 0 0 1 0 1 0 0 0
100	1	0 0 0 0 0 1 0 1 0 0 0 0 0 0 1 0 1 0 0 1
150	18	1 0 0 1 0 0 0 1 0 0 0 0 0 0 1 0 1 0 0 1
150	2	1 0 0 1 0 0 1 1 0 0 0 0 0 0 1 0 1 0 0 1
150	14	1 0 1 1 0 0 0 1 0 0 0 0 0 0 1 0 1 0 0 1
150	3	1 0 0 1 1 0 0 1 0 0 0 0 0 0 1 0 1 0 0 1
150	2	1 0 0 1 0 1 1 1 0 0 0 0 0 0 1 0 1 0 0 1
150	4	1 0 0 1 0 0 1 1 1 0 0 0 0 0 1 0 1 0 0 1
150	3	1 0 0 1 0 1 0 1 0 0 0 0 0 0 1 0 1 0 0 1
150	1	1 0 0 1 0 0 1 1 0 0 0 0 0 0 1 0 1 1 0 1
150	3	1 0 0 1 0 0 0 1 0 0 0 0 0 0 1 1 1 0 0 1
150	4	1 0 0 1 0 0 1 0 0 0 0 0 0 0 1 0 1 0 0 1
150	4	1 0 0 1 0 0 0 1 0 0 0 0 0 0 1 0 1 0 1 1
150	7	0 0 1 0 0 0 0 1 0 0 1 0 0 1 1 0 1 0 0 1
150	1	1 1 0 1 0 0 0 1 0 0 0 0 0 0 1 0 1 0 0 1
150	1	1 0 0 0 0 0 0 1 1 0 0 0 0 0 1 0 1 0 0 1
150	10	1 0 1 1 0 1 1 1 0 0 0 0 0 0 1 0 1 0 0 1
150	3	1 0 0 1 0 1 1 1 0 0 0 0 0 0 1 0 0 0 0 1
150	2	1 0 0 1 1 0 0 1 0 0 0 0 0 1 1 0 1 0 0 1
150	2	1 0 1 1 1 0 0 1 0 0 0 0 0 0 1 0 1 0 0 1
150	1	1 0 0 1 1 0 0 1 0 0 0 0 0 0 1 1 1 0 0 1
150	2	1 0 0 0 0 0 0 1 0 0 0 0 0 0 1 0 1 0 0 1
150	7	0 0 1 0 0 0 0 1 0 0 0 0 0 0 1 0 1 1 0 1
150	2	1 0 1 0 0 0 0 1 0 0 0 0 1 0 1 0 1 0 0 1
150	6	1 0 1 1 0 0 0 1 0 0 0 0 0 0 1 1 1 0 0 1
150	4	1 0 1 1 0 0 0 1 0 0 1 1 1 0 1 0 1 0 0 1
150	2	1 1 0 1 0 0 0 1 1 0 0 0 0 0 1 0 1 0 0 1
150	12	1 0 1 1 0 0 0 1 0 0 1 0 0 0 1 0 1 0 0 1
150	2	1 0 0 1 1 0 0 1 0 0 1 0 0 0 1 1 1 0 0 1
150	5	1 0 0 1 0 1 1 1 0 1 0 0 0 0 1 0 1 0 0 1
150	2	1 0 1 1 1 1 1 1 0 0 0 0 0 0 1 0 1 0 0 1
150	1	1 0 0 1 0 0 0 1 0 0 1 0 0 1 1 0 1 0 0 1
150	3	1 0 1 1 1 0 0 1 0 1 0 1 1 1 1 0 1 0 0 1
150	2	1 0 1 0 0 0 0 1 0 0 1 0 0 1 1 0 1 0 0 1
150	1	1 0 0 1 0 0 1 1 0 0 0 0 0 0 1 0 1 0 1 1
150	1	0 0 1 0 1 0 0 1 0 0 0 0 0 0 1 0 1 0 0 1
150	7	1 0 1 1 0 1 1 1 0 0 0 0 0 0 1 0 0 0 0 1
150	1	0 0 0 0 0 0 0 1 0 0 1 0 0 1 1 0 1 0 0 1
150	4	1 0 1 0 0 0 0 1 0 0 0 0 1 0 1 0 1 0 1 1
150	2	1 1 1 1 1 1 0 0 0 0 1 0 0 0 1 0 1 0 1 1
150	1	1 0 0 1 0 0 0 1 0 0 1 1 1 0 1 0 1 0 0 1
150	1	0 0 1 0 0 0 0 1 0 0 0 0 0 0 1 1 1 0 0 1
150	1	1 0 1 1 0 1 0 1 0 0 0 0 0 0 1 0 1 0 0 1
150	2	1 0 0 1 0 0 0 1 0 0 0 0 1 0 1 0 1 0 1 1
150	4	0 0 1 0 0 0 0 1 0 0 0 0 0 0 1 0 1 0 0 1
150	1	1 0 1 1 1 1 1 1 0 0 0 0 0 1 1 1 1 0 0 1
150	2	0 0 1 0 0 0 0 1 0 0 1 0 0 1 0 0 1 0 0 1
150	4	1 1 0 1 0 0 0 0 0 0 0 0 0 0 1 0 1 0 0 1
150	2	1 0 0 1 0 0 0 1 0 0 0 0 0 1 1 0 1 0 1 1
150	2	1 0 0 1 1 0 0 1 0 0 0 0 0 0 1 0 0 0 0 1
150	1	1 0 1 1 0 0 1 0 0 0 0 0 0 0 1 1 1 0 0 1
150	2	1 0 1 1 1 0 0 1 0 0 0 0 0 0 1 1 1 0 0 1
150	1	1 0 1 0 1 0 0 1 0 0 1 0 0 1 1 1 1 0 0 1
150	2	1 0 1 0 0 0 0 1 0 0 0 0 0 0 1 0 1 1 0 1
150	2	1 1 0 1 1 1 0 1 0 0 0 1 0 1 1 0 1 0 0 1
150	1	1 0 1 1 0 0 1 0 0 0 0 0 0 0 1 0 1 0 0 1
150	3	1 0 0 0 0 0 1 1 1 0 0 0 0 0 1 0 1 0 0 1
150	1	1 0 0 0 0 0 0 1 0 0 0 0 0 0 1 1 1 0 0 1
150	2	0 0 0 0 0 0 0 1 1 0 0 0 0 0 1 0 1 0 0 1
150	1	1 1 1 0 0 0 0 1 0 0 0 0 1 0 1 0 1 0 0 1
150	1	0 1 0 1 0 0 0 1 1 0 0 0 0 0 1 0 1 0 0 1
150	2	1 1 1 1 0 1 1 1 0 0 0 0 0 0 1 0 0 0 0 1
150	1	1 0 0 1 0 0 1 0 0 0 0 1 0 1 1 0 0 0 0 1
150	1	1 0 1 1 0 0 0 1 0 0 0 0 0 1 1 0 1 0 0 1
150	1	1 0 1 1 0 0 0 1 0 0 0 0 0 0 0 0 1 0 0 1
150	1	1 0 1 0 0 0 0 1 0 0 1 0 0 1 1 0 1 1 0 1
150	1	0 0 1 0 0 0 0 1 1 0 0 0 0 0 1 0 1 0 0 1
150	1	1 0 0 1 0 0 0 1 1 0 0 0 0 0 1 0 1 0 0 1
150	1	1 0 0 0 0 0 0 1 0 0 0 0 0 0 1 0 1 0 1 1
150	1	1 0 1 1 1 0 0 1 0 0 0 0 0 0 1 0 1 0 1 1
150	1	1 1 0 1 0 0 1 0 0 0 0 0 0 0 1 1 1 0 0 1
150	1	1 0 1 1 0 1 1 1 0 1 0 0 0 0 1 0 1 0 0 1
200	16	1 0 1 1 0 0 0 1 0 0 0 0 0 0 1 0 1 0 0 1
200	3	1 0 0 1 0 0 1 0 0 0 0 0 0 0 1 0 1 0 0 1
200	1	1 0 1 1 0 1 1 1 0 0 0 0 0 0 1 0 1 0 0 1
200	2	1 0 1 0 0 0 0 1 0 0 0 0 1 0 1 0 1 0 0 1
200	3	1 0 1 1 0 0 0 1 0 0 1 1 1 0 1 0 1 0 0 1
200	1	0 0 1 0 0 0 0 1 0 0 0 0 0 0 1 0 1 0 0 1
200	3	1 0 0 0 0 0 1 1 1 0 0 0 0 0 1 0 1 0 0 1
200	3	1 0 1 1 0 0 0 1 0 0 0 0 0 1 1 1 1 0 0 1
200	2	1 1 1 1 0 0 0 1 0 0 1 0 0 0 1 0 1 0 0 1
200	4	1 1 1 1 0 0 0 1 0 0 1 1 1 0 1 0 1 0 0 1
200	7	1 1 1 1 0 1 1 1 0 0 0 0 0 0 1 0 1 0 0 1
200	5	1 0 1 1 0 1 0 1 0 0 1 0 0 1 1 0 1 0 0 1
200	2	1 0 1 1 0 0 1 1 0 0 0 0 0 0 1 0 0 0 0 1
200	4	1 1 0 1 0 0 0 0 0 0 0 0 0 0 1 0 0 0 0 1
200	5	1 0 1 1 1 1 1 1 0 0 0 1 0 0 1 0 1 0 0 1
200	6	1 0 1 1 0 1 1 1 0 0 1 0 0 1 1 0 1 0 0 1
200	9	1 1 1 1 0 0 0 1 0 0 0 0 0 0 1 0 1 0 0 1
200	3	0 0 1 1 0 0 0 1 0 0 0 0 0 0 1 0 1 0 0 1
200	2	1 1 1 1 0 0 0 1 0 1 0 0 0 0 1 0 1 0 0 1
200	1	1 0 0 1 0 0 0 1 1 0 1 0 0 1 1 0 1 0 0 1
200	1	1 0 1 1 0 1 1 1 0 0 0 0 0 0 1 0 1 0 1 1
200	2	1 0 1 0 0 1 1 1 0 0 0 0 0 0 1 0 0 0 0 1
200	8	1 1 1 1 0 0 0 1 0 0 0 0 0 1 1 1 1 0 0 1
200	4	1 0 1 1 0 1 1 1 0 0 0 0 0 0 1 1 1 0 1 1
200	5	1 1 1 1 0 1 1 1 0 0 1 0 0 1 1 0 1 0 0 1
200	4	1 0 1 1 0 1 0 1 1 0 0 0 0 0 1 0 1 1 0 1
200	1	1 1 1 1 0 1 0 0 0 0 0 0 0 0 1 1 1 0 0 1
200	3	1 0 1 1 0 1 1 1 0 0 0 0 0 0 1 0 0 1 0 1
200	3	1 0 1 1 0 1 0 1 0 0 0 0 0 0 1 0 1 0 0 1
200	4	1 1 0 1 0 0 0 1 0 0 0 0 0 0 1 0 1 0 0 1
200	1	1 0 1 1 0 1 1 1 1 0 0 0 0 0 1 0 1 0 0 1
200	1	1 1 1 1 0 1 1 1 0 0 0 0 0 0 1 0 0 0 0 0
200	2	1 0 0 1 0 0 1 0 0 1 0 1 0 1 1 0 0 1 0 1
200	1	1 0 1 1 0 0 1 0 0 0 0 0 0 0 1 0 1 0 0 1
200	11	1 1 0 1 0 0 0 0 0 0 1 0 0 0 1 0 1 0 0 1
200	4	1 0 0 1 1 0 0 1 0 0 0 1 0 0 1 0 1 0 0 1
200	1	1 0 1 1 0 0 0 1 0 1 0 0 0 0 1 0 1 0 0 1
200	3	1 0 1 1 1 1 1 1 0 0 0 1 0 0 1 0 0 0 0 1
200	1	1 0 1 1 0 0 1 0 0 0 0 1 0 0 1 1 1 0 0 1
200	4	1 1 0 1 0 0 0 1 0 0 1 0 0 1 1 0 1 0 0 0
200	3	0 1 1 1 0 0 0 1 0 0 0 0 0 0 1 0 1 0 0 1
200	3	1 1 0 1 1 0 0 0 0 0 0 0 0 0 1 0 1 0 0 1
200	1	1 1 1 1 0 0 0 1 1 0 0 0 0 0 1 1 1 0 0 1
200	2	1 0 0 1 0 1 0 1 1 0 1 0 0 0 1 1 1 0 0 1
200	1	1 1 1 0 0 0 0 1 0 0 1 1 1 0 1 0 1 0 0 1
200	1	1 0 1 1 1 0 1 1 0 0 0 1 0 0 1 0 0 0 0 1
200	1	0 0 1 1 0 0 0 1 0 0 0 0 0 0 1 1 1 0 0 1
200	1	1 0 1 1 0 0 1 1 0 0 0 0 0 0 1 0 0 0 1 1
200	2	1 0 1 1 1 0 1 1 0 0 0 1 1 1 1 0 1 0 0 1
200	1	1 1 1 1 0 0 0 1 1 0 1 0 0 0 1 1 1 0 0 1
200	3	1 0 1 1 0 0 0 1 0 0 0 1 0 0 1 0 1 0 0 1
200	1	1 0 1 1 1 1 1 1 0 1 0 1 0 0 1 0 1 0 0 1
200	1	1 0 0 1 0 1 1 1 0 0 0 0 0 0 1 1 1 0 1 1
200	1	0 1 0 1 0 0 0 1 0 0 0 0 0 0 1 0 1 0 0 1
200	1	0 0 0 1 0 0 1 1 0 0 0 1 0 0 1 0 1 0 0 1
200	1	1 0 0 1 1 0 0 1 0 0 0 0 0 1 1 1 1 0 0 1
200	1	1 0 0 1 0 1 1 1 0 1 0 0 0 0 1 0 1 0 0 1
200	1	1 1 1 1 0 1 1 1 0 0 1 0 0 0 1 0 1 0 0 1
200	1	1 0 0 1 0 0 0 1 1 0 1 0 0 1 1 0 1 0 0 0
200	4	1 0 1 1 0 0 0 1 0 0 0 0 1 0 1 0 1 1 0 1
200	1	1 1 1 1 0 0 0 0 1 0 0 0 0 0 1 0 0 0 0 1
200	1	1 0 1 1 0 0 1 1 0 0 0 1 0 0 1 0 1 0 0 1
200	1	1 0 0 1 0 0 1 1 1 0 0 0 0 0 1 0 1 0 0 1
200	1	1 0 1 1 0 1 0 1 1 1 0 0 0 0 1 0 1 0 0 1
200	2	1 1 0 1 0 0 0 1 0 0 0 1 0 0 1 0 0 0 0 1
200	1	1 0 1 0 0 0 0 1 0 0 0 0 0 0 1 0 1 0 1 1
200	1	1 0 1 1 1 0 0 1 0 1 0 0 0 0 1 0 0 0 0 1
200	2	1 1 0 1 1 1 1 1 0 0 0 1 0 0 1 0 1 0 0 1
200	2	1 0 1 1 1 0 1 1 0 0 0 0 0 0 1 0 1 0 0 1
200	2	1 1 1 1 0 0 0 0 1 0 1 0 0 0 1 0 1 0 0 1
200	1	1 0 0 1 1 0 0 1 0 0 0 0 0 1 0 0 1 0 0 1
200	2	1 1 1 1 0 0 1 0 0 0 0 0 0 0 1 0 1 0 0 1
200	1	1 0 1 1 0 0 0 1 0 0 0 0 0 0 1 1 1 0 0 1
200	2	1 0 0 1 0 1 1 1 0 1 0 0 0 0 0 1 1 0 0 1
200	1	0 0 1 1 0 0 0 1 0 0 1 1 1 0 1 0 1 0 0 1
200	1	1 1 1 1 1 0 0 1 0 0 0 0 0 0 1 0 1 0 0 1
200	1	1 0 1 1 0 1 1 0 0 0 0 0 0 0 1 1 1 0 1 1
250	3	1 0 1 1 0 0 0 1 0 0 0 0 0 0 1 0 1 0 0 1
250	2	1 0 0 1 0 0 0 1 0 0 0 0 0 1 1 0 1 0 0 1
250	11	1 1 1 1 0 1 1 1 0 0 0 0 0 0 1 0 1 0 0 1
250	7	1 0 1 1 0 1 1 1 0 0 1 0 0 1 1 0 1 0 0 1
250	2	1 0 1 0 0 1 1 1 0 0 0 0 0 0 1 0 0 0 0 1
250	17	1 1 1 1 0 0 0 1 0 0 0 0 0 1 1 1 1 0 0 1
250	2	1 1 1 1 0 1 1 1 0 0 1 0 0 1 1 0 1 0 0 1
250	31	1 0 1 1 0 0 1 0 0 0 0 0 0 0 1 0 1 0 0 1
250	6	1 0 1 1 1 0 1 0 0 0 0 1 1 1 1 0 1 0 0 1
250	5	1 1 1 1 0 0 1 1 0 0 0 0 0 0 1 0 1 0 0 1
250	1	1 1 1 1 0 1 0 1 0 0 1 1 1 0 1 0 1 0 0 1
250	1	1 1 0 1 0 1 1 1 0 0 0 0 0 0 1 1 1 1 1 1
250	6	1 0 1 1 0 0 0 1 0 0 1 1 1 0 1 1 1 0 0 1
250	4	1 1 1 1 0 0 0 1 0 0 0 1 0 1 1 1 1 0 0 1
250	2	1 0 1 1 0 1 1 1 0 0 0 0 0 0 1 0 1 0 0 1
250	3	1 1 1 1 0 0 1 1 0 0 0 0 0 0 1 1 1 0 1 1
250	4	1 0 1 1 0 1 1 1 0 0 0 0 0 0 1 0 0 0 0 0
250	2	1 0 0 0 0 1 0 1 0 0 1 1 1 0 1 0 1 0 0 1
250	3	1 1 1 1 0 1 0 1 0 0 0 0 0 0 1 1 0 0 0 0
250	2	1 0 0 1 0 1 1 1 0 0 1 0 0 1 1 0 1 0 0 1
250	1	1 1 1 0 0 0 0 1 0 0 1 0 1 0 1 0 0 0 0 1
250	1	1 1 1 1 0 1 1 1 1 0 1 0 0 1 1 0 1 0 0 1
250	2	1 0 1 1 0 0 1 0 0 0 0 0 1 0 1 0 1 0 0 1
250	2	1 0 0 1 0 1 0 1 0 0 0 0 0 0 1 0 1 0 0 1
250	13	1 1 1 1 0 1 1 1 0 0 1 0 0 1 1 0 0 0 0 1
250	2	1 0 1 1 1 1 1 1 0 0 0 0 0 1 1 1 1 0 0 0
250	1	1 0 0 1 0 0 1 1 0 0 0 0 0 0 1 0 1 0 0 1
250	2	0 0 1 1 0 0 0 1 0 0 0 0 0 0 1 0 1 0 0 1
250	7	1 1 1 1 0 0 0 1 0 0 1 1 1 1 1 0 1 0 0 1
250	1	0 1 1 1 0 0 0 1 0 0 0 0 0 1 1 1 1 0 0 1
250	1	1 0 0 1 1 0 1 0 0 0 0 1 1 1 1 0 1 0 0 1
250	1	1 0 1 1 0 0 1 1 0 0 0 0 0 0 1 0 1 0 0 1
250	1	1 1 1 1 0 1 1 1 0 0 0 0 0 0 1 0 1 0 1 1
250	1	1 0 1 1 1 1 0 1 0 0 1 0 0 1 1 0 1 0 1 1
250	1	1 1 1 1 0 0 1 1 0 0 1 1 1 0 1 0 1 0 0 1
250	1	1 0 1 1 0 1 0 1 0 0 1 0 0 1 1 0 1 1 0 1
250	1	1 1 1 1 0 1 0 1 0 0 0 0 0 0 1 0 1 0 0 1
250	1	1 0 0 0 0 1 0 1 0 1 1 1 1 0 1 0 1 0 0 0
250	4	0 1 1 1 0 0 0 1 0 0 0 1 0 1 1 0 1 0 0 1
250	2	1 1 1 1 0 1 1 1 0 1 0 0 0 0 1 0 1 0 0 1
250	4	1 0 1 1 0 1 0 1 0 0 1 1 1 0 1 1 1 0 0 1
250	6	1 1 1 1 0 0 0 1 0 0 0 1 0 1 1 0 1 0 0 1
250	1	1 1 1 1 0 1 0 1 0 0 0 0 0 0 0 0 1 0 0 1
250	1	1 1 1 1 0 0 0 1 0 0 1 1 1 1 1 1 1 0 0 1
250	1	1 1 1 1 0 0 0 1 0 0 1 1 1 0 1 1 1 0 0 1
250	1	1 1 1 1 0 1 1 1 0 0 1 0 0 0 1 0 0 0 0 0
250	3	1 0 1 1 1 1 0 1 0 0 0 0 0 0 1 0 1 0 0 1
250	2	1 0 1 1 1 1 1 1 0 0 0 0 0 1 1 1 1 0 0 1
250	3	1 1 1 1 0 1 1 1 0 0 0 0 0 1 1 0 1 0 0 1
250	1	0 0 1 1 1 1 0 1 0 0 1 0 0 1 1 0 1 0 0 1
250	1	1 1 1 1 0 1 1 1 0 0 1 0 0 0 1 0 1 0 0 1
250	1	1 1 1 1 0 0 0 1 0 0 0 0 0 1 1 0 1 0 0 1
250	1	1 0 1 1 0 0 0 1 0 0 0 1 0 1 1 0 1 0 0 1
250	1	1 0 1 1 0 0 1 0 0 0 0 0 0 1 1 0 1 0 0 1
250	1	1 1 1 0 0 0 0 1 0 0 1 1 0 1 1 1 1 0 0 1
250	1	1 1 1 1 0 1 0 1 0 0 1 0 0 1 1 0 1 0 1 1
250	1	1 0 1 1 1 1 1 1 0 0 0 1 1 1 1 0 1 0 0 1
250	1	1 0 0 0 0 0 0 1 0 0 0 0 0 0 1 0 0 0 0 1
250	1	1 1 1 0 1 0 1 0 0 0 0 1 1 1 1 0 1 0 0 1
250	1	1 1 1 1 0 0 1 1 0 0 0 0 0 0 1 0 0 1 0 1
250	1	0 0 1 1 0 0 1 0 0 0 0 0 0 0 1 0 1 0 0 1
250	1	1 1 1 1 0 0 0 1 0 0 0 0 0 0 1 0 0 1 0 1
250	1	1 0 1 1 1 0 1 0 0 0 1 1 1 1 1 0 1 0 0 1
250	1	1 1 0 1 0 1 1 1 0 0 1 0 0 1 1 0 1 0 0 1
250	1	1 0 1 1 1 0 0 1 1 1 1 1 1 0 1 1 1 0 0 1
250	1	0 0 1 1 1 1 0 1 0 0 1 0 0 0 1 0 1 0 0 1
250	1	1 0 0 1 1 0 1 0 0 0 1 1 1 1 1 0 1 0 0 1
300	7	1 1 1 1 0 0 0 1 0 0 0 0 0 1 1 1 1 0 0 1
300	2	1 0 1 1 0 1 1 1 0 0 0 0 0 0 1 0 1 0 0 1
300	8	1 0 1 1 0 1 1 1 0 0 0 0 0 0 1 0 0 0 0 0
300	9	1 1 1 1 0 1 0 1 0 0 0 0 0 0 1 1 0 0 0 0
300	3	1 1 1 1 0 1 1 1 0 0 1 0 0 1 1 0 0 0 0 1
300	1	0 1 1 1 0 0 0 1 0 1 0 0 0 1 1 0 1 0 0 1
300	6	1 1 1 1 0 0 0 1 0 0 1 0 0 0 1 0 1 0 0 1
300	2	1 1 1 1 0 1 1 1 0 0 0 0 0 0 1 1 1 0 0 1
300	2	1 1 1 1 0 0 1 1 0 0 0 1 0 0 1 0 1 0 0 1
300	1	1 1 1 0 0 0 1 1 0 0 1 1 1 0 1 0 1 0 0 1
300	5	1 1 1 1 0 1 0 1 0 0 1 0 0 1 1 0 1 0 0 1
300	14	1 1 1 1 0 1 1 0 0 0 0 0 0 1 1 0 1 0 0 1
300	1	1 1 1 1 0 1 1 1 1 0 1 0 0 1 1 0 0 0 0 1
300	3	1 1 1 1 0 0 0 1 0 0 0 1 0 0 1 0 1 0 0 1
300	2	1 1 1 1 0 0 0 1 0 0 0 0 0 0 1 0 1 0 0 1
300	2	1 1 1 1 0 1 1 1 0 0 0 1 0 1 1 0 1 0 0 1
300	11	1 1 1 1 0 1 1 1 0 0 1 0 0 0 1 0 0 0 0 1
300	1	1 1 1 1 0 0 0 1 0 0 0 1 1 0 1 1 1 0 0 1
300	1	1 0 1 1 0 1 1 1 0 0 0 0 0 0 1 0 0 0 0 1
300	7	0 1 1 1 0 1 0 1 0 1 0 0 0 1 1 0 1 0 0 1
300	11	1 0 1 1 0 0 0 1 0 0 1 1 1 0 1 0 1 0 0 1
300	3	1 1 1 1 0 1 0 1 0 0 1 1 1 0 1 0 1 0 0 0
300	8	1 1 1 1 0 1 1 1 0 0 1 1 0 1 1 0 0 0 0 1
300	3	0 1 0 1 0 0 0 1 0 0 0 1 1 0 1 0 1 0 0 1
300	6	1 1 1 1 0 0 0 1 0 0 0 0 0 1 1 0 0 0 0 1
300	2	1 1 1 1 0 1 0 1 0 0 1 0 0 1 1 0 0 0 0 1
300	3	0 1 1 1 0 1 1 1 0 0 0 0 0 0 1 0 0 0 0 1
300	3	1 1 1 1 0 1 0 1 0 0 0 0 0 0 1 0 1 0 0 1
300	5	1 1 1 1 0 0 1 1 0 0 1 1 1 0 1 1 1 0 0 1
300	1	1 0 1 1 0 1 1 0 0 0 0 0 0 0 1 0 0 0 0 0
300	3	1 1 1 1 0 1 1 0 0 0 0 0 0 0 1 0 0 0 0 1
300	2	1 1 1 1 0 0 1 1 0 0 0 0 0 0 1 0 1 0 0 1
300	1	0 1 1 1 0 1 0 1 0 1 0 0 0 1 1 0 0 0 0 1
300	3	1 1 0 1 0 1 1 1 0 0 1 0 0 0 1 0 0 0 0 1
300	1	0 1 1 1 0 0 0 1 0 0 1 0 0 1 1 1 1 0 0 1
300	2	1 1 1 1 0 0 0 1 0 0 0 1 1 0 1 1 1 0 1 1
300	1	1 1 1 1 1 1 1 1 0 0 0 0 0 0 1 0 1 0 0 1
300	1	1 0 1 0 0 1 0 1 1 1 1 1 1 1 1 0 1 0 0 0
300	4	1 1 1 1 0 0 0 1 0 0 0 0 0 1 1 1 1 0 0 0
300	2	1 1 1 1 0 0 0 1 0 0 1 0 0 0 1 0 0 0 0 1
300	2	1 1 1 1 0 0 1 1 0 0 0 0 0 1 1 0 1 0 0 1
300	2	1 1 1 1 0 0 1 1 0 1 1 1 1 0 1 1 1 0 0 1
300	1	1 1 1 1 0 0 0 1 0 0 0 1 1 0 1 1 1 1 0 1
300	1	1 1 1 1 0 1 0 1 0 0 1 1 1 0 0 0 1 0 0 0
300	1	1 1 1 1 0 0 0 1 0 1 0 0 0 1 1 0 1 0 0 1
300	2	1 1 1 1 0 1 1 1 0 0 1 0 0 0 1 0 1 0 0 1
300	1	1 1 1 1 0 0 1 1 0 0 0 0 1 0 0 1 1 0 0 1
300	2	1 0 1 1 0 1 1 0 0 0 0 0 0 1 1 0 1 0 0 1
300	1	0 1 1 1 0 1 1 1 0 0 1 1 0 0 1 0 0 0 0 1
300	1	1 0 1 1 0 1 1 1 1 0 1 0 0 1 1 0 0 0 0 1
300	1	1 1 1 1 1 1 0 1 0 0 1 0 0 0 1 0 1 0 0 1
300	1	1 0 1 1 0 0 0 1 0 0 1 1 1 0 1 0 1 0 1 1
300	1	1 0 1 0 0 1 0 1 1 1 1 1 1 0 1 1 1 0 0 1
300	1	1 1 1 1 0 1 1 1 0 0 0 0 0 0 1 0 0 0 0 0
300	6	1 1 1 1 0 1 0 1 0 0 0 0 0 0 1 1 1 0 0 1
300	1	1 1 1 1 0 1 1 0 0 0 1 0 0 1 1 0 0 0 0 1
300	3	1 1 1 1 0 0 1 1 0 0 0 1 1 0 1 1 1 0 0 1
300	2	1 1 1 1 0 0 0 1 0 0 0 0 0 1 1 0 1 0 0 1
300	1	1 1 1 1 0 0 1 0 0 0 0 0 0 0 0 1 1 0 0 1
300	1	1 1 1 1 0 0 1 1 0 0 1 1 0 1 1 0 0 0 0 1
300	1	1 1 1 1 0 0 0 1 0 0 0 1 1 0 0 1 1 0 1 1
300	1	1 1 1 1 0 0 0 1 0 0 0 1 1 0 1 0 1 1 0 1
300	1	1 1 1 1 0 0 0 1 0 0 1 0 0 0 1 0 1 0 0 0
300	1	1 0 1 1 0 1 1 1 0 0 0 0 0 0 1 0 0 1 0 0
300	1	1 1 1 1 0 0 0 1 0 0 1 1 1 0 1 0 1 0 0 1
300	1	1 1 1 1 0 1 1 1 0 0 1 1 0 1 1 0 1 0 0 1
300	1	1 0 1 1 0 1 1 1 0 0 0 0 0 0 1 0 1 0 1 1
300	1	1 1 1 1 0 1 0 1 0 0 0 1 0 0 1 1 0 0 0 0
300	1	1 1 0 1 0 0 1 1 0 0 0 1 0 0 1 0 1 0 0 1
300	1	1 1 1 1 0 0 1 1 0 1 1 1 1 0 1 1 1 0 0 0
300	1	1 1 1 1 0 0 1 1 0 1 0 0 0 1 1 0 1 0 0 1
300	1	1 1 1 1 0 0 1 1 0 0 1 1 1 0 1 0 0 0 0 0
300	1	1 1 1 1 0 0 0 1 0 0 0 1 1 0 1 0 0 0 0 0
300	2	1 1 1 1 0 1 0 1 1 0 1 0 0 1 1 0 1 0 0 0
350	21	1 1 1 1 0 1 0 1 0 0 0 0 0 0 1 1 0 0 0 0
350	5	1 1 1 1 0 1 1 1 0 0 1 0 0 1 1 0 0 0 0 1
350	1	1 1 1 1 0 1 0 1 0 0 1 0 0 1 1 0 1 0 0 1
350	8	1 1 1 1 0 1 1 1 0 0 1 0 0 0 1 0 0 0 0 1
350	18	1 1 1 1 0 1 1 1 0 0 1 1 0 1 1 0 0 0 0 1
350	1	1 1 1 1 0 1 0 1 0 0 0 0 0 0 1 0 1 0 0 1
350	3	1 1 1 1 0 1 1 0 0 0 0 0 0 0 1 0 0 0 0 1
350	15	1 1 1 1 0 0 0 1 0 0 1 0 0 0 1 0 1 0 0 0
350	3	1 1 1 1 0 1 0 1 1 0 1 0 0 1 1 0 1 0 0 0
350	5	1 1 1 1 0 0 1 1 0 0 1 0 0 0 1 0 0 0 0 1
350	2	1 1 1 1 0 1 1 1 0 0 1 1 0 0 1 0 0 0 0 1
350	1	0 1 1 1 0 1 1 1 0 0 1 1 0 1 1 0 0 0 0 1
350	9	1 1 1 1 0 1 1 1 0 0 0 1 0 1 1 1 0 0 0 1
350	4	0 1 1 1 0 0 0 1 0 0 1 0 0 0 1 0 0 0 0 1
350	1	1 0 1 1 0 1 1 1 1 0 0 0 0 0 0 0 1 0 0 0
350	2	1 1 1 1 0 1 1 1 0 0 0 1 0 1 1 0 0 0 0 1
350	2	0 1 1 1 0 1 1 1 1 0 1 1 0 1 1 0 0 0 0 1
350	1	1 1 1 1 0 1 1 1 0 0 1 1 0 1 1 0 0 1 0 1
350	2	1 1 1 1 0 1 0 1 0 1 0 0 0 0 1 1 0 0 0 0
350	4	1 1 1 1 0 0 0 1 0 0 1 0 0 0 1 0 0 0 0 1
350	1	1 1 1 1 0 0 0 1 0 0 0 0 0 1 1 1 0 0 0 0
350	1	1 1 1 1 0 1 0 1 0 0 0 0 0 0 1 1 0 1 0 0
350	3	1 1 1 1 1 0 0 1 0 0 0 0 0 0 1 1 0 0 0 0
350	7	1 1 1 1 1 1 0 1 0 0 1 0 0 0 1 1 0 0 0 0
350	7	1 1 1 1 0 1 0 1 0 0 1 0 0 1 1 0 0 0 0 0
350	7	1 1 1 1 0 0 0 1 0 0 0 0 0 1 1 1 1 0 0 0
350	6	1 1 1 1 0 1 0 1 0 0 1 0 0 0 1 0 0 0 0 1
350	1	1 1 1 1 0 1 1 1 0 0 1 1 0 1 0 0 0 0 0 1
350	3	1 1 1 1 0 1 0 1 1 0 0 0 0 0 1 1 0 0 0 0
350	1	1 1 0 1 0 1 1 1 0 0 1 1 0 0 1 0 0 0 0 1
350	2	1 1 1 1 0 0 1 1 0 0 1 0 1 0 0 1 1 1 0 1
350	1	1 1 1 1 1 0 0 1 0 0 0 1 1 0 1 1 0 0 0 1
350	1	1 1 1 1 0 0 0 1 0 0 0 0 0 0 1 1 0 0 0 0
350	3	1 1 1 1 1 1 0 1 0 0 0 0 0 0 1 1 0 0 0 0
350	1	1 1 1 1 0 1 0 1 0 0 0 0 0 0 1 1 0 0 1 0
350	1	0 1 1 1 0 0 0 1 0 0 1 0 1 1 1 0 1 0 0 0
350	1	0 1 1 1 0 1 1 1 1 0 1 1 0 1 1 0 1 0 0 1
350	1	1 1 1 1 1 0 0 1 0 0 0 1 0 1 1 0 0 0 0 1
350	2	1 0 1 1 0 0 1 1 1 0 0 0 0 0 0 0 1 0 0 0
350	1	1 1 1 1 1 1 0 1 0 0 1 0 0 1 1 1 0 0 0 0
350	1	1 1 1 1 0 1 0 1 0 0 1 0 1 0 1 0 0 0 0 1
350	1	1 1 1 0 0 0 0 1 0 0 0 0 1 1 1 0 0 0 0 1
350	1	1 1 1 1 0 1 0 1 0 0 1 0 1 0 0 1 1 1 0 0
350	1	1 1 1 1 0 1 1 0 0 0 0 0 0 0 1 0 1 0 0 0
350	3	1 1 1 1 0 1 1 1 0 1 1 1 0 1 1 0 0 0 0 1
350	1	1 1 1 1 0 0 1 1 0 0 1 0 0 0 0 0 0 0 0 1
350	1	1 1 0 1 0 1 1 1 0 1 0 0 0 0 0 0 0 0 0 1
350	2	1 1 1 1 0 1 0 1 1 0 0 0 1 1 1 0 1 0 0 1
350	2	1 1 1 1 0 1 0 1 0 0 0 0 0 0 1 1 0 0 0 1
350	4	0 1 1 1 0 1 1 1 0 0 1 1 0 0 1 0 0 0 0 1
350	1	1 1 1 1 0 0 1 1 0 0 0 0 0 1 1 1 1 0 0 0
350	2	1 1 0 1 1 1 0 1 0 0 1 0 0 0 1 1 0 0 0 0
350	1	1 1 1 1 0 1 0 1 0 0 0 0 0 1 1 1 1 0 0 0
350	4	1 1 1 1 0 1 0 1 0 0 1 0 0 0 1 1 0 0 0 1
350	1	1 1 1 1 1 1 0 1 0 1 0 0 0 0 1 1 0 0 0 0
350	1	1 1 1 1 0 1 0 1 0 0 1 0 0 0 1 0 1 0 0 1
350	2	1 1 1 1 0 1 0 1 0 0 1 0 0 0 1 0 1 0 0 0
350	1	1 1 1 0 0 1 0 1 0 0 0 0 0 0 1 1 0 0 0 0
350	4	1 1 1 1 0 0 0 1 0 0 1 0 1 1 1 0 1 0 0 0
350	1	1 1 1 1 0 1 1 1 0 0 1 0 0 0 1 1 0 0 0 0
350	1	1 1 1 1 0 1 1 1 1 0 0 0 0 0 0 0 1 0 0 0
350	1	1 1 1 1 0 1 0 1 0 1 1 1 0 1 1 0 0 0 0 1
350	1	1 1 1 1 0 1 0 1 1 0 0 0 0 0 1 0 0 0 0 1
350	1	1 1 1 1 0 0 0 1 0 0 1 0 0 0 0 0 0 0 0 1
350	1	1 1 1 1 0 1 0 1 0 0 1 1 0 0 1 0 0 0 0 1
350	1	0 1 1 1 1 1 0 1 0 0 0 0 0 0 1 1 0 0 0 1
400	6	1 1 1 1 0 1 0 1 0 0 0 0 0 0 1 1 0 0 0 0
400	1	1 1 1 1 0 1 1 1 0 0 1 0 0 0 1 0 0 0 0 1
400	1	1 1 1 1 0 1 1 1 0 0 1 1 0 1 1 0 0 0 0 1
400	6	1 1 1 1 0 1 0 1 0 0 1 0 0 1 1 0 0 0 0 1
400	1	1 1 1 1 0 0 1 1 0 0 1 0 0 0 1 0 0 0 0 1
400	1	1 1 1 1 0 1 1 1 0 0 0 1 0 1 1 0 0 0 0 1
400	2	1 1 1 1 1 1 0 1 0 0 1 0 0 0 1 1 0 0 0 0
400	4	1 1 1 1 0 1 0 1 0 0 1 0 0 1 1 0 0 0 0 0
400	15	1 1 1 1 0 1 0 1 0 0 1 0 0 0 1 0 0 0 0 1
400	2	1 1 1 1 0 1 1 1 0 0 1 1 0 1 0 0 0 0 0 1
400	15	1 1 1 1 0 1 0 1 1 0 0 0 0 0 1 1 0 0 0 0
400	1	1 1 1 1 0 1 0 1 0 0 1 0 1 0 1 0 0 0 0 1
400	11	1 1 1 1 0 1 0 1 0 1 1 1 0 1 1 0 0 0 0 1
400	1	1 1 1 1 1 1 0 1 0 0 1 1 0 1 1 1 0 0 0 0
400	2	1 1 1 0 0 0 1 1 0 0 1 0 1 0 0 1 1 1 0 1
400	2	1 1 1 1 0 1 0 1 1 0 1 0 0 1 1 0 1 0 0 1
400	1	1 1 1 1 0 1 0 1 0 0 0 0 0 0 0 1 0 0 0 0
400	6	1 1 1 1 0 1 0 1 0 0 0 0 0 0 1 0 0 0 0 0
400	3	1 1 1 1 1 1 1 1 0 0 1 1 0 1 1 1 0 0 1 0
400	2	1 1 1 1 0 1 1 1 0 1 0 1 0 1 1 0 1 0 0 0
400	8	1 1 1 1 1 1 0 1 0 0 0 0 0 0 1 1 0 0 0 0
400	1	1 1 1 1 0 1 0 1 0 1 1 1 0 0 1 0 0 0 0 1
400	3	1 1 1 1 1 1 0 1 0 0 1 0 0 0 1 0 0 0 0 0
400	2	1 1 1 1 0 1 0 1 0 0 1 0 0 0 1 0 0 0 1 1
400	1	1 1 1 1 0 1 0 1 0 1 1 1 0 1 1 0 0 0 0 0
400	1	1 1 1 1 0 1 1 1 0 0 1 0 0 0 1 0 0 0 0 0
400	2	1 1 1 1 1 1 0 1 0 0 1 0 1 0 1 1 0 0 0 0
400	2	1 1 1 1 0 0 0 1 1 0 1 1 1 1 1 1 0 0 0 0
400	5	1 1 1 1 0 1 1 1 0 0 0 1 0 0 1 1 0 0 0 1
400	7	1 1 1 1 0 1 1 1 0 0 1 0 0 0 1 1 0 0 0 0
400	2	1 1 1 0 0 0 1 1 0 0 1 0 1 0 0 0 1 0 0 0
400	1	1 1 1 1 1 1 1 0 0 0 1 0 0 0 1 0 1 0 0 0
400	6	1 1 0 1 1 1 0 1 0 0 1 0 0 1 1 0 0 0 0 1
400	1	1 1 1 1 0 0 1 1 0 0 0 0 0 0 1 0 0 0 0 1
400	5	1 1 1 1 0 1 0 1 1 0 0 0 0 0 1 0 1 0 0 0
400	9	1 1 1 1 0 1 1 1 0 0 1 1 0 1 1 1 0 0 1 0
400	2	1 1 1 1 0 1 0 1 0 0 0 1 1 1 1 0 1 0 0 0
400	4	0 1 1 1 1 1 0 1 0 0 0 0 0 0 1 1 0 0 0 0
400	2	1 1 1 1 1 1 0 1 0 0 0 1 0 0 1 1 0 0 0 0
400	1	1 1 0 1 0 1 1 1 0 0 1 1 0 1 1 0 0 0 0 1
400	3	1 1 1 1 1 1 0 1 0 0 1 1 0 1 1 0 0 0 1 1
400	1	1 1 1 1 0 1 1 1 0 0 1 1 0 1 1 0 0 0 0 0
400	2	1 1 1 1 0 1 0 1 0 0 1 1 0 1 1 1 0 0 1 0
400	2	1 1 1 1 0 1 1 1 0 0 1 0 0 1 1 0 0 0 0 1
400	3	1 1 1 1 0 1 0 1 0 0 1 1 0 0 1 0 0 0 0 1
400	4	0 1 1 1 0 1 0 1 0 0 0 0 0 0 1 1 0 0 0 0
400	3	1 0 1 1 0 0 1 1 0 0 1 0 0 0 1 1 0 0 0 0
400	1	1 0 1 1 1 1 0 1 0 0 1 0 0 0 1 1 0 0 0 0
400	1	1 1 0 1 0 1 1 1 0 0 1 1 0 1 1 1 0 0 1 0
400	1	1 1 1 1 0 1 1 1 1 0 1 0 0 0 1 1 0 0 0 0
400	1	1 1 1 1 0 1 1 1 0 0 0 1 0 1 1 1 0 1 0 1
400	1	1 1 1 1 0 0 1 1 0 0 0 0 0 0 1 1 0 0 0 0
400	2	1 1 1 1 0 1 0 1 0 0 1 0 0 1 1 0 0 0 1 0
400	2	1 1 1 1 0 1 0 0 1 0 0 0 0 0 1 1 0 0 0 0
400	1	1 1 1 0 0 0 1 1 0 1 1 0 1 0 0 1 1 0 0 1
400	4	1 1 0 1 1 1 0 1 0 0 1 0 0 1 1 0 0 0 0 0
400	1	1 1 1 1 0 1 0 1 0 0 0 0 1 0 1 1 0 0 0 0
400	3	1 1 1 1 0 1 0 1 1 0 0 0 0 0 1 1 1 0 0 0
400	1	1 1 1 1 0 0 1 1 1 0 0 0 0 0 1 0 0 0 0 1
400	1	0 1 0 1 1 1 0 1 0 0 0 0 0 0 1 1 0 0 0 0
400	2	1 1 1 1 1 1 0 1 0 0 1 1 0 1 1 1 0 0 1 0
400	1	1 1 1 1 1 1 0 1 0 0 1 1 0 1 1 0 0 0 0 1
400	1	1 1 1 1 0 1 1 1 0 0 0 0 0 0 1 1 0 0 0 0
400	2	1 1 1 1 0 1 0 1 0 0 1 1 0 0 1 0 0 0 0 0
400	2	1 1 1 1 0 1 1 1 0 0 1 1 1 1 1 0 0 0 0 1
400	1	1 1 1 1 0 1 0 1 0 0 0 1 0 0 1 0 0 0 0 0
400	1	1 1 1 1 0 1 0 1 0 1 1 1 1 0 1 0 0 0 0 1
400	2	1 1 1 1 0 1 1 1 0 0 0 1 0 0 1 0 0 0 0 1
400	1	1 1 1 1 0 1 1 1 0 1 1 1 0 1 0 0 0 0 0 1
400	1	0 1 1 1 1 1 0 1 0 0 1 0 0 0 1 0 0 0 0 0
450	3	1 1 1 1 0 1 0 1 0 0 0 0 0 0 1 1 0 0 0 0
450	3	1 1 1 1 0 1 0 1 0 0 0 0 0 0 1 0 0 0 0 0
450	26	1 1 1 1 0 1 1 1 0 0 1 0 0 0 1 1 0 0 0 0
450	4	1 1 1 1 0 1 1 1 0 0 0 0 0 0 1 1 0 0 0 0
450	1	1 1 1 1 1 1 0 1 1 0 0 0 0 0 1 1 0 0 0 0
450	3	1 1 1 1 0 1 1 1 0 0 1 0 0 0 1 1 0 0 1 0
450	13	1 1 1 1 0 1 0 1 0 1 1 1 0 0 1 0 0 0 0 0
450	1	1 1 1 1 0 1 0 1 0 0 1 0 0 0 1 1 0 0 0 0
450	1	1 1 1 1 0 1 1 1 0 0 0 0 0 0 0 1 0 0 0 0
450	2	1 1 1 1 0 1 0 1 0 0 1 0 1 0 1 0 0 0 0 0
450	1	1 1 1 1 0 0 1 1 0 0 1 0 0 0 0 1 1 1 0 1
450	8	1 1 1 1 0 1 0 1 0 0 0 0 0 0 1 1 1 0 0 0
450	7	1 1 1 1 0 1 0 1 0 0 0 0 1 0 0 1 0 0 0 0
450	1	1 1 1 1 0 1 1 1 0 0 0 1 0 1 1 1 0 0 1 0
450	4	1 1 1 1 0 1 0 1 1 0 0 0 0 1 1 1 0 0 0 0
450	2	1 1 1 1 0 1 0 1 0 0 1 0 0 1 1 0 1 0 0 0
450	3	0 1 1 1 0 1 0 1 1 0 0 0 0 0 1 1 0 0 0 0
450	1	1 1 1 1 0 1 1 1 0 0 1 1 0 1 1 0 1 0 0 0
450	4	1 1 1 1 1 1 0 1 0 0 0 1 0 0 0 1 0 0 1 0
450	3	1 1 1 1 0 1 0 1 0 0 0 0 0 1 1 1 0 0 0 0
450	4	1 1 1 1 0 1 1 0 0 0 0 0 0 0 1 1 0 0 0 0
450	3	1 1 1 1 0 1 1 0 0 0 0 0 0 0 0 1 0 0 0 0
450	4	1 1 1 1 0 1 0 1 0 0 1 0 0 0 1 0 0 0 0 0
450	1	1 1 1 1 0 1 1 1 0 1 1 1 0 1 1 0 0 0 0 0
450	1	1 1 1 1 0 1 1 1 0 0 0 0 0 0 0 1 0 1 0 0
450	3	1 1 1 1 0 1 1 1 0 0 0 1 0 0 1 1 0 0 0 0
450	6	1 1 1 1 0 1 1 1 1 0 0 1 0 0 1 0 1 0 0 0
450	3	1 1 1 1 1 0 0 1 0 0 0 1 0 0 0 1 0 0 0 0
450	1	1 1 1 1 0 1 0 1 0 0 1 1 0 0 1 0 0 0 0 0
450	4	1 1 1 1 0 1 0 1 0 0 1 0 1 0 0 1 0 0 0 0
450	2	1 1 0 1 1 1 0 1 1 0 0 0 0 0 1 1 1 0 0 0
450	1	1 1 0 1 1 1 1 1 0 0 1 0 0 1 1 0 0 0 0 1
450	1	1 1 1 1 0 0 0 1 0 0 1 0 0 0 1 0 0 0 0 1
450	1	1 1 0 1 0 1 0 1 0 0 0 0 1 0 0 1 0 0 0 0
450	1	1 1 1 1 0 1 1 1 0 0 1 0 0 0 1 1 0 0 0 1
450	1	1 1 1 1 0 1 1 1 0 0 1 0 0 1 1 0 0 0 0 0
450	4	1 1 1 1 0 1 0 1 0 0 1 0 1 1 0 1 0 0 0 0
450	2	1 1 1 1 0 1 1 1 0 1 0 0 0 0 0 1 0 0 0 0
450	2	1 1 0 1 0 1 0 1 0 0 1 0 0 0 1 0 0 0 0 0
450	1	1 1 1 1 1 1 0 1 0 0 0 0 0 0 1 1 0 0 0 0
450	1	1 1 1 1 0 1 1 1 0 0 0 0 1 0 0 1 0 0 0 0
450	1	1 1 1 1 1 0 0 1 0 0 0 1 0 0 0 1 0 0 1 0
450	4	1 1 1 1 0 1 1 0 0 0 0 0 0 0 0 0 0 0 0 0
450	1	1 1 1 1 1 1 0 1 0 0 0 0 0 0 1 0 0 0 0 0
450	4	1 1 1 1 0 1 0 1 0 0 0 0 0 0 1 0 1 0 0 0
450	4	0 1 1 1 0 1 0 1 0 0 0 0 1 0 0 1 0 0 0 0
450	1	1 1 1 1 0 1 1 0 0 0 0 0 0 0 1 0 0 0 0 0
450	1	1 1 1 1 0 1 0 1 0 0 0 0 0 0 1 0 0 0 1 0
450	2	1 1 1 1 0 0 0 1 1 0 0 0 0 1 1 0 0 1 0 0
450	1	1 1 1 1 0 1 1 1 0 0 0 0 1 0 0 1 1 0 0 0
450	1	1 1 1 1 1 1 0 1 0 0 0 0 0 0 1 1 1 0 0 0
450	3	1 1 0 1 0 1 0 1 0 0 0 0 0 1 1 1 0 0 0 0
450	6	1 1 1 1 0 1 0 1 0 0 1 0 1 1 0 0 0 0 0 0
450	1	1 1 1 1 0 1 0 1 0 1 1 1 1 0 0 1 0 0 0 1
450	3	1 1 1 1 0 1 0 1 0 0 0 0 1 0 1 0 0 0 0 0
450	1	1 1 1 1 0 1 0 1 1 0 0 0 0 0 1 1 1 0 0 0
450	3	1 1 0 1 0 1 1 0 0 0 0 0 0 0 1 1 0 0 0 0
450	1	1 1 0 1 1 1 0 1 0 0 0 0 0 0 1 1 1 0 0 0
450	1	1 1 1 1 1 0 0 1 1 0 0 0 0 1 1 0 0 1 0 0
450	2	1 1 1 1 0 1 1 1 0 0 0 0 0 0 1 0 1 0 0 0
450	1	1 1 1 1 0 1 0 1 0 1 1 1 0 1 1 0 1 0 0 0
450	2	1 1 1 1 0 1 1 0 0 0 0 0 0 0 1 0 0 0 0 1
450	2	1 0 1 1 0 1 1 1 0 0 1 0 0 0 1 1 0 0 0 0
450	2	1 1 1 1 0 1 0 0 0 1 1 1 0 0 1 1 0 1 0 0
450	2	1 1 1 1 0 0 0 1 0 0 0 0 0 0 1 0 0 0 0 0
450	1	1 1 1 1 0 1 0 1 1 1 1 1 0 0 1 0 0 0 0 0
450	1	1 1 1 1 1 1 0 1 0 0 0 1 0 0 0 1 0 0 0 0
450	1	1 1 1 1 0 1 0 1 0 0 1 0 1 0 1 1 0 0 0 0
450	2	1 1 1 1 0 1 0 1 0 0 0 0 0 0 0 1 0 0 0 0
450	1	1 1 1 1 0 1 1 1 0 0 1 0 0 0 0 1 0 0 0 0
450	1	1 1 1 1 0 1 0 1 0 1 1 1 0 1 1 0 0 0 0 0
450	1	1 1 0 1 0 1 0 1 0 0 0 1 0 1 1 0 1 0 0 0
450	1	0 1 1 1 0 1 0 1 0 0 1 0 0 0 1 0 1 0 0 1
450	1	1 0 1 1 0 1 0 1 0 0 0 0 0 0 1 1 1 0 0 0
450	1	1 1 1 1 0 1 1 0 0 0 1 0 0 0 1 1 0 0 0 0
450	1	1 1 1 1 0 1 1 1 0 0 0 0 1 1 0 1 1 0 0 0
500	10	1 1 1 1 0 1 1 1 0 0 0 0 0 0 1 1 0 0 0 0
500	4	1 1 1 1 0 1 0 1 0 1 1 1 0 0 1 0 0 0 0 0
500	3	1 1 1 1 0 1 0 1 0 0 0 0 1 0 0 1 0 0 0 0
500	1	0 1 1 1 0 1 0 1 1 0 0 0 0 0 1 1 0 0 0 0
500	16	1 1 1 1 0 1 1 0 0 0 0 0 0 0 0 1 0 0 0 0
500	1	1 1 1 1 0 1 0 1 0 0 1 0 1 1 0 1 0 0 0 0
500	8	1 1 1 1 0 1 1 1 0 1 0 0 0 0 0 1 0 0 0 0
500	6	1 1 1 1 0 1 1 1 0 0 0 0 1 0 0 1 0 0 0 0
500	13	1 1 1 1 0 1 0 1 0 0 1 0 1 1 0 0 0 0 0 0
500	5	1 1 1 1 0 1 0 1 0 0 0 0 1 0 1 0 0 0 0 0
500	1	1 1 1 1 0 1 1 0 0 0 0 0 0 0 1 0 0 0 0 1
500	3	1 1 1 1 0 1 0 1 0 0 0 0 0 0 0 1 0 0 0 0
500	5	1 1 1 1 0 1 1 1 0 0 0 0 1 1 0 1 0 0 0 0
500	2	1 1 1 1 0 1 0 1 1 1 1 1 0 0 1 0 0 0 0 0
500	1	1 1 1 1 0 1 1 0 0 0 0 0 0 1 0 0 0 0 0 0
500	2	1 1 1 1 0 1 0 1 0 0 0 0 0 1 1 1 0 0 1 0
500	2	1 1 1 1 1 1 0 1 0 0 0 0 0 0 0 1 0 0 0 0
500	7	1 1 1 1 0 1 0 1 0 0 0 1 1 0 0 1 0 0 0 0
500	3	1 1 1 1 0 1 0 1 0 0 0 0 0 1 1 0 0 0 0 0
500	3	1 1 1 1 0 1 0 1 0 1 0 0 0 0 0 1 0 0 0 0
500	2	1 1 1 1 0 1 1 1 1 0 1 0 0 0 1 1 0 0 0 0
500	1	1 1 1 1 0 1 1 1 0 1 1 1 0 0 1 0 0 0 0 0
500	3	1 1 1 0 0 1 0 1 0 0 0 0 0 1 1 1 0 0 0 0
500	4	1 1 1 1 0 0 0 1 0 1 0 0 0 1 1 1 0 0 0 0
500	3	1 1 1 1 0 1 1 1 0 0 1 0 1 1 0 1 1 0 0 0
500	6	1 1 1 1 0 1 1 1 0 0 0 0 0 1 1 1 0 0 0 0
500	2	1 1 1 1 0 1 0 1 0 0 1 0 1 1 1 1 0 0 0 0
500	2	1 1 1 1 0 1 0 1 0 0 1 0 1 0 0 0 0 0 0 0
500	2	1 1 1 1 0 1 0 1 1 1 1 0 1 1 0 1 0 0 0 0
500	2	0 1 1 1 0 1 0 1 0 0 1 0 0 0 1 1 0 0 0 0
500	3	1 1 1 1 0 1 0 1 0 0 0 1 0 0 0 1 0 0 0 0
500	2	1 1 1 1 0 1 1 0 0 0 0 1 0 0 0 0 0 0 0 0
500	7	1 1 1 1 0 1 0 1 1 0 1 0 1 1 0 0 0 0 0 0
500	3	1 1 1 1 1 1 1 1 0 0 0 0 1 1 0 1 0 0 0 0
500	2	0 1 1 1 0 1 1 1 0 0 0 0 1 1 0 1 0 0 0 0
500	3	1 1 1 1 0 1 1 0 0 0 0 1 1 0 0 0 0 0 0 0
500	6	1 1 1 1 1 1 0 1 0 0 1 0 1 1 0 0 0 0 0 0
500	1	1 1 1 0 0 1 1 1 0 0 0 0 1 0 0 1 0 0 0 0
500	6	1 1 1 1 0 1 1 0 0 0 0 0 0 0 1 1 0 0 0 0
500	2	0 1 1 1 0 1 1 1 0 0 0 0 0 0 1 1 0 0 0 0
500	1	1 1 1 1 0 1 0 1 1 1 0 1 0 0 1 0 0 0 0 0
500	3	1 1 1 1 0 1 1 1 0 0 0 0 0 0 1 0 0 0 1 1
500	1	1 1 1 1 0 1 0 1 0 1 1 1 0 0 1 1 0 0 1 0
500	1	0 1 1 1 1 1 0 1 0 0 0 1 0 0 1 0 0 0 0 0
500	2	1 1 1 1 0 1 1 1 0 0 0 0 1 0 1 0 0 0 0 0
500	2	1 1 1 1 1 1 1 0 0 0 0 0 0 0 0 1 0 0 0 0
500	1	1 0 1 1 0 1 1 1 0 0 0 0 0 1 1 1 0 0 0 0
500	3	1 1 1 1 0 1 0 0 0 0 0 1 0 0 0 1 0 0 0 0
500	4	1 0 1 1 0 1 0 1 0 1 1 0 1 1 0 0 0 0 0 0
500	1	0 1 1 1 0 1 0 1 0 0 1 0 1 1 0 0 0 0 0 0
500	1	1 1 1 1 0 1 1 1 1 0 0 0 0 1 1 1 0 0 0 0
500	1	1 0 1 1 0 1 0 1 1 1 1 0 1 1 0 1 0 0 0 0
500	1	1 1 1 1 0 1 1 1 0 0 1 1 0 0 1 0 0 0 0 0
500	2	1 1 1 1 0 1 0 0 1 0 1 0 1 1 0 0 0 0 0 0
500	1	1 1 1 1 0 1 0 1 0 1 1 1 0 0 0 1 0 0 0 0
500	1	1 0 1 1 0 1 1 0 0 0 0 0 0 0 0 1 0 0 0 0
500	1	1 1 1 1 0 0 0 1 0 1 0 0 0 1 1 0 0 0 0 0
500	1	0 1 1 1 0 1 0 1 0 0 1 0 1 0 0 0 0 0 0 0
500	2	1 1 1 1 0 1 0 1 0 1 1 0 0 0 1 1 0 0 0 0
500	1	1 1 1 1 0 1 0 1 0 1 1 0 0 0 1 0 1 0 0 0
500	1	1 1 1 1 0 1 0 1 1 1 1 0 1 1 0 1 0 0 1 0
500	1	1 1 1 1 0 1 0 1 0 0 1 0 1 0 1 1 0 0 0 1
500	1	1 1 1 1 0 1 0 1 0 1 1 0 1 1 0 0 0 0 0 0
500	1	1 1 1 1 1 1 1 1 0 1 0 0 0 0 0 1 0 0 0 0
500	1	1 1 1 0 0 1 1 0 0 0 0 0 0 0 0 1 0 0 0 0
500	1	1 1 1 1 0 0 0 1 0 0 1 0 0 0 1 0 0 0 0 0
500	1	1 1 1 1 1 1 0 1 0 0 1 0 1 1 0 1 0 0 0 0
500	1	1 1 1 1 0 1 1 1 0 0 0 0 1 0 1 1 0 0 0 0
500	1	1 1 1 1 0 1 1 1 1 0 0 0 1 0 0 1 0 0 0 0
500	1	1 1 1 1 0 1 1 1 0 0 1 0 1 1 0 0 0 0 0 0
500	1	1 1 0 1 0 1 0 1 1 0 1 0 1 1 0 0 0 0 0 0
