0	50	0 0 0 0 0 0 0 0 0 0 1 0 0 0 0 0 0 0 0 0
0	50	0 1 0 0 0 0 0 1 0 0 0 0 0 1 0 1 0 1 0 0
0	50	1 0 1 1 0 0 0 0 1 1 0 0 0 0 0 0 1 0 0 0
0	50	0 1 1 0 0 0 0 0 0 0 1 1 0 0 1 0 0 0 0 0
20	23	0 1 0 0 0 0 0 1 0 0 0 0 0 1 0 1 0 1 0 0
20	78	1 0 1 1 0 0 0 0 1 1 0 0 0 0 0 0 1 0 0 0
20	6	0 1 1 0 0 0 0 0 0 0 1 1 0 0 1 0 0 0 0 0
20	4	0 1 1 1 0 0 0 0 1 1 0 0 0 0 0 0 1 0 0 0
20	6	1 0 1 1 0 0 0 1 1 1 0 0 0 0 0 0 1 0 0 0
20	1	0 1 1 1 0 0 0 0 0 0 1 1 0 0 1 0 0 0 0 0
20	3	1 0 1 1 0 0 0 0 1 1 0 0 0 0 0 0 1 0 1 0
20	4	1 0 1 1 0 0 0 0 1 1 0 0 0 0 0 1 0 1 0 0
20	2	1 0 1 1 0 0 0 0 0 1 0 0 0 0 0 0 1 0 0 0
20	2	0 0 1 1 0 0 0 0 1 1 0 0 0 0 0 0 1 0 0 0
20	4	1 0 1 1 0 0 0 0 1 1 0 0 0 0 0 0 0 0 0 0
20	4	0 1 0 0 0 0 0 1 1 0 0 0 0 1 0 1 0 1 0 0
20	7	1 0 1 1 0 0 0 0 1 1 0 0 0 0 1 0 1 0 0 0
20	7	1 0 1 1 1 0 0 0 1 1 0 0 0 0 0 0 1 0 0 0
20	1	1 0 1 1 0 1 0 1 1 1 0 0 0 0 0 0 1 0 0 0
20	3	1 0 1 1 0 0 0 1 0 0 0 0 0 1 0 1 0 1 0 0
20	3	1 1 1 1 0 0 0 0 1 1 0 0 0 0 0 0 1 0 0 0
20	1	1 0 1 0 0 0 0 0 0 0 1 1 0 0 1 0 0 0 0 0
20	1	0 0 1 1 0 0 0 0 1 1 0 0 0 0 0 0 1 1 0 0
20	1	0 1 0 0 0 0 0 1 0 0 0 0 0 0 1 0 1 0 0 0
20	3	1 0 1 0 0 0 0 0 1 1 0 0 0 0 0 0 1 0 0 0
20	1	0 1 1 1 0 0 0 0 0 0 1 1 0 0 1 0 0 1 0 0
20	1	0 1 0 0 0 0 0 1 0 0 0 0 0 0 0 0 0 0 0 0
20	2	1 0 1 1 0 0 0 0 1 1 0 0 0 0 1 0 0 0 0 0
20	3	0 1 0 1 0 0 0 0 1 1 0 0 0 0 0 0 1 0 0 0
20	1	0 1 0 0 0 1 1 1 0 0 0 0 0 1 0 1 0 1 0 0
20	2	1 0 1 1 1 0 0 0 1 1 0 0 0 1 0 0 1 0 0 0
20	2	0 1 0 0 0 0 0 1 0 0 0 0 0 1 0 1 0 1 0 1
20	1	1 0 1 1 0 0 0 1 1 1 0 0 0 1 0 1 0 1 0 0
20	1	0 1 0 0 0 0 0 0 1 1 0 0 0 0 0 0 1 0 0 0
20	3	1 0 1 1 0 0 0 0 0 0 1 0 0 0 0 0 1 0 0 0
20	1	0 0 1 1 0 0 0 0 1 1 0 0 1 0 0 0 1 1 0 0
20	1	0 1 1 1 0 0 0 0 1 1 0 0 0 0 0 0 1 1 0 0
20	1	0 1 0 0 0 0 0 1 0 1 0 0 0 0 0 0 1 0 0 0
20	2	0 1 0 0 0 0 1 0 1 1 0 0 0 0 0 0 1 0 0 0
20	1	0 1 0 0 0 0 0 1 0 1 0 0 0 1 0 1 0 1 0 0
20	1	0 1 0 0 1 0 0 1 0 0 0 0 0 1 0 1 0 1 0 0
20	1	1 0 1 0 0 0 0 0 0 0 1 1 0 0 1 0 1 0 0 0
20	1	0 1 0 0 0 0 0 1 0 0 0 0 0 1 0 1 1 1 0 0
20	1	1 0 1 1 0 1 0 0 1 1 0 0 0 0 0 0 1 0 0 0
20	1	0 0 1 0 0 0 0 0 1 1 0 0 0 0 0 0 1 0 0 0
20	1	0 1 1 1 0 0 0 0 1 1 1 1 0 0 1 0 0 1 0 0
20	1	0 1 0 0 0 0 0 1 0 0 0 0 0 1 0 1 0 0 0 0
20	1	1 1 1 1 0 0 0 1 1 1 0 0 0 0 0 0 1 0 0 0
20	1	1 0 1 1 0 0 0 0 1 1 0 0 0 0 0 0 0 0 1 0
20	1	0 1 1 0 0 0 0 0 1 1 0 0 0 0 0 0 1 0 0 0
20	2	1 0 1 1 0 1 0 0 0 0 1 0 0 0 0 0 1 0 0 0
20	1	0 1 0 0 0 0 0 1 0 0 0 0 0 1 0 1 0 1 1 0
40	2	0 1 0 0 0 0 0 1 0 0 0 0 0 1 0 1 0 1 0 0
40	63	1 0 1 1 0 0 0 0 1 1 0 0 0 0 0 0 1 0 0 0
40	6	0 1 1 1 0 0 0 0 1 1 0 0 0 0 0 0 1 0 0 0
40	2	1 0 1 1 0 0 0 1 1 1 0 0 0 0 0 0 1 0 0 0
40	10	1 0 1 1 0 0 0 0 1 1 0 0 0 0 0 0 1 0 1 0
40	1	1 0 1 1 0 0 0 0 1 1 0 0 0 0 0 0 0 0 0 0
40	5	0 1 0 0 0 0 0 1 1 0 0 0 0 1 0 1 0 1 0 0
40	4	1 0 1 1 0 0 0 0 1 1 0 0 0 0 1 0 1 0 0 0
40	9	1 0 1 1 1 0 0 0 1 1 0 0 0 0 0 0 1 0 0 0
40	12	1 0 1 1 0 1 0 1 1 1 0 0 0 0 0 0 1 0 0 0
40	4	1 1 1 1 0 0 0 0 1 1 0 0 0 0 0 0 1 0 0 0
40	2	1 0 1 0 0 0 0 0 1 1 0 0 0 0 0 0 1 0 0 0
40	2	1 0 1 1 0 0 0 0 1 1 0 0 0 0 1 0 0 0 0 0
40	5	0 1 0 1 0 0 0 0 1 1 0 0 0 0 0 0 1 0 0 0
40	8	1 1 1 1 0 0 0 1 1 1 0 0 0 0 0 0 1 0 0 0
40	1	1 0 1 1 0 1 0 0 0 0 1 0 0 0 0 0 1 0 0 0
40	2	1 0 1 1 0 0 0 0 1 1 0 0 0 1 0 1 0 1 0 0
40	6	1 0 1 1 0 0 0 0 1 1 0 0 0 0 0 0 1 1 0 0
40	1	1 1 1 1 0 1 0 1 1 1 0 0 0 0 0 0 1 0 0 0
40	1	0 1 0 0 0 0 0 0 1 1 0 0 0 0 0 0 1 0 0 0
40	1	1 0 1 1 0 0 0 1 1 1 0 0 0 0 0 0 1 0 1 0
40	2	1 1 1 1 0 0 1 0 1 1 0 0 0 0 0 0 1 0 0 0
40	3	1 1 0 0 0 0 0 1 1 0 0 0 0 1 0 1 0 1 0 0
40	2	0 1 0 1 0 0 0 0 1 1 0 0 0 0 1 0 1 0 0 0
40	1	1 0 1 1 0 0 0 0 1 1 0 1 0 0 0 0 1 0 0 0
40	1	1 0 1 1 0 1 0 0 1 1 0 0 0 0 1 0 0 0 0 0
40	1	1 0 1 1 0 0 1 0 1 1 0 0 0 0 0 0 1 0 0 0
40	2	1 0 1 1 0 0 0 0 1 1 0 0 0 0 0 0 1 0 0 1
40	2	1 0 1 1 0 1 0 1 1 1 0 0 0 0 0 0 0 0 0 0
40	2	1 1 1 1 0 0 0 0 1 1 0 0 0 0 0 0 1 0 1 0
40	1	0 1 0 1 0 0 0 0 1 1 0 0 0 0 0 1 1 0 0 0
40	3	0 1 1 1 0 0 0 0 1 1 0 0 0 0 1 0 1 0 0 0
40	1	0 1 0 0 0 0 1 1 0 0 0 0 0 0 0 1 0 1 0 0
40	2	0 1 0 1 0 0 0 0 1 1 0 0 0 0 0 0 1 0 0 1
40	1	1 0 1 1 0 0 1 0 1 1 0 0 0 0 0 0 1 0 1 0
40	1	1 0 1 1 0 0 0 0 1 1 0 1 0 0 0 0 1 0 1 0
40	1	1 0 1 1 0 0 0 0 1 1 0 1 1 0 0 0 1 0 0 0
40	3	0 1 0 0 0 0 0 1 0 0 0 0 0 0 0 0 0 0 0 0
40	2	0 1 0 1 0 0 0 0 1 1 1 0 0 0 0 0 1 0 0 0
40	2	1 0 1 1 0 0 0 0 1 1 0 0 0 0 0 0 1 1 1 0
40	1	1 1 1 1 0 0 0 0 1 1 0 0 0 1 0 1 0 1 0 0
40	2	1 1 1 1 0 0 0 1 1 1 0 0 0 0 0 0 1 0 0 1
40	1	1 0 1 1 0 1 0 1 1 1 0 0 0 0 0 0 1 0 1 0
40	3	1 0 1 1 0 0 0 0 1 1 1 1 0 0 0 0 1 0 0 0
40	4	1 0 1 1 0 0 0 0 1 1 1 0 0 1 0 0 1 0 0 0
40	1	1 0 1 1 0 1 0 0 1 1 0 0 0 0 0 0 1 0 0 0
40	1	0 0 1 1 0 0 0 0 1 1 0 0 0 0 0 0 0 0 0 0
40	1	1 1 1 1 0 1 0 0 1 1 0 0 0 0 0 0 1 0 0 0
40	1	1 0 1 1 0 1 0 1 1 1 0 0 0 1 0 1 0 1 0 0
40	1	1 0 1 1 0 0 0 0 1 1 0 0 0 1 0 1 1 0 0 0
40	2	0 1 1 1 0 0 1 0 1 1 0 0 0 0 0 0 1 0 0 0
40	1	0 0 1 1 0 1 0 1 1 1 0 0 0 0 0 0 0 0 0 0
40	1	1 1 1 1 0 0 0 0 1 1 0 0 0 0 1 0 1 0 1 0
60	2	0 1 0 0 0 0 0 1 0 0 0 0 0 1 0 1 0 1 0 0
60	40	1 0 1 1 0 0 0 0 1 1 0 0 0 0 0 0 1 0 0 0
60	3	1 0 1 1 0 0 0 1 1 1 0 0 0 0 0 0 1 0 0 0
60	5	1 0 1 1 0 0 0 0 1 1 0 0 0 0 0 0 1 0 1 0
60	1	1 0 1 1 0 0 0 0 1 1 0 0 0 0 0 0 0 0 0 0
60	8	1 0 1 1 0 0 0 0 1 1 0 0 0 0 1 0 1 0 0 0
60	13	1 0 1 1 1 0 0 0 1 1 0 0 0 0 0 0 1 0 0 0
60	6	1 0 1 1 0 1 0 1 1 1 0 0 0 0 0 0 1 0 0 0
60	3	0 1 0 1 0 0 0 0 1 1 0 0 0 0 0 0 1 0 0 0
60	3	1 1 1 1 0 0 0 1 1 1 0 0 0 0 0 0 1 0 0 0
60	4	1 0 1 1 0 0 0 0 1 1 0 0 0 1 0 0 1 0 1 0
60	1	0 1 1 1 0 0 0 0 1 1 0 0 0 0 0 0 1 0 1 0
60	3	1 0 1 1 0 0 0 0 1 1 0 0 0 0 1 0 1 0 0 1
60	5	1 0 1 1 0 0 0 0 1 1 0 1 0 0 0 0 1 0 0 0
60	1	1 0 1 1 0 1 0 0 1 1 0 0 0 0 1 0 0 0 0 0
60	1	1 0 0 1 0 0 0 0 1 1 0 0 0 0 0 0 1 0 0 0
60	5	1 0 1 1 0 0 0 0 1 1 0 0 0 0 0 0 1 0 0 1
60	1	1 0 1 1 0 0 0 0 1 1 1 0 0 0 0 0 1 0 0 0
60	5	1 0 1 1 0 1 0 1 1 1 0 0 0 0 0 0 0 0 0 0
60	3	1 1 1 1 0 0 0 0 1 1 0 0 0 0 0 0 1 0 1 0
60	9	1 0 1 0 0 1 0 1 1 1 1 0 0 0 0 0 1 0 0 0
60	2	0 1 0 0 0 0 1 1 1 0 0 0 0 1 1 1 0 1 0 0
60	7	1 0 1 1 0 0 0 0 1 1 0 0 0 0 0 0 1 1 1 0
60	2	1 0 1 1 0 0 0 0 1 1 1 0 0 1 0 0 1 0 0 0
60	4	1 0 1 1 0 0 0 0 1 1 0 0 0 0 0 0 0 1 0 0
60	1	0 1 1 1 0 1 0 0 1 1 0 0 0 0 0 0 1 0 0 0
60	2	0 1 1 1 0 0 0 0 1 1 0 0 0 0 0 0 0 0 0 0
60	6	1 1 0 1 0 0 0 0 1 1 0 0 0 0 0 0 1 0 0 0
60	2	0 0 1 1 0 0 0 0 1 1 0 0 0 0 0 0 1 0 0 0
60	1	1 1 1 1 0 0 0 0 1 0 0 0 0 0 0 0 1 0 0 0
60	2	1 0 1 1 0 0 0 0 0 1 0 0 0 0 0 0 1 0 0 0
60	4	1 0 1 1 0 0 0 0 0 1 0 0 0 0 0 0 1 0 1 0
60	1	1 0 1 1 1 0 0 0 1 1 0 0 0 0 0 0 1 0 1 0
60	1	1 0 1 1 0 0 0 0 1 1 1 0 0 1 0 0 0 0 0 0
60	3	0 0 1 1 0 0 0 0 1 1 0 0 0 0 0 0 1 0 1 0
60	1	1 0 1 0 0 0 0 0 1 1 0 0 0 0 1 0 1 0 0 0
60	1	0 0 1 1 0 0 0 0 1 1 1 0 0 0 0 0 1 0 1 0
60	4	1 0 1 1 0 0 0 0 1 1 0 0 0 0 1 0 1 0 1 0
60	1	0 1 1 1 0 1 0 1 1 1 0 0 0 0 0 0 1 0 0 0
60	9	1 1 1 1 0 0 0 0 1 1 0 0 0 0 0 0 1 0 0 0
60	1	1 1 1 1 1 0 0 1 1 1 0 0 0 0 0 0 1 0 0 0
60	3	0 0 1 1 0 0 0 0 1 1 0 0 0 1 0 0 1 0 1 0
60	1	0 1 0 1 1 0 0 0 1 1 0 0 0 0 0 0 0 1 0 0
60	1	1 0 1 1 0 0 0 0 1 1 0 1 0 0 0 0 0 1 0 0
60	1	0 1 0 0 0 0 0 1 1 0 1 0 0 0 0 0 1 0 0 0
60	1	1 0 1 1 0 0 0 0 1 1 0 0 1 0 0 0 1 1 1 0
60	1	1 0 1 1 0 1 0 1 1 1 0 1 0 0 0 0 1 0 0 1
60	1	0 0 1 1 0 0 0 0 1 1 1 0 0 1 0 0 1 0 0 0
60	2	0 1 0 0 0 0 0 1 1 0 0 0 0 1 0 0 1 1 1 0
60	2	1 1 1 1 0 0 0 1 1 1 0 0 0 0 0 0 1 0 0 1
60	2	1 0 1 1 0 0 0 0 1 0 1 0 0 1 0 0 1 0 0 0
60	1	1 0 1 1 0 0 1 0 1 1 0 0 0 0 0 0 1 0 1 0
60	1	1 0 1 1 0 0 0 0 1 1 0 0 1 0 0 0 1 0 0 0
60	1	1 0 1 1 0 0 0 0 1 1 0 0 0 0 1 1 1 0 0 0
60	2	1 0 1 1 1 0 1 0 1 1 0 0 0 0 0 0 1 0 0 0
60	1	1 0 1 1 1 0 0 0 1 1 0 0 0 0 0 0 1 1 0 0
60	1	1 0 0 1 1 0 0 0 1 1 0 0 0 0 0 0 1 0 0 0
60	1	0 0 1 1 0 0 0 0 1 1 0 0 0 1 0 0 1 0 0 0
80	27	1 0 1 1 0 0 0 0 1 1 0 0 0 0 0 0 1 0 0 0
80	1	1 0 1 1 0 0 0 1 1 1 0 0 0 0 0 0 1 0 0 0
80	11	1 0 1 1 0 0 0 0 1 1 0 0 0 0 0 0 1 0 1 0
80	3	1 0 1 1 1 0 0 0 1 1 0 0 0 0 0 0 1 0 0 0
80	6	0 1 0 1 0 0 0 0 1 1 0 0 0 0 0 0 1 0 0 0
80	1	1 1 1 1 0 0 0 1 1 1 0 0 0 0 0 0 1 0 0 0
80	3	1 0 1 1 0 0 0 0 1 1 0 0 0 0 0 0 1 1 0 0
80	2	1 0 1 1 0 0 0 0 1 1 0 0 0 1 0 0 1 0 1 0
80	1	1 0 1 1 0 0 0 0 1 1 0 0 0 0 1 0 1 0 0 1
80	4	1 0 1 1 0 0 0 0 1 1 0 1 0 0 0 0 1 0 0 0
80	4	1 0 0 1 0 0 0 0 1 1 0 0 0 0 0 0 1 0 0 0
80	4	1 0 1 1 0 0 0 0 1 1 0 0 0 0 0 0 1 0 0 1
80	12	1 0 1 1 0 1 0 1 1 1 0 0 0 0 0 0 0 0 0 0
80	7	1 1 1 1 0 0 0 0 1 1 0 0 0 0 0 0 1 0 1 0
80	1	1 0 1 0 0 1 0 1 1 1 1 0 0 0 0 0 1 0 0 0
80	2	1 0 1 1 0 0 0 0 1 1 0 0 0 0 0 0 1 1 1 0
80	2	0 1 1 1 0 0 0 0 1 1 0 0 0 0 0 0 0 0 0 0
80	4	1 1 0 1 0 0 0 0 1 1 0 0 0 0 0 0 1 0 0 0
80	1	0 0 1 1 0 0 0 0 1 1 0 0 0 0 0 0 1 0 0 0
80	1	1 0 1 1 0 0 0 0 0 1 0 0 0 0 0 0 1 0 0 0
80	5	1 0 1 1 0 0 0 0 0 1 0 0 0 0 0 0 1 0 1 0
80	1	1 0 1 1 1 0 0 0 1 1 0 0 0 0 0 0 1 0 1 0
80	2	0 0 1 1 0 0 0 0 1 1 0 0 0 0 0 0 1 0 1 0
80	10	1 1 1 1 0 0 0 0 1 1 0 0 0 0 0 0 1 0 0 0
80	4	1 0 1 1 0 0 0 0 1 1 0 1 0 0 0 0 0 1 0 0
80	1	1 0 1 1 0 0 0 0 1 1 0 0 1 0 0 0 1 1 1 0
80	1	1 0 1 1 0 0 0 0 1 0 1 0 0 1 0 0 1 0 0 0
80	5	1 0 1 1 0 0 1 0 1 1 0 0 0 0 0 0 1 0 0 0
80	2	1 0 1 0 0 1 0 1 1 1 1 0 0 0 1 0 1 0 0 0
80	1	0 1 1 1 0 0 0 0 1 1 0 0 0 0 1 0 1 0 1 0
80	8	1 0 1 1 0 0 0 0 1 1 0 0 1 0 0 0 1 0 1 0
80	2	1 0 1 1 0 0 0 0 1 1 0 0 0 1 0 0 1 0 0 0
80	2	1 0 1 1 0 0 0 0 1 0 0 0 0 0 0 0 1 0 0 0
80	1	1 1 1 1 0 0 0 0 1 1 0 0 0 1 0 0 1 0 1 0
80	3	1 0 1 1 0 0 0 0 1 1 0 0 0 0 0 1 0 1 0 0
80	3	0 1 1 1 0 0 0 0 1 1 0 0 0 0 0 0 1 0 0 0
80	1	1 1 1 0 0 0 0 0 1 1 0 0 0 0 0 0 0 0 1 0
80	3	1 1 1 1 0 0 0 0 1 1 0 0 0 0 0 0 0 0 0 0
80	4	1 1 1 1 0 0 0 0 1 1 0 0 0 0 0 0 1 0 0 1
80	4	0 1 1 1 0 0 0 1 1 1 0 0 0 0 0 0 0 0 0 0
80	3	1 1 1 1 0 0 0 0 1 1 0 0 0 1 0 0 1 1 1 0
80	1	1 0 1 1 0 0 0 0 1 1 1 0 0 0 0 0 1 0 0 1
80	3	1 0 1 1 0 0 0 0 0 1 0 0 0 0 0 1 1 0 0 0
80	2	1 1 1 1 0 0 0 0 1 1 0 0 0 1 1 0 0 0 1 0
80	4	1 0 1 1 0 0 0 1 1 1 0 0 0 0 0 0 0 0 0 0
80	1	1 1 1 1 0 0 0 0 0 1 0 0 0 0 0 0 1 0 1 0
80	1	1 0 1 1 1 0 0 0 1 1 0 0 0 0 0 1 1 1 1 0
80	1	0 1 1 1 0 0 0 0 1 1 0 1 0 0 0 0 1 0 0 1
80	2	1 0 1 1 0 0 1 1 1 0 1 0 0 0 0 0 1 0 0 0
80	1	0 0 1 1 0 1 0 1 1 1 0 0 0 0 0 0 1 0 0 0
80	1	1 0 1 1 0 1 0 1 1 1 0 1 0 0 0 0 0 0 0 0
80	2	1 0 1 0 0 0 0 0 1 1 0 0 0 0 0 0 1 0 1 0
80	1	0 1 0 1 0 0 0 0 1 1 1 0 0 0 0 0 1 0 0 0
80	1	1 1 1 1 0 0 0 0 1 1 0 0 0 0 0 0 1 1 1 0
80	1	1 1 1 1 0 0 0 0 1 1 0 0 0 0 0 1 1 0 0 1
80	1	1 0 1 1 0 0 0 0 1 1 0 0 0 0 0 0 0 0 0 0
80	1	0 1 1 1 0 0 0 0 1 1 1 0 0 0 0 0 1 0 0 1
80	1	1 0 1 1 0 0 0 0 1 1 0 0 1 0 1 0 1 0 1 0
80	3	1 0 1 1 0 0 0 0 1 1 0 1 1 0 0 0 1 0 1 0
80	1	1 0 1 0 0 1 0 0 1 1 0 0 0 0 0 0 1 0 0 0
80	1	0 1 1 1 0 0 0 1 1 1 0 0 0 0 0 0 1 0 0 0
80	1	1 0 1 1 0 0 0 0 1 0 0 0 0 0 0 0 0 1 0 0
80	2	0 1 1 1 0 0 0 0 1 0 0 0 0 0 0 0 0 0 0 0
80	1	1 0 1 1 0 0 0 1 1 1 1 0 0 0 0 0 1 0 0 0
80	1	1 0 1 1 0 0 0 0 1 1 0 1 0 0 0 0 0 0 0 0
80	1	0 1 1 1 0 0 0 0 1 1 0 0 1 0 0 0 1 0 0 0
80	1	1 0 1 0 0 0 0 0 1 1 0 0 0 0 0 0 1 0 0 0
100	8	1 0 1 1 0 0 0 0 1 1 0 0 0 0 0 0 1 0 0 0
100	5	1 0 1 1 0 0 0 0 1 1 0 0 0 0 0 0 1 0 1 0
100	6	1 0 1 1 0 0 0 0 1 1 0 0 0 0 1 0 1 0 0 0
100	1	0 1 0 1 0 0 0 0 1 1 0 0 0 0 0 0 1 0 0 0
100	1	1 0 1 1 0 0 0 0 1 1 0 0 0 0 0 0 1 1 0 0
100	3	1 0 1 1 0 0 0 0 1 1 0 0 0 0 1 0 1 0 0 1
100	4	1 0 1 1 0 0 0 0 1 1 0 1 0 0 0 0 1 0 0 0
100	4	1 0 1 1 0 1 0 1 1 1 0 0 0 0 0 0 0 0 0 0
100	5	1 1 1 1 0 0 0 0 1 1 0 0 0 0 0 0 1 0 1 0
100	2	1 0 1 1 0 0 0 0 0 1 0 0 0 0 0 0 1 0 0 0
100	13	1 0 1 1 0 0 0 0 0 1 0 0 0 0 0 0 1 0 1 0
100	2	1 1 1 1 0 0 0 0 1 1 0 0 0 0 0 0 1 0 0 0
100	4	1 0 1 1 0 0 0 0 1 1 0 1 0 0 0 0 0 1 0 0
100	5	1 0 1 1 0 0 1 0 1 1 0 0 0 0 0 0 1 0 0 0
100	2	1 0 1 0 0 1 0 1 1 1 1 0 0 0 1 0 1 0 0 0
100	5	1 0 1 1 0 0 0 0 1 1 0 0 1 0 0 0 1 0 1 0
100	2	1 0 1 1 0 0 0 0 1 1 0 0 0 0 0 1 0 1 0 0
100	5	1 1 1 1 0 0 0 0 1 1 0 0 0 0 0 0 0 0 0 0
100	2	1 0 1 1 0 1 0 1 0 1 0 0 0 0 0 0 0 0 0 0
100	8	0 1 1 1 0 0 0 1 1 1 0 0 0 0 0 0 0 0 0 0
100	1	1 0 1 1 1 1 0 1 1 1 0 0 0 0 0 0 0 0 0 0
100	1	1 1 1 1 0 0 1 1 1 1 0 0 0 0 0 0 1 0 0 0
100	1	1 0 1 1 0 0 0 0 1 1 1 0 0 0 0 0 1 0 0 1
100	1	1 1 1 1 0 0 0 0 1 1 0 0 0 1 1 0 0 0 1 0
100	4	1 1 1 1 0 0 0 0 0 1 0 0 0 0 0 0 1 0 1 0
100	7	1 1 1 1 0 0 0 0 1 1 0 0 0 1 0 0 1 1 0 0
100	1	1 1 1 1 0 0 1 0 1 1 0 0 0 0 0 0 1 0 0 0
100	3	1 0 1 1 0 0 0 0 0 1 0 1 0 0 0 0 1 0 1 0
100	1	1 0 1 0 0 0 0 0 1 1 0 0 0 0 0 0 1 0 1 0
100	4	0 1 0 1 0 0 0 0 1 1 1 0 0 0 0 0 1 0 0 0
100	1	1 1 1 1 0 0 0 0 1 1 0 0 0 0 0 0 1 0 1 1
100	2	1 0 1 1 0 0 0 0 1 1 0 0 0 0 0 0 0 0 0 0
100	4	1 0 1 1 0 0 0 0 1 1 0 1 1 0 0 0 1 0 1 0
100	2	0 1 1 1 0 0 0 0 1 1 0 0 0 1 0 0 1 0 1 0
100	1	1 1 1 1 0 0 0 0 1 1 0 0 0 1 1 0 1 0 1 0
100	1	0 1 1 1 0 0 0 0 0 1 0 0 0 0 0 0 1 0 1 0
100	1	0 1 0 1 0 0 0 0 1 1 0 0 0 1 0 0 0 0 0 0
100	1	1 0 1 1 0 0 0 0 0 1 0 0 0 0 0 0 1 1 0 0
100	1	1 0 1 1 0 1 0 1 1 0 0 0 0 0 0 0 0 0 0 0
100	3	0 1 0 1 0 0 0 0 1 1 0 0 0 0 0 0 1 0 1 0
100	1	1 1 1 0 0 0 0 1 1 1 0 0 0 0 0 0 1 0 0 0
100	1	1 1 1 1 0 1 0 1 1 1 0 0 0 0 0 0 0 0 0 0
100	1	1 0 1 1 0 0 0 0 1 1 0 0 1 0 0 0 1 0 1 1
100	2	1 1 0 1 0 0 0 0 1 1 0 0 0 0 0 0 0 0 0 0
100	1	1 0 1 1 0 0 0 1 1 1 0 0 0 0 0 0 0 1 0 0
100	3	1 0 1 1 1 0 0 0 1 1 0 0 0 0 0 0 1 1 0 0
100	3	1 1 1 1 0 0 1 0 1 1 0 0 0 1 0 0 1 0 0 0
100	3	1 0 1 1 1 1 0 1 1 1 0 0 0 0 0 0 1 0 0 0
100	2	1 0 1 1 0 1 0 1 1 1 0 0 0 0 0 1 0 0 0 0
100	2	1 1 0 1 0 0 0 0 1 1 0 0 0 0 0 0 1 1 1 0
100	7	1 0 1 1 0 0 0 0 1 1 1 0 0 0 0 0 1 0 0 0
100	1	1 0 1 1 0 0 0 0 1 1 0 1 0 0 0 0 1 0 0 1
100	2	1 1 1 1 0 0 0 0 1 0 0 0 0 0 0 0 1 0 1 1
100	1	1 1 1 1 0 0 0 0 0 1 0 0 0 0 0 0 1 0 0 0
100	2	1 0 1 1 0 0 0 0 1 1 0 1 0 0 1 0 1 0 0 0
100	2	1 1 1 0 0 0 0 1 1 1 0 0 0 0 0 0 1 0 0 1
100	1	1 0 1 1 0 0 0 1 0 1 0 1 0 0 0 0 1 0 1 0
100	1	1 0 1 0 0 1 0 1 1 1 0 0 0 0 1 0 1 0 0 0
100	2	1 0 1 1 1 1 0 1 1 1 0 0 0 0 0 0 0 0 1 0
100	4	0 1 0 1 0 0 0 0 1 1 0 0 0 1 1 0 0 0 1 0
100	1	0 1 1 1 0 0 1 0 1 1 0 1 0 0 0 0 1 0 0 1
100	1	0 1 0 0 0 0 0 0 1 1 1 0 0 0 0 0 1 0 0 0
100	1	1 1 1 1 0 1 0 1 1 1 0 0 0 0 0 1 0 0 0 0
100	1	1 0 1 1 1 0 0 0 1 0 0 0 0 0 0 0 1 1 0 0
100	1	0 1 1 1 0 0 1 0 1 1 0 0 0 0 0 0 1 0 0 0
100	1	1 1 1 1 0 0 0 0 1 1 0 0 0 0 0 0 1 1 1 0
100	3	1 1 0 1 0 0 0 0 1 1 1 0 0 0 0 0 1 0 0 0
100	1	1 1 1 1 0 0 0 0 1 0 0 0 0 0 0 0 1 0 0 0
100	1	1 0 1 1 0 0 0 0 0 1 0 1 0 0 0 0 0 1 0 0
100	1	1 0 1 1 0 0 0 0 1 1 0 0 0 0 0 1 1 0 0 1
100	1	1 1 1 1 0 0 1 1 0 1 0 0 0 0 0 0 1 0 1 0
100	2	1 0 1 1 0 0 0 0 1 1 0 1 0 0 1 0 1 1 0 0
100	2	1 0 1 1 0 0 0 0 0 1 0 0 0 1 0 0 1 0 1 0
100	1	0 1 1 1 0 1 0 1 1 1 0 0 0 0 0 0 0 0 0 0
100	1	1 1 1 1 0 0 0 0 1 1 0 0 1 1 0 0 1 1 0 0
100	1	1 1 1 0 0 0 0 0 1 1 0 0 0 0 0 1 1 0 0 1
100	1	0 0 1 1 0 0 0 0 1 1 0 0 0 0 1 0 0 0 0 0
100	1	0 1 1 1 0 0 0 0 1 1 0 0 0 0 0 0 1 0 1 0
100	1	0 1 1 1 0 0 0 0 1 1 0 0 0 1 0 0 1 0 0 0
100	1	0 1 1 1 0 0 0 0 1 1 0 0 0 0 0 0 1 0 0 0
100	1	1 0 1 0 0 1 0 1 1 1 1 1 0 0 1 0 1 0 0 0
100	1	1 0 1 1 0 0 0 0 1 1 0 0 1 0 0 0 1 1 1 0
100	1	1 0 1 1 1 1 0 1 1 1 0 0 0 0 1 0 1 0 0 0
100	1	1 1 0 1 0 0 0 0 1 0 0 0 0 0 0 0 1 1 1 0
100	1	1 1 1 1 0 0 0 0 1 1 0 0 0 1 1 0 0 0 1 1
100	1	1 0 1 0 0 0 0 0 0 1 0 1 0 0 0 0 1 0 1 0
120	9	1 0 1 1 0 0 0 0 1 1 0 0 0 0 0 0 1 0 1 0
120	2	1 0 1 1 0 1 0 1 1 1 0 0 0 0 0 0 0 0 0 0
120	3	1 1 1 1 0 0 0 0 1 1 0 0 0 0 0 0 1 0 1 0
120	1	1 0 1 1 0 0 0 0 0 1 0 0 0 0 0 0 1 0 0 0
120	2	1 1 1 1 0 0 0 0 1 1 0 0 0 0 0 0 1 0 0 0
120	4	1 0 1 1 0 0 0 0 1 1 0 1 0 0 0 0 0 1 0 0
120	3	1 0 1 1 0 0 0 0 1 1 0 0 1 0 0 0 1 0 1 0
120	5	1 1 1 1 0 0 0 0 1 1 0 0 0 0 0 0 0 0 0 0
120	17	0 1 1 1 0 0 0 1 1 1 0 0 0 0 0 0 0 0 0 0
120	2	1 0 1 1 1 1 0 1 1 1 0 0 0 0 0 0 0 0 0 0
120	3	1 1 1 1 0 0 0 0 0 1 0 0 0 0 0 0 1 0 1 0
120	1	1 1 1 1 0 0 0 0 1 1 0 0 0 1 0 0 1 1 0 0
120	3	1 0 1 1 0 0 0 0 0 1 0 1 0 0 0 0 1 0 1 0
120	7	1 0 1 1 0 0 0 0 1 1 0 0 0 0 0 0 0 0 0 0
120	2	1 0 1 1 0 0 0 0 1 1 0 1 1 0 0 0 1 0 1 0
120	8	0 1 1 1 0 0 0 0 1 1 0 0 0 1 0 0 1 0 1 0
120	1	1 0 1 1 0 0 0 0 0 1 0 0 0 0 0 0 1 1 0 0
120	1	1 1 0 1 0 0 0 0 1 1 0 0 0 0 0 0 0 0 0 0
120	5	1 0 1 1 0 0 0 1 1 1 0 0 0 0 0 0 0 1 0 0
120	14	1 0 1 1 1 1 0 1 1 1 0 0 0 0 0 0 1 0 0 0
120	2	1 0 1 1 0 0 0 0 0 1 0 0 0 0 0 0 1 0 0 1
120	2	1 0 1 1 0 0 0 0 1 1 1 0 0 0 0 0 1 0 0 0
120	1	1 1 1 1 0 0 0 0 1 0 0 0 0 0 0 0 1 0 1 1
120	6	1 1 1 1 0 0 0 0 1 1 0 0 0 0 0 1 0 0 0 0
120	2	1 0 1 1 0 0 0 1 0 1 0 1 0 0 0 0 1 0 1 0
120	3	1 0 1 0 0 1 0 1 1 1 0 0 0 0 1 0 1 0 0 0
120	8	1 0 1 1 1 1 0 1 1 1 0 0 0 0 0 0 0 0 1 0
120	2	1 1 0 1 0 0 0 0 1 1 0 0 0 0 0 0 1 0 0 1
120	3	1 1 1 1 0 0 0 0 1 0 0 0 0 0 0 0 0 0 0 0
120	2	1 0 1 1 0 0 0 0 0 1 0 0 0 1 0 0 1 0 1 0
120	1	0 1 1 1 1 0 0 0 1 0 0 0 0 0 0 0 1 1 0 0
120	4	0 1 1 1 0 0 0 1 1 1 1 0 0 0 0 0 0 0 0 0
120	1	0 1 0 1 0 0 0 0 1 1 0 0 0 1 1 0 0 0 1 1
120	2	1 0 1 1 0 0 0 0 1 1 0 1 1 0 0 0 1 0 0 0
120	1	1 0 1 1 0 0 0 0 1 1 0 1 0 0 0 0 1 1 0 0
120	5	1 1 0 1 0 0 0 0 1 1 0 0 0 0 0 0 1 0 1 0
120	3	1 0 1 1 0 1 0 1 1 1 1 0 0 0 0 1 0 0 0 0
120	2	1 1 0 1 0 0 0 0 1 1 0 1 0 0 0 0 1 0 1 0
120	2	1 1 1 0 0 0 0 0 1 1 0 0 0 1 1 0 0 0 1 0
120	7	1 0 1 1 0 0 0 0 0 1 0 1 0 0 0 0 1 1 0 0
120	1	1 0 1 1 0 0 0 0 1 1 0 1 1 0 0 1 1 0 1 0
120	3	1 0 0 1 0 0 0 0 0 1 0 0 0 0 0 0 1 0 1 0
120	1	1 1 1 1 0 0 0 0 1 1 0 0 0 1 0 0 0 0 0 0
120	2	0 1 0 1 0 0 0 0 1 1 0 0 0 0 0 0 0 0 0 0
120	4	0 1 1 1 0 0 0 0 1 1 0 0 0 0 0 0 1 0 1 0
120	1	0 1 1 1 0 0 1 1 1 1 0 0 0 0 0 0 1 0 0 0
120	1	1 1 0 1 0 0 0 0 0 1 0 0 0 0 0 0 1 0 1 0
120	4	1 0 1 1 0 0 0 0 1 1 0 1 0 0 0 0 1 0 1 0
120	1	1 0 1 1 0 0 0 0 1 1 0 0 0 0 0 1 0 0 0 0
120	1	1 0 1 1 0 0 0 0 0 1 0 0 0 1 0 1 1 0 1 0
120	2	0 1 0 1 0 0 0 1 1 1 0 0 0 1 1 0 0 0 1 0
120	1	1 0 1 1 0 1 0 1 1 1 0 1 0 0 0 0 0 0 0 0
120	1	1 0 1 0 0 1 0 1 1 1 1 0 0 0 1 0 1 0 1 0
120	1	1 1 1 1 0 0 0 1 0 1 0 1 0 0 0 0 1 0 1 0
120	1	1 0 1 1 0 0 0 0 1 1 0 1 1 0 0 0 0 0 0 0
120	2	1 0 1 1 0 0 1 0 1 1 0 0 1 0 0 0 1 0 0 0
120	1	1 1 0 1 0 0 0 0 0 1 0 0 0 0 0 0 1 0 0 0
120	1	1 1 1 1 0 0 0 0 0 1 0 1 0 0 0 0 1 0 1 0
120	1	1 1 1 0 0 0 0 0 1 1 0 0 0 1 0 0 0 0 1 0
120	1	1 0 1 1 0 0 0 0 1 1 0 0 0 0 0 0 0 0 1 0
120	3	0 1 1 1 1 0 0 0 1 0 0 0 0 0 0 0 1 0 1 0
120	1	1 0 1 1 0 0 0 1 1 1 0 1 0 0 0 0 0 1 0 0
120	2	1 1 1 1 0 0 0 0 1 1 0 0 1 0 0 0 0 0 0 0
120	2	1 1 1 1 1 0 0 0 1 1 0 0 0 0 0 0 0 0 0 0
120	1	0 1 1 1 0 0 0 1 1 1 0 1 0 0 0 0 1 0 1 0
120	1	0 1 1 1 0 0 0 0 1 1 0 0 0 0 0 0 0 0 0 0
120	1	1 1 1 1 1 0 0 0 0 1 0 0 0 0 0 0 0 0 0 0
120	1	1 0 1 1 0 1 1 0 1 1 0 0 1 0 0 0 1 0 0 0
120	1	0 1 0 1 0 0 0 1 1 1 0 0 0 0 0 0 1 1 0 0
120	1	1 1 1 1 0 0 0 0 1 1 0 0 1 1 0 0 1 0 1 0
120	2	1 0 1 1 0 0 0 0 1 0 1 0 0 0 0 0 1 0 0 0
120	1	1 0 1 1 0 0 0 0 1 1 0 0 0 0 0 0 1 0 0 0
140	8	1 0 1 1 0 0 0 0 1 1 0 0 0 0 0 0 1 0 1 0
140	3	1 0 1 1 0 1 0 1 1 1 0 0 0 0 0 0 0 0 0 0
140	9	1 1 1 1 0 0 0 0 1 1 0 0 0 0 0 0 1 0 1 0
140	2	1 0 1 1 0 0 0 0 0 1 0 0 0 0 0 0 1 0 0 0
140	3	0 0 1 1 0 0 0 0 1 1 0 0 0 0 0 0 1 0 1 0
140	2	1 0 1 1 0 0 0 0 1 1 0 1 0 0 0 0 0 1 0 0
140	1	1 0 1 1 0 0 0 0 1 1 0 0 1 0 0 0 1 0 1 0
140	4	1 1 1 1 0 0 0 0 1 1 0 0 0 0 0 0 0 0 0 0
140	1	1 1 1 1 0 0 0 0 1 1 0 0 0 1 0 0 1 1 0 0
140	3	1 0 1 1 0 0 0 0 1 1 0 0 0 0 0 0 0 0 0 0
140	3	0 1 1 1 0 0 0 0 1 1 0 0 0 1 0 0 1 0 1 0
140	1	1 1 0 1 0 0 0 0 1 1 0 0 0 0 0 0 0 0 0 0
140	2	1 0 1 1 0 0 0 1 1 1 0 0 0 0 0 0 0 1 0 0
140	9	1 0 1 1 1 1 0 1 1 1 0 0 0 0 0 0 1 0 0 0
140	6	1 0 1 1 0 0 0 1 0 1 0 1 0 0 0 0 1 0 1 0
140	4	1 1 1 1 0 0 0 0 1 0 0 0 0 0 0 0 0 0 0 0
140	1	0 1 1 1 1 0 0 0 1 0 0 0 0 0 0 0 1 1 0 0
140	2	0 1 1 1 0 0 0 1 1 1 1 0 0 0 0 0 0 0 0 0
140	6	1 1 0 1 0 0 0 0 1 1 0 0 0 0 0 0 0 0 0 1
140	10	1 1 0 1 0 0 0 0 1 1 0 1 0 0 0 0 1 0 1 0
140	1	1 1 1 0 0 0 0 0 1 1 0 0 0 1 1 0 0 0 1 0
140	3	1 0 1 1 0 0 0 0 0 1 0 1 0 0 0 0 1 1 0 0
140	13	0 1 1 1 0 0 0 0 1 1 0 0 0 0 0 0 1 0 1 0
140	1	1 0 1 1 0 0 0 0 1 1 0 1 0 0 0 0 1 0 1 0
140	4	1 0 1 1 0 0 0 0 1 1 0 0 0 0 0 1 0 0 0 0
140	1	0 1 0 1 0 0 0 1 1 1 0 0 0 1 1 0 0 0 1 0
140	2	1 0 1 1 0 0 0 0 1 1 0 1 1 0 0 0 0 0 0 0
140	5	1 1 1 1 0 0 0 0 0 1 0 1 0 0 0 0 1 0 1 0
140	5	1 0 1 1 0 0 0 0 1 1 0 0 0 0 0 0 0 0 1 0
140	3	1 1 1 1 0 0 0 0 1 1 0 0 0 1 0 1 1 0 1 0
140	3	1 0 1 1 0 0 0 1 1 1 0 1 0 0 0 0 0 0 0 0
140	1	0 1 1 1 0 0 0 0 1 1 0 0 1 0 0 0 0 0 0 0
140	1	1 1 1 1 0 0 0 0 0 1 0 0 0 0 0 1 1 0 1 0
140	5	1 1 1 1 0 0 0 0 0 1 0 0 0 0 0 0 1 0 0 0
140	1	1 0 1 1 0 0 0 1 0 1 0 1 0 0 0 0 1 0 0 0
140	1	1 0 1 1 0 0 1 0 1 1 0 0 0 0 0 0 1 0 0 0
140	1	1 0 1 1 0 0 0 1 1 1 0 0 0 0 0 0 0 0 0 0
140	2	1 1 0 1 0 0 0 0 1 1 0 0 0 0 0 0 1 0 1 1
140	2	1 0 1 1 0 0 0 0 1 1 0 0 0 0 0 0 1 1 1 0
140	1	1 0 1 1 0 0 0 1 1 0 0 0 0 0 0 0 0 1 0 0
140	7	0 1 1 1 0 0 0 1 1 1 0 0 0 0 0 0 0 0 1 0
140	1	1 0 1 1 1 1 0 1 1 1 0 0 0 0 0 1 1 0 0 0
140	5	1 0 1 1 1 1 0 1 1 0 0 0 0 0 0 0 0 0 1 0
140	2	1 1 1 1 0 1 0 0 0 1 0 1 0 0 0 0 1 0 1 0
140	1	1 1 0 1 0 0 0 0 1 1 0 0 0 0 0 0 1 1 1 0
140	1	1 0 1 1 1 0 0 1 1 1 0 0 0 0 0 0 0 1 0 0
140	1	1 1 1 1 0 0 1 0 1 1 0 0 0 0 0 0 0 0 1 0
140	1	1 1 1 1 0 0 0 0 1 1 0 0 0 0 0 0 0 1 0 0
140	1	1 0 1 1 0 0 0 0 1 0 0 0 0 0 0 0 1 0 1 0
140	2	1 1 1 1 0 0 0 1 1 1 0 0 0 0 0 0 0 0 0 0
140	5	0 1 1 1 0 0 0 0 1 1 0 0 0 1 0 0 1 1 0 0
140	2	1 1 0 1 0 1 0 1 1 1 0 0 0 0 1 0 1 0 0 0
140	1	1 0 1 0 0 0 0 0 1 1 0 0 1 0 0 0 1 0 1 0
140	1	0 1 1 1 0 0 0 0 0 1 0 0 0 0 0 0 1 0 1 0
140	1	1 1 1 1 0 0 0 0 0 1 0 0 0 0 0 0 0 1 0 0
140	1	1 0 1 1 1 0 0 0 1 1 0 0 0 0 0 0 1 0 1 0
140	1	1 0 1 1 0 0 0 0 1 0 1 0 1 0 0 0 1 0 1 0
140	4	1 0 1 1 0 0 0 0 1 1 0 0 0 1 0 1 1 0 1 0
140	1	0 1 1 1 0 0 0 0 1 1 0 0 0 0 0 0 1 1 0 0
140	2	1 1 1 0 0 0 1 0 1 1 0 0 0 1 1 0 0 0 1 0
140	1	1 0 1 1 1 1 0 1 1 1 0 0 0 0 0 0 1 0 1 0
140	1	1 1 1 1 0 1 0 1 1 1 0 1 0 0 0 0 0 0 0 0
140	1	0 1 1 1 0 0 0 0 1 0 0 0 0 0 0 0 1 0 1 0
140	1	1 1 1 1 0 0 0 0 1 1 0 0 0 0 1 0 0 1 0 0
140	2	1 0 1 1 0 0 0 1 1 1 0 1 0 0 0 0 0 1 0 0
140	2	1 1 1 1 0 0 0 0 1 1 0 0 0 1 1 0 0 0 1 0
140	1	0 1 1 1 0 1 0 0 0 1 0 0 0 0 0 0 1 0 1 0
140	1	0 1 1 1 0 0 0 0 1 1 0 0 0 0 0 0 0 0 0 0
140	1	1 0 1 1 0 1 0 0 1 1 0 1 1 0 0 0 0 0 0 0
140	1	1 0 1 1 0 0 0 0 1 1 0 0 0 0 0 0 0 0 1 1
140	1	1 1 1 1 0 0 0 1 1 1 0 0 0 0 0 1 0 0 0 1
140	1	1 0 1 1 1 0 0 1 1 1 0 0 0 0 0 0 1 1 0 0
140	1	1 0 1 1 0 0 0 0 1 1 0 0 0 0 0 0 0 1 0 0
140	1	1 1 0 1 0 0 0 0 1 1 0 0 0 0 0 0 1 0 0 0
140	1	1 0 1 1 1 1 0 1 1 1 0 0 0 1 1 0 0 0 1 0
140	1	0 1 1 0 0 0 0 1 1 1 0 0 0 0 0 0 1 0 1 0
140	1	1 1 1 1 0 0 0 0 1 1 0 0 0 0 0 0 1 0 0 0
140	1	0 1 1 1 0 0 0 1 1 1 0 0 0 1 0 0 1 0 1 0
140	1	1 1 0 1 0 0 0 1 1 1 0 0 0 0 0 0 0 0 0 1
140	1	1 0 1 1 0 0 0 0 0 1 0 0 0 0 0 0 0 0 1 0
140	1	1 0 1 1 0 0 0 0 0 1 1 1 0 0 0 0 0 0 0 0
160	3	1 0 1 1 0 0 0 0 1 1 0 0 0 0 0 0 1 0 1 0
160	7	1 1 1 1 0 0 0 0 1 1 0 0 0 0 0 0 1 0 1 0
160	4	0 0 1 1 0 0 0 0 1 1 0 0 0 0 0 0 1 0 1 0
160	5	1 1 1 1 0 0 0 0 1 1 0 0 0 0 0 0 0 0 0 0
160	1	0 1 1 1 0 0 0 1 1 1 0 0 0 0 0 0 0 0 0 0
160	8	1 0 1 1 0 0 0 0 1 1 0 0 0 0 0 0 0 0 0 0
160	2	0 1 1 1 0 0 0 0 1 1 0 0 0 1 0 0 1 0 1 0
160	5	1 0 1 1 1 1 0 1 1 1 0 0 0 0 0 0 1 0 0 0
160	4	1 0 1 1 1 1 0 1 1 1 0 0 0 0 0 0 0 0 1 0
160	3	0 1 1 1 0 0 0 1 1 1 1 0 0 0 0 0 0 0 0 0
160	2	1 1 0 1 0 0 0 0 1 1 0 1 0 0 0 0 1 0 1 0
160	1	1 0 1 1 0 0 0 0 0 1 0 1 0 0 0 0 1 1 0 0
160	8	0 1 1 1 0 0 0 0 1 1 0 0 0 0 0 0 1 0 1 0
160	4	1 0 1 1 0 0 0 0 1 1 0 1 0 0 0 0 1 0 1 0
160	3	0 1 0 1 0 0 0 1 1 1 0 0 0 1 1 0 0 0 1 0
160	5	1 1 1 1 0 0 0 0 1 1 0 0 0 1 0 1 1 0 1 0
160	2	1 0 1 1 0 0 0 1 1 1 0 1 0 0 0 0 0 0 0 0
160	1	1 0 1 1 0 0 0 1 1 1 0 0 0 0 0 0 0 0 0 0
160	4	0 1 1 1 0 0 0 1 1 1 0 0 0 0 0 0 0 0 1 0
160	3	1 0 1 1 0 0 0 0 1 1 0 1 0 0 0 0 0 0 0 0
160	4	0 1 1 0 0 0 0 1 1 1 0 0 0 0 0 0 0 0 0 0
160	6	1 0 1 1 1 0 0 1 1 1 0 0 0 0 0 0 0 1 0 0
160	1	1 1 1 1 0 0 0 0 1 1 0 0 0 0 0 0 0 1 0 0
160	5	1 0 1 1 0 0 0 0 1 0 0 0 0 0 0 0 1 0 1 0
160	4	1 1 1 1 0 0 0 1 1 1 0 0 0 0 0 0 0 0 0 0
160	1	1 0 1 1 0 0 0 0 1 0 1 0 1 0 0 0 1 0 1 0
160	4	1 0 1 1 0 0 0 0 1 1 0 0 0 1 0 1 1 0 1 0
160	2	0 1 1 1 0 0 0 0 1 1 0 0 0 0 0 0 0 0 0 0
160	3	1 1 1 1 0 0 0 1 1 1 0 0 0 0 0 1 0 0 0 1
160	2	1 0 1 1 0 0 0 0 1 1 0 1 0 0 0 0 1 1 0 0
160	1	0 1 1 1 0 0 0 1 1 1 0 0 0 1 0 0 1 0 1 0
160	6	1 0 1 1 0 0 0 0 0 1 0 0 0 0 0 1 0 0 1 0
160	1	0 1 1 0 0 0 0 0 1 1 0 0 0 1 1 0 0 0 1 0
160	1	1 0 1 1 0 1 0 1 1 0 0 1 0 0 0 0 0 0 1 0
160	1	0 1 1 1 0 0 0 0 1 1 0 0 0 0 0 0 1 0 0 0
160	2	1 0 1 1 0 0 0 1 1 1 0 0 0 0 0 1 0 0 0 0
160	3	1 1 0 1 0 0 0 0 1 1 0 0 0 0 0 1 0 1 0 0
160	2	1 0 1 1 0 0 0 0 0 1 0 1 0 0 0 0 1 1 1 0
160	2	0 1 1 1 0 1 0 0 1 1 0 0 0 0 0 0 1 0 1 0
160	2	1 1 0 0 0 0 1 0 1 1 0 0 0 0 0 0 0 0 0 1
160	9	1 1 1 1 0 0 0 1 1 0 0 0 0 0 0 0 0 0 1 0
160	1	1 1 1 1 0 0 0 0 1 1 0 1 0 0 0 0 1 0 1 0
160	1	1 1 1 0 0 0 0 0 1 1 0 1 0 1 1 0 0 0 1 0
160	1	0 1 1 1 0 0 0 0 1 1 0 0 0 0 0 1 1 0 0 0
160	2	0 1 1 1 0 0 0 0 1 1 0 0 0 1 0 0 0 1 0 0
160	1	1 1 1 0 0 0 0 1 1 1 0 0 0 0 0 0 0 0 0 0
160	1	0 1 0 1 0 1 0 1 1 1 0 0 0 1 1 0 0 0 1 0
160	2	1 1 1 1 0 0 0 0 1 1 0 1 0 0 0 0 0 0 0 0
160	3	1 1 1 1 0 0 1 0 1 1 0 0 0 0 0 0 1 0 1 0
160	2	1 1 1 1 0 0 0 0 1 1 0 0 0 1 0 0 1 0 1 0
160	1	1 1 1 1 0 0 0 0 1 1 0 0 0 0 0 1 1 0 1 0
160	1	1 0 1 1 0 0 0 0 1 1 0 0 0 1 1 0 0 0 1 0
160	1	1 0 1 1 0 0 0 0 1 0 0 0 0 1 0 1 1 0 1 0
160	2	0 1 1 0 0 0 0 1 1 1 1 0 0 0 0 0 0 0 0 0
160	4	1 0 1 1 0 0 0 0 1 1 1 1 1 0 0 0 0 0 0 0
160	1	1 1 1 1 0 1 0 1 1 1 1 0 0 0 0 0 1 0 0 0
160	2	1 0 1 1 1 1 0 1 1 1 1 0 0 0 0 0 1 0 0 0
160	2	0 1 1 1 0 0 0 0 1 1 1 0 0 0 0 0 0 0 0 0
160	1	0 1 0 1 0 0 0 0 1 1 0 0 0 0 0 0 1 0 1 0
160	1	1 0 1 1 1 1 0 1 1 1 0 0 0 0 0 0 0 1 0 0
160	2	1 1 1 1 1 1 0 1 1 0 0 0 0 0 0 0 0 0 0 0
160	1	1 1 1 1 0 0 0 0 1 0 0 0 0 1 0 0 1 1 0 0
160	1	0 1 1 1 0 0 0 1 1 1 0 0 0 0 0 0 0 1 0 0
160	1	0 1 0 1 0 0 0 0 1 1 0 0 0 0 0 0 0 0 0 0
160	2	1 0 1 1 0 0 0 0 0 0 0 1 0 0 0 0 1 0 1 0
160	1	1 1 1 1 0 0 0 0 1 0 1 0 0 0 0 0 0 0 0 0
160	2	0 0 1 1 0 0 0 1 1 1 0 0 0 0 0 0 0 0 1 1
160	2	1 0 1 1 0 0 0 0 1 1 0 0 0 0 1 0 0 1 0 0
160	1	0 1 1 0 0 0 0 0 1 1 0 1 0 1 1 0 0 0 1 0
160	2	0 1 1 0 0 0 0 0 1 1 0 0 0 0 0 0 1 0 1 0
160	1	1 1 1 1 0 1 0 0 1 1 0 0 0 0 0 0 0 0 0 0
160	1	1 1 1 1 0 0 0 0 0 1 0 0 0 0 0 0 1 0 1 0
160	1	1 1 1 1 0 0 0 0 1 1 1 0 0 0 0 0 0 0 0 0
160	2	1 0 1 1 0 0 0 0 1 1 0 1 0 1 0 0 1 0 1 0
160	1	0 1 1 1 0 0 0 1 1 1 0 1 0 0 0 0 0 0 0 0
160	1	0 1 1 0 0 0 0 0 1 1 0 0 0 0 0 0 0 0 0 0
160	1	1 1 1 1 0 0 0 1 1 1 0 1 0 0 0 0 0 0 0 0
160	1	1 1 1 1 0 0 1 0 1 1 0 0 0 0 0 0 1 0 0 0
160	1	1 1 1 1 0 1 0 1 1 0 1 0 0 0 0 0 1 0 0 0
160	1	1 1 1 1 1 1 0 1 1 0 0 0 0 1 0 0 0 0 0 0
160	1	0 1 1 0 0 0 0 1 1 1 0 1 0 0 0 0 1 0 1 0
160	1	1 0 1 1 0 0 0 0 0 1 0 1 0 0 0 0 1 0 0 0
160	1	0 1 1 1 0 0 0 0 1 1 0 0 0 1 0 1 1 0 1 0
160	1	1 1 0 1 1 0 0 0 1 1 0 0 0 0 0 0 0 0 1 0
160	1	0 0 1 1 0 0 0 0 1 1 0 0 0 0 0 0 0 0 0 0
160	1	0 1 1 1 0 1 0 1 1 1 0 0 0 0 0 0 0 0 0 0
160	1	1 0 1 0 1 1 0 1 1 1 0 0 0 0 0 0 1 0 0 0
180	4	1 0 1 1 0 0 0 0 1 1 0 0 0 0 0 0 1 0 1 0
180	14	1 1 1 1 0 0 0 0 1 1 0 0 0 0 0 0 1 0 1 0
180	4	1 1 1 1 0 0 0 0 1 1 0 0 0 0 0 0 0 0 0 0
180	1	0 1 1 1 0 0 0 1 1 1 0 0 0 0 0 0 0 0 0 0
180	1	1 0 1 1 0 0 0 0 1 1 0 0 0 0 0 0 0 0 0 0
180	2	0 1 1 1 0 0 0 0 1 1 0 0 0 0 0 0 1 0 1 0
180	1	1 0 1 1 0 0 0 0 1 1 0 1 0 0 0 0 1 0 1 0
180	8	1 0 1 1 0 0 0 1 1 1 0 1 0 0 0 0 0 0 0 0
180	6	0 1 1 1 0 0 0 1 1 1 0 0 0 0 0 0 0 0 1 0
180	2	0 1 1 0 0 0 0 1 1 1 0 0 0 0 0 0 0 0 0 0
180	5	1 0 1 1 1 0 0 1 1 1 0 0 0 0 0 0 0 1 0 0
180	16	1 1 1 1 0 0 0 1 1 1 0 0 0 0 0 0 0 0 0 0
180	4	0 1 1 1 0 0 0 1 1 1 0 0 0 0 0 0 0 0 1 1
180	10	1 0 1 1 0 0 0 0 1 1 0 0 0 1 0 1 1 0 1 0
180	2	0 1 1 1 0 0 0 0 1 1 0 0 0 0 0 0 0 0 0 0
180	3	0 1 1 1 0 0 0 1 1 1 0 0 0 1 0 0 1 0 1 0
180	4	1 0 1 1 0 0 0 1 1 1 0 0 0 0 0 1 0 0 0 0
180	3	0 1 1 1 0 1 0 0 1 1 0 0 0 0 0 0 1 0 1 0
180	1	1 1 1 1 0 0 0 1 1 0 0 0 0 0 0 0 0 0 1 0
180	8	1 1 1 1 0 0 1 0 1 1 0 0 0 0 0 0 1 0 1 0
180	1	1 1 1 1 0 0 0 0 1 1 0 0 0 0 0 1 1 0 1 0
180	1	0 1 1 0 0 0 0 1 1 1 1 0 0 0 0 0 0 0 0 0
180	2	1 0 1 1 0 0 0 0 1 1 1 1 1 0 0 0 0 0 0 0
180	1	1 0 1 1 1 1 0 1 1 1 1 0 0 0 0 0 1 0 0 0
180	5	1 1 0 1 0 0 0 0 1 1 0 0 0 0 0 0 0 0 0 0
180	2	0 1 1 0 0 0 0 0 1 1 0 0 0 0 0 0 1 0 1 0
180	4	1 1 1 1 0 1 0 0 1 1 0 0 0 0 0 0 0 0 0 0
180	2	1 1 1 1 0 0 0 0 1 0 0 0 0 0 0 0 1 0 1 0
180	1	0 1 1 1 0 0 0 0 1 1 0 0 0 0 0 0 1 1 1 0
180	1	0 0 1 1 0 0 0 1 1 1 0 1 0 0 0 0 0 0 0 0
180	4	0 1 1 1 0 1 0 1 1 1 0 0 0 0 0 0 0 0 0 0
180	1	1 1 1 1 0 0 0 0 1 1 1 0 0 0 1 0 1 0 1 0
180	3	1 1 1 0 0 0 0 1 1 1 1 0 0 0 0 0 0 0 0 0
180	5	1 1 1 1 0 0 0 0 1 1 0 0 1 0 0 0 1 0 1 0
180	1	1 1 1 1 0 0 0 0 1 1 0 1 0 0 0 1 1 0 1 0
180	1	0 1 1 1 0 0 0 0 1 1 0 0 0 0 0 1 1 0 1 0
180	1	0 1 1 1 0 0 0 1 1 1 0 0 1 1 0 0 1 0 1 0
180	3	0 1 0 1 0 0 0 0 0 1 0 1 0 0 1 0 1 1 1 0
180	3	1 1 1 1 0 0 0 0 1 1 1 0 0 1 0 1 1 0 1 0
180	2	1 0 1 1 0 0 1 0 1 1 0 0 0 0 0 0 1 0 1 0
180	3	1 0 1 1 0 0 0 0 1 1 0 1 0 0 1 0 0 0 1 0
180	1	0 1 0 1 1 1 0 1 1 1 0 0 0 0 0 0 0 1 0 0
180	1	0 1 1 1 0 0 0 1 1 1 0 0 1 0 0 0 0 0 1 0
180	5	1 1 1 1 0 0 0 0 1 1 0 0 0 0 0 0 1 0 1 1
180	1	0 1 1 1 0 0 0 0 1 1 0 0 0 0 1 0 1 0 1 0
180	3	0 0 1 1 0 0 0 1 1 1 0 1 0 0 0 0 0 1 0 0
180	1	1 0 0 1 1 1 0 1 1 1 0 0 0 0 0 0 1 0 1 0
180	1	1 0 1 1 1 0 0 0 1 1 0 1 0 0 0 0 0 0 0 0
180	3	1 0 1 1 1 0 0 0 1 1 0 1 0 0 1 0 1 0 1 0
180	2	1 1 1 1 0 0 1 0 1 1 0 1 0 0 1 0 1 0 1 0
180	1	0 1 1 1 0 0 0 0 1 1 0 0 0 1 0 1 1 0 1 0
180	3	0 1 1 1 0 1 0 0 1 1 0 0 0 0 0 1 1 0 1 0
180	2	0 0 1 1 0 0 0 0 1 1 0 0 0 0 0 0 0 0 0 0
180	2	0 1 1 1 1 0 0 1 1 1 0 0 0 0 1 0 0 1 0 0
180	6	0 1 1 1 0 0 0 0 1 1 0 0 0 0 0 0 0 0 0 1
180	2	1 0 1 1 0 0 0 1 1 1 0 1 0 0 0 0 0 0 0 1
180	1	1 1 1 1 0 0 1 0 1 1 0 0 0 1 0 0 1 0 1 0
180	1	1 1 1 1 0 0 0 0 1 1 0 1 0 1 0 1 1 0 1 0
180	1	1 1 1 1 0 1 0 0 1 1 0 1 0 0 0 0 1 1 1 0
180	1	0 1 1 1 0 0 0 1 1 1 0 0 0 0 0 1 0 0 0 0
180	2	1 1 1 1 0 0 0 1 1 1 0 1 0 0 0 0 0 0 0 0
180	2	1 1 1 1 0 0 1 0 1 1 0 0 0 0 0 0 1 0 1 1
180	1	1 0 1 1 0 0 0 0 1 0 0 1 0 0 0 0 1 0 1 0
180	1	1 1 1 1 0 1 1 0 1 1 0 0 0 0 0 0 1 0 1 0
180	2	1 1 1 1 1 0 0 1 1 1 0 0 0 0 0 0 0 1 0 0
180	2	1 1 0 1 1 0 0 0 1 1 1 0 0 0 0 1 0 1 0 0
180	1	1 1 1 1 0 0 0 0 1 1 0 0 0 0 0 0 0 0 1 0
180	1	0 1 1 1 0 1 1 0 1 1 0 0 0 0 0 0 1 0 1 0
180	1	0 1 1 1 0 0 1 0 1 1 0 0 0 0 0 0 1 0 1 0
180	1	1 0 1 1 0 0 0 0 1 1 1 1 1 0 1 0 0 0 0 0
180	1	0 1 1 1 0 1 0 0 0 1 0 0 0 0 0 0 1 0 1 0
180	1	1 1 1 1 0 0 0 0 1 1 1 1 0 1 0 1 1 0 1 0
200	10	1 1 1 1 0 0 0 0 1 1 0 0 0 0 0 0 1 0 1 0
200	5	1 1 1 1 0 0 0 0 1 1 0 0 0 0 0 0 0 0 0 0
200	2	1 0 1 1 0 0 0 0 1 1 0 0 0 0 0 0 0 0 0 0
200	7	0 1 1 1 0 0 0 0 1 1 0 0 0 0 0 0 1 0 1 0
200	5	1 0 1 1 0 0 0 0 1 1 0 1 0 0 0 0 1 0 1 0
200	3	1 0 1 1 0 0 0 1 1 1 0 1 0 0 0 0 0 0 0 0
200	5	1 0 1 1 0 0 0 0 1 1 0 1 0 0 0 0 0 0 0 0
200	8	1 1 1 1 0 0 0 1 1 1 0 0 0 0 0 0 0 0 0 0
200	8	1 0 1 1 0 0 0 0 1 1 0 0 0 1 0 1 1 0 1 0
200	6	1 0 1 1 0 0 0 1 1 1 0 0 0 0 0 1 0 0 0 0
200	7	1 1 1 1 0 0 1 0 1 1 0 0 0 0 0 0 1 0 1 0
200	12	1 1 1 1 0 0 0 0 1 1 0 0 0 0 0 1 1 0 1 0
200	4	1 1 0 1 0 0 0 0 1 1 0 0 0 0 0 0 0 0 0 0
200	1	1 0 1 1 0 0 0 0 1 1 1 0 0 0 0 0 0 0 0 0
200	6	0 0 1 1 0 0 0 1 1 1 0 1 0 0 0 0 0 0 0 0
200	3	0 1 1 1 0 1 0 1 1 1 0 0 0 0 0 0 0 0 0 0
200	1	0 1 1 1 0 0 0 0 0 1 0 1 0 0 0 0 1 1 1 0
200	2	1 1 1 1 0 0 0 0 1 1 0 0 1 0 0 0 1 0 1 0
200	3	1 1 1 1 0 0 0 0 1 1 0 1 0 0 0 1 1 0 1 0
200	1	1 0 1 1 0 0 1 0 1 1 0 0 0 0 0 0 1 0 1 0
200	3	1 1 0 1 0 0 0 1 0 1 0 1 0 0 0 0 1 1 1 0
200	1	1 1 1 1 0 0 0 0 1 1 0 0 0 0 0 0 1 0 1 1
200	1	0 1 1 1 0 0 0 0 1 1 0 0 0 0 1 0 1 0 1 0
200	2	1 1 1 1 1 0 0 0 1 0 0 0 0 0 0 0 1 0 1 0
200	2	1 0 1 1 1 0 0 0 1 1 0 1 0 0 0 0 0 0 0 0
200	2	1 1 1 1 0 0 1 0 1 1 0 1 0 0 1 0 1 0 1 0
200	4	0 1 1 1 0 1 0 0 1 1 0 0 0 0 0 1 1 0 1 0
200	1	0 1 1 1 0 0 0 0 1 1 0 0 0 0 0 0 0 0 0 1
200	2	1 1 1 1 0 1 0 0 1 1 0 1 0 0 0 0 1 1 1 0
200	5	1 1 1 1 0 0 0 1 1 1 0 1 0 0 0 0 0 0 0 0
200	6	1 0 1 1 0 0 0 0 1 0 0 1 0 0 0 0 1 0 1 0
200	1	1 0 1 1 1 1 0 1 1 1 0 0 0 0 0 0 0 1 0 0
200	1	0 1 1 1 0 0 1 0 1 1 0 0 0 0 0 0 1 0 1 0
200	1	1 0 1 1 0 0 0 0 1 1 0 0 0 1 0 1 0 0 0 0
200	1	1 1 1 1 0 0 0 1 1 1 0 0 1 0 0 0 0 0 0 0
200	3	1 1 1 1 0 1 0 0 1 1 0 0 1 0 0 0 1 0 1 0
200	1	1 1 1 1 0 0 0 1 1 1 0 0 0 0 0 1 0 0 0 0
200	1	1 1 1 1 0 0 0 1 1 1 1 0 0 0 0 0 0 0 0 0
200	6	1 1 1 1 0 0 0 0 1 1 0 0 0 0 0 1 0 0 1 0
200	3	1 1 1 1 0 0 0 1 1 0 0 0 0 0 0 1 1 0 1 0
200	1	1 0 1 1 0 0 1 0 1 1 0 0 0 1 0 1 1 0 1 0
200	1	0 1 0 1 0 0 0 1 1 1 0 0 0 1 0 0 1 0 1 0
200	1	0 1 1 1 0 1 0 0 1 1 0 0 0 0 0 1 1 0 0 0
200	1	0 0 1 1 0 1 0 0 1 1 0 0 0 0 0 1 1 0 1 0
200	1	0 0 1 1 0 0 0 0 1 1 0 0 0 1 0 1 1 0 1 0
200	1	1 0 1 1 0 0 0 0 1 0 0 1 0 0 0 0 0 0 0 0
200	3	1 0 1 1 1 0 0 1 1 1 0 0 0 0 0 1 0 0 0 0
200	4	1 1 1 1 0 0 0 1 1 1 0 0 0 0 0 0 0 0 1 0
200	2	1 1 1 1 0 0 0 1 1 1 0 0 0 0 0 0 1 0 1 0
200	4	1 1 1 1 0 1 0 0 1 1 0 0 0 0 0 0 1 0 1 0
200	1	1 1 1 1 0 0 0 0 1 1 0 1 0 0 0 0 0 0 0 0
200	5	1 0 1 1 0 0 1 0 1 1 0 1 0 0 1 0 0 0 1 0
200	1	1 0 1 1 0 1 0 0 1 1 0 0 0 0 0 0 0 0 0 0
200	1	0 1 1 1 0 0 0 0 1 1 0 0 0 0 0 1 1 0 1 0
200	1	1 1 1 1 0 0 1 1 1 1 0 0 0 0 0 0 1 0 1 0
200	1	1 0 1 1 0 0 1 0 1 1 0 0 0 0 0 0 0 0 0 0
200	3	1 1 1 1 0 1 0 0 1 1 0 1 0 0 0 0 0 0 0 0
200	2	1 1 1 1 0 0 0 1 1 1 0 1 0 0 0 1 0 0 1 0
200	2	1 1 0 0 0 0 0 0 1 1 0 0 0 0 0 0 0 0 0 0
200	1	1 1 1 0 0 1 0 1 1 1 0 0 0 0 0 0 0 0 0 0
200	1	1 0 1 1 0 1 0 0 1 1 1 1 1 0 1 0 0 0 0 0
200	1	1 0 1 1 1 0 0 0 1 1 0 0 1 0 0 0 1 0 1 0
200	1	1 1 1 1 1 1 0 1 1 1 0 0 0 0 0 0 0 1 0 0
200	1	1 0 1 1 0 0 1 0 1 1 0 0 0 1 0 0 1 0 1 0
200	1	1 1 0 1 0 0 0 0 1 1 0 0 0 0 0 1 0 0 0 0
200	1	0 1 0 1 0 0 0 1 0 1 0 1 0 0 0 0 1 1 1 0
200	1	0 1 1 1 0 0 0 0 1 1 0 1 0 0 0 0 0 0 0 0
200	1	1 1 1 1 0 0 0 0 1 1 0 0 0 0 0 1 0 0 0 0
200	3	1 0 1 1 0 0 0 0 1 0 0 0 0 0 0 0 0 0 1 0
200	1	1 0 1 1 0 1 0 0 1 1 1 1 1 0 0 0 1 0 1 0
200	1	1 1 1 1 0 0 0 0 1 0 0 0 1 0 0 0 1 0 1 0
200	1	1 0 1 1 0 1 0 0 1 1 0 0 0 0 0 0 0 0 1 0
200	1	1 0 1 1 1 0 0 0 1 1 0 0 0 0 0 1 0 0 1 0
200	1	1 1 1 1 0 0 0 1 1 1 0 1 0 0 0 1 0 0 0 0
200	1	1 0 1 1 0 0 0 0 1 1 0 0 0 1 0 1 0 0 0 1
220	1	1 1 1 1 0 0 0 0 1 1 0 0 0 0 0 0 1 0 1 0
220	1	1 0 1 1 0 0 0 0 1 1 0 0 0 0 0 0 0 0 0 0
220	7	0 1 1 1 0 0 0 0 1 1 0 0 0 0 0 0 1 0 1 0
220	2	1 0 1 1 0 0 0 0 1 1 0 1 0 0 0 0 1 0 1 0
220	4	1 0 1 1 0 0 0 1 1 1 0 1 0 0 0 0 0 0 0 0
220	2	1 0 1 1 0 0 0 0 1 1 0 1 0 0 0 0 0 0 0 0
220	16	1 1 1 1 0 0 0 1 1 1 0 0 0 0 0 0 0 0 0 0
220	3	1 0 1 1 0 0 0 0 1 1 0 0 0 1 0 1 1 0 1 0
220	2	1 0 1 1 0 0 0 1 1 1 0 0 0 0 0 1 0 0 0 0
220	3	1 1 1 1 0 0 1 0 1 1 0 0 0 0 0 0 1 0 1 0
220	24	1 1 1 1 0 0 0 0 1 1 0 0 0 0 0 1 1 0 1 0
220	3	1 1 0 1 0 0 0 0 1 1 0 0 0 0 0 0 0 0 0 0
220	2	0 0 1 1 0 0 0 1 1 1 0 1 0 0 0 0 0 0 0 0
220	4	1 1 1 1 0 0 0 0 1 1 0 0 1 0 0 0 1 0 1 0
220	2	1 1 1 1 0 0 0 0 1 1 0 1 0 0 0 1 1 0 1 0
220	1	1 0 1 1 0 0 1 0 1 1 0 0 0 0 0 0 1 0 1 0
220	6	0 1 1 1 0 0 0 0 1 1 0 0 0 0 1 0 1 0 1 0
220	5	1 1 1 1 1 0 0 0 1 0 0 0 0 0 0 0 1 0 1 0
220	9	1 0 1 1 1 0 0 0 1 1 0 1 0 0 0 0 0 0 0 0
220	8	1 1 1 1 0 0 1 0 1 1 0 1 0 0 1 0 1 0 1 0
220	4	0 1 1 1 0 1 0 0 1 1 0 0 0 0 0 1 1 0 1 0
220	2	1 1 1 1 0 1 0 0 1 1 0 0 1 0 0 0 1 0 1 0
220	2	1 1 1 1 0 0 0 1 1 1 1 0 0 0 0 0 0 0 0 0
220	5	1 1 1 1 0 0 0 0 1 1 0 0 0 0 0 1 0 0 1 0
220	2	0 1 0 1 0 0 0 1 1 1 0 0 0 1 0 0 1 0 1 0
220	1	1 1 1 1 0 0 0 0 1 1 0 0 1 0 0 0 1 0 1 1
220	1	1 1 0 1 0 0 0 0 1 1 0 0 0 0 0 0 0 0 0 1
220	1	1 1 0 0 0 0 0 0 1 1 0 0 0 0 0 0 0 0 0 0
220	2	1 0 1 1 1 0 0 0 1 1 0 1 0 0 0 0 0 0 1 0
220	3	1 0 1 1 0 0 0 1 1 1 0 0 0 0 0 0 0 0 0 0
220	1	1 0 1 1 0 0 0 1 1 1 0 0 0 0 0 1 0 0 1 0
220	1	1 1 1 1 0 0 1 0 1 1 0 1 0 0 0 0 1 0 1 0
220	1	1 1 0 1 0 0 0 0 1 1 0 1 0 0 0 1 0 0 1 0
220	1	0 1 0 1 0 0 0 0 1 1 0 0 0 0 0 0 1 0 0 0
220	3	1 1 0 1 0 0 0 0 1 1 0 0 0 0 0 0 1 0 1 0
220	1	1 0 1 1 0 0 0 0 1 1 0 0 0 0 0 0 1 0 1 0
220	4	0 1 1 1 0 0 0 0 1 1 1 0 0 0 0 0 1 0 1 0
220	1	1 1 1 1 0 0 0 0 1 1 0 0 0 1 0 1 0 0 0 0
220	1	1 1 1 1 0 0 0 1 1 1 0 0 0 1 0 0 1 0 1 0
220	1	1 1 1 1 0 1 0 0 1 1 0 0 1 0 0 0 1 0 1 1
220	5	1 1 1 1 0 0 1 1 1 1 0 0 0 0 0 1 0 0 0 0
220	1	1 1 1 1 0 0 0 0 1 1 0 1 0 0 0 0 1 0 1 1
220	3	1 1 1 1 0 0 1 0 1 0 0 1 0 0 1 0 1 0 1 0
220	1	1 0 1 1 0 0 0 1 0 1 0 1 0 0 0 0 1 1 1 0
220	1	0 1 1 1 0 0 0 0 1 1 0 0 0 0 0 0 1 0 1 1
220	2	1 0 1 1 0 0 0 1 1 1 0 0 0 1 0 1 0 0 0 0
220	1	1 1 0 1 0 1 0 0 1 1 0 0 0 0 0 0 0 0 0 1
220	2	1 0 1 1 0 0 0 0 1 1 0 1 0 0 0 1 0 0 0 0
220	4	1 0 1 1 0 0 0 0 1 0 0 1 0 0 0 0 0 0 0 0
220	1	1 0 1 1 0 0 0 0 1 1 0 0 0 0 0 1 1 0 1 0
220	1	1 0 1 1 1 0 0 1 1 1 0 0 0 1 0 1 0 0 0 0
220	3	0 0 1 1 0 0 0 0 1 1 0 0 0 0 0 0 0 0 0 0
220	1	1 0 1 1 1 0 0 0 1 1 0 1 0 0 0 0 0 0 0 1
220	3	1 0 1 1 0 0 0 1 1 1 0 0 0 1 0 0 1 0 1 0
220	2	0 1 1 1 0 0 0 0 1 1 0 0 1 0 0 0 1 0 1 0
220	1	0 1 1 1 0 0 0 1 1 1 0 0 0 0 0 0 0 0 0 0
220	2	1 1 1 1 0 0 0 1 1 1 0 0 0 0 0 0 0 1 0 0
220	1	1 0 1 1 0 0 0 1 1 1 0 1 0 0 0 0 1 0 1 1
220	1	1 1 1 1 0 0 0 1 1 1 0 0 0 1 0 0 1 1 1 0
220	1	1 1 1 1 0 0 1 0 1 1 0 0 0 0 0 0 1 1 1 1
220	1	1 1 1 1 0 0 1 0 1 1 0 1 0 0 0 1 0 0 1 0
220	1	1 0 1 1 0 0 1 0 1 1 0 0 0 1 0 0 1 0 1 0
220	1	0 1 1 1 0 0 1 0 1 1 0 0 0 0 1 0 1 0 1 0
220	1	1 0 1 0 0 0 1 0 1 1 0 1 0 0 1 0 0 0 1 0
220	1	1 1 1 1 0 0 1 0 1 1 0 1 0 0 0 1 1 0 1 0
220	2	1 1 1 1 0 0 0 1 0 1 0 0 1 0 0 0 0 0 0 0
220	1	0 1 1 0 1 0 0 0 1 0 0 0 0 0 0 0 1 0 1 0
220	1	1 0 1 1 0 0 0 1 1 1 0 0 0 0 0 0 1 0 1 0
220	2	1 1 1 1 0 0 0 1 1 1 0 1 0 0 0 0 0 0 0 0
220	1	0 1 1 1 0 0 0 0 0 0 0 0 0 0 0 0 1 0 1 0
220	1	1 0 1 1 0 0 0 0 1 1 0 1 0 0 1 0 1 0 1 0
220	1	1 1 1 1 0 0 0 0 1 1 0 0 0 0 1 0 1 0 1 0
220	1	1 1 1 1 0 0 1 1 1 1 0 0 0 0 0 1 1 1 1 0
220	1	1 0 1 1 0 0 0 0 1 0 0 1 0 0 0 0 0 0 1 0
220	1	1 0 1 1 0 1 1 0 1 1 0 0 0 1 0 1 0 0 0 0
220	1	1 1 1 1 0 0 0 0 1 1 0 1 0 0 0 1 0 0 1 0
220	1	1 0 1 1 0 0 0 0 1 0 0 1 0 0 0 1 1 0 1 0
220	1	1 1 1 1 1 0 1 0 1 1 0 0 0 0 0 0 1 1 1 1
240	3	1 1 1 1 0 0 0 0 1 1 0 0 0 0 0 0 1 0 1 0
240	3	1 0 1 1 0 0 0 0 1 1 0 1 0 0 0 0 0 0 0 0
240	10	1 1 1 1 0 0 0 1 1 1 0 0 0 0 0 0 0 0 0 0
240	2	1 0 1 1 0 0 0 0 1 1 0 0 0 1 0 1 1 0 1 0
240	6	1 0 1 1 0 0 0 1 1 1 0 0 0 0 0 1 0 0 0 0
240	1	1 1 1 1 0 0 1 0 1 1 0 0 0 0 0 0 1 0 1 0
240	11	1 1 1 1 0 0 0 0 1 1 0 0 0 0 0 1 1 0 1 0
240	1	1 1 1 1 0 1 0 0 1 1 0 0 0 0 0 0 0 0 0 0
240	3	0 0 1 1 0 0 0 1 1 1 0 1 0 0 0 0 0 0 0 0
240	6	1 1 1 1 0 0 0 0 1 1 0 0 1 0 0 0 1 0 1 0
240	1	1 1 1 1 0 0 0 0 1 1 0 1 0 0 0 1 1 0 1 0
240	3	1 1 1 1 0 0 0 0 1 1 0 0 0 0 0 0 1 0 1 1
240	18	1 1 1 1 1 0 0 0 1 0 0 0 0 0 0 0 1 0 1 0
240	5	1 1 1 1 0 0 1 0 1 1 0 1 0 0 1 0 1 0 1 0
240	3	1 1 1 1 0 0 0 0 1 1 0 0 0 0 0 1 0 0 1 0
240	1	1 1 1 1 0 0 1 0 1 1 0 0 0 1 0 1 1 0 1 0
240	1	1 1 0 0 0 0 0 0 1 1 0 0 0 0 0 0 0 0 0 0
240	1	1 0 1 1 0 0 0 1 1 1 0 0 0 0 0 0 0 0 0 0
240	1	1 1 0 1 0 0 0 0 1 1 0 0 0 0 0 0 1 0 1 0
240	1	1 1 1 1 0 0 0 0 1 1 0 0 0 1 0 1 0 0 0 0
240	2	1 1 1 1 0 0 0 1 1 1 0 0 0 1 0 0 1 0 1 0
240	1	1 1 1 1 0 1 0 0 1 1 0 0 1 0 0 0 1 0 1 1
240	4	1 0 1 1 1 0 0 1 1 1 0 0 0 1 0 1 0 0 0 0
240	5	0 1 1 1 0 0 0 0 1 1 0 0 1 0 0 0 1 0 1 0
240	1	1 1 1 1 0 0 1 0 1 1 0 0 0 0 0 0 1 1 1 1
240	2	1 1 1 1 0 0 0 0 1 1 0 0 0 1 0 1 1 0 1 0
240	1	1 1 1 1 0 0 0 0 1 1 0 0 0 0 1 0 1 0 1 0
240	6	0 1 1 1 0 0 0 0 1 1 0 0 0 0 0 0 0 0 0 0
240	10	1 1 1 1 0 0 0 0 0 1 0 0 0 0 0 1 0 0 1 0
240	1	1 1 1 1 0 0 1 1 1 1 0 0 0 0 0 1 0 0 1 0
240	5	1 1 1 1 0 0 0 0 1 1 0 0 0 0 0 0 0 0 0 0
240	4	1 1 1 1 0 0 0 1 1 1 0 1 1 0 0 0 0 0 0 0
240	1	1 1 1 1 0 0 0 0 1 1 0 1 0 0 1 0 1 0 1 1
240	3	1 0 1 1 0 0 1 0 1 1 0 1 0 1 0 0 1 0 1 0
240	2	1 1 1 1 0 0 1 0 1 1 0 1 1 0 1 1 1 0 1 0
240	2	0 1 1 1 0 0 0 0 1 1 0 0 0 0 1 0 0 0 0 0
240	5	1 1 1 1 0 0 0 0 0 1 0 0 0 1 0 1 0 0 0 0
240	2	0 1 1 1 0 0 0 0 0 0 1 0 0 0 0 0 1 0 1 0
240	1	0 1 1 1 0 0 0 0 1 0 0 0 0 0 0 0 1 0 1 0
240	1	0 1 1 1 0 0 0 0 1 0 0 0 0 0 0 0 0 0 0 0
240	6	1 1 1 1 1 0 0 0 1 1 0 0 0 0 0 0 1 0 1 0
240	1	0 0 0 1 0 0 0 1 1 1 0 0 0 0 0 0 0 0 0 0
240	1	1 1 1 1 0 1 0 1 1 1 0 0 0 0 0 1 0 0 1 0
240	2	1 0 1 1 0 0 0 1 1 1 0 1 0 0 0 0 1 1 0 0
240	3	1 1 1 1 0 0 0 0 1 1 0 0 0 1 0 0 1 0 1 0
240	1	1 0 1 1 0 0 0 0 1 1 0 0 0 0 0 0 0 0 0 0
240	2	1 1 1 1 0 0 0 0 1 0 0 0 0 0 0 0 1 0 1 0
240	1	1 1 1 1 0 0 0 1 1 1 0 0 0 1 0 1 1 0 1 0
240	1	0 1 1 1 0 0 0 0 1 0 0 0 0 1 0 1 0 0 0 0
240	1	0 1 1 1 0 0 0 0 0 0 1 0 0 0 1 1 0 0 1 0
240	2	1 1 1 1 0 0 0 0 1 1 0 0 1 0 0 1 0 0 1 0
240	1	0 1 1 1 0 0 0 0 1 1 0 0 0 0 0 1 0 0 1 0
240	1	1 0 1 1 0 0 1 0 1 1 0 1 0 1 1 0 0 0 1 0
240	1	1 1 1 1 0 0 0 0 1 1 0 0 0 1 0 1 1 1 1 0
240	2	1 1 1 1 0 0 1 1 1 1 0 0 0 0 0 1 0 1 1 0
240	1	1 0 1 1 1 0 0 1 1 1 0 0 0 0 0 0 0 0 0 0
240	1	1 1 1 1 0 0 0 1 1 1 0 0 0 0 0 0 0 0 0 1
240	1	1 1 0 1 0 0 0 0 1 1 0 0 0 0 0 1 1 0 1 0
240	1	1 1 1 1 0 0 0 0 1 1 0 0 1 0 0 0 1 0 0 0
240	1	1 1 1 1 0 0 0 0 1 1 0 0 0 1 0 1 0 0 1 0
240	1	1 1 1 1 0 0 0 0 1 1 0 0 0 0 1 1 0 0 1 0
240	3	1 1 0 1 0 0 0 1 1 1 0 0 0 1 0 0 1 0 1 0
240	2	1 1 1 1 0 0 0 0 1 1 0 0 0 0 0 0 0 1 0 0
240	1	1 1 1 1 0 0 0 0 1 1 0 1 0 0 1 0 0 0 0 1
240	1	0 1 1 0 0 0 0 0 0 1 0 0 0 0 0 1 0 0 1 0
240	1	1 1 1 1 0 0 0 0 0 1 0 0 0 1 0 0 1 0 1 0
240	2	1 1 1 1 0 0 0 0 1 1 0 1 0 0 1 0 1 0 1 0
240	1	1 0 1 1 0 0 0 0 1 1 0 0 0 0 0 0 1 0 1 0
240	1	1 1 1 1 0 0 0 1 1 1 0 0 0 1 0 0 0 0 0 0
240	1	0 1 1 1 0 0 0 0 1 1 0 0 0 0 0 1 1 0 1 0
240	2	1 1 0 0 0 0 0 0 1 1 0 0 0 1 0 0 0 0 0 0
240	1	1 1 1 1 0 1 0 0 1 1 0 1 1 0 0 0 1 0 1 1
240	1	0 0 1 1 0 0 0 1 1 0 0 1 0 0 0 0 0 0 0 0
240	5	0 1 1 1 1 0 0 0 1 0 0 0 0 1 0 0 1 0 1 0
240	1	0 1 1 1 0 0 0 0 1 0 0 0 0 0 1 0 0 0 0 0
240	1	1 1 1 1 1 0 0 0 1 0 0 0 0 1 0 0 1 0 1 0
240	1	1 0 1 1 0 0 0 0 1 1 0 0 0 1 0 1 0 0 0 0
240	2	0 1 1 1 0 0 0 0 1 1 0 0 1 0 0 0 1 0 0 0
240	1	1 1 1 1 0 0 0 0 1 1 0 1 0 0 1 1 0 0 0 1
260	4	1 1 1 1 0 0 0 0 1 1 0 0 0 0 0 0 1 0 1 0
260	1	1 0 1 1 0 0 0 0 1 1 0 1 0 0 0 0 0 0 0 0
260	5	1 1 1 1 0 0 0 1 1 1 0 0 0 0 0 0 0 0 0 0
260	3	1 0 1 1 0 0 0 1 1 1 0 0 0 0 0 1 0 0 0 0
260	5	1 1 1 1 0 0 0 0 1 1 0 0 0 0 0 1 1 0 1 0
260	5	1 1 1 1 0 0 0 0 1 1 0 0 1 0 0 0 1 0 1 0
260	5	1 1 1 1 0 0 0 0 1 1 0 0 0 0 0 0 1 0 1 1
260	2	1 1 1 1 1 0 0 0 1 0 0 0 0 0 0 0 1 0 1 0
260	5	1 1 1 1 0 0 0 0 1 1 0 0 0 0 0 1 0 0 1 0
260	4	1 1 1 1 0 0 1 0 1 1 0 0 0 1 0 1 1 0 1 0
260	10	1 0 1 1 0 0 0 1 1 1 0 0 0 0 0 0 0 0 0 0
260	2	1 1 1 1 0 0 0 1 1 1 0 1 0 0 0 1 0 0 0 0
260	7	1 1 1 1 0 0 0 1 1 1 0 0 0 1 0 0 1 0 1 0
260	2	0 1 1 1 0 0 1 0 1 1 0 1 0 0 0 1 0 0 1 0
260	2	0 1 1 1 0 0 0 0 1 1 0 0 0 0 0 0 0 0 0 0
260	1	1 1 1 1 0 0 0 0 0 1 0 0 0 0 0 1 0 0 1 0
260	5	1 1 1 1 0 0 0 0 1 1 0 0 0 0 0 0 0 0 0 0
260	4	1 1 1 1 0 0 0 1 1 1 0 1 1 0 0 0 0 0 0 0
260	1	1 1 1 1 0 0 1 0 1 1 0 1 1 0 1 1 1 0 1 0
260	1	0 1 1 1 0 0 0 0 0 0 1 0 0 0 0 0 1 0 1 0
260	1	0 1 1 1 0 0 0 0 1 0 0 0 0 0 0 0 1 0 1 0
260	3	1 1 1 1 1 0 0 0 1 1 0 0 0 0 0 0 1 0 1 0
260	4	1 1 1 1 0 1 0 1 1 1 0 0 0 0 0 1 0 0 1 0
260	7	1 1 1 1 0 0 0 0 1 1 0 0 0 1 0 0 1 0 1 0
260	4	1 1 1 1 0 0 0 1 1 1 0 0 0 1 0 1 1 0 1 0
260	2	0 1 1 1 0 0 0 0 1 0 0 0 0 1 0 1 0 0 0 0
260	1	1 1 1 1 0 0 0 1 1 1 0 1 0 1 0 0 1 0 1 0
260	4	1 1 1 1 0 0 0 1 1 1 0 0 0 1 0 0 0 0 0 0
260	2	1 1 0 0 0 0 0 0 1 1 0 0 0 1 0 0 0 0 0 0
260	1	1 1 1 1 1 0 0 0 1 0 0 0 0 1 0 0 1 0 1 0
260	1	1 1 1 1 0 0 0 0 0 1 0 0 0 0 0 1 0 0 1 1
260	5	1 1 1 1 0 0 0 0 0 1 1 0 0 1 0 1 0 0 0 0
260	4	1 0 1 1 0 0 0 0 0 1 0 0 0 0 0 1 0 0 1 0
260	5	1 0 1 1 0 0 0 0 1 1 0 1 0 1 0 0 1 0 1 0
260	1	1 1 1 1 0 1 0 0 1 1 0 0 0 0 0 1 0 0 1 0
260	2	1 1 1 1 1 0 0 0 1 1 0 0 0 0 0 0 0 0 0 0
260	1	1 0 1 1 0 0 0 1 0 1 0 0 0 0 0 0 0 0 0 0
260	2	1 1 1 1 0 0 0 0 0 1 0 0 0 0 0 1 0 0 0 0
260	1	1 1 1 1 0 0 0 1 0 1 0 1 1 0 0 0 0 0 0 0
260	5	1 1 1 1 0 0 0 1 1 1 0 1 0 0 0 0 0 0 0 0
260	1	1 1 1 1 0 0 1 0 1 1 0 0 0 0 1 0 1 0 1 0
260	3	0 1 1 1 0 0 0 0 1 1 0 0 1 0 0 1 0 0 1 0
260	5	1 1 1 1 0 0 1 1 1 1 0 1 0 1 0 0 1 0 1 0
260	5	1 1 1 1 0 0 0 0 0 1 0 0 0 0 0 0 1 0 1 0
260	4	1 1 1 1 0 0 0 0 0 0 0 0 0 0 0 1 0 0 1 0
260	1	1 1 1 1 0 0 1 0 1 0 0 1 0 0 1 1 1 0 1 0
260	1	0 1 1 1 0 0 0 0 1 0 0 0 0 0 0 0 1 0 0 0
260	1	1 1 1 1 0 0 0 0 1 1 0 1 0 0 1 0 0 0 0 0
260	1	1 1 0 1 1 1 0 0 1 0 0 0 0 0 0 0 1 0 1 0
260	1	1 1 0 1 0 0 0 1 1 1 0 0 0 1 0 0 0 0 0 0
260	4	1 1 1 1 0 0 0 0 1 1 0 0 0 0 1 1 1 0 1 0
260	3	1 1 1 1 0 0 0 0 1 1 0 0 1 0 1 0 1 0 1 0
260	2	1 1 1 1 0 0 0 1 1 1 0 0 1 0 0 0 1 0 1 0
260	1	0 1 1 1 0 0 0 1 1 1 0 0 0 1 0 0 1 0 1 0
260	2	1 1 1 0 0 0 1 0 1 1 0 1 0 0 1 0 1 0 1 0
260	3	1 0 1 1 0 0 0 0 1 1 0 0 0 0 0 1 0 0 0 0
260	1	1 0 1 1 0 0 0 1 1 1 0 0 0 0 0 0 1 0 0 0
260	2	1 1 1 1 0 0 0 1 1 1 1 1 1 0 0 0 0 0 1 0
260	5	1 1 1 1 0 0 0 0 0 1 0 0 1 0 0 0 1 0 1 0
260	1	1 1 1 1 0 0 0 0 0 1 0 0 1 0 1 0 1 0 1 0
260	1	1 1 1 1 0 0 0 0 1 0 0 0 0 0 0 0 1 0 0 0
260	1	1 1 1 1 0 0 0 0 1 0 0 0 0 0 0 1 0 0 1 0
260	1	1 1 1 1 0 0 0 1 1 1 0 1 1 0 0 0 0 1 0 0
260	1	1 1 1 1 0 0 0 0 0 1 1 1 0 1 0 1 0 0 0 0
260	1	1 1 1 1 0 0 0 0 1 1 0 0 0 0 1 0 0 0 0 0
260	2	1 1 0 1 0 1 0 1 1 1 0 0 0 1 0 0 0 0 0 0
260	5	1 1 0 1 1 0 0 0 1 0 0 0 0 0 0 0 1 0 1 0
260	1	1 1 1 1 0 0 0 0 0 1 0 1 0 0 1 0 0 0 0 1
260	1	1 1 1 1 0 0 1 0 1 1 0 1 0 1 0 0 1 0 1 0
260	1	1 1 1 1 0 0 0 0 1 1 0 0 0 1 0 1 1 0 1 0
260	2	0 1 1 1 0 0 1 0 1 0 0 0 0 0 0 1 0 0 1 0
260	1	1 1 1 1 0 0 0 0 1 1 0 0 0 0 1 0 1 0 1 0
260	1	1 1 1 1 0 0 0 1 1 1 0 1 0 0 0 0 1 0 1 0
260	1	1 1 1 1 0 0 0 1 1 1 0 0 0 1 0 1 0 0 1 0
260	1	1 1 1 1 0 0 0 1 1 0 0 0 0 0 0 0 1 0 1 0
260	1	1 0 1 1 1 0 1 1 1 1 0 0 0 1 0 1 0 0 0 0
260	1	1 0 1 1 0 0 1 0 1 0 0 1 0 0 0 0 1 0 0 0
280	2	1 1 1 1 0 0 0 0 1 1 0 0 0 0 0 0 1 0 1 0
280	18	1 1 1 1 0 0 0 1 1 1 0 0 0 0 0 0 0 0 0 0
280	1	1 1 1 1 0 0 0 0 1 1 0 0 0 0 0 1 1 0 1 0
280	1	1 1 1 1 0 0 0 0 1 1 0 0 1 0 0 0 1 0 1 0
280	8	1 1 1 1 0 0 0 0 1 1 0 0 0 0 0 1 0 0 1 0
280	3	1 1 1 1 0 0 1 0 1 1 0 0 0 1 0 1 1 0 1 0
280	8	1 0 1 1 0 0 0 1 1 1 0 0 0 0 0 0 0 0 0 0
280	2	1 1 1 1 0 0 0 1 1 1 0 0 0 1 0 0 1 0 1 0
280	3	0 1 1 1 0 0 0 0 1 1 0 0 0 0 0 0 0 0 0 0
280	1	1 1 1 1 0 0 0 0 0 1 0 0 0 0 0 1 0 0 1 0
280	7	1 1 1 1 0 0 0 0 1 1 0 0 0 0 0 0 0 0 0 0
280	5	1 1 1 1 0 0 0 1 1 1 0 1 1 0 0 0 0 0 0 0
280	4	1 1 1 1 0 0 1 0 1 1 0 1 1 0 1 1 1 0 1 0
280	4	1 1 1 1 0 1 0 1 1 1 0 0 0 0 0 1 0 0 1 0
280	1	1 1 1 1 0 0 0 0 1 1 0 0 0 1 0 0 1 0 1 0
280	4	1 1 1 1 0 0 0 1 1 1 0 0 1 0 0 0 1 0 0 0
280	5	1 1 1 1 0 0 0 1 1 1 0 0 0 1 0 0 0 0 0 0
280	1	1 1 0 0 0 0 0 0 1 1 0 0 0 1 0 0 0 0 0 0
280	1	1 1 1 1 1 0 0 0 1 1 0 0 0 0 0 0 0 0 0 0
280	5	1 1 1 1 0 0 0 1 0 1 0 1 1 0 0 0 0 0 0 0
280	1	1 1 1 1 0 0 0 1 1 1 0 1 0 0 0 0 0 0 0 0
280	6	1 1 1 1 0 0 1 1 1 1 0 1 0 1 0 0 1 0 1 0
280	8	1 1 1 1 0 0 0 0 0 1 0 0 0 0 0 0 1 0 1 0
280	4	1 1 1 1 0 0 0 0 1 0 0 0 0 0 0 0 1 0 1 0
280	1	1 1 1 1 0 0 0 0 0 0 0 0 0 0 0 1 0 0 1 0
280	6	1 1 1 1 0 0 0 0 1 1 0 1 0 0 1 0 0 0 0 0
280	1	1 1 1 1 0 0 0 1 1 1 0 0 1 0 0 0 1 0 1 0
280	3	1 1 1 1 0 0 0 0 0 1 1 0 0 0 0 0 1 0 1 0
280	12	1 1 1 1 0 0 0 0 0 1 0 0 1 0 0 0 1 0 1 0
280	3	1 1 1 1 0 0 0 0 1 1 0 1 0 1 0 0 1 0 1 0
280	1	1 1 1 1 0 0 0 0 0 1 0 0 1 0 1 0 1 0 1 0
280	3	1 1 1 1 0 0 0 0 1 0 0 0 0 0 0 1 0 0 1 0
280	1	1 1 0 1 0 1 0 1 1 1 0 0 0 1 0 0 0 0 0 0
280	2	0 1 1 1 0 0 0 0 1 1 0 0 0 0 0 1 0 0 0 0
280	1	1 0 1 1 0 0 0 0 0 1 0 0 0 0 0 1 0 0 0 0
280	1	1 1 1 1 0 1 0 0 1 1 0 0 0 0 0 1 0 0 0 0
280	3	1 1 1 1 0 0 0 1 1 1 0 0 0 0 0 0 0 0 1 0
280	1	1 1 1 1 0 0 0 0 0 1 0 0 0 0 1 0 1 0 1 0
280	1	1 1 0 1 0 0 0 1 1 0 0 0 0 0 0 0 1 0 1 0
280	5	1 1 1 1 0 0 0 0 1 1 0 1 0 0 0 0 0 0 0 0
280	1	1 1 0 1 0 0 0 0 1 1 0 0 0 0 0 1 0 0 1 0
280	1	1 1 1 0 0 0 0 0 1 1 0 0 0 0 0 0 0 0 0 0
280	2	1 1 1 1 0 0 1 1 1 1 0 0 0 1 0 0 0 0 0 0
280	2	1 1 1 1 0 0 0 0 0 0 1 0 0 0 0 1 0 0 1 0
280	3	0 1 1 1 0 0 0 0 1 1 0 0 0 0 0 1 0 0 0 1
280	2	1 1 0 1 0 0 0 0 0 1 0 0 0 0 0 0 1 0 1 1
280	1	0 1 1 1 0 0 0 0 1 1 0 0 0 0 0 1 0 0 1 0
280	3	0 1 1 1 0 0 1 0 1 1 0 0 0 0 0 0 0 0 0 0
280	1	1 1 1 1 0 0 0 0 1 0 0 0 0 0 0 0 0 0 0 0
280	1	1 0 1 1 0 0 0 1 0 1 0 0 0 0 0 1 0 0 1 1
280	3	1 1 1 1 0 0 0 0 1 1 0 1 0 0 0 1 0 0 1 0
280	2	1 1 1 1 1 0 1 0 1 1 0 0 0 0 0 0 0 0 0 0
280	1	1 1 1 1 0 0 0 1 1 1 1 1 0 0 0 0 0 0 0 0
280	2	1 1 1 1 0 0 1 1 1 1 0 0 0 1 0 1 0 0 0 0
280	2	1 1 1 1 0 1 0 0 0 0 0 0 0 0 0 1 0 0 1 0
280	3	1 0 1 1 0 0 0 1 1 1 0 0 0 0 0 1 0 0 0 1
280	2	1 1 0 1 0 0 0 1 0 0 0 0 0 0 0 0 1 0 1 0
280	2	1 0 1 1 0 0 0 1 0 1 0 1 1 0 0 0 0 0 0 0
280	1	1 1 1 1 1 0 0 0 0 1 0 0 0 0 0 0 1 0 1 0
280	3	0 1 1 1 0 0 1 0 1 1 0 0 0 0 0 0 1 0 1 1
280	4	1 1 1 1 0 0 0 0 1 1 0 1 0 0 0 0 0 0 1 0
280	1	1 1 1 1 0 0 0 0 1 1 1 1 0 0 0 0 1 0 0 0
280	1	1 1 1 1 0 0 0 0 0 1 0 0 0 0 1 1 0 0 0 0
280	1	1 1 1 1 0 1 0 1 1 1 0 0 0 0 0 0 0 0 0 0
280	1	1 1 1 1 0 0 0 0 1 1 0 0 0 1 0 0 1 0 1 1
280	1	1 1 1 1 0 0 0 1 1 1 0 1 0 0 0 0 1 0 0 0
280	1	1 1 1 1 0 0 0 1 1 1 0 0 1 0 0 0 0 0 0 0
280	1	1 1 0 1 0 0 0 0 0 0 0 0 0 0 0 0 1 0 1 0
280	1	1 1 1 1 0 0 1 0 1 1 0 1 0 0 0 1 0 0 1 0
280	1	1 1 1 1 0 1 0 0 1 1 0 1 0 0 0 0 0 0 0 0
280	1	1 0 1 1 0 0 0 1 1 1 1 0 0 0 0 1 0 0 0 1
300	2	1 1 1 1 0 0 0 0 1 1 0 0 0 0 0 0 1 0 1 0
300	8	1 1 1 1 0 0 0 1 1 1 0 0 0 0 0 0 0 0 0 0
300	2	1 1 1 1 0 0 0 0 1 1 0 0 0 0 0 0 1 0 1 1
300	7	1 1 1 1 0 0 0 0 1 1 0 0 0 0 0 1 0 0 1 0
300	1	1 0 1 1 0 0 0 1 1 1 0 0 0 0 0 0 0 0 0 0
300	6	0 1 1 1 0 0 0 0 1 1 0 0 0 0 0 0 0 0 0 0
300	4	1 1 1 1 0 0 0 0 1 1 0 0 0 0 0 0 0 0 0 0
300	6	1 1 1 1 0 0 1 0 1 1 0 1 1 0 1 1 1 0 1 0
300	10	1 1 1 1 0 1 0 1 1 1 0 0 0 0 0 1 0 0 1 0
300	6	1 1 1 1 0 0 0 1 1 1 0 0 1 0 0 0 1 0 0 0
300	1	1 1 1 1 0 0 0 1 1 1 0 0 0 1 0 0 0 0 0 0
300	1	1 1 1 1 1 0 0 0 1 1 0 0 0 0 0 0 0 0 0 0
300	9	1 1 1 1 0 0 0 1 0 1 0 1 1 0 0 0 0 0 0 0
300	3	1 1 1 1 0 0 0 0 0 1 0 0 0 0 0 0 1 0 1 0
300	9	1 1 1 1 0 0 0 1 1 1 0 0 1 0 0 0 1 0 1 0
300	1	1 1 1 1 0 0 0 0 1 1 0 1 0 1 0 0 1 0 1 0
300	2	1 1 0 1 0 1 0 1 1 1 0 0 0 1 0 0 0 0 0 0
300	2	1 1 1 1 0 1 0 0 1 1 0 0 0 0 0 1 0 0 0 0
300	2	1 1 1 1 0 0 0 0 0 1 0 0 0 0 1 0 1 0 1 0
300	1	1 1 1 1 0 0 0 0 1 1 0 1 0 0 0 0 0 0 0 0
300	5	1 1 1 1 0 0 1 1 1 1 0 0 0 1 0 0 0 0 0 0
300	8	1 1 1 1 0 0 0 0 0 0 1 0 0 0 0 1 0 0 1 0
300	11	0 1 1 1 0 0 1 0 1 1 0 0 0 0 0 0 0 0 0 0
300	1	1 1 1 1 0 0 0 0 1 1 0 1 0 0 0 1 0 0 1 0
300	2	1 1 1 1 1 0 1 0 1 1 0 0 0 0 0 0 0 0 0 0
300	1	1 1 1 1 0 0 0 1 1 1 1 1 0 0 0 0 0 0 0 0
300	3	1 1 1 1 0 0 0 0 0 1 1 0 0 0 0 0 1 0 0 0
300	2	1 1 1 1 0 0 0 0 1 1 0 0 1 0 0 1 0 0 1 0
300	1	1 1 1 1 1 0 0 1 1 1 0 0 0 0 0 0 0 0 0 0
300	1	1 1 1 1 0 0 0 1 1 1 0 0 1 0 0 0 0 0 0 0
300	5	1 1 1 1 0 0 0 0 1 1 0 1 0 1 0 0 0 0 0 0
300	2	1 0 1 1 0 0 0 0 1 1 0 0 0 0 0 1 0 0 1 0
300	1	0 1 1 0 0 0 0 0 1 0 0 0 0 0 0 0 1 0 1 0
300	3	1 0 1 1 0 0 0 0 1 1 0 0 1 0 0 0 1 0 0 0
300	1	1 1 0 1 0 1 0 1 1 1 0 1 1 0 0 0 0 0 0 0
300	2	0 1 1 1 0 1 0 0 1 1 0 0 0 0 0 0 0 0 0 0
300	1	0 1 1 1 0 0 0 0 1 1 0 1 0 0 0 0 0 0 0 0
300	2	0 1 1 1 0 0 0 1 1 1 0 0 0 0 0 1 0 0 1 0
300	1	1 1 0 1 0 0 0 1 1 1 0 0 0 1 0 0 0 0 0 0
300	3	1 0 1 1 0 0 0 1 0 1 0 1 1 0 0 0 0 0 0 0
300	1	1 1 1 1 0 0 0 0 1 1 0 1 0 0 0 0 1 0 0 0
300	2	1 1 1 1 1 0 0 1 1 1 0 0 0 0 0 0 0 0 0 1
300	1	1 1 1 1 0 0 1 0 1 1 0 0 0 0 0 1 0 0 1 0
300	5	1 1 1 1 0 0 0 0 0 1 0 0 0 0 0 1 0 0 1 0
300	1	1 1 1 1 1 0 0 1 1 1 0 1 1 0 0 0 0 0 0 0
300	3	1 1 1 1 0 0 1 0 1 1 0 0 1 1 0 1 1 0 0 0
300	4	1 1 1 1 0 0 0 1 1 1 0 0 0 0 0 1 0 0 1 0
300	1	0 1 1 1 0 0 0 1 1 1 0 0 0 0 0 0 0 0 0 0
300	2	1 1 0 1 0 0 1 1 1 1 0 0 0 1 0 0 0 0 0 0
300	3	0 0 1 1 0 0 0 1 1 1 0 0 0 1 0 0 0 0 0 0
300	1	1 1 1 1 0 0 0 0 1 1 1 0 0 1 0 1 1 0 1 0
300	1	1 0 1 1 0 0 0 0 1 1 0 0 0 0 0 0 0 0 0 0
300	1	1 1 1 1 0 0 0 1 1 1 0 0 0 0 0 0 1 0 0 0
300	1	1 1 1 1 0 1 0 0 1 1 1 0 0 0 0 1 0 0 0 0
300	1	1 1 1 1 0 1 0 1 1 1 0 0 0 1 0 0 0 0 0 0
300	1	1 0 1 1 0 0 0 1 1 1 0 0 0 0 0 0 0 0 1 0
300	3	1 0 1 1 0 0 0 0 1 1 0 0 1 0 0 1 0 0 1 0
300	1	1 1 1 1 0 0 0 0 1 1 0 0 1 0 0 0 0 0 0 0
300	3	0 1 1 1 0 0 0 0 1 1 0 0 0 0 0 0 0 0 1 0
300	1	0 1 1 0 0 0 1 0 1 1 0 0 0 0 0 0 0 0 0 0
300	3	1 0 1 1 0 0 0 0 1 1 0 0 0 1 0 1 0 0 1 0
300	1	0 0 1 1 0 0 0 1 1 1 0 0 0 0 0 0 0 0 0 0
300	1	1 1 1 1 0 0 0 0 1 0 1 0 0 0 0 1 0 0 1 0
300	1	1 1 1 1 0 0 1 0 1 1 0 1 1 0 0 1 0 0 1 0
300	1	1 1 0 1 0 0 1 0 1 1 0 0 1 1 0 1 1 0 0 0
300	3	1 1 1 1 0 0 0 0 1 1 0 0 1 0 0 1 0 0 0 0
300	2	1 1 1 1 0 0 1 0 1 1 0 0 0 0 0 0 0 0 0 0
300	1	1 1 1 1 1 0 0 1 1 1 0 0 0 0 0 0 0 0 1 0
300	1	1 0 0 1 0 0 0 1 0 0 0 0 0 0 0 0 1 0 1 0
300	2	1 1 1 1 0 0 0 0 1 1 0 0 0 0 0 1 0 0 0 0
300	1	1 1 1 0 0 0 0 0 0 1 0 0 0 0 0 0 0 0 0 0
300	1	0 1 1 1 0 0 0 1 1 1 0 0 0 1 0 0 0 0 0 0
300	1	0 1 1 1 0 0 1 0 1 1 0 0 1 1 0 1 1 0 0 0
300	1	1 1 1 1 0 0 0 1 1 1 0 0 0 0 1 0 0 0 0 0
300	2	1 1 1 1 0 1 0 1 0 1 0 0 0 0 0 1 0 0 1 0
300	1	0 0 1 0 0 0 0 0 1 0 0 0 0 0 0 0 1 0 1 0
300	1	1 1 1 1 0 0 0 1 1 0 0 0 0 0 0 1 0 0 1 0
320	13	1 1 1 1 0 0 0 1 1 1 0 0 0 0 0 0 0 0 0 0
320	6	1 1 1 1 0 0 0 0 1 1 0 0 0 0 0 1 0 0 1 0
320	3	0 1 1 1 0 0 0 0 1 1 0 0 0 0 0 0 0 0 0 0
320	11	1 1 1 1 0 0 0 0 1 1 0 0 0 0 0 0 0 0 0 0
320	3	1 1 1 1 0 0 0 1 1 1 0 1 1 0 0 0 0 0 0 0
320	5	1 1 1 1 0 0 1 0 1 1 0 1 1 0 1 1 1 0 1 0
320	6	1 1 1 1 0 1 0 1 1 1 0 0 0 0 0 1 0 0 1 0
320	2	1 1 1 1 0 0 0 1 0 1 0 1 1 0 0 0 0 0 0 0
320	8	1 1 1 1 0 0 0 1 1 1 0 0 1 0 0 0 1 0 1 0
320	4	1 1 1 1 0 1 0 0 1 1 0 0 0 0 0 1 0 0 0 0
320	2	1 1 1 1 0 0 0 0 1 1 0 1 0 0 0 0 0 0 0 0
320	1	1 1 1 1 0 0 1 1 1 1 0 0 0 1 0 0 0 0 0 0
320	6	1 1 1 1 0 0 0 0 0 0 1 0 0 0 0 1 0 0 1 0
320	4	0 1 1 1 0 0 1 0 1 1 0 0 0 0 0 0 0 0 0 0
320	2	1 1 1 1 0 0 0 1 1 1 1 1 0 0 0 0 0 0 0 0
320	3	1 1 1 1 0 0 0 1 1 1 0 0 1 0 0 0 0 0 0 0
320	1	1 1 1 1 0 0 0 0 1 1 0 1 0 1 0 0 0 0 0 0
320	1	1 0 1 1 0 0 0 0 1 1 0 0 0 0 0 1 0 0 1 0
320	3	1 0 1 1 0 0 0 1 1 1 0 0 1 0 0 0 0 0 0 0
320	1	1 0 1 1 0 0 0 0 1 1 0 0 1 0 0 0 1 0 0 0
320	3	1 1 1 1 0 0 0 0 0 1 0 0 0 0 0 1 0 0 1 0
320	2	1 1 1 1 0 0 1 0 1 1 0 0 1 1 0 1 1 0 0 0
320	1	1 1 1 1 0 0 0 1 1 1 0 0 0 0 0 1 0 0 1 0
320	2	0 1 1 1 0 0 0 1 1 1 0 0 0 0 0 0 0 0 0 0
320	2	1 0 1 1 0 0 0 0 1 1 0 0 0 0 0 0 0 0 0 0
320	5	1 1 1 1 0 0 0 1 1 1 0 0 0 0 0 0 1 0 0 0
320	5	1 1 1 1 0 1 0 1 1 1 0 0 0 1 0 0 0 0 0 0
320	5	1 1 1 1 0 0 0 0 1 1 0 0 1 0 0 0 0 0 0 0
320	1	1 1 1 1 0 0 1 0 1 1 0 1 1 0 1 1 0 0 1 0
320	4	1 1 1 1 0 0 1 0 1 0 0 0 0 0 0 0 0 0 0 0
320	4	1 1 1 1 0 0 0 1 1 1 0 0 0 0 1 0 0 0 0 0
320	1	1 1 1 1 1 0 0 1 1 1 0 0 0 1 0 0 0 0 0 0
320	6	1 1 0 1 0 0 0 0 1 1 0 1 0 0 0 1 0 0 0 0
320	2	1 1 1 1 0 0 0 0 0 0 1 0 0 0 0 0 1 0 0 0
320	2	1 1 1 1 0 0 0 1 1 1 0 0 1 0 0 1 1 0 1 0
320	1	1 1 1 1 0 0 0 1 1 0 1 1 0 0 0 0 0 0 0 0
320	1	0 1 1 1 0 0 1 0 1 1 1 1 0 0 0 0 0 0 1 0
320	1	0 0 1 1 0 0 0 1 1 1 0 0 0 0 0 0 0 0 0 0
320	1	0 1 1 1 0 0 0 0 1 1 1 0 0 0 0 1 0 0 1 0
320	1	1 1 1 1 0 1 0 0 1 1 0 0 0 0 0 0 0 0 0 0
320	6	1 1 1 1 0 0 1 0 1 1 0 0 0 0 0 0 0 0 0 0
320	1	1 1 1 1 0 0 0 1 0 1 0 1 1 0 0 0 0 0 0 1
320	2	1 1 1 0 0 0 1 1 1 1 0 0 0 1 0 0 0 0 0 0
320	1	1 1 1 1 1 0 1 0 1 1 0 0 0 0 0 0 0 0 1 0
320	1	1 1 1 1 0 0 0 0 1 1 0 0 0 0 0 0 0 0 0 1
320	2	0 1 1 1 0 0 1 1 1 1 0 0 0 0 0 0 0 0 0 0
320	1	0 0 1 1 0 0 0 0 0 1 0 0 0 0 0 1 0 0 1 0
320	1	1 0 1 1 0 0 0 0 1 1 0 1 0 1 0 0 0 0 0 0
320	1	1 1 1 1 0 0 0 0 1 1 0 1 1 0 1 1 1 0 1 0
320	1	1 1 1 1 0 0 0 0 1 1 0 0 0 0 1 0 0 0 0 0
320	1	1 1 1 0 0 0 0 1 0 1 0 1 1 1 0 0 0 0 0 0
320	1	1 1 1 1 0 1 0 1 0 1 0 0 0 1 0 0 0 0 0 0
320	2	1 1 1 1 0 0 0 0 1 1 0 1 0 1 0 0 0 1 1 0
320	1	1 1 1 1 0 0 0 1 0 1 0 1 1 1 0 1 0 0 1 0
320	1	0 1 1 1 0 0 1 0 1 1 1 0 0 0 0 1 0 0 1 0
320	2	1 1 1 1 0 1 0 1 1 1 0 0 0 0 0 0 0 0 0 0
320	1	1 1 1 1 0 0 0 1 1 1 0 0 0 0 0 0 0 0 1 0
320	4	1 1 1 1 1 0 1 0 0 1 0 0 0 0 0 0 0 0 0 0
320	2	1 1 1 1 0 1 0 1 0 1 0 0 0 1 0 1 0 0 1 0
320	1	1 1 1 1 0 0 1 0 1 0 0 1 1 0 1 1 0 0 0 0
320	2	1 1 1 1 0 0 1 0 1 1 0 0 0 0 0 0 0 0 1 0
320	3	1 1 1 1 0 0 0 1 1 1 0 1 1 0 0 1 0 0 0 0
320	2	1 1 1 1 0 0 0 0 0 0 1 1 0 0 0 1 0 0 1 0
320	2	1 1 1 1 0 0 1 1 0 1 0 1 1 1 0 1 0 0 1 0
320	2	1 1 1 1 0 0 0 0 1 1 0 0 1 1 0 0 0 0 0 0
320	1	0 1 1 1 0 0 0 1 1 0 1 1 0 0 0 0 0 0 0 0
320	1	1 1 1 1 0 0 0 0 1 1 1 1 0 1 0 0 0 0 1 0
320	2	0 1 1 0 0 1 1 0 1 1 0 0 0 0 0 0 0 0 0 1
320	1	1 1 0 1 0 0 0 0 1 1 0 0 0 0 0 0 1 0 0 0
320	3	1 1 1 1 0 1 0 1 1 1 0 0 1 0 0 0 0 0 0 0
320	1	1 1 1 1 0 0 0 1 1 1 0 0 1 0 0 0 0 0 1 0
320	1	1 0 1 1 0 0 0 1 1 1 0 0 0 0 1 0 0 0 0 0
320	1	1 1 1 1 0 0 0 0 1 1 0 1 1 1 0 0 0 0 0 0
320	2	1 1 1 1 0 1 0 1 1 1 0 0 0 0 0 1 1 0 1 0
320	1	1 1 1 1 0 0 1 0 1 1 0 0 0 0 0 1 0 0 1 0
320	3	1 1 1 1 0 0 0 0 1 1 0 1 0 0 0 0 1 0 0 0
320	1	1 1 0 1 0 0 0 0 1 1 0 0 0 0 0 0 1 0 1 0
320	1	1 1 1 1 0 0 0 1 1 1 0 1 0 0 0 0 0 0 0 0
320	1	0 1 1 1 0 0 0 0 1 1 0 1 0 0 0 0 0 0 0 0
320	1	1 1 1 1 1 0 1 0 0 1 0 1 0 0 0 0 0 0 0 0
340	14	1 1 1 1 0 0 0 1 1 1 0 0 0 0 0 0 0 0 0 0
340	15	1 1 1 1 0 0 0 0 1 1 0 0 0 0 0 1 0 0 1 0
340	2	0 1 1 1 0 0 0 0 1 1 0 0 0 0 0 0 0 0 0 0
340	6	1 1 1 1 0 0 0 0 1 1 0 0 0 0 0 0 0 0 0 0
340	1	1 1 1 1 0 0 0 1 1 1 0 0 1 0 0 0 1 0 1 0
340	1	1 1 1 1 0 1 0 0 1 1 0 0 0 0 0 1 0 0 0 0
340	2	1 1 1 1 0 0 0 0 0 0 1 0 0 0 0 1 0 0 1 0
340	8	0 1 1 1 0 0 1 0 1 1 0 0 0 0 0 0 0 0 0 0
340	3	1 1 1 1 0 0 0 0 0 1 0 0 0 0 0 1 0 0 1 0
340	3	0 1 1 1 0 0 0 1 1 1 0 0 0 0 0 0 0 0 0 0
340	7	1 0 1 1 0 0 0 0 1 1 0 0 0 0 0 0 0 0 0 0
340	1	1 1 1 1 0 1 0 1 1 1 0 0 0 1 0 0 0 0 0 0
340	4	1 1 1 1 0 0 0 0 1 1 0 0 1 0 0 0 0 0 0 0
340	11	1 1 1 1 0 0 1 0 1 1 0 1 1 0 0 1 0 0 1 0
340	6	1 1 1 1 0 0 0 1 1 1 0 0 0 0 1 0 0 0 0 0
340	2	1 1 1 1 0 1 0 1 0 1 0 0 0 0 0 1 0 0 1 0
340	8	1 1 1 1 0 0 1 0 1 1 0 0 0 0 0 0 0 0 0 0
340	3	1 1 1 0 0 0 1 1 1 1 0 0 0 1 0 0 0 0 0 0
340	12	1 1 1 1 0 0 0 0 1 1 0 0 0 0 0 0 0 0 1 0
340	1	1 1 1 1 0 0 0 0 1 1 0 0 0 0 1 0 0 0 0 0
340	1	1 1 1 1 0 0 0 1 0 1 0 1 1 1 0 1 0 0 1 0
340	1	0 1 1 1 0 0 1 0 1 1 1 0 0 0 0 1 0 0 1 0
340	2	1 1 1 1 0 0 0 1 1 1 0 0 0 0 0 0 0 0 1 0
340	1	1 1 1 1 0 1 0 1 0 1 0 0 0 1 0 1 0 0 1 0
340	6	1 1 1 1 0 0 1 0 1 0 0 1 1 0 1 1 0 0 0 0
340	1	1 1 1 1 0 0 0 0 0 0 1 1 0 0 0 1 0 0 1 0
340	6	1 1 1 1 0 0 1 1 0 1 0 1 1 1 0 1 0 0 1 0
340	1	1 1 1 1 0 0 1 0 0 1 0 0 0 0 0 0 0 0 0 0
340	1	1 1 1 1 0 1 0 1 1 0 1 1 0 0 0 0 0 0 0 0
340	1	1 1 1 1 0 0 0 0 1 1 0 0 0 0 0 0 1 0 0 0
340	1	1 1 1 1 0 0 0 1 1 0 0 1 1 0 0 0 0 0 0 0
340	1	0 1 1 1 0 0 1 0 1 1 0 0 0 0 0 0 0 1 0 0
340	1	1 1 1 1 0 0 0 1 1 1 0 0 0 0 0 0 0 1 0 0
340	1	1 1 1 0 0 0 0 1 1 1 0 1 1 0 0 0 0 0 0 0
340	3	1 1 1 0 0 0 0 0 1 1 0 0 1 0 0 0 0 0 0 0
340	4	1 1 1 1 0 0 0 1 1 1 0 0 1 1 0 1 0 0 0 0
340	1	1 1 0 1 0 0 0 0 1 1 0 0 0 0 1 0 0 0 0 0
340	3	1 1 1 1 0 0 1 0 1 0 0 1 1 0 1 0 0 1 0 0
340	2	0 1 1 1 0 0 1 0 1 1 1 0 0 0 0 1 1 0 1 0
340	1	1 1 1 1 0 1 0 1 1 1 0 1 0 0 0 1 0 0 0 0
340	1	1 1 1 1 0 0 1 0 0 1 0 0 0 0 0 0 0 0 1 0
340	2	1 1 1 1 0 0 1 0 1 1 0 1 1 0 0 0 0 0 1 0
340	1	1 1 1 1 0 0 0 0 1 1 0 0 0 1 1 0 0 0 0 0
340	1	1 1 1 1 0 0 0 0 1 1 0 0 1 0 1 0 0 0 0 0
340	5	1 1 1 1 0 0 1 0 1 0 0 1 1 0 0 1 0 0 1 0
340	3	1 1 1 1 0 0 0 1 1 1 0 0 0 0 1 0 0 0 0 1
340	1	1 1 1 1 0 1 0 0 1 0 1 0 0 0 0 1 0 0 1 1
340	1	1 1 1 1 0 0 1 1 1 1 0 1 1 0 0 1 0 0 1 0
340	1	1 1 1 1 0 0 1 0 1 0 1 1 1 0 1 1 0 0 0 0
340	1	1 1 1 1 0 0 1 0 1 1 0 1 1 0 0 1 0 0 0 0
340	1	1 0 1 1 0 0 1 0 1 1 0 1 1 0 0 1 0 0 1 0
340	2	1 1 1 1 0 0 0 1 1 1 0 0 0 1 0 0 0 0 0 0
340	5	0 1 1 1 0 0 0 0 1 1 0 0 0 0 0 1 0 0 0 0
340	3	0 1 1 1 0 0 0 0 1 1 0 0 0 0 1 0 0 0 0 0
340	1	1 1 1 1 0 0 1 0 0 1 0 0 0 0 0 0 0 0 1 1
340	1	1 1 1 1 0 0 0 0 0 0 0 0 1 0 0 0 0 0 0 1
340	1	1 1 1 1 0 0 1 1 0 1 0 1 0 0 0 1 0 0 0 0
340	1	1 1 1 0 0 0 0 0 0 0 0 0 1 0 0 0 0 0 0 1
340	3	1 1 1 1 0 0 0 1 1 1 0 1 0 0 0 0 0 0 0 0
340	1	1 1 1 1 0 0 1 0 1 1 0 0 0 0 0 0 0 0 1 0
340	1	1 1 1 0 0 0 0 0 1 1 0 0 0 0 1 0 0 0 0 0
340	1	1 1 1 1 1 0 0 0 1 1 0 0 0 0 0 1 0 0 1 0
340	1	1 1 1 1 0 0 0 0 0 0 0 0 0 0 0 1 0 0 1 0
340	1	1 1 1 1 0 0 1 0 1 1 0 1 1 0 0 1 1 0 1 0
340	1	1 0 0 1 0 0 0 1 1 1 0 0 0 0 1 0 0 0 0 0
340	1	1 0 1 1 0 0 0 0 1 1 0 1 1 0 0 0 0 0 1 0
340	1	1 1 1 1 0 1 0 1 1 1 0 0 0 0 0 1 0 0 0 0
340	1	1 1 1 1 0 0 0 0 1 1 0 0 0 0 0 0 0 1 1 0
340	2	1 1 1 1 0 0 1 1 1 1 0 1 0 0 0 0 0 0 0 0
340	2	1 1 1 1 0 0 0 1 1 1 0 0 0 0 1 0 0 0 1 1
340	1	1 1 1 1 0 0 0 1 1 1 0 0 1 1 0 0 0 0 0 0
340	1	1 1 1 1 0 0 1 0 1 1 0 1 1 1 0 1 0 0 0 0
340	1	1 0 1 1 0 0 0 1 1 1 0 0 0 0 0 1 0 0 0 0
360	17	1 1 1 1 0 0 0 1 1 1 0 0 0 0 0 0 0 0 0 0
360	7	1 1 1 1 0 0 0 0 1 1 0 0 0 0 0 1 0 0 1 0
360	5	1 1 1 1 0 0 0 0 1 1 0 0 0 0 0 0 0 0 0 0
360	3	1 1 1 1 0 0 0 0 0 0 1 0 0 0 0 1 0 0 1 0
360	1	1 1 1 1 0 0 0 0 1 1 0 0 1 0 0 0 0 0 0 0
360	4	1 1 1 1 0 0 1 0 1 1 0 1 1 0 0 1 0 0 1 0
360	10	1 1 1 1 0 0 1 0 1 1 0 0 0 0 0 0 0 0 0 0
360	2	1 1 1 1 0 0 0 0 1 1 0 0 0 0 0 0 0 0 1 0
360	1	1 1 1 1 0 0 0 0 1 1 0 0 0 0 1 0 0 0 0 0
360	9	1 1 1 1 0 0 1 0 1 0 0 1 1 0 1 1 0 0 0 0
360	4	1 1 1 1 0 0 0 0 0 0 1 1 0 0 0 1 0 0 1 0
360	2	1 1 1 1 0 1 0 1 1 1 0 0 0 0 0 1 1 0 1 0
360	5	1 1 1 1 0 1 0 1 1 0 1 1 0 0 0 0 0 0 0 0
360	2	1 1 1 1 0 0 0 1 1 0 0 1 1 0 0 0 0 0 0 0
360	4	1 1 1 0 0 0 0 1 1 1 0 1 1 0 0 0 0 0 0 0
360	4	1 1 1 1 0 0 0 1 1 1 0 0 1 1 0 1 0 0 0 0
360	1	1 1 1 1 0 0 0 0 1 1 0 0 0 0 0 1 1 0 1 0
360	4	1 1 1 1 0 0 1 0 1 1 0 1 1 0 0 0 0 0 1 0
360	2	1 1 1 1 1 0 0 1 1 1 0 0 0 0 0 0 1 0 0 0
360	8	1 1 1 1 0 0 1 0 1 0 0 1 1 0 0 1 0 0 1 0
360	1	1 1 1 1 0 0 0 1 1 1 0 0 0 0 1 0 0 0 0 1
360	1	1 1 1 1 0 0 1 0 1 0 1 1 1 0 1 1 0 0 0 0
360	3	1 1 1 1 0 0 0 1 1 1 0 0 1 0 1 0 0 0 0 0
360	1	1 1 1 0 0 0 0 0 0 0 0 0 1 0 0 0 0 0 0 1
360	6	1 0 1 1 0 1 0 1 1 0 1 1 0 0 0 0 0 0 0 0
360	2	1 1 1 1 0 0 0 0 0 1 0 0 0 0 0 1 0 0 0 0
360	3	1 1 1 1 0 0 1 0 1 1 0 0 0 0 0 0 0 0 1 0
360	1	1 1 1 0 0 0 0 0 1 1 0 0 0 0 1 0 0 0 0 0
360	1	1 1 1 1 0 0 1 0 1 0 0 1 1 0 1 1 0 1 0 0
360	9	1 1 1 0 0 0 0 0 0 0 1 1 0 0 0 1 0 0 1 0
360	1	1 1 1 1 0 0 0 0 1 1 0 1 1 1 0 1 0 0 1 0
360	1	1 1 1 0 0 0 0 0 1 1 0 0 0 0 0 0 0 0 0 0
360	1	1 1 1 1 0 0 1 0 1 0 0 1 1 1 0 1 0 0 1 0
360	1	1 1 1 1 0 0 1 0 1 0 1 1 0 0 1 1 0 0 0 0
360	5	0 1 1 1 0 0 0 0 1 1 0 0 1 0 0 0 0 0 0 0
360	2	1 1 1 0 0 0 0 0 1 1 0 0 1 1 0 1 0 0 0 0
360	3	0 1 1 1 0 0 0 0 1 0 0 0 0 0 1 0 0 0 0 0
360	2	1 1 1 1 1 0 1 0 1 1 0 1 1 0 0 0 0 0 0 0
360	3	1 1 1 1 0 1 0 1 1 1 0 0 0 0 0 1 1 0 0 0
360	2	1 1 0 1 0 0 1 0 1 1 0 1 1 0 0 1 0 0 0 0
360	4	1 1 1 1 0 0 1 0 1 0 1 1 1 0 1 1 0 1 0 0
360	5	1 1 1 1 0 0 1 0 1 1 0 1 1 0 0 0 0 0 0 0
360	2	1 1 1 1 0 0 1 0 1 0 1 1 1 0 1 1 1 0 0 0
360	1	1 0 1 1 0 0 0 0 0 1 0 0 0 1 0 1 0 0 0 0
360	2	1 1 1 1 0 0 1 0 1 1 0 1 1 0 1 1 0 0 0 0
360	1	1 1 1 1 0 0 1 0 1 0 0 0 1 1 0 1 0 0 0 0
360	1	0 1 1 1 0 0 1 1 1 1 0 0 1 0 1 0 0 0 0 0
360	3	1 1 1 1 0 0 0 1 0 0 1 0 0 0 0 1 0 0 1 0
360	1	1 1 1 1 0 0 0 1 1 1 0 0 0 0 0 1 1 0 0 0
360	1	1 1 1 1 0 1 1 1 1 1 0 0 0 1 0 1 0 0 1 0
360	1	1 1 1 0 0 0 1 0 1 1 0 1 1 0 1 1 0 0 0 0
360	2	1 1 1 1 0 0 0 1 1 0 1 1 0 0 0 0 0 0 0 0
360	2	1 1 1 1 0 0 0 0 1 1 1 0 0 0 0 0 0 0 1 0
360	1	1 1 1 1 0 0 1 0 1 0 1 1 0 0 0 1 0 0 0 0
360	1	1 1 1 1 0 0 0 0 1 0 1 1 0 0 1 1 0 0 0 0
360	1	1 1 1 0 1 0 0 0 1 0 0 0 0 0 0 0 0 0 0 0
360	1	1 1 1 1 0 1 0 1 1 1 0 0 0 0 0 0 0 0 0 0
360	1	1 1 1 1 0 0 0 0 1 1 1 0 0 0 1 0 0 0 0 0
360	1	1 1 0 0 0 0 0 0 1 1 0 0 0 0 0 0 0 0 0 0
360	1	1 1 1 1 0 0 1 0 1 1 0 1 1 0 0 0 0 1 1 0
360	1	1 0 1 1 0 1 0 1 1 1 0 0 0 0 0 0 0 0 0 0
360	1	1 1 1 1 0 0 1 0 1 0 1 0 1 0 1 1 0 1 0 0
360	1	1 1 1 1 0 0 0 1 1 0 0 0 0 0 0 1 0 0 1 0
360	1	1 1 0 1 0 0 1 0 1 1 0 1 1 0 0 0 0 0 0 0
360	2	1 0 1 1 0 0 0 0 1 1 0 0 0 0 0 0 0 0 0 0
360	2	1 1 1 1 0 0 0 1 0 1 0 1 1 0 0 0 0 0 0 0
360	1	1 1 1 1 0 0 0 0 0 0 1 0 0 1 0 1 0 0 1 0
360	1	1 1 1 1 0 0 0 1 1 1 0 0 1 1 0 1 0 1 0 0
360	2	1 0 1 1 0 0 0 1 1 1 0 0 1 1 0 1 0 0 0 0
360	1	1 1 1 1 0 1 0 1 1 1 0 0 0 1 0 1 1 0 0 0
360	1	1 1 1 1 0 1 0 0 1 1 1 0 0 0 0 1 0 1 0 0
360	1	1 1 1 1 0 1 0 1 1 1 0 0 0 0 0 0 1 0 0 0
360	1	1 1 1 1 0 0 1 0 1 0 0 0 0 0 0 0 0 0 0 0
360	1	1 1 1 1 0 1 0 0 1 1 0 0 0 0 0 0 0 0 0 0
360	2	1 1 1 1 0 0 1 0 1 1 0 0 0 0 0 0 0 0 0 1
360	1	1 1 1 1 0 1 0 1 1 0 1 1 0 0 0 0 0 0 0 1
360	1	1 1 1 1 0 0 0 1 1 1 0 1 0 0 1 0 0 0 0 1
360	1	1 1 1 0 0 0 0 0 1 1 0 0 0 0 1 0 0 1 0 0
360	1	1 1 1 1 0 0 1 0 1 0 1 0 0 0 1 1 0 0 0 0
380	13	1 1 1 1 0 0 0 1 1 1 0 0 0 0 0 0 0 0 0 0
380	1	1 1 1 1 0 0 0 0 1 1 0 0 0 0 0 1 0 0 1 0
380	6	1 1 1 1 0 0 0 0 1 1 0 0 0 0 0 0 0 0 0 0
380	7	1 1 1 1 0 0 1 0 1 1 0 1 1 0 0 1 0 0 1 0
380	8	1 1 1 1 0 0 1 0 1 1 0 0 0 0 0 0 0 0 0 0
380	2	1 1 1 0 0 0 1 1 1 1 0 0 0 1 0 0 0 0 0 0
380	4	1 1 1 1 0 0 1 0 1 0 0 1 1 0 1 1 0 0 0 0
380	5	1 1 1 1 0 0 0 0 0 0 1 1 0 0 0 1 0 0 1 0
380	1	1 1 1 1 0 1 0 1 1 1 0 0 0 0 0 1 1 0 1 0
380	3	1 1 1 1 0 1 0 1 1 0 1 1 0 0 0 0 0 0 0 0
380	2	1 1 1 1 0 0 0 1 1 0 0 1 1 0 0 0 0 0 0 0
380	5	1 1 1 1 0 0 0 1 1 1 0 0 1 1 0 1 0 0 0 0
380	5	1 1 1 1 0 0 1 0 1 1 0 1 1 0 0 0 0 0 1 0
380	3	1 1 1 1 0 0 1 0 1 0 0 1 1 0 0 1 0 0 1 0
380	2	1 1 1 1 0 0 0 1 1 1 0 0 1 0 1 0 0 0 0 0
380	1	1 0 1 1 0 1 0 1 1 0 1 1 0 0 0 0 0 0 0 0
380	6	1 1 1 0 0 0 0 0 0 0 1 1 0 0 0 1 0 0 1 0
380	2	0 1 1 1 0 0 0 0 1 1 0 0 1 0 0 0 0 0 0 0
380	1	1 1 1 0 0 0 0 0 1 1 0 0 1 1 0 1 0 0 0 0
380	2	1 1 1 1 0 1 0 1 1 1 0 0 0 0 0 1 1 0 0 0
380	6	1 1 1 1 0 0 1 0 1 1 0 1 1 0 0 0 0 0 0 0
380	4	1 1 1 1 0 0 0 0 1 1 1 0 0 0 0 0 0 0 1 0
380	3	1 1 1 1 0 1 0 1 1 1 0 0 0 0 0 0 0 0 0 0
380	1	1 0 1 1 0 1 0 1 1 1 0 0 0 0 0 0 0 0 0 0
380	2	1 1 1 1 0 0 1 0 1 0 1 0 1 0 1 1 0 1 0 0
380	1	1 1 1 1 0 0 0 1 1 0 0 0 0 0 0 1 0 0 1 0
380	1	1 0 1 1 0 0 0 0 1 1 0 0 0 0 0 0 0 0 0 0
380	5	1 1 1 1 0 0 0 1 1 1 0 0 1 1 0 1 0 1 0 0
380	3	1 0 1 1 0 0 0 1 1 1 0 0 1 1 0 1 0 0 0 0
380	10	1 1 1 1 0 1 0 1 1 1 0 0 0 1 0 1 1 0 0 0
380	5	1 1 1 1 0 0 0 0 1 0 0 0 0 0 1 0 0 0 0 0
380	3	1 1 1 1 0 0 1 0 1 1 0 0 0 0 0 0 0 0 0 1
380	3	1 1 1 1 0 0 1 0 1 0 1 1 1 0 1 1 1 0 1 0
380	2	1 1 1 1 0 0 0 0 1 0 0 0 0 0 0 1 0 0 1 0
380	1	0 1 1 1 0 0 0 0 0 0 1 1 0 0 0 1 0 0 1 0
380	3	1 1 1 1 0 0 1 0 1 0 0 0 1 0 0 1 0 0 1 0
380	1	1 0 1 1 0 0 0 0 1 1 0 0 0 0 0 0 0 0 1 0
380	1	1 1 1 1 0 1 0 1 1 1 0 0 0 1 0 0 1 0 0 0
380	9	0 1 1 1 0 0 0 0 1 0 1 0 0 0 1 0 0 0 0 0
380	1	1 1 1 1 0 0 1 0 1 1 0 0 0 1 0 0 0 0 0 0
380	1	1 1 1 1 0 0 0 1 1 1 0 0 0 0 0 0 0 0 1 0
380	5	1 1 1 1 0 1 0 1 1 0 1 1 0 0 0 0 0 0 0 1
380	4	1 1 1 1 1 0 0 1 1 1 0 0 1 0 0 0 1 0 0 0
380	1	1 1 1 1 0 0 1 0 1 0 0 1 1 0 0 1 0 1 1 0
380	4	1 1 1 1 0 0 1 1 1 1 0 0 0 1 0 0 0 0 0 0
380	1	1 1 1 0 0 0 0 0 0 0 1 1 0 0 1 1 0 0 1 0
380	1	1 1 1 0 0 0 0 0 0 0 1 1 0 0 1 0 0 0 0 0
380	1	1 1 1 1 0 0 0 1 1 1 0 0 0 0 0 0 1 0 0 0
380	3	1 1 1 1 0 0 0 1 1 0 0 1 1 0 0 0 0 0 1 0
380	2	1 1 1 0 0 0 1 0 0 0 1 1 0 0 0 1 0 0 1 0
380	4	1 1 1 1 0 0 0 1 1 1 0 0 0 1 0 0 0 0 0 0
380	1	0 1 1 1 0 0 0 1 1 1 0 0 0 0 0 0 0 0 0 0
380	1	1 1 0 1 0 0 1 0 1 0 0 1 1 0 0 1 0 0 1 0
380	2	0 1 1 1 0 0 0 0 0 0 1 0 0 0 0 1 0 0 1 0
380	1	1 1 1 1 0 0 0 1 1 1 0 1 0 0 0 0 0 0 1 0
380	2	0 1 1 1 0 0 0 1 1 0 1 1 0 0 0 0 0 0 0 0
380	1	1 1 1 1 0 0 1 0 1 1 0 0 1 0 1 0 0 0 0 0
380	2	1 0 1 1 0 0 1 0 1 1 0 1 1 0 0 0 0 0 1 0
380	1	1 0 0 1 0 0 0 0 1 1 0 0 0 0 0 0 1 0 0 0
380	1	1 1 1 1 0 0 1 0 1 1 0 1 0 0 0 0 0 0 1 0
380	2	1 0 1 1 0 0 0 1 0 0 1 1 0 0 0 1 0 0 0 0
380	1	1 1 1 0 0 0 0 0 1 0 1 1 0 0 1 1 0 0 1 0
380	1	1 1 1 0 0 1 0 1 1 1 0 0 1 1 0 1 0 0 0 0
380	1	1 1 1 1 0 0 1 0 1 1 0 0 1 1 0 1 0 0 0 0
380	1	1 1 1 1 0 0 0 0 0 1 0 0 0 0 0 0 0 0 0 1
380	1	0 1 1 1 0 0 0 1 1 0 0 0 0 0 0 1 0 0 1 0
380	1	1 1 1 1 0 0 1 0 1 0 1 0 1 0 0 0 0 0 0 0
380	1	1 1 1 1 0 0 0 1 1 1 0 0 1 1 0 0 0 1 0 0
380	1	1 1 1 1 0 0 1 0 1 0 1 1 1 0 0 1 1 0 1 0
380	1	1 1 1 1 0 0 0 1 1 0 1 1 0 0 0 0 0 0 0 1
380	1	1 1 1 0 1 0 0 1 1 1 0 0 1 0 0 0 1 0 0 0
380	1	0 1 1 1 0 0 0 0 1 0 1 0 1 1 0 1 0 0 0 0
380	1	0 1 1 1 0 0 0 0 1 1 1 0 1 0 0 0 0 0 0 0
380	1	1 1 0 1 1 0 0 1 1 1 0 0 1 0 0 0 1 0 0 0
380	1	1 1 1 1 0 0 0 1 1 0 0 1 1 0 0 1 0 0 1 0
380	1	1 1 1 0 1 0 0 1 1 1 0 0 1 1 0 0 1 0 0 0
400	4	1 1 1 1 0 0 0 1 1 1 0 0 0 0 0 0 0 0 0 0
400	2	1 1 1 1 0 0 0 0 1 1 0 0 0 0 0 1 0 0 1 0
400	2	1 1 1 1 0 0 0 0 1 1 0 0 0 0 0 0 0 0 0 0
400	15	1 1 1 1 0 0 1 0 1 1 0 0 0 0 0 0 0 0 0 0
400	1	1 1 1 0 0 0 1 1 1 1 0 0 0 1 0 0 0 0 0 0
400	3	1 1 1 1 0 0 1 0 1 0 0 1 1 0 1 1 0 0 0 0
400	5	1 1 1 1 0 0 0 0 0 0 1 1 0 0 0 1 0 0 1 0
400	10	1 1 1 1 0 1 0 1 1 0 1 1 0 0 0 0 0 0 0 0
400	1	1 1 1 1 0 0 0 1 1 0 0 1 1 0 0 0 0 0 0 0
400	9	1 1 1 1 0 0 0 1 1 1 0 0 1 1 0 1 0 0 0 0
400	2	1 1 1 1 0 0 0 1 1 1 0 0 1 0 1 0 0 0 0 0
400	1	0 1 1 1 0 0 0 0 1 1 0 0 1 0 0 0 0 0 0 0
400	8	1 1 1 1 0 0 1 0 1 1 0 1 1 0 0 0 0 0 0 0
400	2	1 1 1 1 0 0 0 0 1 1 1 0 0 0 0 0 0 0 1 0
400	2	1 1 1 1 0 0 1 0 1 0 1 0 1 0 1 1 0 1 0 0
400	3	1 1 1 1 0 0 1 0 1 0 1 1 1 0 1 1 1 0 1 0
400	3	1 1 1 1 0 0 1 0 1 0 0 0 1 0 0 1 0 0 1 0
400	6	0 1 1 1 0 0 0 0 1 0 1 0 0 0 1 0 0 0 0 0
400	3	1 1 1 1 1 0 0 1 1 1 0 0 1 0 0 0 1 0 0 0
400	3	1 1 1 1 0 0 0 1 1 0 0 1 1 0 0 0 0 0 1 0
400	6	1 1 1 0 0 0 1 0 0 0 1 1 0 0 0 1 0 0 1 0
400	3	1 1 1 1 0 0 1 0 1 0 1 1 1 0 1 1 0 0 0 0
400	4	1 1 1 1 0 0 0 1 1 1 0 1 0 0 0 0 0 0 1 0
400	5	0 1 1 1 0 1 0 1 1 0 0 0 0 0 1 0 0 1 0 0
400	1	1 1 1 1 0 0 0 1 1 0 0 1 1 0 0 0 1 0 0 0
400	4	1 1 1 1 0 0 0 1 0 0 1 1 0 0 0 1 0 0 1 0
400	5	1 1 1 1 1 0 0 1 1 1 0 0 1 1 0 0 1 0 0 0
400	4	1 1 1 0 0 0 0 1 1 1 0 0 1 1 0 1 0 0 0 0
400	3	1 1 0 1 0 1 0 1 1 0 0 0 0 0 1 0 0 0 0 0
400	6	1 1 1 1 1 0 1 1 1 1 0 0 1 1 0 1 1 0 0 0
400	3	1 1 1 1 0 0 0 1 0 0 1 0 0 0 0 1 0 0 1 0
400	5	0 1 1 1 0 0 0 0 1 0 1 0 0 0 1 0 0 1 0 0
400	2	1 1 1 1 0 0 0 1 1 0 0 1 1 0 1 1 0 0 0 0
400	1	1 1 1 1 0 1 0 1 1 1 0 0 0 0 1 0 0 0 0 0
400	5	1 1 1 1 0 0 1 0 1 0 1 0 1 0 1 0 0 1 0 0
400	3	1 1 1 1 0 0 0 1 1 1 0 0 1 1 0 0 0 1 0 0
400	2	1 1 1 0 0 0 1 0 0 0 1 1 0 0 0 0 0 0 0 0
400	1	1 1 1 1 0 0 0 0 1 1 0 0 0 0 0 1 0 0 0 0
400	4	1 1 1 1 0 0 0 1 1 1 0 0 0 0 0 0 0 0 1 0
400	2	1 1 1 1 0 1 0 1 1 1 0 0 0 0 0 0 1 0 0 0
400	1	0 1 1 1 0 0 0 0 1 0 1 0 0 0 1 0 0 0 0 1
400	1	1 0 1 1 0 0 0 1 1 1 1 0 0 0 0 0 0 0 0 0
400	2	1 1 1 1 0 0 0 1 1 0 0 1 1 1 0 0 0 0 1 0
400	4	1 1 1 1 0 0 1 0 1 0 0 0 1 0 0 1 0 0 1 1
400	2	1 1 1 1 0 1 0 1 1 0 1 1 0 0 0 0 0 0 1 0
400	1	1 1 1 0 0 0 0 0 0 0 1 1 0 0 0 1 0 1 1 0
400	4	1 1 1 1 0 0 1 0 1 0 1 0 1 0 1 1 0 0 0 0
400	1	1 1 1 1 0 1 0 1 1 1 0 0 0 0 1 0 0 1 0 0
400	1	1 1 1 0 0 1 0 1 1 1 1 1 0 0 0 1 1 0 0 0
400	1	1 1 1 0 0 0 0 0 0 0 1 1 0 0 1 1 0 0 1 0
400	2	1 1 1 1 0 0 0 1 1 1 0 1 1 0 1 0 1 0 1 1
400	2	1 1 1 1 0 0 0 1 1 1 0 0 1 0 0 0 0 0 1 0
400	1	0 1 1 1 0 0 0 0 0 0 1 0 0 0 1 0 0 0 0 0
400	1	1 1 1 0 0 0 1 0 0 0 1 1 0 0 0 1 1 0 1 0
400	2	1 1 1 0 0 0 0 1 1 1 0 0 1 0 1 1 0 1 0 0
400	1	0 1 1 1 0 0 0 0 1 1 1 0 0 0 0 0 0 0 1 0
400	1	1 1 0 1 0 0 1 0 1 0 1 1 1 0 1 1 0 0 0 0
400	1	1 1 1 1 0 0 1 0 1 1 0 1 1 0 1 0 0 1 0 0
400	2	1 1 1 1 0 0 1 0 1 0 1 0 0 0 0 0 0 0 1 0
400	1	1 1 1 1 0 0 1 0 1 0 1 0 0 0 1 0 0 1 0 0
400	2	0 1 1 1 0 0 0 0 1 0 1 0 0 0 1 0 1 0 0 1
400	1	1 1 1 1 0 0 0 0 1 0 1 0 0 0 1 0 0 1 0 0
400	1	1 1 1 1 0 0 0 1 1 1 0 1 0 0 0 0 0 0 0 0
400	1	1 1 1 1 1 0 1 1 1 1 0 0 1 1 0 0 1 0 0 0
400	1	1 1 1 1 0 1 1 0 1 0 0 0 1 0 0 1 0 0 1 0
400	2	0 1 1 1 0 0 0 0 1 0 1 0 0 1 1 0 0 0 0 0
400	1	1 1 1 1 0 0 0 1 1 0 0 1 1 0 0 0 1 0 0 1
400	2	1 1 1 1 0 0 1 1 1 0 0 1 1 0 0 1 0 0 1 0
400	1	1 1 0 1 0 0 0 1 1 1 0 0 0 0 0 0 0 0 1 1
400	1	1 1 1 1 0 0 0 1 1 1 0 0 1 0 1 0 0 0 1 0
400	1	1 1 1 1 0 1 1 0 1 0 1 1 1 0 0 0 0 0 0 0
420	7	1 1 1 1 0 0 0 0 1 1 0 0 0 0 0 1 0 0 1 0
420	6	1 1 1 1 0 0 1 0 1 1 0 0 0 0 0 0 0 0 0 0
420	8	1 1 1 1 0 0 0 0 0 0 1 1 0 0 0 1 0 0 1 0
420	12	1 1 1 1 0 1 0 1 1 0 1 1 0 0 0 0 0 0 0 0
420	2	1 1 1 1 0 0 0 1 1 1 0 0 1 1 0 1 0 0 0 0
420	1	1 1 1 1 0 0 1 0 1 0 1 1 1 0 1 1 1 0 1 0
420	5	0 1 1 1 0 0 0 0 1 0 1 0 0 0 1 0 0 0 0 0
420	1	1 1 1 0 0 0 1 0 0 0 1 1 0 0 0 1 0 0 1 0
420	1	1 1 1 1 1 0 0 1 1 1 0 0 1 1 0 0 1 0 0 0
420	1	1 1 1 0 0 0 0 1 1 1 0 0 1 1 0 1 0 0 0 0
420	2	1 1 1 1 0 0 0 0 1 0 1 0 0 0 1 0 0 0 0 0
420	1	1 1 0 1 0 1 0 1 1 0 0 0 0 0 1 0 0 0 0 0
420	2	0 1 1 1 0 0 1 0 1 0 0 0 1 0 0 0 0 0 0 0
420	3	0 1 1 1 0 0 0 0 1 0 1 0 0 0 1 0 0 1 0 0
420	5	1 1 1 1 0 0 1 0 1 0 1 0 1 0 1 0 0 1 0 0
420	5	1 1 1 1 0 1 1 0 1 0 0 0 0 0 0 1 0 0 1 0
420	1	1 1 1 1 0 0 0 0 1 1 0 0 0 0 0 1 0 0 0 0
420	4	1 0 1 1 0 0 0 1 1 1 1 0 0 0 0 0 0 0 0 0
420	10	1 1 1 1 0 0 0 1 1 0 1 0 0 0 1 0 0 0 0 0
420	6	1 1 1 1 0 1 0 1 1 0 1 1 0 0 0 0 0 0 1 0
420	3	1 1 1 1 0 1 0 1 1 0 1 1 0 0 1 0 0 0 0 0
420	1	1 1 1 1 0 0 1 0 1 1 0 1 0 0 0 0 0 0 0 0
420	14	1 1 1 1 0 1 0 1 1 0 1 1 0 0 0 1 0 0 0 0
420	7	1 1 1 0 0 0 0 1 1 1 0 0 1 0 0 1 0 0 0 0
420	2	0 1 1 1 0 0 0 0 0 0 1 0 0 0 1 0 0 1 0 0
420	1	1 1 0 1 0 0 1 0 1 1 0 0 0 0 0 0 0 0 0 0
420	2	1 1 1 1 0 0 1 0 1 0 0 1 1 0 0 0 0 0 0 0
420	2	1 1 1 1 0 0 0 0 1 0 1 1 1 0 1 1 1 0 1 0
420	7	1 1 1 1 0 0 1 0 1 0 1 1 1 0 1 0 0 1 0 0
420	3	1 1 1 1 0 0 0 0 0 0 1 1 1 0 1 1 0 0 0 0
420	3	1 1 1 0 0 0 0 1 1 1 0 0 1 1 0 0 0 0 0 0
420	6	1 1 1 1 0 0 0 1 1 1 0 0 1 1 0 0 0 0 0 1
420	4	1 1 1 1 0 0 1 0 1 0 1 1 1 0 0 0 0 0 0 0
420	1	1 1 1 0 0 0 0 0 0 0 1 1 0 0 1 0 0 0 0 0
420	1	1 1 1 1 0 0 1 0 1 0 1 0 0 0 1 0 0 0 0 0
420	1	1 1 1 1 0 0 1 0 1 0 0 0 0 0 0 1 0 0 1 1
420	1	1 1 1 1 1 0 0 1 1 0 1 0 0 1 1 0 0 0 0 0
420	2	1 1 1 1 0 0 1 0 0 1 0 1 1 0 0 0 0 0 0 0
420	2	1 1 1 1 0 0 0 1 1 1 0 0 0 0 0 1 0 0 0 0
420	2	1 1 1 1 0 0 1 1 1 1 0 0 1 1 0 1 0 0 0 0
420	1	1 1 1 1 0 0 0 0 0 0 1 1 0 0 0 1 0 1 1 0
420	1	0 1 1 1 0 0 0 0 1 0 1 0 0 0 0 0 0 0 0 0
420	1	1 1 1 1 0 1 0 1 1 0 1 1 1 0 1 1 1 0 1 0
420	1	1 1 1 1 0 0 0 1 1 0 1 1 0 0 0 1 0 0 1 0
420	2	1 1 1 1 0 0 0 1 0 0 1 1 0 0 0 1 0 0 1 0
420	1	1 1 1 1 0 0 0 0 1 1 1 0 0 0 0 1 0 0 1 0
420	1	1 1 1 1 0 1 0 1 1 1 0 1 0 0 0 0 0 1 0 0
420	2	1 1 1 1 0 1 0 1 1 0 1 1 0 0 0 1 0 0 1 0
420	1	1 1 1 1 0 0 1 0 1 0 0 0 1 0 0 0 0 0 0 0
420	3	1 1 1 1 0 0 1 0 1 0 0 0 1 1 0 1 0 0 0 0
420	2	1 1 1 1 0 1 0 1 1 0 1 1 0 0 0 0 0 0 0 1
420	2	0 1 1 1 0 0 0 0 0 0 1 0 0 0 0 0 0 0 0 0
420	1	1 1 1 0 0 1 0 1 1 1 0 1 0 0 0 0 0 0 0 0
420	4	1 1 1 1 0 0 0 0 0 0 1 1 1 0 1 1 0 0 1 0
420	1	1 1 1 0 0 0 0 0 0 0 1 1 0 0 1 0 0 0 1 0
420	1	1 1 1 1 0 0 1 0 0 0 1 1 1 0 1 1 1 0 0 0
420	1	1 1 1 1 0 0 0 1 0 0 1 0 0 0 0 0 0 0 0 0
420	1	1 1 1 1 0 0 1 1 1 0 1 1 0 0 1 0 0 0 0 0
420	3	1 1 1 1 0 0 0 0 1 1 0 0 0 0 0 1 0 1 1 0
420	1	1 1 1 1 1 0 0 0 0 1 1 1 1 0 0 1 0 0 1 0
420	2	1 1 1 1 0 0 1 0 1 0 1 1 0 0 0 1 0 0 0 0
420	1	1 1 1 1 0 0 1 0 1 0 0 0 0 0 0 0 0 0 0 0
420	2	1 1 1 1 0 1 0 1 1 0 1 1 0 0 0 1 0 0 0 1
420	1	1 1 0 1 0 0 0 0 0 1 1 1 0 0 0 1 0 0 1 0
420	1	1 1 1 1 0 0 0 0 0 0 1 1 0 0 1 0 0 0 0 0
420	3	1 1 1 1 0 1 0 1 1 0 1 0 0 0 1 0 0 1 1 0
420	1	1 1 1 1 0 1 0 0 1 1 0 0 0 0 0 1 0 0 1 0
420	1	1 1 1 0 0 0 0 1 1 1 0 0 1 1 0 1 0 0 0 1
420	1	0 1 1 1 0 0 1 0 1 0 0 1 0 0 1 1 0 0 0 0
420	1	1 1 1 1 0 0 1 0 1 0 1 1 1 0 1 1 0 0 0 0
420	1	1 1 1 1 0 0 0 0 1 0 1 0 0 0 1 0 0 1 0 0
420	1	1 0 1 1 0 0 1 0 1 1 0 0 0 0 0 0 0 0 0 0
420	1	1 1 1 1 0 1 0 1 1 0 1 1 0 0 0 0 0 1 1 0
420	1	1 1 1 1 0 0 1 0 1 0 1 1 1 0 0 0 0 1 0 0
420	1	1 1 0 1 1 0 0 1 1 0 1 1 0 0 1 0 0 1 0 0
420	1	1 1 1 1 1 0 1 1 1 1 0 0 1 1 0 1 0 0 0 0
420	1	1 1 1 1 0 0 0 0 0 1 1 1 1 0 1 1 0 0 1 0
440	5	1 1 1 1 0 0 0 0 1 1 0 0 0 0 0 1 0 0 1 0
440	14	1 1 1 1 0 1 0 1 1 0 1 1 0 0 0 0 0 0 0 0
440	1	1 1 1 1 0 0 0 1 1 1 0 0 1 1 0 1 0 0 0 0
440	3	0 1 1 1 0 0 0 0 1 0 1 0 0 0 1 0 0 0 0 0
440	2	1 1 1 1 0 0 0 0 1 0 1 0 0 0 1 0 0 0 0 0
440	4	0 1 1 1 0 0 0 0 1 0 1 0 0 0 1 0 0 1 0 0
440	1	1 1 1 1 0 1 0 1 1 0 1 1 0 0 1 0 0 0 0 0
440	4	1 1 1 1 0 1 0 1 1 0 1 1 0 0 0 1 0 0 0 0
440	8	1 1 1 0 0 0 0 1 1 1 0 0 1 0 0 1 0 0 0 0
440	9	1 1 1 1 0 0 0 0 0 0 1 1 1 0 1 1 0 0 0 0
440	3	1 1 1 0 0 0 0 1 1 1 0 0 1 1 0 0 0 0 0 0
440	5	1 1 1 1 0 0 0 1 1 1 0 0 1 1 0 0 0 0 0 1
440	8	1 1 1 1 0 0 1 0 1 0 1 1 1 0 0 0 0 0 0 0
440	1	1 1 1 1 0 0 1 0 1 0 0 0 0 0 0 1 0 0 1 1
440	1	1 1 1 1 0 0 0 1 1 1 0 0 0 0 0 1 0 0 0 0
440	6	0 1 1 1 0 0 1 0 1 1 0 1 0 0 0 0 0 0 0 0
440	6	1 1 1 1 0 1 0 1 1 0 1 1 0 0 0 1 0 0 1 0
440	2	1 1 1 1 0 0 1 0 1 0 0 0 1 1 0 1 0 0 0 0
440	3	1 1 1 1 0 0 0 0 0 0 1 1 1 0 1 1 0 0 1 0
440	1	1 1 1 1 0 0 1 0 0 0 1 1 1 0 1 1 1 0 0 0
440	2	1 1 1 1 0 0 1 0 1 0 1 1 1 0 0 1 0 0 0 0
440	4	1 1 1 1 0 0 0 0 1 1 0 0 0 0 0 1 0 1 1 0
440	2	1 1 1 1 0 0 1 0 1 0 0 0 0 0 0 0 0 0 0 0
440	4	0 1 1 1 0 0 1 0 0 0 0 0 1 0 0 0 0 0 0 0
440	1	1 0 1 1 0 0 0 0 0 0 1 1 0 0 0 1 0 0 1 0
440	7	1 1 1 1 0 0 0 0 1 1 0 0 1 0 0 1 0 0 1 0
440	4	0 1 1 1 0 0 1 0 1 0 1 0 1 0 0 0 0 0 0 0
440	1	1 1 0 1 0 1 0 1 1 0 1 1 0 0 0 0 0 0 1 0
440	1	1 1 1 1 0 1 0 1 1 1 0 1 1 0 0 0 0 0 0 0
440	6	1 1 1 1 0 0 0 0 1 0 1 1 1 0 1 0 1 0 1 0
440	1	1 1 1 1 0 0 0 0 1 0 1 0 0 0 0 0 0 0 0 0
440	1	1 1 1 1 0 0 0 0 0 0 1 1 1 0 1 0 0 0 0 0
440	1	1 1 1 1 0 0 0 1 1 0 1 1 1 0 1 1 1 0 1 0
440	3	1 1 1 1 0 1 0 1 1 0 1 1 1 0 0 0 0 0 0 0
440	1	1 1 1 1 0 1 1 0 1 0 0 0 0 0 1 1 0 0 1 0
440	1	1 1 1 1 0 1 1 0 1 0 0 0 0 0 0 0 0 0 1 0
440	3	1 0 1 1 0 1 0 1 1 0 1 1 0 0 0 1 0 0 0 0
440	1	1 1 1 1 0 1 0 1 1 0 0 1 0 0 0 0 0 0 0 0
440	4	1 1 1 1 0 0 1 0 1 0 0 0 1 0 0 0 0 0 0 0
440	7	1 0 1 1 0 0 0 0 0 0 1 1 1 0 1 1 0 0 0 0
440	5	1 1 1 1 0 0 1 1 1 0 1 0 0 0 1 0 0 0 0 0
440	2	1 1 1 1 0 0 0 0 1 1 0 1 0 0 0 0 0 1 0 0
440	2	1 1 1 1 0 0 0 0 1 0 1 1 1 0 1 1 0 0 0 0
440	1	1 1 0 1 0 0 0 1 1 1 0 0 1 1 0 0 0 0 0 1
440	3	1 1 1 1 0 1 1 0 1 0 0 0 0 0 1 1 0 0 0 0
440	1	0 1 1 1 0 0 1 0 0 0 1 1 1 0 1 1 0 0 0 0
440	3	1 1 1 1 0 0 0 1 1 1 0 0 0 0 0 0 0 0 0 0
440	1	1 1 1 1 0 0 0 1 1 1 0 0 0 0 0 1 0 0 0 1
440	1	1 1 1 1 0 0 0 0 1 0 0 0 0 0 1 1 0 0 0 0
440	3	1 1 1 1 0 1 0 1 0 0 1 1 0 0 0 0 0 0 0 0
440	2	1 1 1 0 0 0 1 0 1 0 0 0 1 1 0 1 0 0 0 0
440	1	1 1 1 1 0 0 0 1 1 0 1 1 0 0 0 1 0 0 0 0
440	1	1 1 1 1 0 0 1 0 0 0 1 1 1 0 0 1 1 0 0 0
440	1	1 1 1 1 0 0 0 0 1 1 0 1 0 0 0 0 0 0 0 0
440	1	1 1 1 1 0 1 0 1 1 1 1 1 0 0 0 0 0 0 0 0
440	1	0 1 1 1 0 0 0 0 1 0 1 0 0 0 1 0 1 0 0 0
440	1	1 1 1 1 0 0 1 0 1 0 0 0 0 0 1 1 0 0 0 0
440	1	1 1 1 1 0 1 0 0 1 0 1 1 0 0 0 0 0 0 0 0
440	1	1 1 0 1 0 0 1 0 0 0 1 1 1 0 1 1 0 0 0 0
440	2	1 0 1 1 0 1 0 0 1 0 1 1 0 0 0 1 0 0 0 0
440	1	1 1 1 1 0 0 0 1 1 0 1 1 1 0 1 1 0 0 0 0
440	1	1 1 1 1 0 0 1 0 1 1 0 1 0 0 0 1 0 1 0 0
440	1	1 0 1 1 0 0 0 0 0 0 1 1 0 0 0 1 0 0 1 1
440	1	1 1 1 1 0 1 0 0 0 0 1 1 1 0 1 1 0 0 0 0
440	1	1 1 1 1 0 0 1 0 1 0 0 0 1 1 0 0 0 0 0 0
440	2	1 1 1 0 0 1 0 1 1 0 1 1 1 0 0 0 0 0 0 0
440	1	1 1 1 1 0 0 0 0 1 0 0 0 0 0 0 1 0 0 0 1
440	1	1 1 1 1 0 0 1 0 1 1 0 1 0 0 0 0 0 0 1 0
440	2	1 1 1 1 0 1 0 1 1 1 0 1 1 1 0 0 0 0 0 0
440	1	1 1 1 1 0 0 1 0 1 0 1 1 1 0 1 1 0 0 0 0
440	1	0 1 1 1 0 0 1 0 0 0 1 1 0 0 0 0 0 0 0 0
440	1	1 1 1 1 0 0 0 0 1 1 0 0 0 0 0 0 0 0 0 0
440	1	1 1 1 1 0 0 0 0 1 0 0 0 0 0 0 1 0 0 0 0
440	1	1 1 1 1 0 0 1 0 1 1 0 0 0 0 0 0 0 0 1 0
440	1	1 0 1 1 0 0 0 1 1 1 0 0 0 0 0 1 0 0 0 0
440	1	1 1 1 1 0 0 0 0 1 1 0 1 1 0 0 1 0 0 1 0
440	1	1 0 1 1 0 0 0 1 1 0 0 0 0 0 1 0 0 0 0 0
440	1	1 1 1 1 0 0 0 0 0 0 1 0 1 0 0 0 0 0 0 0
440	1	1 1 1 1 0 0 0 1 1 1 0 0 1 1 0 0 0 0 1 0
440	1	1 1 1 1 0 1 0 1 0 0 1 1 0 0 0 1 0 0 1 0
440	1	1 0 1 1 0 1 0 1 1 0 0 1 0 0 0 0 0 0 0 0
440	1	0 1 1 1 0 0 1 0 1 0 1 1 1 0 0 0 0 0 0 0
460	18	1 1 1 1 0 1 0 1 1 0 1 1 0 0 0 0 0 0 0 0
460	3	0 1 1 1 0 0 0 0 1 0 1 0 0 0 1 0 0 0 0 0
460	4	1 1 1 1 0 0 0 0 1 0 1 0 0 0 1 0 0 0 0 0
460	5	0 1 1 1 0 0 0 0 1 0 1 0 0 0 1 0 0 1 0 0
460	3	1 1 1 1 0 1 0 1 1 0 1 1 0 0 0 1 0 0 0 0
460	7	1 1 1 0 0 0 0 1 1 1 0 0 1 0 0 1 0 0 0 0
460	10	1 1 1 1 0 0 0 0 0 0 1 1 1 0 1 1 0 0 0 0
460	5	1 1 1 1 0 1 0 1 1 0 1 1 0 0 0 1 0 0 1 0
460	1	1 1 1 1 0 1 0 1 1 0 1 1 0 0 0 1 0 0 0 1
460	1	1 1 1 1 0 0 0 0 1 1 0 0 1 0 0 1 0 0 1 0
460	7	0 1 1 1 0 0 1 0 1 0 1 0 1 0 0 0 0 0 0 0
460	1	1 1 0 1 0 1 0 1 1 0 1 1 0 0 0 0 0 0 1 0
460	2	1 1 1 1 0 1 0 1 1 0 1 1 1 0 0 0 0 0 0 0
460	2	1 1 1 1 0 1 1 0 1 0 0 0 0 0 1 1 0 0 1 0
460	6	1 1 1 1 0 1 0 1 1 0 0 1 0 0 0 0 0 0 0 0
460	2	1 0 1 1 0 0 0 0 0 0 1 1 1 0 1 1 0 0 0 0
460	3	0 1 1 1 0 1 0 1 1 0 1 1 0 0 1 0 0 1 0 0
460	6	1 1 1 1 0 0 1 1 1 0 1 0 0 0 1 0 0 0 0 0
460	1	1 1 0 1 0 0 0 1 1 1 0 0 1 1 0 0 0 0 0 1
460	4	1 1 1 1 0 0 1 0 1 0 0 1 1 1 0 1 0 0 0 0
460	6	1 1 1 1 0 0 0 0 1 0 0 0 0 0 1 1 0 0 0 0
460	2	0 1 1 1 0 1 0 1 1 1 0 1 1 0 0 0 0 0 0 0
460	1	1 1 1 0 0 0 1 0 1 0 0 0 1 1 0 1 0 0 0 0
460	3	1 1 1 1 0 1 0 1 1 1 1 1 0 0 0 0 0 0 0 0
460	1	1 1 1 1 0 0 1 0 1 0 0 0 0 0 1 1 0 0 0 0
460	4	1 1 1 1 0 0 0 0 1 1 0 0 0 0 0 1 0 0 0 0
460	2	1 1 1 0 0 1 0 1 1 0 1 1 0 0 0 1 0 0 0 0
460	4	1 1 1 1 0 0 1 0 1 1 0 0 1 1 0 1 0 0 0 0
460	2	1 0 1 1 0 0 0 0 0 0 1 1 0 1 0 1 0 0 1 0
460	1	1 1 1 1 0 0 1 0 1 1 0 0 0 0 0 0 0 0 1 0
460	1	1 1 1 1 0 1 0 1 1 0 0 1 0 0 0 1 0 0 0 0
460	3	0 1 1 1 0 0 1 0 1 0 1 1 1 0 0 0 0 0 0 0
460	3	1 1 1 1 0 0 0 1 1 0 1 1 0 0 0 0 0 0 0 0
460	1	1 1 1 0 0 0 0 1 1 1 0 0 1 0 0 0 0 0 0 0
460	1	1 1 1 1 0 0 0 0 1 1 0 0 0 0 0 1 1 1 1 0
460	1	1 1 0 1 0 1 0 1 1 1 1 1 0 0 0 0 0 0 0 0
460	2	1 1 1 1 0 1 0 1 1 1 0 0 1 0 0 1 0 0 0 0
460	1	1 1 1 1 0 0 1 0 0 1 0 0 0 0 0 0 0 0 1 0
460	2	1 1 1 1 0 0 0 1 1 1 0 1 1 1 0 0 0 0 0 0
460	3	1 1 1 1 0 1 0 1 1 0 1 0 0 0 0 0 0 0 0 0
460	3	1 1 1 1 0 1 0 1 0 0 1 1 0 0 0 0 0 0 0 0
460	4	1 1 1 1 0 1 0 1 1 1 1 0 0 0 0 0 1 0 0 0
460	3	1 1 1 1 0 1 1 0 1 0 0 0 0 0 0 0 0 0 0 0
460	2	0 1 1 1 0 1 0 1 1 0 1 1 0 0 0 0 0 0 0 0
460	1	1 1 0 1 0 0 0 1 1 1 0 0 1 1 0 1 0 0 0 0
460	3	1 1 1 1 0 0 0 0 0 1 1 1 1 0 1 1 0 0 0 0
460	1	1 1 1 1 0 1 0 0 1 1 1 0 0 0 0 0 0 0 0 0
460	1	1 1 1 0 0 1 0 1 1 0 1 0 0 0 0 1 0 0 0 0
460	2	1 1 1 1 0 0 0 0 1 0 1 1 1 0 0 1 0 0 1 0
460	2	1 1 1 1 0 1 1 1 1 0 1 1 0 0 0 1 0 0 0 0
460	2	1 1 1 1 0 1 1 1 1 0 1 1 0 0 0 0 0 1 0 0
460	3	1 1 1 1 0 0 1 0 1 0 0 1 0 0 0 1 0 0 0 0
460	3	1 1 1 1 0 1 0 1 1 1 1 0 0 0 0 1 0 0 0 0
460	1	1 1 1 1 1 1 0 1 1 0 1 1 0 0 0 1 0 0 1 0
460	1	1 1 1 1 0 1 0 1 1 1 0 1 1 0 0 1 0 0 0 0
460	2	1 1 1 1 0 0 1 0 1 0 1 0 1 0 0 0 0 0 0 0
460	2	0 1 1 0 0 0 0 1 1 1 0 0 1 0 0 1 0 0 0 0
460	1	1 1 1 0 0 1 0 1 1 1 1 0 0 0 0 0 0 0 0 1
460	1	1 1 0 1 0 0 0 1 1 0 1 1 0 0 0 1 0 0 0 0
460	1	1 1 1 1 0 1 0 0 1 0 1 1 1 0 0 0 0 0 0 0
460	1	0 1 1 1 0 1 0 1 1 0 0 1 1 0 0 0 0 0 0 0
460	1	1 1 1 1 0 1 0 1 1 0 1 1 1 0 1 1 0 0 0 0
460	1	1 1 1 1 0 0 0 0 1 0 1 0 0 0 1 0 0 1 0 0
460	1	1 1 1 0 0 0 0 0 1 1 0 0 1 0 0 0 0 0 0 0
460	1	1 1 1 1 0 0 0 1 1 1 1 0 1 0 1 1 0 0 0 0
460	2	0 1 1 1 0 0 0 0 1 1 0 0 0 0 0 1 0 0 0 0
460	1	1 1 0 1 0 1 0 1 1 0 1 1 0 0 0 1 0 0 0 1
460	1	0 1 1 1 0 1 0 1 1 1 0 1 0 0 0 0 0 0 0 0
460	1	1 1 1 1 0 0 1 1 1 0 1 0 0 0 0 0 0 0 0 0
460	3	1 1 1 1 0 0 1 0 0 0 1 1 0 0 0 0 0 0 0 0
460	1	1 1 0 1 0 0 0 0 1 0 0 0 0 0 0 1 0 0 1 0
460	1	0 1 1 1 0 1 0 1 1 0 1 1 0 0 1 0 0 0 0 0
460	2	1 1 1 1 0 0 0 0 1 0 1 1 1 0 0 0 0 0 0 0
460	2	0 1 1 1 0 1 0 1 1 0 1 1 0 0 0 1 0 0 0 0
460	1	1 0 1 1 0 0 0 0 0 0 1 1 0 1 0 1 0 1 1 0
460	1	1 1 1 1 0 1 0 1 1 0 1 0 1 0 0 0 0 0 0 0
460	2	1 1 1 1 1 1 0 1 1 1 0 1 1 0 0 1 0 0 0 0
460	1	1 1 1 1 0 0 0 0 1 1 1 0 1 0 0 1 0 0 1 0
460	1	1 1 1 1 0 1 0 0 1 0 0 1 0 0 0 1 0 0 0 0
460	1	1 1 0 1 0 0 0 0 1 0 1 1 1 0 0 1 0 0 1 0
480	5	1 1 1 1 0 1 0 1 1 0 1 1 0 0 0 0 0 0 0 0
480	5	1 1 1 1 0 0 0 0 1 0 1 0 0 0 1 0 0 0 0 0
480	2	0 1 1 1 0 0 0 0 1 0 1 0 0 0 1 0 0 1 0 0
480	10	1 1 1 1 0 1 0 1 1 0 1 1 0 0 0 1 0 0 0 0
480	11	1 1 1 1 0 0 0 0 0 0 1 1 1 0 1 1 0 0 0 0
480	8	1 1 1 1 0 1 0 1 1 0 1 1 0 0 0 1 0 0 0 1
480	2	1 1 1 1 0 0 0 0 1 1 0 0 1 0 0 1 0 0 1 0
480	6	0 1 1 1 0 0 1 0 1 0 1 0 1 0 0 0 0 0 0 0
480	7	1 1 1 1 0 1 0 1 1 1 1 0 0 0 0 0 0 0 0 0
480	2	1 1 1 1 0 1 0 1 1 0 1 1 1 0 0 0 0 0 0 0
480	1	1 1 1 1 0 1 1 0 1 0 0 0 0 0 1 1 0 0 1 0
480	5	1 0 1 1 0 0 0 0 0 0 1 1 1 0 1 1 0 0 0 0
480	3	0 1 1 1 0 1 0 1 1 0 1 1 0 0 1 0 0 1 0 0
480	9	1 1 1 1 0 0 1 1 1 0 1 0 0 0 1 0 0 0 0 0
480	1	1 1 1 0 0 0 1 0 1 0 0 0 1 1 0 1 0 0 0 0
480	2	1 1 1 1 0 1 0 1 1 1 1 1 0 0 0 0 0 0 0 0
480	4	1 1 1 1 0 0 1 0 1 0 0 0 0 0 1 1 0 0 0 0
480	3	1 1 1 0 0 1 0 1 1 0 1 1 0 0 0 1 0 0 0 0
480	3	1 1 1 1 0 0 1 0 1 1 0 0 1 1 0 1 0 0 0 0
480	15	1 1 1 1 0 1 0 1 1 0 0 1 0 0 0 1 0 0 0 0
480	2	0 1 1 1 0 0 0 0 1 0 1 0 1 0 0 0 0 0 0 0
480	6	0 1 1 1 0 0 1 0 1 0 1 1 1 0 0 1 0 0 0 0
480	1	1 1 1 1 0 1 1 0 1 0 0 0 0 0 0 0 0 0 0 0
480	2	1 1 0 1 0 0 0 1 1 1 0 0 1 1 0 1 0 0 0 0
480	8	1 1 1 1 0 1 1 1 1 0 1 1 0 0 0 1 0 0 0 0
480	7	1 1 1 1 0 0 1 0 1 0 0 1 0 0 0 1 0 0 0 0
480	1	1 1 1 1 0 1 0 1 1 1 1 0 0 0 0 1 0 0 0 0
480	3	1 1 0 1 0 0 0 1 1 0 1 1 0 0 0 1 0 0 0 0
480	2	1 1 1 1 0 1 0 1 1 0 1 1 1 0 1 1 0 0 0 0
480	3	1 1 1 1 0 0 0 0 1 0 1 0 0 0 1 0 0 1 0 0
480	2	1 1 0 1 0 1 0 1 1 0 0 1 0 0 0 1 0 0 0 0
480	1	0 1 1 1 0 0 0 0 1 0 1 0 0 0 0 1 0 0 0 0
480	2	1 1 1 1 1 0 0 0 1 1 1 0 0 0 0 0 0 0 0 1
480	2	1 1 1 1 0 0 0 0 1 0 1 1 1 0 0 0 0 0 0 0
480	1	1 1 1 1 0 1 1 0 1 0 0 0 0 0 1 1 0 0 0 0
480	2	1 1 1 1 0 1 0 1 1 0 0 1 0 0 0 1 0 0 1 0
480	1	1 1 1 1 0 1 0 1 1 1 0 0 0 0 0 1 0 0 0 0
480	1	1 1 1 1 0 0 1 1 1 1 1 0 0 0 1 0 0 0 0 0
480	1	1 1 1 0 0 0 0 1 1 1 1 1 0 0 0 0 0 0 0 1
480	2	0 0 1 1 0 0 1 0 1 0 1 0 1 0 0 0 0 0 0 0
480	4	1 1 1 1 0 1 0 1 1 0 1 0 0 0 1 0 0 0 0 0
480	2	1 1 1 1 0 1 0 1 1 0 1 1 0 0 0 0 0 0 1 0
480	3	1 1 1 1 0 1 1 0 1 1 0 0 1 0 0 0 0 0 0 0
480	2	1 1 0 1 0 1 0 1 1 1 1 0 0 0 0 1 0 0 0 0
480	4	1 1 1 1 0 1 1 1 1 0 1 0 0 0 1 0 0 0 0 0
480	2	1 1 0 1 1 1 0 1 1 0 0 1 0 0 0 1 0 0 0 0
480	3	1 1 1 1 0 1 0 1 0 0 1 1 0 0 0 1 0 0 0 0
480	2	1 1 1 1 0 1 1 0 1 0 0 0 0 0 0 1 0 0 0 0
480	3	0 1 1 0 0 0 0 1 1 1 0 0 1 0 0 1 0 1 0 0
480	1	1 1 1 1 0 1 0 1 1 1 1 0 0 0 1 0 0 0 0 0
480	4	1 1 1 1 0 0 1 1 1 0 1 0 0 1 1 0 0 0 0 0
480	1	1 1 1 0 0 1 1 1 1 0 1 1 0 0 0 1 0 0 0 0
480	1	0 1 1 1 0 1 0 1 1 0 1 1 1 0 0 0 0 0 0 0
480	2	1 1 1 1 0 0 1 1 1 0 1 1 0 0 1 0 0 0 0 0
480	2	1 1 1 1 0 1 0 1 1 1 1 1 0 0 0 1 0 0 0 1
480	1	0 1 1 1 0 1 1 0 1 0 1 0 1 0 0 0 0 0 0 0
480	2	1 1 1 1 1 0 0 0 0 0 1 1 0 0 1 1 0 0 1 0
480	1	1 1 1 1 0 1 0 1 1 0 0 1 0 0 0 0 0 0 1 0
480	1	1 1 1 1 0 1 1 0 1 0 0 0 0 0 1 0 0 0 0 0
480	1	1 1 0 1 0 0 0 1 1 0 0 0 0 0 1 1 0 0 1 0
480	1	0 1 1 1 1 0 0 0 0 0 1 1 0 0 1 1 0 0 1 0
480	1	1 1 1 1 0 0 0 0 1 0 1 1 1 0 0 0 0 0 0 1
480	1	0 1 1 1 0 1 0 1 1 0 1 0 1 0 0 0 0 0 0 0
480	1	1 1 0 1 0 0 0 0 1 1 0 0 0 0 0 1 0 1 0 0
500	4	1 1 1 1 0 1 0 1 1 0 1 1 0 0 0 0 0 0 0 0
500	3	1 1 1 1 0 0 0 0 1 0 1 0 0 0 1 0 0 0 0 0
500	13	1 1 1 1 0 1 0 1 1 0 1 1 0 0 0 1 0 0 0 0
500	7	1 1 1 1 0 0 0 0 0 0 1 1 1 0 1 1 0 0 0 0
500	3	0 1 1 1 0 0 1 0 1 0 1 0 1 0 0 0 0 0 0 0
500	1	1 1 1 1 0 1 0 1 1 0 1 1 1 0 0 0 0 0 0 0
500	6	0 1 1 1 0 1 0 1 1 0 1 1 0 0 1 0 0 1 0 0
500	12	1 1 1 1 0 0 1 1 1 0 1 0 0 0 1 0 0 0 0 0
500	2	1 1 1 1 0 1 0 1 1 1 1 1 0 0 0 0 0 0 0 0
500	10	1 1 1 1 0 1 0 1 1 0 0 1 0 0 0 1 0 0 0 0
500	1	1 1 1 1 0 1 0 1 1 0 1 0 0 0 0 0 0 0 0 0
500	3	1 1 1 1 0 1 1 1 1 0 1 1 0 0 0 1 0 0 0 0
500	10	1 1 1 1 0 0 1 0 1 0 0 1 0 0 0 1 0 0 0 0
500	5	1 1 0 1 0 0 0 1 1 0 1 1 0 0 0 1 0 0 0 0
500	1	1 1 1 1 0 1 0 1 1 0 1 1 1 0 1 1 0 0 0 0
500	4	1 1 0 1 0 1 0 1 1 0 0 1 0 0 0 1 0 0 0 0
500	4	1 1 1 1 0 1 1 0 1 0 0 0 0 0 1 1 0 0 0 0
500	4	0 0 1 1 0 0 1 0 1 0 1 0 1 0 0 0 0 0 0 0
500	2	1 1 1 1 0 1 1 0 1 1 0 0 1 0 0 0 0 0 0 0
500	4	1 1 1 1 0 1 1 1 1 0 1 0 0 0 1 0 0 0 0 0
500	2	1 1 1 1 0 1 0 1 1 1 1 0 0 0 1 0 0 0 0 0
500	6	1 1 1 1 0 0 1 1 1 0 1 0 0 1 1 0 0 0 0 0
500	2	0 1 1 1 0 1 0 1 1 0 1 1 1 0 0 0 0 0 0 0
500	5	1 1 1 1 0 0 1 1 1 0 1 1 0 0 1 0 0 0 0 0
500	2	1 1 1 1 0 1 0 1 1 1 1 0 0 0 1 1 0 0 0 0
500	2	0 1 1 1 0 1 1 0 1 0 1 0 1 0 0 0 0 0 0 0
500	4	1 1 1 1 0 0 0 1 0 0 1 1 1 0 1 1 0 0 0 0
500	5	1 1 1 1 0 1 1 1 1 0 1 0 0 0 0 0 0 0 0 0
500	1	1 1 1 1 0 0 1 0 1 0 1 0 1 0 0 0 0 0 0 0
500	2	1 1 1 1 0 0 0 1 1 0 1 0 0 1 1 0 0 0 0 0
500	1	1 1 1 1 0 1 0 1 1 0 0 1 0 0 1 1 0 0 0 0
500	1	1 1 1 1 0 1 0 1 1 1 1 0 0 0 0 1 0 0 1 0
500	1	1 1 1 1 1 1 0 1 1 1 1 0 0 0 0 0 0 0 0 0
500	4	1 1 1 1 0 0 1 1 1 0 1 0 0 0 1 1 0 0 0 0
500	1	0 1 1 0 0 0 0 1 1 1 1 1 0 0 0 0 0 0 0 1
500	3	0 1 1 1 0 1 0 1 1 1 1 0 0 0 0 1 0 0 1 0
500	1	1 0 1 1 0 0 1 1 1 1 1 0 0 0 1 0 0 0 0 0
500	2	1 1 0 0 0 1 0 1 1 0 1 1 0 0 0 1 0 0 0 0
500	1	0 1 1 1 0 1 1 1 1 0 1 1 0 0 0 1 0 0 0 0
500	1	1 1 1 1 0 0 1 1 1 0 1 0 0 0 1 0 0 0 1 0
500	1	1 1 1 1 0 1 0 1 1 0 0 1 0 1 0 1 0 0 0 0
500	2	0 0 1 1 0 0 1 0 1 0 1 0 0 0 0 0 0 0 0 0
500	3	0 1 1 1 0 0 1 1 1 0 1 1 0 0 0 1 0 0 0 0
500	1	1 1 1 1 0 1 0 1 1 1 1 0 1 0 0 1 0 0 0 0
500	1	1 1 1 1 0 1 1 1 1 0 1 0 0 0 1 0 0 0 1 0
500	3	1 0 1 1 0 0 1 0 1 0 0 1 0 0 0 1 0 0 0 0
500	3	0 1 1 1 0 0 1 1 1 0 1 1 0 0 0 1 1 0 0 0
500	2	0 1 1 1 0 1 1 1 1 0 1 0 0 0 0 0 0 0 0 0
500	4	1 1 1 1 0 1 0 0 1 0 1 1 0 0 0 1 0 0 0 0
500	2	0 1 0 1 1 1 0 1 1 0 0 1 0 0 0 1 0 0 0 0
500	4	1 1 1 1 0 0 0 1 1 0 1 1 0 0 0 1 0 0 0 0
500	3	1 1 1 1 0 1 1 1 1 0 1 1 1 0 0 0 0 0 0 0
500	1	1 1 0 1 0 1 0 1 1 0 1 1 0 0 0 1 0 0 0 0
500	1	1 1 1 1 0 1 1 1 1 0 1 1 1 0 0 1 0 0 0 0
500	1	1 1 1 1 0 1 0 1 1 0 1 1 1 0 1 0 0 0 0 0
500	1	1 1 1 1 0 0 0 1 1 0 1 1 1 0 1 1 0 0 0 0
500	1	1 1 1 1 0 1 0 1 1 1 1 0 0 0 0 1 1 0 1 0
500	1	1 0 1 1 0 1 0 1 1 0 1 1 0 0 0 1 0 0 0 0
500	1	0 1 1 1 0 0 1 0 0 0 1 0 1 0 0 0 0 0 0 0
500	4	0 1 1 1 0 1 0 1 1 0 1 1 1 0 0 0 1 0 0 0
500	3	0 1 1 1 0 1 0 1 1 0 1 1 1 0 0 1 0 0 0 0
500	1	1 1 1 1 0 0 0 0 0 0 1 0 1 0 1 0 0 0 0 0
500	1	1 1 1 1 0 0 1 0 1 0 1 1 1 0 0 1 0 0 0 0
500	1	1 1 0 1 0 0 0 1 1 0 1 0 0 1 1 0 0 0 0 0
500	1	1 1 1 1 0 0 0 0 0 1 1 1 1 0 1 1 0 0 0 0
500	1	1 0 1 1 0 1 0 1 1 0 0 1 0 0 0 1 0 0 0 0
500	1	1 1 1 1 0 0 1 0 1 0 0 1 0 0 0 1 0 0 1 0
500	1	1 0 1 1 0 1 1 1 1 0 1 0 0 0 1 0 0 0 0 0
500	1	1 1 1 1 0 1 0 1 1 1 0 0 0 0 0 1 0 0 1 0
500	1	0 1 1 1 1 0 1 1 1 0 1 1 0 0 0 1 0 0 0 0
500	1	1 0 1 1 0 1 0 1 1 0 1 1 0 0 0 0 0 0 0 0
500	1	1 1 1 1 1 0 1 0 1 0 0 1 0 0 0 1 0 0 0 0
