0	250	1 1 1 0 0 1 0 1 1 0 0 0 0 0 0 0 0 1 0 0
0	250	0 0 0 0 0 0 0 0 0 0 0 0 0 0 0 0 0 1 0 0
0	250	0 0 0 0 0 0 0 0 0 0 0 0 0 0 1 0 0 1 1 0
0	250	0 0 0 1 0 0 0 0 0 0 1 0 0 1 0 0 1 0 1 0
50	192	1 1 1 0 0 1 0 1 1 0 0 0 0 0 0 0 0 1 0 0
50	2	0 0 0 0 0 0 0 0 0 0 0 0 0 0 0 0 0 1 0 0
50	38	1 1 1 0 0 1 0 1 0 0 0 0 0 0 0 0 0 1 0 0
50	31	1 1 0 0 0 1 0 1 1 0 0 0 0 0 0 0 0 1 0 0
50	34	1 1 1 0 0 1 0 1 1 0 0 0 0 0 0 0 0 1 1 0
50	65	1 1 1 0 0 1 0 1 1 0 0 0 0 0 0 0 0 1 0 1
50	63	1 1 1 0 0 1 0 1 1 0 0 0 0 0 0 0 0 1 1 1
50	8	1 1 1 0 0 1 0 1 1 0 0 0 0 0 1 0 0 1 0 0
50	4	1 1 1 0 0 1 0 1 1 0 0 0 0 1 0 0 0 1 0 0
50	5	1 1 1 0 0 1 0 1 1 0 0 0 1 0 0 0 0 1 0 0
50	44	1 1 1 0 0 1 0 1 1 0 0 0 0 0 1 0 0 1 0 1
50	33	1 1 0 0 0 1 0 1 1 0 0 0 0 0 0 0 0 1 1 1
50	1	1 1 1 1 0 1 0 1 1 0 0 0 0 0 0 0 0 1 1 0
50	16	1 1 1 0 0 1 0 1 1 0 0 0 0 1 0 0 0 1 0 1
50	2	1 1 0 0 0 1 0 1 1 0 0 0 0 0 1 0 0 1 0 0
50	5	0 1 0 0 0 0 0 0 0 0 0 1 0 0 0 0 0 1 0 0
50	6	1 1 1 0 0 1 0 1 1 0 0 1 0 0 0 0 0 1 0 1
50	3	1 1 1 0 0 1 0 1 1 0 0 0 1 0 0 0 0 1 1 1
50	4	1 1 1 0 0 1 0 1 1 0 0 0 0 0 1 0 1 1 0 1
50	44	1 0 1 0 0 1 0 1 1 0 0 0 0 0 0 0 0 1 0 0
50	25	1 1 1 0 0 1 0 1 1 0 1 0 0 0 0 0 0 1 0 1
50	1	0 0 0 1 0 0 0 0 0 0 1 0 0 0 0 0 0 1 0 0
50	8	1 1 1 0 1 1 0 1 1 0 0 0 0 0 0 0 0 1 0 1
50	6	0 1 0 0 0 1 0 1 1 1 0 0 0 1 0 0 0 1 0 0
50	3	1 1 1 0 0 1 0 1 1 0 1 0 0 0 0 0 0 1 1 1
50	22	1 1 0 0 0 1 0 1 1 0 0 0 0 0 0 0 0 1 0 1
50	3	1 1 1 1 0 1 0 1 0 0 0 0 0 0 0 0 0 1 1 0
50	35	1 1 1 0 0 1 0 1 1 0 0 1 0 0 0 0 0 0 0 1
50	8	1 1 1 0 0 1 0 1 0 0 0 1 0 0 0 0 0 1 0 0
50	12	1 1 1 0 0 1 0 1 1 0 0 1 0 0 0 0 0 1 1 1
50	18	1 1 1 0 1 1 1 1 1 0 0 0 0 0 0 0 0 1 0 0
50	21	1 1 1 0 0 1 0 1 1 1 0 0 0 0 0 0 0 1 0 0
50	2	1 1 1 0 0 1 0 1 1 1 0 0 0 0 0 0 0 1 0 1
50	6	1 0 1 0 0 1 0 1 1 0 0 0 0 0 0 0 0 1 1 1
50	8	1 1 1 0 0 1 0 0 0 1 0 1 0 0 0 0 0 1 0 0
50	4	1 1 1 0 1 1 0 1 1 0 0 0 0 1 1 0 1 1 0 1
50	4	0 1 1 0 0 1 0 1 1 0 0 0 0 0 0 0 0 1 1 1
50	7	1 1 1 0 0 1 1 1 1 0 0 1 0 0 0 0 0 0 0 1
50	1	1 1 1 0 0 1 0 1 1 0 0 0 1 0 0 0 0 1 0 1
50	12	1 1 1 0 1 1 0 1 1 0 0 1 0 0 0 0 0 1 0 1
50	3	1 0 0 0 0 0 0 0 0 0 0 0 0 1 0 0 0 1 1 1
50	1	1 0 0 0 0 1 0 1 1 0 0 1 0 0 0 0 0 0 0 1
50	8	0 1 0 0 0 0 0 0 0 0 0 0 0 0 0 0 0 1 0 0
50	2	1 1 1 0 0 0 0 1 1 0 0 0 0 0 0 0 0 1 0 0
50	21	1 1 1 0 0 1 0 1 0 0 0 0 0 0 0 1 0 1 0 0
50	2	1 1 1 0 0 1 0 1 1 1 0 0 0 0 0 0 0 1 1 1
50	10	1 1 1 0 0 1 0 1 1 0 0 0 0 0 1 1 0 1 0 1
50	6	1 1 1 0 1 1 0 1 1 0 0 0 0 0 1 0 0 1 0 1
50	1	1 1 1 0 1 1 0 1 1 0 0 0 0 1 0 0 1 1 1 0
50	7	1 1 1 0 0 1 0 0 0 0 0 0 0 0 0 0 0 1 0 0
50	6	1 1 1 0 0 1 0 0 0 0 1 0 0 0 0 0 0 1 0 0
50	7	1 1 0 0 1 1 0 1 1 0 0 0 0 0 0 0 0 1 0 1
50	5	1 1 0 0 0 1 0 1 1 0 0 1 0 0 0 0 0 1 0 0
50	6	1 1 1 0 0 1 0 1 1 0 0 0 0 0 0 1 0 1 0 0
50	6	1 1 1 1 0 1 0 1 0 0 0 0 0 0 0 0 0 1 1 1
50	3	1 1 1 0 0 1 0 1 1 0 0 0 0 1 0 0 0 0 0 1
50	5	1 1 1 0 0 1 0 1 0 0 1 0 0 0 0 1 0 1 0 0
50	13	1 1 1 0 0 1 1 1 1 1 0 0 0 0 0 0 0 1 1 1
50	2	1 1 1 0 0 1 0 1 1 0 0 0 0 0 0 0 1 1 1 0
50	7	1 0 1 0 0 1 0 1 1 0 0 0 0 0 1 0 0 1 0 0
50	3	1 1 1 1 0 1 0 1 1 0 0 0 0 0 0 0 0 1 0 0
50	2	0 0 0 0 0 0 0 0 1 0 0 0 0 0 0 0 0 1 1 0
50	2	1 1 0 0 0 1 0 0 1 0 0 0 0 0 1 0 1 1 0 0
50	8	1 0 1 0 0 0 0 1 1 0 0 0 0 0 0 0 0 1 1 1
50	2	1 1 1 0 1 1 0 1 1 0 0 1 0 0 1 0 0 1 0 1
50	5	1 1 1 0 0 1 0 1 0 0 0 0 0 0 0 0 0 0 0 0
50	1	1 0 1 0 0 1 0 1 1 0 0 0 0 0 1 0 0 1 0 1
50	1	1 1 0 0 0 1 0 1 1 0 1 0 0 0 0 0 0 1 0 1
50	2	1 1 0 0 0 0 0 0 0 0 0 0 0 0 0 0 0 1 0 0
50	3	1 1 1 0 0 1 0 0 0 0 0 1 0 0 0 0 0 1 0 0
50	1	1 1 1 0 0 1 0 1 1 0 0 0 0 0 1 0 0 1 1 1
50	3	1 1 0 0 0 1 0 1 1 0 1 0 0 0 0 0 0 1 1 1
50	4	0 1 0 0 1 0 0 0 0 0 0 1 0 0 0 0 0 1 0 0
50	1	1 1 1 0 0 1 0 0 1 0 0 0 0 0 1 0 1 1 0 0
50	2	1 1 1 0 0 1 0 1 1 0 0 1 0 0 0 0 0 1 0 0
50	2	0 1 0 0 0 0 0 1 1 0 0 1 0 0 0 0 0 0 0 1
50	5	1 1 1 0 0 1 0 1 1 0 0 0 0 0 0 0 0 0 0 0
50	1	1 1 1 0 0 1 0 1 1 0 1 0 0 0 1 0 0 1 0 1
50	1	1 1 1 0 0 1 0 1 0 1 0 0 0 0 0 1 0 1 0 0
50	4	0 1 0 0 0 1 0 1 1 1 0 0 0 0 0 0 0 1 0 0
50	3	1 1 1 0 1 1 1 1 1 0 0 0 0 0 0 0 0 1 0 1
50	1	1 1 1 0 1 1 0 1 0 0 0 0 0 0 0 1 0 1 0 0
50	1	1 1 1 0 0 1 0 1 0 0 0 0 0 0 0 0 0 1 0 1
50	1	1 1 0 0 0 1 0 1 1 0 1 0 0 0 0 0 0 1 0 0
50	2	1 1 1 0 0 1 1 1 1 0 1 0 0 0 0 0 0 1 0 1
50	1	1 0 1 0 0 1 1 1 1 0 0 0 0 0 0 0 0 1 1 1
50	3	1 0 1 0 0 1 0 0 0 1 0 1 0 0 0 0 0 1 0 0
50	3	1 1 1 0 0 1 0 1 0 0 0 0 0 0 0 1 0 1 0 1
50	1	1 1 0 0 1 1 0 1 1 0 0 0 0 0 0 0 0 0 0 1
50	1	0 1 0 0 1 1 0 1 1 0 0 0 0 0 0 0 0 1 0 1
50	2	1 1 0 0 0 0 1 0 0 0 0 0 0 0 0 0 0 1 0 0
50	1	1 0 0 0 0 0 0 0 0 0 0 0 0 0 0 0 0 1 0 0
100	30	1 1 1 0 0 1 0 1 1 0 0 0 0 0 0 0 0 1 0 0
100	8	1 1 1 0 0 1 0 1 0 0 0 0 0 0 0 0 0 1 0 0
100	29	1 1 0 0 0 1 0 1 1 0 0 0 0 0 0 0 0 1 0 0
100	28	1 1 1 0 0 1 0 1 1 0 0 0 0 0 0 0 0 1 0 1
100	31	1 1 1 0 0 1 0 1 1 0 0 0 0 0 0 0 0 1 1 1
100	27	1 1 1 0 0 1 0 1 1 0 0 0 0 0 1 0 0 1 0 0
100	20	1 1 1 0 0 1 0 1 1 0 0 0 0 0 1 0 0 1 0 1
100	79	1 1 1 0 0 1 0 1 1 0 0 0 0 1 0 0 0 1 0 1
100	5	1 0 1 0 0 1 0 1 1 0 0 0 0 0 0 0 0 1 0 0
100	56	1 1 1 0 0 1 0 1 1 0 1 0 0 0 0 0 0 1 0 1
100	4	1 1 1 0 1 1 0 1 1 0 0 0 0 0 0 0 0 1 0 1
100	18	1 1 0 0 0 1 0 1 1 0 0 0 0 0 0 0 0 1 0 1
100	28	1 1 1 0 0 1 0 1 1 0 0 1 0 0 0 0 0 0 0 1
100	11	1 1 1 0 1 1 1 1 1 0 0 0 0 0 0 0 0 1 0 0
100	25	1 1 1 0 0 1 0 1 1 0 0 0 1 0 0 0 0 1 0 1
100	8	1 1 1 0 1 1 0 1 1 0 0 0 0 0 1 0 0 1 0 1
100	33	1 1 1 1 0 1 0 1 1 0 0 0 0 0 0 0 0 1 0 0
100	23	1 1 1 0 0 1 0 1 0 0 0 0 0 0 0 0 0 0 0 0
100	1	1 1 1 0 1 1 1 1 1 0 0 0 0 0 0 0 0 1 0 1
100	7	1 1 1 0 0 1 0 1 1 0 0 1 1 0 0 0 0 0 0 1
100	11	1 1 1 0 0 1 0 1 1 0 0 0 0 0 0 1 0 1 0 0
100	41	1 1 1 0 0 1 0 1 0 1 0 0 0 0 0 0 0 0 0 1
100	16	1 1 1 0 0 1 0 1 1 0 1 0 0 0 0 1 0 1 0 1
100	6	1 1 0 0 0 1 0 1 1 0 0 0 0 0 0 0 0 0 0 1
100	12	1 1 1 0 0 1 0 1 1 0 1 0 1 0 0 0 0 1 1 1
100	11	1 0 1 0 1 1 0 1 1 0 0 0 0 0 0 0 0 1 0 0
100	18	1 1 1 0 0 1 1 1 1 0 0 0 0 0 0 1 0 1 0 0
100	42	1 1 1 0 1 1 0 0 1 0 0 0 0 1 0 0 0 1 1 1
100	10	0 1 1 0 0 1 0 1 1 0 0 0 0 0 0 0 0 1 0 1
100	1	1 1 1 0 0 1 0 1 1 0 0 1 1 1 0 0 0 0 0 1
100	5	1 1 1 0 0 1 0 1 0 0 0 0 0 1 0 0 0 0 1 1
100	2	1 1 1 0 1 1 0 1 1 0 0 0 1 0 0 0 0 1 0 0
100	6	1 0 1 0 0 1 0 1 1 0 0 1 0 0 1 0 0 1 0 0
100	8	1 1 1 0 1 1 0 1 1 0 0 1 1 1 0 0 0 0 0 1
100	2	1 1 1 0 0 1 0 1 1 0 0 0 0 0 0 0 1 1 1 1
100	13	0 1 1 0 0 1 0 1 1 0 0 0 0 0 0 0 0 1 0 0
100	15	1 1 1 0 0 1 0 1 1 0 0 1 1 0 0 0 0 1 0 1
100	3	1 1 1 0 0 1 1 1 1 1 0 0 0 0 0 0 0 0 0 1
100	12	1 1 1 0 0 1 0 1 1 0 0 1 1 0 0 1 0 1 0 0
100	15	1 1 1 0 0 1 0 1 1 0 0 1 1 0 0 1 0 0 0 1
100	8	1 1 1 0 0 1 1 1 1 1 0 0 1 0 0 0 0 1 1 1
100	18	1 1 1 1 0 1 0 1 1 0 0 0 0 1 0 0 0 1 0 1
100	9	1 1 1 0 0 1 0 1 1 0 0 1 0 0 0 0 0 0 1 1
100	2	1 1 0 0 0 1 0 1 1 0 1 1 1 0 0 1 0 0 0 1
100	2	1 0 1 0 0 1 0 1 1 0 0 0 0 1 0 0 0 1 0 0
100	10	1 1 1 0 0 1 0 1 1 0 0 0 0 0 0 0 0 0 0 1
100	18	0 1 1 0 0 1 0 1 1 0 0 0 0 1 0 0 0 0 1 1
100	1	1 0 0 0 0 0 1 0 0 0 0 0 0 1 0 0 0 1 1 1
100	16	1 1 1 0 0 1 0 1 1 0 0 0 0 0 0 1 0 0 0 1
100	2	1 1 1 0 0 1 0 1 1 0 0 1 0 0 0 0 1 0 1 1
100	12	1 1 1 0 0 1 0 1 1 0 0 0 0 1 0 0 0 1 1 1
100	20	1 1 1 0 1 1 0 1 1 0 0 0 0 1 0 0 0 1 0 1
100	3	1 1 1 0 1 1 0 1 1 0 0 0 0 0 0 1 0 1 0 1
100	7	1 1 1 1 0 1 0 1 1 0 0 0 0 0 0 0 0 1 0 1
100	5	1 1 1 1 0 1 0 1 0 1 0 0 0 0 0 0 0 0 0 1
100	16	1 1 1 0 0 1 0 1 1 0 0 0 1 1 0 1 0 1 0 1
100	1	1 1 1 0 0 1 0 1 1 0 1 0 0 0 0 0 0 1 0 0
100	1	1 1 1 0 0 0 0 1 1 0 0 0 0 0 0 0 0 1 0 1
100	16	1 0 1 0 0 1 0 1 1 0 0 0 0 0 0 0 0 1 1 1
100	2	1 1 1 0 1 1 0 0 1 0 0 0 0 1 0 0 0 1 0 0
100	1	1 1 1 1 0 1 0 0 1 0 0 0 0 0 0 0 0 1 0 0
100	2	1 1 1 0 0 0 0 1 1 0 0 1 1 0 0 1 0 0 0 1
100	2	1 1 1 0 0 1 0 1 1 1 0 0 0 0 0 0 0 0 0 1
100	6	1 1 1 0 0 0 0 1 1 0 0 1 0 0 0 0 0 0 0 1
100	2	1 1 1 0 1 1 1 1 0 0 0 0 0 0 0 0 0 1 0 0
100	1	1 1 1 1 0 1 0 1 1 0 1 0 1 0 0 0 0 1 1 1
100	1	1 0 0 0 0 1 0 1 1 0 0 1 0 0 1 0 0 1 0 0
100	1	1 1 1 1 1 1 0 1 1 0 0 0 0 0 0 0 0 1 0 0
100	1	1 1 1 0 0 1 0 1 1 0 0 0 1 0 1 1 0 1 0 0
100	4	1 0 1 0 0 1 0 1 1 0 0 0 1 0 0 0 0 1 0 1
100	6	1 1 1 0 0 1 1 1 1 1 0 0 0 0 0 0 1 1 1 1
100	4	0 1 1 0 0 1 1 1 1 1 0 0 1 0 0 0 0 1 1 1
100	3	1 0 1 0 0 1 0 1 1 0 0 0 0 0 0 0 0 1 0 1
100	1	1 1 1 0 0 1 0 1 0 0 0 0 0 0 0 1 0 1 0 0
100	1	1 1 1 1 0 1 0 1 1 0 0 0 0 0 0 0 0 1 1 1
100	3	1 0 1 0 0 1 0 1 1 0 0 1 0 0 1 0 0 1 0 1
100	7	1 1 1 0 0 1 0 1 1 0 0 0 0 1 1 0 0 1 0 1
100	1	1 1 1 1 0 1 0 1 1 0 1 0 0 0 0 0 0 1 0 0
100	2	0 0 1 0 0 1 0 1 1 0 0 0 0 1 0 0 0 1 0 0
100	1	1 0 0 0 0 1 0 1 1 0 0 0 0 0 0 0 1 1 0 0
100	1	1 1 1 0 0 1 0 1 1 1 0 0 0 0 0 0 1 1 1 1
100	5	1 1 1 1 0 1 0 1 1 0 0 0 1 0 0 0 0 1 0 0
100	4	1 1 1 1 0 1 0 1 1 0 1 0 1 0 0 1 0 1 0 0
100	3	1 1 1 0 0 1 0 1 1 0 0 0 1 0 1 0 0 1 0 0
100	1	1 1 0 1 0 1 0 1 1 0 0 0 0 1 0 0 0 1 0 1
100	2	1 0 0 0 0 0 1 0 0 1 0 0 0 1 0 0 0 1 1 1
100	6	1 1 1 0 0 1 0 1 1 0 0 0 0 1 0 0 0 0 1 1
100	2	1 1 1 0 1 1 0 1 1 0 0 0 1 0 0 0 0 0 0 1
100	3	1 1 1 0 0 1 0 1 1 0 0 1 0 0 0 0 0 1 0 1
100	1	1 1 1 0 0 0 0 1 0 0 0 0 0 0 0 0 0 1 0 0
100	3	1 1 0 0 0 0 0 1 1 0 0 0 0 0 0 0 0 1 0 0
100	2	1 1 1 1 0 1 0 1 1 0 0 0 0 1 0 0 0 1 0 0
100	1	1 0 1 0 1 1 1 1 1 0 0 0 0 0 0 0 0 1 0 0
100	1	1 1 1 1 0 0 0 1 1 0 0 0 0 1 0 0 0 1 0 1
100	2	1 1 1 0 0 1 0 1 0 0 0 0 0 0 0 1 0 0 0 1
100	2	1 0 1 0 0 1 0 1 1 1 0 1 0 0 1 0 0 1 0 1
100	1	0 1 1 0 0 1 0 1 1 0 0 0 1 0 1 0 0 1 0 0
100	2	1 1 1 1 0 1 0 1 1 0 0 0 0 0 0 1 0 1 0 0
100	1	1 1 1 1 0 1 0 1 1 0 0 0 1 0 0 0 0 0 0 1
100	1	1 1 1 0 0 1 0 1 1 0 0 0 1 0 0 0 0 1 0 0
100	1	1 0 1 0 1 1 0 1 1 0 0 0 0 0 1 0 0 1 0 0
100	2	1 1 1 0 0 1 1 1 1 0 0 0 0 0 0 1 0 1 0 1
100	1	1 1 1 0 0 1 0 1 1 0 0 0 0 1 0 0 0 1 0 0
100	2	0 1 1 0 0 1 0 1 1 0 0 1 0 0 0 0 1 0 1 1
100	2	1 1 1 0 1 1 1 1 0 0 0 0 0 1 0 0 0 1 0 1
100	1	1 1 1 0 1 1 1 1 1 0 1 0 0 0 0 0 0 1 0 0
100	1	1 1 1 0 0 1 0 1 0 1 1 0 0 0 0 0 0 0 0 1
100	3	1 0 1 0 0 1 0 1 1 0 1 0 1 0 0 0 0 1 1 1
100	1	0 1 1 0 0 1 0 1 1 0 0 0 1 0 0 0 0 1 0 0
100	2	1 1 1 0 0 1 1 1 1 1 0 0 0 0 0 1 0 0 0 1
100	1	1 1 1 0 0 1 1 1 1 1 0 0 0 0 0 0 1 0 1 1
150	16	1 1 1 0 0 1 0 1 1 0 0 0 0 0 0 0 0 1 0 1
150	65	1 1 1 0 0 1 0 1 1 0 0 0 0 1 0 0 0 1 0 1
150	28	1 1 1 0 0 1 0 1 1 0 1 0 0 0 0 0 0 1 0 1
150	13	1 1 1 0 0 1 0 1 1 0 0 1 0 0 0 0 0 0 0 1
150	23	1 1 1 1 0 1 0 1 1 0 0 0 0 0 0 0 0 1 0 0
150	11	1 1 1 0 0 1 0 1 0 1 0 0 0 0 0 0 0 0 0 1
150	2	1 1 0 0 0 1 0 1 1 0 0 0 0 0 0 0 0 0 0 1
150	8	0 1 1 0 0 1 0 1 1 0 0 0 0 0 0 0 0 1 0 1
150	17	1 1 1 0 0 1 0 1 1 0 0 1 1 0 0 0 0 1 0 1
150	20	1 1 1 1 0 1 0 1 1 0 0 0 0 1 0 0 0 1 0 1
150	29	1 1 1 0 0 1 0 1 1 0 0 0 0 0 0 0 0 0 0 1
150	1	1 1 1 0 0 1 0 1 1 0 0 0 0 0 0 1 0 0 0 1
150	16	1 1 1 0 1 1 0 0 1 0 0 0 1 1 0 0 0 1 0 1
150	10	1 1 0 0 0 1 0 1 1 0 1 0 0 0 0 0 0 1 0 1
150	5	1 1 1 0 0 1 0 0 1 0 0 0 0 0 0 1 0 0 0 1
150	3	1 1 1 0 0 1 0 1 1 1 0 0 0 0 0 0 0 0 0 0
150	3	1 1 1 1 1 1 0 1 1 0 0 0 1 0 0 0 0 1 0 1
150	45	1 1 1 1 0 1 0 1 1 1 0 0 1 0 0 0 0 1 1 1
150	10	1 1 1 0 1 1 0 0 1 0 0 0 0 1 0 1 0 1 0 1
150	15	1 1 1 1 0 1 0 1 1 1 0 0 1 0 0 0 0 1 0 1
150	3	1 1 1 0 0 1 0 0 0 1 0 0 0 0 0 0 0 0 0 1
150	9	0 1 1 0 0 1 1 1 1 0 0 0 1 1 0 0 0 0 0 1
150	13	1 1 1 0 0 0 0 1 1 0 0 1 0 0 0 0 0 0 0 1
150	2	1 1 0 0 0 1 0 0 1 0 1 0 0 0 0 0 0 1 0 1
150	5	1 1 1 0 1 1 0 1 1 0 0 0 0 0 0 0 0 0 0 0
150	9	0 1 1 0 0 0 0 1 1 0 0 1 1 0 0 0 0 0 0 1
150	9	1 1 1 1 0 1 0 1 1 0 0 0 0 0 0 0 0 0 1 1
150	24	1 1 1 1 0 0 0 1 1 1 0 0 0 1 0 0 0 1 0 0
150	23	1 1 1 1 1 1 0 1 1 0 0 0 0 1 0 0 0 1 0 1
150	8	1 1 1 0 0 1 0 1 1 0 0 0 0 0 1 0 0 1 0 1
150	1	1 1 1 0 0 1 0 1 0 0 0 0 0 0 0 0 0 0 0 1
150	58	1 1 1 0 0 1 0 1 1 0 0 0 0 1 0 1 0 0 0 1
150	7	1 1 1 0 1 1 0 1 1 1 0 0 0 0 0 1 0 0 0 0
150	4	1 0 1 0 0 1 0 1 0 1 0 0 0 0 0 0 0 0 0 1
150	9	1 1 1 0 1 1 0 1 1 0 0 0 0 0 0 1 0 0 0 1
150	8	0 1 1 0 0 1 0 1 1 0 0 0 0 1 0 0 0 1 0 1
150	4	1 1 1 1 0 1 0 1 1 0 0 1 0 1 0 0 0 1 0 1
150	22	1 1 1 1 0 1 0 0 1 1 0 0 1 0 0 0 0 1 0 1
150	2	1 0 1 0 0 1 0 1 1 1 0 0 0 0 0 0 0 1 0 1
150	1	1 1 1 0 0 0 0 1 1 0 0 1 1 0 0 0 0 0 0 1
150	8	1 1 1 1 1 1 0 1 1 0 0 1 1 1 0 0 0 1 0 0
150	9	1 1 1 0 0 1 0 0 1 0 0 1 0 0 0 1 0 1 1 1
150	12	1 1 1 1 0 0 0 1 1 0 0 1 0 0 0 0 0 1 0 0
150	29	1 1 1 0 0 1 0 1 1 0 0 0 0 1 0 0 0 0 0 1
150	9	1 1 1 0 1 1 0 0 1 0 0 1 1 1 0 0 0 1 0 1
150	2	1 1 1 1 1 1 0 1 1 0 0 1 0 0 0 0 0 0 0 1
150	1	1 1 1 0 0 1 0 1 1 0 0 0 0 1 0 0 0 1 1 1
150	6	1 0 0 0 0 1 0 1 1 1 0 0 0 0 0 0 0 1 0 1
150	4	1 1 1 0 1 0 0 1 0 0 0 0 0 0 1 0 0 1 0 0
150	8	1 1 0 0 0 1 0 1 1 0 0 0 1 1 0 0 0 0 1 1
150	14	1 1 1 1 0 1 0 1 1 0 0 0 0 1 0 0 1 1 0 1
150	11	1 1 1 0 0 0 0 1 1 0 0 1 1 0 0 0 0 1 0 1
150	5	0 1 1 1 1 1 0 1 1 0 0 0 0 0 0 0 0 0 0 1
150	1	1 1 0 0 0 1 0 1 1 0 0 0 1 0 0 0 0 1 1 0
150	12	1 0 1 0 0 1 0 1 1 0 0 0 0 1 0 0 0 1 0 1
150	9	1 1 1 0 0 1 0 1 1 0 1 1 1 0 0 0 0 1 0 1
150	1	1 1 1 1 0 1 0 1 1 1 0 0 1 0 0 0 0 0 1 1
150	11	1 1 1 0 0 1 1 1 1 0 0 0 0 1 0 1 0 0 0 1
150	2	1 1 1 1 0 1 0 1 1 0 0 1 0 1 0 0 0 0 0 1
150	8	1 1 1 0 1 1 0 1 1 1 0 1 0 0 0 0 0 1 0 0
150	15	1 1 1 0 0 1 1 1 1 0 0 0 0 1 1 1 0 0 0 1
150	8	1 1 1 0 0 1 0 1 1 0 0 0 0 1 0 0 0 0 1 1
150	2	1 1 1 0 0 1 1 1 1 0 0 0 0 0 0 0 0 1 0 1
150	1	1 1 1 0 0 1 0 1 0 1 0 0 0 1 0 0 0 0 0 1
150	1	0 1 1 0 0 1 0 1 1 0 0 0 0 0 0 1 0 1 0 1
150	6	0 1 1 1 0 1 0 1 1 0 0 0 0 1 0 0 0 1 0 1
150	2	0 1 1 0 0 1 0 1 0 1 0 0 0 0 0 0 0 0 0 1
150	7	1 1 1 0 0 1 0 1 0 0 0 0 0 0 0 0 0 1 0 1
150	6	1 1 1 0 0 1 0 1 1 0 1 0 0 0 0 0 0 0 0 1
150	1	1 1 1 1 0 1 0 1 0 1 0 0 0 0 0 0 0 0 0 1
150	19	1 1 1 1 0 0 0 1 1 0 0 0 0 1 0 0 0 1 0 1
150	3	1 1 1 0 0 1 0 1 1 0 0 0 1 1 0 0 0 1 0 1
150	2	1 1 1 0 0 1 0 1 0 0 0 0 0 1 0 0 0 1 0 1
150	4	1 1 1 0 1 1 0 1 1 0 0 0 0 0 0 1 0 0 1 1
150	4	0 1 1 1 0 1 0 1 1 0 0 1 0 1 0 0 0 1 0 1
150	1	1 1 1 0 1 1 1 0 1 0 0 1 1 1 0 0 0 1 0 1
150	1	1 1 1 1 0 1 0 1 1 1 0 0 0 1 0 0 0 1 1 1
150	2	0 1 1 0 0 1 0 1 1 1 0 0 1 0 0 0 0 1 1 1
150	9	1 1 0 0 0 1 0 1 1 0 0 0 1 1 0 0 0 0 0 1
150	10	1 1 0 0 0 1 0 1 1 0 0 0 0 0 1 0 0 0 0 1
150	7	0 1 1 0 0 1 0 1 1 0 0 0 0 0 0 0 0 0 0 1
150	1	1 1 1 1 1 1 0 1 1 0 0 0 1 0 0 0 1 1 0 1
150	1	1 1 1 0 0 0 0 1 1 0 0 1 0 0 0 0 0 1 0 1
150	2	1 0 0 0 0 1 0 1 1 0 0 0 1 0 0 0 0 1 0 0
150	5	1 1 0 0 0 1 0 1 1 0 0 0 0 1 0 1 0 0 0 1
150	6	1 1 1 1 0 1 0 1 1 1 0 0 1 1 0 0 0 0 1 1
150	7	0 1 1 0 0 1 0 1 1 1 0 0 0 1 0 0 0 1 0 0
150	14	1 1 0 0 0 1 0 1 1 0 0 1 0 0 0 0 0 1 0 1
150	3	1 1 1 0 0 1 0 1 0 1 0 0 0 0 0 0 0 0 0 0
150	1	1 1 1 0 0 0 0 1 1 0 0 1 0 0 0 1 0 0 0 1
150	11	1 1 1 0 0 0 0 1 1 0 0 0 0 1 0 1 0 0 0 1
150	2	0 1 0 1 0 1 0 1 1 0 0 1 0 1 0 0 0 1 0 1
150	2	0 1 1 0 0 1 0 1 1 1 0 0 1 0 0 0 0 1 1 0
150	4	1 1 1 0 0 0 0 1 1 0 0 0 0 0 0 0 0 0 0 1
150	1	1 1 1 1 0 1 0 1 1 1 0 0 0 0 0 0 0 1 1 1
150	6	1 1 1 1 0 1 0 1 1 0 1 0 0 0 0 1 0 1 0 1
150	3	1 1 1 1 0 0 0 1 1 0 0 1 0 0 0 0 1 1 0 0
150	2	1 1 1 0 0 0 0 1 1 0 0 0 0 1 0 0 0 1 0 0
150	1	1 1 1 0 0 1 1 1 1 0 0 0 0 0 1 1 0 0 0 1
150	2	1 1 1 0 0 1 1 1 1 0 0 0 0 0 0 0 0 0 0 0
150	1	1 1 1 1 0 1 0 1 1 0 0 0 1 1 0 0 0 1 0 1
150	8	1 1 1 0 1 1 0 0 1 0 0 0 1 1 0 0 0 1 1 1
150	6	1 1 1 0 0 0 0 1 0 0 0 0 0 0 0 0 0 0 0 1
150	1	0 1 1 1 1 1 0 1 1 0 0 1 0 1 0 0 0 1 0 1
150	2	0 1 1 0 0 1 0 1 1 0 0 0 0 1 0 0 0 0 0 1
150	1	1 1 1 1 0 0 0 1 1 1 0 0 0 1 0 0 0 1 0 1
150	1	1 1 1 1 0 1 0 1 1 0 0 0 0 1 0 0 0 0 0 1
150	1	1 0 0 0 0 1 0 1 1 0 0 0 0 0 0 0 0 0 0 1
150	3	1 1 1 0 0 1 0 1 1 0 0 0 0 1 1 1 0 0 0 1
150	2	1 1 1 0 0 1 0 1 1 0 0 0 0 1 0 1 0 0 0 0
150	4	1 1 1 1 0 1 0 0 1 1 0 0 0 0 0 0 0 1 0 1
150	3	1 1 1 0 0 1 0 1 1 0 0 1 1 0 0 0 0 0 0 1
150	2	1 1 1 0 0 1 1 1 1 0 0 0 0 1 0 0 0 0 0 1
150	3	1 1 1 0 0 1 0 1 1 1 0 0 1 0 0 0 0 1 1 1
150	5	1 1 1 1 0 1 0 1 1 0 0 1 0 0 0 0 0 1 0 0
150	2	1 1 1 1 0 1 0 1 1 1 0 0 0 0 0 0 0 0 0 1
150	3	1 1 1 1 0 1 0 1 1 0 0 0 0 1 0 1 0 1 0 1
150	2	1 1 1 0 1 1 0 1 1 1 0 0 0 0 0 0 0 0 0 0
150	1	1 0 1 1 1 1 0 1 1 0 0 0 1 0 0 0 0 1 0 1
150	5	1 1 1 1 0 1 0 0 1 1 0 0 1 1 0 0 0 1 0 1
150	2	0 0 1 0 0 1 0 1 1 1 0 0 0 0 0 0 0 1 0 1
150	2	1 1 1 0 0 1 0 1 1 0 0 0 1 1 0 0 0 0 1 1
150	2	1 1 1 0 0 0 0 1 1 0 0 0 1 0 0 0 0 1 0 1
150	2	1 1 1 0 0 0 1 1 1 0 0 0 0 1 1 1 0 0 0 1
150	1	1 1 0 0 0 1 0 1 1 0 1 0 0 0 0 0 0 0 0 0
150	2	1 1 1 0 1 1 0 0 1 0 0 0 0 1 0 1 0 0 0 1
150	1	1 1 1 1 0 0 0 1 1 0 1 0 0 0 0 0 0 1 0 1
150	1	1 1 1 1 0 1 0 0 1 1 0 0 0 1 0 0 0 1 0 1
150	2	1 1 1 1 0 0 0 1 1 0 0 1 1 0 0 0 0 1 0 0
150	1	1 1 1 0 1 0 0 1 0 0 0 0 0 0 1 0 0 1 0 1
150	1	1 1 1 1 0 1 0 1 1 1 0 1 0 0 0 0 0 1 0 0
150	1	1 1 1 0 0 1 0 1 1 0 0 1 0 1 0 0 0 1 0 1
150	2	1 1 1 0 1 1 0 0 1 0 0 0 1 1 0 0 0 0 0 1
150	2	0 1 1 0 0 1 0 0 1 0 0 0 0 0 0 1 0 0 0 1
150	3	1 1 1 1 1 0 0 1 1 0 0 1 0 0 0 0 0 1 0 0
150	1	1 0 0 0 0 1 0 1 1 1 0 1 0 0 0 0 0 1 0 1
150	1	1 0 1 0 0 1 0 1 1 0 0 0 0 1 0 0 1 1 0 1
150	2	1 1 1 0 1 1 0 1 0 0 0 0 0 0 0 0 0 1 0 1
150	4	1 1 1 0 0 1 0 1 1 0 1 1 0 0 0 0 0 0 0 1
150	2	1 0 0 0 0 1 0 1 1 0 0 0 1 0 0 0 0 0 0 0
150	1	1 1 0 0 0 1 0 1 1 0 0 1 0 0 0 0 0 1 1 1
200	23	1 1 1 0 0 1 0 1 1 0 0 0 0 0 0 0 0 1 0 1
200	2	1 1 1 0 0 1 0 1 1 0 0 0 0 1 0 0 0 1 0 1
200	25	1 1 1 0 0 1 0 1 1 0 1 0 0 0 0 0 0 1 0 1
200	3	1 1 1 0 0 1 0 1 1 0 0 1 0 0 0 0 0 0 0 1
200	7	1 1 1 1 0 1 0 1 1 0 0 0 0 0 0 0 0 1 0 0
200	37	1 1 1 1 0 1 0 1 1 0 0 0 0 1 0 0 0 1 0 1
200	40	1 1 1 1 0 1 0 1 1 1 0 0 1 0 0 0 0 1 0 1
200	10	1 1 1 1 1 1 0 1 1 0 0 0 0 1 0 0 0 1 0 1
200	2	1 1 1 0 0 1 0 1 1 0 0 0 0 1 0 1 0 0 0 1
200	31	1 1 1 1 1 1 0 1 1 0 0 1 1 1 0 0 0 1 0 0
200	4	1 1 1 0 0 0 0 1 1 0 0 1 1 0 0 0 0 1 0 1
200	22	1 1 1 0 0 1 1 1 1 0 0 0 0 1 0 1 0 0 0 1
200	4	1 1 0 0 0 1 0 1 1 0 0 0 0 0 1 0 0 0 0 1
200	16	1 1 1 0 0 1 1 1 1 0 0 0 0 0 0 0 0 0 0 0
200	2	1 1 1 0 0 0 0 1 0 0 0 0 0 0 0 0 0 0 0 1
200	19	1 1 1 0 0 1 0 1 1 0 0 0 0 1 1 1 0 0 0 1
200	9	1 1 1 1 0 1 0 0 1 1 0 0 1 1 0 0 0 1 0 1
200	10	1 1 1 1 0 1 0 0 1 1 0 0 1 0 0 0 0 0 0 1
200	2	1 1 1 0 0 1 0 1 1 0 0 1 0 0 0 0 0 1 0 1
200	26	1 1 1 1 0 1 0 1 1 0 0 0 0 0 0 0 0 0 0 1
200	7	1 1 1 1 0 1 0 1 1 0 0 0 0 0 0 0 0 1 0 1
200	35	1 1 1 1 0 1 0 1 1 0 0 0 0 1 0 1 0 1 0 1
200	3	1 0 1 1 0 0 0 1 1 0 0 1 0 0 0 0 0 1 0 0
200	9	1 1 1 1 0 0 0 1 1 1 0 1 0 0 0 1 0 1 0 0
200	43	1 1 1 0 0 1 0 0 1 0 0 0 0 1 0 1 0 0 0 1
200	12	1 1 1 1 0 1 0 1 1 0 0 0 0 1 0 1 0 0 0 1
200	17	1 1 1 1 1 1 0 1 1 0 0 0 0 0 0 0 0 1 0 1
200	27	0 1 1 1 0 1 0 1 1 1 0 0 1 0 0 0 0 0 1 1
200	3	1 1 1 0 0 1 0 1 1 0 0 0 0 1 0 1 0 1 0 1
200	15	1 1 1 0 0 1 0 1 1 0 0 1 1 1 0 0 1 0 0 1
200	6	1 1 0 0 0 1 0 1 1 0 0 0 1 0 1 0 0 1 0 1
200	13	0 1 1 1 0 1 0 1 1 0 0 0 0 1 0 0 0 1 0 1
200	1	1 1 1 0 0 1 1 1 1 0 0 0 0 1 0 1 0 0 0 0
200	5	1 1 1 1 0 1 0 0 1 0 0 0 0 1 0 1 0 0 0 1
200	26	0 1 1 1 0 1 0 1 1 0 0 0 0 1 0 0 1 1 0 1
200	2	1 1 1 0 0 1 0 0 1 0 1 0 0 0 0 0 0 1 0 1
200	16	1 1 1 0 0 0 1 1 1 0 0 0 0 0 0 0 0 0 0 0
200	27	1 1 0 0 1 1 0 1 1 0 0 0 1 0 1 0 0 0 0 1
200	10	0 1 1 0 0 1 0 1 1 0 0 0 0 1 1 1 0 0 0 1
200	4	1 1 1 1 0 1 0 1 1 1 0 0 0 1 1 0 0 1 0 0
200	1	1 1 1 1 0 0 0 1 1 1 0 1 0 0 0 1 0 1 0 1
200	3	1 1 1 1 0 0 0 1 1 0 0 0 0 0 0 1 0 0 0 1
200	15	1 1 1 1 0 1 0 1 1 1 0 0 0 0 0 0 0 0 0 1
200	8	1 1 1 0 0 1 0 0 0 0 0 0 0 0 0 0 0 1 0 1
200	9	1 1 1 0 0 1 0 1 1 0 0 1 1 1 1 0 0 0 0 1
200	40	1 1 1 1 0 1 0 1 1 0 0 0 0 0 0 0 0 0 0 0
200	2	1 0 1 0 0 1 0 1 1 0 0 0 0 0 0 0 0 1 0 1
200	16	1 1 0 0 0 1 0 1 1 0 0 0 0 1 1 1 0 0 0 1
200	1	1 1 1 0 0 1 0 1 1 0 0 0 0 1 0 1 0 0 0 0
200	5	1 1 1 1 1 1 0 1 1 0 0 1 1 1 0 0 0 0 0 0
200	3	1 1 1 1 1 1 0 1 1 1 0 1 0 0 0 0 0 1 0 0
200	2	0 1 1 1 0 0 0 1 1 1 0 0 1 0 0 0 0 1 0 1
200	11	1 1 1 1 0 1 0 1 1 1 0 0 1 0 0 1 0 0 0 1
200	1	1 0 1 0 0 1 0 0 1 0 0 0 0 1 0 1 0 0 0 1
200	10	1 1 1 1 0 1 1 1 1 0 0 0 0 0 1 0 0 0 0 1
200	1	1 1 1 1 1 1 1 1 1 0 0 0 0 1 0 1 0 0 0 1
200	14	1 1 1 1 1 1 0 1 1 0 0 0 0 1 0 1 0 0 0 1
200	8	1 1 1 0 0 1 0 1 1 1 0 0 1 0 0 0 0 1 0 1
200	8	1 1 0 0 0 0 0 1 1 1 0 1 0 0 0 1 0 1 0 0
200	10	0 1 1 0 0 1 0 1 1 1 0 0 1 0 0 0 0 0 0 1
200	1	0 1 1 0 0 1 1 1 1 0 1 1 0 1 0 1 0 0 0 1
200	2	1 1 0 0 1 1 0 1 1 0 0 0 1 1 0 1 0 1 0 1
200	5	1 1 1 0 0 0 0 1 0 0 0 0 0 0 0 0 0 1 0 1
200	12	1 1 1 0 0 1 0 0 1 1 0 0 0 1 0 1 0 0 0 1
200	4	1 1 1 0 0 1 0 1 1 0 0 1 1 1 0 0 1 1 0 1
200	2	0 1 0 0 1 1 0 1 1 0 0 1 0 0 0 0 0 1 0 0
200	9	1 1 1 1 0 1 0 1 1 1 0 0 0 1 0 1 0 0 0 1
200	2	1 1 1 0 0 1 0 1 1 0 0 0 1 0 1 0 0 0 0 1
200	4	1 1 1 1 0 0 0 1 1 0 0 0 0 1 0 1 0 0 0 1
200	3	1 1 1 1 1 1 0 1 1 0 0 1 1 1 0 0 0 1 0 1
200	1	1 1 1 1 0 1 0 1 1 0 0 0 1 0 0 0 0 1 1 1
200	4	1 1 1 0 0 1 0 0 1 0 0 0 0 1 0 0 0 1 0 1
200	18	1 1 1 1 0 1 0 0 1 1 0 0 1 0 0 0 0 1 0 1
200	4	1 1 1 0 0 0 0 1 0 0 0 1 1 0 0 0 0 1 0 1
200	5	1 1 1 1 0 1 0 0 1 1 0 0 1 0 0 0 0 0 1 1
200	5	0 1 1 1 0 1 0 1 1 0 0 0 1 1 0 0 1 1 0 1
200	1	1 1 1 1 0 0 1 1 1 0 0 0 0 0 0 0 0 0 0 0
200	2	1 1 1 1 0 1 0 1 1 0 0 0 1 0 1 0 0 0 0 1
200	2	1 1 1 0 1 1 0 1 1 1 0 1 0 0 0 0 0 0 0 0
200	5	1 1 0 0 0 1 0 1 1 0 0 1 1 0 1 0 0 1 0 1
200	3	1 1 0 0 0 1 0 1 1 0 0 0 1 0 1 0 0 0 0 1
200	3	1 1 1 1 0 1 0 1 1 0 0 0 0 1 0 1 1 1 0 0
200	2	0 1 1 1 0 1 0 1 1 0 0 0 1 1 0 0 1 1 1 1
200	1	1 1 1 1 0 1 0 0 1 0 0 0 0 1 0 1 0 1 1 1
200	2	1 1 1 1 1 1 0 1 1 0 0 0 1 0 1 0 0 1 0 1
200	1	1 1 1 0 0 1 0 1 1 0 1 1 0 0 0 0 0 1 0 1
200	5	1 1 0 0 0 1 0 1 1 0 0 1 0 0 0 0 0 0 0 1
200	3	1 1 1 0 1 1 0 1 1 1 0 1 0 0 1 1 0 1 0 1
200	7	1 1 1 1 0 1 0 1 1 0 0 0 0 1 1 1 0 0 0 1
200	5	1 1 0 0 1 1 0 1 1 1 0 0 1 0 0 0 0 1 0 1
200	2	1 1 1 1 0 1 0 1 1 0 0 0 0 0 0 0 0 0 1 0
200	1	1 0 1 0 0 1 0 0 1 0 0 0 0 1 0 0 0 0 0 1
200	2	1 1 1 0 0 0 0 0 1 1 0 0 0 1 0 1 0 0 0 1
200	2	1 1 1 1 0 1 0 0 1 1 0 0 1 1 1 0 0 0 0 1
200	2	1 1 1 1 1 1 0 1 1 0 0 0 0 0 0 0 0 0 0 0
200	3	1 1 1 1 0 1 1 1 1 0 0 0 0 0 1 0 0 1 0 0
200	1	0 1 0 0 0 1 0 1 1 0 0 0 1 0 1 0 0 0 0 1
200	6	1 1 1 1 0 1 0 1 1 0 0 0 0 1 0 1 1 1 0 1
200	1	1 1 1 0 0 1 0 1 1 1 0 0 0 0 0 0 0 1 0 1
200	1	1 1 0 0 0 1 0 1 1 0 0 1 0 0 1 0 0 0 0 1
200	4	1 1 1 1 1 1 0 1 1 0 0 0 0 0 0 0 0 0 0 1
200	5	1 1 1 1 1 1 0 1 1 0 0 0 1 0 0 0 0 1 0 1
200	3	1 1 1 0 0 1 0 1 1 0 0 1 1 1 0 0 0 0 0 1
200	2	1 1 1 1 0 1 0 1 1 0 1 0 1 0 0 0 0 1 1 1
200	1	1 1 0 0 0 1 0 1 0 0 0 0 0 0 0 0 0 1 0 1
200	1	1 1 1 0 0 1 0 1 1 0 1 0 0 0 0 0 0 0 0 0
200	1	1 1 1 1 0 1 0 1 1 0 0 0 0 1 0 1 0 1 0 0
200	4	1 1 1 1 0 1 0 1 1 0 0 0 0 1 0 1 1 1 1 1
200	2	1 1 1 0 0 1 0 0 1 0 0 0 0 0 0 0 0 1 0 1
200	3	1 1 1 1 1 1 0 1 1 0 0 0 0 0 0 0 0 1 1 1
200	1	1 1 0 0 1 1 0 1 1 1 0 1 0 0 0 1 0 1 0 1
200	1	0 1 1 0 0 1 0 1 1 0 0 0 0 1 1 0 0 0 1 1
200	1	1 1 1 0 0 1 0 1 1 1 0 1 0 0 0 0 0 0 0 1
200	1	1 1 1 0 0 1 0 1 1 0 0 0 0 1 0 1 0 1 1 1
200	1	0 1 1 1 0 1 0 1 0 0 0 0 0 1 0 0 0 1 0 1
200	10	1 1 1 1 0 0 1 1 1 1 0 1 0 0 0 1 0 1 0 1
200	7	1 0 1 1 0 1 1 0 1 1 0 0 1 0 0 0 0 0 0 1
200	2	0 1 1 1 0 1 1 1 1 0 1 1 0 1 0 1 0 0 0 1
200	1	1 1 1 0 1 1 0 1 1 1 0 1 0 0 1 0 0 1 0 1
200	5	1 1 1 0 0 1 0 1 1 0 0 0 1 1 1 0 0 0 0 1
200	1	1 1 1 1 0 0 0 1 1 0 0 1 0 0 0 0 0 1 0 0
200	1	1 1 1 1 0 0 0 1 1 1 0 1 0 0 0 0 0 1 0 1
200	2	0 1 1 1 0 1 0 0 1 1 0 0 1 1 0 0 0 1 0 1
200	2	1 1 1 1 0 1 0 1 1 0 0 1 0 0 0 0 0 0 0 1
200	2	1 1 1 0 1 1 0 1 1 0 0 0 0 0 0 0 0 0 0 1
200	4	1 1 1 0 0 1 0 1 1 0 0 0 0 1 1 1 0 0 0 0
200	1	1 1 1 1 0 1 0 0 1 1 0 0 1 1 0 1 0 1 0 1
200	2	1 1 1 1 0 1 0 1 1 0 0 1 0 1 0 1 0 0 0 1
200	6	1 1 1 0 0 1 1 1 1 0 0 0 0 1 0 1 1 0 0 0
200	4	0 1 1 1 0 1 0 0 1 0 0 0 0 1 0 0 1 1 0 1
200	2	1 1 0 1 0 1 0 1 1 0 0 0 0 1 1 1 0 0 0 1
200	1	1 1 1 1 1 1 1 1 1 0 0 0 0 1 0 1 0 1 0 1
200	1	1 1 0 0 1 1 1 1 1 0 1 0 1 0 1 0 0 0 0 1
200	3	1 1 1 0 0 1 0 1 1 0 0 0 0 0 0 0 0 0 0 1
200	1	1 1 1 0 0 1 1 1 1 0 0 0 0 0 0 0 0 1 0 1
200	1	1 1 1 1 0 1 0 0 1 1 0 0 0 1 0 1 0 0 0 1
200	1	1 1 0 0 1 1 0 1 1 0 0 0 1 1 0 0 0 1 0 0
200	2	1 1 1 0 0 1 0 1 1 0 1 1 0 0 0 0 0 1 0 0
200	2	0 1 1 1 0 1 0 1 1 1 0 0 1 1 0 1 0 1 0 1
200	1	1 1 1 1 0 1 0 1 1 0 0 0 0 1 0 0 0 1 0 0
200	4	1 1 1 1 0 0 0 1 1 1 0 1 1 0 0 1 0 1 0 0
200	1	1 1 1 0 0 1 0 0 1 0 0 0 0 1 0 1 0 1 0 1
200	1	1 1 1 1 0 1 0 0 1 0 0 1 0 1 0 1 0 0 0 1
200	1	0 1 1 0 0 1 0 1 1 0 0 0 0 1 1 1 0 1 0 1
200	1	1 1 1 1 0 1 0 0 1 1 0 0 0 0 0 0 0 0 0 1
200	3	1 1 1 1 0 1 1 1 1 0 0 0 0 0 0 0 0 0 0 0
200	1	1 1 0 0 0 1 0 1 1 0 0 0 0 1 1 1 1 0 0 1
200	2	1 1 0 0 0 0 0 1 1 1 0 1 0 1 0 1 0 1 0 0
200	1	1 1 0 0 0 1 0 1 1 0 0 0 1 1 0 1 0 1 0 1
200	1	1 1 0 0 0 1 0 1 1 1 0 0 1 0 1 0 0 0 0 1
200	1	1 1 1 1 0 1 0 1 1 0 0 0 0 1 0 1 1 0 0 0
250	5	1 1 1 0 0 1 0 1 1 0 0 0 0 0 0 0 0 1 0 1
250	6	1 1 1 1 0 1 0 1 1 0 0 0 0 0 0 0 0 1 0 0
250	7	1 1 1 1 0 1 0 1 1 1 0 0 1 0 0 0 0 1 0 1
250	28	1 1 1 0 0 1 0 1 1 0 0 0 0 1 1 1 0 0 0 1
250	39	1 1 1 1 0 1 0 1 1 0 0 0 0 0 0 0 0 0 0 1
250	9	1 1 1 1 0 1 0 1 1 0 0 0 0 1 0 1 0 1 0 1
250	46	1 1 1 0 0 1 0 0 1 0 0 0 0 1 0 1 0 0 0 1
250	15	1 1 1 1 0 1 0 1 1 0 0 0 0 1 0 1 0 0 0 1
250	21	1 1 1 1 0 1 0 0 1 0 0 0 0 1 0 1 0 0 0 1
250	69	1 1 1 1 0 1 0 1 1 1 0 0 0 0 0 0 0 0 0 1
250	29	1 1 1 1 0 1 0 1 1 0 0 0 0 0 0 0 0 0 0 0
250	17	1 1 1 1 0 1 0 0 1 1 0 0 1 0 0 0 0 1 0 1
250	2	1 1 0 0 0 1 0 1 1 0 0 1 0 0 0 0 0 0 0 1
250	9	1 1 1 1 0 1 0 1 1 0 0 0 0 1 1 1 0 0 0 1
250	43	1 1 1 1 1 1 0 1 1 0 0 0 0 0 0 0 0 0 0 0
250	4	1 1 1 0 0 1 0 1 1 0 0 0 0 0 0 0 0 0 0 1
250	11	1 1 1 0 0 1 0 1 1 0 0 0 0 1 0 1 0 0 0 1
250	46	1 1 1 1 0 1 0 1 1 0 0 0 0 0 0 1 0 0 0 0
250	9	1 1 0 0 1 1 0 1 1 0 0 0 1 0 1 1 0 0 0 1
250	16	1 1 1 1 0 1 0 1 1 1 0 0 1 0 0 0 0 0 0 1
250	10	1 1 1 1 0 1 0 1 1 1 0 0 0 0 0 1 0 0 0 1
250	28	1 1 1 1 0 1 0 1 1 0 0 0 1 0 0 0 0 0 0 0
250	14	1 1 1 1 0 1 0 1 1 0 1 0 0 0 0 0 0 1 0 1
250	13	1 1 0 0 0 1 0 1 1 0 0 0 0 1 1 1 0 1 0 1
250	8	1 1 1 1 0 1 0 1 1 0 0 0 0 0 0 1 0 1 0 1
250	1	0 1 1 1 0 1 0 1 1 1 0 0 0 0 0 0 0 0 0 1
250	23	1 1 1 0 0 1 0 1 1 0 0 0 0 0 0 1 0 1 0 1
250	20	1 1 1 0 0 1 0 1 1 0 0 0 0 1 0 1 0 1 0 1
250	31	1 1 1 1 0 1 0 1 1 1 0 0 1 0 1 0 0 0 0 1
250	28	1 1 1 0 0 1 0 0 1 0 0 0 0 1 0 1 0 1 0 1
250	14	1 1 1 1 1 1 0 1 1 0 0 1 0 1 0 0 0 1 0 1
250	12	1 1 1 1 1 1 0 1 1 0 0 0 0 1 1 1 0 1 0 1
250	6	1 1 1 1 0 1 0 0 1 0 1 0 0 0 0 0 0 1 0 1
250	12	1 1 1 1 0 1 0 1 1 0 0 0 0 0 0 1 0 0 0 1
250	21	1 1 1 1 0 1 1 1 1 0 0 0 1 1 0 0 0 1 0 1
250	10	1 1 1 0 0 1 1 1 1 0 1 0 1 0 0 0 0 1 0 1
250	13	1 1 1 1 0 1 0 1 1 0 0 0 0 1 1 1 0 1 0 1
250	18	1 1 1 1 0 1 0 1 1 1 1 0 1 1 0 0 0 1 0 1
250	3	1 1 1 1 0 1 1 1 1 0 0 0 0 0 0 0 0 1 0 0
250	1	1 1 1 1 0 1 0 1 1 0 0 0 1 1 0 1 0 0 0 1
250	6	1 1 1 1 1 1 0 1 1 0 0 1 0 1 0 0 0 1 1 1
250	2	1 0 0 1 0 1 0 1 1 0 0 0 0 0 0 0 0 1 0 0
250	5	1 1 1 0 0 1 0 1 1 0 1 1 0 0 0 0 0 0 0 0
250	2	1 1 1 1 0 1 0 1 1 1 0 0 1 0 1 0 0 1 0 1
250	8	1 1 1 1 0 1 0 1 1 1 0 0 1 0 0 1 0 0 0 1
250	7	1 1 1 0 0 1 0 1 1 0 0 0 1 0 0 0 0 0 0 0
250	16	1 1 0 0 0 1 0 1 1 0 0 0 0 1 0 1 0 0 0 1
250	2	0 1 1 1 0 1 0 0 1 1 0 0 1 0 0 0 0 1 0 1
250	8	1 1 1 1 1 1 0 1 1 0 0 0 0 0 0 0 0 1 0 0
250	2	1 0 1 1 0 1 0 1 1 1 0 0 0 0 0 1 0 0 0 0
250	3	1 1 1 1 0 1 0 0 1 0 0 0 0 1 1 1 1 0 0 1
250	15	1 1 1 0 0 1 0 0 1 1 0 0 1 1 0 0 0 1 1 1
250	14	1 1 1 1 0 1 0 0 1 0 0 0 1 0 1 1 0 0 0 1
250	3	1 1 1 0 0 0 0 1 1 0 0 0 1 0 1 1 0 0 0 1
250	2	1 1 1 0 0 1 0 1 1 1 0 0 1 1 0 0 0 1 0 1
250	2	1 1 1 1 0 1 0 0 1 0 0 0 0 1 0 1 0 0 0 0
250	2	1 1 1 0 0 1 0 0 1 0 0 0 0 0 0 0 0 1 0 0
250	1	1 1 0 0 0 1 0 0 1 0 0 0 0 1 0 1 0 0 0 1
250	1	0 1 1 0 0 1 0 1 1 1 0 0 0 0 0 0 0 0 0 1
250	10	1 1 1 1 0 1 0 0 1 1 0 0 0 0 0 0 0 1 0 1
250	3	1 1 1 1 0 1 0 1 0 1 0 0 1 0 1 0 0 0 0 1
250	1	1 1 1 1 0 1 0 1 1 0 0 0 1 0 0 0 0 1 0 1
250	4	1 1 1 0 0 1 0 0 1 0 0 1 0 0 0 0 0 0 0 1
250	4	1 1 0 1 0 1 1 1 1 0 0 0 0 0 0 1 0 1 0 1
250	2	1 1 1 1 1 1 0 0 1 1 0 0 1 0 0 0 0 1 0 1
250	13	1 1 0 1 0 1 0 0 1 1 0 0 1 0 0 0 0 1 0 1
250	2	1 0 1 1 0 1 0 1 1 1 0 0 1 0 0 0 0 0 0 0
250	13	1 1 1 1 0 1 0 1 1 0 0 0 0 0 0 0 0 0 1 0
250	1	1 1 1 1 0 1 1 1 1 0 0 0 0 1 1 1 0 0 0 1
250	2	1 1 1 1 0 1 0 1 1 0 0 0 1 0 0 0 0 0 0 1
250	2	1 1 1 1 0 1 1 1 1 0 0 0 0 0 0 0 0 1 0 1
250	3	1 1 1 1 0 1 0 0 1 1 0 0 0 1 0 1 0 0 0 1
250	8	1 0 0 0 0 1 0 1 1 0 0 0 0 1 1 1 0 0 0 1
250	5	1 0 1 1 0 1 0 1 1 1 0 0 1 0 1 0 0 0 0 1
250	3	1 1 1 1 0 1 0 1 1 0 0 0 1 0 1 0 0 0 0 1
250	8	1 1 1 1 0 1 0 1 1 1 0 0 0 0 1 0 0 0 0 1
250	2	1 1 0 0 0 0 0 1 1 0 0 0 0 1 1 1 0 1 0 1
250	2	1 0 1 0 0 1 0 1 1 0 0 0 0 1 0 1 0 1 0 1
250	4	1 1 1 1 0 1 0 1 1 1 0 1 1 0 1 0 0 0 0 1
250	1	1 1 1 1 1 0 0 1 1 0 0 1 0 1 0 0 0 1 0 1
250	3	1 1 0 0 0 1 0 1 1 0 0 0 0 1 0 0 0 0 0 1
250	2	0 1 1 1 0 1 0 0 1 0 0 0 1 0 0 0 0 1 0 1
250	1	1 1 1 0 0 1 0 1 1 0 0 1 0 0 0 0 0 0 0 0
250	2	1 1 1 1 1 1 0 1 1 1 0 0 0 0 0 0 0 0 0 1
250	2	1 1 1 1 0 1 0 1 1 1 0 0 0 0 0 1 0 1 0 1
250	1	1 1 1 1 0 1 0 0 0 1 0 0 1 0 0 0 0 1 0 1
250	5	1 1 1 1 1 1 0 1 1 0 0 0 0 0 1 0 0 0 0 0
250	4	1 1 1 0 0 1 0 1 1 0 0 0 0 1 0 0 0 0 0 1
250	2	0 1 1 1 0 1 0 1 1 1 0 0 0 0 0 1 0 0 0 1
250	1	1 1 1 1 0 1 0 0 1 1 0 0 1 0 1 0 0 0 0 1
250	7	1 1 1 1 0 1 0 1 1 1 0 0 0 1 0 1 0 0 0 1
250	1	1 1 1 0 0 1 0 0 1 0 0 0 0 0 0 0 0 1 0 1
250	5	1 1 1 0 0 0 0 1 1 0 0 0 0 1 0 1 0 0 0 1
250	3	1 1 1 1 1 1 0 1 1 0 0 0 0 0 1 1 0 1 0 1
250	1	1 1 1 1 1 0 0 1 1 0 0 1 0 1 0 0 0 1 0 0
250	1	1 1 0 0 1 1 0 1 1 0 0 0 1 0 1 1 0 1 0 1
250	7	1 1 1 1 1 1 0 1 1 0 0 0 0 1 0 1 0 0 0 1
250	1	1 1 1 1 0 1 0 1 1 1 1 0 1 1 0 1 0 0 0 0
250	1	1 1 1 1 0 1 0 0 1 0 0 0 0 1 0 0 0 0 0 1
250	1	1 1 1 0 0 1 0 1 1 0 0 0 0 0 0 0 0 0 0 0
250	4	1 1 0 1 0 1 0 1 1 0 0 0 1 0 0 0 0 0 0 0
250	1	1 1 1 1 0 1 0 1 1 0 0 0 0 0 0 1 1 1 0 1
250	2	1 1 0 1 0 1 0 1 1 1 1 0 1 1 0 0 0 1 0 1
250	2	1 1 1 1 0 1 0 1 1 1 0 0 1 0 0 1 0 0 0 0
250	4	1 0 1 1 0 1 0 1 1 1 0 0 1 0 0 1 0 0 0 0
250	1	1 1 1 1 1 1 0 1 0 0 0 0 0 0 1 0 0 0 0 0
250	2	1 1 1 1 1 1 0 1 1 0 0 0 0 0 0 0 0 0 0 1
250	2	1 1 1 0 0 1 0 1 1 1 0 0 0 1 1 1 0 0 0 1
250	3	1 1 1 0 0 1 0 1 1 0 0 0 0 0 0 1 0 0 0 1
250	5	1 1 0 0 0 1 0 1 1 0 0 0 0 0 0 1 0 1 0 1
250	1	1 1 0 0 0 1 0 0 1 0 0 0 0 1 0 1 0 1 0 1
250	3	1 1 1 0 0 1 0 0 1 0 1 0 0 1 0 1 0 1 0 1
250	2	1 1 1 1 0 0 0 1 1 0 0 0 0 0 0 1 0 0 0 1
250	4	1 0 1 1 0 1 0 1 1 0 0 0 0 0 0 0 0 1 0 0
250	2	0 1 1 1 0 1 0 0 1 0 0 0 0 0 0 0 0 1 0 1
300	51	1 1 1 1 0 1 0 1 1 0 0 0 0 0 0 0 0 0 0 1
300	9	1 1 1 0 0 1 0 0 1 0 0 0 0 1 0 1 0 0 0 1
300	26	1 1 1 1 0 1 0 1 1 0 0 0 0 1 0 1 0 0 0 1
300	5	1 1 1 1 0 1 0 1 1 1 0 0 0 0 0 0 0 0 0 1
300	100	1 1 1 1 0 1 0 1 1 0 0 0 0 0 0 0 0 0 0 0
300	35	1 1 1 1 0 1 0 1 1 0 0 0 0 1 1 1 0 0 0 1
300	22	1 1 1 1 1 1 0 1 1 0 0 0 0 0 0 0 0 0 0 0
300	9	1 1 1 1 0 1 0 1 1 1 0 0 1 0 0 0 0 0 0 1
300	39	1 1 1 1 0 1 0 1 1 0 0 0 1 0 0 0 0 0 0 0
300	8	1 1 1 1 0 1 0 1 1 1 0 0 1 0 1 0 0 0 0 1
300	14	1 1 1 1 0 1 0 0 1 0 1 0 0 0 0 0 0 1 0 1
300	15	1 1 1 1 0 1 0 1 1 0 0 0 0 0 0 1 0 0 0 1
300	9	1 1 1 1 0 1 1 1 1 0 0 0 1 1 0 0 0 1 0 1
300	20	1 1 1 1 1 1 0 1 1 0 0 0 0 0 0 0 0 0 0 1
300	19	1 1 1 0 0 1 0 1 1 0 0 0 0 0 0 1 0 0 0 1
300	47	1 1 1 1 0 1 1 1 1 1 0 0 1 0 0 1 0 0 0 0
300	5	1 1 1 1 0 1 0 0 1 0 0 0 0 0 0 0 0 1 0 1
300	52	1 1 1 1 0 1 0 1 1 0 0 0 0 0 0 0 0 1 0 1
300	8	1 1 1 1 0 1 0 1 1 1 0 0 1 0 0 1 0 0 0 1
300	7	0 1 1 1 0 1 0 0 1 0 1 0 0 0 0 0 0 1 0 1
300	61	1 1 1 1 0 1 0 1 1 0 0 0 0 1 1 0 0 0 0 1
300	3	1 1 1 1 1 1 0 1 1 1 0 0 0 0 0 0 0 0 0 1
300	5	1 1 1 1 0 0 0 1 1 0 0 0 0 1 0 0 0 1 0 1
300	22	1 1 1 1 0 1 0 1 1 0 1 0 0 0 0 1 0 1 0 1
300	18	1 1 1 1 0 1 0 1 1 0 0 0 1 0 0 0 0 0 1 0
300	3	1 1 1 1 0 1 0 1 0 1 0 0 1 0 1 0 0 0 0 1
300	11	1 1 1 1 1 1 0 1 1 0 0 0 0 1 0 1 0 0 0 1
300	1	1 1 1 1 0 1 1 1 1 0 1 0 0 0 0 0 0 1 0 1
300	2	1 1 1 1 0 1 0 0 1 1 1 0 1 0 0 0 0 1 0 0
300	13	1 1 1 0 0 0 0 0 1 0 0 0 0 1 0 1 0 0 0 1
300	7	1 1 1 1 0 0 0 1 1 0 0 0 1 0 0 1 0 0 0 1
300	1	1 1 1 1 0 1 0 0 1 0 0 1 0 1 0 1 0 0 0 1
300	11	1 1 1 1 0 1 0 1 1 1 0 0 0 0 0 0 1 0 0 1
300	5	1 1 0 1 0 1 0 1 1 0 0 0 0 0 0 1 0 0 0 1
300	1	1 1 1 1 0 1 0 1 1 0 0 0 1 0 0 1 0 0 0 0
300	8	1 0 1 1 0 1 0 1 1 0 1 0 0 0 0 0 0 1 0 1
300	10	1 1 1 1 0 1 1 1 1 0 0 0 0 0 0 0 0 0 0 0
300	11	1 1 1 1 0 0 0 1 1 0 0 0 0 0 0 0 0 1 0 1
300	6	1 1 1 1 0 1 0 1 1 1 0 0 0 0 0 0 0 0 1 0
300	1	0 1 1 1 0 1 1 1 1 1 0 0 1 0 0 1 0 0 0 0
300	3	1 1 1 1 0 1 1 0 1 0 0 0 1 1 0 0 0 1 0 1
300	10	1 1 1 1 0 1 0 1 1 0 0 0 0 0 0 0 0 1 0 0
300	9	1 0 1 1 0 1 0 1 1 1 0 0 1 0 0 1 0 0 0 1
300	3	1 1 1 1 0 1 0 0 1 1 1 0 0 0 0 0 0 1 0 1
300	8	1 1 1 1 0 1 0 1 0 0 0 0 0 1 0 1 0 0 0 1
300	12	1 1 1 1 0 1 0 1 0 0 0 0 1 0 0 1 0 0 0 1
300	2	1 1 1 1 1 1 0 1 0 0 0 0 1 0 0 0 0 0 0 0
300	25	1 1 1 1 0 1 0 1 1 0 0 0 0 1 1 1 0 1 0 1
300	4	1 1 1 1 0 1 0 1 1 0 0 0 0 1 0 1 1 0 0 1
300	4	1 1 1 1 0 0 0 1 1 0 0 0 0 0 0 1 0 0 0 1
300	2	1 1 1 1 0 1 0 1 0 0 0 0 1 0 1 0 0 0 0 1
300	6	0 1 1 1 0 1 0 1 1 1 0 0 0 0 0 0 0 1 0 1
300	8	1 1 1 1 0 1 1 0 1 0 0 0 0 0 0 1 0 1 0 1
300	1	1 1 1 0 0 1 0 1 1 0 0 0 1 0 0 1 0 0 0 0
300	3	1 0 1 1 0 1 0 1 1 0 0 0 0 0 0 0 0 0 0 1
300	15	1 1 1 0 0 1 0 1 1 0 0 0 0 1 0 1 0 0 0 1
300	1	1 1 1 0 0 1 0 1 1 0 0 0 1 0 0 1 0 0 0 1
300	17	1 1 1 1 1 1 1 1 1 0 1 0 0 0 0 0 0 1 0 1
300	2	1 1 0 1 0 1 0 1 1 0 0 0 0 0 0 0 0 0 0 0
300	3	1 1 1 1 0 1 0 1 1 0 0 0 0 1 1 0 0 1 0 1
300	4	1 1 0 1 1 1 0 1 1 1 0 0 1 0 0 1 0 0 0 1
300	8	0 1 1 1 0 1 0 0 1 1 1 0 0 0 0 0 0 1 0 1
300	1	1 1 1 1 0 0 0 1 1 0 0 0 0 1 0 0 0 0 0 0
300	3	1 1 1 0 0 1 0 1 1 0 0 0 0 0 0 0 0 0 0 0
300	12	1 1 1 0 0 1 0 1 1 1 0 0 0 0 0 1 0 0 0 1
300	3	1 1 1 1 1 1 0 1 1 0 0 0 1 0 0 0 1 0 0 0
300	5	1 1 1 1 0 1 0 1 1 0 0 0 0 1 1 0 0 0 0 0
300	16	1 1 1 1 0 1 0 0 0 0 0 0 1 0 0 1 0 0 0 1
300	1	1 0 1 1 0 1 0 0 1 0 1 0 0 0 0 0 0 1 0 1
300	3	1 1 1 1 1 1 1 1 1 0 1 0 0 1 0 0 0 1 0 1
300	2	0 1 1 1 0 1 0 1 1 0 0 0 0 1 1 1 0 0 0 1
300	2	1 0 1 1 0 1 0 1 1 0 0 0 0 0 0 1 0 0 0 1
300	3	1 1 0 1 0 1 0 1 1 0 0 0 0 1 0 1 0 0 0 1
300	2	1 1 1 1 0 1 0 1 1 0 1 0 0 1 1 1 0 0 0 1
300	1	1 1 1 1 0 1 0 1 1 0 0 1 0 1 1 1 0 0 0 0
300	5	1 1 1 1 1 1 0 1 1 0 0 0 0 0 0 0 0 0 1 0
300	3	1 1 1 1 1 1 1 1 1 1 0 0 1 0 0 1 0 0 0 0
300	3	1 1 1 1 1 1 0 0 1 1 0 0 0 0 0 0 0 0 0 1
300	6	1 1 1 1 0 1 0 1 1 1 0 0 0 1 0 0 1 0 0 1
300	4	1 1 1 1 0 1 0 1 1 0 0 0 0 1 1 1 0 0 1 1
300	3	1 1 0 0 0 1 0 1 1 0 0 0 0 0 0 1 0 0 0 1
300	1	1 0 1 1 0 1 0 1 1 0 0 0 0 1 1 0 0 0 0 1
300	4	1 1 1 1 0 1 1 1 1 1 1 0 1 1 0 1 0 0 0 0
300	2	1 1 1 1 0 1 0 0 1 1 1 0 1 0 0 0 0 0 0 1
300	1	1 1 0 1 0 1 0 1 1 1 0 0 1 0 1 0 0 0 0 1
300	2	1 1 1 1 0 1 0 0 1 0 1 0 0 0 0 0 0 1 1 1
300	1	1 1 1 1 0 1 1 1 1 0 0 0 1 1 0 0 0 0 0 1
300	1	1 0 1 1 0 1 1 1 1 1 0 0 1 0 0 1 0 0 0 1
300	4	0 0 1 1 0 1 0 1 1 1 0 0 1 0 0 1 0 0 0 1
300	1	1 1 1 1 0 1 0 1 1 0 1 0 0 0 1 0 0 0 0 0
300	1	1 1 1 1 0 1 0 1 1 0 0 0 1 0 0 0 1 0 0 0
300	1	1 1 1 0 0 0 0 0 1 0 0 0 0 1 0 1 0 0 0 0
300	5	0 1 1 1 0 1 0 1 1 1 0 0 0 0 0 0 0 1 0 0
300	4	0 1 1 1 1 1 0 1 1 0 0 0 0 0 0 0 0 0 0 0
300	4	1 1 1 1 0 1 1 1 1 1 0 0 1 0 1 0 0 0 0 1
300	3	1 1 1 1 0 1 0 1 0 0 0 0 0 0 0 1 0 0 0 1
300	6	1 1 1 1 1 1 0 1 1 0 0 0 0 0 0 1 0 0 0 1
300	1	1 1 1 1 0 1 0 1 1 1 0 0 0 1 1 0 0 0 0 1
300	2	1 1 1 1 1 0 0 1 1 0 0 0 1 0 0 1 0 0 0 1
300	1	0 1 1 1 0 0 0 1 1 1 0 0 0 0 0 0 0 1 0 1
300	2	1 1 1 1 0 0 1 1 1 0 1 0 0 0 0 0 1 1 0 1
300	3	1 1 1 1 0 1 1 1 1 1 1 0 1 1 0 1 1 0 0 0
300	2	1 1 1 1 0 1 0 1 1 1 0 0 1 0 0 1 0 0 0 0
300	3	0 1 1 1 0 1 0 1 1 0 0 0 1 0 0 0 0 0 0 0
300	1	1 1 1 1 0 1 1 1 1 0 0 0 0 0 0 0 0 0 0 1
300	1	1 1 1 1 0 1 0 1 0 0 0 0 1 0 0 0 0 1 0 1
300	2	1 1 1 1 0 1 0 1 1 0 0 0 0 1 0 0 0 0 0 1
300	1	1 1 1 1 1 1 0 1 1 0 1 0 0 0 0 0 0 0 0 1
300	2	1 0 1 0 0 1 0 1 1 0 0 0 0 0 0 1 0 0 0 1
300	2	1 1 0 1 0 1 1 1 1 1 0 0 1 0 0 1 0 0 0 0
300	2	1 1 1 1 0 1 0 1 1 0 0 0 0 0 0 0 0 1 1 1
300	2	1 1 1 1 0 1 0 1 1 1 1 0 0 0 0 1 0 1 0 1
300	1	0 1 1 1 0 1 0 1 1 0 0 0 0 1 1 1 0 1 0 1
300	2	1 1 1 0 0 1 0 1 0 0 0 0 0 1 0 1 0 0 0 1
300	1	1 0 1 0 0 1 0 1 1 1 0 0 0 0 0 1 0 0 0 1
350	20	1 1 1 1 0 1 0 1 1 0 0 0 0 0 0 0 0 0 0 1
350	76	1 1 1 1 0 1 0 1 1 0 0 0 0 0 0 0 0 0 0 0
350	9	1 1 1 1 1 1 0 1 1 0 0 0 0 0 0 0 0 0 0 0
350	30	1 1 1 1 0 1 0 1 1 0 0 0 1 0 0 0 0 0 0 0
350	9	1 1 1 1 0 1 0 1 1 0 0 0 0 0 0 0 0 1 0 1
350	18	1 1 1 1 0 1 0 1 1 0 0 0 1 0 0 0 0 0 1 0
350	1	1 1 1 1 1 1 0 1 1 0 0 0 0 1 0 1 0 0 0 1
350	3	1 1 1 1 0 1 0 1 0 0 0 0 1 0 0 1 0 0 0 1
350	10	1 1 1 1 0 1 0 1 1 0 0 0 0 1 1 1 0 1 0 1
350	48	1 1 1 1 1 1 1 1 1 1 0 0 1 0 0 1 0 0 0 0
350	88	1 1 1 1 0 1 0 1 0 0 0 0 0 0 0 0 0 0 0 0
350	22	1 1 1 1 0 1 0 1 1 0 0 0 0 1 1 1 1 0 0 1
350	10	1 1 1 1 0 1 0 1 1 0 0 1 0 0 0 0 0 0 0 1
350	6	1 1 1 1 0 1 0 1 1 0 1 0 0 0 0 1 0 1 0 0
350	19	1 1 1 1 1 1 0 1 0 0 0 0 1 0 0 0 0 0 0 1
350	7	1 1 1 1 0 1 0 1 1 1 0 0 0 1 1 0 0 0 0 0
350	13	1 0 1 1 0 1 1 0 1 0 0 0 0 0 0 0 0 0 0 0
350	12	1 1 1 1 0 0 0 1 1 0 1 0 0 0 0 1 0 0 0 1
350	31	1 1 1 1 1 0 0 1 1 0 0 0 0 0 0 0 0 0 0 0
350	17	1 1 1 1 1 1 0 1 1 1 0 0 0 1 1 0 0 0 0 0
350	20	1 1 1 1 0 1 1 1 1 0 0 0 0 0 0 1 0 1 0 1
350	2	0 1 1 1 0 1 1 1 1 1 0 0 0 1 1 0 0 0 0 1
350	2	1 1 1 1 0 1 0 1 1 0 0 0 1 0 0 1 0 0 0 0
350	8	1 1 1 1 0 1 0 1 1 0 1 0 0 0 0 1 0 0 0 1
350	47	1 1 1 1 0 1 0 1 1 0 0 0 1 1 0 0 0 1 0 0
350	4	1 1 1 1 0 1 0 1 1 0 0 0 0 0 1 0 0 0 0 1
350	1	1 1 1 1 0 1 1 1 1 0 0 0 1 0 0 0 0 0 0 1
350	31	1 1 1 1 0 1 0 1 1 0 0 0 1 0 0 0 0 0 0 1
350	1	1 1 1 1 0 1 0 0 1 0 1 0 0 0 0 1 0 1 0 0
350	12	1 1 1 1 0 0 0 1 1 0 1 0 0 0 1 1 0 0 0 1
350	3	1 0 1 1 0 1 0 1 1 0 0 0 0 1 1 0 0 0 0 1
350	2	1 1 1 1 0 0 0 1 1 1 0 0 1 0 0 1 0 0 0 0
350	51	1 1 1 1 0 0 0 1 1 0 0 0 0 1 0 0 0 0 0 1
350	2	1 1 1 1 0 1 0 1 1 1 0 0 0 0 0 1 1 0 0 1
350	13	1 1 1 1 0 0 0 1 1 0 1 0 0 0 0 1 0 0 0 0
350	2	1 0 0 1 0 1 0 1 1 0 0 0 0 0 0 0 0 0 0 1
350	17	1 1 1 1 1 1 0 1 1 1 0 0 0 1 1 0 0 0 0 1
350	9	1 1 1 1 0 1 0 1 0 0 0 0 0 1 0 0 0 0 0 0
350	5	1 1 1 1 0 1 0 1 0 0 0 0 0 1 1 1 1 0 0 1
350	1	1 1 1 1 0 1 0 1 0 0 0 0 1 0 0 0 0 0 0 1
350	1	1 1 1 1 0 1 0 1 1 0 0 0 0 1 1 0 0 0 0 0
350	2	1 1 1 1 1 1 1 1 1 1 1 0 1 0 0 1 1 0 0 0
350	1	1 1 1 1 0 1 1 1 1 0 1 0 1 0 0 0 0 0 0 1
350	15	1 1 1 1 1 1 1 1 1 0 0 0 1 0 0 1 0 0 0 0
350	9	1 1 1 1 1 1 0 1 1 0 1 0 0 0 0 0 1 0 0 0
350	2	1 1 1 1 0 1 0 1 1 0 0 0 0 0 0 0 1 0 0 0
350	8	1 1 1 0 0 1 0 1 0 0 0 0 0 1 1 0 0 0 0 1
350	17	1 1 1 1 0 1 0 1 0 0 0 0 1 0 0 1 1 0 0 1
350	1	1 1 1 1 0 1 0 1 0 0 0 0 0 0 0 1 0 0 0 0
350	2	1 1 1 1 0 1 0 1 1 0 1 0 0 0 0 0 1 0 0 0
350	2	1 1 1 1 0 0 0 1 1 0 1 0 0 0 0 0 0 0 0 0
350	2	1 1 1 1 1 1 1 1 0 0 0 0 1 0 0 0 0 0 0 1
350	3	1 1 1 1 0 1 1 0 1 0 0 0 1 0 0 0 0 0 0 0
350	2	1 1 1 1 1 1 0 1 1 0 1 0 1 0 0 0 0 0 0 1
350	2	1 1 1 1 0 1 1 1 1 0 0 0 0 0 1 0 0 0 0 0
350	7	1 1 1 1 0 1 0 1 1 0 0 1 0 0 0 1 0 0 0 1
350	1	1 1 1 1 0 1 1 1 1 0 1 0 0 0 0 1 0 1 0 1
350	4	1 1 1 1 0 0 0 1 0 0 0 0 0 1 0 0 0 0 0 1
350	4	1 1 1 1 0 1 0 1 1 1 0 0 1 0 0 1 1 0 0 0
350	2	1 1 1 1 0 1 0 1 1 1 0 0 0 0 0 0 0 0 0 0
350	18	1 1 1 1 0 1 0 1 1 1 0 0 1 0 0 0 0 0 0 0
350	1	1 1 1 1 0 1 0 1 0 0 0 0 1 1 0 0 0 1 0 0
350	2	1 1 1 1 1 1 0 1 0 0 0 0 0 0 0 0 0 0 0 0
350	6	1 1 1 1 0 1 1 1 1 0 0 0 0 1 1 1 0 0 0 1
350	33	1 1 1 1 0 1 0 1 1 0 0 0 0 1 0 0 0 0 0 0
350	16	1 1 1 1 0 0 0 1 1 0 0 0 0 0 0 0 0 1 1 0
350	7	1 1 1 1 0 0 1 1 1 0 0 0 0 0 1 0 0 0 0 0
350	6	1 1 1 1 0 1 1 1 1 0 0 0 0 0 0 0 0 1 0 1
350	7	1 1 1 1 0 0 0 1 0 0 0 0 0 1 0 0 0 1 0 0
350	1	1 1 1 1 0 1 0 0 1 1 0 0 0 1 1 0 0 0 0 0
350	1	1 1 1 1 1 1 1 1 1 0 1 0 0 0 0 1 0 1 0 1
350	2	1 1 1 1 1 1 0 1 1 0 0 0 0 0 0 0 1 0 0 0
350	12	1 1 1 1 0 1 0 1 0 0 0 0 0 0 0 0 0 0 0 1
350	2	1 1 1 1 0 1 0 1 1 0 0 0 1 0 0 0 1 0 0 0
350	5	1 1 1 1 0 1 0 1 0 0 0 0 1 0 0 0 0 0 0 0
350	6	1 1 1 1 0 0 0 1 1 1 1 0 0 0 0 1 0 0 0 1
350	2	1 1 1 1 1 1 0 0 1 1 0 0 0 1 1 0 0 0 0 1
350	16	1 1 1 1 0 1 1 1 1 0 0 0 0 0 0 0 1 0 0 0
350	6	1 1 1 1 1 1 1 1 0 0 0 0 0 0 0 0 0 0 0 1
350	4	1 1 1 1 0 1 0 1 1 0 0 0 1 1 0 0 0 1 0 1
350	4	1 0 1 1 0 1 0 1 1 0 0 0 0 0 0 0 0 0 0 0
350	1	1 1 1 1 0 1 0 1 1 0 0 0 0 1 1 1 0 1 0 0
350	4	1 1 1 1 0 1 1 1 1 0 0 0 0 0 0 0 0 0 0 0
350	3	1 0 1 1 0 1 0 1 0 0 0 0 0 0 0 0 0 0 0 0
350	2	1 1 1 1 1 0 0 1 1 0 0 0 0 0 0 0 0 0 0 1
350	1	1 1 1 1 1 1 1 1 1 1 0 0 1 0 0 1 0 0 1 0
350	2	1 1 1 1 1 0 0 1 1 0 1 0 0 0 0 1 0 0 0 1
350	6	1 1 0 1 0 0 0 1 1 0 1 0 0 0 1 1 0 0 0 1
350	1	1 1 1 1 0 1 0 1 1 1 0 0 0 0 0 1 1 1 0 1
350	2	1 1 1 1 0 1 1 1 0 1 0 0 0 1 1 0 0 0 0 0
350	4	1 1 1 1 1 1 1 1 1 0 0 0 1 0 0 1 0 0 0 1
350	3	1 1 1 1 0 1 0 1 1 0 0 0 1 0 0 0 0 1 0 0
350	2	1 1 1 1 0 1 0 1 1 0 0 0 1 1 0 0 0 0 0 0
350	4	1 1 1 1 0 1 0 1 1 0 1 0 0 0 0 0 0 0 0 0
350	3	1 1 1 1 0 1 0 1 1 0 0 0 0 0 0 0 0 1 0 0
350	1	1 1 1 1 0 1 0 1 1 0 0 0 0 0 1 1 0 1 0 1
350	3	1 1 1 1 0 1 0 1 1 0 0 0 0 1 1 0 1 0 0 1
350	2	1 1 1 1 0 0 0 1 1 0 1 0 0 0 1 1 1 0 0 1
350	1	1 0 0 1 0 0 0 1 1 0 0 0 0 0 0 0 0 0 0 1
350	2	1 1 1 1 0 1 0 1 1 0 0 1 0 0 0 0 0 0 0 0
350	4	1 1 1 1 1 1 0 1 1 1 0 0 0 1 0 0 0 0 0 1
350	2	1 1 1 1 1 1 1 1 1 1 0 0 1 0 1 1 0 0 0 0
350	2	1 1 1 0 0 1 0 1 1 0 0 0 1 1 0 0 0 1 0 0
350	2	0 1 1 1 0 1 1 1 1 0 0 0 0 0 0 0 1 0 0 0
350	1	1 1 1 1 0 1 1 1 1 0 0 0 0 0 0 0 1 0 0 1
350	1	1 1 1 1 0 1 0 1 1 0 0 0 0 0 0 1 0 1 0 1
350	1	1 1 1 1 0 1 0 1 0 0 0 0 0 1 1 0 0 0 0 0
350	1	1 1 1 1 0 1 0 0 1 1 0 0 0 1 1 0 0 0 0 1
350	2	1 1 1 1 1 0 0 1 1 0 1 0 1 0 0 1 0 0 0 0
350	1	1 1 1 1 0 0 0 1 1 0 0 0 0 0 0 0 0 0 0 0
350	2	1 1 0 1 0 1 0 1 1 0 0 0 1 0 0 0 0 0 0 0
350	1	1 1 1 1 0 1 0 1 1 0 1 0 1 0 0 0 0 0 1 0
350	1	1 1 1 1 1 1 1 1 1 1 0 0 1 0 0 1 0 0 0 1
350	1	1 1 1 1 0 1 1 1 1 0 0 0 1 1 0 0 0 1 0 0
350	1	1 1 1 1 0 0 0 1 1 0 0 0 0 0 1 0 0 0 0 1
350	1	1 1 1 1 0 0 0 1 1 0 0 0 0 1 1 0 0 0 0 1
350	1	0 1 1 1 0 1 0 1 0 0 0 0 0 0 0 0 0 1 0 0
350	1	1 1 1 1 0 0 0 1 0 0 0 0 0 1 0 1 0 0 0 1
350	1	0 1 1 1 1 1 1 1 1 1 1 0 1 0 0 1 1 0 1 0
400	6	1 1 1 1 0 1 0 1 1 0 0 0 0 0 0 0 0 0 0 1
400	64	1 1 1 1 0 1 0 1 1 0 0 0 0 0 0 0 0 0 0 0
400	31	1 1 1 1 1 1 1 1 1 1 0 0 1 0 0 1 0 0 0 0
400	37	1 1 1 1 0 1 0 1 0 0 0 0 0 0 0 0 0 0 0 0
400	51	1 1 1 1 1 0 0 1 1 0 0 0 0 0 0 0 0 0 0 0
400	6	1 1 1 1 0 1 1 1 1 0 0 0 0 0 0 1 0 1 0 1
400	3	0 1 1 1 0 1 1 1 1 1 0 0 0 1 1 0 0 0 0 1
400	15	1 1 1 1 0 1 0 1 1 0 0 0 1 1 0 0 0 1 0 0
400	71	1 1 1 1 0 0 0 1 1 0 0 0 0 1 0 0 0 0 0 1
400	4	1 1 1 1 0 1 0 1 1 0 0 0 0 1 1 0 0 0 0 0
400	31	1 1 1 1 0 0 0 1 1 0 1 0 0 0 0 0 0 0 0 0
400	2	1 1 1 1 0 1 0 1 1 0 0 0 0 1 0 0 0 0 0 0
400	11	1 1 1 1 0 0 0 1 1 0 0 0 0 0 0 0 0 1 1 0
400	7	1 1 1 1 0 1 0 1 0 0 0 0 0 1 1 0 0 0 0 0
400	38	1 1 1 1 0 0 0 1 1 0 0 0 0 0 0 0 0 0 0 0
400	1	1 1 1 1 0 1 1 1 1 0 0 0 0 0 0 0 0 0 0 1
400	13	1 1 1 1 0 1 0 0 1 0 0 0 0 0 0 0 0 0 0 0
400	3	1 1 1 1 0 1 1 1 1 0 0 0 0 0 0 1 0 0 0 1
400	9	1 1 1 0 0 0 0 1 0 0 0 0 0 1 0 0 0 1 0 0
400	23	1 1 1 1 0 1 0 1 0 0 0 0 1 0 0 1 0 0 0 0
400	7	1 1 1 1 0 0 0 1 0 0 0 0 0 0 0 0 0 0 0 1
400	4	1 1 1 1 0 0 0 1 1 0 0 0 1 1 0 0 0 0 0 1
400	19	1 0 1 1 0 1 0 1 1 0 0 0 1 0 0 0 0 0 0 0
400	6	1 1 1 1 1 1 0 1 1 0 0 0 0 0 0 0 0 0 0 0
400	3	1 1 1 1 1 0 0 1 1 0 0 0 0 1 0 0 0 0 0 0
400	10	1 1 1 1 0 1 0 1 0 1 0 0 0 0 0 0 0 0 0 0
400	8	1 1 1 1 0 1 1 1 0 0 0 0 0 1 0 0 0 0 0 0
400	8	1 1 1 1 1 0 0 1 1 0 0 0 0 1 0 0 0 0 1 0
400	24	1 1 0 1 1 1 1 1 0 0 0 0 1 0 0 0 0 0 0 1
400	16	1 1 1 1 0 1 1 1 0 0 0 0 1 0 0 1 0 0 0 0
400	18	1 1 1 1 0 1 0 1 0 0 1 0 0 0 0 0 0 0 0 0
400	9	1 1 1 1 1 1 1 1 1 1 0 1 1 0 0 1 0 0 0 0
400	15	1 1 1 0 1 0 0 1 1 0 0 0 0 0 0 0 0 0 0 0
400	4	1 1 1 1 0 1 0 1 1 0 0 1 0 1 1 0 0 0 0 0
400	5	1 1 1 1 0 0 0 1 1 0 0 0 0 1 0 0 0 0 0 0
400	2	1 1 1 1 0 1 0 1 1 0 0 0 1 0 0 1 0 0 0 0
400	1	1 1 1 1 0 1 1 1 0 0 0 0 1 0 0 1 0 0 0 1
400	12	1 1 1 1 0 1 0 1 1 0 0 0 0 0 0 0 0 1 0 0
400	8	1 1 1 1 0 1 1 1 1 0 0 0 0 0 0 1 0 1 1 1
400	6	1 1 1 1 0 0 0 1 0 0 1 0 0 0 0 1 0 0 0 1
400	1	1 1 1 1 0 1 1 1 1 0 0 0 0 1 0 0 0 1 1 0
400	3	1 1 0 1 1 1 1 1 0 0 0 0 0 0 1 0 0 0 0 0
400	8	1 1 1 1 0 1 1 1 1 0 0 0 0 1 0 1 0 0 0 1
400	2	1 1 0 1 0 1 1 1 1 0 0 0 0 0 0 0 0 0 0 1
400	5	1 1 1 1 1 1 0 1 1 0 0 0 0 0 1 0 0 0 0 0
400	2	1 1 1 1 0 0 0 1 1 0 0 0 0 0 0 0 0 0 0 1
400	2	1 1 1 0 0 0 0 1 0 0 0 0 0 1 0 0 0 0 0 0
400	5	1 1 1 1 0 1 0 0 1 0 0 0 1 0 0 0 0 1 0 0
400	2	1 1 1 1 1 0 0 1 1 0 0 0 0 1 0 1 0 0 0 1
400	17	1 1 0 1 0 0 0 1 1 0 0 0 0 1 0 0 0 0 0 1
400	9	1 1 1 1 0 1 0 1 1 0 0 0 0 0 1 1 0 0 0 1
400	22	1 1 1 1 0 1 0 1 1 0 0 0 0 0 0 0 0 1 1 0
400	9	1 1 1 1 1 0 0 1 1 0 0 0 0 0 0 0 0 1 1 0
400	1	1 1 1 1 1 1 0 1 1 0 0 0 1 0 0 1 0 0 0 0
400	7	1 1 1 1 0 1 0 1 1 0 1 0 0 0 0 0 0 0 0 0
400	30	1 1 1 1 0 0 1 1 1 0 1 0 0 0 0 0 0 0 0 0
400	5	1 1 1 1 0 0 1 1 1 0 0 0 0 1 0 0 0 0 0 1
400	8	1 1 1 1 0 0 0 1 1 0 0 0 0 1 1 0 0 0 0 0
400	7	1 1 1 1 0 1 0 1 0 0 0 0 0 0 0 0 0 1 0 0
400	14	1 1 1 1 0 1 0 1 0 0 0 0 0 0 1 0 0 0 0 0
400	5	1 1 1 1 0 1 0 1 1 0 0 0 0 1 1 0 0 0 0 1
400	4	1 1 1 0 0 0 0 1 0 0 0 0 1 0 0 1 0 0 0 0
400	5	1 0 1 1 0 0 0 1 1 0 0 0 0 0 0 0 0 0 0 0
400	7	1 1 1 1 0 1 1 1 0 0 0 0 1 1 0 1 0 0 0 0
400	6	1 1 1 0 0 1 0 1 1 0 0 0 0 0 0 0 0 0 0 0
400	1	1 1 0 1 0 1 0 1 0 0 0 0 1 0 0 1 0 0 0 0
400	4	1 1 1 1 0 1 0 1 1 0 0 0 0 0 0 1 0 0 0 0
400	4	1 1 1 1 1 0 0 1 1 1 0 0 0 0 0 0 0 0 0 0
400	1	1 1 1 1 0 1 1 1 1 0 0 0 0 0 0 0 0 1 0 1
400	2	1 1 1 1 0 1 0 0 1 0 0 0 1 1 0 0 0 1 0 0
400	5	1 1 1 1 0 1 0 1 0 0 0 0 0 1 0 0 0 0 0 0
400	2	1 1 1 1 0 1 1 1 1 0 0 0 1 1 0 1 0 0 0 1
400	9	1 1 1 1 1 0 0 1 1 0 0 0 0 1 0 0 0 0 0 1
400	15	1 1 1 1 1 0 0 1 1 0 0 0 0 0 1 0 0 0 0 0
400	2	1 1 1 1 0 1 0 1 0 0 1 0 0 0 0 1 0 0 0 1
400	5	1 1 1 1 0 0 0 1 1 0 0 0 1 0 0 1 0 0 0 0
400	1	1 1 0 1 1 1 0 1 0 0 0 0 0 1 1 0 0 0 0 0
400	4	1 1 0 1 0 0 0 1 0 0 0 0 1 1 0 1 0 0 0 0
400	5	1 1 1 1 1 0 0 1 1 0 0 0 1 0 0 0 0 0 0 0
400	1	1 1 1 1 0 1 0 1 0 0 0 0 0 1 1 1 0 0 0 0
400	2	1 1 1 1 0 0 0 1 1 0 0 1 0 1 0 0 0 0 0 0
400	1	0 1 1 1 0 1 1 1 1 1 1 0 0 1 1 0 0 0 0 1
400	3	1 1 1 1 0 1 1 1 1 1 0 0 0 0 0 0 0 0 0 1
400	1	1 0 1 1 0 1 1 1 0 0 0 0 1 1 0 1 0 0 0 0
400	2	1 1 0 1 1 1 0 1 1 0 0 0 0 0 0 0 0 0 0 0
400	2	0 1 1 1 1 0 0 1 1 0 1 0 0 0 0 1 0 0 0 0
400	10	1 1 1 1 0 1 0 1 0 1 0 1 0 0 0 0 0 0 0 0
400	1	1 1 1 1 0 0 0 1 0 0 1 0 0 0 0 0 0 0 0 0
400	1	1 1 1 0 0 1 0 1 1 0 0 1 0 1 1 0 0 0 0 0
400	2	1 1 1 0 0 0 0 1 0 0 0 0 0 0 0 0 0 0 0 0
400	2	1 1 1 1 0 1 1 1 0 0 0 0 1 0 0 0 0 0 0 0
400	5	1 1 1 1 0 1 0 1 1 1 0 0 0 0 0 0 0 0 0 0
400	1	1 1 1 1 0 0 0 1 1 0 1 0 0 1 0 0 0 0 0 1
400	9	1 0 1 1 0 1 0 1 1 0 0 0 0 0 0 0 0 0 0 0
400	2	1 1 1 1 0 1 1 0 0 0 0 0 1 0 0 1 0 0 0 1
400	2	1 1 1 1 0 1 1 1 1 0 1 0 1 1 0 1 0 0 0 1
400	1	1 1 1 1 0 0 1 1 1 0 1 0 0 0 0 1 0 1 1 1
400	2	1 1 1 1 1 1 0 1 1 0 0 0 0 0 0 0 0 0 0 1
400	5	1 1 1 1 1 0 0 1 1 0 0 0 0 0 0 0 0 0 1 0
400	1	1 0 1 1 0 1 1 1 1 0 0 0 0 0 0 1 0 1 0 1
400	7	1 1 1 0 0 1 0 1 0 0 0 0 1 0 0 1 0 0 0 0
400	13	1 1 1 1 0 0 0 1 1 0 0 1 1 1 0 0 0 0 0 1
400	1	1 1 1 1 0 0 0 1 0 0 1 0 1 0 0 0 0 0 0 0
400	1	1 1 1 1 1 0 0 1 1 0 0 0 0 0 0 1 0 0 0 0
400	4	1 1 0 1 0 1 0 1 1 0 1 0 0 0 0 0 0 0 0 0
400	1	1 1 1 1 0 1 0 1 1 0 0 0 0 0 1 0 0 0 0 0
400	1	1 1 1 1 0 1 0 1 1 0 0 1 0 0 0 0 0 0 0 0
400	2	1 1 1 1 1 1 1 1 1 1 0 0 1 0 0 1 0 1 0 0
400	1	1 1 0 1 0 1 1 1 1 0 0 0 1 0 0 0 0 0 0 1
400	4	1 1 1 1 0 1 1 1 1 0 0 0 0 0 0 0 0 1 0 0
400	4	1 0 1 1 1 0 0 1 1 0 0 0 0 0 1 0 0 0 0 0
400	1	1 0 1 1 0 1 0 1 1 0 1 0 0 0 0 0 0 0 0 0
400	1	1 1 1 1 1 1 0 1 1 0 0 0 0 1 0 0 0 0 0 1
400	1	1 1 1 1 0 1 0 1 0 0 0 0 0 0 0 0 0 0 1 0
400	1	1 1 1 1 1 0 0 0 1 0 0 0 0 0 0 0 0 0 0 0
400	1	1 1 1 1 1 0 0 1 1 0 0 0 0 0 0 0 0 1 0 0
400	1	1 1 1 0 0 1 1 1 0 0 0 0 1 0 0 1 0 0 0 0
400	6	1 1 0 1 0 0 0 1 1 0 0 0 0 1 0 0 0 0 0 0
400	1	1 1 1 1 1 1 0 1 1 0 0 0 0 0 0 0 0 1 1 0
400	7	0 1 1 1 0 1 1 1 1 0 0 0 0 0 0 0 0 0 0 0
400	3	1 1 1 1 0 0 1 1 0 0 0 0 1 0 0 0 0 0 0 0
400	2	1 1 1 1 0 1 0 1 0 0 0 0 0 0 0 1 0 0 0 0
400	3	1 1 1 1 0 0 0 1 1 0 0 0 0 1 0 1 0 0 0 0
400	2	1 1 1 1 0 0 0 1 0 0 0 0 0 0 0 0 0 1 0 0
400	1	1 1 1 1 0 0 0 1 1 0 0 0 0 1 0 0 0 1 0 0
400	1	1 1 1 1 0 0 1 1 1 0 1 0 0 1 0 0 0 0 0 1
400	4	1 1 1 1 0 1 0 1 1 1 0 0 1 0 0 0 0 0 0 0
400	2	1 1 1 1 0 1 0 1 1 0 0 0 0 1 0 0 0 0 0 1
400	1	1 1 1 1 0 0 0 1 1 1 0 0 0 1 0 0 0 0 0 1
400	1	1 1 1 1 0 1 0 1 1 1 0 0 0 1 1 0 0 0 0 0
400	1	1 1 1 1 0 0 0 1 1 0 0 0 0 0 0 0 0 0 1 0
400	1	1 1 1 1 0 1 0 1 1 0 0 0 0 1 0 0 0 1 0 0
400	1	1 1 1 1 1 1 0 1 1 0 1 0 0 0 1 0 0 0 0 0
400	1	1 1 1 1 0 1 0 1 1 0 1 0 0 0 0 0 0 1 1 0
400	1	1 1 1 1 0 0 1 1 1 0 0 1 0 1 0 0 0 0 0 1
400	2	1 1 1 0 1 0 0 1 1 0 0 0 0 0 1 0 0 0 0 0
400	1	1 1 1 1 0 0 1 1 1 0 1 0 1 1 0 1 0 0 0 1
450	55	1 1 1 1 0 1 0 1 1 0 0 0 0 0 0 0 0 0 0 0
450	11	1 1 1 1 1 1 1 1 1 1 0 0 1 0 0 1 0 0 0 0
450	22	1 1 1 1 0 1 0 1 0 0 0 0 0 0 0 0 0 0 0 0
450	53	1 1 1 1 1 0 0 1 1 0 0 0 0 0 0 0 0 0 0 0
450	60	1 1 1 1 0 0 0 1 1 0 0 0 0 1 0 0 0 0 0 1
450	14	1 1 1 1 0 0 0 1 1 0 1 0 0 0 0 0 0 0 0 0
450	16	1 1 1 1 0 0 0 1 1 0 0 0 0 0 0 0 0 0 0 0
450	2	1 1 1 1 0 1 1 1 1 0 0 0 0 0 0 1 0 0 0 1
450	9	1 1 1 1 0 1 0 1 0 0 1 0 0 0 0 0 0 0 0 0
450	21	1 1 1 1 0 0 0 1 1 0 0 0 0 1 0 0 0 0 0 0
450	12	1 1 1 0 0 0 0 1 0 0 0 0 0 1 0 0 0 0 0 0
450	27	1 1 1 1 0 1 0 1 1 0 1 0 0 0 0 0 0 0 0 0
450	38	1 1 1 1 0 0 1 1 1 0 1 0 0 0 0 0 0 0 0 0
450	1	1 1 1 0 0 1 0 1 1 0 0 0 0 0 0 0 0 0 0 0
450	12	1 1 1 1 0 0 0 1 1 0 0 0 1 0 0 1 0 0 0 0
450	10	1 1 1 1 0 0 0 1 1 0 1 0 0 0 0 0 0 1 0 0
450	11	1 1 1 1 0 0 0 1 1 0 0 0 0 0 0 0 0 1 0 0
450	16	1 1 1 1 0 1 0 1 0 0 0 0 0 1 1 0 0 1 0 0
450	5	1 0 1 1 0 0 1 1 1 0 1 0 0 0 0 0 0 0 0 0
450	1	1 1 1 1 1 1 0 1 1 0 0 0 0 1 1 0 0 0 0 1
450	7	1 1 0 1 0 1 0 1 0 0 1 0 0 0 0 0 0 0 0 0
450	23	1 1 1 1 0 0 0 1 1 1 0 0 1 0 0 1 0 0 0 0
450	12	1 1 1 1 0 0 1 1 1 1 1 0 0 0 0 0 0 0 0 0
450	14	1 1 1 1 0 1 0 1 0 1 1 0 0 0 0 0 0 0 0 0
450	27	1 1 1 0 0 0 0 1 1 0 1 0 0 0 0 0 0 0 0 0
450	3	1 1 1 1 0 0 1 1 1 1 1 0 1 0 0 0 0 0 0 0
450	1	1 1 0 1 1 1 0 1 1 0 0 0 0 1 0 1 0 0 0 0
450	1	1 1 1 1 0 1 0 1 1 0 0 1 0 0 0 0 0 0 0 0
450	47	1 1 1 1 0 0 0 1 0 0 0 0 1 0 0 1 0 0 0 0
450	5	1 1 1 1 0 1 0 1 1 0 0 0 0 0 1 0 0 0 0 0
450	14	1 1 1 1 0 1 0 1 1 0 1 0 0 0 0 0 0 1 0 0
450	1	1 1 1 0 1 0 0 1 1 0 0 0 0 1 0 0 0 0 0 1
450	40	1 1 1 1 0 0 0 1 1 0 0 0 1 1 0 1 0 0 0 0
450	18	1 1 1 0 0 0 0 1 0 0 0 0 1 1 0 0 0 0 0 0
450	22	1 1 1 0 0 1 0 1 0 0 1 0 1 0 0 0 0 0 0 0
450	13	1 1 1 1 0 1 0 1 0 1 0 0 1 0 0 0 0 0 0 0
450	29	1 1 1 1 1 0 0 1 0 1 0 0 0 1 0 0 0 0 1 0
450	4	1 1 1 1 1 0 0 0 1 0 0 0 0 0 0 0 0 0 0 0
450	2	1 1 1 1 1 0 0 1 1 0 0 0 0 1 0 0 1 0 0 0
450	3	1 1 1 1 1 1 1 1 1 1 0 0 1 0 0 1 1 0 0 0
450	6	1 1 1 1 1 0 0 1 1 0 0 1 0 1 0 0 0 0 0 0
450	4	1 1 1 1 1 0 0 1 0 0 0 0 0 0 0 0 0 0 0 0
450	4	1 1 0 1 0 0 1 1 1 0 1 0 0 0 0 0 0 0 0 0
450	12	1 1 1 1 0 1 0 1 1 0 0 0 0 1 0 0 0 0 0 1
450	6	1 1 1 1 1 1 1 1 0 0 0 0 0 1 0 0 0 0 0 1
450	2	1 1 1 1 0 0 0 1 0 0 0 0 0 1 0 0 0 0 0 1
450	3	1 1 1 1 0 1 0 1 1 0 0 0 0 0 0 0 0 1 0 0
450	1	0 1 0 1 0 1 0 1 1 0 1 1 0 0 0 0 0 0 0 1
450	3	1 1 1 1 0 0 0 1 0 1 1 0 1 0 0 0 0 0 0 0
450	2	1 1 1 1 1 1 1 1 1 1 1 0 1 0 0 1 0 0 0 0
450	2	1 1 1 1 0 0 0 1 1 0 0 1 0 0 0 0 0 1 0 0
450	5	1 1 1 0 0 0 0 1 1 0 0 0 0 0 0 0 0 0 0 0
450	3	1 1 1 0 0 0 0 1 1 0 1 0 0 0 0 1 0 0 0 0
450	1	1 1 1 1 0 1 0 1 1 0 0 0 1 0 0 0 0 0 0 0
450	2	1 1 1 1 0 0 0 1 1 0 0 0 0 1 0 0 1 0 0 1
450	6	0 1 1 1 0 0 0 1 1 0 0 0 0 0 0 0 0 0 0 0
450	11	1 1 1 1 0 0 0 1 1 0 1 1 0 0 0 0 0 1 0 0
450	4	1 0 1 1 0 0 1 0 1 0 1 0 0 0 0 0 0 0 0 0
450	3	1 1 1 1 0 0 1 1 0 1 1 0 1 0 0 0 0 0 0 0
450	8	1 1 1 1 0 0 0 1 1 0 0 0 0 0 0 1 0 0 1 0
450	1	1 1 1 0 0 1 1 1 1 1 0 0 1 0 0 1 0 0 0 0
450	4	1 1 1 1 1 1 1 1 1 0 0 0 1 0 0 1 0 0 0 0
450	5	1 1 1 1 0 0 1 1 1 0 0 1 0 0 0 0 0 0 1 0
450	2	1 1 1 1 1 0 0 0 1 0 0 0 0 1 0 0 0 0 1 0
450	1	1 1 0 1 0 1 0 1 1 0 0 0 0 0 0 0 0 0 0 0
450	7	1 1 1 1 0 1 0 1 1 0 0 0 0 0 0 0 1 0 0 0
450	1	1 1 0 1 0 1 0 1 0 0 1 0 0 1 0 0 0 0 0 0
450	13	1 1 1 1 0 0 0 1 0 0 1 0 1 0 0 0 0 0 0 0
450	1	1 1 1 0 0 0 0 1 1 0 0 0 0 0 0 0 0 1 0 1
450	8	1 1 0 1 0 0 0 1 1 0 0 0 0 1 0 0 0 0 0 1
450	4	1 1 1 1 0 1 0 1 1 0 1 1 0 0 0 0 0 0 0 0
450	4	1 1 1 1 0 1 0 0 0 1 1 0 0 0 0 0 0 0 0 0
450	3	1 1 1 1 0 0 0 1 0 0 0 0 1 0 0 1 0 1 0 0
450	7	1 0 1 1 0 0 0 1 1 0 0 0 0 0 0 1 0 0 1 0
450	2	1 1 1 0 0 0 0 1 0 0 0 0 0 1 0 0 0 0 0 1
450	1	0 1 1 0 0 0 0 1 0 0 0 0 0 1 0 0 0 0 0 0
450	8	1 1 1 1 0 0 0 1 1 0 0 0 1 0 1 1 0 0 0 0
450	11	1 1 1 1 0 0 0 1 0 0 0 0 1 0 0 1 0 0 0 1
450	1	0 1 1 1 0 1 1 1 1 0 1 0 0 0 0 0 0 0 0 1
450	6	1 1 1 1 0 0 0 1 1 0 0 0 0 0 0 0 0 0 1 0
450	4	1 1 1 1 0 0 0 1 1 0 1 0 0 1 0 0 0 0 0 0
450	4	1 1 1 1 1 0 1 1 1 0 1 0 0 0 0 0 0 0 0 0
450	4	0 1 1 1 0 1 0 1 1 0 0 0 0 0 1 0 0 0 0 0
450	1	1 1 1 0 1 0 0 1 1 0 0 0 1 0 0 1 0 0 0 0
450	1	1 1 1 1 1 1 1 0 1 1 0 0 1 0 0 1 0 0 0 0
450	9	1 1 1 1 1 1 0 1 1 0 0 0 0 0 0 0 0 0 0 0
450	9	1 1 1 1 0 0 0 1 0 0 0 0 0 1 0 0 0 0 0 0
450	1	1 1 1 0 0 1 0 1 1 0 0 0 0 0 1 0 0 0 0 0
450	3	1 1 1 0 1 1 0 1 1 0 0 0 0 1 1 0 0 0 0 1
450	1	1 1 0 1 0 0 0 1 0 0 0 0 0 1 0 0 0 0 0 1
450	1	0 1 1 1 1 0 0 1 1 0 0 0 0 0 0 0 0 0 0 0
450	2	1 1 1 1 0 0 0 1 1 0 1 0 1 1 0 1 0 0 0 0
450	8	1 0 1 1 0 0 0 1 1 0 0 0 0 0 0 1 0 1 0 0
450	3	1 1 1 1 1 0 1 1 1 0 0 0 0 0 0 0 0 0 0 0
450	1	1 1 1 1 1 0 0 1 1 0 0 0 0 0 0 0 0 0 0 1
450	2	1 1 1 0 0 0 0 1 0 0 0 0 0 0 0 0 0 1 0 1
450	2	1 1 1 0 0 1 0 1 0 0 1 0 1 0 0 0 0 1 0 0
450	1	1 1 1 1 0 1 0 1 0 0 0 0 0 0 0 0 1 0 0 0
450	4	0 1 1 1 0 1 0 1 1 0 1 0 0 0 0 0 0 0 0 0
450	3	1 1 1 0 0 0 0 1 1 0 1 0 0 0 1 0 0 0 0 0
450	5	1 1 1 1 1 0 0 1 0 0 0 0 1 0 0 1 0 0 0 0
450	8	1 1 1 1 0 1 0 0 1 0 1 0 0 0 0 0 0 1 0 0
450	1	1 1 1 1 0 1 0 1 1 0 1 0 0 0 0 0 0 1 1 0
450	3	1 1 1 1 1 0 0 0 1 0 0 0 0 0 0 0 0 1 0 0
450	1	1 1 0 1 1 1 0 1 1 0 0 0 0 0 0 0 0 1 0 0
450	1	1 1 1 0 0 0 0 1 0 0 1 0 0 0 0 0 1 0 0 0
450	2	0 1 1 1 1 0 0 1 0 0 0 0 0 1 0 0 0 0 0 0
450	2	1 0 1 1 0 1 0 1 1 0 1 0 0 0 0 0 0 0 0 0
450	2	1 1 1 1 0 0 1 1 1 0 1 0 0 0 0 1 0 0 0 0
450	4	1 1 1 1 0 0 0 1 1 0 1 0 1 0 0 0 0 1 0 0
450	3	1 1 0 0 1 1 0 1 1 0 0 0 0 1 0 1 0 0 0 0
450	2	1 1 1 1 0 0 0 1 1 0 0 0 1 1 0 0 0 0 0 0
450	2	1 1 1 1 1 0 0 1 0 1 0 0 0 1 0 0 0 0 0 0
450	2	0 1 1 1 0 0 0 1 1 0 1 1 0 0 0 0 0 1 0 0
450	2	1 1 1 1 0 1 0 1 0 0 0 0 1 1 0 0 0 0 0 0
450	1	1 1 1 1 0 1 0 1 0 0 1 0 0 1 0 0 0 0 0 0
450	3	1 1 1 1 0 1 0 1 1 0 0 0 1 1 0 1 0 0 0 0
450	1	1 0 1 1 0 0 1 1 1 0 1 0 0 0 0 0 0 0 1 0
450	1	1 1 1 1 0 0 0 1 1 0 0 0 1 0 0 0 0 0 0 0
450	1	1 1 1 1 0 1 0 1 0 1 0 0 1 0 0 1 0 0 0 0
450	1	0 1 1 1 0 1 0 1 1 0 1 0 1 1 0 0 0 0 0 0
450	2	1 1 1 1 0 1 0 1 0 0 0 0 0 0 0 0 0 1 0 0
450	1	1 1 1 1 0 0 0 1 1 1 0 0 0 1 0 0 0 0 0 1
450	1	1 1 1 1 0 0 0 1 1 0 0 0 0 1 0 1 0 0 0 1
450	1	1 1 1 1 0 0 0 1 1 0 1 0 0 1 0 0 0 0 0 1
450	1	1 1 1 1 0 0 0 0 1 0 0 0 0 0 0 0 0 0 0 0
450	1	1 1 1 1 0 0 1 1 1 0 0 0 0 1 0 0 0 0 0 0
450	2	1 1 1 1 0 0 0 1 1 0 0 0 0 1 0 1 0 0 0 0
450	2	1 1 1 1 0 0 1 1 1 0 0 0 0 0 0 0 0 0 0 0
450	2	1 1 1 0 0 0 1 1 1 0 1 0 0 0 0 0 0 0 0 0
450	1	0 1 1 1 0 0 0 1 1 0 0 0 0 0 0 0 0 1 0 0
450	3	1 1 1 1 0 0 0 0 1 1 0 0 1 0 0 1 0 0 0 0
450	1	1 1 1 1 0 0 0 1 1 0 0 1 1 1 0 1 0 0 0 0
450	1	1 1 0 0 0 0 0 1 0 0 0 0 1 1 0 0 0 0 0 0
450	1	1 1 1 0 0 0 0 1 0 0 0 0 1 1 0 1 0 0 0 0
450	2	1 1 1 0 0 1 0 1 0 0 1 0 1 0 0 1 0 0 0 0
450	1	1 1 1 1 1 1 1 1 1 1 1 0 0 0 0 1 0 0 0 0
450	2	0 1 1 1 0 0 0 1 1 0 0 0 0 1 0 0 0 0 0 0
450	1	1 1 0 1 0 0 0 1 1 0 0 0 1 0 1 1 0 0 0 0
450	1	1 1 1 0 0 1 0 0 1 0 0 0 0 0 1 0 0 0 0 0
450	1	1 1 1 1 0 1 0 1 0 0 1 0 0 0 0 0 0 1 1 0
500	22	1 1 1 1 0 1 0 1 1 0 0 0 0 0 0 0 0 0 0 0
500	6	1 1 1 1 1 0 0 1 1 0 0 0 0 0 0 0 0 0 0 0
500	10	1 1 1 1 0 0 0 1 1 0 1 0 0 0 0 0 0 0 0 0
500	9	1 1 1 1 0 0 0 1 1 0 0 0 0 0 0 0 0 0 0 0
500	50	1 1 1 1 0 0 1 1 1 0 1 0 0 0 0 0 0 0 0 0
500	14	1 1 1 1 0 1 0 1 0 0 0 0 0 1 1 0 0 1 0 0
500	17	1 1 1 1 0 0 0 1 1 1 0 0 1 0 0 1 0 0 0 0
500	7	1 1 1 0 0 0 0 1 1 0 1 0 0 0 0 0 0 0 0 0
500	10	1 1 1 1 0 0 0 1 0 0 0 0 1 0 0 1 0 0 0 0
500	67	1 1 1 1 0 0 0 1 1 0 0 0 1 1 0 1 0 0 0 0
500	2	1 1 1 1 1 0 0 1 0 1 0 0 0 1 0 0 0 0 1 0
500	6	1 1 1 1 0 0 0 1 1 0 0 0 0 0 0 1 0 0 1 0
500	13	1 1 1 1 0 0 0 1 1 0 1 0 1 1 0 1 0 0 0 0
500	19	1 1 1 1 1 0 1 1 1 0 0 0 0 0 0 0 0 0 0 0
500	20	1 1 1 1 0 0 0 1 1 0 1 0 1 0 0 0 0 1 0 0
500	7	1 1 1 1 0 0 1 1 1 0 0 0 0 0 0 0 0 0 0 0
500	39	1 1 1 1 0 0 0 0 1 1 0 0 1 0 0 1 0 0 0 0
500	7	1 1 1 1 0 0 0 1 0 0 0 0 1 0 0 0 0 1 0 0
500	46	1 1 1 1 0 0 1 1 1 1 1 0 1 0 1 0 0 0 0 0
500	37	1 1 1 1 0 0 1 1 0 1 0 0 1 0 0 0 0 0 0 0
500	12	1 1 1 1 1 0 0 1 1 0 0 1 0 1 0 0 0 0 0 1
500	15	1 1 1 1 0 0 0 1 1 1 1 0 0 0 0 0 0 0 0 0
500	9	1 1 1 0 0 1 0 1 0 0 0 0 0 1 0 0 0 0 0 0
500	4	1 1 1 1 0 0 0 1 1 1 0 0 1 1 0 1 0 0 0 0
500	3	1 1 1 1 0 1 0 1 1 1 0 0 1 0 0 1 0 0 0 0
500	10	1 1 1 1 1 0 0 1 1 0 1 0 0 0 0 0 0 0 0 0
500	3	0 1 1 1 0 0 0 1 1 0 0 0 1 1 0 1 0 0 0 0
500	30	1 1 1 1 1 0 0 1 0 1 0 0 0 1 0 0 0 0 0 0
500	3	1 1 1 1 0 0 1 1 0 0 1 0 0 0 0 0 0 0 0 0
500	23	1 1 1 1 0 0 0 1 1 0 0 0 1 0 0 1 0 0 0 0
500	6	1 1 1 1 1 0 1 1 1 0 0 0 0 1 0 0 0 0 0 1
500	16	1 1 1 1 0 0 0 0 1 0 0 0 0 1 0 1 0 0 0 0
500	2	1 1 1 1 0 1 0 1 1 0 0 0 0 0 0 0 0 1 0 0
500	7	1 1 0 1 0 0 0 1 1 0 1 0 0 0 0 0 0 0 0 0
500	8	1 1 1 1 0 0 0 1 1 0 0 0 0 0 0 0 0 0 0 1
500	36	1 1 1 1 0 0 0 1 1 0 0 0 1 1 0 1 1 0 0 0
500	2	1 1 1 1 1 0 0 1 0 1 1 0 0 1 0 0 0 0 1 0
500	2	1 1 1 1 0 0 0 0 1 1 0 0 1 0 0 1 0 0 1 0
500	8	1 1 1 1 0 1 0 1 1 0 0 0 1 0 0 0 1 0 0 0
500	25	1 1 1 1 0 0 1 1 1 0 0 0 1 1 0 0 0 0 0 0
500	2	1 1 1 1 0 1 0 1 0 1 0 0 0 1 0 0 0 0 0 0
500	36	1 1 1 1 0 1 0 1 1 0 0 0 0 0 1 0 0 0 0 0
500	5	1 1 1 1 1 0 0 1 1 0 1 0 0 0 0 1 0 0 0 0
500	54	1 1 1 0 0 0 0 1 1 0 0 0 1 0 0 1 0 0 0 0
500	17	0 1 1 1 0 0 1 1 1 1 0 1 1 0 0 1 0 0 0 0
500	4	1 1 1 1 0 0 1 1 1 1 1 0 1 1 1 0 0 0 0 0
500	2	1 1 1 1 0 1 0 1 0 0 1 0 1 0 0 0 0 0 0 0
500	2	1 1 1 1 0 0 0 1 1 0 0 0 1 1 0 1 0 0 1 0
500	35	1 1 1 1 0 0 0 1 1 0 1 0 1 0 0 0 0 1 0 1
500	3	1 1 1 1 1 0 1 1 1 0 0 0 0 0 0 1 0 0 0 1
500	4	1 1 1 1 0 0 1 1 1 0 1 0 0 1 0 0 0 0 0 0
500	6	1 1 1 1 0 0 0 1 0 0 0 0 1 1 0 1 0 0 0 0
500	2	1 1 1 1 0 0 1 1 0 0 1 0 0 0 0 0 0 0 1 0
500	1	1 1 1 1 0 0 0 1 1 0 0 0 1 0 0 1 0 1 0 0
500	8	1 1 1 0 0 0 0 1 1 0 0 0 0 0 0 0 0 0 0 0
500	7	1 1 1 1 0 1 1 1 0 1 0 0 1 0 0 0 0 0 0 0
500	3	1 1 1 1 1 0 1 1 1 0 0 1 0 1 0 0 0 0 0 1
500	3	1 1 1 1 0 0 1 1 1 1 1 0 1 0 1 0 0 0 0 1
500	2	0 1 1 1 0 0 1 1 1 1 0 1 1 0 0 0 0 0 0 0
500	4	1 1 1 1 0 0 0 1 0 0 1 0 1 1 0 1 0 0 0 0
500	2	1 1 0 1 1 0 1 1 1 0 0 0 0 0 0 1 0 0 0 1
500	4	1 1 1 1 1 0 1 1 1 0 0 0 0 0 0 1 0 0 0 0
500	10	1 1 1 1 0 0 0 1 1 0 0 0 0 1 0 1 0 0 1 0
500	1	1 1 1 1 0 0 1 1 1 0 1 0 0 0 0 0 1 0 0 0
500	2	1 1 1 1 1 1 0 1 1 0 0 0 0 0 0 0 0 0 0 0
500	10	1 1 1 1 0 1 0 1 1 0 1 0 0 0 0 0 0 0 0 0
500	3	1 1 1 1 0 0 1 1 1 0 1 0 1 0 0 0 0 0 0 0
500	7	1 1 1 1 0 0 1 1 1 0 0 0 0 0 0 1 0 0 1 0
500	4	1 1 1 1 0 0 0 1 1 0 1 1 1 1 0 1 0 0 0 0
500	11	1 1 1 1 0 0 0 1 1 0 0 0 1 1 0 0 0 0 0 0
500	6	1 1 1 1 0 0 1 1 1 1 1 0 0 0 0 0 0 0 0 0
500	1	1 1 1 1 0 0 1 1 1 0 1 0 1 0 0 0 0 1 0 0
500	2	1 1 1 1 0 0 0 1 0 0 1 0 1 0 0 0 0 0 1 0
500	2	1 1 1 1 1 1 1 1 0 1 0 0 1 0 0 0 0 0 0 0
500	4	0 1 1 1 0 0 0 1 1 1 0 1 1 0 0 0 0 0 0 0
500	3	1 1 1 1 0 0 0 1 1 0 0 0 0 0 0 1 0 0 0 0
500	6	1 1 0 1 1 0 1 1 1 0 0 0 0 0 0 0 0 0 0 0
500	3	1 1 1 1 0 1 0 1 1 0 0 0 1 1 0 1 0 0 0 0
500	1	1 0 1 1 0 0 0 1 1 0 1 0 1 1 0 1 0 0 0 0
500	7	1 1 1 1 1 0 0 1 1 0 0 0 0 0 0 1 0 0 0 0
500	2	1 1 1 0 0 0 1 1 1 0 1 0 1 0 0 0 0 0 0 0
500	4	1 1 1 1 0 0 0 1 1 1 1 1 1 1 0 1 0 0 0 0
500	2	1 1 1 1 0 0 0 1 1 0 1 0 1 0 0 1 0 0 0 0
500	1	1 1 1 1 0 1 0 1 1 0 0 0 1 1 0 1 1 0 0 0
500	4	1 1 1 1 0 0 1 1 1 0 0 0 0 0 0 1 0 0 0 1
500	1	1 1 1 1 0 0 1 1 1 0 0 1 0 1 0 0 0 0 0 1
500	1	1 1 1 1 1 0 0 1 0 1 1 0 0 1 0 0 1 0 1 0
500	3	0 1 0 1 0 0 1 1 1 1 0 1 1 0 0 1 0 0 0 0
500	2	1 1 1 1 0 0 0 1 0 0 0 0 1 0 0 0 0 0 0 0
500	1	1 1 1 1 1 0 0 1 0 1 0 0 0 1 1 0 0 0 0 0
500	5	1 1 1 0 0 0 0 1 1 0 1 0 1 0 0 1 0 0 0 0
500	1	1 1 1 0 0 1 1 1 0 1 0 0 1 0 0 0 0 0 0 0
500	2	1 1 1 1 0 0 1 1 1 0 1 0 0 0 0 1 1 0 0 0
500	1	1 1 1 1 0 0 1 1 1 1 0 1 1 0 0 1 0 0 0 0
500	2	1 1 1 1 0 0 1 1 1 0 1 0 0 0 0 1 0 0 0 0
500	2	1 1 1 1 0 1 0 1 0 0 0 0 0 1 1 0 0 1 0 1
500	5	1 1 1 1 0 0 0 1 0 0 0 0 1 0 0 1 0 1 0 0
500	1	1 1 1 1 0 0 0 1 1 0 0 0 1 0 0 1 0 0 1 0
500	1	1 1 1 1 0 0 0 1 1 0 1 0 1 1 0 0 0 1 0 0
500	2	1 1 1 1 0 0 1 1 1 1 0 0 0 0 0 0 0 0 0 0
500	2	1 1 1 1 0 0 1 0 0 1 0 0 1 0 0 0 0 0 0 0
500	6	1 1 1 1 1 0 0 1 1 0 0 1 0 1 1 0 0 0 0 1
500	5	1 1 1 0 1 0 0 1 1 0 0 1 0 1 0 0 0 0 0 1
500	1	1 0 1 1 0 0 0 1 1 0 1 0 1 0 0 0 0 1 0 1
500	1	1 1 1 1 0 0 0 1 0 1 0 0 1 1 0 1 0 0 0 0
500	2	1 1 1 1 1 0 0 1 1 0 1 0 1 0 0 1 0 0 0 0
500	1	1 1 1 0 0 0 0 1 0 1 0 0 0 1 0 0 0 0 0 0
500	1	1 0 1 1 0 0 1 1 1 0 1 0 0 0 0 0 0 0 0 0
500	1	1 1 1 1 0 0 1 1 1 1 1 0 0 0 1 0 0 0 0 0
500	1	1 0 1 1 0 0 1 1 0 1 0 0 1 0 0 0 0 0 0 0
500	1	1 1 1 1 0 0 0 1 1 0 0 0 0 1 0 1 1 0 0 0
500	2	1 1 1 1 1 0 0 1 1 0 0 0 1 1 0 1 1 0 0 0
500	4	1 1 1 1 0 1 1 1 1 0 0 0 1 1 0 0 0 0 0 0
500	2	1 1 1 0 0 0 0 1 1 0 0 0 1 0 0 1 0 1 0 0
500	3	1 1 1 1 0 0 0 1 1 0 1 0 0 0 0 0 0 1 0 1
500	1	1 1 1 1 1 0 1 1 1 0 0 1 0 1 0 0 0 0 0 0
500	2	1 1 1 1 1 0 1 1 1 1 1 0 0 0 0 0 0 0 0 0
