0	6	0 1 0 0 0 0 0 0 0 0 0 0 0 1 0 1 0 0 0 0
0	1	0 0 0 1 1 0 0 0 0 1 0 0 0 0 0 0 0 0 1 0
0	2	1 0 1 1 0 0 0 0 0 0 0 0 0 0 0 0 0 0 0 0
0	1	0 0 0 0 0 1 0 0 0 0 0 0 0 0 1 0 0 0 0 0
20	2	0 0 0 1 1 0 0 0 0 1 0 0 0 0 0 0 0 0 1 0
20	1	1 0 1 1 0 0 0 0 0 0 0 0 0 0 0 0 0 0 0 0
20	1	0 0 0 0 0 1 0 0 0 0 0 0 0 0 1 0 0 0 0 0
20	3	1 0 1 1 0 0 0 0 0 0 1 0 0 0 0 0 0 0 0 0
20	1	0 0 0 1 0 1 0 0 0 0 0 0 0 1 0 1 0 0 0 0
20	1	0 0 0 0 0 1 0 1 0 0 0 0 1 0 1 0 0 0 0 0
20	1	0 0 1 0 0 1 0 0 0 0 0 0 0 0 1 0 0 0 0 0
40	2	1 0 1 1 0 0 0 0 0 0 0 0 0 0 0 0 0 0 0 0
40	1	1 0 1 1 0 1 0 0 0 0 0 0 0 0 1 0 0 0 0 0
40	1	1 0 0 0 0 1 0 0 0 0 0 0 0 0 1 0 0 0 0 0
40	1	1 0 1 1 0 0 0 0 0 0 0 0 0 0 1 0 0 0 0 0
40	1	1 0 1 1 0 0 0 0 0 0 1 0 0 0 0 0 0 0 0 0
40	1	1 0 1 1 0 0 0 0 0 0 1 0 0 0 1 0 0 0 0 0
40	1	0 0 0 0 0 0 0 0 1 0 0 0 0 0 1 0 0 0 0 0
40	2	0 0 1 0 0 1 0 0 1 0 0 0 0 0 1 0 0 0 0 0
60	1	0 0 0 0 0 1 0 0 0 0 0 0 0 0 1 0 0 0 0 0
60	2	1 0 1 1 0 0 0 0 0 0 0 0 0 0 1 0 0 0 0 0
60	1	1 0 1 1 0 0 0 0 0 0 1 0 0 0 0 1 0 0 0 0
60	1	1 0 1 0 0 0 0 0 0 0 1 0 0 0 1 0 0 0 0 0
60	1	1 1 0 0 0 1 0 0 0 0 0 0 0 0 1 0 0 0 0 0
60	1	1 0 1 1 0 0 0 1 0 0 1 0 1 0 0 1 0 0 0 0
60	1	1 1 1 1 0 1 0 0 0 0 0 0 0 0 1 1 0 0 0 0
60	1	0 0 0 1 0 0 0 0 0 0 0 1 0 0 1 0 0 0 0 0
60	1	1 0 1 1 0 0 0 0 0 0 0 0 0 0 1 1 0 0 0 1
80	1	1 0 1 1 0 0 0 0 0 0 0 0 0 0 1 0 0 0 0 0
80	1	0 0 0 0 0 1 1 0 0 0 0 0 0 0 1 0 0 0 0 0
80	1	1 0 1 1 0 0 0 0 1 0 0 0 0 0 1 0 0 0 0 0
80	1	1 1 1 1 0 0 0 0 0 0 0 0 0 0 1 0 0 0 0 0
80	1	1 0 1 0 0 0 0 0 0 0 1 0 0 0 1 0 0 0 0 0
80	1	1 0 1 1 0 0 0 0 1 0 0 0 0 0 1 1 0 0 0 0
80	1	1 1 1 0 0 0 0 0 0 0 0 0 0 0 1 0 0 0 0 0
80	1	1 0 1 1 1 1 0 0 1 0 0 0 0 0 1 0 0 0 0 0
80	1	1 0 1 1 0 0 0 1 0 0 0 1 0 0 1 0 0 0 0 0
80	1	1 0 1 1 0 0 0 0 1 0 0 1 0 0 0 0 0 0 0 0
100	1	1 1 1 1 0 0 0 0 0 0 0 0 0 0 1 0 0 0 0 0
100	1	1 0 1 1 0 0 0 1 0 0 0 0 0 0 1 0 0 0 0 0
100	1	1 1 1 1 0 1 0 0 0 0 0 0 0 0 1 1 0 0 0 0
100	1	1 0 1 1 0 0 0 0 1 0 0 0 0 0 1 0 1 0 0 0
100	1	1 0 1 1 0 0 0 0 1 0 1 1 0 0 0 0 0 0 0 0
100	1	1 1 0 1 0 0 0 1 0 0 1 0 1 0 0 1 0 0 0 0
100	1	1 1 1 1 0 0 0 1 0 0 0 0 1 0 1 0 0 0 0 0
100	1	1 0 1 1 0 0 0 0 0 0 0 0 0 0 1 0 0 1 0 0
100	1	1 0 1 1 0 0 0 1 0 0 0 0 1 0 1 0 0 0 0 0
100	1	1 1 1 1 0 0 0 0 0 0 1 1 0 0 1 0 0 0 0 0
120	2	1 1 1 1 0 0 0 0 0 0 0 0 0 0 1 0 0 0 0 0
120	1	1 0 1 0 0 0 0 0 1 0 0 0 0 0 1 0 0 0 0 0
120	1	1 0 1 1 0 0 0 0 1 0 1 1 0 0 0 0 0 0 0 0
120	1	1 1 0 1 0 0 0 1 0 0 1 0 1 0 0 1 0 0 0 0
120	1	1 0 1 1 0 0 0 0 0 0 0 1 0 1 0 1 0 0 0 0
120	1	1 1 1 0 0 0 0 0 1 0 0 0 0 0 1 0 0 0 1 0
120	1	1 0 1 1 0 1 0 1 0 0 0 1 0 0 1 0 0 0 0 0
120	1	1 0 1 1 0 0 1 0 1 0 0 1 0 0 1 0 0 0 0 0
120	1	1 0 1 1 1 1 0 0 1 0 0 0 0 1 1 0 0 0 0 0
140	1	1 1 1 1 0 0 0 0 0 0 0 0 0 0 1 0 0 0 0 0
140	2	1 0 1 1 0 0 0 1 0 0 0 0 0 0 1 0 0 0 0 0
140	1	1 1 1 1 0 1 0 1 0 0 0 0 0 0 1 1 0 0 0 0
140	1	1 0 1 1 0 0 1 0 1 0 0 1 0 0 1 0 0 0 0 0
140	1	1 0 1 1 1 0 0 1 0 1 1 0 1 0 1 0 0 0 0 0
140	1	1 0 1 1 0 0 0 1 0 0 0 0 0 0 1 1 0 0 0 0
140	1	1 0 1 0 0 0 0 0 1 0 0 0 0 0 1 0 0 0 1 0
140	1	0 0 1 1 0 0 0 0 1 0 0 0 0 0 1 0 0 0 0 0
140	1	1 0 1 1 0 0 0 1 0 0 1 0 0 0 0 0 0 0 1 0
160	1	1 1 0 1 0 0 0 1 0 0 1 0 1 0 0 1 0 0 0 0
160	1	1 1 1 1 0 0 0 1 0 0 0 0 1 0 1 0 0 0 0 0
160	1	1 0 1 1 0 0 1 0 1 0 0 0 0 0 1 0 0 0 0 0
160	1	1 0 1 1 0 0 0 1 0 0 1 0 0 0 0 0 0 0 0 0
160	4	0 0 1 1 0 0 0 0 1 0 0 0 0 0 1 0 0 0 0 0
160	1	1 0 0 1 0 0 0 1 0 0 1 0 1 0 0 1 0 0 0 0
160	1	1 1 1 0 0 0 0 1 0 0 0 0 0 0 1 0 0 0 0 0
180	1	1 1 1 1 0 0 0 1 0 0 0 0 0 0 1 0 0 0 0 0
180	2	1 1 1 1 0 0 0 0 1 0 1 0 1 0 1 0 0 0 0 0
180	1	1 0 1 1 0 0 0 1 0 0 1 0 0 0 0 0 0 0 0 0
180	1	1 0 1 1 0 0 1 0 1 0 0 1 0 0 1 1 0 0 0 0
180	1	1 1 1 1 0 0 0 1 0 0 0 0 0 0 1 1 0 0 0 0
180	1	0 0 1 1 0 0 0 0 0 0 1 1 0 0 0 1 0 0 0 0
180	1	1 1 1 1 0 0 0 0 1 0 1 0 1 0 0 0 0 0 0 0
180	1	1 0 1 1 0 0 0 1 0 0 0 0 0 0 1 1 0 0 0 0
180	1	1 1 1 1 1 0 0 1 0 0 0 0 1 0 1 0 0 0 0 0
200	1	1 0 1 1 1 0 0 1 0 1 1 0 1 0 1 0 0 0 0 0
200	1	1 0 0 1 0 0 0 0 1 0 0 1 0 0 1 0 0 0 0 0
200	1	1 1 1 1 0 0 0 0 0 0 0 0 0 0 1 1 0 0 0 1
200	1	0 0 1 1 0 0 1 0 1 0 0 1 0 0 1 1 0 0 0 0
200	1	1 1 1 0 0 0 0 0 1 0 1 0 1 0 1 0 0 0 0 0
200	1	1 1 1 1 0 0 0 1 0 0 0 0 1 0 0 0 0 0 0 0
200	1	1 1 1 1 0 1 0 0 0 1 1 0 0 0 0 0 0 0 0 0
200	1	1 1 1 1 1 1 0 1 0 0 0 0 0 0 1 0 0 0 0 0
200	1	1 0 1 1 1 0 0 1 0 0 1 0 0 0 0 0 0 0 0 0
200	1	1 1 1 1 0 1 0 0 0 1 0 1 0 0 1 1 0 0 0 0
220	1	1 1 1 1 0 0 0 1 0 0 0 0 0 0 1 0 0 0 0 0
220	1	1 1 1 1 0 1 0 1 0 0 0 0 0 0 1 0 0 0 0 0
220	2	1 1 1 1 0 0 0 1 0 0 1 0 1 0 0 1 0 0 0 0
220	1	1 1 1 1 0 1 0 0 0 0 0 1 1 0 1 0 0 0 0 0
220	1	1 0 1 1 1 0 0 1 0 0 0 0 1 0 1 0 0 0 0 0
220	1	1 0 1 1 0 1 0 1 0 0 0 0 0 0 1 0 0 0 0 0
220	1	1 1 1 1 0 0 0 1 0 0 0 0 1 0 0 1 0 0 0 0
220	1	1 1 1 1 0 1 0 0 1 1 0 1 1 0 1 1 0 0 0 0
220	1	1 1 1 0 0 1 0 0 1 0 0 1 1 0 1 1 0 0 0 0
240	1	1 1 1 1 0 1 0 1 0 0 0 0 0 0 1 0 0 0 0 0
240	1	1 1 1 1 0 0 0 1 0 0 0 0 0 0 1 1 0 0 0 0
240	1	1 1 1 1 0 0 0 1 0 0 0 1 0 0 1 1 0 0 0 0
240	1	1 1 1 1 0 1 0 1 0 0 0 1 1 0 1 0 0 0 0 0
240	2	1 0 1 1 0 0 1 1 1 0 0 1 0 0 1 1 0 0 0 0
240	1	1 0 1 0 1 0 0 1 1 1 1 1 1 0 0 0 0 0 0 0
240	1	1 1 1 1 1 1 1 1 0 0 0 0 1 0 1 0 0 0 0 0
240	1	1 1 1 1 1 1 0 1 1 0 0 1 1 0 1 0 0 0 0 0
240	1	1 1 1 1 0 1 0 1 1 1 0 1 0 0 1 1 0 0 0 1
260	1	1 1 1 1 0 1 0 0 0 0 0 1 1 0 1 0 0 0 0 0
260	3	1 0 1 1 0 0 1 1 1 0 0 1 0 0 1 0 0 0 0 0
260	1	1 1 1 1 0 0 0 1 0 1 0 0 0 0 1 0 0 0 0 0
260	1	1 1 1 1 1 1 0 1 0 0 0 0 1 0 1 0 0 0 0 0
260	1	1 1 1 1 1 1 0 1 1 1 0 1 1 0 1 0 0 0 0 0
260	1	1 1 1 1 0 1 0 1 0 0 1 0 0 0 1 0 0 0 0 0
260	1	1 0 1 1 0 0 1 1 1 0 0 1 0 0 1 1 1 0 0 0
260	1	1 1 1 1 0 0 0 1 0 0 1 0 1 0 0 1 0 0 0 1
280	2	1 1 1 1 0 0 0 1 0 0 0 0 0 0 1 0 0 0 0 0
280	1	1 1 1 1 0 1 0 1 0 0 0 0 0 0 1 0 0 0 0 0
280	1	1 1 1 1 0 0 0 1 0 0 0 1 0 0 0 1 0 0 0 0
280	1	1 1 1 1 0 1 0 1 0 0 0 0 1 0 1 0 1 0 0 0
280	1	1 0 1 1 0 1 0 1 0 0 0 0 0 0 1 1 0 0 0 0
280	1	1 1 1 1 1 1 0 1 1 1 0 1 0 0 1 0 0 0 0 0
280	1	1 0 1 0 1 0 0 1 0 1 1 1 1 0 0 0 0 0 0 0
280	1	1 1 1 0 0 0 0 1 0 0 1 0 0 0 1 1 0 0 1 0
280	1	1 0 1 1 0 0 1 1 1 0 0 1 1 0 1 0 0 0 0 1
300	1	1 1 1 1 0 0 0 0 0 0 0 0 0 0 1 0 0 0 0 0
300	1	1 1 1 1 0 0 0 1 0 0 1 0 1 0 0 1 0 0 0 0
300	1	1 1 0 1 1 1 0 1 0 0 0 0 1 0 1 0 0 0 0 0
300	1	1 1 1 1 0 0 0 1 0 0 1 0 0 0 1 0 0 0 0 0
300	1	1 1 1 1 0 0 0 1 0 0 0 1 0 0 0 1 0 0 0 0
300	1	1 1 1 1 1 1 0 1 1 1 0 1 0 0 1 0 0 0 0 0
300	1	1 0 1 1 0 0 0 1 0 0 0 0 0 0 1 0 0 0 0 0
300	1	1 0 1 1 0 1 0 1 0 0 0 0 0 0 1 0 0 0 0 0
300	1	1 0 1 1 0 0 1 0 1 0 0 1 1 0 1 0 0 0 0 0
300	1	1 0 1 1 1 1 0 1 1 0 0 0 0 0 1 0 0 0 0 0
320	3	1 1 1 1 0 0 0 1 0 0 0 0 0 0 1 0 0 0 0 0
320	3	1 1 1 1 0 0 0 1 0 1 0 0 0 0 1 0 0 0 0 0
320	1	1 1 1 1 1 1 1 1 0 0 0 0 0 0 1 0 0 0 0 0
320	1	1 0 1 1 0 1 0 1 0 0 0 0 0 1 1 0 0 0 0 0
320	1	1 1 1 1 0 0 1 0 0 0 1 1 0 0 0 1 0 0 0 0
320	1	0 1 1 1 0 0 1 0 0 0 0 1 0 0 0 1 0 0 0 0
340	1	1 1 1 1 0 0 0 1 0 0 0 0 0 0 1 0 0 0 0 0
340	2	1 1 1 1 0 0 0 1 0 0 1 0 0 0 1 0 0 0 0 0
340	1	1 1 1 1 1 1 0 1 0 0 0 0 1 0 1 0 0 0 0 0
340	1	1 1 1 1 0 0 0 1 0 0 1 0 0 0 0 0 0 0 0 0
340	1	1 1 1 1 0 1 0 1 0 1 0 1 0 0 1 0 1 0 0 0
340	1	1 1 0 1 0 1 0 1 0 0 1 0 1 1 0 1 0 0 0 0
340	1	1 1 1 1 0 0 0 1 0 0 0 0 0 1 1 0 0 0 0 0
340	1	1 1 1 1 0 1 0 1 0 1 0 0 0 0 1 1 0 0 0 0
340	1	1 1 1 1 1 1 0 1 0 0 1 0 0 0 0 0 0 0 0 0
360	1	1 1 1 1 0 0 0 1 0 0 0 0 0 0 1 0 0 0 0 0
360	2	1 1 1 1 1 1 0 1 0 0 0 0 1 0 1 0 0 0 0 0
360	1	1 1 1 1 1 0 0 1 0 0 1 0 0 0 0 1 0 0 0 0
360	1	1 1 1 1 1 1 0 1 0 0 0 0 0 0 1 1 0 1 0 0
360	1	1 1 1 1 1 0 0 1 0 0 1 0 0 0 0 0 0 0 0 0
360	1	0 1 1 1 1 0 0 1 0 0 0 0 0 0 0 1 0 0 0 0
360	1	1 1 1 1 0 1 0 1 0 0 0 0 0 1 1 0 0 0 0 0
360	1	1 1 1 1 1 1 0 1 0 0 1 0 0 1 1 0 0 0 0 0
360	1	1 1 1 1 0 0 0 1 0 0 1 1 0 0 1 0 0 0 0 0
380	1	1 1 1 1 0 0 0 1 0 0 0 0 0 0 1 0 0 0 0 0
380	1	1 1 1 1 1 1 0 1 0 0 0 0 1 0 1 0 0 0 0 0
380	1	1 1 1 1 0 0 0 1 0 0 1 0 0 0 0 0 0 0 0 0
380	1	1 1 1 1 0 1 0 1 0 0 1 0 1 0 1 0 0 0 0 0
380	1	1 1 1 1 0 0 0 1 0 1 1 0 0 1 1 0 0 0 0 0
380	1	1 1 1 1 1 1 1 0 0 0 0 0 0 0 1 0 0 0 0 0
380	1	1 1 1 1 0 0 0 1 1 0 0 0 0 0 1 0 0 0 0 0
380	1	1 1 1 1 0 0 0 1 0 0 0 1 0 0 0 1 0 0 0 0
380	1	1 1 1 1 1 0 0 1 0 1 0 1 0 0 1 0 1 0 0 0
380	1	1 1 1 1 1 1 0 1 0 0 1 0 1 0 1 1 0 0 0 0
400	2	1 1 1 1 0 0 0 1 0 0 0 0 0 0 1 0 0 0 0 0
400	1	1 1 1 1 0 1 0 1 0 0 0 0 0 0 1 0 0 0 0 0
400	1	1 1 1 1 1 1 1 0 0 0 0 0 0 0 1 0 0 0 0 0
400	1	1 1 1 1 0 1 0 1 0 0 0 0 1 0 1 0 0 0 0 0
400	3	1 1 1 1 0 0 0 1 0 1 0 1 0 0 1 1 0 0 0 0
400	1	1 1 1 1 0 1 0 1 0 0 0 0 0 1 1 0 0 0 0 0
400	1	0 1 1 1 0 0 0 1 0 0 1 0 0 0 0 0 0 0 0 0
420	1	1 1 1 1 0 0 0 1 0 0 1 0 1 0 0 1 0 0 0 0
420	1	1 1 1 1 1 1 0 1 0 0 1 0 0 0 0 1 0 0 0 0
420	1	1 1 1 1 1 1 0 1 0 0 0 0 0 1 1 0 0 0 0 0
420	1	1 1 1 1 0 1 0 1 0 0 0 0 0 1 1 1 0 0 0 0
420	1	1 1 1 1 1 1 1 0 0 0 0 0 1 0 1 0 0 0 0 0
420	1	1 1 1 1 0 0 0 1 0 1 0 0 0 0 1 0 0 0 0 0
420	1	1 1 1 1 0 0 0 1 0 0 0 0 0 0 1 0 0 0 1 0
420	1	1 1 1 1 0 0 0 1 0 0 1 1 0 1 1 1 0 0 0 0
420	1	1 1 1 1 1 1 1 0 0 0 0 0 1 0 1 1 0 0 0 0
420	1	1 1 1 0 0 0 0 1 0 1 0 0 0 0 1 1 0 0 0 0
440	1	1 1 1 1 0 0 0 1 0 0 1 0 0 0 0 0 0 0 0 0
440	1	1 1 1 1 1 1 0 1 0 0 1 0 0 0 0 1 0 0 0 0
440	1	1 1 1 1 1 1 1 0 0 0 0 0 0 0 1 0 0 0 0 0
440	2	1 1 1 1 1 0 0 1 0 1 0 0 0 0 1 0 0 0 0 0
440	1	1 1 1 1 0 0 0 1 0 0 0 0 0 0 1 0 0 1 0 0
440	1	1 1 1 1 1 1 0 1 0 0 1 0 0 0 1 0 0 0 0 0
440	1	1 1 1 1 0 0 0 1 1 1 1 0 0 1 1 1 0 0 0 0
440	1	1 0 1 1 0 1 0 1 0 0 0 0 0 0 1 0 0 0 0 0
440	1	1 1 1 1 0 0 0 1 1 1 1 0 0 0 1 0 0 0 0 0
460	1	1 1 1 1 0 1 0 1 0 0 0 0 0 1 1 0 0 0 0 0
460	2	1 1 1 1 0 1 0 1 0 0 1 0 0 0 1 0 0 0 0 0
460	1	1 1 1 1 1 0 0 0 1 1 1 0 0 1 1 0 0 0 0 0
460	1	1 1 1 1 1 0 1 0 0 0 0 0 1 0 1 0 0 0 0 0
460	1	1 1 1 1 1 1 1 0 0 0 1 0 1 0 1 0 0 0 0 0
460	1	1 1 1 1 1 0 0 0 1 1 1 0 0 0 1 0 0 0 0 0
460	1	1 1 1 1 1 0 0 1 0 1 0 0 0 0 1 0 0 0 1 0
460	1	1 1 1 1 0 1 0 1 0 0 1 0 0 0 0 1 0 1 0 0
460	1	1 1 0 1 1 0 0 1 0 0 1 0 0 0 0 1 0 0 0 0
480	1	1 1 1 1 1 1 0 1 0 0 1 0 0 0 0 1 0 0 0 0
480	1	1 1 1 1 0 1 1 0 0 1 0 0 0 0 1 1 0 0 0 0
480	1	1 1 1 1 0 0 0 1 0 0 0 0 0 1 1 1 0 0 0 0
480	2	1 1 1 1 1 1 1 0 1 0 0 0 0 0 1 0 0 0 0 0
480	1	0 1 1 1 1 1 1 0 0 0 1 0 0 0 1 0 0 0 0 0
480	2	1 1 1 1 0 1 0 1 0 0 0 0 1 1 1 0 0 0 0 0
480	1	1 1 0 1 1 1 0 1 0 1 1 0 1 0 1 0 0 0 0 0
480	1	1 1 1 1 1 1 1 0 0 1 0 0 0 0 1 1 0 0 0 0
500	1	1 1 1 1 1 1 1 0 0 0 0 0 0 0 1 0 0 0 0 0
500	1	0 1 1 1 1 0 1 0 0 0 1 0 0 0 0 1 0 0 0 0
500	1	1 1 1 1 0 1 0 1 0 0 1 0 0 1 1 0 0 0 0 0
500	1	1 1 1 0 1 0 1 0 0 0 0 0 1 0 1 1 0 0 0 0
500	2	1 1 1 0 0 0 0 1 0 0 0 0 0 1 1 0 0 0 0 0
500	2	1 1 1 1 1 1 1 0 0 1 0 0 0 0 1 1 0 0 0 0
500	1	1 1 1 1 0 1 0 1 0 1 0 0 0 1 1 0 0 0 0 0
500	1	1 1 1 1 1 1 0 1 1 0 1 0 1 0 1 0 0 0 0 0
