0	1	0 1 0 0 0 1 0 0 0 0 0 0 1 0 1 0 0 0 0 1
0	6	1 0 1 0 0 0 0 1 0 0 0 0 1 0 0 0 0 0 0 0
0	1	0 0 0 0 0 1 0 0 0 0 0 0 1 0 0 0 1 1 1 0
0	2	0 0 0 0 0 0 0 1 0 1 0 1 0 0 0 0 1 0 0 0
10	2	1 0 1 0 0 0 0 1 0 0 0 0 1 0 0 0 0 0 0 0
10	2	0 0 0 0 0 1 0 0 0 0 0 0 1 0 0 0 1 1 1 0
10	3	0 0 0 0 0 0 0 1 0 1 0 1 0 0 0 0 1 0 0 0
10	1	0 0 1 0 0 0 0 1 0 0 0 0 1 0 0 0 0 0 0 0
10	1	0 1 0 1 0 1 0 0 0 0 0 0 1 0 1 0 0 0 0 0
10	1	0 1 0 0 0 0 0 1 0 1 0 1 0 0 1 0 1 0 0 0
20	1	1 0 1 0 0 0 0 1 0 0 0 0 1 0 0 0 0 0 0 0
20	3	0 0 0 0 0 0 0 1 0 1 0 1 0 0 0 0 1 0 0 0
20	1	1 0 1 0 0 0 0 1 0 1 0 1 0 0 0 0 1 0 0 0
20	1	0 0 0 0 0 1 0 0 0 0 0 0 1 0 0 0 1 0 0 0
20	1	1 0 1 0 0 0 0 1 0 0 0 0 1 0 0 0 0 1 0 0
20	1	1 0 0 0 0 1 0 0 0 0 0 0 1 0 0 0 1 1 0 0
20	1	0 0 0 0 0 0 0 1 0 1 0 1 0 0 0 0 1 0 1 1
20	1	1 0 1 0 0 0 0 1 0 0 0 0 1 0 0 0 1 1 1 0
30	1	1 0 1 0 0 0 0 1 0 0 0 0 1 0 0 0 0 0 0 0
30	2	0 0 0 0 0 0 0 1 0 1 0 1 0 0 0 0 1 0 0 0
30	1	1 0 1 0 0 0 0 1 0 1 0 1 0 0 0 0 1 0 0 0
30	1	1 0 1 0 0 0 0 1 0 1 0 0 1 0 0 0 1 1 1 0
30	1	0 0 0 0 0 0 0 0 0 1 1 1 0 0 0 0 1 0 0 0
30	1	0 0 0 1 0 1 0 0 0 0 0 0 1 0 0 0 1 1 1 0
30	1	1 0 1 1 0 1 1 1 0 0 0 0 1 0 0 0 0 0 0 0
30	1	0 0 0 0 0 0 0 1 0 1 1 1 0 1 0 0 1 0 0 0
30	1	1 0 1 0 0 0 0 1 0 1 0 1 0 1 0 0 1 0 0 0
40	3	0 0 0 0 0 0 0 1 0 1 0 1 0 0 0 0 1 0 0 0
40	1	1 0 1 0 0 0 0 1 0 0 0 0 1 0 0 0 1 0 0 0
40	1	0 1 0 0 0 0 0 1 0 1 0 1 0 0 1 0 1 0 0 0
40	2	1 0 1 0 0 0 0 1 0 1 0 0 1 0 0 0 1 1 1 0
40	1	0 0 1 0 0 0 0 1 0 1 0 1 0 0 0 0 1 0 0 0
40	1	0 0 0 0 0 1 0 0 1 0 0 0 1 0 0 0 1 0 0 0
40	1	1 0 0 1 0 1 1 1 0 0 0 0 1 0 0 0 0 0 0 0
50	2	0 0 0 0 0 0 0 1 0 1 0 1 0 0 0 0 1 0 0 0
50	1	0 0 0 0 0 0 0 1 0 0 0 1 0 0 0 0 1 0 0 0
50	1	0 0 0 0 0 0 0 1 0 1 0 0 0 0 0 0 1 0 0 0
50	1	0 0 0 0 0 0 0 0 0 1 1 0 1 0 0 0 1 0 0 0
50	1	1 0 0 0 0 0 0 1 0 1 0 1 0 0 0 0 1 0 0 0
50	1	1 0 1 1 0 1 1 1 0 1 0 0 1 0 0 0 1 1 1 0
50	1	0 0 0 0 0 0 0 0 0 1 1 1 1 0 0 0 0 0 0 0
50	1	0 0 0 1 0 1 0 0 0 0 0 0 1 0 0 0 1 0 0 0
50	1	1 0 1 0 1 0 0 1 0 0 1 0 1 0 0 0 1 0 0 0
60	1	0 0 0 0 0 0 0 1 0 1 1 1 0 0 0 0 1 0 0 0
60	1	1 0 1 0 0 0 0 1 0 0 0 0 1 0 0 0 1 0 0 0
60	1	0 1 0 0 0 0 0 1 0 1 0 1 0 0 1 0 1 0 0 0
60	1	1 0 1 0 0 0 0 1 0 0 1 0 1 0 0 0 1 0 0 0
60	1	1 0 0 0 0 0 0 1 0 1 0 1 0 0 0 0 1 0 0 0
60	2	1 0 0 1 0 1 1 1 0 0 0 0 1 0 0 0 0 0 0 0
60	1	0 0 0 0 0 0 0 0 1 1 1 0 1 0 0 0 1 0 0 0
60	1	0 0 0 0 0 1 1 1 0 0 0 0 0 0 0 0 0 0 0 0
60	1	0 0 1 1 0 0 1 0 0 0 0 0 0 0 0 0 1 0 0 0
70	1	0 0 0 0 0 0 0 1 0 1 0 1 0 0 0 0 1 0 0 0
70	2	1 0 1 0 0 0 0 1 0 1 0 1 0 0 0 0 1 0 0 0
70	1	0 0 0 0 0 0 0 0 0 1 1 1 0 0 0 0 1 0 0 0
70	2	1 0 1 1 0 1 1 1 0 0 0 0 1 0 0 0 0 0 0 0
70	1	1 0 1 0 0 0 0 1 0 0 1 0 1 0 0 0 1 0 0 0
70	1	1 0 1 0 0 0 0 1 0 0 0 1 0 0 0 0 1 0 0 0
70	1	0 0 0 0 0 1 0 1 0 1 0 1 0 0 0 0 1 0 0 0
70	1	0 0 1 0 0 0 0 0 0 0 0 0 1 0 0 0 1 0 0 0
80	1	0 0 0 0 0 0 0 1 0 1 0 1 0 0 0 0 1 0 0 0
80	2	1 0 1 0 0 0 0 1 0 0 1 0 1 0 0 0 1 0 0 0
80	1	1 0 0 1 0 1 1 1 0 0 0 0 1 0 0 0 0 0 0 0
80	1	1 0 1 0 0 0 1 1 0 0 0 0 1 0 0 0 0 0 0 0
80	1	1 0 1 0 0 0 0 1 0 0 0 1 1 0 0 0 1 0 0 0
80	2	1 0 1 1 0 0 0 1 0 1 0 1 0 0 0 0 1 0 0 0
80	1	1 0 0 0 0 0 0 1 0 1 0 1 1 0 1 0 1 0 0 0
80	1	0 0 0 0 0 1 0 0 0 0 0 1 1 0 0 0 0 0 0 0
90	1	1 0 1 1 0 1 1 1 0 0 0 0 1 0 0 0 0 0 0 0
90	1	1 0 0 0 0 1 1 0 0 1 0 1 0 0 0 0 1 0 0 0
90	1	1 0 1 0 0 0 0 1 0 0 0 0 1 0 0 1 1 0 0 0
90	1	1 0 1 0 0 0 1 1 0 0 0 0 1 0 0 0 0 0 0 0
90	1	1 0 0 1 0 1 1 1 0 0 0 0 0 0 0 0 0 0 0 0
90	1	1 0 1 1 0 1 1 1 0 0 1 0 1 0 0 0 0 0 0 0
90	1	0 0 1 0 0 0 0 1 0 1 1 0 1 0 0 0 1 0 0 0
90	1	1 0 1 1 0 1 1 1 0 0 0 1 1 0 0 0 0 0 0 0
90	1	1 0 0 0 0 1 1 0 0 1 0 1 0 0 0 1 1 0 0 0
90	1	1 0 1 1 0 1 1 1 0 0 0 0 1 1 0 0 1 0 0 0
100	1	1 0 1 0 0 0 0 1 0 0 0 0 1 0 0 0 1 0 0 0
100	2	1 0 0 1 0 1 1 1 0 0 0 0 1 0 0 0 0 0 0 0
100	1	1 0 1 1 0 1 1 1 0 0 0 0 0 0 0 0 0 0 0 0
100	1	1 0 1 0 0 0 0 1 0 0 0 0 1 0 0 1 1 0 0 0
100	2	1 0 1 1 0 1 1 1 0 0 0 0 0 0 1 0 0 0 0 0
100	1	1 0 0 1 0 1 1 1 0 0 0 1 1 0 0 0 0 0 0 0
100	1	1 1 1 0 0 1 1 1 0 0 0 0 1 0 0 0 0 0 0 0
100	1	1 0 1 1 0 1 1 1 0 0 0 0 0 0 1 0 1 0 0 0
110	1	1 0 1 1 0 1 1 1 0 0 0 0 0 0 0 0 0 0 0 0
110	1	1 0 1 1 0 0 0 1 0 0 1 0 1 0 0 0 1 0 0 0
110	1	1 0 0 1 0 1 1 1 0 0 0 0 0 0 0 0 0 0 0 0
110	1	1 1 1 0 0 1 1 1 0 0 0 0 1 0 0 0 0 0 0 0
110	1	1 0 1 1 0 1 1 1 0 0 0 0 0 0 1 0 1 0 0 0
110	1	1 0 0 1 0 0 1 1 0 1 0 1 0 0 0 0 1 0 0 0
110	1	1 0 0 0 0 1 1 0 0 1 1 1 0 0 0 0 1 0 1 0
110	1	1 0 0 1 0 1 1 1 0 0 1 0 1 0 0 0 0 1 0 0
110	1	1 0 1 1 0 0 1 1 0 0 0 0 0 0 0 0 0 0 0 0
110	1	1 0 1 1 0 0 0 1 0 0 1 0 1 0 1 0 1 0 1 0
120	1	1 0 1 1 0 0 0 1 0 0 1 0 1 0 0 0 1 0 0 0
120	1	1 0 1 1 0 1 1 1 0 1 0 0 1 0 0 0 0 0 0 0
120	1	1 1 0 0 0 1 1 0 0 1 0 1 0 0 0 1 1 0 0 0
120	1	1 0 1 1 0 1 0 1 0 0 0 1 1 0 0 0 1 0 0 0
120	1	0 0 0 0 0 0 0 1 0 1 1 1 0 1 0 0 1 0 0 0
120	1	0 0 1 1 0 1 1 1 0 0 0 0 1 0 0 0 0 0 0 0
120	1	1 0 0 1 0 1 1 1 0 0 0 0 1 0 0 0 1 0 0 0
120	1	1 0 1 1 0 1 1 1 0 0 0 0 1 0 0 1 1 0 0 0
120	1	1 0 1 1 0 1 1 1 0 0 1 0 0 0 0 0 1 0 0 0
120	1	1 0 1 1 0 1 1 1 0 1 0 1 1 0 0 0 0 0 0 0
130	1	1 0 1 1 0 1 1 1 0 0 0 0 0 0 0 0 0 0 0 0
130	1	1 0 1 1 0 1 1 1 0 0 0 0 0 0 1 0 0 0 0 0
130	1	1 0 1 1 0 1 1 1 0 1 0 0 1 0 0 0 0 0 0 0
130	3	1 1 1 0 0 1 1 1 0 0 0 0 1 0 0 0 0 0 0 0
130	3	1 0 1 1 0 1 1 1 1 0 1 0 1 0 0 0 0 0 0 0
130	1	1 0 1 0 0 0 0 1 0 0 0 1 1 0 0 0 1 0 1 0
140	1	1 0 1 1 0 1 1 1 0 0 0 1 0 0 0 0 0 0 0 0
140	1	1 0 1 1 0 1 1 1 1 0 1 0 1 0 0 0 0 0 0 0
140	1	1 0 0 0 0 0 0 0 0 1 1 1 0 0 0 0 1 0 0 0
140	1	1 1 1 0 0 1 1 1 1 0 0 0 1 0 0 0 0 0 0 0
140	1	1 0 1 1 0 1 1 1 1 0 0 0 1 0 0 0 1 0 0 0
140	1	1 0 0 1 0 1 1 1 1 0 1 0 0 0 0 0 0 0 0 0
140	2	0 0 0 0 0 0 1 0 0 1 1 1 0 0 0 0 1 0 0 0
140	1	0 0 1 0 0 1 1 1 0 0 0 0 1 0 0 0 0 0 0 0
140	1	1 0 0 1 0 1 1 1 0 0 0 0 0 0 1 0 0 0 0 0
150	1	0 0 0 1 0 1 1 1 0 0 0 1 1 0 0 0 0 0 0 0
150	1	1 1 1 0 0 0 0 1 0 0 1 0 1 0 0 0 1 0 0 0
150	1	1 1 1 0 0 0 1 0 0 0 0 0 0 0 0 0 1 0 0 0
150	1	1 0 1 1 0 1 1 1 1 1 0 0 1 0 0 0 0 0 0 0
150	1	0 1 0 0 0 1 1 0 0 0 0 1 1 0 0 1 1 0 0 0
150	1	1 1 1 1 0 1 1 1 0 0 0 1 0 0 0 0 0 0 0 0
150	1	1 0 0 1 0 1 0 1 0 1 1 1 0 1 0 0 1 0 0 0
150	1	1 0 1 1 1 0 1 1 0 1 0 1 0 0 0 1 1 0 0 0
150	1	1 0 1 1 0 1 1 1 0 0 0 1 0 1 0 0 0 0 0 1
150	1	1 0 0 1 1 1 1 1 0 0 0 0 1 0 0 0 0 0 0 0
160	1	1 0 1 1 0 1 1 1 0 1 0 0 1 0 0 0 0 0 0 0
160	1	1 0 1 1 0 1 1 1 0 0 0 1 0 0 0 0 0 0 0 0
160	2	1 1 1 0 0 0 0 1 0 0 1 0 1 0 0 0 1 0 0 0
160	1	1 0 1 1 0 1 1 1 1 1 0 0 1 0 0 0 0 0 0 0
160	1	1 1 1 1 0 0 0 1 1 0 1 1 1 0 0 0 1 0 0 0
160	1	0 0 0 0 0 0 1 0 0 1 1 1 0 0 0 0 1 0 0 0
160	1	0 1 0 0 0 1 1 0 0 0 0 1 1 0 0 1 1 0 0 0
160	1	1 0 1 1 1 0 1 1 0 1 0 1 0 0 0 0 0 0 0 0
160	1	0 0 0 1 1 1 1 1 0 0 1 0 1 0 0 0 0 0 0 0
170	2	1 0 1 1 0 1 1 1 0 0 0 1 0 0 0 0 0 0 0 0
170	1	0 1 0 0 0 0 0 1 0 1 0 1 0 0 0 0 1 0 0 0
170	1	0 0 0 1 0 1 1 1 0 0 0 0 1 1 0 0 0 0 0 0
170	3	1 0 1 1 0 0 1 1 1 0 1 0 1 0 0 0 0 0 0 0
170	1	1 0 1 1 0 1 1 1 0 0 0 1 0 1 0 0 0 0 0 0
170	1	1 0 1 1 0 1 0 0 0 0 0 0 1 0 0 0 1 0 0 0
170	1	1 0 1 1 0 0 1 1 1 1 1 0 1 0 1 0 1 0 0 0
180	1	1 0 1 1 0 1 1 1 0 0 0 1 0 0 0 0 0 0 0 0
180	1	1 1 1 0 0 0 1 0 0 0 0 0 0 0 0 0 1 0 0 0
180	1	1 0 1 1 0 1 1 0 0 0 0 0 1 0 0 1 1 0 0 0
180	1	1 0 0 1 0 1 1 1 0 0 1 0 1 0 0 0 1 0 0 0
180	1	1 0 1 1 1 1 1 1 0 0 0 1 0 0 0 0 0 0 0 0
180	1	0 1 1 0 0 1 1 1 0 0 0 0 0 0 0 0 1 0 0 0
180	1	1 0 1 1 0 1 1 1 1 1 0 0 0 0 0 0 0 0 0 0
180	1	1 0 1 1 0 0 1 1 0 0 0 0 1 1 0 0 1 0 0 0
180	1	1 1 1 0 0 0 1 0 0 1 0 0 1 0 0 0 0 0 0 0
180	1	1 0 1 1 0 0 1 1 1 0 1 0 1 0 1 0 0 0 0 0
190	2	1 0 1 1 0 1 1 1 0 0 0 1 0 0 0 0 0 0 0 0
190	1	1 1 1 1 0 0 0 1 1 0 1 1 1 0 0 0 1 0 0 0
190	1	1 0 1 1 0 0 1 1 1 0 1 0 0 0 0 0 0 0 0 0
190	1	1 0 1 1 0 1 1 0 0 0 0 1 0 0 0 0 0 0 0 0
190	1	1 1 1 1 0 1 1 1 0 1 0 1 0 0 0 0 0 0 0 0
190	1	1 1 0 0 0 1 1 0 0 0 1 0 0 0 0 0 1 0 0 0
190	1	1 0 1 1 1 0 1 1 1 0 1 0 1 0 0 0 0 0 0 1
190	1	1 1 1 0 0 0 1 0 0 0 0 1 1 0 0 0 0 0 0 0
190	1	1 0 1 0 0 0 1 0 0 0 0 0 0 0 0 0 0 0 0 0
200	1	1 0 1 1 0 1 1 1 0 0 0 1 0 0 0 0 0 0 0 0
200	1	1 1 1 1 0 1 1 1 0 0 0 1 0 0 0 0 0 0 0 0
200	1	1 1 1 1 0 0 0 1 1 0 1 1 1 1 0 0 1 0 0 0
200	2	1 1 1 1 0 0 0 1 0 0 1 0 1 0 0 0 0 0 0 0
200	1	1 0 0 1 0 0 1 1 0 0 1 0 1 0 0 0 1 0 0 0
200	1	0 0 1 1 0 0 1 1 1 0 1 0 1 0 0 0 0 0 0 0
200	1	1 0 0 1 1 1 1 1 0 0 1 0 1 0 0 0 0 0 0 0
200	1	1 0 1 1 0 1 1 1 0 0 1 0 1 0 1 0 1 0 0 0
200	1	1 0 1 1 0 1 1 1 0 0 0 0 1 1 0 0 1 0 0 0
210	1	1 0 1 1 0 0 0 1 0 0 1 0 1 0 0 0 1 0 0 0
210	1	1 0 1 1 0 1 1 1 0 0 0 1 0 1 0 0 0 0 0 0
210	1	1 0 1 1 0 0 1 1 0 0 0 0 1 1 0 0 1 0 0 0
210	1	1 1 1 0 0 0 0 1 1 0 1 0 1 0 0 0 1 0 0 0
210	1	1 0 1 1 0 0 1 1 1 1 1 0 0 0 0 0 0 0 0 0
210	1	0 0 1 1 0 0 1 1 1 0 1 0 1 0 0 0 0 0 0 0
210	1	1 0 1 1 0 1 1 1 1 1 0 0 1 1 0 0 0 0 0 0
210	2	1 1 1 1 0 0 1 1 0 0 0 0 1 1 0 0 1 0 0 0
210	1	1 0 1 1 0 0 1 1 1 0 0 0 1 0 0 0 0 1 0 0
220	1	1 0 0 1 0 0 1 1 0 0 1 0 1 0 0 0 1 0 0 0
220	1	1 1 1 1 0 1 1 1 0 1 0 1 0 0 0 0 0 0 0 0
220	1	1 0 1 1 0 0 1 1 1 1 1 0 0 0 0 0 0 0 0 0
220	1	1 0 1 0 0 1 1 1 1 1 0 0 1 0 0 0 0 0 0 0
220	1	1 1 1 1 0 1 0 1 1 0 1 0 1 0 0 0 1 0 0 0
220	1	0 0 1 1 0 1 1 1 0 0 0 0 1 0 0 0 0 1 0 0
220	1	1 1 1 1 0 0 0 1 1 0 1 1 1 1 0 0 0 0 0 1
220	1	1 1 1 1 0 0 0 1 1 0 1 1 1 1 0 0 0 0 0 0
220	1	1 0 0 1 0 0 1 1 1 0 1 0 1 0 0 0 0 0 0 0
220	1	1 0 1 1 0 0 0 1 1 0 0 1 1 0 0 0 1 1 0 0
230	1	1 1 0 0 0 1 1 0 0 0 0 1 1 0 0 1 1 0 0 0
230	1	1 0 1 1 0 0 1 1 1 0 0 0 1 0 0 0 0 0 0 0
230	2	1 0 1 1 0 1 1 0 0 0 0 1 0 0 0 0 0 0 0 0
230	1	0 0 1 1 0 0 1 1 1 0 1 0 1 0 0 0 0 0 0 0
230	1	1 0 1 1 0 1 1 1 0 0 0 0 1 1 0 0 1 0 0 0
230	1	1 0 0 1 0 0 0 1 0 0 1 0 1 0 0 0 1 0 0 0
230	1	1 0 1 0 0 1 1 1 0 0 0 1 0 0 0 0 0 0 0 0
230	1	1 0 1 1 0 0 0 1 0 0 0 0 1 1 0 0 1 1 0 0
230	1	1 0 0 1 1 1 1 1 0 0 1 0 1 0 1 0 0 0 0 0
240	1	1 0 1 1 0 0 1 1 1 0 0 0 1 0 0 0 0 0 0 0
240	1	1 0 1 1 0 0 1 1 0 0 0 0 1 1 0 0 1 0 0 0
240	2	1 0 1 1 0 0 1 1 1 1 1 0 0 0 0 0 0 0 0 0
240	1	1 1 1 1 0 1 1 1 0 0 0 1 0 1 0 0 1 0 0 0
240	1	1 1 1 1 0 0 0 1 1 0 1 1 1 1 0 0 0 0 1 0
240	1	1 0 1 1 0 0 1 1 0 0 0 1 0 0 0 0 0 0 0 0
240	1	1 1 1 1 0 0 0 1 0 0 1 0 1 0 0 0 0 0 0 0
240	1	1 1 1 1 0 1 0 0 0 1 0 0 1 0 0 0 1 0 1 0
240	1	1 0 1 1 0 0 1 1 1 0 0 0 0 0 0 0 0 0 0 0
250	1	1 0 1 1 0 0 1 1 1 1 1 0 0 0 0 0 0 0 0 0
250	1	0 0 1 1 0 0 1 1 1 0 1 0 1 0 0 0 0 0 0 0
250	1	1 0 1 1 0 0 1 1 1 0 1 0 1 0 0 0 1 0 0 0
250	1	1 0 1 1 1 0 1 1 0 1 0 1 0 1 0 1 0 0 0 0
250	1	1 0 1 1 0 0 1 1 1 0 0 0 1 1 0 0 0 0 0 0
250	1	1 0 1 1 0 0 1 1 0 0 0 1 0 0 0 0 0 0 0 0
250	2	1 0 1 1 0 0 1 1 0 0 0 0 0 1 0 0 1 0 0 0
250	1	1 0 1 1 1 0 1 0 0 1 0 1 0 1 0 1 0 0 0 0
250	1	1 0 1 1 1 0 1 1 1 1 0 0 0 0 0 0 0 0 0 0
260	1	1 0 1 1 1 0 1 1 0 1 0 1 0 0 0 0 0 0 0 0
260	1	1 0 1 1 0 1 1 1 0 0 1 0 1 0 1 0 1 0 1 0
260	1	1 0 0 1 0 1 1 1 0 0 1 0 1 0 0 0 1 0 1 0
260	1	1 0 1 1 0 0 1 1 1 1 1 1 0 0 0 0 0 0 0 0
260	1	1 1 1 1 0 0 0 1 1 0 1 1 1 1 0 0 0 0 0 0
260	1	1 1 1 1 0 1 1 1 0 1 0 1 1 0 0 0 0 0 0 0
260	1	0 0 1 1 0 0 1 1 1 0 1 0 1 0 0 0 1 0 0 0
260	1	1 1 1 1 1 1 0 0 0 0 0 0 1 0 0 0 1 0 0 0
260	1	1 1 1 1 0 1 1 1 0 1 0 0 1 0 0 0 0 0 0 0
260	1	1 0 1 1 1 0 1 1 1 1 0 1 0 0 0 0 0 0 0 0
270	2	1 0 1 1 0 0 1 1 1 1 1 0 0 0 0 0 0 0 0 0
270	1	1 0 1 1 0 0 0 1 0 0 1 0 1 0 1 0 1 0 0 0
270	1	1 1 1 1 0 1 1 1 0 1 0 1 1 0 0 0 0 0 0 0
270	1	1 0 1 1 0 1 1 1 1 0 0 0 1 0 0 0 0 0 0 0
270	1	0 0 1 1 0 1 1 1 1 1 1 0 1 0 0 0 0 0 0 0
270	1	1 1 1 1 0 1 1 1 0 1 0 0 1 0 0 0 0 0 0 1
270	1	1 1 1 1 0 0 0 1 1 0 1 1 1 1 0 1 1 0 0 0
270	1	1 0 1 1 0 0 1 1 0 0 0 0 0 1 1 0 1 0 0 0
270	1	1 0 1 1 1 0 1 1 1 0 1 0 1 0 1 0 1 0 1 0
280	1	1 0 1 1 0 0 1 1 1 0 0 0 1 0 0 0 0 0 0 0
280	1	1 0 1 1 1 0 1 1 0 1 0 1 0 1 0 1 0 0 0 0
280	1	1 1 1 1 0 1 1 1 1 0 0 1 0 0 0 0 0 0 0 0
280	1	1 0 1 1 0 1 1 1 0 0 1 0 1 0 1 0 1 0 0 0
280	2	1 0 1 1 0 1 1 1 1 0 0 0 1 0 0 0 0 0 0 0
280	1	1 0 1 1 0 0 1 1 0 1 0 1 0 0 0 0 0 0 0 0
280	1	0 1 1 1 1 1 1 1 0 0 0 1 0 0 0 0 0 1 0 0
280	1	1 1 1 1 0 0 1 1 0 0 0 1 0 0 0 0 0 0 0 0
280	1	1 0 1 1 0 1 1 0 0 0 0 1 1 1 0 0 0 0 0 0
290	1	1 0 1 1 1 0 1 1 0 1 0 1 0 1 0 1 0 0 0 0
290	1	1 0 0 1 0 1 1 1 0 0 1 0 1 0 0 0 1 0 1 0
290	1	1 0 1 1 0 0 1 1 1 1 1 1 0 0 0 0 0 0 0 0
290	1	1 0 1 1 0 0 1 1 0 0 0 0 0 1 0 0 1 0 0 1
290	1	1 0 1 1 1 0 1 1 0 1 0 1 1 0 0 0 0 0 0 0
290	1	1 1 1 1 0 0 1 1 1 0 1 0 1 0 0 0 0 0 0 0
290	1	1 1 1 1 0 0 1 1 0 0 0 1 0 0 0 0 0 0 0 0
290	1	1 1 0 1 0 0 1 1 1 0 1 0 1 1 0 0 1 0 0 0
290	1	1 1 1 1 0 0 0 0 0 0 0 0 1 0 0 0 1 0 0 0
290	1	1 1 1 1 0 1 0 0 0 0 0 0 1 0 0 0 1 1 0 0
300	1	1 1 1 1 0 1 1 1 0 0 0 1 0 0 0 0 0 0 0 0
300	1	1 0 1 1 0 0 1 1 1 1 1 0 0 0 0 0 0 0 0 0
300	1	1 0 1 1 0 0 1 1 1 1 1 1 0 0 0 0 0 0 0 0
300	1	1 1 1 1 0 1 1 1 0 1 0 1 0 0 0 0 0 0 1 0
300	1	1 0 1 1 0 1 1 1 1 0 0 0 1 0 0 0 0 0 0 0
300	1	0 0 1 1 0 1 1 0 1 1 1 1 0 0 0 0 0 0 0 0
300	1	1 0 1 1 1 0 1 1 0 1 0 1 1 0 0 0 0 0 0 0
300	1	1 0 1 1 1 1 0 0 1 1 1 1 0 0 0 0 1 0 0 0
300	1	1 0 1 1 1 0 1 1 0 0 0 1 0 0 1 0 0 0 0 0
300	1	0 1 1 1 0 1 1 1 0 0 0 1 0 0 1 0 0 0 0 0
310	1	1 1 1 1 0 1 1 1 0 0 0 1 0 0 0 0 0 0 0 0
310	1	1 0 1 1 0 0 1 1 1 1 1 0 0 0 0 0 0 0 0 0
310	1	1 0 1 1 0 0 1 1 1 1 1 1 0 0 0 0 0 0 0 0
310	1	0 0 1 1 0 1 1 0 1 1 1 1 0 0 0 0 0 0 0 0
310	1	0 0 1 1 0 1 1 1 1 1 1 0 0 0 0 0 0 0 0 0
310	2	1 1 1 1 0 0 0 1 0 1 0 1 0 1 0 1 0 0 0 0
310	1	1 0 1 1 1 0 1 1 0 0 0 1 1 0 0 0 0 0 0 0
310	1	0 1 1 1 0 1 1 1 0 0 1 0 1 0 1 0 0 0 0 0
310	1	1 1 1 1 0 1 1 1 0 0 0 1 0 1 0 0 0 0 0 0
320	1	1 0 1 1 0 0 1 1 0 1 0 1 0 0 0 0 0 0 0 0
320	1	0 0 1 1 0 1 1 0 1 1 1 1 0 0 0 0 0 0 0 0
320	1	1 0 1 1 0 0 1 1 0 0 0 1 0 0 0 0 0 0 0 0
320	1	0 1 1 1 0 1 1 1 0 0 1 0 1 0 0 0 0 0 0 0
320	1	0 0 1 1 0 1 1 1 1 1 1 0 0 0 0 0 0 0 0 0
320	1	0 1 1 1 0 1 1 1 0 1 1 1 1 0 0 0 0 0 0 0
320	1	1 1 1 1 0 1 1 1 0 1 1 1 0 1 0 1 0 0 0 0
320	1	1 1 1 1 0 0 1 1 1 1 1 0 1 1 0 1 0 0 0 0
320	1	1 0 1 1 0 0 1 1 0 1 0 1 1 0 0 0 0 0 0 0
320	1	0 1 1 1 0 1 1 1 0 1 0 1 1 0 1 0 0 0 0 0
330	1	1 1 1 1 0 1 1 1 0 0 0 1 0 0 0 0 0 0 0 0
330	1	0 0 1 1 0 1 1 1 0 0 0 1 0 1 0 0 0 0 0 0
330	1	0 1 1 1 0 1 1 1 0 1 1 1 0 0 0 0 0 0 0 0
330	1	1 0 1 1 0 0 1 1 1 0 0 0 1 0 0 0 0 0 1 0
330	1	0 1 1 1 0 1 1 1 0 1 0 1 1 0 1 0 0 0 0 0
330	1	0 1 1 1 0 1 1 1 0 1 0 1 0 0 0 0 0 0 1 0
330	1	0 0 1 1 0 1 1 1 0 0 0 0 0 1 0 0 0 0 0 0
330	1	1 0 1 1 1 0 1 1 0 1 0 1 0 0 1 0 0 0 0 0
330	1	0 0 1 1 0 1 0 1 1 1 1 1 0 0 0 1 1 0 0 0
330	1	1 0 1 1 0 0 1 0 1 1 1 0 0 0 0 0 0 0 0 0
340	1	1 1 1 1 0 0 1 1 0 1 0 1 0 1 0 1 0 0 0 0
340	1	0 1 1 1 0 1 1 1 0 0 1 0 1 0 0 0 0 0 0 0
340	2	0 0 1 1 0 1 1 1 0 0 0 1 0 1 0 1 0 0 0 0
340	1	1 1 1 1 0 1 1 1 0 0 0 1 0 1 0 0 0 0 0 0
340	1	0 1 1 1 0 0 0 1 0 0 0 1 0 1 0 1 0 0 0 0
340	1	0 1 1 1 0 1 1 1 0 0 1 1 0 0 0 0 0 0 0 0
340	1	1 1 1 1 0 1 1 1 0 1 0 1 0 1 0 1 0 0 0 0
340	1	0 0 1 1 0 0 1 1 0 0 0 1 0 1 0 0 0 0 0 0
340	1	1 1 1 1 0 1 1 1 1 1 1 1 0 0 0 0 0 0 0 0
350	1	1 1 1 1 0 1 1 1 0 1 0 1 0 0 0 0 0 0 1 0
350	1	1 1 1 1 0 0 1 1 0 1 0 1 0 1 0 1 0 0 0 0
350	1	0 0 1 1 0 1 1 1 1 1 1 0 0 0 0 0 0 0 0 0
350	1	1 1 1 1 0 1 1 1 0 1 1 1 0 0 0 0 0 0 0 0
350	1	0 0 1 1 0 1 1 1 0 0 0 1 0 1 0 1 0 0 0 0
350	1	0 0 1 1 0 1 1 1 0 0 0 0 0 1 0 0 0 0 0 0
350	1	0 1 1 1 0 0 0 1 0 0 0 1 0 1 0 1 0 0 0 0
350	1	0 1 1 1 0 1 1 1 0 0 1 1 0 0 0 0 0 0 0 0
350	1	1 1 1 1 0 0 1 1 1 0 0 0 1 0 0 0 0 0 1 0
350	1	1 1 1 1 0 0 1 1 0 0 0 1 0 0 0 0 0 0 1 0
360	1	0 0 1 1 0 1 1 1 1 1 1 0 0 0 0 0 0 0 0 0
360	1	1 1 1 1 0 0 1 1 0 1 0 0 0 1 0 1 0 0 0 0
360	1	1 1 1 1 0 1 1 1 0 1 1 1 0 0 0 0 0 0 0 0
360	1	0 0 1 1 1 0 1 1 0 0 0 1 0 0 1 0 0 0 0 0
360	1	0 1 1 1 0 0 0 1 0 0 0 1 0 1 0 1 0 0 0 0
360	1	0 1 1 1 0 0 1 1 0 1 0 1 0 0 0 0 0 0 1 0
360	1	0 0 1 1 0 0 1 1 1 1 1 1 0 0 0 0 0 0 0 0
360	1	1 1 1 1 0 0 0 1 0 1 0 1 0 1 1 0 0 0 0 0
360	1	1 1 1 1 0 1 1 1 0 1 0 1 0 0 0 0 0 1 1 0
360	1	0 0 1 1 0 1 1 1 1 1 0 1 0 1 0 1 0 0 0 0
370	1	1 1 1 1 0 0 1 1 0 1 0 1 0 1 0 1 0 0 0 0
370	2	1 1 1 1 0 0 0 1 0 1 0 1 0 1 0 1 0 0 0 0
370	2	1 1 1 1 0 0 1 1 1 0 1 0 1 1 0 1 0 0 0 0
370	1	1 1 1 1 0 1 1 1 0 1 0 1 0 1 0 1 0 0 0 0
370	2	1 1 1 1 0 0 0 1 0 1 0 1 0 1 1 0 0 0 0 0
370	1	0 1 1 1 0 0 0 1 0 1 0 1 0 1 0 1 0 0 0 0
370	1	0 1 1 1 0 1 1 1 0 0 1 1 0 0 1 0 0 0 0 0
380	2	1 1 1 1 0 0 1 1 0 1 0 1 0 1 0 1 0 0 0 0
380	1	1 1 1 1 0 0 0 1 0 1 0 1 0 1 0 1 0 0 0 0
380	1	0 0 1 1 0 1 1 1 0 0 0 1 0 1 0 1 0 0 0 0
380	1	0 0 1 1 1 0 1 1 0 0 0 1 0 0 1 0 0 0 0 0
380	1	0 1 1 1 0 1 1 1 0 0 0 1 0 1 1 0 0 0 0 0
380	1	1 1 1 1 0 0 0 1 0 1 0 1 0 1 1 0 0 0 0 0
380	1	1 1 1 1 1 1 1 0 0 1 1 1 0 0 0 0 0 0 0 0
380	1	1 1 1 1 0 0 0 1 0 0 0 1 0 1 0 1 0 0 0 0
380	1	1 1 1 1 0 0 0 1 0 0 0 1 1 1 0 1 0 0 0 0
390	2	0 1 1 1 0 1 1 1 0 0 0 1 0 1 1 0 0 0 0 0
390	2	1 1 1 1 0 0 0 1 0 1 0 1 0 1 1 0 0 0 0 0
390	1	1 1 1 1 0 0 0 1 0 1 0 1 0 1 1 1 0 0 0 0
390	1	0 1 1 1 0 1 1 1 0 1 0 1 1 0 0 0 0 0 0 0
390	1	1 1 1 1 0 0 1 1 0 0 0 1 0 1 1 0 0 0 0 0
390	1	1 1 1 1 0 1 1 1 0 1 0 1 0 1 0 1 0 1 1 1
390	1	0 1 1 1 0 1 1 1 0 1 1 1 0 0 1 0 0 0 0 0
390	1	1 0 1 1 0 1 0 1 0 1 0 1 1 0 0 0 0 0 0 1
400	1	1 1 1 1 0 0 1 1 0 1 0 1 0 1 0 1 0 0 0 0
400	1	1 1 1 1 0 1 1 1 0 1 0 1 0 1 0 1 0 0 0 0
400	1	1 1 1 1 0 0 0 1 0 1 0 1 0 1 1 0 0 0 0 1
400	1	1 1 1 1 0 0 1 1 0 1 0 1 0 0 0 0 0 0 0 0
400	1	0 1 1 1 0 0 1 1 0 1 0 1 0 1 0 0 0 0 1 0
400	1	0 1 1 1 1 1 1 1 0 1 0 1 1 0 1 1 0 0 0 0
400	2	0 1 1 1 0 0 0 0 0 1 0 1 0 1 0 1 0 0 0 1
400	1	1 1 1 1 1 0 0 1 0 1 0 1 1 1 0 0 0 0 0 0
400	1	0 0 1 1 0 1 1 1 0 1 0 1 0 0 1 0 0 0 0 0
410	1	1 1 1 1 0 0 1 1 0 1 0 1 0 1 0 1 0 0 0 0
410	2	1 1 1 1 0 0 0 1 0 1 0 1 0 1 0 1 0 0 0 0
410	1	1 1 1 1 0 0 1 1 0 1 0 0 0 1 0 1 0 0 0 0
410	1	1 1 1 1 0 0 1 1 0 1 1 1 0 0 0 0 0 0 0 0
410	1	0 1 1 1 0 0 0 1 0 1 0 1 0 1 0 1 0 0 0 0
410	1	1 1 1 1 0 0 0 1 0 1 1 1 0 1 0 1 0 0 0 0
410	1	1 1 1 1 0 1 1 0 0 1 0 1 0 0 1 0 1 0 0 0
410	1	0 1 1 1 0 0 0 0 0 1 0 1 0 1 0 1 0 0 0 0
410	1	1 1 1 1 1 1 1 0 0 1 1 1 0 0 0 1 0 0 0 0
420	1	0 0 1 1 0 1 0 1 0 1 0 1 0 1 0 1 0 0 0 0
420	1	1 1 1 1 0 0 1 1 0 1 1 1 0 0 0 0 0 0 0 0
420	1	1 1 1 1 0 0 0 1 0 1 0 1 0 1 1 0 0 0 0 0
420	1	0 1 1 1 0 0 0 1 0 1 0 1 0 1 0 1 0 0 0 0
420	1	0 1 1 1 1 1 1 1 0 1 0 1 1 0 1 0 0 0 0 0
420	1	0 1 1 1 0 1 1 1 0 0 0 0 0 1 1 0 0 0 0 0
420	1	0 1 1 1 1 1 1 1 0 1 0 1 1 0 1 0 0 0 0 1
420	1	0 1 1 1 0 1 1 1 0 1 0 1 0 1 0 1 0 0 1 0
420	1	0 1 1 1 0 1 1 1 1 0 0 1 0 1 1 1 0 0 0 0
420	1	0 0 1 1 0 0 1 1 0 1 1 1 0 0 0 0 0 0 0 0
430	1	0 1 1 1 0 0 0 1 0 0 0 1 0 1 0 1 0 0 0 0
430	1	0 1 1 1 0 1 1 1 0 0 0 1 0 1 1 0 0 0 0 0
430	1	0 1 1 1 1 1 1 1 0 1 0 1 1 0 1 0 0 0 0 0
430	1	0 0 1 1 1 0 1 1 1 0 0 1 0 0 1 0 0 0 0 0
430	1	0 1 0 1 0 1 1 1 0 0 0 1 0 1 1 0 0 0 0 0
430	1	0 1 1 1 0 1 1 0 0 0 0 1 0 1 1 0 0 0 0 0
430	2	0 1 1 1 1 1 1 1 0 1 0 0 1 0 1 0 0 0 0 0
430	1	0 0 1 1 1 0 1 1 0 0 0 1 0 0 1 1 0 0 0 0
430	1	0 0 1 0 0 1 0 1 0 1 0 1 0 1 0 1 0 0 0 0
440	1	0 1 1 1 0 1 1 1 0 0 0 1 0 1 1 0 0 0 0 0
440	2	0 1 1 1 1 1 1 1 0 1 0 1 1 0 1 0 0 0 0 0
440	1	0 0 1 1 1 0 1 1 0 0 0 0 0 0 1 0 0 0 0 0
440	1	0 1 1 1 1 1 1 1 0 1 0 0 1 0 1 0 0 0 0 0
440	1	0 1 1 0 0 0 0 1 0 0 0 1 0 1 1 0 0 0 0 0
440	1	1 1 1 1 0 0 1 1 0 1 0 1 1 0 0 0 0 0 0 0
440	1	0 0 1 1 1 0 1 0 0 0 0 1 0 0 1 1 0 0 0 0
440	1	0 0 1 1 1 1 0 1 0 1 0 1 0 1 0 1 0 0 0 0
440	1	0 1 1 1 0 0 0 1 0 1 0 1 1 1 0 1 0 0 0 0
450	1	0 0 1 1 0 0 1 1 0 0 0 1 0 0 1 0 0 0 0 0
450	1	0 1 0 1 0 1 1 1 0 0 0 1 0 1 1 0 0 0 0 0
450	1	0 1 1 1 1 1 1 1 0 1 0 0 1 0 1 0 0 0 0 0
450	1	0 0 1 1 0 0 1 1 0 1 0 1 0 0 1 0 0 0 0 0
450	1	0 0 1 1 1 0 0 0 0 0 0 1 0 0 1 1 0 0 0 0
450	1	0 1 1 1 0 1 1 1 0 1 0 1 1 0 1 0 0 0 0 0
450	1	1 1 0 1 0 1 1 1 1 0 0 0 0 1 1 0 0 1 0 0
450	1	0 0 1 1 0 0 1 1 0 0 0 1 0 1 1 0 0 0 1 0
450	1	0 0 1 1 0 1 1 1 0 0 0 1 1 1 1 0 0 0 0 0
450	1	0 1 0 1 0 1 1 1 0 1 1 1 0 0 0 0 0 0 0 0
460	1	0 1 1 1 1 1 1 1 0 1 0 1 1 0 1 0 0 0 0 0
460	1	0 0 1 1 0 0 1 1 0 0 0 1 0 0 1 0 0 0 0 0
460	1	0 0 1 1 1 0 1 1 1 0 0 1 0 0 1 0 0 0 0 0
460	1	0 1 0 1 0 1 1 1 0 0 0 1 0 1 1 0 0 0 0 0
460	1	0 1 1 1 1 1 1 0 0 0 0 1 1 1 1 0 0 0 0 0
460	1	0 1 1 1 1 1 1 1 0 0 0 1 0 1 0 0 0 0 0 0
460	1	0 1 1 1 0 1 1 1 0 0 0 1 1 1 1 0 0 0 0 0
460	1	0 1 1 1 1 1 1 1 0 1 0 1 1 0 1 0 0 1 0 0
460	1	0 1 1 1 0 0 0 1 0 1 0 1 0 1 0 0 0 0 0 0
460	1	0 1 1 1 1 1 1 1 0 1 0 1 1 0 1 0 0 0 0 1
470	2	0 1 1 1 1 1 1 1 0 1 0 1 1 0 1 0 0 0 0 0
470	1	0 0 1 1 1 0 1 1 0 0 0 0 0 0 1 0 0 0 0 0
470	1	0 0 1 1 1 0 1 1 1 0 0 1 0 0 1 0 0 0 0 0
470	2	0 1 1 1 1 1 1 1 0 0 0 1 0 1 0 0 0 0 0 0
470	1	0 1 1 1 0 1 1 1 0 0 0 1 1 1 1 0 0 0 0 0
470	1	0 1 1 1 0 0 1 1 0 1 0 1 0 1 0 1 0 0 0 0
470	1	0 1 1 1 1 1 1 1 0 1 0 1 1 0 1 0 0 0 0 1
470	1	0 1 1 1 0 1 1 1 0 0 0 1 0 1 0 0 0 0 0 0
480	1	0 1 1 1 1 1 1 1 0 1 0 1 1 0 1 0 0 0 0 0
480	1	0 0 1 1 0 1 1 1 0 0 0 1 1 1 1 0 0 0 0 0
480	1	0 1 0 1 0 0 0 1 0 0 0 1 0 1 1 0 0 0 0 0
480	1	0 0 1 1 1 0 1 0 1 0 0 1 0 0 1 0 0 0 0 0
480	1	0 1 1 1 1 0 1 1 0 1 0 1 1 0 1 0 0 0 0 0
480	1	0 0 1 1 1 1 1 1 1 1 0 1 0 1 1 0 0 0 0 0
480	1	0 1 1 1 0 1 1 1 0 0 0 1 0 0 1 0 0 1 0 0
480	1	0 1 1 1 1 1 1 1 0 0 0 1 0 0 1 0 0 0 0 0
480	1	0 1 1 1 1 1 1 1 0 1 0 1 1 0 1 0 0 0 1 0
480	1	0 1 1 1 0 0 1 1 0 0 0 1 0 1 0 1 0 0 0 0
490	1	0 1 1 1 1 1 1 1 0 0 0 1 0 1 0 0 0 0 0 0
490	1	0 1 1 1 0 1 1 1 0 0 0 1 1 1 1 0 0 0 0 0
490	1	0 1 1 1 1 1 1 1 0 1 0 1 1 0 1 0 0 1 0 0
490	1	0 1 1 1 1 1 1 1 0 1 0 1 1 1 1 0 0 0 0 0
490	1	0 1 1 1 0 0 0 1 0 0 0 1 0 1 1 1 0 0 0 0
490	1	1 1 1 1 1 1 1 1 0 0 0 1 1 0 1 1 0 0 0 0
490	1	0 1 0 1 0 0 0 1 0 1 0 1 0 1 0 1 0 0 0 0
490	1	0 1 1 1 1 1 1 1 0 0 0 1 0 0 1 1 0 0 0 0
490	1	0 1 1 1 1 1 0 1 0 0 0 1 1 1 1 0 0 0 0 0
490	1	1 1 1 1 1 1 1 1 0 0 1 1 1 0 1 1 0 0 0 0
500	1	0 1 1 1 0 0 0 1 0 1 0 1 0 1 0 1 0 0 0 0
500	1	0 1 1 1 1 1 1 1 0 1 0 1 1 0 1 0 0 0 0 0
500	1	0 1 1 1 1 1 1 1 0 1 0 0 1 0 1 0 0 0 0 0
500	1	0 1 1 1 1 1 1 1 0 0 0 1 1 0 1 0 0 0 0 0
500	1	0 1 1 1 1 1 1 1 0 1 0 1 1 0 1 0 0 1 0 0
500	1	0 1 1 1 0 0 0 1 0 1 0 1 0 1 0 0 0 0 0 0
500	1	0 1 1 0 1 1 1 1 0 1 0 1 1 1 1 0 0 0 0 0
500	1	0 1 1 1 1 1 1 1 0 0 0 1 1 0 1 1 0 0 0 0
500	1	0 0 1 1 1 0 1 0 0 0 1 1 0 0 1 1 0 0 0 1
500	1	0 1 1 0 1 1 1 1 0 1 0 0 1 0 1 0 0 0 1 0
