0	14	0 0 0 1 1 0 1 0 0 0 0 1 0 0 0 0 1 0 0 1
0	9	0 0 1 0 0 0 1 0 0 0 0 0 0 0 0 0 0 0 1 0
0	16	0 0 0 1 0 0 0 1 0 0 0 0 0 0 0 1 0 0 1 0
0	11	0 0 0 0 0 0 1 0 1 0 1 0 0 0 0 0 1 0 0 1
10	5	0 0 0 1 1 0 1 0 0 0 0 1 0 0 0 0 1 0 0 1
10	17	0 0 1 0 0 0 1 0 0 0 0 0 0 0 0 0 0 0 1 0
10	4	0 0 0 1 0 0 0 1 0 0 0 0 0 0 0 1 0 0 1 0
10	14	0 0 0 0 0 0 1 0 1 0 1 0 0 0 0 0 1 0 0 1
10	1	0 0 0 1 1 0 1 0 0 0 1 0 0 0 0 0 1 0 0 1
10	1	0 0 0 0 0 0 1 0 1 0 1 0 0 0 0 0 1 0 1 0
10	2	0 0 1 0 0 0 1 0 1 0 1 0 0 0 0 0 1 0 0 1
10	1	0 0 0 1 1 0 0 1 0 0 0 0 0 0 0 1 0 0 1 0
10	2	0 0 1 0 0 0 1 0 0 0 0 0 0 0 0 0 1 0 1 0
10	1	0 0 1 0 0 0 1 0 0 0 1 0 0 0 0 0 0 0 1 0
10	1	0 0 0 0 0 0 1 0 1 0 1 0 0 0 1 0 1 0 0 1
10	1	0 0 0 1 1 0 1 0 0 0 0 0 0 0 0 0 0 0 1 1
20	3	0 0 0 1 1 0 1 0 0 0 0 1 0 0 0 0 1 0 0 1
20	11	0 0 1 0 0 0 1 0 0 0 0 0 0 0 0 0 0 0 1 0
20	5	0 0 0 1 0 0 0 1 0 0 0 0 0 0 0 1 0 0 1 0
20	5	0 0 0 0 0 0 1 0 1 0 1 0 0 0 0 0 1 0 0 1
20	4	0 0 0 1 1 0 1 0 1 0 1 0 0 0 0 0 1 0 0 1
20	1	0 0 0 0 0 0 0 1 0 0 0 0 0 0 0 1 0 0 1 0
20	1	0 0 1 1 0 0 1 0 0 0 0 0 0 0 0 0 0 0 1 0
20	2	0 0 0 0 0 0 1 0 1 0 1 0 0 0 0 0 0 0 1 0
20	1	0 0 1 0 0 0 1 0 0 0 0 0 0 0 0 1 0 0 1 0
20	3	0 0 1 0 0 0 1 0 0 0 0 0 0 0 0 0 0 0 0 1
20	2	0 0 0 0 0 0 1 0 1 0 1 0 0 0 1 0 1 0 0 1
20	1	0 0 1 0 0 0 1 0 0 1 0 0 0 0 0 0 0 0 1 0
20	1	0 0 0 0 0 0 1 0 1 1 1 0 0 0 0 0 1 0 1 0
20	3	0 0 1 0 0 0 1 0 0 0 0 0 0 0 0 0 0 0 0 0
20	1	0 0 1 0 0 0 1 0 0 0 0 0 0 0 0 0 0 1 1 0
20	2	0 0 0 1 0 0 1 0 1 0 1 0 0 0 0 0 1 0 0 1
20	1	0 0 1 1 0 0 1 0 1 0 1 0 0 1 0 0 1 0 0 1
20	1	0 0 0 1 0 0 0 1 0 0 0 0 0 0 0 1 0 0 1 1
20	1	0 0 1 0 0 0 1 0 0 0 0 1 0 0 0 0 0 0 1 0
20	1	0 0 0 0 0 0 1 0 1 0 1 0 0 1 0 0 0 0 0 1
30	4	0 0 0 1 1 0 1 0 0 0 0 1 0 0 0 0 1 0 0 1
30	9	0 0 1 0 0 0 1 0 0 0 0 0 0 0 0 0 0 0 1 0
30	6	0 0 0 0 0 0 1 0 1 0 1 0 0 0 0 0 1 0 0 1
30	2	0 0 0 1 1 0 1 0 1 0 1 0 0 0 0 0 1 0 0 1
30	1	0 0 0 0 0 0 0 1 0 0 0 0 0 0 0 1 0 0 1 0
30	1	0 0 1 0 0 0 0 0 0 0 0 0 0 0 0 0 0 0 1 0
30	1	0 0 1 0 0 0 1 0 0 0 0 0 0 0 0 0 0 0 0 1
30	1	0 0 1 0 0 0 1 0 0 0 0 0 0 0 0 0 1 0 1 0
30	2	0 0 0 0 0 0 1 0 1 0 1 0 0 0 1 0 1 0 0 1
30	1	0 0 0 1 0 0 1 0 0 0 0 0 0 0 0 0 1 0 1 0
30	3	0 0 0 0 0 0 1 1 1 0 1 0 0 0 0 0 1 0 0 0
30	1	0 0 1 0 0 0 0 1 0 0 0 0 0 0 0 1 0 0 1 0
30	2	0 0 1 0 0 0 1 0 0 0 0 0 0 0 0 0 0 0 0 0
30	2	0 0 0 1 0 0 1 0 1 0 1 0 0 0 0 0 1 0 0 1
30	1	0 0 0 0 0 0 1 0 1 0 1 1 0 0 0 0 1 0 0 0
30	1	0 0 1 0 0 0 1 0 0 0 1 0 0 0 0 0 1 0 0 1
30	1	0 0 0 0 0 0 1 0 1 0 1 0 0 0 0 0 1 0 0 0
30	1	0 0 0 1 0 1 1 0 1 0 1 0 0 0 0 0 1 0 0 1
30	1	0 0 1 0 0 0 1 0 1 0 1 1 0 0 0 0 1 0 0 1
30	1	0 0 0 1 1 1 1 0 1 0 1 0 0 0 0 0 1 0 0 1
30	1	0 0 0 0 0 0 0 0 1 0 1 0 0 0 0 1 1 0 0 1
30	1	0 0 0 1 0 0 1 0 1 1 1 0 0 0 0 0 1 0 0 1
30	1	0 0 0 0 0 0 1 0 1 1 1 0 0 0 0 0 1 0 0 1
30	1	1 0 1 0 0 0 0 0 0 0 0 0 0 0 0 0 0 0 1 0
30	1	0 0 0 0 0 0 0 1 0 0 0 0 0 0 0 0 0 0 1 0
30	1	0 0 1 0 0 0 1 0 0 0 0 0 1 0 1 0 0 0 1 0
30	1	0 0 0 0 0 1 1 0 1 0 1 0 1 0 0 0 1 0 0 0
30	1	0 0 1 0 0 0 1 0 0 0 0 1 0 0 0 0 1 0 0 1
40	4	0 0 1 0 0 0 1 0 0 0 0 0 0 0 0 0 0 0 1 0
40	1	0 0 0 1 0 0 0 1 0 0 0 0 0 0 0 1 0 0 1 0
40	1	0 0 0 0 0 0 1 0 1 0 1 0 0 0 0 0 1 0 0 1
40	2	0 0 0 1 1 0 1 0 1 0 1 0 0 0 0 0 1 0 0 1
40	2	0 0 0 1 0 0 0 1 0 0 0 0 0 1 0 1 0 0 1 0
40	1	0 0 0 0 0 0 0 1 0 0 0 0 0 0 0 1 0 0 1 0
40	6	0 0 1 0 0 0 1 0 1 0 1 0 0 0 0 0 1 0 0 1
40	1	0 0 0 0 0 0 1 0 1 0 1 0 0 0 0 0 0 0 1 0
40	1	0 0 0 0 0 0 0 1 0 0 0 1 0 0 0 0 0 0 1 0
40	1	0 0 1 0 0 0 1 0 0 0 0 0 0 0 0 0 1 0 1 0
40	1	0 0 0 0 0 0 1 0 1 1 1 0 0 0 0 0 1 0 1 0
40	2	0 0 0 0 0 0 1 1 1 0 1 0 0 0 0 0 1 0 0 0
40	1	0 0 1 0 0 0 1 0 0 0 0 0 0 0 0 0 0 1 1 0
40	1	0 0 0 1 0 0 1 0 1 0 1 0 0 0 0 0 1 0 0 1
40	1	0 0 0 0 0 0 1 0 1 0 1 1 0 0 0 0 1 0 0 0
40	1	0 0 0 1 0 1 1 0 1 0 1 0 0 0 0 0 1 0 0 1
40	1	0 1 1 0 0 0 1 0 0 0 0 0 0 0 0 0 0 0 1 0
40	1	0 0 1 0 0 0 1 1 0 0 0 0 0 0 0 0 0 0 1 0
40	1	0 0 1 0 0 0 1 0 1 0 1 1 0 0 0 0 1 0 0 0
40	2	0 0 1 0 0 0 1 0 1 0 1 1 0 0 0 0 1 0 0 1
40	1	0 0 1 0 0 0 1 0 1 0 1 0 0 0 0 0 1 0 0 0
40	1	0 0 0 0 0 0 1 0 0 0 0 0 0 0 0 0 1 0 1 0
40	1	0 0 0 1 0 0 0 1 0 0 0 1 0 0 0 1 0 0 1 0
40	2	0 0 1 1 0 0 0 0 1 0 0 0 0 0 0 1 1 0 1 0
40	1	0 0 0 1 1 0 1 0 0 0 1 0 0 0 0 0 1 0 0 1
40	1	0 0 1 0 0 0 1 0 1 0 1 0 0 0 0 1 1 0 0 1
40	2	0 0 0 1 1 0 1 0 1 0 1 0 0 0 0 0 0 0 1 0
40	1	0 0 1 0 0 0 1 0 0 0 0 0 0 0 0 1 1 0 0 1
40	1	0 0 0 1 0 0 1 0 1 0 1 0 0 0 0 0 0 0 1 0
40	1	0 1 0 1 0 0 1 0 1 0 1 0 0 0 0 0 1 0 0 1
40	1	0 0 1 0 0 0 0 1 0 0 0 0 0 0 0 0 0 0 1 0
40	1	0 0 1 0 0 0 1 0 1 0 1 0 0 0 0 0 0 0 0 1
40	1	0 0 0 0 0 0 1 0 1 0 1 0 0 0 1 0 0 0 0 1
40	1	0 0 1 0 0 0 1 0 0 0 0 0 0 0 1 0 1 0 0 1
40	1	0 0 1 0 0 0 1 1 0 0 0 0 0 0 0 0 1 0 1 0
40	1	0 0 0 0 0 0 1 0 1 0 1 0 0 0 1 0 0 0 1 0
50	3	0 0 1 0 0 0 1 0 0 0 0 0 0 0 0 0 0 0 1 0
50	1	0 0 0 0 0 0 1 0 1 0 1 0 0 0 0 0 1 0 0 1
50	1	0 0 0 1 1 0 1 0 1 0 1 0 0 0 0 0 1 0 0 1
50	3	0 0 1 0 0 0 1 0 1 0 1 0 0 0 0 0 1 0 0 1
50	1	0 0 1 0 0 0 1 0 0 0 0 0 0 0 0 0 1 0 1 0
50	2	0 0 0 0 0 0 1 1 1 0 1 0 0 0 0 0 1 0 0 0
50	2	0 0 0 1 0 0 1 0 1 0 1 0 0 0 0 0 1 0 0 1
50	1	0 0 0 0 0 0 1 0 1 0 1 1 0 0 0 0 1 0 0 0
50	2	0 0 1 0 0 0 1 0 0 0 0 0 0 0 0 0 0 0 1 1
50	2	0 0 1 0 0 0 1 0 1 0 1 1 0 0 0 0 1 0 0 0
50	1	0 0 0 0 0 0 1 0 1 1 1 0 0 0 0 0 1 0 1 1
50	1	0 0 1 0 0 0 1 0 0 0 1 0 0 0 0 0 1 0 0 0
50	2	0 0 1 1 0 0 0 0 1 0 0 0 0 0 0 1 1 0 1 0
50	1	0 0 0 1 0 0 1 0 0 0 0 0 0 0 0 0 1 0 0 0
50	1	0 0 0 0 0 0 1 0 1 0 1 0 0 1 1 0 1 0 0 1
50	3	0 0 0 1 1 0 1 0 1 0 1 0 0 0 0 0 0 0 1 0
50	1	0 0 1 0 0 0 1 0 0 0 0 0 0 0 0 1 1 0 0 1
50	2	1 0 0 0 0 0 1 1 1 0 1 0 0 0 0 0 1 0 0 0
50	3	0 1 0 1 0 0 1 0 1 0 1 0 0 0 0 0 1 0 0 1
50	1	0 1 0 1 0 0 1 0 0 0 0 0 0 0 0 1 1 0 1 0
50	1	0 0 1 0 0 0 0 1 1 0 1 1 0 0 0 0 1 0 0 0
50	1	0 0 1 0 0 0 1 1 0 0 0 0 0 0 0 0 1 0 1 0
50	1	0 0 0 0 0 0 1 0 1 0 1 0 0 0 0 0 1 1 1 0
50	4	0 0 1 0 0 0 1 0 1 0 1 0 0 1 0 0 1 0 0 1
50	1	0 0 0 0 0 0 1 1 1 0 1 0 1 0 0 0 1 0 0 0
50	1	0 0 0 0 0 0 0 0 1 0 1 0 0 0 0 0 1 0 0 1
50	1	0 0 0 0 0 0 1 0 0 0 1 0 0 0 0 0 1 0 0 0
50	1	0 0 0 0 0 0 1 0 1 1 1 1 0 0 0 0 1 0 1 0
50	1	0 0 1 0 0 0 1 1 1 0 1 0 0 0 0 0 1 0 0 0
50	1	0 0 0 1 0 0 1 0 0 0 0 0 0 0 0 1 1 0 1 0
50	1	0 0 1 0 0 0 0 0 0 0 0 0 0 0 0 0 0 0 1 0
50	1	0 0 0 0 0 0 1 0 1 0 1 1 0 0 0 0 0 0 0 0
50	1	0 0 0 0 0 0 1 1 1 0 1 1 0 0 0 0 1 0 1 0
60	1	0 0 0 0 0 0 1 0 1 0 1 0 0 0 0 0 1 0 0 1
60	1	0 0 0 1 1 0 1 0 1 0 1 0 0 0 0 0 1 0 0 1
60	2	0 0 1 0 0 0 1 0 1 0 1 0 0 0 0 0 1 0 0 1
60	3	0 0 1 0 0 0 1 0 0 0 0 0 0 0 0 0 1 0 1 0
60	1	0 0 0 0 0 0 1 1 1 0 1 0 0 0 0 0 1 0 0 0
60	3	0 0 0 0 0 0 1 0 1 0 1 1 0 0 0 0 1 0 0 0
60	1	0 0 1 0 0 0 1 0 0 0 1 0 0 0 0 0 1 0 0 1
60	1	0 1 1 0 0 0 1 0 0 0 0 0 0 0 0 0 0 0 1 0
60	2	0 0 1 0 0 0 1 0 1 0 1 1 0 0 0 0 1 0 0 1
60	2	0 0 1 0 0 0 1 0 1 0 1 0 0 0 0 0 0 0 1 0
60	1	0 0 0 1 1 0 1 0 0 0 0 0 0 0 1 0 1 0 1 1
60	1	0 0 0 1 0 0 1 0 0 1 0 0 0 0 0 0 1 0 1 0
60	3	0 0 1 0 0 0 1 0 0 0 0 0 1 0 1 0 1 0 1 0
60	1	1 0 0 0 0 0 1 1 1 0 1 0 0 0 0 0 1 0 0 0
60	1	0 1 0 1 0 0 1 0 1 0 1 0 0 0 0 0 1 0 0 1
60	3	1 0 1 0 0 0 1 0 1 0 1 0 0 0 1 0 1 0 0 1
60	1	0 0 1 0 0 0 1 0 1 0 1 0 0 1 0 0 1 0 0 1
60	2	1 0 1 1 0 0 0 0 1 0 0 0 0 0 0 1 1 0 1 0
60	1	0 0 0 0 0 0 1 0 0 0 0 0 0 0 0 1 1 0 1 0
60	1	0 0 0 0 0 0 1 0 1 0 1 1 0 0 0 0 0 0 0 0
60	1	0 0 0 1 1 0 1 0 1 0 1 1 0 0 0 0 1 0 0 1
60	1	0 0 0 0 0 0 1 0 1 0 1 0 0 1 0 0 1 0 0 1
60	2	0 0 1 0 0 0 1 0 1 0 1 1 1 0 0 0 1 0 0 0
60	1	1 0 1 0 0 0 1 0 0 0 1 0 0 0 0 0 1 0 0 0
60	1	0 0 1 0 0 0 1 0 1 0 1 0 0 1 0 0 1 0 0 0
60	1	0 0 0 1 1 0 1 0 1 0 1 0 0 0 0 0 1 0 1 0
60	1	0 0 0 1 1 0 1 0 0 0 0 0 0 0 0 0 1 0 1 0
60	1	1 0 0 1 0 0 1 1 1 0 1 0 0 0 0 0 1 0 0 0
60	1	0 0 1 1 0 0 1 0 0 0 0 0 0 0 0 0 1 0 1 0
60	1	0 0 1 0 0 0 1 0 0 0 1 1 0 0 0 0 1 0 0 1
60	1	0 0 0 0 0 0 1 0 1 0 0 0 0 0 0 0 1 0 1 0
60	1	0 1 0 1 0 0 1 0 1 0 0 0 0 0 0 0 0 0 1 0
60	1	1 0 0 0 0 0 1 0 0 0 0 0 0 0 0 0 1 0 1 0
60	1	0 0 0 1 0 0 1 1 0 1 0 0 0 0 0 0 0 0 1 0
60	1	1 0 0 0 0 0 0 1 1 0 1 0 0 0 0 0 1 0 0 0
60	1	0 0 0 0 0 0 1 0 1 0 0 1 0 0 0 0 1 0 0 1
60	1	0 0 0 1 1 0 1 0 1 0 1 0 0 0 0 0 1 0 0 0
70	1	0 0 0 1 1 0 1 0 1 0 1 0 0 0 0 0 1 0 0 1
70	1	0 0 1 0 0 0 1 0 1 0 1 0 0 0 0 0 1 0 0 1
70	1	0 0 1 0 0 0 1 0 0 0 0 0 0 0 0 0 1 0 1 0
70	2	0 0 0 1 0 0 1 0 0 0 0 0 0 0 0 0 1 0 1 0
70	1	0 0 0 0 0 0 1 0 1 0 1 1 0 0 0 0 1 0 0 0
70	1	0 0 0 0 0 0 1 0 1 0 1 0 0 0 0 0 1 0 0 0
70	7	0 0 1 0 0 0 1 0 1 0 1 1 0 0 0 0 1 0 0 1
70	2	0 0 1 0 0 0 1 0 0 0 1 0 0 0 0 0 1 0 0 0
70	4	0 1 0 1 0 0 1 0 1 0 1 0 0 0 0 0 1 0 0 1
70	1	1 0 1 0 0 0 1 0 1 0 1 0 0 0 1 0 1 0 0 1
70	2	0 0 1 0 0 0 1 0 1 0 1 0 0 0 0 0 1 0 0 0
70	1	0 0 0 1 1 0 0 0 1 0 1 0 0 0 0 0 0 0 1 0
70	2	0 0 0 0 0 0 1 0 1 0 1 0 0 1 0 0 1 0 0 1
70	2	0 0 1 0 0 0 1 0 1 0 0 0 0 0 0 0 0 0 1 0
70	2	1 0 1 0 0 0 1 0 0 0 1 0 0 0 0 0 1 0 0 0
70	1	0 0 1 1 0 0 0 0 1 0 0 0 0 1 0 1 1 0 1 0
70	1	0 1 0 1 0 0 1 0 1 0 1 0 0 0 0 0 1 0 1 1
70	1	0 0 1 0 0 0 1 0 1 0 1 0 0 1 0 0 1 0 0 0
70	2	0 1 0 1 0 0 1 0 1 1 1 0 0 0 0 0 1 0 0 1
70	1	0 0 0 0 1 0 1 0 1 0 1 0 0 0 0 0 1 0 0 1
70	1	0 1 0 0 0 0 1 0 1 0 1 0 0 0 0 0 1 0 0 1
70	2	0 0 0 0 0 0 1 0 1 0 0 0 0 0 0 0 1 0 1 0
70	1	0 1 0 1 0 0 1 0 1 0 1 0 0 0 0 0 1 0 0 0
70	1	0 0 1 0 0 0 1 0 1 0 1 0 0 0 0 0 1 0 1 0
70	1	0 1 0 1 1 0 1 0 1 0 1 0 0 0 0 0 1 0 0 1
70	1	0 0 1 0 0 0 0 0 0 0 0 0 0 0 0 0 1 0 0 0
70	2	1 0 1 0 0 0 1 0 0 1 0 0 0 0 0 0 1 0 1 0
70	1	0 0 0 1 1 0 1 1 1 0 1 0 0 0 0 0 1 0 0 1
70	1	1 0 1 1 0 0 0 0 1 0 0 0 0 0 0 1 1 0 0 1
70	1	0 0 1 0 0 0 1 0 1 0 1 0 1 0 0 0 1 0 0 1
70	1	0 0 1 0 0 1 1 0 0 0 1 0 0 0 0 0 1 0 0 0
70	1	0 0 1 1 1 0 0 0 1 0 0 0 0 0 0 1 1 0 1 0
80	2	0 0 1 0 0 0 1 0 0 0 0 0 0 0 0 0 0 0 1 0
80	1	0 0 1 0 0 0 1 0 1 0 1 0 0 0 0 0 1 0 0 1
80	1	0 0 1 0 0 0 1 0 0 0 0 0 0 0 0 0 1 0 1 0
80	1	0 0 0 0 0 0 1 1 1 0 1 0 0 0 0 0 1 0 0 0
80	1	0 0 1 0 0 0 1 0 1 0 1 1 0 0 0 0 1 0 0 1
80	2	0 0 1 0 0 0 1 0 0 0 1 0 0 0 0 0 1 0 0 0
80	1	0 0 1 1 0 0 0 0 1 0 0 0 0 0 0 1 1 0 1 0
80	3	0 1 0 1 0 0 1 0 1 0 1 0 0 0 0 0 1 0 0 1
80	2	1 0 1 0 0 0 1 0 1 0 1 0 0 0 1 0 1 0 0 1
80	2	1 0 1 1 0 0 0 0 1 0 0 0 0 0 0 1 1 0 1 0
80	1	0 0 1 0 0 0 1 1 1 0 1 0 0 0 0 0 1 0 0 0
80	1	0 0 1 0 0 0 1 0 1 0 1 0 0 0 0 0 1 0 0 0
80	2	0 0 0 0 0 0 1 0 1 0 1 1 0 0 0 0 1 0 0 1
80	4	1 0 1 0 0 0 1 0 0 0 1 0 0 0 0 0 1 0 0 0
80	1	1 0 1 0 0 0 1 0 1 0 1 0 0 0 0 0 1 0 0 1
80	1	1 0 0 1 0 0 1 1 1 0 1 0 0 0 0 0 1 0 0 0
80	1	0 1 1 0 0 0 0 1 1 0 1 1 0 0 0 0 1 0 0 0
80	1	0 0 0 0 0 0 1 0 1 0 0 0 0 0 0 0 1 0 1 0
80	1	0 0 0 0 0 0 1 0 0 0 0 0 0 0 0 0 1 0 0 1
80	4	0 1 0 1 0 0 1 0 1 0 1 1 0 0 0 0 1 0 0 1
80	1	1 0 1 0 0 1 1 0 1 0 1 0 0 0 1 0 1 0 0 1
80	1	1 0 0 0 0 0 1 0 1 0 1 0 0 1 0 0 1 0 0 1
80	1	0 0 1 1 0 0 0 0 1 0 0 0 0 1 1 1 1 0 1 1
80	1	0 1 1 0 0 0 0 1 1 0 1 1 0 1 0 0 1 0 0 0
80	1	0 0 1 1 0 0 1 0 1 0 1 1 0 0 0 0 1 0 0 1
80	1	0 0 1 0 0 0 1 0 1 0 1 0 0 0 0 1 1 0 0 0
80	1	0 1 0 1 0 1 1 0 1 0 1 0 1 0 0 0 1 0 0 1
80	1	0 0 0 1 0 0 1 0 1 0 1 0 0 0 1 0 1 0 0 1
80	1	0 0 1 0 0 1 1 0 1 0 1 0 0 0 1 0 1 0 0 1
80	1	0 1 1 0 0 0 1 0 1 0 1 1 0 0 0 0 1 0 0 1
80	1	0 0 0 0 0 0 1 0 1 0 1 1 0 0 0 0 1 1 0 1
80	1	0 0 1 0 0 0 1 1 1 1 1 0 0 0 0 0 1 0 0 0
80	1	0 0 1 0 0 0 1 1 1 0 1 0 0 0 0 0 1 1 0 0
80	1	0 0 1 0 0 1 1 0 1 0 1 0 1 0 0 0 1 0 0 1
80	1	0 0 0 1 1 0 1 0 1 0 1 1 0 0 0 0 1 0 0 0
80	1	0 0 1 0 0 0 1 0 1 0 1 0 0 0 0 0 1 0 1 1
80	1	1 0 1 0 0 0 1 0 1 0 1 1 0 1 1 0 1 0 0 1
90	3	0 0 1 0 0 0 1 0 1 0 1 0 0 0 0 0 1 0 0 1
90	1	0 0 0 0 0 0 1 1 1 0 1 0 0 0 0 0 1 0 0 0
90	2	0 0 1 0 0 0 1 0 1 0 1 1 0 0 0 0 1 0 0 0
90	1	0 0 1 0 0 0 1 0 0 0 1 0 0 0 0 0 1 0 0 0
90	3	0 1 0 1 0 0 1 0 1 0 1 0 0 0 0 0 1 0 0 1
90	6	1 0 1 0 0 0 1 0 1 0 1 0 0 0 1 0 1 0 0 1
90	1	0 0 1 0 0 0 1 1 1 0 1 0 0 0 0 0 1 0 0 0
90	1	0 0 1 0 0 0 1 0 1 0 1 0 0 0 0 0 1 0 0 0
90	1	0 0 0 0 0 0 1 0 1 0 1 1 0 0 0 0 1 0 0 1
90	1	1 0 1 0 0 0 1 0 0 0 1 0 0 0 0 0 1 0 0 0
90	2	0 0 0 0 0 0 1 0 1 0 0 0 0 0 0 0 1 0 1 0
90	1	0 1 0 1 0 0 1 0 1 0 1 0 1 0 0 0 1 0 0 1
90	1	0 0 0 0 0 0 1 0 1 0 0 0 0 0 0 1 1 0 1 0
90	3	0 0 0 1 0 0 1 0 1 1 1 0 0 1 0 1 1 0 0 0
90	1	0 1 0 1 1 0 1 0 1 0 1 0 0 0 0 0 1 1 0 1
90	1	0 0 1 0 0 0 1 0 0 0 1 0 0 0 0 0 1 0 0 1
90	1	1 0 1 0 0 1 1 0 1 0 1 0 0 0 1 0 1 0 0 1
90	2	0 0 0 1 0 0 1 0 1 1 1 0 0 1 0 1 1 0 1 0
90	1	0 0 1 1 0 0 0 0 1 0 0 0 0 1 1 1 1 0 1 1
90	1	0 0 1 1 0 0 1 0 1 0 1 1 0 0 0 0 1 0 0 1
90	2	0 1 0 1 0 1 1 0 1 0 1 0 1 0 0 0 1 0 0 1
90	2	0 0 1 1 0 0 0 0 1 0 0 0 0 1 0 0 1 0 0 0
90	2	1 0 1 0 0 0 1 0 0 0 1 0 0 0 0 0 1 1 0 0
90	1	1 0 1 0 0 0 1 0 1 0 1 0 1 0 1 0 1 0 0 1
90	2	0 0 0 1 0 0 1 0 1 1 0 0 0 1 0 1 1 0 1 0
90	2	1 0 0 0 0 0 1 0 1 1 1 0 0 0 1 0 1 0 0 1
90	1	0 0 1 1 0 0 1 1 1 0 1 1 0 0 0 0 1 0 0 1
90	1	1 0 1 0 0 0 1 0 0 0 1 0 0 0 0 0 1 0 0 1
90	1	0 1 1 1 0 1 1 0 1 0 1 0 1 0 0 0 1 0 0 1
90	1	0 1 0 1 0 0 1 0 0 0 1 0 0 0 0 0 1 0 0 1
90	1	0 1 0 0 0 0 1 0 1 0 0 0 0 0 0 1 1 0 1 0
100	3	0 0 1 0 0 0 1 0 1 0 1 0 0 0 0 0 1 0 0 1
100	1	0 0 1 0 0 0 1 0 1 0 1 1 0 0 0 0 1 0 0 1
100	5	0 1 0 1 0 0 1 0 1 0 1 0 0 0 0 0 1 0 0 1
100	3	1 0 1 0 0 0 1 0 1 0 1 0 0 0 1 0 1 0 0 1
100	1	0 0 1 0 0 0 1 0 1 0 1 0 0 0 0 0 1 0 0 0
100	1	1 0 1 0 0 0 1 0 0 0 1 0 0 0 0 0 1 0 0 0
100	1	0 0 1 0 0 0 1 0 1 0 1 0 0 1 0 0 1 0 0 0
100	3	0 1 0 1 1 0 1 0 1 0 1 0 0 0 0 0 1 1 0 1
100	1	1 0 1 1 0 0 0 0 1 0 0 0 0 0 0 1 1 0 0 1
100	2	0 0 0 1 0 0 1 0 1 1 1 0 0 1 0 1 1 0 1 0
100	1	0 0 1 1 0 0 1 0 1 0 1 1 0 0 0 0 1 0 0 1
100	1	0 1 0 1 0 1 1 0 1 0 1 0 1 0 0 0 1 0 0 1
100	1	0 0 0 1 0 0 1 0 1 0 1 0 0 0 0 0 1 0 0 0
100	1	0 1 0 1 0 0 1 0 1 0 0 0 0 0 0 0 1 0 1 0
100	1	1 0 1 0 0 0 1 0 1 0 1 1 0 0 0 0 1 0 0 1
100	1	0 0 1 0 0 0 1 0 0 0 1 1 0 0 0 0 1 0 1 1
100	1	0 0 1 0 0 0 1 0 1 0 1 0 0 1 0 0 1 0 0 1
100	1	0 0 1 0 0 0 0 0 1 0 1 1 0 0 0 0 1 0 1 0
100	1	1 0 0 0 0 0 1 0 1 1 1 0 0 0 1 0 1 0 0 1
100	1	1 0 1 0 1 0 0 0 0 0 1 0 0 0 1 0 1 0 0 0
100	1	0 0 1 0 0 0 1 0 1 0 1 1 0 0 1 0 1 0 0 1
100	2	0 1 0 1 0 0 1 0 0 0 1 0 0 0 0 0 1 0 0 1
100	1	0 1 1 0 0 0 1 1 1 0 1 0 0 0 0 0 1 0 0 1
100	1	0 1 0 1 0 0 1 0 1 0 1 0 0 0 0 1 1 0 0 1
100	2	0 1 1 0 0 0 1 1 1 0 1 1 0 0 0 1 1 0 0 0
100	1	1 0 1 0 0 0 1 0 1 0 0 0 0 0 1 0 1 0 0 1
100	1	0 0 0 0 0 0 1 0 0 0 1 1 0 0 0 0 1 0 0 1
100	1	1 0 1 0 0 0 1 0 0 0 1 0 1 0 1 0 1 0 1 1
100	1	1 0 1 0 0 0 1 0 1 1 1 0 0 0 1 0 1 0 0 1
100	1	1 0 1 1 0 0 0 0 1 0 0 0 0 1 0 1 1 0 1 0
100	1	1 0 0 1 0 0 1 0 1 1 1 0 0 1 0 1 1 0 1 0
100	1	0 0 1 1 0 1 0 0 1 0 0 0 0 1 1 1 1 0 1 1
100	1	0 1 0 1 0 0 1 0 1 0 1 0 0 0 0 0 1 0 0 0
100	1	0 1 0 1 0 0 1 0 1 0 1 0 0 1 0 1 1 0 0 1
100	1	0 1 0 1 1 0 1 0 1 0 1 0 0 1 0 0 1 1 0 1
100	1	0 0 0 0 1 0 1 0 0 0 1 1 0 0 0 0 1 0 0 1
100	1	0 0 0 0 0 0 1 1 1 0 1 0 0 0 0 0 1 0 0 1
110	1	0 0 1 0 0 0 1 0 1 0 1 1 0 0 0 0 1 0 0 1
110	1	0 0 1 0 0 0 1 0 0 0 1 0 0 0 0 0 1 0 0 0
110	1	0 1 0 1 0 0 1 0 1 0 1 0 0 0 0 0 1 0 0 1
110	3	1 0 1 0 0 0 1 0 1 0 1 0 0 0 1 0 1 0 0 1
110	1	0 0 0 0 0 0 1 0 1 0 1 1 0 0 0 0 1 0 0 1
110	1	1 0 1 0 0 0 1 0 0 0 1 0 0 0 0 0 1 0 0 0
110	1	0 1 0 1 0 0 1 0 1 0 1 0 1 0 0 0 1 0 0 1
110	1	0 0 1 0 0 0 1 0 0 0 1 1 0 0 1 0 1 0 0 0
110	1	0 1 0 1 1 0 1 0 1 0 1 0 0 0 0 0 1 1 0 1
110	2	0 0 0 1 0 0 1 0 1 1 1 0 0 1 0 1 1 0 1 0
110	2	0 0 1 0 0 1 1 0 0 0 1 0 0 0 0 0 1 0 0 0
110	2	0 0 0 1 0 0 1 0 1 0 1 0 0 0 0 0 1 0 0 0
110	1	1 0 1 0 0 0 1 0 1 0 1 1 0 0 0 0 1 0 0 1
110	1	1 0 0 0 0 0 1 0 1 1 1 0 0 0 1 0 1 0 0 1
110	1	0 1 0 1 0 0 1 0 1 0 1 0 0 0 1 0 1 0 0 1
110	2	0 0 1 0 0 0 1 0 1 0 1 1 0 0 1 0 1 0 0 1
110	1	1 0 1 0 0 0 1 0 1 0 0 0 0 0 0 0 1 1 1 0
110	1	0 0 1 1 0 0 1 0 1 0 1 1 0 0 0 0 1 0 1 0
110	1	0 0 0 0 0 0 1 0 0 0 1 1 0 0 0 0 1 0 0 1
110	1	0 0 1 0 0 0 1 0 0 0 1 1 0 0 1 1 1 0 0 0
110	1	0 0 0 1 0 0 1 0 0 1 1 0 0 1 0 1 1 0 1 0
110	3	0 0 1 0 0 0 0 1 1 0 1 0 0 0 0 0 1 0 0 0
110	1	0 0 0 0 0 1 1 0 1 1 1 1 0 0 0 0 1 0 0 1
110	1	1 0 0 0 0 0 1 0 1 0 1 1 0 0 0 0 1 0 0 1
110	1	0 0 1 1 0 0 1 0 1 0 0 0 0 0 0 0 1 0 1 0
110	1	1 0 1 1 0 0 1 0 1 0 1 1 0 0 0 0 1 0 0 1
110	1	1 0 1 0 0 1 1 0 0 0 1 0 0 0 0 0 1 0 0 1
110	1	0 0 1 0 0 0 1 0 0 0 1 1 0 1 0 0 1 0 1 1
110	1	0 0 1 0 0 0 1 0 1 1 1 0 0 0 1 0 1 0 0 0
110	1	0 0 0 1 0 0 1 0 1 0 1 0 0 0 0 0 1 0 0 1
110	2	1 0 1 0 0 0 1 0 1 0 1 1 0 0 0 0 1 1 0 0
110	1	0 0 1 0 0 0 1 0 0 0 1 1 1 0 1 1 1 0 0 0
110	1	0 1 0 0 0 0 1 0 1 0 1 1 0 0 0 0 1 0 0 0
110	1	0 1 0 1 1 0 1 0 1 0 0 0 0 0 1 0 1 0 1 0
110	1	0 0 0 1 0 0 1 0 1 0 1 0 0 0 0 1 1 0 1 0
110	1	1 0 0 0 0 0 1 0 1 1 1 1 0 0 0 0 1 0 0 1
110	1	0 0 0 1 0 0 1 0 1 0 1 1 0 0 0 0 1 0 0 1
110	1	0 0 1 0 0 0 1 0 0 0 1 1 0 0 0 0 1 0 1 1
110	1	1 0 1 0 0 0 1 0 1 0 1 0 0 0 0 0 1 0 0 0
110	2	1 0 1 0 0 0 1 0 0 0 1 0 0 0 1 0 1 0 0 1
120	1	0 0 1 0 0 0 1 0 1 0 1 0 0 0 0 0 1 0 0 1
120	1	0 0 1 0 0 0 1 0 1 0 1 1 0 0 0 0 1 0 0 0
120	2	0 1 0 1 0 0 1 0 1 0 1 0 0 0 0 0 1 0 0 1
120	2	1 0 1 0 0 0 1 0 1 0 1 0 0 0 1 0 1 0 0 1
120	2	0 0 1 0 0 0 1 0 1 0 1 0 0 0 0 0 1 0 0 0
120	1	0 0 1 1 0 0 0 0 1 0 0 0 0 1 0 1 1 0 1 0
120	1	0 0 1 0 0 0 1 0 1 0 1 0 0 1 0 0 1 0 0 0
120	3	0 0 0 1 0 0 1 0 1 1 1 0 0 1 0 1 1 0 1 0
120	4	0 0 1 1 0 0 1 0 1 0 1 1 0 0 0 0 1 0 0 1
120	1	0 1 0 1 0 1 1 0 1 0 1 0 1 0 0 0 1 0 0 1
120	1	0 0 0 1 0 0 1 0 1 0 1 0 0 0 0 0 1 0 0 0
120	1	0 0 0 0 0 0 1 1 1 0 1 0 0 0 1 0 1 0 0 0
120	1	1 0 1 0 0 0 1 0 1 0 0 0 0 0 0 0 1 1 1 0
120	1	0 0 1 1 0 0 1 0 1 0 1 1 0 0 0 0 1 0 1 0
120	2	0 0 1 1 0 0 1 0 1 0 1 0 0 0 0 0 1 0 0 1
120	1	0 0 1 0 0 0 0 1 1 0 1 0 0 0 0 0 1 0 0 0
120	1	1 0 0 0 0 0 1 0 1 0 1 1 0 0 0 0 1 0 0 1
120	1	0 0 1 1 0 0 0 0 1 0 1 0 0 0 0 0 1 0 0 0
120	1	1 0 1 0 0 1 1 0 0 0 1 0 0 0 0 0 1 0 0 1
120	2	0 0 1 0 0 0 1 0 0 0 1 1 0 1 0 0 1 0 1 1
120	1	0 1 0 1 0 0 1 0 0 0 1 0 0 0 0 0 1 0 0 1
120	1	1 0 1 0 0 0 1 0 1 0 1 0 0 1 0 1 1 0 1 0
120	1	0 1 1 0 0 0 1 1 1 0 1 1 0 0 0 0 1 0 0 0
120	1	1 1 1 0 0 0 1 0 1 0 1 1 0 0 0 0 1 0 0 1
120	1	1 0 0 0 0 0 1 0 1 1 1 1 0 0 0 0 1 0 0 1
120	2	0 0 0 1 0 0 1 0 1 0 1 1 0 0 0 0 1 0 0 1
120	1	0 1 0 0 0 0 1 0 1 0 1 0 0 0 0 0 1 0 0 1
120	1	0 0 1 0 0 0 1 0 0 0 1 1 0 0 1 1 1 0 1 0
120	1	1 0 1 1 0 0 1 0 1 0 1 0 0 1 0 0 1 0 0 1
120	1	0 1 0 0 0 0 1 0 1 0 1 0 0 1 0 1 1 0 1 0
120	1	0 0 0 1 1 0 1 0 1 0 1 0 0 0 0 0 1 0 0 0
120	1	1 0 0 0 0 0 1 0 1 0 1 1 0 0 0 0 1 0 0 0
120	1	0 0 1 0 0 0 1 0 1 0 1 1 0 0 0 0 1 0 1 0
120	2	1 0 1 0 0 0 1 0 0 0 1 1 0 0 1 1 1 0 0 0
120	1	0 0 0 0 1 0 1 0 1 0 1 0 0 0 0 0 1 0 0 0
120	1	0 0 0 1 0 0 1 0 0 0 1 0 0 0 0 0 1 0 1 0
120	1	0 1 0 1 0 0 1 0 1 0 1 0 0 0 0 1 1 0 1 0
120	1	0 1 0 1 0 0 1 0 1 0 1 1 0 0 0 0 1 0 0 0
130	1	0 0 1 0 0 0 1 0 1 0 1 0 0 0 0 0 1 0 0 1
130	1	0 1 0 1 0 0 1 0 1 0 1 0 0 0 0 0 1 0 0 1
130	2	0 0 1 0 0 0 1 0 1 0 1 0 0 0 0 0 1 0 0 0
130	1	1 0 1 0 0 0 1 0 0 0 1 0 0 0 0 0 1 0 0 0
130	1	0 0 1 0 0 0 1 0 1 0 1 0 0 1 0 0 1 0 0 0
130	1	0 0 0 1 0 0 1 0 1 1 1 0 0 1 0 1 1 0 1 0
130	3	0 0 1 1 0 0 1 0 1 0 1 1 0 0 0 0 1 0 0 1
130	1	0 0 0 0 0 0 1 1 1 0 1 0 0 0 1 0 1 0 0 0
130	3	1 0 1 1 0 0 1 0 1 0 1 0 0 0 1 0 1 0 0 1
130	1	0 0 1 0 0 0 1 0 0 0 1 1 0 0 1 1 1 0 0 0
130	2	0 0 1 1 0 0 1 0 1 0 1 0 0 0 0 0 1 0 0 1
130	2	0 0 1 1 0 1 0 0 1 0 0 0 0 1 1 1 1 0 1 1
130	1	0 0 1 0 0 0 1 0 1 0 1 0 0 0 1 0 1 0 0 1
130	1	0 0 1 0 0 0 1 0 1 0 1 0 1 0 0 0 1 0 0 0
130	3	1 0 1 0 0 0 1 0 1 0 1 1 0 0 0 0 1 1 0 0
130	1	0 1 0 1 1 0 1 0 0 0 1 0 0 0 0 0 1 1 0 1
130	1	0 0 0 0 0 1 1 0 0 0 1 0 0 0 0 0 1 0 0 0
130	2	0 0 0 0 1 0 1 0 1 0 1 0 0 0 0 0 1 0 0 0
130	1	0 0 1 0 0 1 1 0 0 0 1 0 0 0 0 0 1 0 0 1
130	1	0 0 0 0 0 0 1 1 1 0 1 0 0 0 0 0 1 0 0 0
130	3	1 0 1 0 0 1 1 0 0 0 1 0 0 0 0 0 1 0 0 0
130	2	0 1 0 1 0 0 1 0 1 1 1 0 0 1 0 1 1 0 1 0
130	1	0 0 0 0 0 0 1 0 0 0 1 0 0 0 0 0 1 0 1 0
130	1	0 1 0 1 0 0 1 0 1 0 1 0 0 0 0 0 1 0 0 0
130	1	0 0 1 0 0 0 0 0 1 0 1 0 1 0 0 0 1 0 0 0
130	1	1 0 0 0 0 0 1 0 0 0 1 0 0 0 0 0 1 0 1 0
130	2	0 0 1 1 0 0 1 0 1 1 1 0 0 1 0 1 1 0 1 0
130	1	1 0 0 0 0 0 1 0 0 0 1 0 0 0 0 1 1 0 1 0
130	1	1 0 1 0 1 0 1 0 0 0 1 1 0 0 1 1 1 0 0 0
130	1	0 0 1 1 0 0 1 0 1 0 1 0 0 0 1 0 1 0 0 1
130	1	0 0 1 0 0 0 1 0 1 0 1 0 0 1 0 1 1 0 0 0
130	2	1 0 1 0 0 0 1 0 1 0 1 0 0 0 0 0 1 0 0 0
130	1	0 0 1 0 0 0 1 0 1 0 0 1 0 0 0 0 1 0 0 1
130	1	1 0 1 0 0 1 1 0 1 0 1 1 0 0 0 0 1 1 0 0
130	1	0 0 0 0 0 0 1 0 1 0 1 1 0 0 0 0 1 1 0 0
140	1	0 0 1 0 0 0 1 0 1 0 1 0 0 0 0 0 1 0 0 0
140	1	1 0 1 0 0 0 1 0 0 0 1 0 0 0 0 0 1 0 0 0
140	1	0 0 1 0 0 0 1 0 1 0 1 0 0 1 0 0 1 0 0 0
140	2	0 0 0 1 0 0 1 0 1 1 1 0 0 1 0 1 1 0 0 0
140	2	0 0 1 1 0 0 1 0 1 0 1 1 0 0 0 0 1 0 0 1
140	4	0 0 0 1 0 0 1 0 1 0 1 0 0 0 0 0 1 0 0 0
140	1	0 0 0 0 0 0 1 1 1 0 1 0 0 0 1 0 1 0 0 0
140	1	0 0 1 1 0 1 0 0 1 0 0 0 0 1 1 1 1 0 1 1
140	1	1 0 1 0 0 0 1 0 1 0 1 1 0 0 0 0 1 1 0 0
140	1	1 1 1 0 0 0 1 0 1 0 1 1 0 0 0 0 1 0 0 1
140	1	0 0 0 1 0 0 1 0 1 0 1 1 0 0 0 0 1 0 0 1
140	1	0 1 0 1 1 0 1 0 1 0 1 0 0 0 0 0 1 1 0 0
140	1	1 0 1 1 0 0 1 0 1 0 1 0 0 0 1 1 1 0 0 1
140	1	1 0 1 0 0 0 1 0 0 0 1 1 0 0 1 1 1 0 0 0
140	3	0 0 0 0 1 0 1 0 1 0 1 0 0 0 0 0 1 0 0 0
140	1	0 0 1 1 0 0 1 0 0 0 1 0 0 0 0 0 1 0 0 0
140	1	0 0 0 0 0 0 1 0 0 0 1 0 0 0 0 0 1 0 1 0
140	1	0 1 0 1 0 0 1 1 0 0 1 0 0 0 0 0 1 0 1 0
140	1	0 0 1 0 0 0 0 0 1 0 1 0 1 0 0 0 1 0 0 0
140	2	0 1 0 1 0 0 1 0 0 0 1 0 0 1 0 0 1 0 0 0
140	1	0 0 1 1 0 0 1 0 1 1 1 0 0 1 0 1 1 0 1 0
140	2	0 0 0 1 1 0 0 0 1 1 1 0 0 1 0 1 1 0 1 0
140	1	0 0 1 1 0 0 1 0 1 0 1 0 0 0 1 0 1 0 0 0
140	1	1 0 1 0 0 0 1 0 1 0 1 0 0 0 1 1 1 0 0 1
140	1	0 0 1 0 0 0 1 0 1 0 1 0 1 0 0 0 1 0 0 1
140	2	0 0 1 1 0 0 1 0 1 0 1 0 0 0 1 0 1 0 0 1
140	1	0 0 0 1 0 0 1 0 1 0 1 0 0 1 0 0 1 0 0 0
140	1	0 0 1 0 0 0 1 0 1 0 1 0 0 1 0 1 1 0 0 0
140	2	0 0 1 0 0 0 1 0 1 0 1 1 1 0 0 0 1 0 0 1
140	1	1 0 1 1 0 0 1 0 1 0 1 0 0 1 1 0 1 0 0 1
140	1	1 0 0 1 0 0 1 0 0 0 1 0 0 0 0 0 1 0 0 1
140	1	0 0 1 1 0 1 1 0 0 0 1 0 0 0 0 0 1 0 0 1
140	1	0 1 0 0 0 0 1 0 0 0 1 0 0 1 0 0 1 0 0 0
140	1	0 0 0 0 0 1 1 0 0 0 1 1 0 0 1 1 1 0 0 0
140	1	0 0 1 0 0 0 1 0 0 1 1 0 0 1 0 0 1 1 1 0
140	1	0 0 1 1 0 0 1 0 0 0 1 0 0 0 0 0 0 0 0 1
140	1	1 0 1 0 0 1 1 0 0 0 1 0 0 1 0 0 1 0 0 0
140	2	1 0 0 1 0 0 1 0 0 0 1 0 0 1 0 0 1 0 0 1
150	2	0 0 1 0 0 0 1 0 1 0 1 0 0 0 0 0 1 0 0 0
150	1	1 0 1 0 0 0 1 0 0 0 1 0 0 0 0 0 1 0 0 0
150	2	0 0 1 1 0 0 1 0 1 0 1 1 0 0 0 0 1 0 0 1
150	1	0 0 0 1 0 0 1 0 1 0 1 0 0 0 0 0 1 0 0 0
150	2	1 0 1 1 0 0 1 0 1 0 1 1 0 0 0 0 1 0 0 1
150	1	0 1 1 0 0 0 1 1 1 0 1 1 0 0 0 0 1 0 0 0
150	2	1 1 1 0 0 0 1 0 1 0 1 1 0 0 0 0 1 0 0 1
150	1	1 0 1 1 0 0 1 0 1 0 1 0 0 1 0 0 1 0 0 1
150	2	0 0 1 1 0 0 1 0 0 0 1 0 0 0 0 0 1 0 0 0
150	3	1 0 1 0 0 1 1 0 0 0 1 0 0 0 0 0 1 0 0 0
150	1	0 0 0 0 0 0 1 0 0 0 1 0 0 0 0 0 1 0 1 0
150	1	0 0 1 1 0 0 1 0 1 1 1 0 0 1 0 1 1 0 1 0
150	1	0 1 1 1 0 0 1 0 0 0 1 0 0 0 0 0 1 0 0 0
150	1	1 0 0 0 0 0 1 0 0 0 1 0 0 0 0 1 1 0 1 0
150	2	1 1 1 0 0 0 1 0 1 1 1 0 0 1 0 1 1 0 1 0
150	1	0 1 0 1 0 0 1 0 1 0 0 1 0 0 0 0 1 0 0 1
150	1	0 0 1 1 0 0 1 0 1 0 1 0 0 0 1 0 1 0 0 1
150	2	0 0 1 1 0 1 0 0 1 0 0 1 0 1 1 1 1 0 1 1
150	1	0 0 1 0 0 0 0 0 0 0 1 0 1 0 0 0 1 0 0 0
150	2	0 0 1 1 0 0 1 0 1 0 1 1 0 0 0 0 1 1 0 1
150	1	1 0 1 0 0 0 1 0 0 0 1 0 1 0 0 0 1 0 0 0
150	1	1 0 1 0 0 0 1 1 0 0 1 0 0 0 0 0 1 0 0 0
150	1	0 1 1 1 0 0 1 0 0 0 1 0 0 0 0 0 0 0 0 0
150	1	1 0 1 0 0 0 1 1 0 0 1 0 0 0 0 1 1 0 0 0
150	1	1 1 1 0 0 0 1 0 1 0 1 0 0 1 0 0 1 0 0 0
150	1	1 0 1 0 0 1 1 1 0 0 1 0 0 0 0 0 1 0 0 0
150	1	1 1 1 0 0 0 1 0 1 0 1 1 1 0 0 0 1 0 0 1
150	1	0 1 0 1 0 0 1 0 1 0 1 0 0 0 0 1 0 0 1 0
150	1	1 0 1 1 0 0 1 1 1 0 1 0 0 1 1 0 1 0 0 0
150	2	0 0 0 1 0 1 0 0 1 1 1 0 1 1 0 1 1 0 1 0
150	1	0 1 1 1 1 0 1 0 0 0 1 0 0 0 0 0 1 0 0 1
150	1	1 0 1 1 0 0 1 0 1 0 1 1 0 0 0 0 1 0 1 1
150	1	1 0 1 1 0 0 1 0 0 0 1 0 0 0 0 0 1 0 0 0
150	1	0 0 1 1 0 1 0 0 1 0 0 0 0 1 0 0 1 0 0 0
150	1	0 1 0 1 0 0 1 0 0 0 1 0 0 0 0 0 0 0 0 0
150	1	1 1 1 0 0 0 1 0 0 0 1 1 0 0 0 0 1 0 0 0
150	1	0 0 1 1 0 1 1 0 1 1 1 0 0 1 0 1 1 0 1 0
150	1	0 0 0 1 1 0 1 0 1 0 1 0 0 1 0 0 1 0 0 1
150	1	1 0 1 0 0 0 1 1 0 0 1 0 0 1 0 1 1 0 0 0
160	1	0 0 1 0 0 0 1 0 1 0 1 0 0 0 0 0 1 0 0 0
160	1	1 0 1 0 0 0 1 0 0 0 1 0 0 0 0 0 1 0 0 0
160	1	0 0 1 1 0 0 1 0 1 0 1 1 0 0 0 0 1 0 0 1
160	1	1 0 1 1 0 0 1 0 1 0 1 0 0 0 1 0 1 0 0 1
160	1	0 0 1 0 0 0 1 0 0 0 1 1 0 0 1 1 1 0 0 0
160	1	1 0 1 1 0 0 1 0 1 0 1 1 0 0 0 0 1 0 0 1
160	1	0 0 1 1 0 0 1 0 0 0 1 0 0 0 0 0 1 0 0 0
160	1	1 0 1 0 0 1 1 0 0 0 1 0 0 0 0 0 1 0 0 0
160	1	0 1 1 1 0 0 1 0 0 0 1 0 0 0 0 0 1 0 0 0
160	1	1 0 1 0 0 0 1 0 1 0 1 0 1 0 0 0 1 0 0 1
160	1	1 0 1 0 1 0 1 0 0 0 1 1 0 0 1 1 1 0 0 0
160	1	1 1 1 0 0 0 1 0 1 1 1 0 0 1 0 1 1 0 1 0
160	1	0 1 0 1 0 1 1 0 1 0 1 0 0 0 0 0 1 0 0 1
160	2	0 0 1 1 0 0 1 0 1 0 1 1 0 0 0 0 1 1 0 1
160	6	0 0 1 1 0 1 1 0 1 0 1 0 0 0 1 0 1 0 0 1
160	1	1 0 1 0 0 0 1 0 0 0 1 0 1 0 0 0 1 0 0 0
160	3	0 1 1 1 0 0 1 0 1 0 1 0 0 0 0 0 1 0 0 0
160	1	1 0 1 1 0 0 1 0 1 0 1 0 0 0 0 0 1 0 0 1
160	1	1 1 1 0 0 0 1 0 0 0 1 1 0 0 0 0 1 1 0 0
160	1	0 1 1 1 0 0 1 0 0 0 1 0 0 0 0 0 0 0 0 0
160	3	1 1 1 0 0 0 1 0 1 0 1 1 1 0 0 0 1 0 0 1
160	1	1 0 1 1 0 0 1 0 1 0 1 1 0 0 0 0 1 0 0 0
160	1	0 1 1 1 1 0 1 0 0 0 1 0 0 0 0 0 1 0 0 1
160	1	0 1 0 1 0 0 1 0 0 0 1 0 0 0 1 1 1 0 0 0
160	2	1 0 1 0 0 0 1 0 0 0 1 1 0 0 0 0 1 0 0 0
160	1	1 0 0 0 0 0 1 0 0 0 1 0 0 0 0 0 1 0 1 0
160	1	1 0 1 0 0 0 1 0 0 0 1 0 0 0 0 1 1 0 0 1
160	1	1 0 1 1 0 0 1 0 1 0 0 1 0 0 0 0 1 0 1 0
160	2	0 0 1 1 0 0 1 0 1 1 1 0 0 1 0 1 1 0 0 0
160	1	0 1 1 0 0 0 1 1 1 0 1 1 0 0 1 0 1 0 0 1
160	1	0 1 0 1 0 0 1 1 0 0 1 0 0 0 0 0 1 0 0 0
160	1	1 0 1 0 0 0 1 0 0 0 1 0 1 0 0 0 1 0 0 1
160	1	0 0 1 0 0 0 1 0 0 0 1 0 0 0 0 0 1 0 0 0
160	1	1 0 1 1 0 1 1 0 1 0 1 1 0 0 0 0 1 0 0 0
160	1	0 1 0 1 0 0 1 0 0 0 1 0 0 0 0 0 1 0 0 0
160	1	0 1 1 1 0 0 1 0 0 0 1 0 0 0 1 0 0 0 0 0
160	1	1 0 1 0 0 0 1 1 1 0 1 0 0 0 1 0 1 0 1 1
160	1	0 1 1 1 0 1 1 0 1 0 1 0 0 0 0 0 1 0 0 0
170	1	0 0 0 1 0 0 1 0 1 1 1 0 0 1 0 1 1 0 0 0
170	1	0 0 1 1 0 0 1 0 1 0 1 1 0 0 0 0 1 0 0 1
170	1	0 0 1 0 0 0 1 0 0 0 1 1 0 0 1 1 1 0 0 0
170	1	0 1 1 0 0 0 1 1 1 0 1 1 0 0 0 0 1 0 0 0
170	2	1 0 1 1 0 0 1 0 1 0 1 0 0 1 0 0 1 0 0 1
170	2	0 0 1 1 0 0 1 0 0 0 1 0 0 0 0 0 1 0 0 0
170	1	1 0 1 0 0 1 1 0 0 0 1 0 0 0 0 0 1 0 0 0
170	3	0 1 1 1 0 0 1 0 0 0 1 0 0 0 0 0 1 0 0 0
170	1	0 1 1 1 0 0 1 0 1 0 1 1 0 0 0 0 1 0 0 1
170	1	0 0 1 1 0 0 1 0 1 0 1 0 0 0 1 0 1 0 0 1
170	1	0 0 1 0 0 0 0 0 0 0 1 0 1 0 0 0 1 0 0 0
170	4	0 0 1 1 0 1 1 0 1 0 1 0 0 0 1 0 1 0 0 1
170	1	0 1 1 1 0 0 1 0 1 0 1 0 0 0 0 0 1 0 0 0
170	1	1 0 1 1 0 0 1 0 1 0 1 0 0 0 0 0 1 0 0 1
170	1	1 1 1 0 0 0 1 0 1 0 1 1 1 0 0 0 1 0 0 1
170	1	1 0 1 0 0 0 1 0 0 0 1 0 0 0 0 0 1 0 0 1
170	2	0 1 0 1 0 0 1 0 0 0 1 0 0 0 1 1 1 0 0 0
170	2	1 0 1 1 0 0 1 0 1 0 1 0 0 0 0 0 1 0 0 0
170	1	0 0 0 1 0 1 1 0 1 0 1 0 0 0 1 0 1 0 0 1
170	2	0 0 1 0 0 1 1 0 0 0 1 0 0 0 0 0 1 0 0 0
170	1	0 0 0 1 0 0 1 0 1 0 1 1 0 0 0 0 1 0 1 0
170	1	1 1 1 0 0 0 1 0 1 1 1 0 0 1 0 0 1 0 0 0
170	1	0 1 1 1 0 0 1 0 0 0 1 0 0 1 0 0 1 0 0 1
170	1	0 0 1 0 0 0 1 0 0 0 1 0 0 0 0 0 0 0 0 0
170	2	0 1 1 1 0 0 1 0 1 0 1 1 0 0 1 0 1 0 0 1
170	1	0 1 1 1 0 1 1 0 0 0 1 0 0 0 1 0 1 0 0 1
170	1	0 0 1 0 0 0 1 0 1 0 1 0 1 0 0 0 1 0 0 1
170	1	0 0 1 1 0 1 1 0 1 1 1 0 0 0 1 0 1 0 0 1
170	2	0 1 1 0 0 0 1 1 1 0 1 1 0 0 0 0 1 0 0 1
170	1	1 0 1 0 0 0 1 0 1 0 1 0 0 0 0 0 1 0 0 0
170	1	0 0 0 1 0 0 1 0 1 1 1 0 0 0 0 0 1 0 0 0
170	1	0 1 1 0 0 0 1 1 1 0 1 0 0 0 0 0 1 0 0 0
170	1	0 1 1 1 0 0 1 0 0 0 1 0 0 0 1 0 1 0 0 0
170	1	1 0 1 1 0 0 1 0 1 0 1 0 0 1 0 0 1 0 0 0
170	1	0 0 1 1 0 1 1 0 1 0 1 0 0 0 0 0 1 0 0 0
170	1	0 0 0 0 0 0 0 0 0 0 1 0 1 0 0 0 1 1 0 0
170	1	0 0 1 1 0 0 1 0 1 0 1 0 0 1 0 0 1 0 0 1
170	1	0 0 0 1 0 0 1 1 1 0 1 1 0 0 0 0 1 0 1 0
180	3	0 0 0 1 0 0 1 0 1 1 1 0 0 1 0 1 1 0 0 0
180	2	0 0 1 0 0 0 1 0 0 0 1 1 0 0 1 1 1 0 0 0
180	2	1 0 1 1 0 0 1 0 1 0 1 1 0 0 0 0 1 0 0 1
180	1	0 0 1 1 0 0 1 0 0 0 1 0 0 0 0 0 1 0 0 0
180	4	0 1 1 1 0 0 1 0 0 0 1 0 0 0 0 0 1 0 0 0
180	1	0 0 1 1 0 0 1 0 1 0 1 0 0 0 1 0 1 0 0 1
180	2	0 0 1 1 0 1 1 0 1 0 1 0 0 0 1 0 1 0 0 1
180	2	0 1 1 1 0 0 1 0 1 0 1 0 0 0 0 0 1 0 0 0
180	1	0 1 0 1 0 0 1 0 0 0 1 0 0 0 1 1 1 0 0 0
180	1	1 0 1 1 0 0 1 0 1 0 1 0 0 0 0 0 1 0 0 0
180	1	1 0 0 1 1 1 1 0 1 0 1 0 0 0 0 0 1 0 0 0
180	1	0 1 1 0 0 0 1 1 1 0 1 1 0 0 1 0 1 0 0 1
180	2	1 1 1 0 0 0 1 0 1 1 1 0 0 1 0 0 1 0 0 0
180	1	0 1 1 1 0 0 1 0 0 0 1 0 0 1 0 0 1 0 0 1
180	2	1 1 1 0 0 0 1 0 1 1 0 0 0 1 0 1 1 0 1 0
180	1	1 0 1 1 0 0 1 0 1 0 1 1 0 0 0 0 1 0 0 0
180	1	1 1 1 1 0 0 1 0 1 0 1 0 0 1 0 0 1 0 0 1
180	1	1 1 1 0 0 0 1 0 1 0 1 1 1 0 1 0 1 0 0 1
180	1	0 1 0 1 0 1 1 1 1 0 1 0 1 0 0 0 1 0 0 1
180	1	0 0 0 1 0 0 1 1 1 0 1 1 0 0 0 0 1 0 1 0
180	2	0 1 1 1 0 0 1 0 1 0 1 1 0 0 1 0 0 0 0 1
180	1	0 0 1 0 0 0 1 0 0 0 1 1 0 0 1 1 1 0 0 1
180	1	0 0 1 1 0 1 1 0 1 0 1 0 1 0 1 0 1 0 0 1
180	1	0 0 1 0 0 0 1 0 1 0 1 0 0 0 0 0 1 0 0 1
180	1	1 0 1 0 1 0 1 0 0 0 1 0 0 0 0 0 1 0 0 0
180	1	1 0 1 1 0 0 1 0 1 1 0 0 0 1 0 1 1 0 1 0
180	1	0 0 0 1 0 0 1 0 1 1 1 0 0 0 0 1 1 0 0 0
180	1	0 1 1 1 0 0 1 0 1 0 1 1 0 0 0 1 1 0 0 0
180	1	0 0 1 0 0 0 1 0 0 0 1 0 0 0 0 0 1 0 0 0
180	4	1 1 1 0 0 1 1 0 1 1 1 0 0 1 0 0 1 0 0 0
180	2	1 0 0 1 1 1 1 1 1 0 1 0 1 0 0 0 1 0 0 1
180	1	0 0 1 1 0 1 1 0 0 0 1 0 0 0 0 0 1 0 0 0
180	2	0 0 1 1 0 1 1 1 1 0 1 0 0 0 1 0 1 0 0 1
190	2	0 0 0 1 0 0 1 0 1 1 1 0 0 1 0 1 1 0 0 0
190	1	0 0 1 0 0 0 1 0 0 0 1 1 0 0 1 1 1 0 0 0
190	2	1 0 1 1 0 0 1 0 1 0 1 0 0 1 0 0 1 0 0 1
190	2	1 0 1 0 0 1 1 0 0 0 1 0 0 0 0 0 1 0 0 0
190	1	0 1 1 1 0 0 1 0 0 0 1 0 0 0 0 0 1 0 0 0
190	1	0 0 1 1 0 0 1 0 1 0 1 0 0 0 1 0 1 0 0 1
190	2	0 0 1 1 0 1 1 0 1 0 1 0 0 0 1 0 1 0 0 1
190	1	0 1 1 1 0 0 1 0 1 0 1 0 0 0 0 0 1 0 0 0
190	2	1 1 1 0 0 0 1 0 1 0 1 1 1 0 0 0 1 0 0 1
190	1	0 0 1 0 0 1 1 0 0 0 1 0 0 0 0 0 1 0 0 0
190	1	1 1 1 0 0 0 1 0 1 1 1 0 0 1 0 0 1 0 0 0
190	1	0 1 1 1 0 0 1 0 0 0 1 0 0 1 0 0 1 0 0 1
190	3	0 0 1 0 0 0 1 0 0 0 1 0 0 0 0 0 0 0 0 0
190	2	0 1 1 1 0 0 1 1 0 0 1 0 0 0 0 0 1 0 0 0
190	1	1 0 0 0 0 0 1 0 0 0 1 0 0 0 0 0 1 0 0 1
190	1	1 0 1 1 0 0 1 0 1 0 1 1 0 0 0 0 1 0 0 0
190	4	0 1 1 1 0 0 1 0 1 0 1 1 0 0 1 0 0 0 0 1
190	1	1 0 1 0 0 0 1 0 1 0 1 0 1 0 1 0 1 0 0 1
190	1	1 1 1 0 0 0 1 0 0 0 1 1 0 0 0 0 1 0 0 0
190	1	0 0 1 0 0 0 1 0 1 0 1 0 0 0 1 0 1 0 0 1
190	1	0 0 1 0 0 0 1 1 1 0 1 1 0 0 1 0 1 0 0 1
190	1	1 1 1 0 0 0 0 0 1 1 1 0 0 1 0 0 1 0 0 0
190	1	0 1 1 1 0 0 1 0 1 0 1 0 0 0 0 0 1 0 0 1
190	4	0 1 1 1 0 0 1 0 1 0 1 0 1 0 0 0 1 0 0 0
190	1	0 0 1 0 0 0 1 0 0 0 1 1 0 0 1 1 1 1 0 0
190	2	0 0 1 0 0 1 1 0 1 0 1 0 0 0 1 0 1 0 0 1
190	1	1 0 1 1 0 0 1 0 1 0 1 0 0 1 0 0 1 0 0 0
190	1	1 0 1 1 0 0 1 0 1 0 1 0 0 0 0 1 1 0 0 0
190	1	1 0 0 1 1 1 1 0 1 0 1 0 0 1 0 0 1 0 0 0
190	1	0 1 1 1 0 0 1 0 1 0 1 1 0 0 1 0 0 0 0 0
190	1	1 1 1 0 0 1 1 0 1 0 1 0 0 1 0 0 1 0 0 0
190	1	1 1 1 0 0 1 1 0 0 0 1 0 0 0 1 0 1 0 0 1
190	1	1 1 1 0 0 0 1 0 1 0 1 1 0 0 1 1 1 0 0 1
190	1	1 1 1 0 0 0 1 0 1 0 1 0 0 0 1 0 1 0 0 0
190	1	1 0 1 1 0 0 1 1 1 0 1 0 0 0 0 0 1 0 0 0
200	2	1 0 1 0 0 1 1 0 0 0 1 0 0 0 0 0 1 0 0 0
200	1	0 1 1 1 0 0 1 0 0 0 1 0 0 0 0 0 1 0 0 0
200	2	0 0 1 1 0 1 1 0 1 0 1 0 0 0 1 0 1 0 0 1
200	1	0 1 1 1 0 0 1 0 1 0 1 0 0 0 0 0 1 0 0 0
200	2	1 1 1 0 0 0 1 0 1 0 1 1 1 0 0 0 1 0 0 1
200	3	1 1 1 0 0 0 1 0 1 1 1 0 0 1 0 0 1 0 0 0
200	1	0 1 1 1 0 0 1 0 0 0 1 0 0 1 0 0 1 0 0 1
200	1	0 0 1 0 0 0 1 0 0 0 1 0 0 0 0 0 0 0 0 0
200	1	1 0 1 1 0 0 1 0 1 0 1 1 1 0 0 0 1 0 0 1
200	2	0 1 1 1 0 0 1 0 0 0 1 0 0 0 0 0 1 0 0 1
200	1	0 1 1 1 0 0 1 1 0 0 1 0 0 0 0 0 1 0 0 0
200	4	1 0 1 1 0 0 1 0 1 0 1 1 0 0 0 0 1 0 0 0
200	2	0 1 1 1 0 0 1 0 1 0 1 1 0 0 1 0 0 0 0 1
200	1	0 0 1 1 0 0 1 0 1 0 1 0 0 0 1 0 1 0 0 0
200	1	1 0 1 1 0 0 0 0 1 0 1 0 0 0 0 0 1 0 0 0
200	1	0 1 1 1 0 0 1 0 1 0 1 1 0 0 0 0 1 0 0 1
200	2	0 1 1 1 0 0 1 1 1 1 1 0 0 1 0 0 1 0 0 0
200	1	1 0 0 0 0 0 1 0 0 0 1 1 0 0 1 1 1 0 0 0
200	1	0 0 1 0 0 0 1 0 0 0 1 1 0 0 1 0 1 0 0 1
200	1	0 0 1 1 0 0 1 0 1 0 1 1 0 0 1 0 0 0 0 1
200	1	1 0 1 1 0 0 1 1 1 0 1 0 0 0 0 0 1 0 0 0
200	1	0 0 1 1 0 1 1 0 0 0 1 0 0 1 0 0 1 0 0 0
200	1	0 1 1 1 0 0 1 1 0 0 1 0 0 0 0 0 1 0 0 1
200	1	0 1 1 0 0 0 0 0 0 0 1 1 0 0 1 1 1 0 0 0
200	2	0 1 1 1 0 0 1 0 1 0 1 0 0 0 1 0 1 0 0 0
200	1	0 0 1 1 1 0 1 0 1 0 1 0 0 0 1 0 1 0 0 0
200	2	0 1 1 1 1 1 1 0 1 0 1 0 0 1 0 0 1 0 0 0
200	1	1 0 1 1 0 0 1 0 1 0 1 0 0 0 0 1 1 0 0 1
200	4	1 1 1 0 0 0 1 0 1 1 1 0 0 1 0 0 1 1 0 0
200	1	0 0 1 1 0 0 1 1 0 0 1 0 0 0 0 0 1 0 0 0
200	1	1 1 1 0 0 0 1 0 1 0 1 0 1 0 0 0 0 0 0 0
200	1	1 1 1 0 0 0 1 0 1 0 1 1 0 0 0 0 1 0 0 0
200	1	1 0 1 1 0 0 1 1 1 0 1 1 0 0 0 0 1 0 0 1
200	1	0 1 1 0 0 0 1 1 0 0 1 1 0 0 0 0 1 0 1 1
210	1	0 0 1 1 0 0 1 0 0 0 1 0 0 0 0 0 1 0 0 0
210	4	1 0 1 0 0 1 1 0 0 0 1 0 0 0 0 0 1 0 0 0
210	1	0 1 1 1 0 0 1 0 1 0 1 0 0 0 0 0 1 0 0 0
210	2	1 1 1 0 0 0 1 0 1 0 1 1 1 0 0 0 1 0 0 1
210	1	1 0 1 1 0 0 1 0 1 0 1 0 0 0 0 0 1 0 0 0
210	1	0 0 0 1 0 0 1 1 0 0 1 0 0 0 0 0 1 0 1 0
210	4	0 1 1 1 0 0 1 1 0 0 1 0 0 0 0 0 1 0 0 0
210	2	1 0 1 1 0 0 1 0 1 0 1 1 0 0 0 0 1 0 0 0
210	2	0 1 1 1 0 0 1 0 1 0 1 1 0 0 1 0 0 0 0 1
210	1	0 0 1 1 0 1 1 0 1 0 1 0 1 0 1 0 1 0 0 1
210	1	0 0 1 0 0 0 1 1 1 0 1 1 0 0 1 0 1 0 0 1
210	1	0 1 1 1 0 0 1 0 1 0 1 0 1 0 0 0 1 0 0 0
210	1	1 1 1 0 0 0 1 0 1 0 1 0 1 0 0 0 1 0 0 0
210	2	1 1 1 1 0 0 1 1 0 0 1 0 0 0 0 0 1 0 0 0
210	1	1 0 1 1 0 0 1 0 1 0 1 0 0 0 0 1 1 0 0 0
210	1	0 1 1 1 0 0 1 0 1 0 1 0 1 0 0 1 1 0 0 0
210	1	1 1 1 0 0 0 0 0 1 0 1 1 1 0 0 0 1 0 0 1
210	1	1 0 1 1 0 0 1 0 1 0 1 0 0 0 0 1 1 0 0 1
210	1	0 1 1 1 0 1 1 0 1 0 1 0 0 0 0 0 1 0 0 0
210	1	1 0 1 1 0 0 0 0 1 0 1 0 1 0 1 0 0 0 0 0
210	1	1 1 1 0 0 0 1 0 1 1 1 0 0 0 0 0 1 0 0 0
210	1	1 1 1 1 0 0 1 1 0 0 1 0 0 0 0 0 1 0 0 1
210	1	1 1 1 0 0 0 1 0 0 0 1 0 0 0 0 0 1 0 0 1
210	1	0 1 1 1 0 0 1 1 0 0 1 0 1 0 0 1 1 0 0 0
210	1	0 1 1 1 0 0 1 1 1 1 1 1 0 1 0 0 1 0 0 0
210	1	0 1 1 0 0 0 1 1 0 0 1 1 0 0 0 0 1 0 1 1
210	1	1 1 1 0 0 0 1 0 1 1 1 0 0 1 0 0 1 0 1 1
210	1	0 0 1 1 0 1 1 0 1 0 1 0 1 0 1 0 1 1 0 1
210	1	0 0 1 0 0 0 1 0 0 0 1 0 0 0 0 1 1 0 0 0
210	1	1 1 1 1 0 0 1 0 0 0 1 0 1 0 0 0 1 0 0 0
210	2	1 0 1 0 0 0 0 0 1 0 1 1 1 0 0 0 1 0 0 1
210	1	1 1 1 1 0 0 1 0 1 0 1 1 1 0 0 0 1 0 0 1
210	1	1 1 1 1 0 0 1 0 0 0 1 0 1 1 0 0 1 0 0 0
210	1	0 1 1 1 0 0 1 0 1 0 0 0 0 0 0 0 1 0 0 0
210	1	1 0 1 1 0 0 1 0 1 0 1 1 0 0 0 0 1 1 0 0
210	1	0 0 1 1 0 0 1 0 0 0 1 0 0 1 0 0 1 0 0 0
210	2	0 1 1 1 0 0 1 0 1 0 1 1 1 0 0 0 1 0 0 0
210	1	1 0 1 1 0 0 1 0 1 0 1 1 0 0 1 1 1 0 0 0
220	1	0 0 1 1 0 0 1 0 0 0 1 0 0 0 0 0 1 0 0 0
220	2	1 0 1 0 0 1 1 0 0 0 1 0 0 0 0 0 1 0 0 0
220	2	0 1 1 1 0 0 1 0 0 0 1 0 0 0 0 0 1 0 0 0
220	1	0 1 1 1 0 0 1 0 0 0 1 0 0 1 0 0 1 0 0 1
220	1	0 1 1 1 0 0 1 1 0 0 1 0 0 0 0 0 1 0 0 0
220	4	1 0 1 1 0 0 1 0 1 0 1 1 0 0 0 0 1 0 0 0
220	4	0 1 1 1 0 0 1 0 1 0 1 1 0 0 1 0 0 0 0 1
220	1	0 0 1 1 0 1 1 0 1 0 1 0 1 0 1 0 1 0 0 1
220	1	0 0 1 1 0 0 1 0 1 0 1 0 0 0 1 0 1 0 0 0
220	1	1 1 1 0 0 0 1 0 1 0 1 0 1 0 0 0 1 0 0 0
220	1	0 0 0 1 0 0 1 0 0 0 1 0 0 0 0 0 1 0 0 1
220	1	1 1 1 1 0 0 1 1 0 0 1 0 0 0 0 0 1 0 0 0
220	2	1 0 1 1 0 0 1 0 1 0 1 0 0 0 0 1 1 0 0 0
220	1	1 0 1 1 0 0 1 1 1 0 1 0 0 0 0 0 1 0 0 0
220	1	1 0 1 0 0 0 1 1 0 0 1 0 0 0 0 0 1 0 0 0
220	1	0 1 1 1 0 0 1 1 0 0 1 0 0 0 0 0 1 0 0 1
220	1	0 1 1 0 0 0 0 0 0 0 1 1 0 0 1 1 1 0 0 0
220	2	0 1 1 1 0 0 1 0 1 0 1 0 0 0 1 0 1 0 0 0
220	1	1 1 1 0 0 0 0 0 1 0 1 1 1 0 0 0 1 0 0 1
220	1	0 1 1 1 0 0 1 0 1 0 1 0 0 1 0 0 1 0 0 1
220	1	1 0 1 1 0 0 0 0 1 0 1 0 1 0 1 0 0 0 0 0
220	2	1 1 1 0 0 0 1 0 1 1 1 0 0 0 0 0 1 0 0 0
220	1	1 1 1 0 0 0 1 0 1 1 1 0 0 1 0 0 1 0 1 1
220	1	0 0 1 1 0 1 1 0 1 0 1 0 1 0 1 0 1 0 0 0
220	3	1 0 1 0 0 0 0 0 1 0 1 1 1 0 0 0 1 0 0 1
220	1	0 1 1 1 0 0 0 0 1 0 1 0 0 0 0 0 1 0 0 0
220	1	1 1 1 1 0 1 1 0 1 0 1 0 0 0 1 0 1 0 0 1
220	1	0 1 1 1 1 1 1 0 0 0 1 0 0 1 0 0 1 0 0 0
220	1	0 1 1 1 0 1 1 1 0 0 1 0 0 0 0 0 1 0 0 1
220	1	1 0 0 1 0 0 1 0 1 0 1 0 0 0 0 0 1 0 0 0
220	1	1 1 1 1 0 0 1 1 1 0 1 0 0 0 0 0 1 0 0 0
220	1	1 1 1 0 0 0 0 0 1 0 1 1 1 0 0 0 0 0 0 1
220	1	1 1 1 1 0 0 1 0 1 0 1 0 1 0 0 0 1 0 0 0
220	1	0 1 1 1 0 1 1 0 1 0 1 0 0 0 1 0 1 0 0 0
220	1	0 1 0 1 0 0 1 0 1 0 1 1 0 0 1 0 0 0 0 0
220	1	0 1 1 1 0 0 1 0 0 0 1 0 0 0 1 0 1 0 0 0
220	1	0 0 0 1 0 0 1 0 1 1 1 0 0 1 1 1 1 0 0 0
230	1	1 0 1 1 0 0 1 0 1 0 1 1 0 0 0 0 1 0 0 1
230	5	1 0 1 0 0 1 1 0 0 0 1 0 0 0 0 0 1 0 0 0
230	1	0 1 1 1 0 0 1 0 0 0 1 0 0 0 0 0 1 0 0 0
230	2	0 1 1 1 0 0 1 1 0 0 1 0 0 0 0 0 1 0 0 0
230	3	1 0 1 1 0 0 1 0 1 0 1 1 0 0 0 0 1 0 0 0
230	1	0 1 1 1 0 0 1 0 1 0 1 1 0 0 1 0 0 0 0 1
230	1	1 0 1 1 0 1 1 0 0 0 1 0 0 0 0 0 1 0 0 0
230	1	0 0 0 1 0 0 1 0 0 0 1 0 0 0 0 0 1 0 0 1
230	1	0 1 1 1 0 0 1 1 0 0 1 0 0 0 0 0 1 0 0 1
230	1	0 1 1 1 0 0 1 0 1 0 1 0 0 0 1 0 1 0 0 0
230	1	1 0 1 1 0 0 1 0 1 0 1 1 0 0 0 1 1 0 0 0
230	1	0 0 1 1 1 0 1 0 1 0 1 0 0 0 1 0 1 0 0 0
230	1	0 1 1 1 0 0 1 0 0 1 1 0 0 0 0 0 1 0 0 1
230	1	1 0 1 1 0 0 0 0 1 0 1 0 1 0 1 0 0 0 0 0
230	2	1 1 1 0 0 0 1 0 1 1 1 0 0 0 0 0 1 0 0 0
230	1	0 1 1 0 0 0 1 1 0 0 1 1 0 0 0 0 1 0 1 1
230	2	0 1 1 1 0 0 0 0 1 0 1 0 0 0 0 0 1 0 0 0
230	2	0 1 1 1 0 1 1 1 0 0 1 0 0 0 0 0 1 0 0 1
230	1	0 1 1 1 0 0 1 0 0 0 1 0 0 1 0 0 1 0 0 0
230	1	1 1 1 1 0 0 1 1 1 0 1 0 0 0 0 0 1 0 0 0
230	1	1 1 1 0 0 0 1 0 1 0 1 1 0 0 1 0 1 0 0 0
230	1	0 0 0 1 0 0 1 1 1 1 1 0 0 1 0 0 1 0 0 0
230	1	1 1 1 0 0 0 1 0 0 0 1 0 0 0 0 0 1 0 0 0
230	1	1 1 1 0 0 0 1 0 1 0 1 1 0 0 1 0 0 0 0 0
230	2	1 0 0 1 1 1 1 0 1 0 1 0 0 1 0 0 1 0 0 1
230	1	0 1 1 1 0 0 1 1 0 1 1 0 0 0 0 0 1 0 0 0
230	1	1 0 1 0 0 0 1 0 1 0 1 1 0 0 0 0 1 0 0 0
230	2	0 1 1 1 0 0 1 0 1 0 1 1 0 0 0 0 1 0 0 1
230	1	0 1 1 1 0 0 1 1 1 0 1 0 0 0 0 0 1 0 0 0
230	1	1 1 1 0 0 0 1 1 1 0 1 0 0 0 1 0 1 0 1 0
230	1	1 0 0 1 0 0 1 0 1 0 1 0 0 0 0 1 1 0 0 0
230	1	1 1 1 0 0 0 1 0 1 1 1 0 0 0 0 0 1 0 1 0
230	1	1 0 1 0 0 1 1 0 1 1 1 0 0 1 0 0 1 0 0 1
230	1	0 1 0 1 0 0 1 1 0 0 1 0 0 0 1 0 1 0 0 0
230	1	0 1 1 1 0 1 1 0 0 0 1 0 0 0 0 0 1 0 0 0
230	1	1 0 0 1 1 0 1 0 1 0 1 0 0 1 0 0 1 0 0 1
230	1	1 1 1 0 0 0 1 1 0 0 1 0 0 0 0 0 1 0 0 1
230	1	1 1 1 1 0 0 1 0 1 0 0 0 0 0 0 0 1 0 0 0
240	2	0 1 1 1 0 0 1 0 1 0 1 0 0 0 0 0 1 0 0 0
240	3	1 0 1 1 0 0 1 0 1 0 1 1 0 0 0 0 1 0 0 0
240	3	0 1 1 1 0 0 1 0 1 0 1 1 0 0 1 0 0 0 0 1
240	2	1 0 1 1 0 1 1 0 0 0 1 0 0 0 0 0 1 0 0 0
240	1	0 0 0 1 0 0 1 0 0 0 1 0 0 0 0 0 1 0 0 1
240	1	1 0 1 1 0 0 1 1 1 0 1 0 0 0 0 0 1 0 0 0
240	1	0 1 1 1 0 0 1 1 0 0 1 0 0 0 0 0 1 0 0 1
240	4	1 0 1 1 0 0 1 0 1 0 1 1 0 0 0 1 1 0 0 0
240	1	0 0 1 1 1 0 1 0 1 0 1 0 0 0 1 0 1 0 0 0
240	1	1 1 1 0 0 0 0 0 1 0 1 1 1 0 0 0 1 0 0 1
240	1	1 1 1 0 0 0 1 1 1 0 1 0 0 0 1 0 1 0 0 0
240	3	0 0 1 1 0 1 1 0 1 0 1 0 0 0 0 0 1 0 0 0
240	1	1 1 1 1 0 0 1 1 1 0 1 0 0 0 0 0 1 0 0 0
240	2	1 0 1 1 0 0 1 0 0 0 1 0 0 0 0 0 1 0 0 0
240	2	0 1 1 1 1 1 1 0 0 0 1 0 0 1 1 0 1 0 0 0
240	2	0 0 1 1 0 0 1 0 0 0 1 0 0 0 1 1 1 0 0 0
240	1	1 0 0 1 1 1 1 0 1 0 1 0 0 1 0 0 1 0 0 1
240	2	0 1 1 1 0 0 1 1 0 1 1 0 0 0 0 0 1 0 0 0
240	1	0 1 1 1 1 1 1 0 1 0 1 0 1 0 0 0 1 0 0 0
240	1	1 1 1 0 0 0 1 1 1 0 1 0 0 0 1 0 1 0 1 0
240	1	0 1 1 1 0 1 1 0 1 0 1 0 1 0 1 0 1 0 0 1
240	1	1 1 1 1 0 1 1 0 0 0 1 0 0 0 1 0 1 0 0 0
240	1	0 1 1 1 0 0 0 0 1 0 1 1 0 0 0 0 1 0 0 1
240	1	0 0 1 1 0 0 1 0 1 0 1 1 0 0 0 0 1 0 0 1
240	2	0 1 1 1 0 0 1 1 0 0 1 0 0 1 0 0 1 0 0 0
240	1	1 0 1 1 0 1 0 0 1 0 1 1 1 0 0 0 1 0 0 1
240	1	1 0 1 1 0 1 1 0 0 0 1 0 0 0 0 0 1 0 1 0
240	1	0 1 1 1 0 0 1 0 1 1 1 1 0 0 1 0 0 0 0 0
240	1	0 1 1 0 0 0 0 0 0 0 0 1 0 0 1 1 1 0 0 1
240	2	1 0 1 1 0 0 1 0 1 0 1 0 0 0 1 0 1 0 0 1
240	1	1 1 1 1 0 0 1 1 1 0 1 0 0 0 1 0 1 0 0 0
240	1	1 1 1 0 0 0 0 0 1 1 1 1 1 0 0 0 1 0 0 0
240	1	0 1 1 1 0 0 1 0 1 0 1 1 0 0 1 0 1 0 0 0
250	3	1 0 1 0 0 1 1 0 0 0 1 0 0 0 0 0 1 0 0 0
250	1	0 1 1 1 0 0 1 0 0 0 1 0 0 0 0 0 1 0 0 0
250	1	0 1 1 1 0 0 1 1 0 0 1 0 0 0 0 0 1 0 0 0
250	1	1 0 1 1 0 0 1 0 1 0 1 1 0 0 0 0 1 0 0 0
250	1	1 0 1 1 0 1 1 0 1 0 1 0 0 0 1 0 1 0 0 1
250	1	1 0 1 1 0 0 1 1 1 0 1 0 0 0 0 0 1 0 0 0
250	1	1 1 1 0 0 0 1 0 1 1 1 0 0 0 0 0 1 0 0 0
250	1	0 0 1 1 0 1 1 0 1 0 1 0 0 0 0 0 1 0 0 0
250	4	0 1 1 1 0 0 1 0 0 0 1 0 0 1 0 0 1 0 0 0
250	1	1 1 1 1 0 0 1 1 1 0 1 0 0 0 0 0 1 0 0 0
250	3	1 0 1 1 0 0 1 0 0 0 1 0 0 0 0 0 1 0 0 0
250	5	0 1 1 1 1 1 1 0 0 0 1 0 0 1 1 0 1 0 0 0
250	1	0 0 1 1 0 0 1 0 0 0 1 0 0 0 1 1 1 0 0 0
250	2	0 1 1 1 0 0 1 0 1 0 1 1 0 0 0 0 1 0 0 1
250	1	1 0 1 1 0 0 1 0 1 0 1 0 1 0 1 0 1 1 0 1
250	1	0 1 0 1 0 0 1 1 0 0 1 0 0 0 1 0 1 0 0 0
250	2	1 0 1 0 0 1 1 0 1 0 1 0 0 0 0 0 1 0 0 0
250	2	1 0 1 0 0 1 1 0 0 1 1 0 0 0 0 0 1 0 0 0
250	1	1 1 1 1 0 0 1 0 1 0 0 0 0 0 0 0 1 0 0 0
250	1	0 1 1 1 0 0 0 0 1 0 1 1 0 0 0 0 1 0 0 1
250	1	1 0 1 1 0 1 1 0 1 0 1 1 0 0 0 0 1 0 0 0
250	1	1 0 1 1 0 1 1 0 0 0 1 0 0 1 0 0 1 0 0 0
250	2	0 0 1 1 0 1 1 0 0 0 1 0 0 1 1 0 1 0 0 1
250	3	0 1 1 1 0 0 1 0 1 1 1 1 0 0 1 0 0 0 0 0
250	2	1 0 1 1 1 0 1 0 1 0 1 0 0 0 0 0 1 0 0 0
250	1	1 0 1 1 0 0 1 0 1 0 1 0 1 0 1 0 1 0 0 0
250	1	0 0 1 1 0 0 1 0 0 0 1 0 0 1 0 0 1 0 1 0
250	1	0 1 1 1 1 1 1 0 1 0 1 0 1 0 0 0 0 0 0 0
250	1	0 1 1 1 1 1 1 0 0 0 0 0 0 1 1 0 1 0 0 0
250	1	1 0 1 1 0 0 1 0 1 0 1 0 1 0 0 0 1 0 0 0
250	1	0 1 0 1 0 1 1 1 1 1 0 0 0 0 0 0 1 0 0 0
250	1	1 1 1 0 0 0 0 1 1 0 1 1 1 0 0 0 1 0 0 1
260	1	0 1 1 1 0 0 1 1 0 0 1 0 0 0 0 0 1 0 0 0
260	2	1 0 1 1 0 0 1 0 1 0 1 1 0 0 0 0 1 0 0 0
260	2	0 1 1 1 0 0 1 0 1 0 1 1 0 0 1 0 0 0 0 1
260	1	1 1 1 0 0 0 1 0 1 0 1 0 1 0 0 0 1 0 0 0
260	1	1 1 1 0 0 0 1 0 1 0 1 0 0 0 1 0 1 0 0 0
260	2	0 1 1 1 0 0 1 1 0 0 1 0 0 0 0 0 1 0 0 1
260	1	1 0 1 1 0 0 1 0 1 0 1 1 0 0 0 1 1 0 0 0
260	4	0 0 1 1 0 1 1 0 1 0 1 0 0 0 0 0 1 0 0 0
260	1	0 1 1 1 0 0 1 0 0 0 1 0 0 1 0 0 1 0 0 0
260	3	1 0 1 1 0 0 1 0 0 0 1 0 0 0 0 0 1 0 0 0
260	2	0 1 1 1 1 1 1 0 0 0 1 0 0 1 1 0 1 0 0 0
260	1	0 1 1 0 0 0 1 0 1 0 1 0 0 0 1 0 1 0 0 0
260	1	1 0 1 1 0 0 1 0 1 0 1 1 1 0 1 1 1 0 0 0
260	2	1 0 1 0 0 1 1 0 1 0 1 0 0 0 0 0 1 0 0 0
260	2	0 1 1 1 0 0 0 0 1 0 1 1 0 0 0 0 1 0 0 1
260	2	1 0 1 1 0 1 1 0 1 0 1 1 0 0 0 0 1 0 0 0
260	1	1 0 0 0 0 0 1 0 1 0 1 1 0 0 1 0 0 0 0 1
260	1	0 0 1 1 0 1 1 0 0 0 1 0 0 1 1 0 1 0 0 1
260	3	1 0 1 1 0 0 0 0 1 0 1 1 0 0 0 0 1 0 0 0
260	1	0 1 1 1 0 0 1 0 0 1 1 0 0 0 0 0 1 0 0 0
260	1	0 1 1 1 0 0 1 1 0 0 1 0 1 0 0 0 1 0 0 1
260	1	0 0 1 1 0 0 1 0 0 0 1 0 0 1 1 1 1 0 0 0
260	1	1 0 0 1 0 1 1 1 1 1 0 0 0 0 0 0 1 0 0 0
260	1	1 0 1 1 0 0 1 0 1 0 1 0 1 0 0 0 1 0 0 0
260	1	1 0 1 1 0 0 0 0 0 0 1 0 0 0 0 0 1 0 0 0
260	1	0 1 1 1 0 0 1 0 0 0 1 0 0 1 1 0 1 0 0 0
260	1	0 1 1 1 0 0 1 0 0 0 0 0 0 1 0 0 1 0 0 0
260	2	0 1 1 1 1 1 1 0 0 0 1 0 0 1 1 0 1 0 0 1
260	1	0 1 1 1 0 0 0 0 1 0 1 0 0 0 0 0 1 0 0 1
260	1	0 1 1 1 0 0 1 0 1 0 1 1 0 0 0 0 1 0 0 0
260	1	1 0 0 0 0 0 0 0 1 0 1 1 1 0 0 0 1 0 0 1
260	2	1 0 1 1 0 0 1 0 1 0 0 0 1 0 0 0 1 0 0 0
260	1	1 0 1 1 0 0 1 0 1 0 1 0 0 0 0 0 1 0 0 0
260	1	1 0 1 1 0 0 1 0 1 0 0 1 0 0 0 1 1 0 0 1
270	1	0 1 1 1 0 0 1 1 0 0 1 0 0 0 0 0 1 0 0 0
270	1	1 0 1 1 0 0 1 0 1 0 1 1 0 0 0 0 1 0 0 0
270	1	1 1 1 0 0 0 1 0 1 0 1 0 0 0 1 0 1 0 0 0
270	1	1 0 1 1 0 0 1 0 1 0 1 1 0 0 0 1 1 0 0 0
270	2	0 1 1 1 0 0 1 0 0 1 1 0 0 0 0 0 1 0 0 1
270	2	1 0 1 1 0 0 1 0 0 0 1 0 0 0 0 0 1 0 0 0
270	2	0 1 1 1 1 1 1 0 0 0 1 0 0 1 1 0 1 0 0 0
270	4	0 1 1 1 0 0 1 0 1 0 1 1 0 0 0 0 1 0 0 1
270	1	0 1 1 1 0 0 1 0 1 1 1 1 0 0 1 0 0 0 0 1
270	1	1 0 1 1 0 0 1 0 1 0 1 1 1 0 1 1 1 0 0 0
270	1	1 0 1 1 0 1 1 0 1 0 1 1 0 0 0 0 1 0 0 0
270	1	1 0 0 0 0 0 1 0 1 0 1 1 0 0 1 0 0 0 0 1
270	1	0 0 1 1 0 0 1 1 1 0 1 0 0 0 0 0 1 0 0 0
270	5	0 0 1 1 0 0 1 0 0 0 1 0 0 1 1 1 1 0 0 0
270	3	0 1 1 1 0 0 0 0 1 0 1 1 0 1 1 0 0 0 0 1
270	1	0 1 1 0 1 1 1 0 1 0 1 1 1 0 0 0 1 0 0 0
270	1	0 1 1 1 0 0 1 0 0 0 1 0 0 1 1 0 1 0 0 0
270	3	0 1 1 1 0 0 0 0 1 0 1 0 0 0 0 0 1 0 0 1
270	1	1 1 1 0 0 0 0 0 1 0 1 1 1 0 0 0 1 0 0 0
270	1	1 0 0 0 0 0 0 0 1 0 1 1 1 0 0 0 1 0 0 1
270	1	1 1 1 1 0 0 1 1 0 0 1 1 0 1 0 0 1 0 0 0
270	2	1 0 1 1 0 0 1 0 1 0 1 0 0 0 0 0 1 0 0 0
270	1	1 0 1 1 0 0 1 0 1 0 0 1 0 0 0 1 1 0 0 1
270	1	0 1 1 1 1 1 1 0 0 0 1 0 0 1 1 0 0 0 0 1
270	1	0 1 1 1 0 0 1 0 0 0 0 0 0 1 0 0 0 0 0 0
270	1	0 1 1 1 0 0 1 0 0 1 1 0 0 0 0 0 0 0 0 0
270	1	0 1 1 1 0 0 1 0 0 0 1 0 0 1 1 0 0 0 0 0
270	1	0 1 1 1 0 0 1 0 1 0 1 0 1 0 0 0 1 0 0 0
270	1	1 0 0 0 0 0 0 0 1 0 1 1 1 0 0 0 1 0 0 0
270	1	0 1 1 1 0 0 1 0 0 1 1 0 0 0 1 0 1 0 0 0
270	1	0 1 1 1 1 1 1 1 1 0 1 0 1 0 0 0 0 0 0 0
270	2	1 1 1 0 0 0 1 0 0 0 1 0 0 0 1 0 1 0 0 0
270	1	1 0 1 1 0 0 0 1 0 0 1 0 0 0 0 0 1 0 0 0
270	1	0 1 1 1 0 0 1 0 1 0 1 0 0 0 0 0 1 0 0 0
280	5	0 1 1 1 0 0 1 1 0 0 1 0 0 0 0 0 1 0 0 0
280	2	1 0 1 1 0 0 1 0 1 0 1 1 0 0 0 0 1 0 0 0
280	2	0 1 1 1 0 0 1 0 0 1 1 0 0 0 0 0 1 0 0 1
280	1	0 0 1 1 0 1 1 0 1 0 1 0 0 0 0 0 1 0 0 0
280	1	0 1 1 1 1 1 1 0 0 0 1 0 0 1 1 0 1 0 0 0
280	2	0 1 1 1 0 0 1 0 1 0 1 1 0 0 0 0 1 0 0 1
280	3	1 0 1 1 0 1 1 0 0 0 1 0 0 1 0 0 1 0 0 0
280	1	0 1 1 1 1 1 1 0 1 0 1 0 1 0 0 0 0 0 0 0
280	2	0 0 1 1 0 0 1 0 0 0 1 0 0 1 1 1 1 0 0 0
280	4	0 1 1 0 1 1 1 0 1 0 1 1 1 0 0 0 1 0 0 0
280	3	0 1 1 1 0 0 1 0 1 0 1 1 0 0 0 0 1 0 0 0
280	2	1 1 1 1 0 0 1 1 0 0 1 1 0 1 0 0 1 0 0 0
280	3	1 0 1 1 0 0 1 0 1 0 1 0 0 0 0 0 1 0 0 0
280	1	0 1 1 1 0 0 1 0 0 1 1 0 0 0 0 0 1 1 0 1
280	2	0 1 1 1 1 1 1 0 0 0 1 0 0 1 1 0 0 0 0 1
280	1	0 0 1 1 0 0 1 0 0 0 1 0 0 0 0 0 1 0 0 0
280	1	1 0 1 1 0 0 1 0 1 0 1 0 0 1 1 0 1 0 0 0
280	1	0 1 1 1 0 0 0 0 1 0 1 1 0 0 0 0 1 0 0 0
280	2	0 1 1 1 1 1 1 0 0 0 1 0 0 1 1 1 1 0 0 0
280	1	1 0 1 1 0 1 1 0 1 1 1 1 0 0 0 0 1 0 0 0
280	1	1 0 1 1 0 0 0 1 0 0 1 0 0 0 0 0 1 0 0 0
280	1	0 0 1 1 0 0 0 0 1 0 1 1 0 0 0 0 1 0 0 0
280	2	0 0 1 1 1 1 1 0 0 0 1 0 0 1 0 0 1 0 0 0
280	1	1 0 1 1 0 0 1 0 1 0 1 1 1 0 0 1 1 0 0 0
280	1	0 1 1 1 1 1 1 0 0 0 1 0 0 0 1 0 1 0 0 0
280	1	0 1 1 1 0 0 1 0 0 0 1 0 0 1 1 1 1 0 0 0
280	1	0 1 1 1 0 0 0 0 1 0 1 0 0 1 0 0 1 0 0 0
280	1	0 1 1 1 1 1 1 0 1 0 1 0 1 0 0 0 1 0 0 0
280	1	1 0 1 1 0 0 0 1 0 1 1 0 0 0 1 0 0 0 0 1
290	7	0 1 1 1 0 0 1 1 0 0 1 0 0 0 0 0 1 0 0 0
290	1	1 1 1 0 0 0 1 0 1 0 1 0 1 0 0 0 1 0 0 0
290	1	0 1 1 1 1 1 1 0 0 0 1 0 0 1 1 0 1 0 0 0
290	1	1 0 1 1 0 0 1 0 1 0 1 1 1 0 1 1 1 0 0 0
290	1	1 0 1 1 0 1 1 0 0 0 1 0 0 1 0 0 1 0 0 0
290	2	0 1 1 0 1 1 1 0 1 0 1 1 1 0 0 0 1 0 0 0
290	3	0 1 1 1 0 0 0 1 0 0 1 0 0 0 1 0 0 0 0 1
290	1	1 0 0 0 0 1 1 0 0 0 1 0 0 0 0 0 1 0 0 0
290	3	0 1 1 1 0 0 1 0 0 0 1 0 0 1 1 0 1 0 0 0
290	1	0 1 1 1 1 1 1 0 0 0 1 0 0 1 1 0 1 0 0 1
290	1	1 1 1 0 0 0 0 0 1 0 1 1 1 0 0 0 1 0 0 0
290	2	0 1 1 1 0 0 0 0 1 0 1 0 0 1 1 0 1 0 0 0
290	3	1 0 1 1 0 0 1 0 1 0 1 0 0 0 0 0 1 0 0 0
290	2	0 1 1 1 0 0 1 0 0 1 1 0 1 0 0 0 1 0 0 0
290	1	1 0 0 1 0 1 1 0 1 0 1 0 0 0 0 0 1 0 0 0
290	2	0 1 1 1 0 0 0 0 1 0 1 1 0 0 0 0 1 0 0 0
290	1	0 1 1 1 1 1 1 0 0 0 1 0 0 1 1 1 1 0 0 0
290	1	0 1 1 1 0 1 1 0 0 0 1 0 0 1 1 0 1 0 0 0
290	1	0 1 1 1 0 0 1 1 1 0 1 0 0 0 0 0 1 0 0 0
290	1	1 1 1 1 1 1 1 0 0 0 1 0 0 1 1 0 1 0 1 0
290	1	1 0 1 1 0 1 1 1 1 0 1 0 0 0 1 0 1 0 0 0
290	1	1 0 1 1 0 1 1 0 1 0 1 1 1 0 1 1 1 0 0 0
290	1	1 0 1 1 0 0 1 0 1 1 1 1 0 0 0 0 1 0 0 0
290	1	0 1 1 1 0 0 1 0 0 0 1 0 0 0 0 0 1 0 0 0
290	1	0 0 1 1 1 1 1 0 0 0 1 0 0 0 0 0 1 0 0 0
290	1	0 1 1 1 1 0 1 0 0 0 1 0 0 1 1 0 1 0 0 0
290	1	0 1 1 1 1 1 1 0 0 0 1 1 1 1 1 0 1 0 0 0
290	2	0 1 1 1 1 1 1 0 1 0 1 0 1 0 0 0 0 1 0 0
290	1	1 1 1 1 0 0 0 1 0 0 1 0 0 0 0 0 1 0 0 0
290	1	0 1 1 1 0 0 0 0 1 0 1 1 0 1 0 0 1 0 0 0
290	1	1 0 1 1 0 0 1 1 1 0 1 0 1 0 0 0 0 0 0 0
290	1	1 0 1 1 0 0 1 0 0 0 1 1 0 1 1 0 1 0 0 0
290	1	0 0 1 1 0 1 1 0 1 0 1 1 1 0 1 1 1 0 0 0
300	4	0 1 1 1 0 0 1 1 0 0 1 0 0 0 0 0 1 0 0 0
300	1	1 0 1 1 0 0 1 0 1 0 1 1 0 0 0 0 1 0 0 0
300	1	0 1 1 1 1 1 1 0 0 0 1 0 0 1 1 0 1 0 0 0
300	1	1 0 1 1 0 0 1 0 1 0 1 1 1 0 1 1 1 0 0 0
300	1	1 0 1 1 0 1 1 0 0 0 1 0 0 1 0 0 1 0 0 0
300	2	0 1 1 1 0 0 0 1 0 0 1 0 0 0 1 0 0 0 0 1
300	3	0 1 1 1 0 0 1 0 0 0 1 0 0 1 1 0 1 0 0 0
300	2	0 1 1 1 1 1 1 0 0 0 1 0 0 1 1 0 1 0 0 1
300	1	0 1 1 1 0 0 1 0 1 0 1 1 0 0 0 0 1 0 0 0
300	1	0 1 1 1 0 0 0 0 1 0 1 0 0 1 1 0 1 0 0 0
300	2	1 0 1 1 0 0 1 0 1 0 1 0 0 0 0 0 1 0 0 0
300	1	0 1 1 1 1 1 1 0 0 0 1 0 0 1 1 1 1 0 0 0
300	1	0 1 1 1 0 1 1 0 1 0 1 1 0 0 0 0 1 0 0 1
300	1	0 1 1 1 0 1 1 0 0 0 1 0 0 1 1 0 1 0 0 0
300	1	0 1 1 1 1 1 1 0 0 0 1 0 1 1 1 0 1 0 0 0
300	1	1 0 1 1 0 0 1 0 0 0 1 0 0 1 1 0 1 0 0 0
300	1	0 1 1 1 0 0 1 0 0 1 1 0 1 1 0 0 1 0 0 0
300	1	1 0 1 1 0 1 1 1 1 0 1 0 0 0 1 0 1 0 0 0
300	1	0 1 1 1 1 1 1 0 0 0 1 0 0 0 0 0 1 0 0 0
300	2	0 1 1 0 1 1 1 0 0 0 1 0 0 1 0 0 1 0 0 0
300	1	0 1 1 1 0 0 1 0 0 0 1 0 0 0 0 0 1 0 0 0
300	1	1 1 1 1 1 1 1 0 1 0 1 0 1 0 0 0 0 0 0 0
300	1	0 1 1 1 0 0 1 0 0 0 1 0 0 1 1 1 1 0 0 0
300	1	0 0 1 1 1 1 1 0 0 0 1 0 0 1 0 0 1 0 1 0
300	1	1 1 1 1 0 0 1 1 0 0 1 0 0 0 0 0 1 0 0 0
300	1	1 0 1 1 0 0 1 0 1 0 0 0 1 0 0 0 1 0 0 0
300	2	0 1 1 1 0 0 1 0 1 0 1 1 1 1 0 0 1 0 0 1
300	1	0 1 1 1 0 0 0 1 1 0 1 1 0 0 0 0 1 0 0 0
300	2	0 0 1 1 0 0 1 0 1 1 1 0 0 0 0 0 1 0 0 1
300	1	1 1 1 1 1 1 1 0 0 0 1 0 0 1 1 0 1 0 0 0
300	2	1 0 1 1 0 0 1 1 0 0 1 0 0 0 0 0 1 0 0 0
300	1	1 1 0 1 1 1 1 0 1 0 1 0 1 0 0 0 0 0 0 0
300	1	0 0 1 1 0 0 1 0 1 0 1 1 0 0 0 0 1 0 0 0
300	2	1 1 1 1 0 1 1 1 0 0 1 0 0 0 0 0 1 0 0 0
300	1	0 1 1 0 0 0 1 0 1 0 1 0 1 0 0 0 1 0 0 0
300	1	0 1 1 1 0 0 0 1 0 0 1 0 0 0 1 0 1 0 0 0
300	1	0 0 1 1 0 0 1 0 1 1 1 0 0 0 1 0 1 0 0 1
310	1	0 1 1 1 0 0 1 1 0 0 1 0 0 0 0 0 1 0 0 0
310	1	0 1 1 1 1 1 1 0 0 0 1 0 0 1 1 0 1 0 0 0
310	1	0 1 1 1 0 0 1 0 1 0 1 1 0 0 0 0 1 0 0 1
310	1	0 1 1 1 1 1 1 0 1 0 1 0 1 0 0 0 0 0 0 0
310	1	0 1 1 1 0 0 0 1 0 0 1 0 0 0 1 0 0 0 0 1
310	1	1 0 0 0 0 1 1 0 0 0 1 0 0 0 0 0 1 0 0 0
310	7	0 1 1 1 0 0 1 0 0 0 1 0 0 1 1 0 1 0 0 0
310	1	0 1 1 1 1 1 1 0 0 0 1 0 0 1 1 0 1 0 0 1
310	3	0 1 1 1 0 0 0 0 1 0 1 0 0 1 1 0 1 0 0 0
310	2	0 1 1 1 0 0 1 0 0 1 1 0 1 0 0 0 1 0 0 0
310	3	0 1 1 1 0 1 1 0 0 0 1 0 0 1 1 0 1 0 0 0
310	1	0 1 1 1 1 1 1 0 0 0 1 0 1 1 1 0 1 0 0 0
310	4	0 1 1 1 0 0 0 1 0 0 1 0 0 0 1 0 0 0 0 0
310	1	1 0 1 1 0 1 1 0 1 0 1 1 0 0 0 0 1 0 0 0
310	2	0 1 1 1 0 0 1 0 0 0 1 0 0 0 0 0 1 0 0 0
310	1	0 1 1 1 0 0 1 0 0 1 1 0 1 0 0 1 1 0 0 0
310	2	0 1 1 1 0 0 0 0 1 0 1 1 0 1 0 0 1 0 0 0
310	1	1 0 1 1 0 1 1 1 1 0 1 0 0 0 0 0 1 0 0 0
310	2	0 1 1 1 0 0 1 1 0 0 1 0 0 1 0 0 1 0 0 0
310	1	0 1 1 1 0 0 1 0 0 0 1 0 0 1 1 0 1 0 0 1
310	1	1 0 0 0 0 1 1 0 0 0 1 0 0 0 1 0 1 0 0 0
310	2	0 1 1 1 0 0 0 1 0 0 1 0 0 0 1 0 1 0 0 0
310	2	1 0 1 1 0 0 1 0 1 0 1 1 0 0 1 0 1 0 0 0
310	1	1 0 1 1 0 0 1 1 1 0 1 1 1 0 1 1 1 0 1 0
310	2	0 1 1 1 0 0 0 0 1 0 1 0 0 1 1 0 1 0 0 1
310	1	1 0 1 1 0 1 1 1 1 0 1 0 0 0 1 0 1 0 0 1
310	1	1 0 0 0 0 1 1 1 0 0 1 0 0 0 1 0 1 0 0 0
310	1	1 0 1 1 0 1 1 0 0 0 1 0 0 0 0 0 1 0 0 1
310	2	0 1 1 1 1 1 1 0 1 0 1 0 1 0 0 0 1 0 0 0
320	1	0 1 1 1 0 0 1 1 0 0 1 0 0 0 0 0 1 0 0 0
320	1	0 1 1 1 0 0 0 1 0 0 1 0 0 0 1 0 0 0 0 1
320	4	0 1 1 1 0 0 1 0 0 0 1 0 0 1 1 0 1 0 0 0
320	3	1 1 1 0 0 0 0 0 1 0 1 1 1 0 0 0 1 0 0 0
320	1	0 1 1 1 0 0 1 0 1 0 1 1 0 0 0 0 1 0 0 0
320	2	0 1 1 1 0 0 1 0 0 1 1 0 1 0 0 0 1 0 0 0
320	1	0 1 1 1 1 1 1 0 0 0 1 0 0 1 1 1 1 0 0 0
320	1	0 1 1 1 0 1 1 0 0 0 1 0 0 1 1 0 1 0 0 0
320	1	0 1 1 1 1 1 1 0 0 0 1 0 0 0 1 0 1 0 0 1
320	1	0 1 1 1 0 0 0 1 0 0 1 0 0 0 1 0 0 0 0 0
320	1	0 1 1 1 0 0 1 0 0 1 1 0 1 0 0 1 1 0 0 0
320	1	0 0 1 1 0 0 1 0 1 1 1 0 0 0 0 0 1 0 0 1
320	1	0 1 1 1 0 0 1 0 1 0 1 0 0 0 0 0 1 0 0 0
320	1	1 1 1 1 1 1 1 0 0 0 1 0 0 1 1 0 1 0 0 0
320	1	0 1 1 1 0 0 1 1 0 0 1 0 0 1 0 0 1 0 0 0
320	1	0 1 1 1 0 0 1 0 0 0 1 0 0 1 1 0 1 0 0 1
320	1	0 1 1 1 0 0 1 0 0 0 1 0 0 1 1 0 1 0 1 0
320	1	0 1 1 1 0 0 1 0 1 0 1 0 0 1 1 0 1 0 0 0
320	1	0 1 1 1 0 1 1 0 1 0 1 0 0 0 0 0 1 0 0 1
320	1	0 1 1 1 0 0 1 0 0 1 1 0 0 0 0 0 1 0 0 0
320	1	0 1 1 1 1 1 1 0 0 0 1 0 0 1 1 0 1 0 1 0
320	1	0 1 1 1 0 0 1 0 0 1 1 0 0 1 1 0 1 0 0 0
320	1	0 1 1 1 1 1 1 0 1 0 0 0 1 0 0 0 0 0 0 0
320	1	1 1 1 1 0 0 1 0 1 0 0 0 1 0 0 0 1 0 0 0
320	1	1 0 1 1 0 0 1 0 1 0 1 0 0 1 1 0 1 0 0 0
320	1	0 1 1 1 0 1 1 0 1 0 1 1 0 1 0 0 1 0 0 1
320	2	0 1 0 1 0 0 0 1 0 0 1 0 0 0 1 0 1 0 0 0
320	1	0 1 1 1 0 1 1 0 0 0 1 0 1 0 0 0 1 0 0 0
320	1	1 0 1 1 1 0 1 0 1 0 1 1 0 0 1 0 1 0 0 0
320	1	0 1 1 1 0 0 0 1 1 0 1 0 0 0 0 0 1 0 0 0
320	3	1 0 0 0 0 1 1 0 0 0 1 1 0 0 1 0 1 0 0 0
320	1	1 0 0 0 0 0 1 1 0 0 1 0 0 0 0 0 1 0 0 0
320	1	0 1 1 1 0 1 1 0 1 1 1 0 0 1 1 0 0 0 0 0
320	1	0 1 0 0 0 0 1 0 0 1 1 0 0 0 0 0 1 0 0 0
320	2	0 1 1 1 1 1 0 0 0 0 1 0 1 1 1 0 1 0 0 0
320	1	0 0 1 1 0 0 1 0 1 1 1 0 0 0 0 1 1 0 0 1
320	1	1 1 1 0 0 0 0 0 1 0 1 1 1 1 0 0 1 0 0 0
320	2	0 1 1 0 0 0 1 1 0 0 1 0 0 1 0 0 1 0 0 0
320	1	1 0 0 0 0 1 1 0 0 1 1 0 1 0 0 0 1 0 0 0
330	1	0 1 1 1 0 0 1 1 0 0 1 0 0 0 0 0 1 0 0 0
330	3	0 1 1 1 1 1 1 0 0 0 1 0 0 1 1 0 1 0 0 0
330	1	0 1 1 1 0 0 0 1 0 0 1 0 0 0 1 0 0 0 0 1
330	5	0 1 1 1 0 0 1 0 0 0 1 0 0 1 1 0 1 0 0 0
330	1	1 1 1 0 0 0 0 0 1 0 1 1 1 0 0 0 1 0 0 0
330	2	0 1 1 1 1 1 1 0 0 0 1 0 0 1 1 1 1 0 0 0
330	1	0 1 1 1 1 1 1 0 0 0 1 0 1 1 1 0 1 0 0 0
330	3	0 1 1 1 1 1 1 0 0 0 1 0 0 0 1 0 1 0 0 1
330	1	0 1 1 1 0 0 1 1 0 0 1 0 0 0 1 0 0 0 0 0
330	3	0 1 1 1 0 0 1 0 1 0 1 0 0 0 0 0 1 0 0 0
330	2	1 1 1 1 1 1 1 0 0 0 1 0 0 1 1 0 1 0 0 0
330	3	1 0 0 0 0 1 1 0 0 0 1 0 0 0 1 0 1 0 0 0
330	2	0 1 1 1 0 0 0 1 0 0 1 0 0 0 1 0 1 0 0 0
330	1	0 1 1 1 0 1 1 0 0 0 1 0 0 1 1 0 0 0 0 0
330	1	0 1 1 1 1 1 1 0 1 0 1 1 1 0 0 0 0 0 0 0
330	1	0 1 1 1 0 0 1 0 0 1 1 0 0 0 0 0 1 0 0 0
330	1	0 1 1 1 0 0 1 0 0 1 1 0 0 1 1 0 1 0 0 0
330	1	0 1 1 1 1 1 1 0 1 0 1 0 1 0 0 0 1 0 0 0
330	1	0 1 1 1 0 1 1 0 0 0 1 0 1 0 0 0 1 0 0 0
330	1	0 0 1 1 0 0 1 0 1 0 1 1 0 0 0 0 1 0 0 1
330	1	0 0 1 1 0 0 1 0 1 1 1 0 0 0 1 0 0 0 0 1
330	1	0 1 1 1 1 0 1 0 0 0 1 0 0 1 1 0 1 0 0 0
330	1	1 0 1 1 0 1 1 0 1 0 1 0 0 0 0 0 1 0 0 1
330	2	0 1 1 1 1 1 1 0 0 0 1 0 0 0 1 0 0 0 0 1
330	1	1 1 1 0 0 0 0 1 1 0 1 1 1 0 0 0 1 0 0 0
330	1	0 1 0 1 0 1 1 0 0 0 1 0 1 0 0 1 1 0 0 0
330	1	0 1 1 0 0 0 1 1 0 0 1 0 0 1 0 0 1 0 0 1
330	1	0 0 1 1 1 0 1 0 0 0 1 0 0 1 1 0 1 0 0 0
330	1	0 1 1 1 0 1 1 0 0 0 1 1 0 1 0 0 1 0 0 0
330	1	1 0 1 1 0 1 0 0 1 0 1 1 1 0 1 0 0 0 0 0
330	1	1 1 1 1 0 0 0 1 1 0 1 1 0 0 0 1 1 0 1 0
330	1	0 1 1 0 1 1 1 0 0 1 1 1 1 0 0 0 1 0 0 0
330	1	0 1 1 1 0 0 1 0 1 0 1 1 1 0 0 0 0 0 0 0
330	1	0 1 1 1 1 1 1 0 1 0 0 0 1 0 0 0 1 0 0 0
340	2	0 1 1 1 1 1 1 0 1 0 1 0 1 0 0 0 0 0 0 0
340	5	0 1 1 1 0 0 1 0 0 0 1 0 0 1 1 0 1 0 0 0
340	3	0 1 1 1 1 1 1 0 0 0 1 0 0 1 1 1 1 0 0 0
340	1	0 1 1 1 0 1 1 0 0 0 1 0 0 1 1 0 1 0 0 0
340	1	0 1 1 1 0 0 0 0 1 0 1 0 0 1 0 0 1 0 0 0
340	1	1 1 1 1 1 1 1 0 0 0 1 0 0 1 1 0 1 0 0 0
340	1	0 1 1 1 0 0 1 0 0 0 1 0 0 1 1 0 1 0 0 1
340	3	1 0 0 0 0 1 1 0 0 0 1 0 0 0 1 0 1 0 0 0
340	3	0 1 1 1 0 0 0 1 0 0 1 0 0 0 1 0 1 0 0 0
340	1	0 1 1 1 0 1 1 0 0 0 1 0 0 1 1 0 0 0 0 0
340	4	0 1 1 1 1 1 1 0 1 0 1 1 1 0 0 0 0 0 0 0
340	2	0 1 1 1 1 1 1 0 1 0 1 0 1 0 0 0 1 0 0 0
340	1	0 1 1 1 1 0 1 1 0 0 1 0 0 0 0 0 1 0 0 0
340	1	0 0 1 1 0 0 1 0 1 0 1 1 0 0 0 0 1 0 0 1
340	1	1 1 1 1 1 1 1 0 0 0 1 0 0 0 1 0 1 0 0 0
340	2	0 1 1 1 0 0 1 1 0 0 1 0 0 1 1 0 1 0 0 0
340	1	0 1 1 1 0 0 0 1 0 0 1 1 0 0 1 0 1 0 0 0
340	1	0 0 1 1 1 0 1 0 0 0 1 0 0 1 1 0 1 0 0 0
340	2	0 1 1 1 0 0 0 1 0 0 1 1 0 0 0 0 1 0 1 0
340	1	0 1 1 1 0 1 1 0 0 0 1 1 0 1 0 0 1 0 0 0
340	1	1 1 1 1 1 1 1 0 1 0 1 0 1 0 0 0 1 0 0 0
340	2	0 0 1 1 0 0 1 0 0 0 1 0 0 1 1 0 1 0 0 0
340	1	0 1 1 1 0 0 1 0 1 0 1 1 1 0 0 0 0 0 0 0
340	2	0 1 1 1 0 0 0 1 1 0 1 1 0 1 0 0 1 0 0 0
340	2	1 0 0 0 0 0 1 0 0 0 1 0 0 0 1 0 1 0 0 0
340	1	0 1 0 1 0 0 1 1 1 0 1 0 0 0 1 1 1 0 0 0
340	1	0 1 1 1 1 1 1 0 0 0 0 0 0 0 1 0 0 0 0 1
340	1	0 1 1 1 1 1 1 0 0 0 1 0 0 0 1 1 1 0 0 0
340	1	0 1 1 0 0 0 1 1 0 0 1 0 0 1 1 0 1 0 0 1
340	1	0 1 1 1 0 0 1 0 1 0 1 1 1 0 0 0 0 1 0 0
350	1	0 1 1 1 1 1 1 0 0 0 1 0 0 1 1 0 1 0 0 0
350	3	0 1 1 1 1 1 1 0 1 0 1 0 1 0 0 0 0 0 0 0
350	3	0 1 1 1 0 0 1 0 0 0 1 0 0 1 1 0 1 0 0 0
350	1	0 1 1 1 1 1 1 0 0 0 1 0 0 1 1 1 1 0 0 0
350	1	0 1 1 1 0 0 1 0 1 0 1 0 0 0 0 0 1 0 0 0
350	2	1 1 1 1 1 1 1 0 0 0 1 0 0 1 1 0 1 0 0 0
350	1	0 1 1 1 0 0 0 1 0 0 1 0 0 0 1 0 1 0 0 0
350	1	0 1 1 1 1 1 1 0 1 0 1 1 1 0 0 0 0 0 0 0
350	2	0 1 1 1 0 0 1 0 0 1 1 0 0 0 0 0 1 0 0 0
350	1	0 1 1 1 0 0 1 1 1 0 1 0 0 1 0 0 1 0 0 0
350	1	0 1 1 1 0 0 1 0 0 1 1 0 0 1 1 0 1 0 0 0
350	1	0 1 1 1 1 1 1 0 1 0 0 0 1 0 0 0 0 0 0 0
350	2	0 1 1 1 0 0 1 1 0 0 1 0 0 1 1 0 1 0 0 0
350	1	0 1 1 1 0 0 0 1 0 0 1 1 0 0 1 0 1 0 0 0
350	1	1 1 0 1 0 0 1 1 1 0 1 0 0 0 0 0 1 0 0 0
350	3	1 0 1 1 0 1 0 0 1 0 1 1 1 0 1 0 0 0 0 0
350	1	0 1 1 0 1 1 1 0 0 1 1 1 1 0 0 0 1 0 0 0
350	3	0 1 1 1 1 1 1 0 0 0 1 0 0 0 1 0 0 0 0 0
350	1	0 1 1 1 1 1 1 0 0 0 1 0 0 0 1 0 1 0 0 0
350	1	1 0 1 1 0 1 1 0 1 0 1 1 0 0 1 0 1 0 0 0
350	1	0 1 1 1 0 0 1 1 0 0 1 1 0 0 0 0 1 0 0 0
350	1	0 1 1 1 0 0 1 0 0 0 1 1 0 1 1 0 1 0 0 0
350	2	0 1 1 1 0 0 0 1 0 0 1 1 0 0 0 0 1 0 0 0
350	1	0 1 1 1 1 1 1 0 1 0 1 1 0 0 0 0 1 0 0 0
350	2	0 1 1 1 0 0 0 1 0 1 1 1 0 0 1 0 1 0 0 0
350	2	0 1 1 1 1 0 1 0 1 0 0 0 1 0 0 0 0 0 0 0
350	1	0 1 1 1 0 0 1 0 0 0 1 0 1 0 0 0 0 0 0 0
350	2	0 1 1 0 0 0 1 1 0 1 1 0 0 1 1 0 1 0 0 1
350	1	0 1 1 1 1 0 1 0 1 0 1 1 1 0 0 0 0 1 0 0
350	1	0 1 1 1 0 1 1 0 0 0 1 1 0 1 1 0 1 0 0 0
350	1	0 1 1 1 0 0 1 0 0 0 0 0 0 1 1 0 1 0 0 0
350	1	0 0 1 1 0 0 1 0 0 0 1 1 0 1 1 0 1 0 0 0
350	1	0 1 0 1 0 1 1 1 0 0 1 0 0 1 1 0 1 0 0 0
350	1	0 1 1 1 1 1 1 0 0 0 0 0 0 0 1 0 1 0 0 1
350	1	0 1 1 1 0 0 0 1 0 1 1 1 1 0 0 0 0 0 0 0
360	4	0 1 1 1 1 1 1 0 1 0 1 0 1 0 0 0 0 0 0 0
360	1	0 1 1 1 0 0 1 0 0 0 1 0 0 1 1 0 1 0 0 0
360	1	0 1 1 1 0 0 1 0 1 0 1 1 0 0 0 0 1 0 0 0
360	1	0 1 1 1 1 1 1 0 0 0 1 0 0 1 1 1 1 0 0 0
360	1	0 1 1 1 1 1 1 0 0 0 1 0 0 0 1 0 1 0 0 1
360	1	0 1 1 1 0 0 1 1 0 0 1 0 0 0 1 0 0 0 0 0
360	1	0 1 1 1 0 0 1 0 0 1 1 0 0 0 0 0 1 0 0 0
360	1	0 1 1 1 1 1 1 0 0 0 1 0 0 1 1 0 1 0 1 0
360	1	0 1 1 1 1 1 1 0 1 0 1 0 1 0 0 0 1 0 0 0
360	2	0 1 1 1 0 0 1 1 0 0 1 0 0 1 1 0 1 0 0 0
360	8	0 1 1 1 0 0 0 1 0 0 1 1 0 0 1 0 1 0 0 0
360	3	0 0 1 1 1 0 1 0 0 0 1 0 0 1 1 0 1 0 0 0
360	1	0 1 1 1 0 1 1 0 1 1 1 0 0 1 1 0 1 0 0 0
360	2	0 1 1 1 1 1 1 0 0 0 1 0 0 0 1 0 0 0 0 0
360	1	0 1 1 1 1 1 1 0 0 0 1 0 0 0 1 0 1 0 0 0
360	1	0 1 1 1 1 1 1 0 0 0 0 0 0 0 1 0 0 0 0 1
360	1	0 1 1 1 0 0 1 0 0 1 1 0 1 1 1 1 1 0 0 0
360	1	0 1 1 0 0 0 1 1 0 1 1 0 0 1 1 0 1 0 0 1
360	3	0 1 1 1 1 1 1 0 0 0 1 0 0 1 0 0 1 0 0 0
360	1	0 1 1 1 1 1 0 0 0 0 1 0 0 0 1 0 1 0 0 1
360	1	1 1 1 1 1 1 1 0 0 0 1 0 0 1 1 1 1 0 0 0
360	1	0 1 0 1 1 0 1 1 0 0 1 0 0 0 0 0 1 0 0 0
360	1	0 1 1 1 0 0 1 1 1 0 1 0 0 0 0 0 1 0 0 0
360	1	0 1 1 1 0 0 1 0 0 1 1 0 0 1 1 1 1 0 0 1
360	1	0 1 1 1 0 0 1 0 0 0 1 0 0 0 1 0 1 0 0 0
360	1	0 1 1 0 1 1 1 0 1 0 1 0 1 0 0 0 1 0 0 0
360	1	0 1 1 0 1 1 1 0 0 1 1 1 0 1 1 1 1 0 0 0
360	1	0 1 1 0 0 0 0 1 0 1 1 0 0 1 0 0 1 0 0 1
360	1	0 1 0 1 1 0 1 1 0 0 1 0 0 1 1 0 1 0 0 0
360	2	1 0 1 1 0 1 0 0 1 0 1 1 1 0 1 0 0 0 1 0
360	1	0 1 1 1 1 1 1 0 0 0 1 0 0 0 0 0 0 0 0 0
360	1	0 1 1 1 0 0 1 0 1 0 1 1 1 0 0 1 0 0 0 0
360	1	0 1 1 1 1 1 1 0 1 0 1 0 0 1 1 0 1 0 0 0
370	1	0 1 1 1 1 1 1 0 1 0 1 0 1 0 0 0 0 0 0 0
370	2	0 1 1 1 0 0 1 0 0 0 1 0 0 1 1 0 1 0 0 0
370	2	1 1 1 0 0 0 0 0 1 0 1 1 1 0 0 0 1 0 0 0
370	1	0 1 1 1 0 0 1 1 0 0 1 0 0 0 1 0 0 0 0 0
370	2	1 1 1 1 1 1 1 0 0 0 1 0 0 1 1 0 1 0 0 0
370	2	0 1 1 1 0 0 1 0 0 1 1 0 0 1 1 0 1 0 0 0
370	1	0 1 1 1 1 1 1 0 1 0 0 0 1 0 0 0 0 0 0 0
370	1	0 1 1 1 0 0 0 1 1 0 1 0 0 0 0 0 1 0 0 0
370	2	0 1 1 1 0 0 0 1 0 0 1 1 0 0 1 0 1 0 0 0
370	1	0 0 1 1 1 0 1 0 0 0 1 0 0 1 1 0 1 0 0 0
370	2	0 1 1 1 1 1 1 0 0 0 1 0 0 0 1 0 1 0 0 0
370	2	0 1 1 1 1 1 1 0 0 0 0 0 0 0 1 0 0 0 0 1
370	3	0 1 1 1 0 0 0 1 0 1 1 1 0 0 1 0 1 0 0 0
370	2	0 1 1 1 0 0 1 0 0 1 1 0 1 1 1 1 1 0 0 0
370	3	0 1 1 0 0 0 1 1 0 1 1 0 0 1 1 0 1 0 0 1
370	1	0 1 1 1 1 1 1 0 0 0 1 0 0 1 0 0 1 0 0 0
370	1	0 1 1 1 0 1 0 0 1 0 1 0 0 0 0 0 1 0 0 0
370	3	0 1 1 1 1 1 0 0 0 0 1 0 0 0 1 0 1 0 0 1
370	1	0 1 0 1 1 0 1 1 0 0 1 0 0 0 0 0 1 0 0 0
370	1	0 1 1 1 0 1 1 0 0 0 1 0 0 0 1 0 0 0 0 0
370	1	0 1 1 1 0 0 1 1 1 0 1 0 0 0 0 0 1 0 0 0
370	2	0 1 1 1 0 0 1 0 0 1 1 0 1 1 0 1 1 0 0 0
370	1	0 1 0 1 0 0 1 1 0 0 1 0 0 1 1 0 0 0 0 0
370	1	0 1 1 1 1 1 1 0 0 0 0 0 0 1 1 0 0 0 0 1
370	2	0 1 1 1 1 1 1 0 1 0 1 1 1 1 0 1 0 0 0 0
370	1	0 0 1 1 1 0 1 0 0 0 1 0 0 1 1 0 1 1 0 0
370	1	1 1 1 1 1 1 1 0 0 0 1 0 0 1 1 0 0 0 0 0
370	2	0 0 1 1 0 0 1 1 1 0 1 0 0 0 0 0 1 0 0 0
370	1	0 1 1 1 0 0 0 1 0 0 1 1 0 1 1 1 1 0 0 0
370	1	0 1 1 0 0 0 1 0 1 0 1 1 0 0 0 0 1 0 0 0
370	1	0 1 1 1 0 1 1 0 1 0 1 0 1 1 0 0 0 0 0 0
370	1	0 0 1 1 0 0 0 1 0 0 1 1 0 0 1 0 1 0 0 0
370	1	0 1 1 0 0 0 0 0 1 0 1 1 1 0 0 0 1 0 0 0
380	1	0 1 1 1 1 1 1 0 1 0 1 0 1 0 0 0 0 0 0 0
380	1	0 1 1 1 0 0 1 0 0 0 1 0 0 1 1 0 1 0 0 0
380	2	0 1 1 1 1 1 1 0 0 0 1 0 0 1 1 1 1 0 0 0
380	1	0 1 1 1 0 0 1 1 0 0 1 0 0 0 1 0 0 0 0 0
380	1	0 1 1 1 0 0 0 1 1 0 1 0 0 0 0 0 1 0 0 0
380	1	1 1 1 1 1 1 1 0 0 0 1 0 0 0 1 0 1 0 0 0
380	1	0 1 1 1 1 0 1 0 0 0 1 0 0 1 1 0 1 0 0 0
380	1	0 1 1 1 0 0 0 1 0 0 1 1 0 0 1 0 1 0 0 0
380	1	0 0 1 1 1 0 1 0 0 0 1 0 0 1 1 0 1 0 0 0
380	1	0 1 1 1 1 1 1 0 0 0 1 0 0 0 1 0 0 0 0 0
380	1	0 1 1 1 1 1 1 0 0 0 1 0 0 0 1 0 1 0 0 0
380	1	0 1 1 1 1 1 1 0 0 0 0 0 0 0 1 0 0 0 0 1
380	1	0 1 1 1 0 0 0 1 0 1 1 1 0 0 1 0 1 0 0 0
380	1	0 1 1 1 0 1 0 0 1 0 1 0 0 0 0 0 1 0 0 0
380	3	0 1 1 1 1 1 0 0 0 0 1 0 0 0 1 0 1 0 0 1
380	1	0 1 1 1 1 1 1 0 0 0 0 0 0 1 1 0 0 0 0 1
380	1	0 1 1 1 1 1 1 0 1 0 1 1 1 1 0 1 0 0 0 0
380	4	0 1 1 1 0 0 1 0 0 0 1 0 0 1 0 0 1 0 0 0
380	2	0 0 1 1 1 0 1 0 0 0 1 0 0 1 1 0 1 1 0 0
380	1	0 1 1 1 1 0 1 0 0 0 1 0 0 0 1 0 0 0 0 0
380	1	0 1 1 1 0 0 0 1 0 0 1 1 0 1 1 1 1 0 0 0
380	2	0 1 1 1 0 1 1 0 0 0 1 0 1 0 1 0 0 0 0 0
380	1	0 0 1 1 1 1 1 0 1 0 1 0 1 0 0 0 0 0 0 0
380	1	0 1 1 1 0 0 1 0 0 1 1 0 0 1 1 0 0 0 0 0
380	1	0 1 1 1 1 1 1 0 1 0 1 0 0 0 1 0 1 0 0 0
380	1	0 0 1 1 1 1 1 0 0 0 1 0 0 0 1 0 1 0 0 1
380	1	1 1 1 0 1 1 1 0 1 0 1 0 1 0 0 0 0 0 0 0
380	1	0 1 1 0 1 1 1 0 0 1 0 1 1 0 0 0 1 0 0 0
380	1	0 1 1 0 1 1 1 0 0 0 1 0 0 1 1 0 1 0 0 1
380	1	0 1 1 1 1 1 1 0 0 0 1 0 0 1 1 0 0 0 0 0
380	2	0 1 1 1 0 0 0 1 0 0 1 1 0 0 0 0 1 0 0 0
380	1	0 1 1 1 0 0 0 1 0 0 0 1 0 0 1 0 1 0 0 0
380	1	0 1 1 1 0 1 1 0 0 1 1 0 0 1 1 0 1 0 0 0
380	1	0 0 1 1 1 0 0 0 0 0 1 0 0 1 1 0 1 1 0 0
380	1	1 0 1 1 0 0 0 0 1 0 1 1 1 0 1 0 0 0 0 0
380	2	0 1 1 1 1 1 1 0 1 0 1 1 1 0 0 0 1 0 0 0
380	1	0 1 1 0 1 0 0 1 0 0 1 1 0 0 1 0 0 0 0 0
380	1	1 0 1 1 0 1 0 0 1 0 0 1 1 0 1 0 0 0 0 0
380	1	0 1 1 1 0 0 1 0 0 1 1 0 0 1 1 0 1 0 0 0
380	1	0 1 1 1 0 1 0 0 0 0 1 0 0 0 1 0 1 0 0 1
390	3	0 1 1 1 1 1 1 0 1 0 1 0 1 0 0 0 0 0 0 0
390	1	0 1 1 1 0 0 1 0 0 0 1 0 0 1 1 0 1 0 0 0
390	2	0 1 1 1 1 1 1 0 0 0 1 0 0 1 1 1 1 0 0 0
390	1	1 1 1 1 1 1 1 0 0 0 1 0 0 0 1 0 1 0 0 0
390	2	0 1 1 1 0 0 0 1 0 0 1 1 0 0 1 0 1 0 0 0
390	6	0 1 1 1 1 1 1 0 0 0 1 0 0 0 1 0 0 0 0 0
390	2	0 1 1 1 1 1 1 0 0 0 1 0 0 0 1 0 1 0 0 0
390	2	0 1 1 0 0 0 1 1 0 1 1 0 0 1 1 0 1 0 0 1
390	4	0 1 1 1 1 1 0 0 0 0 1 0 0 0 1 0 1 0 0 1
390	1	0 1 1 1 0 1 1 0 0 0 1 0 0 0 1 0 0 0 0 0
390	1	0 1 1 1 0 0 1 1 1 0 1 0 0 0 0 0 1 0 0 0
390	2	0 1 1 1 1 1 1 0 1 0 1 1 1 1 0 1 0 0 0 0
390	3	0 1 1 1 1 1 1 0 0 0 1 0 0 0 1 0 0 0 0 1
390	1	0 1 1 1 0 0 0 0 1 0 1 0 0 0 0 0 1 0 0 0
390	1	0 1 1 1 0 1 1 0 0 0 1 0 1 0 1 0 0 0 0 0
390	1	0 1 1 1 1 1 1 0 1 0 1 0 0 0 1 0 1 0 0 0
390	1	0 1 1 1 0 1 1 0 0 0 1 0 0 0 1 1 1 0 1 0
390	1	0 1 1 0 0 0 1 0 0 1 1 0 0 1 1 0 1 0 0 0
390	2	0 1 1 1 0 1 1 1 1 0 1 0 0 0 0 0 1 0 0 0
390	1	0 1 1 1 0 0 0 1 0 0 0 1 0 0 1 0 1 0 0 0
390	1	0 1 1 1 0 1 1 0 0 1 1 0 0 1 1 0 1 0 0 0
390	1	0 0 1 1 1 0 0 0 0 0 1 0 0 1 1 0 1 1 0 0
390	2	0 1 1 1 1 1 1 0 1 0 1 1 1 0 0 0 1 0 0 0
390	1	0 1 1 1 0 0 0 1 0 0 1 1 0 0 1 0 0 0 0 0
390	1	1 1 1 1 0 0 0 1 0 0 1 1 0 0 1 0 1 0 0 0
390	1	0 1 1 1 0 1 1 0 1 0 1 0 0 0 1 0 1 0 0 0
390	1	0 1 1 1 1 1 1 0 1 0 0 1 1 1 0 1 0 0 0 0
390	1	0 1 1 1 0 0 0 1 0 1 1 0 1 0 1 0 0 0 0 0
390	1	0 1 1 1 0 1 1 0 0 0 1 0 0 1 1 0 0 0 0 0
390	1	1 1 1 1 0 0 0 0 1 0 1 0 0 0 0 0 0 0 0 0
390	1	0 1 1 0 1 1 0 0 0 0 1 0 1 0 1 0 1 0 0 1
400	1	0 1 1 1 1 1 1 0 1 0 1 0 1 0 0 0 0 0 0 0
400	1	0 1 1 1 0 0 1 0 0 0 1 0 0 1 1 0 1 0 0 0
400	1	1 1 1 0 0 0 0 0 1 0 1 1 1 0 0 0 1 0 0 0
400	1	1 1 1 1 1 1 1 0 0 0 1 0 0 0 1 0 1 0 0 0
400	1	0 1 1 1 1 0 1 0 0 0 1 0 0 1 1 0 1 0 0 0
400	1	0 1 1 1 0 0 1 1 0 0 1 0 0 1 1 0 1 0 0 0
400	2	0 1 1 1 0 0 0 1 0 0 1 1 0 0 1 0 1 0 0 0
400	5	0 1 1 1 1 1 1 0 0 0 1 0 0 0 1 0 0 0 0 0
400	1	0 1 1 1 0 0 1 0 0 0 1 1 0 1 1 0 1 0 0 0
400	1	0 1 1 0 0 0 1 1 0 1 1 0 0 1 1 0 1 0 0 1
400	4	0 1 1 1 1 1 0 0 0 0 1 0 0 0 1 0 1 0 0 1
400	1	0 1 1 1 1 1 1 0 1 0 1 1 1 1 0 1 0 0 0 0
400	1	0 1 1 1 0 0 0 0 1 0 1 0 0 0 0 0 1 0 0 0
400	1	0 0 1 1 1 1 1 0 0 0 1 0 0 0 1 0 1 0 0 1
400	1	0 1 1 0 0 0 1 0 0 1 1 0 0 1 1 0 1 0 0 0
400	1	0 1 1 1 0 0 0 1 0 0 1 1 0 0 1 0 0 0 0 0
400	3	0 1 1 1 1 1 1 0 0 0 1 0 0 1 1 0 1 0 0 0
400	1	0 1 1 1 0 0 0 0 1 0 1 0 0 0 0 0 0 0 0 0
400	1	0 1 1 1 0 1 1 0 1 0 1 0 0 0 1 0 1 0 0 0
400	2	0 1 1 1 1 1 1 0 0 0 1 1 1 1 0 1 0 0 0 0
400	1	0 0 1 1 1 1 1 0 0 0 1 1 0 0 1 0 1 0 0 1
400	1	0 1 1 1 1 1 1 0 1 0 1 0 1 0 0 1 0 0 0 0
400	1	0 1 1 1 1 1 1 1 0 0 1 0 0 0 1 0 0 0 0 0
400	3	0 1 1 1 0 1 1 0 0 0 1 0 1 0 1 0 1 0 0 0
400	1	0 1 1 1 0 0 1 0 0 1 1 0 1 1 1 0 0 0 0 1
400	1	0 1 1 0 0 0 1 0 1 1 1 0 0 1 1 0 1 0 0 0
400	1	0 0 1 1 1 1 1 0 1 0 1 0 0 1 1 0 1 0 0 0
400	1	0 1 1 1 1 1 1 0 0 0 1 1 0 1 1 0 0 0 0 0
400	1	0 1 1 1 1 1 1 0 1 0 1 1 0 0 0 0 1 0 0 0
400	1	0 1 1 1 0 0 0 0 0 0 1 1 0 0 1 0 1 0 0 0
400	1	0 1 1 0 0 0 0 0 0 1 1 0 0 1 1 0 1 0 0 0
400	1	0 0 1 1 0 0 1 0 0 0 1 0 0 1 1 0 1 0 0 1
400	1	0 0 0 1 1 0 1 0 0 0 1 0 0 1 0 0 0 0 0 0
400	1	1 0 1 1 0 1 0 1 0 1 1 1 0 0 1 0 1 0 0 0
400	1	0 1 1 1 0 1 1 0 0 0 0 1 1 0 1 0 0 0 0 0
400	1	0 1 1 1 1 1 1 0 0 0 1 1 0 1 1 0 1 0 0 0
400	1	0 1 1 1 1 1 1 0 0 0 1 0 1 1 1 0 1 0 0 0
410	1	0 1 1 1 1 1 1 0 1 0 1 0 1 0 0 0 0 0 0 0
410	1	1 1 1 1 1 1 1 0 0 0 1 0 0 0 1 0 1 0 0 0
410	1	0 1 1 1 0 0 1 1 0 0 1 0 0 1 1 0 1 0 0 0
410	4	0 1 1 1 0 0 0 1 0 0 1 1 0 0 1 0 1 0 0 0
410	2	0 1 1 1 0 1 1 0 1 1 1 0 0 1 1 0 1 0 0 0
410	5	0 1 1 1 1 1 1 0 0 0 1 0 0 0 1 0 0 0 0 0
410	2	0 1 1 1 1 1 0 0 0 0 1 0 0 0 1 0 1 0 0 1
410	2	0 1 1 1 1 1 1 0 1 0 1 1 1 1 0 1 0 0 0 0
410	1	0 0 1 1 1 0 1 0 0 0 1 0 0 1 1 0 1 1 0 0
410	1	0 0 1 1 1 1 1 0 1 0 1 0 1 0 0 0 0 0 0 0
410	2	0 1 1 1 1 1 1 0 1 0 1 0 0 0 1 0 1 0 0 0
410	1	0 1 1 0 0 0 1 0 0 1 1 0 0 1 1 0 1 0 0 0
410	6	0 1 1 1 0 1 1 0 0 1 1 0 0 1 1 0 1 0 0 0
410	1	0 1 1 1 0 0 0 1 0 0 1 1 0 0 1 0 0 0 0 0
410	1	0 1 1 1 1 1 1 0 0 0 1 0 0 1 1 0 1 0 0 0
410	1	0 1 1 1 0 1 1 0 1 0 1 0 0 0 1 0 1 0 0 0
410	1	0 0 1 1 1 0 1 0 0 0 1 0 0 1 0 0 0 0 0 0
410	1	0 1 1 1 0 0 1 0 0 0 1 0 0 0 1 0 1 0 0 0
410	1	0 1 1 1 0 0 1 0 0 0 1 0 0 0 1 0 0 0 0 1
410	1	1 1 1 1 1 1 1 0 0 0 1 0 1 0 1 0 0 0 0 0
410	1	0 1 1 1 1 0 0 0 0 0 1 0 0 0 1 0 1 0 0 1
410	1	0 1 1 1 0 0 1 0 0 1 1 0 0 1 1 0 1 0 0 0
410	1	0 1 1 1 0 0 0 0 1 0 1 0 1 0 0 0 0 0 0 0
410	1	0 1 1 1 1 1 1 0 1 0 1 0 0 0 0 0 0 0 0 0
410	2	0 1 1 1 1 0 1 0 0 0 1 0 0 1 1 0 0 0 0 0
410	1	0 1 1 1 1 1 1 0 0 0 1 1 0 1 1 0 0 0 0 1
410	1	0 1 1 1 1 1 1 0 0 0 1 1 0 0 1 0 1 0 0 0
410	1	1 1 1 1 1 0 0 1 0 0 1 1 0 0 0 0 1 0 0 0
410	1	0 1 1 1 1 1 1 0 0 0 1 0 1 0 1 0 0 0 0 0
410	1	1 1 1 1 1 1 1 0 1 0 1 0 0 0 0 0 1 0 0 1
410	1	0 1 1 1 0 0 0 0 1 0 1 1 1 0 0 0 1 0 0 0
410	1	0 1 1 0 1 1 1 0 1 1 1 0 0 1 1 1 1 0 0 0
410	1	0 1 1 1 1 0 0 1 0 0 1 1 0 0 1 0 0 0 0 0
420	1	1 1 1 1 1 1 1 0 0 0 1 0 0 0 1 0 1 0 0 0
420	3	0 1 1 1 1 0 1 0 0 0 1 0 0 1 1 0 1 0 0 0
420	3	0 1 1 1 0 0 1 1 0 0 1 0 0 1 1 0 1 0 0 0
420	3	0 1 1 1 0 0 0 1 0 0 1 1 0 0 1 0 1 0 0 0
420	1	0 1 1 1 1 1 1 0 0 0 1 0 0 0 1 0 0 0 0 0
420	1	0 1 1 1 0 0 0 1 0 1 1 1 0 0 1 0 1 0 0 0
420	1	0 1 1 1 1 1 0 0 0 0 1 0 0 0 1 0 1 0 0 1
420	1	0 1 1 1 0 0 0 0 1 0 1 0 0 0 0 0 1 0 0 0
420	2	0 1 1 0 0 0 1 0 0 1 1 0 0 1 1 0 1 0 0 0
420	2	0 1 1 1 0 1 1 0 0 1 1 0 0 1 1 0 1 0 0 0
420	1	0 1 1 1 0 0 0 1 0 0 1 1 0 0 1 0 0 0 0 0
420	1	0 1 1 1 1 1 1 0 0 0 1 0 0 1 1 0 1 0 0 0
420	1	0 0 1 1 1 0 1 0 0 0 1 0 0 1 0 0 0 0 0 0
420	1	0 1 1 1 0 0 1 0 0 0 1 0 0 0 1 0 0 0 0 1
420	1	0 1 1 1 1 1 1 0 0 0 1 1 0 0 1 0 0 0 0 0
420	1	1 1 1 1 1 1 1 0 0 0 1 0 1 0 1 0 0 0 0 0
420	1	0 1 1 1 1 0 0 0 0 0 1 0 0 0 1 0 1 0 0 1
420	2	0 1 1 1 1 1 1 0 1 1 1 0 0 1 1 0 1 1 0 0
420	1	1 1 1 1 1 1 1 1 0 0 1 0 0 0 1 0 1 0 0 0
420	1	0 1 1 1 1 0 1 0 0 0 1 1 0 1 1 0 1 0 0 0
420	1	0 1 1 1 0 0 0 0 1 0 1 1 0 0 0 0 1 0 0 0
420	2	0 1 1 1 1 1 1 0 0 0 1 1 0 1 1 0 0 0 0 1
420	2	0 1 1 1 1 0 1 0 1 0 1 1 1 1 0 1 0 0 0 0
420	1	0 0 1 1 0 0 0 0 1 0 1 0 0 0 0 0 0 0 0 0
420	2	0 1 1 1 0 1 0 0 0 0 1 0 0 0 1 0 1 0 0 1
420	1	0 1 0 1 1 1 1 0 1 0 1 1 1 0 0 0 1 0 0 0
420	1	0 1 1 1 0 0 0 0 0 1 1 0 0 1 1 0 0 0 0 0
420	2	0 1 1 1 1 1 0 0 1 0 1 1 1 0 0 0 1 0 0 0
420	1	0 1 1 1 0 0 0 1 0 0 1 1 1 0 1 0 1 0 0 0
420	2	0 1 1 1 1 1 1 0 0 0 1 0 1 0 1 0 0 0 0 0
420	1	0 1 1 1 0 1 0 0 1 0 1 0 0 0 0 0 0 0 0 0
420	1	1 1 1 1 1 1 1 0 0 0 1 0 0 1 1 0 1 0 0 0
420	1	0 1 1 1 1 0 1 0 0 1 1 0 0 1 1 0 1 0 0 0
420	1	0 1 1 1 0 1 1 0 1 0 1 1 1 1 0 1 0 0 0 0
420	1	1 0 1 1 1 1 1 0 0 0 1 0 1 0 1 0 0 0 0 0
420	1	0 1 1 1 1 1 1 0 1 0 1 1 1 1 0 1 1 0 0 0
430	3	0 1 1 1 1 0 1 0 0 0 1 0 0 1 1 0 1 0 0 0
430	4	0 1 1 1 0 0 0 1 0 0 1 1 0 0 1 0 1 0 0 0
430	2	0 1 1 1 1 1 1 0 0 0 1 0 0 0 1 0 0 0 0 0
430	5	0 1 1 1 1 1 1 0 0 0 1 0 0 0 1 0 1 0 0 0
430	3	0 1 1 1 1 1 1 0 1 0 1 1 1 1 0 1 0 0 0 0
430	2	0 1 1 1 0 1 1 0 0 1 1 0 0 1 1 0 1 0 0 0
430	1	0 1 1 1 0 0 0 1 0 0 1 1 0 0 1 0 0 0 0 0
430	1	0 1 1 1 1 1 1 0 0 0 1 0 0 1 1 0 1 0 0 0
430	1	0 1 1 1 0 0 1 0 0 1 1 0 1 1 1 0 0 0 0 1
430	1	0 1 1 1 1 1 1 0 0 0 1 1 0 0 1 0 0 0 0 0
430	1	1 1 1 1 1 1 1 0 0 0 1 0 1 0 1 0 0 0 0 0
430	1	0 1 1 1 1 0 0 0 0 0 1 0 0 0 1 0 1 0 0 1
430	1	0 1 1 1 0 0 0 0 1 0 1 0 1 0 0 0 1 0 0 0
430	1	0 1 1 1 1 1 1 0 1 0 1 1 1 0 0 1 0 0 0 0
430	1	0 1 1 0 0 0 1 0 0 0 1 0 0 1 1 0 1 0 0 0
430	1	0 1 1 1 0 0 0 0 0 1 1 0 0 1 1 0 0 0 0 0
430	1	0 1 1 1 1 0 1 0 1 0 1 1 0 1 1 0 1 0 0 0
430	1	0 1 1 1 0 0 0 1 0 0 1 1 1 0 1 0 1 0 0 0
430	1	0 1 1 1 1 1 1 1 0 0 1 0 0 0 1 0 0 0 0 0
430	1	0 1 0 1 1 1 1 0 1 0 1 1 1 1 0 1 0 0 0 0
430	1	0 1 1 1 0 0 1 0 0 0 1 0 0 0 0 0 0 0 0 0
430	1	0 1 1 1 0 1 1 0 0 1 0 0 0 0 0 0 0 0 0 0
430	1	0 1 1 1 0 0 1 0 0 1 1 0 0 1 1 0 1 0 0 0
430	1	0 1 1 1 1 1 1 0 1 0 1 1 1 0 0 1 1 0 0 0
430	1	0 1 1 1 0 0 1 0 0 0 1 0 0 0 1 0 1 0 0 1
430	1	1 0 1 1 1 1 1 0 0 0 1 0 1 0 1 0 1 0 0 0
430	1	0 1 1 0 0 0 1 0 0 1 1 1 0 0 1 0 0 0 0 0
430	2	0 1 0 1 0 0 1 1 0 0 1 0 0 1 1 0 1 0 0 0
430	1	1 1 1 1 0 0 0 1 0 0 1 1 0 0 1 0 1 0 0 0
430	2	1 1 1 1 1 0 1 0 1 0 1 1 1 1 0 1 0 0 0 0
430	1	0 0 1 0 0 0 1 0 0 0 1 0 0 1 1 0 1 0 0 0
430	1	0 1 1 1 1 0 1 0 0 0 1 0 0 1 0 0 0 0 0 0
430	1	0 1 0 1 1 0 1 0 0 0 1 1 0 1 1 0 1 0 0 0
430	1	0 1 0 1 1 1 1 0 0 1 1 0 0 0 0 0 0 0 0 0
430	1	0 1 1 1 1 0 1 0 0 0 1 0 0 0 1 0 0 1 0 0
440	6	0 1 1 1 1 0 1 0 0 0 1 0 0 1 1 0 1 0 0 0
440	4	0 1 1 1 0 0 0 1 0 0 1 1 0 0 1 0 1 0 0 0
440	8	0 1 1 1 1 1 1 0 0 0 1 0 0 0 1 0 0 0 0 0
440	2	0 1 1 1 1 1 1 0 1 0 1 1 1 1 0 1 0 0 0 0
440	1	0 1 1 1 0 0 1 0 0 1 1 0 0 1 1 0 0 0 0 0
440	1	0 1 1 0 0 0 1 0 0 1 1 0 0 1 1 0 1 0 0 0
440	1	0 1 1 1 0 1 1 0 0 1 1 0 0 1 1 0 1 0 0 0
440	4	0 1 1 1 1 1 1 0 0 0 1 0 0 1 1 0 1 0 0 0
440	1	0 1 1 1 0 0 1 0 0 1 1 0 1 1 1 0 0 0 0 1
440	1	0 1 1 1 1 1 1 0 0 0 1 1 0 0 1 0 0 0 0 0
440	1	0 1 1 1 1 1 1 0 1 0 1 1 1 0 0 1 0 0 0 0
440	1	0 1 1 1 0 0 0 1 0 0 1 1 1 0 1 0 1 0 0 0
440	2	0 1 1 1 0 1 1 0 0 1 0 0 0 0 0 0 0 0 0 0
440	1	0 1 1 1 1 1 1 0 0 1 1 0 1 1 1 0 0 0 0 1
440	3	0 1 1 0 0 0 1 0 0 0 1 0 0 1 0 0 0 0 0 0
440	1	0 1 1 1 1 0 1 0 1 0 1 0 1 1 0 1 0 0 0 0
440	1	0 1 1 1 0 1 1 0 0 0 1 0 0 0 1 0 0 0 0 1
440	1	1 1 1 1 1 0 1 0 1 0 1 1 1 1 0 1 1 0 0 0
440	1	0 1 1 1 0 0 1 0 1 0 1 0 0 0 0 0 0 0 1 0
440	1	0 1 1 1 0 0 0 1 0 0 1 1 1 0 1 0 0 0 0 0
440	1	0 1 1 0 0 0 1 0 0 1 1 0 0 1 0 0 1 0 0 0
440	1	0 0 1 1 1 1 1 0 0 0 1 0 0 1 1 0 1 0 0 0
440	1	0 1 1 1 0 0 1 1 0 0 1 0 0 1 0 0 0 0 0 0
440	1	0 1 1 0 1 0 1 0 0 0 1 0 0 1 1 0 1 0 0 0
440	1	0 1 1 1 1 1 0 0 0 0 1 0 0 1 1 0 1 0 0 0
440	1	0 1 1 1 0 0 0 1 1 0 1 0 1 0 0 0 1 0 0 0
440	1	0 1 1 0 1 1 1 0 1 0 1 1 1 0 0 0 0 0 0 0
440	1	0 1 1 1 0 0 0 1 0 0 1 1 1 0 0 0 1 0 0 0
450	5	0 1 1 1 1 0 1 0 0 0 1 0 0 1 1 0 1 0 0 0
450	8	0 1 1 1 1 1 1 0 0 0 1 0 0 0 1 0 0 0 0 0
450	4	0 1 1 1 1 1 1 0 1 0 1 1 1 1 0 1 0 0 0 0
450	1	0 1 1 1 0 0 1 0 0 1 1 0 0 1 1 0 0 0 0 0
450	1	0 1 1 1 1 1 1 0 0 0 1 0 0 1 1 0 1 0 0 0
450	4	0 1 1 1 1 1 1 0 0 0 1 1 0 0 1 0 0 0 0 0
450	1	0 1 1 1 1 0 1 0 0 0 1 0 0 1 1 0 0 0 0 0
450	2	0 1 1 1 1 0 1 0 1 0 1 1 1 1 0 1 0 0 0 0
450	2	0 1 1 1 0 1 1 0 0 1 0 0 0 0 0 0 0 0 0 0
450	2	0 1 1 1 1 1 1 0 0 0 1 0 0 0 1 0 0 0 0 1
450	2	0 1 0 1 0 0 1 1 0 0 1 0 0 1 1 0 1 0 0 0
450	1	0 1 0 1 1 1 1 0 1 0 1 1 0 1 1 0 1 0 0 0
450	1	0 1 1 1 1 0 1 0 0 0 1 0 0 1 1 0 0 0 0 1
450	2	0 1 1 1 1 1 1 0 0 0 1 0 0 1 1 0 0 0 0 0
450	1	0 1 0 1 1 1 1 0 0 0 1 0 0 1 1 0 1 0 0 0
450	2	0 1 1 1 1 0 1 0 0 0 1 0 0 0 1 0 1 1 0 0
450	1	0 1 1 0 0 1 1 0 0 0 1 0 0 0 1 0 0 0 0 0
450	1	0 1 1 1 1 0 1 0 0 0 1 1 0 1 1 0 1 0 0 0
450	1	0 1 0 1 1 1 1 0 1 1 1 1 1 0 1 0 0 0 0 0
450	1	0 1 1 1 0 1 1 0 0 0 1 0 0 0 1 0 0 0 0 0
450	1	0 1 0 1 0 0 0 0 1 0 1 0 1 0 0 0 1 0 0 0
450	1	0 1 1 1 1 1 1 0 0 1 1 0 0 1 1 0 1 0 0 0
450	1	0 1 1 1 0 0 0 0 1 0 1 0 1 0 0 0 0 0 0 0
450	1	0 0 1 0 1 1 1 0 0 0 1 1 1 1 0 1 0 0 0 0
450	1	0 1 1 1 1 1 1 0 0 0 1 0 0 1 0 0 0 0 0 0
450	1	0 1 1 1 1 1 0 0 0 1 1 0 1 1 1 0 0 0 0 1
450	1	0 1 0 0 0 0 1 0 0 1 1 1 0 0 1 0 0 0 0 0
460	8	0 1 1 1 1 1 1 0 0 0 1 0 0 0 1 0 0 0 0 0
460	1	0 1 1 1 1 1 1 0 0 0 1 0 0 0 1 0 1 0 0 0
460	5	0 1 1 1 1 1 1 0 1 0 1 1 1 1 0 1 0 0 0 0
460	2	0 1 1 1 1 1 1 0 0 0 1 0 0 0 1 0 1 0 0 1
460	1	0 1 1 1 1 1 1 0 0 0 1 0 0 1 1 0 1 0 0 0
460	1	0 1 1 1 1 1 1 0 0 0 1 1 0 0 1 0 0 0 0 0
460	1	0 1 1 1 0 1 1 0 0 1 1 0 0 0 0 0 0 0 0 0
460	2	0 1 0 1 1 1 1 0 1 0 1 1 1 1 0 1 0 0 0 0
460	1	0 1 1 1 0 1 1 0 0 1 0 0 0 0 0 0 0 0 0 0
460	2	0 1 1 1 1 1 1 0 0 0 1 0 0 0 1 0 0 0 0 1
460	1	0 0 1 1 1 0 1 0 0 1 1 0 0 1 0 0 0 0 1 0
460	1	0 1 0 1 1 1 1 0 1 0 1 1 0 1 1 0 1 0 0 0
460	1	0 1 1 1 0 0 1 0 1 0 1 0 0 0 0 0 0 0 1 0
460	1	0 1 0 0 0 0 1 0 0 1 1 0 0 1 1 1 1 0 0 0
460	2	0 1 1 1 0 1 1 0 0 0 1 0 0 0 1 1 0 0 0 0
460	1	0 1 1 1 1 0 1 0 0 0 1 0 0 0 1 0 1 1 0 0
460	4	0 1 1 0 0 1 1 0 0 0 1 0 0 0 1 0 0 0 0 0
460	1	0 1 1 1 1 0 1 0 0 0 1 1 0 1 1 0 1 0 0 0
460	1	0 1 1 0 0 0 1 0 0 1 1 0 0 0 1 0 1 0 0 0
460	1	0 1 1 1 1 1 1 0 0 0 0 0 0 1 1 0 1 0 0 0
460	3	0 1 1 1 1 0 1 0 1 0 1 1 1 0 0 1 0 0 0 0
460	1	0 1 1 1 1 1 1 0 1 1 1 0 0 1 1 0 1 1 0 0
460	1	0 1 1 1 0 0 1 1 0 0 1 0 0 1 1 0 0 0 0 1
460	1	0 1 1 1 1 1 1 0 0 0 1 1 1 1 1 0 1 0 0 0
460	1	0 1 0 1 1 1 1 0 0 0 1 0 0 0 1 0 0 0 0 1
460	1	0 1 1 1 1 0 1 1 0 0 1 0 0 1 1 0 1 0 0 0
460	1	0 1 1 1 0 1 1 0 0 0 1 0 0 1 1 1 0 0 0 0
460	1	0 1 0 0 0 0 1 0 0 1 1 0 0 0 1 1 1 0 0 0
460	1	0 1 1 1 1 1 1 0 0 0 1 0 0 1 0 1 0 0 0 0
460	1	0 1 1 0 1 0 1 0 0 1 1 0 0 1 1 0 1 0 0 0
470	3	0 1 1 1 1 1 1 0 0 0 1 0 0 0 1 0 0 0 0 0
470	1	0 1 1 1 1 1 1 0 0 0 1 0 0 0 1 0 1 0 0 0
470	1	0 1 1 1 1 1 1 0 1 0 1 1 1 1 0 1 0 0 0 0
470	1	0 1 1 1 0 0 1 0 0 1 1 0 0 1 1 0 0 0 0 0
470	1	0 1 1 1 1 1 1 0 0 0 1 0 0 1 1 0 1 0 0 0
470	1	0 1 1 1 0 0 1 0 0 1 1 0 1 1 1 0 0 0 0 1
470	1	0 1 1 1 1 1 1 0 0 0 1 1 0 0 1 0 0 0 0 0
470	2	0 1 0 1 1 1 1 0 1 0 1 1 1 1 0 1 0 0 0 0
470	3	0 1 1 1 0 1 1 0 0 1 0 0 0 0 0 0 0 0 0 0
470	3	0 0 1 1 1 0 1 0 0 1 1 0 0 1 0 0 0 0 1 0
470	1	0 1 0 1 0 0 1 1 0 0 1 0 0 1 1 0 1 0 0 0
470	1	0 1 1 1 0 1 1 0 0 0 1 0 0 0 1 1 0 0 0 0
470	1	0 1 1 1 1 0 1 0 0 0 0 0 0 1 1 0 0 0 0 0
470	1	0 1 1 0 0 1 1 0 0 0 1 0 0 0 1 0 0 0 0 0
470	2	0 1 1 1 0 1 1 0 1 0 1 1 0 1 0 1 0 0 0 0
470	3	0 1 1 1 1 1 1 0 1 1 1 0 0 1 1 0 1 1 0 0
470	2	0 1 1 1 0 0 1 0 1 0 1 1 1 0 0 0 0 0 0 0
470	1	0 1 1 1 0 1 1 0 1 1 1 1 0 1 1 0 1 0 0 0
470	1	0 1 1 1 1 1 1 0 0 0 1 1 0 0 1 0 1 0 0 0
470	1	0 1 1 1 0 1 1 0 0 1 0 0 0 0 0 1 0 0 0 0
470	1	0 1 1 1 1 1 1 0 0 0 1 0 0 0 1 1 1 0 0 0
470	2	0 1 1 1 1 1 1 0 0 0 1 1 0 0 0 0 0 0 0 0
470	1	0 1 1 1 1 1 1 0 0 1 0 0 0 1 1 0 1 0 0 0
470	2	0 1 0 1 1 1 1 0 1 0 1 1 1 1 0 1 0 1 0 0
470	1	0 1 1 1 0 1 1 0 0 1 1 0 0 0 0 1 0 0 0 0
470	1	0 1 1 1 1 0 1 0 0 1 1 0 0 0 1 0 1 1 0 0
470	2	0 1 1 1 1 1 1 0 1 0 1 1 0 1 1 0 1 0 0 0
470	1	0 1 1 1 1 1 1 0 1 0 1 0 0 1 0 1 1 0 0 0
470	1	0 1 1 1 1 1 1 0 0 0 1 1 1 1 0 1 0 0 0 0
470	1	0 1 1 1 1 1 1 0 0 0 0 0 0 0 1 1 0 0 0 0
470	1	0 1 1 1 0 1 1 0 0 1 0 0 1 0 0 0 0 0 0 0
470	1	0 1 1 1 1 1 1 0 0 0 1 0 0 0 1 1 0 0 0 0
470	1	0 1 1 1 1 1 1 0 0 0 1 1 1 1 0 1 0 0 1 0
470	1	0 1 1 1 0 0 1 0 1 0 1 1 1 0 1 0 0 0 0 0
470	1	0 1 1 1 0 1 1 0 0 0 1 0 0 0 1 0 0 0 0 1
470	1	0 1 1 0 1 0 1 0 0 1 1 0 0 1 1 0 0 0 0 0
480	1	0 1 1 1 1 1 1 0 0 0 1 0 0 0 1 0 0 0 0 0
480	1	0 1 1 1 1 1 1 0 0 0 1 0 0 0 1 0 1 0 0 0
480	1	0 1 1 1 0 0 1 0 0 0 1 1 0 1 1 0 1 0 0 0
480	1	0 1 1 1 0 0 1 0 0 1 1 0 0 1 1 0 0 0 0 0
480	1	0 1 1 1 0 0 1 0 0 1 1 0 1 1 1 0 0 0 0 1
480	1	0 1 1 1 1 1 1 0 0 0 1 1 0 0 1 0 0 0 0 0
480	1	0 1 1 1 0 1 1 0 0 1 1 0 0 0 0 0 0 0 0 0
480	4	0 1 1 1 0 1 1 0 0 1 0 0 0 0 0 0 0 0 0 0
480	4	0 0 1 1 1 0 1 0 0 1 1 0 0 1 0 0 0 0 1 0
480	1	0 1 1 1 0 0 1 0 1 0 1 0 0 0 0 0 0 0 1 0
480	4	0 1 1 1 0 1 1 0 0 0 1 0 0 0 1 1 0 0 0 0
480	1	0 1 0 1 0 0 0 0 1 0 1 0 1 0 0 0 1 0 0 0
480	1	0 1 1 1 1 1 1 0 0 0 1 0 0 1 1 0 1 1 0 0
480	4	0 1 1 1 0 1 1 0 1 0 1 1 0 1 0 1 0 0 0 0
480	1	0 1 1 1 1 1 1 0 1 0 1 1 1 1 0 0 0 0 0 0
480	1	0 1 1 1 1 1 1 0 0 0 1 0 0 0 1 1 1 0 0 0
480	1	0 1 1 1 1 1 1 0 0 1 0 0 0 1 1 0 1 0 0 0
480	1	0 1 1 1 1 0 1 0 0 1 1 0 0 0 1 0 1 1 0 0
480	1	0 1 1 1 1 1 1 0 0 0 1 1 1 1 0 1 0 0 0 0
480	3	0 1 1 1 1 0 0 0 0 0 1 1 1 1 0 1 0 0 0 0
480	1	0 1 0 1 1 0 1 0 1 0 1 1 1 1 0 1 0 1 0 0
480	1	0 1 1 1 1 1 1 0 0 0 1 1 1 1 0 1 0 0 1 0
480	1	0 1 1 1 0 1 1 0 0 0 1 1 1 1 0 0 0 0 0 0
480	1	0 1 1 1 1 1 1 0 1 1 1 1 1 1 0 1 0 0 0 0
480	1	0 1 1 1 0 0 1 0 1 0 1 1 1 0 1 0 1 1 0 0
480	1	0 1 1 1 1 0 1 0 0 0 1 1 0 0 0 0 0 0 0 0
480	1	0 1 1 1 0 1 1 0 0 1 1 0 0 1 1 0 1 1 0 0
480	1	0 1 1 1 1 1 1 0 0 0 1 1 1 1 1 0 0 0 0 0
480	1	1 1 1 1 1 1 1 0 0 0 1 1 0 0 1 0 0 0 0 0
480	1	0 1 1 1 1 0 1 0 0 0 1 0 0 0 1 0 1 1 0 0
480	1	0 1 1 1 0 1 1 0 0 0 1 0 1 0 1 1 0 0 0 0
480	1	0 1 1 1 0 1 1 1 1 0 1 1 0 1 0 1 0 0 0 0
480	1	0 1 1 1 1 0 1 0 1 0 1 1 1 0 0 0 0 0 0 0
480	1	0 1 1 1 1 0 1 1 0 0 1 0 0 1 1 1 0 0 0 0
480	1	0 1 0 1 1 0 0 0 0 0 1 1 0 0 1 0 1 0 0 0
480	1	0 1 1 1 1 0 1 0 0 0 1 0 1 1 1 0 0 0 0 0
490	2	0 1 1 1 1 1 1 0 0 0 1 0 0 0 1 0 0 0 0 0
490	1	0 1 1 1 0 0 1 0 0 1 1 0 1 1 1 0 0 0 0 1
490	3	0 1 1 1 1 1 1 0 0 0 1 1 0 0 1 0 0 0 0 0
490	2	0 0 1 1 1 0 1 0 0 1 1 0 0 1 0 0 0 0 1 0
490	2	0 1 1 1 0 1 1 0 0 0 1 0 0 0 1 1 0 0 0 0
490	2	0 1 1 0 0 1 1 0 0 0 1 0 0 0 1 0 0 0 0 0
490	2	0 1 1 1 1 1 1 0 0 0 1 0 0 1 1 0 1 1 0 0
490	2	0 1 1 1 0 1 1 0 1 0 1 1 0 1 0 1 0 0 0 0
490	1	0 1 1 1 0 0 1 0 1 0 1 1 1 0 0 0 0 0 0 0
490	2	0 1 1 1 0 1 1 0 0 1 0 0 0 0 0 1 0 0 0 0
490	1	0 1 1 1 1 1 1 0 1 0 1 1 0 1 1 0 1 0 0 0
490	1	0 1 1 1 1 1 1 0 0 0 1 1 1 1 0 1 0 0 0 0
490	1	0 1 1 1 1 1 1 0 0 0 0 0 0 0 1 1 0 0 0 0
490	6	0 1 1 1 1 0 0 0 0 0 1 1 1 1 0 1 0 0 0 0
490	2	0 1 0 1 1 1 1 0 0 1 1 0 0 1 0 0 1 0 0 0
490	1	0 0 1 1 0 1 1 0 0 0 1 0 0 0 1 1 0 0 0 0
490	1	0 1 1 1 0 1 1 0 0 0 1 1 1 1 0 0 0 0 0 0
490	2	0 1 1 1 1 1 1 0 1 0 1 1 1 1 0 1 0 0 0 1
490	1	0 0 1 1 1 0 1 0 0 1 1 0 0 0 1 1 0 1 0 0
490	1	0 1 1 1 0 1 1 1 1 0 1 1 0 1 0 1 0 0 0 0
490	2	0 1 0 1 1 1 1 0 0 1 1 0 0 0 1 1 1 0 0 0
490	1	0 1 1 1 0 1 1 0 1 0 1 1 1 1 0 0 0 0 0 0
490	1	0 1 1 1 1 1 1 0 0 0 1 0 1 0 1 0 1 0 0 0
490	1	0 1 1 1 0 1 1 1 1 1 1 0 1 1 1 0 0 0 0 1
490	1	0 1 1 0 1 1 1 0 0 0 1 0 0 1 1 0 1 1 0 0
490	1	1 1 1 0 1 0 1 0 0 0 1 0 0 1 0 1 0 0 0 0
490	1	0 1 1 1 0 1 1 0 0 0 1 0 0 0 1 0 1 0 0 0
490	1	0 1 1 1 1 0 0 0 0 0 1 1 1 1 1 1 0 0 0 0
490	2	0 1 1 1 1 1 1 0 0 0 1 0 0 1 1 0 1 0 0 0
490	1	0 1 1 1 1 1 1 0 1 1 1 1 1 1 0 0 0 0 0 0
490	1	0 1 1 1 1 1 1 0 0 0 0 0 0 1 1 0 0 0 0 0
490	1	1 1 1 1 1 1 1 0 1 0 1 1 0 1 1 0 1 0 0 0
500	1	0 1 1 1 1 1 1 0 0 0 1 0 0 0 1 0 0 0 0 0
500	2	0 1 1 1 1 1 1 0 0 0 1 0 0 0 1 0 1 0 0 0
500	2	0 1 1 1 1 1 1 0 1 0 1 1 1 1 0 1 0 0 0 0
500	1	0 1 1 1 0 1 1 0 0 1 1 0 0 0 0 0 0 0 0 0
500	4	0 1 1 1 1 0 1 0 0 0 1 0 0 1 1 0 0 0 0 0
500	2	0 1 1 1 0 1 1 0 0 1 0 0 0 0 0 0 0 0 0 0
500	1	0 1 1 1 0 0 1 0 1 0 1 0 0 0 0 0 0 0 1 0
500	2	0 1 1 1 0 1 1 0 0 0 1 0 0 0 1 1 0 0 0 0
500	1	0 1 1 0 0 1 1 0 0 0 1 0 0 0 1 0 0 0 0 0
500	1	0 1 1 1 0 1 1 0 1 0 1 1 0 1 0 1 0 0 0 0
500	1	0 1 1 1 0 1 1 0 0 1 0 0 0 0 0 1 0 0 0 0
500	1	0 1 1 1 1 1 1 0 0 0 1 1 0 0 0 0 0 0 0 0
500	1	0 1 1 1 0 0 0 1 0 1 1 0 0 1 0 0 1 0 0 0
500	2	0 1 1 1 1 1 1 0 0 0 0 0 0 0 1 1 0 0 0 0
500	6	0 1 1 1 1 0 0 0 0 0 1 1 1 1 0 1 0 0 0 0
500	1	0 0 1 1 0 1 1 0 0 0 1 0 0 0 1 1 0 0 0 0
500	1	0 1 1 1 0 1 1 0 0 0 1 1 1 1 0 0 0 0 0 0
500	1	0 1 1 1 0 1 0 0 0 1 1 0 0 0 1 0 1 0 0 0
500	1	0 1 1 1 1 1 1 0 0 0 1 1 0 0 1 1 1 0 0 0
500	1	0 1 0 1 1 1 1 0 1 0 1 1 1 1 0 1 0 1 0 1
500	1	0 1 1 1 1 1 1 0 0 0 1 1 1 1 0 0 0 0 0 0
500	1	0 1 1 1 0 1 1 0 0 1 1 0 0 0 1 1 0 0 0 0
500	1	0 1 1 1 1 1 1 0 0 0 1 0 0 1 1 0 1 0 0 0
500	1	0 1 1 1 1 1 1 0 0 0 0 0 0 1 1 0 0 0 0 0
500	2	0 1 1 1 0 1 1 1 1 0 1 1 0 1 1 1 0 0 0 0
500	1	0 1 1 1 1 1 1 0 1 0 1 1 0 0 1 0 0 0 0 0
500	1	0 0 1 1 1 0 1 0 1 0 1 1 1 1 0 1 0 0 0 0
500	1	0 1 1 1 1 0 1 0 0 0 1 1 0 0 0 1 0 0 0 0
500	1	0 1 0 1 1 1 1 0 0 1 1 0 1 0 1 1 0 0 0 0
500	1	0 1 1 1 0 1 1 0 0 1 1 0 0 0 1 1 1 0 0 0
500	1	0 1 1 1 0 1 1 0 1 0 1 1 0 1 1 0 0 0 0 1
500	1	0 1 1 1 0 1 1 0 0 0 1 0 0 0 1 1 0 0 1 0
500	1	0 1 1 1 1 1 1 0 1 0 1 1 0 1 0 1 0 0 0 1
500	1	0 1 1 0 0 1 1 0 0 0 1 0 0 0 1 0 1 0 0 0
500	1	0 1 1 1 1 0 1 0 0 0 1 0 0 0 1 0 0 0 0 0
500	1	0 1 0 1 0 1 1 0 0 1 1 0 0 1 0 0 1 0 0 0
