0	48	0 0 0 0 1 0 0 0 1 0 0 0 0 1 0 0 0 0 0 0
0	52	0 0 0 0 0 0 0 0 0 0 0 0 0 1 0 1 0 0 1 1
0	51	0 0 1 0 0 1 0 0 0 0 0 1 0 1 0 0 1 0 0 1
0	49	0 0 1 1 0 0 0 1 0 0 0 0 0 0 0 0 0 0 0 0
50	8	0 0 0 0 0 0 0 0 0 0 0 0 0 1 0 1 0 0 1 1
50	60	0 0 1 0 0 1 0 0 0 0 0 1 0 1 0 0 1 0 0 1
50	4	0 0 0 0 0 1 0 0 0 0 0 1 0 1 0 0 1 0 0 1
50	1	0 0 1 0 0 1 0 0 1 0 0 1 0 1 0 0 1 0 0 1
50	2	0 0 0 0 0 0 0 0 0 0 0 0 0 1 0 0 1 0 0 1
50	8	0 0 1 0 0 1 0 0 0 1 0 1 0 1 0 0 1 0 0 1
50	2	0 0 1 1 0 0 0 1 0 0 0 0 0 1 0 1 0 0 1 1
50	4	0 0 1 0 0 0 0 0 0 0 0 0 0 1 0 1 0 0 1 1
50	1	0 0 0 0 0 0 0 0 0 0 0 0 0 1 1 1 0 0 1 1
50	5	0 0 1 1 0 0 0 1 0 0 0 0 1 0 0 0 0 0 0 0
50	2	0 0 1 1 0 0 0 1 0 0 0 0 0 0 0 0 1 0 0 0
50	1	0 0 0 0 0 0 0 0 0 0 0 1 0 1 0 0 1 0 0 1
50	5	0 0 1 0 0 0 0 0 0 0 0 1 0 1 0 0 1 0 0 1
50	2	0 0 1 0 0 1 0 0 0 0 1 1 0 1 0 0 1 0 0 1
50	1	0 1 1 0 0 1 0 0 0 0 0 1 0 1 0 0 1 0 0 1
50	1	0 0 1 0 0 1 0 0 0 0 0 1 0 1 0 0 1 1 0 1
50	2	0 0 1 0 0 1 0 0 0 0 0 1 0 1 1 0 1 0 0 1
50	1	0 0 0 0 0 0 1 0 0 0 0 1 0 0 0 1 0 0 1 1
50	3	0 1 0 0 0 1 0 0 0 0 0 1 0 1 0 0 1 0 0 1
50	12	1 0 1 0 0 1 0 0 0 0 1 1 0 1 0 0 1 0 0 1
50	3	0 0 1 0 0 0 0 0 0 0 0 0 0 0 0 0 1 0 0 1
50	2	0 0 1 0 0 1 1 0 0 0 0 1 0 1 0 0 1 0 0 0
50	3	0 0 1 0 0 1 0 0 0 0 0 1 0 1 0 1 1 0 0 1
50	3	0 0 1 0 0 1 0 0 0 1 0 1 0 1 0 0 1 0 0 0
50	4	0 1 1 1 0 1 0 1 0 0 0 0 0 0 0 0 0 0 1 1
50	2	0 0 1 0 0 1 0 0 0 0 0 0 0 1 0 1 0 0 1 1
50	2	0 0 0 0 0 1 0 0 0 0 0 0 0 1 0 1 0 0 1 1
50	1	0 0 1 0 0 1 0 0 0 0 0 1 0 1 0 1 1 1 0 1
50	1	0 0 0 1 0 0 0 1 0 0 0 0 0 1 0 1 0 0 1 1
50	6	0 1 1 0 0 1 0 0 0 0 0 1 0 1 0 1 1 0 0 1
50	1	0 0 0 0 0 0 0 1 0 0 1 0 0 1 1 1 0 0 1 1
50	5	0 0 1 1 0 1 0 0 0 0 0 1 0 1 0 1 0 0 1 1
50	2	0 0 1 0 0 1 0 0 0 1 0 1 0 1 0 0 1 0 1 1
50	1	1 0 1 0 0 1 0 0 0 0 0 0 0 1 0 0 0 0 0 0
50	7	0 0 1 0 1 1 0 0 0 1 0 1 0 1 0 0 1 0 0 0
50	1	0 0 1 0 0 0 0 1 0 0 0 0 1 0 0 0 0 0 0 0
50	2	0 0 1 1 0 1 0 0 0 0 0 1 0 1 0 0 1 0 0 1
50	1	0 0 1 0 1 1 0 0 1 0 0 1 0 1 0 0 1 0 0 1
50	3	0 0 1 0 0 0 1 1 0 0 0 0 0 1 0 1 0 0 1 1
50	1	1 0 1 0 0 1 0 0 0 1 0 1 0 1 0 0 1 0 1 1
50	2	1 0 0 0 0 0 0 0 0 0 0 0 0 0 0 0 0 0 1 1
50	1	0 0 1 0 0 1 0 0 0 0 0 1 0 1 0 1 0 0 1 1
50	2	0 0 1 1 0 1 0 0 0 0 1 1 0 1 0 0 1 0 0 1
50	2	0 0 1 0 1 1 0 0 1 0 1 1 0 1 0 0 1 0 0 1
50	1	0 0 1 0 0 1 0 0 0 0 0 1 0 1 0 0 1 0 1 1
50	1	0 1 1 0 0 1 0 0 0 0 0 1 0 1 0 0 1 0 1 1
50	1	0 0 1 0 0 1 0 1 1 0 0 0 0 0 0 0 0 0 0 1
50	1	0 0 1 0 0 1 0 0 0 0 0 1 0 1 0 0 1 0 0 0
50	3	1 0 1 0 0 1 0 0 0 1 0 1 0 1 0 0 1 0 0 1
50	1	0 0 1 0 0 1 0 0 0 0 0 1 1 1 0 0 1 0 0 1
50	1	0 0 1 0 0 1 0 0 0 1 0 1 1 1 0 0 1 0 0 1
50	1	0 0 1 0 0 0 1 1 0 0 0 0 0 1 0 1 1 0 1 1
50	2	1 0 0 0 0 0 0 0 0 0 0 0 1 1 0 1 0 0 1 1
50	1	0 0 1 0 0 1 0 0 0 0 0 1 0 1 0 1 0 1 0 1
50	1	0 0 1 0 0 0 0 0 0 0 0 1 0 1 0 0 1 0 0 0
50	1	0 0 1 1 0 0 0 1 0 0 0 0 0 1 0 0 1 0 0 1
50	1	1 0 1 0 0 0 0 0 0 0 0 1 0 1 0 0 1 0 0 1
50	1	1 0 1 0 0 1 1 0 0 0 1 1 0 1 0 0 1 0 0 1
100	13	0 0 1 0 0 1 0 0 0 0 0 1 0 1 0 0 1 0 0 1
100	2	0 0 1 0 0 1 0 0 0 1 0 1 0 1 0 0 1 0 0 1
100	5	0 0 1 0 0 0 0 0 0 0 0 0 0 1 0 1 0 0 1 1
100	5	0 0 1 0 0 1 0 0 0 0 1 1 0 1 0 0 1 0 0 1
100	2	0 1 0 0 0 1 0 0 0 0 0 1 0 1 0 0 1 0 0 1
100	16	1 0 1 0 0 1 0 0 0 0 1 1 0 1 0 0 1 0 0 1
100	2	0 0 1 0 0 0 0 0 0 0 0 0 1 1 0 1 0 0 1 1
100	13	0 0 1 1 0 1 0 0 0 0 0 1 0 1 0 0 1 0 0 1
100	4	0 0 1 0 0 1 1 0 1 0 0 1 0 1 0 0 1 0 0 1
100	19	0 0 1 1 0 1 0 0 0 0 1 1 0 1 0 0 1 0 0 1
100	8	0 1 1 0 0 1 0 0 1 0 0 1 0 1 0 0 1 0 0 1
100	7	1 0 1 0 0 1 0 0 0 0 0 1 0 1 0 0 1 0 0 1
100	1	0 0 1 1 0 0 0 1 0 1 0 1 0 1 0 0 1 0 0 1
100	2	0 0 1 1 0 0 0 1 1 0 0 0 1 0 0 0 0 0 0 0
100	1	0 0 1 0 0 1 0 0 0 1 0 1 0 1 0 1 1 0 0 1
100	2	0 0 1 0 0 0 0 1 0 0 0 0 1 0 0 1 0 0 0 0
100	4	0 0 1 0 0 1 0 0 0 0 0 1 0 1 0 1 0 0 1 1
100	6	0 0 1 0 0 0 0 0 0 0 0 1 0 1 0 1 0 0 1 1
100	4	0 0 1 0 0 1 0 0 0 1 0 0 0 1 0 0 1 0 0 1
100	2	0 1 1 0 0 0 1 1 0 0 0 0 0 1 0 1 0 0 1 1
100	2	0 0 1 1 0 1 0 0 0 0 1 1 0 0 0 0 1 0 0 1
100	6	0 0 1 1 0 1 0 0 0 1 0 1 0 1 0 1 1 0 0 1
100	1	0 0 1 1 0 1 0 0 0 0 1 1 0 1 0 0 1 0 0 0
100	1	0 0 1 1 0 0 0 0 0 0 1 1 0 1 0 0 1 0 0 1
100	1	0 0 1 0 0 0 1 1 0 0 0 0 0 1 0 0 1 0 0 1
100	2	0 0 1 1 0 1 0 0 0 0 1 1 0 1 0 1 0 0 1 1
100	4	0 1 1 0 0 1 0 0 0 0 0 1 0 1 0 1 0 0 1 1
100	4	0 1 1 1 1 1 0 0 0 0 0 1 0 1 0 1 0 0 1 1
100	1	0 0 1 1 1 1 1 0 0 0 1 1 0 1 0 0 1 0 0 1
100	3	1 0 1 0 0 1 0 0 0 1 0 0 0 1 0 0 1 0 0 1
100	3	0 1 1 1 0 1 0 0 0 0 1 1 0 1 0 0 1 0 0 1
100	3	0 1 1 1 0 1 0 0 0 0 1 1 0 1 0 1 0 0 1 1
100	3	0 0 1 1 0 1 0 0 0 0 0 0 0 1 0 1 0 0 1 1
100	1	1 0 1 0 0 1 0 0 0 0 1 1 0 1 0 0 1 1 0 1
100	1	0 1 0 0 0 1 0 0 0 0 0 0 1 0 0 0 0 0 0 0
100	1	0 0 1 1 0 1 1 0 0 0 0 1 0 1 0 0 1 0 0 0
100	3	0 0 1 1 0 1 0 0 1 0 1 1 0 1 0 0 1 0 0 1
100	2	0 0 1 0 0 0 0 1 0 0 0 1 0 1 0 1 0 0 1 1
100	2	0 0 1 1 1 1 0 0 0 0 1 1 0 1 0 0 1 0 0 1
100	1	0 0 1 1 0 1 0 0 0 1 0 1 0 1 0 0 1 0 0 0
100	1	0 1 1 0 0 1 0 0 1 1 0 1 0 1 0 0 1 0 0 1
100	1	1 0 1 1 0 1 0 0 0 0 0 1 0 1 0 1 0 0 1 1
100	2	0 0 0 0 1 1 0 0 0 0 0 1 0 1 0 1 0 0 1 1
100	2	0 0 1 1 0 1 1 0 0 0 0 1 0 1 0 0 1 0 0 1
100	1	0 0 1 0 1 1 0 0 0 1 0 1 0 1 0 1 0 0 1 1
100	2	0 0 1 0 0 1 0 0 0 0 1 1 0 1 0 1 1 0 0 1
100	1	0 0 0 0 0 0 0 0 0 0 0 0 1 1 0 1 0 0 1 1
100	1	0 0 1 1 0 1 0 0 0 0 1 1 0 1 0 0 0 0 0 1
100	2	0 0 0 1 1 1 0 0 0 0 1 1 0 1 0 0 1 0 0 1
100	1	0 0 0 1 0 0 0 0 0 0 1 1 0 1 0 0 1 0 0 0
100	2	0 1 1 0 0 0 1 1 0 0 0 0 0 1 0 0 1 0 0 1
100	2	1 0 1 1 0 1 0 0 0 0 0 1 0 1 0 0 1 0 0 1
100	1	0 0 0 1 0 1 0 0 0 0 1 1 0 1 0 0 1 0 0 1
100	1	0 1 1 1 1 1 0 0 0 0 0 1 0 0 0 1 0 0 1 1
100	1	0 0 1 1 0 1 0 0 0 0 0 1 0 1 1 0 1 0 0 1
100	1	0 0 1 0 0 0 0 0 0 0 0 1 0 1 0 0 0 0 1 1
100	1	0 0 1 1 0 1 0 0 0 1 0 1 0 1 0 1 1 0 1 1
100	1	1 0 1 0 1 1 0 0 0 0 1 1 0 1 0 0 1 1 0 1
100	2	1 1 0 0 0 1 0 0 0 0 0 0 1 0 0 0 0 0 0 0
100	1	1 0 1 0 0 1 1 0 1 0 0 1 0 1 0 0 1 0 0 1
100	1	0 0 1 1 0 1 0 0 0 1 0 0 0 1 0 0 1 0 0 1
100	1	0 0 1 0 0 0 0 0 0 0 0 0 1 1 0 1 0 1 1 1
100	1	1 0 1 1 0 1 0 0 1 0 0 0 0 1 0 1 0 0 1 1
100	2	0 0 1 1 1 1 0 0 0 0 1 1 0 1 0 0 1 1 0 1
100	1	0 1 1 0 1 1 0 0 0 0 0 1 0 1 0 0 1 0 0 1
100	1	1 0 1 1 0 1 0 0 1 0 0 1 0 1 0 1 0 0 1 1
100	1	1 0 1 1 0 1 0 0 0 0 1 1 0 1 0 0 1 0 1 1
100	1	0 0 1 1 0 1 0 0 0 1 0 1 0 1 0 0 1 0 0 1
100	1	0 1 1 0 0 0 0 0 0 0 0 1 1 1 0 1 0 0 1 1
150	2	1 0 1 0 0 1 0 0 0 0 1 1 0 1 0 0 1 0 0 1
150	8	0 0 1 1 0 1 0 0 0 0 0 1 0 1 0 0 1 0 0 1
150	7	0 0 1 1 0 1 0 0 0 0 1 1 0 1 0 0 1 0 0 1
150	3	0 0 1 0 0 1 0 0 0 0 0 1 0 1 0 1 0 0 1 1
150	1	0 0 1 1 0 1 0 0 0 0 1 1 0 1 0 0 1 0 0 0
150	1	0 0 1 1 0 0 0 0 0 0 1 1 0 1 0 0 1 0 0 1
150	2	0 1 1 1 0 1 0 0 0 0 1 1 0 1 0 1 0 0 1 1
150	1	0 0 0 0 0 0 0 0 0 0 0 0 1 1 0 1 0 0 1 1
150	4	1 0 1 1 0 1 0 0 0 0 0 1 0 1 0 0 1 0 0 1
150	12	1 0 1 0 0 1 1 0 1 0 0 1 0 1 0 0 1 0 0 1
150	6	1 0 1 0 1 1 0 0 0 1 0 1 0 1 0 1 0 0 1 1
150	7	1 1 1 0 0 1 0 0 0 0 1 1 1 1 0 0 1 0 0 1
150	1	0 0 1 1 0 0 0 0 0 0 1 1 0 1 0 0 1 1 0 1
150	4	0 0 1 1 1 1 0 0 0 0 1 1 0 1 1 0 1 0 0 1
150	1	0 0 1 0 0 1 0 0 0 0 0 0 0 1 0 0 1 0 0 1
150	3	0 0 1 0 0 0 0 1 0 0 0 1 0 0 0 1 0 0 1 1
150	5	0 0 1 1 0 1 0 0 0 0 1 1 1 1 0 0 1 0 0 1
150	6	1 0 1 0 0 1 1 0 0 0 0 1 0 1 0 0 1 0 0 1
150	3	1 0 1 1 0 1 0 0 0 0 1 1 0 1 0 0 1 0 0 1
150	3	0 0 1 0 0 0 0 1 0 0 0 0 1 0 1 1 0 0 0 0
150	6	0 0 1 0 0 0 0 0 0 0 0 1 0 1 0 0 0 0 1 1
150	4	0 1 1 0 0 1 0 0 0 0 0 1 0 1 0 0 1 0 0 1
150	5	0 0 1 1 0 0 0 0 0 0 1 1 0 1 0 1 0 0 1 1
150	6	1 1 1 0 0 1 0 0 0 0 1 1 0 1 0 0 1 0 0 0
150	2	0 1 1 1 0 0 0 1 0 0 1 1 0 1 0 0 1 0 0 1
150	1	0 0 1 1 0 1 0 1 0 0 1 1 0 1 0 0 1 0 0 1
150	2	1 0 1 0 0 1 0 0 0 0 1 1 0 1 0 0 1 0 0 0
150	2	0 0 1 1 0 1 0 0 0 0 1 0 1 1 0 0 1 0 0 1
150	2	1 0 1 0 0 1 0 0 0 0 0 1 0 1 1 0 1 0 0 1
150	1	0 1 1 1 0 1 0 0 0 0 1 1 0 1 0 1 0 0 0 1
150	2	1 0 1 0 0 1 1 0 1 0 0 1 0 0 0 0 1 0 0 1
150	4	1 0 1 1 1 0 0 0 0 0 1 1 0 1 0 0 1 0 0 1
150	2	0 0 1 1 0 1 0 1 0 1 1 1 0 1 0 0 1 0 0 1
150	3	0 1 1 1 0 0 0 1 0 0 1 1 0 1 0 0 1 0 0 0
150	3	0 0 1 1 0 0 0 0 0 1 0 1 0 1 0 0 1 0 0 1
150	1	0 1 1 1 0 1 0 0 0 0 1 1 0 0 0 1 0 0 1 1
150	1	0 0 1 1 0 1 0 0 0 0 1 0 0 1 0 0 1 1 0 1
150	1	0 0 0 1 0 1 0 0 0 0 1 1 0 1 0 0 1 0 0 1
150	1	0 0 1 1 0 0 0 0 0 0 1 1 0 0 0 1 0 0 1 1
150	1	0 0 1 1 0 0 0 0 0 1 0 1 0 1 0 0 1 1 0 1
150	2	0 1 1 1 0 1 0 0 0 0 0 1 0 1 0 1 0 0 1 1
150	2	0 0 1 1 0 0 0 0 0 0 1 0 1 1 0 0 1 0 0 1
150	2	1 0 1 1 0 1 0 0 0 0 0 1 0 1 0 1 0 0 1 1
150	1	0 1 1 1 1 1 0 0 0 0 0 1 0 0 0 0 1 0 0 1
150	1	0 0 1 1 0 1 1 0 0 0 1 1 0 1 0 0 1 0 0 1
150	1	0 0 1 1 0 1 0 0 1 0 1 1 1 1 0 0 1 0 0 1
150	3	0 0 1 1 0 0 0 1 0 0 1 1 0 1 0 0 1 0 0 0
150	4	0 1 1 1 0 1 0 0 0 0 1 1 0 1 0 0 1 0 0 0
150	2	0 0 1 0 0 0 0 1 0 0 0 1 0 0 1 1 0 0 1 1
150	1	1 0 1 0 0 1 1 0 0 0 1 1 0 0 1 1 0 0 1 1
150	1	0 1 1 1 0 1 0 0 1 0 0 1 0 1 0 1 1 0 1 1
150	3	0 0 1 1 0 0 0 0 1 0 1 1 0 1 0 1 0 0 1 1
150	3	1 1 1 0 0 1 0 0 0 0 0 0 0 1 0 0 1 0 0 1
150	1	0 1 1 1 0 0 0 0 0 0 1 1 0 1 0 1 1 0 1 1
150	2	0 1 1 0 0 0 0 1 0 0 0 1 0 1 0 1 0 0 1 1
150	1	1 0 1 1 1 0 0 0 0 0 0 1 0 1 0 0 1 0 0 1
150	2	1 1 1 0 1 1 0 0 0 1 0 1 0 1 0 1 0 0 1 1
150	1	1 1 1 0 0 1 0 0 0 0 1 1 1 1 0 0 0 0 0 1
150	3	0 0 1 1 0 1 0 0 0 0 1 1 1 1 0 1 1 0 0 1
150	1	1 1 1 1 0 1 0 0 0 0 1 1 0 1 0 0 1 0 0 1
150	2	0 0 1 1 0 1 1 0 1 0 1 1 0 1 0 0 1 0 0 1
150	2	0 0 1 1 0 0 0 0 0 0 1 1 0 1 0 0 1 0 0 0
150	3	1 0 0 0 0 1 0 0 0 1 0 1 0 1 0 0 1 0 0 1
150	2	0 0 1 1 0 1 0 0 0 1 1 1 1 1 0 0 1 0 0 1
150	1	0 0 1 1 0 1 0 0 0 0 1 1 1 1 1 0 1 0 0 1
150	3	0 0 1 0 0 0 1 0 1 0 0 1 0 1 0 0 1 0 0 1
150	2	0 0 1 1 0 1 0 0 1 0 0 1 0 1 0 0 1 0 0 1
150	1	0 0 1 1 0 1 0 0 0 0 1 1 0 1 0 1 1 0 0 0
150	1	0 0 1 1 0 1 0 0 0 0 0 1 0 1 0 1 1 0 1 1
150	1	0 0 1 1 0 1 1 0 0 0 0 1 0 1 0 0 1 0 0 1
150	1	1 0 1 0 0 1 1 1 0 0 1 1 0 1 0 0 1 0 0 1
150	1	0 1 1 1 0 1 0 0 0 1 1 1 0 1 0 1 0 0 0 1
150	2	1 0 1 0 0 1 0 0 0 0 1 1 1 1 0 0 1 0 0 1
150	1	0 0 1 1 1 1 0 0 0 0 1 1 0 1 1 1 1 0 0 1
150	1	0 1 0 1 0 0 0 1 0 0 1 1 0 1 0 0 1 0 0 1
150	1	0 0 1 1 0 0 0 0 0 1 0 1 1 1 0 0 1 0 0 1
150	1	1 0 1 0 1 1 1 0 0 0 1 1 0 0 1 1 0 0 1 1
150	1	0 0 1 0 0 1 0 0 0 1 0 1 0 1 0 1 1 1 0 1
150	1	1 0 1 1 0 1 0 0 1 0 1 1 1 1 0 0 1 0 0 1
150	1	0 0 1 0 0 0 0 0 0 0 0 0 1 1 0 1 0 0 1 1
150	2	0 1 1 0 0 1 0 0 0 0 0 1 0 1 0 1 1 0 1 1
150	1	0 0 1 1 0 0 0 0 0 0 1 0 0 1 0 1 0 0 1 1
150	1	0 0 1 1 0 1 0 0 1 0 1 1 1 1 1 0 1 0 0 1
200	4	0 0 1 1 0 1 0 0 0 0 0 1 0 1 0 0 1 0 0 1
200	1	0 0 1 1 0 1 0 0 0 0 1 1 0 1 0 0 1 0 0 1
200	1	0 0 1 1 0 0 0 0 0 0 1 1 0 1 0 0 1 0 0 1
200	8	1 0 1 1 0 1 0 0 0 0 0 1 0 1 0 0 1 0 0 1
200	3	0 0 1 1 0 1 0 0 0 0 1 1 1 1 0 0 1 0 0 1
200	4	1 0 1 1 0 1 0 0 0 0 1 1 0 1 0 0 1 0 0 1
200	5	1 1 1 0 0 1 0 0 0 0 1 1 0 1 0 0 1 0 0 0
200	6	1 0 1 1 1 0 0 0 0 0 1 1 0 1 0 0 1 0 0 1
200	1	0 1 1 1 0 1 0 0 0 0 1 1 0 0 0 1 0 0 1 1
200	3	1 0 1 0 0 1 1 0 0 0 1 1 0 0 1 1 0 0 1 1
200	7	1 1 1 1 0 1 0 0 0 0 1 1 0 1 0 0 1 0 0 1
200	3	1 0 0 0 0 1 0 0 0 1 0 1 0 1 0 0 1 0 0 1
200	3	1 0 1 0 0 0 1 0 0 0 1 1 0 0 0 1 0 0 1 1
200	3	1 1 1 0 1 1 0 0 0 1 1 1 0 1 0 1 0 0 1 1
200	4	1 0 1 1 0 1 0 1 0 0 1 1 0 1 0 0 1 0 0 1
200	5	1 1 1 0 0 1 0 0 0 0 1 1 0 1 0 0 1 0 0 1
200	1	0 1 1 1 0 1 0 0 0 0 1 1 0 0 0 0 1 1 0 1
200	2	0 1 1 1 0 1 0 0 0 0 1 1 0 1 0 0 1 0 0 1
200	4	0 0 1 1 0 1 0 0 0 0 0 1 1 1 0 0 1 0 0 1
200	3	1 1 1 0 0 1 0 1 0 0 1 1 1 1 0 0 1 0 0 1
200	3	0 0 1 1 0 1 0 1 0 0 0 1 0 1 1 0 1 0 0 1
200	2	0 0 1 0 0 1 0 0 0 0 0 1 0 1 1 0 1 0 0 1
200	2	0 0 1 1 0 1 0 0 0 0 0 1 0 0 0 1 0 0 1 1
200	1	1 0 1 0 0 1 0 1 0 0 1 0 0 1 0 0 1 1 0 1
200	8	0 0 1 1 0 0 0 0 0 1 0 1 1 1 0 1 0 0 0 1
200	4	1 0 1 0 0 1 1 0 0 0 1 1 0 0 1 0 0 0 1 1
200	9	0 0 1 1 0 0 0 0 0 0 1 1 0 1 0 0 1 0 0 0
200	1	1 0 1 1 0 1 0 0 0 0 0 1 0 1 1 0 1 0 0 1
200	3	1 0 1 1 1 0 0 0 0 0 1 0 0 1 0 0 1 0 0 1
200	1	0 1 1 1 0 1 0 0 0 0 0 1 0 1 0 0 1 0 0 1
200	1	0 0 1 1 0 1 0 1 0 0 0 1 0 1 0 0 1 0 1 1
200	1	1 1 0 0 1 1 0 0 0 1 1 1 0 1 0 1 0 0 1 1
200	1	0 0 1 1 0 0 0 0 0 0 0 0 0 1 0 0 1 0 0 1
200	2	1 0 0 0 0 1 0 0 0 1 0 1 1 1 0 0 1 0 0 1
200	5	1 1 1 0 1 1 0 1 0 1 1 1 0 1 0 1 0 0 1 1
200	2	0 1 1 1 0 1 0 0 0 0 1 1 0 0 0 1 1 0 1 1
200	4	1 0 1 1 0 1 0 0 0 0 0 1 0 1 1 0 1 0 1 1
200	2	1 1 1 1 0 1 0 0 0 0 1 1 0 0 1 1 0 0 1 1
200	1	1 0 0 0 0 1 0 0 0 1 0 1 0 1 0 0 1 0 0 0
200	1	1 0 1 0 0 0 1 0 0 0 1 1 0 1 0 0 1 0 0 1
200	1	1 0 1 0 0 1 0 1 0 0 1 1 1 1 0 0 1 0 0 1
200	7	0 1 1 1 0 1 0 1 0 0 1 1 0 1 1 1 0 0 1 1
200	3	0 0 1 1 0 1 0 1 0 0 1 1 1 1 0 0 1 0 0 1
200	4	1 0 1 0 0 1 0 0 0 0 1 1 0 1 1 0 1 0 0 1
200	1	1 0 1 1 0 1 0 0 0 0 0 1 1 1 0 0 1 0 0 1
200	2	1 0 1 1 0 1 0 1 1 0 1 1 0 1 0 0 1 0 0 1
200	2	0 1 1 1 0 1 0 0 0 0 1 1 1 1 0 0 1 0 0 1
200	1	0 0 1 1 0 0 0 0 1 1 1 1 0 1 0 0 1 0 0 1
200	1	1 1 0 1 0 1 0 0 0 0 0 1 1 1 0 0 1 0 0 1
200	1	1 1 1 0 1 1 0 0 0 1 1 0 0 1 0 1 0 0 1 1
200	1	1 0 1 1 1 1 0 0 0 0 1 0 0 1 0 0 1 0 0 1
200	1	0 0 1 1 0 0 0 0 0 1 0 1 1 1 0 1 1 0 0 1
200	3	0 1 0 1 0 1 0 0 0 0 1 1 0 0 0 0 1 0 0 1
200	1	1 0 1 1 1 1 0 0 0 0 1 0 0 1 0 0 1 0 1 1
200	2	1 0 1 1 0 1 0 1 0 0 1 1 0 0 0 1 0 0 1 1
200	3	1 0 1 0 0 1 0 0 0 0 0 1 0 1 0 0 1 0 0 1
200	1	1 0 1 0 0 1 0 1 0 0 1 1 1 0 0 0 1 0 0 1
200	3	0 0 0 1 0 1 0 0 0 0 0 1 0 1 0 0 1 0 0 1
200	2	1 1 1 1 0 1 1 0 0 0 1 1 0 0 1 1 0 0 1 1
200	1	0 1 1 1 0 1 0 1 0 0 1 1 1 1 0 0 1 0 0 1
200	1	1 0 1 0 0 0 1 0 0 0 1 1 0 0 1 0 0 0 1 1
200	1	0 1 1 1 0 0 0 0 0 0 1 1 0 0 0 1 0 0 1 1
200	1	0 0 1 1 0 1 0 1 0 0 0 1 0 1 0 0 1 0 0 0
200	2	1 0 1 0 0 1 0 0 1 0 1 1 0 1 1 0 1 0 0 1
200	1	0 0 1 0 0 1 0 0 0 0 0 1 0 1 0 1 0 0 1 1
200	1	1 0 1 0 0 1 0 0 0 0 1 1 0 0 0 1 0 0 1 1
200	1	1 0 1 0 1 1 0 0 0 1 1 1 0 1 0 1 0 0 1 1
200	1	0 0 1 1 0 1 0 0 0 0 0 1 0 0 0 1 1 0 1 1
200	3	1 0 1 1 0 0 0 0 0 0 1 0 0 1 0 0 1 0 0 1
200	1	0 0 1 1 0 0 0 0 0 0 0 1 0 1 0 0 1 0 0 1
200	1	1 0 1 1 0 1 0 1 0 1 1 1 0 0 0 1 0 0 1 1
200	1	0 1 1 1 0 1 0 0 0 0 1 1 0 1 0 1 0 0 1 1
200	2	0 1 1 1 0 1 0 0 0 0 1 1 0 1 0 0 1 0 1 1
200	1	1 0 1 1 0 1 0 1 1 0 1 1 0 1 0 1 0 0 1 1
200	1	0 1 1 1 0 1 0 0 1 0 1 1 0 1 0 0 1 0 0 1
200	2	1 0 1 0 1 1 0 1 0 0 0 1 0 1 0 0 1 0 1 1
200	1	1 0 1 1 0 0 0 0 0 1 0 1 1 1 0 1 0 0 0 1
200	1	0 0 0 1 1 1 0 1 0 1 1 1 0 1 0 1 0 0 1 1
200	1	1 0 1 1 0 1 0 1 0 0 0 1 0 1 0 0 1 0 0 0
200	1	1 0 1 0 0 1 0 0 0 0 0 1 0 0 0 1 0 0 1 1
200	1	1 0 1 1 1 0 0 0 0 0 1 1 0 1 0 1 0 0 1 1
200	1	0 1 1 1 0 1 0 0 0 0 1 1 0 1 1 0 1 0 1 1
200	1	1 1 1 0 1 1 1 0 0 0 1 1 0 0 1 0 0 0 1 1
200	1	0 0 1 1 0 1 0 0 1 0 0 1 0 1 0 0 1 0 0 1
200	1	1 0 1 1 0 1 0 0 0 0 1 1 0 1 0 0 1 0 1 1
200	1	1 0 1 0 0 1 1 0 0 0 1 1 0 0 1 1 1 0 1 1
200	1	1 1 1 1 0 1 0 0 0 0 0 1 0 1 0 0 1 0 0 1
200	1	1 0 1 1 0 1 0 1 1 0 1 1 0 1 0 0 1 1 0 1
200	1	1 1 1 1 0 1 0 1 0 0 1 1 0 1 1 0 1 0 0 1
250	1	0 0 1 1 0 1 0 0 0 0 1 1 0 1 0 0 1 0 0 1
250	1	1 0 1 1 0 1 0 0 0 0 0 1 0 1 0 0 1 0 0 1
250	5	1 0 1 1 0 1 0 0 0 0 1 1 0 1 0 0 1 0 0 1
250	1	1 0 1 1 1 0 0 0 0 0 1 1 0 1 0 0 1 0 0 1
250	12	1 1 1 1 0 1 0 0 0 0 1 1 0 1 0 0 1 0 0 1
250	2	0 0 1 1 0 1 0 1 0 0 0 1 0 1 1 0 1 0 0 1
250	9	0 0 1 1 0 0 0 0 0 1 0 1 1 1 0 1 0 0 0 1
250	1	1 0 1 0 0 1 1 0 0 0 1 1 0 0 1 0 0 0 1 1
250	1	0 0 0 1 1 1 0 0 0 0 1 1 0 0 1 1 0 0 1 1
250	4	1 1 1 0 1 1 0 1 0 1 1 1 0 1 0 1 0 0 1 1
250	11	1 1 1 1 0 0 0 0 0 0 1 1 0 1 0 0 1 1 0 0
250	1	1 1 1 0 1 1 0 0 0 0 0 1 0 1 0 0 1 0 0 1
250	2	0 1 1 1 0 1 0 0 0 0 1 1 0 1 0 1 0 0 1 1
250	2	1 0 1 1 0 1 0 1 1 0 1 1 0 1 0 1 0 0 1 1
250	3	0 0 1 1 0 1 0 0 0 0 0 1 1 1 0 0 1 0 0 0
250	5	0 0 1 1 0 0 0 0 0 1 0 1 1 0 0 1 0 0 0 1
250	16	1 1 1 1 0 0 0 0 0 0 1 1 0 1 0 0 1 0 0 1
250	2	1 1 1 0 1 0 0 0 0 1 1 1 0 1 0 0 1 0 0 1
250	1	1 0 1 1 1 0 0 0 0 1 0 1 0 1 0 0 1 0 0 1
250	1	0 0 1 1 0 1 0 1 0 0 1 1 0 0 1 0 0 0 1 1
250	1	1 1 1 0 1 1 0 1 0 1 1 1 0 1 0 1 0 1 1 1
250	2	1 0 1 1 0 1 0 0 0 0 0 1 0 0 1 0 1 0 0 1
250	3	1 1 1 1 0 0 0 0 0 0 1 1 0 0 0 1 0 1 1 1
250	2	1 0 1 1 0 0 0 0 0 1 0 1 1 0 0 1 0 0 0 1
250	2	0 1 1 1 0 1 0 1 0 0 1 1 0 1 0 1 0 0 1 1
250	7	1 1 1 1 0 0 0 0 0 0 0 1 0 1 1 0 1 0 0 1
250	2	1 1 1 0 1 1 0 1 0 0 0 0 0 1 0 0 1 0 0 1
250	9	1 1 1 1 0 1 1 0 0 1 1 1 0 1 0 1 0 1 1 1
250	1	1 0 1 1 0 1 0 0 0 0 1 0 0 1 0 0 1 0 0 1
250	1	1 0 1 1 0 1 0 1 0 0 1 1 0 1 0 0 1 1 0 0
250	6	1 0 1 1 0 1 0 1 0 0 1 1 0 1 1 0 1 0 0 1
250	2	1 1 1 0 1 1 0 0 0 0 1 1 0 1 0 0 1 0 0 1
250	1	1 0 1 1 0 1 0 0 0 0 1 1 0 1 0 0 0 0 1 1
250	2	1 0 1 1 0 1 0 1 0 0 0 1 0 1 0 0 1 0 0 0
250	1	0 1 1 1 0 1 0 0 0 0 1 1 0 1 0 1 0 1 1 1
250	3	1 0 1 1 1 1 0 0 0 1 0 1 0 1 0 0 1 0 0 1
250	1	1 0 1 0 0 1 0 1 0 0 1 1 0 1 0 0 1 0 0 1
250	1	1 1 1 0 1 1 0 1 0 1 1 1 0 1 0 1 0 1 1 0
250	1	1 1 1 1 0 0 0 0 0 0 0 1 0 0 0 0 1 1 0 0
250	4	0 0 1 1 0 1 0 0 0 0 0 1 0 1 1 0 1 0 0 1
250	2	0 1 1 0 0 1 0 0 0 0 1 1 0 1 0 0 1 0 0 1
250	2	0 0 1 1 0 1 0 1 0 0 1 1 0 1 0 0 1 0 0 1
250	1	1 0 1 0 0 1 0 0 0 0 1 1 0 1 0 0 1 1 0 1
250	7	1 1 1 1 0 0 0 0 0 0 1 1 0 0 0 1 1 0 0 1
250	2	0 0 1 1 0 0 0 0 0 1 0 1 1 1 1 0 0 0 1 1
250	1	0 0 1 1 0 1 0 0 0 1 1 1 0 1 0 0 1 0 0 1
250	1	1 1 1 1 0 0 0 1 0 1 1 1 0 1 0 1 0 1 1 1
250	3	1 1 1 0 1 1 0 1 0 1 1 1 0 1 0 1 0 0 1 0
250	2	1 0 1 1 0 1 0 1 1 0 1 1 0 1 0 0 1 1 0 0
250	1	0 0 1 1 0 1 0 0 0 0 0 1 0 1 1 0 0 0 0 1
250	1	1 0 1 1 0 1 0 0 0 0 0 1 0 1 0 0 1 0 1 1
250	1	1 1 1 1 0 0 0 0 0 1 0 1 1 0 0 1 0 0 0 1
250	6	0 1 1 1 0 1 0 1 0 0 1 0 0 1 0 1 1 1 0 1
250	2	0 0 1 1 0 1 0 1 0 0 1 1 0 1 0 1 0 0 1 1
250	1	1 1 1 1 1 1 0 0 0 0 1 1 0 1 0 0 1 0 0 1
250	2	1 1 1 1 0 0 0 0 0 0 1 1 0 1 0 1 0 0 1 1
250	4	1 1 1 1 0 1 0 1 0 0 1 1 0 1 0 0 1 0 0 1
250	1	1 1 1 0 1 1 1 0 0 0 0 1 0 0 1 1 0 0 0 1
250	1	0 0 1 1 0 0 0 0 0 1 0 1 1 1 0 0 1 0 0 1
250	2	1 1 1 0 1 1 1 0 0 0 1 0 0 0 1 1 0 0 0 1
250	2	0 1 1 0 0 1 1 0 0 0 1 1 0 1 0 0 1 0 0 1
250	1	1 1 1 1 0 1 1 0 0 1 1 1 0 1 0 0 1 1 0 0
250	1	1 1 1 1 0 0 0 0 0 0 1 1 0 1 1 0 1 1 0 0
250	1	1 1 1 1 0 0 0 0 0 1 1 1 0 1 0 0 1 0 0 1
250	2	1 1 1 1 0 0 0 0 0 0 1 1 0 0 0 0 1 0 0 1
250	1	1 1 1 0 1 1 1 0 0 0 1 1 0 0 1 0 0 0 0 1
250	1	0 1 1 1 0 1 0 0 0 0 1 1 0 1 0 0 1 1 0 0
250	1	0 0 1 1 0 1 0 0 0 0 0 1 0 0 1 0 1 0 0 1
250	2	0 1 1 0 0 1 0 0 0 0 1 1 0 1 0 0 1 1 0 0
250	2	0 0 1 1 0 0 0 0 0 1 0 0 1 0 0 1 0 0 0 1
250	2	0 1 1 0 1 1 0 1 0 1 1 1 0 1 0 1 0 1 1 0
250	1	0 0 1 1 0 1 0 1 0 0 0 1 1 1 1 0 1 0 0 0
250	1	0 0 1 1 0 0 0 0 0 0 1 1 0 1 0 0 1 0 0 1
250	1	1 1 1 0 0 0 0 0 0 0 1 1 0 1 0 0 1 1 0 0
250	1	1 0 1 1 0 1 0 0 0 0 1 1 1 1 0 0 1 0 0 1
250	1	1 0 1 1 1 0 0 0 0 0 1 0 0 0 0 0 1 0 0 1
250	1	1 1 1 1 0 0 0 0 1 0 1 1 0 1 0 0 1 0 0 1
250	1	1 1 1 1 0 0 0 0 0 0 1 1 0 0 0 1 0 1 1 0
250	1	1 1 1 1 1 1 0 1 0 0 0 1 0 1 1 0 1 0 0 1
300	4	1 0 1 1 0 1 0 0 0 0 0 1 0 1 0 0 1 0 0 1
300	18	1 1 1 1 0 1 0 0 0 0 1 1 0 1 0 0 1 0 0 1
300	5	1 0 1 1 0 1 0 0 0 0 1 1 0 1 1 0 1 0 0 1
300	1	1 1 1 1 0 0 0 0 0 0 1 1 0 1 0 0 1 1 0 0
300	7	1 1 1 1 0 0 0 0 0 0 1 1 0 1 0 0 1 0 0 1
300	5	0 1 1 1 0 1 0 0 0 0 1 1 0 1 0 0 1 0 0 1
300	6	0 0 1 1 0 1 0 0 0 0 0 1 0 1 1 0 1 0 0 1
300	1	1 1 1 1 0 0 0 0 0 0 1 1 0 0 0 1 1 0 0 1
300	13	1 1 1 1 0 0 0 0 0 1 0 1 1 0 0 1 0 0 0 1
300	1	1 1 1 1 0 1 0 1 0 0 1 1 0 1 0 0 1 0 0 1
300	8	1 1 1 1 0 1 0 0 0 0 0 1 0 1 0 0 1 0 0 1
300	4	1 1 1 1 0 0 1 0 0 0 1 1 0 1 0 0 1 0 0 1
300	2	1 1 1 0 1 1 0 0 0 1 0 1 1 0 0 1 0 0 0 1
300	2	1 1 1 1 0 0 0 0 0 0 1 1 0 1 1 0 1 0 1 1
300	2	1 1 1 1 0 0 0 0 0 1 0 0 1 1 0 1 0 0 0 0
300	2	1 1 1 0 1 1 0 0 0 1 0 1 1 1 0 0 0 0 0 1
300	3	1 1 1 1 0 1 0 0 0 0 1 1 0 0 0 1 1 0 0 1
300	2	1 1 1 0 1 1 0 0 1 0 1 1 0 1 0 0 1 0 0 1
300	1	0 0 1 1 0 1 0 0 0 0 0 1 0 1 0 0 1 0 0 1
300	1	1 1 1 1 0 1 0 1 0 0 1 1 0 1 0 1 0 0 1 1
300	2	1 0 1 1 0 1 0 1 0 0 1 1 0 1 0 0 1 0 0 1
300	1	1 1 1 0 0 1 0 0 0 0 1 1 0 1 0 0 1 0 0 0
300	5	1 1 1 1 0 0 0 0 0 0 0 1 0 1 0 0 1 0 0 1
300	2	1 1 1 1 1 0 0 0 0 0 1 1 0 1 0 0 1 0 0 1
300	3	1 1 1 1 0 1 0 0 0 0 0 1 0 1 1 0 1 0 0 1
300	1	1 1 1 1 0 1 0 0 0 0 1 1 0 1 1 1 1 0 0 0
300	1	0 0 1 1 0 1 0 0 0 0 0 1 0 0 1 0 0 0 0 1
300	1	1 1 1 1 0 0 0 0 0 1 0 1 1 1 0 1 0 0 0 1
300	2	0 0 1 1 0 1 0 1 0 0 0 1 0 1 0 0 1 0 0 1
300	4	1 1 1 1 0 1 0 0 0 1 1 1 0 1 0 0 1 1 0 0
300	2	1 1 1 0 1 1 0 0 0 1 1 1 1 0 0 1 0 0 0 1
300	4	1 1 1 1 0 1 0 0 0 0 1 1 0 0 0 1 0 1 1 1
300	1	1 1 1 0 0 1 0 0 0 0 1 0 1 1 1 0 0 0 1 1
300	3	1 1 1 0 1 1 0 0 0 1 0 1 1 1 0 1 0 0 0 1
300	2	1 0 1 1 0 0 1 1 1 0 1 1 0 1 0 1 0 0 1 1
300	3	0 0 1 1 0 0 0 0 0 1 0 1 1 1 1 1 0 0 0 1
300	1	1 1 1 1 0 1 0 0 0 0 1 1 0 1 1 0 1 0 1 1
300	1	1 1 1 1 0 1 0 0 0 0 1 1 1 0 0 1 0 0 0 1
300	3	1 1 1 1 0 1 0 0 0 0 1 1 0 0 0 0 1 0 0 1
300	11	1 1 1 1 0 1 1 0 0 1 1 1 0 1 0 1 0 1 1 0
300	4	1 0 1 1 1 0 0 0 0 1 1 1 0 1 1 0 1 0 1 1
300	1	0 1 1 1 0 1 0 1 0 0 1 1 0 1 0 1 1 0 1 1
300	1	1 1 1 1 0 1 0 0 0 0 0 1 0 1 0 0 1 1 0 1
300	3	1 1 1 1 0 0 0 0 0 0 1 1 1 1 0 0 1 1 0 0
300	2	0 0 1 0 0 1 0 0 0 0 0 1 1 1 0 0 1 0 0 0
300	1	1 1 1 1 0 1 0 0 0 1 0 1 1 0 0 1 0 0 0 1
300	2	1 1 1 1 0 1 0 1 1 1 0 0 1 1 0 1 0 0 0 0
300	3	0 1 1 0 0 1 0 0 0 0 1 1 0 1 0 0 1 0 0 1
300	1	0 0 1 1 0 1 0 0 0 0 0 1 1 1 1 0 1 0 1 1
300	1	1 0 1 1 0 0 0 0 0 0 1 1 0 0 0 1 1 0 0 1
300	1	1 0 1 1 1 0 0 0 0 0 1 0 0 1 0 0 1 0 0 1
300	4	1 1 1 1 0 1 1 0 0 0 1 1 0 0 0 1 1 0 0 1
300	1	1 1 1 1 0 0 0 0 1 1 0 1 1 0 0 1 0 0 0 1
300	2	1 1 1 1 0 1 0 0 0 0 0 1 1 1 1 0 0 0 1 1
300	1	1 1 1 1 0 0 0 0 0 0 1 1 0 1 0 1 1 0 0 1
300	1	0 0 1 1 0 1 0 0 0 0 0 1 0 1 1 0 0 0 0 1
300	1	0 0 1 0 1 1 0 0 0 1 0 1 1 0 0 1 0 0 0 1
300	2	1 1 1 1 0 1 0 0 0 0 1 1 1 1 0 0 1 0 0 1
300	3	1 0 1 1 0 1 0 0 0 1 1 1 0 1 1 0 1 0 0 1
300	3	0 0 1 1 0 1 0 0 0 0 0 0 1 1 0 0 1 0 0 0
300	1	1 1 0 0 1 1 0 0 0 1 0 1 1 0 0 1 0 0 0 1
300	1	1 1 1 1 0 0 0 0 0 0 1 1 1 1 1 0 0 1 1 1
300	1	1 0 1 1 0 1 0 0 0 0 0 1 0 1 0 0 0 1 1 1
300	1	0 1 1 1 0 1 0 0 0 0 1 1 1 0 0 1 0 0 0 1
300	1	0 1 1 1 0 1 0 0 0 0 1 1 0 0 0 1 1 0 0 1
300	1	1 1 1 0 1 1 0 0 0 1 0 1 1 0 0 0 0 0 0 1
300	1	0 1 1 1 0 1 1 0 0 1 1 1 0 1 0 1 0 1 1 0
300	3	1 0 1 1 0 0 0 0 0 1 0 1 1 1 1 1 0 0 0 1
300	2	0 1 1 1 0 0 0 0 0 0 1 1 0 1 1 0 1 0 1 1
300	1	1 1 1 0 0 1 0 0 1 0 1 0 1 1 1 0 0 0 1 1
300	1	1 0 1 1 0 1 0 0 0 0 1 1 0 1 0 1 0 0 0 1
300	1	1 0 1 1 0 0 0 0 0 1 1 1 1 0 0 1 0 0 0 1
300	1	1 1 1 1 0 0 0 0 0 0 0 1 0 1 0 0 1 0 1 1
300	1	1 1 1 1 1 0 0 0 0 1 1 1 0 1 0 0 1 1 0 0
300	1	0 1 1 1 0 0 1 0 0 0 1 1 0 1 0 0 1 0 0 1
300	1	1 1 0 1 0 1 0 0 0 1 1 1 0 1 0 0 1 1 0 0
300	1	1 1 0 0 1 1 0 0 0 1 1 1 1 0 0 1 0 0 0 1
300	1	1 0 1 0 0 0 1 1 1 0 1 1 0 1 0 1 0 0 1 1
350	20	1 1 1 1 0 1 0 0 0 0 1 1 0 1 0 0 1 0 0 1
350	1	1 1 1 1 0 0 0 0 0 1 0 1 1 0 0 1 0 0 0 1
350	3	1 1 1 1 0 1 0 0 0 0 0 1 0 1 0 0 1 0 0 1
350	4	1 1 1 1 0 0 1 0 0 0 1 1 0 1 0 0 1 0 0 1
350	13	1 1 1 1 0 0 0 0 0 1 0 0 1 1 0 1 0 0 0 0
350	5	1 1 1 0 1 1 0 0 0 1 0 1 1 1 0 0 0 0 0 1
350	2	1 1 1 0 1 1 0 0 0 1 1 1 1 0 0 1 0 0 0 1
350	7	1 1 1 1 0 0 0 0 1 0 1 1 0 0 0 1 1 0 0 0
350	3	1 1 1 1 1 0 0 0 0 1 0 1 1 0 0 1 0 0 0 1
350	4	1 1 1 1 0 1 0 0 0 1 0 1 0 1 1 0 1 0 0 1
350	1	1 1 1 1 0 1 0 0 0 0 1 1 0 1 1 0 1 0 1 0
350	7	1 1 1 1 1 1 0 0 0 0 1 1 0 1 0 0 1 0 0 1
350	5	1 1 1 1 0 1 0 0 0 0 1 1 0 0 0 1 1 0 0 0
350	2	1 1 1 1 0 1 0 0 0 1 1 0 0 1 0 0 1 1 0 0
350	10	1 1 1 1 0 0 0 0 0 1 0 1 1 1 0 0 0 0 0 1
350	1	1 1 1 1 1 1 0 0 0 0 0 1 1 1 0 0 1 0 1 1
350	1	1 1 1 1 1 0 0 0 0 1 0 1 1 1 0 1 1 0 0 1
350	1	1 1 1 0 0 1 0 0 0 0 1 1 0 1 0 0 1 0 0 1
350	1	0 1 1 0 0 1 0 0 0 0 1 0 1 1 0 0 1 0 0 1
350	2	1 1 1 1 0 1 1 0 0 1 1 1 0 1 0 0 1 0 0 0
350	2	1 1 1 1 0 0 0 0 0 1 0 0 0 1 0 0 1 0 0 1
350	5	1 1 1 1 0 0 1 0 0 0 1 1 0 1 0 0 1 1 0 1
350	3	1 1 1 1 0 0 0 0 0 1 0 0 1 1 0 1 0 0 1 0
350	2	1 1 1 1 0 0 0 1 0 0 0 1 0 1 0 0 1 0 0 1
350	2	1 1 1 1 0 0 0 0 0 1 0 1 1 0 0 0 1 0 0 1
350	1	1 1 1 1 0 1 0 0 0 1 0 0 1 1 0 1 0 0 0 0
350	1	1 1 1 1 0 1 0 0 0 1 1 1 0 1 0 0 1 0 1 1
350	2	1 1 1 1 0 1 0 0 0 0 1 1 1 1 0 0 1 0 0 0
350	2	1 1 1 1 0 0 0 0 0 1 0 1 1 0 0 1 1 0 0 1
350	1	0 0 1 1 0 1 0 1 0 0 0 1 0 0 0 0 1 0 0 1
350	3	1 1 1 1 0 1 1 0 0 1 0 1 0 1 0 1 0 1 1 0
350	4	1 0 1 1 1 1 0 0 0 0 1 1 0 1 1 0 1 0 0 1
350	2	0 1 1 0 0 1 0 0 0 0 0 1 1 1 0 0 1 0 0 0
350	1	1 1 1 1 0 1 0 0 1 0 1 1 0 0 0 1 1 0 0 0
350	4	1 1 0 1 1 0 0 0 0 1 1 1 0 1 1 0 1 0 1 1
350	3	1 1 1 1 0 1 0 0 0 1 1 1 0 1 1 0 1 0 0 1
350	2	1 1 1 1 0 1 0 0 0 0 1 0 0 1 0 0 1 0 0 1
350	3	1 1 1 1 0 0 0 0 0 0 0 0 1 1 0 1 0 0 0 0
350	7	0 1 1 1 0 0 0 0 0 1 0 1 1 0 0 0 1 0 0 1
350	2	1 1 1 1 0 1 0 0 0 0 0 1 0 1 0 0 1 0 0 0
350	2	1 1 1 1 0 1 0 0 0 1 0 1 1 1 0 1 1 0 0 0
350	1	1 1 1 1 0 0 1 0 0 1 0 0 0 1 0 1 0 0 0 0
350	1	1 1 1 1 0 0 0 0 1 0 1 1 0 0 0 1 1 0 0 1
350	3	1 1 0 1 0 0 0 0 0 1 0 1 1 0 0 0 1 0 0 1
350	1	1 1 1 0 0 0 0 1 0 0 1 1 0 0 0 0 1 0 0 1
350	1	1 1 1 0 0 0 0 0 1 0 1 1 0 0 0 1 1 0 0 0
350	1	1 1 1 1 0 0 0 0 0 1 0 1 1 1 0 1 1 0 0 1
350	2	1 1 1 1 0 0 0 0 1 0 1 1 0 1 0 0 1 0 0 1
350	1	0 1 1 0 0 1 0 0 0 0 0 1 1 0 0 0 1 0 0 0
350	1	1 1 1 1 0 1 1 0 0 1 1 1 0 1 0 0 1 0 0 1
350	3	1 1 1 1 0 0 0 1 0 1 0 0 1 1 0 1 0 0 0 0
350	1	1 1 1 1 1 1 0 0 0 1 0 1 0 1 1 0 1 0 0 0
350	1	1 1 1 1 0 1 0 0 0 0 1 0 0 1 0 0 1 0 0 0
350	1	1 1 1 1 0 0 0 0 0 1 0 1 1 1 0 1 0 1 0 1
350	1	1 1 1 1 0 0 0 0 0 1 0 0 1 1 0 1 1 0 1 1
350	3	1 1 1 0 0 0 0 0 0 1 0 1 1 0 0 1 0 0 0 1
350	1	1 1 1 1 0 0 0 0 1 0 1 1 0 1 1 0 0 0 1 1
350	2	1 1 1 0 1 1 0 0 1 1 1 1 1 0 0 1 0 0 0 1
350	4	1 1 0 1 0 0 0 0 0 1 0 1 1 0 0 0 1 0 0 0
350	1	1 1 1 1 0 0 1 0 0 0 0 1 0 0 0 1 1 0 0 0
350	4	1 1 1 0 1 1 0 0 0 1 0 1 1 0 0 1 1 0 0 0
350	1	1 1 0 1 0 1 0 0 0 0 1 1 0 1 0 0 1 0 0 0
350	1	1 0 1 1 0 1 0 0 0 0 1 1 1 1 0 0 1 0 0 0
350	1	1 1 1 1 0 0 1 0 0 0 0 0 1 1 0 1 0 0 1 0
350	2	1 0 1 1 0 0 0 0 1 1 0 0 1 1 0 1 0 0 1 0
350	1	1 1 1 1 0 1 0 0 0 0 1 1 1 1 0 0 0 0 0 0
350	1	1 1 1 1 0 1 0 0 0 0 0 1 1 1 0 0 1 0 0 1
350	1	1 1 1 0 0 0 0 0 1 0 1 1 0 0 0 1 1 1 1 0
350	1	1 1 1 1 0 1 1 0 0 0 1 1 0 1 0 1 0 1 1 0
350	1	1 1 1 1 0 1 0 0 0 1 1 0 1 1 0 1 0 0 0 0
350	1	1 1 1 1 1 1 0 0 0 0 1 1 0 0 0 0 1 0 0 0
350	1	1 1 1 1 0 0 0 0 0 1 0 0 1 1 0 1 0 0 0 1
350	1	1 1 1 1 0 0 0 1 0 1 0 1 0 1 0 0 1 0 0 1
350	1	1 1 1 1 0 1 0 0 0 0 1 1 1 1 0 0 1 0 0 1
350	1	0 0 1 0 0 1 0 1 0 0 0 1 0 1 0 0 1 0 0 0
350	2	1 1 1 1 0 0 0 0 0 1 0 1 1 1 0 1 0 0 0 1
350	1	1 1 1 1 1 1 0 0 0 1 0 0 1 1 0 1 0 0 0 0
350	1	1 1 1 1 1 0 0 1 0 1 0 0 1 1 0 1 0 0 0 0
400	10	1 1 1 1 0 1 0 0 0 0 0 1 0 1 0 0 1 0 0 1
400	15	1 1 1 1 0 0 0 0 0 1 0 0 1 1 0 1 0 0 0 0
400	11	1 1 1 1 0 0 0 0 1 0 1 1 0 0 0 1 1 0 0 0
400	6	1 1 1 1 0 0 0 0 0 1 0 1 1 1 0 0 0 0 0 1
400	1	1 1 1 1 0 0 0 0 0 1 0 0 1 1 0 1 0 0 1 0
400	4	1 1 1 1 0 1 0 0 0 1 0 0 1 1 0 1 0 0 0 0
400	1	1 1 1 0 0 1 0 0 0 1 1 1 1 0 0 1 0 0 0 1
400	5	1 1 1 1 0 0 0 1 0 1 0 0 1 1 0 1 0 0 0 0
400	7	1 1 1 1 1 1 0 0 0 1 0 1 0 1 1 0 1 0 0 0
400	2	1 1 1 1 0 0 0 0 0 1 0 1 1 1 0 0 0 1 1 0
400	1	1 1 1 1 1 0 0 1 0 1 0 0 1 1 0 1 0 0 0 0
400	1	1 1 1 1 1 1 0 0 0 1 0 1 1 1 0 0 0 0 0 1
400	3	1 1 1 0 0 1 0 0 0 1 0 1 1 0 0 1 1 0 0 0
400	6	1 1 1 1 0 0 1 1 0 1 0 1 0 1 0 0 1 0 0 1
400	3	0 1 1 1 0 0 0 1 0 1 0 0 1 1 0 1 0 0 0 0
400	1	1 1 1 1 1 1 0 0 0 1 0 1 1 0 0 1 0 0 0 1
400	3	1 1 1 1 0 0 0 0 1 0 1 1 0 1 0 1 1 0 0 0
400	9	1 1 1 1 0 1 0 0 0 1 0 0 1 0 0 1 0 0 0 0
400	3	1 1 1 1 1 1 0 0 0 1 0 0 1 1 0 1 0 0 0 0
400	2	1 1 1 1 0 0 0 0 1 0 1 1 0 0 0 1 1 0 0 1
400	4	1 1 1 1 0 1 0 0 0 0 0 0 1 1 1 0 0 0 1 0
400	1	1 1 1 1 0 1 0 0 0 0 0 0 1 1 0 1 0 0 0 0
400	1	1 1 1 1 0 0 0 0 0 1 0 1 1 0 0 0 0 1 1 0
400	1	1 1 1 1 0 0 0 1 0 0 0 0 1 1 0 1 0 0 0 1
400	4	1 1 1 1 0 0 0 0 0 0 0 0 1 1 1 1 0 0 0 1
400	6	1 1 1 1 0 1 0 0 0 0 0 1 0 1 1 0 1 0 0 1
400	1	1 1 1 1 0 1 0 0 0 0 0 1 0 0 0 1 1 0 0 1
400	2	1 1 1 0 0 0 0 0 0 1 1 1 1 0 0 1 0 0 0 1
400	3	1 1 1 1 0 1 0 0 0 0 1 1 0 1 0 0 1 0 0 0
400	2	1 1 1 1 0 0 0 0 0 1 1 0 1 1 0 1 0 0 0 0
400	4	1 1 1 1 0 0 0 0 1 1 1 1 0 0 0 1 1 0 0 0
400	4	1 1 1 0 0 0 1 1 0 1 0 1 0 1 0 0 1 0 0 1
400	2	1 1 1 1 0 0 0 0 0 1 0 1 1 1 0 1 0 1 0 0
400	2	1 1 1 1 0 0 1 1 0 1 0 0 1 1 0 1 0 0 0 0
400	2	1 1 1 1 1 1 0 0 0 1 0 0 0 1 1 0 1 0 0 0
400	5	1 1 1 1 1 1 0 0 0 1 0 1 0 1 0 1 1 0 0 1
400	1	1 0 1 1 0 0 0 1 0 1 0 0 1 1 0 1 0 0 0 0
400	1	1 1 1 1 0 0 1 1 0 1 0 1 0 1 0 0 1 0 1 1
400	2	1 1 0 1 1 1 0 0 1 1 0 1 1 0 0 1 0 0 0 1
400	5	1 1 1 1 1 0 0 1 0 1 0 1 1 1 0 0 0 0 0 0
400	1	1 1 1 1 1 0 0 0 0 0 0 1 1 1 0 0 1 0 0 0
400	2	1 1 1 1 1 1 0 0 0 1 0 1 1 0 0 1 1 0 0 0
400	1	1 1 1 1 0 1 1 0 0 1 0 1 0 0 0 0 1 0 0 0
400	2	1 1 1 1 0 0 0 0 0 1 0 1 1 1 0 1 0 0 0 0
400	1	1 1 1 1 0 0 0 0 0 0 0 0 1 1 1 1 0 0 0 0
400	3	0 1 1 1 0 1 1 0 0 0 0 1 0 1 0 0 1 0 0 1
400	2	0 1 1 1 0 0 0 0 0 1 0 0 1 1 0 1 0 0 1 0
400	3	1 1 1 1 0 0 0 0 0 1 0 0 1 1 1 1 0 0 0 0
400	1	1 1 1 1 0 0 1 1 0 1 0 1 0 1 0 1 1 0 1 1
400	1	1 1 1 1 1 0 0 1 0 1 1 1 1 0 0 1 0 0 0 1
400	1	1 1 1 1 0 1 0 0 0 0 1 1 0 0 0 1 1 0 0 0
400	2	1 1 1 1 0 0 0 0 1 0 1 1 0 0 1 1 1 0 0 0
400	1	1 1 1 1 1 1 0 0 0 1 0 1 0 1 1 0 1 1 0 0
400	1	0 1 1 1 0 0 1 0 0 1 0 1 1 0 0 0 1 0 0 0
400	2	1 1 1 1 0 0 0 0 0 1 0 1 1 1 0 0 0 0 0 0
400	2	1 1 1 1 0 0 1 1 0 1 0 1 0 1 0 0 0 0 0 1
400	3	1 1 1 1 0 0 0 1 0 1 0 0 1 1 1 1 0 0 0 0
400	1	1 1 1 1 1 1 0 0 0 1 0 1 1 1 0 1 1 0 0 0
400	2	1 1 1 1 1 0 0 0 0 0 0 0 1 1 1 1 0 0 0 0
400	1	0 1 1 1 0 0 0 0 0 0 0 1 0 1 1 0 1 0 0 1
400	1	1 1 1 1 0 0 0 0 0 0 0 1 0 1 1 0 1 0 0 1
400	2	1 0 1 1 0 0 1 1 0 1 0 0 1 1 0 1 0 0 0 0
400	1	1 1 1 1 0 1 0 0 0 0 0 1 0 1 0 0 1 0 0 0
400	1	1 1 1 1 0 0 0 0 0 1 1 1 0 0 0 1 1 0 0 0
400	2	1 1 1 1 0 0 0 0 1 0 1 0 1 0 0 1 1 0 0 0
400	1	1 1 1 1 0 0 0 1 0 0 0 0 1 1 0 1 0 0 0 0
400	1	0 1 1 1 0 1 0 0 0 0 0 0 1 1 1 0 0 0 1 0
400	2	1 1 1 1 0 0 0 0 0 1 0 1 1 0 0 0 0 1 1 1
400	2	1 1 1 1 1 0 0 1 0 1 0 1 1 1 0 1 0 0 0 0
400	1	1 1 1 1 1 1 0 0 0 1 0 1 0 1 1 0 1 0 0 1
400	1	1 1 1 1 1 1 0 0 0 1 0 1 0 1 0 0 1 0 0 1
400	1	1 1 0 1 0 0 0 0 0 1 0 0 1 1 0 1 0 0 1 0
400	2	1 1 1 0 0 0 1 1 0 1 1 1 0 1 0 0 1 0 0 1
400	1	0 1 1 1 0 0 0 0 1 0 1 1 0 0 1 1 1 0 0 0
400	1	0 1 1 1 0 0 1 0 0 1 0 1 1 0 1 0 1 0 0 0
450	5	1 1 1 1 0 1 0 0 0 0 0 1 0 1 0 0 1 0 0 1
450	2	1 1 1 1 0 0 0 0 0 1 0 0 1 1 0 1 0 0 0 0
450	2	1 1 1 1 0 0 0 0 1 0 1 1 0 0 0 1 1 0 0 0
450	8	1 1 1 1 0 1 0 0 0 1 0 0 1 1 0 1 0 0 0 0
450	8	1 1 1 1 0 0 0 1 0 1 0 0 1 1 0 1 0 0 0 0
450	6	1 1 1 1 1 1 0 0 0 1 0 1 0 1 1 0 1 0 0 0
450	6	1 1 1 0 0 1 0 0 0 1 0 1 1 0 0 1 1 0 0 0
450	1	1 1 1 1 0 1 0 0 0 1 0 0 1 0 0 1 0 0 0 0
450	5	1 1 1 1 0 1 0 0 0 0 0 0 1 1 1 0 0 0 1 0
450	1	1 1 1 1 0 0 0 0 0 0 0 0 1 1 1 1 0 0 0 1
450	1	1 1 1 1 1 0 0 1 0 1 0 1 1 1 0 0 0 0 0 0
450	10	1 1 1 1 0 0 0 0 0 1 0 0 1 1 1 1 0 0 0 0
450	4	1 1 1 1 0 1 0 0 0 0 0 1 0 1 0 0 1 0 0 0
450	3	1 1 1 0 0 0 1 1 0 1 0 1 1 1 0 1 0 0 0 0
450	5	1 1 1 1 0 0 0 1 0 1 0 0 1 1 0 0 0 0 0 0
450	3	1 1 1 1 1 0 0 0 0 0 0 0 1 1 1 1 0 0 0 1
450	5	1 1 1 1 0 0 1 1 0 1 0 0 1 1 0 0 1 0 0 1
450	1	1 1 1 1 0 1 0 1 0 1 0 0 1 1 0 1 0 0 0 0
450	2	1 1 1 1 0 1 0 0 0 0 0 0 1 0 0 1 0 0 0 0
450	4	1 1 1 1 0 0 0 0 0 1 0 0 1 1 0 0 0 0 0 0
450	10	0 1 1 1 1 1 0 0 0 1 0 0 1 1 0 1 0 0 0 0
450	1	1 1 1 1 0 0 0 0 0 1 0 0 1 1 0 1 1 0 0 0
450	2	1 1 1 1 1 1 0 0 0 1 0 0 1 1 1 1 0 0 0 0
450	1	1 1 1 1 0 1 0 0 0 1 1 1 0 0 0 1 1 0 0 0
450	5	1 1 0 1 0 1 0 0 1 0 0 1 0 1 0 0 1 0 0 1
450	3	1 1 1 1 1 0 1 0 0 0 0 0 1 1 1 1 0 0 0 1
450	1	1 1 1 1 0 1 0 0 0 0 0 0 1 1 0 1 0 0 1 0
450	1	1 1 1 1 0 1 0 1 1 1 0 0 1 1 0 1 0 0 0 0
450	1	1 1 1 1 0 0 0 0 0 1 0 1 1 1 0 1 0 0 0 1
450	4	1 1 1 1 0 0 0 0 0 1 1 1 0 0 0 1 1 0 0 0
450	1	1 1 1 1 0 0 0 1 0 1 0 0 1 1 1 1 0 0 0 0
450	1	0 1 1 1 1 1 0 0 0 1 0 0 1 1 0 1 1 0 0 0
450	1	1 1 1 1 0 0 0 0 0 1 0 1 1 1 0 0 0 1 0 0
450	1	1 1 1 1 0 0 0 0 0 1 0 0 1 1 1 1 0 0 1 0
450	2	1 1 1 1 0 1 0 0 0 0 0 1 0 1 0 0 1 1 0 0
450	5	1 1 1 1 1 1 0 0 0 1 0 1 1 1 1 0 1 0 0 0
450	4	1 1 1 1 0 1 0 1 0 1 0 0 1 1 0 1 0 0 0 1
450	3	1 1 1 1 0 1 1 0 0 1 0 1 0 1 0 1 1 0 0 0
450	1	1 1 1 1 0 0 0 0 1 1 0 0 1 1 0 1 0 0 0 0
450	5	1 1 1 1 0 0 0 0 0 1 0 0 1 1 0 0 0 1 0 0
450	3	1 1 1 1 1 1 0 0 0 1 0 0 1 1 0 1 0 0 0 0
450	1	1 1 1 1 0 1 0 0 0 0 0 1 0 1 0 0 0 0 0 0
450	1	1 1 1 1 1 0 0 1 1 1 0 1 1 1 0 0 0 1 0 0
450	2	1 1 1 1 0 0 0 0 0 1 1 0 1 1 1 1 0 0 0 0
450	1	1 1 1 0 1 1 0 0 0 1 0 1 0 1 1 0 1 0 0 0
450	5	1 1 1 1 1 1 0 0 0 1 0 1 0 1 0 0 1 0 0 0
450	4	1 1 1 1 0 0 0 1 1 1 0 0 1 1 0 0 0 0 0 0
450	1	1 0 1 1 0 0 0 0 0 1 0 0 1 1 0 1 0 0 0 0
450	2	1 1 1 1 0 0 0 0 0 1 0 1 0 1 0 0 1 0 0 0
450	1	1 1 1 1 0 0 0 0 0 1 0 1 0 1 1 0 1 0 0 0
450	2	1 1 1 0 0 0 1 1 0 1 0 1 1 1 0 1 1 0 1 1
450	5	1 1 1 1 0 1 0 1 0 1 0 0 1 1 0 1 0 1 0 0
450	2	1 0 1 1 0 0 1 1 0 1 0 1 1 1 0 1 0 0 0 0
450	1	1 1 1 1 1 0 1 1 0 1 0 0 1 1 0 1 0 0 0 0
450	1	0 1 1 1 0 1 1 0 0 0 1 1 0 1 0 1 1 0 0 0
450	2	1 1 1 1 0 0 0 0 0 1 1 1 0 0 0 1 1 0 1 0
450	1	1 1 1 1 0 1 0 0 0 1 0 1 0 1 1 0 1 0 0 0
450	1	1 1 1 1 0 1 0 0 1 0 0 1 0 1 0 0 0 0 0 1
450	3	1 1 0 1 0 1 0 0 0 0 0 1 0 1 0 0 1 0 1 0
450	1	1 1 1 1 0 0 0 1 0 1 0 1 0 1 1 1 1 0 0 1
450	3	1 1 1 1 1 0 0 1 0 1 0 0 1 1 0 0 0 0 0 0
450	2	1 1 1 1 1 1 0 0 0 1 1 1 0 0 0 1 1 0 1 0
450	1	1 1 1 0 0 1 0 0 0 1 0 1 1 1 0 1 1 0 0 0
450	1	1 1 1 1 0 1 0 0 1 0 0 1 0 1 0 0 1 1 0 1
450	1	1 1 1 0 0 1 1 0 0 0 0 1 1 0 0 1 1 0 0 0
450	1	1 1 1 1 0 0 0 0 0 1 0 1 1 1 0 1 1 0 0 1
450	1	1 1 1 0 0 1 1 0 0 1 0 1 0 1 0 0 1 0 0 0
450	1	1 1 1 1 0 1 0 0 0 1 0 0 1 1 0 1 0 1 0 0
450	1	0 1 1 1 0 1 1 0 0 0 0 1 0 1 0 1 1 0 0 1
450	1	0 1 1 1 0 1 1 1 0 0 0 1 1 1 0 0 1 0 0 0
450	1	1 1 1 1 0 1 0 0 0 0 0 0 1 1 1 1 0 0 0 1
450	2	1 1 1 0 0 0 1 1 0 1 0 0 1 1 0 1 0 0 0 0
450	1	0 1 1 1 0 0 0 0 0 1 0 0 1 1 1 1 0 0 1 0
450	2	1 1 1 1 0 0 0 0 0 1 1 0 1 1 0 0 1 0 1 0
450	1	1 1 0 1 1 0 0 1 0 1 0 0 1 1 0 1 0 0 0 0
450	1	1 1 1 0 0 0 1 1 0 1 0 0 1 1 0 0 0 0 0 0
450	1	1 1 0 1 0 1 0 0 0 0 0 1 0 1 0 0 1 0 0 0
450	1	1 1 1 1 1 0 0 0 0 0 0 0 1 1 1 0 0 0 0 1
450	1	1 0 1 1 0 1 0 0 0 1 1 1 0 0 0 1 1 0 0 0
450	1	1 1 1 1 0 0 0 0 0 1 0 0 1 1 1 0 1 0 1 0
500	5	1 1 1 1 0 1 0 0 0 0 0 1 0 1 0 0 1 0 0 1
500	3	1 1 1 1 0 0 0 0 0 1 0 0 1 1 0 1 0 0 0 0
500	6	1 1 1 1 0 1 0 0 0 1 0 0 1 1 0 1 0 0 0 0
500	6	1 1 1 1 0 0 0 1 0 1 0 0 1 1 0 1 0 0 0 0
500	10	1 1 1 1 0 0 0 0 0 1 0 0 1 1 1 1 0 0 0 0
500	8	1 1 1 1 0 0 0 1 0 1 0 0 1 1 0 0 0 0 0 0
500	5	1 1 1 1 0 1 0 1 0 1 0 0 1 1 0 1 0 0 0 0
500	10	1 1 1 1 0 0 0 0 0 1 0 0 1 1 0 0 0 0 0 0
500	3	0 1 1 1 1 1 0 0 0 1 0 0 1 1 0 1 0 0 0 0
500	6	1 1 1 1 0 1 0 1 1 1 0 0 1 1 0 1 0 0 0 0
500	1	1 1 1 1 0 0 0 0 0 1 0 0 1 1 1 1 0 0 1 0
500	3	1 1 1 1 0 0 0 0 1 1 0 0 1 1 0 1 0 0 0 0
500	4	1 1 1 1 1 0 0 0 0 1 0 1 0 1 1 0 1 0 0 0
500	1	1 1 1 1 1 1 0 0 0 1 0 1 0 1 0 0 1 0 0 0
500	10	1 1 1 1 0 0 0 1 1 1 0 0 1 1 0 0 0 0 0 0
500	16	1 1 1 0 0 0 0 0 0 1 0 0 1 1 0 1 0 0 0 0
500	2	1 1 1 1 0 1 0 0 0 1 0 0 1 1 0 0 0 0 0 0
500	6	1 1 1 1 0 0 0 0 0 1 0 0 1 1 1 0 0 0 0 0
500	2	1 1 1 1 0 1 0 0 0 1 0 0 1 1 0 1 1 0 0 0
500	4	1 1 1 1 0 0 0 1 0 1 0 0 1 0 0 1 0 0 0 0
500	1	1 1 1 1 1 0 0 0 0 1 0 0 1 1 1 1 0 0 0 0
500	5	1 1 1 1 0 1 0 0 0 1 0 0 1 1 1 1 0 0 0 0
500	2	1 1 1 1 0 0 0 1 0 1 0 1 1 1 0 1 0 0 0 0
500	3	1 1 1 1 0 0 0 1 0 1 0 1 1 1 0 0 0 0 0 0
500	3	1 1 1 1 0 0 0 1 0 1 0 0 1 1 1 0 0 0 0 0
500	2	1 1 1 1 0 0 0 0 0 1 0 0 1 1 1 1 1 0 0 0
500	5	1 1 1 1 1 1 0 0 0 1 0 0 1 0 0 1 0 1 0 0
500	1	1 1 1 1 1 1 1 0 0 1 0 1 0 1 0 0 1 0 0 0
500	4	1 1 1 1 0 1 0 0 0 1 0 0 1 1 1 0 0 0 0 0
500	3	0 1 1 1 1 1 0 0 0 1 0 0 1 1 0 0 0 0 0 0
500	5	1 1 1 1 0 0 0 0 0 1 0 1 1 1 0 1 0 0 0 0
500	1	1 1 1 1 0 0 0 1 0 1 0 0 0 1 0 0 0 0 0 0
500	4	0 1 1 1 0 1 0 0 0 1 0 1 0 1 0 0 1 0 0 0
500	1	1 1 1 1 0 1 0 0 0 0 0 0 1 1 1 0 0 0 0 1
500	4	1 1 1 0 0 1 0 1 0 1 0 0 1 1 0 1 0 0 0 0
500	4	1 1 0 1 0 1 0 1 0 1 0 0 1 1 0 1 0 0 0 0
500	1	1 1 1 1 1 1 0 0 0 1 0 1 1 1 0 0 0 0 0 0
500	1	1 1 1 1 0 1 0 1 0 1 0 0 1 1 0 0 0 0 0 0
500	4	1 1 1 1 0 0 0 0 0 1 0 0 1 1 0 0 0 0 1 0
500	1	1 1 1 1 0 1 0 1 0 1 0 0 1 1 1 0 0 0 0 0
500	1	1 1 1 1 0 0 0 0 0 0 0 1 0 1 0 0 1 0 0 1
500	2	1 1 1 1 0 0 1 0 0 1 0 0 1 1 1 1 0 0 0 0
500	7	1 1 1 1 0 1 0 0 0 1 0 1 1 1 0 1 0 0 0 0
500	2	1 0 1 1 1 1 0 0 0 1 0 1 1 1 0 0 0 0 0 0
500	2	1 1 1 1 0 0 0 1 1 1 0 0 1 1 1 0 0 0 0 0
500	1	1 1 1 1 0 1 0 1 0 1 0 0 1 1 1 1 0 0 1 0
500	1	1 1 1 1 0 1 0 0 0 1 0 1 1 1 1 0 1 0 0 0
500	3	0 1 1 1 1 1 0 0 0 1 0 0 1 1 0 0 0 0 1 0
500	2	1 1 1 1 0 1 1 1 0 0 0 0 1 1 0 1 0 0 0 0
500	2	1 1 1 1 0 0 0 0 0 1 1 0 1 1 0 1 0 0 0 0
500	1	1 1 1 0 0 1 0 1 0 1 0 0 0 1 0 0 0 0 0 0
500	1	0 1 1 1 0 0 0 0 0 1 0 0 1 1 1 1 0 0 0 0
500	1	1 1 1 1 0 0 0 1 1 1 0 0 1 1 0 1 0 0 0 0
500	1	1 0 1 1 0 0 0 0 0 1 0 0 1 1 0 0 0 0 0 0
500	1	1 1 1 1 0 0 0 0 0 1 0 0 1 1 0 1 0 1 0 0
500	1	1 1 1 1 0 0 0 0 0 1 0 0 1 0 0 1 0 0 0 0
500	1	0 1 1 1 0 0 0 1 0 1 0 0 1 1 0 1 0 0 0 0
500	1	1 1 1 0 0 0 0 0 0 1 0 0 1 1 0 1 0 0 1 0
500	1	0 1 1 1 0 1 0 0 0 1 1 1 0 1 0 0 1 0 0 0
500	1	1 1 1 1 0 1 0 0 0 1 0 1 1 1 0 0 0 1 0 0
500	1	1 1 1 1 0 0 0 0 0 1 0 1 1 0 0 1 0 0 0 0
