0	28	0 0 0 0 1 1 0 0 0 0 0 0 0 0 0 0 0 1 0 0
0	20	0 1 1 0 0 0 0 0 0 0 0 0 0 1 0 0 0 0 1 0
0	26	0 0 0 0 0 0 0 0 0 0 1 0 0 0 0 0 0 0 0 0
0	26	0 1 0 0 0 0 1 0 0 0 0 1 0 1 1 0 0 0 0 0
50	18	0 1 0 0 0 0 1 0 0 0 0 1 0 1 1 0 0 0 0 0
50	3	0 1 0 0 0 0 1 0 0 0 0 0 0 0 0 0 0 1 0 0
50	3	0 1 0 1 0 0 1 0 0 0 0 1 0 1 1 0 0 0 0 0
50	4	0 1 0 0 0 0 1 0 0 0 0 1 0 1 1 0 0 1 0 0
50	4	0 1 1 0 0 0 1 0 0 0 0 0 0 0 0 0 0 1 0 0
50	5	0 0 0 0 0 0 1 0 0 0 0 1 0 1 1 0 0 0 0 0
50	5	0 0 0 0 1 1 1 0 0 0 0 1 0 1 1 0 0 0 0 0
50	2	0 1 0 0 0 0 1 0 1 0 0 1 0 1 1 0 0 0 0 0
50	1	0 0 0 0 1 1 1 1 0 0 0 1 0 1 1 0 0 0 0 0
50	1	0 1 0 0 0 0 1 0 1 0 0 1 0 1 1 1 0 0 0 0
50	3	0 1 1 0 0 1 1 0 0 0 0 0 0 0 0 0 0 1 0 0
50	1	0 1 1 0 0 0 1 0 0 0 0 0 0 0 0 0 0 0 0 0
50	1	0 1 0 0 0 0 1 0 0 0 0 1 0 0 1 1 0 0 0 0
50	1	0 1 1 0 0 0 1 0 0 0 0 0 0 0 1 0 0 1 0 0
50	4	0 1 0 0 0 0 1 0 0 0 0 1 0 1 1 1 0 0 0 0
50	9	0 1 0 0 0 0 1 1 0 0 0 1 0 1 1 0 0 1 0 0
50	1	0 0 0 0 0 0 1 0 1 0 0 1 0 1 1 0 0 0 0 0
50	1	0 0 0 0 1 1 1 0 0 0 0 1 0 1 1 0 0 1 0 0
50	3	0 1 0 0 0 0 1 0 1 0 0 1 0 1 0 0 0 0 0 0
50	1	0 1 0 0 0 0 1 0 0 0 1 1 0 1 1 0 0 0 0 0
50	8	0 1 1 0 0 0 1 0 0 0 0 1 0 1 1 0 0 0 0 0
50	1	0 1 0 1 1 1 1 0 0 0 0 1 0 1 1 0 0 0 0 0
50	1	0 1 0 0 1 0 1 0 0 0 0 1 0 1 1 0 0 0 0 0
50	1	0 1 1 0 0 0 1 0 0 1 0 0 0 0 0 0 0 0 0 0
50	3	1 1 0 0 1 0 1 0 0 0 0 1 0 1 1 0 0 0 0 0
50	1	0 1 1 0 1 0 1 0 0 0 0 1 0 1 1 0 0 0 0 0
50	2	0 1 0 0 0 0 1 0 0 0 0 0 0 1 1 0 0 1 0 0
50	1	0 0 0 0 0 0 1 0 1 0 0 1 0 1 0 0 0 1 0 0
50	1	0 1 0 0 0 0 1 1 0 1 0 1 0 1 1 0 0 1 0 0
50	1	0 0 0 0 1 1 1 0 0 0 0 1 0 1 0 0 0 0 0 0
50	1	1 0 0 0 0 0 1 0 1 0 0 1 0 1 1 0 0 0 0 0
50	1	0 0 0 0 0 0 0 0 0 0 0 1 0 1 1 0 0 0 0 0
50	1	0 0 0 0 0 0 1 0 0 0 0 1 1 1 1 0 0 0 0 0
50	1	0 1 0 0 0 0 1 1 1 0 0 1 0 1 1 1 0 0 0 0
50	1	0 1 1 0 0 0 1 0 0 0 0 1 0 1 1 0 1 0 0 0
50	3	0 0 1 1 0 0 1 1 0 0 0 1 0 1 1 0 0 0 0 0
50	1	0 1 0 0 0 0 1 0 0 0 0 1 0 1 1 0 1 0 0 0
100	3	0 1 0 0 0 0 1 0 0 0 0 1 0 1 1 0 0 0 0 0
100	3	0 1 0 0 0 0 1 0 0 0 0 1 0 1 1 0 0 1 0 0
100	9	0 1 1 0 0 0 1 0 0 0 0 0 0 0 0 0 0 1 0 0
100	3	0 1 1 0 0 0 1 0 0 0 0 1 0 1 1 0 0 1 0 0
100	1	0 1 0 0 0 0 1 0 0 0 0 1 0 0 1 0 0 0 0 0
100	1	0 1 1 0 0 1 1 0 0 0 0 0 0 0 0 0 0 1 0 0
100	6	0 1 0 0 0 0 1 1 0 0 0 1 0 1 1 0 0 1 0 0
100	1	0 1 0 0 1 0 1 0 0 0 0 1 0 1 1 0 0 0 0 0
100	8	0 1 0 0 0 0 1 0 0 0 0 0 0 1 1 0 0 1 0 0
100	1	0 0 0 0 0 1 1 0 1 0 0 1 0 1 0 0 0 1 0 0
100	1	0 0 0 0 0 0 1 0 0 0 0 1 0 0 1 1 0 0 0 0
100	8	1 1 1 0 0 0 1 0 0 0 0 0 0 1 1 0 0 1 0 0
100	2	0 0 1 1 0 0 1 1 0 0 0 1 0 1 1 0 0 1 0 0
100	2	0 1 1 0 0 0 1 0 0 0 0 1 0 0 0 0 0 0 0 0
100	1	0 1 0 0 0 0 1 1 0 0 0 0 0 0 0 0 0 1 0 0
100	1	0 1 0 0 0 0 1 1 0 0 0 0 1 0 0 0 0 1 0 0
100	1	0 0 0 0 0 0 1 0 0 0 0 1 0 1 1 0 0 1 0 0
100	1	1 1 1 1 0 0 0 1 0 0 0 1 0 1 1 0 0 0 0 0
100	3	0 0 1 0 1 1 1 0 0 0 1 1 0 1 1 0 0 0 0 0
100	2	1 1 0 0 0 0 1 1 0 0 0 1 1 1 1 0 0 1 0 0
100	1	1 1 1 0 0 0 1 0 0 0 0 1 0 1 1 0 0 1 0 0
100	3	0 0 1 1 1 0 1 1 0 0 0 1 0 1 1 0 0 1 0 0
100	1	1 1 0 0 0 0 1 0 0 1 0 0 0 0 1 0 0 0 0 0
100	1	0 1 0 0 0 0 1 1 0 0 0 0 0 1 1 0 0 1 0 0
100	1	0 1 1 0 0 0 1 1 0 0 0 0 0 1 1 0 0 1 1 0
100	2	0 1 0 0 0 0 1 1 0 0 0 1 0 0 1 0 1 0 0 0
100	5	0 1 1 0 0 0 1 0 0 0 0 0 0 0 0 0 0 0 0 0
100	5	1 1 1 1 0 0 1 1 0 0 0 1 0 1 1 0 0 1 0 0
100	1	0 0 0 0 0 0 1 1 0 1 0 1 0 1 1 0 0 1 0 0
100	2	0 0 0 1 1 1 1 0 0 0 0 1 1 1 1 0 0 0 0 0
100	1	1 1 1 0 0 0 1 0 0 0 0 0 0 1 1 0 1 1 0 0
100	2	1 1 0 1 0 0 1 0 0 0 0 0 0 0 1 0 0 0 0 0
100	2	1 1 0 0 0 0 1 0 0 0 0 1 0 1 1 0 0 0 0 1
100	1	1 1 1 1 1 0 1 1 0 0 0 1 0 1 1 0 0 1 0 0
100	1	0 1 0 0 1 0 1 0 0 0 0 1 0 1 1 0 0 1 0 0
100	1	0 1 1 0 1 0 1 0 0 0 0 1 0 1 1 0 0 0 1 0
100	1	0 1 1 0 0 0 1 1 0 0 0 1 0 1 1 0 0 1 0 0
100	1	0 0 0 0 1 1 1 0 0 0 0 1 0 0 0 0 0 1 1 0
100	1	0 1 1 0 1 0 1 0 1 0 0 0 0 0 0 0 0 1 0 0
100	1	0 0 0 0 1 1 1 1 0 0 0 1 0 0 0 0 0 1 1 0
100	1	1 1 0 0 0 1 1 0 1 0 0 1 0 1 0 0 0 0 0 0
100	1	0 1 0 0 0 0 1 0 0 0 0 0 0 1 1 0 0 0 0 0
100	1	0 0 0 0 0 1 1 0 1 0 0 1 1 1 0 0 0 1 0 0
100	1	1 1 0 0 0 0 1 1 0 0 0 0 0 1 1 0 0 1 1 1
100	1	0 1 0 0 1 0 1 0 0 0 0 1 0 1 1 0 1 0 0 0
100	1	0 1 0 0 0 0 1 0 0 0 0 0 0 0 1 0 1 0 0 0
100	1	0 1 0 1 0 0 1 1 0 0 0 1 1 1 1 0 0 1 0 0
100	1	1 1 0 0 0 0 1 0 0 1 0 0 0 0 1 0 0 0 1 0
150	1	0 1 0 0 0 0 1 0 0 0 0 1 0 1 1 0 0 1 0 0
150	7	0 1 1 0 0 0 1 0 0 0 0 1 0 1 1 0 0 1 0 0
150	2	0 1 0 0 0 0 1 0 0 0 0 0 0 1 1 0 0 1 0 0
150	1	1 1 0 0 0 0 1 1 0 0 0 1 0 1 1 0 0 1 0 0
150	20	1 1 1 0 0 0 1 0 0 0 0 0 0 1 1 0 0 1 0 0
150	1	1 1 0 0 0 0 1 1 0 0 0 1 1 1 1 0 0 1 0 0
150	1	1 1 1 0 0 0 1 0 0 0 0 1 0 1 1 0 0 1 0 0
150	2	1 1 1 1 0 0 1 1 0 0 0 1 0 1 1 0 0 1 0 0
150	2	0 1 1 0 0 0 1 0 0 0 0 0 0 1 0 0 0 1 0 0
150	3	1 1 1 0 0 0 0 0 1 0 0 0 0 1 1 0 0 1 0 0
150	5	1 1 1 0 0 0 1 0 1 0 0 1 0 1 1 0 0 1 0 0
150	3	0 1 0 0 0 0 1 0 0 0 1 1 0 1 1 0 0 1 0 0
150	1	1 1 1 1 1 0 1 0 0 0 0 1 0 1 1 0 0 1 0 0
150	1	1 1 1 1 0 0 0 1 0 0 0 1 0 1 1 0 1 1 0 0
150	2	1 1 1 0 0 0 1 1 0 0 0 1 1 1 1 0 0 1 0 0
150	5	1 1 1 0 0 0 1 0 0 0 0 1 1 1 1 1 0 1 0 0
150	1	0 1 0 0 0 0 1 0 1 0 0 1 0 1 1 0 0 1 0 0
150	1	0 1 1 0 0 0 1 1 0 0 0 1 0 1 1 0 0 1 0 0
150	1	1 1 1 1 0 0 1 0 0 0 0 1 0 1 1 0 0 1 0 0
150	1	1 1 0 0 0 1 1 1 0 0 0 1 0 1 1 0 0 1 0 0
150	3	1 1 1 0 1 0 1 0 0 0 0 0 0 1 1 1 0 1 0 0
150	2	0 0 1 1 1 0 1 1 0 0 0 1 0 1 0 0 0 1 0 0
150	1	0 1 1 0 0 0 1 0 1 0 0 1 0 1 1 0 0 1 0 0
150	1	1 0 0 0 0 0 1 1 0 0 0 0 0 0 0 0 1 1 0 0
150	1	1 1 1 0 0 0 1 0 0 0 0 1 0 1 1 0 1 1 0 0
150	1	1 1 1 0 0 1 1 0 0 0 0 0 0 1 1 0 0 1 0 0
150	2	1 1 1 0 1 1 1 0 0 0 0 1 0 0 1 0 1 0 0 0
150	2	1 1 0 0 0 0 1 1 0 1 0 1 1 1 1 0 0 1 0 0
150	3	1 1 1 1 0 0 1 1 0 0 0 1 0 1 1 0 0 1 0 1
150	1	1 1 0 0 0 0 1 1 0 0 0 1 0 1 1 0 0 1 1 0
150	1	1 1 0 0 0 1 1 0 0 0 0 0 0 0 0 0 0 1 0 0
150	2	1 1 0 0 0 0 1 1 0 0 0 1 1 1 1 1 0 1 0 0
150	1	1 1 1 0 0 0 1 1 1 0 0 1 0 1 1 0 0 1 0 0
150	1	0 1 0 0 0 0 1 1 0 1 0 0 0 1 1 0 0 1 0 0
150	2	1 1 1 0 0 0 1 0 0 1 0 1 0 1 1 0 0 1 0 0
150	1	1 1 0 0 0 0 1 0 0 0 0 1 0 1 1 0 0 1 0 1
150	3	1 1 0 1 0 0 1 1 0 0 0 1 0 1 1 0 0 1 0 0
150	1	0 0 1 1 1 0 1 1 0 0 0 1 0 1 1 0 0 1 0 0
150	2	0 1 0 0 0 0 1 0 0 0 0 0 0 1 1 0 0 0 0 0
150	1	0 1 0 0 0 1 1 0 0 0 0 0 0 1 1 1 0 1 0 0
150	1	0 1 1 0 0 1 1 1 0 0 1 0 0 0 0 0 0 1 0 0
150	1	0 1 1 0 0 0 1 1 0 0 0 1 0 1 1 1 0 1 0 0
150	1	0 1 1 0 0 0 1 0 0 0 0 0 0 1 1 0 0 1 0 0
150	1	1 1 0 0 0 1 1 0 0 0 0 0 0 0 0 0 0 1 1 0
150	1	1 1 0 0 0 0 1 1 0 0 0 1 1 0 1 1 0 1 0 0
150	1	0 1 1 0 0 0 1 0 0 0 0 1 0 1 1 0 0 1 1 0
150	1	1 1 1 0 1 0 1 0 0 0 0 0 0 1 0 1 0 1 1 0
200	4	0 1 1 0 0 0 1 0 0 0 0 1 0 1 1 0 0 1 0 0
200	2	1 1 1 0 0 0 1 0 0 0 0 0 0 1 1 0 0 1 0 0
200	3	1 1 1 1 0 0 0 1 0 0 0 1 0 1 1 0 1 1 0 0
200	3	1 1 1 0 0 0 1 0 0 0 0 1 1 1 1 1 0 1 0 0
200	1	0 1 1 1 1 0 1 1 0 0 1 1 0 1 1 0 0 1 0 0
200	2	1 1 1 0 0 0 1 0 0 0 0 1 0 1 0 0 0 1 0 0
200	3	1 1 1 0 0 1 1 0 0 0 0 0 0 1 1 0 0 1 0 0
200	1	1 1 0 0 0 0 1 1 0 1 0 1 1 1 1 0 0 1 0 0
200	2	1 1 1 0 0 0 1 0 0 0 0 0 0 1 0 0 0 1 0 0
200	1	1 1 1 0 0 0 1 1 0 0 0 1 0 1 1 0 0 1 0 0
200	1	0 1 1 0 0 0 1 1 0 0 0 1 0 1 1 1 0 1 0 0
200	1	1 1 1 0 0 0 1 0 1 0 0 1 1 1 1 1 0 1 0 0
200	3	1 1 1 0 0 0 1 0 0 0 0 1 1 1 1 0 0 1 0 0
200	3	1 1 1 0 0 0 1 0 1 0 0 0 0 1 1 0 0 1 0 0
200	1	0 1 1 0 0 0 0 0 1 0 0 0 1 1 1 0 0 1 0 0
200	1	1 1 1 0 0 0 1 0 0 1 0 0 0 1 1 1 0 1 0 0
200	3	0 1 1 1 1 0 1 1 1 0 0 0 0 1 1 0 0 1 0 0
200	2	1 1 1 0 0 0 1 0 0 0 0 1 0 1 1 1 0 1 0 0
200	1	1 1 1 0 1 0 1 0 0 0 0 0 0 1 0 1 0 1 0 0
200	1	1 1 1 0 0 0 1 0 1 0 0 0 1 1 1 1 0 1 0 0
200	5	0 1 1 1 0 0 0 1 0 0 0 1 0 1 1 0 1 1 0 0
200	1	1 1 1 0 1 0 1 0 0 0 1 0 0 1 1 1 1 1 0 0
200	2	1 1 0 0 0 0 1 1 0 1 0 0 0 1 1 0 0 1 0 0
200	2	1 1 1 1 0 0 0 1 0 0 0 1 0 1 1 0 0 0 0 0
200	1	1 1 1 1 0 0 0 1 0 1 0 1 0 1 1 1 0 1 0 0
200	1	0 1 0 0 0 0 1 0 0 0 0 1 1 1 1 0 0 1 0 0
200	1	0 1 1 1 1 0 1 1 1 0 0 0 0 1 1 1 0 1 0 0
200	1	0 1 1 0 0 0 0 0 1 0 0 1 0 1 1 0 1 1 0 0
200	2	0 1 1 0 0 0 1 0 0 0 0 1 1 1 1 1 0 1 0 0
200	1	1 1 1 1 1 0 1 1 1 0 0 0 0 1 1 0 0 1 0 0
200	1	1 1 1 0 1 0 1 1 0 1 0 0 0 1 1 0 1 1 0 0
200	1	1 1 1 1 0 0 0 1 0 0 0 1 0 0 1 0 1 1 0 0
200	3	1 1 1 1 0 0 1 0 0 0 0 0 0 1 0 0 0 1 0 0
200	1	1 0 1 0 0 0 1 0 0 0 0 1 0 1 1 0 1 1 0 0
200	1	0 1 1 0 0 0 1 0 1 0 0 0 0 1 1 0 0 1 0 0
200	1	1 1 1 0 0 0 1 1 0 0 0 1 0 1 1 1 0 1 0 0
200	2	1 1 1 1 0 0 0 1 0 0 0 1 0 0 1 0 0 0 0 0
200	2	1 1 1 1 0 0 0 1 0 0 0 1 1 1 0 0 0 1 0 0
200	2	1 1 1 0 1 0 1 0 0 0 1 0 0 1 1 1 1 1 0 1
200	4	0 1 0 1 1 0 1 1 1 0 0 0 0 1 1 1 0 1 0 0
200	1	1 1 1 1 0 1 1 0 1 0 0 1 1 1 1 1 0 1 0 0
200	2	1 1 1 0 0 1 1 0 1 0 0 0 0 1 1 0 0 0 0 0
200	1	0 1 1 0 0 0 1 0 0 0 0 1 1 1 1 0 0 1 0 0
200	1	1 1 1 1 1 0 1 1 1 0 0 0 0 1 1 0 0 0 0 0
200	2	1 1 0 0 0 0 1 1 0 0 0 1 1 1 0 0 0 0 0 0
200	1	1 1 0 0 0 0 1 0 0 0 0 1 1 1 1 1 0 1 0 0
200	3	1 1 1 0 0 0 1 1 1 1 0 0 0 1 1 0 0 0 0 0
200	1	0 1 0 1 1 0 1 1 0 0 0 1 0 1 0 0 0 1 0 0
200	1	1 1 1 0 0 0 1 0 1 0 0 1 1 1 1 0 0 1 0 0
200	2	1 1 1 0 1 0 1 0 0 0 1 0 0 1 1 1 1 0 0 1
200	1	1 1 1 1 1 0 1 1 1 0 0 0 0 1 1 1 0 1 0 0
200	1	0 1 1 1 1 0 1 1 0 0 0 1 0 1 1 1 0 1 0 0
200	1	1 1 1 0 0 0 1 0 1 0 0 0 0 1 0 0 0 1 0 0
200	2	0 1 1 0 0 0 1 0 1 0 0 1 1 1 1 0 0 1 0 0
200	2	1 1 1 1 0 0 0 1 0 0 0 1 1 1 1 0 1 1 0 0
200	1	1 0 1 0 0 0 1 0 1 0 0 0 0 1 1 0 0 1 0 0
200	1	1 1 1 1 0 0 0 0 0 0 0 1 0 0 1 0 0 0 0 0
200	1	1 1 1 0 0 0 1 1 0 1 0 0 1 1 1 1 0 1 0 0
200	1	0 1 1 0 0 0 1 0 1 1 0 0 0 1 1 0 0 1 0 0
250	3	1 1 1 1 0 0 0 1 0 0 0 1 0 1 1 0 1 1 0 0
250	2	1 1 1 0 0 0 1 1 0 0 0 1 0 1 1 0 0 1 0 0
250	4	1 1 1 0 0 0 1 0 1 0 0 1 1 1 1 1 0 1 0 0
250	2	1 1 1 0 0 0 1 0 0 0 0 1 1 1 1 0 0 1 0 0
250	11	1 1 1 1 1 0 1 1 1 0 0 0 0 1 1 0 0 1 0 0
250	3	1 1 1 1 0 0 1 0 0 0 0 0 0 1 0 0 0 1 0 0
250	1	0 1 1 1 1 0 1 1 0 0 1 1 0 1 1 0 0 0 0 0
250	4	1 1 1 1 0 0 1 0 0 0 0 0 0 1 1 0 0 1 0 0
250	3	1 1 1 0 1 0 1 0 0 0 1 0 1 1 1 1 0 1 0 0
250	2	1 1 1 0 0 1 1 0 1 0 0 1 1 1 1 1 0 1 0 0
250	2	0 1 1 1 1 0 1 1 0 0 0 1 0 1 1 1 0 1 0 0
250	1	1 1 1 1 0 1 0 1 0 0 0 1 1 1 0 0 0 1 0 0
250	1	1 1 1 0 0 0 1 0 0 0 0 1 0 1 0 0 1 1 0 0
250	2	1 1 1 0 1 0 1 1 1 0 0 0 0 1 1 0 0 1 0 0
250	1	0 1 0 0 0 0 1 0 0 0 0 1 0 1 0 0 0 1 0 0
250	2	1 1 0 1 1 0 1 1 1 0 0 0 0 1 1 1 0 1 0 0
250	5	1 1 1 1 0 0 0 1 1 0 0 1 0 1 1 0 1 1 0 0
250	2	1 1 1 1 1 0 1 1 1 0 1 0 0 1 1 0 0 0 0 0
250	2	1 1 1 1 0 0 1 0 0 0 0 0 1 1 0 0 0 1 0 0
250	2	0 1 1 0 0 0 1 0 0 1 0 0 0 1 1 0 0 1 0 0
250	1	1 1 1 1 0 0 1 1 0 0 0 1 0 1 1 0 1 1 0 0
250	2	1 1 1 0 1 0 1 0 0 0 1 0 0 1 1 0 0 1 0 0
250	2	1 1 1 1 1 0 1 1 1 0 0 0 0 1 0 0 0 1 0 0
250	1	1 1 1 0 0 0 1 1 0 0 0 1 1 1 1 1 0 1 0 0
250	3	1 1 1 1 0 0 0 1 1 0 0 0 0 1 1 0 0 1 0 0
250	2	1 1 1 1 0 0 0 1 0 0 0 1 0 1 0 0 1 1 0 0
250	1	1 1 1 1 0 0 1 0 0 1 0 0 0 1 1 0 0 1 0 0
250	1	1 1 1 0 0 0 1 0 0 1 0 0 0 1 1 1 0 1 0 0
250	1	1 1 1 1 1 0 0 1 0 0 0 0 0 1 1 0 0 1 0 0
250	3	1 1 1 0 0 0 0 0 0 0 0 0 0 1 0 0 0 1 0 0
250	3	1 1 1 1 0 1 0 1 0 0 0 1 0 1 0 0 0 1 0 0
250	1	1 1 1 1 1 0 1 0 1 0 1 0 0 1 1 0 0 0 0 0
250	2	1 1 1 0 0 0 1 0 0 0 0 1 1 1 0 0 0 1 0 0
250	1	0 1 1 1 0 0 0 1 0 0 0 1 0 0 1 0 1 1 0 0
250	1	1 1 1 0 1 0 1 0 0 0 1 1 1 1 1 1 0 1 0 0
250	2	1 1 1 1 1 0 1 1 1 0 0 0 1 1 1 1 0 1 0 0
250	1	1 1 1 1 1 0 0 1 0 0 0 1 0 1 1 0 1 1 0 0
250	1	1 1 1 1 0 0 1 0 0 0 0 1 0 1 0 0 0 1 0 0
250	2	1 1 1 0 0 0 1 0 0 0 1 0 1 1 1 1 0 1 0 0
250	1	1 1 1 1 0 0 1 0 0 0 0 0 1 1 0 0 0 1 1 0
250	1	1 1 1 1 1 0 1 1 1 0 0 0 0 1 1 0 0 1 0 1
250	1	1 1 1 1 0 0 1 0 0 1 0 1 0 1 0 1 0 1 0 0
250	1	1 1 1 1 0 0 1 0 0 0 0 0 1 1 0 0 0 0 0 0
250	1	1 1 1 0 1 0 0 1 0 0 0 1 1 1 0 0 0 1 0 0
250	1	1 1 1 0 1 0 1 1 0 1 0 0 0 1 1 1 0 1 0 0
250	1	1 1 1 0 0 0 0 0 1 0 0 0 0 1 1 0 0 1 1 0
250	1	0 1 1 1 0 0 0 1 0 0 1 1 0 1 1 1 1 1 0 0
250	1	1 1 1 1 0 0 1 0 0 0 0 0 0 1 0 0 0 0 0 0
250	1	1 1 1 1 0 0 0 1 1 0 0 0 0 1 0 0 0 1 0 0
250	2	1 1 1 1 0 1 0 1 0 1 0 1 1 1 0 0 0 1 0 0
250	1	1 1 1 1 0 1 1 0 0 1 0 0 1 1 0 0 0 1 0 0
250	1	0 1 1 1 0 0 1 0 0 1 0 0 0 1 1 0 0 1 0 0
300	1	1 1 1 0 0 0 1 0 0 0 0 1 1 1 1 0 0 1 0 0
300	9	1 1 1 1 1 0 1 1 1 0 0 0 0 1 1 0 0 1 0 0
300	5	1 1 1 1 0 0 1 0 0 0 0 0 0 1 1 0 0 1 0 0
300	3	1 1 1 1 1 0 0 1 0 0 0 1 0 1 1 0 0 1 0 0
300	3	1 1 1 1 0 0 1 0 0 0 0 1 0 1 0 1 0 1 0 0
300	1	1 1 1 1 1 0 1 1 1 0 0 0 1 1 1 1 0 1 0 0
300	3	1 1 1 0 1 0 1 1 0 1 0 0 0 1 0 0 0 1 0 0
300	3	1 1 1 0 1 0 1 0 0 0 1 1 1 1 1 0 0 1 0 0
300	3	1 1 1 1 1 0 1 1 1 0 0 0 1 1 1 0 0 1 0 0
300	1	1 1 1 1 1 0 0 1 0 0 0 1 0 0 1 0 0 0 0 0
300	2	1 1 1 1 0 0 1 0 0 0 1 0 1 1 0 0 0 1 0 0
300	1	1 1 1 0 0 0 1 0 0 0 0 1 0 1 1 0 0 1 0 0
300	4	1 1 1 0 1 0 1 1 0 0 1 1 1 1 1 0 0 1 0 0
300	2	1 1 1 1 0 0 1 1 1 1 0 0 0 1 1 0 0 1 0 0
300	1	1 1 1 0 0 0 1 0 0 0 0 1 1 0 0 0 0 1 0 0
300	1	1 1 1 1 1 0 1 1 0 0 0 1 1 1 1 0 0 1 0 0
300	1	1 1 1 1 0 0 1 1 0 0 0 0 0 1 1 0 0 1 0 0
300	2	1 1 1 1 1 0 1 0 0 0 1 1 1 1 1 0 0 1 0 0
300	2	1 1 1 0 0 0 1 1 1 0 1 1 1 1 1 0 0 1 0 0
300	3	1 1 1 0 0 0 1 0 0 0 0 0 1 1 0 0 0 1 0 0
300	2	1 1 0 1 0 0 0 0 0 1 0 0 1 1 1 0 0 1 0 0
300	1	1 1 1 1 0 0 1 1 0 0 0 1 0 1 1 0 0 1 0 0
300	1	1 1 0 1 0 0 0 1 0 1 0 0 0 1 0 0 0 1 0 0
300	2	1 1 1 1 1 0 1 0 0 1 1 1 1 1 1 0 0 1 0 0
300	1	1 1 1 1 0 0 0 1 0 0 0 1 0 1 1 0 1 1 0 1
300	1	1 1 1 1 0 0 0 1 0 0 0 1 0 1 0 0 0 1 0 1
300	2	1 1 1 0 1 0 1 1 0 0 0 1 1 1 1 0 0 1 0 0
300	2	1 1 1 0 0 0 1 0 0 1 0 0 0 1 0 1 0 1 0 0
300	3	1 1 1 0 0 0 1 0 0 0 0 0 0 1 1 1 0 1 0 0
300	1	1 1 1 1 0 0 1 1 1 0 1 1 1 1 1 0 0 1 0 0
300	1	1 1 1 0 0 0 1 0 0 0 1 0 1 1 0 0 0 1 0 0
300	1	1 1 1 1 0 0 1 0 0 0 0 0 1 1 0 1 0 1 0 0
300	1	1 1 1 1 1 1 1 1 1 0 0 0 1 1 1 1 0 1 0 0
300	3	1 1 1 1 0 0 1 1 0 1 0 0 0 1 1 0 0 1 0 0
300	2	1 1 1 1 1 0 1 0 0 1 0 0 0 1 1 1 0 1 0 0
300	1	1 1 0 0 1 0 1 0 0 0 0 0 1 1 0 0 0 1 0 0
300	1	1 1 1 1 1 0 1 1 0 0 1 1 1 1 1 0 0 1 0 0
300	1	1 1 0 1 1 0 0 1 0 0 0 1 0 1 1 0 0 1 0 0
300	1	1 1 1 1 1 0 1 1 1 0 0 1 1 1 1 0 0 1 0 0
300	1	1 1 1 1 1 0 1 0 0 1 0 0 0 1 1 0 0 1 0 0
300	2	1 1 1 0 1 0 1 1 0 0 1 1 1 1 1 0 0 0 0 0
300	1	1 1 1 0 0 0 1 0 0 0 0 1 1 0 0 0 1 1 0 0
300	1	1 0 0 1 0 0 0 1 0 0 0 1 0 1 0 1 0 1 0 0
300	1	1 1 1 0 1 1 1 1 1 0 0 0 0 1 1 1 0 1 0 0
300	1	1 0 1 1 0 0 1 0 0 0 0 0 0 1 1 0 0 1 0 0
300	1	1 1 1 1 0 0 1 0 0 1 0 0 0 1 1 0 0 1 0 0
300	1	1 1 1 1 1 1 1 1 1 0 0 0 1 1 0 1 0 1 0 0
300	1	1 1 0 1 1 0 0 1 0 0 0 1 0 0 1 0 0 0 0 0
300	3	0 0 1 0 0 0 1 0 0 0 0 0 0 1 1 0 0 1 0 0
300	1	1 0 1 1 1 0 0 1 0 0 0 1 0 0 1 0 0 0 0 0
300	1	1 1 0 1 0 1 0 1 0 0 0 1 0 1 0 1 0 1 0 0
300	1	1 1 1 1 1 0 1 0 1 0 0 0 1 1 1 1 0 1 0 0
300	1	1 1 1 0 1 0 1 1 0 0 0 1 0 1 1 0 0 1 0 0
300	1	1 1 1 1 1 0 0 1 0 0 0 1 0 0 1 0 0 1 0 1
300	1	1 1 1 1 1 0 1 1 1 0 0 0 1 1 1 1 0 0 0 0
300	2	0 1 1 1 0 0 1 0 0 1 0 0 1 1 0 0 1 1 0 1
350	4	1 1 1 1 1 0 1 1 1 0 0 0 0 1 1 0 0 1 0 0
350	1	1 1 1 1 0 0 1 0 0 0 0 0 0 1 1 0 0 1 0 0
350	5	1 1 1 1 0 0 1 0 0 0 0 1 0 1 0 1 0 1 0 0
350	1	1 1 1 1 1 0 1 1 1 0 0 0 1 1 1 0 0 1 0 0
350	3	1 1 1 1 1 0 1 1 1 1 0 0 1 1 1 0 0 1 0 0
350	3	1 1 1 1 1 0 1 1 1 1 0 0 0 1 1 0 0 1 0 0
350	3	1 1 1 1 1 0 1 0 0 0 1 1 1 1 1 0 0 1 0 0
350	2	1 1 1 1 0 0 1 0 0 0 0 0 0 1 1 1 0 1 0 0
350	2	1 1 1 0 0 0 1 0 0 1 0 0 0 1 0 1 0 1 0 0
350	1	1 1 1 0 0 0 1 0 0 0 1 0 1 1 0 0 0 1 0 0
350	6	1 1 1 1 0 0 1 0 0 0 0 0 1 1 0 1 0 1 0 0
350	2	1 1 1 1 1 0 1 1 0 0 1 1 1 1 1 0 0 1 0 0
350	3	1 1 0 1 1 0 0 1 0 0 0 1 0 1 1 0 0 1 0 0
350	5	1 1 1 1 1 0 1 1 1 0 0 1 1 1 1 0 0 1 0 0
350	1	1 1 1 1 1 0 1 1 0 0 0 0 1 1 1 0 0 1 0 0
350	1	1 0 1 1 1 0 1 0 0 1 0 0 0 1 1 1 0 1 0 0
350	1	1 1 1 0 0 1 1 0 0 0 1 0 1 1 0 0 0 1 1 0
350	3	1 1 1 1 0 1 1 0 0 0 0 0 1 1 0 1 0 1 0 0
350	1	1 1 1 1 0 0 1 1 0 0 0 1 0 1 0 1 0 1 0 0
350	1	1 1 1 1 1 0 1 0 0 0 1 1 1 1 0 0 0 1 0 0
350	1	1 1 1 1 1 0 0 1 0 0 0 1 1 1 1 0 0 1 0 0
350	2	1 1 1 1 1 0 1 0 0 0 0 1 1 0 0 0 0 1 0 0
350	2	1 1 1 0 1 0 1 0 0 1 1 1 1 1 1 0 0 1 0 0
350	3	1 1 1 1 1 0 1 0 0 0 0 1 0 1 0 0 0 1 0 1
350	4	1 1 1 1 1 0 1 1 1 1 0 0 1 0 0 0 0 1 0 0
350	1	1 1 1 0 1 0 1 1 1 1 0 1 0 1 0 1 0 1 0 0
350	2	1 1 1 0 0 0 1 0 0 0 1 0 1 1 0 0 0 0 0 0
350	1	1 1 1 1 0 0 1 0 0 0 1 0 0 1 1 0 0 1 0 0
350	1	1 1 1 0 0 0 1 0 0 0 1 0 0 1 0 0 0 1 0 0
350	1	1 1 1 0 0 0 1 0 0 0 1 0 1 1 0 0 0 1 1 0
350	2	1 1 1 0 0 0 1 0 0 0 0 0 1 1 0 1 0 1 0 0
350	1	1 1 1 1 1 0 1 0 0 0 1 0 1 1 0 0 0 1 1 0
350	1	1 1 1 1 1 0 1 0 0 0 0 0 0 1 1 0 0 1 0 0
350	1	1 1 1 0 0 0 1 1 0 1 0 0 1 1 0 1 0 1 0 1
350	2	1 1 1 1 0 0 1 1 0 0 0 0 1 1 0 1 0 1 0 0
350	1	1 1 1 1 1 0 1 1 1 0 0 1 0 1 1 0 0 0 0 0
350	1	1 1 1 1 0 0 1 0 0 0 0 0 0 1 1 0 1 1 0 0
350	1	1 1 1 1 1 0 0 0 0 0 1 1 0 1 0 0 0 1 0 1
350	1	1 1 0 1 1 0 1 0 0 1 0 0 0 1 1 1 0 1 0 0
350	1	1 1 1 0 0 1 1 0 0 0 1 1 1 1 0 0 0 1 1 0
350	1	1 1 1 1 1 0 1 0 1 0 0 1 0 1 1 0 0 0 0 0
350	1	1 1 1 1 1 0 1 0 0 0 0 0 1 1 0 0 0 1 1 0
350	2	1 1 1 1 0 0 1 1 0 0 0 1 1 1 1 0 0 1 0 0
350	1	1 1 1 0 0 0 1 0 0 0 0 1 1 1 1 0 0 1 0 0
350	1	1 1 1 1 0 1 1 0 0 0 0 0 1 1 1 0 0 1 0 0
350	1	1 1 1 0 1 0 0 1 0 0 1 1 1 1 1 0 0 1 0 0
350	1	1 1 1 1 1 0 0 1 0 0 0 1 1 1 1 0 0 1 1 0
350	1	1 1 1 0 1 0 1 1 0 0 0 0 0 1 1 0 0 0 0 0
350	2	1 1 1 1 1 0 1 1 1 0 0 1 1 1 0 0 0 1 0 0
350	1	1 1 0 0 1 0 1 0 0 0 1 0 1 1 0 0 0 1 0 0
350	1	1 1 1 1 1 0 1 1 1 0 0 1 0 1 0 1 0 1 0 0
350	1	1 1 1 1 1 0 1 0 0 0 0 1 0 1 1 0 0 1 0 0
350	1	1 1 1 1 1 0 1 1 0 0 0 0 1 1 1 0 0 1 1 0
350	1	1 1 1 0 1 0 1 1 1 0 0 0 0 1 0 1 0 1 0 0
350	1	1 1 1 1 0 0 1 0 0 0 1 0 0 1 1 1 0 1 0 0
350	1	1 0 1 1 1 0 1 0 0 0 1 1 1 0 0 0 0 1 0 0
350	1	1 1 1 1 1 0 1 0 0 0 0 0 0 1 1 0 0 1 1 1
350	1	1 1 0 0 0 0 1 1 0 0 0 0 1 1 0 0 0 1 0 0
350	1	1 1 0 1 1 0 1 0 0 1 0 0 0 1 1 1 1 1 0 0
400	2	1 1 1 1 1 0 1 1 1 0 0 0 0 1 1 0 0 1 0 0
400	1	1 1 1 1 0 0 1 0 0 0 0 1 0 1 0 1 0 1 0 0
400	1	1 1 1 1 1 0 1 0 0 0 1 1 1 1 1 0 0 1 0 0
400	1	1 1 1 1 0 0 1 0 0 0 0 0 0 1 1 1 0 1 0 0
400	2	1 1 1 1 0 0 1 0 0 0 0 0 0 1 0 1 0 1 0 0
400	1	1 1 1 1 1 0 1 0 0 0 1 1 1 1 0 0 0 1 0 0
400	1	1 1 1 1 1 0 1 0 0 0 0 1 1 0 0 0 0 1 0 0
400	3	1 1 1 0 0 0 1 0 0 0 0 0 1 1 0 1 0 1 0 0
400	4	1 1 1 1 0 0 1 0 0 0 0 1 0 1 0 0 0 1 0 0
400	1	1 1 1 1 1 0 1 0 1 0 0 1 0 1 1 0 0 0 0 0
400	1	1 1 1 1 1 0 1 1 1 0 0 0 1 0 0 0 0 1 0 0
400	1	1 1 1 0 1 0 1 0 0 0 1 1 1 1 0 0 0 1 0 0
400	1	1 1 1 1 0 0 1 0 1 1 0 0 0 1 1 0 0 1 0 0
400	4	1 1 1 1 0 0 1 0 0 1 1 0 1 1 0 0 0 1 1 0
400	2	1 1 1 1 0 0 1 0 0 1 0 0 0 1 1 1 0 1 1 0
400	2	1 1 1 1 1 0 1 0 0 0 0 1 1 0 0 0 0 0 0 0
400	5	1 1 1 1 0 0 1 0 0 0 0 0 0 1 0 0 0 1 0 0
400	3	1 1 1 1 0 0 1 0 0 0 1 1 1 1 0 0 0 0 0 0
400	1	1 1 1 1 0 0 1 0 0 0 0 1 0 1 0 0 0 1 1 0
400	1	1 0 1 1 1 0 1 1 1 0 0 0 0 1 1 0 0 1 0 0
400	3	1 1 1 1 1 0 1 0 1 1 0 0 1 0 0 0 0 1 0 0
400	1	1 0 1 1 0 0 1 0 0 0 0 1 1 1 0 1 0 1 0 0
400	1	1 1 1 1 0 0 1 1 0 0 0 1 1 0 1 1 0 1 0 0
400	2	1 1 1 1 0 1 1 0 0 0 1 1 1 1 0 0 0 1 0 0
400	3	1 1 0 1 1 1 1 1 1 0 1 1 1 1 0 0 0 1 0 0
400	1	1 1 1 1 1 1 1 1 1 0 0 0 1 1 1 0 0 1 1 0
400	4	1 1 0 1 0 0 1 0 0 0 0 0 1 1 0 1 0 1 0 0
400	1	0 1 1 1 1 0 1 1 1 0 1 1 1 1 1 0 0 1 0 0
400	1	1 1 1 1 0 0 1 0 0 0 1 1 1 1 0 0 0 1 0 0
400	2	1 1 1 1 0 0 1 0 0 0 0 1 1 1 0 1 0 0 0 0
400	1	1 1 1 0 0 1 1 0 0 0 0 0 1 1 0 1 0 1 0 0
400	2	1 0 1 1 0 0 1 0 1 1 0 1 1 0 0 0 0 0 0 0
400	2	1 1 1 1 0 0 1 0 0 0 0 1 1 0 0 0 0 0 0 0
400	3	1 1 1 1 0 0 1 1 0 0 0 0 0 1 0 1 0 1 0 0
400	2	1 1 0 1 1 0 1 1 1 0 0 1 1 1 1 0 0 1 0 0
400	5	1 1 1 1 0 0 1 0 0 1 1 0 1 1 0 1 0 1 1 0
400	2	1 1 1 1 1 0 1 0 0 0 0 1 1 0 0 0 0 0 1 0
400	1	1 1 1 0 0 0 1 0 0 0 0 1 0 1 0 0 0 1 1 0
400	1	1 1 1 1 0 0 1 0 0 0 1 0 0 1 0 1 0 1 0 0
400	1	1 1 1 1 0 0 1 0 0 1 0 0 0 1 1 1 0 1 0 0
400	2	1 1 0 1 0 0 1 0 0 0 0 1 1 1 0 1 0 0 0 0
400	1	1 1 1 1 1 0 1 0 0 0 1 1 0 1 0 0 0 1 0 0
400	4	1 1 1 1 1 0 1 0 0 0 0 0 0 1 1 1 0 1 0 0
400	1	0 1 1 1 1 0 1 1 1 0 0 0 1 0 0 0 0 1 0 0
400	1	1 1 1 1 0 0 1 0 0 0 1 0 0 1 1 1 0 1 0 0
400	2	1 1 1 0 0 1 1 0 0 0 0 0 1 1 0 0 0 1 0 0
400	1	1 0 1 1 0 0 1 0 0 0 0 0 0 0 0 1 0 1 0 0
400	2	1 0 1 1 0 0 1 0 1 1 0 0 1 0 0 0 0 0 0 0
400	1	0 1 1 1 1 0 1 1 0 0 0 1 0 1 0 0 0 1 0 0
400	3	1 1 1 0 0 0 1 1 0 0 0 0 1 1 0 1 0 1 0 0
400	1	1 1 1 1 1 0 1 1 0 0 0 0 0 1 0 1 0 1 1 0
400	1	1 1 0 1 0 0 1 0 0 0 0 0 1 1 0 0 0 1 0 0
400	1	1 1 1 1 0 0 1 1 1 0 0 1 1 1 1 0 0 1 0 0
400	1	1 1 0 0 0 0 1 0 0 0 0 1 1 0 0 0 0 0 0 0
400	1	1 1 1 1 0 0 1 0 0 1 1 0 0 1 1 0 0 1 0 0
450	1	1 1 1 1 1 0 1 1 1 1 0 0 1 0 0 0 0 1 0 0
450	3	1 1 1 1 1 0 1 0 1 0 0 1 0 1 1 0 0 0 0 0
450	2	1 1 1 1 0 0 1 0 0 1 1 0 1 1 0 0 0 1 1 0
450	1	1 1 1 1 1 0 1 0 0 0 1 1 1 1 0 0 0 0 0 0
450	2	1 1 1 1 1 0 1 0 1 1 0 0 1 0 0 0 0 1 0 0
450	3	1 1 1 1 0 0 1 0 0 0 0 1 1 1 0 1 0 0 0 0
450	1	1 1 1 1 0 0 1 0 0 0 0 1 1 0 0 0 0 0 0 0
450	1	1 1 1 1 0 0 1 0 0 0 1 0 0 1 0 1 0 1 0 0
450	5	0 1 1 1 1 0 1 1 0 0 0 1 0 1 0 0 0 1 0 0
450	1	1 1 1 1 1 0 1 0 0 0 0 1 1 1 0 1 0 1 0 0
450	1	1 1 0 0 1 0 1 0 0 0 0 1 1 0 0 0 0 0 0 0
450	1	1 1 1 0 1 0 1 0 0 0 0 1 1 0 0 0 0 0 0 0
450	1	1 1 1 1 0 0 1 0 0 0 0 1 0 1 0 0 0 0 0 1
450	3	1 1 1 1 0 0 1 0 0 0 1 0 0 1 0 1 0 0 0 0
450	2	1 1 0 1 1 0 1 0 1 1 0 0 1 0 0 0 0 0 0 0
450	2	1 1 1 1 0 0 1 0 0 0 0 1 0 1 0 1 1 1 0 0
450	1	1 1 1 1 1 0 1 0 1 1 0 0 1 0 0 1 0 1 1 0
450	6	1 1 1 1 1 0 1 1 1 1 0 0 1 0 0 1 0 1 0 0
450	4	1 1 1 1 1 1 1 0 1 1 0 0 1 0 0 0 0 1 0 0
450	1	1 1 1 1 1 0 1 1 0 0 0 1 0 0 0 0 0 0 0 0
450	1	1 1 1 1 0 0 1 0 0 0 1 0 0 1 0 1 1 1 0 0
450	1	1 1 1 1 1 0 1 0 0 0 1 0 0 1 0 1 0 1 0 0
450	1	1 1 1 1 0 0 1 0 0 0 0 1 1 1 1 0 0 0 0 0
450	1	1 1 1 1 0 0 1 0 0 0 0 1 1 1 1 1 0 1 0 0
450	1	1 1 1 1 1 0 1 0 1 1 0 0 1 0 0 0 0 0 0 0
450	2	1 1 1 1 1 0 1 0 1 0 0 1 0 1 1 1 0 0 0 0
450	3	1 1 1 1 1 1 1 1 0 0 0 1 0 0 0 0 0 0 0 0
450	4	1 1 1 1 0 0 1 0 0 0 0 1 0 1 0 0 0 0 0 0
450	1	1 1 0 1 1 0 0 0 0 1 0 1 1 0 0 0 0 0 0 0
450	2	1 1 1 1 1 0 1 0 0 0 0 1 0 1 0 0 0 1 0 0
450	1	1 1 0 0 1 0 1 0 0 0 0 1 1 0 0 0 0 0 1 0
450	1	1 1 1 1 0 0 1 0 0 0 0 1 1 0 0 1 0 0 0 0
450	5	0 1 1 1 1 0 1 1 0 0 0 1 0 1 0 0 0 0 0 0
450	3	1 1 1 1 1 0 1 1 1 1 0 0 1 0 0 1 1 1 0 0
450	1	1 1 1 1 0 0 1 0 0 0 1 1 1 1 0 1 0 1 0 0
450	1	1 1 1 1 1 0 1 0 0 0 0 0 1 1 0 0 0 0 0 0
450	2	1 1 1 0 0 0 1 0 0 1 0 1 1 0 1 0 0 0 0 0
450	1	1 1 1 1 0 1 1 0 0 0 0 1 1 1 0 1 0 1 0 0
450	1	1 1 1 1 0 0 0 0 0 0 1 1 1 1 0 0 0 0 0 1
450	1	0 1 1 1 1 0 1 1 0 0 1 1 0 1 0 0 0 0 0 0
450	1	1 1 1 1 1 0 1 1 1 0 0 1 0 1 1 0 0 0 0 0
450	3	0 1 1 1 1 0 1 1 0 0 1 1 1 1 0 0 0 1 0 0
450	1	1 1 1 1 1 0 1 1 1 1 0 0 1 1 0 0 0 1 0 0
450	1	1 1 1 1 0 0 0 0 0 0 0 1 1 0 0 0 0 0 0 0
450	1	1 1 1 1 0 0 1 0 0 0 0 1 1 0 1 0 0 0 0 0
450	2	1 1 1 0 1 0 1 0 0 0 0 1 1 0 1 0 0 0 0 0
450	1	1 1 0 1 1 0 0 0 1 1 0 0 1 0 0 1 0 0 0 0
450	3	1 1 1 1 1 0 1 1 0 0 0 0 0 0 0 0 0 0 0 0
450	1	0 1 1 1 1 0 1 0 1 0 0 1 0 1 0 1 0 0 0 0
450	2	1 1 1 1 0 0 0 0 0 0 1 1 1 1 0 0 0 0 0 0
450	1	1 1 0 0 1 0 1 0 1 0 0 1 1 0 0 0 0 0 1 0
450	1	0 1 1 1 1 0 1 1 0 0 1 1 1 1 0 0 0 0 0 0
450	1	1 1 1 1 0 0 1 0 0 0 0 0 1 0 0 0 0 0 0 0
450	1	1 1 1 1 0 0 1 0 1 0 1 0 0 1 0 1 0 0 0 0
450	1	1 1 0 0 0 0 1 0 0 1 0 1 1 0 0 0 0 0 0 0
450	2	1 1 1 1 0 0 1 0 0 1 1 0 1 1 0 0 0 1 0 0
450	1	1 1 1 0 0 0 1 0 0 0 0 1 1 0 1 0 0 0 0 0
500	2	1 1 1 1 1 0 1 1 1 1 0 0 1 0 0 0 0 1 0 0
500	1	1 1 1 1 0 0 1 0 0 1 1 0 1 1 0 0 0 1 1 0
500	13	1 1 1 1 0 0 1 0 0 0 0 1 1 1 0 1 0 0 0 0
500	6	1 1 1 1 0 0 1 0 0 0 1 0 0 1 0 1 0 0 0 0
500	1	1 1 1 1 1 1 1 1 0 0 0 1 0 0 0 0 0 0 0 0
500	1	1 1 1 1 0 0 1 0 0 0 0 1 0 1 0 0 0 0 0 0
500	1	1 1 0 1 1 0 0 0 0 1 0 1 1 0 0 0 0 0 0 0
500	11	1 1 1 1 1 0 1 0 0 0 1 1 0 1 0 0 0 0 0 0
500	4	1 1 1 1 1 0 1 0 0 0 0 1 1 0 0 1 0 0 0 0
500	4	1 1 1 1 1 0 1 0 0 0 1 1 0 0 0 0 0 0 0 0
500	1	1 1 1 1 1 0 1 1 1 1 0 0 0 1 0 0 0 1 0 0
500	1	0 1 1 1 1 0 1 0 0 0 0 1 1 0 0 1 0 0 0 0
500	1	1 1 1 1 1 0 1 0 0 0 0 1 0 1 0 0 0 0 0 0
500	1	1 1 1 1 1 0 1 0 0 1 0 1 1 0 0 1 0 0 0 0
500	1	1 1 1 1 0 0 1 0 0 1 1 0 0 1 0 1 0 1 0 0
500	1	1 1 1 1 1 1 1 0 0 0 0 1 1 0 0 1 0 0 0 0
500	1	1 1 1 1 1 0 1 0 0 0 0 1 0 1 0 1 0 1 0 0
500	1	1 1 1 1 0 0 1 0 0 0 0 1 1 0 0 1 0 0 0 0
500	2	1 1 1 1 1 0 1 1 0 0 1 1 0 1 0 0 0 0 0 0
500	2	1 1 1 1 1 0 1 1 1 1 0 1 1 0 0 0 0 0 1 0
500	3	1 1 1 1 1 0 1 1 0 1 0 0 1 0 0 0 0 1 0 0
500	2	1 1 1 1 0 0 1 1 0 0 0 1 1 1 0 1 0 0 0 0
500	2	1 1 1 1 1 0 1 0 0 0 1 1 0 0 0 1 0 1 0 0
500	2	1 1 1 1 0 0 1 0 0 0 0 1 0 0 0 0 0 0 0 0
500	1	1 1 1 1 1 0 1 0 0 0 1 0 0 1 0 1 0 0 0 0
500	2	1 1 1 1 0 0 1 0 0 0 1 0 0 1 0 1 1 0 0 0
500	1	1 1 1 1 0 0 1 0 0 1 1 0 0 1 1 1 0 1 0 0
500	6	1 1 1 1 0 0 1 0 0 0 0 0 0 1 0 0 0 0 0 0
500	2	1 1 1 0 0 0 1 0 0 0 0 1 1 1 0 1 0 0 0 0
500	1	1 1 1 1 1 0 1 0 0 0 1 1 0 0 0 1 1 1 0 0
500	2	1 1 1 1 1 0 1 0 0 0 1 1 1 1 0 0 0 0 0 0
500	1	1 1 1 1 1 0 1 0 0 0 1 1 1 0 0 1 0 0 0 0
500	1	1 1 1 1 0 0 1 0 0 0 0 1 1 1 0 1 0 0 0 1
500	3	1 1 0 1 1 0 1 0 0 1 0 1 1 0 0 0 0 0 0 0
500	1	1 1 1 1 1 0 1 0 0 0 1 1 0 0 0 1 0 0 0 0
500	1	0 1 1 1 1 0 1 0 0 0 1 1 1 0 0 1 0 0 0 0
500	1	1 1 1 0 0 0 1 0 0 0 0 1 1 1 1 1 0 0 0 0
500	3	1 1 0 1 1 0 1 0 0 0 1 1 0 0 0 0 0 0 0 0
500	2	1 1 0 0 1 0 1 1 1 0 0 1 1 0 0 0 0 1 0 0
500	1	1 1 1 1 1 0 1 0 0 0 0 1 1 1 0 1 0 0 0 0
500	1	1 1 1 1 0 0 0 0 1 0 0 1 1 0 0 0 0 0 0 0
500	1	1 1 1 1 0 1 1 0 0 0 0 1 1 1 0 1 0 0 0 0
500	1	1 1 1 1 0 0 1 0 0 1 0 1 1 0 0 1 0 0 0 0
500	1	1 1 1 1 0 0 1 0 0 0 1 1 0 1 0 1 0 0 0 0
500	1	1 1 1 1 1 1 1 1 0 0 0 1 0 0 0 1 0 0 0 0
500	1	1 1 1 1 0 0 1 0 0 0 1 1 0 1 0 0 0 0 0 0
