0	250	0 0 0 0 0 1 0 1 0 0 0 1 0 0 0 0 0 0 0 0
0	250	0 0 0 0 0 0 0 0 0 0 0 1 0 0 0 0 0 1 0 0
0	250	0 1 1 0 1 0 0 0 0 0 0 0 0 0 0 0 0 0 0 0
0	250	0 0 0 0 0 0 0 0 0 0 1 0 0 0 0 0 1 1 0 0
50	264	0 0 0 0 0 1 0 1 0 0 0 1 0 0 0 0 0 0 0 0
50	102	0 0 0 0 0 0 0 0 0 0 0 1 0 0 0 0 0 1 0 0
50	11	0 1 1 0 1 0 0 0 0 0 0 0 0 0 0 0 0 0 0 0
50	11	0 0 0 0 0 0 0 0 0 0 1 0 0 0 0 0 1 1 0 0
50	1	0 0 0 0 0 0 0 0 0 0 0 1 0 0 0 0 0 0 0 0
50	1	0 0 0 0 0 1 1 1 0 0 0 1 0 0 0 0 0 0 0 0
50	18	1 0 0 0 0 0 0 0 0 0 0 1 0 0 0 0 0 1 0 0
50	23	0 0 0 0 0 0 0 0 0 0 1 1 0 0 0 0 0 1 0 0
50	12	0 1 0 0 0 0 0 0 0 0 0 1 0 0 0 0 0 1 0 0
50	16	0 0 0 0 0 0 0 1 0 0 0 1 0 0 0 0 0 0 0 0
50	30	0 0 0 0 0 1 0 1 0 0 0 1 0 0 0 0 0 1 0 0
50	2	0 0 1 0 0 0 0 0 0 0 0 1 0 0 0 0 0 1 0 0
50	17	0 0 0 0 0 1 0 1 0 0 0 0 0 0 0 0 0 0 0 0
50	1	0 0 0 0 0 1 0 1 1 0 1 1 0 0 0 0 0 0 0 0
50	2	0 1 1 0 1 0 0 0 0 0 0 0 0 0 0 0 0 0 1 0
50	3	0 1 1 0 1 0 0 0 0 0 0 1 0 0 0 0 0 1 0 0
50	8	0 0 0 1 0 0 0 0 0 0 1 0 0 0 0 0 1 1 0 1
50	15	0 0 0 0 0 1 0 1 0 0 0 1 0 0 0 0 1 0 0 0
50	16	0 0 0 1 1 0 0 0 0 0 0 1 0 0 0 0 0 1 0 0
50	15	1 0 0 0 0 1 0 1 0 0 0 1 0 0 0 0 0 0 0 0
50	18	0 0 0 1 0 0 0 0 0 0 0 1 0 0 0 0 0 1 0 0
50	16	0 1 1 0 1 0 0 0 1 0 0 0 0 0 0 0 0 0 0 0
50	42	0 1 1 0 1 0 0 1 0 0 0 1 0 0 0 0 0 0 0 0
50	9	0 0 0 0 0 1 0 1 0 0 0 1 0 0 0 0 0 0 0 1
50	14	0 1 1 0 1 0 0 0 0 0 0 0 1 0 0 0 0 0 0 0
50	5	1 0 0 0 0 0 0 0 0 0 0 1 0 0 0 1 0 1 0 0
50	13	0 0 0 0 0 1 0 1 0 0 0 1 0 0 0 0 0 0 1 0
50	1	0 0 0 1 0 1 0 1 0 0 0 1 0 0 0 0 0 0 0 0
50	7	0 1 0 0 1 0 0 0 0 0 0 1 0 0 0 0 0 1 0 0
50	2	0 0 0 0 0 0 0 1 0 0 0 1 0 0 0 0 0 1 0 0
50	9	0 0 0 0 0 1 0 1 0 0 0 1 0 0 0 1 0 0 0 0
50	1	0 0 0 0 0 1 0 1 1 0 1 1 0 0 0 0 0 0 0 1
50	16	0 0 0 1 0 0 1 0 0 0 0 1 0 0 0 0 0 1 0 0
50	5	0 0 0 0 0 0 0 0 1 0 0 1 0 0 0 0 0 1 0 0
50	11	0 0 0 0 0 0 0 0 0 0 1 0 0 0 0 0 1 1 0 1
50	6	0 0 0 1 0 0 0 0 0 0 0 1 0 0 0 0 0 0 0 0
50	23	0 1 1 0 0 0 0 0 0 0 0 0 0 0 0 0 0 1 0 0
50	4	0 0 1 0 0 0 0 0 0 0 0 1 0 1 0 0 0 1 0 0
50	3	0 0 0 0 0 1 0 1 0 0 0 1 0 1 0 0 0 0 0 0
50	23	0 1 0 0 0 1 0 1 0 0 0 0 0 0 0 0 0 0 0 0
50	19	0 0 0 0 0 0 0 0 0 0 1 1 0 0 0 0 0 1 1 0
50	3	0 1 1 0 0 0 0 0 0 1 0 1 0 0 0 0 0 1 0 0
50	9	0 0 0 0 0 0 0 0 0 0 0 1 0 1 0 0 0 1 0 0
50	8	1 0 0 1 0 0 0 0 0 0 0 1 0 0 0 0 0 1 0 0
50	10	0 1 0 0 0 0 0 0 0 1 0 1 0 0 0 0 0 0 0 0
50	2	0 0 0 1 0 0 0 0 0 0 1 0 0 0 0 0 1 1 0 0
50	5	0 0 1 0 0 0 0 1 0 0 0 1 0 0 0 0 0 0 0 0
50	16	0 0 0 0 1 1 0 1 0 0 0 1 0 0 0 0 0 0 0 0
50	5	0 1 1 0 1 0 1 0 0 0 0 1 0 0 0 0 0 1 0 0
50	1	0 0 0 0 0 1 0 0 0 0 0 0 0 0 0 0 0 1 0 0
50	5	0 1 1 0 1 0 0 1 0 0 0 1 0 1 0 0 0 0 0 0
50	6	0 0 0 0 0 0 0 1 0 1 0 1 0 0 0 0 0 1 0 0
50	2	0 0 0 0 0 1 0 1 0 0 1 1 0 0 0 0 0 1 1 0
50	1	0 1 1 0 1 1 0 0 1 0 0 0 0 0 0 0 0 0 0 0
50	4	0 1 0 0 0 1 0 1 0 0 0 1 0 0 0 0 0 0 0 0
50	2	0 1 1 0 1 0 0 1 0 0 0 1 0 0 0 0 0 1 0 0
50	1	1 0 0 1 1 0 0 0 0 0 0 1 0 0 0 0 0 1 0 0
50	1	0 0 1 0 1 0 0 1 0 0 0 1 0 0 0 0 0 0 0 0
50	8	0 0 0 1 0 0 0 0 1 0 0 1 0 0 0 0 0 1 0 0
50	9	0 1 1 0 0 0 0 0 0 0 0 0 0 0 0 1 0 1 0 0
50	11	0 1 1 0 1 0 0 0 0 0 0 0 1 0 0 0 0 1 0 0
50	1	0 1 0 0 1 1 0 1 0 0 0 1 0 0 0 0 0 0 0 0
50	1	0 0 0 1 1 0 0 0 1 0 0 1 0 0 0 0 0 1 0 0
50	1	0 0 0 1 0 1 0 1 0 0 0 1 1 0 0 0 0 0 0 0
50	3	0 1 0 0 1 0 0 0 0 0 0 0 0 0 0 0 0 1 0 0
50	5	0 0 0 0 0 0 0 0 0 0 0 1 0 1 0 0 0 0 0 0
50	1	0 1 0 0 0 1 0 1 0 0 0 1 0 0 0 0 1 0 0 0
50	2	0 1 0 0 1 0 0 0 0 0 0 1 0 0 0 0 0 0 0 0
50	1	0 1 1 0 0 0 0 0 0 0 0 1 0 1 0 0 0 1 0 0
50	9	0 0 0 0 0 1 0 1 1 0 0 1 0 0 0 0 0 0 0 0
50	3	0 0 0 1 0 1 0 1 0 0 0 1 0 0 0 1 0 0 0 0
50	2	0 1 0 0 0 1 0 1 0 0 0 0 0 0 0 0 0 0 1 0
50	4	0 0 0 0 0 1 1 1 0 1 0 1 1 0 0 0 0 0 0 0
50	2	0 0 0 0 0 1 0 1 1 0 0 1 0 0 0 0 0 1 0 0
50	1	0 0 0 1 1 0 0 0 1 0 1 1 0 0 0 0 0 0 0 1
50	3	0 0 0 1 0 0 0 0 0 0 0 0 0 0 0 0 0 0 0 0
50	3	0 1 0 0 1 0 0 0 1 0 0 0 0 0 0 0 0 0 0 0
50	1	0 0 0 0 0 0 0 0 0 0 0 0 0 0 0 1 0 1 0 0
50	1	0 0 0 0 0 1 0 1 0 0 0 1 0 0 1 0 0 0 0 0
50	1	0 1 1 0 1 0 0 0 0 0 0 0 0 1 0 0 0 0 0 0
50	1	1 0 0 0 0 0 0 0 0 0 0 1 0 0 0 0 1 1 0 0
50	1	0 0 0 0 0 1 0 1 1 0 1 1 0 0 0 0 0 1 0 1
50	2	1 0 0 1 0 0 0 0 0 0 0 1 0 0 0 0 0 1 1 0
50	6	0 1 0 0 1 0 0 0 0 0 0 0 1 0 0 0 0 1 0 0
50	1	0 0 1 0 1 0 0 0 0 0 0 0 1 0 0 0 0 0 0 0
50	2	0 0 0 0 0 0 0 0 0 0 0 1 0 0 0 0 1 1 0 0
50	1	0 0 1 0 0 1 0 1 0 0 0 1 0 0 0 0 0 0 0 0
50	2	0 0 0 0 0 1 0 0 0 0 0 1 0 0 0 0 0 0 0 0
50	2	0 0 0 0 1 0 0 0 0 0 0 1 0 0 0 0 0 1 0 0
50	1	0 0 0 0 0 1 1 1 0 0 0 1 0 0 1 0 0 0 0 0
50	2	1 1 0 0 0 0 0 0 0 0 0 1 0 0 0 0 0 1 0 0
50	1	0 1 0 0 0 0 0 0 0 0 0 1 1 0 0 0 0 1 0 0
50	2	0 0 0 0 0 1 0 1 0 0 0 1 0 0 1 0 0 1 0 0
50	1	0 0 0 1 1 0 0 0 0 0 0 1 0 1 0 0 0 1 0 0
50	1	0 0 0 1 1 0 0 0 0 1 0 1 0 0 0 0 0 1 0 0
50	3	0 0 0 1 0 0 1 0 0 0 0 0 0 0 0 0 0 1 0 0
50	1	1 0 0 1 0 0 0 0 0 0 0 1 0 0 0 0 1 1 0 0
50	1	0 0 1 0 0 0 0 1 0 0 0 1 0 0 0 0 0 0 0 1
100	60	0 0 0 0 0 1 0 1 0 0 0 1 0 0 0 0 0 0 0 0
100	8	0 0 0 0 0 0 0 0 0 0 0 1 0 0 0 0 0 1 0 0
100	8	1 0 0 0 0 0 0 0 0 0 0 1 0 0 0 0 0 1 0 0
100	8	0 0 0 0 0 0 0 0 0 0 1 1 0 0 0 0 0 1 0 0
100	4	0 1 0 0 0 0 0 0 0 0 0 1 0 0 0 0 0 1 0 0
100	10	0 0 0 0 0 0 0 1 0 0 0 1 0 0 0 0 0 0 0 0
100	13	0 0 0 0 0 1 0 1 0 0 0 1 0 0 0 0 0 1 0 0
100	8	0 0 0 0 0 1 0 1 0 0 0 1 0 0 0 0 1 0 0 0
100	8	0 0 0 1 0 0 0 0 0 0 0 1 0 0 0 0 0 1 0 0
100	122	0 1 1 0 1 0 0 1 0 0 0 1 0 0 0 0 0 0 0 0
100	32	0 0 0 0 0 1 0 1 0 0 0 1 0 0 0 1 0 0 0 0
100	12	0 0 0 0 0 1 0 1 0 0 0 1 0 1 0 0 0 0 0 0
100	4	0 0 0 0 0 0 0 0 0 0 0 1 0 1 0 0 0 1 0 0
100	96	0 1 1 0 1 0 0 1 0 0 0 1 0 1 0 0 0 0 0 0
100	22	0 1 1 0 0 0 0 0 0 0 0 1 0 1 0 0 0 1 0 0
100	16	0 0 0 1 1 0 1 0 0 0 0 1 0 0 0 0 0 1 0 0
100	6	0 0 0 1 0 0 0 1 0 0 0 1 0 0 0 0 0 0 0 0
100	3	0 0 0 1 0 1 0 1 0 0 0 1 0 0 0 0 0 0 0 0
100	36	0 0 1 0 0 1 0 1 0 0 0 1 0 0 0 0 0 0 0 0
100	28	0 1 1 0 1 0 0 0 0 0 1 0 0 0 0 0 1 1 0 0
100	7	1 1 1 0 1 0 0 1 0 0 0 1 0 0 0 0 0 0 0 0
100	6	0 1 1 0 1 0 0 1 0 0 0 1 0 0 0 0 0 1 0 0
100	12	0 0 0 0 0 1 0 1 0 0 0 1 0 1 0 0 0 1 0 0
100	27	0 1 1 0 1 0 0 0 0 0 0 1 0 0 0 1 0 1 0 0
100	28	0 0 0 0 1 0 0 0 0 0 1 0 0 0 0 0 1 1 0 0
100	12	0 1 1 0 1 0 0 1 0 0 0 1 0 1 0 1 0 0 0 0
100	11	1 0 0 1 0 0 0 0 0 0 0 1 0 0 0 0 0 1 0 0
100	10	0 1 0 0 0 0 1 1 0 0 0 1 0 0 0 0 0 0 0 0
100	14	0 1 1 0 1 0 0 1 0 1 0 1 0 0 1 0 0 0 0 0
100	13	0 0 0 1 0 0 1 1 0 0 0 1 0 0 0 0 0 0 0 0
100	2	0 0 0 0 0 1 0 1 0 0 0 1 1 0 0 0 0 0 0 0
100	3	0 1 1 0 1 0 0 1 0 0 0 1 0 1 0 0 0 1 0 0
100	5	0 0 0 0 1 0 0 0 0 0 1 0 0 0 1 0 1 1 0 0
100	3	0 0 0 0 0 0 0 0 0 0 0 1 0 0 1 0 0 1 0 0
100	20	0 0 1 0 1 1 0 1 0 0 0 1 0 0 0 0 0 0 0 0
100	1	0 1 1 0 0 1 0 1 0 0 0 1 0 0 0 0 0 0 0 0
100	1	0 0 0 0 0 1 0 1 0 0 0 1 0 0 0 0 0 0 1 0
100	20	0 0 0 1 0 0 1 0 0 0 0 1 0 0 0 1 0 1 0 0
100	29	0 1 1 1 0 0 0 0 0 0 0 0 0 0 0 0 0 1 0 0
100	25	0 0 0 0 0 0 0 1 0 0 0 1 0 1 0 0 0 0 0 0
100	12	0 0 0 1 0 1 0 1 0 0 0 1 0 1 0 0 0 0 0 0
100	4	1 1 1 0 1 0 0 1 0 0 0 1 0 1 0 0 0 0 0 0
100	9	0 1 0 0 0 0 0 1 0 0 0 1 0 0 0 0 0 1 0 0
100	4	0 1 1 0 0 0 0 0 0 0 0 0 0 1 0 0 0 1 1 0
100	5	0 0 0 0 0 0 0 0 0 0 0 1 0 0 0 0 0 0 0 0
100	8	0 1 0 0 1 0 0 0 0 0 1 1 0 0 0 0 0 1 0 0
100	1	0 1 0 0 1 0 0 1 0 0 0 1 0 1 0 0 0 0 0 0
100	2	0 1 1 0 1 1 0 1 0 0 0 1 0 1 0 0 0 0 0 0
100	5	1 0 1 0 0 1 0 1 0 0 0 1 0 0 0 0 0 0 0 0
100	3	0 0 1 0 0 1 0 1 0 0 0 1 0 1 0 0 0 0 0 0
100	1	0 0 1 0 0 0 0 0 0 0 0 1 0 0 0 0 0 1 0 0
100	13	0 1 1 0 1 0 0 1 0 0 0 0 0 0 0 0 0 0 0 0
100	12	0 1 1 1 0 0 0 0 0 0 0 1 0 1 0 0 0 1 0 0
100	6	0 0 1 0 0 0 0 0 0 0 0 1 0 0 0 0 0 1 0 1
100	6	0 1 1 0 1 0 0 0 0 0 0 1 0 0 0 0 0 1 0 0
100	4	0 0 1 0 0 1 0 1 0 0 0 0 0 0 0 0 0 0 0 0
100	7	1 1 1 0 1 0 0 1 1 0 0 1 0 1 0 0 0 0 0 0
100	1	0 1 1 0 1 0 0 1 0 0 0 1 1 1 0 0 0 0 0 0
100	1	0 0 0 0 0 1 0 1 0 0 1 1 0 1 0 0 0 1 0 0
100	6	0 1 1 0 1 0 0 1 0 0 0 1 1 0 0 0 0 0 0 0
100	11	0 0 0 0 0 1 0 1 0 0 0 1 0 0 1 1 0 0 0 0
100	9	0 1 1 0 1 0 0 1 0 0 0 1 0 1 1 0 0 0 0 0
100	7	1 1 1 0 1 0 0 1 0 0 0 1 0 1 0 1 0 0 0 0
100	1	0 1 1 0 1 0 0 1 0 1 0 1 0 1 0 1 0 0 0 0
100	3	0 0 0 0 0 1 0 0 0 0 0 1 0 0 0 1 0 1 0 0
100	1	0 0 0 0 0 0 0 0 1 0 1 1 0 0 0 0 0 1 0 0
100	2	0 0 0 0 0 1 0 1 0 0 0 0 0 0 0 1 0 0 0 0
100	5	0 0 1 0 0 1 0 1 0 0 0 1 0 0 0 0 0 1 0 0
100	4	0 1 1 0 1 0 0 0 0 0 0 1 0 1 0 1 0 0 0 0
100	6	0 1 1 0 1 0 0 0 0 0 0 1 0 0 0 0 1 0 0 0
100	2	0 1 1 0 1 0 0 1 0 1 0 1 0 0 0 0 0 0 0 0
100	6	0 1 1 0 1 0 0 0 0 0 0 1 0 0 0 0 0 0 0 0
100	1	0 0 0 1 0 0 1 0 0 0 0 1 0 0 0 0 0 0 0 0
100	7	1 1 0 0 0 0 0 0 0 0 0 1 0 0 0 0 0 1 0 0
100	2	0 0 0 0 0 0 0 1 0 0 0 1 1 0 0 0 0 0 0 0
100	5	0 0 0 0 0 1 0 1 0 0 0 1 0 0 0 0 0 1 1 0
100	2	0 0 0 1 0 0 0 0 0 0 1 1 0 0 0 0 0 1 0 0
100	2	0 1 1 0 1 0 0 1 1 0 0 1 0 0 0 0 0 0 0 0
100	2	0 0 1 0 0 1 0 1 0 0 0 1 0 0 0 0 0 0 1 0
100	1	0 0 1 0 0 0 0 1 0 0 0 1 0 0 0 0 0 0 0 0
100	7	0 1 1 0 1 0 0 1 0 0 0 1 0 0 0 0 1 1 0 0
100	1	0 0 0 0 1 0 0 0 0 0 1 0 0 0 0 0 1 1 1 0
100	1	0 0 0 0 1 0 0 0 0 0 1 0 0 1 0 0 1 1 0 0
100	2	0 1 1 0 1 0 0 1 1 0 0 1 1 0 0 0 0 0 0 0
100	2	0 0 0 0 0 0 0 0 0 0 0 1 0 1 0 0 0 0 0 0
100	1	0 1 1 0 0 0 0 1 0 0 0 1 0 1 0 0 0 0 0 0
100	7	0 1 1 0 1 0 1 1 0 0 0 1 0 0 0 0 0 0 0 0
100	5	0 1 1 0 1 0 0 1 0 0 1 1 0 0 0 0 0 0 0 0
100	1	0 1 1 0 0 0 0 1 0 0 0 1 0 1 0 0 0 1 0 0
100	1	1 0 0 1 0 1 0 0 0 0 0 1 0 0 0 0 0 1 0 0
100	1	0 0 1 0 1 1 0 1 0 0 0 1 0 0 0 0 0 0 0 1
100	2	0 0 1 0 1 1 0 1 0 0 0 1 0 0 1 0 1 0 0 0
100	3	0 0 0 1 0 1 0 1 0 0 0 1 0 0 0 0 0 1 0 0
100	2	0 1 1 0 0 0 0 1 0 0 0 1 0 0 0 0 0 0 0 0
100	1	0 1 1 0 1 0 0 1 0 0 0 1 0 0 0 0 1 0 0 0
100	1	0 1 1 0 1 0 0 1 0 0 0 1 0 1 0 0 0 0 0 1
100	5	0 0 0 1 1 0 1 0 0 0 0 1 0 0 0 0 1 1 0 0
100	4	0 1 1 0 1 0 1 1 0 0 0 1 0 0 0 0 0 1 0 0
100	1	0 1 1 0 1 0 0 1 0 0 1 1 0 0 0 0 0 1 0 0
100	1	1 0 0 1 0 0 0 0 0 0 1 1 0 0 0 0 0 1 0 0
100	1	0 0 1 1 1 1 0 1 0 0 0 1 0 0 0 0 0 0 0 0
100	1	0 0 0 0 0 0 0 1 1 0 0 1 0 1 0 0 0 0 0 0
100	1	0 1 1 0 1 0 0 1 0 0 0 0 0 0 0 0 0 0 0 1
100	4	0 1 1 1 1 0 0 1 0 0 0 0 0 0 0 0 0 0 0 0
100	1	0 1 1 1 0 0 0 0 0 0 0 0 0 1 0 0 0 1 0 0
100	1	0 1 0 0 0 1 0 0 0 0 0 1 0 0 0 1 0 0 0 0
150	8	0 0 0 0 0 1 0 1 0 0 0 1 0 0 0 0 0 0 0 0
150	28	0 1 1 0 1 0 0 1 0 0 0 1 0 0 0 0 0 0 0 0
150	59	0 1 1 0 1 0 0 1 0 0 0 1 0 1 0 0 0 0 0 0
150	2	0 1 1 0 1 0 0 1 0 0 0 1 0 0 0 0 0 1 0 0
150	23	0 1 1 0 1 0 0 0 0 0 0 1 0 0 0 1 0 1 0 0
150	18	0 1 1 0 1 0 0 1 0 0 0 1 0 1 0 1 0 0 0 0
150	9	0 1 1 0 1 0 0 1 0 1 0 1 0 0 1 0 0 0 0 0
150	8	0 0 0 0 0 0 0 1 0 0 0 1 0 1 0 0 0 0 0 0
150	14	0 1 1 0 1 0 0 0 0 0 0 1 0 0 0 0 0 1 0 0
150	63	1 1 1 0 1 0 0 1 0 0 0 1 0 1 0 1 0 0 0 0
150	56	0 1 1 0 1 0 0 1 0 1 0 1 0 1 0 1 0 0 0 0
150	7	0 1 1 0 0 0 0 1 0 0 0 1 0 1 0 0 0 0 0 0
150	29	0 1 1 1 1 0 0 1 0 1 0 1 0 0 1 0 0 0 0 0
150	10	0 1 1 0 1 0 1 1 0 0 0 1 0 1 0 0 0 0 0 0
150	15	0 1 1 0 1 0 0 1 0 0 0 1 0 0 0 0 0 0 1 0
150	6	0 1 1 0 1 0 0 0 0 0 1 0 0 0 0 0 1 1 1 0
150	11	0 1 1 1 1 0 0 1 0 0 0 1 0 0 0 0 0 0 0 0
150	10	0 1 1 0 1 1 0 0 0 0 0 1 0 0 0 1 0 1 0 0
150	13	0 1 1 0 1 0 0 1 0 1 0 1 0 1 0 0 0 0 0 0
150	10	0 0 0 0 0 1 0 1 0 0 0 1 1 1 0 0 0 0 0 0
150	14	0 1 1 1 1 0 0 1 0 1 0 0 0 0 1 0 0 0 0 0
150	5	0 0 0 0 0 1 0 1 0 0 0 1 0 1 1 0 0 0 0 0
150	36	1 1 1 1 1 0 0 1 0 0 0 1 0 0 0 0 0 0 0 0
150	11	1 0 0 0 0 0 0 1 0 0 0 1 0 1 0 0 0 1 0 0
150	19	0 0 1 0 1 0 0 1 0 0 0 1 0 1 1 0 1 0 0 0
150	12	0 0 1 0 1 0 0 1 0 1 0 1 0 1 0 1 0 0 0 0
150	7	0 1 0 0 1 0 0 1 0 0 0 1 0 1 0 0 1 0 0 0
150	4	0 1 1 1 0 1 0 1 0 0 0 1 0 1 0 0 0 1 0 0
150	12	1 1 1 0 1 0 0 1 0 0 1 1 0 0 1 1 0 0 0 0
150	40	1 1 1 0 0 0 0 1 0 0 0 1 0 1 0 1 0 0 0 0
150	4	0 0 0 0 0 1 0 1 0 0 0 1 0 1 0 0 0 0 0 0
150	6	0 1 1 0 0 0 0 1 0 0 0 1 0 1 0 1 0 0 0 0
150	3	0 1 1 0 1 0 0 1 0 0 0 1 1 0 0 0 0 0 0 0
150	23	0 1 1 1 1 0 0 1 0 1 0 1 0 0 1 0 0 0 1 0
150	7	0 1 1 1 1 0 0 1 0 0 0 1 0 0 0 0 0 0 1 0
150	20	0 1 1 0 1 0 0 1 0 0 0 0 0 1 0 0 0 1 0 0
150	20	0 1 1 0 1 0 0 1 0 1 0 1 0 1 0 1 0 0 1 0
150	7	1 1 1 0 1 0 0 1 0 0 1 1 0 1 0 1 0 1 0 0
150	2	1 1 1 0 1 0 0 1 1 0 0 1 0 1 0 0 0 1 0 1
150	5	0 1 0 0 1 0 0 1 0 0 0 1 0 1 0 1 0 0 0 0
150	14	0 1 1 1 1 0 0 1 0 1 0 1 0 0 1 0 0 1 0 0
150	17	0 1 1 0 0 0 1 1 0 0 0 1 0 0 0 0 1 0 0 0
150	8	0 1 0 1 1 0 1 1 0 0 0 1 0 1 0 0 1 0 0 0
150	5	0 1 0 1 1 0 0 1 0 1 0 1 0 0 1 0 0 0 0 0
150	12	0 1 1 1 1 0 0 1 0 0 0 1 1 1 0 0 0 0 0 0
150	3	0 1 1 1 1 1 0 1 0 1 0 1 0 1 1 0 1 0 0 0
150	2	0 1 1 1 1 0 0 1 0 0 0 1 0 1 0 0 0 0 0 0
150	15	0 1 1 0 1 0 0 1 1 1 0 1 0 0 1 0 0 0 0 0
150	2	0 0 0 1 0 0 1 0 0 0 0 1 1 1 0 1 0 1 0 0
150	4	0 1 1 0 0 0 0 1 0 0 0 1 0 0 1 0 1 0 0 0
150	1	0 1 1 0 0 0 0 1 1 0 0 1 0 1 0 0 0 0 0 0
150	7	1 1 1 0 1 0 0 1 0 0 1 1 0 0 0 0 0 0 0 0
150	2	0 1 1 0 1 0 0 1 0 0 0 1 0 1 1 0 1 0 0 0
150	1	1 1 1 0 1 0 0 1 0 0 0 1 0 1 0 0 0 0 0 0
150	11	0 1 1 0 1 0 0 1 0 1 0 1 0 1 0 0 1 0 0 0
150	2	0 0 1 0 1 0 0 1 0 1 0 0 0 0 1 0 0 0 0 0
150	5	0 1 1 1 1 1 0 1 0 1 0 1 1 1 0 1 0 0 0 0
150	4	0 0 1 0 1 0 0 1 1 0 0 1 0 1 1 0 1 0 0 0
150	10	0 1 1 1 1 0 0 1 0 1 0 1 0 1 0 1 0 0 1 0
150	5	0 1 1 0 1 0 0 1 1 0 0 1 1 1 0 1 0 0 0 0
150	6	0 0 1 1 1 0 0 1 0 1 0 0 0 0 1 0 0 0 0 0
150	3	1 1 1 0 0 0 0 1 0 1 0 0 0 0 1 0 0 0 0 0
150	2	0 0 1 0 1 0 0 1 0 0 0 1 0 1 0 1 0 0 0 0
150	10	0 1 1 0 1 1 0 1 0 0 0 1 0 0 0 0 0 1 0 0
150	1	0 0 1 0 1 0 0 1 0 0 0 1 0 1 1 0 1 0 1 0
150	8	0 1 1 0 1 0 0 0 0 1 0 1 0 1 0 0 0 0 0 0
150	2	0 1 1 1 1 0 0 1 0 0 0 1 0 0 1 0 0 0 0 0
150	4	0 1 1 0 1 0 0 1 0 1 0 1 1 1 0 0 0 0 0 0
150	8	1 1 1 1 1 0 0 1 0 0 0 1 0 1 0 0 0 0 0 0
150	5	0 1 0 1 1 0 0 1 0 1 0 1 0 1 0 0 0 0 0 0
150	1	0 1 1 0 0 0 0 1 0 0 0 1 0 1 1 0 0 0 0 0
150	4	0 1 1 0 1 1 0 1 0 0 0 1 0 1 0 0 0 0 0 0
150	3	0 1 1 1 1 0 0 1 0 1 0 1 0 1 0 1 0 0 0 0
150	4	0 1 1 0 1 0 0 1 0 0 1 1 0 0 0 0 0 0 1 0
150	7	0 0 1 1 1 0 0 1 0 0 0 1 0 1 1 0 1 0 0 0
150	2	0 0 1 0 1 0 0 1 0 1 0 1 0 1 0 1 0 1 0 0
150	6	1 1 1 0 0 0 0 1 0 0 0 1 0 1 0 1 0 0 1 0
150	6	1 1 1 0 0 0 0 1 0 0 0 1 0 1 0 0 0 0 0 0
150	2	0 1 1 1 1 0 0 1 0 1 0 1 0 1 0 0 0 0 0 0
150	3	1 1 1 0 1 0 0 1 0 0 0 1 0 0 1 0 0 0 1 0
150	1	0 1 1 0 1 0 0 0 0 0 1 0 0 0 1 0 0 0 0 0
150	13	1 1 1 0 1 1 0 1 0 0 0 1 0 0 0 0 0 1 0 0
150	10	0 0 1 0 1 0 0 1 0 1 0 0 0 1 0 1 0 0 0 0
150	1	0 0 0 0 0 0 0 1 0 0 0 1 0 1 0 1 0 0 0 0
150	7	0 1 0 0 0 0 0 1 0 0 0 1 0 1 0 0 0 0 0 0
150	4	0 1 1 0 1 0 0 1 0 1 0 1 0 1 1 1 0 0 0 0
150	1	0 1 1 1 0 0 0 1 0 1 0 0 0 0 1 0 0 0 0 0
150	1	0 1 1 0 1 0 0 1 0 1 0 1 0 0 0 1 0 0 0 0
150	3	0 1 1 0 0 0 0 0 0 0 1 0 0 0 1 0 0 0 0 0
150	2	1 1 1 1 1 0 0 0 0 0 0 1 0 0 0 1 0 1 0 0
150	1	0 1 1 0 0 0 0 0 0 0 1 0 0 0 1 0 1 1 0 0
150	9	0 1 1 1 1 0 0 1 0 1 0 0 0 0 1 0 0 0 1 0
150	5	0 1 1 0 0 0 0 1 0 1 0 1 0 1 0 1 0 0 1 0
150	2	0 1 1 0 1 0 0 1 0 0 0 1 0 1 1 0 1 1 0 0
150	3	0 1 1 1 1 0 0 1 0 0 0 1 0 0 1 0 0 1 0 0
150	2	0 1 0 0 1 1 0 1 0 0 0 1 0 1 0 0 0 0 0 0
150	4	1 1 1 0 1 0 0 1 0 0 1 1 0 0 1 0 0 0 0 0
150	2	0 1 1 0 0 0 1 1 0 0 0 1 0 0 0 1 0 0 0 0
150	2	0 1 1 0 0 0 0 1 0 0 0 1 0 0 0 0 0 0 0 0
150	2	0 1 1 0 1 0 0 1 0 0 0 1 0 1 1 1 0 0 0 0
150	2	1 1 1 0 1 0 0 1 1 0 0 1 0 1 0 1 0 0 0 0
150	4	0 1 1 1 1 0 0 1 0 1 0 1 0 1 1 0 0 0 0 0
150	4	0 0 1 1 1 1 0 1 0 1 0 1 1 1 0 1 0 0 0 0
150	1	0 0 0 0 0 1 0 1 0 0 0 1 0 0 0 0 0 1 0 0
150	1	1 0 1 1 1 0 0 1 0 0 0 1 0 1 1 0 1 0 0 0
150	2	0 1 1 0 0 0 0 1 0 0 0 1 0 1 0 0 0 0 1 0
150	1	0 1 1 0 1 0 0 1 1 0 0 1 0 0 0 0 0 0 0 0
150	2	0 1 1 1 0 0 0 1 0 0 0 1 0 1 0 0 0 0 0 0
150	2	0 1 1 0 0 0 1 1 0 0 0 1 0 1 0 0 0 0 0 0
150	2	1 0 0 0 0 0 0 1 0 0 0 1 0 1 1 0 0 1 0 0
150	2	0 1 1 0 0 0 0 1 1 0 0 1 1 1 0 0 0 0 0 0
150	4	1 1 1 0 1 0 1 1 0 0 0 1 0 0 1 0 0 0 1 0
150	3	0 0 0 1 1 1 0 1 0 1 0 1 1 1 0 1 0 0 0 0
150	1	1 1 1 0 1 0 0 1 0 0 0 1 1 0 0 0 0 0 0 0
150	2	1 1 1 0 1 0 0 1 0 0 0 1 0 1 1 0 0 0 0 0
150	2	0 1 1 1 1 0 0 1 0 0 0 1 0 0 1 0 0 0 1 0
150	1	1 1 1 0 1 0 0 1 1 0 0 1 0 1 0 0 0 0 0 0
150	1	0 1 1 0 0 0 0 1 0 1 0 1 0 0 1 0 0 0 1 0
150	1	0 0 1 1 1 0 0 1 0 0 0 1 0 0 0 0 0 0 0 0
150	1	0 0 1 0 1 0 0 1 0 1 0 0 0 1 0 0 0 0 0 0
150	1	0 0 1 0 1 0 0 0 0 0 0 1 0 0 0 0 0 1 0 0
150	2	1 1 1 0 1 0 0 1 0 0 0 1 0 1 0 1 0 0 0 1
150	1	1 1 1 0 1 0 0 1 0 0 1 1 0 1 0 1 0 0 0 0
150	1	0 1 1 0 1 0 0 1 0 1 0 1 0 0 0 0 0 0 1 0
150	1	0 1 1 0 0 1 0 1 0 0 0 1 0 1 0 1 0 0 0 0
150	2	0 1 1 1 1 0 0 1 0 1 0 1 0 1 1 0 0 0 1 0
150	3	0 1 1 0 1 0 0 1 1 1 0 1 1 0 1 0 0 0 0 0
150	2	0 1 1 0 1 0 0 1 0 1 0 1 1 1 1 0 0 0 0 0
200	4	0 1 1 0 1 0 0 1 0 0 0 1 0 0 0 0 0 0 0 0
200	6	0 1 1 0 1 0 0 1 0 0 0 1 0 1 0 0 0 0 0 0
200	2	0 1 1 0 1 0 0 0 0 0 0 1 0 0 0 1 0 1 0 0
200	25	0 1 1 0 1 0 0 1 0 0 0 1 0 1 0 1 0 0 0 0
200	30	0 1 1 0 1 0 0 1 0 1 0 1 0 0 1 0 0 0 0 0
200	48	1 1 1 0 1 0 0 1 0 0 0 1 0 1 0 1 0 0 0 0
200	42	0 1 1 0 1 0 0 1 0 1 0 1 0 1 0 1 0 0 0 0
200	14	0 1 1 1 1 0 0 1 0 1 0 1 0 0 1 0 0 0 0 0
200	4	0 0 1 0 1 0 0 1 0 0 0 1 0 1 1 0 1 0 0 0
200	120	1 1 1 0 0 0 0 1 0 0 0 1 0 1 0 1 0 0 0 0
200	9	0 1 1 0 1 0 0 1 0 1 0 1 0 1 0 1 0 0 1 0
200	10	0 1 1 1 1 0 0 1 0 0 0 1 0 1 0 0 0 0 0 0
200	50	0 1 1 1 1 1 0 1 0 1 0 1 1 1 0 1 0 0 0 0
200	11	0 1 1 0 1 0 0 1 0 1 0 1 0 1 1 1 0 0 0 0
200	16	0 1 1 0 1 0 0 1 1 0 0 1 0 0 0 0 0 0 0 0
200	11	1 1 1 0 1 0 0 1 0 0 0 1 0 1 1 0 0 0 0 0
200	1	0 1 1 0 1 0 0 1 0 1 0 1 0 1 0 0 0 0 1 0
200	1	0 1 1 0 0 0 1 1 0 0 0 1 1 0 0 0 1 0 0 0
200	12	1 1 1 0 1 1 0 1 0 1 0 1 1 1 0 1 0 0 0 0
200	16	0 0 0 0 0 0 0 1 0 0 0 1 1 1 0 0 0 0 0 0
200	18	1 1 1 0 1 0 0 1 0 0 0 1 0 0 0 0 0 0 0 0
200	26	0 1 1 0 1 0 0 1 0 0 0 1 0 1 1 0 0 0 0 0
200	30	1 1 1 1 1 0 0 1 0 0 0 0 0 0 0 0 0 0 0 0
200	10	0 1 1 0 1 0 0 1 0 0 0 1 0 1 0 1 0 1 0 0
200	3	0 1 1 0 1 0 0 1 0 1 0 1 1 1 0 0 0 0 0 0
200	5	0 0 1 0 1 0 0 1 1 1 0 1 0 1 1 1 0 0 0 0
200	5	1 1 1 0 1 0 0 1 0 0 0 1 0 1 0 1 0 0 0 1
200	6	0 1 1 0 1 0 0 1 0 0 1 1 0 0 0 1 0 1 0 0
200	14	0 1 1 1 1 0 0 1 0 1 0 1 0 1 0 1 0 0 0 0
200	1	0 1 1 1 1 0 0 1 0 0 0 1 0 1 1 0 0 0 0 0
200	4	1 1 1 0 1 0 1 1 0 1 0 1 0 1 1 0 0 0 0 0
200	34	1 1 1 0 1 0 1 1 0 0 0 1 0 1 0 1 0 0 0 0
200	9	0 1 1 0 1 0 0 1 0 1 0 0 0 0 1 0 0 0 0 1
200	5	0 1 1 0 1 0 0 1 0 0 0 1 0 1 0 1 0 0 0 1
200	2	1 1 1 0 0 0 0 1 0 0 1 1 0 0 1 1 0 0 0 0
200	8	0 1 1 0 1 0 0 1 0 0 1 1 0 1 1 0 0 0 0 0
200	2	0 1 1 1 1 0 0 1 0 1 0 0 0 1 0 1 0 1 0 0
200	9	0 1 1 0 0 0 0 1 1 0 0 1 0 0 1 0 0 0 0 0
200	3	1 1 1 0 1 0 0 1 0 1 0 0 0 0 1 0 0 0 1 0
200	4	0 1 1 0 1 0 0 1 0 0 0 0 0 0 0 1 1 0 0 0
200	2	1 1 1 0 0 0 0 1 0 0 0 1 0 1 1 1 0 0 0 0
200	3	1 1 1 1 1 0 0 1 0 1 0 1 1 1 0 0 0 0 0 0
200	10	1 1 1 0 1 1 0 1 0 1 0 1 0 1 0 1 0 1 0 0
200	2	0 1 0 1 1 1 0 1 0 0 0 1 0 1 0 0 0 0 0 0
200	27	1 1 1 0 1 0 0 1 0 0 0 1 1 1 0 1 0 0 0 0
200	2	0 1 1 0 1 0 0 1 0 0 0 1 0 1 0 0 0 1 0 0
200	22	1 1 1 0 1 0 0 1 0 0 0 1 0 1 0 1 0 0 1 0
200	1	0 1 1 0 1 0 0 1 1 1 0 1 0 1 0 1 0 0 0 0
200	2	0 1 1 0 1 0 0 1 0 0 0 1 0 1 0 1 1 1 0 0
200	8	0 0 1 0 1 0 0 1 0 0 0 0 0 1 0 0 0 0 0 0
200	4	0 1 1 1 1 0 0 1 0 1 0 0 0 1 0 1 0 0 0 0
200	7	0 0 1 0 1 0 0 1 0 0 0 1 0 1 1 1 0 0 0 0
200	8	1 1 1 0 0 0 0 1 0 0 0 1 1 1 0 0 0 0 0 0
200	4	0 1 1 0 1 0 0 1 1 0 0 1 0 1 0 1 0 0 0 0
200	11	0 1 1 0 0 0 0 1 0 0 0 1 0 1 0 1 0 1 0 0
200	7	1 1 1 0 0 0 0 1 0 0 0 1 0 1 0 1 1 0 0 0
200	2	0 0 1 0 0 0 0 1 0 0 0 1 1 1 0 0 0 0 0 0
200	1	0 1 1 1 1 0 0 1 0 0 0 1 0 1 0 1 0 0 0 1
200	4	0 1 1 0 1 0 0 1 0 0 0 0 0 1 0 1 1 0 0 0
200	8	0 1 1 0 0 0 0 1 0 0 0 1 0 1 1 0 0 0 0 0
200	5	0 1 1 0 1 1 0 1 0 0 0 1 0 1 0 0 0 0 0 0
200	7	0 0 1 0 1 0 0 1 0 1 0 1 0 1 0 0 0 0 1 0
200	7	0 1 1 0 1 0 1 1 0 1 0 1 0 1 0 1 1 1 0 0
200	2	0 1 1 1 1 1 0 1 0 1 0 1 1 0 0 1 0 0 0 0
200	6	0 1 1 0 1 0 0 1 0 0 0 1 0 1 0 1 0 1 1 0
200	7	1 1 1 0 1 0 0 1 0 0 0 1 1 1 0 0 0 0 0 0
200	1	1 1 1 0 1 0 1 1 0 1 0 1 0 1 1 1 0 0 1 0
200	1	0 1 1 0 1 0 0 0 0 1 0 1 0 1 0 1 0 0 0 0
200	5	1 0 1 0 0 0 0 1 0 0 0 1 0 1 1 0 0 0 0 0
200	1	1 1 1 0 1 0 0 1 0 0 0 1 0 1 0 0 0 1 0 0
200	6	0 1 1 1 1 0 0 1 0 0 0 1 0 1 0 1 0 0 0 0
200	6	0 1 1 1 1 0 0 1 0 1 0 0 0 1 0 0 0 1 0 0
200	2	0 1 1 0 1 0 0 1 0 1 0 1 0 1 0 0 0 0 0 0
200	9	0 1 1 1 1 0 0 1 0 1 1 1 0 0 1 0 0 0 0 0
200	4	1 1 1 0 0 0 0 1 0 0 1 0 0 0 1 1 0 0 0 0
200	2	0 1 0 0 1 0 0 1 0 0 1 1 0 1 1 0 0 0 0 0
200	7	0 1 1 1 1 1 0 1 0 1 0 1 1 0 0 1 0 0 1 0
200	1	0 1 1 1 1 0 0 1 0 0 0 1 0 0 0 0 0 0 0 0
200	7	0 0 1 0 1 0 0 1 0 1 0 1 0 1 0 1 0 0 0 0
200	6	0 1 1 1 1 0 0 0 0 1 0 1 0 0 1 0 0 0 0 0
200	12	1 0 1 0 0 0 0 1 0 0 0 1 0 1 0 1 0 0 0 0
200	1	1 1 1 0 1 0 0 1 1 0 0 1 0 1 1 0 0 0 0 0
200	1	1 1 1 0 1 0 0 1 0 0 0 0 0 0 1 0 0 0 1 0
200	6	0 1 1 0 0 0 0 1 0 1 0 1 0 1 0 1 0 0 1 0
200	2	1 1 1 0 1 0 0 1 0 0 0 1 0 0 0 0 1 0 0 0
200	7	1 1 1 1 1 0 0 1 0 1 0 0 0 1 0 1 0 0 0 0
200	1	1 1 1 0 0 0 0 0 0 0 0 1 1 1 0 0 0 0 0 0
200	1	1 1 1 0 1 1 0 1 0 0 0 1 0 1 1 1 0 0 0 0
200	2	0 1 1 0 1 0 0 1 0 0 0 1 1 1 0 1 0 0 0 0
200	3	1 1 1 0 1 0 0 1 0 1 0 1 0 1 0 1 0 0 0 0
200	7	0 1 1 0 1 0 0 1 0 1 0 1 0 1 0 1 0 1 0 0
200	3	1 1 0 0 0 0 0 1 0 0 0 1 0 1 1 1 0 0 0 0
200	3	1 1 1 0 1 0 0 1 0 1 0 0 0 1 0 1 0 0 0 0
200	6	0 1 1 0 0 0 0 1 0 0 0 1 0 1 1 0 0 0 1 0
200	10	0 1 1 0 1 0 0 1 0 0 0 1 0 0 0 0 0 0 1 0
200	2	1 1 1 1 0 0 0 1 0 0 0 1 0 1 0 1 0 0 0 0
200	2	1 1 1 0 1 0 1 1 0 0 0 1 0 1 0 1 0 0 1 0
200	1	0 0 1 0 1 0 0 1 0 1 0 0 0 0 1 0 0 0 0 1
200	8	1 1 1 0 0 0 0 1 0 0 0 1 0 1 0 0 0 1 0 0
200	8	0 0 0 0 0 0 0 1 0 1 0 1 1 1 1 1 0 0 0 0
200	1	0 1 1 0 1 0 0 1 0 1 0 1 1 1 0 1 0 0 0 0
200	2	0 1 1 0 1 0 0 1 0 0 0 0 0 1 0 0 0 0 0 0
200	2	1 1 1 0 0 0 0 1 0 0 0 1 1 1 0 1 0 0 0 0
200	1	1 1 1 0 1 0 1 1 0 0 0 1 0 1 0 1 0 1 0 0
200	7	1 1 1 0 1 0 0 1 0 1 0 1 0 1 1 1 0 0 0 0
200	2	0 1 1 0 1 0 0 1 0 0 0 1 0 1 0 0 0 0 0 1
200	1	0 1 1 0 1 0 0 1 0 0 0 1 0 1 1 1 0 0 0 0
200	1	0 0 1 0 1 0 0 1 0 0 0 1 0 1 1 0 0 0 0 0
200	1	1 1 1 0 1 0 0 1 0 0 1 1 0 1 0 1 0 0 0 1
200	2	0 1 1 0 1 0 0 1 0 1 0 0 0 0 1 0 0 0 1 1
200	2	1 1 1 0 0 0 0 1 1 0 1 1 0 0 1 1 0 0 0 0
200	2	0 0 1 0 1 0 0 1 0 0 1 1 0 1 1 1 0 0 0 0
200	1	1 1 1 0 1 0 0 1 0 1 0 0 0 1 0 0 0 1 0 0
200	4	1 1 1 1 1 0 0 1 0 0 0 0 0 1 1 0 0 0 0 0
200	1	0 1 1 0 0 0 0 1 1 0 0 1 0 0 1 0 0 1 0 0
200	1	0 0 1 0 1 0 0 1 0 0 0 0 0 0 0 0 0 0 0 0
200	1	1 1 1 0 0 0 0 1 0 0 0 0 0 0 1 0 0 0 0 1
200	1	1 1 1 0 1 0 0 1 0 1 0 1 1 1 1 1 0 0 0 0
200	1	0 0 1 1 1 0 0 1 0 1 0 1 0 0 1 0 0 0 0 0
200	1	0 1 1 0 1 0 0 1 1 0 0 1 0 0 1 0 0 0 0 0
200	3	1 1 1 0 1 1 0 1 0 1 0 0 1 1 0 1 0 0 0 0
200	3	0 0 0 0 0 0 0 1 1 0 0 1 1 1 0 0 0 0 0 0
200	1	1 1 1 0 1 1 0 1 0 0 0 1 0 0 0 0 0 0 0 0
200	2	1 1 1 1 1 0 0 1 0 0 0 1 0 0 0 0 0 0 0 0
200	1	0 1 1 0 1 0 0 1 0 0 0 1 0 1 1 0 0 0 0 1
200	1	1 1 1 1 1 0 0 1 1 0 0 0 0 0 0 0 0 0 0 0
200	2	0 1 0 0 1 1 0 1 0 0 0 1 0 1 0 1 0 1 0 0
200	1	0 1 1 0 1 0 1 1 0 0 0 1 0 1 0 1 0 0 0 0
200	2	1 1 1 0 1 0 1 1 0 0 0 1 0 1 0 1 1 0 0 0
200	1	0 1 1 0 1 0 0 1 0 1 0 0 0 0 0 0 0 0 0 1
200	2	1 1 1 1 1 0 0 1 0 1 0 1 1 0 0 0 0 0 0 0
200	1	0 1 1 0 1 0 1 1 0 0 0 1 0 1 0 0 0 1 0 0
200	1	1 1 1 0 0 0 0 0 0 0 0 1 1 1 0 1 0 0 0 0
200	1	0 1 1 0 1 0 1 1 0 0 0 1 1 1 0 1 0 0 0 0
250	17	0 1 1 0 1 0 0 1 0 0 0 1 0 1 0 1 0 0 0 0
250	2	0 1 1 0 1 0 0 1 0 1 0 1 0 0 1 0 0 0 0 0
250	26	1 1 1 0 1 0 0 1 0 0 0 1 0 1 0 1 0 0 0 0
250	59	1 1 1 0 0 0 0 1 0 0 0 1 0 1 0 1 0 0 0 0
250	7	0 1 1 0 1 0 0 1 0 1 0 1 0 1 0 1 0 0 1 0
250	23	0 1 1 0 1 0 0 1 0 1 0 1 0 1 1 1 0 0 0 0
250	11	1 1 1 0 1 0 0 1 0 0 0 1 0 0 0 0 0 0 0 0
250	20	0 1 1 0 1 0 0 1 0 0 0 1 0 1 1 0 0 0 0 0
250	57	0 1 1 1 1 0 0 1 0 1 0 1 0 1 0 1 0 0 0 0
250	10	0 1 1 0 1 0 0 1 0 0 1 1 0 1 1 0 0 0 0 0
250	26	1 1 1 0 1 0 0 1 0 0 0 1 1 1 0 1 0 0 0 0
250	12	1 1 1 0 0 0 0 1 0 0 0 1 1 1 0 0 0 0 0 0
250	11	1 1 1 0 1 0 0 1 0 0 0 1 1 1 0 0 0 0 0 0
250	18	0 1 1 1 1 0 0 1 0 1 1 1 0 0 1 0 0 0 0 0
250	5	1 1 1 1 1 0 0 1 0 0 0 0 0 1 1 0 0 0 0 0
250	16	0 1 1 1 1 1 0 1 0 1 0 1 0 1 0 1 0 0 0 0
250	2	1 1 1 0 0 0 0 1 0 0 0 1 0 1 0 1 0 0 0 1
250	14	0 1 1 0 1 0 0 1 0 1 0 1 0 0 0 0 0 0 0 0
250	17	1 1 1 0 0 0 0 1 0 1 0 0 0 1 0 1 0 0 0 0
250	2	0 0 1 0 1 0 0 1 1 0 0 1 0 0 0 0 0 0 0 0
250	22	1 1 1 0 1 0 1 1 1 0 0 1 0 1 0 1 0 0 0 0
250	10	0 1 1 0 1 0 0 1 0 0 0 1 0 1 0 1 0 0 1 0
250	7	1 1 0 0 0 0 0 1 0 0 0 1 0 1 0 1 0 0 0 0
250	6	1 1 1 0 0 0 0 1 0 0 1 1 0 1 0 1 0 0 0 0
250	1	1 1 1 0 1 0 0 0 0 0 0 1 0 0 0 0 0 0 0 0
250	1	0 1 1 0 1 0 0 1 0 1 0 1 0 0 1 1 0 0 0 0
250	42	1 1 1 0 1 0 1 1 0 0 0 1 1 1 0 0 0 0 0 0
250	1	1 0 1 0 1 0 0 1 0 1 0 1 0 1 0 1 0 0 1 0
250	24	0 1 1 0 1 0 0 1 1 0 0 1 0 1 0 1 0 0 0 0
250	20	0 1 0 1 1 0 0 1 0 0 0 1 1 1 0 0 0 0 0 0
250	15	1 1 1 0 1 0 0 1 0 1 0 1 0 1 1 1 0 0 0 0
250	11	0 1 1 0 0 0 0 1 0 0 0 1 0 1 0 1 0 0 0 0
250	19	1 1 1 0 1 0 0 1 0 0 0 1 0 1 0 1 1 0 0 0
250	5	0 1 1 0 0 0 0 1 0 0 1 1 0 1 0 1 0 0 0 0
250	26	1 1 1 1 1 1 0 1 0 1 0 1 1 1 0 1 0 0 0 0
250	35	0 1 1 0 1 0 0 1 1 0 0 1 1 1 0 1 0 0 0 0
250	9	0 1 1 1 1 0 0 1 0 0 0 1 0 1 0 1 0 0 0 0
250	5	0 0 1 0 1 0 0 1 1 0 0 1 0 0 1 0 0 0 0 0
250	7	1 1 1 0 1 0 0 1 0 0 0 1 0 1 0 1 0 0 1 0
250	6	1 1 1 0 0 0 0 0 0 0 1 1 0 1 0 1 0 0 0 0
250	8	1 1 0 0 1 0 0 1 0 0 0 1 0 1 0 1 0 0 0 0
250	8	1 1 0 0 0 0 0 1 0 1 0 0 0 1 0 1 0 0 0 0
250	3	1 0 1 1 1 1 0 1 0 1 0 1 1 1 0 1 0 0 0 0
250	24	1 1 1 0 0 0 0 1 0 1 0 0 0 1 0 0 0 0 0 0
250	4	1 1 1 0 0 0 0 1 0 0 1 1 0 0 0 1 0 0 0 0
250	2	1 1 1 0 1 0 0 1 0 1 1 1 0 0 1 0 0 0 0 0
250	12	1 1 1 1 0 0 0 1 0 0 1 1 0 1 0 1 0 0 0 0
250	1	0 0 1 0 1 0 1 1 0 1 1 1 0 0 1 0 0 0 0 0
250	6	1 1 1 1 1 0 0 1 1 0 0 1 0 1 0 1 0 0 1 0
250	6	1 1 1 0 1 0 0 0 0 0 0 1 0 1 0 0 0 0 0 0
250	17	1 1 0 0 1 0 0 1 0 1 0 1 0 1 1 1 0 0 0 0
250	5	0 1 1 0 1 0 0 0 0 0 0 1 0 1 1 0 0 0 0 0
250	15	1 1 1 0 1 1 0 1 0 0 0 1 0 1 0 1 0 1 0 0
250	11	1 1 1 0 1 0 0 0 0 1 0 1 0 0 0 0 0 0 0 0
250	2	1 1 1 0 1 0 1 1 0 0 0 1 0 1 1 1 0 0 0 0
250	4	1 0 1 0 1 0 0 1 0 1 0 1 1 1 0 0 0 0 0 0
250	10	1 1 1 0 0 0 0 1 0 1 1 0 0 0 0 1 0 0 0 0
250	11	1 1 1 0 1 0 0 1 0 1 0 1 0 0 1 0 0 0 0 0
250	10	1 1 1 0 1 0 0 1 0 0 0 1 1 1 0 1 1 0 0 0
250	1	0 1 1 0 0 0 0 1 0 0 0 1 0 1 0 1 0 0 1 0
250	10	1 1 1 1 1 0 0 1 0 1 1 1 0 0 1 0 0 0 0 0
250	9	1 1 1 0 1 0 0 1 0 1 1 0 0 0 0 1 0 0 0 0
250	2	0 1 0 1 1 0 1 1 0 0 0 1 1 1 0 0 0 0 0 0
250	8	1 1 1 0 1 0 1 1 0 0 0 1 0 1 0 1 0 0 0 0
250	19	1 1 1 0 1 0 1 1 0 0 0 1 1 1 0 1 0 1 0 0
250	3	1 1 1 0 0 0 0 1 1 0 0 1 0 1 0 1 0 0 0 0
250	4	1 1 1 0 1 0 0 1 0 1 0 1 1 1 0 1 0 0 0 0
250	1	0 1 1 1 1 1 0 1 0 1 1 1 0 0 1 0 0 0 0 0
250	7	0 1 1 1 1 0 0 1 0 1 0 1 0 0 1 0 0 0 0 0
250	10	1 1 0 0 1 0 0 1 1 0 0 1 0 1 0 1 0 0 0 0
250	8	1 1 1 0 1 0 1 1 0 0 0 1 0 1 0 0 0 0 0 0
250	1	1 1 1 0 0 0 0 0 0 0 1 1 1 1 0 1 0 0 0 0
250	3	1 1 1 0 0 0 0 0 0 0 0 1 0 1 0 1 0 0 0 0
250	1	0 1 1 1 1 0 0 1 0 1 1 1 0 1 1 0 0 0 0 0
250	9	1 1 1 0 1 0 1 1 1 0 0 1 0 1 0 1 0 0 0 1
250	10	1 1 1 0 1 0 0 1 1 0 0 1 1 1 0 1 0 0 0 0
250	2	1 1 1 0 1 0 0 1 0 0 1 1 0 1 1 0 0 0 0 0
250	7	1 1 1 1 0 0 0 1 0 0 0 1 0 1 0 1 0 0 0 0
250	1	1 1 1 0 1 0 0 1 0 0 0 1 0 0 0 1 0 0 0 0
250	8	1 1 1 0 1 0 0 1 0 1 0 1 0 1 1 0 0 0 0 0
250	2	1 1 1 0 1 1 0 1 0 0 0 1 0 1 0 1 1 0 0 0
250	4	0 1 1 1 1 0 0 1 0 0 1 1 0 0 0 1 0 0 0 0
250	2	0 1 1 0 1 0 0 1 1 0 0 1 0 1 0 1 0 0 1 0
250	1	1 1 1 0 0 0 0 1 0 1 0 1 0 1 0 1 0 0 0 0
250	3	0 0 1 1 1 0 0 1 0 1 0 1 0 1 0 1 0 0 0 0
250	3	0 1 1 0 1 1 0 1 1 0 0 1 0 1 0 1 0 0 0 0
250	2	1 1 1 0 1 0 0 1 0 0 0 0 0 1 0 1 1 0 0 0
250	3	0 1 1 0 1 0 1 1 1 0 0 1 1 1 0 1 0 0 0 0
250	2	1 1 1 0 1 0 0 1 0 0 1 1 0 1 0 1 0 0 1 0
250	2	1 1 1 0 0 0 0 1 0 0 0 1 1 1 0 1 1 0 0 0
250	1	0 0 1 1 1 0 0 1 0 1 0 1 0 0 1 0 0 0 0 0
250	1	1 1 1 0 0 1 0 0 0 0 0 1 0 1 0 1 0 0 0 0
250	1	0 1 1 0 1 0 0 1 0 0 0 1 0 0 0 0 0 0 0 0
250	1	0 1 1 0 1 0 0 1 0 0 0 1 0 1 0 0 0 0 0 0
250	2	0 1 1 0 0 0 0 1 0 1 0 0 0 1 0 1 0 0 0 0
250	3	0 1 1 1 1 0 0 1 0 0 0 1 0 1 1 1 0 0 0 0
250	7	1 1 1 0 1 1 0 1 0 0 0 1 0 1 0 1 0 0 0 0
250	5	0 1 1 1 1 0 0 1 0 1 1 1 0 0 1 0 1 0 0 0
250	1	1 1 0 0 1 0 0 0 0 0 0 1 0 0 0 0 0 0 0 0
250	1	1 1 0 0 0 0 0 1 0 1 0 0 0 1 0 0 0 0 0 0
250	1	1 1 1 0 1 0 0 0 0 0 0 1 1 1 0 1 1 0 0 0
250	7	1 1 1 0 1 0 0 1 0 1 1 0 1 0 0 1 0 0 0 0
250	3	1 1 1 0 0 0 0 0 0 0 1 1 1 1 0 1 0 0 0 1
250	4	0 1 1 1 1 0 0 1 0 1 0 1 0 1 0 1 0 1 0 0
250	1	0 1 1 1 1 0 0 1 0 0 0 1 1 1 0 1 0 0 0 0
250	1	0 1 1 0 1 0 0 1 0 1 0 1 1 1 0 1 1 0 0 0
250	2	1 1 1 0 1 0 0 1 0 1 0 1 0 0 0 0 0 0 0 0
250	2	0 1 1 1 1 0 0 1 0 0 0 1 0 1 1 0 0 0 0 0
250	2	0 1 1 1 1 0 0 1 1 0 0 1 0 0 1 0 0 0 0 0
250	1	0 1 1 0 1 0 0 1 0 1 0 1 0 1 1 1 1 0 0 0
250	2	0 1 1 0 1 0 1 1 0 0 0 1 0 1 1 0 0 0 0 0
250	3	1 1 1 1 1 0 0 1 0 1 0 1 0 1 0 1 0 0 0 0
250	1	0 1 1 0 1 0 0 1 0 1 1 1 0 0 1 0 0 0 0 0
250	2	0 1 1 0 1 0 1 1 1 0 0 1 0 1 0 1 0 0 0 0
250	3	0 1 1 0 1 0 0 1 1 0 0 1 0 1 1 1 0 0 0 0
250	2	0 0 1 0 1 0 1 1 0 1 1 0 0 0 1 0 0 0 0 0
250	1	1 1 0 0 1 0 0 1 0 0 0 1 0 1 1 1 0 0 0 0
250	2	1 1 0 0 1 0 0 1 0 1 0 0 0 1 1 1 0 0 0 0
250	1	1 1 0 0 1 1 0 1 0 0 0 1 0 1 0 1 0 1 0 0
250	1	1 1 1 0 1 0 0 1 1 1 0 1 0 1 1 0 0 0 0 0
250	1	0 1 1 0 0 0 0 1 0 1 0 0 0 1 0 1 0 0 1 0
300	32	1 1 1 0 1 0 0 1 0 0 0 1 0 1 0 1 0 0 0 0
300	25	1 1 1 0 0 0 0 1 0 0 0 1 0 1 0 1 0 0 0 0
300	22	0 1 1 0 1 0 0 1 0 1 0 1 0 1 1 1 0 0 0 0
300	18	0 1 1 1 1 0 0 1 0 1 0 1 0 1 0 1 0 0 0 0
300	4	1 1 1 0 1 0 0 1 0 0 0 1 1 1 0 0 0 0 0 0
300	6	0 1 1 1 1 1 0 1 0 1 0 1 0 1 0 1 0 0 0 0
300	32	0 1 1 0 1 0 0 1 0 1 0 1 0 0 0 0 0 0 0 0
300	5	0 1 1 0 1 0 0 1 0 0 0 1 0 1 0 1 0 0 1 0
300	15	1 1 1 0 1 0 1 1 0 0 0 1 1 1 0 0 0 0 0 0
300	26	1 1 1 0 1 0 0 1 0 1 0 1 0 1 1 1 0 0 0 0
300	3	1 1 1 1 1 1 0 1 0 1 0 1 1 1 0 1 0 0 0 0
300	37	0 1 1 0 1 0 0 1 1 0 0 1 1 1 0 1 0 0 0 0
300	88	0 1 1 1 1 0 0 1 0 0 0 1 0 1 0 1 0 0 0 0
300	32	1 1 0 0 1 0 0 1 0 1 0 1 0 1 1 1 0 0 0 0
300	2	0 1 1 1 1 0 0 1 0 1 0 1 0 0 1 0 0 0 0 0
300	2	0 1 1 1 1 0 0 1 0 0 1 1 0 0 0 1 0 0 0 0
300	10	1 1 1 0 1 0 1 1 0 0 1 1 1 1 0 0 0 0 0 0
300	15	0 1 1 0 0 0 0 1 0 1 0 1 0 1 1 1 0 0 0 0
300	3	1 1 0 0 1 0 0 1 0 1 0 1 0 1 1 1 0 1 0 0
300	19	1 1 1 0 1 0 0 1 0 1 0 1 0 1 0 1 0 0 0 0
300	5	1 1 1 0 1 0 0 1 0 1 0 0 0 1 0 0 0 0 0 0
300	14	1 1 1 0 1 0 0 1 1 0 0 1 1 1 0 1 0 0 0 0
300	8	1 1 1 0 1 0 1 1 0 1 0 1 1 1 0 1 0 0 0 0
300	4	0 1 1 1 1 0 0 1 0 0 0 1 0 1 1 0 0 0 0 0
300	34	1 1 1 0 1 0 1 1 0 0 0 1 1 1 0 0 0 0 1 0
300	3	1 1 1 1 0 0 0 1 0 0 0 1 0 1 0 1 0 0 0 0
300	1	0 1 1 1 1 0 0 1 0 1 0 0 0 1 0 0 0 0 0 0
300	3	0 1 1 1 1 0 0 1 1 0 0 1 1 1 0 1 0 0 0 0
300	2	0 1 1 1 1 0 0 0 0 0 1 1 0 0 0 1 0 0 0 0
300	7	0 1 1 1 1 0 0 1 0 0 1 1 0 1 1 1 0 0 1 0
300	7	0 1 1 0 1 0 0 1 0 0 0 1 0 0 0 0 0 0 1 0
300	4	1 1 1 0 1 1 0 1 0 0 0 1 0 1 0 1 0 0 0 0
300	9	1 1 1 0 1 0 0 1 0 0 0 1 0 1 0 1 0 1 0 0
300	4	0 1 1 0 1 0 0 1 0 1 0 1 0 1 1 1 1 0 0 0
300	18	1 1 1 1 1 0 0 1 0 1 0 1 0 1 0 0 0 0 1 0
300	2	0 1 1 0 1 0 0 1 1 0 0 1 1 1 1 1 0 0 0 0
300	10	0 1 1 0 0 0 1 1 0 1 1 0 1 0 0 1 0 1 0 1
300	20	1 1 1 0 1 0 0 1 1 0 0 1 0 1 0 1 0 0 0 0
300	18	0 1 1 0 1 0 0 1 1 0 0 1 1 1 0 1 0 1 0 0
300	4	1 1 1 0 1 0 0 1 0 1 0 0 0 1 0 0 0 1 0 0
300	1	0 1 1 0 1 0 1 1 0 0 0 1 1 1 0 0 0 0 0 0
300	12	0 1 1 1 1 0 1 1 1 0 0 1 1 1 0 1 0 0 0 0
300	14	0 1 1 1 1 0 0 1 0 1 0 1 0 0 0 0 0 0 1 0
300	12	0 1 1 0 1 0 0 1 1 0 0 1 1 1 0 1 0 0 0 1
300	7	0 1 1 0 1 0 0 1 1 1 0 1 1 1 0 1 0 0 0 0
300	2	0 1 1 1 1 0 0 0 0 1 0 0 0 1 0 0 0 0 0 0
300	19	1 1 1 0 1 0 1 1 0 0 0 1 1 1 0 1 0 0 0 0
300	2	0 1 1 0 0 0 0 1 0 0 0 1 0 1 1 1 0 0 0 0
300	1	0 0 1 0 1 0 0 1 0 0 0 1 0 1 1 1 0 0 1 0
300	19	1 1 1 1 1 0 1 1 0 0 0 1 1 1 0 0 0 0 0 0
300	11	1 1 0 0 1 0 0 1 1 0 0 0 0 1 1 1 0 0 0 0
300	2	0 1 1 1 1 0 1 1 0 0 0 1 1 1 0 0 0 0 0 0
300	9	0 1 1 0 0 0 1 1 0 1 0 1 1 1 0 0 0 0 0 0
300	5	1 1 1 0 1 0 1 0 0 0 0 1 1 1 0 0 0 0 0 0
300	12	1 1 0 0 1 0 1 1 1 0 0 1 0 0 0 1 0 0 0 0
300	2	0 1 1 1 1 0 0 1 0 1 0 1 1 1 0 1 0 1 0 0
300	1	1 1 1 0 1 1 0 1 0 1 0 1 0 1 1 1 0 0 0 0
300	3	0 1 1 1 0 0 0 1 0 0 0 1 1 1 0 1 0 1 0 0
300	3	0 1 1 1 1 0 0 1 0 0 0 1 0 1 0 0 0 0 1 0
300	13	0 1 1 0 1 1 0 1 0 1 0 1 0 1 1 1 0 0 0 0
300	3	1 1 0 0 1 0 0 1 0 0 0 1 0 1 1 1 0 0 0 0
300	3	0 0 1 1 1 0 1 1 1 0 0 1 1 1 0 1 0 0 0 0
300	5	1 1 1 0 1 1 0 1 0 0 0 0 0 1 1 1 0 0 0 0
300	4	0 1 1 1 1 0 0 1 0 1 0 1 0 0 0 0 0 0 0 0
300	7	1 1 1 0 1 0 0 1 0 1 0 1 1 1 0 0 0 0 0 0
300	5	1 1 1 0 1 0 1 1 0 0 0 1 1 0 0 0 0 0 0 0
300	2	0 1 1 1 1 0 0 1 0 0 0 0 1 1 0 0 0 0 1 0
300	22	1 1 1 1 1 1 1 1 0 0 0 1 1 1 0 0 0 1 0 0
300	3	1 1 1 1 1 0 1 1 0 0 0 1 1 1 0 1 0 0 0 0
300	2	1 1 0 0 1 0 0 1 1 0 0 1 1 1 0 1 0 0 0 0
300	8	1 1 1 0 1 1 0 1 0 1 0 1 0 1 1 1 1 0 0 0
300	7	1 1 1 0 1 0 0 1 0 1 0 1 0 0 0 0 0 0 1 0
300	5	0 0 1 1 1 0 0 1 0 0 0 1 0 1 0 1 0 0 0 0
300	1	0 1 1 0 0 0 0 1 0 0 1 1 1 1 0 1 0 1 0 0
300	6	1 1 1 0 0 0 0 1 0 0 0 1 1 1 0 1 0 0 0 0
300	12	1 1 1 1 1 0 0 1 0 0 1 1 0 1 0 1 0 0 0 0
300	8	1 1 1 0 1 0 1 1 0 0 0 1 0 1 0 1 0 0 0 0
300	16	1 1 1 1 1 0 0 1 1 0 0 1 1 1 0 1 0 0 0 0
300	2	1 1 1 0 1 0 0 1 0 0 0 1 0 0 0 1 0 0 0 0
300	3	1 1 1 0 0 0 0 0 0 0 0 1 0 1 0 1 0 0 0 0
300	16	0 1 1 0 1 0 0 1 0 1 0 1 0 0 1 1 0 0 0 0
300	4	1 1 0 0 1 0 0 1 0 1 0 1 0 1 1 1 0 0 1 0
300	1	1 1 1 0 0 0 1 1 0 1 1 0 1 0 0 1 0 1 0 1
300	5	0 1 1 1 1 0 0 1 0 0 0 1 1 1 0 1 0 0 0 0
300	10	1 1 0 0 1 0 0 1 0 0 0 1 0 1 0 1 0 0 0 0
300	3	0 1 1 1 1 0 0 1 0 1 1 0 1 0 0 1 0 1 0 1
300	1	1 1 1 0 1 0 0 1 1 1 0 1 0 1 1 1 0 0 0 0
300	1	0 1 1 0 1 0 0 1 0 0 0 1 0 1 0 1 0 0 0 0
300	4	0 1 1 1 1 0 0 1 1 1 0 1 0 0 0 0 0 0 1 0
300	2	1 0 1 1 1 0 0 1 0 1 0 1 0 1 1 1 0 0 0 0
300	4	1 1 1 0 1 0 0 1 0 1 0 1 0 1 1 0 0 0 0 0
300	1	1 1 1 0 1 0 0 0 0 0 0 1 0 1 1 1 0 0 0 0
300	17	0 1 1 1 1 0 1 1 1 0 0 0 1 1 0 1 0 0 0 0
300	3	1 1 1 0 1 0 0 1 0 1 0 1 1 1 0 1 0 0 1 0
300	1	1 1 1 0 1 0 1 1 0 1 0 1 1 1 0 0 0 0 1 0
300	4	0 0 1 0 1 0 0 1 0 0 0 1 1 1 0 0 0 0 0 0
300	6	1 1 1 0 0 0 0 1 0 0 0 1 0 1 1 1 0 0 0 0
300	1	1 1 1 0 1 0 0 1 0 1 0 1 0 0 0 0 0 0 0 0
300	2	1 1 1 1 1 1 0 1 1 1 0 1 1 1 0 1 0 0 0 0
300	1	0 1 0 1 1 0 0 1 0 0 0 1 0 1 0 1 0 0 0 0
300	2	1 1 1 0 1 0 1 1 0 0 0 1 1 1 0 1 0 1 0 0
300	1	0 1 1 0 0 0 0 0 0 0 0 1 0 1 0 1 0 0 0 0
300	2	0 1 1 0 1 0 0 1 0 1 0 1 1 1 0 1 0 0 0 0
300	1	0 1 1 0 1 0 0 1 0 0 0 1 1 1 0 1 0 0 0 0
300	1	1 1 1 0 1 0 0 1 0 1 0 1 1 1 1 1 0 0 0 0
300	1	0 1 1 0 1 0 1 1 1 0 0 1 1 1 0 1 0 0 0 0
300	3	0 1 1 1 1 0 0 1 0 0 0 1 0 1 0 1 0 0 1 0
300	1	1 1 0 0 1 0 0 1 0 1 0 1 0 1 0 1 0 0 0 0
300	3	1 1 1 1 1 0 0 1 0 0 0 0 0 0 0 1 0 0 0 0
300	1	0 1 1 0 1 1 0 1 0 1 0 1 0 1 1 0 0 0 0 0
300	1	1 1 1 1 0 0 0 1 0 0 0 1 0 1 1 1 0 0 0 0
300	3	1 1 1 1 1 0 0 1 0 0 0 1 0 1 0 1 0 0 0 0
300	2	0 0 1 1 1 0 0 1 0 1 0 1 0 1 0 1 0 0 0 0
300	2	0 1 1 0 0 0 1 1 0 1 0 1 0 1 1 1 0 0 0 0
300	2	1 1 1 0 1 0 0 1 0 1 1 0 0 1 0 0 0 1 0 0
300	1	0 1 1 1 1 0 0 0 1 1 0 0 0 1 0 0 0 0 0 0
300	3	0 0 1 1 1 0 0 1 0 0 0 1 1 1 0 1 0 0 0 0
300	1	1 0 1 1 1 0 0 1 0 1 1 1 0 1 1 1 0 0 0 0
300	2	0 1 1 0 1 0 1 1 0 0 0 1 1 1 0 1 0 1 0 0
300	5	0 1 1 0 1 0 0 1 1 0 0 1 1 0 1 0 0 0 0 0
300	4	0 1 1 1 1 0 0 1 0 0 0 1 0 1 1 1 0 0 0 0
300	2	1 1 1 1 1 0 0 1 0 1 0 1 0 0 0 0 0 0 0 0
300	2	0 1 1 0 0 0 0 1 0 0 0 1 0 1 0 1 0 0 0 0
300	1	1 1 1 0 1 0 1 1 0 0 0 1 0 1 1 1 0 0 0 0
300	2	0 1 1 1 1 0 0 1 0 0 0 0 0 1 0 1 0 0 0 0
300	1	0 1 1 1 1 0 0 1 0 0 0 1 0 1 0 1 1 0 0 0
300	1	0 1 1 1 1 0 0 1 0 0 1 1 0 0 0 1 0 1 0 0
300	2	1 1 1 0 1 0 1 1 0 0 1 1 1 1 0 0 1 0 0 0
300	2	0 1 1 0 0 0 0 1 0 1 1 1 0 1 1 1 0 0 0 0
300	1	1 1 1 0 1 0 1 1 0 1 0 0 0 1 0 0 0 0 0 0
300	2	1 1 1 0 1 0 0 1 1 0 0 1 1 1 0 1 1 0 0 0
300	3	1 1 1 0 1 0 1 1 1 1 0 1 1 1 0 1 0 0 0 0
300	1	1 1 1 0 1 0 1 1 0 0 0 1 1 1 0 0 1 0 1 0
300	1	1 1 1 1 1 0 1 1 0 0 0 1 1 1 1 0 0 0 0 0
300	2	1 1 1 1 1 0 1 1 0 0 0 1 1 1 0 0 0 1 0 0
300	1	0 1 1 0 1 1 0 1 0 1 0 1 0 1 1 0 0 0 1 0
350	25	0 1 1 0 1 0 0 1 0 1 0 1 0 1 1 1 0 0 0 0
350	3	0 1 1 0 1 0 0 1 0 1 0 1 0 0 0 0 0 0 0 0
350	25	1 1 1 0 1 0 1 1 0 0 0 1 1 1 0 0 0 0 0 0
350	5	1 1 1 0 1 0 0 1 0 1 0 1 0 1 1 1 0 0 0 0
350	2	0 1 1 0 1 0 0 1 1 0 0 1 1 1 0 1 0 0 0 0
350	26	0 1 1 1 1 0 0 1 0 0 0 1 0 1 0 1 0 0 0 0
350	22	1 1 1 0 1 0 1 1 0 0 1 1 1 1 0 0 0 0 0 0
350	16	1 1 1 1 1 0 0 1 0 1 0 1 0 1 0 0 0 0 1 0
350	35	0 1 1 1 1 0 1 1 1 0 0 1 1 1 0 1 0 0 0 0
350	14	1 1 1 0 1 0 1 1 0 0 0 1 1 1 0 1 0 0 0 0
350	5	1 1 1 1 1 0 1 1 0 0 0 1 1 1 0 0 0 0 0 0
350	20	1 1 1 0 1 0 0 1 0 1 0 1 0 0 0 0 0 0 1 0
350	2	1 1 1 0 0 0 0 1 0 0 0 1 1 1 0 1 0 0 0 0
350	31	1 1 1 0 1 0 1 1 0 0 0 1 0 1 0 1 0 0 0 0
350	6	0 1 1 0 1 0 0 1 0 0 0 1 1 1 0 1 0 0 0 0
350	17	1 1 1 1 1 0 0 1 0 1 0 1 0 0 0 0 0 0 0 0
350	15	0 1 1 1 1 0 0 1 0 0 0 0 0 1 0 1 0 0 0 0
350	6	1 1 1 0 1 0 0 1 1 0 0 1 1 1 0 1 1 0 0 0
350	4	1 1 1 0 1 0 0 1 0 0 1 1 0 1 0 1 0 0 0 0
350	10	1 1 1 1 1 0 1 1 0 0 1 1 0 1 0 1 0 0 0 0
350	33	0 1 1 0 1 0 1 1 0 0 0 1 1 1 0 1 0 0 0 0
350	28	1 1 1 1 1 0 1 1 0 0 0 1 1 1 1 1 0 0 0 0
350	11	1 1 1 0 0 0 0 1 0 0 0 1 0 0 1 1 0 0 0 0
350	11	1 1 1 0 1 0 1 1 0 0 1 1 0 0 0 0 0 0 0 0
350	1	1 1 1 0 1 0 0 1 0 0 0 1 1 1 0 0 0 0 0 0
350	2	0 1 1 1 1 0 1 1 0 0 1 1 0 1 0 1 0 0 0 0
350	5	1 1 1 0 1 0 0 1 0 1 0 1 1 1 0 1 0 0 0 0
350	21	1 1 1 1 1 0 0 1 0 1 0 1 0 1 0 1 0 0 0 0
350	9	1 1 1 1 1 0 0 1 0 1 0 1 0 1 1 1 0 0 0 0
350	4	1 1 1 0 1 0 0 1 0 1 1 1 0 1 1 1 0 0 0 0
350	19	1 1 1 0 1 0 1 1 0 0 0 1 1 1 1 0 0 0 0 0
350	17	0 1 1 1 1 0 0 1 0 0 1 1 0 1 0 1 0 0 0 0
350	39	0 1 1 0 1 0 0 1 1 0 0 1 1 1 0 0 0 0 0 0
350	5	0 1 1 1 1 1 1 1 1 0 0 1 1 1 0 1 0 0 0 0
350	1	0 1 1 0 1 1 0 1 0 1 0 1 1 1 1 1 0 0 0 0
350	4	0 1 1 0 1 0 0 1 0 0 0 1 0 1 0 1 0 0 0 0
350	3	1 1 1 1 1 0 1 1 0 0 0 1 1 1 0 1 0 0 0 0
350	3	0 1 1 1 1 0 1 1 1 0 0 1 1 1 0 0 0 0 0 0
350	4	1 1 1 1 1 0 1 1 0 0 1 1 0 1 0 1 0 0 0 1
350	15	1 1 1 0 1 0 1 1 0 0 1 1 0 1 0 1 0 0 0 0
350	2	1 0 1 1 1 0 0 1 0 1 0 1 0 1 0 0 0 0 1 0
350	1	1 1 1 0 1 0 0 1 0 0 0 1 1 1 0 1 0 0 0 0
350	5	1 1 1 0 1 1 0 1 0 0 0 0 0 1 1 1 1 0 0 0
350	6	1 1 1 0 1 0 0 1 0 0 0 1 0 1 1 1 0 0 0 0
350	4	0 1 1 1 1 0 1 1 0 0 1 0 0 1 0 1 0 0 0 0
350	13	1 1 1 0 1 0 1 1 1 0 0 1 0 0 0 1 0 0 0 0
350	17	0 1 1 1 1 0 1 1 1 0 1 1 1 1 0 0 0 0 0 0
350	3	1 1 1 0 1 0 1 1 0 0 1 1 1 1 0 0 0 0 0 1
350	7	1 1 1 1 1 0 1 1 0 0 0 1 1 1 1 1 1 0 0 0
350	1	1 1 1 0 1 0 0 1 0 0 0 1 0 0 1 1 0 0 0 0
350	8	0 1 1 1 1 0 1 1 0 0 1 1 1 1 0 0 0 0 0 0
350	22	1 1 1 1 1 0 0 1 0 0 0 0 0 0 0 1 1 0 0 0
350	3	1 1 1 0 1 0 0 1 0 1 0 1 0 1 1 0 0 0 0 0
350	1	1 1 1 0 1 0 1 1 0 0 1 1 1 0 0 0 0 0 0 0
350	2	0 1 1 1 1 0 0 1 0 1 0 1 0 1 1 1 0 0 0 0
350	8	1 1 1 0 1 0 1 1 1 0 0 1 1 1 0 0 0 0 0 0
350	5	1 1 1 1 1 0 0 1 0 1 0 1 1 1 0 1 0 0 0 0
350	7	1 1 1 0 1 0 0 1 1 0 0 1 1 1 0 0 1 0 0 0
350	7	1 1 1 1 1 0 0 1 0 0 0 1 0 1 0 1 0 0 0 0
350	3	0 1 1 0 1 0 1 1 0 0 0 1 1 1 1 0 0 0 1 0
350	4	1 1 1 0 1 1 1 1 0 1 1 1 1 1 1 1 0 0 0 0
350	6	1 1 1 0 0 0 1 1 0 0 0 1 1 1 0 1 0 0 0 0
350	7	0 1 1 0 1 0 1 1 0 0 1 1 1 1 0 0 0 0 0 0
350	1	1 1 1 0 1 0 1 1 0 1 0 1 1 1 0 1 0 0 0 0
350	11	1 1 1 1 0 0 0 1 0 0 0 0 0 0 0 1 1 0 0 0
350	3	0 1 1 1 1 0 1 1 0 0 0 1 0 1 0 1 0 0 0 0
350	9	0 1 1 0 1 0 0 1 1 0 0 1 1 1 0 1 1 0 0 0
350	1	0 1 1 1 1 0 1 1 1 0 0 1 1 1 1 0 0 0 0 0
350	19	1 1 1 1 1 0 1 1 0 1 0 1 1 1 0 0 0 0 0 0
350	2	1 1 1 0 1 1 1 1 0 0 0 1 0 1 0 1 0 0 0 0
350	5	1 1 1 0 1 0 1 1 0 0 0 1 1 1 1 1 1 0 0 0
350	16	1 1 1 1 1 1 1 1 0 0 0 1 1 1 0 0 0 0 1 1
350	12	1 1 1 0 1 0 0 1 0 1 0 1 0 1 0 1 0 0 0 0
350	2	0 1 1 0 1 0 1 1 0 0 0 1 1 1 1 1 1 0 0 0
350	3	0 1 1 0 1 0 0 1 1 1 0 1 0 1 1 1 0 0 0 0
350	10	0 1 1 1 1 1 0 1 0 0 0 1 1 1 1 1 0 0 0 0
350	5	1 1 1 1 1 0 0 1 0 1 0 0 0 0 0 1 1 0 0 0
350	21	0 1 1 1 1 0 0 1 0 1 0 1 0 1 0 0 0 0 0 1
350	8	1 1 1 0 1 0 1 1 0 0 0 1 1 1 1 0 0 0 1 0
350	5	0 1 1 0 1 0 0 1 0 0 0 1 1 1 1 0 0 0 0 0
350	6	0 1 1 0 1 0 0 1 0 1 0 1 0 1 1 1 0 0 0 1
350	2	0 1 1 0 1 0 1 1 0 0 0 1 1 1 1 1 0 0 0 0
350	1	1 1 1 1 1 0 1 1 1 0 1 1 1 1 0 0 0 0 0 0
350	4	0 1 1 1 1 0 0 1 0 0 0 1 1 1 0 1 0 0 0 0
350	6	1 1 1 1 0 0 0 1 0 1 0 1 0 1 0 1 0 0 0 0
350	2	1 1 1 0 1 0 1 1 1 0 0 1 0 1 0 1 0 0 0 0
350	6	0 1 1 0 1 0 1 1 0 0 0 1 1 1 0 1 0 0 1 0
350	4	0 1 0 0 1 0 0 1 0 0 0 1 0 1 0 1 0 0 0 0
350	6	0 1 0 1 1 0 1 1 1 0 0 1 1 1 0 1 0 0 0 0
350	1	0 1 1 0 1 0 0 1 0 1 0 1 0 1 0 1 0 0 0 0
350	2	1 1 1 0 1 0 0 1 0 1 0 1 0 0 0 0 0 0 0 0
350	2	1 1 1 1 1 0 0 1 0 0 0 1 1 1 0 1 0 0 0 0
350	5	1 1 1 0 1 1 1 1 0 0 0 0 0 0 0 1 1 0 0 0
350	3	1 1 1 0 1 0 0 1 0 1 1 1 0 0 0 1 0 0 0 0
350	13	1 1 1 1 1 0 1 1 0 0 1 1 1 1 0 0 0 0 0 0
350	3	1 1 1 0 0 0 0 1 0 0 0 1 0 0 1 1 0 0 1 0
350	3	0 1 1 0 1 0 0 1 0 0 0 1 0 1 0 1 1 0 0 0
350	12	1 1 1 0 1 1 1 0 1 0 0 1 0 1 0 1 0 0 0 0
350	1	1 1 1 1 1 0 0 1 0 1 0 1 0 1 0 0 0 0 1 1
350	1	0 0 1 1 1 0 0 1 0 0 0 1 0 1 0 1 0 0 0 0
350	4	1 1 1 0 1 0 1 1 0 0 0 1 1 1 0 1 0 0 1 0
350	2	1 1 1 0 1 0 0 1 0 1 1 1 0 1 1 1 0 0 0 1
350	1	1 1 1 0 1 1 0 1 0 0 1 0 0 1 1 1 1 0 0 0
350	1	0 1 1 1 1 0 0 1 0 0 0 1 1 1 1 1 1 0 0 0
350	3	0 1 1 1 1 0 1 1 1 0 0 1 1 0 1 1 0 0 0 0
350	1	0 1 1 1 1 0 1 1 0 0 1 1 0 1 0 1 0 0 1 1
350	16	1 1 1 0 1 0 1 1 0 0 0 1 1 1 1 1 0 0 0 0
350	6	1 1 1 0 1 0 1 1 0 0 0 1 1 0 0 0 1 0 0 0
350	3	1 1 1 0 1 0 1 1 0 0 0 1 1 1 0 0 0 0 0 1
350	2	1 1 1 0 1 0 0 1 0 1 1 1 0 1 0 1 1 0 0 0
350	2	0 1 1 0 1 0 1 1 0 0 0 1 1 1 0 0 0 0 0 0
350	2	1 1 1 1 1 0 0 1 0 1 0 1 0 1 0 0 0 0 0 0
350	2	1 1 1 0 1 0 1 1 0 0 0 1 0 0 0 1 0 0 0 0
350	2	1 1 1 0 1 0 1 1 0 0 0 1 1 0 1 0 0 0 0 0
350	4	1 1 1 1 1 0 1 1 0 0 0 1 1 1 1 1 1 1 0 0
350	1	1 1 1 0 1 1 0 0 0 0 1 0 0 1 1 1 1 0 0 0
350	2	1 1 1 1 1 0 0 1 0 0 0 0 0 0 0 1 0 0 0 0
350	2	1 1 1 0 1 0 0 1 0 1 0 1 0 1 1 1 0 0 0 1
350	8	1 1 1 1 1 0 0 1 0 0 1 1 0 1 0 1 0 0 0 0
350	2	1 1 1 0 1 0 1 1 0 0 1 1 0 0 1 0 0 0 0 0
350	1	0 1 1 1 1 0 1 1 1 0 1 1 1 0 0 0 0 0 0 0
350	1	1 1 0 1 1 0 0 1 0 1 0 1 0 1 0 0 0 0 1 1
350	1	1 1 1 0 1 1 0 1 0 0 1 0 0 1 1 1 1 0 1 0
350	6	1 0 1 1 1 0 1 1 0 0 0 1 1 1 1 0 0 1 0 0
350	2	1 1 1 0 1 0 1 1 0 0 0 1 1 1 0 0 0 0 1 1
350	1	1 1 1 1 1 0 0 1 0 1 0 1 0 1 1 1 0 0 0 1
350	2	1 1 1 1 1 0 1 1 0 0 0 1 0 1 0 1 1 0 0 0
350	4	0 1 1 0 1 0 0 1 1 1 0 1 0 0 0 0 0 0 1 0
350	1	0 1 1 1 1 0 0 1 0 1 0 1 0 1 0 0 0 0 1 0
350	2	1 1 1 0 0 0 1 1 0 0 0 1 0 1 0 1 0 0 0 0
350	4	1 1 1 0 1 0 1 1 0 0 0 1 0 1 0 1 0 0 0 1
350	1	0 1 1 1 1 0 0 1 0 0 1 0 0 1 0 1 0 0 0 0
350	1	1 1 1 1 1 0 1 1 0 0 0 1 1 0 1 1 0 0 0 0
350	1	1 1 1 0 1 0 1 1 0 0 1 1 0 0 0 0 0 1 0 0
350	1	0 1 1 0 1 0 1 1 0 0 1 1 0 0 0 0 0 0 0 0
350	1	1 1 1 1 1 0 1 1 1 0 0 1 1 1 0 0 0 0 0 0
350	1	1 0 1 0 1 0 1 1 0 0 1 1 0 1 0 1 0 0 0 0
350	1	1 1 1 0 1 0 1 1 1 0 0 1 0 0 1 1 0 0 0 0
350	1	1 1 1 1 1 0 0 1 0 0 1 0 0 0 0 1 1 0 0 0
350	1	1 1 1 0 0 0 0 1 0 0 0 1 1 1 1 0 0 0 0 0
350	1	1 1 1 0 1 0 0 1 1 0 0 1 0 1 0 1 0 0 0 0
350	3	0 1 1 1 1 0 0 1 0 1 0 1 0 0 0 0 0 0 0 0
350	1	1 1 1 1 1 0 1 1 0 0 0 0 1 1 0 0 0 0 0 0
350	3	1 1 1 1 1 0 0 1 0 1 0 1 0 0 0 0 0 0 0 1
350	2	1 1 1 0 1 0 0 1 0 0 1 1 0 1 0 1 0 0 1 0
350	1	1 1 1 1 1 0 1 1 0 0 0 1 1 1 1 1 0 0 0 1
350	1	1 1 0 1 1 0 0 1 0 1 0 1 0 1 0 1 0 0 0 0
350	1	1 1 1 0 1 0 1 1 1 0 0 1 1 0 0 0 0 0 0 0
350	1	0 1 1 0 1 0 0 1 1 0 0 1 0 1 1 1 0 0 0 0
350	3	1 1 1 0 1 0 0 1 0 1 1 1 0 1 1 1 1 0 0 1
350	1	1 1 1 0 1 0 0 1 0 1 1 1 0 1 0 1 1 1 0 0
400	19	1 1 1 0 1 0 1 1 0 0 0 1 1 1 0 0 0 0 0 0
400	1	1 1 1 0 1 0 1 1 0 0 0 1 0 1 0 1 0 0 0 0
400	138	1 1 1 1 1 0 0 1 0 1 0 1 0 0 0 0 0 0 0 0
400	8	1 1 1 1 1 0 0 1 0 1 0 1 0 1 0 1 0 0 0 0
400	32	1 1 1 1 1 0 0 1 0 1 0 1 0 1 1 1 0 0 0 0
400	13	1 1 1 0 1 0 1 1 0 0 0 1 1 1 1 0 0 0 0 0
400	5	1 1 1 0 1 0 1 1 0 0 1 1 0 1 0 1 0 0 0 0
400	1	1 1 1 0 1 0 0 1 0 0 0 1 1 1 0 1 0 0 0 0
400	7	1 1 1 0 1 0 1 1 1 0 0 1 0 0 0 1 0 0 0 0
400	33	0 1 1 1 1 0 1 1 1 0 1 1 1 1 0 0 0 0 0 0
400	13	1 1 1 1 1 0 1 1 0 0 0 1 1 1 1 1 1 0 0 0
400	14	1 1 1 0 1 0 0 1 0 1 0 1 0 1 0 1 0 0 0 0
400	43	1 1 1 1 1 0 0 1 0 1 0 0 0 0 0 1 1 0 0 0
400	1	0 1 1 0 1 0 0 1 0 1 0 1 0 1 1 1 0 0 0 1
400	11	1 1 1 0 1 0 1 1 0 0 0 1 1 0 0 0 1 0 0 0
400	5	1 1 1 0 1 0 0 1 0 0 0 1 1 1 0 1 0 0 1 1
400	1	1 1 1 0 1 0 1 0 0 0 1 1 1 1 0 0 0 0 0 0
400	30	1 1 1 0 1 0 0 1 0 1 0 0 0 0 0 1 1 0 0 0
400	6	1 1 1 0 1 0 0 1 1 0 0 1 1 1 0 1 0 0 0 0
400	9	1 1 1 1 1 1 1 1 0 0 0 1 1 1 0 0 1 0 0 1
400	7	1 1 1 1 1 0 1 1 1 0 0 1 1 1 0 0 0 0 0 0
400	18	1 1 1 1 1 0 1 1 0 0 0 1 1 1 0 0 0 0 0 0
400	11	0 1 1 0 1 0 1 1 0 0 0 1 1 0 1 1 1 0 0 0
400	1	1 1 1 0 1 0 1 1 1 0 0 1 0 1 1 0 0 0 0 0
400	11	1 0 1 1 1 0 0 1 0 1 0 1 0 0 0 0 0 0 0 0
400	7	1 1 1 1 1 0 0 1 0 1 0 1 1 1 0 1 0 0 0 0
400	1	1 1 1 1 1 1 0 1 0 1 0 1 0 0 0 0 0 0 0 0
400	9	1 1 1 1 1 0 0 1 0 1 0 1 0 1 1 1 0 0 1 0
400	12	1 1 1 1 1 0 1 1 0 0 1 1 1 1 0 1 0 0 0 0
400	5	1 1 1 1 1 0 0 1 1 1 0 1 0 1 0 1 0 1 0 0
400	5	1 1 1 1 1 0 0 1 0 1 0 1 1 0 0 0 0 0 0 0
400	5	0 1 1 1 1 0 1 1 1 0 0 1 1 1 0 0 1 0 0 0
400	5	0 0 1 0 1 0 0 1 0 1 0 1 0 1 1 1 0 0 0 1
400	16	0 1 1 0 1 0 0 1 0 0 0 1 1 1 0 0 0 0 0 0
400	16	1 1 1 1 1 0 0 1 0 1 0 1 0 0 0 0 0 0 0 1
400	6	1 0 1 1 1 0 0 1 0 1 0 1 0 1 0 1 0 0 0 0
400	14	1 0 1 1 0 0 0 1 0 1 0 1 0 1 1 1 0 0 0 0
400	4	0 1 1 1 1 0 0 1 0 0 0 1 0 1 0 0 1 0 0 1
400	15	1 1 1 0 1 0 1 1 0 0 0 1 0 1 1 0 0 0 0 0
400	4	1 1 1 1 1 0 0 1 0 1 0 1 1 1 0 0 1 0 0 1
400	17	1 1 1 1 1 0 0 1 0 0 0 1 0 0 0 0 0 0 0 0
400	10	1 1 1 1 1 0 0 1 1 1 0 1 0 0 0 1 0 0 0 0
400	14	0 1 1 1 1 1 1 1 0 0 0 1 1 1 0 0 1 0 0 1
400	12	1 1 1 0 1 0 1 1 1 0 0 1 0 1 0 1 0 0 0 0
400	26	1 1 1 1 0 0 0 1 0 1 0 1 0 0 0 0 0 0 0 0
400	6	1 1 1 1 1 0 0 0 0 1 0 1 0 0 0 0 0 0 0 0
400	9	1 1 1 1 1 1 1 1 0 1 0 1 1 0 0 0 0 0 0 0
400	8	1 0 1 1 1 0 0 1 0 1 0 1 0 1 1 0 0 0 0 0
400	3	0 1 1 1 1 1 1 1 1 0 0 1 1 0 0 0 0 0 0 0
400	4	1 1 1 0 0 0 0 1 0 0 0 1 1 1 0 1 0 0 0 0
400	2	1 1 1 0 1 0 1 1 0 0 1 1 1 1 0 0 1 0 0 0
400	3	1 0 1 1 1 0 0 1 0 1 0 1 0 0 0 0 1 0 0 0
400	9	1 1 1 1 1 0 1 1 0 0 1 1 0 0 0 0 0 0 0 0
400	8	1 1 1 1 1 0 1 1 1 0 0 1 1 1 0 1 0 1 0 0
400	1	1 1 1 0 1 0 1 0 0 0 0 1 1 1 0 0 0 0 0 0
400	9	1 1 1 1 1 0 0 1 0 1 0 1 0 1 1 0 0 0 0 0
400	13	1 1 1 1 1 0 0 1 0 1 0 0 0 0 0 0 1 0 0 0
400	15	1 1 0 0 1 0 0 1 0 1 0 0 0 0 0 1 1 0 0 0
400	15	1 1 1 0 1 1 0 1 0 1 0 1 1 1 0 1 0 0 0 0
400	11	1 1 1 1 1 0 0 1 0 1 0 1 1 1 0 0 0 0 0 0
400	1	1 1 1 1 1 0 0 1 0 1 0 1 0 1 1 1 0 0 0 1
400	4	0 1 1 1 1 0 1 1 1 0 1 1 1 1 0 0 0 0 0 1
400	3	1 1 1 0 1 0 0 1 0 1 0 1 0 0 0 0 0 0 0 0
400	1	0 1 1 0 1 0 0 1 1 0 0 1 0 1 0 1 0 0 0 0
400	8	1 1 1 1 1 0 0 1 0 1 0 1 0 0 0 1 0 0 0 0
400	12	1 1 1 1 1 1 1 1 0 0 0 0 1 1 0 0 1 0 0 1
400	21	1 1 1 1 1 1 1 1 0 0 0 1 1 0 0 0 0 0 0 0
400	7	0 1 1 1 1 0 0 1 1 1 0 1 0 1 0 1 0 0 0 0
400	1	1 0 1 1 1 0 1 1 1 0 0 1 1 1 0 1 0 1 0 0
400	5	1 1 1 0 1 0 1 1 0 1 0 1 1 1 0 0 1 0 0 1
400	1	1 0 1 1 0 0 0 1 1 1 0 1 0 1 1 1 0 0 0 0
400	1	1 1 1 0 1 0 1 1 0 0 1 1 1 1 0 0 0 0 0 0
400	4	0 1 1 0 1 0 0 1 1 1 0 1 0 1 0 1 0 0 0 0
400	10	1 1 1 1 1 0 0 1 0 1 0 1 0 1 0 1 0 1 0 0
400	8	1 1 1 1 1 0 0 1 0 1 0 1 0 0 0 0 1 0 0 0
400	1	1 1 1 1 0 1 1 1 0 0 0 1 1 1 0 0 1 0 0 1
400	10	0 1 1 0 1 0 1 1 0 0 0 1 1 0 1 0 1 0 0 0
400	13	1 0 1 1 1 0 0 1 0 1 0 0 0 0 1 0 0 0 0 0
400	1	1 1 1 0 1 0 1 1 0 1 0 1 0 1 0 1 0 0 0 1
400	1	0 1 1 0 1 0 0 1 0 0 0 1 1 1 1 0 0 0 0 0
400	3	1 0 1 1 0 0 0 1 0 1 0 1 1 0 0 0 1 0 0 0
400	3	0 0 1 1 1 0 0 1 0 0 0 1 0 0 0 1 1 0 0 0
400	9	1 1 1 1 1 0 1 1 0 0 0 1 0 1 0 0 0 0 0 0
400	4	1 0 1 0 1 0 1 1 0 1 0 1 0 0 0 0 1 0 0 0
400	4	1 1 1 0 1 0 1 1 0 1 0 0 0 0 0 1 1 0 0 0
400	2	1 1 1 1 1 0 1 1 0 0 0 1 1 1 0 1 0 0 0 0
400	2	1 1 1 1 1 1 0 1 0 1 0 1 0 0 0 0 0 0 1 1
400	4	1 0 1 0 1 0 1 1 1 0 0 1 0 1 0 1 0 0 0 0
400	6	1 1 1 1 1 0 1 1 0 0 0 1 1 0 0 0 0 0 0 0
400	3	1 1 1 1 1 1 0 1 0 1 0 1 0 0 0 0 1 0 0 0
400	1	1 1 1 1 1 1 0 1 0 1 0 1 0 0 0 0 0 0 0 1
400	2	1 1 1 1 1 0 0 1 1 0 0 0 0 0 0 1 1 0 0 0
400	4	1 1 1 0 1 0 1 1 0 0 0 1 1 1 0 1 0 0 0 0
400	4	1 1 1 1 1 0 0 1 0 1 0 1 0 0 0 0 0 1 0 0
400	2	1 1 1 0 1 0 1 1 0 0 1 1 0 0 0 1 0 0 0 0
400	4	1 1 1 1 1 0 0 1 0 0 0 0 0 0 0 1 1 0 0 0
400	1	1 0 1 1 1 0 0 0 0 1 0 1 0 0 0 0 0 0 0 0
400	6	1 1 1 1 0 1 0 1 0 1 0 1 0 0 0 0 0 0 0 0
400	5	1 0 0 0 1 0 0 1 0 1 0 0 0 0 0 1 1 0 0 0
400	1	1 1 1 1 0 0 0 1 0 1 0 1 0 0 0 1 0 0 0 0
400	5	1 1 1 0 1 0 1 1 0 0 0 1 0 1 0 0 0 0 1 0
400	1	1 1 1 0 1 0 0 1 0 1 0 0 0 0 0 1 0 0 0 0
400	1	1 1 1 0 1 0 1 1 0 0 0 1 1 0 1 1 1 0 0 0
400	1	1 1 1 0 1 0 1 1 0 0 0 1 1 1 0 0 1 0 0 1
400	1	1 1 1 0 1 0 1 1 1 1 0 1 0 0 0 0 0 0 0 0
400	1	1 1 1 1 1 0 1 1 0 0 1 1 1 1 1 1 1 0 0 0
400	2	1 1 1 0 1 0 1 1 0 0 1 1 1 0 0 0 1 0 0 0
400	3	1 1 0 1 1 0 1 1 1 0 0 1 1 1 0 0 0 0 0 0
400	1	1 0 1 1 0 0 0 1 0 1 0 1 0 0 0 0 0 0 0 0
400	1	0 1 1 1 1 0 0 1 0 1 0 1 0 1 1 1 0 0 1 0
400	2	0 1 1 0 1 0 0 1 0 0 0 0 1 1 0 0 0 0 0 0
400	1	1 1 1 1 1 0 1 1 0 1 0 1 0 0 0 0 0 0 0 1
400	1	0 1 1 1 0 0 0 1 0 0 0 1 0 1 0 0 1 0 0 1
400	4	1 1 1 1 0 0 0 1 0 1 0 1 0 0 1 0 0 0 0 0
400	3	1 1 1 1 1 0 0 0 0 1 0 1 0 1 0 0 0 0 0 0
400	5	1 1 1 1 1 0 0 1 0 1 0 1 0 1 0 0 0 0 0 0
400	3	1 1 1 0 1 1 0 1 0 1 0 1 1 0 0 1 0 0 0 0
400	1	1 1 1 0 1 0 0 1 0 1 0 1 0 0 0 0 0 0 0 1
400	1	1 1 1 1 1 0 1 1 0 0 1 1 1 1 0 0 0 0 0 0
400	2	1 1 1 1 1 0 0 1 0 1 0 1 1 1 1 0 0 0 0 0
400	3	1 1 1 1 1 1 1 1 0 1 0 1 0 0 0 0 0 0 0 0
400	1	1 1 1 0 1 0 1 1 0 0 0 1 1 1 0 0 0 0 1 0
400	1	1 1 0 1 1 0 0 1 0 1 0 1 0 0 0 0 0 0 0 0
400	2	0 1 1 1 1 0 1 1 0 0 1 1 1 1 0 0 0 0 0 0
400	2	1 1 1 0 0 0 0 1 0 1 0 0 0 0 0 1 1 0 0 0
400	2	1 1 1 0 1 0 0 0 0 1 0 0 0 0 0 1 1 0 0 0
400	1	1 1 1 1 1 0 1 1 1 0 0 1 0 1 0 0 0 0 0 0
400	1	1 1 1 1 1 0 0 1 0 1 1 1 1 1 0 1 0 0 0 0
400	2	1 1 1 1 1 0 1 1 0 0 0 1 0 0 0 0 0 0 0 0
400	1	1 1 1 1 1 0 1 1 1 0 0 1 0 1 0 1 0 0 0 0
400	1	1 1 1 0 1 1 1 1 0 1 0 1 1 0 0 0 0 0 0 0
400	1	1 1 1 1 1 0 0 1 0 1 0 0 1 0 0 0 1 0 0 0
400	2	1 1 1 1 1 0 1 1 0 0 0 0 1 0 0 0 0 0 0 0
450	67	1 1 1 1 1 0 0 1 0 1 0 1 0 0 0 0 0 0 0 0
450	15	1 1 1 1 1 0 0 1 0 1 0 0 0 0 0 1 1 0 0 0
450	20	1 1 1 1 1 0 1 1 0 0 0 1 1 1 0 0 0 0 0 0
450	16	1 1 1 1 1 0 0 1 0 1 0 1 0 1 1 1 0 0 1 0
450	7	1 1 1 0 1 0 1 1 0 0 0 1 0 1 1 0 0 0 0 0
450	5	1 1 1 1 1 0 0 1 1 1 0 1 0 0 0 1 0 0 0 0
450	9	1 1 1 1 0 0 0 1 0 1 0 1 0 0 0 0 0 0 0 0
450	4	1 1 1 1 1 0 0 0 0 1 0 1 0 0 0 0 0 0 0 0
450	32	1 0 1 1 1 0 0 1 0 1 0 1 0 0 0 0 1 0 0 0
450	3	1 1 1 0 1 0 0 1 0 1 0 1 0 0 0 0 0 0 0 0
450	4	1 1 1 1 1 1 1 1 0 0 0 0 1 1 0 0 1 0 0 1
450	9	1 0 1 1 1 0 0 1 0 1 0 0 0 0 1 0 0 0 0 0
450	17	1 1 1 1 1 0 1 1 0 0 0 1 0 1 0 0 0 0 0 0
450	45	1 1 1 1 1 0 1 1 0 0 0 1 1 0 0 0 0 0 0 0
450	48	1 1 1 1 0 1 0 1 0 1 0 1 0 0 0 0 0 0 0 0
450	65	1 1 1 1 1 0 1 1 0 0 0 1 0 0 0 0 0 0 0 0
450	54	1 1 1 1 1 0 0 1 0 1 0 0 1 0 0 0 1 0 0 0
450	28	1 1 1 1 1 0 0 1 0 0 0 1 1 1 0 0 0 0 0 0
450	3	1 1 1 1 1 0 0 1 0 1 0 1 0 0 0 1 1 0 0 0
450	19	1 1 1 1 1 0 0 1 0 1 0 1 0 0 0 0 0 0 1 0
450	17	1 1 1 1 1 1 1 1 0 0 0 1 1 1 0 0 0 0 0 0
450	15	1 1 1 1 1 1 0 1 0 1 0 1 0 1 0 0 0 0 0 0
450	20	1 1 1 1 1 1 0 1 0 1 0 1 1 0 0 0 0 0 0 0
450	22	1 1 1 1 0 0 1 1 0 1 0 1 1 0 0 0 0 0 0 0
450	72	1 1 1 1 1 0 1 1 0 1 0 1 0 0 0 0 0 0 0 0
450	1	1 1 1 1 1 1 0 1 0 1 0 1 0 0 0 0 0 0 0 0
450	9	1 1 1 1 1 1 0 1 0 1 0 1 0 0 0 0 0 0 1 0
450	7	1 1 1 1 0 1 0 1 0 1 0 1 0 0 0 0 0 0 1 0
450	3	1 1 1 1 0 0 0 1 0 1 0 0 0 1 1 1 0 0 0 0
450	11	1 1 1 1 1 0 0 1 0 0 0 1 1 0 0 0 0 0 0 0
450	3	1 1 1 1 1 1 1 1 0 0 0 1 1 0 0 0 0 0 0 0
450	19	1 0 1 1 0 0 0 1 0 1 0 1 0 0 0 0 1 0 0 0
450	2	1 1 1 1 1 0 1 1 1 1 0 1 0 0 0 0 0 0 0 0
450	12	1 1 1 1 1 0 1 1 0 0 0 1 0 1 1 0 0 0 0 0
450	1	1 1 1 1 1 0 0 1 0 1 0 1 1 0 0 0 0 0 0 0
450	9	1 1 1 1 1 1 1 1 0 1 0 1 1 0 0 0 0 0 0 0
450	7	1 1 0 1 1 0 0 1 0 1 0 0 0 0 0 1 1 0 0 0
450	16	1 1 1 1 1 0 0 1 0 1 0 1 0 0 0 0 1 0 0 0
450	4	1 1 1 1 1 0 1 1 0 1 0 1 0 1 0 0 0 0 0 0
450	1	1 1 1 1 1 0 0 1 1 1 0 1 0 0 0 1 0 0 1 0
450	6	1 1 1 1 1 0 1 1 0 0 0 1 0 1 0 0 0 0 1 0
450	10	1 1 1 1 1 1 0 1 0 1 0 1 0 0 0 0 0 1 1 0
450	7	1 1 1 1 0 0 1 1 0 1 0 1 0 0 0 0 0 0 0 0
450	14	1 1 1 1 0 1 0 1 0 1 1 1 0 0 0 0 1 0 0 0
450	15	1 1 1 1 0 1 0 1 0 1 1 1 0 0 0 0 0 0 0 0
450	2	1 1 1 1 1 0 1 1 0 0 0 1 0 0 0 0 0 1 0 0
450	20	1 1 1 1 1 0 0 1 0 0 1 0 1 1 0 0 0 0 0 0
450	2	1 1 1 0 0 1 0 1 0 1 0 1 0 0 0 0 0 0 0 0
450	3	1 1 1 1 1 0 0 1 0 1 0 1 0 0 0 0 0 1 0 0
450	1	1 1 1 1 1 0 0 0 0 1 0 1 0 0 0 1 1 0 0 0
450	2	1 1 1 1 0 0 0 0 0 1 0 0 0 0 0 0 0 0 0 0
450	5	1 1 1 1 1 0 0 1 0 1 0 1 0 1 1 0 0 0 0 0
450	4	1 1 1 1 1 0 0 1 0 1 1 1 0 0 0 1 1 0 0 0
450	2	1 1 1 0 1 0 1 1 0 1 0 1 0 1 1 0 0 0 0 0
450	9	1 1 0 1 0 1 0 1 0 1 0 1 0 0 0 0 0 0 0 0
450	2	1 1 1 1 1 0 1 1 1 0 0 1 1 1 0 0 0 0 0 0
450	12	1 1 1 1 1 0 1 1 0 1 0 1 1 0 0 0 0 0 0 0
450	4	1 0 1 1 0 0 0 1 0 1 0 1 0 0 0 0 0 0 0 0
450	1	1 1 1 0 1 1 0 1 0 1 0 1 0 0 0 0 0 0 0 0
450	7	1 1 1 1 1 1 1 1 0 0 0 1 1 0 0 0 0 1 0 0
450	1	1 1 1 1 1 1 0 1 0 1 0 1 0 0 0 1 1 0 0 0
450	4	0 1 1 1 1 1 1 1 0 0 0 1 1 1 0 0 0 0 0 0
450	3	1 1 1 1 1 1 0 1 0 1 0 1 1 0 0 0 0 0 1 0
450	3	1 0 1 1 1 0 0 1 0 1 0 1 0 0 0 0 0 0 0 0
450	3	1 1 1 1 0 0 0 1 0 1 0 1 0 0 0 0 1 0 0 0
450	13	1 1 1 1 1 1 1 1 0 0 0 1 0 0 0 0 0 1 0 0
450	2	1 0 1 1 1 0 0 1 0 1 0 0 0 0 1 1 0 0 0 0
450	3	1 1 1 0 1 0 1 1 0 1 0 1 0 1 0 0 0 0 0 0
450	4	1 1 1 1 1 1 0 1 0 1 0 1 1 0 0 1 0 0 0 0
450	5	1 1 1 1 1 1 1 1 0 1 0 1 0 0 0 0 0 0 0 0
450	2	1 1 0 1 1 1 0 1 0 1 0 0 1 0 0 0 0 0 0 0
450	4	1 1 1 1 1 1 0 1 1 1 0 0 1 0 0 0 1 0 0 0
450	2	1 1 1 0 1 0 0 1 0 1 0 0 1 0 0 0 1 0 0 0
450	2	1 0 1 1 1 0 0 1 0 1 0 1 0 0 0 0 0 0 1 0
450	1	0 1 1 1 1 0 1 1 0 0 0 1 1 1 0 0 0 0 0 0
450	1	1 1 1 1 0 1 1 1 0 0 0 1 1 1 0 0 0 0 0 0
450	1	1 1 1 1 1 1 0 1 1 1 0 1 1 0 0 0 1 0 0 0
450	7	1 1 1 0 1 0 1 1 0 1 0 1 0 1 1 0 0 1 0 0
450	6	1 1 1 1 1 0 1 1 0 1 0 1 1 1 0 0 0 0 0 0
450	3	1 1 1 1 1 0 0 1 0 1 0 1 0 0 1 1 0 0 0 0
450	2	1 1 1 1 1 0 0 1 1 1 0 1 0 0 0 1 1 0 0 0
450	5	1 1 1 1 1 0 0 1 0 1 0 1 0 0 1 0 0 0 0 0
450	4	1 1 1 0 1 0 1 1 0 1 0 1 0 0 0 0 0 0 0 0
450	6	1 1 1 1 1 1 1 1 0 1 0 1 1 1 0 0 0 0 0 0
450	1	1 1 1 1 1 1 0 1 0 0 0 1 1 0 0 0 0 0 0 0
450	3	1 0 1 1 1 0 1 1 0 0 0 1 0 0 0 0 0 0 0 0
450	8	1 1 1 1 1 0 1 1 0 0 1 1 0 0 0 0 0 0 0 0
450	1	1 1 0 1 1 0 0 1 0 1 0 0 0 0 0 1 0 0 0 0
450	3	1 1 1 1 1 0 0 1 0 0 0 1 1 0 0 0 1 0 0 0
450	1	1 1 1 1 1 1 1 1 0 0 0 1 0 0 0 0 0 0 0 0
450	2	1 1 1 1 0 0 1 1 0 0 0 1 1 0 0 0 0 0 0 0
450	1	1 1 1 1 1 0 0 1 0 1 0 0 1 0 1 0 1 0 0 0
450	2	1 1 1 1 1 0 0 1 1 0 0 1 1 1 0 0 0 0 0 0
450	1	1 1 1 1 1 0 1 1 0 0 0 1 0 1 0 1 1 0 0 0
450	1	1 1 1 1 0 0 0 1 0 0 0 1 1 1 0 0 0 0 0 0
450	5	1 1 1 1 1 1 0 1 0 1 0 1 1 0 0 0 1 0 0 0
450	2	1 1 1 0 1 0 0 1 0 0 0 1 1 0 0 0 0 0 0 0
450	1	1 1 0 1 1 0 0 1 0 0 1 0 1 1 0 0 0 0 0 0
450	1	1 1 1 0 0 1 1 1 0 1 0 1 0 0 0 0 0 0 0 0
450	3	1 1 1 1 1 0 1 0 0 0 0 1 0 0 0 0 0 1 0 0
450	2	1 1 1 1 1 0 0 0 0 1 0 0 1 0 0 0 1 1 0 0
450	3	1 1 1 1 0 1 0 1 0 1 0 1 0 0 0 0 1 0 0 0
450	2	1 1 1 0 1 0 1 1 0 0 0 1 0 0 0 0 0 0 0 0
450	1	1 1 1 1 0 1 0 1 0 1 0 1 1 0 0 0 0 0 0 0
450	3	1 0 1 1 1 0 0 1 0 1 0 0 1 0 0 0 1 0 0 0
450	2	1 1 1 1 1 0 1 1 0 1 1 0 1 1 0 0 0 0 0 0
450	2	1 1 1 1 1 0 0 1 1 1 0 1 0 0 0 0 0 0 0 0
450	2	1 1 1 1 1 0 0 1 0 1 0 1 0 0 0 1 0 0 0 0
450	1	1 1 1 1 1 0 0 1 0 1 0 0 0 0 0 1 0 0 0 0
450	1	1 0 1 1 1 0 0 1 0 1 0 1 0 0 0 0 1 1 0 0
450	1	1 1 0 1 1 1 0 1 0 1 0 1 1 0 0 0 0 0 0 0
450	1	1 0 1 1 0 0 0 1 0 1 0 0 0 1 1 1 0 0 0 0
450	2	1 1 1 1 0 0 0 1 1 1 0 0 0 1 1 1 0 0 0 0
450	2	1 1 1 1 1 0 1 1 1 1 0 0 0 0 0 0 0 0 0 0
450	1	1 1 1 1 1 1 0 1 0 1 0 1 0 0 0 0 1 0 0 0
450	1	1 1 1 1 0 0 1 1 0 1 0 1 0 0 0 0 0 1 0 0
450	1	1 0 1 1 1 0 1 1 1 0 0 1 0 0 0 0 0 0 0 0
500	91	1 1 1 1 1 0 0 1 0 1 0 1 0 0 0 0 0 0 0 0
500	3	1 1 1 1 1 0 1 1 0 0 0 1 1 1 0 0 0 0 0 0
500	13	1 0 1 1 1 0 0 1 0 1 0 1 0 0 0 0 1 0 0 0
500	22	1 1 1 1 1 0 1 1 0 0 0 1 1 0 0 0 0 0 0 0
500	3	1 1 1 1 0 1 0 1 0 1 0 1 0 0 0 0 0 0 0 0
500	59	1 1 1 1 1 0 1 1 0 0 0 1 0 0 0 0 0 0 0 0
500	2	1 1 1 1 1 0 0 1 0 1 0 1 0 0 0 0 0 0 1 0
500	17	1 1 1 1 1 1 0 1 0 1 0 1 1 0 0 0 0 0 0 0
500	41	1 1 1 1 0 0 1 1 0 1 0 1 1 0 0 0 0 0 0 0
500	131	1 1 1 1 1 0 1 1 0 1 0 1 0 0 0 0 0 0 0 0
500	6	1 1 1 1 1 0 0 1 0 0 0 1 1 0 0 0 0 0 0 0
500	9	1 1 1 1 1 0 1 1 1 1 0 1 0 0 0 0 0 0 0 0
500	1	1 1 1 1 0 1 0 1 0 1 1 1 0 0 0 0 1 0 0 0
500	32	1 1 1 1 0 1 0 1 0 1 1 1 0 0 0 0 0 0 0 0
500	6	1 1 1 1 1 0 1 1 0 1 0 1 1 0 0 0 0 0 0 0
500	37	1 1 1 1 1 0 0 1 0 1 0 1 0 0 1 0 0 0 0 0
500	9	1 1 1 1 1 0 1 1 0 0 1 1 0 0 0 0 0 0 0 0
500	41	1 1 1 1 1 0 1 1 1 1 0 0 0 0 0 0 0 0 0 0
500	30	1 1 1 1 1 0 1 1 0 1 0 1 0 0 0 0 0 1 0 0
500	81	1 0 1 1 1 0 0 1 0 1 0 1 0 0 0 0 0 0 0 0
500	14	1 1 1 1 1 0 1 1 0 1 0 1 0 1 0 0 0 0 0 0
500	1	1 1 1 1 1 1 0 1 0 1 0 1 1 0 0 0 1 0 0 0
500	3	1 0 1 1 1 0 1 1 0 0 0 1 0 0 0 0 0 0 0 0
500	7	1 0 1 0 1 0 0 1 0 1 0 1 0 0 0 0 0 0 0 0
500	6	1 1 0 1 1 0 0 1 0 1 0 1 0 0 1 0 0 0 0 0
500	7	1 1 1 1 0 0 1 1 0 1 0 0 1 0 0 0 0 0 0 0
500	14	1 1 1 1 0 1 0 1 0 0 0 0 0 0 0 0 0 0 1 0
500	14	1 0 1 1 1 0 1 1 1 1 0 0 0 0 0 0 0 0 0 0
500	6	1 1 1 1 1 0 1 0 0 1 0 1 1 0 0 0 0 0 0 0
500	17	1 1 1 1 0 1 0 1 0 1 0 1 1 0 0 0 0 0 0 0
500	3	1 1 1 1 0 0 1 1 0 1 0 1 0 1 0 0 0 0 0 0
500	4	1 1 1 1 0 0 1 1 0 1 0 1 1 0 0 0 0 1 0 0
500	2	1 1 1 1 0 0 1 1 0 0 0 1 1 0 0 0 0 0 0 0
500	6	1 1 1 1 0 1 0 1 0 0 1 1 0 0 0 0 0 0 0 0
500	8	1 1 1 1 0 1 0 1 0 1 1 1 0 0 1 0 0 0 0 0
500	3	0 1 1 1 1 0 0 1 0 1 0 1 0 0 1 0 0 0 0 0
500	16	1 1 1 1 1 1 0 1 0 1 0 1 1 0 0 1 0 0 1 0
500	2	1 1 1 1 1 0 1 1 0 0 0 0 0 0 0 0 0 0 1 0
500	30	1 1 1 1 1 1 0 1 0 1 0 1 0 0 0 0 0 0 0 0
500	10	1 1 1 1 1 0 1 1 0 1 0 1 0 0 0 0 0 0 0 1
500	6	1 1 1 1 1 0 0 1 0 0 0 1 0 0 0 0 0 0 0 0
500	1	1 1 1 1 1 0 1 1 0 1 0 1 0 0 0 0 1 0 0 0
500	9	1 1 1 1 1 0 1 1 1 1 0 0 0 0 1 0 0 0 0 0
500	1	1 1 1 1 1 1 0 1 0 1 0 1 0 0 0 1 0 0 0 0
500	2	1 1 1 0 1 0 1 0 0 1 0 1 0 0 0 1 0 0 0 0
500	2	1 1 1 1 1 0 0 1 0 1 0 1 0 0 0 0 1 0 0 0
500	1	1 0 1 1 1 1 0 1 0 1 0 1 0 0 0 0 1 0 0 0
500	4	1 1 1 1 1 0 1 1 0 0 0 1 0 0 0 0 0 0 1 0
500	8	1 0 1 1 1 0 1 1 0 1 0 1 1 0 0 0 0 0 0 0
500	5	1 1 1 1 0 0 1 1 0 1 0 1 0 0 0 0 0 0 0 0
500	2	1 0 1 1 1 0 1 1 0 0 0 1 1 0 0 0 0 0 0 0
500	6	1 1 1 1 1 1 1 1 0 1 0 1 0 0 0 0 0 0 0 0
500	15	1 0 1 1 1 1 0 1 0 1 0 1 1 0 0 1 0 0 1 0
500	1	1 1 1 1 1 0 1 1 0 0 0 1 0 0 0 1 0 0 0 0
500	3	0 1 1 1 1 0 1 1 1 1 0 0 0 0 0 0 0 0 0 0
500	1	1 1 1 1 1 0 1 1 0 1 0 0 1 0 0 0 0 0 0 0
500	14	1 1 1 1 1 0 1 1 0 0 0 0 1 0 0 0 0 0 0 0
500	3	1 1 1 1 1 0 0 0 0 0 0 1 0 0 0 0 0 0 0 0
500	1	1 1 1 1 1 0 1 1 0 0 0 1 1 0 0 0 0 0 0 1
500	3	1 1 1 1 1 0 0 1 0 1 0 1 0 1 1 0 0 0 0 0
500	2	1 1 1 1 1 1 1 1 0 1 0 1 0 1 0 0 0 0 0 0
500	2	1 1 1 1 1 0 1 1 0 1 0 1 0 1 0 1 0 0 0 0
500	8	1 1 1 1 0 0 1 1 0 0 0 0 1 0 0 0 0 0 0 0
500	2	1 1 1 1 1 0 0 1 0 1 0 0 0 0 0 0 0 0 0 0
500	2	1 0 1 1 1 1 0 1 0 0 0 1 0 0 0 0 1 0 0 0
500	7	0 0 1 1 0 0 1 1 0 1 0 1 0 0 0 0 1 0 0 0
500	5	1 1 1 1 0 1 0 1 0 0 0 0 0 0 0 0 0 0 0 0
500	5	1 1 1 1 1 1 0 1 0 1 0 1 1 0 0 0 0 0 1 0
500	2	1 1 0 1 1 0 0 1 0 1 0 1 0 0 0 0 0 0 1 0
500	2	1 0 1 1 0 0 1 1 0 1 0 1 1 0 0 0 0 0 0 0
500	7	1 1 0 1 1 0 0 1 0 0 0 1 1 0 0 0 0 0 0 0
500	2	1 1 1 1 1 0 0 0 0 1 0 1 0 0 1 0 0 0 0 0
500	7	1 0 1 1 1 0 0 0 0 1 0 1 0 0 0 0 0 0 0 0
500	1	0 1 1 1 1 0 1 1 0 1 0 1 0 1 0 0 0 0 0 0
500	3	1 1 1 1 1 0 1 1 0 0 0 1 0 0 0 1 0 1 0 0
500	3	1 1 1 1 1 0 0 1 0 1 0 1 0 0 0 1 0 0 1 0
500	1	1 1 1 1 0 0 1 1 0 0 0 1 0 0 0 0 0 0 0 0
500	2	1 0 1 1 1 0 0 0 0 1 0 0 0 0 1 0 0 1 0 0
500	6	1 1 1 1 1 0 1 1 0 0 0 0 0 0 0 0 0 0 0 0
500	1	1 1 1 0 1 0 1 1 0 1 0 1 0 0 0 0 1 0 0 0
500	3	1 1 1 1 1 1 1 1 1 1 1 0 0 0 0 0 0 0 0 0
500	2	1 1 1 1 1 0 0 1 0 1 0 1 0 0 0 0 0 0 0 1
500	1	1 1 0 1 1 0 1 1 0 0 0 1 1 1 0 0 0 0 0 0
500	1	1 1 1 1 1 0 1 1 0 1 1 1 0 0 0 0 0 1 0 0
500	1	0 1 1 1 1 1 0 1 0 1 0 1 0 0 0 0 0 0 0 0
500	2	1 1 0 1 1 0 1 1 1 1 0 0 0 0 1 0 0 0 0 0
500	3	1 1 1 1 1 0 1 1 0 0 0 0 1 0 0 0 0 1 0 0
500	2	1 1 1 1 1 0 0 1 0 1 1 1 0 0 0 0 0 0 0 0
500	4	1 1 1 1 1 0 0 1 0 1 0 1 0 0 0 0 0 1 0 0
500	1	1 0 1 1 1 0 0 1 0 1 0 1 0 1 0 0 1 0 0 0
500	1	1 1 1 1 1 0 1 1 0 0 0 1 0 0 1 0 0 0 0 0
500	1	1 1 1 1 1 0 1 1 1 0 0 1 0 0 0 0 0 0 0 0
500	1	1 1 1 1 1 0 0 1 0 0 0 1 0 0 0 0 0 0 1 0
500	2	1 1 1 1 1 0 1 1 1 1 0 0 0 0 0 0 0 1 0 0
500	1	0 0 1 1 1 0 0 1 0 1 0 1 0 0 0 0 0 0 0 0
500	4	1 0 1 1 1 0 0 1 0 1 0 1 1 0 0 0 0 0 0 0
500	1	1 1 1 1 0 1 0 1 0 1 0 1 1 1 0 0 0 0 0 0
500	1	1 1 1 1 1 0 1 1 0 1 0 0 0 0 0 0 0 0 0 1
500	3	1 0 1 1 1 0 1 1 0 1 0 0 1 0 0 0 0 0 0 0
