0	250	0 0 1 0 0 0 0 1 0 0 0 0 0 0 0 1 0 0 0 0
0	250	0 0 0 0 0 0 0 0 0 0 0 0 1 0 0 0 0 0 0 0
0	250	0 0 0 0 0 0 1 0 0 1 0 0 0 1 1 0 0 1 0 0
0	250	0 0 0 0 0 0 1 0 0 0 0 1 0 0 0 1 0 1 0 0
50	13	0 0 0 0 0 0 0 0 0 0 0 0 1 0 0 0 0 0 0 0
50	208	0 0 0 0 0 0 1 0 0 1 0 0 0 1 1 0 0 1 0 0
50	61	0 0 0 0 0 0 1 0 0 1 0 0 0 1 1 0 0 0 0 0
50	32	0 0 0 1 0 0 1 0 0 1 0 0 0 1 1 0 0 1 0 0
50	12	0 0 0 0 0 0 1 0 0 1 1 0 0 1 1 0 0 1 0 0
50	13	0 0 0 0 0 0 1 0 0 0 0 0 0 1 1 0 0 1 0 0
50	33	0 0 0 0 0 0 1 0 0 1 0 0 1 1 1 0 0 1 0 0
50	2	0 0 0 0 0 0 1 0 0 1 0 0 0 1 1 0 0 1 0 1
50	3	0 0 0 0 0 0 1 0 1 1 0 0 0 1 1 0 0 1 0 0
50	58	0 0 0 0 0 0 1 0 0 1 0 0 1 1 1 0 0 0 0 0
50	44	0 0 0 0 0 0 0 1 0 1 0 0 0 0 0 1 0 0 0 0
50	3	0 0 0 1 0 0 0 0 0 0 0 0 1 0 0 0 0 0 0 0
50	18	0 0 0 0 0 0 1 0 0 1 0 0 0 1 1 0 0 1 1 0
50	28	0 0 0 0 0 0 0 0 0 1 0 0 0 1 1 0 0 1 0 0
50	22	0 0 0 0 0 0 1 0 0 1 1 1 0 1 1 0 0 1 0 0
50	12	0 0 0 0 0 0 1 0 0 1 0 0 0 1 1 1 0 1 0 0
50	10	0 0 0 0 0 1 1 0 0 1 0 0 0 1 1 0 0 1 0 0
50	1	0 0 0 0 0 0 1 0 0 1 0 1 1 1 1 0 0 1 0 0
50	4	0 0 1 0 0 0 0 0 0 0 0 0 0 0 0 1 0 0 0 0
50	26	0 0 0 0 1 0 1 0 0 1 0 0 0 1 1 0 0 1 0 0
50	32	0 0 0 1 0 0 0 0 0 1 0 0 0 1 1 0 0 1 0 0
50	5	0 1 0 0 0 0 1 0 0 1 0 0 0 1 1 0 0 1 0 1
50	1	0 0 1 0 0 0 0 1 0 0 0 0 0 0 0 1 0 0 0 1
50	7	0 0 0 0 0 0 0 0 0 1 0 0 0 1 1 0 1 1 0 0
50	15	0 0 0 1 0 0 1 0 0 1 0 0 0 1 0 0 0 1 0 0
50	3	0 0 0 0 0 0 0 0 0 0 0 0 1 0 1 0 0 0 0 1
50	21	0 1 0 0 0 0 1 0 0 1 0 0 0 1 1 0 0 1 0 0
50	1	0 0 0 0 0 0 1 0 0 0 1 0 0 1 1 0 0 1 0 0
50	13	0 1 0 0 0 0 1 0 0 1 0 0 0 1 1 0 0 1 1 1
50	12	0 0 0 0 0 0 1 0 0 1 0 1 0 1 1 0 0 1 0 0
50	5	0 0 0 1 1 1 0 0 0 1 0 0 0 1 1 0 0 1 0 0
50	10	0 0 0 0 0 0 1 1 0 1 1 1 0 1 1 0 0 1 0 0
50	8	0 0 0 0 1 0 1 1 0 1 0 0 0 1 1 0 0 1 0 0
50	34	0 1 0 0 0 0 1 0 1 1 0 0 0 1 0 0 0 1 0 1
50	10	0 0 0 1 0 0 1 1 0 1 0 0 0 1 1 0 1 1 0 0
50	2	0 0 0 1 0 0 1 0 0 1 0 1 0 1 1 0 0 1 0 0
50	10	0 0 1 0 0 0 1 0 0 1 0 0 0 1 1 0 0 1 0 0
50	5	0 0 0 0 0 0 0 0 1 1 0 0 0 1 1 0 0 1 0 0
50	9	0 0 0 1 0 0 1 0 1 1 0 0 0 1 1 0 0 1 0 0
50	10	0 0 0 1 0 0 0 0 0 1 0 0 0 1 1 1 0 1 0 0
50	4	0 0 0 0 0 0 1 0 0 1 0 0 0 0 1 0 0 1 0 0
50	5	0 0 0 0 0 0 0 0 1 1 0 0 0 1 1 1 0 1 0 0
50	6	0 0 0 0 0 0 0 1 0 1 0 0 0 1 1 0 0 1 0 0
50	2	0 0 0 0 0 0 1 0 0 1 1 0 0 0 1 0 0 1 0 0
50	14	0 0 0 1 0 0 1 0 0 1 0 0 1 1 1 0 0 0 0 0
50	1	0 0 0 0 0 0 1 0 0 1 0 0 0 1 1 1 0 0 0 0
50	4	0 0 0 1 0 0 1 0 1 1 0 0 0 0 1 0 0 1 0 0
50	1	0 0 0 0 0 0 0 0 0 1 0 0 1 1 1 0 0 0 0 0
50	2	0 0 0 1 0 0 0 0 0 0 0 0 1 0 0 0 0 1 0 0
50	13	0 0 0 0 0 0 1 0 0 1 1 0 0 1 1 1 0 1 0 0
50	4	0 0 0 0 0 0 1 0 0 1 1 1 0 1 0 0 0 1 0 0
50	1	0 0 0 0 0 0 1 1 0 1 1 1 0 1 1 0 0 1 1 0
50	2	0 1 0 0 0 0 1 0 0 1 0 0 0 1 1 0 0 0 1 0
50	6	0 0 0 0 0 0 1 0 1 1 0 0 0 1 0 0 0 1 0 1
50	9	0 0 0 0 0 0 1 1 0 1 0 0 0 1 1 0 0 1 0 0
50	2	0 0 1 1 0 0 0 0 0 0 0 0 1 0 0 0 0 0 0 0
50	3	1 0 0 0 0 0 0 0 0 1 0 0 0 1 1 0 0 1 0 0
50	1	0 1 0 0 0 0 1 0 0 1 1 0 0 1 1 0 0 1 0 0
50	1	0 0 0 1 0 0 1 0 0 1 0 0 0 1 1 0 0 1 0 1
50	4	0 0 0 0 0 0 1 0 0 1 0 0 0 1 1 0 1 1 0 0
50	5	0 0 1 0 0 0 1 0 0 1 0 0 1 1 1 0 0 0 0 0
50	3	0 0 0 0 0 0 0 1 0 1 0 0 0 0 0 1 0 0 1 0
50	4	0 0 0 0 0 0 0 1 0 1 0 0 0 0 0 1 0 0 0 1
50	1	0 0 0 0 0 0 1 0 0 0 1 0 0 1 1 0 1 0 1 0
50	8	0 0 0 0 0 0 1 1 0 0 0 0 0 1 1 0 0 1 0 0
50	1	1 0 0 0 0 1 1 0 0 1 0 0 0 1 1 0 0 1 0 0
50	4	0 0 0 1 0 0 1 0 0 1 0 0 1 0 1 0 0 0 0 0
50	1	0 0 0 0 0 0 0 0 0 1 0 0 0 1 1 0 0 0 0 1
50	5	0 1 0 0 0 0 1 0 0 1 1 0 0 1 1 1 0 1 0 0
50	4	0 1 0 1 0 0 1 0 0 1 0 0 1 1 1 0 0 0 0 0
50	3	0 0 0 0 0 0 1 0 0 1 0 0 0 0 1 0 0 0 0 0
50	1	0 0 0 0 0 0 1 0 0 1 1 0 0 1 1 0 0 1 1 0
50	6	0 1 0 0 0 0 0 1 0 1 0 0 0 0 0 1 0 0 0 0
50	3	0 0 0 0 0 0 1 0 0 1 0 0 0 1 1 0 1 1 1 0
50	8	0 0 0 1 0 0 0 0 0 1 0 1 0 1 1 0 0 1 0 0
50	6	0 0 0 1 0 0 0 0 0 1 1 0 0 1 1 1 0 1 0 0
50	1	0 0 0 0 1 0 1 0 0 1 0 0 0 0 1 0 0 1 0 0
50	8	0 0 0 1 0 0 1 0 0 1 0 0 1 1 1 0 1 0 0 0
50	2	0 1 0 1 0 0 1 0 0 1 0 0 0 1 1 0 0 0 1 0
50	1	0 0 0 0 0 0 0 0 0 1 0 0 1 1 1 0 0 1 0 0
50	2	0 0 0 0 0 1 1 0 0 1 1 1 0 1 1 0 0 1 0 0
50	2	0 1 0 0 0 0 1 0 0 1 0 0 0 1 1 1 0 1 0 0
50	1	0 1 0 0 0 0 1 0 0 1 0 0 0 1 1 0 0 1 1 0
50	1	0 1 0 0 0 0 1 0 0 1 0 0 1 1 1 0 0 0 0 0
50	2	0 1 0 0 0 0 1 0 1 1 0 0 0 1 0 0 0 1 0 0
50	2	0 0 0 0 0 0 1 0 1 1 1 0 0 1 1 0 0 1 0 0
50	3	0 0 0 0 0 1 1 0 0 0 0 0 0 1 1 0 0 1 0 0
50	1	0 0 0 0 0 0 1 1 0 1 0 0 0 1 1 0 0 1 0 1
50	2	0 1 0 0 0 0 1 0 0 1 0 0 0 1 1 0 0 0 1 1
50	4	0 0 0 0 0 0 0 0 0 1 0 1 0 1 1 0 0 1 0 0
50	4	0 0 0 0 0 1 1 0 1 1 0 0 0 1 1 0 0 1 0 0
100	145	0 0 0 0 0 0 1 0 0 1 0 0 0 1 1 0 0 1 0 0
100	2	0 0 0 0 0 0 1 0 0 1 0 0 0 1 1 0 0 0 0 0
100	35	0 0 0 1 0 0 1 0 0 1 0 0 0 1 1 0 0 1 0 0
100	3	0 0 0 0 0 0 1 0 0 1 0 0 1 1 1 0 0 1 0 0
100	22	0 0 0 0 0 0 1 0 0 1 0 0 1 1 1 0 0 0 0 0
100	51	0 0 0 0 1 0 1 0 0 1 0 0 0 1 1 0 0 1 0 0
100	13	0 0 0 1 0 0 1 0 0 1 0 0 0 1 0 0 0 1 0 0
100	34	0 1 0 0 0 0 1 0 0 1 0 0 0 1 1 0 0 1 0 0
100	13	0 0 1 0 0 0 1 0 0 1 0 0 0 1 1 0 0 1 0 0
100	47	0 0 0 1 0 0 1 0 0 1 0 0 1 1 1 0 0 0 0 0
100	12	0 0 0 0 0 0 1 1 0 1 0 0 0 1 1 0 0 1 0 0
100	19	0 0 0 0 0 0 1 0 0 1 0 0 0 1 1 0 1 1 0 0
100	1	0 1 0 0 0 0 1 0 1 1 0 0 0 1 0 0 0 1 0 0
100	18	0 0 0 0 0 0 1 0 1 1 1 0 0 1 1 0 0 1 0 0
100	7	0 0 0 0 0 1 1 0 1 1 0 0 0 1 1 0 0 1 0 0
100	7	0 0 0 1 0 0 1 0 0 1 0 0 0 1 1 0 0 0 0 0
100	44	0 0 0 0 1 0 1 0 0 1 0 0 0 1 1 0 1 1 0 0
100	9	0 1 0 0 0 0 1 0 1 1 0 0 0 1 0 0 1 1 0 1
100	14	0 0 0 0 0 0 1 0 0 1 0 0 0 0 0 1 0 0 0 0
100	10	0 0 0 1 0 0 1 0 0 1 0 0 0 1 1 1 0 0 0 0
100	9	0 0 0 0 0 0 1 1 0 1 0 0 1 1 1 0 0 0 0 0
100	3	0 0 1 0 1 0 1 0 0 1 0 0 0 1 1 0 0 1 0 0
100	13	0 1 0 1 0 0 1 1 0 1 0 0 0 1 1 0 0 1 0 0
100	7	0 0 0 0 1 0 1 0 0 1 0 1 0 1 1 0 0 1 0 0
100	1	1 0 0 0 0 0 1 0 0 1 0 0 0 1 1 0 0 1 0 0
100	3	0 1 0 1 0 0 1 0 0 1 0 0 0 1 1 0 0 1 1 0
100	1	0 1 0 0 0 0 1 0 0 1 0 0 1 1 1 0 0 0 0 0
100	9	0 0 0 0 1 0 1 0 0 1 0 0 0 0 1 0 0 1 0 0
100	18	0 1 0 1 0 0 1 0 0 1 0 0 0 0 1 0 0 1 1 0
100	18	1 0 0 1 0 0 1 0 0 1 0 0 0 1 1 1 0 0 0 0
100	2	0 0 0 1 0 0 1 0 0 1 0 0 1 1 1 0 0 1 0 0
100	19	0 0 0 0 0 0 1 0 0 1 0 0 1 0 1 0 0 0 0 0
100	3	0 1 1 0 1 0 1 0 0 1 0 0 0 1 1 0 0 1 0 0
100	2	0 1 0 0 0 0 1 0 0 1 0 0 0 1 0 0 1 1 0 0
100	24	0 0 1 0 0 0 1 0 0 1 0 0 0 0 1 0 0 1 0 0
100	12	0 0 0 1 0 1 1 0 0 1 0 0 1 1 1 0 0 0 0 0
100	14	0 1 0 0 1 0 1 1 0 1 0 0 0 1 1 0 1 1 0 0
100	8	0 0 0 0 1 0 1 0 0 1 0 0 0 1 0 0 0 1 0 0
100	3	0 0 0 0 1 0 1 0 0 1 0 0 0 0 1 0 1 1 0 0
100	1	0 0 0 1 0 0 1 1 0 1 0 1 0 1 1 0 0 1 0 0
100	2	0 0 0 0 1 0 1 0 0 1 0 0 1 1 0 0 0 0 0 0
100	2	0 0 0 0 0 0 0 1 0 1 0 0 1 1 1 0 0 0 0 0
100	11	0 0 0 0 0 0 1 0 0 1 0 0 0 1 1 0 0 1 1 0
100	9	0 0 0 1 0 0 1 0 0 1 0 1 0 1 1 0 0 1 0 0
100	16	0 1 0 0 0 0 1 0 1 1 0 0 0 1 0 0 1 1 0 0
100	3	0 0 1 0 1 0 1 0 0 1 0 0 1 1 1 0 0 0 0 0
100	14	0 1 0 0 0 0 1 0 0 1 0 0 0 1 1 1 0 1 0 0
100	3	0 1 0 0 1 0 1 0 1 1 0 0 0 1 0 0 0 1 0 0
100	13	0 0 0 0 0 1 1 0 0 1 0 0 1 1 1 0 0 0 0 0
100	9	0 0 0 1 1 0 1 0 0 1 0 0 0 1 0 0 0 1 1 0
100	9	0 0 0 0 1 0 1 0 0 1 0 0 0 0 1 0 1 0 0 0
100	3	0 0 1 1 0 0 1 0 0 1 0 0 0 1 1 0 0 1 0 0
100	12	0 1 0 1 0 0 1 0 0 1 0 0 1 1 1 0 0 1 1 0
100	4	0 0 0 0 1 0 1 0 0 1 0 0 0 1 1 0 0 0 0 0
100	8	0 1 0 0 1 0 1 1 0 1 0 0 0 0 1 0 0 1 1 0
100	5	0 0 0 0 1 0 1 0 0 1 0 0 0 0 0 0 0 1 0 0
100	7	0 0 0 0 1 0 1 0 0 1 0 0 0 1 1 1 1 1 0 0
100	17	0 1 0 0 0 0 1 0 1 1 0 0 0 1 1 0 1 1 0 0
100	8	0 0 0 0 1 0 1 1 0 1 0 0 0 1 1 0 0 1 0 0
100	1	1 0 0 1 0 0 1 0 0 1 0 0 0 1 1 0 0 1 0 0
100	6	1 0 0 1 0 0 1 0 0 1 0 0 0 1 1 0 0 0 1 0
100	6	0 0 0 1 0 0 1 0 0 1 0 0 0 1 1 0 0 1 0 1
100	2	0 0 0 1 0 0 1 0 0 1 0 0 0 1 1 1 0 1 0 0
100	5	0 0 0 1 0 1 1 0 0 1 0 1 0 1 1 0 0 1 0 0
100	9	0 0 0 1 0 0 1 0 1 1 0 0 0 1 0 0 0 1 1 0
100	5	0 0 0 0 0 1 1 1 0 1 0 0 1 1 1 0 0 0 0 0
100	3	0 0 0 0 0 0 1 0 0 1 1 0 1 0 1 0 0 0 0 0
100	1	0 0 0 1 1 0 1 1 0 1 0 1 0 1 1 0 0 1 0 0
100	11	0 0 0 0 0 0 1 1 0 1 0 0 1 1 1 0 0 1 0 0
100	4	0 1 1 0 0 0 1 0 0 1 0 0 0 1 1 1 0 1 0 0
100	1	0 0 0 1 1 0 1 1 0 1 0 1 0 1 1 0 0 1 1 0
100	10	0 0 0 0 0 0 1 0 0 1 0 0 0 0 1 0 0 1 0 0
100	4	0 0 0 1 0 0 1 0 0 1 1 0 1 1 1 0 0 0 0 0
100	4	0 0 0 0 0 0 1 0 1 1 1 0 0 1 1 0 1 1 0 0
100	1	0 0 0 1 0 0 1 0 0 1 0 0 0 0 1 0 0 1 1 0
100	5	0 0 0 0 0 0 1 0 0 1 0 0 1 1 1 0 0 1 1 0
100	8	0 0 0 1 0 0 1 1 0 1 0 0 1 1 1 0 0 0 0 0
100	1	0 0 0 0 0 0 1 0 0 1 0 0 0 1 1 0 0 1 0 1
100	3	0 0 0 1 0 0 1 0 0 1 1 0 0 1 1 0 0 1 0 0
100	7	0 1 0 0 0 0 1 0 0 1 0 0 1 1 1 0 0 1 0 0
100	1	0 0 0 0 0 0 0 0 1 1 1 0 0 1 1 0 0 1 0 0
100	5	0 0 0 0 0 0 1 0 0 1 0 0 1 0 1 0 0 0 1 0
100	1	0 1 0 0 0 0 1 0 0 1 0 0 0 1 1 1 0 0 0 0
100	7	0 1 1 0 0 0 1 0 0 1 0 0 0 1 1 1 0 1 0 1
100	5	0 0 0 0 0 0 1 0 0 1 0 1 0 1 1 0 0 1 0 0
100	1	0 0 0 1 0 0 1 0 0 1 0 0 0 1 0 0 1 1 0 0
100	2	0 0 0 1 0 0 1 0 0 1 0 0 1 1 1 0 0 0 1 0
100	3	0 0 0 0 0 0 1 0 1 1 0 0 0 1 1 0 0 1 0 0
100	4	0 1 0 1 0 0 1 0 0 1 0 0 0 0 1 0 0 1 1 1
100	2	0 1 0 0 1 0 1 1 0 1 0 0 1 1 1 0 1 1 0 0
100	2	0 1 0 0 0 0 1 0 0 1 0 0 0 1 1 0 0 1 1 0
100	1	0 0 0 1 0 0 1 0 1 1 0 0 1 1 1 0 0 0 0 0
100	1	0 0 0 0 1 1 1 0 0 1 0 0 0 0 1 0 0 1 0 0
100	4	1 1 0 1 0 0 1 0 0 1 0 0 0 1 1 1 0 0 0 0
100	2	0 1 0 0 0 0 1 0 0 1 0 0 1 1 0 0 1 1 0 0
100	5	0 1 0 0 0 0 1 0 0 1 0 0 0 1 1 1 0 1 0 1
100	1	0 1 0 1 0 0 1 0 0 1 0 0 0 1 1 0 0 1 0 0
100	2	0 1 0 0 1 0 1 1 0 1 0 0 0 1 0 0 1 1 0 0
100	1	0 0 0 0 0 0 1 0 0 1 0 1 1 1 1 0 0 0 0 0
100	2	0 1 0 0 0 0 1 0 0 1 0 0 0 1 1 0 1 1 0 0
100	1	0 1 0 0 0 0 1 0 1 1 0 0 0 1 1 0 0 1 0 0
100	3	0 0 0 1 0 0 0 0 0 1 0 0 1 1 1 0 0 0 0 0
100	1	0 0 1 0 1 0 1 0 0 1 0 0 0 1 1 1 0 1 0 0
100	3	0 0 0 1 0 1 0 0 0 1 0 0 1 1 1 0 0 0 0 0
100	1	1 0 0 1 0 0 1 0 0 1 0 1 0 1 1 0 0 1 0 0
100	2	0 0 1 0 0 0 1 0 0 1 0 0 0 1 1 0 0 1 1 0
100	1	0 0 0 0 1 0 1 0 0 1 1 0 0 1 1 0 0 1 0 0
100	1	0 0 0 0 1 1 1 0 0 1 0 0 1 1 0 0 1 1 0 0
100	1	0 0 0 0 1 0 1 0 0 1 0 0 1 1 1 0 0 1 0 0
100	1	0 0 0 0 1 0 1 0 0 1 0 0 0 1 1 0 0 1 0 1
100	2	0 0 0 0 0 0 1 1 0 1 0 1 0 1 1 0 0 1 0 0
100	2	0 0 0 1 1 0 1 0 0 1 0 0 0 1 1 0 1 1 0 0
100	1	0 0 1 0 0 0 1 0 0 0 0 0 0 1 1 0 0 1 0 0
150	6	0 0 0 0 0 0 1 0 0 1 0 0 0 1 1 0 0 1 0 0
150	9	0 0 0 0 1 0 1 0 0 1 0 0 0 1 1 0 0 1 0 0
150	17	0 0 0 1 0 0 1 0 0 1 0 0 1 1 1 0 0 0 0 0
150	29	0 0 0 0 0 0 1 1 0 1 0 0 1 1 1 0 0 0 0 0
150	12	0 1 0 1 0 0 1 1 0 1 0 0 0 1 1 0 0 1 0 0
150	17	0 1 0 1 0 0 1 0 0 1 0 0 0 0 1 0 0 1 1 0
150	2	0 0 0 1 0 1 1 0 0 1 0 0 1 1 1 0 0 0 0 0
150	23	0 1 0 0 1 0 1 1 0 1 0 0 0 1 1 0 1 1 0 0
150	7	0 1 0 0 0 0 1 0 1 1 0 0 0 1 0 0 1 1 0 0
150	14	0 0 0 0 0 1 1 0 0 1 0 0 1 1 1 0 0 0 0 0
150	3	0 0 0 0 1 0 1 0 0 1 0 0 0 0 1 0 1 0 0 0
150	46	0 1 0 1 0 0 1 0 0 1 0 0 1 1 1 0 0 1 1 0
150	26	0 0 0 0 1 0 1 1 0 1 0 0 0 1 1 0 0 1 0 0
150	3	0 0 0 1 0 1 1 0 0 1 0 1 0 1 1 0 0 1 0 0
150	1	0 0 0 0 0 1 1 1 0 1 0 0 1 1 1 0 0 0 0 0
150	3	0 0 0 0 0 0 1 1 0 1 0 0 1 1 1 0 0 1 0 0
150	4	0 0 0 1 0 0 1 1 0 1 0 0 1 1 1 0 0 0 0 0
150	39	0 1 0 0 0 0 1 0 0 1 0 0 1 1 1 0 0 1 0 0
150	1	0 1 0 0 0 0 1 0 0 1 0 0 0 1 1 0 0 1 1 0
150	4	0 1 0 0 0 0 1 0 0 1 0 0 0 1 1 0 1 1 0 0
150	18	0 0 0 1 0 1 0 0 0 1 0 0 1 1 1 0 0 0 0 0
150	15	0 1 0 1 1 0 1 0 1 1 0 0 0 1 0 0 0 1 0 0
150	4	0 0 0 1 1 0 1 0 0 1 0 0 0 1 1 0 0 1 0 0
150	1	0 0 0 0 0 0 1 0 0 1 0 0 0 1 1 0 0 0 0 0
150	7	0 0 0 0 1 0 1 0 0 1 0 0 0 1 1 1 0 1 0 0
150	23	0 1 0 1 1 0 1 0 0 1 0 0 0 1 0 0 0 1 1 0
150	15	0 0 0 0 0 1 1 0 0 1 0 0 1 1 1 0 1 0 0 0
150	22	0 0 0 1 0 0 1 0 0 0 0 0 1 1 1 0 0 0 0 1
150	4	0 1 0 1 0 0 1 0 0 1 0 0 0 1 1 0 0 1 0 0
150	9	0 1 1 0 0 0 1 0 1 1 0 0 0 1 0 0 1 1 0 0
150	14	1 0 0 0 0 1 1 1 0 1 1 0 1 0 1 0 0 0 0 0
150	7	0 0 0 1 0 1 0 0 0 1 0 0 1 1 1 0 0 1 0 0
150	24	0 1 1 0 0 0 1 0 1 1 1 0 0 1 0 0 1 1 0 0
150	7	0 0 0 1 1 0 1 0 0 1 0 0 0 1 0 0 0 1 0 0
150	1	0 0 0 0 1 0 1 0 0 1 0 0 0 1 1 0 1 0 0 0
150	26	0 1 1 1 0 0 1 0 1 1 0 0 0 1 0 0 1 1 0 0
150	3	0 0 0 1 0 1 1 0 0 1 0 0 1 0 1 0 0 0 0 0
150	11	0 1 0 0 0 0 1 0 1 1 1 0 0 1 0 0 0 1 0 0
150	4	0 1 1 0 1 0 1 0 0 1 0 0 0 1 1 0 1 1 0 0
150	8	0 1 0 0 0 0 1 0 0 1 0 0 0 0 1 0 0 1 0 0
150	10	0 0 0 1 0 1 0 0 0 1 0 1 1 1 1 0 0 1 0 0
150	11	0 1 0 1 0 0 1 0 0 1 0 0 0 1 1 0 1 0 0 0
150	16	0 1 0 1 0 0 1 0 0 1 0 0 1 1 1 0 0 1 0 0
150	2	0 1 0 1 0 0 1 0 0 1 0 0 0 1 1 0 1 1 0 0
150	4	0 1 0 1 1 0 1 0 0 1 0 0 0 1 1 0 1 1 0 0
150	4	0 0 0 1 0 0 1 1 0 1 0 0 0 1 1 0 0 0 0 0
150	1	0 0 1 0 0 0 1 0 0 1 0 0 0 1 1 0 0 0 0 0
150	8	1 0 0 0 0 1 1 1 0 1 1 0 1 0 1 0 0 0 1 0
150	16	0 0 0 0 1 0 1 0 0 1 0 1 0 1 1 0 1 0 0 0
150	5	0 1 0 1 0 0 1 1 0 1 0 0 1 1 1 0 0 0 0 0
150	9	0 1 0 1 0 0 1 0 0 1 0 0 0 0 1 0 1 0 0 0
150	16	0 0 0 0 0 0 1 0 1 1 0 0 0 1 0 0 1 1 0 0
150	2	0 0 1 1 0 0 1 0 0 0 0 0 1 1 1 0 0 0 0 1
150	31	0 1 0 1 0 0 1 0 0 1 0 0 0 1 1 1 1 1 0 0
150	5	1 0 0 0 0 1 0 0 0 1 0 0 1 1 1 0 0 0 0 0
150	12	0 0 0 0 0 1 1 0 0 1 0 0 1 0 1 0 0 0 0 0
150	4	0 1 0 1 1 0 1 0 0 1 0 0 0 1 1 0 0 0 1 0
150	14	0 1 0 1 0 1 1 0 0 1 0 0 1 1 1 0 1 0 0 0
150	10	0 0 0 0 0 0 1 0 0 1 0 0 0 1 1 0 0 1 1 0
150	2	0 0 0 1 0 1 0 0 0 1 0 1 1 1 1 0 0 1 0 1
150	4	0 1 0 0 0 0 1 0 1 1 0 0 1 1 0 0 1 1 0 0
150	8	0 0 0 0 0 1 1 0 0 1 0 1 1 1 1 0 0 0 0 0
150	13	0 1 0 1 0 1 0 0 0 1 0 0 1 1 1 0 0 1 0 0
150	3	0 0 0 1 0 1 1 1 0 1 0 0 1 1 1 0 0 0 0 0
150	7	0 1 1 1 1 0 1 0 0 1 0 1 0 0 1 0 0 0 0 0
150	1	0 0 1 0 1 0 1 0 0 1 0 0 0 0 1 0 1 0 0 0
150	2	1 1 0 1 0 0 1 0 0 1 0 0 1 1 1 0 0 1 1 0
150	12	0 1 0 0 0 0 1 0 0 1 0 1 0 1 1 0 0 1 1 0
150	2	0 1 0 1 0 0 1 0 0 0 0 0 0 1 1 0 1 1 0 0
150	5	0 0 0 0 0 0 1 0 0 1 0 0 1 1 1 0 0 0 0 0
150	25	0 0 0 0 0 0 0 0 1 1 0 0 0 1 0 0 1 1 0 0
150	6	1 0 0 0 0 1 1 1 0 1 1 0 1 1 0 0 0 1 0 0
150	6	0 1 0 1 1 0 1 0 0 1 0 0 0 1 0 0 0 1 0 0
150	8	0 1 0 1 0 0 1 1 0 1 0 0 1 1 1 0 0 1 0 0
150	8	0 0 0 0 1 0 1 1 0 1 0 0 0 1 1 0 1 1 0 0
150	3	1 0 0 0 0 1 1 1 0 1 1 0 1 0 1 0 0 1 1 0
150	12	0 0 0 1 0 0 1 1 0 1 0 0 1 1 1 1 0 0 0 0
150	1	0 0 1 0 0 0 1 0 1 1 0 0 0 1 0 0 1 1 0 0
150	8	0 1 0 1 0 0 1 0 0 1 0 0 1 1 1 0 0 0 0 0
150	11	0 0 0 0 1 0 1 1 0 1 0 0 0 1 1 0 0 0 0 0
150	1	0 0 0 0 0 0 1 1 0 1 0 0 1 0 1 0 0 0 0 0
150	6	0 1 0 0 1 0 1 0 0 1 0 0 0 1 1 0 1 1 0 0
150	3	1 0 0 0 0 1 1 1 0 1 1 1 1 0 1 0 0 0 1 0
150	1	0 1 1 0 1 0 1 0 1 1 0 0 0 1 1 0 0 1 0 0
150	2	0 1 1 0 0 1 1 0 0 1 0 0 0 1 1 0 0 1 1 0
150	2	0 0 0 0 1 0 1 0 0 1 1 0 0 0 1 0 1 0 0 0
150	2	0 1 0 0 0 0 1 0 0 1 0 0 0 1 0 0 0 1 1 0
150	8	0 0 0 0 1 1 1 0 0 1 0 0 1 1 1 0 0 0 0 0
150	2	1 0 0 0 0 1 1 1 0 1 1 0 1 0 1 1 0 1 1 0
150	7	0 1 0 0 0 0 1 0 1 1 0 0 0 1 1 0 0 1 0 0
150	6	0 0 0 1 0 0 1 1 1 1 0 0 0 1 0 0 1 1 0 0
150	2	0 0 0 0 0 0 1 1 0 1 0 0 1 1 1 0 0 0 0 1
150	6	0 0 0 0 1 0 1 1 0 0 0 0 0 1 1 0 0 1 0 0
150	1	0 0 0 1 0 1 0 0 0 0 0 0 1 1 1 0 0 1 0 0
150	3	1 0 0 0 0 1 1 0 0 1 0 0 0 1 1 0 1 1 0 0
150	2	0 0 0 1 0 0 1 1 0 1 0 0 0 1 1 0 0 0 1 0
150	1	0 1 0 1 0 0 1 1 0 1 0 0 1 1 1 0 0 1 1 0
150	8	1 0 0 0 0 1 0 0 0 1 0 0 0 1 1 0 1 1 0 0
150	3	0 1 0 1 1 0 1 0 0 1 0 0 1 1 1 1 0 0 0 0
150	4	0 0 0 0 0 0 1 0 0 1 1 0 0 1 1 0 0 1 0 0
150	5	0 0 0 0 1 0 1 0 0 1 1 0 0 1 1 0 0 1 0 0
150	6	0 1 0 0 1 1 1 1 0 1 0 0 0 1 1 0 1 1 0 0
150	7	0 1 1 0 0 0 1 0 1 1 1 1 0 1 0 0 1 1 0 0
150	2	0 0 0 1 1 0 1 1 0 1 0 0 1 1 1 1 0 0 0 0
150	5	0 0 0 0 1 0 0 1 0 1 0 0 0 1 1 0 0 0 0 0
150	1	0 0 0 1 0 0 1 0 0 1 0 0 1 1 1 0 0 1 0 0
150	4	0 1 0 0 1 0 1 1 0 1 0 0 0 1 1 0 0 0 0 0
150	2	0 1 0 0 0 1 1 1 0 1 1 0 1 0 1 0 0 0 0 0
150	3	0 0 0 1 0 0 1 0 0 0 0 0 1 1 1 0 0 1 0 0
150	1	1 0 0 0 0 1 1 1 0 1 1 0 1 0 1 0 1 1 0 0
150	1	0 1 1 1 0 0 1 0 1 1 0 0 0 1 0 0 0 1 0 0
150	2	0 1 0 0 0 0 1 0 0 1 0 0 1 1 1 0 1 1 0 0
150	1	0 0 0 0 0 0 1 0 0 1 0 0 1 1 1 0 0 1 0 0
150	3	1 0 0 0 0 1 1 1 0 1 0 0 1 0 1 0 0 0 0 0
150	2	1 0 0 0 0 1 1 1 0 0 1 0 1 0 1 0 0 0 0 0
150	1	0 0 0 0 0 0 1 0 1 1 0 0 0 1 0 0 1 1 0 1
150	3	0 1 0 0 1 0 1 1 0 1 0 0 0 1 1 0 0 1 0 0
150	1	0 1 0 1 0 0 1 0 0 1 0 0 1 1 1 0 0 0 0 1
150	1	0 1 0 0 0 0 1 0 0 1 0 0 1 1 1 0 0 0 0 0
150	1	0 1 1 0 0 0 1 0 1 1 1 0 0 0 1 0 1 0 0 0
150	3	0 1 0 0 0 0 1 0 1 1 1 0 0 1 0 0 1 1 0 0
150	1	0 0 0 0 0 1 1 0 0 1 0 1 1 1 1 0 0 1 0 0
150	3	1 0 0 0 0 1 0 1 0 1 1 0 1 1 1 0 0 1 0 0
150	3	1 0 0 0 0 1 1 1 0 1 1 0 1 1 1 0 0 0 0 0
150	6	0 1 0 1 0 1 1 0 0 1 0 0 1 1 1 0 0 1 1 0
150	3	0 1 0 1 0 0 1 0 0 1 0 0 1 0 1 0 0 1 1 0
150	1	0 1 1 0 0 0 1 0 1 1 0 0 0 1 0 1 1 1 0 0
150	1	0 1 0 1 0 0 1 0 0 1 1 0 1 1 1 0 0 1 0 0
150	2	0 0 0 0 0 0 1 0 1 1 0 0 0 1 0 1 1 1 0 0
150	1	1 0 0 0 0 1 0 1 0 1 1 0 1 0 1 0 1 0 0 0
150	2	0 1 0 1 0 1 0 0 0 1 1 0 1 1 1 0 0 1 0 0
150	2	0 1 0 0 0 0 0 0 1 1 0 0 0 1 0 0 1 1 0 0
150	2	0 0 0 0 0 0 1 0 0 1 0 0 0 0 1 0 0 1 1 0
150	1	0 1 0 1 0 0 1 0 0 1 0 0 1 1 1 1 0 0 0 0
150	1	0 1 0 1 1 0 1 0 1 1 0 0 1 1 1 0 0 0 0 0
150	1	0 1 0 1 0 0 1 0 1 1 0 0 0 1 0 0 1 1 0 0
150	2	0 1 0 1 0 0 1 0 0 1 0 0 1 1 1 0 1 0 0 0
150	3	0 1 0 0 1 0 1 0 0 1 0 0 0 1 1 0 0 1 0 0
150	2	0 1 0 0 1 0 1 1 0 0 0 0 0 1 1 0 1 1 0 0
150	2	0 1 0 1 1 0 1 0 1 1 0 0 0 1 0 0 1 1 0 0
150	1	0 1 0 1 1 0 1 0 1 1 0 1 0 1 0 0 0 1 0 0
150	1	0 0 0 0 0 1 1 0 0 1 0 0 1 0 1 0 1 0 0 0
150	3	1 0 0 0 0 1 1 1 0 1 1 0 1 0 1 1 0 0 0 0
150	1	1 0 0 0 0 0 1 1 0 1 1 0 1 0 1 0 0 0 0 0
150	3	0 1 1 1 0 0 1 0 1 1 0 0 0 1 0 0 1 1 1 0
150	3	0 1 0 0 0 0 1 0 1 1 1 1 0 1 0 0 0 1 0 0
150	2	0 1 0 1 0 1 1 1 0 1 0 0 1 1 1 0 0 0 0 0
150	1	0 0 0 0 0 0 1 0 0 1 0 0 0 1 1 1 0 1 1 0
150	1	0 1 0 1 1 0 1 1 0 1 0 0 1 1 1 0 0 1 0 0
150	1	1 0 0 0 0 1 1 1 0 1 0 1 1 0 1 0 0 0 1 0
150	3	0 1 1 0 0 0 1 0 1 1 1 0 0 0 0 0 1 0 0 0
200	7	0 1 0 1 0 0 1 0 0 1 0 0 0 0 1 0 0 1 1 0
200	27	0 1 0 0 1 0 1 1 0 1 0 0 0 1 1 0 1 1 0 0
200	2	0 1 1 0 0 0 1 0 1 1 0 0 0 1 0 0 1 1 0 0
200	12	1 0 0 0 0 1 1 1 0 1 1 0 1 0 1 0 0 0 0 0
200	5	0 1 1 1 0 0 1 0 1 1 0 0 0 1 0 0 1 1 0 0
200	4	0 0 0 1 0 1 0 0 0 1 0 1 1 1 1 0 0 1 0 0
200	50	0 1 0 1 0 0 1 0 0 1 0 0 0 1 1 0 1 0 0 0
200	26	0 1 0 1 0 0 1 0 0 1 0 0 1 1 1 0 0 1 0 0
200	32	0 0 0 0 1 0 1 0 0 1 0 1 0 1 1 0 1 0 0 0
200	65	0 1 0 1 0 0 1 0 0 1 0 0 0 1 1 1 1 1 0 0
200	8	0 1 1 1 1 0 1 0 0 1 0 1 0 0 1 0 0 0 0 0
200	25	0 1 0 1 0 0 1 0 0 1 0 0 1 1 1 0 0 0 0 0
200	6	0 1 0 1 0 0 1 1 0 1 0 0 1 1 1 0 0 1 1 0
200	10	0 1 0 0 0 0 1 0 0 1 0 0 0 1 1 0 0 1 0 0
200	3	0 0 0 0 0 1 1 1 0 1 1 0 1 0 1 0 0 0 1 0
200	21	0 1 0 1 1 0 1 0 1 1 0 0 0 1 1 0 0 1 0 0
200	6	0 0 0 0 0 1 1 0 1 1 0 0 1 1 1 0 0 0 0 0
200	27	0 1 0 1 0 0 1 0 0 1 0 0 0 1 1 1 0 1 0 0
200	28	0 1 1 0 0 0 1 0 1 1 1 0 1 1 1 0 1 0 1 0
200	17	0 1 1 1 0 0 1 0 1 1 0 0 1 1 1 0 0 0 0 0
200	8	1 0 0 0 0 1 1 1 1 1 0 0 0 1 0 0 1 1 0 0
200	2	0 1 0 0 0 0 1 0 0 1 0 0 0 1 0 0 1 1 0 0
200	4	0 1 0 1 1 0 1 0 0 1 1 0 0 1 0 0 0 0 0 0
200	2	0 1 1 1 0 1 1 0 1 1 0 0 0 1 0 0 1 1 1 0
200	18	0 1 1 1 0 1 1 0 1 1 0 0 0 1 0 0 0 1 0 0
200	4	0 1 0 1 0 0 1 0 0 0 0 0 1 0 1 0 0 1 1 0
200	4	1 0 0 0 0 1 1 0 1 1 0 0 0 1 0 0 0 1 1 0
200	36	1 1 1 1 0 0 1 0 1 1 0 0 1 1 1 0 0 0 0 0
200	2	0 1 0 1 0 1 1 0 0 1 0 0 0 1 0 0 0 1 0 0
200	11	1 0 0 0 0 1 1 1 0 1 0 0 1 1 1 0 0 1 1 0
200	16	0 1 0 1 0 0 1 0 0 1 0 0 0 1 1 0 0 1 0 0
200	3	1 1 1 1 0 0 1 0 1 1 0 0 0 1 1 0 0 1 0 0
200	26	0 0 0 0 0 0 1 0 0 1 1 0 1 1 1 0 0 0 0 0
200	11	0 1 1 1 0 0 1 1 1 1 0 0 0 1 0 0 0 1 0 0
200	3	0 0 0 1 0 0 1 1 0 1 0 0 1 1 1 0 0 0 1 0
200	1	0 0 0 0 0 1 1 1 0 1 1 0 1 0 0 0 0 0 1 0
200	3	0 0 0 1 0 1 0 1 0 1 0 0 1 1 1 1 0 1 0 0
200	9	0 0 0 0 0 0 0 0 1 1 0 0 0 1 1 0 0 1 0 0
200	3	0 1 1 0 0 0 1 0 1 1 1 1 0 1 0 0 1 1 0 0
200	5	0 1 0 1 0 0 1 0 0 1 1 0 0 1 1 1 1 1 0 0
200	7	0 0 0 1 0 0 0 0 1 1 0 0 1 1 1 0 1 0 1 0
200	1	0 1 1 1 0 0 0 0 1 1 0 1 0 1 0 0 0 0 0 0
200	19	0 1 0 1 0 0 1 0 0 1 0 1 0 1 1 0 1 0 0 0
200	7	0 1 1 1 0 0 1 0 0 1 0 0 1 1 1 0 0 0 0 0
200	3	0 1 0 1 0 0 1 0 0 1 0 0 0 1 1 0 0 1 1 0
200	2	0 1 0 0 0 0 1 0 0 1 0 0 1 1 1 0 0 1 1 0
200	4	0 0 0 1 1 0 0 0 1 1 1 0 1 1 1 0 1 0 1 0
200	9	0 1 0 1 1 0 1 0 0 1 0 0 0 1 1 0 1 0 0 0
200	1	0 0 0 0 0 0 1 0 0 1 0 1 0 0 1 0 0 0 0 0
200	3	1 0 0 0 0 1 1 1 0 1 0 0 1 0 1 0 0 0 1 0
200	2	0 1 1 1 0 0 1 1 0 1 0 0 1 1 1 0 0 1 0 0
200	24	0 1 0 1 1 0 1 0 0 1 0 1 0 1 0 0 1 1 0 0
200	10	0 1 1 0 0 0 1 0 1 1 1 0 1 1 1 0 1 0 0 0
200	3	0 1 1 1 0 0 1 0 0 1 0 0 0 1 1 0 1 0 0 0
200	50	0 1 1 1 0 0 0 0 1 1 0 1 0 0 0 0 0 0 0 0
200	7	0 1 1 1 0 0 1 0 1 1 0 0 0 1 0 0 0 1 1 0
200	2	0 1 0 1 0 0 1 0 1 1 0 0 0 1 1 0 0 1 0 0
200	7	0 1 1 1 0 0 1 1 1 1 0 0 0 1 0 0 0 1 1 0
200	3	1 0 0 0 0 1 1 1 1 1 0 0 0 1 1 0 0 1 0 0
200	13	0 1 0 1 0 0 1 0 0 1 1 0 1 1 1 0 0 1 1 0
200	12	0 1 0 1 0 0 1 1 0 1 0 0 1 1 1 0 0 0 1 0
200	6	0 1 0 1 1 0 1 0 0 1 0 0 0 1 1 0 0 1 0 0
200	9	0 1 0 1 1 0 1 0 1 1 0 0 0 1 1 0 1 1 0 0
200	7	0 1 0 0 0 0 1 0 0 1 0 0 1 1 1 0 0 1 1 1
200	19	0 1 0 0 0 1 1 1 0 1 1 0 1 0 1 0 0 0 1 0
200	9	1 0 0 0 0 1 1 0 0 1 0 0 1 1 1 0 0 0 0 0
200	2	0 1 0 0 1 0 1 0 0 1 0 0 0 1 1 0 0 1 0 1
200	1	0 1 0 1 0 0 1 0 0 1 0 0 0 1 0 1 1 1 0 0
200	3	1 0 0 0 0 1 0 0 1 1 0 0 0 1 0 0 0 1 1 0
200	3	0 1 1 1 0 0 1 1 0 1 0 0 1 1 1 0 0 0 1 0
200	2	0 1 1 1 0 0 0 0 1 1 0 1 0 1 0 0 0 1 0 1
200	9	1 1 0 1 0 0 1 0 0 1 0 0 0 1 1 0 1 0 0 0
200	2	0 1 1 1 0 0 0 0 1 1 0 1 0 1 0 1 1 1 0 1
200	2	0 0 0 0 1 0 1 0 0 1 0 1 0 1 1 0 1 0 0 1
200	17	0 1 0 1 1 0 1 0 0 1 1 1 0 1 0 0 0 0 0 0
200	2	0 1 1 1 1 0 1 0 1 1 0 0 0 1 1 0 0 1 0 0
200	5	0 1 0 1 0 0 1 0 0 1 1 0 1 1 1 0 0 1 0 0
200	2	0 1 0 1 0 0 1 0 0 1 0 1 0 0 0 0 0 0 0 0
200	1	0 1 1 1 0 0 1 1 1 1 0 0 1 1 1 0 0 1 1 0
200	3	0 1 1 0 0 0 1 0 1 1 1 0 1 1 0 0 0 1 0 0
200	4	0 1 1 1 0 1 1 0 0 1 0 1 0 1 1 0 1 0 0 0
200	4	0 1 1 1 0 1 1 0 1 1 0 0 1 1 1 0 0 0 0 0
200	2	1 1 1 1 0 0 1 0 1 1 0 0 1 1 0 0 1 1 0 0
200	2	0 0 0 1 1 0 0 0 1 1 1 0 1 1 1 0 1 0 0 0
200	2	0 1 0 1 1 0 1 0 0 1 0 1 0 0 1 0 0 0 0 0
200	9	0 0 0 0 0 1 1 1 1 1 0 0 0 1 0 0 1 1 0 0
200	5	0 1 0 0 0 1 1 1 0 1 0 0 1 1 1 0 0 1 1 0
200	4	0 1 0 0 1 0 1 1 0 1 0 0 0 1 1 0 1 0 1 0
200	2	0 1 0 0 0 1 1 1 0 1 1 0 1 0 1 0 1 0 1 0
200	6	0 1 0 1 0 0 1 0 0 1 0 0 0 1 1 0 0 0 0 0
200	2	0 1 0 1 1 0 1 0 1 1 1 0 0 1 1 0 0 1 0 0
200	8	1 1 1 0 0 0 1 0 1 1 0 0 0 1 1 0 0 1 0 0
200	4	0 1 0 1 0 0 1 0 0 1 1 0 0 0 1 1 1 1 0 0
200	4	0 1 1 1 0 0 0 0 1 1 0 1 0 0 0 0 0 1 0 0
200	1	0 1 0 1 0 0 1 0 0 1 0 0 0 1 0 1 1 1 0 1
200	8	0 1 0 1 0 0 1 0 0 1 0 0 0 1 1 0 1 0 1 0
200	2	0 1 0 0 0 0 1 0 0 1 0 0 0 1 1 0 0 1 0 1
200	3	0 1 1 1 0 1 1 0 1 1 0 0 0 1 0 0 0 0 0 0
200	1	0 1 1 1 0 0 0 0 1 1 0 1 0 1 1 1 1 1 0 0
200	1	0 1 0 1 0 0 1 0 0 0 0 0 1 1 1 0 0 0 0 0
200	2	0 0 0 1 0 0 1 0 0 1 0 0 0 1 1 1 0 1 0 0
200	4	0 1 1 1 0 0 1 1 0 1 1 0 1 0 1 0 0 0 1 0
200	3	1 1 1 1 0 0 1 0 1 1 0 0 0 1 1 1 1 1 0 0
200	3	1 1 1 1 0 0 1 1 1 1 0 0 0 1 0 0 0 1 0 0
200	2	0 1 0 1 1 0 1 0 0 1 0 0 0 1 0 0 0 1 0 0
200	4	0 1 0 1 1 0 1 0 0 1 1 1 0 1 1 0 0 0 0 0
200	1	0 1 0 1 0 0 1 0 0 1 0 0 0 0 1 1 1 1 0 0
200	1	0 1 0 1 0 1 1 0 0 1 0 0 0 1 1 1 1 1 0 0
200	1	1 0 0 0 0 1 1 1 0 1 0 0 1 1 0 0 0 1 1 0
200	4	1 0 0 0 0 1 1 0 0 1 0 0 1 1 1 0 0 1 1 0
200	2	0 1 0 1 1 0 1 0 0 1 1 1 0 1 0 0 0 1 0 0
200	1	0 1 1 0 0 0 1 0 1 1 1 0 1 1 1 0 0 1 0 0
200	4	0 1 0 0 1 0 1 1 0 1 0 0 0 1 1 0 0 1 0 0
200	2	1 0 0 1 0 1 1 1 0 1 1 0 1 0 1 0 0 0 0 0
200	1	0 1 0 1 0 0 1 0 0 1 0 0 0 1 0 0 1 0 0 0
200	1	0 0 0 1 0 0 1 0 0 1 0 0 1 1 1 0 0 0 0 0
200	2	0 1 0 1 0 1 1 1 0 1 0 0 1 1 1 0 0 1 1 0
200	1	0 1 0 1 0 1 1 0 0 1 0 0 0 1 1 1 0 1 0 0
200	1	0 1 0 0 0 1 1 0 0 1 1 0 1 0 1 0 0 0 1 0
200	2	1 0 0 0 0 1 0 0 1 0 0 0 0 1 0 0 0 1 1 0
200	2	0 1 0 1 0 0 1 0 0 0 0 1 0 0 0 0 0 0 0 0
200	3	0 1 1 1 0 0 1 1 0 1 1 0 1 0 1 0 0 0 1 1
200	1	0 1 0 1 0 0 1 0 0 1 0 0 1 1 1 0 0 0 1 0
200	2	0 0 0 1 0 0 1 0 0 1 0 0 0 1 1 0 0 1 0 0
200	2	0 1 1 1 0 1 0 0 0 1 0 1 1 1 1 0 0 1 0 0
200	1	0 0 1 1 0 0 1 1 1 1 0 0 0 1 0 0 0 1 0 0
200	1	0 1 0 1 0 0 1 0 0 1 1 1 0 1 1 0 0 0 0 0
200	1	0 1 0 1 0 0 1 0 1 1 0 0 0 1 0 0 0 0 0 0
200	1	0 1 0 1 0 0 1 0 0 1 0 1 0 1 0 0 1 1 0 0
200	1	0 1 0 1 0 0 1 1 0 1 0 1 0 0 0 0 0 0 0 0
200	2	0 1 0 1 1 0 1 0 0 1 1 0 1 1 1 0 0 0 0 0
200	2	1 1 0 1 0 0 0 0 1 1 0 1 0 0 0 0 0 0 0 0
200	2	0 0 0 1 0 1 0 0 0 1 0 1 1 1 1 0 1 1 0 0
200	1	0 1 0 1 0 0 0 0 0 1 0 0 0 1 1 1 1 1 0 0
200	1	0 1 1 1 1 0 1 0 0 1 0 1 0 0 1 0 0 0 1 0
200	3	1 1 1 1 0 0 1 0 1 1 0 0 1 1 1 0 0 1 0 0
200	1	0 1 1 0 0 0 0 0 1 1 1 0 1 1 1 0 1 0 0 0
200	1	0 0 1 1 0 0 0 0 1 1 0 1 0 0 0 0 0 0 0 0
200	1	0 1 1 1 0 0 1 0 1 1 1 0 0 1 0 0 0 1 1 0
200	1	0 1 1 1 1 0 1 1 1 1 0 0 0 1 0 0 0 1 1 0
200	2	0 1 0 1 0 0 1 0 0 1 1 0 1 1 1 0 0 1 1 1
200	4	1 1 1 1 0 1 1 0 1 1 0 0 1 1 0 0 1 1 0 0
200	3	0 1 1 1 0 0 1 0 0 1 0 0 0 1 0 1 1 1 0 1
250	3	0 1 0 1 0 0 1 0 0 1 0 0 0 0 1 0 0 1 1 0
250	24	0 1 0 1 0 0 1 0 0 1 0 0 0 1 1 0 1 0 0 0
250	9	0 1 0 1 0 0 1 0 0 1 0 0 1 1 1 0 0 0 0 0
250	18	0 1 1 1 0 0 1 0 1 1 0 0 1 1 1 0 0 0 0 0
250	9	0 0 0 1 1 0 0 0 1 1 1 0 1 1 1 0 1 0 1 0
250	28	0 1 0 1 1 0 1 0 0 1 0 1 0 1 0 0 1 1 0 0
250	53	0 1 1 1 0 0 0 0 1 1 0 1 0 0 0 0 0 0 0 0
250	1	0 1 1 1 0 0 1 0 1 1 0 0 0 1 0 0 0 1 1 0
250	7	0 1 0 1 1 0 1 0 1 1 0 0 0 1 1 0 1 1 0 0
250	45	1 1 1 1 0 0 1 0 1 1 0 0 1 1 1 0 0 1 0 0
250	7	0 1 1 1 0 0 0 0 1 1 0 1 0 1 1 0 1 0 0 0
250	6	0 1 1 0 0 0 1 1 1 1 1 0 1 1 1 0 1 0 1 0
250	21	1 1 1 1 0 0 1 0 0 1 0 0 1 1 1 0 0 0 0 0
250	14	1 1 0 1 0 0 1 0 1 1 0 0 1 1 1 0 0 0 0 0
250	39	1 1 0 1 0 0 0 0 1 1 0 1 1 1 1 0 1 0 1 0
250	25	0 1 1 0 0 0 1 0 0 1 1 0 1 1 1 0 1 0 1 0
250	8	1 1 0 1 0 0 1 0 0 1 0 0 0 1 1 1 1 1 0 0
250	5	0 1 1 0 1 0 1 0 0 1 0 1 0 1 1 0 1 0 0 0
250	12	0 1 0 1 0 1 0 1 0 1 0 0 1 1 1 1 0 1 0 0
250	3	0 1 1 0 0 0 1 1 1 1 0 0 1 1 1 0 1 0 1 0
250	13	1 1 1 1 1 0 1 0 0 1 0 0 1 1 1 0 0 0 0 0
250	11	0 1 1 1 0 1 1 0 1 1 0 0 1 1 1 1 0 0 0 0
250	3	0 1 1 1 0 0 0 0 1 1 0 1 0 1 1 0 0 0 1 0
250	5	0 0 0 0 0 0 1 0 0 1 1 0 1 1 1 0 1 0 1 0
250	3	1 1 0 1 0 0 1 0 1 1 0 0 0 1 1 0 0 0 0 0
250	13	1 1 1 1 0 0 1 0 0 1 0 1 0 1 1 0 1 0 0 0
250	3	0 1 1 1 0 0 0 0 1 1 0 1 1 1 0 0 0 1 0 1
250	13	1 1 1 0 0 0 1 1 1 1 0 0 0 1 1 0 1 1 0 0
250	15	0 1 1 1 0 0 1 0 0 1 0 1 0 1 1 0 1 0 0 0
250	5	1 1 1 1 0 0 1 0 1 1 0 0 0 1 1 0 0 1 0 0
250	1	1 1 1 1 0 0 1 1 1 1 0 1 0 1 0 0 1 1 0 0
250	4	0 1 0 1 0 0 0 0 1 1 0 0 0 1 0 0 0 1 1 0
250	20	0 1 1 1 0 0 1 0 0 1 0 0 1 1 1 0 0 0 0 0
250	19	1 0 0 0 0 1 1 1 0 1 1 0 1 1 1 0 0 0 0 0
250	11	0 1 0 1 1 0 0 0 1 1 1 0 1 1 1 0 1 0 1 0
250	1	0 1 0 1 0 0 1 0 1 1 0 0 0 1 1 1 1 1 0 0
250	10	1 0 0 1 0 0 1 1 0 1 0 0 1 1 1 0 0 0 0 0
250	11	0 1 1 1 0 0 1 1 1 1 0 0 1 1 1 0 0 1 0 0
250	7	1 0 0 0 0 1 1 1 0 1 1 0 1 0 1 0 0 1 0 0
250	3	1 1 1 1 0 1 1 0 1 1 0 1 1 1 1 0 0 1 0 0
250	3	1 1 1 1 0 0 1 0 0 1 0 0 1 1 1 0 1 0 1 0
250	10	1 1 1 1 0 0 1 0 1 1 1 0 1 0 1 0 0 1 1 0
250	31	1 1 1 1 0 0 1 0 0 1 1 0 1 1 1 0 0 0 0 0
250	1	1 1 0 1 0 0 0 0 0 1 0 0 1 1 1 0 0 1 0 0
250	14	1 1 1 1 1 0 1 1 0 1 0 0 1 1 1 0 0 0 0 0
250	3	0 1 1 1 0 0 0 0 1 1 0 1 1 0 1 0 0 1 0 0
250	3	1 1 1 0 1 0 1 0 0 1 0 0 1 1 1 0 0 1 1 0
250	9	0 1 0 1 0 0 1 1 0 1 1 0 1 1 1 0 0 0 1 0
250	40	0 1 1 1 1 1 1 0 1 1 0 0 1 1 1 1 0 0 0 0
250	19	1 1 1 1 0 0 1 0 1 1 0 0 0 1 1 0 0 1 1 0
250	21	1 0 0 0 0 0 1 0 1 1 0 0 1 1 1 0 0 1 0 0
250	2	1 1 0 1 0 0 1 0 1 1 0 0 0 1 1 0 0 0 0 1
250	4	1 1 1 0 0 0 1 1 1 1 0 0 0 1 1 1 1 1 0 0
250	3	0 1 1 1 0 0 1 0 1 1 0 0 1 1 1 0 1 0 1 0
250	12	0 1 1 0 1 1 1 0 1 1 0 0 1 1 1 1 0 0 0 0
250	1	1 1 0 1 1 0 1 0 0 1 1 0 1 1 1 0 0 0 0 0
250	2	0 1 0 1 1 0 1 0 0 1 0 0 1 1 1 0 0 0 0 0
250	1	0 0 0 0 0 0 1 0 0 1 0 0 1 1 1 0 1 0 1 0
250	6	1 1 1 0 1 0 1 0 0 1 0 0 1 1 1 0 1 1 1 0
250	4	0 0 1 0 0 0 1 0 0 1 1 0 1 1 1 0 1 0 1 0
250	4	0 1 1 0 1 1 1 0 1 1 0 0 1 1 1 1 0 0 0 1
250	5	1 1 0 1 0 0 0 0 0 1 0 0 1 0 1 0 0 1 0 0
250	13	0 1 0 0 1 1 1 0 0 1 1 0 1 0 1 0 0 0 1 0
250	5	0 1 1 1 0 0 0 0 1 1 0 1 0 1 1 0 0 0 0 0
250	6	1 1 1 1 0 0 1 1 1 1 0 1 0 1 0 0 0 1 0 0
250	21	1 1 1 0 1 0 0 0 1 1 0 1 0 1 1 0 0 0 1 0
250	2	0 1 0 1 0 0 1 0 0 1 0 0 1 1 1 0 1 0 1 0
250	3	1 1 1 1 0 0 1 0 1 1 0 0 0 1 1 0 0 0 1 0
250	5	1 1 1 0 0 0 1 1 1 1 1 0 1 1 1 0 1 0 1 0
250	1	1 1 0 1 0 0 1 0 0 1 0 0 0 1 1 0 1 0 0 0
250	1	0 1 1 1 0 0 1 0 1 1 0 0 1 1 1 0 1 0 0 0
250	17	0 0 0 1 1 0 1 0 1 1 0 0 1 1 0 0 0 0 0 0
250	10	1 1 1 1 0 0 1 0 0 1 0 0 0 1 1 1 1 1 0 0
250	3	1 1 1 1 1 0 1 1 0 1 0 0 1 1 1 0 0 1 0 0
250	3	0 1 0 1 0 0 0 0 1 1 0 1 1 1 1 0 1 0 1 0
250	5	0 1 0 1 1 1 1 0 0 1 0 1 0 1 0 0 1 1 0 0
250	5	0 1 0 0 0 1 1 1 0 1 1 0 1 0 1 0 0 0 1 1
250	3	0 1 1 1 0 0 0 0 1 1 0 0 0 1 1 0 0 1 0 0
250	3	1 1 1 1 0 0 1 1 1 1 0 0 1 0 1 0 0 0 0 0
250	2	1 1 1 1 0 0 0 0 1 1 0 1 0 0 1 0 0 0 0 0
250	8	1 0 0 1 1 0 1 0 0 1 0 1 0 1 0 0 1 1 0 0
250	8	1 1 1 0 0 0 1 0 0 1 1 0 1 1 0 0 0 0 0 0
250	1	1 0 0 0 0 1 1 1 0 1 1 0 1 0 1 0 0 0 1 0
250	2	1 1 0 1 0 0 0 0 0 1 0 1 1 1 1 0 1 0 1 0
250	10	1 1 1 1 0 0 0 0 1 1 1 0 1 0 1 0 0 1 1 0
250	3	1 1 1 1 1 0 1 1 0 1 0 0 0 1 1 0 0 0 0 0
250	1	1 0 0 1 0 0 1 0 1 1 0 0 0 1 1 0 0 0 0 1
250	2	1 1 1 0 1 0 1 1 0 1 0 0 1 1 1 0 1 1 1 0
250	3	1 0 0 1 0 0 0 0 0 1 0 0 1 0 1 0 0 1 0 0
250	2	0 1 1 1 0 0 1 0 0 1 0 0 1 1 1 0 0 1 0 0
250	8	0 1 1 1 0 0 1 0 0 1 0 0 0 1 1 0 1 0 0 0
250	4	1 1 1 1 0 1 1 0 0 1 0 0 1 1 1 0 0 0 0 0
250	6	1 1 0 1 0 0 0 0 1 1 0 0 0 1 1 0 0 0 0 0
250	2	0 1 1 1 0 1 1 0 0 1 0 1 0 1 1 0 1 0 0 0
250	11	0 1 1 1 0 0 1 0 0 1 0 0 1 1 1 0 1 0 0 0
250	1	0 1 1 1 1 1 1 0 1 1 0 0 1 1 1 0 0 1 0 0
250	5	1 1 1 1 0 0 1 0 1 1 0 1 1 1 1 0 0 1 0 0
250	7	1 1 0 1 1 0 1 0 1 1 0 0 1 1 1 0 0 0 0 0
250	3	0 1 0 0 0 0 1 1 1 1 0 0 1 1 1 0 1 0 1 0
250	2	0 1 0 1 0 0 0 0 1 1 0 0 0 1 1 1 0 1 1 0
250	1	0 1 1 1 1 1 1 0 1 1 0 0 1 1 1 1 0 0 0 1
250	1	0 1 1 0 0 0 1 1 0 1 1 0 1 0 1 0 0 0 1 0
250	3	1 1 1 0 0 0 1 1 1 1 0 0 0 1 1 0 1 0 0 0
250	1	1 0 0 0 0 1 1 1 0 1 0 0 1 1 1 0 1 0 1 0
250	1	0 1 0 1 0 1 1 0 0 1 0 0 0 1 1 0 1 0 0 0
250	2	0 1 0 1 0 0 0 0 0 1 0 0 1 1 1 0 0 0 0 0
250	3	0 1 0 1 0 0 1 0 0 1 1 0 1 1 1 0 0 0 0 0
250	4	0 1 1 1 0 0 1 0 1 1 0 0 1 1 0 0 0 1 1 0
250	2	0 1 1 1 0 1 1 0 1 1 0 0 0 1 0 0 0 1 1 0
250	6	0 1 1 1 0 0 1 0 1 1 0 1 1 1 0 0 0 1 0 1
250	1	1 1 1 1 0 0 1 0 0 1 0 0 0 1 1 0 0 1 0 0
250	1	0 1 1 1 0 0 0 0 0 1 0 1 0 0 1 0 0 1 0 0
250	2	0 1 0 1 0 0 1 0 0 1 0 0 0 1 1 0 0 0 0 0
250	2	0 1 0 1 0 0 1 0 0 1 1 0 1 0 1 0 0 1 1 0
250	2	0 1 1 1 0 0 1 0 1 1 0 0 0 1 0 1 0 0 0 0
250	1	1 1 1 1 0 0 1 0 1 1 0 0 1 1 1 0 0 0 0 0
250	3	1 1 0 1 0 0 1 0 1 1 0 0 1 1 1 0 1 0 1 0
250	4	0 1 1 1 0 0 1 0 0 1 0 0 0 1 1 0 0 1 0 0
250	2	0 1 1 1 0 0 0 0 1 1 0 1 0 0 1 0 0 0 0 0
250	2	0 1 0 1 1 0 1 0 0 1 0 0 1 1 1 0 0 1 1 0
250	4	1 0 0 1 0 0 1 0 0 1 0 0 1 1 1 0 0 0 0 0
250	3	0 1 0 1 0 0 1 0 0 1 0 0 0 0 0 0 0 1 1 0
250	1	0 1 0 1 0 0 1 0 0 1 0 0 0 1 1 1 1 0 0 0
250	2	0 1 1 1 0 0 0 0 1 1 0 0 1 1 1 0 0 0 0 0
250	2	1 1 1 1 0 0 1 0 1 0 0 0 1 1 1 0 0 1 0 0
250	2	0 1 1 0 0 0 1 0 0 1 1 0 1 1 0 0 1 0 1 0
250	1	1 1 0 0 0 0 1 1 1 1 0 0 0 1 1 0 1 1 0 0
250	6	1 1 0 1 0 0 1 0 1 1 0 0 0 0 1 0 0 0 0 1
250	3	0 1 1 1 0 0 0 0 1 1 0 1 0 0 1 1 0 0 1 0
250	1	1 1 1 1 0 1 1 0 0 1 0 0 1 1 1 0 0 0 1 0
250	1	0 1 1 1 0 0 1 1 1 1 0 1 0 1 0 0 0 1 0 0
250	1	1 1 0 1 0 0 0 0 0 1 0 1 0 0 1 0 0 1 0 0
250	2	1 1 1 1 0 0 1 0 0 1 0 0 0 1 1 0 1 0 0 0
250	1	1 0 0 0 0 0 1 1 1 1 1 0 1 1 1 0 1 0 1 0
250	3	1 0 0 0 0 0 1 0 1 1 0 0 1 1 1 0 1 0 0 0
250	1	1 0 0 0 0 0 1 0 1 1 0 0 1 1 1 1 0 0 0 0
250	1	1 1 0 1 0 0 1 0 1 1 0 0 0 1 1 0 0 1 0 0
250	1	1 1 0 1 0 1 1 0 0 1 0 0 0 1 1 0 1 0 0 0
250	1	0 1 1 1 0 0 0 0 1 1 0 1 0 1 0 0 0 0 0 0
250	2	1 1 1 1 0 0 0 0 1 1 0 1 0 0 0 0 0 0 0 0
250	1	1 1 1 0 0 0 0 0 1 1 0 0 0 1 1 0 0 1 0 0
250	3	1 1 0 1 0 0 1 0 1 1 0 0 1 1 0 0 0 0 0 0
250	2	1 1 1 1 1 0 1 0 0 1 0 0 1 1 1 1 0 0 0 0
250	2	0 1 1 1 0 0 0 0 1 1 0 1 1 1 0 1 0 1 0 1
250	2	0 1 1 1 0 0 0 0 1 1 1 1 1 1 0 0 0 1 0 1
250	1	0 1 1 1 1 1 0 0 1 1 0 0 1 1 1 1 0 0 0 0
250	1	1 1 0 1 1 0 1 0 1 1 0 0 1 1 0 0 0 0 0 0
250	1	0 1 1 1 1 1 1 0 1 1 0 0 1 1 1 0 0 0 0 1
250	1	1 1 1 1 0 0 1 1 1 1 0 0 1 1 0 0 1 1 0 0
300	32	0 1 1 1 0 0 1 0 1 1 0 0 1 1 1 0 0 0 0 0
300	26	0 1 0 1 1 0 1 0 0 1 0 1 0 1 0 0 1 1 0 0
300	29	1 1 1 1 0 0 1 0 1 1 0 0 1 1 1 0 0 1 0 0
300	27	1 1 1 1 1 0 1 0 0 1 0 0 1 1 1 0 0 0 0 0
300	5	0 1 0 0 1 1 1 0 0 1 1 0 1 0 1 0 0 0 1 0
300	72	1 1 1 1 0 1 1 0 0 1 0 0 1 1 1 0 0 0 0 0
300	18	1 1 0 1 0 0 1 0 1 1 0 0 1 1 0 0 0 0 0 0
300	1	1 1 1 1 0 0 0 0 1 1 0 1 1 1 1 0 1 0 1 0
300	29	0 1 1 1 0 0 1 0 1 1 0 1 1 1 1 0 0 0 0 0
300	30	0 1 1 1 0 0 1 0 1 1 0 0 1 1 0 0 0 0 0 0
300	19	0 1 1 1 0 0 1 0 1 1 0 0 1 1 1 0 0 1 0 0
300	1	0 1 1 1 1 1 1 0 1 1 0 1 0 1 1 0 0 0 1 0
300	5	0 1 1 1 0 0 1 1 1 1 0 0 1 1 1 1 0 0 0 0
300	12	0 1 1 1 0 0 1 0 0 1 0 0 0 1 1 0 0 0 1 0
300	16	1 1 1 1 0 0 1 1 0 1 0 0 1 1 1 0 0 0 0 0
300	5	0 1 1 1 0 1 1 0 0 1 0 0 1 1 1 0 0 0 0 0
300	7	1 1 1 0 1 0 1 1 0 1 0 0 1 1 1 0 1 0 1 0
300	7	0 1 1 1 0 0 1 0 1 1 0 1 0 1 1 0 1 0 0 0
300	21	0 1 1 1 0 0 0 0 1 1 0 1 0 1 1 1 1 0 1 0
300	19	0 1 1 1 1 1 1 0 1 1 0 0 1 1 1 0 0 0 0 0
300	19	0 1 1 1 1 1 1 0 1 1 0 0 1 1 0 0 0 0 0 0
300	4	1 1 1 0 0 0 1 0 0 1 1 0 1 0 1 0 0 0 1 0
300	5	0 1 0 0 1 0 0 0 0 1 0 1 0 1 0 0 1 0 0 0
300	6	1 1 1 1 0 1 1 0 1 1 0 0 1 1 1 1 0 0 0 0
300	4	0 1 1 0 0 0 1 0 1 1 1 0 1 1 1 0 1 0 1 0
300	10	0 1 1 1 1 0 1 0 0 1 0 1 0 1 0 0 1 1 0 0
300	9	0 1 1 1 1 1 1 0 1 1 0 1 1 1 1 0 1 0 1 0
300	22	0 1 1 1 0 0 1 0 0 1 0 0 0 1 0 0 1 0 0 0
300	3	1 1 1 1 1 0 1 1 1 1 1 0 1 1 1 0 0 1 0 0
300	16	1 1 1 1 0 0 1 0 1 1 0 0 0 1 0 0 1 1 0 0
300	25	0 1 1 1 1 1 1 0 0 1 0 0 1 1 1 0 0 0 0 0
300	2	1 0 0 0 0 1 1 0 1 1 0 1 0 1 1 1 1 0 1 0
300	1	0 1 1 1 0 0 1 0 1 1 0 0 1 1 0 1 0 0 0 0
300	20	1 1 1 1 0 0 1 1 1 1 1 0 1 1 1 1 0 0 0 0
300	4	0 1 1 1 0 0 1 0 1 1 0 1 1 1 1 1 0 0 0 0
300	6	1 1 1 1 0 0 1 1 0 1 1 0 1 1 1 0 0 0 0 0
300	11	0 1 1 1 0 0 1 1 1 1 1 0 1 1 1 1 0 0 1 0
300	7	1 1 1 1 0 1 1 0 0 1 1 0 1 1 1 0 0 0 0 0
300	4	1 1 1 1 0 1 1 0 1 1 0 0 1 1 1 0 0 0 0 0
300	10	1 1 1 1 1 0 1 0 1 1 0 0 1 1 1 0 0 0 0 1
300	7	1 1 1 0 0 0 1 0 1 1 0 1 1 1 1 0 0 0 0 0
300	9	0 1 0 0 1 1 1 0 0 1 1 0 1 0 1 0 0 0 0 0
300	12	0 1 1 1 0 0 1 0 1 1 1 0 1 1 1 0 0 0 0 0
300	1	1 1 1 1 0 1 1 0 1 1 0 0 1 1 1 0 0 1 0 0
300	15	1 1 1 1 1 0 0 0 0 1 0 0 1 1 1 0 0 0 0 0
300	1	1 1 0 0 1 1 1 0 0 1 1 0 1 0 1 0 0 0 1 0
300	24	1 1 0 1 0 0 0 0 1 1 0 1 1 1 1 0 0 0 0 0
300	16	0 1 1 1 0 0 1 0 0 1 0 0 0 1 1 0 0 0 0 0
300	8	1 1 1 1 0 1 1 0 1 1 0 0 1 1 1 0 0 0 1 0
300	35	0 1 1 0 0 0 1 0 1 1 0 0 1 1 0 0 0 0 0 0
300	14	1 1 1 1 1 0 1 0 0 1 0 0 1 1 1 1 0 0 0 0
300	6	1 1 1 1 0 0 1 1 1 1 1 0 1 1 1 1 0 0 1 0
300	4	1 1 1 1 0 0 1 0 0 1 0 0 0 1 1 0 0 0 0 0
300	4	0 1 1 1 0 0 1 1 1 1 1 0 1 1 1 0 0 0 0 0
300	5	1 1 1 1 0 1 1 0 0 1 0 0 1 1 1 0 0 0 1 0
300	30	0 1 1 1 0 0 1 0 0 1 0 1 1 1 1 0 0 0 0 0
300	3	0 1 1 0 0 0 1 0 1 1 0 0 1 1 1 0 0 0 0 0
300	2	1 1 1 1 1 0 1 0 1 1 0 0 1 1 1 0 1 0 1 0
300	3	0 1 1 0 0 0 1 0 1 1 0 1 1 1 1 0 0 0 0 0
300	8	0 0 1 1 0 0 1 1 1 1 0 1 0 0 0 0 0 0 0 0
300	1	0 1 0 0 0 1 1 1 1 1 0 0 1 1 1 0 1 0 0 0
300	1	1 1 1 1 0 0 1 0 0 1 1 0 1 1 1 0 0 0 0 0
300	10	0 1 1 1 1 0 1 0 0 1 0 1 1 1 1 0 1 0 1 0
300	10	0 1 1 1 0 0 0 0 1 1 0 0 0 1 1 0 1 0 0 0
300	1	0 1 1 1 0 0 1 0 1 1 0 0 0 1 1 0 0 1 0 0
300	6	0 1 0 0 1 0 0 0 0 1 0 1 1 1 0 0 1 0 0 0
300	6	1 0 1 1 0 1 1 0 0 1 0 0 1 1 1 0 0 0 0 0
300	1	1 1 1 1 0 0 1 1 1 1 1 0 1 1 0 1 0 0 0 0
300	2	1 1 1 1 0 0 1 1 0 0 1 0 1 1 1 0 0 0 0 0
300	1	0 0 1 1 0 0 1 1 1 1 0 1 0 0 0 0 1 0 0 0
300	10	0 1 1 1 0 0 0 0 1 1 0 1 1 1 1 0 0 0 0 0
300	1	1 1 0 1 0 0 1 0 1 1 0 0 1 1 1 0 0 0 0 0
300	7	1 1 1 1 0 0 1 0 1 1 0 1 1 1 1 0 0 0 0 0
300	5	0 1 1 1 1 0 1 0 0 1 0 1 1 1 1 0 0 0 0 0
300	2	1 1 1 1 1 0 1 0 1 1 0 1 1 1 1 0 0 1 0 0
300	5	0 1 1 1 1 1 0 0 1 1 0 0 1 1 1 0 0 0 0 0
300	7	1 1 0 1 1 1 1 0 0 1 1 0 1 0 1 0 0 0 0 0
300	5	0 1 1 0 0 0 1 0 1 1 1 0 1 1 1 0 0 0 0 0
300	6	0 1 0 0 1 1 1 0 0 1 0 0 1 0 1 0 0 0 1 0
300	3	0 1 1 1 1 1 1 0 0 1 0 0 1 1 1 0 0 0 1 0
300	22	1 1 1 1 1 0 1 0 1 1 1 0 1 1 1 0 0 0 0 1
300	2	1 1 1 1 0 0 1 1 0 1 0 1 1 1 1 0 1 0 1 0
300	2	0 1 1 1 1 1 1 0 0 1 0 1 0 1 0 0 1 1 0 0
300	3	1 0 1 1 0 0 1 0 1 1 0 0 1 1 0 0 0 0 0 0
300	3	1 1 1 1 0 0 1 1 0 1 0 0 1 1 1 1 0 0 0 0
300	1	0 1 1 1 1 0 1 0 0 1 0 1 0 1 0 1 1 1 0 0
300	3	0 1 1 1 0 0 0 0 0 1 0 0 0 1 0 0 1 0 0 0
300	3	0 1 0 1 0 0 1 0 1 1 0 1 1 1 1 0 0 0 0 0
300	1	0 1 0 1 1 0 1 0 0 1 0 1 0 1 0 0 0 1 0 0
300	3	0 1 0 0 1 0 1 0 0 1 0 1 0 1 0 0 1 1 0 0
300	3	1 1 0 1 0 1 1 0 1 1 0 0 1 1 0 0 0 0 0 0
300	1	0 1 1 1 0 0 1 0 1 1 0 1 1 1 1 0 0 1 0 0
300	2	0 1 1 1 0 0 0 0 1 1 0 0 0 1 1 1 1 0 1 0
300	6	1 1 1 1 1 0 1 1 1 1 1 0 1 1 1 1 0 1 0 0
300	2	1 1 0 1 0 1 1 0 1 1 0 0 1 1 1 0 0 0 0 0
300	2	1 1 1 1 1 0 0 0 0 1 0 0 1 1 1 1 0 0 0 0
300	2	0 1 0 0 1 1 1 0 0 1 1 0 1 0 1 0 0 1 0 0
300	2	1 1 1 1 0 0 1 0 1 1 0 0 1 1 0 0 0 0 0 0
300	2	1 1 1 1 1 1 1 0 0 1 0 0 1 1 1 0 0 0 0 0
300	4	0 1 1 1 1 1 1 1 0 1 0 0 1 1 1 0 0 0 0 0
300	2	1 1 1 1 1 0 1 0 1 1 0 1 1 1 1 0 0 0 0 0
300	1	0 1 1 1 0 0 0 0 1 1 0 1 0 1 1 0 0 0 0 0
300	3	0 1 1 1 1 1 1 0 1 1 0 0 1 1 0 0 1 0 1 0
300	3	0 1 1 1 1 0 1 0 1 1 0 0 1 1 1 0 0 0 0 0
300	2	0 1 0 1 1 0 1 0 0 1 0 1 0 1 1 0 1 1 0 0
300	5	1 1 1 1 0 0 1 0 1 1 0 0 0 1 1 0 0 1 0 0
300	3	0 1 0 1 1 1 1 0 0 1 1 0 1 0 1 0 0 0 1 0
300	1	1 1 1 1 0 1 0 0 0 1 0 0 1 1 1 0 0 0 0 0
300	2	1 1 1 1 0 1 1 0 0 1 0 0 1 1 1 0 0 1 0 0
300	1	0 1 1 1 0 0 1 0 1 1 0 1 0 1 1 0 1 1 0 0
300	6	0 1 1 1 0 1 1 0 1 1 0 1 0 1 1 0 1 0 0 0
300	1	0 1 1 0 0 0 1 0 1 1 0 0 1 1 0 1 0 0 0 0
300	1	1 1 1 1 1 0 1 0 0 1 0 1 1 1 1 0 1 0 1 0
300	4	1 1 1 1 0 1 1 0 0 1 1 0 1 1 1 0 0 1 0 1
300	2	0 1 1 1 0 0 0 0 1 1 0 1 1 1 0 0 0 0 0 0
300	2	1 1 1 1 1 0 1 0 0 1 0 0 1 1 1 0 1 0 1 0
300	1	1 0 0 0 0 1 1 0 1 1 0 1 0 1 1 0 0 0 0 0
300	1	0 1 1 1 0 0 1 0 1 1 0 1 1 1 0 0 0 0 0 0
300	1	1 1 1 1 1 0 1 0 1 1 0 0 1 1 1 0 0 1 0 0
300	1	1 1 1 1 1 0 1 0 1 1 0 0 1 1 1 0 0 0 0 0
300	2	1 1 1 1 0 1 1 0 0 1 0 0 1 1 1 0 1 0 0 0
300	2	0 1 1 1 0 0 1 0 1 1 0 1 1 0 1 0 0 0 0 0
300	2	0 1 1 1 0 0 1 0 1 0 0 1 1 1 1 0 0 0 0 0
300	2	1 1 1 0 1 0 1 1 0 1 0 0 1 1 1 1 1 0 1 0
300	2	0 1 1 1 1 1 0 0 1 1 0 0 1 1 0 0 0 0 0 0
300	4	1 1 1 0 0 0 1 0 0 1 1 0 1 0 0 0 0 0 1 0
300	3	1 1 1 1 1 0 1 0 0 1 0 1 0 1 0 0 1 1 0 0
300	1	1 1 1 0 0 1 1 0 1 1 0 0 1 1 1 0 0 0 0 0
300	1	1 1 0 0 0 0 1 0 1 1 0 1 1 1 1 0 0 0 0 0
300	1	1 1 1 1 0 0 1 1 1 1 1 0 1 1 1 1 0 0 1 1
300	2	0 0 1 1 0 0 0 0 1 1 0 1 0 1 1 0 0 0 0 0
350	17	0 1 1 1 0 0 1 0 1 1 0 0 1 1 1 0 0 0 0 0
350	35	1 1 1 1 0 1 1 0 0 1 0 0 1 1 1 0 0 0 0 0
350	9	0 1 1 1 0 0 1 0 1 1 0 1 1 1 1 0 0 0 0 0
350	5	0 1 1 1 0 0 1 0 1 1 0 0 1 1 0 0 0 0 0 0
350	32	0 1 1 1 0 0 1 1 1 1 0 0 1 1 1 1 0 0 0 0
350	23	1 1 1 1 0 0 1 1 0 1 0 0 1 1 1 0 0 0 0 0
350	19	1 1 1 0 1 0 1 1 0 1 0 0 1 1 1 0 1 0 1 0
350	10	0 1 1 1 1 1 1 0 1 1 0 0 1 1 1 0 0 0 0 0
350	4	1 1 1 1 0 1 1 0 1 1 0 0 1 1 1 1 0 0 0 0
350	30	0 1 1 1 1 0 1 0 0 1 0 1 0 1 0 0 1 1 0 0
350	19	1 1 1 1 1 0 1 0 0 1 0 0 1 1 1 1 0 0 0 0
350	8	1 1 1 1 0 0 1 0 1 1 0 0 1 1 0 0 0 0 0 0
350	13	0 1 1 1 1 1 1 1 0 1 0 0 1 1 1 0 0 0 0 0
350	16	0 1 1 1 0 0 1 0 1 1 0 1 1 1 0 0 0 0 0 0
350	10	0 1 1 1 1 1 1 0 0 1 0 0 0 1 1 0 0 0 0 0
350	3	1 1 1 1 1 0 1 0 0 1 0 0 0 1 1 1 0 0 0 0
350	1	1 1 0 1 0 0 0 0 1 1 0 1 0 1 1 1 1 0 1 0
350	17	1 1 1 0 1 0 1 1 0 1 0 0 1 1 1 1 1 0 1 0
350	6	0 1 0 1 1 0 1 1 0 1 0 0 1 1 1 0 0 0 0 0
350	1	1 0 1 1 0 1 1 0 0 1 0 0 1 1 0 0 0 0 1 0
350	34	1 1 0 1 0 0 1 0 1 1 0 1 1 1 1 0 1 0 1 0
350	18	1 1 1 1 0 1 1 0 0 1 0 0 0 1 1 0 0 0 0 0
350	5	1 1 1 0 0 0 1 0 0 1 1 0 1 1 1 0 0 0 0 0
350	1	1 1 1 1 0 0 1 0 1 1 0 0 1 1 1 0 0 0 0 0
350	4	0 1 1 1 1 0 1 0 1 1 0 1 1 1 1 0 1 0 1 0
350	21	1 1 1 0 1 0 1 0 0 1 0 0 0 1 1 1 0 0 0 0
350	5	0 1 1 1 1 1 1 0 1 1 0 1 0 1 1 0 1 1 0 0
350	12	0 1 0 1 1 0 1 1 0 1 0 0 0 1 1 0 0 0 0 0
350	5	1 1 1 1 0 0 1 0 1 1 0 0 1 1 1 1 0 0 0 0
350	6	1 1 1 1 1 0 1 0 0 1 0 0 1 1 1 1 0 0 1 0
350	1	0 0 1 1 1 1 1 0 0 1 0 0 1 1 1 0 0 0 0 0
350	2	0 1 1 1 0 1 1 0 0 1 0 0 1 1 1 0 0 0 0 0
350	7	1 1 0 1 0 0 1 0 1 1 0 0 1 1 1 1 0 0 0 0
350	37	1 1 1 1 1 1 1 0 1 1 0 0 1 1 1 0 0 1 0 0
350	14	1 1 1 0 0 0 1 0 1 1 0 1 1 1 0 0 0 0 0 0
350	14	0 1 1 1 0 1 1 0 1 1 0 1 0 1 1 0 0 1 0 0
350	4	1 1 1 1 0 1 1 1 0 0 0 0 1 1 1 0 0 0 0 0
350	9	1 0 1 1 0 0 1 1 0 1 0 0 1 1 1 0 0 0 0 1
350	7	0 1 1 1 0 1 1 0 1 1 0 1 1 1 0 0 0 0 0 0
350	2	0 1 1 1 1 0 1 0 0 1 0 0 1 1 1 0 0 0 0 0
350	8	0 1 1 1 1 0 1 0 1 1 0 1 1 1 0 0 0 0 0 0
350	5	1 1 1 1 1 0 1 0 1 1 1 0 1 1 1 1 0 0 0 1
350	13	1 1 1 1 0 1 1 0 0 1 0 0 1 1 0 0 0 0 1 0
350	12	0 1 1 1 1 0 1 0 1 1 0 0 1 1 1 0 0 0 0 0
350	43	1 1 1 1 1 0 0 0 0 1 0 0 1 1 1 1 0 0 0 0
350	25	1 1 1 1 0 0 1 0 0 1 0 0 1 1 1 1 0 0 0 0
350	12	1 1 1 1 0 0 1 1 0 1 1 0 1 1 1 0 0 0 0 0
350	16	0 1 1 0 0 0 1 1 1 1 0 0 1 1 1 1 0 0 0 0
350	5	0 1 0 1 1 0 1 1 0 1 0 0 0 1 1 0 1 1 0 0
350	21	1 0 1 1 0 1 1 0 0 1 0 0 1 1 0 0 0 0 0 0
350	7	0 1 0 1 0 0 1 0 1 1 0 0 1 1 0 0 0 0 0 0
350	8	0 1 1 1 0 0 1 1 1 1 0 0 1 1 1 0 0 0 0 0
350	8	1 1 1 1 1 0 1 1 0 1 0 0 1 1 1 0 0 0 0 0
350	3	1 1 1 1 0 1 1 0 0 1 0 0 0 1 1 0 0 0 1 0
350	9	0 1 0 1 0 0 1 0 1 1 0 1 1 1 1 0 1 0 1 0
350	7	1 1 1 1 1 0 1 0 0 1 1 0 1 1 1 0 0 0 0 0
350	10	1 1 1 1 0 0 1 1 0 1 0 0 1 1 1 1 0 0 0 0
350	6	1 1 1 1 1 0 1 0 1 1 1 0 1 1 1 1 1 0 1 0
350	12	1 1 0 1 0 0 0 0 1 1 1 0 1 0 1 1 0 0 0 0
350	4	1 1 1 1 1 0 1 0 1 1 0 0 1 1 1 1 0 0 0 0
350	6	0 1 1 1 0 1 1 1 1 1 0 1 0 1 1 0 0 1 0 0
350	8	1 1 1 1 0 1 1 0 1 1 0 0 0 1 1 0 0 1 0 0
350	13	0 1 1 1 0 0 1 1 1 1 0 0 0 1 1 1 0 0 0 0
350	3	0 1 1 1 0 1 1 0 0 1 0 0 0 1 1 0 0 0 0 0
350	8	0 1 1 1 1 1 1 1 0 1 0 0 1 1 1 0 1 0 1 0
350	4	1 1 1 1 1 1 1 0 1 1 0 0 1 1 1 1 0 0 0 0
350	1	0 1 1 1 0 1 1 0 1 1 0 0 1 1 1 1 0 0 0 0
350	2	1 1 1 0 0 0 1 0 1 1 0 1 1 1 0 0 0 0 1 0
350	5	1 1 1 1 0 1 1 0 1 1 0 0 0 1 1 0 0 0 0 0
350	3	1 1 1 1 1 0 1 0 0 1 0 0 1 1 1 0 0 0 0 0
350	8	1 1 1 1 1 1 1 0 1 1 0 0 1 1 1 1 0 0 1 0
350	1	1 1 1 1 1 0 1 0 0 1 0 1 0 1 0 0 1 1 0 0
350	13	0 1 1 1 1 1 1 0 0 1 0 0 0 1 1 0 0 0 1 0
350	20	1 1 0 1 0 0 0 1 1 1 0 1 0 1 1 1 1 0 1 0
350	6	0 1 1 1 0 1 1 1 1 1 0 0 1 0 1 1 0 0 0 0
350	2	1 1 1 0 1 0 1 1 0 1 0 0 1 1 1 0 1 0 0 0
350	6	1 1 1 1 0 1 1 0 0 1 0 0 1 1 1 0 1 1 0 0
350	2	0 1 1 1 1 0 0 0 1 1 0 1 1 1 0 0 0 0 0 0
350	3	1 1 1 1 0 0 1 1 0 1 0 0 1 1 0 0 0 0 1 0
350	2	1 0 1 1 0 0 1 0 1 1 1 0 1 1 1 0 0 0 0 0
350	1	1 1 1 1 0 0 1 1 1 1 0 1 1 1 1 1 0 0 0 0
350	3	1 1 1 1 0 0 1 1 0 1 1 0 1 0 1 0 0 0 0 0
350	1	1 1 1 1 1 1 0 0 1 1 0 1 0 1 1 0 1 1 0 0
350	6	1 0 1 1 0 0 1 0 0 1 0 0 1 1 1 0 0 1 0 0
350	5	1 1 1 1 0 1 1 0 0 1 0 0 1 1 0 0 0 0 0 0
350	3	0 1 1 1 0 0 1 0 0 1 0 0 1 1 0 0 0 0 0 0
350	6	1 1 1 1 0 1 0 0 0 1 0 0 1 1 1 0 0 0 1 0
350	1	1 1 1 1 1 0 1 1 1 1 1 0 1 1 1 1 0 0 0 0
350	2	1 1 1 1 1 0 1 1 0 1 1 0 1 1 1 0 0 0 0 0
350	4	1 1 1 1 0 1 1 0 0 1 0 0 1 0 1 0 0 0 0 0
350	7	0 1 1 1 0 0 1 1 1 1 0 0 1 1 1 1 0 0 0 1
350	2	0 1 1 1 0 0 1 0 1 1 1 1 1 1 0 0 0 0 0 0
350	2	1 1 1 1 1 0 1 0 0 1 0 0 1 1 1 1 0 1 1 0
350	1	0 0 1 1 0 0 1 0 1 1 0 0 0 1 1 0 0 0 0 0
350	3	1 0 1 1 0 1 1 1 0 1 0 0 1 1 0 0 0 0 0 0
350	3	1 1 1 1 0 0 1 0 1 1 1 0 1 1 1 1 0 0 0 0
350	3	1 1 1 0 1 0 1 0 0 1 0 1 1 1 0 0 0 0 0 0
350	3	1 1 1 1 0 1 0 1 1 1 0 1 0 1 1 1 1 0 1 0
350	5	1 1 1 1 0 1 1 0 0 1 0 0 1 1 1 1 0 0 1 0
350	1	1 1 1 1 0 0 1 0 0 1 0 0 1 0 1 1 0 0 0 0
350	2	1 0 1 0 0 1 1 0 0 1 0 0 1 1 0 0 0 0 0 0
350	2	1 1 1 1 1 1 1 1 0 1 0 0 1 1 1 0 1 0 1 0
350	3	0 1 1 1 1 0 0 0 1 1 0 1 1 1 0 0 0 1 0 0
350	5	1 1 1 1 0 0 1 0 0 1 1 0 1 1 1 1 0 0 0 0
350	9	1 1 1 1 0 1 1 0 0 1 0 0 1 1 1 1 0 0 0 0
350	3	1 1 1 1 0 1 1 0 0 1 0 0 0 1 1 0 1 1 0 0
350	1	1 1 1 1 0 0 1 1 0 1 0 0 1 1 1 0 0 0 0 1
350	2	0 1 1 1 0 1 0 1 1 1 0 1 0 1 1 1 1 0 1 0
350	2	0 1 1 1 1 1 1 0 0 1 0 0 1 1 0 0 0 0 0 0
350	2	1 1 1 0 1 0 1 0 1 1 0 1 1 1 1 0 1 0 1 0
350	2	1 1 1 0 1 0 1 0 1 1 0 1 1 1 0 0 0 0 0 0
350	1	0 1 1 1 0 0 0 0 1 1 0 0 0 1 1 0 0 0 0 0
350	3	0 1 1 1 1 0 1 0 1 1 0 0 1 1 1 0 0 0 1 0
350	1	1 1 1 1 0 1 1 1 1 1 0 0 0 1 1 0 0 1 0 0
350	1	0 1 1 1 1 0 1 0 0 1 0 1 0 1 0 0 0 0 0 0
350	3	1 1 0 1 0 0 1 0 0 1 0 0 1 1 1 0 0 0 0 0
350	1	0 1 1 1 0 1 1 0 1 1 0 1 0 1 1 0 0 0 0 0
350	2	1 1 1 1 0 1 1 1 0 0 0 0 0 1 1 0 0 0 0 0
350	2	1 1 1 1 1 0 0 0 0 1 0 0 0 1 1 0 1 1 0 0
350	1	1 1 1 1 1 0 0 0 0 1 0 1 1 1 0 0 0 0 0 0
350	2	1 0 1 1 0 1 1 1 0 1 0 0 1 1 1 0 1 0 0 0
350	1	1 0 1 1 0 0 1 0 1 1 0 1 0 1 1 0 0 1 0 0
350	3	0 1 1 1 0 0 0 0 1 1 0 1 1 1 0 0 0 0 0 0
350	4	0 1 1 1 1 1 1 0 0 1 0 0 0 1 1 1 0 0 0 0
350	2	1 1 0 1 1 1 1 0 1 1 0 0 1 1 1 0 0 1 0 0
350	3	1 1 1 1 0 1 1 0 0 1 1 0 1 1 0 0 0 0 1 0
350	1	1 0 1 1 0 0 1 1 0 1 0 0 1 1 1 1 0 0 0 0
350	4	1 1 1 1 0 0 0 1 0 1 0 0 1 1 0 0 0 0 1 0
350	1	1 1 1 1 0 1 1 0 1 1 1 0 1 1 1 1 0 0 0 0
350	3	1 1 1 1 0 0 1 0 0 1 1 0 1 0 1 1 0 0 0 0
350	1	1 1 1 0 1 0 1 0 1 1 1 1 1 1 0 0 0 0 0 0
350	1	0 1 1 1 0 0 1 1 1 1 0 0 0 1 1 0 0 0 0 0
350	1	1 1 1 1 0 0 1 1 1 1 0 0 1 1 1 1 0 0 0 0
350	2	0 1 1 1 1 0 1 0 0 1 0 0 1 1 1 1 0 0 0 0
350	2	1 1 1 1 0 1 1 1 0 1 0 0 1 1 1 1 0 0 0 0
350	3	0 1 1 1 1 0 1 1 0 1 0 0 1 1 1 0 0 0 0 0
350	1	1 1 1 1 1 0 0 0 0 1 0 0 1 1 1 0 1 0 1 0
350	1	1 1 1 1 0 0 1 1 0 1 1 0 1 1 1 0 0 0 0 1
350	1	0 1 1 1 1 1 1 1 0 1 0 0 1 1 1 1 0 0 0 0
350	1	1 1 1 1 0 0 1 0 1 1 0 1 1 1 1 0 1 0 1 0
350	2	1 1 1 0 1 0 1 1 0 1 0 0 0 1 1 1 0 0 0 0
350	3	0 1 1 1 0 1 1 1 0 1 0 0 1 1 1 0 0 0 0 0
350	2	0 1 0 1 0 0 1 0 1 1 0 0 1 1 1 1 0 0 0 0
350	3	1 1 1 1 1 1 0 0 1 1 0 0 1 1 1 0 0 1 0 0
350	1	1 1 1 0 0 0 1 0 1 1 0 1 1 1 1 0 0 0 0 0
350	2	0 1 1 1 1 0 1 0 0 1 0 0 1 1 1 0 1 0 0 0
350	1	1 1 1 1 0 1 1 0 0 1 0 0 0 1 1 1 0 0 1 0
350	1	1 1 1 1 0 0 1 0 0 1 1 0 1 0 1 1 1 0 0 0
350	1	1 1 1 0 0 0 1 1 1 1 0 0 1 1 1 1 0 0 0 0
400	27	0 1 1 1 0 0 1 0 1 1 0 0 1 1 1 0 0 0 0 0
400	10	0 1 1 1 0 0 1 0 1 1 0 0 1 1 0 0 0 0 0 0
400	26	1 1 1 1 0 0 1 1 0 1 0 0 1 1 1 0 0 0 0 0
400	12	0 1 1 1 1 1 1 0 0 1 0 0 0 1 1 0 0 0 0 0
400	8	1 1 1 1 0 1 1 0 0 1 0 0 0 1 1 0 0 0 0 0
400	6	1 1 1 1 0 0 1 0 1 1 0 0 1 1 1 0 0 0 0 0
400	40	1 1 1 1 1 1 1 0 1 1 0 0 1 1 1 0 0 1 0 0
400	6	0 1 1 1 0 0 1 1 1 1 0 0 1 1 1 0 0 0 0 0
400	16	1 1 1 1 0 1 1 0 1 1 0 0 0 1 1 0 0 0 0 0
400	8	1 1 0 1 0 0 0 1 1 1 0 1 0 1 1 1 1 0 1 0
400	27	1 1 1 1 0 1 1 0 0 1 0 0 1 1 0 0 0 0 0 0
400	1	1 1 1 1 0 1 0 1 1 1 0 1 0 1 1 1 1 0 1 0
400	4	1 1 0 1 0 0 1 0 0 1 0 0 1 1 1 0 0 0 0 0
400	7	1 1 1 1 1 1 0 0 1 1 0 0 1 1 1 0 0 1 0 0
400	27	1 1 1 0 0 0 1 1 1 1 0 0 1 1 1 1 0 0 0 0
400	9	1 1 1 1 0 1 1 0 1 1 0 0 1 1 1 0 0 1 0 0
400	6	1 1 1 0 1 1 1 0 0 1 0 0 0 1 1 1 0 0 0 0
400	2	1 1 1 1 0 0 0 1 1 1 0 1 0 1 1 1 1 0 1 0
400	5	1 1 0 0 0 0 1 0 0 1 0 0 1 1 1 0 0 0 0 0
400	40	0 1 1 1 1 1 1 1 0 1 0 0 1 1 1 0 0 0 0 0
400	10	0 1 1 0 0 0 1 0 1 1 0 1 1 1 0 0 0 0 0 0
400	20	0 1 0 1 0 0 1 0 1 1 0 0 0 1 1 1 0 0 0 0
400	12	1 1 1 1 1 0 1 0 0 1 0 0 1 1 1 0 1 0 1 0
400	13	1 0 1 1 0 0 1 0 0 1 0 0 1 1 1 0 0 0 0 0
400	28	1 1 1 1 0 1 1 0 1 1 0 0 0 1 1 0 0 0 1 0
400	22	1 1 0 1 0 1 1 1 1 1 0 0 1 0 1 1 0 0 0 0
400	6	0 1 1 1 1 1 1 0 0 1 0 0 0 1 0 0 0 0 0 0
400	23	1 1 1 1 0 1 0 1 1 1 0 0 1 1 0 0 0 0 0 0
400	1	1 1 1 1 0 0 1 1 0 1 0 0 1 1 0 0 0 0 0 0
400	2	1 1 1 0 1 0 1 0 0 1 1 1 0 1 1 1 0 0 0 0
400	1	1 1 1 1 0 0 1 1 1 1 0 1 1 1 1 0 0 0 0 0
400	8	1 1 1 1 0 0 1 0 1 1 0 0 0 1 1 1 0 0 0 0
400	20	1 1 1 0 1 0 1 1 0 1 0 0 1 1 0 0 0 1 0 0
400	12	1 1 1 0 0 0 1 1 1 1 0 0 1 1 1 0 0 0 0 0
400	30	1 1 1 1 1 1 0 0 1 1 0 1 1 1 1 1 0 1 0 0
400	22	0 1 1 0 1 1 1 0 0 1 0 0 0 1 1 0 0 0 0 0
400	3	1 1 1 1 1 1 1 0 1 1 0 0 0 1 1 0 0 1 0 0
400	2	1 1 1 1 0 0 1 1 0 1 0 0 1 1 1 0 0 0 0 1
400	7	1 1 1 1 0 1 1 0 1 1 0 0 1 1 0 0 0 0 0 0
400	1	1 1 1 1 1 1 1 0 1 1 0 0 1 1 1 0 0 0 0 0
400	8	1 1 1 1 1 0 1 0 0 1 1 0 1 1 1 0 0 0 0 0
400	5	1 1 1 0 0 0 1 0 1 1 0 1 1 1 0 0 0 0 0 1
400	1	1 1 1 1 0 0 1 1 1 1 0 1 1 1 1 0 0 1 0 0
400	1	1 1 1 1 1 1 0 0 1 1 1 0 1 1 1 0 0 1 0 0
400	7	1 1 1 1 0 0 1 0 1 1 0 0 1 1 0 0 0 0 0 0
400	7	1 1 1 1 0 1 1 0 0 1 0 0 1 0 1 0 0 0 1 0
400	3	1 1 1 0 0 0 1 0 1 1 0 1 1 1 0 1 0 0 0 0
400	7	1 1 1 1 0 1 1 0 0 1 0 1 0 1 1 0 0 0 0 0
400	2	0 1 1 1 0 0 1 0 1 1 0 1 1 1 1 0 1 0 1 0
400	7	1 1 1 1 1 1 1 0 1 1 1 0 1 1 1 0 0 0 0 0
400	1	0 1 1 1 0 0 1 0 1 1 0 0 1 1 1 0 0 0 0 1
400	7	0 1 0 1 0 0 1 0 1 1 0 1 1 1 1 0 0 0 0 1
400	4	1 0 1 1 0 0 1 1 1 1 0 0 1 1 1 1 0 0 0 0
400	2	1 1 1 1 0 1 1 0 1 1 1 0 1 1 1 0 0 0 1 0
400	9	1 1 1 1 0 0 1 1 0 0 0 0 1 1 1 0 1 0 1 0
400	2	0 1 1 1 0 1 1 1 0 1 0 0 0 1 1 0 0 0 0 0
400	12	1 1 1 1 1 1 0 0 1 1 0 0 1 1 1 0 0 0 0 1
400	6	1 1 1 0 0 0 1 1 1 1 0 0 1 1 0 0 0 0 0 0
400	6	1 1 1 1 1 1 1 0 0 1 0 1 0 1 1 1 0 0 0 0
400	12	1 1 1 1 1 1 1 0 0 1 0 0 1 1 1 0 0 0 0 0
400	6	0 1 1 1 0 0 1 0 1 1 0 0 1 1 1 1 0 0 0 0
400	2	1 1 1 1 1 1 1 0 1 1 0 0 1 1 0 0 0 1 0 0
400	5	1 0 1 1 0 0 1 1 0 1 0 0 1 1 0 0 0 0 0 1
400	2	0 1 1 1 1 1 1 1 0 1 0 0 0 1 1 0 0 0 0 0
400	3	1 0 1 1 0 0 1 0 0 1 1 0 1 1 1 0 0 0 0 0
400	6	1 1 1 1 0 1 1 0 0 1 0 0 0 1 1 0 0 0 1 0
400	9	0 1 1 1 1 1 1 0 1 1 0 0 0 1 1 1 0 0 0 0
400	11	1 1 1 1 1 0 1 0 0 1 0 1 1 1 1 0 1 0 1 0
400	13	1 0 1 1 0 0 1 1 0 1 0 1 1 1 0 0 0 0 0 1
400	9	1 1 1 0 0 0 1 0 0 1 1 1 0 1 1 1 0 0 0 0
400	8	1 1 1 1 1 0 1 0 0 1 1 0 1 1 1 1 0 0 0 0
400	11	0 1 1 1 0 0 1 0 1 0 0 0 1 1 0 0 0 0 0 0
400	4	0 1 1 1 0 0 1 0 1 1 0 0 1 1 1 1 0 0 1 0
400	5	0 1 1 1 0 0 1 0 0 1 0 0 1 1 0 0 0 0 0 0
400	15	1 0 1 1 0 0 1 1 0 1 0 0 1 1 1 0 0 0 0 0
400	4	1 1 1 1 0 0 0 1 1 1 0 0 1 1 0 0 0 0 0 0
400	4	1 1 1 1 0 1 1 0 0 1 0 0 1 1 0 1 0 0 0 0
400	7	1 1 1 0 0 1 1 0 0 1 0 0 1 1 0 0 0 0 0 0
400	3	1 1 0 1 0 0 1 0 0 0 0 0 1 1 1 0 0 0 0 0
400	2	1 1 1 0 0 0 1 0 1 1 0 0 1 1 1 0 0 1 0 0
400	2	0 1 1 0 0 0 1 1 1 1 0 0 1 0 1 1 0 0 1 0
400	4	1 1 1 1 0 1 1 0 0 1 0 0 1 1 1 0 0 0 0 0
400	1	1 1 0 1 0 0 1 0 0 1 0 0 1 1 1 0 0 0 0 1
400	1	0 1 0 1 0 1 1 1 1 1 0 0 1 0 1 1 0 0 0 0
400	2	1 1 1 1 0 1 1 0 0 1 0 0 1 1 1 0 0 0 0 1
400	3	1 1 1 1 0 1 1 0 1 1 0 0 0 1 1 1 0 0 0 0
400	8	1 1 0 1 0 0 0 1 1 1 0 0 0 1 1 1 1 0 1 0
400	1	1 1 1 1 1 0 0 0 0 1 0 0 1 1 1 0 1 0 1 0
400	5	1 1 0 1 0 0 1 1 0 1 0 0 1 1 1 0 0 0 0 0
400	2	1 1 1 1 0 1 1 1 0 1 0 0 1 1 0 0 0 0 0 0
400	4	1 1 1 0 1 1 1 0 0 1 0 0 1 1 1 1 0 0 0 0
400	7	1 1 0 1 0 1 1 1 1 1 0 0 1 0 1 1 0 0 1 0
400	7	1 1 1 0 1 0 1 1 0 1 0 0 1 1 0 0 0 0 0 0
400	1	1 1 1 1 1 0 1 1 0 1 0 0 1 1 0 0 0 1 0 0
400	3	0 1 1 1 0 0 1 0 1 1 0 0 1 1 1 0 0 0 1 1
400	4	1 1 1 1 1 1 0 1 1 1 0 0 1 1 1 0 0 0 0 1
400	2	1 1 1 0 1 1 0 0 1 1 0 1 0 1 1 1 0 1 0 0
400	4	0 1 1 1 1 1 1 0 0 1 0 0 1 0 1 0 0 0 1 0
400	5	0 1 1 1 1 1 1 0 1 1 0 0 0 1 0 0 0 0 0 0
400	2	0 1 1 1 1 1 0 0 0 1 0 0 0 1 1 0 0 0 0 0
400	4	0 1 1 1 0 0 1 1 1 1 0 0 1 1 0 0 0 0 0 0
400	1	1 1 0 1 0 0 1 0 0 1 0 1 1 1 1 0 0 0 0 0
400	3	1 1 1 1 1 1 0 0 1 0 0 0 1 1 1 0 0 1 0 0
400	2	1 1 1 1 0 1 0 1 1 1 0 0 0 1 0 0 0 0 0 0
400	10	1 1 1 1 1 1 1 1 0 0 1 0 0 1 1 0 0 0 0 0
400	3	0 1 1 1 0 0 1 1 0 1 0 0 0 1 1 0 0 0 0 0
400	10	1 1 1 1 0 1 1 0 0 1 0 0 1 0 1 1 0 0 0 0
400	7	1 1 1 1 1 1 1 0 1 1 0 0 0 1 1 0 0 0 0 0
400	1	1 1 1 1 1 0 1 1 0 1 0 0 1 1 1 0 0 0 0 1
400	3	1 1 1 1 1 1 0 0 0 1 0 0 0 1 1 0 0 0 0 0
400	1	1 1 1 0 0 1 1 0 0 1 0 0 1 1 1 0 0 0 0 0
400	1	0 1 1 1 1 1 1 0 1 1 0 0 1 1 1 0 0 0 0 0
400	1	1 1 0 0 0 0 1 0 1 1 0 1 1 1 0 0 0 0 0 1
400	1	1 0 1 1 0 0 1 1 1 1 0 0 0 1 1 1 0 0 0 0
400	1	0 1 1 1 0 1 1 1 0 1 1 0 0 1 1 0 0 0 0 0
400	2	0 1 1 0 1 1 1 0 1 1 0 0 0 1 1 1 0 0 0 0
400	5	1 1 1 1 0 0 1 0 1 1 0 0 1 1 1 1 0 0 0 0
400	7	1 1 0 1 1 1 1 0 0 1 0 0 0 1 1 1 0 0 0 0
400	3	1 1 1 0 0 0 1 1 1 1 0 0 1 1 0 0 0 1 0 0
400	1	1 1 0 1 0 0 0 1 1 1 0 0 1 0 1 1 0 0 1 0
400	3	0 1 0 1 1 1 1 0 0 1 0 0 0 1 1 0 0 0 0 0
400	4	1 1 1 1 0 1 1 0 1 1 0 1 0 1 1 0 0 0 0 0
400	1	1 1 1 1 0 1 1 0 0 0 0 0 1 1 0 0 0 0 0 0
400	2	1 1 1 1 1 1 0 0 1 1 0 0 1 1 1 0 0 1 0 1
400	10	0 1 0 1 0 1 1 0 1 1 0 0 0 1 1 1 0 0 0 0
400	1	1 1 1 1 1 0 1 0 1 1 0 1 1 1 1 0 1 0 1 0
400	1	0 1 1 1 1 1 1 0 0 1 0 0 1 1 1 0 0 0 0 1
400	3	1 1 1 1 0 1 1 0 1 1 0 0 1 0 1 1 0 0 1 0
400	2	1 1 1 0 0 0 1 1 1 1 0 0 0 1 1 1 0 0 0 0
400	3	1 1 1 0 0 0 1 1 1 1 0 0 1 1 1 0 0 0 0 1
400	1	1 1 1 0 0 0 1 0 1 1 0 0 1 1 0 0 0 0 0 0
400	2	0 1 1 1 0 0 1 1 1 1 0 1 1 1 1 0 0 0 0 0
400	3	1 1 0 1 0 0 1 1 1 1 0 0 1 0 1 1 0 0 0 0
400	2	0 1 1 1 0 1 1 0 0 1 0 0 0 1 0 0 0 0 0 0
400	7	1 1 1 1 1 1 1 0 1 1 1 0 1 1 1 0 0 1 0 0
400	2	1 1 1 1 1 1 0 0 0 1 0 1 1 1 0 0 0 0 0 0
400	1	1 1 1 1 0 0 1 0 0 0 0 0 1 1 1 0 0 0 0 0
400	1	1 1 1 1 1 1 1 0 1 1 0 0 1 1 1 0 1 0 1 0
400	2	0 1 1 1 0 0 1 1 1 1 0 0 1 1 1 1 0 0 0 0
400	3	1 1 1 1 0 1 0 1 1 1 0 1 0 1 1 0 0 0 0 0
400	3	1 1 1 1 1 1 0 0 1 1 0 0 1 1 1 0 0 0 0 0
400	1	1 1 1 0 1 1 1 0 0 1 0 0 0 1 0 0 0 1 0 0
400	2	1 1 0 0 0 0 1 1 0 1 0 0 1 1 1 0 0 0 0 0
400	2	0 1 1 1 0 1 0 1 1 1 0 0 1 1 0 0 0 0 0 0
400	3	1 1 1 1 1 0 1 0 1 1 0 0 0 1 1 1 0 0 0 0
400	1	1 1 1 1 0 1 1 0 0 1 0 1 0 1 0 0 0 0 0 0
400	2	1 1 1 1 1 1 0 0 1 1 0 0 1 1 1 0 0 0 1 0
400	1	0 1 1 1 0 0 1 0 1 1 0 0 1 1 1 0 0 1 0 0
400	1	1 1 1 0 0 1 1 0 0 1 0 0 0 1 1 0 0 0 0 0
400	1	1 1 0 0 0 0 1 1 1 1 0 0 1 1 1 1 0 0 0 0
400	3	1 1 1 0 0 0 0 1 1 1 0 0 1 1 1 1 0 0 0 0
400	1	1 1 0 1 0 1 1 1 1 1 1 0 1 0 1 1 0 0 0 0
400	1	0 1 1 0 1 1 1 0 0 1 0 0 0 1 0 0 0 0 0 0
400	1	0 1 1 1 1 1 0 0 0 1 0 0 0 1 0 0 0 0 0 0
400	3	1 1 1 1 0 1 0 1 1 1 0 0 1 1 0 0 0 0 0 1
400	1	0 1 1 0 1 1 1 0 0 1 0 0 0 1 1 0 0 0 0 1
400	1	1 1 1 1 1 0 1 0 1 1 0 0 0 1 1 0 0 1 0 0
400	2	1 1 1 0 0 0 1 1 0 1 0 0 1 1 1 0 0 0 0 1
400	1	1 1 1 1 1 0 1 0 0 1 1 1 1 1 1 0 0 0 0 0
400	2	1 1 1 1 1 0 1 0 0 0 1 0 1 1 1 0 0 0 0 0
400	3	1 1 1 1 1 0 0 0 1 1 0 0 1 1 1 0 0 0 0 1
400	1	1 1 1 1 1 0 1 0 0 1 0 1 1 0 1 0 1 0 1 0
400	2	1 1 1 1 1 0 1 0 0 1 0 1 1 1 1 0 1 0 0 0
400	3	1 0 1 1 0 1 1 0 0 1 0 0 1 1 0 1 0 0 0 0
400	1	1 1 1 1 1 0 1 1 0 1 0 0 1 1 1 0 0 0 1 1
450	15	0 1 1 1 0 0 1 0 1 1 0 0 1 1 0 0 0 0 0 0
450	11	0 1 1 1 1 1 1 0 0 1 0 0 0 1 1 0 0 0 0 0
450	11	1 1 1 1 0 1 1 0 0 1 0 0 1 1 0 0 0 0 0 0
450	19	1 1 1 0 0 0 1 1 1 1 0 0 1 1 1 1 0 0 0 0
450	4	1 1 1 0 1 1 1 0 0 1 0 0 0 1 1 1 0 0 0 0
450	12	0 1 0 1 0 0 1 0 1 1 0 0 0 1 1 1 0 0 0 0
450	4	1 0 1 1 0 0 1 0 0 1 0 0 1 1 1 0 0 0 0 0
450	24	0 1 1 1 1 1 1 0 0 1 0 0 0 1 0 0 0 0 0 0
450	1	1 1 1 1 0 1 0 1 1 1 0 0 1 1 0 0 0 0 0 0
450	1	1 1 1 0 0 0 1 1 1 1 0 0 1 1 1 0 0 0 0 0
450	55	1 1 1 1 1 1 0 0 1 1 0 1 1 1 1 1 0 1 0 0
450	13	1 1 1 1 1 0 1 0 0 1 1 0 1 1 1 1 0 0 0 0
450	11	1 0 1 1 0 0 1 1 0 1 0 0 1 1 1 0 0 0 0 0
450	21	1 1 0 1 0 1 1 1 1 1 0 0 1 0 1 1 0 0 1 0
450	13	1 1 1 0 0 0 1 1 1 1 0 0 0 1 1 1 0 0 0 0
450	30	1 1 1 1 0 1 1 0 1 1 0 1 1 1 0 1 0 0 0 0
450	8	0 1 1 1 0 0 1 0 1 0 0 0 1 1 0 0 0 0 0 1
450	25	1 1 1 0 1 1 0 0 1 1 0 1 1 1 1 0 0 1 0 0
450	12	0 1 0 1 0 1 0 0 1 1 0 0 0 1 1 1 0 0 0 0
450	1	0 1 1 1 1 1 0 0 1 1 0 1 1 1 1 1 0 1 0 0
450	10	1 1 1 1 1 0 0 0 1 1 0 0 1 1 1 0 0 0 0 1
450	4	1 1 1 1 0 0 1 1 0 1 0 1 1 1 1 0 0 0 0 0
450	17	1 1 1 1 0 1 1 0 0 1 0 0 1 1 1 1 0 0 0 0
450	5	1 1 0 1 0 0 0 0 0 1 0 0 1 1 0 0 0 0 0 0
450	2	0 1 1 1 1 1 1 0 0 1 0 0 0 1 0 0 1 0 0 0
450	20	1 0 1 1 0 0 1 0 1 1 0 1 1 1 1 0 0 0 0 1
450	7	1 1 1 1 0 0 1 0 0 1 0 0 0 1 1 1 0 0 0 0
450	1	1 0 1 1 0 0 1 1 0 1 1 0 1 1 1 0 0 0 0 0
450	8	1 1 1 1 1 0 0 0 1 1 0 1 1 1 1 0 0 0 0 1
450	4	1 1 1 1 1 1 1 0 1 1 0 0 1 1 1 0 0 0 0 0
450	9	1 1 1 1 0 0 1 1 1 1 0 0 1 1 1 0 0 0 0 0
450	3	1 1 1 1 0 1 1 0 0 1 1 0 1 1 0 0 0 0 0 0
450	19	1 0 1 1 0 0 1 0 0 1 0 1 1 1 1 0 0 0 0 0
450	14	1 1 0 1 0 1 1 0 1 1 0 0 1 0 1 1 0 1 1 0
450	5	1 1 1 1 0 1 1 0 1 1 0 1 1 1 0 1 0 0 0 1
450	19	1 1 1 0 0 0 1 1 0 1 0 0 1 1 1 0 0 0 0 0
450	1	1 0 1 0 0 0 1 1 1 1 0 0 1 1 1 0 0 0 0 0
450	12	0 1 1 1 0 1 1 0 1 1 0 0 1 1 1 0 0 0 0 0
450	25	1 1 1 1 0 1 1 0 1 1 0 0 1 0 1 0 0 0 0 0
450	1	0 1 1 1 1 1 1 0 0 1 0 0 0 1 0 0 0 0 0 1
450	11	1 0 1 1 0 0 1 0 1 1 0 0 1 1 1 0 0 1 0 0
450	5	0 1 1 0 0 0 1 0 1 0 0 0 1 1 1 1 0 0 1 0
450	6	1 1 1 1 0 0 1 0 1 1 0 0 1 1 1 0 0 0 0 0
450	12	1 1 1 1 0 1 1 0 0 1 0 0 0 1 1 1 0 0 0 0
450	3	1 1 0 1 1 0 1 0 0 1 1 0 1 1 1 1 0 0 0 0
450	5	1 1 0 1 0 1 1 0 1 1 0 0 1 0 1 1 0 0 1 1
450	13	1 1 1 1 0 1 0 1 1 1 0 0 0 1 1 0 0 0 0 0
450	24	1 1 1 1 1 0 1 0 0 1 0 0 1 1 1 0 0 0 0 0
450	2	1 0 1 1 0 0 1 1 0 1 0 0 1 1 0 0 0 0 0 1
450	8	1 1 1 0 1 1 0 0 1 1 1 1 0 1 0 0 0 0 0 0
450	1	1 1 1 1 1 0 0 1 1 1 0 0 1 1 1 0 0 0 0 1
450	19	1 1 1 1 1 0 1 1 0 1 0 0 1 1 1 1 0 0 0 0
450	5	0 1 1 1 1 1 0 0 1 1 0 1 1 1 1 1 0 1 1 0
450	3	1 1 0 1 0 0 1 0 1 1 0 0 0 1 1 1 0 0 0 0
450	4	0 1 1 1 1 0 1 0 0 1 1 0 1 1 1 1 0 0 0 0
450	3	0 1 1 1 0 1 0 1 1 1 0 0 1 0 1 0 0 1 0 0
450	1	1 1 1 1 0 0 1 0 1 1 0 0 1 1 1 1 0 1 0 0
450	3	0 1 1 1 0 0 1 0 1 1 0 0 1 1 0 0 0 0 1 1
450	2	0 1 1 1 1 1 0 0 0 1 0 0 0 1 0 0 0 0 0 0
450	9	1 0 1 1 0 0 1 0 0 1 0 0 1 1 1 0 0 1 0 0
450	11	1 1 1 1 1 0 1 0 1 1 0 0 0 1 0 0 0 0 0 0
450	18	1 1 1 1 0 1 0 1 1 0 0 0 0 1 0 1 0 0 0 0
450	2	0 1 1 1 0 0 1 0 1 0 0 0 1 1 1 0 0 0 0 0
450	3	1 1 1 1 1 1 0 1 1 0 0 0 0 1 0 1 0 0 0 0
450	11	1 1 0 1 0 1 1 1 1 1 0 0 1 0 1 1 0 0 1 1
450	14	0 1 1 1 1 1 1 0 0 1 0 0 1 1 0 0 0 0 0 1
450	5	1 1 1 1 0 0 1 0 0 1 0 0 1 1 1 0 0 0 0 0
450	3	0 1 1 1 1 1 1 0 1 1 0 0 1 1 1 0 0 0 0 1
450	6	1 1 1 1 1 0 0 1 1 1 0 0 1 1 1 0 0 0 0 0
450	2	0 1 1 1 0 0 1 0 1 0 0 0 1 1 0 0 0 0 0 0
450	4	1 1 1 0 0 0 1 1 1 1 0 1 1 1 1 0 0 0 0 0
450	13	1 0 1 1 1 0 1 0 1 1 0 0 1 1 1 0 0 1 0 0
450	3	1 1 1 1 1 0 0 1 1 1 1 0 1 1 1 0 0 0 0 1
450	2	1 1 1 1 0 1 0 0 1 1 0 0 0 1 0 0 0 0 0 0
450	4	1 1 1 1 1 0 0 0 1 1 0 1 1 1 1 0 0 0 0 0
450	4	1 1 1 1 0 1 0 0 1 1 0 0 0 1 1 0 0 0 0 0
450	11	0 1 1 1 1 1 1 0 0 1 0 0 0 1 0 0 0 1 0 0
450	6	1 1 0 1 0 1 1 0 1 1 0 1 1 1 0 1 0 0 0 0
450	25	1 1 1 1 0 0 1 0 1 1 0 0 0 1 0 0 0 0 0 0
450	4	1 1 1 1 0 0 1 0 0 1 0 0 1 1 1 0 0 0 0 1
450	8	1 1 0 1 0 1 1 1 1 1 0 0 1 1 1 0 0 0 0 0
450	14	1 1 1 0 1 1 0 0 1 1 1 1 1 1 1 0 0 1 0 0
450	2	1 1 0 1 0 1 1 0 1 1 0 0 1 0 1 1 0 0 0 0
450	2	1 1 0 1 0 1 1 0 1 1 0 0 1 0 1 0 0 1 1 0
450	7	0 1 1 1 0 1 1 0 0 1 0 0 0 1 1 1 0 0 0 0
450	7	1 1 1 0 0 0 1 1 0 1 0 0 1 0 0 0 0 0 0 0
450	5	1 1 1 1 1 1 0 0 1 1 0 1 1 1 0 0 0 0 0 0
450	11	0 1 1 1 1 1 1 0 1 1 0 1 1 1 1 1 0 1 0 0
450	1	1 0 1 1 0 0 1 0 1 1 0 1 0 1 1 1 0 0 0 0
450	5	0 1 1 1 0 1 1 0 1 1 0 1 1 1 1 0 0 0 0 1
450	2	1 1 1 1 0 1 1 0 1 1 0 0 1 0 1 1 0 0 0 0
450	19	1 1 1 1 1 0 1 0 0 1 0 1 1 1 1 0 0 0 0 1
450	17	1 1 1 1 1 0 1 0 0 1 0 0 1 1 1 0 0 0 1 0
450	5	1 0 1 1 0 1 1 0 0 1 0 0 1 1 0 0 0 0 0 0
450	5	1 1 1 1 0 1 0 1 1 0 0 0 0 1 0 1 1 0 0 0
450	2	1 1 0 1 0 0 0 0 0 1 0 0 1 1 1 1 0 1 0 0
450	1	1 1 0 1 1 0 1 0 0 1 1 0 1 1 1 0 0 0 0 0
450	1	0 1 1 1 0 1 1 0 0 1 0 0 0 1 0 0 0 0 0 0
450	9	1 1 1 1 0 1 1 0 1 1 0 1 1 1 1 1 0 0 0 0
450	3	1 1 1 1 0 1 1 0 0 1 1 0 1 1 0 1 0 0 0 0
450	1	1 1 1 0 0 0 1 0 0 1 1 1 1 1 0 0 0 0 0 1
450	4	0 1 1 1 1 1 1 1 0 1 0 0 1 1 1 0 0 0 0 0
450	3	1 1 1 1 1 1 1 1 1 1 0 0 1 0 1 1 0 0 1 0
450	2	1 1 0 1 1 0 1 0 0 1 0 0 1 1 0 0 0 0 0 0
450	6	0 1 1 1 0 0 1 0 1 0 0 0 1 1 0 1 0 0 0 1
450	2	1 0 1 1 0 0 1 0 0 1 0 1 1 1 1 0 1 0 0 0
450	2	0 1 0 1 0 1 1 1 1 1 0 1 1 0 1 1 0 0 1 0
450	3	1 1 1 1 1 1 0 0 1 1 0 0 0 1 0 0 0 0 0 0
450	3	1 1 0 1 1 0 1 0 0 1 1 1 1 1 1 0 0 0 0 0
450	5	0 1 1 1 1 1 1 0 0 1 0 0 0 1 0 0 0 1 1 0
450	4	1 1 1 1 1 1 1 0 1 1 0 0 0 1 1 0 0 0 0 0
450	4	1 1 1 1 1 1 0 0 1 1 1 1 1 1 1 1 0 1 0 0
450	4	1 0 1 1 0 0 1 1 0 1 0 0 1 1 0 0 0 0 1 1
450	4	1 1 1 1 0 0 1 0 0 1 0 0 1 1 0 0 0 0 0 0
450	2	1 1 1 1 1 0 1 0 0 1 0 0 0 1 0 0 1 0 0 0
450	1	1 1 1 1 1 1 0 0 1 1 0 1 1 1 1 0 0 1 0 0
450	7	0 1 0 1 0 0 1 0 1 1 0 0 1 1 0 0 0 0 0 0
450	1	1 1 0 1 0 1 1 1 0 1 0 0 1 0 1 1 0 0 1 0
450	2	1 1 0 1 0 1 1 0 1 1 0 0 1 1 1 1 0 1 1 0
450	3	0 1 1 0 0 1 1 0 1 0 0 0 1 1 1 1 0 0 1 0
450	5	1 1 1 1 1 0 0 0 1 1 0 1 0 1 1 0 0 0 0 0
450	1	0 1 1 1 1 1 0 0 1 1 0 1 1 1 1 0 0 1 0 0
450	1	0 1 1 1 1 1 0 0 1 1 0 0 1 1 1 0 0 0 0 1
450	2	1 1 1 1 1 1 1 0 1 1 0 0 1 0 1 0 0 0 0 0
450	1	1 1 0 1 0 1 0 0 1 1 0 1 1 1 1 1 0 1 0 0
450	1	0 1 1 1 1 1 1 0 1 1 0 0 1 1 1 0 0 0 0 0
450	1	1 1 1 1 0 0 1 0 1 1 0 0 1 1 0 0 0 0 0 0
450	5	1 1 1 1 1 0 1 0 0 1 0 0 0 1 0 0 0 0 1 1
450	2	0 1 1 1 0 0 0 0 1 1 0 0 1 1 0 0 0 0 0 0
450	1	1 1 1 0 0 0 1 1 0 0 0 0 1 1 1 0 0 0 0 0
450	2	1 1 1 0 0 0 1 0 1 1 0 0 0 1 0 0 0 0 0 0
450	4	1 1 1 1 1 0 1 0 0 0 0 1 1 1 1 0 0 0 0 1
450	1	1 1 1 1 1 1 0 0 1 1 0 0 1 1 0 0 0 0 0 0
450	1	1 1 1 1 1 0 1 0 0 1 0 1 1 1 1 0 0 0 0 0
450	1	1 1 1 1 1 1 0 1 1 1 0 1 1 1 1 1 0 1 0 0
450	3	1 1 1 1 1 0 0 0 0 1 0 0 1 1 1 0 0 0 0 1
450	1	1 0 1 1 0 0 0 0 0 1 0 1 1 1 1 0 0 0 0 0
450	1	1 1 1 1 0 1 1 1 1 1 0 0 1 0 1 0 0 0 0 0
450	1	1 1 0 1 1 0 0 0 0 1 1 0 1 1 1 1 0 0 0 0
450	1	1 0 1 1 1 0 1 1 0 1 0 0 1 1 1 1 0 0 0 0
450	1	0 0 1 1 1 1 1 0 0 1 0 0 1 1 0 0 0 0 0 1
450	3	0 1 0 1 1 0 0 0 1 1 0 0 1 1 1 0 0 0 0 1
450	1	1 1 1 1 0 0 1 0 0 1 0 0 1 0 1 0 0 0 0 1
450	1	1 0 1 1 0 1 1 0 0 1 0 0 0 1 0 0 0 0 0 0
450	2	0 1 1 1 1 1 1 1 1 1 0 0 1 0 1 1 0 0 1 0
500	33	0 1 1 1 0 0 1 0 1 1 0 0 1 1 0 0 0 0 0 0
500	7	1 1 1 1 0 1 1 0 0 1 0 0 1 1 0 0 0 0 0 0
500	25	1 1 1 0 0 0 1 1 1 1 0 0 1 1 1 0 0 0 0 0
500	28	1 1 1 1 1 1 0 0 1 1 0 1 1 1 1 1 0 1 0 0
500	6	1 1 1 1 0 1 1 0 1 1 0 1 1 1 0 1 0 0 0 0
500	33	1 1 1 1 0 1 1 0 1 1 0 1 1 1 0 1 0 0 0 1
500	22	1 1 1 1 0 1 1 0 1 1 0 0 1 0 1 0 0 0 0 0
500	25	1 1 1 1 0 1 1 0 0 1 0 0 0 1 1 1 0 0 0 0
500	45	1 1 1 1 1 0 0 0 1 1 0 1 1 1 1 0 0 0 0 0
500	3	1 1 1 1 0 0 1 0 1 1 0 0 0 1 0 0 0 0 0 0
500	3	1 1 1 1 1 0 1 0 0 1 0 0 1 1 1 0 0 0 1 0
500	20	1 1 1 1 1 0 1 0 0 1 0 0 0 1 0 0 1 0 0 0
500	12	0 1 0 1 0 0 1 0 1 1 0 0 1 1 0 0 0 0 0 0
500	1	1 1 1 0 0 0 1 0 1 1 0 0 0 1 0 0 0 0 0 0
500	2	0 1 1 1 0 1 1 0 0 1 0 0 1 1 1 0 0 0 0 0
500	12	1 1 1 1 1 0 0 0 1 1 0 1 1 1 1 1 0 0 0 0
500	8	1 1 1 1 0 0 1 0 1 1 0 0 1 0 0 0 0 0 0 0
500	30	1 1 1 1 0 0 1 0 1 1 0 1 1 1 1 1 0 0 0 0
500	8	0 1 1 1 1 1 0 0 1 1 0 1 1 1 1 1 0 1 0 0
500	17	1 1 1 1 1 0 1 0 0 1 0 0 1 1 0 0 1 0 0 0
500	1	1 1 0 1 1 0 1 0 0 1 0 0 1 1 1 0 0 0 0 0
500	17	1 1 1 1 1 0 1 1 0 1 0 0 1 1 1 1 0 0 0 1
500	13	1 1 1 1 0 1 0 0 1 1 0 1 1 1 1 1 0 1 0 0
500	10	1 0 1 0 0 0 1 0 0 1 0 1 1 1 1 0 0 0 0 0
500	4	1 0 1 1 1 1 0 0 1 1 0 1 1 1 1 1 0 1 0 0
500	7	1 1 1 0 0 0 1 0 1 1 0 0 1 1 1 1 0 0 0 0
500	6	1 1 1 1 1 1 0 0 1 1 0 1 0 1 1 1 0 1 0 0
500	10	1 0 1 1 0 1 1 0 0 1 0 0 1 1 1 1 0 0 0 0
500	2	1 1 1 1 1 0 0 0 1 1 0 1 1 1 0 1 0 0 0 0
500	2	1 1 1 1 1 0 1 1 0 1 0 0 0 1 0 0 1 0 0 0
500	10	1 1 1 1 0 0 1 1 0 1 0 0 1 1 1 0 0 0 0 1
500	17	1 1 1 1 0 0 0 0 1 1 0 0 0 1 1 1 0 0 0 0
500	1	1 1 1 1 0 1 1 0 1 1 0 1 1 1 0 1 0 0 1 1
500	24	0 1 1 0 0 1 1 0 0 1 0 0 1 1 1 1 0 0 0 0
500	61	1 1 1 1 1 1 1 0 0 1 0 0 0 1 0 0 0 0 0 0
500	14	1 1 1 1 1 1 0 0 1 0 0 1 1 1 1 1 0 1 0 0
500	3	1 1 1 1 0 1 0 1 1 1 0 0 1 1 1 0 0 0 0 0
500	8	1 1 1 1 0 0 0 0 0 1 0 0 1 1 1 0 0 0 0 0
500	15	1 1 1 1 0 1 1 0 0 1 0 1 1 1 1 1 0 0 0 0
500	4	1 0 0 1 1 0 1 0 0 1 0 1 1 1 1 0 0 0 1 0
500	28	1 1 1 1 0 1 1 0 0 1 0 0 1 1 1 0 0 0 0 0
500	5	1 1 1 1 0 1 1 1 1 1 0 0 1 1 1 0 0 0 0 0
500	11	1 1 1 1 1 0 0 0 1 1 0 1 0 1 1 1 0 0 0 0
500	2	0 0 1 1 1 0 1 0 1 1 0 0 1 1 0 0 0 0 0 0
500	5	0 1 1 1 0 0 1 0 0 1 0 1 1 1 1 0 0 0 0 0
500	9	0 1 1 1 1 1 0 1 1 1 0 1 1 1 1 0 0 1 0 0
500	7	1 1 1 0 0 0 1 0 1 1 0 1 0 1 0 0 0 0 0 0
500	2	0 1 1 1 0 0 1 0 1 1 0 0 1 1 0 0 0 1 0 0
500	2	1 1 1 1 0 0 1 1 0 1 0 0 1 1 0 0 0 0 1 0
500	17	1 1 1 1 1 0 1 0 0 1 0 0 1 1 1 0 0 1 1 0
500	1	1 1 1 1 1 0 1 0 0 1 0 0 0 1 1 0 1 0 0 0
500	1	1 1 1 1 1 1 1 0 0 1 0 0 0 1 0 0 1 0 0 0
500	7	1 1 1 1 1 0 1 0 1 1 0 1 1 1 1 1 0 0 0 0
500	6	1 0 1 1 0 1 1 0 0 1 0 1 1 1 1 1 0 0 0 0
500	12	1 1 1 1 1 0 1 0 0 1 1 0 1 1 0 0 0 0 0 0
500	7	0 1 1 1 0 0 1 0 1 1 0 0 0 1 0 0 0 0 0 0
500	8	1 1 1 1 1 1 1 0 1 1 0 0 1 1 0 0 0 0 0 0
500	1	1 1 1 1 0 1 1 0 0 1 0 0 1 1 1 1 0 0 0 1
500	2	1 1 1 1 0 1 1 0 1 1 0 1 1 1 1 1 0 1 0 0
500	2	1 1 1 1 1 0 1 0 1 1 0 0 1 1 0 0 0 0 0 0
500	5	1 1 1 1 1 0 0 0 1 1 0 0 0 1 1 1 0 0 0 0
500	9	1 1 1 1 1 1 1 0 0 1 0 0 0 1 0 0 0 0 0 1
500	4	1 1 1 1 0 1 0 0 1 1 0 0 1 1 1 0 0 0 0 0
500	11	1 1 1 1 0 0 0 0 0 1 0 0 1 1 0 0 0 0 0 0
500	18	1 1 1 1 0 1 1 0 0 1 0 0 0 1 1 0 0 0 0 0
500	3	1 1 1 1 1 0 1 0 0 1 0 0 1 1 0 0 0 0 0 0
500	1	1 1 1 1 0 0 1 0 1 1 0 1 0 1 1 1 0 0 0 0
500	4	0 0 1 1 1 0 1 0 1 1 0 0 0 1 1 1 0 0 0 0
500	23	1 1 1 1 0 0 1 1 0 1 0 0 1 1 1 1 0 0 0 0
500	3	1 1 1 1 1 1 0 0 1 1 0 1 1 1 0 1 0 1 0 0
500	2	1 1 0 1 0 1 0 0 0 1 0 0 1 1 1 1 0 1 0 0
500	7	0 1 0 1 0 1 1 0 0 1 0 0 1 1 1 0 0 1 0 0
500	1	0 1 1 1 1 0 0 0 1 1 0 1 1 0 1 1 0 1 0 0
500	7	1 1 1 1 1 0 1 0 0 1 0 0 0 1 0 0 0 0 0 0
500	1	1 1 1 0 0 0 1 0 1 1 0 0 1 0 1 0 0 0 0 0
500	2	1 1 1 1 1 0 1 0 0 1 0 1 1 1 1 1 0 1 0 0
500	13	0 1 1 0 0 0 1 1 1 1 0 0 1 1 1 0 0 0 0 0
500	6	1 1 1 1 1 1 0 0 1 1 0 0 0 1 1 1 0 1 0 0
500	2	1 1 1 1 1 1 0 0 1 1 0 0 1 1 0 0 0 0 0 0
500	4	0 0 1 1 1 0 1 0 1 1 0 0 0 1 0 0 0 0 0 0
500	1	1 1 1 0 0 0 1 1 1 1 0 0 1 1 0 0 0 0 0 0
500	11	1 1 0 1 0 1 1 0 1 1 0 0 1 0 1 0 0 0 0 0
500	10	1 1 0 0 0 0 1 0 1 1 0 0 0 1 0 0 0 0 0 0
500	4	1 0 0 1 0 0 1 0 0 1 0 1 1 1 1 1 0 0 0 0
500	6	1 1 1 1 0 0 1 0 1 1 0 0 1 0 1 1 0 0 0 0
500	1	1 1 1 1 1 1 0 0 1 0 0 1 1 1 0 1 0 1 0 0
500	1	1 1 1 0 0 0 1 1 1 1 0 0 1 1 1 0 1 0 0 0
500	1	1 0 1 1 1 0 0 0 1 1 0 1 1 1 1 0 0 0 0 0
500	7	1 1 1 0 1 1 1 0 0 1 0 0 0 1 0 0 0 0 0 0
500	2	1 1 0 1 0 1 0 1 1 1 0 0 1 1 1 0 0 0 0 0
500	1	1 1 0 1 1 0 1 0 0 1 0 1 1 1 0 0 0 0 0 0
500	1	1 1 1 0 0 0 1 0 1 1 0 0 0 0 1 0 0 0 0 0
500	1	1 1 1 1 0 1 1 0 1 1 0 1 0 1 0 0 0 0 0 0
500	4	1 1 1 1 0 0 1 0 1 1 0 1 1 1 0 0 0 0 0 0
500	3	1 1 1 0 0 0 1 0 0 1 0 0 1 1 1 0 0 0 0 0
500	6	1 0 1 0 0 1 1 0 0 1 0 1 1 1 1 0 0 0 0 0
500	3	1 1 1 1 1 0 1 0 0 1 1 0 0 1 1 0 0 0 0 0
500	1	1 1 1 1 1 0 1 0 0 0 0 0 1 1 1 0 0 1 1 0
500	3	1 0 0 1 1 0 1 0 0 1 0 1 1 1 1 1 0 0 0 1
500	1	1 1 1 1 1 0 1 0 1 1 0 0 0 1 1 1 0 0 0 0
500	3	0 1 1 0 0 0 1 0 1 1 0 0 1 1 0 0 0 0 0 0
500	1	1 1 1 1 1 1 0 0 1 1 1 1 1 1 1 1 0 1 0 0
500	6	1 1 1 0 0 1 1 0 1 1 0 0 0 1 0 0 0 0 0 0
500	8	1 1 1 1 1 1 0 0 1 1 0 0 0 1 1 1 0 0 0 0
500	1	1 1 1 1 1 1 0 0 1 1 0 1 1 1 1 1 0 0 0 0
500	3	1 1 1 1 0 0 1 1 0 1 0 1 1 1 1 0 0 0 0 0
500	4	1 1 1 1 0 0 1 0 1 1 0 0 1 1 0 0 0 0 0 0
500	1	1 1 1 1 1 0 1 0 0 1 0 0 1 1 1 1 0 0 0 0
500	2	1 1 0 1 0 1 1 0 1 1 0 0 1 1 1 1 0 1 0 0
500	1	1 1 1 1 0 1 1 0 0 1 0 0 1 1 0 0 0 0 1 0
500	3	1 1 1 1 1 1 0 0 1 1 0 1 1 1 1 0 0 1 0 0
500	1	1 1 1 1 0 1 1 0 0 1 0 1 0 1 1 1 0 0 0 0
500	2	1 1 1 1 1 0 1 0 0 1 0 0 1 1 0 0 0 0 1 0
500	2	1 1 1 1 0 0 1 0 1 1 0 1 1 1 1 1 0 1 0 0
500	3	1 1 1 1 0 1 1 1 0 1 0 0 1 1 1 0 0 0 0 1
500	3	1 1 1 1 0 0 1 0 0 1 0 0 1 1 1 0 0 0 0 0
500	2	1 1 1 1 1 0 1 1 0 1 0 0 1 1 1 0 0 1 1 0
500	1	1 1 1 1 1 0 1 0 0 1 1 0 1 1 0 0 1 0 0 0
500	2	1 1 1 1 0 1 1 1 0 1 0 0 1 1 1 1 0 0 0 0
500	1	1 1 0 1 1 0 1 0 0 1 0 1 1 1 1 1 0 0 0 1
500	1	1 1 0 1 1 0 1 0 0 1 0 0 1 0 1 0 0 0 0 0
500	3	0 1 1 0 0 1 1 0 0 1 0 0 1 0 1 0 0 0 0 0
500	4	1 1 1 1 0 0 1 1 0 1 0 0 1 1 0 0 0 0 0 0
500	1	0 1 0 1 0 1 1 0 0 1 0 0 1 1 1 0 0 0 0 0
500	2	1 1 1 0 0 0 1 0 1 1 0 0 1 1 1 1 0 1 0 0
500	2	1 1 1 1 1 1 1 0 1 1 0 1 1 1 1 1 0 1 0 0
500	5	1 1 1 1 1 0 0 0 1 1 0 1 1 1 1 0 0 0 1 0
500	2	1 1 1 0 0 0 1 1 1 1 0 0 1 1 1 1 0 0 0 0
500	2	1 1 1 1 1 1 1 0 1 1 0 0 0 1 0 0 0 0 0 0
500	3	1 1 1 1 0 1 1 0 0 1 0 0 1 1 1 0 0 1 0 0
500	2	1 1 1 1 1 1 1 0 0 1 0 0 0 1 0 0 1 1 0 0
500	3	0 0 1 1 1 0 0 0 1 1 0 1 1 1 1 0 0 0 0 0
500	1	1 1 1 1 0 1 1 0 1 1 0 0 1 0 0 0 0 0 0 0
500	2	1 1 1 1 1 1 1 0 0 1 0 1 1 1 1 0 0 0 0 0
500	3	0 1 0 1 0 0 1 0 0 1 0 1 1 1 1 1 0 0 0 0
500	2	1 1 1 0 0 1 1 0 0 1 0 0 1 1 0 0 0 0 0 0
500	1	1 0 1 1 0 1 1 0 0 1 0 0 1 1 0 0 0 0 0 0
500	1	1 1 1 1 1 0 0 0 1 1 0 1 1 1 1 0 0 1 0 0
500	1	1 1 1 1 1 0 1 0 1 1 0 1 1 1 1 0 0 0 0 0
500	1	1 1 1 1 1 0 0 0 1 1 1 1 1 1 1 0 0 0 0 0
500	2	1 1 1 0 0 0 0 0 1 1 0 0 0 1 1 1 0 0 0 0
500	1	1 1 1 1 1 1 1 0 0 1 0 0 0 1 0 0 0 0 1 0
500	2	1 1 1 1 0 1 0 0 0 1 0 0 1 1 1 0 0 0 0 0
500	2	1 1 1 1 0 0 0 0 1 0 0 0 0 1 1 1 0 0 1 0
500	1	1 1 1 1 0 1 0 0 1 1 0 0 1 1 0 0 0 0 0 0
500	1	1 1 1 0 0 0 1 0 1 1 0 0 1 0 0 0 0 0 0 0
500	1	0 1 1 0 0 0 1 1 1 1 0 0 1 1 0 0 0 0 0 0
