0	17	0 0 1 0 1 0 0 0 0 0 0 1 0 0 0 0 0 0 0 1
0	8	0 0 0 1 0 1 0 1 0 0 1 1 0 1 1 0 1 0 0 0
0	12	1 1 0 1 0 0 0 0 0 1 1 1 0 0 0 1 0 0 0 1
0	13	0 0 0 0 1 0 0 0 0 0 0 0 0 0 0 0 0 1 0 0
10	8	0 0 1 0 1 0 0 0 0 0 0 1 0 0 0 0 0 0 0 1
10	16	0 0 0 1 0 1 0 1 0 0 1 1 0 1 1 0 1 0 0 0
10	6	1 1 0 1 0 0 0 0 0 1 1 1 0 0 0 1 0 0 0 1
10	9	0 0 0 0 1 0 0 0 0 0 0 0 0 0 0 0 0 1 0 0
10	2	0 0 0 1 0 1 0 1 0 0 1 1 0 0 0 1 0 0 0 1
10	1	0 0 0 1 0 1 0 0 0 0 1 1 0 1 1 0 1 0 0 0
10	1	0 0 0 0 1 0 0 0 1 0 0 0 0 0 0 0 0 1 0 0
10	1	0 0 0 1 0 1 0 1 0 0 1 1 0 1 1 0 0 0 0 0
10	1	0 0 0 0 1 0 0 0 0 0 0 0 0 0 0 0 0 1 0 1
10	1	1 1 0 1 0 1 0 0 0 1 1 1 0 0 0 1 0 0 0 1
10	1	1 0 0 0 1 0 0 0 0 0 0 1 0 0 0 0 0 0 0 1
10	1	0 0 0 1 0 1 0 1 0 0 1 1 0 1 0 0 1 0 0 0
10	2	1 1 0 1 0 0 0 0 0 1 1 1 0 0 0 1 0 1 0 1
20	2	0 0 1 0 1 0 0 0 0 0 0 1 0 0 0 0 0 0 0 1
20	14	0 0 0 1 0 1 0 1 0 0 1 1 0 1 1 0 1 0 0 0
20	2	1 1 0 1 0 0 0 0 0 1 1 1 0 0 0 1 0 0 0 1
20	8	0 0 0 0 1 0 0 0 0 0 0 0 0 0 0 0 0 1 0 0
20	1	1 1 0 1 0 1 0 1 0 0 1 1 0 1 1 0 1 0 0 0
20	1	0 0 1 1 0 1 0 1 0 0 1 1 0 1 1 0 1 0 0 0
20	2	0 0 0 1 0 1 0 0 0 0 1 1 0 1 1 0 1 0 0 0
20	1	0 0 0 0 1 0 0 0 1 0 0 0 0 0 0 0 0 1 0 0
20	2	0 0 0 1 0 1 0 1 0 0 1 1 0 1 1 0 0 0 0 0
20	1	0 0 1 0 1 0 0 0 0 0 0 0 0 0 0 0 0 1 0 0
20	1	1 1 0 1 0 1 0 0 0 1 1 1 0 0 0 1 0 0 0 1
20	1	0 0 1 1 1 0 0 0 0 0 0 1 0 0 0 0 0 0 0 1
20	3	1 0 0 1 0 1 0 1 0 0 1 1 0 1 1 0 1 0 0 0
20	1	0 0 0 1 0 1 0 1 0 0 1 1 0 1 1 0 1 0 0 1
20	2	0 0 0 0 1 0 1 0 0 0 0 0 0 1 1 0 1 0 0 0
20	3	1 0 0 0 1 0 1 0 0 0 0 1 0 1 1 0 1 0 0 0
20	1	0 0 0 1 0 1 0 1 0 0 1 1 0 1 1 0 1 0 1 0
20	1	1 1 0 1 0 0 0 0 0 0 0 0 0 0 0 0 0 1 0 0
20	1	1 0 0 1 0 1 1 1 0 1 1 1 0 1 1 0 1 0 0 0
20	1	1 1 0 0 1 0 0 0 0 0 0 1 0 0 0 0 0 0 0 1
20	1	0 0 1 0 1 1 0 1 0 0 0 0 0 1 1 1 1 0 0 0
30	1	0 0 1 0 1 0 0 0 0 0 0 1 0 0 0 0 0 0 0 1
30	21	0 0 0 1 0 1 0 1 0 0 1 1 0 1 1 0 1 0 0 0
30	3	1 1 0 1 0 0 0 0 0 1 1 1 0 0 0 1 0 0 0 1
30	1	1 1 0 1 0 1 0 1 0 0 1 1 0 1 1 0 1 0 0 0
30	1	0 0 0 1 0 1 0 1 0 1 1 1 0 1 1 0 1 0 0 0
30	2	0 0 0 1 0 1 0 1 0 0 1 1 0 1 1 0 0 0 0 0
30	2	0 0 1 1 1 0 0 0 0 0 0 1 0 0 0 0 0 0 0 1
30	1	1 0 0 1 0 1 0 1 0 0 1 1 0 1 1 0 1 0 0 0
30	3	0 1 0 1 0 1 0 1 0 0 1 1 0 1 1 0 1 0 0 0
30	3	0 0 0 1 0 1 0 1 1 0 1 1 0 1 1 0 1 0 0 0
30	1	0 0 0 0 1 0 0 0 1 0 1 1 0 0 0 1 0 0 0 1
30	1	0 0 0 1 0 1 0 1 0 0 1 1 0 1 0 0 0 0 0 0
30	1	1 1 0 1 0 0 0 0 0 1 1 1 0 0 1 1 0 0 0 1
30	1	1 1 0 1 0 0 0 0 0 1 1 1 0 1 1 0 1 0 0 0
30	1	1 0 0 0 1 0 1 0 0 0 0 1 0 0 0 0 0 0 0 1
30	2	0 0 0 1 0 0 0 0 0 0 0 0 0 0 0 0 0 1 0 0
30	1	0 0 1 1 1 1 0 1 0 0 1 1 0 1 1 0 1 0 0 0
30	1	1 1 0 1 0 1 0 1 0 0 1 1 0 1 1 0 1 0 0 1
30	1	0 1 1 1 1 0 0 0 0 0 0 1 0 0 0 0 0 0 0 1
30	2	1 1 0 1 0 0 0 0 0 1 1 1 0 0 0 1 0 1 0 1
40	3	0 0 1 0 1 0 0 0 0 0 0 1 0 0 0 0 0 0 0 1
40	9	0 0 0 1 0 1 0 1 0 0 1 1 0 1 1 0 1 0 0 0
40	2	1 1 0 1 0 0 0 0 0 1 1 1 0 0 0 1 0 0 0 1
40	6	0 0 0 0 1 0 0 0 0 0 0 0 0 0 0 0 0 1 0 0
40	1	0 0 1 1 0 1 0 1 0 0 1 1 0 1 1 0 1 0 0 0
40	1	0 0 0 1 0 1 0 1 0 0 1 1 0 1 1 0 0 0 0 0
40	1	0 1 0 1 0 1 0 1 0 0 1 1 0 1 1 0 1 0 0 0
40	2	0 0 0 1 0 1 0 1 1 0 1 1 0 1 1 0 1 0 0 0
40	1	0 0 1 0 0 0 0 0 0 0 0 0 0 0 0 0 0 0 0 1
40	4	1 1 0 1 0 0 0 0 0 1 1 1 0 0 1 1 0 0 0 1
40	2	0 0 1 1 1 0 0 0 0 0 0 0 0 0 0 0 0 1 0 0
40	2	0 0 0 1 0 1 0 1 0 0 0 0 0 1 1 0 1 0 0 0
40	1	1 0 0 1 0 0 0 0 0 1 1 1 0 0 0 1 0 0 0 0
40	1	0 0 0 1 0 1 0 1 0 0 1 1 0 1 1 0 1 1 0 0
40	3	1 1 0 1 0 0 0 0 0 1 1 1 0 0 1 1 0 1 0 0
40	2	0 0 0 1 0 1 0 1 0 1 1 1 0 1 1 0 0 0 0 0
40	1	0 0 0 1 1 1 0 0 0 0 0 0 0 0 0 0 0 1 0 0
40	1	0 0 0 1 0 1 0 1 0 0 1 1 0 0 1 0 1 0 0 0
40	1	0 0 0 1 0 1 0 1 0 0 0 0 0 0 1 0 1 0 0 0
40	1	1 1 0 1 1 1 0 1 0 0 1 1 0 1 1 0 1 0 0 0
40	1	0 0 1 0 1 0 0 1 1 1 1 1 0 1 1 0 0 0 0 0
40	1	1 1 0 1 0 0 0 0 0 0 1 1 0 0 1 1 0 0 0 1
40	1	1 0 0 1 0 1 0 1 0 0 1 0 0 1 1 0 1 0 0 0
40	1	1 1 0 1 0 0 0 0 0 1 1 1 0 0 1 1 0 0 0 0
40	1	0 0 0 0 1 0 0 1 0 0 1 0 0 0 0 0 0 1 0 0
50	3	0 0 1 0 1 0 0 0 0 0 0 1 0 0 0 0 0 0 0 1
50	9	0 0 0 1 0 1 0 1 0 0 1 1 0 1 1 0 1 0 0 0
50	1	1 1 0 1 0 0 0 0 0 1 1 1 0 0 0 1 0 0 0 1
50	1	0 0 0 0 1 0 0 0 0 0 0 0 0 0 0 0 0 1 0 0
50	3	1 1 0 1 0 1 0 1 0 0 1 1 0 1 1 0 1 0 0 0
50	1	0 0 1 1 0 1 0 1 0 0 1 1 0 1 1 0 1 0 0 0
50	2	0 0 0 1 0 1 0 1 0 0 1 1 0 1 1 0 0 0 0 0
50	1	0 1 0 1 0 1 0 1 0 0 1 1 0 1 1 0 1 0 0 0
50	1	0 0 0 1 0 1 0 1 0 0 1 1 0 1 1 0 1 0 0 1
50	6	1 1 0 1 0 0 0 0 0 1 1 1 0 0 1 1 0 0 0 1
50	2	0 0 1 1 1 0 0 0 0 0 0 0 0 0 0 0 0 1 0 0
50	5	0 0 0 1 0 1 0 1 0 0 0 0 0 1 1 0 1 0 0 0
50	1	0 0 0 1 0 1 0 0 0 0 0 1 0 1 1 0 1 0 0 0
50	2	1 1 0 1 0 0 0 0 0 1 1 1 0 0 1 1 0 1 0 0
50	2	0 0 0 1 0 1 0 1 0 0 1 1 0 1 1 1 0 0 0 1
50	1	1 1 0 1 0 0 0 0 0 1 1 1 0 0 1 1 0 0 0 0
50	2	0 0 0 1 1 0 0 0 0 0 0 0 0 0 0 1 0 0 0 0
50	1	0 0 0 1 0 1 0 1 0 1 1 1 0 1 1 0 0 0 1 0
50	1	0 0 0 0 0 1 0 1 0 0 1 1 0 1 0 0 0 0 0 0
50	1	0 0 0 1 0 1 0 1 0 0 1 1 1 1 1 0 1 0 0 1
50	1	0 0 0 1 1 1 0 0 0 0 0 0 0 0 1 0 1 0 0 1
50	1	0 0 0 1 0 1 0 0 0 1 1 1 0 0 1 0 0 0 0 1
50	1	0 0 0 0 1 0 0 0 0 1 0 1 0 0 0 0 0 0 0 0
50	1	0 0 1 0 1 0 0 0 0 0 0 1 0 1 1 1 0 1 0 1
60	3	0 0 0 1 0 1 0 1 0 0 1 1 0 1 1 0 1 0 0 0
60	2	1 1 0 1 0 0 0 0 0 1 1 1 0 0 0 1 0 0 0 1
60	1	0 0 0 0 1 0 0 0 0 0 0 0 0 0 0 0 0 1 0 0
60	3	1 1 0 1 0 1 0 1 0 0 1 1 0 1 1 0 1 0 0 0
60	1	0 0 1 1 0 1 0 1 0 0 1 1 0 1 1 0 1 0 0 0
60	2	0 0 0 1 0 1 0 1 0 0 1 1 0 1 1 0 1 0 0 1
60	1	0 0 0 0 1 0 0 0 0 0 0 0 0 0 0 0 0 0 0 0
60	3	0 0 0 1 0 1 0 1 1 0 1 1 0 1 1 0 1 0 0 0
60	1	0 0 0 0 1 0 0 0 1 0 1 1 0 0 0 1 0 0 0 1
60	8	1 1 0 1 0 0 0 0 0 1 1 1 0 0 1 1 0 0 0 1
60	4	0 0 0 1 0 1 0 1 0 0 0 0 0 1 1 0 1 0 0 0
60	1	0 0 0 0 1 0 0 1 1 0 0 0 0 0 0 0 0 0 0 0
60	2	1 0 0 1 0 1 0 1 0 0 1 1 0 1 1 0 1 0 0 0
60	1	0 1 0 1 0 0 0 0 0 1 1 1 0 0 1 1 0 1 0 0
60	1	0 0 0 1 0 1 0 1 0 0 1 0 0 1 1 0 1 0 0 0
60	1	1 1 1 1 0 0 0 0 0 1 1 1 0 1 1 0 1 0 0 0
60	4	0 0 0 0 1 0 1 0 0 0 0 0 0 1 1 0 0 0 0 0
60	1	0 0 0 1 0 1 0 1 0 0 0 0 0 1 1 1 1 0 0 0
60	1	0 0 1 0 1 0 0 1 1 1 1 1 0 1 1 0 1 0 0 1
60	2	0 0 0 0 1 0 0 0 0 0 1 0 0 0 0 0 0 1 0 0
60	1	1 1 0 1 0 0 0 0 0 1 1 1 0 0 1 1 1 0 0 1
60	1	1 1 0 1 0 0 0 1 0 0 1 1 0 1 1 0 1 0 0 0
60	1	0 0 0 1 0 1 0 1 0 0 1 0 0 1 1 1 1 0 0 1
60	1	0 0 1 0 1 0 0 0 0 0 1 1 0 1 0 0 0 0 0 1
60	1	1 0 1 1 1 0 0 0 1 0 0 0 0 0 0 0 0 0 0 0
60	1	1 1 0 0 0 0 0 0 0 1 1 1 0 0 1 1 0 1 0 1
60	1	0 0 0 1 1 0 0 0 0 0 0 0 0 0 0 0 0 0 0 1
70	3	0 0 0 1 0 1 0 1 0 0 1 1 0 1 1 0 1 0 0 0
70	2	0 0 1 1 0 1 0 1 0 0 1 1 0 1 1 0 1 0 0 0
70	2	0 0 0 1 0 1 0 1 0 0 1 1 1 1 1 0 1 0 0 0
70	1	0 0 0 1 0 1 0 1 1 0 1 1 0 1 1 0 1 0 0 0
70	6	1 1 0 1 0 0 0 0 0 1 1 1 0 0 1 1 0 0 0 1
70	1	0 0 1 1 1 0 0 0 0 0 0 0 0 0 0 0 0 1 0 0
70	3	0 0 0 1 0 1 0 1 0 0 0 0 0 1 1 0 1 0 0 0
70	7	1 1 0 1 0 0 0 0 0 1 1 1 0 0 1 1 0 1 0 0
70	2	0 0 0 0 1 0 0 1 1 0 0 0 0 0 0 0 0 0 0 0
70	2	1 0 0 1 0 1 0 0 0 0 1 1 0 1 1 0 0 1 0 0
70	1	0 0 0 1 1 0 0 0 0 0 0 0 0 0 0 1 0 0 0 0
70	1	1 0 0 1 0 1 0 1 0 0 1 1 0 1 1 0 1 0 0 0
70	1	0 1 0 1 0 0 0 0 0 1 1 1 0 0 1 1 0 1 0 0
70	2	0 0 1 0 1 0 0 1 1 1 1 1 0 1 1 0 1 0 0 1
70	1	1 1 0 1 0 0 0 0 0 0 1 1 1 1 1 0 1 0 0 0
70	1	1 1 0 1 0 1 0 1 0 0 1 0 0 1 1 0 1 0 0 0
70	1	1 1 0 1 0 0 0 0 0 0 1 1 0 0 1 0 0 0 0 0
70	3	1 1 0 1 0 1 0 0 0 1 1 1 0 0 1 1 0 1 0 1
70	1	0 0 0 1 0 1 0 1 1 0 1 1 0 1 1 1 0 0 0 1
70	1	1 1 0 0 0 0 0 0 0 1 1 1 0 0 1 1 0 0 0 1
70	1	1 1 1 1 0 0 0 0 0 0 1 1 0 1 1 0 0 1 0 0
70	1	1 0 0 0 1 1 0 1 0 1 0 1 0 1 1 0 1 0 0 0
70	1	1 1 0 1 0 1 0 0 0 1 1 1 0 0 1 1 0 1 0 0
70	1	0 0 0 1 0 1 0 0 0 0 1 1 0 1 1 0 1 0 0 0
70	1	1 0 1 1 0 0 0 0 0 0 0 0 0 0 1 1 0 1 0 0
70	1	0 0 0 1 1 0 0 0 0 1 0 1 0 1 1 0 1 0 0 0
70	1	1 1 0 0 1 0 0 1 1 0 0 0 0 0 0 0 0 0 0 0
70	1	1 1 0 1 0 0 0 0 0 1 1 0 0 0 1 1 0 1 0 0
80	3	0 0 0 1 0 1 0 1 0 0 1 1 0 1 1 0 1 0 0 0
80	1	1 1 0 1 0 1 0 1 0 0 1 1 0 1 1 0 1 0 0 0
80	1	0 0 0 1 0 1 0 1 0 0 1 1 0 1 1 0 1 0 0 1
80	1	0 0 0 0 1 0 0 0 0 0 0 0 0 0 0 0 0 0 0 0
80	5	1 1 0 1 0 0 0 0 0 1 1 1 0 0 1 1 0 0 0 1
80	2	0 0 0 1 0 1 0 1 0 0 0 0 0 1 1 0 1 0 0 0
80	1	1 1 0 1 0 0 0 0 0 1 1 1 0 0 1 1 0 1 0 0
80	3	1 0 0 1 0 1 0 1 0 0 1 1 0 1 1 0 1 0 0 0
80	1	0 1 0 1 0 0 0 0 0 1 1 1 0 0 1 1 0 1 0 0
80	2	1 0 0 0 1 0 0 0 0 0 0 0 0 0 0 0 0 1 0 0
80	1	0 0 0 1 1 1 0 0 0 0 0 0 0 0 0 0 0 1 1 0
80	1	0 0 0 1 0 1 0 1 0 0 1 0 0 1 1 1 1 0 0 1
80	2	1 0 0 1 0 1 0 1 0 0 1 0 0 1 1 0 0 0 0 0
80	2	1 1 0 0 0 0 0 0 0 1 1 1 0 0 1 1 0 0 0 1
80	2	0 0 1 0 1 0 0 0 0 0 1 1 0 0 0 0 0 1 0 1
80	3	0 1 0 1 0 0 0 0 0 0 0 0 0 0 0 1 0 0 0 1
80	2	1 1 0 1 0 0 0 0 0 1 0 1 0 0 0 0 0 0 0 0
80	1	1 1 0 1 0 0 1 0 0 1 1 1 0 0 1 1 0 1 0 0
80	1	0 1 0 1 0 0 0 0 0 1 1 0 0 0 1 1 0 1 0 0
80	1	1 1 0 0 1 0 0 1 1 0 0 0 0 0 0 0 0 0 0 0
80	1	0 0 0 1 1 0 1 0 0 0 0 0 0 0 0 1 0 0 0 1
80	1	0 0 0 1 1 0 0 0 0 0 0 1 0 0 0 1 0 0 0 0
80	1	1 1 0 0 1 0 1 0 0 0 0 0 0 1 1 0 0 0 0 0
80	1	0 0 0 1 1 0 0 0 0 0 1 0 0 1 1 0 1 0 0 0
80	1	0 0 0 1 1 0 0 1 0 0 1 1 0 1 1 0 1 0 0 0
80	1	0 0 0 0 1 0 0 0 0 1 1 1 0 0 1 1 0 1 0 1
80	1	0 0 0 1 0 0 0 1 0 0 0 0 0 1 0 0 1 0 0 0
80	1	0 0 0 1 1 0 0 1 1 0 0 0 0 0 0 0 0 0 0 0
80	1	0 0 0 1 0 1 0 1 0 0 1 1 0 0 0 0 1 0 0 0
80	1	1 1 0 1 0 1 0 1 0 1 1 1 0 1 1 0 1 0 0 1
80	1	0 1 0 1 0 0 0 0 0 1 1 1 1 0 1 1 1 1 0 0
80	1	1 1 0 1 0 1 0 0 0 1 0 1 0 0 1 1 0 0 0 1
80	1	1 1 0 1 0 1 0 1 0 0 1 1 0 1 1 0 0 1 0 1
80	1	0 1 0 1 0 0 0 0 0 1 1 1 0 0 1 1 0 0 0 1
90	1	0 0 0 1 0 1 0 1 0 0 1 1 0 1 1 0 1 0 0 1
90	7	1 1 0 1 0 0 0 0 0 1 1 1 0 0 1 1 0 0 0 1
90	2	0 0 0 1 0 1 0 1 0 0 0 0 0 1 1 0 1 0 0 0
90	3	1 0 0 1 0 1 0 1 0 0 1 1 0 1 1 0 1 0 0 0
90	2	0 0 0 1 0 1 1 1 0 0 1 1 0 0 1 0 1 0 0 0
90	2	1 1 0 1 0 0 0 0 0 1 1 1 0 0 1 0 0 1 0 0
90	2	1 0 1 1 1 0 0 0 0 0 0 0 0 0 0 0 0 0 0 0
90	1	1 1 0 1 0 1 0 1 0 0 1 0 0 1 1 0 1 0 0 0
90	1	0 0 0 1 1 1 0 0 0 0 0 0 0 0 0 0 0 1 1 0
90	1	0 0 0 1 0 1 0 1 1 0 1 1 0 0 1 0 1 0 0 0
90	1	1 1 0 1 0 0 0 0 1 0 1 1 1 1 1 0 1 0 0 0
90	1	1 1 0 1 0 1 0 0 0 1 1 1 0 0 1 1 0 1 1 1
90	2	0 0 0 1 1 0 1 0 0 0 0 0 0 0 0 1 0 0 0 1
90	2	0 1 1 1 0 1 0 1 0 0 1 1 0 1 1 0 0 0 0 0
90	2	1 1 0 1 0 0 0 0 0 1 1 1 0 1 1 0 0 0 0 0
90	2	1 1 0 1 0 0 0 0 0 1 1 1 0 0 1 1 0 1 0 1
90	1	0 0 0 1 1 0 0 0 0 0 1 0 0 1 1 0 1 0 0 0
90	2	0 1 1 0 1 0 0 0 0 0 1 1 0 0 0 0 0 1 0 1
90	1	1 0 0 1 0 0 0 0 0 1 1 1 0 0 1 1 0 0 0 1
90	1	1 1 0 1 0 0 0 1 0 0 1 1 0 1 1 0 1 0 0 1
90	1	1 0 0 1 0 1 0 0 0 1 1 1 0 1 1 0 0 1 0 0
90	1	1 1 0 1 0 1 0 1 0 1 1 1 0 1 1 0 1 0 0 1
90	1	1 1 0 1 1 1 0 1 0 0 1 1 0 1 1 0 1 0 0 0
90	1	0 0 1 1 1 0 0 0 0 0 0 0 0 0 0 1 0 0 0 0
90	1	1 1 0 1 0 0 0 1 0 1 0 1 0 0 0 0 0 0 0 0
90	1	0 1 0 1 0 0 0 0 0 1 0 0 0 0 1 1 0 1 0 0
90	2	1 1 0 1 0 1 0 0 0 0 1 1 0 1 1 0 1 0 0 0
90	1	1 0 0 0 0 1 0 0 0 1 1 1 0 1 1 0 0 1 0 0
90	1	1 1 0 1 0 1 0 0 0 1 1 1 0 0 1 1 0 0 0 1
90	1	1 1 0 1 0 1 0 1 0 1 1 1 0 1 1 0 0 1 0 0
90	1	0 1 0 1 1 0 0 0 0 0 0 0 0 0 0 1 0 0 0 0
90	1	0 0 0 1 1 0 0 0 0 0 1 1 0 1 1 0 1 0 0 0
100	1	1 1 0 1 0 1 0 1 0 0 1 1 0 1 1 0 1 0 0 0
100	3	1 1 0 1 0 0 0 0 0 1 1 1 0 0 1 1 0 0 0 1
100	1	0 0 0 1 0 1 0 1 0 0 0 0 0 1 1 0 1 0 0 0
100	5	0 0 0 0 1 0 0 1 1 0 0 0 0 0 0 0 0 0 0 0
100	1	1 1 0 1 0 0 0 0 0 1 1 1 0 0 1 0 0 1 0 0
100	2	0 0 1 0 1 0 0 1 1 1 1 1 0 1 1 0 1 0 0 1
100	4	1 1 0 1 0 0 0 0 0 1 1 0 0 0 1 1 0 0 0 1
100	3	1 1 0 1 0 0 0 0 0 1 1 1 0 0 1 0 0 0 0 0
100	1	1 1 0 1 0 0 0 0 0 0 1 1 0 0 1 0 0 0 0 0
100	2	0 0 0 1 0 1 0 1 1 0 1 1 0 0 1 0 1 0 0 0
100	1	0 0 0 1 1 0 1 0 0 0 0 0 0 0 0 1 0 0 0 1
100	1	1 1 0 1 0 0 0 0 0 1 1 1 0 1 1 0 0 0 0 0
100	1	1 1 0 1 0 1 0 0 0 0 1 1 0 1 1 0 1 0 0 0
100	1	1 1 0 1 0 0 0 0 0 1 1 0 0 0 1 0 1 1 1 0
100	1	1 1 0 1 0 0 0 0 0 0 1 0 0 0 1 0 0 0 0 0
100	1	0 1 1 1 0 1 0 1 0 0 0 1 0 1 1 0 0 0 0 0
100	3	1 1 0 1 0 0 1 0 0 1 1 1 0 0 1 1 0 0 0 1
100	3	1 1 0 1 0 0 0 0 0 1 1 0 0 0 1 1 0 1 0 0
100	1	0 0 0 1 0 1 0 1 0 0 1 1 0 0 1 0 0 1 0 0
100	1	1 1 0 1 0 0 0 0 1 1 1 1 0 0 1 0 0 1 0 0
100	1	1 1 0 1 0 0 0 0 0 1 1 1 0 1 1 0 0 1 0 0
100	1	0 1 0 1 0 1 0 1 0 0 1 1 0 0 1 0 1 0 0 1
100	1	0 1 1 1 0 1 0 1 0 0 0 1 0 1 1 0 0 0 0 1
100	1	1 1 0 1 0 0 0 0 0 1 1 0 0 0 1 0 0 0 0 1
100	1	0 1 0 1 0 1 0 0 0 0 1 1 0 1 1 0 1 0 0 0
100	1	0 1 1 0 0 0 0 0 0 1 1 1 0 0 1 1 0 1 0 0
100	1	1 0 1 1 1 0 0 0 0 0 0 0 0 0 1 0 1 0 0 1
100	1	1 1 0 1 0 0 0 0 0 0 1 1 0 1 1 0 1 0 1 0
100	1	1 1 0 1 0 0 0 0 0 1 0 0 0 0 0 0 0 0 0 1
100	1	1 1 1 1 0 0 0 0 0 1 1 1 0 0 1 1 0 1 0 0
100	1	0 1 0 0 0 1 0 1 0 0 1 1 0 0 1 0 1 0 0 1
100	1	0 1 0 1 0 0 0 0 0 0 1 1 0 1 1 0 1 0 0 0
100	1	0 1 0 1 0 0 0 1 0 1 1 1 0 1 1 0 0 0 0 0
110	1	1 1 0 1 0 0 0 0 0 1 1 1 0 0 1 1 0 0 0 1
110	1	1 1 0 1 0 0 0 0 0 1 1 1 0 0 1 1 0 1 0 0
110	1	0 0 0 0 1 0 0 1 1 0 0 0 0 0 0 0 0 0 0 0
110	1	1 1 0 1 0 0 0 0 0 1 1 1 0 0 1 0 0 0 0 1
110	5	1 1 0 1 0 0 0 0 0 1 1 0 0 0 1 1 0 0 0 1
110	9	1 1 0 1 0 0 0 0 0 1 1 1 0 0 1 0 0 0 0 0
110	2	1 1 0 1 0 0 0 0 0 0 1 1 0 0 1 0 0 0 0 0
110	1	1 1 0 1 0 0 1 0 0 1 1 1 0 0 1 1 0 1 0 0
110	1	1 1 0 1 0 0 0 0 1 0 1 1 1 1 1 0 1 0 0 0
110	1	1 1 0 1 0 0 0 0 0 1 0 1 0 0 1 1 0 0 0 1
110	2	1 1 0 1 0 1 0 1 0 0 1 1 0 0 1 0 1 0 0 0
110	1	1 1 0 1 0 1 0 0 0 1 1 1 0 0 1 1 0 0 0 1
110	1	0 1 0 0 0 0 0 0 0 1 1 1 0 0 1 1 0 1 0 0
110	1	1 1 0 1 0 0 0 0 0 1 1 0 0 0 1 1 0 1 0 0
110	1	1 1 0 1 0 0 0 0 0 0 1 1 0 1 1 0 1 0 0 0
110	1	1 1 0 1 0 1 0 0 0 1 1 1 0 0 1 1 0 0 0 0
110	2	1 1 0 1 0 1 0 1 0 1 1 1 0 1 1 0 0 0 0 1
110	1	1 1 0 1 0 0 0 0 0 0 1 1 0 0 1 1 0 1 0 1
110	2	0 0 1 1 1 0 1 0 0 0 0 0 0 0 0 1 0 0 0 1
110	1	1 1 0 1 0 1 0 1 0 0 1 1 0 1 1 0 0 0 0 0
110	2	1 1 0 1 0 0 0 0 0 1 1 0 0 0 1 0 0 0 0 1
110	1	0 1 0 1 0 0 0 1 0 1 1 1 0 1 1 0 0 0 0 0
110	1	1 1 0 1 0 0 0 0 0 1 1 1 0 0 0 1 0 0 0 1
110	1	1 1 0 1 0 0 0 0 0 1 1 1 0 0 1 0 1 0 0 0
110	1	1 1 0 1 0 0 0 0 1 0 1 1 0 1 1 0 1 0 0 0
110	1	1 1 0 0 1 0 0 1 1 0 0 0 0 0 0 0 0 0 1 0
110	1	1 1 0 1 0 0 0 0 0 1 1 1 0 0 1 1 0 0 0 0
110	1	1 1 0 1 0 1 0 1 0 0 0 0 0 1 1 0 1 0 0 1
110	2	1 1 0 0 1 1 0 0 0 1 1 1 0 0 1 1 0 1 0 0
110	1	1 1 0 1 0 0 0 0 0 1 0 1 0 1 1 1 0 0 0 1
110	1	1 1 0 1 0 0 0 0 0 1 1 0 0 0 0 1 0 0 0 1
110	1	1 1 0 0 1 1 0 0 0 0 0 0 0 0 1 0 0 1 0 1
120	1	1 1 0 1 0 0 0 0 0 1 1 1 0 0 1 1 0 0 0 1
120	1	0 0 0 0 1 0 0 1 1 0 0 0 0 0 0 0 0 0 0 0
120	1	1 1 0 1 0 0 0 0 0 1 1 1 0 0 1 0 0 1 0 0
120	1	1 1 0 1 0 0 0 0 0 1 1 0 0 0 1 1 0 0 0 1
120	4	1 1 0 1 0 0 0 0 0 1 1 1 0 0 1 0 0 0 0 0
120	1	0 0 0 1 0 1 0 1 1 0 1 1 0 0 1 0 1 0 0 0
120	3	1 1 0 1 0 0 1 0 0 1 1 1 0 0 1 1 0 1 0 0
120	2	1 1 0 1 0 0 0 0 0 1 1 1 0 1 1 0 0 0 0 0
120	1	1 1 0 1 0 1 0 1 0 0 1 1 0 0 1 0 1 0 0 0
120	1	1 1 0 1 0 1 0 0 0 1 1 1 0 0 1 1 0 0 0 1
120	3	1 1 0 1 0 0 0 0 0 0 1 0 0 0 1 0 0 0 0 0
120	1	1 1 0 1 0 0 0 0 0 1 1 0 0 0 1 1 0 1 0 0
120	3	1 1 0 1 0 1 0 0 0 1 1 1 0 0 1 1 0 0 0 0
120	3	1 1 0 1 0 1 0 1 0 1 1 1 0 1 1 0 0 0 0 1
120	2	1 1 0 1 0 1 0 1 0 0 1 1 0 1 1 0 0 0 0 0
120	3	0 1 1 1 0 1 0 1 0 0 0 1 0 1 1 0 0 0 0 1
120	1	0 1 0 1 0 0 0 0 0 1 1 1 0 1 1 0 0 0 0 0
120	1	1 1 0 1 0 0 0 0 0 1 1 1 0 0 1 0 0 0 1 0
120	1	0 1 1 1 0 0 0 0 0 1 1 1 0 0 1 0 0 1 0 0
120	1	0 0 0 1 0 0 0 0 0 1 1 1 0 0 1 0 0 1 0 0
120	1	1 1 0 1 0 0 0 1 0 0 1 1 0 1 1 0 0 1 0 0
120	1	1 1 0 1 0 0 0 0 0 1 1 1 0 0 1 0 1 0 0 0
120	1	1 1 0 1 0 0 0 0 0 0 1 0 0 0 1 0 1 0 0 0
120	1	1 1 0 1 0 0 0 0 1 0 1 1 0 1 1 0 1 0 0 0
120	1	1 1 1 1 0 0 0 0 0 1 1 1 0 1 1 0 0 0 0 0
120	1	1 1 0 1 0 0 0 0 0 0 1 0 0 0 1 0 0 0 0 1
120	2	1 1 0 1 0 1 0 0 0 1 1 1 0 1 1 1 0 0 0 0
120	1	1 1 0 1 0 0 0 0 0 1 0 1 0 0 0 1 0 0 0 1
120	1	1 1 0 1 0 0 0 0 0 1 1 1 0 0 0 1 0 1 0 1
120	1	0 0 1 1 1 0 1 0 0 0 0 0 0 0 1 1 0 1 0 0
120	1	1 1 0 1 0 1 0 1 0 1 1 1 0 0 1 1 0 0 0 1
120	1	1 0 0 1 0 1 0 0 0 1 1 1 0 0 1 1 0 1 0 0
120	1	1 1 0 1 0 0 0 0 1 1 1 1 0 0 1 0 0 1 0 0
120	1	1 1 0 0 0 0 0 0 0 1 1 0 0 0 1 1 0 1 0 0
130	1	1 1 0 1 0 0 0 0 0 1 1 1 0 0 1 1 0 0 0 1
130	1	1 1 0 1 0 0 0 0 0 1 1 0 0 0 1 1 0 0 0 1
130	10	1 1 0 1 0 0 0 0 0 1 1 1 0 0 1 0 0 0 0 0
130	1	1 1 0 1 0 0 1 0 0 1 1 1 0 0 1 1 0 1 0 0
130	1	1 1 0 1 0 0 0 0 0 1 1 1 0 1 1 0 0 0 0 0
130	1	1 1 0 1 0 1 0 0 0 1 1 1 0 0 1 1 0 0 0 1
130	1	1 1 0 1 0 0 0 0 0 0 1 0 0 0 1 0 0 0 0 0
130	1	1 1 0 1 0 0 0 0 0 1 1 0 0 0 1 1 0 1 0 0
130	3	1 1 0 1 0 1 0 1 0 1 1 1 0 1 1 0 0 0 0 1
130	2	1 1 0 1 0 1 0 1 0 0 1 1 0 1 1 0 0 0 0 0
130	1	1 1 0 1 1 0 0 0 0 1 1 1 0 0 1 1 0 0 0 1
130	2	1 1 0 1 0 0 0 1 0 0 1 1 0 1 1 0 0 1 0 0
130	1	1 1 0 1 0 0 0 0 0 1 1 1 0 0 1 0 1 0 0 0
130	1	1 1 1 1 0 0 0 0 0 1 1 1 0 1 1 0 0 0 0 0
130	2	1 1 0 1 0 0 0 1 0 1 1 1 0 1 1 0 0 0 0 0
130	1	1 1 0 0 1 1 0 0 0 0 0 0 0 0 1 0 0 1 0 1
130	2	1 1 0 1 0 0 0 0 0 1 0 1 0 0 0 1 0 0 0 1
130	2	1 1 0 1 0 1 0 1 0 0 1 1 0 0 1 1 0 0 0 1
130	1	0 1 0 1 0 0 0 1 0 1 1 1 0 1 1 0 1 0 0 0
130	1	0 1 1 1 0 0 0 0 0 1 1 1 0 1 1 0 0 0 0 0
130	1	1 1 0 1 0 0 0 0 0 1 1 1 0 1 1 1 0 0 0 0
130	1	1 1 0 1 0 1 0 1 0 1 1 1 0 0 1 1 0 0 0 1
130	3	0 1 0 1 0 0 0 0 0 0 1 0 0 0 1 0 0 0 0 0
130	1	0 1 1 1 0 0 0 0 0 1 1 1 0 0 1 1 0 0 0 1
130	1	1 1 0 1 0 1 0 1 0 0 1 1 0 0 1 1 0 1 0 0
130	1	1 1 0 1 0 0 0 1 0 1 1 1 0 0 1 1 0 0 0 1
130	1	1 1 0 1 0 0 0 0 0 0 1 1 1 0 1 1 0 1 0 1
130	1	1 1 0 1 0 0 0 0 0 1 1 1 0 0 1 1 0 0 0 0
130	1	0 1 1 1 0 1 0 0 0 1 1 1 0 0 1 1 0 0 0 0
130	1	0 0 0 1 0 1 0 1 1 0 1 0 0 0 1 0 1 0 0 0
130	1	0 1 0 1 0 0 0 0 0 1 1 0 0 0 1 1 0 1 0 0
130	1	1 1 0 1 0 0 0 0 0 1 1 0 1 0 1 1 0 1 0 0
140	2	1 1 0 1 0 0 0 0 0 1 1 1 0 0 1 0 0 1 0 0
140	1	1 1 0 1 0 0 0 0 0 1 1 0 0 0 1 1 0 0 0 1
140	1	1 1 0 1 0 0 0 0 0 1 1 1 0 0 1 0 0 0 0 0
140	3	1 1 0 1 0 0 1 0 0 1 1 1 0 0 1 1 0 1 0 0
140	1	1 1 0 1 0 0 0 0 1 0 1 1 1 1 1 0 1 0 0 0
140	2	1 1 0 1 0 0 0 0 0 1 1 1 0 1 1 0 0 0 0 0
140	1	1 1 0 1 0 0 0 0 0 0 1 0 0 0 1 0 0 0 0 0
140	2	1 1 0 1 0 0 0 0 0 1 1 0 0 0 1 1 0 1 0 0
140	2	0 0 1 1 1 0 1 0 0 0 0 0 0 0 0 1 0 0 0 1
140	2	1 1 0 1 0 1 0 1 0 0 1 1 0 1 1 0 0 0 0 0
140	2	1 1 1 1 0 0 0 0 0 1 1 1 0 1 1 0 0 0 0 0
140	1	1 1 0 0 0 0 0 0 0 1 1 1 0 0 1 0 1 0 0 0
140	2	1 1 1 1 0 0 0 0 0 1 1 1 0 0 1 1 0 0 0 0
140	1	1 1 0 1 0 0 1 1 0 1 1 1 0 0 1 1 0 0 0 1
140	3	0 1 0 1 0 0 0 0 0 1 1 1 0 1 1 0 1 0 0 0
140	2	1 1 0 1 0 1 0 1 0 0 1 1 0 0 1 1 0 0 0 1
140	1	1 1 0 1 0 0 0 0 0 0 1 0 0 0 1 0 0 1 0 1
140	2	0 1 0 1 0 0 0 0 0 0 1 0 0 0 1 0 0 0 0 0
140	1	1 1 0 1 0 1 0 1 0 0 1 1 0 0 1 1 0 1 0 0
140	1	1 1 0 0 0 0 0 0 0 1 1 0 0 0 1 0 0 0 0 1
140	1	0 1 0 0 0 0 0 1 0 1 1 1 0 1 1 0 1 0 0 0
140	1	1 1 1 1 0 0 1 0 0 1 1 1 0 0 1 0 0 0 0 0
140	1	1 1 1 1 0 0 0 0 0 1 0 1 0 1 1 0 0 0 0 0
140	1	0 1 0 1 0 1 0 1 0 1 1 1 0 1 1 0 0 0 0 1
140	1	1 0 1 1 0 0 0 0 0 1 1 1 0 0 1 0 0 0 0 0
140	1	1 1 0 1 0 0 1 0 0 1 1 1 0 0 1 0 0 0 0 0
140	1	1 1 0 1 0 0 0 0 0 1 1 1 1 1 1 0 1 0 0 0
140	1	1 1 0 1 1 0 0 0 0 1 1 1 0 0 1 0 0 0 0 0
140	1	1 1 0 1 0 0 0 0 0 1 1 0 0 0 1 1 0 0 0 0
140	1	0 0 0 0 1 1 0 1 0 0 1 1 0 1 1 0 0 0 0 0
140	1	1 1 0 1 0 0 1 0 0 0 1 1 0 0 1 1 0 1 0 0
140	2	1 1 0 1 0 0 0 0 0 1 1 0 0 1 1 1 0 1 0 0
140	1	0 0 0 1 0 1 1 1 0 0 1 1 0 0 1 0 1 0 0 1
140	1	1 1 0 1 0 0 0 0 0 1 1 1 1 0 1 0 0 0 0 0
140	1	0 1 0 1 0 0 0 0 0 1 1 0 0 0 1 1 0 0 0 1
140	1	1 1 1 1 0 1 0 0 0 1 1 1 0 0 1 1 0 1 0 1
150	1	1 1 0 1 0 0 0 0 0 1 1 0 0 0 1 1 0 0 0 1
150	6	1 1 0 1 0 0 0 0 0 1 1 1 0 0 1 0 0 0 0 0
150	1	0 0 0 1 0 1 0 1 1 0 1 1 0 0 1 0 1 0 0 0
150	1	1 1 0 1 0 0 1 0 0 1 1 1 0 0 1 1 0 1 0 0
150	2	1 1 0 1 0 0 0 0 0 1 1 1 0 1 1 0 0 0 0 0
150	1	1 1 0 1 0 0 0 0 0 1 1 0 0 0 1 1 0 1 0 0
150	2	1 1 0 1 0 1 0 1 0 1 1 1 0 1 1 0 0 0 0 1
150	2	1 1 0 1 0 1 0 1 0 0 1 1 0 1 1 0 0 0 0 0
150	1	1 1 1 1 0 0 0 0 0 1 1 1 0 0 1 1 0 0 0 1
150	1	1 1 0 1 1 0 0 0 0 1 1 1 0 0 1 1 0 0 0 1
150	2	1 1 1 1 0 0 0 0 0 1 1 1 0 1 1 0 0 0 0 0
150	1	1 1 1 1 0 0 0 0 0 1 1 1 0 0 1 1 0 0 0 0
150	3	1 1 0 1 0 1 0 1 0 0 1 1 0 0 1 1 0 0 0 1
150	1	1 1 0 1 0 1 0 1 0 1 1 1 0 1 1 0 0 0 0 0
150	2	1 1 0 1 0 0 0 0 0 0 1 1 0 0 1 0 0 0 0 0
150	1	0 0 0 0 1 0 0 1 1 0 0 0 0 1 0 0 0 0 0 1
150	1	1 0 1 1 0 0 0 0 0 1 1 1 0 0 1 0 0 0 0 0
150	2	1 1 0 1 0 0 1 0 0 1 1 1 0 0 1 0 0 0 0 0
150	1	1 1 0 1 1 0 0 0 0 1 1 1 0 0 1 0 0 0 0 0
150	1	0 1 1 1 0 0 0 0 0 1 1 1 0 0 1 1 1 0 0 0
150	1	0 0 0 0 1 1 0 1 0 0 1 1 0 1 1 0 0 0 0 0
150	1	1 1 0 1 0 0 0 0 0 1 1 1 1 0 1 0 0 0 0 0
150	1	1 1 1 1 0 0 0 0 0 1 1 1 0 1 1 0 0 0 0 1
150	2	1 1 1 1 0 0 0 0 0 1 1 0 0 0 1 1 0 0 0 1
150	1	1 1 0 1 0 0 1 0 0 0 1 1 0 0 1 1 0 0 0 0
150	1	1 1 1 1 0 0 0 0 0 1 1 0 0 0 1 1 0 1 0 1
150	1	1 1 1 1 0 0 0 0 0 0 1 1 0 0 1 0 1 0 0 0
150	1	1 1 0 1 0 0 1 1 0 1 1 0 0 0 1 0 0 0 0 0
150	1	1 0 0 1 0 0 0 0 0 1 1 1 0 0 1 0 0 0 0 0
150	2	1 1 0 1 0 0 0 0 0 1 1 1 0 1 1 1 0 0 0 0
150	1	0 1 0 1 0 1 0 1 0 0 1 1 0 0 1 1 0 0 0 1
150	1	1 1 0 1 0 0 0 0 0 1 1 0 0 0 1 1 0 1 0 1
150	1	1 1 0 1 0 0 0 0 0 0 1 1 0 0 1 0 0 0 0 1
150	1	1 1 1 1 0 0 0 1 0 0 1 1 0 1 1 0 0 1 0 1
150	1	0 1 0 1 0 1 0 1 0 1 1 1 0 0 1 1 0 0 0 0
160	1	1 1 0 1 0 0 0 0 0 1 1 1 0 0 1 1 0 0 0 1
160	3	1 1 0 1 0 0 0 0 0 1 1 0 0 0 1 1 0 0 0 1
160	5	1 1 0 1 0 0 0 0 0 1 1 1 0 0 1 0 0 0 0 0
160	2	1 1 0 1 0 0 0 0 0 1 1 1 0 1 1 0 0 0 0 0
160	1	1 1 0 1 0 1 0 1 0 0 1 1 0 1 1 0 0 0 0 0
160	3	1 1 1 1 0 0 0 0 0 1 1 1 0 1 1 0 0 0 0 0
160	3	1 1 1 1 0 0 0 0 0 1 1 1 0 0 1 1 0 0 0 0
160	1	1 1 0 1 0 0 1 1 0 1 1 1 0 0 1 1 0 0 0 1
160	1	1 1 0 1 0 1 0 1 0 0 1 1 0 0 1 1 0 0 0 1
160	1	1 1 0 1 0 0 0 0 0 0 1 0 0 0 1 0 0 1 0 1
160	1	1 0 1 1 0 0 0 0 0 1 1 1 0 0 1 0 0 0 0 0
160	1	1 1 0 1 0 0 1 0 0 1 1 1 0 0 1 0 0 0 0 0
160	3	1 1 0 1 0 1 0 0 0 1 1 0 0 0 1 0 0 0 0 1
160	2	1 1 1 1 0 0 0 0 0 1 1 1 0 1 1 0 0 0 0 1
160	1	1 1 1 1 0 0 0 0 0 1 1 0 0 0 1 0 0 0 0 0
160	2	1 1 1 1 0 0 0 0 0 1 1 1 0 0 1 0 0 0 0 0
160	2	1 1 1 0 0 0 0 0 0 1 1 1 0 1 1 0 0 0 0 0
160	1	1 1 0 1 0 0 0 0 0 1 1 1 1 1 1 0 0 0 0 0
160	1	1 1 1 1 0 0 0 0 0 1 1 0 0 0 1 1 0 0 1 1
160	1	1 1 0 1 0 0 0 0 0 1 1 1 0 0 1 1 0 0 0 0
160	1	1 1 0 1 0 0 0 0 0 1 1 1 0 0 1 0 0 0 0 1
160	1	1 1 0 1 0 0 0 0 0 1 1 0 0 0 1 1 0 0 1 1
160	1	1 1 0 1 0 1 0 0 0 1 1 1 0 1 1 0 0 0 0 0
160	1	1 1 1 1 0 0 0 0 0 1 1 1 0 0 0 1 0 0 0 0
160	2	1 1 1 0 0 0 0 0 0 1 1 0 0 0 1 0 0 0 0 0
160	2	1 1 0 1 0 0 1 1 0 1 1 1 0 1 1 0 0 0 0 0
160	1	0 0 0 1 1 0 0 1 1 0 0 0 0 0 0 0 0 1 0 1
160	2	1 1 0 0 0 0 0 0 0 1 1 1 0 0 1 1 1 0 1 1
160	1	1 1 0 1 0 1 0 0 0 0 1 0 0 0 1 0 0 0 0 1
160	1	1 1 0 1 0 0 0 0 0 1 1 0 0 0 1 1 1 0 1 1
160	1	1 1 0 1 0 0 0 0 1 1 1 0 0 0 1 1 0 1 0 1
170	5	1 1 0 1 0 0 0 0 0 1 1 1 0 0 1 0 0 0 0 0
170	2	1 1 0 1 0 1 0 1 0 0 1 1 0 1 1 0 0 0 0 0
170	5	1 1 1 1 0 0 0 0 0 1 1 1 0 1 1 0 0 0 0 0
170	1	1 1 0 0 0 0 0 0 0 1 1 1 0 0 1 0 1 0 0 0
170	3	1 1 1 1 0 0 0 0 0 1 1 1 0 0 1 1 0 0 0 0
170	1	1 1 0 1 0 0 1 1 0 1 1 1 0 0 1 1 0 0 0 1
170	1	1 1 0 1 0 0 0 0 0 0 1 1 0 0 1 0 0 0 0 0
170	2	1 1 0 1 0 1 0 0 0 1 1 0 0 0 1 0 0 0 0 1
170	1	1 1 0 1 0 0 0 0 0 1 1 1 0 1 1 0 0 0 0 1
170	2	1 1 0 1 0 0 0 1 0 1 1 1 0 1 1 0 0 0 0 0
170	3	1 1 0 1 0 0 0 1 0 0 1 1 0 1 1 0 0 1 0 1
170	1	0 1 1 1 0 0 0 0 0 0 1 0 0 0 1 0 0 0 0 0
170	2	1 1 0 1 0 0 0 0 0 1 1 1 0 1 1 1 0 0 0 0
170	1	1 1 1 0 0 0 0 0 0 1 1 1 0 1 1 0 0 0 0 0
170	3	1 1 0 1 0 0 0 0 0 1 1 1 0 0 1 1 0 0 0 0
170	1	1 1 0 1 0 0 0 0 0 1 1 1 0 0 1 0 0 0 0 1
170	1	1 1 1 1 0 0 0 0 0 1 1 1 0 0 0 1 0 0 0 0
170	2	1 1 1 0 0 0 0 0 0 1 1 0 0 0 1 0 0 0 0 0
170	1	1 0 1 1 0 0 0 0 0 1 1 1 0 0 0 0 0 0 0 1
170	1	1 1 0 1 0 1 0 1 0 0 1 1 1 1 1 0 0 0 0 0
170	1	1 1 0 1 1 0 0 0 0 1 1 0 0 0 1 1 0 0 1 1
170	1	1 0 1 0 0 0 0 0 0 1 1 0 0 0 1 0 0 0 0 0
170	1	1 1 0 1 0 0 0 0 0 0 1 0 0 0 1 0 0 0 1 0
170	1	1 1 0 1 0 0 0 0 1 1 1 1 0 0 1 0 0 0 0 0
170	1	1 1 0 1 0 0 0 0 0 1 1 1 1 0 1 1 1 0 0 1
170	1	1 1 0 1 0 0 0 0 0 1 1 1 0 0 1 0 1 0 0 0
170	1	1 1 1 0 0 0 0 0 0 1 1 0 0 0 0 0 0 0 0 0
170	1	1 1 0 1 0 0 0 0 0 1 1 0 1 0 1 0 0 1 0 0
170	2	1 1 0 1 0 0 0 0 0 1 1 1 1 0 1 0 0 0 0 0
170	1	1 1 1 1 0 0 0 0 0 1 1 0 0 0 1 1 0 1 0 1
180	5	1 1 0 1 0 0 0 0 0 1 1 1 0 0 1 0 0 0 0 0
180	5	1 1 0 1 0 0 0 0 0 1 1 1 0 1 1 0 0 0 0 0
180	2	1 1 1 1 0 0 0 0 0 1 1 1 0 1 1 0 0 0 0 0
180	1	1 1 0 0 0 0 0 0 0 1 1 1 0 0 1 0 1 0 0 0
180	5	1 1 1 1 0 0 0 0 0 1 1 1 0 0 1 1 0 0 0 0
180	2	1 1 0 1 0 0 1 1 0 1 1 1 0 0 1 1 0 0 0 1
180	1	1 1 0 1 0 0 0 0 0 0 1 1 0 0 1 0 0 0 0 0
180	3	1 1 1 1 0 0 1 0 0 1 1 1 0 0 1 0 0 0 0 0
180	4	1 1 0 1 0 0 1 0 0 1 1 1 0 0 1 0 0 0 0 0
180	2	1 1 0 1 0 1 0 0 0 1 1 0 0 0 1 0 0 0 0 1
180	1	1 1 0 1 0 0 0 0 0 1 1 1 0 1 1 0 0 0 0 1
180	1	1 1 0 1 0 0 0 1 0 1 1 1 0 1 1 0 0 0 0 0
180	1	1 1 1 0 0 0 0 0 0 1 1 1 0 1 1 0 0 0 0 0
180	1	1 1 0 1 0 0 0 0 0 1 1 0 0 0 1 1 0 1 0 1
180	2	1 1 0 1 0 0 0 0 0 1 1 1 0 0 1 1 0 0 0 0
180	1	1 1 0 1 0 0 1 1 0 1 1 1 0 1 1 0 0 0 0 0
180	1	1 1 0 1 0 0 0 0 0 1 1 0 1 0 1 1 0 1 0 0
180	2	1 1 1 1 0 0 1 0 0 1 1 1 0 0 1 0 0 1 0 1
180	1	1 0 0 1 0 0 0 0 0 1 1 1 0 0 1 0 0 0 0 0
180	1	1 1 1 1 0 0 0 0 0 1 1 1 0 0 1 0 0 0 0 0
180	1	1 1 1 1 0 1 0 0 0 1 1 1 0 0 1 0 1 0 1 1
180	1	0 0 0 1 1 0 0 1 1 0 0 0 0 0 0 0 0 1 0 0
180	1	1 1 1 1 1 0 0 0 0 1 1 1 0 1 1 0 0 0 0 0
180	2	1 1 0 1 0 0 0 0 0 0 1 0 0 0 1 0 0 0 0 0
180	1	1 1 0 1 0 0 1 0 0 1 1 1 1 1 1 0 1 0 0 0
180	1	1 1 0 1 0 0 0 0 0 1 1 1 0 0 1 0 0 0 1 0
180	1	0 0 0 1 0 0 0 0 1 1 1 1 0 0 1 0 1 0 0 0
190	1	1 1 0 1 0 0 0 0 0 1 1 1 0 0 1 0 0 0 0 0
190	3	1 1 0 1 0 0 0 0 0 1 1 1 0 1 1 0 0 0 0 0
190	1	1 1 0 1 0 1 0 1 0 1 1 1 0 1 1 0 0 0 0 1
190	5	1 1 1 1 0 0 0 0 0 1 1 1 0 1 1 0 0 0 0 0
190	1	1 1 1 1 0 0 0 0 0 1 1 1 0 0 1 1 0 0 0 0
190	2	1 1 1 1 0 0 1 0 0 1 1 1 0 0 1 0 0 0 0 0
190	2	1 1 0 1 0 0 1 0 0 1 1 1 0 0 1 0 0 0 0 0
190	1	1 1 1 1 0 0 0 0 0 1 1 1 0 1 1 0 0 0 0 1
190	1	1 1 1 0 0 0 0 0 0 1 1 1 0 1 1 0 0 0 0 0
190	1	1 1 0 1 0 0 0 0 0 1 1 1 0 0 1 1 0 0 0 0
190	1	1 1 1 1 0 0 0 0 0 1 1 1 0 0 1 0 0 0 0 1
190	2	1 1 0 1 1 0 0 0 0 1 1 0 0 0 1 1 0 0 1 1
190	1	1 1 1 1 0 1 0 0 0 1 1 1 0 0 1 1 0 0 0 0
190	2	1 1 1 1 0 0 0 0 0 1 1 1 0 0 1 0 0 0 0 0
190	1	1 1 0 1 0 0 0 0 0 1 1 1 1 0 1 0 0 0 0 0
190	2	1 1 1 1 0 0 0 0 0 0 1 1 0 1 1 0 0 0 0 0
190	1	1 1 0 1 0 0 1 0 0 1 1 1 0 0 1 1 0 0 0 0
190	1	1 1 1 1 0 0 0 0 0 1 1 1 0 0 1 1 0 0 0 1
190	1	1 1 1 1 0 0 0 1 0 1 1 1 0 0 1 0 0 0 0 0
190	1	1 1 0 1 0 0 1 1 0 1 1 1 0 1 1 0 0 1 0 0
190	1	1 1 1 1 0 0 1 0 0 0 1 1 0 1 1 0 0 0 0 0
190	2	1 1 0 1 0 1 0 0 1 1 1 0 0 0 1 1 0 0 0 0
190	2	0 1 1 1 0 1 0 0 0 0 1 0 0 0 1 0 0 0 0 0
190	5	1 1 1 1 0 1 0 0 0 1 0 1 0 0 1 1 0 0 0 0
190	1	1 1 0 1 0 0 0 1 0 1 1 1 0 1 1 0 0 0 0 1
190	1	1 1 0 1 0 0 0 0 0 1 1 1 0 1 1 0 0 0 1 0
190	1	1 1 1 1 0 0 0 0 0 0 1 1 0 1 1 0 0 0 0 1
190	1	1 1 1 1 0 0 0 0 1 1 1 1 0 0 1 0 0 0 0 0
190	1	1 1 0 1 0 0 0 0 0 1 1 1 0 1 1 0 0 1 0 0
190	1	1 1 1 1 0 0 0 0 0 0 1 0 0 0 1 0 0 0 0 0
190	1	0 1 1 1 0 0 0 0 0 1 1 1 0 0 1 1 0 0 0 0
190	1	1 1 0 1 1 0 1 0 0 1 1 1 0 0 1 1 0 0 0 0
190	1	1 1 0 1 0 1 0 0 0 0 1 0 0 0 1 0 0 0 0 0
200	5	1 1 0 1 0 0 0 0 0 1 1 1 0 1 1 0 0 0 0 0
200	2	1 1 1 1 0 0 0 0 0 1 1 1 0 1 1 0 0 0 0 0
200	1	1 1 0 0 0 0 0 0 0 1 1 1 0 0 1 0 1 0 0 0
200	1	1 1 0 1 0 0 0 0 0 0 1 1 0 0 1 0 0 0 0 0
200	1	1 1 1 1 0 0 1 0 0 1 1 1 0 0 1 0 0 0 0 0
200	2	1 1 0 1 0 0 1 0 0 1 1 1 0 0 1 0 0 0 0 0
200	1	1 1 0 1 0 1 0 0 0 1 1 0 0 0 1 0 0 0 0 1
200	1	1 1 1 1 0 0 0 0 0 1 1 1 0 1 1 0 0 0 0 1
200	1	0 1 1 1 0 0 0 0 0 0 1 0 0 0 1 0 0 0 0 0
200	2	1 1 0 1 0 0 0 0 0 1 1 1 0 0 1 1 0 0 0 0
200	1	1 1 0 1 0 1 0 0 0 1 1 0 0 0 1 0 0 0 1 1
200	1	1 1 1 1 0 0 0 0 0 0 1 1 0 1 1 0 0 0 0 0
200	3	1 1 0 1 0 1 0 0 0 1 1 0 0 0 1 1 0 0 0 0
200	1	1 1 0 1 0 0 0 0 0 1 1 1 0 0 1 0 0 0 1 0
200	2	1 1 1 1 0 0 0 1 0 1 1 1 0 0 1 0 0 0 0 0
200	1	1 1 0 1 0 0 1 1 0 1 1 1 0 1 1 0 0 1 0 0
200	1	1 1 1 1 0 0 1 0 0 0 1 1 0 1 1 0 0 0 0 0
200	1	1 1 0 1 0 0 0 0 0 0 0 1 0 1 1 0 0 0 0 0
200	2	1 1 1 1 0 1 0 0 0 1 0 1 0 0 1 1 0 0 0 0
200	1	1 1 1 1 0 1 0 0 0 1 1 1 0 0 1 1 0 0 0 1
200	1	1 1 0 1 0 0 0 0 0 0 1 1 0 0 1 1 0 0 0 0
200	1	1 1 1 0 0 0 0 0 1 1 1 1 0 1 1 0 0 0 0 0
200	1	1 1 1 1 0 1 0 1 0 1 1 1 0 0 1 0 0 0 0 0
200	1	1 1 1 1 0 0 1 0 0 1 1 1 0 0 0 0 0 0 0 0
200	1	1 1 0 1 0 0 0 0 0 1 1 1 0 0 1 1 0 1 0 0
200	3	1 1 1 1 0 1 0 0 0 1 0 1 1 1 1 0 1 0 0 0
200	1	1 1 1 0 0 1 0 0 0 1 1 1 0 1 1 0 0 0 0 0
200	2	1 1 1 1 0 1 0 0 0 1 0 1 0 0 1 0 0 0 1 0
200	1	1 1 0 1 0 0 0 1 0 1 0 1 0 0 1 1 0 0 0 0
200	1	1 1 0 1 0 0 1 1 0 1 1 1 0 1 1 0 0 0 0 0
200	1	0 1 1 1 0 1 0 0 0 1 0 1 0 0 1 1 0 0 0 0
200	1	1 1 1 0 0 0 0 0 0 1 0 1 0 0 1 1 1 0 0 0
200	1	1 1 1 1 0 0 0 1 0 1 1 1 0 1 1 0 0 0 0 0
200	1	1 1 1 1 0 0 1 0 1 1 1 1 0 0 1 0 0 1 0 1
200	1	1 1 1 1 0 1 0 1 0 1 1 1 0 1 1 0 0 0 0 1
200	1	1 1 1 1 0 0 0 0 0 1 1 1 1 1 1 0 0 0 0 0
210	3	1 1 0 1 0 0 0 0 0 1 1 1 0 1 1 0 0 0 0 0
210	2	1 1 1 1 0 0 0 0 0 1 1 1 0 1 1 0 0 0 0 0
210	2	1 1 1 1 0 0 0 0 0 1 1 1 0 0 1 1 0 0 0 0
210	4	1 1 1 1 0 0 1 0 0 1 1 1 0 0 1 0 0 0 0 0
210	6	1 1 0 1 0 0 1 0 0 1 1 1 0 0 1 0 0 0 0 0
210	1	1 1 1 0 0 0 0 0 0 1 1 1 0 1 1 0 0 0 0 0
210	2	1 1 0 1 0 0 0 0 0 1 1 1 0 0 1 1 0 0 0 0
210	1	1 1 1 1 0 0 0 0 0 1 1 1 0 0 1 0 0 0 0 0
210	2	1 1 1 1 0 0 0 0 0 0 1 1 0 1 1 0 0 0 0 0
210	1	1 1 0 1 0 1 0 0 0 1 1 0 0 0 1 1 0 0 0 0
210	3	1 1 1 1 0 0 0 1 0 1 1 1 0 0 1 0 0 0 0 0
210	2	1 1 0 1 0 0 0 0 0 0 0 1 0 1 1 0 0 0 0 0
210	1	1 1 1 1 0 1 0 0 0 1 0 1 0 0 1 1 0 0 0 0
210	1	1 1 1 1 0 1 0 0 0 1 1 1 0 0 1 1 0 0 0 1
210	1	1 1 1 1 0 1 0 1 0 1 1 1 0 0 1 0 0 0 0 0
210	1	0 1 1 1 0 0 0 0 0 0 1 0 0 1 1 0 0 0 0 0
210	1	1 1 1 1 0 1 0 0 0 1 0 1 1 1 1 0 1 0 0 0
210	1	1 1 1 0 0 1 0 0 0 1 1 1 0 1 1 0 0 0 0 0
210	1	1 1 0 1 0 1 0 1 0 1 1 1 0 1 1 1 0 0 0 1
210	2	1 1 1 1 0 1 0 0 0 1 0 1 0 0 1 0 0 0 1 0
210	3	1 1 0 1 0 0 0 1 0 1 0 1 0 0 1 1 0 0 0 0
210	1	1 1 1 1 0 0 1 0 0 0 1 1 0 1 0 0 0 0 0 0
210	1	1 1 0 1 0 1 0 0 0 1 1 0 0 1 1 0 0 0 0 0
210	1	1 1 1 1 0 0 0 0 0 1 1 1 0 1 0 0 0 0 0 0
210	1	0 1 1 1 0 0 1 0 0 1 1 1 0 0 1 0 0 0 0 0
210	2	1 1 1 1 0 1 0 0 0 1 0 1 0 0 1 0 1 0 0 0
210	1	1 1 1 1 0 1 0 0 0 0 0 1 0 0 1 0 0 0 1 0
210	1	1 1 0 0 0 0 0 0 0 1 0 1 0 0 1 1 1 0 0 0
210	1	1 1 0 1 0 1 0 0 0 1 1 1 0 0 1 1 0 0 0 0
220	1	1 1 0 1 0 0 0 0 0 1 1 1 0 0 1 0 0 0 0 0
220	6	1 1 0 1 0 0 0 0 0 1 1 1 0 1 1 0 0 0 0 0
220	2	1 1 1 1 0 0 0 0 0 1 1 1 0 1 1 0 0 0 0 0
220	2	1 1 1 1 0 0 1 0 0 1 1 1 0 0 1 0 0 0 0 0
220	1	1 1 0 1 0 0 1 0 0 1 1 1 0 0 1 0 0 0 0 0
220	1	1 1 1 0 0 0 0 0 0 1 1 1 0 1 1 0 0 0 0 0
220	2	1 1 0 1 0 0 0 0 1 1 1 1 0 0 1 0 0 0 0 0
220	2	1 1 1 1 0 0 0 0 0 0 1 1 0 1 1 0 0 0 0 0
220	1	1 1 1 1 0 0 0 0 0 1 1 1 0 0 1 1 0 0 0 1
220	5	1 1 1 1 0 0 0 1 0 1 1 1 0 0 1 0 0 0 0 0
220	2	1 1 0 1 0 0 0 0 0 0 0 1 0 1 1 0 0 0 0 0
220	1	1 1 0 1 1 1 0 0 0 1 1 0 0 0 1 1 0 0 1 1
220	3	1 1 1 1 0 1 0 0 0 1 0 1 1 1 1 0 1 0 0 0
220	1	1 1 1 0 0 1 0 0 0 1 1 1 0 1 1 0 0 0 0 0
220	1	1 1 0 1 0 0 0 1 0 1 0 1 0 0 1 1 0 0 0 0
220	2	1 1 1 1 0 0 0 0 0 1 1 1 0 1 0 0 0 0 0 0
220	1	1 1 1 1 0 1 0 0 0 1 0 1 0 0 1 1 0 0 0 1
220	1	1 1 0 1 0 1 0 0 0 1 1 1 0 1 1 1 0 0 0 0
220	1	0 1 1 1 0 0 1 0 0 1 1 1 0 0 1 0 0 0 0 0
220	1	1 1 1 1 0 1 0 0 0 0 0 1 0 0 1 0 0 0 1 0
220	1	1 1 1 1 0 1 0 0 0 1 1 0 0 0 1 0 0 0 0 1
220	1	1 1 1 1 0 0 0 1 0 1 1 1 0 0 1 0 0 0 0 1
220	1	1 1 1 1 0 0 0 1 0 1 1 1 0 0 1 1 0 0 0 0
220	1	1 1 1 1 0 0 1 0 0 1 1 1 0 1 1 1 0 0 0 0
220	1	1 1 0 1 0 0 0 0 0 1 1 1 0 1 1 0 0 1 0 0
220	1	1 1 0 1 1 1 0 0 0 1 1 0 0 0 0 1 0 0 1 1
220	1	1 0 1 1 0 0 0 1 0 1 1 1 0 0 1 1 0 0 0 0
220	1	0 1 1 1 0 0 0 0 0 0 1 1 0 0 1 0 0 0 0 0
220	1	0 1 1 1 0 0 0 0 0 1 1 1 0 1 1 0 0 0 0 0
220	1	1 1 0 1 0 0 0 0 0 0 1 1 0 1 1 0 0 0 0 0
220	1	1 1 0 0 1 1 0 0 0 1 1 1 0 1 1 0 0 0 0 0
220	1	1 1 0 0 0 0 0 0 0 1 1 1 0 0 1 0 0 0 0 0
220	1	1 0 1 1 0 0 0 1 0 1 1 1 0 0 1 1 0 0 1 0
230	2	1 1 0 1 0 0 0 0 0 1 1 1 0 0 1 0 0 0 0 0
230	1	1 1 0 1 0 0 0 0 0 1 1 1 0 1 1 0 0 0 0 0
230	2	1 1 1 1 0 0 0 0 0 1 1 1 0 1 1 0 0 0 0 0
230	5	1 1 1 1 0 0 0 0 0 1 1 1 0 0 1 1 0 0 0 0
230	6	1 1 1 1 0 0 1 0 0 1 1 1 0 0 1 0 0 0 0 0
230	1	1 1 1 0 0 0 0 0 0 1 1 1 0 1 1 0 0 0 0 0
230	1	1 1 1 1 1 0 0 0 0 1 1 1 0 1 1 0 0 0 0 0
230	2	1 1 1 1 0 0 0 1 0 1 1 1 0 0 1 0 0 0 0 0
230	2	1 1 0 1 0 0 0 0 0 0 0 1 0 1 1 0 0 0 0 0
230	4	1 1 1 1 0 1 0 0 0 1 1 1 0 0 1 1 0 0 0 1
230	1	1 1 0 1 1 1 0 0 0 1 1 0 0 0 1 1 0 0 1 1
230	1	1 1 1 1 0 1 0 0 0 1 0 1 1 1 1 0 1 0 0 0
230	1	1 1 0 1 0 0 0 1 0 1 0 1 0 0 1 1 0 0 0 0
230	3	1 1 1 1 0 0 0 0 0 1 1 1 0 1 0 0 0 0 0 0
230	1	1 1 1 1 0 0 0 0 0 1 1 1 0 1 1 1 0 0 0 0
230	1	1 1 0 1 0 0 0 0 0 1 1 1 0 1 1 0 0 1 0 0
230	1	1 1 1 1 0 0 0 0 0 0 1 0 0 0 1 0 0 0 0 0
230	3	1 1 1 0 0 0 0 0 0 1 1 1 0 0 1 1 0 0 0 0
230	1	1 1 1 1 0 0 0 1 0 1 1 1 0 0 1 1 0 0 0 1
230	1	1 1 1 1 0 0 0 0 0 1 1 0 0 0 1 0 0 0 0 0
230	1	1 1 1 0 0 0 0 0 1 1 1 1 0 1 1 1 0 0 0 0
230	2	1 0 0 1 0 1 0 0 0 1 0 1 1 1 1 0 1 0 0 0
230	2	1 1 1 1 0 0 0 0 0 0 1 1 0 1 1 1 0 0 0 0
230	2	1 1 1 0 0 0 0 0 0 1 1 1 0 1 1 0 0 0 1 0
230	1	1 1 1 1 0 0 1 0 0 0 0 1 0 0 1 0 0 0 0 0
230	1	1 1 1 1 0 1 0 0 0 1 1 1 0 0 1 1 0 0 0 0
230	1	1 1 1 1 0 1 0 0 0 1 0 1 1 0 1 0 0 0 0 0
240	1	1 1 1 1 0 0 0 0 0 1 1 1 0 1 1 0 0 0 0 0
240	1	1 1 1 1 0 0 0 0 0 1 1 1 0 0 1 1 0 0 0 0
240	5	1 1 1 1 0 0 1 0 0 1 1 1 0 0 1 0 0 0 0 0
240	1	1 1 0 1 0 0 1 0 0 1 1 1 0 0 1 0 0 0 0 0
240	3	1 1 1 1 1 0 0 0 0 1 1 1 0 1 1 0 0 0 0 0
240	3	1 1 1 1 0 0 0 1 0 1 1 1 0 0 1 0 0 0 0 0
240	2	1 1 1 1 0 1 0 0 0 1 1 1 0 0 1 1 0 0 0 1
240	1	1 1 1 1 0 1 0 1 0 1 1 1 0 0 1 0 0 0 0 0
240	4	1 1 1 1 0 1 0 0 0 1 0 1 1 1 1 0 1 0 0 0
240	1	1 1 1 0 0 1 0 0 0 1 1 1 0 1 1 0 0 0 0 0
240	1	1 1 0 1 0 0 0 1 0 1 0 1 0 0 1 1 0 0 0 0
240	1	1 1 1 1 0 0 0 0 0 1 1 1 0 1 0 0 0 0 1 0
240	1	1 1 1 1 0 1 0 0 0 0 1 1 0 0 1 1 0 0 0 1
240	5	1 1 1 0 0 0 0 0 0 1 1 1 0 0 1 1 0 0 0 0
240	1	1 1 0 1 0 0 1 0 0 1 1 1 0 0 1 1 0 0 0 0
240	3	0 1 1 1 0 0 0 0 0 0 1 0 0 1 0 0 0 0 0 0
240	2	1 1 1 1 0 0 1 0 0 1 1 1 0 0 1 1 0 0 0 0
240	2	1 1 1 1 0 0 0 0 0 0 1 0 0 1 0 0 0 0 0 0
240	1	1 1 1 0 0 0 0 0 1 1 1 1 0 1 1 1 0 0 0 0
240	1	1 0 1 1 0 0 0 0 0 1 1 1 0 0 1 1 0 0 0 0
240	2	1 1 1 1 0 0 1 0 0 1 1 1 0 0 1 0 0 0 0 1
240	1	1 1 1 0 0 0 0 0 0 1 0 1 1 0 1 0 0 0 0 0
240	1	1 1 0 1 0 0 0 0 0 1 1 1 1 0 1 0 0 0 0 0
240	1	1 1 0 0 0 0 0 0 0 1 1 1 0 0 1 0 0 0 0 0
240	1	0 1 0 1 0 0 0 0 0 1 1 1 0 1 1 0 0 0 0 0
240	2	1 1 0 1 0 0 0 0 0 1 1 0 0 0 1 1 0 0 1 1
240	1	1 1 1 1 1 0 0 0 0 1 1 1 0 0 1 1 0 0 0 1
240	1	1 1 1 1 1 0 0 0 0 1 1 1 0 0 1 0 0 0 0 0
250	2	1 1 0 1 0 0 0 0 0 1 1 1 0 0 1 0 0 0 0 0
250	1	1 1 1 1 0 0 0 0 0 1 1 1 0 0 1 1 0 0 0 0
250	4	1 1 1 1 0 0 1 0 0 1 1 1 0 0 1 0 0 0 0 0
250	1	1 1 0 1 0 0 1 0 0 1 1 1 0 0 1 0 0 0 0 0
250	1	1 1 1 0 0 0 0 0 0 1 1 1 0 1 1 0 0 0 0 0
250	3	1 1 1 1 1 0 0 0 0 1 1 1 0 1 1 0 0 0 0 0
250	3	1 1 1 1 0 0 0 1 0 1 1 1 0 0 1 0 0 0 0 0
250	4	1 1 0 1 0 0 0 0 0 0 0 1 0 1 1 0 0 0 0 0
250	2	1 1 1 1 0 1 0 0 0 1 1 1 0 0 1 1 0 0 0 1
250	1	1 1 1 1 0 1 0 1 0 1 1 1 0 0 1 0 0 0 0 0
250	1	1 1 1 1 0 1 0 0 0 1 0 1 1 1 1 0 1 0 0 0
250	2	1 1 1 1 0 0 0 0 0 1 1 1 0 1 0 0 0 0 0 0
250	1	1 1 1 1 0 0 0 0 0 1 1 1 0 1 0 0 0 0 1 0
250	1	1 1 1 1 0 1 0 0 0 0 1 1 0 0 1 1 0 0 0 1
250	1	1 1 1 0 0 0 0 0 0 1 1 1 0 0 1 1 0 0 0 0
250	1	1 1 0 1 0 0 1 0 0 1 1 1 0 0 1 1 0 0 0 0
250	1	1 1 1 1 0 0 1 0 0 1 1 1 0 0 1 1 0 0 0 0
250	1	1 1 1 1 0 0 0 0 0 0 1 0 0 1 0 0 0 0 0 0
250	2	1 1 1 1 0 0 0 0 0 1 1 0 0 1 1 0 0 0 0 0
250	1	1 1 1 0 0 0 0 0 0 1 1 1 0 1 0 0 0 0 0 0
250	1	1 1 1 1 0 0 1 0 0 1 1 1 0 1 1 0 0 0 0 0
250	1	1 1 0 1 0 0 0 0 0 1 1 0 0 0 1 1 0 0 1 1
250	1	1 1 1 1 0 0 0 1 1 1 1 1 0 0 1 0 0 0 0 0
250	1	1 1 1 1 0 0 0 0 0 0 1 1 0 0 1 0 0 0 0 0
250	1	1 1 1 1 0 0 0 0 0 1 1 1 1 1 1 0 0 0 0 0
250	1	1 1 1 1 1 0 0 0 0 1 1 1 0 0 1 0 0 0 0 0
250	1	1 1 1 1 0 0 1 0 0 1 1 0 0 1 0 0 0 0 0 0
250	1	1 1 1 1 0 0 0 1 0 1 1 1 0 0 1 0 0 0 1 0
250	1	1 1 0 0 0 0 1 0 0 1 1 1 0 0 1 1 0 0 0 0
250	1	0 1 0 1 0 0 0 0 0 1 1 1 0 1 1 0 0 0 0 1
250	2	0 1 1 1 0 0 1 0 0 1 1 1 1 0 1 0 0 0 0 0
250	2	0 1 1 0 0 0 0 0 1 1 1 1 0 1 1 1 0 0 0 0
250	1	1 1 1 1 0 0 0 0 0 1 1 0 0 0 1 1 0 0 0 0
250	1	1 1 1 1 0 1 0 0 0 1 1 1 1 1 1 0 1 0 0 0
260	2	1 1 0 1 0 0 0 0 0 1 1 1 0 0 1 0 0 0 0 0
260	1	1 1 1 1 0 0 0 0 0 1 1 1 0 1 1 0 0 0 0 0
260	3	1 1 1 1 0 0 1 0 0 1 1 1 0 0 1 0 0 0 0 0
260	9	1 1 1 1 0 0 0 1 0 1 1 1 0 0 1 0 0 0 0 0
260	1	1 1 0 1 0 0 0 0 0 0 0 1 0 1 1 0 0 0 0 0
260	2	1 1 1 1 0 1 0 1 0 1 1 1 0 0 1 0 0 0 0 0
260	1	1 1 1 1 0 0 0 1 0 1 1 1 0 0 1 1 0 0 0 0
260	1	1 1 1 1 0 0 1 0 0 1 1 1 0 0 1 0 0 0 1 0
260	1	0 1 1 1 0 0 0 0 0 0 1 0 0 1 0 0 0 0 0 0
260	3	1 1 1 1 0 0 1 0 0 1 1 1 0 0 1 1 0 0 0 0
260	3	0 1 1 1 0 0 0 0 0 1 1 1 0 0 1 0 0 0 0 0
260	1	1 1 1 1 0 0 0 0 0 0 1 0 0 1 0 0 0 0 0 0
260	1	1 1 1 1 0 0 0 0 0 1 1 0 0 1 1 0 0 0 0 0
260	1	1 0 1 1 0 0 0 0 0 1 1 1 0 0 1 1 0 0 0 0
260	1	1 1 1 0 0 0 0 0 0 1 1 1 0 1 0 0 0 0 0 0
260	3	1 1 1 1 0 0 0 0 0 1 1 1 1 1 1 0 1 0 0 0
260	1	0 1 1 1 0 0 1 0 0 1 0 1 0 0 1 0 0 0 1 0
260	1	1 1 1 1 0 1 0 0 0 1 1 0 0 0 1 0 0 0 1 0
260	1	1 1 0 0 0 0 0 0 0 1 1 1 0 0 1 0 0 0 0 0
260	2	1 1 1 1 0 0 0 0 0 1 1 1 1 1 1 0 0 0 0 0
260	1	1 1 1 1 1 0 0 0 0 1 1 1 0 0 1 0 0 0 0 0
260	1	1 1 1 1 0 0 1 0 0 1 1 0 0 1 0 0 0 0 0 0
260	1	1 1 0 1 0 0 0 1 0 0 0 1 0 0 1 1 0 0 0 0
260	1	1 1 1 1 0 0 0 0 0 1 1 1 0 0 1 0 0 0 0 0
260	1	1 1 1 1 1 0 1 0 0 1 1 1 0 0 1 0 0 0 0 0
260	1	1 1 1 0 0 0 0 0 0 1 0 1 0 0 1 1 0 0 0 0
260	1	1 1 0 1 0 0 0 0 0 1 1 0 0 0 1 1 0 0 0 0
260	1	1 1 1 0 0 0 1 0 0 1 1 1 0 0 1 1 0 0 0 0
260	1	0 0 1 1 0 0 1 0 0 1 0 1 0 0 1 0 1 0 1 0
260	1	1 1 0 0 0 0 0 1 0 1 1 1 0 0 1 0 0 1 0 0
260	1	1 1 1 1 0 1 0 1 0 1 1 1 0 0 1 0 1 0 0 0
270	1	1 1 1 1 0 0 0 0 0 1 1 1 0 1 1 0 0 0 0 0
270	1	1 1 0 1 0 0 1 0 0 1 1 1 0 0 1 0 0 0 0 0
270	5	1 1 1 1 0 0 0 1 0 1 1 1 0 0 1 0 0 0 0 0
270	2	1 1 1 1 0 1 0 0 0 1 1 1 0 0 1 1 0 0 0 1
270	5	1 1 1 1 0 1 0 1 0 1 1 1 0 0 1 0 0 0 0 0
270	2	1 1 1 0 0 1 0 0 0 1 1 1 0 1 1 0 0 0 0 0
270	1	1 1 1 1 0 0 0 0 0 1 1 1 0 1 0 0 0 0 0 0
270	4	1 1 1 1 0 0 1 0 0 1 1 1 0 0 1 1 0 0 0 0
270	1	1 1 1 1 0 1 0 0 0 1 0 1 0 0 1 0 0 0 0 0
270	1	0 1 1 1 0 0 0 0 0 1 1 1 0 0 1 0 0 0 0 0
270	2	1 1 1 1 1 0 0 0 0 1 1 1 0 0 1 0 0 0 0 0
270	2	1 1 1 1 0 0 1 0 0 1 1 0 0 1 0 0 0 0 0 0
270	1	1 1 0 1 0 0 0 0 0 1 1 1 0 1 0 0 0 0 0 0
270	1	1 1 1 1 0 0 0 0 0 1 1 1 0 0 1 0 0 0 0 0
270	1	1 1 0 1 0 0 0 1 0 0 0 1 0 1 1 0 0 0 0 0
270	2	1 1 1 1 0 1 0 0 0 0 1 1 0 1 1 0 0 0 0 0
270	1	1 1 1 1 0 1 0 0 0 1 1 1 0 1 0 0 0 0 0 0
270	1	1 1 0 0 0 0 1 0 0 1 1 1 1 0 1 1 0 0 0 0
270	1	1 1 0 0 0 0 1 0 0 1 1 1 0 0 1 1 0 1 0 0
270	1	0 1 1 1 0 0 0 0 1 0 1 1 0 0 1 0 0 0 0 0
270	1	1 1 1 1 1 0 0 0 0 1 1 0 0 0 1 1 0 0 0 0
270	1	0 1 1 1 0 0 0 0 1 0 1 0 0 0 1 0 0 0 0 0
270	1	1 1 1 1 1 0 0 0 0 1 0 1 0 1 1 0 0 0 0 0
270	1	1 1 1 0 0 0 0 0 0 1 1 1 1 1 1 0 0 0 0 0
270	2	1 1 1 1 0 0 0 1 0 1 1 1 0 0 1 0 0 1 0 0
270	1	1 1 1 1 0 0 0 0 0 1 1 1 0 1 0 0 1 0 1 0
270	1	1 1 1 0 0 0 0 0 0 1 0 1 0 0 1 1 1 0 0 0
270	1	1 1 1 0 0 0 0 0 1 1 1 1 0 0 1 1 0 0 0 0
270	1	1 1 0 1 0 0 0 1 0 0 0 1 0 1 0 0 0 0 0 0
270	2	1 1 1 1 1 0 0 1 0 1 1 1 0 0 1 0 0 1 0 0
270	1	1 0 1 1 0 0 0 0 0 1 1 1 1 1 1 0 0 0 0 0
270	1	1 1 1 1 0 0 0 1 1 1 1 1 0 1 0 0 0 0 0 0
280	1	1 1 1 1 0 0 0 0 0 1 1 1 0 1 1 0 0 0 0 0
280	1	1 1 1 1 0 0 1 0 0 1 1 1 0 0 1 0 0 0 0 0
280	2	1 1 1 1 0 0 0 1 0 1 1 1 0 0 1 0 0 0 0 0
280	1	1 1 0 1 0 0 0 0 0 0 0 1 0 1 1 0 0 0 0 0
280	2	1 1 1 1 0 1 0 0 0 1 1 1 0 0 1 1 0 0 0 1
280	1	1 1 1 1 0 1 0 1 0 1 1 1 0 0 1 0 0 0 0 0
280	1	1 1 1 1 0 0 0 1 0 1 1 1 0 0 1 1 0 0 0 0
280	1	0 1 1 1 0 0 0 0 0 0 1 1 0 0 1 0 0 0 0 0
280	3	1 1 1 1 0 0 1 0 0 1 1 1 0 0 1 1 0 0 0 0
280	3	1 1 1 1 0 0 0 0 0 1 1 0 0 1 1 0 0 0 0 0
280	1	1 1 1 1 0 1 0 0 1 1 0 1 0 0 1 0 0 0 0 0
280	1	1 1 1 1 0 0 0 0 0 1 1 1 1 1 1 0 1 0 0 0
280	1	1 1 1 1 0 0 0 0 0 1 1 1 1 1 1 0 0 0 0 0
280	1	1 1 1 1 1 0 0 0 0 1 1 1 0 0 1 0 0 0 0 0
280	1	1 1 1 1 0 0 1 0 0 1 1 0 0 1 0 0 0 0 0 0
280	1	1 1 1 1 0 1 0 0 0 0 1 1 0 1 1 0 0 0 0 0
280	3	1 1 1 1 0 1 0 1 1 1 1 1 0 0 1 0 0 0 0 0
280	4	0 1 0 1 0 0 1 0 0 1 1 1 0 0 1 0 0 0 0 0
280	2	0 1 1 1 0 0 0 0 1 0 1 1 0 0 1 0 0 0 0 0
280	1	1 1 1 1 0 0 0 0 0 0 1 1 1 1 1 0 1 0 0 0
280	2	0 1 1 1 0 0 0 0 1 0 1 0 0 0 1 0 0 0 0 0
280	1	1 0 1 0 1 0 0 0 0 1 1 1 0 0 1 1 0 0 0 0
280	1	1 1 1 0 0 1 0 0 0 0 1 1 0 1 1 0 0 0 0 0
280	1	0 1 1 1 0 0 0 0 0 0 1 0 0 0 1 0 0 0 0 0
280	1	1 1 1 1 1 0 0 1 0 1 1 1 0 0 1 0 0 1 0 0
280	1	1 1 0 1 0 1 0 1 0 1 1 1 0 0 1 0 0 0 0 0
280	1	1 1 1 1 0 0 1 1 0 1 1 0 0 1 0 0 0 0 0 0
280	2	1 1 1 1 0 1 0 0 0 0 1 1 0 1 1 0 0 0 0 1
280	1	1 1 1 1 0 1 0 0 0 0 1 1 0 0 1 0 0 0 0 0
280	1	0 1 1 0 0 0 0 0 0 0 1 0 0 0 1 0 0 0 0 0
280	1	0 1 1 1 0 0 1 0 0 1 1 1 0 0 1 0 0 0 0 0
280	2	1 1 1 1 0 0 0 0 0 1 1 1 0 0 1 0 0 0 0 1
280	1	1 1 1 1 0 0 0 0 1 0 1 0 0 0 1 0 0 0 0 0
280	1	1 1 1 1 0 0 0 0 0 1 1 1 0 1 0 0 1 0 0 0
280	1	1 1 0 1 0 1 0 0 0 1 1 1 0 1 1 0 0 0 0 0
290	1	1 1 1 1 0 0 0 0 0 1 1 1 0 1 1 0 0 0 0 0
290	7	1 1 1 1 0 0 0 1 0 1 1 1 0 0 1 0 0 0 0 0
290	1	1 1 1 1 0 1 0 0 0 1 1 1 0 0 1 1 0 0 0 1
290	1	1 1 1 1 0 0 1 0 0 1 1 1 0 0 1 0 0 0 1 0
290	2	1 1 1 1 0 0 1 0 0 1 1 1 0 0 1 1 0 0 0 0
290	1	0 1 1 1 0 0 0 0 0 1 1 1 0 0 1 0 0 0 0 0
290	2	1 1 1 1 0 0 0 0 0 1 1 0 0 1 1 0 0 0 0 0
290	1	1 1 1 1 0 1 0 0 1 1 0 1 0 0 1 0 0 0 0 0
290	3	1 1 1 1 0 0 0 0 0 1 1 1 1 1 1 0 0 0 0 0
290	1	1 1 1 1 0 0 1 0 0 1 1 0 0 1 0 0 0 0 0 0
290	2	1 1 1 1 1 0 1 0 0 1 1 1 0 0 1 0 0 0 0 0
290	3	1 1 1 1 0 1 0 1 1 1 1 1 0 0 1 0 0 0 0 0
290	1	1 1 1 1 0 1 0 0 1 1 0 1 0 0 1 0 0 0 0 1
290	1	0 1 1 1 0 0 0 0 1 0 1 1 0 0 1 0 0 0 0 0
290	6	1 1 1 0 0 0 0 0 0 1 1 1 1 1 1 0 0 0 0 0
290	1	0 1 1 1 0 0 0 0 0 0 1 0 0 0 1 0 0 0 0 0
290	1	1 1 1 1 0 1 0 0 0 1 1 1 0 1 1 0 0 0 0 0
290	1	1 1 1 1 0 0 1 0 0 1 1 1 0 0 0 1 0 0 0 0
290	1	1 1 1 1 0 1 0 1 0 1 1 1 0 0 1 1 0 0 0 1
290	1	1 1 1 1 1 1 0 1 1 1 1 1 0 0 1 0 0 0 0 0
290	1	1 1 1 1 0 0 0 0 0 1 1 0 1 1 1 0 1 0 0 0
290	1	0 1 0 1 0 0 1 0 0 1 1 1 0 0 1 0 0 0 0 1
290	1	1 1 1 1 0 0 0 0 0 1 1 1 0 0 1 1 0 0 0 0
290	1	1 1 1 0 0 0 0 0 0 1 1 0 0 1 0 0 0 0 0 0
290	1	1 1 1 1 0 0 0 1 1 1 1 1 0 0 1 0 0 0 0 0
290	1	1 1 1 1 0 1 0 0 0 0 0 1 0 0 1 0 0 0 0 0
290	1	1 1 1 1 0 1 0 0 0 1 1 1 0 0 1 1 0 0 0 0
290	1	1 1 1 1 0 1 0 1 1 1 1 1 0 0 1 0 0 0 0 1
290	1	1 1 1 1 0 1 0 1 1 1 1 1 0 0 1 1 0 0 0 0
290	1	0 1 1 0 0 0 0 0 0 1 1 1 1 1 1 0 0 0 0 0
290	1	0 1 1 0 0 0 1 0 0 1 1 1 0 0 1 1 0 0 0 0
290	1	1 1 1 1 0 0 0 0 0 1 1 0 0 1 1 0 0 1 0 0
300	1	1 1 1 1 0 0 0 0 0 1 1 1 0 1 1 0 0 0 0 0
300	1	1 1 1 1 0 0 0 1 0 1 1 1 0 0 1 0 0 0 0 0
300	1	1 1 1 1 0 1 0 0 0 1 1 1 0 0 1 1 0 0 0 1
300	1	1 1 1 1 0 1 0 1 0 1 1 1 0 0 1 0 0 0 0 0
300	4	1 1 1 1 0 0 1 0 0 1 1 1 0 0 1 1 0 0 0 0
300	2	1 1 1 1 0 1 0 0 1 1 0 1 0 0 1 0 0 0 0 0
300	5	1 1 1 1 0 0 0 0 0 1 1 1 1 1 1 0 0 0 0 0
300	1	1 1 1 1 0 0 0 0 0 1 1 1 0 0 1 0 0 0 0 0
300	1	0 1 0 1 0 0 1 0 0 1 1 1 0 0 1 0 0 0 0 0
300	1	0 1 1 1 0 0 0 0 1 0 1 1 0 0 1 0 0 0 0 0
300	6	1 1 1 0 0 0 0 0 0 1 1 1 1 1 1 0 0 0 0 0
300	1	1 1 1 1 0 1 0 1 0 1 1 1 0 0 1 1 0 0 0 1
300	1	1 1 1 0 0 0 1 0 0 1 1 1 0 0 1 0 0 0 0 0
300	2	1 1 1 1 0 0 0 0 0 1 1 0 0 1 1 0 1 0 0 0
300	1	1 1 1 1 1 1 0 0 0 1 1 1 0 0 1 0 0 0 0 1
300	2	1 1 1 1 0 0 0 0 0 1 1 1 0 0 1 1 0 0 0 0
300	1	1 1 1 1 0 0 0 0 0 0 1 0 0 1 1 0 0 0 0 0
300	1	0 1 1 0 0 0 0 0 0 1 1 0 0 0 1 0 0 0 0 0
300	2	1 1 0 1 0 1 0 0 0 1 1 1 0 1 0 0 0 0 0 0
300	1	1 1 1 1 0 1 0 0 0 1 1 1 0 0 1 1 0 0 0 0
300	3	1 1 1 1 0 1 0 1 1 1 1 1 0 0 1 1 0 0 0 0
300	1	1 1 1 1 0 0 0 1 0 1 1 1 0 0 1 0 1 0 0 0
300	1	1 1 1 1 0 0 0 1 0 1 1 1 0 1 1 0 0 0 0 0
300	1	1 1 1 1 0 0 0 0 0 0 1 1 1 1 1 0 0 0 0 0
300	1	0 1 1 1 0 0 1 0 0 1 1 1 0 0 1 1 0 0 0 0
300	1	1 1 1 1 0 0 0 1 0 1 1 1 1 1 1 0 0 0 0 0
300	1	1 1 1 1 0 0 1 1 0 1 1 0 0 1 0 0 0 0 1 0
300	1	1 0 0 1 0 0 0 0 0 1 0 1 0 1 1 0 0 0 0 0
300	1	1 1 1 1 1 0 0 1 0 1 1 1 0 0 1 0 0 0 0 0
300	1	1 1 1 1 1 1 0 0 0 1 1 1 0 1 1 0 0 0 0 0
300	1	1 0 1 1 0 1 0 0 0 1 1 1 0 1 1 0 0 1 0 0
300	1	1 1 1 1 1 1 0 0 0 1 1 1 0 0 0 1 0 0 0 1
310	5	1 1 1 1 0 0 0 1 0 1 1 1 0 0 1 0 0 0 0 0
310	2	1 1 1 1 0 0 1 0 0 1 1 1 0 0 1 1 0 0 0 0
310	2	1 1 1 1 0 0 0 0 0 1 1 1 1 1 1 0 0 0 0 0
310	1	1 1 1 1 0 1 0 0 0 0 1 1 0 1 1 0 0 0 0 0
310	1	1 1 1 1 0 1 0 0 0 1 1 1 0 1 0 0 0 0 0 0
310	1	1 1 1 0 0 0 0 0 0 1 1 1 1 1 1 0 0 0 0 0
310	1	1 1 1 1 0 1 0 0 0 1 1 1 0 1 1 0 0 0 0 0
310	2	1 1 1 1 0 0 1 1 0 1 1 0 0 1 0 0 0 0 0 0
310	1	1 1 1 0 0 1 0 1 0 0 1 1 0 1 1 0 0 0 0 0
310	1	1 1 1 1 1 1 0 1 1 1 1 1 0 0 1 0 0 0 0 0
310	2	1 1 1 1 0 0 0 0 0 1 1 1 0 0 1 0 0 0 0 1
310	3	1 1 1 0 0 0 0 0 0 1 1 0 0 1 0 0 0 0 0 0
310	3	1 1 0 1 0 1 0 0 0 1 1 1 0 1 0 0 0 0 0 0
310	1	1 1 1 1 0 1 0 0 0 1 1 1 0 0 1 0 0 0 0 1
310	1	1 1 1 1 0 1 0 0 0 1 1 1 0 0 1 1 0 0 0 0
310	1	0 1 1 0 0 0 0 0 0 1 1 1 1 1 1 0 0 0 0 0
310	2	0 1 1 1 0 0 0 1 0 1 1 1 0 0 1 0 0 0 0 0
310	2	1 1 1 1 0 0 0 1 0 1 1 1 0 0 1 0 1 0 0 0
310	1	0 1 1 1 1 0 0 0 1 0 1 1 0 0 1 0 0 0 0 0
310	2	1 1 1 1 0 0 0 0 0 0 1 1 1 1 1 0 0 0 0 0
310	2	1 1 1 1 0 0 1 0 0 1 1 0 0 1 1 0 1 0 0 0
310	3	1 1 1 1 0 0 0 1 0 1 1 1 1 1 1 0 0 0 0 0
310	1	1 1 1 1 0 1 0 0 0 0 1 0 0 1 1 0 0 0 0 0
310	1	1 0 1 1 0 0 1 1 0 1 1 0 0 1 0 0 0 0 0 0
310	1	1 0 1 1 0 0 0 0 0 1 1 1 0 0 1 0 0 0 0 1
310	1	1 1 1 0 0 0 1 1 0 1 1 0 0 1 0 0 0 0 1 0
310	1	1 1 1 1 0 0 1 0 0 1 1 1 0 0 1 1 0 0 1 0
310	1	1 0 1 1 0 0 0 1 1 1 1 1 0 0 1 1 0 0 0 0
310	1	1 1 1 1 0 1 0 1 1 1 1 0 0 0 1 0 0 0 0 1
310	1	1 1 1 1 0 0 0 0 0 1 1 1 0 0 1 0 0 0 1 1
310	1	1 1 1 1 1 1 0 1 0 1 1 1 0 0 1 0 0 0 0 0
310	1	1 1 1 1 0 0 0 0 0 1 1 0 0 1 1 0 0 0 0 1
320	1	1 1 1 1 0 0 1 0 0 1 1 1 0 0 1 1 0 0 0 0
320	1	1 1 1 1 0 1 0 0 1 1 0 1 0 0 1 0 0 0 0 0
320	3	1 1 1 1 0 0 0 0 0 1 1 1 1 1 1 0 0 0 0 0
320	1	1 1 1 1 0 1 0 0 0 0 1 1 0 1 1 0 0 0 0 0
320	2	1 1 1 1 0 0 1 1 0 1 1 0 0 1 0 0 0 0 0 0
320	1	1 1 1 1 0 0 0 1 0 1 1 1 1 0 1 0 0 0 0 0
320	1	1 1 1 1 0 0 0 0 0 1 1 1 0 0 1 1 0 0 0 0
320	4	1 1 1 0 0 0 0 0 0 1 1 0 0 1 0 0 0 0 0 0
320	3	1 1 0 1 0 1 0 0 0 1 1 1 0 1 0 0 0 0 0 0
320	1	1 1 1 1 0 1 0 0 0 1 1 1 0 0 1 1 0 0 0 0
320	2	1 1 1 1 0 1 0 1 1 1 1 1 0 0 1 1 0 0 0 0
320	1	1 1 1 1 0 0 0 1 0 1 1 1 0 0 1 0 1 0 0 0
320	1	1 1 1 0 0 0 0 0 0 0 1 1 1 1 1 0 0 0 0 0
320	1	1 1 1 1 0 0 0 0 0 0 1 1 1 1 1 0 0 0 0 0
320	1	1 1 1 1 0 0 0 1 0 1 1 1 1 1 1 0 0 0 0 0
320	2	1 1 1 1 1 0 0 1 0 1 1 1 0 0 1 0 0 0 0 0
320	1	1 1 1 1 0 1 0 0 0 0 1 0 0 1 1 0 0 0 0 0
320	2	1 1 1 1 0 0 1 0 0 0 1 1 1 1 1 0 0 0 0 0
320	1	1 1 0 1 0 1 0 1 1 1 1 1 0 0 1 1 0 0 0 0
320	1	1 1 1 1 0 0 0 0 1 0 1 1 1 1 1 0 0 0 0 0
320	2	1 1 1 1 0 0 1 0 0 1 1 1 0 0 1 1 0 0 1 0
320	1	1 0 1 1 0 0 0 1 1 1 1 1 0 0 1 1 0 0 0 0
320	1	1 0 1 1 1 0 1 0 0 1 1 1 0 0 1 1 0 0 0 0
320	1	0 1 1 1 0 0 0 1 0 1 1 1 0 0 1 0 1 0 0 0
320	1	1 1 1 1 1 1 0 1 0 1 1 1 0 0 1 0 0 0 0 0
320	1	1 1 1 1 0 0 0 1 1 1 1 1 0 1 1 0 0 0 0 0
320	1	1 1 1 0 0 0 0 1 0 1 1 1 1 1 1 0 0 0 0 0
320	1	1 1 1 1 0 0 0 0 1 1 0 1 0 0 1 0 0 0 0 0
320	1	1 1 1 1 0 0 0 0 0 1 1 1 1 1 0 0 0 1 0 0
320	1	1 1 1 0 0 0 1 1 0 0 1 0 0 1 1 0 0 0 0 0
320	1	1 1 1 1 0 0 0 1 1 1 1 1 0 1 1 0 0 0 0 1
320	1	1 1 1 0 0 0 0 0 1 1 1 0 0 1 0 0 0 0 0 1
320	1	1 1 1 1 0 1 0 0 1 1 0 1 0 0 1 0 0 1 0 0
320	1	0 1 1 0 0 0 0 0 0 1 1 0 0 1 0 0 0 0 0 0
320	1	1 1 1 1 0 0 1 1 0 1 1 1 0 0 1 1 0 0 1 0
320	2	1 1 0 1 0 1 0 1 1 1 1 0 0 0 1 1 0 0 0 0
320	1	1 1 1 1 0 0 1 0 0 1 1 1 0 0 1 1 1 0 0 0
330	3	1 1 1 1 0 0 1 0 0 1 1 1 0 0 1 1 0 0 0 0
330	1	1 1 1 1 0 0 1 0 0 1 1 0 0 1 0 0 0 0 0 0
330	1	1 1 1 1 0 1 0 0 0 0 1 1 0 1 1 0 0 0 0 0
330	2	1 1 1 1 0 0 0 0 0 0 1 1 1 1 1 0 1 0 0 0
330	3	1 1 1 1 0 0 1 1 0 1 1 0 0 1 0 0 0 0 0 0
330	1	1 1 0 1 0 1 0 0 0 1 1 1 0 1 0 0 0 0 0 0
330	2	1 1 1 1 0 1 0 1 1 1 1 1 0 0 1 1 0 0 0 0
330	1	1 1 1 0 0 0 0 0 0 0 1 1 1 1 1 0 0 0 0 0
330	1	1 1 1 1 0 0 0 0 0 1 1 1 1 1 0 0 0 0 0 0
330	3	1 1 1 1 0 0 0 1 0 1 1 1 1 1 1 0 0 0 0 0
330	2	1 1 1 1 0 1 0 1 1 0 1 1 0 0 1 1 0 0 0 0
330	1	1 1 1 1 0 1 0 0 1 1 1 1 0 0 1 0 0 0 0 0
330	1	1 1 1 1 1 0 0 1 0 1 1 1 0 0 1 0 0 0 0 0
330	3	1 1 1 1 0 1 0 0 0 0 1 0 0 1 1 0 0 0 0 0
330	1	1 1 1 1 0 0 1 0 0 0 1 1 1 1 1 0 0 0 0 0
330	1	1 1 1 1 0 0 0 0 1 0 1 1 1 1 1 0 0 0 0 0
330	1	1 1 1 1 0 0 0 0 1 1 1 1 0 0 1 0 0 0 0 0
330	1	1 1 1 1 0 0 1 0 0 1 1 1 0 0 1 1 0 0 1 0
330	3	1 1 1 1 0 0 0 0 0 0 1 1 0 0 1 0 0 0 0 0
330	2	1 1 1 1 0 0 0 1 1 1 1 1 0 1 1 0 0 0 0 0
330	1	1 1 1 0 0 0 0 1 0 1 1 1 1 1 1 0 0 0 0 0
330	1	1 1 1 1 0 0 0 0 1 1 0 1 0 0 1 0 0 0 0 0
330	2	0 1 1 0 0 0 1 0 0 1 1 1 0 0 1 0 1 0 0 0
330	1	1 1 1 1 0 0 0 0 1 0 1 1 1 1 1 0 0 0 1 0
330	1	1 1 1 0 0 0 1 0 0 0 1 1 0 0 1 1 0 0 0 0
330	1	1 1 1 1 0 0 0 1 0 0 1 1 1 1 1 0 0 0 0 0
330	1	1 1 1 1 0 1 0 1 1 0 1 1 0 1 1 1 0 0 0 0
330	1	1 1 1 1 0 0 0 1 0 1 1 1 0 1 1 0 0 0 0 1
330	1	1 1 1 1 0 0 0 0 0 0 1 0 1 1 1 0 0 0 0 0
330	1	1 1 1 1 0 0 1 0 0 1 1 1 1 1 1 0 0 0 1 0
330	3	1 1 0 1 0 0 0 0 1 0 1 1 1 1 1 0 0 0 1 0
330	1	1 1 1 1 1 0 0 1 0 1 1 1 0 0 1 0 0 0 0 1
330	1	1 1 1 1 0 1 0 1 0 1 1 1 0 1 1 0 0 0 0 0
340	1	1 1 1 1 0 0 0 1 0 1 1 1 0 0 1 0 0 0 0 0
340	1	1 1 1 1 0 0 1 0 0 1 1 1 0 0 1 1 0 0 0 0
340	1	1 1 1 1 0 1 0 0 0 0 1 1 0 1 1 0 0 0 0 0
340	1	1 1 1 1 0 0 0 0 0 0 1 1 1 1 1 0 1 0 0 0
340	4	1 1 1 1 0 0 1 1 0 1 1 0 0 1 0 0 0 0 0 0
340	2	1 1 1 1 0 0 0 0 0 1 1 1 0 0 1 1 0 0 0 0
340	1	1 1 0 1 0 1 0 0 0 1 1 1 0 1 0 0 0 0 0 0
340	1	1 1 1 1 0 1 0 1 1 1 1 1 0 0 1 1 0 0 0 0
340	1	1 1 1 1 0 0 0 1 0 1 1 1 1 1 1 0 0 0 0 0
340	1	1 1 1 1 0 1 0 0 1 1 1 1 0 0 1 0 0 0 0 0
340	1	1 1 1 0 0 0 1 0 0 1 1 1 1 1 1 0 0 0 0 0
340	5	1 1 1 1 0 1 0 0 0 0 1 0 0 1 1 0 0 0 0 0
340	1	1 1 0 1 0 1 0 1 1 1 1 1 0 0 1 1 0 0 0 0
340	1	1 1 1 1 0 0 0 0 0 0 1 1 0 0 1 0 0 0 0 0
340	2	0 1 1 1 0 0 0 1 0 1 1 1 0 0 1 0 1 0 0 0
340	1	1 1 1 1 0 0 0 1 1 1 1 1 0 1 1 0 0 0 0 0
340	1	1 1 1 0 0 0 0 1 0 1 1 1 1 1 1 0 0 0 0 0
340	1	1 1 1 1 0 0 0 0 1 1 0 1 0 0 1 0 0 0 0 0
340	1	1 1 0 1 0 1 0 1 1 0 1 1 0 0 1 1 0 0 0 0
340	6	1 1 1 1 0 0 0 1 1 1 1 1 0 1 1 0 0 0 0 1
340	1	1 1 0 1 0 1 0 1 1 1 1 0 0 0 1 1 0 0 0 0
340	2	1 1 1 1 0 0 1 0 0 1 1 1 0 0 1 1 1 0 0 0
340	1	1 1 1 1 0 0 1 0 0 1 1 1 0 0 1 1 0 0 1 1
340	1	1 1 1 1 0 0 0 0 0 0 1 0 1 1 1 0 0 0 0 0
340	2	1 1 1 1 1 0 0 0 0 1 1 1 1 1 1 0 0 0 0 0
340	1	1 1 1 1 0 1 0 1 0 1 1 1 0 1 1 0 0 0 0 0
340	1	1 1 1 0 0 0 0 0 0 1 1 0 1 1 1 0 0 0 0 0
340	1	1 1 1 0 0 0 0 0 0 1 1 1 1 1 1 0 0 1 0 0
340	1	1 1 1 1 0 0 0 1 1 1 1 1 0 1 0 0 0 0 0 0
340	1	1 1 1 1 0 0 0 0 0 0 1 1 0 1 1 0 0 0 0 0
340	1	1 1 0 1 0 1 0 1 0 1 1 1 0 0 1 0 0 0 0 0
340	1	1 1 1 0 0 0 1 0 0 0 1 1 1 1 1 0 0 0 0 0
340	1	1 1 1 1 0 1 1 0 0 0 1 1 1 1 1 0 0 0 0 0
340	1	1 1 1 0 0 1 0 0 0 0 1 1 0 1 0 0 0 0 1 0
350	4	1 1 1 1 0 0 0 1 0 1 1 1 0 0 1 0 0 0 0 0
350	1	1 1 1 1 0 0 1 0 0 1 1 1 0 0 1 1 0 0 0 0
350	1	1 1 1 0 0 0 0 0 0 1 1 1 1 1 1 0 0 0 0 0
350	3	1 1 1 1 0 0 1 1 0 1 1 0 0 1 0 0 0 0 0 0
350	1	1 1 1 1 0 0 0 1 0 1 1 1 1 0 1 0 0 0 0 0
350	4	1 1 1 1 0 0 0 0 0 1 1 1 0 0 1 1 0 0 0 0
350	1	1 1 0 1 0 1 0 0 0 1 1 1 0 1 0 0 0 0 0 0
350	2	0 1 1 1 0 0 0 1 0 1 1 1 0 0 1 0 0 0 0 0
350	1	1 1 1 1 0 1 0 1 1 0 1 1 0 0 1 1 0 0 0 0
350	1	1 1 1 0 0 0 1 0 0 1 1 1 1 1 1 0 0 0 0 0
350	4	1 1 1 1 0 1 0 0 0 0 1 0 0 1 1 0 0 0 0 0
350	1	1 1 1 1 0 0 0 0 1 0 1 1 1 1 1 0 0 0 0 0
350	5	1 1 1 1 0 0 0 0 0 0 1 1 0 0 1 0 0 0 0 0
350	1	1 1 1 0 0 0 0 0 0 1 1 1 0 1 1 0 0 0 0 0
350	2	0 1 1 1 0 0 1 0 0 0 1 1 1 1 1 0 0 0 0 0
350	2	1 1 1 1 0 0 1 0 0 1 1 1 0 0 1 1 0 0 1 1
350	1	1 1 1 1 0 0 0 0 0 0 1 0 1 1 1 0 0 0 0 0
350	2	1 1 1 1 0 0 1 1 0 1 1 1 1 1 1 0 0 0 0 0
350	1	1 1 1 1 0 0 0 0 0 1 1 1 0 0 1 1 0 0 1 0
350	1	1 1 1 1 0 0 0 0 0 1 1 1 0 1 1 0 0 0 0 0
350	1	1 1 0 1 0 1 0 1 1 1 1 1 0 1 1 0 0 0 0 0
350	1	1 1 1 1 0 0 1 1 0 1 1 1 0 0 1 1 0 0 1 0
350	1	1 1 1 1 0 1 0 0 0 1 1 0 0 1 1 0 0 0 0 0
350	2	1 1 1 1 0 0 0 1 1 1 1 0 0 0 1 0 1 0 0 0
350	2	1 1 1 0 0 0 1 1 0 1 1 1 0 1 0 0 0 0 0 0
350	1	1 1 1 1 0 1 0 1 0 1 1 1 1 1 1 0 0 0 0 0
350	1	1 0 0 1 0 1 0 0 0 1 1 1 0 1 0 0 0 0 0 0
350	1	1 1 1 1 0 1 0 0 0 0 1 0 0 1 1 0 0 1 0 1
350	1	0 1 1 1 0 1 0 0 0 0 1 0 0 1 1 1 0 0 0 0
360	1	1 1 1 1 0 0 0 1 0 1 1 1 0 0 1 0 0 0 0 0
360	1	1 1 1 1 0 0 1 0 0 1 1 1 0 0 1 1 0 0 0 0
360	1	1 1 1 1 0 0 0 0 0 1 1 1 0 0 1 0 0 0 0 0
360	1	1 1 1 1 0 1 0 0 0 0 1 1 0 1 1 0 0 0 0 0
360	7	1 1 1 1 0 0 1 1 0 1 1 0 0 1 0 0 0 0 0 0
360	3	1 1 1 1 0 0 0 1 0 1 1 1 1 0 1 0 0 0 0 0
360	6	1 1 1 1 0 0 0 0 0 1 1 1 0 0 1 1 0 0 0 0
360	1	1 1 0 1 0 1 0 0 0 1 1 1 0 1 0 0 0 0 0 0
360	1	0 1 1 1 0 0 0 1 0 1 1 1 0 0 1 0 0 0 0 0
360	3	1 1 1 1 0 0 0 0 0 1 1 1 1 1 0 0 0 0 0 0
360	3	1 1 1 1 0 1 0 0 0 0 1 0 0 1 1 0 0 0 0 0
360	2	1 1 1 1 0 0 0 1 1 1 1 1 0 1 1 0 0 0 0 1
360	1	1 1 1 1 0 0 0 1 0 0 1 1 1 1 1 0 0 0 0 0
360	1	1 1 0 1 0 1 0 0 0 0 1 0 0 1 1 0 0 0 0 0
360	1	1 1 1 1 0 1 0 1 1 0 1 1 0 1 1 1 0 0 0 0
360	1	1 1 1 1 0 1 0 1 0 0 1 0 0 1 1 0 0 0 0 0
360	1	1 1 1 1 0 0 0 0 0 1 1 1 0 0 1 1 0 0 1 0
360	1	1 1 1 1 0 0 1 0 0 1 1 0 0 1 0 0 0 0 1 0
360	1	1 1 1 1 0 0 1 1 0 1 1 1 0 0 1 1 0 0 1 0
360	2	1 1 1 1 0 1 0 0 0 1 1 0 0 1 1 0 0 0 0 0
360	1	1 1 0 1 0 1 0 0 0 0 1 1 0 1 0 0 0 0 0 0
360	2	1 1 1 1 0 0 1 0 0 1 1 1 1 0 1 1 0 0 0 0
360	1	1 0 0 1 0 0 0 0 0 0 1 0 0 1 1 0 0 0 0 0
360	1	0 1 1 0 0 0 1 0 0 1 1 0 0 0 1 0 0 0 0 0
360	1	0 1 1 0 0 0 0 0 0 1 1 1 0 0 1 1 0 0 0 0
360	1	1 1 1 1 0 0 0 0 0 0 0 1 0 1 1 0 0 0 0 0
360	1	1 1 1 1 0 0 0 1 0 1 1 1 0 0 1 0 1 0 0 0
360	1	1 1 1 1 0 0 1 1 0 1 1 0 0 1 0 0 0 0 0 1
360	1	0 1 1 1 0 1 0 0 0 0 1 1 0 1 1 0 0 0 0 0
360	1	1 1 1 1 0 0 0 1 0 1 1 1 1 1 0 0 0 0 0 0
370	2	1 1 1 1 0 0 0 1 0 1 1 1 0 0 1 0 0 0 0 0
370	2	1 1 1 1 0 0 0 0 0 1 1 1 0 0 1 0 0 0 0 0
370	2	1 1 1 1 0 1 0 0 0 0 1 1 0 1 1 0 0 0 0 0
370	1	1 1 1 1 0 0 0 0 0 0 1 1 1 1 1 0 1 0 0 0
370	1	1 1 1 1 0 0 1 1 0 1 1 0 0 1 0 0 0 0 0 0
370	2	1 1 1 1 0 0 0 1 0 1 1 1 1 0 1 0 0 0 0 0
370	2	1 1 1 1 0 0 0 0 0 1 1 1 0 0 1 1 0 0 0 0
370	1	1 1 1 1 0 1 0 1 1 1 1 1 0 0 1 1 0 0 0 0
370	3	1 1 1 1 0 0 0 0 0 1 1 1 1 1 0 0 0 0 0 0
370	2	1 1 1 1 0 0 1 0 0 0 1 1 1 1 1 0 0 0 0 0
370	2	1 1 1 1 0 0 0 0 0 0 1 1 0 0 1 0 0 0 0 0
370	1	1 1 0 1 0 1 0 0 0 0 1 0 0 1 1 0 0 0 0 0
370	2	1 1 1 0 0 0 1 1 0 1 1 0 0 1 0 0 0 0 0 0
370	1	1 1 1 1 0 1 0 1 0 0 1 0 0 1 1 0 0 0 0 0
370	2	1 1 1 1 0 1 0 0 0 0 1 0 0 1 1 0 0 1 0 0
370	1	1 1 1 1 0 1 0 0 0 1 1 0 0 1 1 0 0 0 0 0
370	2	0 1 1 0 0 0 1 0 0 1 1 0 0 0 1 0 0 0 0 0
370	2	0 1 1 0 0 0 0 0 0 1 1 1 0 0 1 1 0 0 0 0
370	1	1 1 1 0 0 0 0 1 0 1 1 0 0 1 0 0 0 0 0 0
370	1	1 1 1 1 0 1 0 0 0 1 0 0 0 1 1 0 0 0 0 0
370	2	1 1 1 1 0 1 0 0 0 1 1 1 1 1 1 0 0 0 0 0
370	1	1 1 1 1 1 0 0 0 0 0 1 1 0 0 1 0 0 0 0 0
370	1	1 1 1 1 0 1 0 0 0 1 1 1 0 0 1 1 0 0 0 0
370	1	1 1 1 1 0 0 0 0 0 0 1 1 0 1 1 0 0 0 0 0
370	1	1 0 0 1 0 0 0 0 0 0 1 0 0 1 1 0 0 0 0 1
370	3	1 1 1 1 0 0 0 1 0 1 1 0 0 1 0 0 0 0 0 0
370	1	1 1 1 1 0 0 0 0 1 0 0 1 1 1 1 0 0 0 1 0
370	1	0 1 1 1 0 0 0 1 0 1 1 1 1 0 1 0 0 0 0 0
370	1	1 1 1 1 0 1 0 1 1 0 1 1 0 0 1 1 0 0 1 0
370	1	1 1 1 1 1 1 0 0 0 1 0 0 0 1 1 0 0 0 0 0
370	1	0 1 1 1 0 0 1 0 0 1 1 1 0 0 1 0 0 0 0 0
370	1	1 1 1 1 1 0 0 0 0 0 1 0 1 1 1 0 0 0 0 0
370	1	1 1 0 1 0 1 0 1 0 1 1 1 0 1 1 0 0 0 0 0
370	1	0 1 1 0 0 0 1 1 0 1 1 0 0 0 1 0 0 0 0 0
380	1	1 1 1 1 0 1 0 0 0 0 1 1 0 1 1 0 0 0 0 0
380	1	1 1 1 0 0 0 0 0 0 1 1 1 1 1 1 0 0 0 0 0
380	1	1 1 1 1 0 0 1 1 0 1 1 0 0 1 0 0 0 0 0 0
380	6	1 1 1 1 0 0 0 1 0 1 1 1 1 0 1 0 0 0 0 0
380	4	1 1 1 1 0 0 0 0 0 1 1 1 0 0 1 1 0 0 0 0
380	1	1 1 1 1 0 1 0 1 1 1 1 1 0 0 1 1 0 0 0 0
380	4	1 1 1 1 0 0 0 0 0 0 1 1 0 0 1 0 0 0 0 0
380	1	1 1 1 1 0 0 0 0 1 0 1 1 1 1 1 0 0 0 1 0
380	2	1 1 1 0 0 0 1 1 0 1 1 0 0 1 0 0 0 0 0 0
380	1	1 1 1 1 0 0 0 0 0 0 1 0 1 1 1 0 0 0 0 0
380	1	1 1 1 1 0 1 0 0 0 0 1 0 0 1 1 0 0 1 0 0
380	3	1 1 1 1 0 0 0 0 0 1 1 1 0 1 1 0 0 0 0 0
380	2	1 1 1 0 0 1 0 1 1 1 1 1 0 1 1 0 0 0 0 0
380	1	1 1 1 1 0 1 0 0 0 0 0 1 0 1 1 0 0 0 0 0
380	1	0 1 1 1 0 1 0 0 0 0 1 0 0 1 1 1 0 0 0 0
380	1	1 1 1 1 0 1 0 0 0 1 0 0 0 1 1 0 0 0 0 0
380	1	1 1 1 1 0 0 0 0 0 1 1 1 0 0 1 1 0 1 0 0
380	1	1 1 1 1 0 1 0 0 0 1 1 1 1 1 1 0 0 0 0 0
380	1	1 1 1 1 1 0 0 0 0 0 1 1 0 0 1 0 0 0 0 0
380	1	1 1 1 0 0 0 1 1 0 0 1 0 0 1 0 0 0 0 0 0
380	1	1 0 1 1 0 0 0 0 0 1 1 1 0 0 1 1 0 0 0 0
380	1	1 1 1 1 0 1 0 0 0 1 1 1 0 0 1 1 0 0 0 0
380	1	0 1 1 1 0 0 0 1 0 1 1 1 1 0 1 0 0 0 0 0
380	1	0 1 1 1 0 0 0 0 0 0 1 1 1 1 0 0 0 0 0 0
380	1	1 1 1 1 1 1 0 0 0 0 1 0 0 1 1 0 0 1 0 0
380	1	1 1 1 1 0 0 0 0 0 1 1 1 0 1 0 0 0 0 0 0
380	3	1 1 0 1 0 1 0 0 0 0 1 1 1 1 1 0 1 0 0 0
380	1	1 1 1 0 0 0 0 1 0 1 1 1 1 0 1 0 0 0 0 0
380	1	1 1 1 1 0 1 0 1 1 1 1 1 0 1 1 0 0 0 0 0
380	1	1 1 1 1 1 0 0 0 0 1 1 1 0 1 1 0 0 0 0 0
380	1	1 1 1 1 0 0 0 0 0 0 1 1 0 0 1 0 0 1 0 0
380	1	1 1 1 0 0 1 0 1 1 1 1 1 0 1 0 0 0 0 0 0
380	1	1 1 1 1 0 0 0 0 0 1 1 0 0 0 1 1 0 0 0 0
390	1	1 1 1 1 0 1 0 0 0 0 1 1 0 1 1 0 0 0 0 0
390	2	1 1 1 1 0 0 1 1 0 1 1 0 0 1 0 0 0 0 0 0
390	3	1 1 1 1 0 0 0 1 0 1 1 1 1 0 1 0 0 0 0 0
390	3	1 1 1 1 0 0 0 0 0 1 1 1 0 0 1 1 0 0 0 0
390	1	1 1 1 1 0 1 0 0 0 0 1 0 0 1 1 0 0 0 0 0
390	2	1 1 1 1 0 0 0 0 0 0 1 1 0 0 1 0 0 0 0 0
390	2	1 1 1 0 0 0 1 1 0 1 1 0 0 1 0 0 0 0 0 0
390	1	1 1 1 1 0 0 0 0 0 0 1 0 1 1 1 0 0 0 0 0
390	2	1 1 1 1 0 0 0 0 0 1 1 1 0 1 1 0 0 0 0 0
390	1	1 1 1 0 0 1 0 1 1 1 1 1 0 1 1 0 0 0 0 0
390	1	1 1 1 0 0 0 1 0 0 1 1 1 1 1 0 0 0 0 0 0
390	1	1 1 1 1 0 1 0 0 0 0 0 1 0 1 1 0 0 0 0 0
390	1	1 0 0 1 0 0 0 0 0 0 1 0 0 1 1 0 0 0 0 0
390	2	1 1 1 1 0 1 0 0 0 1 0 0 0 1 1 0 0 0 0 0
390	7	1 1 1 1 0 1 0 1 0 0 0 1 0 1 1 0 0 0 0 0
390	1	1 0 1 1 0 0 0 0 0 1 1 1 0 0 1 1 0 0 0 0
390	1	1 1 1 1 0 0 0 1 0 1 1 0 0 1 1 0 0 0 0 0
390	1	1 1 1 1 0 0 0 0 0 0 1 1 0 1 1 0 0 0 0 0
390	1	1 1 1 1 0 0 0 0 1 0 0 1 1 1 1 0 0 0 1 0
390	1	1 1 1 0 0 0 0 0 0 0 1 0 1 1 1 0 0 0 0 0
390	2	1 1 1 1 0 0 1 0 0 1 1 1 0 0 1 1 0 0 0 0
390	1	1 1 1 1 0 1 0 1 1 1 1 1 0 1 1 0 0 0 0 0
390	1	1 1 1 1 0 0 0 1 0 1 1 0 0 1 0 0 1 0 0 0
390	1	0 1 1 1 0 1 0 0 0 0 1 0 0 1 1 0 0 0 1 0
390	1	0 0 1 0 1 0 1 0 0 1 1 0 0 0 1 0 0 0 0 0
390	1	1 1 1 1 0 0 1 1 1 1 1 1 0 1 1 0 0 0 0 0
390	1	1 1 1 1 0 0 0 0 0 0 1 1 0 0 1 1 0 0 0 0
390	1	0 1 1 1 0 0 0 0 0 1 1 1 0 1 1 0 0 0 0 0
390	1	1 1 1 1 0 0 0 0 0 0 1 1 0 0 1 0 0 0 0 1
390	1	1 1 1 1 0 1 0 0 0 1 0 0 0 1 1 1 0 0 0 0
390	1	1 1 1 0 0 0 0 0 0 1 1 1 0 0 1 1 0 0 0 0
390	1	1 1 1 0 0 0 1 0 0 1 1 0 0 1 0 0 0 0 0 0
390	1	1 1 1 1 0 1 0 0 0 0 1 0 1 1 1 0 0 0 0 0
390	1	0 1 1 1 0 1 0 0 0 0 1 0 0 1 1 1 1 0 0 0
400	2	1 1 1 1 0 0 0 0 0 1 1 1 0 0 1 1 0 0 0 0
400	2	1 1 1 1 0 0 0 1 0 1 1 1 1 1 1 0 0 0 0 0
400	7	1 1 1 1 0 0 0 0 0 0 1 1 0 0 1 0 0 0 0 0
400	3	1 1 1 0 0 0 1 1 0 1 1 0 0 1 0 0 0 0 0 0
400	3	1 1 1 1 0 0 0 0 0 0 1 0 1 1 1 0 0 0 0 0
400	1	1 1 1 1 0 0 0 0 0 1 1 1 0 1 1 0 0 0 0 0
400	1	1 1 1 0 0 1 0 1 1 1 1 1 0 1 1 0 0 0 0 0
400	2	1 1 1 1 0 1 0 1 0 0 0 1 0 1 1 0 0 0 0 0
400	1	1 1 1 0 0 0 1 1 0 0 1 0 0 1 0 0 0 0 0 0
400	1	1 1 1 1 0 0 0 1 0 1 1 0 0 1 1 0 0 0 0 0
400	1	1 1 1 1 0 1 0 0 0 1 1 1 0 0 1 1 0 0 0 0
400	1	1 1 1 1 0 0 0 0 0 0 1 1 0 1 1 0 0 0 0 0
400	2	1 1 1 1 0 0 0 0 1 0 0 1 1 1 1 0 0 0 1 0
400	1	1 1 1 0 0 0 0 0 0 0 1 0 1 1 1 0 0 0 0 0
400	1	1 1 1 0 0 1 0 1 1 1 1 1 0 1 1 0 0 1 0 0
400	1	1 1 1 1 0 0 1 1 1 1 1 1 0 1 1 0 0 0 0 0
400	1	1 1 1 1 0 0 1 0 0 1 1 1 0 0 1 1 0 0 0 1
400	1	1 1 1 1 0 0 0 0 0 0 1 0 0 0 1 0 0 0 0 0
400	1	1 1 1 1 0 0 0 0 0 0 1 1 0 0 0 0 0 0 0 0
400	1	1 1 1 0 0 1 0 1 1 1 1 1 1 0 1 0 0 0 0 0
400	1	1 1 1 0 0 0 1 1 0 1 1 1 0 0 1 0 0 0 0 0
400	1	1 1 1 1 0 0 0 0 0 0 0 1 0 0 0 0 0 0 0 0
400	1	1 1 1 0 0 0 1 1 0 1 1 0 1 1 0 0 0 0 0 0
400	1	1 1 1 0 0 0 1 1 0 0 1 0 1 1 1 0 0 0 0 0
400	1	1 1 1 1 0 1 0 1 0 0 0 1 0 1 0 0 0 0 0 0
400	1	1 1 1 1 1 0 0 1 0 1 1 1 1 1 1 0 0 0 0 0
400	1	1 1 1 0 0 0 1 1 0 1 1 0 0 1 0 0 0 0 0 1
400	1	1 0 1 1 0 0 0 0 0 1 1 1 0 0 1 0 0 0 1 0
400	2	1 1 1 0 0 0 0 1 0 0 0 1 0 1 0 0 0 0 0 0
400	1	0 1 1 1 0 0 0 0 0 1 1 1 0 0 1 1 0 0 0 0
400	1	1 1 1 1 0 0 0 0 0 0 1 0 0 1 1 1 0 0 0 0
400	1	1 1 1 0 0 0 1 1 0 1 1 1 1 1 1 0 1 0 0 0
400	1	0 1 1 0 0 0 1 1 0 1 1 0 0 1 0 0 0 0 0 0
400	1	1 1 1 1 0 1 0 0 0 1 0 0 0 0 1 0 0 0 0 0
400	1	1 1 1 1 1 0 0 0 0 0 0 0 1 1 1 0 0 0 0 0
410	2	1 1 1 1 0 0 0 1 0 1 1 1 1 0 1 0 0 0 0 0
410	4	1 1 1 1 0 0 0 0 0 1 1 1 0 0 1 1 0 0 0 0
410	2	1 1 1 1 0 0 0 1 0 1 1 1 1 1 1 0 0 0 0 0
410	6	1 1 1 1 0 0 0 0 0 0 1 1 0 0 1 0 0 0 0 0
410	1	1 1 1 0 0 0 1 1 0 1 1 0 0 1 0 0 0 0 0 0
410	1	1 1 1 1 0 0 0 0 0 0 1 0 1 1 1 0 0 0 0 0
410	1	1 1 1 1 0 0 0 0 0 1 1 1 0 1 1 0 0 0 0 0
410	2	1 1 1 0 0 1 0 1 1 1 1 1 0 1 1 0 0 0 0 0
410	1	1 1 1 1 0 1 0 1 0 0 0 1 0 1 1 0 0 0 0 0
410	2	1 1 1 0 0 0 1 1 0 0 1 0 0 1 0 0 0 0 0 0
410	1	1 1 1 1 0 0 0 1 0 1 1 0 0 1 1 0 0 0 0 0
410	3	1 1 1 1 0 0 0 0 0 0 1 0 0 0 1 0 0 0 0 0
410	1	1 1 1 0 0 1 0 1 1 1 1 1 1 0 1 0 0 0 0 0
410	1	1 1 1 0 0 0 1 1 0 1 1 1 0 0 1 0 0 0 0 0
410	2	1 1 1 0 0 0 1 1 0 1 1 0 1 1 0 0 0 0 0 0
410	1	1 1 1 0 0 0 1 1 0 1 1 0 0 1 0 0 1 0 0 0
410	1	1 1 1 0 0 0 1 1 0 1 1 0 0 1 0 0 0 0 0 1
410	1	1 1 1 1 0 0 1 0 1 0 0 1 1 1 1 0 0 0 1 0
410	2	1 1 1 0 0 0 1 1 0 1 1 1 0 1 0 0 0 0 0 0
410	3	1 1 1 0 0 0 0 0 1 0 1 0 1 1 1 0 0 0 0 0
410	1	1 1 1 0 0 0 1 1 0 1 1 1 1 1 1 0 1 0 0 0
410	1	1 0 1 1 0 1 0 1 0 0 0 1 1 1 1 0 1 0 0 0
410	1	1 1 1 0 0 0 1 1 0 0 1 0 0 1 0 0 0 1 0 0
410	1	1 0 1 1 0 0 1 1 0 1 1 0 0 1 0 0 0 0 0 0
410	1	1 1 1 1 0 1 0 0 0 0 0 1 0 1 0 0 0 0 0 0
410	1	1 0 1 0 0 0 1 1 0 1 1 0 0 1 0 0 0 0 0 0
410	1	1 1 1 1 0 1 0 1 0 0 1 1 0 0 1 0 0 0 0 0
410	1	1 1 1 0 0 0 1 1 0 1 1 1 0 0 1 1 0 0 0 0
410	1	1 1 1 0 0 0 1 1 1 1 1 1 0 1 1 0 0 0 0 0
410	1	1 0 1 1 1 0 0 0 0 1 1 1 0 0 1 1 0 0 0 0
410	1	1 1 1 0 0 1 0 1 1 1 1 1 1 0 1 0 0 0 0 1
410	1	1 1 0 0 1 0 0 0 0 0 1 0 1 1 1 0 0 0 0 0
420	1	1 1 1 1 0 0 1 1 0 1 1 0 0 1 0 0 0 0 0 0
420	2	1 1 1 1 0 0 0 1 0 1 1 1 1 0 1 0 0 0 0 0
420	2	1 1 1 1 0 0 0 0 0 1 1 1 0 0 1 1 0 0 0 0
420	6	1 1 1 1 0 0 0 0 0 0 1 1 0 0 1 0 0 0 0 0
420	6	1 1 1 0 0 0 1 1 0 1 1 0 0 1 0 0 0 0 0 0
420	1	1 1 1 1 0 0 0 0 0 1 1 1 0 1 1 0 0 0 0 0
420	2	1 1 1 0 0 1 0 1 1 1 1 1 0 1 1 0 0 0 0 0
420	2	1 1 1 1 0 1 0 1 0 0 0 1 0 1 1 0 0 0 0 0
420	2	1 0 1 1 0 0 0 0 0 1 1 1 0 0 1 1 0 0 0 0
420	1	1 0 1 1 0 0 0 0 0 1 1 1 0 0 1 0 0 0 0 0
420	1	0 1 1 1 0 1 0 1 0 0 0 1 0 1 1 0 0 0 0 0
420	1	1 1 1 1 0 1 0 1 0 0 0 1 1 1 1 0 1 0 0 0
420	1	1 1 1 0 0 1 0 1 1 1 1 1 1 0 1 0 0 0 0 0
420	1	1 1 1 0 0 0 1 1 0 1 1 0 1 1 0 0 0 0 0 0
420	1	1 1 1 0 0 0 1 1 0 0 1 0 1 1 1 0 0 0 0 0
420	1	1 1 1 0 0 0 1 1 0 1 1 0 0 1 0 0 1 0 0 0
420	1	1 0 1 1 0 0 0 0 0 1 1 1 0 0 1 0 0 0 1 0
420	2	1 1 1 1 0 0 0 1 0 1 1 1 1 0 0 0 0 0 0 0
420	1	1 1 1 1 0 1 0 0 0 0 0 1 0 1 1 0 0 1 0 0
420	1	1 1 1 1 0 0 0 0 1 0 1 0 0 0 1 0 0 0 0 0
420	1	1 1 1 1 0 0 1 1 0 1 1 0 0 1 0 0 1 0 0 0
420	2	1 1 1 0 0 0 0 1 0 1 1 1 1 0 1 0 0 0 0 0
420	1	1 1 1 0 0 1 0 1 0 0 1 0 0 1 0 0 0 0 0 0
420	1	1 1 1 1 0 1 0 1 1 1 1 1 1 0 1 0 0 0 0 0
420	1	1 1 1 0 0 1 0 1 0 1 1 1 1 0 1 0 0 0 0 0
420	2	1 1 1 1 0 0 0 0 0 0 1 0 0 1 1 0 0 0 0 0
420	1	1 1 1 1 0 1 0 0 0 0 1 0 1 1 1 0 0 0 0 0
420	1	1 1 1 1 0 0 0 1 0 1 1 1 1 1 0 0 0 0 0 0
420	1	1 1 1 0 0 1 0 0 1 1 1 1 0 1 1 0 0 0 0 0
420	1	1 1 1 1 0 1 0 1 1 1 1 1 1 1 1 0 0 0 0 0
420	1	1 0 1 1 0 0 0 1 0 1 1 0 0 1 0 0 0 0 0 0
420	1	0 1 1 0 0 0 0 0 0 0 1 0 1 1 1 0 0 0 0 0
430	2	1 1 1 1 0 0 0 0 0 1 1 1 0 0 1 1 0 0 0 0
430	1	1 1 1 1 0 0 0 1 0 1 1 1 1 1 1 0 0 0 0 0
430	4	1 1 1 1 0 0 0 0 0 0 1 1 0 0 1 0 0 0 0 0
430	8	1 1 1 0 0 0 1 1 0 1 1 0 0 1 0 0 0 0 0 0
430	2	1 1 1 1 0 0 0 0 0 1 1 1 0 1 1 0 0 0 0 0
430	2	1 0 1 1 0 0 0 0 0 1 1 1 0 0 1 1 0 0 0 0
430	2	1 0 1 1 0 0 0 0 0 1 1 1 0 0 1 0 0 0 0 0
430	1	1 1 1 1 0 0 0 0 0 0 1 0 0 0 1 0 0 0 0 0
430	4	1 0 1 1 0 0 0 1 0 1 1 1 1 1 1 0 0 0 0 0
430	1	1 1 1 0 0 1 0 1 1 1 1 1 1 0 1 0 0 0 0 0
430	1	1 1 1 0 0 0 1 1 0 1 1 0 1 1 0 0 0 0 0 0
430	1	1 1 1 0 0 0 1 1 0 1 1 0 0 1 0 0 0 0 0 1
430	2	1 1 1 0 0 0 0 1 0 0 0 1 0 1 0 0 0 0 0 0
430	2	1 1 1 1 0 0 0 0 0 1 1 1 0 0 1 0 0 0 0 0
430	2	1 1 1 1 0 0 0 0 0 0 1 0 0 1 1 1 0 0 0 0
430	1	1 1 1 1 0 1 0 0 0 0 0 1 0 1 0 0 0 0 0 0
430	2	1 1 1 1 0 0 0 0 0 1 1 0 0 1 0 0 0 0 0 0
430	2	1 1 1 0 0 0 0 1 0 1 1 1 1 0 1 0 0 0 0 0
430	1	1 1 1 1 1 0 1 0 0 1 1 1 0 0 1 1 0 0 0 0
430	1	1 0 1 1 0 0 0 0 0 0 1 1 0 0 1 0 0 0 0 0
430	1	1 1 1 1 0 0 0 0 0 1 1 1 0 0 1 0 0 1 0 0
430	1	0 1 1 0 1 0 1 1 0 1 1 0 0 1 0 0 0 0 0 0
430	1	1 0 1 0 0 1 0 1 0 1 1 1 1 0 1 0 0 0 0 0
430	1	1 1 0 0 1 0 1 0 0 1 1 0 1 1 0 0 0 0 0 0
430	1	1 1 1 0 0 0 1 1 0 1 1 0 0 0 0 0 0 0 0 0
430	1	1 1 1 1 0 0 0 0 0 0 1 1 1 0 0 0 0 0 0 0
430	1	1 1 1 0 0 1 0 1 0 0 1 1 0 0 1 0 0 0 0 0
430	1	1 1 1 0 0 0 1 1 0 1 1 0 0 1 0 0 0 0 1 0
440	2	1 1 1 1 0 0 0 0 0 1 1 1 0 0 1 1 0 0 0 0
440	1	1 1 1 1 0 0 0 1 0 1 1 1 1 1 1 0 0 0 0 0
440	5	1 1 1 1 0 0 0 0 0 0 1 1 0 0 1 0 0 0 0 0
440	7	1 1 1 0 0 0 1 1 0 1 1 0 0 1 0 0 0 0 0 0
440	2	1 1 1 0 0 1 0 1 1 1 1 1 0 1 1 0 0 0 0 0
440	1	1 1 1 1 0 1 0 1 0 0 0 1 0 1 1 0 0 0 0 0
440	1	1 0 1 1 0 0 0 1 0 1 1 1 1 1 1 0 0 0 0 0
440	2	1 1 1 0 0 0 1 1 0 1 1 0 1 1 0 0 0 0 0 0
440	2	1 1 1 0 0 0 1 1 0 1 1 0 0 1 0 0 0 0 0 1
440	3	1 1 1 0 0 0 0 1 0 0 0 1 0 1 0 0 0 0 0 0
440	1	1 1 1 0 0 0 0 0 1 0 1 0 1 1 1 0 0 0 0 0
440	1	1 1 0 0 1 0 0 0 0 0 1 0 1 1 1 0 0 0 0 0
440	2	1 1 1 1 1 0 1 0 0 1 1 1 0 0 1 1 0 0 0 0
440	2	0 1 1 1 0 0 0 0 0 0 1 1 0 1 1 0 0 0 0 0
440	1	1 1 1 0 1 1 0 1 1 1 1 1 1 0 1 0 0 0 0 0
440	1	1 1 1 1 0 0 0 0 0 1 1 1 0 0 1 0 0 1 0 0
440	1	0 1 1 0 1 0 1 1 0 1 1 0 0 1 0 0 0 0 0 0
440	1	1 0 1 0 0 1 0 1 0 1 1 1 1 0 1 0 0 0 0 0
440	1	1 1 0 0 1 0 1 0 0 1 1 0 1 1 0 0 0 0 0 0
440	1	1 1 1 1 0 0 0 0 0 0 1 1 0 1 1 0 0 0 0 0
440	1	1 1 1 1 0 0 0 1 0 1 1 0 1 0 0 0 0 0 0 0
440	2	1 1 1 0 0 1 0 1 0 0 1 1 0 0 1 0 0 0 0 0
440	1	1 1 1 0 0 0 1 1 0 1 1 0 1 0 1 0 0 0 1 0
440	1	1 0 1 1 0 0 0 1 0 1 1 1 0 1 1 0 0 0 0 0
440	1	1 0 0 1 0 0 0 0 0 0 1 1 0 0 1 0 0 0 0 0
440	1	1 0 1 1 1 0 0 1 0 1 0 1 1 1 1 0 0 0 0 0
440	1	1 0 1 1 0 0 0 0 0 1 1 1 0 0 0 0 0 0 0 0
440	1	1 1 1 0 0 0 1 1 0 1 1 0 1 1 0 0 0 1 0 0
440	1	1 1 1 0 1 0 1 1 0 1 1 0 1 1 0 0 0 0 0 0
440	1	1 1 1 1 0 0 0 0 0 0 1 1 0 1 0 0 0 0 0 0
440	1	0 1 1 1 0 1 0 1 0 0 0 1 0 1 1 1 0 0 0 0
450	2	1 1 1 1 0 0 0 0 0 0 1 1 0 0 1 0 0 0 0 0
450	5	1 1 1 0 0 0 1 1 0 1 1 0 0 1 0 0 0 0 0 0
450	1	1 1 1 1 0 0 0 0 0 1 1 1 0 1 1 0 0 0 0 0
450	3	1 0 1 1 0 0 0 0 0 1 1 1 0 0 1 1 0 0 0 0
450	2	1 1 1 0 0 0 1 1 0 1 1 0 0 1 0 0 0 0 0 1
450	1	1 1 1 0 0 0 0 1 0 0 0 1 0 1 0 0 0 0 0 0
450	2	1 1 1 1 0 0 0 0 0 0 1 0 0 1 1 1 0 0 0 0
450	1	1 0 1 1 0 0 1 1 0 1 1 0 0 1 0 0 0 0 0 0
450	3	1 1 0 0 1 0 0 0 0 0 1 0 1 1 1 0 0 0 0 0
450	1	1 1 1 0 0 0 0 0 0 1 1 1 0 1 1 0 0 0 0 0
450	1	1 0 1 1 0 0 1 1 0 1 1 1 1 1 1 0 0 0 0 0
450	1	1 1 1 1 0 0 1 0 0 0 1 1 0 0 1 0 0 0 0 0
450	2	0 1 1 1 0 0 0 0 0 0 1 1 0 1 1 0 0 0 0 0
450	1	1 0 1 0 0 1 0 1 0 1 1 1 1 0 1 0 0 0 0 0
450	1	1 1 1 0 0 1 0 1 0 0 1 1 0 0 1 0 0 0 0 0
450	1	1 1 1 0 0 0 1 1 0 1 1 1 0 1 1 0 0 0 0 0
450	2	1 1 1 1 0 0 1 1 0 1 1 0 1 1 0 0 0 0 0 0
450	1	1 0 1 0 0 0 1 1 0 1 1 1 1 1 1 0 0 0 0 0
450	1	1 0 1 1 0 0 0 0 0 1 0 1 0 0 1 1 0 0 0 1
450	1	1 1 1 0 0 0 1 1 0 1 1 0 1 1 0 0 0 1 0 0
450	1	1 1 1 0 1 0 1 1 0 1 1 0 1 1 0 0 0 0 0 0
450	1	1 1 1 0 0 0 1 1 0 1 0 0 0 1 0 0 0 0 0 1
450	1	1 1 1 0 0 0 1 1 0 1 1 1 1 1 1 0 0 0 0 0
450	1	1 1 1 1 1 0 1 0 0 1 1 1 0 0 1 1 0 1 0 0
450	1	1 1 1 0 0 0 0 0 1 0 1 1 0 1 0 0 0 0 0 0
450	1	1 1 1 0 0 0 1 1 0 1 1 1 0 1 0 1 0 0 0 0
450	1	1 1 1 0 0 1 1 1 0 1 1 0 1 1 0 0 0 0 0 0
450	1	1 1 1 0 1 0 1 0 0 0 1 1 0 0 1 0 0 0 0 0
450	1	1 0 1 0 0 1 0 1 0 1 1 1 1 0 0 1 0 0 0 0
450	1	1 0 1 1 0 0 1 1 0 1 1 1 1 1 0 0 0 0 0 0
450	1	1 0 1 0 0 1 0 1 1 1 1 1 0 1 1 0 0 0 0 0
450	1	1 1 1 1 0 0 1 1 0 1 1 1 0 1 0 0 0 0 0 0
450	1	1 0 1 0 0 0 0 1 0 0 0 1 0 1 0 0 0 0 0 0
450	1	1 1 1 1 0 0 1 1 0 1 1 1 1 1 0 0 0 0 0 0
450	1	1 1 1 1 0 0 1 1 0 1 1 0 0 1 0 0 1 1 0 0
450	2	1 1 1 1 0 0 0 0 0 0 1 1 1 0 0 0 0 0 0 0
460	1	1 1 1 1 0 0 0 0 0 1 1 1 0 0 1 1 0 0 0 0
460	2	1 1 1 1 0 0 0 1 0 1 1 1 1 1 1 0 0 0 0 0
460	1	1 1 1 1 0 0 0 0 0 0 1 1 0 0 1 0 0 0 0 0
460	3	1 1 1 0 0 0 1 1 0 1 1 0 0 1 0 0 0 0 0 0
460	1	1 0 1 1 0 0 0 0 0 1 1 1 0 0 1 0 0 0 0 0
460	3	1 1 1 0 0 0 0 1 0 0 0 1 0 1 0 0 0 0 0 0
460	2	1 0 1 1 0 0 1 1 0 1 1 0 0 1 0 0 0 0 0 0
460	1	1 1 1 1 0 0 1 1 0 1 1 0 0 1 0 0 1 0 0 0
460	3	1 0 1 1 0 0 1 1 0 1 1 1 1 1 1 0 0 0 0 0
460	1	1 1 1 0 0 0 1 1 0 1 0 0 0 1 0 0 0 0 0 0
460	1	1 1 1 0 0 1 0 1 0 0 1 1 0 0 1 0 0 0 0 0
460	1	1 1 1 0 0 0 0 0 1 0 0 1 0 1 0 0 0 0 0 0
460	1	1 1 1 0 0 0 1 1 0 1 1 0 1 0 1 0 0 0 1 0
460	1	1 1 1 1 0 0 1 1 0 1 1 0 1 1 0 0 0 0 0 0
460	1	1 1 1 0 0 1 1 1 0 1 1 0 0 1 0 0 0 0 0 0
460	2	1 1 1 1 1 0 1 0 0 1 1 1 0 0 1 1 0 1 0 0
460	2	1 1 1 0 0 0 1 1 0 1 1 0 0 1 0 0 1 1 0 0
460	1	1 1 1 0 0 0 1 1 0 1 1 1 0 1 0 1 0 0 0 0
460	1	1 1 1 0 1 0 1 0 0 0 1 1 0 0 1 0 0 0 0 0
460	3	1 1 1 1 0 0 0 1 0 1 1 1 1 1 0 0 0 1 0 0
460	1	1 0 1 0 0 0 1 1 0 1 1 0 1 1 0 0 0 0 0 0
460	1	1 1 1 0 0 0 0 0 0 0 1 0 0 1 1 0 0 0 0 0
460	1	1 1 1 0 1 0 1 1 1 1 1 0 1 1 0 0 0 0 0 0
460	2	1 1 1 0 1 0 1 1 0 1 1 0 0 1 1 0 0 0 0 1
460	1	1 1 1 0 0 0 0 0 0 1 1 1 0 0 1 0 0 0 0 0
460	1	1 1 1 0 0 0 1 1 1 1 1 0 0 1 0 0 0 0 0 0
460	2	1 1 1 0 0 0 0 1 0 0 0 1 0 1 0 0 0 0 1 0
460	1	1 1 1 1 0 0 1 1 0 1 1 0 0 1 0 0 1 1 1 0
460	1	1 1 1 1 0 0 1 1 0 1 1 1 1 0 1 0 0 0 1 0
460	1	1 1 1 1 0 0 0 0 0 0 1 1 0 1 1 1 0 0 0 0
460	1	1 1 1 0 0 1 0 1 0 0 1 1 0 1 0 0 0 0 0 0
460	1	1 1 1 1 0 1 0 1 0 0 0 1 1 1 1 0 0 0 0 0
460	1	1 1 1 0 1 0 1 1 1 1 0 0 1 1 0 0 0 0 0 0
460	1	1 1 1 0 0 0 0 0 0 1 1 0 0 0 1 0 0 0 0 0
460	1	1 1 1 1 0 1 1 1 0 0 0 1 0 1 1 0 0 0 0 0
460	1	1 1 1 0 0 0 0 1 0 1 1 1 1 1 1 0 0 0 0 0
470	1	1 1 1 1 0 0 0 0 0 1 1 1 0 0 1 1 0 0 0 0
470	1	1 1 1 1 0 0 0 0 0 0 1 1 0 0 1 0 0 0 0 0
470	4	1 1 1 0 0 0 1 1 0 1 1 0 0 1 0 0 0 0 0 0
470	1	1 1 1 0 0 0 0 1 0 0 0 1 0 1 0 0 0 0 0 0
470	1	1 1 1 1 0 0 1 1 0 1 1 0 0 1 0 0 1 0 0 0
470	1	1 0 1 1 0 0 1 1 0 1 1 1 1 1 1 0 0 0 0 0
470	1	1 0 1 0 0 1 0 1 0 1 1 1 1 0 1 0 0 0 0 0
470	2	1 1 1 0 0 1 0 1 0 0 1 1 0 0 1 0 0 0 0 0
470	2	1 1 1 0 0 0 0 0 1 0 0 1 0 1 0 0 0 0 0 0
470	1	1 1 1 0 0 0 1 1 0 1 1 0 1 0 1 0 0 0 1 0
470	1	1 1 1 0 0 0 1 1 0 1 1 0 0 1 0 0 1 0 0 0
470	2	1 1 1 1 0 0 1 1 0 1 1 0 1 1 0 0 0 0 0 0
470	1	1 1 1 0 0 1 1 1 0 1 1 0 0 1 0 0 0 0 0 0
470	1	1 0 1 1 1 0 0 1 0 1 0 1 1 1 1 0 0 0 0 0
470	2	1 0 1 0 0 1 0 1 0 1 1 1 1 0 0 0 0 0 0 0
470	1	1 1 1 0 0 0 1 1 0 1 1 0 0 1 0 0 1 1 0 0
470	1	1 1 1 0 1 0 1 1 0 1 1 0 0 1 0 0 0 0 0 1
470	1	1 1 1 0 1 0 1 0 0 0 1 1 0 0 1 0 0 0 0 0
470	1	1 0 1 1 0 0 1 1 0 0 0 1 0 1 1 0 0 0 0 0
470	1	1 0 1 0 0 0 1 1 0 1 1 0 1 1 0 0 0 0 0 0
470	1	1 1 1 1 0 0 0 0 1 0 1 1 0 0 1 0 0 0 0 0
470	1	0 1 1 0 0 0 1 1 0 1 1 0 0 1 0 0 0 0 0 0
470	1	1 1 1 0 1 0 1 1 1 1 1 0 1 1 0 0 0 0 0 0
470	1	1 1 1 1 0 0 0 0 1 1 1 1 0 0 1 1 0 0 0 0
470	2	1 1 1 0 0 0 1 1 0 0 1 0 1 1 0 0 0 0 0 0
470	1	1 1 1 0 0 0 0 0 0 1 1 1 0 0 1 0 0 0 0 0
470	1	1 1 1 0 1 0 1 1 0 1 1 0 0 1 0 0 0 0 0 0
470	1	1 0 1 0 0 0 1 1 0 1 1 0 0 1 1 0 0 0 0 0
470	1	1 1 1 0 0 1 1 1 0 0 1 1 0 0 1 0 0 0 0 0
470	1	1 1 1 1 0 0 0 0 0 1 0 1 0 1 0 0 0 0 0 0
470	1	1 1 1 0 1 0 1 1 1 0 0 0 1 1 0 0 0 0 0 0
470	1	1 1 1 1 0 0 0 0 0 1 1 1 0 0 1 1 1 0 0 0
470	1	1 1 1 1 0 0 1 1 1 0 1 0 1 1 1 0 0 0 0 0
470	1	1 1 1 0 1 0 1 1 1 0 0 0 0 1 0 0 0 0 0 0
470	1	1 1 1 0 0 1 1 1 0 1 1 0 0 1 0 0 1 1 0 0
470	1	1 1 1 1 0 1 1 1 0 1 1 0 0 1 0 0 0 0 0 0
470	1	1 0 1 0 0 0 0 0 0 1 1 1 0 0 1 0 0 0 0 0
470	1	1 1 1 1 0 0 1 1 0 1 1 0 1 1 0 0 0 1 0 0
470	1	1 1 1 0 0 0 1 1 0 1 1 0 1 1 0 0 0 0 1 0
470	1	1 1 1 0 0 0 0 0 1 0 0 1 0 0 1 0 0 0 0 0
470	1	1 1 0 0 0 0 0 0 0 0 1 0 1 1 1 0 0 0 0 0
470	1	1 1 1 0 0 1 0 1 0 0 1 1 0 1 0 1 0 0 0 1
480	5	1 1 1 0 0 0 1 1 0 1 1 0 0 1 0 0 0 0 0 0
480	4	1 1 1 0 0 0 0 1 0 0 0 1 0 1 0 0 0 0 0 0
480	1	1 1 0 0 1 0 0 0 0 0 1 0 1 1 1 0 0 0 0 0
480	2	1 0 1 1 0 0 1 1 0 1 1 1 1 1 1 0 0 0 0 0
480	1	1 0 1 1 1 0 0 1 0 1 0 1 1 1 1 0 0 0 0 0
480	1	0 1 0 0 1 0 0 0 0 0 1 0 1 1 1 0 0 0 0 0
480	1	1 1 1 0 1 0 1 0 0 0 1 1 0 0 1 0 0 0 0 0
480	4	1 0 1 0 0 0 1 1 0 1 1 0 1 1 0 0 0 0 0 0
480	1	1 1 1 1 0 0 0 0 0 1 1 1 0 1 0 0 0 0 0 0
480	3	1 0 1 0 1 0 1 1 0 1 1 0 1 1 0 0 0 0 0 0
480	1	1 1 1 0 1 0 1 1 1 1 1 0 1 1 0 0 0 0 0 0
480	1	1 1 1 0 0 0 1 1 0 0 1 0 1 1 0 0 0 0 0 0
480	1	1 1 1 0 0 0 0 0 0 1 1 1 0 0 1 0 0 0 0 0
480	2	1 0 1 0 0 0 1 1 0 1 1 0 0 1 1 0 0 0 0 0
480	1	1 1 1 1 0 0 1 1 0 1 1 0 0 1 0 0 0 0 0 0
480	1	1 1 1 0 1 0 1 1 1 0 0 0 1 1 0 0 0 0 0 0
480	1	1 1 1 0 0 1 1 1 0 1 1 0 0 1 0 0 1 1 0 0
480	1	1 1 1 0 0 0 1 1 0 1 1 0 1 1 0 0 0 0 1 0
480	1	1 0 1 1 0 0 0 0 0 1 1 1 1 0 0 0 0 0 0 0
480	1	1 1 1 1 0 0 1 1 0 1 1 0 0 1 1 0 0 0 0 0
480	1	1 1 1 0 1 0 1 0 0 0 1 1 0 0 0 0 0 0 0 0
480	1	0 0 1 1 0 0 1 1 0 1 1 0 0 1 0 0 0 0 1 0
480	1	0 0 1 0 0 0 1 1 0 1 1 0 1 1 0 0 0 0 0 0
480	1	1 1 0 0 1 1 1 1 0 0 0 1 0 1 0 0 0 0 0 0
480	1	1 1 1 0 1 0 1 1 1 1 0 0 1 1 0 0 0 0 0 0
480	2	1 0 1 0 0 0 1 1 0 1 1 0 0 1 0 0 1 0 0 0
480	2	1 0 1 0 0 0 1 1 0 1 1 0 1 1 0 1 0 0 0 0
480	1	1 1 0 0 0 0 0 0 0 0 1 0 1 1 1 0 0 0 1 0
480	1	1 1 1 1 0 0 0 0 0 0 1 1 0 1 1 0 0 0 0 1
480	1	0 0 1 1 0 0 1 1 0 1 1 0 0 1 0 0 0 1 1 0
480	1	1 1 1 0 1 0 1 1 0 1 1 0 0 1 0 0 1 0 0 0
480	1	1 0 1 1 0 0 0 0 1 1 1 1 0 0 1 0 0 0 1 0
480	1	1 1 1 0 0 0 0 0 0 1 1 1 0 0 0 0 0 0 0 0
480	1	1 1 1 0 0 1 1 1 0 1 1 0 0 1 0 0 1 0 0 0
490	2	1 1 1 1 0 0 0 0 0 1 1 1 0 0 1 1 0 0 0 0
490	11	1 1 1 0 0 0 1 1 0 1 1 0 0 1 0 0 0 0 0 0
490	4	1 0 1 1 0 0 0 0 0 1 1 1 0 0 1 1 0 0 0 0
490	1	1 1 1 0 0 0 0 1 0 0 0 1 0 1 0 0 0 0 0 0
490	2	1 0 1 1 0 0 1 1 0 1 1 0 0 1 0 0 0 0 0 0
490	1	1 1 1 0 0 0 0 0 1 0 0 1 0 1 0 0 0 0 0 0
490	1	1 0 1 1 1 0 0 1 0 1 0 1 1 1 1 0 0 0 0 0
490	1	1 0 1 0 0 1 0 1 0 1 1 1 1 0 0 0 0 0 0 0
490	3	1 0 1 0 1 0 1 1 0 1 1 0 1 1 0 0 0 0 0 0
490	2	1 1 1 1 0 0 1 1 0 1 1 0 0 1 0 0 0 0 0 0
490	1	1 1 1 0 0 1 1 1 0 1 1 0 0 1 0 0 1 1 0 0
490	1	1 1 1 0 0 0 1 1 0 1 1 0 1 1 0 0 0 0 1 0
490	1	0 1 1 0 0 0 1 1 1 0 1 0 1 1 1 0 0 0 0 0
490	1	1 1 1 0 0 0 0 1 0 1 1 0 0 1 0 0 0 0 0 0
490	1	1 1 1 0 0 0 0 0 1 0 0 0 0 1 0 0 0 0 0 0
490	3	1 1 1 0 0 1 0 0 1 0 0 1 0 1 0 0 0 0 0 0
490	1	1 1 1 0 0 0 1 1 0 1 1 1 0 1 1 0 0 0 0 0
490	3	1 0 1 0 0 0 1 1 0 1 1 1 1 1 1 0 0 1 1 0
490	1	1 0 1 1 0 0 0 0 0 1 1 0 1 1 0 0 0 0 0 0
490	1	1 0 1 0 0 0 0 0 1 0 0 1 0 1 0 0 0 0 0 0
490	1	1 1 1 0 0 0 1 1 0 1 1 0 0 1 0 0 0 1 0 0
490	1	1 0 1 1 0 0 0 0 0 1 1 1 0 0 1 1 0 0 0 1
490	1	1 1 1 1 0 0 0 0 0 1 0 0 0 1 0 0 0 0 0 0
490	1	1 0 1 0 0 0 1 1 0 1 1 1 0 1 1 0 0 0 1 0
490	1	1 1 1 0 1 0 1 1 0 1 1 0 1 1 0 0 0 1 0 0
490	1	1 1 1 0 0 0 1 1 0 1 1 0 1 1 0 0 0 0 0 0
490	1	1 0 1 0 1 0 1 0 0 1 1 0 1 1 0 0 0 0 0 0
490	1	1 1 1 1 0 0 0 1 0 1 1 1 0 0 1 1 0 0 0 0
500	5	1 1 1 0 0 0 1 1 0 1 1 0 0 1 0 0 0 0 0 0
500	2	1 0 1 1 0 0 0 0 0 1 1 1 0 0 1 0 0 0 0 0
500	1	1 1 1 0 0 0 0 1 0 0 0 1 0 1 0 0 0 0 0 0
500	1	1 0 1 1 0 0 1 1 0 1 1 1 1 1 1 0 0 0 0 0
500	1	1 0 1 0 0 1 0 1 0 1 1 1 1 0 1 0 0 0 0 0
500	1	1 1 1 0 0 0 1 1 0 1 1 0 1 0 1 0 0 0 1 0
500	1	1 0 1 0 0 1 0 1 0 1 1 1 1 0 0 0 0 0 0 0
500	1	1 1 1 0 0 0 0 0 0 0 1 1 0 0 1 0 0 0 0 0
500	4	1 0 1 0 0 0 1 1 0 1 1 0 1 1 0 0 0 0 0 0
500	2	1 0 1 0 1 0 1 1 0 1 1 0 1 1 0 0 0 0 0 0
500	1	1 1 1 1 0 0 1 1 0 1 1 0 0 1 0 0 0 0 0 0
500	1	1 1 1 1 0 0 1 1 1 0 1 0 1 1 1 0 0 0 0 0
500	1	1 1 1 0 1 0 1 1 1 0 0 0 0 1 0 0 0 0 0 0
500	2	1 1 1 0 0 1 1 1 0 1 1 0 0 1 0 0 1 1 0 0
500	1	1 1 1 0 0 0 0 0 1 0 0 1 0 0 1 0 0 0 0 0
500	1	1 1 1 0 0 0 0 0 0 1 1 1 0 0 1 1 0 0 0 0
500	1	1 1 1 0 1 0 1 1 0 1 1 0 1 1 0 0 0 0 0 0
500	1	1 1 1 0 0 1 1 1 0 1 1 0 0 1 0 0 1 0 0 0
500	1	1 1 1 0 0 0 1 1 0 1 1 1 0 1 1 0 0 0 0 0
500	1	1 0 1 0 0 0 1 1 0 1 1 1 1 1 1 0 0 1 1 0
500	1	1 0 1 1 0 0 0 0 0 1 1 0 1 1 0 0 0 0 0 0
500	1	1 0 1 0 1 0 1 1 0 1 1 0 1 0 1 0 0 0 0 0
500	2	1 0 1 0 0 0 1 1 0 1 1 0 0 1 0 0 0 0 0 0
500	1	1 0 1 0 0 0 1 1 1 1 1 0 0 1 0 0 0 0 0 0
500	1	1 0 1 0 1 0 1 1 0 1 0 0 1 1 0 0 0 0 0 0
500	1	0 1 1 0 0 1 1 1 0 1 1 0 0 1 0 0 1 1 0 0
500	1	1 1 1 0 1 0 1 0 0 0 1 1 0 0 1 0 1 0 0 0
500	2	1 0 1 0 0 0 0 0 0 1 1 1 0 0 1 0 0 0 0 0
500	1	1 1 1 1 0 0 1 1 1 0 1 0 1 0 1 1 0 0 0 0
500	1	1 1 1 0 0 1 1 1 0 1 1 1 0 0 1 1 0 0 0 0
500	2	1 1 1 0 0 0 1 1 0 1 1 1 0 1 0 0 0 0 0 0
500	1	1 0 1 0 0 0 0 1 0 0 0 1 0 1 0 0 0 0 0 0
500	1	1 1 1 0 0 0 1 1 0 1 1 1 0 0 1 0 0 0 0 0
500	1	1 1 1 0 0 0 0 1 0 1 1 0 0 1 0 0 1 0 0 0
500	1	0 0 1 1 0 0 1 1 0 1 1 0 0 1 1 0 0 0 0 0
500	1	0 0 1 1 0 0 1 1 0 1 1 0 0 1 0 0 0 0 0 0
500	1	1 1 1 0 0 0 1 1 0 1 1 1 0 1 1 0 0 0 1 0
