0	250	0 0 0 0 0 0 0 0 1 1 0 0 0 1 0 0 0 1 0 0
0	250	1 0 0 0 0 0 0 1 0 0 0 0 0 0 0 1 0 0 0 0
0	250	0 0 0 1 1 0 0 0 0 0 1 1 0 1 1 0 0 1 1 0
0	250	0 0 0 0 1 0 0 0 0 0 0 0 0 1 0 0 0 1 0 0
50	149	1 0 0 0 0 0 0 1 0 0 0 0 0 0 0 1 0 0 0 0
50	44	0 0 0 1 1 0 0 0 0 0 1 1 0 1 1 0 0 1 1 0
50	11	1 0 0 0 0 0 1 1 0 0 0 0 0 0 0 1 0 0 0 0
50	29	0 0 0 1 1 0 0 0 0 0 1 1 0 1 1 0 0 0 1 0
50	42	0 0 0 1 1 1 0 0 0 0 1 1 0 1 1 0 0 1 1 0
50	13	0 0 0 1 1 0 0 0 0 0 1 1 0 1 1 0 0 1 0 0
50	6	0 0 0 0 0 0 0 1 0 0 0 0 0 0 0 1 0 0 0 0
50	21	1 0 0 0 0 0 0 1 0 0 1 0 0 0 0 1 0 0 0 0
50	3	0 0 0 1 1 0 0 0 0 0 1 1 0 1 1 0 0 1 1 1
50	8	1 0 0 1 0 0 0 1 0 0 0 0 0 0 0 1 0 0 0 0
50	12	0 0 0 1 1 0 0 0 0 0 1 1 0 1 1 1 0 1 1 0
50	9	1 1 0 0 0 0 0 1 0 0 0 0 0 0 0 1 0 0 0 0
50	38	1 0 0 0 0 0 0 1 0 0 0 0 0 0 0 1 1 0 0 0
50	22	1 0 0 0 0 0 0 1 1 0 1 0 0 0 0 1 0 0 0 0
50	15	0 0 0 1 1 0 0 0 0 0 1 1 0 1 1 1 0 0 1 0
50	6	1 0 0 0 0 0 0 1 0 1 0 0 0 0 0 1 0 0 0 0
50	18	0 0 0 1 1 0 0 0 0 0 1 1 1 1 1 0 0 1 1 0
50	11	1 0 0 1 0 0 0 1 0 0 1 0 0 0 0 1 0 0 0 0
50	8	1 0 0 1 1 0 0 0 0 0 1 1 0 1 1 0 0 1 1 0
50	5	1 0 0 0 0 0 0 1 0 0 0 0 0 0 0 1 0 1 0 0
50	41	0 0 0 0 0 1 0 1 1 1 0 0 0 1 0 0 0 1 0 0
50	22	0 0 0 1 1 0 0 0 0 0 1 1 0 1 1 0 0 0 0 0
50	17	1 0 0 0 0 0 0 1 0 0 1 1 0 1 1 0 0 1 1 0
50	3	0 0 0 1 1 1 0 0 0 0 1 1 0 1 1 0 1 1 1 0
50	4	0 0 0 1 1 0 1 0 0 0 1 1 0 1 1 1 0 1 1 0
50	1	0 0 0 1 1 0 0 1 0 0 1 1 0 1 1 0 0 1 1 1
50	22	1 0 0 0 0 0 0 1 0 0 0 0 0 0 0 0 0 1 1 0
50	1	1 0 0 0 0 0 1 1 0 0 1 0 0 0 0 1 0 0 0 0
50	39	1 0 0 0 0 0 1 1 0 0 0 0 1 0 0 1 0 0 0 0
50	3	1 0 0 0 0 0 0 1 1 1 1 0 0 0 0 1 0 0 0 0
50	3	1 0 0 1 0 0 0 1 0 1 1 0 0 0 0 1 0 0 0 0
50	4	0 0 0 1 1 0 0 1 0 0 1 0 0 1 1 0 0 0 0 0
50	2	1 0 0 0 1 0 0 0 0 0 1 1 0 1 1 0 0 1 1 0
50	9	0 0 0 1 1 0 0 0 0 0 1 1 0 0 1 0 1 1 1 0
50	4	1 0 0 1 0 0 0 1 1 0 0 0 0 0 0 1 0 0 0 0
50	48	1 0 1 0 0 0 1 1 0 0 0 0 0 0 0 1 0 0 0 0
50	6	0 0 0 0 1 0 0 0 0 0 1 1 0 0 1 0 0 1 1 0
50	23	1 0 1 1 0 0 0 1 0 0 1 0 0 0 0 1 0 0 0 0
50	8	1 0 0 0 0 0 0 1 0 0 0 0 0 0 0 1 0 0 0 1
50	3	1 0 0 0 0 0 1 1 0 0 0 0 0 0 0 1 1 0 0 0
50	17	1 0 0 1 0 0 1 1 0 0 0 0 0 0 0 1 0 0 0 0
50	14	0 0 0 1 1 0 0 1 0 0 1 1 0 1 1 0 0 0 1 0
50	3	0 0 0 0 0 0 0 0 1 1 0 0 0 1 0 0 0 0 0 0
50	3	0 0 0 0 0 0 0 1 0 0 0 0 0 0 0 1 0 1 0 0
50	2	1 0 0 0 0 0 0 1 1 0 1 0 0 0 0 1 0 0 0 1
50	1	1 0 0 0 0 0 0 1 0 0 1 1 0 0 0 1 0 0 0 0
50	6	0 0 1 0 0 1 0 1 1 1 0 0 0 1 0 0 0 1 0 0
50	6	1 0 0 0 0 0 0 1 0 0 1 0 0 0 0 1 0 0 1 0
50	1	1 0 0 1 0 0 1 1 0 0 0 0 0 0 0 1 0 0 1 0
50	5	1 0 0 0 0 0 0 1 0 0 0 0 0 0 1 1 0 0 0 0
50	2	1 0 0 0 1 0 0 0 0 0 1 1 0 0 1 0 0 1 1 0
50	7	0 0 0 1 1 0 0 1 0 0 1 0 0 1 1 0 0 1 1 0
50	4	1 0 1 0 0 1 0 1 1 1 0 0 0 1 0 0 0 1 0 0
50	5	1 0 0 0 0 0 0 0 1 1 0 1 0 1 1 1 0 0 0 0
50	1	0 0 0 1 1 0 0 1 0 0 1 1 0 0 1 0 0 1 1 0
50	6	0 0 0 1 1 0 0 0 0 0 1 1 0 1 0 0 0 0 1 0
50	11	0 0 0 1 1 0 1 0 0 0 1 1 1 1 1 1 0 1 1 0
50	4	0 1 0 0 0 0 0 1 0 0 0 0 0 1 0 1 0 0 0 0
50	7	0 0 1 1 1 0 0 1 0 0 0 0 0 0 0 1 0 0 0 0
50	4	0 0 0 1 0 0 0 1 0 0 1 1 0 1 1 0 0 1 1 0
50	2	0 0 0 1 1 1 0 0 0 0 1 1 0 1 1 0 0 0 0 0
50	2	1 0 0 0 0 0 0 1 0 0 0 0 0 1 0 1 0 0 0 0
50	5	0 0 0 0 0 1 0 1 1 1 0 0 0 1 0 1 0 1 0 0
50	8	1 0 0 1 1 0 0 0 0 0 1 1 0 0 1 0 1 1 1 0
50	4	1 0 0 0 0 0 0 1 0 0 0 0 0 0 0 1 0 0 1 0
50	4	1 0 0 0 0 0 1 1 1 0 0 0 0 0 0 0 0 0 0 0
50	4	0 0 0 1 1 0 0 1 0 0 1 1 0 1 1 0 0 1 1 0
50	1	1 0 0 0 0 0 0 1 0 1 0 0 0 0 0 1 0 0 1 0
50	10	0 0 0 0 0 0 0 1 0 0 0 0 0 0 0 1 1 1 0 0
50	6	1 0 0 0 0 0 1 1 1 0 1 0 0 0 0 1 0 1 0 0
50	4	1 1 0 0 0 0 0 1 0 1 0 0 0 0 0 1 0 0 0 0
50	1	1 0 1 0 0 0 1 1 0 0 1 0 0 0 0 1 0 0 0 0
50	1	1 0 0 1 0 0 1 1 0 0 0 1 0 0 0 1 0 0 0 0
50	3	0 1 0 1 1 0 0 0 1 0 1 1 0 1 1 0 0 1 0 0
50	1	0 0 0 1 0 0 1 1 0 0 0 0 0 0 0 0 0 1 0 0
50	2	0 0 0 1 1 1 0 0 0 0 0 0 0 0 0 1 1 0 0 0
50	4	1 0 0 1 1 0 1 1 0 0 0 0 0 0 0 1 0 0 0 0
50	1	1 0 1 0 0 0 1 1 0 0 0 0 0 0 0 1 0 0 0 1
50	3	1 0 0 0 0 0 1 1 0 0 0 0 0 1 1 0 0 0 0 0
50	2	0 0 0 1 1 0 0 1 1 0 1 1 0 1 1 0 0 1 0 0
50	5	0 0 0 1 1 1 0 0 0 0 1 1 0 1 1 1 0 0 1 0
50	1	1 0 0 0 0 0 0 1 1 0 1 0 0 0 0 1 0 1 0 0
50	6	1 0 0 0 0 0 0 1 0 0 1 1 1 1 1 0 0 1 1 0
50	1	1 0 1 1 0 0 1 1 0 0 1 0 0 0 0 1 0 0 0 0
50	3	0 0 0 1 1 0 0 1 0 0 1 0 0 1 1 1 0 1 1 0
50	1	0 0 0 0 0 1 0 0 1 1 1 0 0 0 0 1 0 0 0 0
50	1	0 0 0 0 0 0 0 1 0 0 0 0 0 1 1 0 0 0 0 0
50	2	1 0 0 0 0 0 1 1 1 0 1 0 0 0 0 1 0 1 1 0
50	6	1 0 0 0 0 0 0 1 0 0 0 1 0 0 0 1 0 0 0 0
50	5	1 0 1 1 0 0 0 1 0 0 0 0 0 0 0 1 0 0 0 0
50	3	0 0 0 1 1 0 0 0 0 0 1 0 1 1 1 0 0 1 1 0
50	1	0 0 0 1 1 1 0 1 0 0 1 1 0 1 1 0 0 1 1 1
50	2	1 0 1 1 0 0 0 1 0 0 1 0 0 0 0 0 0 0 0 0
50	3	1 0 0 1 0 0 0 1 1 0 1 0 0 0 0 1 0 0 0 0
50	1	1 0 1 0 1 0 0 0 0 0 1 1 0 1 1 0 0 1 1 0
50	3	0 0 1 1 1 1 0 0 0 0 1 1 0 1 1 0 0 1 1 0
50	5	1 1 0 0 0 0 0 1 1 0 0 0 0 0 0 1 0 0 0 0
50	1	1 0 0 0 0 0 0 1 0 0 1 1 0 1 1 0 0 1 1 1
50	3	0 0 0 1 1 1 0 0 0 0 1 1 0 1 1 0 1 1 0 0
50	1	1 0 0 0 0 0 1 1 0 0 0 0 1 0 0 0 0 0 0 0
50	3	1 0 1 0 0 1 1 1 0 0 0 0 0 0 0 1 0 0 0 0
50	3	1 0 1 0 0 0 1 1 0 0 0 0 0 0 0 1 1 0 0 0
50	4	0 1 0 1 0 0 0 1 0 0 1 0 0 0 0 1 0 0 0 0
50	6	0 0 0 1 1 1 0 0 0 0 0 1 0 0 0 1 1 0 0 0
50	1	1 0 0 1 0 0 0 1 1 1 0 0 0 1 0 0 0 1 0 0
50	2	1 0 0 1 0 0 0 1 0 0 0 0 0 0 0 1 1 0 0 0
50	2	1 0 1 0 0 0 1 1 0 1 1 0 0 0 0 1 0 0 0 0
50	2	1 0 1 1 0 0 0 1 0 0 1 0 0 0 0 0 0 1 1 0
50	1	1 0 1 1 0 0 0 0 0 0 1 1 0 1 1 0 0 1 1 0
50	3	1 0 0 0 0 0 0 1 0 0 1 0 0 0 0 1 0 1 1 0
50	1	0 0 0 0 0 1 0 0 1 1 1 0 0 0 1 0 0 1 1 0
50	2	1 0 0 0 0 0 1 1 0 0 0 0 1 0 0 1 1 0 0 0
50	2	0 0 1 0 0 0 1 1 0 0 0 0 0 0 0 1 0 0 0 0
50	2	0 1 0 0 0 0 0 0 0 0 0 0 0 1 0 1 0 0 0 0
50	1	1 0 0 0 0 0 1 0 1 0 1 0 0 0 0 1 0 1 0 0
50	1	0 0 0 1 1 0 0 1 0 0 1 1 0 1 0 1 0 1 0 0
100	4	1 0 0 0 0 0 1 1 0 0 0 0 0 0 0 1 0 0 0 0
100	3	1 0 0 0 0 0 0 1 1 0 1 0 0 0 0 1 0 0 0 0
100	39	1 0 0 1 0 0 0 1 0 0 1 0 0 0 0 1 0 0 0 0
100	8	0 0 0 0 0 1 0 1 1 1 0 0 0 1 0 0 0 1 0 0
100	21	0 0 0 1 1 0 0 0 0 0 1 1 0 1 1 0 0 0 0 0
100	1	1 0 0 0 0 0 0 1 0 0 1 1 0 1 1 0 0 1 1 0
100	3	1 0 0 0 0 0 1 1 0 0 0 0 1 0 0 1 0 0 0 0
100	78	1 0 1 0 0 0 1 1 0 0 0 0 0 0 0 1 0 0 0 0
100	11	1 0 1 1 0 0 0 1 0 0 1 0 0 0 0 1 0 0 0 0
100	3	0 0 0 1 1 0 0 1 0 0 1 1 0 1 1 0 0 0 1 0
100	24	1 0 1 0 0 0 0 1 0 0 1 0 0 0 0 1 0 0 0 0
100	1	0 0 0 1 1 0 0 0 0 0 1 1 0 1 1 1 1 0 1 0
100	4	1 0 0 0 0 0 0 1 0 0 1 0 0 0 1 1 0 0 1 0
100	5	0 0 0 1 1 0 0 0 0 0 1 1 0 1 1 1 0 0 0 0
100	48	1 0 0 0 0 0 0 1 0 0 1 0 0 1 0 1 0 0 0 0
100	8	1 0 1 0 0 0 0 1 0 0 0 0 0 0 0 1 0 0 0 0
100	12	1 0 0 0 0 0 0 1 1 0 0 0 0 1 0 0 0 1 0 0
100	8	1 1 0 0 0 0 1 1 0 0 0 0 0 0 0 1 0 0 0 0
100	5	1 0 1 1 0 0 1 1 0 0 0 0 0 0 0 1 0 0 0 0
100	15	1 0 0 1 0 0 0 1 0 0 1 0 0 0 0 1 1 0 0 0
100	22	1 0 0 1 0 0 0 1 0 0 1 0 1 0 0 1 0 0 0 0
100	35	1 0 1 0 0 1 0 1 0 0 1 1 0 1 1 0 0 1 1 0
100	12	1 0 0 0 0 0 0 1 0 0 1 0 0 0 1 1 0 0 1 1
100	7	1 0 0 0 0 1 0 1 1 0 0 0 0 0 0 1 0 0 0 0
100	21	1 0 0 0 0 0 0 1 1 0 1 0 0 0 0 1 0 0 1 0
100	14	1 0 1 0 0 0 0 1 0 0 1 1 0 0 0 1 0 0 0 0
100	14	1 0 1 0 0 0 1 1 0 0 0 0 0 0 0 1 0 0 0 1
100	18	0 0 0 1 1 1 1 1 0 0 0 0 1 0 0 1 0 0 0 0
100	3	0 0 0 0 0 1 0 1 1 1 0 0 0 1 0 0 0 0 0 0
100	1	1 0 1 0 0 0 0 1 0 0 0 1 0 0 0 1 0 0 0 0
100	23	1 0 0 0 0 0 0 1 0 0 0 0 0 0 1 0 0 0 0 0
100	5	1 0 1 0 0 0 0 1 1 0 0 0 0 0 0 1 0 0 0 0
100	1	0 1 0 0 0 0 1 1 0 0 0 0 0 0 0 1 0 0 0 0
100	24	1 0 0 0 0 0 0 1 1 0 0 0 0 0 0 1 0 0 0 0
100	20	1 0 1 0 0 0 0 1 1 0 0 0 0 1 0 0 0 1 0 0
100	6	1 0 1 0 0 0 1 1 0 0 1 1 0 0 0 1 0 0 0 0
100	6	0 0 1 0 0 1 0 1 0 0 1 1 0 1 1 0 0 1 1 0
100	12	1 0 1 0 0 1 0 1 1 1 0 0 0 0 0 1 0 1 0 0
100	31	1 0 0 0 0 0 0 1 1 0 1 0 1 0 0 1 0 0 0 0
100	3	0 0 0 1 1 0 0 1 0 0 1 1 0 0 0 1 0 0 0 0
100	1	1 0 0 0 0 0 0 1 0 0 0 0 1 0 0 1 0 0 0 0
100	9	1 0 0 1 0 0 0 1 1 0 1 0 0 0 0 1 0 0 0 0
100	2	0 0 0 1 1 0 0 0 0 0 1 1 0 0 1 1 0 0 0 0
100	1	1 0 0 1 1 0 0 0 0 0 1 1 0 1 1 0 0 1 1 0
100	1	1 0 1 1 0 0 0 1 1 0 0 0 0 1 0 0 0 1 0 0
100	7	1 0 1 0 0 1 0 1 1 1 0 0 0 1 0 0 0 1 0 1
100	1	1 0 1 1 1 0 1 1 0 0 0 0 0 0 0 1 0 0 0 0
100	2	0 0 1 1 1 0 0 1 0 1 0 0 0 0 0 1 0 0 0 0
100	9	1 0 0 1 1 0 0 0 0 0 1 1 0 1 1 1 0 0 0 0
100	1	1 0 1 0 0 0 0 1 0 0 1 1 0 1 1 0 1 1 1 0
100	17	0 0 1 0 0 0 0 1 0 0 1 1 0 1 1 0 0 1 1 0
100	3	0 0 1 0 0 1 0 1 0 0 1 1 1 1 1 0 0 1 1 0
100	7	1 0 0 0 0 0 0 1 0 0 1 0 0 1 0 1 0 1 0 0
100	10	0 0 0 0 0 0 0 1 0 0 1 0 0 1 0 1 0 0 0 0
100	5	1 0 0 0 0 0 0 1 0 0 1 0 0 1 0 1 0 0 0 1
100	4	1 0 1 1 0 0 1 1 0 0 0 0 0 0 0 1 0 0 0 1
100	7	1 0 0 1 0 0 0 1 0 0 0 0 0 0 0 1 0 0 0 0
100	7	1 0 0 0 0 0 1 1 0 0 0 0 0 0 0 1 0 0 0 1
100	20	1 0 0 0 0 1 0 1 1 0 0 1 0 0 0 1 0 0 0 0
100	1	0 0 1 1 1 0 0 1 0 0 0 0 0 0 0 1 0 1 0 1
100	3	0 0 0 1 0 0 1 1 0 0 0 0 0 0 0 1 0 0 0 0
100	1	1 0 1 0 0 0 0 0 0 0 1 1 0 1 1 1 1 0 1 0
100	5	1 0 0 1 0 0 0 1 0 0 1 0 0 1 0 1 0 0 0 0
100	1	1 0 1 1 0 0 0 0 0 0 1 1 0 1 1 1 1 0 0 0
100	9	1 0 1 1 0 0 0 1 0 0 1 0 0 1 0 1 0 0 0 0
100	2	1 0 1 0 0 0 0 1 1 0 1 0 1 0 0 1 0 0 0 0
100	4	0 0 0 1 1 0 0 0 0 0 1 1 0 0 1 1 1 0 1 0
100	9	1 0 0 1 0 1 0 1 0 0 1 0 0 0 0 1 1 0 0 0
100	5	0 0 0 1 1 0 0 0 0 0 1 1 1 0 1 1 0 0 0 0
100	4	1 0 0 0 0 0 0 1 0 1 1 0 0 1 0 1 0 0 0 0
100	12	1 1 0 1 1 0 0 0 0 0 1 1 0 1 1 0 0 1 1 0
100	8	1 0 1 0 0 0 1 1 0 0 1 1 0 1 1 0 0 1 1 0
100	6	0 0 0 0 1 0 0 0 0 0 1 1 0 1 1 1 1 0 1 0
100	6	0 0 0 0 0 1 0 1 1 1 0 0 0 1 0 0 0 0 0 1
100	6	1 0 1 0 1 0 0 1 0 0 1 0 0 0 1 1 0 0 1 1
100	6	1 0 1 1 0 0 0 1 0 0 1 0 0 1 0 0 0 1 0 0
100	1	0 1 0 0 0 0 1 1 0 0 0 0 0 0 0 0 0 1 1 0
100	5	1 0 1 0 0 1 0 1 1 1 0 0 0 1 0 1 0 0 0 0
100	2	1 0 0 0 0 0 0 1 1 0 1 0 0 0 0 1 0 0 1 1
100	3	0 0 0 0 0 1 0 1 1 1 0 0 1 0 0 1 0 0 0 0
100	1	0 0 0 1 1 1 1 1 0 0 0 0 1 0 0 1 0 0 1 0
100	9	1 0 0 1 0 0 0 1 1 0 0 0 1 1 0 0 0 1 0 0
100	1	1 0 1 1 0 0 0 1 0 0 1 1 0 1 1 0 0 1 1 0
100	2	0 0 0 1 1 0 0 0 0 0 1 1 0 0 0 1 0 0 0 0
100	8	0 1 0 0 0 0 0 1 0 0 0 0 0 0 0 1 0 0 0 0
100	17	1 0 0 1 1 0 0 0 0 0 1 1 0 1 1 0 0 0 0 0
100	3	0 0 0 1 1 0 0 0 0 0 1 1 0 0 1 1 1 1 1 0
100	2	1 0 0 0 0 0 0 1 1 0 1 0 0 1 0 1 0 0 0 0
100	2	1 0 1 0 0 0 0 1 0 0 0 0 0 0 0 1 0 0 1 0
100	3	1 0 1 0 0 1 0 1 1 0 0 0 0 1 0 0 0 1 0 1
100	4	1 0 1 0 1 1 1 1 0 0 0 0 1 0 0 1 0 0 0 0
100	6	1 0 1 0 0 0 1 1 0 0 1 0 1 0 0 1 0 0 0 0
100	5	0 0 0 1 1 0 0 0 0 0 1 0 0 0 0 1 1 0 0 0
100	5	1 0 0 0 0 0 0 1 1 0 0 0 0 1 0 0 0 0 0 0
100	1	1 0 0 1 0 0 0 1 0 0 1 0 0 0 0 0 0 0 0 0
100	3	1 0 0 0 0 0 0 1 0 0 1 0 0 0 0 1 0 0 1 1
100	4	1 0 0 1 1 0 0 0 0 0 1 1 0 1 0 1 0 0 0 0
100	5	0 0 0 0 1 1 0 1 1 1 0 0 0 1 0 0 0 0 0 1
100	1	1 0 0 0 0 0 0 1 1 0 1 0 0 0 0 1 0 1 1 1
100	3	0 1 0 0 0 0 1 1 0 0 1 0 0 1 1 0 0 1 1 0
100	9	0 0 1 1 1 0 0 0 0 0 1 1 0 1 1 1 1 0 0 0
100	2	1 0 1 1 1 0 0 0 0 0 1 1 0 1 1 1 0 0 0 0
100	4	1 0 1 0 0 1 0 1 1 0 1 0 0 0 0 1 0 0 0 0
100	5	0 0 1 1 1 0 0 1 0 0 1 1 0 0 0 1 0 0 0 0
100	3	0 1 0 0 0 0 0 1 0 0 0 0 0 1 0 0 0 1 0 0
100	1	1 0 0 1 1 0 0 1 0 0 0 0 0 0 0 1 1 0 0 0
100	7	0 0 0 1 1 0 0 0 0 0 1 0 0 1 1 0 0 0 0 0
100	3	1 0 0 0 1 0 0 1 0 0 1 0 0 1 0 1 0 0 0 0
100	2	1 0 0 1 0 0 0 1 1 0 1 0 0 0 0 0 0 0 0 0
100	1	1 0 1 0 0 0 0 1 0 0 1 0 0 1 0 1 0 1 0 0
100	3	1 0 1 0 0 0 1 1 0 0 0 0 0 0 0 1 0 0 1 0
100	1	0 0 0 1 1 0 0 0 0 0 1 1 0 1 1 0 0 0 0 1
100	2	1 0 1 0 0 0 0 1 1 1 0 0 0 1 0 0 0 1 0 1
100	5	1 0 1 0 0 0 0 1 0 0 1 1 0 0 0 1 1 0 0 0
100	2	0 0 1 0 0 1 0 1 0 0 1 1 0 1 1 0 0 1 1 1
100	6	0 0 0 1 1 0 0 0 0 0 1 1 0 1 1 0 0 1 1 0
100	1	1 0 0 0 0 1 1 1 0 0 0 0 0 0 0 1 0 0 0 0
100	3	0 0 0 1 0 1 0 1 0 0 1 0 0 0 0 1 1 0 0 0
100	1	1 0 0 0 0 0 0 1 0 0 1 1 0 0 1 1 1 1 1 0
100	3	1 0 0 0 1 0 0 1 0 0 0 0 0 0 0 1 0 0 0 0
100	3	1 0 0 1 0 1 0 1 0 0 0 0 0 0 0 1 0 0 0 0
100	1	1 0 1 0 0 1 1 1 0 0 0 0 0 0 0 1 0 0 0 0
100	3	1 0 1 0 0 0 0 1 0 0 1 0 0 0 0 1 1 0 0 0
100	4	0 0 0 1 1 0 0 0 0 0 1 0 0 1 1 1 0 0 0 0
100	2	1 0 1 0 1 1 0 1 0 0 1 1 0 1 1 0 0 1 1 0
100	1	0 0 0 1 1 1 1 1 0 0 0 0 1 0 0 0 0 0 0 0
100	1	0 0 1 0 1 0 0 1 0 1 0 0 0 0 0 1 0 0 0 0
100	1	1 0 0 1 1 0 1 0 0 0 1 1 0 1 1 1 0 0 0 0
100	4	1 0 0 1 1 0 0 0 0 1 1 1 0 1 1 1 0 0 0 0
100	2	0 0 1 0 0 0 0 1 0 0 1 1 0 1 0 0 0 1 1 0
100	5	1 0 1 1 0 0 0 1 0 0 0 1 0 0 0 1 0 0 1 0
100	2	1 1 1 1 0 0 1 1 0 0 0 0 0 0 0 1 0 0 0 1
100	3	0 0 0 1 1 0 0 0 1 0 1 1 0 0 0 1 0 0 0 0
100	1	1 0 1 0 0 0 1 1 0 0 1 0 0 0 0 1 0 0 0 0
100	1	1 0 1 0 0 1 0 1 0 0 1 1 0 1 1 0 0 0 0 0
100	3	1 0 0 0 0 0 0 1 1 0 1 0 0 0 1 0 0 0 0 0
100	3	0 0 1 0 0 1 0 1 0 0 1 1 1 1 1 0 0 1 0 0
100	1	1 0 1 1 0 1 0 1 1 0 0 1 0 0 0 1 0 0 0 0
100	1	1 0 1 1 0 0 0 1 0 0 0 0 0 0 0 1 0 0 0 0
100	1	0 0 0 1 1 0 0 0 0 0 1 0 0 0 0 1 0 0 1 0
100	1	1 0 0 0 0 0 0 1 0 0 1 0 0 0 0 1 0 0 0 0
100	1	1 0 0 0 0 1 0 1 1 1 0 0 0 1 0 0 0 1 0 0
100	1	0 0 0 1 1 0 0 0 0 0 1 1 1 1 1 0 0 0 0 0
100	1	1 0 1 0 0 0 0 1 0 0 1 0 1 0 0 1 0 0 0 0
100	1	1 1 0 0 0 0 0 1 0 0 1 0 0 1 0 1 0 0 0 0
100	1	1 0 0 1 0 0 0 0 1 0 1 0 0 0 0 1 0 0 0 0
100	1	0 0 1 0 0 0 1 1 0 0 1 1 0 1 1 0 0 1 1 0
100	1	1 0 0 0 0 0 0 1 0 0 1 0 0 1 0 1 0 1 1 0
100	3	1 0 0 0 0 0 1 1 0 0 0 0 0 1 0 1 0 0 0 1
100	1	1 0 1 1 1 0 0 1 0 0 1 0 0 1 0 1 0 0 0 0
100	2	1 0 0 0 1 0 0 1 1 0 1 0 0 1 0 1 0 0 0 0
100	2	1 0 0 0 0 1 1 1 0 0 0 0 0 1 0 1 0 0 0 0
150	4	1 0 0 1 0 0 0 1 0 0 1 0 0 0 0 1 0 0 0 0
150	31	1 0 0 0 0 0 0 1 0 0 1 0 0 1 0 1 0 0 0 0
150	3	1 0 1 0 0 1 0 1 0 0 1 1 0 1 1 0 0 1 1 0
150	2	0 0 0 1 1 1 1 1 0 0 0 0 1 0 0 1 0 0 0 0
150	3	1 0 0 0 0 0 0 1 0 0 0 0 0 0 1 0 0 0 0 0
150	52	1 0 0 0 0 0 0 1 1 0 1 0 1 0 0 1 0 0 0 0
150	30	1 0 1 1 0 0 1 1 0 0 0 0 0 0 0 1 0 0 0 1
150	16	1 0 0 0 0 0 1 1 0 0 0 0 0 0 0 1 0 0 0 1
150	34	1 0 1 1 0 0 0 1 0 0 1 0 0 1 0 1 0 0 0 0
150	24	1 0 1 0 0 0 0 1 1 0 1 0 1 0 0 1 0 0 0 0
150	3	0 1 0 0 0 0 0 1 0 0 0 0 0 0 0 1 0 0 0 0
150	3	0 0 0 1 1 0 0 0 0 0 1 0 0 1 1 0 0 0 0 0
150	22	1 0 0 0 1 0 0 1 0 0 1 0 0 1 0 1 0 0 0 0
150	14	1 1 1 1 0 0 1 1 0 0 0 0 0 0 0 1 0 0 0 1
150	28	1 1 0 0 0 0 0 1 0 0 1 0 0 1 0 1 0 0 0 0
150	33	1 0 0 1 1 0 0 0 0 0 1 1 1 1 1 1 0 0 0 0
150	6	0 0 1 0 1 0 0 0 0 0 1 1 0 1 1 1 1 0 1 0
150	32	0 0 1 1 1 0 0 0 0 0 1 1 0 1 1 1 0 0 0 0
150	13	1 0 1 0 0 0 0 1 0 0 1 0 0 1 0 1 0 0 0 0
150	2	1 0 0 0 0 0 0 1 0 0 1 0 1 0 1 1 0 0 1 1
150	1	1 0 1 0 0 0 0 1 0 0 1 1 0 0 0 1 1 0 0 1
150	21	1 0 1 1 0 0 1 1 1 1 0 0 0 0 0 1 0 1 0 0
150	33	1 0 1 0 0 0 0 1 1 0 1 1 1 0 0 1 0 0 0 0
150	16	1 1 0 0 0 0 0 1 0 0 1 0 0 1 0 1 0 0 0 1
150	18	0 0 0 1 1 0 1 0 0 0 1 0 0 1 1 1 0 0 0 0
150	5	0 0 1 0 1 0 0 0 0 0 1 1 0 1 1 0 1 0 1 0
150	8	1 0 1 1 0 0 1 1 1 0 1 0 0 0 1 1 0 0 0 0
150	6	1 1 1 1 0 0 1 1 1 1 0 0 0 0 0 1 0 1 0 0
150	21	1 0 0 0 0 1 0 1 0 0 1 0 0 1 0 1 0 0 0 0
150	6	1 0 0 1 1 0 0 0 0 0 1 1 1 1 1 1 0 1 0 0
150	4	1 0 0 1 0 1 0 1 0 0 1 0 0 1 0 1 0 0 0 0
150	8	1 1 1 1 0 0 1 1 0 0 0 0 0 0 0 1 1 0 0 1
150	1	1 0 1 0 0 1 0 1 1 0 1 1 0 1 1 0 0 1 1 0
150	6	0 0 1 1 1 0 0 0 0 0 0 1 0 1 1 1 0 0 0 1
150	15	1 0 0 1 0 0 1 1 0 0 1 0 0 0 0 1 0 0 0 0
150	8	1 0 1 0 0 1 0 1 1 0 1 0 0 0 0 1 0 0 0 1
150	12	1 0 1 1 1 0 0 0 0 0 0 1 0 1 1 1 0 0 0 0
150	17	1 0 1 1 1 0 0 1 1 0 0 0 0 0 0 1 0 0 0 1
150	9	1 1 0 1 1 0 0 0 0 0 1 1 0 1 1 0 0 0 1 0
150	5	1 0 1 1 0 0 0 0 0 0 1 1 1 1 1 1 0 1 0 0
150	32	1 0 1 1 0 0 1 1 1 0 1 0 1 0 0 1 0 0 0 0
150	9	1 0 1 1 1 0 0 1 1 1 0 0 0 0 0 1 0 0 0 0
150	8	1 0 1 1 1 0 1 0 0 0 1 0 0 1 1 1 0 0 0 0
150	3	0 0 0 1 1 0 1 0 0 0 1 0 0 0 1 1 0 0 1 0
150	13	0 1 0 0 0 0 0 1 0 0 1 0 0 1 0 1 0 0 0 1
150	5	1 0 1 0 0 1 0 1 0 0 1 0 0 1 0 0 0 0 0 0
150	1	1 0 1 0 0 0 0 1 1 0 1 1 1 1 0 1 0 0 0 0
150	6	1 0 0 1 1 0 0 0 0 0 0 1 1 1 1 1 0 0 0 0
150	7	1 0 1 1 0 0 1 1 0 0 0 0 0 0 0 1 0 0 0 0
150	1	1 0 1 0 0 0 0 1 1 0 1 1 1 0 1 0 0 1 1 0
150	2	0 0 1 0 1 0 0 0 0 0 1 1 0 1 1 1 1 0 0 0
150	7	1 0 0 1 0 0 0 1 0 0 1 1 0 1 1 1 0 0 0 0
150	4	1 1 1 1 0 0 0 1 1 0 1 1 1 0 0 1 0 0 0 0
150	7	1 0 0 0 0 0 1 1 0 0 1 0 0 1 0 1 0 0 0 0
150	4	1 0 1 0 0 1 0 1 0 1 1 1 0 1 1 0 0 1 1 0
150	9	1 0 1 0 0 1 0 1 0 0 0 1 0 0 0 1 0 0 0 1
150	9	1 0 1 0 0 0 0 1 1 0 1 0 1 0 0 1 0 1 0 0
150	8	1 0 0 0 1 0 0 0 0 0 1 1 0 1 1 0 0 1 1 0
150	5	1 0 0 0 1 0 0 0 0 0 0 1 0 1 1 1 1 0 1 0
150	4	0 1 0 0 0 0 0 1 0 0 0 0 0 0 0 0 0 0 0 0
150	16	1 0 1 0 0 0 0 1 0 0 1 0 0 1 0 1 0 0 0 1
150	5	1 0 1 0 0 0 1 1 0 0 0 0 0 0 0 0 0 0 0 0
150	5	1 0 0 0 0 0 0 1 0 0 1 0 1 1 0 1 0 0 0 0
150	2	1 0 0 1 1 0 0 0 0 0 1 1 1 1 1 1 1 0 0 0
150	4	1 1 1 1 0 0 1 1 0 1 0 0 0 0 0 1 0 0 0 0
150	3	0 1 1 1 0 0 1 1 1 1 0 0 0 0 0 1 0 0 0 0
150	3	1 0 1 0 0 1 0 1 0 0 0 0 0 0 0 1 0 0 0 0
150	3	0 0 1 1 1 0 0 0 0 0 1 1 1 1 1 1 0 1 0 0
150	3	1 1 1 1 0 0 0 0 0 0 1 1 1 1 1 1 0 1 0 0
150	2	1 0 0 0 0 0 0 1 1 1 1 0 1 0 0 1 0 0 0 0
150	3	1 0 1 1 0 1 1 1 0 0 0 0 0 0 0 1 0 0 0 1
150	8	1 0 0 1 1 0 0 0 0 0 0 1 1 1 1 1 0 1 0 0
150	1	1 0 1 1 0 0 1 1 1 0 1 0 0 0 0 1 0 1 0 0
150	4	1 0 0 1 0 0 0 1 0 1 1 0 0 0 0 1 0 0 0 0
150	3	1 0 1 1 0 0 1 1 0 0 0 0 0 1 0 1 1 0 0 1
150	7	1 0 0 1 0 0 1 1 1 0 1 0 1 0 0 1 0 0 0 0
150	14	1 1 1 0 0 0 0 1 1 0 1 1 1 1 0 1 0 0 0 0
150	2	1 1 1 1 0 0 0 1 1 0 1 1 1 0 0 1 1 0 0 0
150	2	1 0 0 0 0 0 0 1 1 0 1 0 0 1 1 1 0 0 0 0
150	4	1 1 0 0 0 0 0 1 1 0 1 0 1 0 0 1 0 0 0 0
150	2	1 0 0 1 0 0 1 1 1 1 1 0 0 1 0 1 0 0 0 0
150	1	0 0 1 1 1 0 0 0 0 0 0 1 0 1 1 1 0 0 0 0
150	1	1 0 1 0 0 1 0 1 0 0 1 0 0 1 1 0 0 1 1 0
150	3	1 0 1 0 0 0 0 1 0 0 1 0 0 1 0 1 1 0 0 0
150	1	0 0 0 0 0 0 0 1 1 0 1 0 1 0 0 1 0 0 0 0
150	2	1 1 1 0 0 0 0 1 1 0 1 0 1 0 0 1 0 0 0 0
150	2	1 0 1 1 0 0 1 1 0 0 0 0 0 0 0 1 1 0 0 1
150	4	0 0 1 1 1 0 1 0 0 0 1 1 0 1 1 1 0 0 0 0
150	7	0 1 1 1 1 0 0 0 0 0 0 1 0 1 0 1 0 0 0 1
150	5	1 0 0 1 0 0 0 1 0 0 1 0 0 1 0 1 0 0 0 0
150	2	1 0 0 0 0 0 0 1 1 0 1 0 1 1 0 1 0 0 0 0
150	6	1 1 1 1 0 0 0 1 0 0 1 0 0 1 0 1 0 0 0 0
150	3	1 1 0 0 0 0 0 1 0 0 1 0 0 1 1 1 0 0 0 1
150	3	1 0 1 0 0 0 0 1 1 0 1 0 0 1 0 1 0 0 0 0
150	4	0 0 1 1 1 0 0 0 0 0 1 1 0 1 1 1 0 0 0 1
150	2	0 0 0 0 1 0 0 0 0 0 1 1 0 1 1 0 1 0 1 0
150	1	1 1 1 1 0 0 1 1 0 0 0 1 0 0 0 1 1 0 0 1
150	4	1 1 1 1 0 1 0 1 1 0 1 1 1 0 0 1 0 0 0 0
150	1	1 0 1 0 0 0 0 1 1 0 1 1 1 0 0 1 1 0 0 0
150	1	1 1 1 1 0 0 1 1 0 0 0 0 0 0 0 1 1 0 0 0
150	2	1 0 1 1 1 1 0 1 1 0 1 0 1 0 0 1 0 0 0 0
150	1	1 0 1 0 0 0 0 1 1 0 1 1 1 0 0 1 0 0 0 1
150	5	1 0 1 0 1 0 0 1 1 0 1 1 1 0 0 1 0 0 0 0
150	3	1 0 1 1 0 0 1 1 1 1 1 0 1 0 0 1 0 0 0 0
150	3	1 1 1 1 1 0 1 1 0 0 0 0 0 0 0 1 0 1 0 1
150	1	1 0 1 1 0 0 0 1 0 0 1 0 0 1 0 1 0 0 0 1
150	3	0 0 1 1 1 0 0 0 0 0 1 1 0 0 0 1 0 0 0 0
150	2	1 0 1 0 0 1 0 1 0 0 0 1 0 0 0 1 0 0 0 0
150	2	1 0 0 0 0 0 0 1 1 0 1 1 1 0 0 1 0 0 0 0
150	2	1 0 0 0 0 0 1 1 1 0 0 0 0 0 0 1 0 0 0 1
150	2	1 0 1 1 0 1 0 1 0 0 1 0 0 1 0 1 0 0 0 0
150	2	1 0 0 0 1 0 0 1 0 0 1 0 0 1 0 1 0 0 0 1
150	10	1 1 0 0 0 0 1 1 0 0 1 0 0 1 0 1 0 0 0 1
150	1	1 1 0 0 0 0 0 1 0 0 0 0 0 1 0 1 0 0 0 1
150	1	1 1 1 1 0 0 1 1 1 1 0 0 0 0 0 1 1 1 0 0
150	1	1 0 1 1 1 0 0 1 1 0 0 0 0 0 1 1 0 0 0 1
150	2	0 0 1 1 1 0 0 0 0 0 1 1 1 1 1 0 0 1 0 0
150	6	1 1 1 1 0 0 1 1 0 0 1 0 0 1 0 1 0 0 0 0
150	2	1 0 0 1 1 0 0 0 0 0 1 1 0 1 1 1 1 0 0 0
150	3	1 0 1 1 0 0 1 1 0 0 0 0 0 1 1 1 1 0 0 0
150	2	1 0 1 1 0 0 0 1 0 0 1 0 1 0 0 1 0 1 0 0
150	2	1 0 0 0 1 0 0 1 0 0 1 0 1 0 0 1 0 0 0 0
150	1	1 1 1 1 0 0 1 1 1 0 1 0 1 0 0 1 0 0 0 0
150	5	0 0 1 1 0 0 1 1 0 0 0 0 0 0 0 1 1 0 0 0
150	1	1 0 1 1 1 0 0 1 0 0 1 0 0 1 0 1 0 0 0 0
150	2	1 0 1 0 0 1 0 0 0 0 1 1 0 1 1 1 0 0 0 0
150	1	0 0 1 1 0 0 1 1 0 0 0 0 0 0 0 1 0 0 0 1
150	2	0 0 0 0 0 0 0 1 0 0 0 0 0 0 0 1 0 0 0 0
150	2	0 0 0 1 1 0 0 0 0 0 1 1 0 1 1 0 0 0 0 0
150	3	1 1 0 0 0 0 0 1 0 0 1 0 0 1 0 1 1 0 0 0
150	4	0 0 1 1 1 0 0 0 0 0 1 1 0 1 1 1 0 0 1 0
150	2	0 0 1 1 1 0 0 0 0 0 1 1 1 1 1 1 0 0 0 0
150	1	1 0 1 0 0 1 0 1 0 0 0 1 0 0 0 0 0 0 0 1
150	2	1 0 1 1 0 0 1 0 0 0 0 0 0 0 0 0 0 0 0 1
150	1	1 0 0 0 0 0 0 1 1 0 1 0 1 0 0 1 1 0 0 1
150	1	1 0 0 0 0 0 1 1 1 0 1 0 1 0 0 1 0 0 0 0
150	1	1 0 1 1 0 0 1 1 0 0 0 0 0 0 0 0 0 1 1 0
150	2	0 0 0 1 1 0 0 1 1 0 1 1 1 1 0 1 0 0 0 0
150	3	1 1 0 0 0 0 0 1 0 0 1 0 0 1 0 1 0 1 0 0
150	1	1 1 0 0 0 0 0 1 0 0 1 0 0 1 1 1 0 0 0 0
150	1	1 0 0 1 1 0 0 0 0 0 1 1 1 1 0 1 0 0 0 1
150	1	0 0 1 0 1 0 0 0 0 0 1 1 0 1 1 1 0 0 0 0
150	1	0 0 1 0 0 0 0 1 1 0 1 0 1 0 0 1 0 0 0 0
150	1	1 1 0 0 0 0 0 0 0 0 1 1 0 1 1 0 0 1 1 0
150	2	1 1 0 1 1 0 0 0 0 0 1 1 0 1 1 0 0 0 0 0
150	2	1 0 1 1 1 0 0 1 1 0 1 1 0 0 0 1 0 0 0 0
150	2	1 1 1 1 0 0 0 1 1 0 1 1 1 0 0 1 0 0 0 1
150	1	1 0 0 0 0 0 1 1 0 0 1 1 0 1 1 0 1 0 1 0
150	3	1 0 1 0 0 1 0 1 0 1 1 1 0 1 1 0 0 1 0 1
150	2	1 0 0 0 1 0 0 1 0 0 0 1 0 0 0 1 0 0 0 1
150	1	1 0 1 0 0 0 0 1 0 0 1 0 0 0 0 1 0 0 0 0
150	1	1 0 0 1 1 0 0 0 0 0 1 0 0 1 0 1 0 0 0 0
150	1	1 0 1 0 0 0 0 0 0 0 1 1 0 1 1 1 0 0 1 0
150	1	1 0 1 0 1 0 0 1 1 0 1 0 0 1 1 0 0 0 0 0
150	1	0 0 1 1 0 0 1 1 0 0 0 0 0 0 1 1 1 0 1 0
150	1	1 0 0 0 0 0 0 1 1 0 1 0 0 0 0 1 0 0 0 0
150	3	1 0 1 1 0 0 1 1 0 0 0 0 0 0 0 1 0 1 0 1
150	1	1 0 0 1 0 0 1 1 0 0 0 0 0 0 0 1 0 0 0 1
150	4	1 0 1 0 0 0 0 1 0 0 1 0 1 0 0 1 0 0 0 0
150	1	1 0 1 0 0 0 0 1 0 0 1 1 1 0 0 1 0 0 0 0
150	3	0 0 0 1 1 0 1 0 0 0 1 0 0 1 1 1 0 1 0 0
150	1	0 0 0 1 0 0 1 0 0 0 1 0 0 1 1 1 0 0 0 0
150	1	1 0 1 0 0 1 0 1 0 0 0 0 0 1 0 1 0 0 0 0
150	1	1 0 0 0 0 1 0 1 0 0 1 1 0 1 0 1 0 0 0 1
150	1	1 1 0 1 1 0 0 1 0 0 1 1 0 1 1 0 0 1 0 0
150	1	1 0 1 1 0 1 1 1 0 0 1 0 0 1 0 1 0 0 0 0
200	74	1 0 1 1 0 0 0 1 0 0 1 0 0 1 0 1 0 0 0 0
200	29	1 0 1 0 0 0 0 1 1 0 1 0 1 0 0 1 0 0 0 0
200	11	1 0 0 1 1 0 0 0 0 0 1 1 1 1 1 1 0 0 0 0
200	5	1 0 1 0 0 0 0 1 0 0 1 0 0 1 0 1 0 0 0 0
200	63	1 0 0 1 0 0 1 1 0 0 1 0 0 0 0 1 0 0 0 0
200	19	1 1 0 1 1 0 0 0 0 0 1 1 0 1 1 0 0 0 1 0
200	79	1 0 1 1 0 0 1 1 1 0 1 0 1 0 0 1 0 0 0 0
200	19	0 1 1 1 0 0 1 1 1 1 0 0 0 0 0 1 0 0 0 0
200	5	1 0 0 0 0 0 0 1 1 1 1 0 1 0 0 1 0 0 0 0
200	40	1 1 1 1 0 0 0 1 0 0 1 0 0 1 0 1 0 0 0 0
200	3	0 0 1 1 1 0 0 0 0 0 1 1 1 1 1 0 0 1 0 0
200	1	1 0 1 1 1 0 0 1 0 0 1 0 0 1 0 1 0 0 0 0
200	2	1 0 0 1 0 0 1 1 1 1 0 1 0 0 0 1 0 1 0 0
200	2	1 1 0 0 0 0 0 1 0 0 0 0 0 1 0 1 0 0 0 1
200	10	1 1 1 1 1 0 0 1 0 0 1 0 0 1 0 1 0 0 0 0
200	2	1 0 1 1 0 0 1 1 0 0 0 0 0 0 0 0 0 0 0 1
200	1	1 1 0 1 1 0 0 0 0 0 1 1 1 1 1 0 0 0 1 0
200	3	0 1 1 1 1 0 0 1 1 0 1 0 1 0 0 1 0 0 0 0
200	1	1 0 0 0 0 1 0 1 0 0 1 1 0 1 0 1 0 0 0 0
200	3	1 0 1 1 0 0 1 1 0 0 1 0 0 1 0 1 0 0 0 0
200	1	1 0 1 1 0 0 1 1 0 0 0 0 0 1 0 1 0 1 0 0
200	11	1 0 0 0 1 0 1 1 1 0 1 0 1 0 0 1 0 0 0 0
200	21	1 0 1 1 0 0 1 1 1 0 0 0 1 0 0 1 0 0 0 0
200	25	1 1 1 1 0 0 0 1 0 0 1 0 1 1 0 1 0 0 0 0
200	1	1 1 0 1 1 0 0 0 0 0 1 1 1 1 1 1 0 0 0 0
200	17	1 1 1 1 0 0 1 1 1 0 1 0 1 0 0 1 0 0 0 0
200	2	1 0 0 1 0 0 1 1 1 0 1 0 0 0 0 1 0 0 0 0
200	5	0 0 0 1 0 0 1 1 1 1 0 1 0 0 0 1 0 1 0 0
200	9	1 0 0 1 0 1 0 1 0 0 1 0 0 1 0 1 0 0 0 1
200	14	1 1 1 1 0 0 1 1 1 0 1 0 0 1 0 1 1 0 0 0
200	16	0 0 1 1 1 0 0 0 1 0 1 1 1 1 1 0 1 0 1 0
200	9	1 0 0 1 1 0 0 0 0 0 1 1 0 1 1 1 0 0 0 0
200	12	1 0 0 1 0 0 0 1 0 0 1 0 0 1 0 1 0 0 0 0
200	22	1 1 1 1 1 0 0 0 0 0 1 1 1 1 1 0 0 0 1 0
200	7	1 1 1 1 0 0 0 1 0 0 1 0 0 1 1 1 0 0 0 0
200	1	1 1 0 0 0 0 0 1 0 0 0 0 0 0 0 1 0 0 0 1
200	5	0 1 1 1 0 0 1 1 1 1 0 0 1 1 0 1 0 0 0 0
200	7	1 1 1 1 0 0 0 1 0 0 1 1 1 1 1 0 0 1 0 0
200	8	1 0 1 1 0 1 1 1 0 0 0 0 0 0 0 1 1 0 0 1
200	12	1 0 1 1 0 0 1 1 0 0 1 1 1 1 1 1 0 0 0 0
200	1	0 1 1 1 0 0 0 1 0 0 1 0 0 1 1 1 0 0 0 0
200	9	1 0 1 1 0 0 0 0 0 0 1 1 0 1 1 0 0 0 1 0
200	12	1 0 1 1 0 1 1 1 0 0 0 0 0 1 0 1 0 0 0 0
200	5	1 0 1 1 0 1 1 1 0 0 1 0 0 1 0 1 1 0 0 0
200	16	1 0 1 0 0 0 0 1 0 0 1 0 1 1 0 1 0 0 1 0
200	21	1 0 1 1 0 1 0 1 0 0 1 0 0 1 0 1 0 0 0 0
200	8	1 0 1 1 0 0 1 1 1 1 0 1 0 0 0 1 0 1 0 0
200	3	1 0 1 0 0 0 0 1 0 0 1 1 0 0 1 1 0 0 1 0
200	7	1 1 0 1 0 0 1 1 1 0 1 0 1 0 0 1 0 0 0 0
200	16	0 1 1 1 0 0 1 1 1 1 1 1 0 1 1 0 0 0 1 0
200	5	0 1 1 1 0 0 0 1 1 0 1 0 1 0 0 1 0 1 0 0
200	1	1 0 1 1 0 0 1 1 1 0 0 0 0 1 0 1 0 0 0 1
200	19	1 0 0 0 0 0 1 1 1 0 1 0 0 0 0 1 0 0 0 0
200	6	0 1 1 1 0 0 1 1 1 1 1 0 0 1 0 1 0 0 0 0
200	5	1 0 1 1 0 0 0 0 0 0 1 1 1 1 1 1 0 1 0 0
200	3	0 1 1 1 0 0 1 1 1 1 0 0 1 0 0 1 0 0 0 0
200	5	1 1 0 0 0 0 0 1 0 0 1 1 0 1 0 0 0 0 0 0
200	1	1 0 1 1 0 1 1 0 0 0 0 0 0 0 0 1 1 0 0 1
200	2	1 0 1 0 0 0 0 1 0 0 1 1 0 0 0 1 0 0 0 1
200	11	1 0 1 1 0 0 0 1 0 0 0 0 0 1 0 1 0 0 0 0
200	7	1 0 0 1 1 0 0 0 0 0 1 1 1 1 1 0 0 0 0 0
200	8	1 0 1 1 0 0 1 0 0 0 1 1 1 1 1 0 0 0 1 0
200	12	1 1 1 0 1 0 0 0 0 0 1 1 1 1 1 0 0 0 1 0
200	8	1 0 1 1 0 0 0 1 1 1 1 0 1 0 1 1 0 0 0 0
200	7	0 0 1 1 1 0 0 1 0 0 1 1 1 1 1 0 0 0 0 0
200	1	1 1 1 0 0 0 0 1 1 0 1 0 1 0 0 1 0 0 0 0
200	3	1 0 1 0 0 0 0 1 0 0 1 0 0 1 0 1 0 1 0 0
200	1	1 0 1 1 0 0 0 1 1 1 0 1 0 0 0 1 0 1 0 0
200	7	1 0 1 1 0 0 0 1 0 0 1 0 1 0 1 1 0 0 0 0
200	3	1 0 0 0 0 0 0 1 1 1 1 0 1 0 0 1 0 0 0 1
200	16	0 0 1 1 1 0 0 0 0 0 1 1 0 0 1 1 0 0 0 0
200	6	1 1 1 0 0 0 0 1 0 0 1 0 1 1 0 1 0 0 0 1
200	2	0 0 1 1 0 0 1 1 0 0 0 0 0 0 0 0 0 0 0 1
200	3	1 1 1 1 1 0 0 0 0 0 1 0 1 1 1 0 0 0 1 0
200	17	1 1 1 1 0 0 0 1 0 0 1 0 1 1 0 1 0 0 1 0
200	1	1 0 0 1 1 0 0 1 0 0 1 0 0 1 0 1 0 0 0 0
200	1	1 0 0 0 0 0 1 1 1 1 1 0 1 1 0 1 1 0 0 0
200	3	0 1 1 0 1 0 0 1 1 0 1 0 1 0 0 1 0 0 0 0
200	5	1 1 1 1 1 0 0 0 0 0 1 1 1 1 1 0 0 1 0 0
200	4	1 0 1 1 0 1 1 1 0 0 0 0 0 0 0 1 0 0 0 0
200	4	1 0 1 1 0 0 1 1 1 1 0 1 0 0 0 1 0 0 0 0
200	9	1 0 0 1 1 0 0 0 0 0 1 0 1 1 1 1 0 0 0 0
200	5	1 0 1 1 0 0 1 0 1 0 1 0 1 0 0 1 0 0 0 0
200	2	1 0 1 1 1 0 1 1 1 0 1 0 1 0 0 1 0 0 0 0
200	1	1 1 1 1 1 0 0 0 0 0 1 0 1 0 0 1 0 0 0 0
200	4	1 0 1 0 0 0 0 1 0 0 1 1 0 0 0 1 0 0 0 0
200	11	1 1 1 1 0 0 0 1 1 0 1 0 1 1 0 1 0 0 0 0
200	3	1 0 1 1 0 0 1 1 1 1 0 1 0 0 0 1 0 1 0 1
200	3	0 1 1 1 0 0 1 1 1 1 0 0 0 0 0 0 0 1 0 1
200	3	1 0 1 1 0 0 1 1 1 1 1 0 1 1 0 1 0 0 0 0
200	5	1 0 1 1 0 0 1 1 1 1 0 0 0 0 0 1 0 0 0 0
200	3	1 0 1 1 1 0 0 0 0 0 1 1 1 1 1 1 0 0 0 0
200	1	1 0 1 1 0 1 0 1 0 0 1 0 0 0 0 1 0 0 0 0
200	4	1 0 1 1 0 0 1 0 1 0 1 0 1 0 0 1 0 1 0 0
200	4	1 0 1 1 0 0 1 1 1 0 1 1 1 0 0 1 0 0 0 0
200	2	1 0 1 1 0 0 1 1 0 0 1 0 1 0 0 1 0 0 0 0
200	2	1 1 0 1 1 0 0 0 0 0 1 1 1 1 1 1 1 0 0 0
200	4	0 0 1 1 1 0 0 0 1 0 1 1 1 1 1 0 1 1 1 0
200	3	1 1 1 1 1 0 0 0 0 0 1 1 1 1 1 0 0 0 0 0
200	11	1 1 1 1 1 0 0 0 0 1 1 1 1 1 1 0 0 0 1 0
200	1	1 1 1 1 0 0 0 1 0 0 1 0 1 0 1 1 0 0 0 0
200	7	0 1 1 1 0 0 1 1 0 0 1 0 0 1 0 1 0 0 0 0
200	2	1 0 1 1 0 0 1 1 0 0 0 0 0 0 0 0 0 0 1 1
200	1	1 0 0 1 1 0 0 0 0 0 1 0 1 0 0 1 0 0 0 0
200	2	1 0 0 1 1 0 0 1 0 0 1 0 1 0 1 1 0 0 0 0
200	1	1 1 0 1 1 0 1 1 1 0 1 0 1 0 0 1 0 0 0 0
200	2	1 1 0 1 1 0 0 1 0 0 1 0 0 1 0 1 0 0 0 0
200	1	1 0 1 1 0 0 1 1 0 0 0 0 0 0 1 1 0 0 0 0
200	2	0 1 1 1 0 0 0 0 0 0 1 1 1 1 1 0 0 0 1 0
200	2	1 0 1 1 0 0 0 1 0 0 1 0 0 1 0 1 0 1 0 0
200	7	1 0 1 1 0 0 0 1 1 0 1 0 1 0 0 1 0 0 0 0
200	3	0 1 1 1 0 0 1 0 1 1 0 0 0 0 0 1 0 0 0 0
200	3	1 1 1 1 0 0 1 1 0 0 1 0 0 1 0 1 0 0 0 0
200	2	1 1 1 1 0 0 1 1 1 0 1 1 1 0 0 1 0 0 0 0
200	2	0 0 0 1 0 0 1 1 1 1 0 1 0 0 0 1 1 1 0 0
200	3	1 0 0 1 1 0 0 0 0 0 1 1 0 1 1 0 0 0 0 0
200	4	1 1 1 1 0 0 0 1 1 0 1 0 1 0 0 1 0 0 0 0
200	1	1 0 0 1 1 0 0 0 0 0 1 1 0 0 0 1 0 0 0 0
200	1	1 0 1 1 0 0 1 1 1 0 1 0 1 1 1 0 0 0 1 0
200	1	1 0 1 1 0 0 0 0 0 0 1 0 0 1 0 1 0 0 0 0
200	1	1 0 1 1 0 0 0 1 0 0 1 0 0 1 1 1 0 0 0 0
200	1	1 0 1 0 0 0 0 1 0 0 1 0 0 1 1 1 0 0 0 0
200	2	1 0 1 1 0 0 1 1 1 0 1 0 1 0 0 1 0 0 0 1
200	1	1 0 1 0 0 0 1 1 1 0 1 0 1 0 0 1 0 0 0 0
200	1	1 0 1 1 0 0 1 1 1 0 1 0 1 0 0 1 0 1 0 0
200	2	0 1 0 1 0 0 1 1 1 1 0 0 0 0 0 1 0 0 0 0
200	1	1 1 1 1 1 0 0 1 0 0 1 0 0 1 1 1 0 0 0 0
200	1	1 0 1 1 0 0 1 1 0 0 0 0 0 0 0 0 1 0 0 1
200	2	0 0 1 1 1 0 0 0 1 0 0 1 1 1 1 0 1 0 1 0
200	1	0 1 0 1 0 0 1 1 1 1 0 0 1 1 0 1 0 0 0 0
200	3	1 1 1 1 0 1 0 1 0 0 1 0 0 1 0 1 0 0 0 0
200	1	1 0 1 1 0 0 0 1 1 1 0 0 1 0 1 1 0 0 0 0
200	1	1 0 1 1 0 0 0 1 1 0 0 1 0 0 0 1 0 1 0 0
200	1	1 1 1 1 1 0 0 0 0 0 1 1 1 1 1 0 0 1 0 1
200	1	1 1 1 1 0 0 0 1 1 0 1 1 1 0 0 1 0 0 0 0
250	28	1 0 0 1 0 0 1 1 0 0 1 0 0 0 0 1 0 0 0 0
250	58	1 0 1 1 0 0 1 1 1 0 1 0 1 0 0 1 0 0 0 0
250	11	0 1 1 1 0 0 1 1 1 1 0 0 0 0 0 1 0 0 0 0
250	26	1 1 1 1 1 0 0 1 0 0 1 0 0 1 0 1 0 0 0 0
250	17	1 0 1 1 0 0 1 1 1 0 0 0 1 0 0 1 0 0 0 0
250	34	1 1 1 1 0 0 1 1 1 0 1 0 1 0 0 1 0 0 0 0
250	57	1 1 1 1 0 0 0 1 0 0 1 0 0 1 1 1 0 0 0 0
250	7	1 0 1 0 0 0 0 1 0 0 1 0 1 1 0 1 0 0 1 0
250	3	1 0 1 1 0 0 0 1 0 0 0 0 0 1 0 1 0 0 0 0
250	7	1 0 0 1 1 0 0 0 0 0 1 0 1 1 1 1 0 0 0 0
250	5	1 1 1 1 0 0 0 1 1 0 1 0 1 1 0 1 0 0 0 0
250	36	1 0 1 1 1 0 0 0 0 0 1 1 1 1 1 1 0 0 0 0
250	5	1 1 1 1 1 0 0 0 0 1 1 1 1 1 1 0 0 0 1 0
250	6	0 1 1 1 0 0 1 1 0 0 1 0 0 1 0 1 0 0 0 0
250	3	0 1 0 1 0 0 1 1 1 1 0 0 0 0 0 1 0 0 0 0
250	4	1 1 1 1 0 0 0 1 0 0 1 0 1 0 0 1 0 0 0 1
250	19	1 1 1 1 1 0 0 1 0 0 1 0 0 1 1 1 0 0 0 0
250	4	1 0 1 0 0 0 0 1 1 0 1 0 1 0 1 1 0 0 0 0
250	27	1 0 0 1 0 0 1 1 0 0 1 1 0 0 0 1 0 0 0 0
250	29	1 0 1 1 0 0 0 1 1 0 1 0 1 0 0 1 0 0 0 0
250	5	1 1 1 1 0 0 0 1 0 0 1 0 1 1 1 1 0 0 0 0
250	14	1 0 1 1 0 0 1 1 1 0 0 0 1 1 1 0 0 1 0 0
250	4	1 1 1 0 1 0 0 1 0 0 1 0 1 1 0 1 0 0 0 0
250	24	1 0 1 0 0 0 0 1 1 0 1 0 1 0 0 1 0 0 1 0
250	4	1 1 1 1 0 0 0 1 1 0 1 0 1 1 0 1 1 0 0 0
250	4	1 0 1 0 1 0 0 0 0 0 1 1 1 1 1 0 0 0 1 0
250	9	1 0 1 1 0 0 0 0 0 0 1 1 1 1 1 1 0 0 0 0
250	2	1 1 1 0 0 0 0 1 1 0 1 0 0 1 0 1 0 0 0 0
250	4	1 1 1 1 1 0 0 1 0 0 1 1 1 1 1 0 0 0 0 0
250	6	1 0 1 1 0 0 1 1 1 0 1 0 1 0 0 1 0 0 0 1
250	1	1 1 1 1 0 0 0 1 1 0 1 1 1 1 0 1 0 0 0 0
250	20	1 1 1 1 1 0 1 1 1 0 1 0 1 0 0 1 0 0 0 0
250	2	1 0 1 0 1 0 0 1 0 0 0 0 0 1 0 1 0 0 0 0
250	34	1 1 1 1 0 0 0 1 0 1 1 0 0 1 1 1 0 0 0 0
250	5	1 0 1 0 0 0 0 1 0 0 1 0 1 0 0 1 0 0 0 0
250	3	1 0 1 1 0 0 1 1 1 0 1 0 1 0 0 0 0 0 0 0
250	3	1 0 0 1 0 0 1 1 0 0 1 0 0 1 0 1 0 0 0 0
250	6	1 0 0 1 0 1 0 1 0 0 1 0 0 1 0 1 0 0 0 0
250	8	1 0 1 0 0 0 0 1 1 0 1 0 1 0 0 0 0 0 0 1
250	6	0 1 1 0 0 0 1 1 0 0 1 0 0 1 0 1 0 0 0 0
250	20	1 1 1 1 0 0 1 1 0 1 0 0 0 0 0 1 0 0 0 0
250	23	1 1 1 1 1 0 0 1 0 0 1 0 1 0 0 1 0 0 0 0
250	3	1 0 0 0 0 0 1 1 0 0 1 0 0 0 0 1 0 0 0 0
250	10	1 1 1 1 1 0 0 1 0 0 1 0 0 1 0 0 0 0 0 0
250	7	0 1 1 1 0 0 1 1 0 0 1 0 0 1 0 1 0 1 0 0
250	8	1 0 1 1 0 0 0 0 0 0 1 0 1 1 0 1 0 0 0 0
250	10	1 1 1 0 0 0 0 1 1 0 1 0 1 1 0 1 0 0 0 0
250	13	1 1 1 1 1 0 1 1 0 1 0 0 0 0 0 1 0 0 0 0
250	33	1 1 0 1 1 0 0 1 0 0 1 0 0 1 0 1 0 0 0 0
250	6	1 0 1 0 1 0 0 0 0 0 1 1 1 1 1 1 0 0 0 0
250	2	0 0 1 1 1 1 0 0 1 0 1 1 1 1 1 0 1 0 0 0
250	1	1 0 0 1 1 0 1 1 0 0 1 0 0 0 0 1 0 0 0 0
250	8	0 1 1 1 0 0 1 1 1 1 0 1 0 0 0 1 0 0 0 0
250	4	1 0 0 1 0 0 1 1 0 0 0 1 0 0 0 1 0 0 0 0
250	4	1 0 1 1 0 1 1 1 1 0 1 0 1 0 0 1 0 0 1 0
250	3	1 0 1 0 0 0 0 1 1 0 1 0 0 1 1 1 0 0 0 0
250	4	1 1 1 1 0 0 0 0 0 0 1 0 1 0 0 1 0 0 0 0
250	2	1 0 0 0 0 0 1 1 1 0 1 0 1 0 0 1 0 0 0 0
250	1	1 1 0 1 0 0 0 0 0 0 1 0 1 1 0 1 0 0 1 0
250	3	1 0 1 1 0 0 1 1 1 0 0 0 1 1 1 0 0 0 1 0
250	6	1 1 0 1 0 0 1 1 0 0 1 0 0 0 0 1 0 0 0 0
250	1	1 0 0 1 1 0 0 0 0 0 1 0 0 1 1 1 0 0 0 0
250	4	1 0 1 0 0 0 0 1 1 0 1 0 1 0 0 1 0 0 0 1
250	3	1 0 1 1 0 0 1 1 1 0 1 0 1 0 0 1 0 1 0 0
250	4	1 0 1 0 0 0 1 1 1 0 1 0 1 0 0 1 0 0 0 0
250	1	1 1 1 1 0 0 1 1 1 1 0 0 0 0 0 1 0 0 0 0
250	1	1 1 1 1 1 1 0 1 0 0 1 0 0 1 0 1 0 0 0 0
250	6	1 0 1 0 0 1 0 1 1 0 1 0 1 0 0 0 0 0 0 1
250	9	1 1 1 1 0 0 1 1 1 0 1 0 1 1 0 1 0 0 0 0
250	2	1 1 1 1 0 0 0 1 1 0 1 0 0 1 0 1 0 1 0 0
250	5	1 1 1 1 0 0 0 1 1 1 1 0 1 1 0 1 1 0 0 0
250	6	1 0 1 1 1 0 0 1 0 0 0 0 0 1 0 1 0 0 0 0
250	1	1 0 1 1 0 0 0 0 0 0 1 0 0 1 0 0 0 0 0 1
250	3	1 0 1 1 0 0 1 1 1 0 1 0 0 1 0 1 0 0 0 0
250	5	1 0 1 1 0 0 1 1 0 0 1 0 1 0 0 1 0 0 0 0
250	1	1 1 1 1 1 0 0 1 0 0 1 0 0 0 0 1 0 0 0 0
250	2	1 0 1 0 0 0 0 1 0 0 1 0 1 0 0 1 0 0 1 0
250	2	1 0 1 1 0 0 0 1 1 0 1 0 1 0 0 1 0 0 0 1
250	2	0 1 1 1 0 0 1 1 0 0 1 0 1 0 0 1 0 1 0 0
250	2	1 1 1 1 1 0 0 1 0 0 1 0 1 0 1 1 0 0 0 0
250	7	1 0 0 0 0 0 0 1 1 0 1 0 0 1 1 1 0 0 0 0
250	3	1 1 1 1 1 0 0 0 0 1 1 1 1 0 1 0 0 0 1 1
250	2	1 1 1 1 0 0 0 1 0 0 1 0 1 0 0 1 0 0 1 0
250	7	1 0 0 1 0 0 1 1 0 0 1 0 0 0 0 1 0 0 1 0
250	2	1 1 1 1 1 0 0 1 0 0 1 0 0 1 0 1 0 1 0 0
250	7	1 0 0 1 0 0 0 1 0 0 1 0 1 0 0 1 0 0 0 0
250	3	1 1 1 1 0 0 0 1 1 0 1 0 1 1 1 1 1 0 0 0
250	11	1 0 0 1 1 0 0 0 0 0 1 0 0 1 1 0 0 0 0 0
250	10	1 1 1 1 1 0 0 0 0 1 1 1 1 0 1 0 0 1 1 1
250	6	1 1 0 1 1 0 0 1 0 0 1 0 1 0 0 1 0 0 0 0
250	6	1 0 1 1 0 0 0 1 1 0 1 1 0 1 1 0 0 0 0 0
250	11	1 1 1 1 0 0 1 1 0 0 1 0 1 0 0 1 0 0 0 0
250	11	1 1 0 1 0 0 0 1 0 0 1 0 1 1 1 1 0 0 0 0
250	5	1 1 0 1 0 0 0 1 0 1 1 0 0 1 1 1 0 0 0 0
250	3	1 0 0 1 0 0 1 1 1 0 1 0 1 0 0 1 0 0 0 0
250	7	1 0 1 1 0 0 1 1 0 0 1 1 0 0 0 1 0 0 0 0
250	2	1 1 1 1 1 0 0 0 0 0 1 1 1 1 1 1 0 0 0 0
250	1	1 0 0 1 0 0 0 0 0 0 1 0 0 1 1 0 0 0 0 0
250	7	0 1 1 1 0 0 1 0 1 1 0 0 0 0 0 1 0 0 0 0
250	4	1 1 0 1 1 0 0 1 0 0 1 0 0 1 0 1 0 0 0 1
250	3	1 0 1 0 1 1 0 1 0 0 1 0 1 0 0 1 0 0 0 0
250	2	1 0 1 1 0 0 1 1 1 0 1 0 1 0 0 1 1 0 0 0
250	1	1 0 1 1 0 0 1 1 1 0 1 0 1 0 0 0 0 0 0 1
250	2	1 0 0 0 0 0 1 1 1 1 0 1 0 0 0 1 0 0 0 0
250	2	1 1 1 1 1 0 0 1 0 0 1 0 1 1 0 1 0 0 0 0
250	3	1 1 1 1 0 0 1 1 1 0 0 0 1 0 0 1 0 0 0 0
250	2	1 0 0 1 0 0 1 1 0 0 1 0 0 0 1 1 0 0 0 0
250	4	1 0 0 1 0 0 1 1 0 0 1 1 0 1 0 1 0 0 0 0
250	4	1 1 1 1 0 0 1 0 0 0 1 0 1 0 0 1 0 0 0 0
250	2	1 1 1 0 0 0 0 1 1 0 1 0 0 1 1 1 0 0 0 0
250	9	1 0 0 1 0 0 1 1 0 1 1 0 0 1 1 1 0 0 0 0
250	2	1 1 1 0 0 0 0 1 1 0 1 0 1 0 0 1 0 0 0 0
250	1	1 1 0 1 0 0 1 1 1 0 1 0 1 0 0 1 0 0 0 0
250	2	1 1 1 1 1 0 1 1 0 0 1 0 0 1 0 1 0 0 0 0
250	3	0 1 1 1 0 0 0 1 0 0 1 0 0 1 1 1 0 0 0 0
250	1	1 1 0 1 0 0 0 1 0 0 1 0 0 1 1 1 0 0 0 0
250	2	0 1 1 1 0 0 1 1 0 1 1 0 0 1 0 1 0 0 0 0
250	4	0 0 0 1 0 0 1 1 0 0 1 1 0 0 0 1 0 0 0 0
250	4	1 1 1 1 0 0 0 1 0 1 1 0 1 1 1 1 0 0 0 0
250	3	1 1 1 1 0 1 0 1 0 1 1 0 0 1 1 1 0 0 0 0
250	1	1 0 1 0 0 0 0 1 0 1 1 0 1 0 0 1 0 0 0 0
250	2	1 1 1 1 1 0 0 0 0 0 1 1 1 0 1 1 1 0 1 0
250	2	1 1 0 1 1 0 0 1 0 0 1 0 0 1 0 0 0 0 0 0
250	3	1 0 1 1 0 0 1 1 1 0 0 0 1 1 0 1 0 0 0 0
250	2	1 1 1 1 0 0 1 1 1 0 1 0 1 0 0 0 0 0 0 0
250	2	1 0 1 1 0 0 1 1 1 1 0 0 1 1 1 0 0 1 0 0
250	4	0 1 1 1 0 1 1 1 1 1 0 1 0 0 0 1 0 0 0 0
250	1	1 1 0 1 0 0 1 1 0 0 1 0 0 1 0 1 0 0 0 0
250	1	1 0 0 1 0 0 0 0 0 0 1 0 0 1 1 1 0 0 0 0
250	1	1 1 0 1 0 0 0 1 0 0 1 1 1 1 1 1 0 0 0 0
250	1	1 0 1 0 0 0 1 1 0 0 1 0 0 1 0 1 0 0 0 0
250	1	1 1 1 1 1 0 0 1 1 0 1 0 1 0 0 1 0 0 1 0
250	1	1 1 1 0 0 0 1 1 0 0 1 0 0 0 0 1 0 0 1 0
250	2	0 1 1 1 0 0 0 1 1 1 0 0 0 0 0 1 0 0 0 0
250	1	1 1 1 1 0 0 1 1 1 0 1 0 1 0 1 1 0 0 0 0
250	2	1 1 1 1 0 0 0 1 0 0 1 0 0 1 1 1 0 0 1 0
250	1	1 0 1 1 1 0 0 0 0 0 1 1 0 1 1 1 0 0 0 0
250	1	1 1 1 1 1 0 1 1 0 0 1 0 0 1 1 1 0 0 0 0
250	1	1 0 0 1 0 0 1 1 0 0 1 1 0 0 0 1 0 0 1 0
250	2	1 0 1 0 0 0 0 1 1 0 1 0 1 0 1 1 0 0 1 0
250	1	1 0 1 1 0 0 0 1 1 0 1 0 1 0 0 1 0 0 1 0
250	3	1 1 1 1 1 0 1 1 1 0 1 0 1 0 0 1 0 0 0 1
250	4	1 1 1 0 0 0 0 1 1 0 1 1 1 1 0 1 0 0 0 0
250	4	1 1 1 1 1 0 1 1 0 1 0 1 0 0 0 1 0 0 0 0
250	1	1 1 0 1 1 0 0 1 0 1 1 0 0 1 0 1 0 0 0 0
250	1	1 0 0 1 1 0 0 0 0 0 1 0 1 1 1 0 0 0 0 0
250	2	1 0 1 0 0 0 0 1 0 1 1 0 1 1 0 1 0 0 0 0
300	19	1 0 1 1 0 0 1 1 1 0 1 0 1 0 0 1 0 0 0 0
300	20	1 0 1 1 0 0 1 1 1 0 0 0 1 0 0 1 0 0 0 0
300	148	1 1 1 1 0 0 0 1 0 0 1 0 0 1 1 1 0 0 0 0
300	3	1 0 1 1 1 0 0 0 0 0 1 1 1 1 1 1 0 0 0 0
300	17	1 1 1 1 1 0 0 0 0 1 1 1 1 1 1 0 0 0 1 0
300	33	1 1 1 1 1 0 0 1 0 0 1 0 0 1 1 1 0 0 0 0
300	7	1 1 1 1 1 0 1 1 1 0 1 0 1 0 0 1 0 0 0 0
300	82	1 1 1 1 0 0 0 1 0 1 1 0 0 1 1 1 0 0 0 0
300	18	1 1 1 1 0 0 1 1 0 1 0 0 0 0 0 1 0 0 0 0
300	79	1 1 1 1 1 0 0 1 0 0 1 0 1 0 0 1 0 0 0 0
300	3	1 1 1 0 0 0 0 1 1 0 1 0 1 1 0 1 0 0 0 0
300	6	1 1 1 1 1 0 1 1 0 1 0 0 0 0 0 1 0 0 0 0
300	10	1 1 1 1 0 0 1 1 0 0 1 0 1 0 0 1 0 0 0 0
300	4	1 1 0 1 0 0 0 1 0 0 1 0 1 1 1 1 0 0 0 0
300	23	1 1 1 1 0 0 1 1 1 0 0 0 1 0 0 1 0 0 0 0
300	30	1 1 1 1 0 0 0 1 0 0 0 0 0 1 1 1 0 0 0 0
300	7	1 1 1 1 1 0 0 1 0 1 1 0 0 1 1 1 0 0 0 0
300	40	1 0 1 1 1 0 0 0 0 0 0 1 1 1 1 1 0 0 0 0
300	2	1 1 1 0 0 1 0 1 0 0 1 1 1 1 1 1 0 0 0 0
300	6	1 1 1 1 0 0 1 1 1 0 0 0 1 1 0 1 0 0 0 0
300	20	1 0 1 1 1 0 0 1 0 0 1 0 0 1 1 1 0 0 0 0
300	3	1 1 1 1 1 0 0 1 1 0 1 0 1 0 0 0 0 0 1 0
300	3	1 1 1 1 0 0 0 1 1 1 1 0 0 1 1 1 0 0 0 0
300	12	1 1 1 1 1 0 0 1 0 0 1 0 0 0 1 1 0 0 0 0
300	3	1 1 1 1 1 0 1 1 1 0 1 0 1 0 0 0 0 0 1 0
300	4	1 1 1 1 0 0 0 1 0 0 0 1 0 1 1 1 0 0 0 0
300	44	1 1 1 1 0 0 1 1 1 0 0 0 1 0 0 0 0 0 1 0
300	44	0 1 1 1 0 0 0 1 0 0 0 1 0 1 1 1 0 0 0 0
300	27	1 1 1 1 0 0 0 1 0 0 1 0 0 1 1 1 1 0 0 0
300	10	1 1 1 1 1 0 0 1 0 1 0 1 1 1 1 0 0 0 0 0
300	5	0 1 1 1 0 0 1 0 0 1 1 0 1 1 1 1 0 0 1 0
300	5	1 1 1 1 0 0 1 1 0 1 0 0 0 0 0 1 0 0 0 1
300	3	1 0 1 1 0 0 0 1 1 0 1 0 1 0 0 1 0 0 1 0
300	10	1 1 1 1 1 0 0 1 0 0 1 1 1 1 1 1 0 0 0 0
300	8	1 1 1 1 1 0 0 1 0 0 1 0 0 0 0 1 0 0 0 0
300	5	0 1 1 1 0 0 1 1 1 0 1 0 1 0 0 0 0 0 1 0
300	9	1 1 1 1 0 0 1 0 0 0 1 0 1 0 1 0 0 0 0 0
300	12	1 0 1 1 1 0 0 0 0 0 1 0 0 1 1 1 0 0 0 0
300	7	1 1 1 1 1 0 1 1 0 1 1 0 0 1 1 1 0 0 0 0
300	3	1 0 1 0 0 0 0 1 1 0 1 0 1 0 0 1 0 0 0 0
300	6	1 1 1 1 0 0 1 1 0 0 1 0 0 1 1 1 0 0 0 0
300	6	1 1 1 1 0 0 0 1 0 0 0 1 0 1 0 1 0 0 0 0
300	8	0 1 1 1 0 0 0 1 0 0 0 1 0 1 1 1 0 0 1 0
300	2	0 1 1 1 1 0 0 1 0 0 1 0 0 0 1 1 0 0 0 0
300	4	1 1 1 1 0 0 0 1 1 0 1 0 0 1 0 1 0 0 0 0
300	4	0 1 1 1 0 0 1 1 1 0 0 0 1 0 0 1 0 0 0 0
300	18	1 0 1 0 0 0 0 1 1 0 1 0 1 0 0 0 0 0 1 0
300	7	1 0 1 1 1 0 0 0 0 0 0 1 1 1 1 1 0 1 0 0
300	13	1 1 1 1 0 0 0 1 0 0 1 0 1 0 0 1 0 0 0 0
300	6	1 1 1 1 0 1 0 1 0 1 1 0 0 1 1 1 0 0 0 0
300	2	1 1 1 1 0 0 0 1 0 0 1 0 0 1 0 1 0 0 0 0
300	7	1 0 1 1 1 0 0 0 0 0 0 1 1 0 1 1 0 0 0 0
300	8	1 1 1 1 0 1 1 1 1 0 0 0 1 0 0 1 0 0 0 0
300	4	1 1 1 1 1 0 1 1 0 0 0 0 0 1 0 1 0 0 0 0
300	3	1 1 1 1 0 0 1 1 1 1 0 0 1 0 0 1 0 0 0 0
300	2	1 0 0 1 0 0 0 1 0 0 1 0 0 1 0 0 0 0 0 0
300	2	1 1 1 1 0 0 0 1 0 0 1 0 0 0 0 1 0 0 0 0
300	4	1 0 1 1 0 1 0 1 0 0 1 0 0 1 1 1 0 0 0 0
300	1	1 1 1 1 0 0 1 1 1 0 1 0 1 0 0 0 0 0 1 0
300	2	0 1 1 0 0 0 0 1 0 0 0 1 0 1 1 1 0 0 0 0
300	8	1 1 1 1 1 0 0 0 0 1 1 1 1 1 1 0 0 0 0 0
300	1	1 1 1 0 0 0 0 1 1 0 1 0 1 1 0 0 0 0 1 0
300	4	1 0 1 1 0 0 0 1 0 0 1 0 1 1 1 1 0 0 0 0
300	1	0 1 1 1 0 0 1 1 0 0 1 0 1 0 0 1 0 0 0 0
300	2	1 1 1 1 1 0 0 1 0 1 1 0 0 1 1 0 0 0 0 0
300	2	1 0 0 1 0 1 0 1 1 0 0 0 1 0 0 1 0 0 0 0
300	1	1 1 1 1 0 0 1 1 1 0 0 0 0 0 0 1 0 0 0 1
300	1	1 1 0 1 0 0 0 1 1 0 1 1 1 1 1 1 0 0 0 0
300	3	1 1 1 1 0 0 0 1 0 0 1 0 1 1 1 1 0 0 0 0
300	4	1 1 1 1 1 0 0 1 1 0 1 0 0 1 1 1 0 0 0 0
300	3	1 1 1 1 1 0 1 1 0 1 0 0 0 1 1 1 0 0 0 0
300	3	1 1 1 0 0 0 0 1 0 0 0 1 0 1 1 1 0 0 0 0
300	1	0 1 1 1 1 0 0 1 0 0 1 0 0 1 1 1 0 0 0 0
300	5	1 1 1 1 0 0 0 1 0 1 1 0 0 1 1 1 0 0 1 0
300	5	1 1 1 1 0 0 0 1 1 0 0 0 1 0 0 0 0 0 1 0
300	2	1 0 1 1 0 1 1 1 1 0 0 0 1 0 0 1 0 0 0 0
300	2	1 0 0 1 0 1 0 1 0 0 1 0 0 1 0 0 0 0 0 0
300	3	1 1 1 1 1 0 1 1 0 1 0 0 0 0 0 1 0 0 1 0
300	4	1 1 1 1 0 0 0 1 0 0 1 0 0 1 1 1 0 1 0 0
300	5	1 1 1 1 1 1 1 1 1 0 1 0 1 0 0 1 0 0 0 0
300	3	1 1 1 1 1 0 0 1 0 0 1 0 1 0 1 1 0 0 0 0
300	1	1 1 1 1 1 0 0 1 0 0 1 0 1 1 0 1 0 0 0 0
300	2	1 0 1 1 1 0 0 1 0 0 1 0 1 1 1 1 0 0 0 0
300	6	1 1 1 1 0 0 1 0 1 0 0 0 1 0 0 0 0 0 1 0
300	1	1 1 1 1 0 0 0 1 0 1 1 0 0 1 1 1 0 1 0 0
300	2	1 1 1 1 0 0 1 1 0 0 0 1 0 1 1 1 0 0 0 0
300	2	1 1 1 1 1 0 0 0 0 0 1 1 1 1 1 1 0 0 0 0
300	1	0 1 1 1 0 0 0 1 0 0 1 0 0 1 1 1 0 0 0 0
300	2	1 1 1 1 0 0 1 0 0 0 1 0 0 1 1 1 0 0 0 0
300	1	1 0 1 1 0 0 0 1 0 0 1 0 0 1 1 1 0 0 0 0
300	1	1 0 1 1 1 0 0 0 0 1 1 1 1 1 1 0 0 0 1 0
300	1	1 1 1 1 1 0 0 1 0 0 1 0 0 1 1 1 0 0 0 1
300	1	1 1 1 1 0 0 0 1 0 1 1 1 0 1 1 1 0 0 0 0
300	1	1 1 1 1 1 0 1 1 1 1 0 0 0 0 0 1 0 0 0 0
300	1	1 1 0 1 0 0 0 1 0 0 1 0 1 1 0 1 0 0 0 0
300	1	1 1 1 1 0 0 0 1 0 0 0 0 0 1 1 1 0 0 0 1
300	3	1 0 1 1 1 0 0 0 0 0 0 0 1 1 1 1 0 0 0 0
300	5	1 0 1 1 1 0 1 1 0 0 1 0 0 1 1 1 0 0 0 0
300	1	1 1 1 1 0 1 0 1 1 0 0 0 1 0 0 1 0 0 0 0
300	1	1 1 1 1 1 0 1 1 0 0 0 0 0 0 0 1 0 0 0 0
350	2	1 1 1 1 0 0 0 1 0 0 1 0 0 1 1 1 0 0 0 0
350	64	1 1 1 1 1 0 0 1 0 0 1 0 0 1 1 1 0 0 0 0
350	33	1 1 1 1 0 0 0 1 0 1 1 0 0 1 1 1 0 0 0 0
350	32	1 1 1 1 0 0 1 1 0 1 0 0 0 0 0 1 0 0 0 0
350	45	1 1 1 1 1 0 0 1 0 0 1 0 1 0 0 1 0 0 0 0
350	76	1 1 1 1 0 0 1 1 1 0 0 0 1 0 0 1 0 0 0 0
350	5	1 1 1 1 0 0 0 1 0 0 0 0 0 1 1 1 0 0 0 0
350	21	1 1 1 1 1 0 0 1 0 1 1 0 0 1 1 1 0 0 0 0
350	4	1 1 1 1 1 0 0 1 0 0 1 0 0 0 1 1 0 0 0 0
350	1	1 1 1 1 0 0 1 1 1 0 0 0 1 0 0 0 0 0 1 0
350	3	0 1 1 1 0 0 0 1 0 0 0 1 0 1 1 1 0 0 0 0
350	2	1 1 1 1 1 0 1 1 0 0 0 0 0 1 0 1 0 0 0 0
350	35	1 1 1 1 1 1 1 1 1 0 1 0 1 0 0 1 0 0 0 0
350	8	1 1 1 1 0 0 1 0 0 0 1 0 0 1 1 1 0 0 0 0
350	4	1 1 1 1 0 0 0 0 0 0 1 0 0 1 1 1 0 0 0 0
350	26	1 1 1 1 0 0 0 1 0 0 1 0 0 0 1 1 0 0 0 0
350	2	1 0 0 1 1 0 0 1 0 0 1 0 0 1 1 1 0 0 0 0
350	13	1 1 1 1 1 0 0 1 0 0 0 0 0 1 1 1 0 0 0 0
350	18	1 1 1 1 0 0 0 1 0 0 0 0 0 1 0 1 0 0 0 0
350	17	1 1 1 1 0 0 0 1 0 0 1 0 0 1 1 1 0 1 0 0
350	16	1 1 1 1 1 0 0 1 0 0 1 1 0 1 1 1 0 0 0 0
350	4	0 1 1 1 1 0 0 0 0 0 0 1 1 1 1 1 0 0 0 0
350	14	1 1 0 1 0 0 0 1 0 0 0 0 0 1 1 1 0 0 0 0
350	3	1 1 1 1 0 0 0 1 0 0 1 0 0 1 0 1 0 0 0 0
350	6	1 1 1 1 0 0 0 1 0 1 1 0 0 0 1 1 0 0 0 0
350	3	1 1 1 1 0 1 0 1 1 0 0 0 0 0 0 1 0 0 0 0
350	4	1 1 1 1 1 0 0 1 0 0 1 0 1 1 0 1 0 0 0 0
350	3	1 1 0 1 1 1 1 1 1 0 1 0 1 0 0 1 0 0 0 0
350	10	1 1 1 1 0 1 0 1 1 0 0 1 1 0 0 1 0 0 0 0
350	21	1 1 1 1 0 0 0 1 0 1 1 0 0 1 1 1 0 1 0 0
350	9	0 1 1 1 0 0 0 1 0 0 0 1 0 1 0 1 0 0 0 0
350	17	1 1 1 1 0 0 0 1 0 1 0 0 0 0 0 1 0 0 0 0
350	18	1 0 1 1 1 0 0 1 0 0 1 0 0 1 1 1 0 0 0 0
350	5	1 1 1 1 0 0 0 1 0 1 0 0 0 0 0 0 0 1 0 0
350	19	1 1 1 1 0 1 1 1 1 0 0 0 1 1 0 1 0 0 0 0
350	10	1 1 1 1 0 0 0 1 0 1 1 0 1 0 0 1 0 0 0 1
350	5	1 1 1 0 0 0 0 1 0 0 1 1 1 1 1 1 0 0 0 0
350	10	0 1 1 1 1 0 0 0 0 0 0 1 1 1 1 1 0 1 0 0
350	3	1 1 1 1 0 0 0 1 0 0 0 0 0 0 0 1 0 0 0 0
350	11	1 1 1 1 0 0 1 1 0 1 1 0 0 1 1 1 0 0 0 0
350	8	1 1 1 1 0 0 0 1 0 0 0 0 0 0 0 0 0 1 0 0
350	19	1 1 1 1 0 0 1 1 1 0 1 0 1 0 0 1 0 0 0 0
350	15	1 1 1 1 1 1 0 1 0 0 1 0 1 1 0 1 0 0 0 0
350	8	1 1 1 0 0 1 0 1 0 0 0 1 0 0 1 1 0 0 0 0
350	4	1 1 1 1 0 0 1 1 1 0 0 1 0 1 1 1 0 0 0 0
350	8	1 0 1 1 1 0 0 1 1 0 1 0 1 1 0 1 0 0 0 0
350	2	1 1 0 1 1 0 0 1 0 0 1 0 0 1 1 1 0 0 0 0
350	3	0 1 1 1 0 0 1 0 0 0 1 0 0 1 1 1 0 0 0 0
350	8	1 1 1 1 0 1 0 1 0 0 0 1 1 0 0 0 0 0 0 0
350	11	1 1 1 1 1 0 1 1 0 0 1 0 1 0 0 1 0 0 0 0
350	2	1 1 0 1 0 0 0 1 0 0 1 0 0 1 0 1 0 0 0 0
350	4	1 1 1 1 1 0 0 1 0 0 1 0 0 1 1 1 0 0 0 1
350	5	1 1 1 1 0 0 1 1 1 1 0 0 0 0 0 1 0 0 0 0
350	1	1 1 1 1 1 0 0 1 0 0 1 1 0 1 1 0 0 0 0 0
350	3	1 1 1 1 1 0 0 0 0 0 1 0 1 1 1 1 0 0 0 0
350	8	1 1 1 1 0 0 1 1 0 1 0 1 0 0 0 1 0 0 0 0
350	16	1 1 1 1 0 0 1 1 1 0 0 1 0 1 0 1 0 0 0 0
350	3	1 0 1 1 1 0 0 0 0 0 0 1 1 1 0 1 0 0 0 0
350	7	1 1 1 1 0 0 1 1 1 0 1 0 1 0 0 0 0 0 1 0
350	6	1 1 1 1 1 0 0 1 1 0 1 0 1 1 0 1 0 0 0 0
350	10	1 1 1 1 1 0 1 1 1 0 0 0 1 0 0 1 0 0 0 0
350	2	1 1 1 1 1 0 0 0 0 0 1 0 0 0 0 1 0 0 0 0
350	6	1 1 1 1 0 0 1 1 1 0 0 0 1 0 0 0 0 0 0 0
350	2	1 1 1 1 1 0 0 1 0 0 1 0 1 0 0 1 1 0 0 0
350	9	1 1 1 1 1 0 0 1 0 0 0 0 1 1 1 1 0 0 0 0
350	2	1 1 0 1 0 0 0 1 0 0 1 0 0 1 1 1 0 1 0 0
350	7	1 1 1 1 0 0 0 1 0 1 0 0 1 0 0 0 0 0 0 0
350	7	1 1 1 1 0 0 0 1 0 0 0 1 0 1 0 1 0 0 0 0
350	3	1 1 1 1 0 0 1 1 1 0 1 1 0 1 1 0 0 0 0 0
350	3	1 1 1 0 0 0 0 1 0 0 1 0 0 1 0 1 0 0 0 0
350	1	1 1 1 1 1 0 0 1 0 1 0 0 0 0 0 0 0 1 0 0
350	5	1 1 1 1 0 0 1 1 0 0 0 0 0 1 1 1 0 0 0 0
350	1	1 1 0 1 0 0 0 1 0 0 1 0 1 0 0 1 0 0 0 1
350	1	1 1 1 1 0 0 1 1 1 1 0 1 0 0 0 1 0 0 0 0
350	3	1 1 1 1 0 0 1 1 1 1 1 0 0 1 1 1 0 0 0 0
350	4	1 1 1 0 0 1 0 1 1 0 0 0 0 0 0 1 0 0 0 0
350	2	1 1 1 1 0 0 0 1 0 1 1 0 0 0 1 1 0 1 0 0
350	2	1 1 1 0 0 0 1 1 0 0 1 0 0 1 1 1 0 1 0 0
350	8	1 1 1 1 0 0 0 1 0 0 0 0 0 1 0 1 1 0 0 0
350	3	1 1 0 1 0 0 0 1 0 0 1 1 0 1 0 1 0 0 0 0
350	12	1 1 1 1 0 0 1 1 1 1 0 0 0 0 0 1 1 0 0 0
350	6	1 1 1 1 0 0 1 1 0 1 0 1 0 1 1 1 0 0 0 0
350	15	1 1 0 1 0 0 0 1 0 0 1 0 0 0 1 1 0 0 0 0
350	1	1 1 1 1 0 0 0 1 0 1 0 0 1 0 0 0 0 0 1 0
350	5	1 1 1 1 1 0 0 1 0 0 1 1 0 1 1 1 0 0 0 1
350	3	1 1 1 1 1 0 0 0 0 0 1 1 0 1 1 1 0 0 0 0
350	2	1 1 0 1 0 0 0 1 0 0 0 0 0 1 1 0 0 0 0 0
350	1	1 1 0 1 1 0 0 1 0 0 0 0 0 1 1 1 0 0 0 0
350	5	1 1 1 1 0 1 1 1 1 0 1 0 1 0 0 1 0 0 0 0
350	1	1 1 1 0 0 1 0 1 0 0 0 1 1 0 0 1 0 0 0 1
350	9	1 1 1 0 1 0 0 1 0 0 1 0 0 1 1 1 0 0 0 0
350	4	1 1 1 1 1 1 1 1 1 0 1 0 1 0 0 1 0 0 1 0
350	5	1 0 0 1 1 1 0 1 0 0 1 0 0 1 1 1 0 0 0 0
350	4	1 1 1 1 0 1 0 1 0 0 1 0 0 1 1 1 0 1 0 0
350	1	1 1 1 1 0 1 0 1 1 0 0 1 0 0 0 1 0 0 0 0
350	5	1 1 0 1 0 0 1 1 1 0 0 1 0 1 0 1 0 0 0 0
350	4	1 1 0 1 0 0 0 1 0 0 1 0 0 1 1 1 0 1 1 0
350	3	1 1 0 1 0 1 0 1 0 0 1 0 0 1 1 1 0 1 0 0
350	1	1 1 1 1 0 0 1 1 1 0 0 0 0 0 1 1 0 0 0 0
350	2	1 1 1 1 1 0 0 1 0 0 1 0 0 1 0 1 0 0 0 0
350	2	1 1 1 1 1 0 0 1 0 0 1 0 0 1 1 1 0 1 0 0
350	3	1 1 1 1 0 0 0 1 0 1 1 0 0 1 0 1 0 1 0 0
350	1	0 1 1 1 0 0 0 1 0 1 1 0 0 1 1 1 0 1 0 0
350	4	1 1 1 1 0 0 0 1 0 1 0 0 0 0 0 0 0 0 0 0
350	1	1 1 1 0 0 1 1 1 1 0 0 0 1 1 0 1 0 0 0 0
350	3	1 1 1 1 1 1 0 1 1 0 1 0 1 1 0 1 0 0 0 0
350	2	1 0 0 1 1 0 0 1 0 0 1 0 1 0 0 1 0 0 0 0
350	1	1 1 1 1 0 0 0 1 0 1 1 0 1 0 1 1 0 1 0 0
350	7	1 1 1 1 0 1 0 1 0 0 1 0 0 1 1 1 0 0 0 0
350	1	1 0 1 1 1 0 0 1 0 0 1 1 0 1 1 1 0 0 0 1
350	4	1 1 1 1 0 0 0 1 1 0 1 0 1 1 0 1 0 0 0 0
350	4	0 1 1 0 0 1 0 1 0 0 1 0 0 0 1 1 0 0 0 0
350	11	1 1 1 1 1 0 0 1 0 0 1 0 0 0 1 1 0 1 0 0
350	4	1 1 1 1 0 0 0 0 0 0 1 0 0 1 1 1 0 1 0 0
350	1	1 1 1 1 0 0 0 1 1 0 1 0 1 0 0 1 0 0 0 0
350	2	1 1 1 1 0 0 1 1 1 0 1 0 1 1 0 1 0 0 0 0
350	1	1 1 1 1 1 0 0 1 0 0 1 0 1 0 0 0 0 0 1 0
350	1	1 1 1 1 1 0 1 1 0 0 0 0 0 0 0 1 0 0 0 0
350	1	1 1 1 1 0 0 0 1 0 0 1 0 0 0 1 1 1 0 0 0
350	3	1 1 1 1 1 1 1 1 1 0 0 0 1 1 0 1 0 0 0 0
350	3	1 0 1 1 1 0 0 1 1 0 1 0 0 1 0 1 0 0 0 0
350	5	1 1 1 1 0 0 1 1 0 0 0 1 0 1 0 1 0 0 0 0
350	1	1 1 1 1 0 0 1 1 1 1 0 0 1 0 0 1 1 0 0 0
350	2	1 1 0 1 0 1 0 1 0 0 1 0 1 1 1 1 0 1 0 0
350	1	1 1 1 1 1 0 0 1 1 0 0 0 1 0 0 1 0 0 0 0
350	1	1 1 1 1 0 0 0 1 0 1 1 0 0 0 0 1 0 0 0 0
350	1	1 1 1 1 0 0 1 1 0 1 0 0 0 1 0 1 0 0 0 0
350	1	1 1 1 1 0 0 1 1 0 1 0 0 0 0 1 1 0 0 0 0
350	1	1 1 1 1 0 0 0 1 0 0 1 1 0 1 1 1 0 0 0 0
350	2	1 1 0 1 0 0 1 1 1 0 1 0 1 1 0 1 0 0 0 0
350	2	1 0 1 1 1 0 0 1 0 0 1 0 0 1 1 1 0 1 0 0
350	1	1 1 1 1 0 0 0 1 0 1 0 1 0 0 1 1 0 0 0 0
350	1	1 1 1 1 0 1 1 1 1 0 0 0 0 1 1 1 0 1 0 0
350	1	1 1 1 1 1 1 0 1 0 0 1 0 0 1 1 1 0 0 0 0
350	1	1 1 0 1 0 0 0 1 0 1 1 0 0 1 1 1 0 1 0 0
350	1	1 1 0 1 0 1 0 1 0 0 1 0 0 1 1 1 0 0 0 0
350	2	1 1 1 1 1 0 0 1 0 0 1 0 1 0 0 0 0 0 0 0
350	2	1 1 1 1 1 1 1 1 1 0 1 0 1 0 1 1 0 0 0 0
350	1	1 1 1 1 0 0 0 1 0 0 1 0 0 1 1 1 0 1 1 0
400	8	1 1 1 1 0 0 0 1 0 0 1 0 0 1 1 1 0 0 0 0
400	4	1 1 1 1 1 0 0 1 0 0 1 0 0 1 1 1 0 0 0 0
400	8	1 1 1 1 0 0 0 1 0 1 1 0 0 1 1 1 0 0 0 0
400	84	1 1 1 1 0 0 1 1 1 0 0 0 1 0 0 1 0 0 0 0
400	22	1 1 1 1 0 0 0 1 0 0 1 0 0 0 1 1 0 0 0 0
400	14	1 1 1 1 0 0 0 1 0 0 0 0 0 1 0 1 0 0 0 0
400	5	0 1 1 1 1 0 0 0 0 0 0 1 1 1 1 1 0 0 0 0
400	29	1 1 1 1 0 0 0 1 0 0 0 0 0 0 0 1 0 0 0 0
400	54	1 1 1 1 0 1 0 1 0 0 0 1 1 0 0 0 0 0 0 0
400	21	1 1 1 1 0 0 1 1 1 0 0 1 0 1 0 1 0 0 0 0
400	89	1 1 1 1 1 0 1 1 1 0 0 0 1 0 0 1 0 0 0 0
400	15	1 1 1 1 1 0 0 1 0 0 0 0 1 1 1 1 0 0 0 0
400	18	1 1 1 1 0 0 1 1 0 1 0 1 0 1 1 1 0 0 0 0
400	3	1 1 1 1 1 0 0 0 0 0 1 1 0 1 1 1 0 0 0 0
400	7	1 1 1 1 0 0 1 1 1 1 0 0 1 0 0 1 1 0 0 0
400	8	1 1 1 1 0 0 1 1 0 0 0 0 1 0 0 1 0 0 0 0
400	5	1 1 1 1 0 0 1 1 1 0 0 1 0 1 0 1 1 0 0 0
400	9	1 1 1 1 0 0 1 1 1 0 0 1 0 1 0 1 0 0 0 1
400	34	1 1 0 1 0 1 0 1 1 0 0 0 0 0 0 1 0 0 0 0
400	19	1 1 1 0 0 1 0 1 0 0 1 1 0 0 1 1 0 0 0 0
400	15	1 1 1 1 0 0 0 1 1 0 0 0 0 0 0 1 0 0 0 0
400	12	1 1 1 1 0 0 0 1 0 0 0 0 0 1 1 1 0 0 0 0
400	17	1 1 1 1 0 0 0 1 1 0 0 0 1 0 0 1 0 0 0 0
400	20	1 1 1 1 0 0 1 1 0 0 1 0 0 1 1 1 0 0 0 0
400	3	1 1 1 1 0 0 1 1 1 0 1 0 1 0 1 1 0 0 0 0
400	4	1 1 1 1 0 1 0 1 0 0 1 1 0 1 1 1 0 0 0 0
400	29	1 1 1 1 1 1 0 1 0 0 0 0 1 0 0 1 0 0 0 0
400	11	1 1 1 1 1 0 0 1 0 0 1 1 1 0 0 1 0 1 0 0
400	5	1 1 1 1 0 0 0 1 0 0 1 0 1 0 0 1 0 0 0 0
400	2	1 0 1 1 0 0 1 1 0 0 0 0 1 0 0 1 0 0 0 0
400	26	1 1 0 1 0 0 0 1 0 0 0 0 0 1 1 1 0 0 0 0
400	17	1 1 1 1 0 0 0 1 1 0 1 0 1 0 0 1 0 1 0 0
400	7	1 1 1 1 0 0 1 1 1 0 0 1 0 0 0 1 0 0 0 0
400	2	1 1 1 1 1 0 1 1 1 0 0 1 1 0 0 1 0 0 0 0
400	19	1 1 1 1 0 0 0 1 1 0 1 0 0 0 0 1 0 0 0 0
400	5	1 1 1 1 0 0 0 0 0 0 1 0 0 0 1 1 0 0 0 0
400	7	1 0 1 1 0 0 1 1 1 0 0 0 0 0 0 1 0 0 0 0
400	23	1 1 1 1 1 0 0 1 0 0 1 0 0 0 0 1 0 0 0 0
400	17	1 1 1 0 0 0 0 1 0 0 0 0 0 0 1 1 0 0 0 0
400	6	1 1 1 1 1 0 1 1 1 0 0 1 1 1 0 1 0 0 0 0
400	3	1 1 1 1 1 0 0 1 0 0 0 0 1 1 0 1 0 0 0 0
400	10	1 0 0 1 0 1 0 1 1 0 0 0 0 0 0 1 0 0 0 0
400	10	1 0 1 1 0 0 1 1 1 0 0 0 1 0 0 1 0 0 0 0
400	9	0 1 1 1 0 0 1 1 1 0 0 0 1 0 0 1 0 0 0 0
400	17	1 1 1 1 1 0 0 1 0 0 0 0 1 1 1 1 1 0 0 0
400	4	1 1 1 1 0 1 1 1 1 0 0 0 1 0 0 1 0 0 0 0
400	3	1 1 1 1 1 0 1 1 1 0 0 0 0 0 0 1 0 0 0 0
400	7	1 0 1 1 1 1 0 1 0 0 0 0 0 1 1 1 0 0 0 0
400	5	1 1 1 1 1 1 0 1 0 0 1 0 1 0 0 1 0 0 0 0
400	8	1 1 1 1 0 1 0 1 1 0 0 0 0 1 1 1 0 0 0 0
400	2	1 1 1 1 1 0 0 1 0 0 0 0 1 0 0 1 0 0 0 0
400	1	1 1 1 1 1 0 0 1 1 1 0 0 0 0 1 1 0 0 0 0
400	1	1 1 1 1 0 1 0 1 0 0 0 0 1 1 0 1 0 0 0 0
400	9	1 1 0 1 0 1 0 1 0 0 0 1 1 0 0 0 0 0 0 0
400	9	1 1 1 1 0 0 0 1 0 0 1 1 0 0 1 1 0 0 0 0
400	4	1 0 1 1 0 0 1 1 1 0 0 1 0 1 0 1 1 0 0 0
400	8	0 1 1 1 1 1 0 1 0 0 0 0 1 0 0 1 0 0 0 0
400	12	1 1 1 1 1 0 0 1 0 0 0 0 1 1 0 0 0 0 0 0
400	12	1 1 1 1 1 0 0 1 1 0 0 0 1 0 0 1 0 0 0 0
400	4	1 0 1 1 0 0 1 1 0 0 1 0 0 0 1 1 0 0 0 0
400	6	1 1 1 1 0 0 1 1 1 0 0 0 0 1 0 1 0 0 0 0
400	5	1 1 0 1 0 0 0 1 0 0 0 0 0 1 0 1 0 0 0 0
400	7	0 1 1 1 1 0 0 0 0 1 0 1 1 1 1 1 0 0 0 0
400	2	1 0 1 1 1 0 1 1 1 0 0 0 1 0 0 1 0 0 0 0
400	11	1 1 1 1 0 0 1 1 0 0 1 0 0 1 0 1 0 0 0 0
400	2	1 0 1 1 0 1 0 1 1 0 0 0 0 0 0 1 0 0 0 0
400	2	1 1 1 1 0 0 1 1 1 0 0 1 1 0 0 0 0 0 0 0
400	2	1 1 0 1 0 0 1 1 1 0 0 0 1 0 0 1 0 0 0 0
400	7	1 1 1 1 0 0 0 1 1 0 0 0 0 1 0 1 0 0 0 0
400	1	1 1 1 1 0 0 1 1 1 1 0 0 1 0 0 1 0 0 0 0
400	6	1 1 1 1 0 0 0 1 1 0 1 0 1 0 0 1 0 0 0 0
400	6	1 1 1 1 0 0 1 1 1 0 0 1 1 1 0 1 0 0 0 0
400	3	0 1 1 1 1 0 0 1 0 0 1 0 0 0 0 1 0 0 0 0
400	14	1 1 0 1 0 0 1 1 0 0 1 0 0 1 1 1 0 0 0 0
400	3	1 1 1 1 1 1 0 1 0 0 0 0 1 1 0 1 0 0 0 0
400	11	1 1 0 1 0 0 1 1 0 0 0 0 0 1 1 1 0 0 0 0
400	1	1 0 1 1 0 0 1 1 1 0 0 1 0 0 0 1 1 0 0 0
400	7	1 1 1 1 0 1 0 1 1 0 1 0 1 0 0 0 0 0 0 0
400	1	1 1 1 1 0 0 1 1 0 0 0 0 0 1 0 1 0 0 0 0
400	2	1 1 1 1 0 0 1 1 1 0 0 1 1 0 0 1 0 0 0 0
400	1	1 1 1 1 0 0 0 1 1 0 1 0 0 0 0 1 0 1 0 0
400	3	1 1 1 0 0 0 1 1 0 0 1 0 0 0 1 1 0 0 0 0
400	5	1 1 1 1 0 1 0 1 1 0 0 0 0 0 1 1 0 0 0 1
400	3	1 1 1 1 0 0 1 1 1 0 0 1 0 1 1 1 0 0 0 0
400	2	1 1 1 0 0 1 0 1 0 0 1 0 0 1 0 1 0 0 0 0
400	2	1 1 1 1 1 0 0 1 0 0 0 1 1 1 1 1 0 0 0 0
400	1	1 1 1 1 1 0 1 1 0 1 0 1 0 1 1 1 0 0 0 0
400	3	1 1 1 1 0 0 1 1 1 0 0 1 0 0 0 1 0 0 0 1
400	5	0 1 1 1 0 0 0 1 1 0 1 0 0 0 1 1 0 0 0 0
400	2	1 1 1 1 0 0 1 1 1 0 0 0 0 0 1 1 0 0 0 0
400	4	1 1 1 1 1 0 1 1 1 0 0 0 0 1 1 1 0 0 0 0
400	4	1 1 1 1 0 0 0 1 0 1 1 0 0 0 1 1 0 0 0 0
400	1	1 1 1 1 1 0 1 1 1 0 0 0 1 1 0 1 0 0 0 0
400	3	0 1 1 1 1 0 1 1 1 0 0 1 1 1 0 1 0 0 0 0
400	1	1 1 1 1 1 0 0 1 0 0 0 1 1 1 1 1 1 0 0 0
400	2	1 1 1 1 0 0 0 1 0 0 1 0 0 1 0 1 0 0 0 0
400	1	1 1 1 1 0 0 0 1 0 0 1 0 0 0 0 1 0 0 0 0
400	3	1 0 0 1 0 1 1 1 1 0 0 1 0 1 0 1 0 0 0 0
400	2	1 0 1 1 0 0 1 1 1 0 0 1 0 1 0 1 0 0 0 0
400	2	0 1 1 1 0 0 1 1 1 0 0 1 0 0 0 1 0 0 0 0
400	1	1 1 1 1 0 0 0 1 1 0 1 1 0 0 1 1 0 0 0 0
400	1	1 0 1 1 0 0 1 1 1 0 0 0 1 0 0 1 0 0 0 1
400	1	1 1 1 1 1 0 0 1 0 0 1 0 1 1 1 1 1 0 0 0
400	1	1 0 1 1 0 0 1 1 1 0 0 1 0 1 0 1 1 1 0 0
400	1	1 0 1 1 0 0 1 1 1 0 0 1 0 1 0 0 1 0 0 0
400	2	1 1 1 1 0 0 1 1 1 0 1 0 0 1 0 1 0 0 0 0
400	1	1 1 0 1 0 0 1 1 0 0 0 0 0 1 1 1 0 0 1 0
400	2	1 1 1 1 0 0 0 1 1 0 0 0 0 0 0 1 0 1 0 0
450	55	1 1 1 1 0 0 1 1 1 0 0 0 1 0 0 1 0 0 0 0
450	43	1 1 1 1 0 0 0 1 0 0 0 0 0 1 0 1 0 0 0 0
450	41	1 1 1 1 0 0 0 1 0 0 0 0 0 0 0 1 0 0 0 0
450	41	1 1 1 1 0 1 0 1 0 0 0 1 1 0 0 0 0 0 0 0
450	16	1 1 1 1 0 0 1 1 1 0 0 1 0 1 0 1 0 0 0 0
450	71	1 1 1 1 1 0 1 1 1 0 0 0 1 0 0 1 0 0 0 0
450	6	1 1 1 1 1 0 0 1 0 0 0 0 1 1 1 1 0 0 0 0
450	3	1 1 1 0 0 1 0 1 0 0 1 1 0 0 1 1 0 0 0 0
450	54	1 1 1 1 0 0 0 1 1 0 0 0 0 0 0 1 0 0 0 0
450	25	1 1 1 1 0 0 1 1 0 0 1 0 0 1 1 1 0 0 0 0
450	29	1 1 1 1 1 1 0 1 0 0 0 0 1 0 0 1 0 0 0 0
450	12	1 1 1 0 0 0 0 1 0 0 0 0 0 0 1 1 0 0 0 0
450	5	1 1 1 1 0 1 0 1 1 0 0 0 0 1 1 1 0 0 0 0
450	48	1 1 1 1 1 0 0 1 0 0 0 0 1 1 0 0 0 0 0 0
450	8	1 1 1 1 1 0 0 1 1 0 0 0 1 0 0 1 0 0 0 0
450	7	1 1 1 1 0 0 1 1 1 0 0 0 0 1 0 1 0 0 0 0
450	3	1 1 1 1 0 0 1 1 1 0 0 1 1 1 0 1 0 0 0 0
450	20	1 1 1 1 0 0 0 1 0 1 1 0 0 0 1 1 0 0 0 0
450	42	1 1 1 1 1 1 0 1 0 0 0 1 1 0 0 0 0 0 0 0
450	9	0 1 1 1 0 0 0 1 0 0 0 0 0 0 0 1 0 0 0 0
450	33	1 1 1 1 0 0 0 1 0 0 0 0 1 0 0 1 0 0 0 0
450	8	1 1 1 1 0 0 1 1 1 0 0 0 1 0 0 0 0 0 0 0
450	27	1 1 1 1 1 0 1 1 1 0 0 0 1 1 0 1 0 0 0 0
450	2	1 1 1 1 1 0 0 1 0 0 0 0 1 0 0 1 0 0 0 0
450	17	1 1 1 1 0 1 0 1 1 0 1 0 1 0 1 0 0 0 0 0
450	21	1 1 1 1 1 0 0 1 1 0 1 1 1 0 0 1 0 0 0 0
450	22	1 1 1 1 1 0 0 1 1 0 0 0 1 1 0 1 0 0 0 0
450	4	1 1 1 1 0 0 1 1 1 0 0 0 1 0 0 1 0 0 1 0
450	5	1 0 1 1 1 0 1 1 1 0 0 0 1 1 0 1 0 0 0 0
450	7	1 1 1 0 0 1 0 1 0 0 1 1 0 0 1 0 0 0 0 0
450	5	1 1 1 1 0 1 0 1 1 0 0 0 0 1 1 0 0 0 0 0
450	2	1 1 1 1 0 0 0 1 1 0 1 0 1 1 1 1 1 0 0 0
450	6	1 1 1 1 1 0 0 1 0 0 0 0 0 1 1 1 1 0 0 0
450	2	1 0 1 1 1 0 0 1 1 0 0 0 1 1 0 1 0 0 0 0
450	2	1 1 0 1 0 0 1 1 1 0 0 1 0 1 0 1 0 0 0 0
450	2	1 1 1 1 0 0 1 1 1 0 0 1 1 0 0 1 0 0 0 0
450	1	1 1 1 1 0 0 0 1 0 0 0 0 0 1 1 1 0 0 0 0
450	1	1 1 1 1 0 1 0 1 0 0 0 1 1 1 0 0 0 0 0 0
450	25	1 1 1 1 0 0 0 1 1 0 0 0 1 1 0 1 0 0 0 0
450	13	1 1 1 1 0 0 1 1 0 0 0 0 0 1 0 1 0 0 0 0
450	4	1 1 1 1 0 0 0 1 0 1 1 0 0 1 1 1 0 0 0 0
450	12	1 1 1 1 0 0 0 1 1 0 0 0 1 0 1 1 0 0 0 0
450	7	1 1 1 1 0 0 0 1 1 0 0 0 1 1 0 0 0 0 0 0
450	15	1 1 1 1 0 0 0 1 1 0 0 0 0 1 0 1 0 0 0 0
450	3	1 1 1 1 0 0 1 1 1 0 1 1 1 0 0 1 0 0 0 0
450	1	1 1 1 0 0 0 1 1 1 0 1 0 1 0 0 1 0 0 0 0
450	17	1 1 1 1 0 0 1 1 1 0 0 0 1 0 0 1 1 0 0 0
450	1	1 1 1 1 1 1 0 1 0 0 0 0 1 0 0 1 0 0 0 1
450	15	1 1 1 1 0 0 1 0 1 0 0 0 1 0 0 1 0 0 0 0
450	7	1 1 1 1 0 0 1 1 0 0 0 0 1 0 0 1 0 0 0 0
450	1	1 1 1 0 0 0 1 1 0 0 0 0 1 0 0 1 0 0 0 0
450	1	1 1 1 1 0 0 1 1 0 0 0 0 0 0 0 1 1 0 0 0
450	5	1 1 1 1 0 1 0 1 1 0 0 0 1 1 0 1 0 0 0 0
450	5	1 1 1 1 0 0 1 0 1 0 0 0 1 0 0 0 0 0 0 0
450	4	1 1 1 1 1 0 1 1 0 0 0 0 0 1 0 1 0 0 0 0
450	3	1 1 1 1 0 0 1 1 1 0 0 0 0 1 1 0 0 0 0 0
450	6	1 1 1 1 0 0 0 1 0 0 0 1 1 0 0 0 0 0 0 0
450	2	1 1 1 0 1 0 1 1 1 1 0 1 1 0 0 1 0 0 0 0
450	4	1 1 1 1 1 0 1 1 0 0 0 0 0 0 0 1 1 0 0 0
450	3	1 1 1 1 1 0 1 1 0 0 0 0 1 0 0 1 0 0 0 0
450	1	1 1 1 1 1 0 0 1 0 0 1 1 1 0 0 1 0 0 0 0
450	8	1 1 1 1 1 1 0 1 0 0 0 0 0 0 0 1 0 0 0 0
450	6	1 1 1 1 0 0 0 1 1 0 0 0 0 0 1 1 0 0 0 0
450	3	1 1 1 0 0 0 1 1 1 0 0 0 1 0 0 1 0 1 0 0
450	2	1 1 1 1 0 1 0 1 0 0 0 0 0 1 0 1 0 0 1 0
450	1	1 1 1 0 0 0 1 0 1 1 0 0 1 0 0 1 0 0 0 0
450	1	1 1 1 1 1 0 0 1 0 0 0 0 0 1 0 1 0 0 0 0
450	7	1 1 1 1 0 1 0 1 0 0 0 1 1 0 0 1 0 0 0 0
450	2	0 1 1 1 1 0 1 1 1 0 0 0 1 0 0 1 0 0 0 0
450	2	1 1 1 0 0 0 0 1 0 0 0 0 0 1 0 1 0 0 0 0
450	7	0 1 1 1 0 0 1 1 1 0 0 0 1 0 0 1 0 0 0 0
450	2	1 1 1 1 1 1 0 1 1 0 0 0 1 0 0 1 0 0 0 1
450	7	1 1 1 1 0 1 0 1 1 0 0 0 0 0 1 1 0 0 0 0
450	5	1 1 1 1 1 0 0 1 1 0 0 1 1 0 0 0 0 0 0 0
450	8	1 1 1 1 1 1 0 1 0 0 0 1 1 0 0 1 0 0 0 0
450	3	1 1 1 1 0 1 0 1 0 1 0 1 1 0 0 0 0 0 0 0
450	3	1 1 1 1 1 0 0 1 1 0 0 0 1 0 0 0 0 0 0 0
450	2	1 1 1 1 1 0 0 1 1 0 1 0 1 1 0 1 0 0 0 0
450	2	1 1 1 1 0 0 1 1 1 0 1 1 1 0 0 1 1 0 0 0
450	4	1 1 1 1 0 0 0 1 1 0 0 1 0 1 0 1 0 0 0 0
450	5	1 1 1 1 0 1 0 1 0 0 0 0 1 1 0 1 0 0 0 0
450	4	1 1 1 1 0 0 0 1 0 0 0 0 0 0 0 1 0 1 0 0
450	1	1 0 1 1 0 1 0 1 0 0 0 1 1 0 0 0 0 0 0 0
450	4	1 1 1 1 0 0 0 1 1 0 0 0 1 0 0 1 0 0 0 0
450	9	1 1 1 1 1 1 0 1 0 0 0 1 1 0 0 0 0 0 1 0
450	2	1 1 1 1 0 0 1 1 1 0 0 1 0 0 0 1 0 0 0 0
450	2	1 1 1 1 0 0 1 0 1 0 0 0 1 0 0 0 0 0 1 0
450	1	1 1 1 1 0 1 0 1 0 0 0 0 1 0 0 1 0 0 0 0
450	3	1 1 1 1 1 0 0 1 1 0 0 0 0 0 0 1 0 0 0 0
450	5	1 1 1 1 0 0 1 0 1 0 0 0 0 0 1 1 0 0 0 0
450	3	0 1 1 1 0 0 0 1 0 0 0 0 0 1 0 1 0 0 0 0
450	1	1 1 1 1 1 0 1 1 1 0 0 1 1 1 0 1 0 0 0 0
450	4	1 1 1 1 1 0 1 1 1 0 1 0 1 1 0 1 0 0 0 0
450	2	1 1 1 1 0 0 0 1 1 0 0 0 1 1 0 0 0 0 0 1
450	1	1 1 1 1 0 0 1 0 1 1 0 0 1 0 0 1 1 0 0 0
450	1	1 1 1 1 0 0 0 1 0 0 0 0 1 0 0 1 1 0 0 0
450	3	1 1 1 1 1 0 1 1 0 0 1 0 0 1 1 1 0 0 0 0
450	3	1 1 1 1 1 0 1 1 1 0 0 0 0 0 0 1 0 0 0 0
450	1	1 1 1 1 0 0 1 1 1 1 0 0 1 0 0 1 0 0 0 0
450	2	1 1 1 1 0 0 0 1 0 0 0 0 0 1 0 1 0 1 0 0
450	1	1 1 1 1 0 0 0 1 0 0 0 0 0 0 0 1 1 0 0 0
450	1	1 1 0 1 1 1 0 1 0 0 0 1 1 0 0 0 0 0 0 0
450	2	1 1 1 1 0 1 0 1 1 0 1 0 1 0 1 1 0 0 0 0
450	2	1 1 1 1 1 0 0 1 1 0 0 0 1 1 0 1 0 0 1 0
450	1	1 1 1 1 0 0 1 1 1 0 0 1 1 0 0 1 0 0 1 0
450	1	1 1 1 1 0 0 0 1 1 0 0 0 0 1 1 0 0 0 0 0
500	9	1 1 1 1 0 0 1 1 1 0 0 0 1 0 0 1 0 0 0 0
500	76	1 1 1 1 0 0 0 1 0 0 0 0 0 0 0 1 0 0 0 0
500	27	1 1 1 1 0 1 0 1 0 0 0 1 1 0 0 0 0 0 0 0
500	47	1 1 1 1 0 0 1 1 1 0 0 1 0 1 0 1 0 0 0 0
500	14	1 1 1 1 1 0 1 1 1 0 0 0 1 0 0 1 0 0 0 0
500	12	1 1 1 1 1 1 0 1 0 0 0 0 1 0 0 1 0 0 0 0
500	47	1 1 1 1 1 1 0 1 0 0 0 1 1 0 0 0 0 0 0 0
500	37	1 1 1 1 0 0 0 1 0 0 0 0 1 0 0 1 0 0 0 0
500	11	1 1 1 1 1 0 0 1 1 0 0 0 1 1 0 1 0 0 0 0
500	24	1 1 1 1 0 0 0 1 1 0 0 0 1 1 0 1 0 0 0 0
500	84	1 1 1 1 0 1 0 1 1 0 0 0 1 1 0 1 0 0 0 0
500	11	1 1 1 1 1 1 0 1 0 0 0 1 1 0 0 1 0 0 0 0
500	10	1 1 1 1 0 0 0 1 1 0 0 0 1 0 0 1 0 0 0 0
500	16	1 1 1 1 1 1 0 1 0 0 0 1 1 0 0 0 0 0 1 0
500	8	1 1 1 1 0 0 1 1 1 0 0 1 0 0 0 1 0 0 0 0
500	19	1 1 1 1 0 0 1 0 1 0 0 0 0 0 1 1 0 0 0 0
500	15	1 1 1 1 0 0 0 1 1 1 0 0 0 0 0 1 0 0 0 0
500	11	1 0 1 1 0 0 0 1 0 0 0 0 1 0 0 1 0 0 0 0
500	3	1 1 1 1 1 0 0 1 0 0 0 0 1 1 0 0 0 0 0 1
500	10	1 1 1 1 1 0 1 1 1 0 0 0 1 0 0 1 0 0 1 0
500	3	1 1 1 1 1 1 0 1 0 0 0 1 1 0 1 0 0 0 0 0
500	9	1 1 1 1 0 0 1 1 1 0 0 0 1 0 0 0 0 0 0 0
500	10	1 1 1 1 0 0 0 0 0 0 0 0 0 0 0 1 0 0 0 0
500	8	1 1 1 1 0 1 0 1 0 0 0 0 0 0 1 1 0 0 0 0
500	4	1 1 1 1 0 0 0 1 0 0 0 0 0 0 0 1 0 0 1 0
500	17	1 1 1 1 1 0 0 1 0 0 0 0 1 1 1 0 0 0 0 0
500	10	1 1 1 1 1 0 0 1 0 0 0 0 0 0 1 1 0 0 0 0
500	24	1 1 1 1 0 0 1 1 0 0 0 0 0 0 0 1 0 0 0 0
500	36	1 1 1 1 1 1 0 1 0 0 0 0 0 0 0 1 0 0 0 0
500	2	1 1 1 1 0 0 1 1 0 0 0 0 0 0 1 1 0 0 0 0
500	38	1 1 1 1 1 1 0 1 0 0 0 1 1 1 0 0 0 0 0 0
500	5	1 1 1 1 0 1 1 1 0 1 0 0 0 1 0 1 0 0 0 0
500	20	1 1 1 1 1 1 0 1 0 0 0 0 1 0 0 0 0 0 0 0
500	28	1 1 1 1 0 1 0 1 0 0 0 1 0 0 0 0 0 0 0 0
500	7	1 1 1 1 0 1 0 1 0 0 0 0 0 0 0 1 0 0 0 0
500	10	1 1 1 1 1 1 0 1 1 0 0 0 1 1 0 1 0 0 0 0
500	11	0 1 1 1 1 0 1 1 1 0 0 1 1 0 0 1 0 0 0 0
500	5	1 1 0 1 0 0 1 1 0 0 0 0 0 0 0 1 0 0 0 0
500	1	1 0 1 1 1 0 1 1 1 0 0 0 1 0 0 1 0 0 0 0
500	13	1 1 1 1 1 0 0 1 1 0 0 0 1 0 1 1 0 0 0 0
500	5	1 1 1 1 0 0 0 1 1 0 0 0 0 0 0 1 0 0 0 0
500	9	1 0 1 1 1 1 0 1 0 0 0 1 1 0 1 1 0 0 0 0
500	20	1 1 1 1 1 1 0 1 1 0 0 1 1 1 0 1 0 0 0 0
500	5	1 1 1 1 0 0 0 1 1 1 0 0 0 1 0 1 0 0 0 0
500	13	1 1 1 1 0 0 1 1 1 1 0 1 0 1 0 1 0 0 0 0
500	7	1 1 1 1 0 1 0 1 1 0 0 0 0 0 1 1 0 0 0 0
500	11	1 1 1 1 0 0 0 1 1 0 0 0 1 0 0 1 1 0 0 0
500	1	0 1 1 1 0 0 0 1 1 1 0 0 0 0 1 1 0 0 0 0
500	8	1 1 1 1 0 1 0 1 0 0 0 0 1 1 0 1 0 0 0 0
500	1	1 1 1 1 0 1 0 1 0 0 0 0 0 0 0 0 0 0 0 0
500	4	1 1 1 1 0 1 1 1 0 0 0 0 0 0 0 1 0 0 0 0
500	5	1 1 1 1 0 0 1 1 0 0 1 0 0 0 0 1 0 0 0 0
500	7	0 1 1 1 1 0 1 1 1 0 0 1 0 0 0 1 0 0 0 0
500	21	1 1 1 1 1 1 0 1 0 0 0 1 1 1 1 0 0 0 0 0
500	3	0 1 1 1 0 0 0 1 0 0 0 0 0 0 0 1 0 0 1 0
500	7	1 1 1 1 0 0 0 1 0 0 0 0 0 0 1 1 0 0 0 0
500	8	1 1 1 1 0 0 0 1 0 0 0 0 1 0 0 1 1 0 0 0
500	8	1 1 1 1 0 1 0 1 1 0 0 0 1 1 0 1 0 1 0 0
500	3	1 1 1 1 0 1 1 0 1 0 0 0 1 1 0 1 0 0 0 0
500	5	1 1 1 1 0 0 1 0 0 0 0 1 1 0 1 0 0 0 0 0
500	2	1 1 1 1 1 0 1 0 1 0 0 0 0 0 1 1 0 0 0 0
500	5	1 1 1 1 1 0 0 1 0 0 0 0 0 1 1 0 0 0 0 0
500	2	1 1 1 1 0 0 1 1 1 0 0 0 0 1 1 0 0 0 0 0
500	1	1 1 1 1 0 0 0 1 0 0 0 0 0 0 0 1 0 1 0 0
500	3	1 1 0 1 0 0 0 1 1 0 0 0 1 1 0 1 0 0 0 0
500	7	1 1 1 1 0 1 0 1 1 0 0 1 0 1 0 1 0 0 0 0
500	1	1 1 1 1 0 0 0 1 1 0 0 0 0 0 0 0 0 0 0 0
500	2	1 1 1 1 0 0 1 1 1 0 0 1 0 1 1 1 0 0 0 0
500	9	1 1 1 1 1 0 0 1 1 0 1 0 1 0 0 1 0 0 0 0
500	7	1 1 0 1 1 0 0 1 1 0 0 0 1 1 0 1 0 0 0 0
500	1	1 1 0 1 0 1 0 1 0 0 0 1 1 0 0 0 0 0 0 0
500	1	1 1 1 1 0 0 1 1 1 0 0 0 0 1 0 1 0 0 0 0
500	1	1 1 1 1 1 1 1 1 0 1 0 0 0 1 0 1 0 0 0 0
500	1	1 1 1 1 0 0 0 1 0 0 0 0 0 0 0 1 0 0 0 1
500	3	1 1 1 1 1 0 1 1 1 0 0 1 1 0 0 0 0 0 0 0
500	3	1 1 1 1 1 1 0 1 0 0 0 0 1 1 0 1 0 0 0 0
500	2	1 1 1 1 0 1 0 1 1 0 0 0 1 1 0 0 0 0 0 0
500	3	1 0 1 1 0 0 0 1 1 1 0 0 0 0 0 1 0 0 0 0
500	4	1 1 1 1 0 0 0 1 0 0 0 0 0 0 1 1 0 0 1 0
500	1	0 1 1 1 1 0 1 1 1 0 1 1 1 0 0 1 0 0 0 0
500	4	1 1 1 0 0 1 0 1 1 0 0 1 0 1 0 1 0 0 0 0
500	4	1 1 1 1 1 0 1 1 1 0 0 1 1 0 0 1 0 0 0 0
500	2	1 1 1 1 1 1 0 1 0 0 0 1 0 0 0 1 0 0 0 0
500	1	1 1 1 1 1 1 0 1 0 0 0 1 0 0 0 1 0 0 1 0
500	1	1 1 1 1 1 1 0 1 0 0 0 1 1 1 0 0 1 0 0 0
500	2	1 1 1 1 1 1 1 1 0 0 0 0 1 0 0 0 0 0 0 0
500	1	1 1 1 1 0 1 0 1 1 0 0 1 0 0 0 0 0 0 0 0
500	1	0 1 1 1 0 0 0 1 0 0 0 0 0 0 0 1 0 0 0 0
500	1	1 1 1 1 0 0 0 1 0 0 0 0 1 1 0 1 0 0 0 0
500	2	1 1 1 1 1 0 0 1 0 0 0 0 0 0 0 1 0 0 0 0
500	2	1 1 1 1 0 0 0 1 0 0 0 0 0 0 0 0 0 0 0 0
500	1	1 1 1 1 1 1 0 1 0 0 0 0 1 0 0 1 0 0 0 1
500	1	1 1 1 1 1 1 0 1 0 0 0 1 0 0 0 0 0 0 0 0
500	2	1 1 1 1 0 0 0 1 0 0 1 0 1 0 0 1 0 0 0 0
500	1	1 1 1 1 0 0 0 1 1 0 0 0 1 1 0 0 0 0 0 0
500	3	1 1 1 1 1 0 0 1 1 0 0 0 1 1 0 0 0 0 0 1
500	1	1 1 0 1 0 0 0 0 0 0 0 0 0 0 0 1 0 0 0 0
500	2	1 0 1 1 0 1 0 1 0 0 0 0 0 0 1 1 0 0 0 0
500	1	1 1 0 1 1 1 0 1 0 0 0 0 1 0 0 0 0 0 0 0
500	3	1 1 1 1 0 1 0 1 0 0 0 1 0 0 0 1 0 0 0 0
500	2	1 1 1 1 0 0 0 1 0 0 0 0 0 1 0 1 0 1 0 0
