0	8	0 0 0 0 0 1 0 0 0 0 1 0 0 0 0 0 0 0 0 0
0	3	0 1 0 1 0 0 0 0 0 1 1 0 0 1 0 0 0 0 0 0
0	5	0 0 0 0 0 1 0 0 0 0 0 0 0 0 1 0 0 0 1 0
0	4	0 0 1 0 0 0 0 0 0 0 0 0 0 0 1 0 0 0 1 0
50	4	0 1 0 1 0 0 0 0 0 1 1 0 0 1 0 0 0 0 0 0
50	1	0 0 0 0 0 1 0 0 0 0 0 0 0 0 1 0 0 0 1 0
50	1	0 1 0 1 0 0 1 0 0 1 1 0 0 1 0 0 0 0 0 0
50	1	0 0 0 1 0 1 0 0 0 0 1 0 0 0 0 0 0 0 0 0
50	1	0 1 0 1 0 0 0 0 0 1 1 0 0 1 0 1 0 0 0 0
50	3	0 1 0 1 0 0 0 0 0 1 1 0 0 0 0 0 0 0 0 0
50	1	0 1 0 1 0 0 0 0 1 1 1 0 0 1 0 0 0 0 0 0
50	2	0 1 0 1 0 0 0 0 0 1 1 0 0 1 0 0 0 0 0 1
50	2	0 1 0 1 0 0 0 0 0 1 1 1 1 1 0 0 0 0 0 0
50	1	0 1 0 1 0 0 0 0 0 0 1 0 0 1 0 0 0 0 0 1
50	1	1 0 0 0 0 1 0 0 0 0 1 1 0 0 1 0 0 1 1 0
50	1	0 1 0 1 0 0 0 0 1 0 1 0 0 1 0 0 0 0 0 0
50	1	0 0 1 1 0 0 0 0 0 0 0 0 0 0 0 0 0 1 0 0
100	1	0 1 0 1 0 0 1 0 0 1 1 0 0 1 0 0 0 0 0 0
100	2	0 1 0 1 0 0 0 0 0 1 1 0 0 0 0 0 0 0 0 0
100	1	0 1 0 1 0 0 0 0 0 1 1 1 0 1 0 0 0 0 0 0
100	1	0 1 0 1 0 0 0 0 0 1 1 1 1 1 0 0 0 0 0 0
100	1	0 1 0 1 0 0 0 0 0 1 1 0 1 1 0 0 0 0 0 0
100	1	0 0 0 0 0 1 0 0 0 0 1 1 0 0 0 1 0 0 0 0
100	1	0 1 1 1 0 0 0 0 1 1 1 0 0 1 0 0 0 0 0 0
100	1	0 1 0 1 0 0 1 0 0 0 1 0 0 0 1 0 0 0 0 1
100	2	1 1 0 0 0 0 0 0 0 0 1 0 0 1 1 0 0 0 0 1
100	1	1 1 0 1 0 1 1 0 0 0 0 1 0 1 0 0 0 0 0 0
100	1	0 1 0 1 0 0 0 1 0 1 1 1 1 1 0 0 0 0 0 0
100	1	0 1 0 1 0 0 0 0 0 1 1 1 0 1 1 0 0 0 0 0
100	1	1 1 1 1 0 0 0 0 0 1 1 0 0 0 0 0 0 0 0 1
100	1	1 1 1 1 0 0 1 0 1 1 1 1 1 1 0 0 0 0 0 0
100	1	0 1 0 1 0 0 1 0 0 1 1 0 0 0 0 0 0 1 0 0
100	1	0 1 1 1 0 0 0 0 0 1 1 0 0 1 1 0 0 0 0 1
100	1	1 1 0 1 0 0 0 0 1 0 1 0 0 0 0 0 0 1 0 0
100	1	0 1 0 1 0 0 0 0 0 0 0 0 0 0 1 0 0 0 1 0
150	1	0 1 0 1 0 0 0 0 0 1 1 1 0 1 0 0 0 0 0 0
150	1	0 1 0 1 0 0 0 0 0 1 1 1 1 1 0 0 0 0 0 0
150	1	0 1 0 1 0 0 0 0 1 1 1 1 1 1 0 0 0 0 0 0
150	1	0 1 0 1 0 0 0 0 0 0 1 0 0 1 0 0 0 0 0 0
150	1	0 1 0 1 0 0 0 0 0 1 1 1 1 1 0 1 0 0 0 1
150	4	1 1 1 1 0 0 1 0 1 1 1 1 1 1 0 0 0 0 0 0
150	1	1 1 0 1 0 0 0 0 0 0 1 0 0 0 0 0 0 0 0 0
150	2	1 1 1 1 0 0 1 0 1 1 0 1 1 1 0 0 0 0 0 0
150	1	0 1 0 1 0 0 0 0 0 1 1 1 0 1 0 0 0 1 0 0
150	1	1 1 0 1 0 0 0 0 0 0 1 0 1 0 0 0 0 0 0 0
150	1	1 1 1 1 0 0 1 0 0 1 0 1 1 1 0 0 0 0 0 0
150	1	1 1 0 1 0 0 0 0 0 0 1 1 0 1 1 0 0 0 0 0
150	1	0 1 1 1 0 0 0 0 1 1 1 1 0 0 1 0 0 0 0 0
150	1	0 1 0 1 0 0 0 0 1 1 1 1 1 0 0 0 0 0 0 0
150	1	1 1 1 0 0 0 1 0 1 1 1 0 1 1 0 0 0 0 0 0
150	1	1 1 0 1 0 1 0 0 0 0 0 1 1 1 0 0 0 0 0 0
200	3	1 1 1 1 0 0 1 0 1 1 1 1 1 1 0 0 0 0 0 0
200	1	0 1 0 1 0 0 0 0 1 1 0 1 0 1 0 0 0 0 0 1
200	1	1 1 0 1 0 0 1 0 0 1 0 1 1 1 0 0 0 0 0 0
200	1	0 1 0 1 0 0 0 1 1 1 1 1 0 0 1 0 0 0 0 0
200	1	1 1 1 1 0 0 1 0 1 0 1 1 1 1 0 0 0 0 0 0
200	1	0 0 0 1 0 0 1 1 1 1 1 1 0 1 0 0 0 0 0 0
200	1	0 1 0 1 0 0 0 0 0 1 1 1 0 1 0 0 0 1 0 0
200	1	0 1 0 1 0 0 0 1 1 1 1 1 1 1 0 1 0 0 0 0
200	2	1 0 1 1 1 0 1 0 1 1 1 0 1 1 0 0 0 0 0 0
200	1	1 1 0 1 0 0 0 0 0 0 1 0 0 0 1 0 0 0 0 0
200	2	1 1 1 1 0 0 1 0 0 1 1 1 1 1 0 0 0 0 0 0
200	1	1 1 1 1 0 0 0 0 0 1 1 1 0 1 0 0 0 0 0 0
200	1	1 1 0 1 0 0 0 0 0 0 1 0 0 1 0 0 0 1 0 0
200	1	0 1 0 1 0 0 0 1 1 1 1 0 1 1 0 0 0 0 0 0
200	1	1 1 1 1 0 0 0 0 0 1 1 1 1 1 0 0 0 0 0 0
200	1	1 1 0 1 0 0 1 0 0 0 1 0 0 1 0 0 0 0 1 0
250	2	1 1 1 1 0 0 1 0 1 1 0 1 1 1 0 0 0 0 0 0
250	1	1 1 0 1 0 0 0 0 0 1 1 1 0 0 1 0 0 0 0 0
250	1	1 1 1 1 0 0 1 0 1 0 1 1 1 1 0 0 0 0 0 0
250	1	1 0 1 1 0 0 1 0 1 1 0 0 1 1 0 0 0 0 0 0
250	1	1 1 1 1 1 0 1 0 1 1 1 1 1 1 0 0 0 0 0 0
250	2	1 0 1 1 0 0 1 0 0 1 0 1 0 1 0 0 0 0 0 0
250	1	1 1 1 1 0 0 1 0 1 0 1 1 1 1 0 0 0 1 0 0
250	1	0 1 1 1 0 0 0 1 1 1 0 1 1 1 0 1 0 0 0 0
250	1	1 1 1 1 0 0 1 0 1 1 1 1 1 1 0 0 0 0 1 0
250	1	1 1 1 1 0 0 0 0 0 1 1 1 1 1 0 1 0 0 0 1
250	1	0 1 0 1 0 0 0 0 1 0 0 1 1 1 0 1 0 0 0 0
250	1	1 0 0 1 0 0 0 0 0 0 1 0 0 0 1 0 0 0 0 0
250	1	0 1 1 1 0 0 0 1 0 1 1 1 1 1 0 1 0 0 0 0
250	1	1 1 0 1 0 0 1 0 1 1 0 1 1 1 0 1 0 0 0 0
250	1	0 1 1 1 0 0 0 1 1 1 0 1 1 1 0 0 0 0 0 0
250	1	0 1 1 1 0 1 0 1 1 1 1 1 1 1 0 1 0 0 0 0
250	1	1 0 0 1 0 0 1 0 0 1 1 1 0 1 0 0 0 0 0 0
250	1	1 1 1 1 0 0 1 0 1 1 0 1 1 1 1 0 0 0 1 0
300	2	1 1 1 1 0 0 1 0 1 1 0 1 1 1 0 0 0 0 0 0
300	1	1 1 0 1 0 0 1 0 0 1 0 1 0 1 0 0 0 0 0 0
300	1	1 1 1 1 0 0 1 0 1 1 0 0 1 1 0 0 0 0 0 0
300	1	1 1 1 1 0 0 1 0 1 1 1 1 1 1 0 0 1 0 1 0
300	1	1 1 1 1 0 0 1 1 1 1 1 1 1 1 0 0 0 0 0 0
300	2	1 1 0 1 0 0 0 0 0 1 1 0 1 1 0 1 0 0 0 0
300	1	1 1 1 1 0 1 1 0 1 0 1 1 0 1 1 0 0 0 0 0
300	1	1 1 1 1 0 0 1 0 1 1 1 1 1 0 0 0 0 0 0 0
300	1	1 1 1 1 0 1 1 0 0 1 0 1 1 1 0 0 0 0 0 0
300	1	1 1 1 1 0 1 1 0 1 1 0 1 0 1 0 0 0 0 0 0
300	1	1 1 1 1 0 0 0 0 1 1 0 1 0 0 0 0 0 0 0 0
300	1	0 1 1 1 0 1 1 0 1 0 1 1 0 1 1 0 0 0 0 0
300	1	1 1 1 1 0 1 1 0 1 1 0 1 1 0 0 0 0 0 0 0
300	1	1 0 1 1 0 0 1 1 1 1 1 1 1 1 0 0 0 0 0 0
300	1	1 1 1 1 0 0 1 0 1 1 0 1 1 0 0 0 0 0 0 0
300	1	1 1 1 1 0 0 1 1 0 1 1 1 1 1 0 0 0 0 0 0
300	1	1 1 1 1 0 0 0 0 1 1 1 0 1 1 0 1 0 0 0 0
300	1	0 1 0 1 0 0 0 0 1 1 0 0 0 1 0 0 0 0 0 0
350	1	1 1 1 1 0 0 0 0 0 1 1 0 1 1 0 1 0 0 0 0
350	1	1 1 1 1 0 0 1 1 1 1 1 1 0 1 0 0 0 0 0 0
350	2	1 1 1 1 0 0 1 0 1 1 1 1 1 0 0 0 0 0 0 0
350	2	1 1 1 1 0 0 1 0 1 1 1 1 1 1 1 0 0 0 0 0
350	1	1 1 1 1 0 0 0 0 0 1 1 0 1 1 0 0 0 0 0 0
350	1	1 1 1 1 0 0 1 0 1 0 0 1 0 1 0 1 0 0 0 0
350	2	1 0 1 1 0 0 1 1 0 1 1 1 1 1 0 0 0 0 0 0
350	1	1 1 1 1 0 1 1 0 1 1 0 0 0 0 0 0 0 0 0 0
350	1	1 1 1 1 0 0 1 0 1 1 0 0 0 1 1 0 0 0 0 0
350	1	1 1 1 1 0 0 0 1 0 1 1 0 1 1 0 1 0 0 0 0
350	1	1 0 1 1 0 1 0 0 1 0 0 1 0 1 0 0 0 0 0 0
350	1	1 1 1 1 0 1 0 0 0 1 1 0 1 1 0 1 0 0 0 0
350	1	0 1 1 1 0 0 1 0 1 0 0 0 1 1 0 0 0 0 0 0
350	1	1 1 1 1 0 0 1 0 0 0 0 1 0 1 0 0 0 0 0 0
350	1	1 1 1 1 0 0 0 0 0 1 1 1 1 1 0 0 0 0 0 0
350	1	0 1 1 1 0 0 1 0 1 0 0 0 1 1 0 0 0 0 0 1
350	1	1 1 1 1 0 1 1 0 1 1 0 0 0 1 0 0 0 0 0 0
400	1	1 1 1 1 0 0 1 0 1 1 0 1 1 1 0 0 0 0 0 0
400	1	1 0 1 1 0 0 1 0 0 1 0 1 0 1 0 0 0 0 0 0
400	1	1 1 1 1 0 0 0 0 0 1 1 0 1 1 0 0 0 0 0 0
400	1	1 1 1 1 0 1 1 0 1 1 0 0 0 0 0 0 0 0 0 0
400	1	1 1 1 1 1 1 1 1 1 1 1 1 0 1 0 0 0 0 0 0
400	1	1 1 0 1 0 0 1 0 1 1 1 1 1 0 0 0 0 0 0 0
400	1	1 1 1 1 0 0 1 0 1 0 1 1 0 1 0 0 0 0 0 0
400	1	1 1 1 1 0 1 1 0 1 0 1 1 0 1 0 0 0 0 1 1
400	1	1 1 1 1 0 1 1 0 0 0 1 1 0 0 0 0 0 0 0 0
400	1	1 1 1 1 0 0 1 0 1 0 1 1 0 1 0 0 1 0 0 0
400	1	1 1 1 1 1 0 1 1 1 1 0 1 0 1 0 0 0 0 0 0
400	1	1 1 1 1 0 0 1 0 0 1 0 1 0 1 0 0 0 0 0 0
400	1	1 0 1 1 1 0 1 0 0 1 0 1 0 1 0 0 0 0 0 0
400	1	1 1 1 1 1 1 1 1 1 1 0 1 0 1 0 0 0 0 0 0
400	2	1 0 1 0 0 1 0 0 1 0 1 1 0 0 0 0 0 0 0 0
400	1	1 0 1 1 0 0 1 0 1 0 1 1 0 1 0 0 0 0 0 0
400	1	1 1 1 1 0 0 1 0 1 1 1 1 0 1 0 0 0 1 0 0
400	1	1 1 1 1 0 0 0 0 0 1 0 0 1 0 0 0 0 0 0 0
400	1	1 0 1 1 0 0 1 0 0 0 1 1 0 1 0 0 0 0 0 0
450	2	1 1 1 1 0 0 0 0 0 1 1 0 1 1 0 0 0 0 0 0
450	1	1 1 1 1 0 1 1 0 1 1 0 0 1 0 0 0 0 0 0 0
450	1	1 1 1 1 0 1 1 0 1 1 0 0 0 1 0 0 0 0 0 0
450	1	1 1 1 1 0 0 1 0 1 1 0 0 0 0 0 0 0 0 0 0
450	1	1 1 1 1 1 1 1 1 1 1 0 1 0 1 0 0 0 0 0 0
450	1	1 1 1 1 0 0 0 0 0 0 1 0 0 1 0 0 0 0 0 0
450	1	1 1 1 1 0 1 1 0 1 1 0 0 1 1 0 0 0 0 0 0
450	3	0 1 1 1 0 1 1 0 1 0 0 0 0 1 0 0 0 0 0 0
450	2	1 1 1 1 0 0 1 0 1 1 0 0 1 0 0 0 0 0 0 0
450	1	1 1 1 1 1 0 0 0 0 1 1 0 0 1 0 0 0 0 0 0
450	1	1 1 1 1 0 0 1 0 1 1 1 0 0 0 0 0 0 0 0 0
450	1	1 1 1 1 0 0 0 1 0 0 1 0 0 0 0 0 0 0 0 0
450	1	1 1 1 1 1 1 1 0 1 1 0 0 0 0 0 0 0 0 0 0
450	1	1 1 1 1 0 0 0 1 1 0 0 0 1 0 0 0 0 0 0 0
450	1	1 1 1 1 1 0 1 0 1 1 1 0 0 0 0 0 0 0 0 0
450	1	1 1 1 1 1 0 1 0 1 0 0 0 1 1 0 0 0 0 0 0
500	1	1 1 1 1 0 1 1 0 1 1 0 0 1 0 0 0 0 0 0 0
500	1	1 1 1 1 0 0 0 0 0 0 1 0 0 1 0 0 0 0 0 0
500	4	1 1 1 1 1 0 1 0 1 1 0 0 0 0 0 0 0 0 0 0
500	1	1 1 1 1 0 0 1 0 1 1 0 0 0 1 0 0 0 0 0 0
500	3	1 1 1 1 1 0 0 0 0 1 1 0 0 1 0 0 0 0 0 0
500	1	1 1 1 1 0 1 0 0 0 1 1 0 1 0 0 0 0 0 0 0
500	1	1 1 1 1 0 0 0 0 0 0 1 0 0 1 0 0 0 1 0 0
500	1	1 1 1 1 1 1 1 0 1 1 0 0 0 1 0 0 0 0 0 0
500	1	0 1 1 1 0 1 0 0 0 1 1 0 1 1 0 0 0 0 0 0
500	2	1 1 0 1 0 0 1 0 1 1 0 0 0 0 0 0 0 0 0 0
500	2	1 1 0 1 0 1 1 0 1 1 0 0 1 0 0 0 0 0 0 0
500	1	1 1 0 1 0 0 1 0 1 1 0 0 0 1 0 0 0 0 0 0
500	1	1 1 1 1 1 0 1 0 0 1 0 0 0 0 0 0 0 0 0 0
