0	5	0 1 0 0 0 0 0 0 0 0 0 0 0 1 0 1 0 0 0 0
0	6	0 0 0 1 1 0 0 0 0 1 0 0 0 0 0 0 0 0 1 0
0	4	1 0 1 1 0 0 0 0 0 0 0 0 0 0 0 0 0 0 0 0
0	5	0 0 0 0 0 1 0 0 0 0 0 0 0 0 1 0 0 0 0 0
50	1	0 0 0 0 0 1 0 0 0 0 0 0 0 0 1 0 0 0 0 0
50	2	1 0 1 1 0 0 0 0 0 0 0 0 0 0 1 0 0 0 0 0
50	1	1 0 1 1 0 0 0 0 0 0 1 0 0 0 0 0 0 0 0 0
50	2	0 0 0 0 0 1 0 0 1 0 0 0 0 0 1 0 0 0 0 0
50	1	0 0 0 1 1 0 0 0 0 1 0 0 0 0 1 0 0 0 0 0
50	2	0 0 0 1 1 0 0 0 0 1 0 0 0 0 1 0 0 0 1 0
50	1	0 1 0 0 0 1 0 0 0 0 0 0 0 0 1 0 0 0 0 0
50	1	1 0 1 1 0 0 0 0 0 0 1 0 0 0 1 0 0 0 0 0
50	1	0 1 0 0 0 0 0 0 0 0 0 0 0 0 1 0 0 0 0 0
50	2	1 0 1 1 0 0 0 0 0 0 1 0 0 0 0 1 0 0 0 0
50	1	1 1 1 1 0 0 0 0 0 0 0 0 0 0 1 0 0 0 0 0
50	1	1 0 1 1 0 0 0 0 0 0 0 1 0 0 1 0 0 0 0 0
50	1	1 0 1 1 0 1 0 0 1 0 0 0 0 0 1 0 0 0 0 0
50	1	0 0 0 0 0 1 0 0 1 0 0 0 1 0 1 0 0 0 0 0
50	1	1 0 1 1 0 0 0 0 1 0 0 0 0 1 1 0 0 0 0 0
50	1	1 0 1 1 0 1 1 0 1 0 0 0 0 0 1 0 0 0 0 0
100	4	1 0 1 1 0 0 0 0 0 0 0 0 0 0 1 0 0 0 0 0
100	1	1 0 1 1 0 0 0 0 1 0 0 0 0 0 1 0 0 0 0 0
100	2	1 1 1 1 0 0 0 0 0 0 0 0 0 0 1 0 0 0 0 0
100	1	1 0 1 1 0 0 0 1 0 0 0 0 0 0 1 0 0 0 0 0
100	3	1 1 1 1 0 1 0 0 0 0 0 0 0 0 1 1 0 0 0 0
100	2	1 0 1 1 0 0 1 0 1 0 0 1 0 0 0 0 0 0 0 0
100	1	1 1 1 1 0 0 0 1 0 0 0 0 1 0 1 0 0 0 0 0
100	1	1 1 1 1 0 0 0 0 0 0 1 0 0 0 1 1 0 0 0 0
100	1	1 0 1 1 0 0 0 0 0 1 0 0 0 0 1 0 0 0 0 0
100	1	1 1 1 1 0 0 0 0 0 0 1 1 0 0 1 0 0 0 0 0
100	1	1 1 1 1 0 0 0 0 0 0 1 0 1 0 1 0 0 0 0 0
100	1	1 0 1 1 1 1 0 0 1 0 0 0 1 0 1 0 0 0 0 0
100	1	1 0 1 0 0 0 0 1 0 0 0 0 0 0 1 1 0 0 0 0
150	1	1 1 1 1 0 0 0 0 0 0 0 0 0 0 1 0 0 0 0 0
150	1	1 0 1 1 1 1 0 0 1 0 0 0 0 0 1 0 0 0 0 0
150	1	1 0 1 1 0 0 0 1 0 0 0 0 1 0 1 0 0 0 0 0
150	1	1 0 1 1 0 0 0 0 0 0 0 1 0 1 0 1 0 0 0 0
150	1	1 1 1 1 0 0 0 0 0 0 1 0 1 0 1 0 0 0 0 0
150	1	1 1 1 1 0 0 0 1 0 0 0 0 0 0 1 0 0 0 0 0
150	1	1 1 1 1 0 1 0 1 0 0 0 0 0 0 1 1 0 0 0 0
150	1	0 0 1 0 0 1 0 0 1 0 0 0 0 0 1 0 0 0 0 1
150	3	1 0 1 1 0 0 0 1 0 0 1 0 0 0 0 0 0 0 0 0
150	1	1 0 1 1 0 0 0 0 1 1 1 0 1 0 1 0 0 0 0 0
150	1	1 0 1 0 0 0 0 0 0 0 0 1 0 1 0 1 0 0 0 0
150	1	0 0 1 1 0 0 0 0 1 0 0 0 0 0 1 0 0 0 0 0
150	1	1 0 1 0 0 0 0 0 1 0 0 0 0 0 1 0 0 0 0 0
150	1	1 0 1 1 0 0 0 0 0 0 0 1 0 1 0 1 1 0 0 0
150	1	1 1 1 1 0 1 0 1 0 0 0 0 0 0 1 0 0 0 0 0
150	1	1 0 0 1 0 0 0 1 0 0 1 0 1 0 0 1 0 0 0 1
150	1	1 1 1 1 1 0 0 0 1 0 0 0 1 0 1 0 0 0 0 0
150	1	1 0 1 1 0 0 0 1 0 1 1 0 0 0 1 0 0 0 0 0
200	1	1 1 1 1 0 0 0 1 0 0 0 0 0 0 1 0 0 0 0 0
200	1	1 0 1 1 0 0 0 1 0 0 1 0 0 0 0 0 0 0 0 0
200	1	1 1 1 1 0 1 0 1 0 0 0 0 0 0 1 0 0 0 0 0
200	1	1 0 1 1 0 0 1 0 1 0 0 1 0 0 1 1 0 0 0 0
200	1	1 0 0 1 0 0 0 1 0 1 1 0 1 0 0 1 0 0 0 0
200	1	1 1 1 1 0 1 0 0 1 0 0 1 1 0 1 0 0 0 0 0
200	1	0 1 1 1 0 1 0 1 0 1 1 0 0 0 0 0 0 0 0 0
200	1	1 1 1 1 0 0 0 1 0 0 1 0 1 0 0 1 0 0 0 0
200	1	1 0 1 1 0 1 1 0 0 0 0 1 0 0 1 0 0 0 0 0
200	1	1 1 1 1 0 1 0 1 0 0 0 0 0 0 1 1 0 0 0 1
200	2	1 1 1 1 0 1 0 1 0 0 0 0 1 0 1 0 0 0 1 0
200	2	1 1 1 1 0 1 0 1 0 0 0 1 1 0 1 0 0 0 0 0
200	1	1 1 1 1 1 0 0 1 0 0 0 0 0 0 1 0 0 0 0 0
200	1	1 1 1 1 0 1 0 1 0 0 0 0 1 0 1 0 0 0 0 0
200	1	1 0 1 1 0 0 0 1 0 0 0 0 0 0 1 0 0 0 0 1
200	1	1 1 1 1 0 0 0 1 0 1 0 0 0 0 1 0 0 0 0 0
200	1	1 1 1 0 0 1 0 1 0 0 0 0 0 0 1 0 0 0 0 0
200	1	1 1 1 1 0 1 0 1 1 0 0 0 1 0 1 0 0 0 0 0
250	1	1 1 1 1 0 0 0 1 0 0 0 0 0 0 1 0 0 0 0 0
250	2	1 1 1 1 0 1 0 1 0 0 0 0 0 0 1 0 0 0 0 0
250	1	1 1 1 1 0 0 0 1 0 0 0 0 0 0 1 1 0 0 0 0
250	1	1 1 1 1 0 0 0 1 0 0 1 0 1 0 0 1 0 0 0 0
250	1	1 1 1 1 0 1 0 0 0 0 0 1 1 0 1 0 0 0 0 0
250	1	1 1 1 1 0 0 0 0 0 0 0 0 0 0 1 0 0 0 0 1
250	1	1 1 0 1 0 0 0 1 0 0 0 0 1 0 1 0 1 0 0 0
250	1	1 1 1 1 1 1 1 1 0 0 0 0 1 0 1 0 0 0 0 0
250	2	1 1 1 1 0 0 0 1 0 0 1 0 0 0 1 1 0 0 0 0
250	2	1 1 1 1 0 1 0 1 0 0 0 0 0 0 1 0 1 0 0 0
250	1	1 1 1 1 0 1 0 0 1 1 0 1 1 0 1 1 0 0 0 0
250	1	1 1 1 1 0 1 0 0 0 0 0 0 1 0 1 0 0 0 0 0
250	1	1 1 1 1 0 0 1 0 1 0 0 1 0 0 1 1 0 0 0 0
250	1	1 1 1 1 1 1 0 1 0 0 0 0 1 0 1 0 0 0 0 0
250	1	1 1 1 1 0 1 0 1 0 1 0 0 0 0 1 0 0 0 0 0
250	1	1 1 1 1 0 0 0 1 0 1 1 0 1 0 0 1 0 0 0 0
250	1	1 1 1 1 0 0 0 1 0 0 1 0 0 1 0 1 0 0 0 0
300	2	1 1 1 1 0 0 0 1 0 0 0 0 0 0 1 0 0 0 0 0
300	1	1 1 1 1 0 1 0 1 0 0 0 0 0 0 1 0 0 0 0 0
300	1	1 1 1 1 0 0 0 1 0 0 1 0 1 0 0 1 0 0 0 0
300	1	1 1 0 1 1 1 0 1 0 0 0 0 1 0 1 0 0 0 0 0
300	1	1 1 1 1 0 0 0 1 0 1 0 0 0 0 1 0 0 0 0 0
300	2	1 1 1 1 0 0 0 1 0 0 1 0 0 0 1 0 0 0 0 0
300	1	1 1 1 1 1 1 0 1 0 0 0 0 1 0 1 0 0 0 0 0
300	1	1 1 1 1 1 1 0 1 1 1 0 1 1 0 1 0 0 0 0 0
300	1	1 1 1 1 0 0 0 1 0 0 0 1 0 0 0 1 0 0 0 0
300	1	1 0 1 1 0 1 0 1 0 0 0 0 0 0 1 1 0 0 0 0
300	1	1 1 1 1 1 1 0 1 1 1 0 1 0 0 1 0 0 0 0 0
300	1	1 1 1 1 0 0 0 0 1 1 0 1 0 0 1 0 0 0 0 0
300	1	1 0 1 1 0 0 0 1 0 0 0 0 0 0 1 0 0 0 0 0
300	1	1 1 1 1 0 1 0 1 0 1 0 0 1 0 1 1 0 0 0 0
300	1	1 1 1 1 1 0 0 1 1 1 0 1 0 0 1 0 0 0 0 0
300	1	1 1 1 1 0 0 0 1 0 1 1 0 0 0 1 0 0 0 0 0
300	1	1 1 1 1 0 1 0 1 0 0 0 1 1 0 1 0 0 0 0 0
300	1	1 1 1 1 1 0 0 1 0 0 0 1 0 0 0 0 0 0 0 0
350	4	1 1 1 1 0 0 0 1 0 0 0 0 0 0 1 0 0 0 0 0
350	1	1 1 1 1 0 0 0 1 0 0 1 0 1 0 0 1 0 0 0 0
350	1	1 1 1 1 0 0 0 1 0 1 0 0 0 0 1 0 0 0 0 0
350	2	1 1 1 1 0 1 0 1 0 1 1 0 0 0 1 0 0 0 0 0
350	3	1 1 1 1 1 0 0 1 0 0 1 0 0 0 0 1 0 0 0 0
350	1	1 1 1 1 0 1 0 1 0 1 1 0 0 0 1 1 0 0 0 0
350	1	1 1 1 1 0 0 0 1 0 0 1 0 0 0 0 0 0 0 0 0
350	1	1 1 1 1 1 1 1 1 0 0 0 0 1 0 1 0 0 0 0 0
350	2	1 1 1 1 1 0 0 1 0 0 0 0 0 0 1 0 0 0 0 0
350	1	1 1 1 1 0 1 0 1 0 0 0 0 0 0 1 1 1 0 0 0
350	1	1 1 1 1 0 0 0 1 0 0 0 0 0 0 1 0 0 0 1 0
350	1	1 1 0 1 0 0 0 1 0 1 1 0 0 0 1 0 0 0 0 0
350	1	1 1 1 1 0 1 0 1 0 0 1 0 1 0 0 1 0 0 0 0
400	1	1 1 1 1 0 1 0 1 0 1 1 0 0 0 1 1 0 0 0 0
400	1	1 1 1 1 0 1 0 1 0 0 0 0 0 0 1 0 0 0 0 0
400	1	1 1 1 1 1 1 1 0 0 0 0 0 0 0 1 0 0 0 0 0
400	3	1 1 1 1 0 0 0 1 0 1 0 1 0 0 1 1 0 0 0 0
400	2	1 1 1 1 0 1 0 1 0 0 0 0 0 1 1 0 0 0 0 0
400	1	1 0 1 1 1 0 1 1 0 0 0 1 0 1 1 1 0 1 0 0
400	2	1 1 1 1 0 0 0 1 1 0 0 0 0 0 1 1 0 0 0 0
400	1	1 1 1 1 1 1 0 0 0 0 0 0 0 0 1 0 0 0 0 0
400	1	1 1 1 1 1 1 0 1 0 0 0 0 0 0 1 1 0 0 1 0
400	1	1 1 1 1 0 0 0 1 1 1 0 0 0 0 0 1 0 0 0 0
400	1	1 1 1 1 1 1 1 0 0 0 0 0 0 1 1 0 0 0 0 0
400	1	1 1 1 1 0 0 0 1 0 0 1 0 0 0 0 1 0 0 1 0
400	1	1 1 1 1 0 1 0 1 0 0 0 0 0 0 1 0 1 0 1 0
400	1	1 1 1 0 0 1 0 1 0 0 0 0 0 1 1 0 0 0 0 0
400	1	1 1 1 1 0 0 0 1 0 1 0 1 0 0 0 1 0 0 0 0
400	1	1 1 1 1 1 1 0 1 0 0 0 0 1 0 1 1 0 0 1 0
450	1	1 1 1 1 0 1 0 1 0 1 1 0 0 0 1 1 0 0 0 0
450	1	1 1 1 1 0 1 0 1 0 0 0 0 0 1 1 0 0 0 0 0
450	1	1 1 1 1 1 1 0 1 0 1 1 0 0 0 1 0 0 0 0 0
450	1	1 1 1 1 0 1 0 1 0 0 1 0 0 0 1 0 0 0 0 0
450	1	1 1 1 1 0 1 0 1 0 0 0 0 0 1 1 1 0 0 0 0
450	1	1 1 1 1 0 0 0 1 0 0 0 0 0 0 1 1 0 0 0 0
450	1	1 1 1 1 0 0 0 1 0 0 0 0 0 0 1 0 0 1 0 0
450	2	1 1 1 1 0 0 0 1 0 0 1 0 0 0 1 0 0 0 0 0
450	2	1 1 1 1 1 0 0 1 0 0 0 0 1 1 1 0 0 0 0 0
450	1	1 1 1 1 0 1 1 0 0 0 0 0 0 0 1 0 0 0 0 0
450	2	1 1 1 1 0 0 0 1 0 0 0 0 1 0 1 0 0 1 0 0
450	1	1 1 1 1 0 1 0 1 0 0 1 0 0 0 1 1 0 0 0 0
450	1	1 1 0 1 0 0 0 1 0 0 0 0 1 0 1 0 0 1 0 0
450	1	1 1 1 1 0 1 0 1 0 0 0 0 0 0 1 0 1 0 0 0
450	1	1 1 1 1 1 1 1 0 0 0 0 1 1 0 1 1 0 0 0 0
450	1	1 1 1 1 0 0 0 1 0 0 0 0 0 1 1 1 0 0 0 0
450	1	1 0 1 1 0 1 0 1 0 1 1 0 0 0 1 1 0 0 0 0
500	1	1 1 1 1 0 0 0 1 0 0 0 0 0 0 1 0 0 0 0 0
500	1	1 1 1 1 1 1 0 1 0 0 1 0 0 0 0 1 0 0 0 0
500	2	1 1 1 1 1 1 1 0 0 0 0 0 0 0 1 0 0 0 0 0
500	1	1 1 1 1 0 1 0 1 0 0 0 0 0 1 1 0 0 0 0 0
500	1	1 1 1 1 1 1 0 1 0 1 1 0 0 0 1 0 0 0 0 0
500	1	1 1 1 1 0 0 0 1 0 0 0 0 0 1 1 1 0 0 0 0
500	2	1 1 1 1 0 1 0 1 0 0 1 0 0 1 1 0 0 0 0 0
500	1	0 1 1 1 1 1 1 0 0 1 0 0 0 0 1 1 0 0 0 0
500	1	1 1 1 1 0 1 1 0 0 1 0 0 0 0 1 1 1 0 0 0
500	2	1 1 1 1 0 0 0 1 0 0 1 0 0 0 1 1 0 0 0 0
500	1	1 1 1 1 0 0 0 0 0 0 1 0 0 0 1 0 0 0 0 0
500	1	1 1 1 1 1 1 1 0 0 1 0 0 0 1 1 1 1 0 0 0
500	1	1 1 1 1 0 1 0 0 1 0 0 0 0 0 1 0 0 0 0 0
500	1	1 1 1 0 0 1 0 1 0 0 0 0 1 1 1 0 0 0 0 0
500	1	1 1 1 1 1 1 0 1 0 0 1 0 0 0 0 0 0 0 0 0
500	1	1 1 1 1 0 0 0 1 0 0 1 0 0 1 0 1 0 0 0 0
500	1	1 1 1 1 0 1 0 1 0 0 0 0 0 0 1 0 1 0 0 0
