0	4	0 1 0 0 0 0 0 0 0 0 0 0 1 0 0 0 1 0 0 0
0	1	0 0 0 1 0 1 1 1 0 0 0 0 0 0 0 1 0 0 0 0
0	1	1 1 0 1 0 0 0 0 0 1 0 0 0 0 0 0 0 1 0 0
0	4	0 0 0 1 0 0 0 0 0 0 0 0 0 0 0 0 0 0 0 0
5	3	0 1 0 0 0 0 0 0 0 0 0 0 1 0 0 0 1 0 0 0
5	3	1 1 0 1 0 0 0 0 0 1 0 0 0 0 0 0 0 1 0 0
5	2	0 0 0 1 0 0 0 0 0 0 0 0 0 0 0 0 0 0 0 0
5	1	0 0 0 1 0 1 1 1 0 0 0 0 0 0 0 0 0 0 0 0
5	1	0 1 0 0 0 0 0 0 0 1 0 0 1 0 0 0 1 0 0 0
10	2	0 0 0 1 0 1 1 1 0 0 0 0 0 0 0 1 0 0 0 0
10	2	1 1 0 1 0 0 0 0 0 1 0 0 0 0 0 0 0 1 0 0
10	1	0 0 0 1 0 0 0 0 0 0 0 0 0 0 0 0 0 0 0 0
10	1	0 0 0 1 0 1 1 1 0 0 0 0 0 0 1 1 0 0 0 0
10	1	1 1 0 1 0 0 0 0 0 0 0 0 0 0 0 0 0 1 0 0
10	1	0 0 0 1 0 1 1 1 0 0 0 0 0 1 0 1 0 0 0 0
10	1	0 1 0 0 0 0 0 0 0 1 0 0 0 0 0 1 0 0 0 0
10	1	0 0 0 0 0 1 1 1 0 0 0 0 0 0 0 1 0 0 0 0
15	6	0 0 0 1 0 1 1 1 0 0 0 0 0 0 0 1 0 0 0 0
15	1	0 0 0 1 0 1 1 1 0 0 0 0 0 0 0 0 0 0 0 0
15	1	0 0 0 1 0 1 1 1 0 1 0 0 0 0 0 0 0 1 0 0
15	1	0 1 0 0 0 0 0 0 0 1 0 0 0 0 0 0 0 1 0 0
15	1	1 0 0 1 0 1 1 1 0 0 0 0 0 0 0 1 0 0 0 1
20	4	0 0 0 1 0 1 1 1 0 0 0 0 0 0 0 1 0 0 0 0
20	1	1 1 0 1 0 0 0 0 0 1 0 0 0 0 0 0 0 1 0 0
20	2	0 0 0 1 0 1 1 1 0 0 0 0 0 1 0 1 0 0 0 0
20	1	0 1 0 0 0 0 0 0 0 0 0 0 1 0 0 0 0 0 0 0
20	1	1 1 0 1 0 0 0 0 0 1 0 0 0 0 0 0 0 1 1 0
20	1	0 0 1 1 0 1 1 1 0 0 0 1 0 0 0 1 0 0 0 0
25	6	0 0 0 1 0 1 1 1 0 0 0 0 0 0 0 1 0 0 0 0
25	1	1 1 0 1 0 0 0 0 0 1 0 0 0 0 0 0 0 1 0 0
25	1	1 1 0 1 0 1 1 1 0 0 0 0 0 0 0 0 0 0 0 0
25	2	1 1 0 1 0 0 0 0 0 1 0 0 0 0 0 0 0 1 0 1
30	4	0 0 0 1 0 1 1 1 0 0 0 0 0 0 0 1 0 0 0 0
30	1	1 1 0 1 0 1 1 1 0 0 0 0 0 0 0 0 0 0 0 0
30	1	1 0 0 1 0 1 1 1 0 0 0 0 0 0 0 1 0 0 0 0
30	1	1 1 0 1 0 1 1 1 0 1 0 0 0 0 0 1 0 0 0 0
30	1	1 1 0 1 0 0 0 0 0 1 0 0 0 0 0 0 0 1 0 1
30	1	1 1 0 1 0 1 1 1 0 0 0 0 0 0 0 0 1 0 0 0
30	1	0 0 0 1 0 1 1 1 0 0 0 0 0 0 0 1 0 0 0 1
35	5	0 0 0 1 0 1 1 1 0 0 0 0 0 0 0 1 0 0 0 0
35	1	1 1 0 1 0 0 0 0 0 1 0 0 0 0 0 0 0 1 0 1
35	2	1 1 0 1 0 0 0 1 0 1 0 0 0 0 0 0 0 1 0 0
35	1	0 0 0 1 0 0 0 0 0 1 0 0 0 0 0 0 0 0 0 0
35	1	0 0 0 1 0 1 1 1 0 0 1 0 0 0 0 0 0 0 0 0
40	5	0 0 0 1 0 1 1 1 0 0 0 0 0 0 0 1 0 0 0 0
40	1	0 0 0 1 0 1 1 1 0 0 0 0 0 0 0 0 0 0 0 0
40	1	0 0 0 1 0 1 1 1 0 0 0 0 0 1 0 1 0 0 0 0
40	1	1 1 0 1 0 1 1 1 0 1 0 0 0 0 0 1 0 0 0 0
40	1	0 0 0 0 0 1 1 1 0 0 0 0 0 0 0 1 0 0 0 0
40	1	0 0 0 1 0 1 1 1 0 0 0 0 0 0 1 0 0 0 0 0
45	1	0 0 0 1 0 1 1 1 0 0 0 0 0 0 1 1 0 0 0 0
45	1	0 0 0 1 0 1 1 1 0 0 0 0 0 0 0 0 0 0 0 0
45	1	1 1 0 1 0 1 1 1 0 0 0 0 0 0 0 1 0 0 0 0
45	1	0 0 0 1 0 1 1 1 0 0 0 1 0 0 0 1 0 0 0 0
45	2	0 0 0 1 0 0 0 0 0 0 0 0 1 0 0 0 0 0 0 0
45	1	1 1 0 1 0 1 1 1 0 1 0 0 0 0 0 1 0 0 0 0
45	1	1 1 0 1 0 1 1 1 0 0 0 0 0 0 0 0 0 1 0 0
45	1	0 1 0 1 0 1 1 1 0 1 0 0 0 0 0 1 0 0 0 0
45	1	1 1 0 1 0 1 1 1 0 0 0 0 1 0 0 1 0 0 0 0
50	1	0 0 0 1 0 1 1 1 0 0 0 0 0 0 0 1 0 0 0 0
50	1	0 0 0 1 0 1 1 1 0 0 0 1 0 0 0 1 0 0 0 0
50	1	0 1 0 0 0 0 1 1 0 0 0 0 0 0 0 1 0 0 0 0
50	2	1 1 0 1 0 1 1 1 0 0 0 0 0 0 0 0 0 1 0 0
50	1	0 0 1 1 0 1 1 1 0 0 0 0 0 0 0 0 0 0 0 0
50	1	0 0 0 1 0 0 1 1 0 0 0 0 0 0 0 0 1 0 0 0
50	1	1 1 0 1 0 1 1 1 1 0 0 0 0 0 0 1 0 0 0 0
50	1	0 0 0 1 0 1 1 1 0 0 0 0 1 0 0 1 0 0 0 0
50	1	0 0 0 1 0 0 1 1 0 0 0 0 1 0 0 1 0 0 0 0
55	1	0 0 0 1 0 1 1 1 0 0 0 0 0 0 0 1 0 0 0 0
55	1	0 1 0 1 0 1 1 1 0 0 0 0 0 0 0 1 0 0 0 0
55	1	0 0 0 1 0 1 1 1 0 0 0 1 0 0 0 1 0 0 0 0
55	1	0 0 0 1 0 0 0 0 0 0 0 0 1 0 0 0 0 0 0 0
55	1	1 1 0 1 0 1 1 1 0 0 0 0 0 0 0 0 0 1 0 0
55	1	0 0 0 1 0 1 1 1 0 1 0 0 0 0 0 0 0 1 0 1
55	1	1 1 0 1 0 1 1 1 0 0 0 0 1 0 0 1 0 0 0 0
55	1	0 0 0 1 0 1 1 1 0 1 0 0 0 0 0 1 0 0 0 0
55	2	1 1 0 1 0 0 0 0 0 0 0 0 0 0 0 1 0 0 0 1
60	2	0 0 0 1 0 1 1 1 0 0 0 0 0 0 0 1 0 0 0 0
60	1	1 1 0 1 0 1 1 1 0 0 0 0 0 0 0 1 0 0 0 0
60	1	0 0 0 1 0 1 1 1 0 0 0 0 0 1 0 1 0 0 0 0
60	2	1 1 0 1 0 1 1 1 0 0 0 0 0 0 0 0 0 1 0 0
60	1	0 0 0 1 0 1 1 1 0 1 0 0 0 0 0 1 0 0 0 0
60	1	0 0 0 1 0 1 1 1 0 1 0 0 1 0 0 1 0 0 0 0
60	1	1 0 0 1 0 1 1 1 0 0 0 0 0 0 0 0 0 1 0 0
60	1	1 1 0 1 1 1 1 1 0 1 0 0 0 0 0 1 0 0 0 0
65	1	1 1 0 1 0 1 1 1 0 0 0 0 0 0 0 1 0 0 0 0
65	1	0 1 0 1 0 1 1 1 0 0 0 0 0 0 0 1 0 0 0 0
65	1	1 1 0 1 0 1 1 1 0 0 0 0 0 0 0 0 0 0 0 0
65	1	1 1 0 1 0 1 1 1 0 1 0 0 0 0 0 1 0 0 0 0
65	3	1 1 0 1 0 1 1 1 0 0 0 0 0 0 0 0 0 1 0 0
65	1	0 0 0 1 0 1 1 1 0 0 1 0 0 0 0 0 0 0 0 0
65	1	1 1 0 1 0 1 1 1 0 1 0 0 0 0 0 1 0 1 0 0
65	1	0 0 0 1 0 1 1 1 0 0 0 0 0 0 0 1 0 1 0 0
70	1	0 0 0 1 0 1 1 1 0 0 0 0 0 0 0 1 0 0 0 0
70	1	0 0 0 1 0 1 1 1 0 0 0 0 0 0 1 1 0 0 0 0
70	1	0 1 0 1 0 1 1 1 0 0 0 0 0 0 0 1 0 0 0 0
70	1	1 0 0 1 0 1 1 1 0 0 0 0 0 0 0 1 0 0 0 0
70	2	1 1 0 1 0 1 1 1 0 0 0 0 0 0 0 0 0 1 0 0
70	2	1 1 0 1 0 1 1 1 1 0 0 0 0 0 0 1 0 0 0 0
70	1	1 1 0 1 0 1 1 1 0 0 0 0 0 0 0 1 0 0 0 1
70	1	1 1 0 1 0 0 1 1 0 0 0 0 0 0 0 0 0 1 0 0
75	1	0 0 0 1 0 1 1 1 0 0 0 0 0 0 0 0 0 1 0 0
75	1	1 1 0 1 0 1 1 1 0 0 0 0 0 0 0 0 0 1 0 0
75	1	0 0 0 1 0 1 1 1 0 1 0 0 0 0 0 1 0 0 0 0
75	1	0 0 0 1 0 1 1 1 0 0 0 0 1 1 0 1 0 0 0 0
75	1	1 1 0 1 0 0 1 1 0 0 0 0 0 0 0 1 0 0 0 0
75	1	1 1 0 1 1 0 0 0 0 1 0 0 0 0 1 0 0 0 0 0
75	1	1 0 0 1 0 1 1 1 1 0 0 0 0 1 0 1 0 0 0 0
75	1	1 1 0 1 0 1 1 1 0 1 0 0 0 0 0 0 0 1 0 0
75	1	1 0 0 1 0 0 1 1 0 0 0 0 0 0 0 0 0 1 0 0
75	1	0 0 0 1 0 1 1 1 0 0 1 0 1 0 0 1 0 0 0 0
80	2	0 0 0 1 0 1 1 1 0 0 0 0 0 0 0 1 0 0 0 0
80	1	1 1 0 1 0 1 1 1 0 1 0 0 0 0 0 1 0 0 0 0
80	1	1 1 0 1 0 1 1 1 0 0 0 0 0 0 0 0 0 1 0 0
80	1	1 1 1 1 0 1 1 1 0 1 0 0 0 0 0 1 0 0 0 0
80	1	1 1 1 1 0 1 1 1 0 0 0 0 0 0 0 1 0 0 0 0
80	1	0 1 0 1 0 1 1 1 0 1 0 0 0 0 1 1 0 0 0 0
80	2	1 1 1 1 0 1 1 1 1 0 0 0 0 0 0 1 0 0 0 0
80	1	0 0 0 1 0 1 1 1 0 1 0 0 0 0 0 1 0 1 0 0
85	2	1 1 0 1 0 1 1 1 0 0 0 0 0 0 0 0 0 0 0 0
85	1	0 0 1 1 0 1 1 1 0 0 0 0 0 0 0 1 0 0 0 0
85	2	1 1 1 1 0 1 1 1 0 1 0 0 0 0 0 1 0 0 0 0
85	2	1 1 0 1 0 1 1 1 1 0 0 0 0 0 0 1 0 0 0 0
85	1	1 1 0 1 0 1 1 1 0 1 0 0 0 0 0 1 0 1 0 0
85	1	0 1 0 1 0 1 1 1 0 0 0 0 0 0 0 1 0 1 0 0
85	1	1 1 0 1 0 1 1 1 0 0 0 0 0 1 0 1 0 0 0 0
90	1	1 0 0 1 0 1 1 1 0 0 0 0 0 0 0 1 0 0 0 0
90	1	1 1 1 1 0 1 1 1 0 1 0 0 0 0 0 1 0 0 0 0
90	1	1 1 0 1 0 1 1 1 1 0 0 0 0 0 0 1 0 0 0 0
90	1	1 0 0 1 0 1 1 1 0 0 0 0 0 0 0 0 0 1 0 0
90	1	0 1 0 0 1 0 1 1 0 0 0 0 0 0 0 1 0 0 0 0
90	2	1 1 0 1 0 1 1 1 0 0 0 0 0 0 0 0 0 1 0 1
90	1	1 0 0 1 0 1 1 1 1 0 0 0 1 0 0 1 0 0 0 0
90	1	1 1 1 1 0 1 1 1 1 0 0 1 0 0 0 1 0 0 0 0
90	1	1 1 0 1 0 1 1 1 0 0 0 0 0 0 1 0 1 1 0 0
95	1	0 0 0 1 0 1 1 1 0 0 0 0 0 0 0 1 0 0 0 0
95	1	1 1 0 1 0 1 1 1 0 0 0 0 0 0 0 0 0 0 0 0
95	1	1 0 0 1 0 1 1 1 0 0 0 0 0 0 0 1 0 0 0 0
95	2	1 1 1 1 0 1 1 1 0 1 0 0 0 0 0 1 0 0 0 0
95	2	1 1 0 1 0 1 1 1 1 0 0 0 0 0 0 1 0 0 0 0
95	1	1 1 0 1 0 0 0 0 0 0 0 0 0 0 1 0 0 0 0 1
95	1	1 1 1 1 0 1 1 1 0 1 0 1 0 0 0 1 0 0 0 0
95	1	1 1 0 1 0 0 1 1 0 1 0 0 0 0 0 0 0 0 0 0
100	3	1 1 1 1 0 1 1 1 0 1 0 0 0 0 0 1 0 0 0 0
100	3	1 1 0 1 0 1 1 1 1 0 0 0 0 0 0 1 0 0 0 0
100	1	1 1 0 1 0 0 0 0 0 0 0 0 0 0 1 1 0 0 0 1
100	1	0 0 1 1 1 1 1 1 0 0 0 0 0 0 0 1 0 0 0 0
100	1	1 0 0 1 0 1 1 1 1 0 0 0 1 0 0 1 0 0 0 0
100	1	1 1 0 1 0 0 1 1 0 0 0 0 0 0 0 0 0 0 0 0
105	1	0 0 0 1 0 1 1 1 0 0 0 0 0 0 0 1 0 0 0 0
105	1	1 1 0 1 0 1 1 1 0 0 0 0 0 0 0 1 0 0 0 0
105	3	1 1 1 1 0 1 1 1 0 1 0 0 0 0 0 1 0 0 0 0
105	1	1 0 0 1 0 1 1 1 0 0 0 0 0 0 0 0 0 0 0 0
105	1	1 1 1 0 0 1 1 1 0 0 0 0 0 0 0 0 0 0 0 0
105	1	0 0 0 1 0 1 1 1 0 0 0 0 1 0 1 1 0 0 1 0
105	1	1 1 0 1 0 1 1 1 1 0 0 0 0 0 0 0 0 0 0 0
105	1	0 0 1 1 0 1 1 1 0 0 0 0 0 0 0 1 0 0 0 0
110	1	0 1 0 1 0 1 1 1 0 0 0 0 0 0 0 1 0 0 0 0
110	1	1 1 1 1 0 1 1 1 0 1 0 0 0 0 0 1 0 0 0 0
110	2	1 1 0 1 0 1 1 1 1 0 0 0 0 0 0 1 0 0 0 0
110	1	1 1 1 1 0 1 1 1 0 0 0 1 0 0 0 1 0 0 0 0
110	1	1 1 0 1 0 1 1 1 0 0 0 0 1 0 0 0 0 1 0 0
110	1	1 1 1 1 0 1 1 1 1 0 0 1 0 0 0 1 0 0 0 0
110	1	1 0 0 1 0 1 1 1 0 0 0 0 0 0 1 0 0 0 0 0
110	1	1 0 1 1 0 1 1 1 1 0 0 1 0 0 0 1 0 0 0 0
110	1	1 1 1 1 0 1 1 1 0 0 0 0 1 0 0 1 0 0 0 0
115	1	1 1 1 1 0 1 1 1 0 1 0 0 0 0 0 1 0 0 0 0
115	1	1 1 0 1 0 1 1 1 1 0 0 0 0 0 0 1 0 0 0 0
115	2	1 1 1 1 0 0 1 1 0 0 0 1 0 0 0 1 0 0 0 0
115	1	1 1 0 1 0 1 1 1 0 0 0 0 0 0 0 1 0 1 1 0
115	1	1 1 1 1 1 1 0 1 0 1 0 0 0 0 0 1 0 0 0 0
115	1	1 1 1 1 0 1 1 1 0 0 0 0 1 0 0 1 0 0 0 0
115	1	1 0 1 1 0 0 1 1 0 0 0 0 0 0 1 1 0 0 0 0
115	1	1 1 0 1 0 1 1 1 1 0 0 0 1 0 1 0 0 0 0 0
115	1	1 1 1 1 0 1 1 1 1 0 1 0 0 0 0 1 0 0 0 0
120	1	0 1 0 1 0 1 1 1 0 0 0 0 0 0 0 1 0 0 0 0
120	1	1 1 0 1 0 1 1 1 0 0 0 0 0 0 0 0 0 1 0 0
120	1	1 1 1 1 0 1 1 1 0 1 0 0 0 0 0 1 0 0 0 0
120	2	1 1 1 1 0 1 1 1 0 0 0 0 0 0 0 1 0 0 0 0
120	1	1 1 0 1 0 1 1 1 0 0 0 0 0 0 0 1 0 1 1 0
120	1	1 1 1 1 1 1 0 1 0 1 0 0 0 0 0 1 0 0 0 0
120	1	1 0 0 1 0 1 1 1 0 0 0 0 1 0 0 1 0 0 0 0
120	1	1 1 0 1 0 1 1 1 0 0 0 1 0 0 0 1 0 0 0 0
120	1	1 1 1 1 0 1 1 1 1 0 0 1 1 0 0 1 0 0 0 0
125	1	1 1 0 1 0 1 1 1 0 0 0 0 0 0 0 1 0 0 0 0
125	3	1 1 1 1 0 1 1 1 0 1 0 0 0 0 0 1 0 0 0 0
125	1	1 1 1 1 0 1 1 1 0 0 0 0 0 0 0 1 0 0 0 0
125	1	1 1 1 1 1 1 0 1 0 1 0 0 0 0 0 1 0 0 0 0
125	1	0 1 1 1 0 1 1 1 0 0 0 0 0 0 0 1 0 0 0 0
125	1	1 1 0 1 1 1 1 1 0 0 0 0 1 0 0 0 0 1 0 0
125	1	1 1 0 0 0 1 1 1 0 0 0 1 1 0 0 0 0 1 0 0
125	1	1 1 1 1 0 1 1 1 0 1 0 0 0 0 0 1 0 0 1 0
130	1	1 1 0 1 0 1 1 1 0 0 0 0 0 0 0 1 0 0 0 0
130	1	1 1 1 1 0 1 1 1 0 1 0 0 0 0 0 1 0 0 0 0
130	1	1 1 0 1 0 1 1 1 1 0 0 0 0 0 0 1 0 0 0 0
130	1	1 1 1 1 0 1 1 1 0 0 0 0 0 0 0 1 0 0 0 0
130	1	1 1 1 1 0 1 1 1 1 0 0 0 0 0 0 1 0 0 0 0
130	1	1 1 0 1 0 1 1 1 0 0 0 0 0 0 0 1 0 1 1 0
130	1	1 0 0 1 0 1 1 1 0 0 0 0 1 0 0 1 0 0 0 0
130	1	1 1 0 1 0 1 1 1 1 0 0 0 1 0 1 0 0 0 0 0
130	1	0 1 1 1 0 1 1 1 0 0 0 0 0 0 0 1 0 0 0 0
130	1	1 1 1 1 0 1 1 1 0 0 0 0 0 0 0 1 1 0 0 0
135	1	1 1 0 1 0 1 1 1 0 0 0 0 0 0 0 0 0 1 0 0
135	3	1 1 1 1 0 1 1 1 0 1 0 0 0 0 0 1 0 0 0 0
135	1	1 1 1 1 0 1 1 1 1 0 0 0 0 0 0 1 0 0 0 0
135	1	1 1 1 0 0 1 1 1 0 1 0 0 0 0 0 1 0 0 0 0
135	1	1 1 0 1 0 1 0 1 0 0 0 0 0 0 0 0 0 1 0 0
135	1	1 1 1 1 0 1 1 1 0 0 0 0 1 0 0 1 0 0 0 0
135	1	1 1 0 1 0 1 1 0 0 0 0 0 0 0 0 0 0 0 0 0
135	1	0 1 1 0 0 1 1 1 1 0 0 1 0 1 0 1 0 0 0 0
140	2	0 1 0 1 0 1 1 1 0 0 0 0 0 0 0 1 0 0 0 0
140	1	1 1 0 1 0 1 1 1 0 0 0 0 0 0 0 0 0 1 0 0
140	2	1 1 1 1 0 1 1 1 0 1 0 0 0 0 0 1 0 0 0 0
140	2	1 1 1 1 0 1 1 1 1 0 0 0 0 0 0 1 0 0 0 0
140	1	1 1 1 1 0 1 1 1 1 0 0 1 0 0 0 1 0 0 0 0
140	1	0 1 0 1 0 1 1 1 0 1 0 0 1 0 0 1 0 0 0 0
140	1	1 1 1 1 0 0 1 1 0 1 0 1 0 0 0 1 0 0 0 0
145	1	1 1 0 1 0 1 1 1 0 0 0 0 0 0 0 1 0 0 0 0
145	1	1 1 0 1 0 1 1 1 0 0 0 0 0 0 0 0 0 1 0 0
145	3	1 1 1 1 0 1 1 1 0 1 0 0 0 0 0 1 0 0 0 0
145	1	1 1 1 1 0 1 1 1 0 0 0 0 0 0 0 1 0 0 0 0
145	1	1 1 1 1 0 1 1 1 1 0 0 1 0 0 0 1 0 0 0 0
145	1	1 0 1 1 0 0 1 1 0 0 0 0 0 0 1 1 0 0 0 0
145	1	1 1 1 1 0 0 1 1 1 0 0 1 0 0 0 1 0 0 0 0
145	1	1 1 0 1 0 0 0 1 0 0 0 0 0 0 1 1 0 0 0 1
150	4	1 1 1 1 0 1 1 1 0 1 0 0 0 0 0 1 0 0 0 0
150	1	1 1 1 1 0 1 1 1 0 0 0 0 0 0 0 1 0 0 0 0
150	1	1 1 1 1 0 1 1 1 1 0 0 0 0 0 0 1 0 0 0 0
150	1	1 1 1 1 0 0 1 1 1 0 0 1 0 0 0 1 0 0 0 0
150	1	1 1 1 1 0 1 1 1 0 1 0 0 0 1 1 1 0 0 0 0
150	1	1 1 1 1 0 1 1 1 0 0 1 0 0 0 0 1 0 0 0 0
150	1	1 0 0 1 0 1 1 1 0 0 0 0 1 1 0 1 0 0 0 0
155	1	1 1 0 1 0 1 1 1 0 0 0 0 0 0 0 1 0 0 0 0
155	1	1 1 0 1 0 1 1 1 0 0 0 0 0 0 0 0 0 1 0 0
155	1	1 1 1 1 0 1 1 1 1 0 0 1 0 0 0 1 0 0 0 0
155	1	1 1 1 1 0 0 1 1 0 0 0 1 0 0 0 1 0 0 0 0
155	1	1 1 1 1 0 1 0 1 0 1 0 0 0 0 1 1 0 0 0 0
155	1	1 1 1 1 0 0 1 1 0 0 0 0 0 0 0 1 0 0 0 0
155	1	1 1 1 1 0 1 1 0 0 1 0 0 0 0 0 1 0 0 0 0
155	1	1 1 1 1 0 1 1 1 1 1 0 0 0 0 0 1 0 1 0 0
155	1	1 1 1 1 1 1 0 1 0 1 0 1 0 1 0 1 0 0 0 0
155	1	1 1 0 1 0 1 0 1 0 1 0 0 0 0 0 1 0 0 0 0
160	1	1 1 1 1 0 1 1 1 0 1 0 0 0 0 0 1 0 0 0 0
160	1	1 1 0 1 0 1 1 1 1 0 0 0 0 0 0 1 0 0 0 0
160	1	1 1 1 1 1 1 0 1 0 1 0 0 0 0 0 1 0 0 0 0
160	1	1 1 1 0 0 1 1 1 0 1 0 0 0 0 0 1 0 0 0 0
160	1	1 1 1 0 0 1 1 1 1 0 0 1 0 0 0 1 0 0 0 0
160	1	1 1 1 1 0 1 1 1 0 1 0 0 0 0 0 1 0 1 0 0
160	1	1 1 1 1 0 0 0 0 0 0 0 0 0 0 0 1 0 0 0 0
160	1	1 0 1 1 0 0 1 1 0 1 0 0 0 1 0 0 0 0 0 0
160	1	1 1 1 1 0 1 1 1 0 1 0 1 0 0 0 1 0 0 0 0
160	1	1 1 1 1 0 1 0 1 0 1 0 0 0 0 1 1 0 1 0 0
165	1	1 1 1 1 0 1 1 1 0 1 0 0 0 0 0 1 0 0 0 0
165	1	1 1 1 1 0 0 1 1 1 0 0 1 0 0 0 1 0 0 0 0
165	1	1 1 1 1 1 1 1 1 1 0 0 0 0 0 0 1 0 0 0 0
165	1	1 1 1 1 0 1 1 1 0 1 0 0 0 0 0 1 0 0 0 1
165	1	1 1 1 1 0 0 1 1 0 1 0 0 0 0 0 1 0 0 0 0
165	1	1 1 0 1 0 1 1 1 0 0 0 0 0 0 1 1 0 0 0 0
165	1	1 1 1 1 0 1 0 1 0 1 0 0 0 0 1 1 0 0 0 0
165	1	1 1 1 0 0 1 1 1 1 0 0 0 0 0 0 1 0 0 0 0
165	1	1 1 1 1 0 1 1 1 1 0 0 0 0 0 0 1 0 1 0 0
165	1	1 1 1 1 1 1 1 1 0 0 0 1 1 0 0 1 0 0 0 0
170	2	1 1 1 1 0 1 1 1 0 1 0 0 0 0 0 1 0 0 0 0
170	1	1 1 1 1 1 1 1 1 0 1 0 0 0 0 0 1 0 0 0 0
170	1	1 1 0 1 1 1 1 1 0 0 0 0 0 0 0 0 0 1 0 0
170	1	1 1 1 1 0 1 1 1 0 0 0 0 0 0 0 0 0 1 0 0
170	1	1 1 1 1 1 1 0 1 0 1 0 1 0 1 0 1 0 0 0 0
170	1	1 1 1 1 1 1 1 1 0 0 0 1 1 0 0 1 0 0 0 0
170	1	1 1 1 1 0 1 1 1 1 1 0 1 0 0 0 1 0 0 0 0
170	1	1 1 1 1 0 1 1 1 0 0 0 1 0 0 0 0 0 0 0 0
170	1	0 1 0 1 0 1 1 1 1 0 0 0 0 0 0 0 0 0 0 0
175	1	1 1 1 1 1 1 1 1 0 1 0 0 0 0 0 1 0 0 0 0
175	1	1 0 1 0 0 1 1 1 0 1 0 0 0 0 0 1 0 0 0 0
175	1	1 1 1 1 0 0 1 1 0 1 0 0 0 0 0 1 0 0 0 0
175	1	1 1 1 1 0 0 1 1 0 1 0 0 0 0 0 1 0 0 0 1
175	1	1 1 1 1 0 1 1 1 1 0 0 0 0 0 0 1 0 1 0 0
175	1	1 1 1 1 1 1 1 1 0 0 0 1 1 0 0 1 0 0 0 0
175	1	1 1 0 1 0 0 1 1 0 1 0 0 0 0 0 1 0 0 0 0
175	1	1 1 0 1 1 1 1 1 0 0 0 0 0 0 0 1 0 0 0 0
175	1	1 1 1 1 0 1 1 1 1 0 0 1 1 0 0 0 0 0 1 0
175	1	1 1 1 1 0 0 0 0 0 1 0 1 0 0 0 1 0 0 0 0
180	1	1 1 0 1 0 1 1 1 0 1 0 0 0 0 0 1 0 0 0 0
180	1	1 1 1 1 0 1 1 1 1 0 0 0 0 0 0 1 0 0 0 0
180	3	0 1 0 1 0 1 1 1 1 0 0 0 0 0 0 1 0 0 0 0
180	1	1 1 1 1 0 1 1 1 1 0 0 1 1 0 0 1 0 0 0 1
180	1	1 1 1 0 0 1 1 1 0 0 1 0 0 0 0 1 0 0 0 0
180	1	1 0 1 1 0 0 1 1 0 1 0 0 0 0 1 1 0 0 0 0
180	1	1 1 1 1 0 1 1 1 1 1 0 0 0 0 0 1 0 0 0 0
180	1	1 1 1 1 0 0 0 0 0 1 0 1 0 0 0 1 0 0 0 1
185	2	1 1 1 1 0 1 1 1 0 1 0 0 0 0 0 1 0 0 0 0
185	1	0 1 0 1 0 1 1 1 1 0 0 0 0 0 0 1 0 0 0 0
185	1	1 1 1 1 0 0 1 1 0 1 0 0 0 0 0 1 0 0 0 0
185	1	1 1 1 1 0 1 1 1 0 0 0 0 0 0 0 0 0 1 0 0
185	1	1 1 1 1 0 1 1 1 1 1 1 0 0 0 0 1 0 0 0 0
185	1	1 0 1 1 0 1 1 1 1 0 0 1 0 0 0 1 0 0 0 0
185	1	1 0 1 1 1 1 1 1 1 0 0 0 0 0 0 1 1 0 0 0
185	1	1 1 0 1 0 1 1 1 0 0 0 0 0 0 0 0 0 0 0 0
185	1	1 1 1 1 0 1 1 1 0 1 0 0 0 0 1 1 0 0 0 1
190	1	1 1 1 1 0 1 1 1 0 1 0 0 0 0 0 1 0 0 0 0
190	1	1 1 1 1 0 1 1 1 0 0 0 0 0 0 0 1 0 0 0 0
190	1	1 1 1 1 0 1 1 1 1 0 0 0 0 0 0 1 0 0 0 0
190	1	1 1 1 1 0 1 1 1 0 0 0 0 0 0 0 0 0 0 0 0
190	1	1 1 1 1 0 1 1 1 0 1 0 0 0 0 0 1 0 0 0 1
190	1	1 1 1 1 0 1 1 1 0 0 0 1 1 0 0 1 0 0 0 0
190	1	1 1 1 1 0 1 1 1 0 1 0 0 0 1 0 1 0 0 0 0
190	1	0 1 1 1 0 1 1 1 0 1 1 0 0 0 0 1 0 1 0 0
190	1	1 1 1 1 0 0 1 1 0 1 1 0 0 0 0 1 0 0 0 0
190	1	1 1 1 1 0 1 1 1 1 0 0 0 0 0 1 1 0 0 0 0
195	3	1 1 1 1 0 1 1 1 0 1 0 0 0 0 0 1 0 0 0 0
195	1	1 1 1 1 0 1 1 1 1 0 0 0 0 0 0 1 0 0 0 0
195	1	1 1 1 1 0 0 1 1 0 1 0 0 0 0 0 1 0 0 0 0
195	1	1 1 1 1 1 1 1 1 0 0 0 1 1 0 0 1 0 0 0 0
195	1	1 1 1 1 1 1 1 1 1 0 0 1 1 0 0 1 0 0 0 0
195	1	1 1 0 1 0 1 1 1 0 0 0 0 0 0 0 1 0 0 0 0
195	1	1 1 1 1 0 1 0 1 0 1 0 0 0 0 0 1 0 0 0 0
195	1	1 1 1 0 0 1 1 1 0 0 1 0 0 1 0 1 1 0 0 0
200	1	1 1 1 1 1 1 1 1 1 0 0 1 0 0 0 1 0 0 0 0
200	1	1 1 1 1 0 0 1 1 0 1 0 0 0 0 0 1 0 0 0 0
200	1	1 1 1 1 1 1 1 1 0 0 0 1 1 0 0 1 0 0 0 0
200	1	1 0 1 1 1 1 1 1 1 0 0 0 0 0 0 1 1 0 0 0
200	1	0 1 1 1 0 1 1 1 0 1 1 0 0 0 0 1 0 1 0 0
200	1	1 1 0 1 0 1 1 1 0 0 0 0 0 0 0 0 0 0 0 0
200	1	1 1 1 1 0 0 1 1 0 0 0 1 1 0 0 1 0 0 0 0
200	1	1 1 1 0 1 0 0 0 0 1 0 1 0 0 0 1 0 0 0 0
200	1	1 1 1 1 0 1 0 1 1 0 0 0 0 0 0 1 0 0 0 0
200	1	1 1 0 1 0 0 1 1 0 0 0 0 0 0 0 1 0 0 0 0
205	1	1 1 1 1 0 1 1 1 0 1 0 0 0 0 0 1 0 0 0 0
205	3	1 1 1 1 0 0 1 1 0 1 0 0 0 0 0 1 0 0 0 0
205	1	0 1 1 1 0 1 1 1 0 0 0 1 1 0 0 1 0 0 0 0
205	1	1 1 0 1 1 0 1 1 0 0 0 0 0 0 0 0 0 0 0 0
205	1	1 1 1 1 0 1 0 0 0 1 0 1 0 0 0 1 0 1 0 0
205	1	1 1 1 1 0 0 1 1 1 1 0 0 0 0 0 1 0 0 0 0
205	1	1 1 1 1 0 1 0 1 0 0 0 0 0 0 0 1 0 0 0 0
205	1	1 1 1 1 1 1 1 1 0 0 0 1 1 0 0 1 0 1 0 0
210	1	1 1 1 1 0 1 1 1 0 1 0 0 0 0 0 1 0 0 0 0
210	1	1 1 1 1 0 1 1 1 1 0 0 0 0 0 0 1 0 0 0 0
210	1	1 1 1 1 0 0 1 1 0 1 0 0 0 0 0 1 0 0 0 0
210	1	1 1 1 1 0 1 1 1 1 0 0 0 0 0 0 1 0 1 0 0
210	1	1 1 1 1 0 1 0 1 0 1 0 0 0 0 0 1 0 0 0 0
210	1	1 1 1 1 1 1 1 1 0 0 0 0 0 0 0 1 0 0 0 0
210	2	1 1 0 1 0 1 1 1 0 0 0 0 0 0 1 0 0 0 0 0
210	1	1 1 1 1 0 1 1 1 0 1 0 1 0 0 0 1 0 0 0 0
210	1	1 1 1 0 0 1 0 1 0 1 0 0 0 0 0 1 0 0 0 0
215	2	1 1 1 1 0 1 1 1 0 1 0 0 0 0 0 1 0 0 0 0
215	1	1 1 1 1 1 1 1 1 1 0 0 1 1 0 0 1 0 0 0 0
215	1	1 1 1 1 0 1 0 1 0 1 0 0 0 0 0 1 0 0 0 0
215	1	1 1 0 1 0 1 1 1 0 1 0 0 0 1 0 1 0 0 0 0
215	1	1 1 0 1 1 0 1 1 0 0 0 0 0 0 0 0 0 0 0 0
215	1	1 1 1 1 1 1 1 1 0 0 0 0 0 0 0 1 0 0 0 0
215	1	0 1 1 1 1 1 1 1 0 0 0 1 1 0 0 1 0 0 0 0
215	1	1 1 1 1 0 0 1 1 1 1 0 0 0 0 0 1 0 0 0 0
215	1	1 1 1 1 0 1 1 1 0 1 0 1 0 0 0 1 0 0 0 0
220	1	1 1 1 1 0 0 1 1 0 1 0 0 0 0 0 1 0 0 0 0
220	1	1 1 1 1 0 1 1 1 0 0 0 1 1 0 0 1 0 0 0 0
220	1	1 1 1 1 0 1 0 1 0 1 0 0 0 0 0 1 0 0 0 0
220	1	1 1 0 1 1 0 1 1 0 0 0 0 0 0 0 0 0 0 0 0
220	1	1 1 1 1 0 1 1 1 0 0 0 1 1 1 0 1 0 0 0 0
220	1	1 1 1 1 0 0 1 1 0 0 0 1 1 0 0 1 0 0 0 0
220	1	1 1 1 0 1 0 0 0 0 1 0 1 0 0 0 1 0 0 0 0
220	1	1 1 1 1 0 0 1 1 1 1 0 0 0 0 0 1 0 0 0 0
220	1	1 1 1 0 0 1 1 1 0 1 0 0 0 0 0 1 1 0 0 0
220	1	1 1 1 1 0 0 1 1 0 0 0 0 0 0 0 1 0 0 0 1
225	1	1 1 1 1 0 1 1 1 0 1 0 0 0 0 0 1 0 0 0 0
225	1	1 0 1 1 1 1 1 1 1 0 0 0 0 0 0 1 1 0 0 0
225	1	1 1 1 1 1 1 1 1 1 0 0 1 1 0 0 1 0 0 0 0
225	1	1 1 1 1 0 1 0 1 0 1 0 0 0 0 0 1 0 0 0 0
225	1	1 1 1 1 0 1 1 1 0 0 0 1 0 0 0 0 0 0 0 0
225	1	1 1 0 1 1 0 1 1 0 0 0 0 0 0 0 0 1 0 0 0
225	1	1 1 1 1 0 0 1 1 0 1 0 1 0 0 0 1 0 0 0 0
225	1	1 1 1 1 0 1 1 1 0 1 0 0 0 0 0 1 1 0 0 1
225	1	1 1 1 1 1 1 1 1 0 1 0 0 0 0 0 1 0 0 0 0
225	1	1 1 1 1 1 1 1 1 0 1 1 0 0 0 0 1 0 0 0 0
230	1	1 1 1 1 0 0 1 1 1 1 0 0 0 0 0 1 0 0 0 0
230	1	1 1 1 1 1 1 1 1 0 0 0 0 0 0 0 0 0 0 0 0
230	1	1 1 1 1 0 0 1 0 0 1 0 1 1 0 0 1 0 0 0 0
230	1	1 1 1 0 1 1 1 1 0 0 0 1 0 0 1 1 0 0 0 0
230	1	1 1 1 1 0 1 1 1 0 1 0 0 0 0 0 1 1 0 0 1
230	1	1 1 1 1 1 1 1 1 0 1 0 0 0 0 0 1 0 0 0 0
230	1	1 0 1 1 0 1 0 1 0 1 0 0 0 0 0 1 0 0 0 0
230	1	1 1 1 1 1 1 1 1 0 0 0 0 0 0 1 0 0 0 1 0
230	1	1 1 1 1 0 0 1 1 0 0 0 0 0 0 0 1 1 0 0 0
230	1	1 1 0 0 1 0 1 1 1 0 0 0 0 0 1 1 0 0 0 0
235	1	0 1 0 1 0 1 1 1 1 0 0 0 0 0 0 1 0 0 0 0
235	1	1 1 1 1 0 0 1 1 0 1 0 0 0 0 0 1 0 0 0 0
235	2	1 1 1 1 0 1 1 1 0 0 0 1 1 0 0 1 0 0 0 0
235	1	0 1 1 1 1 1 1 1 0 0 0 1 1 0 0 1 0 0 0 0
235	1	1 1 1 1 0 0 1 0 0 0 0 1 1 0 0 1 0 0 0 0
235	1	0 1 1 1 0 1 1 1 0 1 1 0 0 0 0 1 0 1 1 0
235	1	1 1 1 0 0 1 1 1 0 0 0 0 0 0 1 0 0 0 0 0
235	1	0 1 1 1 1 1 1 1 0 0 0 1 0 0 0 1 0 0 0 0
235	1	1 1 1 1 0 0 1 1 0 0 0 0 0 1 0 1 0 0 0 0
240	1	1 1 1 1 0 0 1 1 0 0 0 0 0 0 0 1 0 0 0 0
240	1	1 1 1 1 0 0 1 1 0 1 0 0 0 0 0 1 0 0 0 1
240	1	1 1 1 1 1 1 1 1 1 0 0 1 1 0 0 1 0 0 0 0
240	1	1 1 1 1 0 1 0 1 0 1 0 0 0 0 0 1 0 0 0 0
240	1	1 1 1 1 0 0 1 1 0 1 0 1 0 0 0 1 0 0 0 0
240	1	1 1 1 1 0 1 1 1 0 1 0 0 0 0 0 1 0 1 0 1
240	1	1 1 1 1 0 0 1 1 0 1 0 0 0 1 0 1 0 0 0 0
240	1	1 1 1 1 0 0 1 0 1 1 0 1 1 0 0 1 0 0 0 0
240	1	1 1 1 1 0 0 1 1 0 0 0 0 0 0 1 1 0 0 0 0
240	1	1 1 0 1 1 0 0 1 0 0 0 0 0 0 0 1 0 0 0 1
245	2	1 1 1 1 1 1 1 1 1 0 0 1 1 0 0 1 0 0 0 0
245	1	1 1 1 1 0 1 0 1 0 1 0 0 0 0 0 1 0 0 0 0
245	2	1 1 1 1 0 0 1 1 1 1 0 0 0 0 0 1 0 0 0 0
245	1	1 1 1 1 1 1 1 1 0 1 0 0 0 0 0 1 0 0 0 0
245	1	1 1 1 1 0 1 1 1 0 1 0 0 0 0 0 0 0 0 0 0
245	1	1 1 1 1 0 1 1 1 0 1 0 0 0 1 0 1 0 0 1 0
245	1	1 1 1 1 0 0 1 1 0 1 0 0 0 0 0 0 0 0 0 0
245	1	1 1 1 1 0 1 1 1 1 0 0 1 1 0 0 1 0 0 0 0
250	2	1 1 1 1 0 1 1 1 0 1 0 0 0 0 0 1 0 0 0 0
250	1	1 1 1 1 0 1 0 1 0 1 0 0 0 0 0 1 0 0 0 0
250	1	1 1 1 1 1 1 1 1 0 0 0 0 0 0 0 1 0 0 0 0
250	1	1 1 1 1 0 0 1 1 1 1 0 0 0 0 0 1 0 0 0 0
250	1	0 1 1 1 0 1 1 1 0 1 1 0 0 0 0 1 0 1 1 0
250	1	1 1 1 1 0 1 1 1 0 0 0 0 0 0 0 0 0 0 0 0
250	1	1 1 1 1 0 0 1 1 0 1 0 0 0 0 0 0 0 0 0 0
250	1	1 0 1 0 0 1 1 1 0 0 1 0 0 0 0 1 0 0 0 0
250	1	0 1 1 1 0 1 0 1 0 0 0 0 0 0 0 0 0 0 0 0
255	1	1 1 1 1 0 0 1 1 0 1 0 0 0 0 0 1 0 0 0 0
255	1	0 1 1 1 0 1 0 1 0 1 0 0 0 0 0 1 0 0 0 0
255	1	1 1 1 1 1 1 1 1 0 0 0 0 0 0 0 0 0 0 0 0
255	1	1 1 1 1 0 0 1 1 0 1 0 0 0 1 0 1 0 0 0 0
255	1	1 1 1 1 0 1 1 1 1 0 0 1 1 1 0 1 0 0 0 0
255	1	1 1 1 1 0 1 1 1 0 0 0 0 0 0 0 0 0 0 0 0
255	1	1 0 1 1 0 1 0 1 0 0 0 1 0 0 0 1 0 0 0 0
255	1	1 0 1 1 0 1 1 1 0 1 0 0 0 0 0 1 0 0 0 0
255	1	1 1 1 0 0 1 1 1 0 1 0 0 0 0 0 1 1 0 0 0
255	1	1 1 0 1 0 0 1 1 0 1 0 0 0 0 0 1 0 0 0 0
260	1	1 1 1 1 0 1 1 1 0 0 0 1 1 0 0 1 0 0 0 0
260	1	1 1 1 1 0 0 1 1 1 1 0 0 0 0 0 1 0 0 0 0
260	3	1 1 1 1 1 1 1 1 0 1 0 0 0 0 0 1 0 1 0 0
260	1	1 1 1 1 1 1 1 1 1 0 0 1 0 0 0 1 0 0 0 0
260	1	1 1 1 1 0 0 1 1 0 0 1 0 0 0 0 0 0 0 0 0
260	1	0 1 1 1 0 0 1 1 1 1 0 0 0 0 0 1 0 0 0 0
260	1	1 1 1 1 0 1 1 1 1 0 0 1 0 0 0 0 0 1 0 0
260	1	1 1 1 1 1 1 1 1 0 1 0 0 0 0 0 1 0 0 0 0
265	1	1 1 0 1 1 0 1 1 0 0 0 0 0 0 0 0 0 0 0 0
265	1	1 1 1 1 0 1 1 1 0 1 0 0 0 0 0 1 0 1 0 1
265	1	1 1 1 1 0 1 1 1 1 0 0 1 1 1 0 1 0 0 0 0
265	1	1 1 1 1 1 1 1 1 1 1 0 0 0 0 0 1 0 0 0 0
265	1	1 1 1 1 0 1 1 1 0 0 0 0 0 0 0 1 0 0 0 1
265	2	1 1 1 1 0 1 0 1 0 1 0 0 0 0 1 1 1 0 0 0
265	1	1 1 1 1 0 1 0 1 1 0 0 1 0 1 0 1 0 0 0 0
265	1	1 1 1 1 0 1 0 1 1 0 0 1 1 1 0 1 0 1 0 0
265	1	1 1 1 1 0 0 0 1 0 1 0 0 0 0 0 1 0 0 0 1
270	1	0 1 1 1 0 1 1 1 0 0 0 0 0 0 0 0 0 0 0 0
270	1	1 1 1 1 1 1 1 1 0 1 0 0 0 0 0 1 0 1 0 0
270	1	1 1 1 1 0 0 1 1 0 0 0 0 0 1 0 1 0 0 0 0
270	2	1 1 0 1 1 0 1 1 0 0 0 1 1 0 0 1 0 0 0 0
270	1	1 0 1 1 0 1 1 1 0 1 0 0 0 0 0 0 0 0 0 0
270	1	0 1 1 1 0 1 0 1 0 1 0 0 0 0 1 1 1 0 0 0
270	1	1 1 1 1 0 0 0 1 0 1 0 0 0 0 0 1 0 1 0 0
270	1	1 1 1 1 0 1 1 1 0 1 0 0 0 0 0 1 1 0 0 0
270	1	0 1 1 1 0 1 0 1 1 0 0 1 1 1 0 1 0 1 0 0
275	1	1 1 1 1 0 1 1 1 0 1 0 0 0 0 0 1 0 0 0 0
275	1	1 1 1 1 1 1 1 1 1 0 0 1 1 0 0 1 0 0 0 0
275	1	1 1 1 1 0 1 0 1 0 1 0 0 0 0 0 1 0 0 0 0
275	1	1 1 0 1 1 0 1 1 0 0 0 0 0 0 0 0 0 0 0 0
275	1	1 1 1 1 0 0 1 0 0 1 0 1 1 0 0 1 0 0 0 0
275	1	1 1 1 1 0 0 1 1 0 0 0 0 0 0 0 1 1 0 0 0
275	1	1 1 0 1 1 1 1 1 0 0 0 0 0 0 0 1 0 0 0 0
275	1	1 1 1 1 0 1 0 1 1 0 0 1 0 1 0 1 0 0 0 0
275	1	1 1 1 1 0 1 1 0 0 0 0 0 0 0 0 0 0 0 0 0
275	1	1 1 1 1 0 1 0 1 0 1 0 0 0 0 0 1 0 0 0 1
280	1	1 1 1 1 1 1 1 1 1 0 0 1 1 0 0 1 0 0 0 0
280	1	1 1 1 1 1 1 1 1 0 1 0 0 0 0 0 1 0 1 0 0
280	1	1 1 1 1 1 1 1 1 1 1 0 0 0 0 0 1 0 0 0 0
280	2	1 1 1 1 0 1 0 1 0 1 0 0 0 0 1 1 1 0 0 0
280	1	1 1 0 1 1 0 1 1 0 0 0 0 0 0 0 0 0 1 0 0
280	1	0 1 1 1 0 1 1 1 0 0 0 1 1 0 0 1 0 1 0 0
280	1	0 1 1 1 1 1 0 1 0 0 0 0 0 0 0 1 0 0 0 0
280	1	1 0 1 1 0 1 0 1 0 1 0 0 0 0 0 1 0 0 0 1
280	1	1 1 1 1 0 1 0 1 1 0 0 1 1 1 1 1 0 0 0 0
285	1	1 1 1 1 0 1 1 1 0 1 0 0 0 0 0 1 0 0 0 0
285	1	1 1 0 1 1 0 1 1 0 0 0 1 1 0 0 1 0 0 0 0
285	1	1 1 1 1 0 1 0 1 0 1 0 0 0 0 1 1 1 0 0 0
285	1	0 1 1 1 0 1 0 1 0 0 0 0 0 0 0 0 0 0 0 0
285	2	0 0 1 1 1 1 1 1 0 0 0 0 0 0 0 0 0 0 0 0
285	1	1 0 1 1 0 1 0 1 0 1 0 0 0 0 0 1 0 0 0 1
285	1	0 1 1 1 0 1 1 1 0 0 0 1 0 0 0 1 0 1 0 0
285	1	1 1 1 1 1 1 0 1 0 1 0 0 0 0 0 1 0 0 0 0
285	1	0 1 1 1 0 1 1 0 1 1 0 0 0 0 0 1 0 0 0 0
290	1	1 1 1 1 0 1 1 1 0 1 0 0 0 0 0 1 0 0 0 0
290	1	1 1 1 1 0 1 1 1 0 0 0 1 1 0 0 1 0 0 0 0
290	1	1 1 1 1 1 1 1 1 0 1 0 0 0 0 0 1 0 1 0 0
290	1	0 1 1 1 0 1 0 1 0 0 0 0 0 0 0 0 0 0 0 0
290	1	0 0 1 1 1 1 1 1 0 0 0 0 0 0 0 0 0 0 0 0
290	1	0 1 1 1 0 1 1 1 0 1 0 0 0 0 0 1 0 0 0 0
290	1	1 1 1 1 1 0 0 1 0 1 0 0 0 0 0 1 0 1 0 0
290	1	1 1 1 1 1 1 0 1 0 1 0 0 0 0 0 1 0 0 0 0
290	1	1 1 1 0 0 1 1 1 0 1 0 0 0 0 0 0 0 0 0 0
290	1	1 1 0 1 1 1 0 1 0 0 0 0 0 0 0 1 0 1 0 0
295	1	1 0 1 1 0 1 0 1 0 0 0 1 0 0 0 1 0 0 0 0
295	1	1 1 0 1 1 0 1 1 0 0 0 0 0 0 0 0 0 1 0 0
295	1	1 1 1 1 0 1 1 1 0 0 0 0 0 0 0 1 0 0 0 0
295	1	1 1 1 1 0 1 0 1 1 0 1 1 1 1 0 1 0 0 0 0
295	1	1 1 1 1 0 1 1 1 1 0 0 1 1 0 1 1 0 0 0 0
295	2	1 1 1 1 0 0 1 0 0 1 0 1 1 1 0 1 0 0 0 0
295	1	1 0 1 1 0 1 1 1 0 0 0 0 0 0 0 1 1 0 0 0
295	1	1 1 1 1 0 0 1 0 0 1 1 1 1 0 0 1 0 0 0 0
295	1	1 1 0 1 1 1 0 1 0 0 0 1 1 0 0 1 0 0 0 0
300	2	1 0 1 1 0 1 1 1 0 0 0 0 0 0 0 1 0 0 0 0
300	1	1 1 1 1 0 1 1 1 0 0 0 0 0 0 0 1 0 0 0 1
300	2	1 0 1 1 0 1 0 1 0 0 0 1 0 0 0 1 0 0 0 0
300	1	1 1 0 1 1 0 1 1 0 0 0 1 1 0 1 1 0 0 0 0
300	1	0 0 1 1 0 1 1 1 0 0 0 1 1 1 0 1 0 1 0 0
300	1	0 1 1 1 1 1 1 1 0 0 0 0 0 0 0 0 0 0 0 0
300	1	1 1 0 1 1 1 0 1 0 0 0 1 0 0 0 1 0 0 0 0
300	1	1 1 1 1 1 0 1 0 0 1 0 1 1 0 0 1 0 0 0 0
305	1	1 0 1 1 0 1 1 1 0 0 0 0 0 0 0 1 0 0 0 0
305	1	1 1 1 1 0 1 1 1 0 1 0 0 0 0 0 0 0 0 0 0
305	1	1 1 1 1 0 0 1 1 0 1 0 0 0 1 0 1 0 0 0 0
305	2	1 0 1 1 0 1 0 1 0 0 0 1 0 0 0 1 0 0 0 0
305	2	1 1 0 1 1 1 1 1 0 1 0 0 0 0 1 1 1 0 0 0
305	1	0 1 0 1 1 1 0 1 0 1 0 0 0 0 0 1 0 0 0 0
305	1	1 1 1 1 0 0 1 1 0 1 0 0 0 0 0 1 1 0 0 0
305	1	1 1 0 1 0 1 0 1 0 0 0 1 0 0 0 1 0 0 0 0
310	1	1 1 1 1 0 1 1 1 0 1 0 0 0 0 0 1 0 0 0 0
310	4	1 1 1 1 0 1 1 1 0 1 0 0 0 0 0 0 0 0 0 0
310	1	1 1 1 1 0 1 1 1 0 0 0 0 0 0 0 0 0 0 0 0
310	1	1 1 1 1 0 1 0 1 1 0 0 1 1 1 0 1 0 0 0 0
310	1	0 1 1 1 0 1 0 1 0 0 0 0 0 0 0 0 0 0 0 0
310	1	1 0 1 1 0 1 0 1 0 0 0 1 0 0 0 1 0 0 0 0
310	1	1 1 1 1 0 1 0 1 0 1 0 0 0 0 0 1 0 0 0 0
315	1	1 1 1 1 1 1 1 1 1 0 0 1 1 0 0 1 0 0 0 0
315	2	1 1 1 1 0 1 1 1 0 1 0 0 0 0 0 0 0 0 0 0
315	1	1 1 1 1 0 1 0 1 1 0 0 1 1 1 0 1 0 0 0 0
315	1	1 1 1 1 0 1 1 1 0 0 0 0 0 0 0 1 0 0 0 0
315	1	1 1 1 1 0 0 1 1 0 1 0 0 0 0 1 1 1 0 0 0
315	1	1 1 0 1 1 0 0 1 0 0 0 1 0 0 0 1 0 0 0 0
315	1	1 1 1 1 0 0 1 1 0 1 0 0 0 1 0 0 0 0 0 0
315	1	1 1 1 1 0 1 1 1 0 1 0 0 0 1 0 1 0 0 0 0
315	1	1 1 1 1 0 0 1 1 0 1 0 0 0 1 0 1 0 1 0 0
320	2	1 1 1 1 0 1 1 1 0 1 0 0 0 0 0 1 0 0 0 0
320	1	0 1 1 1 0 1 0 1 0 0 0 0 0 0 0 0 0 0 0 0
320	2	1 1 0 1 1 0 1 1 0 0 0 1 1 0 1 1 0 0 0 0
320	1	1 1 1 1 0 0 1 1 0 0 0 1 1 0 0 1 0 0 0 0
320	1	0 1 0 1 1 1 0 1 0 1 0 0 0 0 0 1 0 0 0 0
320	1	0 1 1 1 0 1 0 1 0 0 0 1 1 0 1 1 0 0 0 0
320	1	0 1 1 1 0 0 1 1 0 1 0 0 0 0 0 1 0 1 0 0
320	1	1 1 1 1 0 0 1 1 0 1 0 0 0 0 0 1 1 1 0 0
325	1	1 1 1 1 0 1 1 1 0 1 0 0 0 0 0 1 0 0 0 0
325	1	0 1 1 1 0 1 0 1 0 0 0 0 0 0 0 0 0 0 0 0
325	1	0 1 1 1 1 1 0 1 0 0 0 1 1 1 0 1 0 0 0 0
325	1	0 1 0 1 1 1 0 1 0 1 0 0 0 0 0 1 0 0 0 0
325	1	1 1 1 1 0 0 1 1 0 1 0 0 0 1 0 0 0 0 0 0
325	1	1 1 0 1 1 0 1 1 0 0 1 1 1 0 1 1 0 0 0 0
325	1	0 1 1 1 0 1 0 1 0 0 0 1 1 0 0 1 0 0 0 0
325	1	1 1 1 1 0 1 1 1 0 1 0 0 0 0 0 0 1 0 0 0
325	1	0 1 1 1 0 1 0 1 0 0 0 1 1 0 0 0 0 0 0 0
325	1	0 1 1 1 0 1 1 1 0 1 0 0 0 0 1 0 0 0 0 1
330	1	1 1 1 1 0 1 0 1 1 0 0 1 1 1 0 1 0 0 0 0
330	1	1 1 1 1 0 0 1 1 0 0 0 1 1 0 0 1 0 0 0 0
330	1	1 0 1 1 0 1 0 1 0 0 1 1 0 0 0 1 0 0 0 0
330	1	1 0 0 1 1 0 1 1 0 0 0 1 1 0 1 1 0 0 0 0
330	1	1 1 0 1 0 1 1 1 0 1 0 0 0 0 0 1 0 0 0 0
330	1	1 1 1 1 0 1 1 1 0 1 0 1 1 0 1 1 0 0 0 0
330	1	1 1 1 1 0 1 0 1 0 1 0 0 0 0 0 1 1 0 0 0
330	1	1 1 1 1 0 1 1 1 0 1 0 0 0 0 0 0 1 0 0 0
330	1	0 1 1 1 1 1 1 1 0 0 0 0 0 0 0 0 0 0 0 0
330	1	1 1 1 1 0 1 1 1 0 1 0 0 0 0 1 1 0 0 0 0
335	1	1 1 1 1 0 1 1 1 0 1 0 0 0 0 0 0 0 0 0 0
335	1	1 1 1 1 0 0 1 1 0 1 0 0 0 0 0 0 0 0 0 0
335	1	0 1 1 1 1 1 0 1 0 1 0 0 0 0 0 0 0 0 0 0
335	1	0 1 1 1 1 1 1 1 1 0 0 1 1 0 0 1 0 0 0 0
335	1	1 0 0 1 1 0 1 1 0 1 1 0 0 1 0 1 0 0 0 0
335	1	1 1 0 1 0 1 1 1 0 1 0 0 0 0 0 0 0 0 0 1
335	1	1 1 1 1 0 0 1 1 0 1 0 0 1 0 1 1 0 0 0 0
335	1	0 1 0 1 1 0 1 1 0 0 1 1 1 0 1 1 0 0 0 0
335	1	1 1 1 1 0 1 0 1 0 0 1 1 0 0 0 1 0 0 0 0
335	1	1 1 1 0 1 0 1 1 0 0 1 0 0 0 1 1 1 0 0 0
340	1	0 1 0 1 1 1 0 1 0 1 0 0 0 0 0 1 0 0 0 0
340	2	1 1 1 1 0 1 1 1 1 0 0 1 1 1 0 1 0 0 0 0
340	1	1 1 1 1 0 1 0 1 0 0 0 1 1 1 0 1 0 0 0 0
340	1	1 1 0 1 0 1 1 1 0 1 0 0 0 0 0 0 0 0 0 1
340	1	1 1 1 1 0 1 1 1 0 1 0 0 0 1 0 0 0 0 0 0
340	1	1 1 1 1 0 1 1 0 0 1 0 1 0 0 0 0 0 0 0 0
340	1	1 1 1 1 0 1 1 1 1 1 0 0 0 0 0 1 0 0 0 0
340	1	1 1 1 1 0 0 1 1 0 1 0 0 1 0 1 1 1 0 0 0
340	1	1 1 1 1 0 1 0 1 0 1 0 0 0 0 0 0 0 0 0 0
345	1	1 1 1 1 0 1 1 1 0 1 0 0 0 0 0 0 0 0 0 0
345	2	1 1 0 1 1 0 1 1 0 0 0 1 1 0 1 1 0 0 0 0
345	1	1 1 1 1 0 0 1 1 0 0 0 1 1 0 0 1 0 0 0 0
345	1	1 1 1 1 0 1 0 1 0 1 0 0 0 0 0 1 0 0 0 0
345	1	1 0 1 1 0 0 1 1 0 1 0 0 0 0 0 0 0 0 0 0
345	1	1 1 1 1 0 0 0 1 0 1 0 0 0 0 0 1 0 0 0 0
345	1	1 1 0 1 1 0 1 1 0 0 0 0 0 0 0 0 0 0 0 0
345	1	1 0 1 1 0 1 0 1 0 0 0 1 0 0 0 0 0 0 0 0
345	1	1 1 1 1 1 1 1 1 0 0 0 0 0 0 0 0 0 0 0 0
350	1	1 1 1 1 1 1 1 1 0 0 0 1 1 1 0 1 0 0 0 0
350	1	1 1 0 1 1 0 1 1 0 0 0 1 1 0 1 1 0 0 0 0
350	2	1 1 1 1 0 1 1 1 1 0 0 1 1 1 0 1 0 0 0 0
350	1	1 1 1 1 0 0 1 1 0 1 0 0 0 1 0 1 0 0 1 0
350	1	0 1 0 1 1 0 1 1 0 0 1 1 1 0 1 1 0 0 0 0
350	1	1 0 1 1 0 0 1 1 0 1 0 0 0 1 0 1 0 0 0 0
350	1	0 1 1 1 1 1 0 1 0 1 0 0 0 0 0 1 0 0 0 0
350	2	0 1 0 1 1 0 1 1 0 0 1 1 1 0 1 0 0 0 0 0
355	3	1 1 1 1 0 1 1 1 1 0 0 1 1 1 0 1 0 0 0 0
355	1	1 1 1 1 0 1 1 1 0 1 0 0 0 0 1 1 0 0 0 0
355	1	0 1 0 1 1 0 1 1 0 0 1 1 1 0 1 1 0 0 0 0
355	1	0 1 0 1 1 1 0 1 0 1 0 0 0 1 0 1 0 0 0 0
355	1	1 1 0 1 0 0 0 1 1 0 0 0 0 0 0 1 0 0 0 0
355	1	1 0 0 1 1 0 1 1 0 0 0 0 1 0 0 0 0 0 0 0
355	1	0 1 0 1 1 0 1 1 0 0 1 1 1 0 1 1 0 1 0 0
355	1	1 1 0 1 1 1 1 1 0 1 0 0 0 0 0 1 0 0 0 0
360	1	1 1 1 1 0 1 1 1 0 1 0 0 0 0 0 0 0 0 0 0
360	2	0 1 0 1 1 1 0 1 0 1 0 0 0 0 0 1 0 0 0 0
360	1	1 0 1 1 0 0 1 1 0 1 0 0 0 0 0 0 0 0 0 0
360	1	1 1 0 1 1 1 1 1 0 1 1 0 0 1 0 1 0 0 0 0
360	1	0 1 1 1 1 1 0 1 0 1 0 0 0 0 0 1 0 0 0 0
360	1	0 1 1 1 1 1 1 1 0 0 0 0 0 0 0 0 0 0 0 1
360	1	1 0 0 1 1 0 1 1 0 0 0 0 1 0 0 0 0 0 0 0
360	1	0 1 0 1 1 0 1 1 0 0 1 1 1 0 1 1 1 0 0 0
360	1	1 0 0 1 1 0 1 1 0 0 0 1 1 0 1 0 0 1 0 0
365	1	1 1 1 1 0 1 1 1 0 1 0 0 0 0 0 0 0 0 0 0
365	2	0 1 0 1 1 1 0 1 0 1 0 0 0 0 0 1 0 0 0 0
365	1	0 1 1 1 0 1 1 1 0 1 0 0 0 0 0 0 0 0 0 0
365	1	1 1 1 1 1 0 1 1 0 1 1 0 0 1 0 1 0 0 0 0
365	1	1 1 0 1 1 1 1 1 0 1 1 0 0 0 0 0 1 0 0 0
365	1	1 1 0 1 1 1 0 1 0 1 1 0 1 1 0 1 0 0 0 0
365	1	1 1 1 1 0 0 1 1 1 0 0 1 1 1 0 1 0 0 0 0
365	1	1 1 1 1 1 1 0 1 1 0 0 1 1 0 0 0 1 0 0 0
365	1	0 1 1 1 0 1 0 0 0 1 0 1 0 0 0 0 0 0 0 0
370	1	1 0 0 1 1 0 1 1 0 0 0 1 1 0 1 1 0 0 0 0
370	1	0 1 0 1 1 1 0 1 0 1 0 0 0 0 0 1 0 0 0 0
370	2	0 1 1 1 1 1 0 1 0 1 0 0 0 0 0 1 0 0 0 0
370	1	0 1 0 1 1 1 0 1 0 1 0 0 0 0 0 0 0 0 0 0
370	2	0 1 0 1 1 1 1 1 0 0 0 0 0 0 0 0 0 0 0 0
370	1	1 1 0 1 0 0 0 1 1 0 0 0 0 0 0 1 0 0 0 0
370	1	1 1 0 1 0 0 1 1 0 1 0 0 0 1 0 1 0 0 1 0
370	1	0 1 0 1 1 0 1 1 0 0 0 0 0 0 0 0 0 0 0 0
375	1	0 1 0 1 1 1 0 1 0 1 0 0 0 0 0 1 0 0 0 0
375	1	1 1 1 1 0 1 0 1 0 1 0 0 0 0 0 1 0 0 0 0
375	1	0 1 1 1 0 1 0 1 0 0 0 0 0 0 0 1 0 0 0 0
375	1	1 1 1 1 1 1 1 1 1 0 0 0 1 0 0 1 0 0 0 0
375	1	0 1 0 1 1 1 1 1 0 0 0 0 0 0 0 0 0 0 0 0
375	2	1 1 1 1 0 0 1 1 0 1 0 1 0 0 0 0 0 0 0 0
375	1	1 1 1 1 0 0 1 1 0 0 0 0 1 0 0 0 0 0 0 0
375	1	0 1 1 1 1 1 0 0 0 1 0 0 0 0 0 1 0 0 0 0
375	1	0 1 0 1 1 0 1 1 0 0 0 1 1 0 1 1 0 0 0 0
380	1	1 1 1 1 0 0 1 1 0 1 0 0 0 0 0 0 0 0 0 0
380	1	1 1 1 1 0 1 0 1 0 1 0 0 0 0 0 1 0 0 0 0
380	1	0 1 0 1 1 1 1 1 0 0 0 0 0 0 0 0 0 0 0 0
380	1	1 1 1 1 0 1 0 1 0 0 0 1 1 1 1 1 1 0 0 0
380	1	0 1 0 1 1 1 1 1 0 0 0 0 0 0 0 1 0 0 0 0
380	1	1 1 1 1 0 1 0 1 0 1 0 1 0 0 1 1 0 0 0 0
380	1	0 1 0 1 1 1 1 1 1 0 0 0 0 0 1 1 0 0 0 0
380	1	0 1 0 1 1 1 1 1 0 0 0 1 1 1 0 1 1 0 0 0
380	1	1 1 0 1 0 0 0 1 0 1 0 0 0 0 1 1 0 0 0 0
380	1	1 1 1 1 1 1 1 1 0 0 0 0 0 0 0 0 0 0 0 0
385	1	0 1 0 1 1 1 0 1 0 1 0 0 0 0 0 1 0 0 0 0
385	1	1 1 1 1 0 1 0 1 0 1 0 0 0 0 0 1 0 0 0 0
385	1	0 1 1 1 0 1 1 1 0 1 0 0 0 0 0 0 0 0 0 0
385	1	0 1 1 1 0 1 1 1 0 0 0 1 1 0 1 1 1 0 0 0
385	1	0 1 0 1 1 1 0 1 0 1 0 0 0 0 0 0 0 0 0 0
385	1	1 1 1 1 0 0 1 1 0 0 0 1 1 0 0 0 0 0 0 0
385	1	1 1 1 1 0 1 1 1 0 1 0 0 0 0 0 0 1 0 1 0
385	1	0 1 0 1 1 1 1 1 1 0 0 1 1 1 0 1 0 0 0 0
385	1	1 1 1 1 0 0 0 1 0 1 0 0 0 0 1 0 0 0 0 0
385	1	0 0 1 1 0 0 1 1 0 0 0 1 1 0 1 1 1 0 0 0
390	1	0 1 0 1 1 1 0 1 0 1 0 0 0 0 0 1 0 0 0 0
390	1	0 1 1 1 1 1 1 1 0 0 0 0 0 0 0 0 0 0 0 0
390	1	1 1 1 1 0 1 1 1 0 1 0 0 0 0 0 0 1 0 1 0
390	1	0 1 0 1 1 1 1 1 1 0 0 1 1 1 0 1 0 0 0 0
390	1	1 1 1 1 0 1 1 1 0 1 1 0 0 0 0 0 1 0 0 0
390	1	1 1 1 1 0 0 0 1 1 1 0 0 0 0 1 0 0 0 0 0
390	1	0 1 0 1 0 0 0 1 0 1 0 0 0 0 1 1 0 0 0 1
390	1	1 0 0 1 1 0 1 1 0 1 0 1 1 0 0 0 0 0 1 0
390	1	1 1 1 1 0 0 1 1 0 0 0 1 1 0 0 0 1 0 0 0
390	1	1 1 1 1 0 1 0 1 0 1 0 1 1 0 1 1 0 0 0 0
395	1	1 1 1 1 0 1 1 1 0 1 0 0 0 0 0 0 0 0 0 0
395	1	0 1 0 1 1 1 0 1 0 1 0 0 0 0 0 1 0 0 0 0
395	1	0 1 1 1 0 0 1 1 0 0 0 1 1 0 1 1 1 0 0 0
395	1	0 1 0 1 1 1 0 1 0 1 1 0 1 1 0 1 0 0 0 0
395	1	0 1 0 1 1 1 1 1 0 0 0 0 1 0 0 0 0 0 0 0
395	2	0 1 0 1 1 1 0 1 0 1 0 0 0 0 0 1 0 0 0 1
395	1	0 1 0 1 1 1 0 1 0 1 0 1 1 0 0 0 0 0 0 0
395	1	1 1 1 1 0 1 1 1 0 1 0 0 0 0 0 0 1 0 0 0
395	1	1 1 0 1 1 1 1 1 0 0 0 1 1 1 0 1 0 0 0 0
400	1	1 0 0 0 1 0 1 1 0 1 1 0 0 1 0 1 0 0 0 0
400	2	0 1 0 1 1 0 0 1 0 1 0 0 0 0 0 1 0 0 0 0
400	1	0 1 0 1 1 1 1 1 0 0 0 1 1 1 0 1 0 0 0 0
400	1	1 1 0 1 1 0 1 1 0 0 0 1 1 0 1 0 0 0 0 0
400	1	0 1 0 1 1 1 0 1 0 1 0 0 1 0 0 1 0 0 0 0
400	1	1 1 0 1 1 1 1 1 0 1 1 0 1 1 0 1 0 0 0 0
400	1	1 1 0 1 1 0 1 1 1 0 0 1 1 0 1 0 0 0 0 0
400	1	1 1 0 1 1 1 1 1 0 1 0 0 0 0 0 0 0 0 0 0
400	1	0 1 0 1 0 1 0 1 0 0 0 1 1 1 0 1 0 0 0 0
405	1	1 1 1 1 0 0 1 1 0 1 0 0 0 0 0 0 0 0 0 0
405	1	1 1 1 1 0 0 1 1 1 0 0 1 1 1 0 1 0 0 0 0
405	1	0 1 0 1 1 0 0 1 0 1 0 0 0 0 0 1 0 0 0 0
405	1	1 1 0 1 1 0 1 1 0 0 0 1 1 0 1 0 0 0 0 0
405	1	0 1 0 1 1 1 1 1 1 0 0 1 1 1 0 1 0 0 0 0
405	1	1 1 1 1 0 0 0 1 0 1 0 0 0 0 1 0 0 0 0 0
405	1	1 1 0 1 0 1 1 1 0 0 0 0 0 0 0 1 0 0 0 0
405	2	0 0 1 1 0 1 1 1 0 1 0 0 0 0 0 0 0 0 0 0
405	1	0 1 0 1 1 1 0 1 0 1 0 0 0 0 1 1 0 0 0 0
410	1	1 1 1 1 1 1 1 1 1 0 0 0 1 0 0 1 0 0 0 0
410	1	1 1 1 1 0 0 1 1 1 0 0 1 1 1 0 1 0 0 0 0
410	1	0 1 0 1 1 1 1 1 1 0 0 0 0 0 1 1 0 0 0 0
410	1	0 1 0 1 1 1 1 1 0 0 0 0 1 0 0 0 0 0 0 0
410	1	0 1 0 1 0 0 1 1 0 1 0 0 0 0 0 1 0 0 0 0
410	1	0 1 0 1 0 0 0 1 1 0 0 0 0 0 0 0 1 0 0 0
410	1	1 1 1 1 0 1 1 1 0 0 0 0 0 0 0 0 0 0 0 0
410	1	1 0 0 0 1 0 1 1 0 1 1 0 1 1 0 1 0 0 0 0
410	1	0 0 0 1 1 1 1 1 1 0 0 0 0 0 1 1 0 0 0 0
410	1	1 1 0 1 0 1 1 1 0 1 0 0 0 0 0 0 0 0 0 0
415	1	1 1 1 1 0 0 1 1 0 1 0 0 0 0 0 0 0 0 0 0
415	1	0 1 0 1 1 1 0 1 0 1 0 0 0 0 0 1 0 0 0 0
415	1	0 1 1 1 1 1 0 1 0 1 0 0 0 0 0 1 0 0 0 0
415	1	0 1 0 1 1 0 0 1 0 1 0 0 0 0 0 1 0 0 0 0
415	1	1 1 0 1 0 1 1 1 0 0 0 0 0 0 0 1 0 0 0 0
415	1	0 1 0 1 0 0 0 1 0 1 0 0 0 0 1 1 0 0 0 0
415	1	0 1 0 1 1 1 0 1 0 1 0 0 0 0 1 1 0 0 0 0
415	1	0 1 0 1 0 0 0 1 1 0 0 0 1 0 0 1 0 0 0 0
415	1	0 1 0 1 1 1 1 1 1 1 0 0 0 0 0 0 0 0 0 0
415	1	1 1 1 1 0 0 1 1 0 1 0 0 0 0 0 1 0 0 0 0
420	1	1 1 1 1 0 1 1 1 0 1 0 0 0 0 0 0 0 0 0 0
420	1	1 1 1 1 0 0 1 1 0 1 0 0 0 0 0 0 0 0 0 0
420	1	0 1 1 1 1 1 0 1 0 1 0 0 0 0 0 1 0 0 0 0
420	1	0 1 0 1 1 1 1 1 1 0 0 1 1 1 0 1 0 0 0 0
420	1	0 1 0 1 1 1 1 1 1 0 0 0 0 0 1 1 0 0 0 0
420	1	0 1 0 1 0 1 0 1 0 1 0 0 0 0 0 1 0 0 0 0
420	1	0 1 0 1 1 1 1 1 1 1 0 0 0 0 0 0 1 0 0 0
420	1	0 1 0 1 1 1 1 1 0 0 0 0 1 0 0 1 0 0 0 1
420	1	0 1 0 1 0 0 0 1 1 0 0 0 0 0 0 1 0 0 1 0
420	1	0 1 0 1 1 1 1 1 0 1 0 0 0 0 0 1 0 0 0 0
425	1	1 1 1 1 0 0 1 1 0 1 0 0 0 0 0 0 0 0 0 0
425	1	0 1 1 1 1 1 0 1 0 1 0 0 0 0 0 1 0 0 0 0
425	2	0 1 0 1 1 0 0 1 0 1 0 0 0 0 0 1 0 0 0 0
425	2	1 1 1 1 0 1 1 1 0 0 0 0 0 0 0 0 0 0 0 0
425	1	0 1 0 1 1 1 1 1 1 1 0 0 0 0 0 0 1 0 0 0
425	1	0 0 0 1 0 0 1 1 0 0 0 1 1 0 0 1 0 0 0 0
425	1	0 1 0 1 1 1 1 1 0 0 0 1 1 1 0 1 0 0 0 0
425	1	0 1 1 1 1 1 0 1 0 1 0 0 0 0 0 1 0 0 1 0
430	1	1 1 1 1 0 0 1 1 0 1 0 0 0 0 0 0 0 0 0 0
430	2	0 1 0 1 1 0 0 1 0 1 0 0 0 0 0 1 0 0 0 0
430	1	1 1 0 1 0 1 1 1 0 0 0 0 0 0 0 1 0 0 0 0
430	1	0 1 0 1 1 1 1 1 0 0 0 0 0 0 0 1 0 0 0 0
430	1	0 1 1 1 1 1 1 1 1 0 0 0 0 0 0 0 0 0 0 0
430	1	0 1 1 1 1 1 0 1 0 1 0 0 0 0 1 1 0 0 0 0
430	1	0 1 0 1 1 0 0 0 0 1 0 0 0 0 0 1 0 0 0 0
430	1	0 1 0 1 1 1 1 1 0 1 1 0 1 1 0 1 0 0 0 0
430	1	0 1 0 1 1 1 1 1 0 1 0 0 0 0 0 1 0 0 0 0
435	1	0 1 0 1 1 1 0 1 0 1 0 0 0 0 0 1 0 0 0 0
435	1	0 1 1 1 1 1 0 1 0 1 0 0 0 0 0 1 0 0 0 0
435	1	0 1 0 1 1 1 1 1 1 0 0 1 1 1 0 1 0 0 0 0
435	1	0 1 0 1 1 1 1 1 0 0 0 0 1 0 0 0 0 0 0 0
435	1	1 1 1 1 1 1 1 1 1 0 0 1 1 0 0 1 0 0 0 0
435	2	0 1 0 1 1 1 0 1 0 1 0 0 0 0 1 1 0 0 0 0
435	1	0 1 0 1 1 1 1 1 0 1 0 0 0 0 0 1 0 0 0 0
435	1	0 1 0 1 1 1 1 1 1 0 0 0 0 0 0 1 0 0 0 0
435	1	0 1 0 1 1 1 0 1 0 1 1 0 0 0 0 0 0 0 0 0
440	1	0 1 0 1 1 1 1 1 0 0 0 0 0 0 0 1 0 0 0 0
440	1	0 1 0 1 0 0 1 1 0 1 0 0 0 0 0 1 0 0 0 0
440	1	0 1 0 1 1 1 1 1 1 1 0 0 0 0 0 0 1 0 0 0
440	1	0 1 0 1 0 0 0 1 0 1 0 0 0 0 0 1 0 0 0 0
440	1	0 1 0 1 1 1 0 1 0 0 0 0 0 0 0 0 0 0 0 0
440	1	0 1 0 1 1 1 0 1 0 1 1 0 0 0 0 0 0 0 0 0
440	1	1 1 1 1 0 0 1 1 0 1 0 0 1 0 0 0 0 0 0 0
440	1	0 1 0 1 1 1 1 1 1 0 0 1 1 1 0 1 1 0 0 0
440	1	0 1 0 1 0 0 1 1 0 1 0 0 0 0 0 1 0 1 0 0
440	1	1 0 0 1 0 1 1 1 0 0 0 0 0 0 0 1 1 0 0 0
445	1	1 1 1 1 0 0 1 1 1 0 0 1 1 1 0 1 0 0 0 0
445	3	0 1 0 1 0 0 1 1 0 1 0 0 0 0 0 1 0 0 0 0
445	2	0 1 0 1 0 0 0 1 0 1 0 0 0 0 0 1 0 0 0 0
445	1	0 1 0 1 1 1 1 1 0 0 0 1 1 0 0 0 0 0 0 0
445	1	0 1 0 1 1 0 0 1 0 1 0 0 0 0 0 1 0 0 1 0
445	1	1 0 0 1 0 1 0 1 0 0 0 0 0 0 0 1 0 0 0 0
445	1	1 1 1 1 0 0 1 1 1 0 0 1 1 0 0 1 0 0 0 0
450	1	0 1 0 1 1 0 0 1 0 1 0 0 0 0 0 1 0 0 0 0
450	1	0 1 0 1 1 1 1 1 1 0 0 0 0 0 1 1 0 0 0 0
450	1	0 1 0 1 1 1 1 1 0 0 0 0 0 0 0 1 0 0 0 0
450	4	0 1 0 1 0 0 1 1 0 1 0 0 0 0 0 1 0 0 0 0
450	1	0 0 0 1 0 0 0 1 1 0 0 0 0 0 0 0 1 0 0 0
450	1	0 1 0 1 1 0 0 1 1 0 0 1 1 1 0 1 0 0 0 1
450	1	0 1 0 1 0 0 1 1 0 1 0 1 1 1 0 1 0 0 0 0
455	1	0 1 0 1 1 1 0 1 0 1 0 0 0 0 0 1 0 0 0 0
455	1	0 1 0 1 1 0 0 1 0 1 0 0 0 0 0 1 0 0 0 0
455	2	0 1 0 1 0 0 1 1 0 1 0 0 0 0 0 1 0 0 0 0
455	1	0 1 0 1 1 0 0 1 0 1 0 0 0 1 1 1 0 0 0 0
455	1	0 1 0 1 1 1 1 1 0 0 0 1 1 0 0 0 0 0 0 0
455	1	1 1 0 0 0 1 1 1 0 0 0 0 0 0 0 0 0 0 0 0
455	1	0 1 0 1 1 0 0 1 0 1 0 0 0 0 0 1 0 1 0 0
455	1	0 0 0 1 0 0 1 1 0 1 0 0 0 0 0 1 0 0 0 0
455	1	0 1 0 1 0 1 1 1 1 1 0 0 0 0 0 1 0 0 0 0
460	1	0 1 0 1 1 0 0 1 0 1 0 0 0 0 0 1 0 0 0 0
460	1	0 1 0 1 0 0 1 1 0 1 0 0 0 0 0 1 0 0 0 0
460	1	0 1 0 1 0 0 1 1 1 1 0 0 1 0 0 0 0 0 0 0
460	1	0 1 0 1 0 1 1 1 1 1 0 0 1 0 0 0 0 0 0 0
460	2	0 0 0 1 0 0 1 1 0 0 0 1 0 0 0 0 0 0 0 0
460	1	0 1 0 1 0 1 1 1 1 0 0 0 0 0 0 1 0 0 0 1
460	1	0 1 0 1 0 1 1 1 0 0 0 0 0 0 0 1 0 0 0 0
460	1	0 1 0 1 0 0 0 1 1 1 0 1 0 0 0 1 0 0 0 0
460	1	1 1 0 1 1 0 0 1 0 1 0 0 0 0 0 1 0 0 0 0
465	1	0 1 0 1 1 1 0 1 0 1 0 0 0 0 0 1 0 0 0 0
465	1	0 1 0 1 1 1 1 1 0 0 0 0 0 0 0 1 0 0 0 0
465	1	1 1 1 0 0 1 1 1 0 0 0 0 0 0 0 0 0 0 0 0
465	1	0 1 0 1 1 1 1 1 0 0 0 1 1 0 0 0 0 0 0 0
465	1	0 1 0 1 0 0 0 1 1 0 0 0 0 0 0 0 0 0 0 0
465	1	0 1 0 1 1 0 0 1 0 1 0 0 0 0 0 1 0 1 0 0
465	1	0 1 0 0 1 1 0 1 0 1 1 0 1 0 0 0 0 0 0 0
465	1	1 1 0 1 1 1 1 1 0 0 0 1 1 0 0 1 0 0 0 0
465	1	0 1 0 1 0 1 1 1 0 0 0 1 1 0 0 0 0 0 0 0
465	1	0 1 0 1 0 0 1 1 0 1 0 0 0 0 0 1 0 0 1 0
470	1	0 1 1 1 1 1 0 1 0 1 0 0 0 0 0 1 0 0 0 0
470	1	0 1 0 1 1 1 1 1 0 0 0 0 0 0 0 1 0 0 0 0
470	1	0 1 0 1 1 1 1 1 1 0 1 0 0 0 0 0 0 0 0 0
470	1	0 1 0 1 1 1 1 1 0 0 0 1 1 0 0 0 0 0 0 0
470	1	0 1 0 1 0 1 0 1 0 1 1 0 0 0 0 1 0 0 0 1
470	1	0 1 0 1 1 0 0 0 0 1 1 1 0 1 0 1 0 0 0 0
470	1	0 1 0 1 1 1 1 1 0 0 0 0 1 1 1 0 1 0 0 0
470	1	0 0 0 1 0 0 1 1 0 0 0 1 0 0 0 0 0 0 0 0
470	1	0 1 0 1 1 1 1 1 0 0 0 0 1 0 0 0 0 0 0 1
470	1	0 1 0 1 0 0 1 1 0 1 0 1 0 0 1 1 0 0 0 0
475	1	0 1 0 1 0 0 0 1 0 1 0 0 0 0 1 1 0 0 0 1
475	1	0 1 0 1 1 1 1 1 1 0 1 0 0 0 0 0 0 0 0 0
475	1	0 1 0 1 1 1 1 1 0 0 0 1 1 0 0 0 0 0 0 0
475	1	0 1 0 1 0 0 1 1 0 1 0 0 0 0 0 0 0 0 0 0
475	1	0 1 0 1 1 0 0 0 0 1 1 1 0 1 0 1 0 0 0 0
475	2	0 1 0 1 1 1 0 1 0 0 0 1 1 0 0 0 0 0 0 0
475	1	0 1 0 1 1 0 0 1 0 0 0 0 0 0 0 0 0 0 0 0
475	1	0 1 0 1 1 0 0 0 0 1 1 1 0 1 1 1 0 0 0 0
475	1	0 1 0 1 1 0 1 1 1 1 1 0 1 1 1 1 0 0 1 0
480	1	0 1 0 1 1 0 0 1 0 1 0 0 0 0 0 1 0 0 0 0
480	1	0 1 0 1 0 0 0 1 1 0 0 0 1 1 0 1 0 0 0 0
480	1	0 1 0 1 1 1 1 1 0 0 0 1 1 0 0 0 0 0 0 0
480	1	0 1 0 1 0 0 0 1 1 0 0 0 0 0 0 0 0 0 0 0
480	1	0 1 0 1 0 0 1 1 1 1 0 0 1 0 0 0 0 0 0 0
480	1	0 1 0 1 0 0 0 1 0 1 0 1 0 0 0 1 0 0 0 0
480	1	1 1 0 1 1 1 0 1 0 1 1 0 0 0 0 0 0 0 0 0
480	1	0 1 0 1 1 1 1 1 1 1 1 0 0 0 0 0 0 0 0 0
480	1	0 1 0 1 1 1 1 1 0 0 0 0 1 0 0 1 0 0 1 0
480	1	0 1 0 0 0 0 1 1 0 1 0 1 0 0 0 1 0 0 1 0
485	1	0 1 0 1 1 0 0 1 0 1 0 0 0 0 0 1 0 0 0 0
485	2	0 1 0 1 1 1 1 1 0 0 0 0 0 0 0 1 0 0 0 0
485	1	0 1 0 1 1 1 1 1 0 0 0 1 1 0 0 0 0 0 0 0
485	1	0 1 0 1 0 0 1 1 0 1 0 0 1 0 0 0 0 0 0 0
485	1	0 1 0 1 0 1 1 1 0 1 0 1 0 0 1 1 0 0 0 0
485	1	0 1 0 1 1 1 0 1 0 0 1 1 1 0 0 0 0 0 0 0
485	1	0 1 0 1 0 0 0 1 0 1 0 1 0 0 0 1 0 0 0 0
485	1	0 1 0 1 1 0 0 1 0 0 0 0 0 0 0 1 0 0 0 0
485	1	0 1 0 1 1 1 0 1 0 0 0 0 0 0 0 0 0 0 0 0
490	1	0 1 0 1 1 0 0 1 0 1 0 0 0 0 0 1 0 0 0 0
490	1	0 1 0 1 1 1 1 1 0 0 0 0 0 0 0 1 0 0 0 0
490	1	0 1 0 1 1 1 1 1 0 0 0 1 1 0 0 0 0 0 0 0
490	1	0 1 0 1 0 0 1 1 0 1 0 0 0 0 0 0 0 0 0 0
490	1	0 1 1 1 1 1 1 1 1 0 0 0 0 0 0 1 0 0 0 0
490	1	0 1 0 1 1 1 0 1 0 0 1 1 1 0 0 0 0 0 0 0
490	1	0 1 0 1 0 0 0 1 0 1 0 1 0 0 0 1 0 0 0 0
490	1	0 1 0 1 1 1 1 1 0 0 0 0 1 0 0 1 0 0 1 0
490	1	0 1 0 1 1 0 0 1 0 0 0 1 0 1 0 1 0 0 0 0
490	1	0 1 0 1 1 0 1 1 0 0 0 0 0 0 0 0 0 1 0 0
495	1	0 1 0 1 0 0 0 1 0 1 0 0 0 0 1 1 0 0 0 1
495	1	0 1 0 1 0 0 1 1 0 1 0 0 0 0 0 1 0 0 0 0
495	1	0 1 0 1 1 1 1 1 0 0 0 0 1 0 0 1 0 0 0 0
495	1	0 1 0 1 1 0 0 1 0 0 0 0 0 0 0 0 0 0 0 0
495	1	0 1 0 1 0 0 0 1 0 1 0 1 0 0 0 1 0 0 0 0
495	1	0 1 0 1 1 1 1 1 0 0 0 0 1 0 1 0 0 0 1 0
495	1	0 0 0 1 0 0 1 1 0 1 0 1 1 0 0 1 0 0 0 0
495	1	0 1 0 1 1 1 1 1 0 0 1 1 1 0 0 0 0 0 0 0
495	1	0 1 0 1 1 0 0 1 0 1 0 1 1 0 0 1 0 0 0 0
495	1	0 1 0 1 0 0 0 0 0 1 0 1 1 0 1 1 0 0 0 0
500	1	0 1 0 1 0 0 1 1 0 1 0 0 0 0 0 1 0 0 0 0
500	1	0 1 0 1 0 0 0 1 1 0 0 0 1 1 0 1 0 0 0 0
500	1	0 1 0 1 1 1 1 1 0 0 0 0 1 0 0 1 0 0 0 0
500	1	0 1 0 1 1 1 0 1 0 0 0 0 0 0 0 1 0 0 0 0
500	1	0 1 0 1 1 0 1 1 0 0 0 0 1 0 1 0 0 0 1 0
500	2	0 1 0 1 0 1 1 1 0 1 0 0 1 0 0 1 0 0 0 0
500	1	0 1 0 1 1 1 1 1 0 1 0 0 0 0 0 1 0 0 0 0
500	1	0 1 0 1 1 1 0 1 0 1 0 0 0 1 1 0 0 0 0 0
500	1	0 0 0 1 1 1 0 1 0 0 0 0 0 0 0 1 0 0 0 0
