0	250	1 0 0 1 0 1 0 0 0 0 0 1 0 0 0 0 1 1 0 1
0	250	1 1 1 0 1 0 1 0 1 0 0 1 0 0 0 0 0 1 0 1
0	250	0 0 0 0 1 0 0 0 1 0 0 1 0 0 1 1 0 0 0 0
0	250	0 1 0 0 0 0 1 0 0 1 0 0 1 0 1 0 0 0 0 0
50	31	1 0 0 1 0 1 0 0 0 0 0 1 0 0 0 0 1 1 0 1
50	241	1 1 1 0 1 0 1 0 1 0 0 1 0 0 0 0 0 1 0 1
50	30	0 1 0 0 0 0 1 0 0 1 0 0 1 0 1 0 0 0 0 0
50	25	1 1 1 0 1 0 1 0 1 0 0 1 0 0 0 0 1 1 0 1
50	22	1 1 1 0 1 0 1 0 1 0 0 1 0 0 0 0 0 1 0 0
50	10	1 0 0 1 0 1 0 0 0 0 0 1 0 0 0 0 0 1 0 1
50	40	1 1 1 0 1 0 1 0 1 0 0 1 0 0 0 1 0 1 0 1
50	19	1 1 1 0 1 0 1 0 0 0 1 1 0 0 0 0 0 1 0 0
50	5	0 1 0 1 0 0 1 0 1 1 0 0 1 0 1 0 0 0 0 0
50	27	0 1 1 0 1 0 1 0 1 0 0 1 0 0 0 0 0 1 0 1
50	1	1 0 1 0 1 0 1 0 1 0 0 1 0 0 0 0 0 1 0 1
50	19	1 0 0 1 0 1 0 0 0 1 0 0 1 0 1 0 0 0 0 0
50	52	1 1 0 0 1 0 1 0 1 0 0 1 0 0 0 0 0 1 0 1
50	6	1 0 0 1 0 1 0 0 0 0 0 1 0 1 0 0 1 1 0 1
50	33	1 1 1 0 1 0 1 0 1 0 0 1 0 1 0 0 0 1 0 1
50	10	1 1 1 0 0 0 1 0 0 1 1 0 1 0 1 0 0 0 0 0
50	16	1 1 1 0 1 0 1 0 1 0 0 1 0 0 1 0 0 0 0 0
50	41	1 1 1 0 1 0 1 0 0 1 0 0 1 0 1 0 0 1 0 0
50	26	1 1 0 0 0 0 1 0 1 0 0 1 0 0 0 0 0 1 0 1
50	8	1 1 1 0 0 0 1 0 0 1 1 0 1 0 0 0 0 1 0 1
50	3	1 1 1 0 1 0 0 0 1 0 1 1 0 0 0 0 0 1 0 1
50	7	0 1 0 0 0 0 1 0 0 1 0 0 1 0 1 0 0 1 0 0
50	8	0 1 0 0 0 0 1 0 1 0 0 1 0 0 0 0 0 1 0 0
50	7	1 1 1 0 1 0 1 0 1 0 0 1 0 0 0 0 1 0 0 0
50	4	1 1 0 0 1 0 1 0 1 0 1 1 0 0 0 0 0 1 0 1
50	12	1 1 1 0 1 0 1 1 1 0 0 1 0 0 0 0 0 1 0 1
50	4	0 0 0 0 1 0 0 0 1 0 0 1 0 1 0 0 1 1 0 0
50	7	1 1 1 0 1 0 1 0 1 1 0 1 0 0 0 0 0 1 0 0
50	3	1 1 1 0 1 0 0 0 1 0 0 1 0 0 0 0 1 1 0 1
50	13	1 0 0 1 0 1 0 0 0 0 0 1 0 0 0 1 1 1 0 1
50	6	1 0 0 1 0 1 0 0 0 0 0 1 0 0 1 0 1 1 0 1
50	12	1 1 1 0 1 0 1 0 0 1 1 0 1 0 1 0 0 0 0 0
50	15	1 0 0 1 0 1 0 0 0 1 0 1 0 0 0 0 0 1 0 1
50	1	0 1 1 0 1 0 1 0 0 1 0 0 1 0 1 0 0 0 0 0
50	6	1 1 1 0 1 0 1 0 1 0 0 1 1 0 0 0 0 1 0 1
50	2	0 1 1 0 0 0 1 0 0 1 0 1 1 0 1 0 0 0 0 0
50	6	1 1 1 1 0 1 0 0 0 0 0 1 0 0 0 0 1 1 0 1
50	2	1 0 0 1 0 1 1 0 0 0 0 1 0 0 0 0 1 1 0 1
50	7	1 0 0 0 0 0 1 0 1 0 0 1 0 0 0 0 0 1 0 1
50	8	0 1 1 0 1 0 1 0 1 0 0 1 0 0 0 0 0 1 0 0
50	25	1 1 1 0 1 0 1 0 1 0 1 1 0 0 0 0 0 1 0 1
50	4	1 1 1 0 0 0 1 0 0 0 1 1 0 0 0 0 0 1 0 0
50	1	1 1 1 0 1 0 1 0 0 0 0 0 1 0 1 0 0 1 0 0
50	4	1 1 1 0 1 0 1 0 0 1 0 0 1 1 1 0 0 1 0 0
50	2	1 1 1 0 0 0 1 0 0 1 0 1 0 0 0 0 0 1 0 0
50	9	1 0 0 1 0 1 1 0 0 0 1 1 0 0 0 0 0 1 0 0
50	2	1 1 1 0 1 0 1 0 0 0 1 1 0 0 0 0 0 1 0 1
50	5	1 1 0 0 0 0 1 0 1 0 0 1 0 0 0 0 0 1 0 0
50	11	1 1 1 0 1 0 1 0 1 0 0 1 1 0 0 1 0 1 0 1
50	5	1 1 1 1 1 0 1 0 0 0 0 1 0 0 0 0 0 1 0 0
50	2	0 1 1 0 1 0 1 0 0 0 0 1 1 0 1 0 0 0 0 0
50	4	1 1 1 0 1 0 1 0 0 0 0 1 0 0 0 0 0 1 0 1
50	3	1 1 1 0 1 0 1 0 1 0 0 1 1 0 1 0 1 1 0 1
50	10	0 1 1 0 1 0 1 0 1 0 1 1 0 0 0 0 0 1 0 1
50	2	1 0 0 1 0 1 1 0 0 0 0 1 1 0 1 0 0 0 0 0
50	1	1 1 1 0 1 0 1 0 1 0 0 0 0 0 0 0 0 1 0 1
50	2	0 1 1 0 1 0 1 0 1 0 0 1 0 0 0 1 0 1 0 1
50	5	0 1 1 0 0 0 1 0 1 0 0 1 0 0 0 0 0 1 0 1
50	4	1 1 0 0 1 0 1 0 1 1 0 1 0 0 0 0 0 1 0 1
50	1	1 1 0 0 1 0 1 0 1 0 0 1 0 0 0 0 0 1 1 1
50	6	1 1 1 0 1 0 1 1 1 0 1 1 0 0 0 0 0 1 0 1
50	1	1 1 1 0 0 0 1 0 0 1 0 1 0 0 0 0 0 1 0 1
50	3	1 1 1 1 1 0 1 0 1 0 0 1 0 0 0 0 0 1 0 1
50	4	0 1 0 0 0 0 1 0 0 1 0 0 1 1 1 0 0 0 0 0
50	4	1 1 1 0 1 0 0 0 0 0 0 1 0 0 0 0 1 1 0 1
50	1	1 1 1 0 1 0 1 0 1 0 0 1 0 0 0 0 0 0 0 1
50	2	0 1 0 1 0 0 1 0 0 1 0 0 1 0 1 0 0 0 0 0
50	2	0 1 0 0 0 0 1 0 0 1 1 0 1 0 1 0 0 0 0 0
50	2	1 1 0 0 0 0 1 0 0 0 0 1 0 0 0 0 0 1 0 1
50	9	1 1 1 0 1 0 1 0 0 1 0 0 0 0 1 0 0 1 0 1
50	4	1 0 0 1 1 0 1 0 1 0 0 1 0 0 0 0 0 1 0 1
50	12	0 1 1 0 1 0 1 0 0 1 0 0 1 1 1 0 0 0 0 0
50	1	1 0 0 0 0 0 1 0 1 0 0 1 0 0 0 0 0 1 0 0
50	1	1 1 0 0 1 0 1 0 1 1 0 1 0 1 0 0 0 1 0 1
50	7	1 1 0 0 1 0 0 0 1 0 0 1 0 0 0 0 0 1 1 1
50	3	0 1 0 0 0 0 1 0 0 0 1 0 1 0 1 0 0 0 0 0
50	1	1 1 1 0 1 0 1 0 0 0 1 1 1 0 0 0 0 1 0 0
50	6	0 1 1 0 1 0 0 0 1 0 0 1 0 0 0 0 0 1 0 1
50	1	1 1 1 0 1 0 1 0 0 0 0 1 0 0 0 0 1 0 0 0
50	1	1 1 1 0 0 0 1 0 0 1 0 1 1 0 1 0 0 0 0 0
50	2	0 0 0 0 0 0 1 0 1 0 0 1 0 0 0 0 0 1 0 1
50	1	0 0 0 1 0 1 1 0 0 0 1 1 0 0 0 1 0 1 0 1
50	1	1 1 0 1 0 1 0 0 0 1 0 1 0 0 0 0 0 1 0 1
50	3	1 1 1 0 1 0 1 0 0 0 0 1 0 0 0 1 1 1 0 1
50	4	1 0 0 1 0 1 1 0 1 0 0 1 0 0 0 0 0 1 0 0
50	1	1 1 1 0 1 1 1 0 1 0 0 1 0 1 0 0 0 1 0 1
50	3	1 1 1 0 1 0 1 0 0 0 0 1 0 0 1 0 0 0 0 0
50	1	0 1 0 0 0 0 1 0 1 0 0 1 1 0 0 0 0 1 0 0
50	1	1 1 1 0 1 0 1 0 1 1 0 0 1 0 1 0 0 0 0 0
50	3	1 1 1 0 1 1 0 0 0 0 0 1 0 0 0 0 0 1 0 1
50	1	1 1 1 0 1 0 1 0 0 1 0 0 1 1 1 0 0 0 0 0
50	2	0 1 1 0 1 0 1 0 1 0 1 1 0 0 0 0 0 1 0 0
50	1	1 1 0 0 1 0 1 0 0 0 0 1 0 0 0 0 0 1 0 1
50	2	1 1 0 0 1 0 1 0 1 0 0 1 1 0 0 0 0 1 0 1
50	2	1 1 0 0 0 0 1 0 1 0 1 1 0 0 0 0 0 1 0 1
50	2	1 0 0 0 1 0 0 0 1 0 0 1 0 1 0 0 1 1 0 0
50	1	1 0 0 1 0 1 1 0 0 0 0 1 0 0 1 0 1 1 0 1
50	1	1 1 1 1 0 0 1 0 0 1 0 1 0 0 0 0 0 1 0 0
100	37	1 1 1 0 1 0 1 0 1 0 0 1 0 0 0 0 0 1 0 1
100	11	1 1 1 0 1 0 1 0 1 0 0 1 0 0 0 0 1 1 0 1
100	1	1 1 1 0 1 0 1 0 1 0 0 1 0 0 0 1 0 1 0 1
100	31	1 1 1 0 1 0 1 0 0 0 1 1 0 0 0 0 0 1 0 0
100	37	1 1 0 0 1 0 1 0 1 0 0 1 0 0 0 0 0 1 0 1
100	7	1 0 0 1 0 1 0 0 0 0 0 1 0 1 0 0 1 1 0 1
100	15	1 1 1 0 1 0 1 0 1 0 0 1 0 0 1 0 0 0 0 0
100	69	1 1 1 0 1 0 1 0 0 1 0 0 1 0 1 0 0 1 0 0
100	11	1 1 1 0 1 0 1 1 1 0 0 1 0 0 0 0 0 1 0 1
100	9	1 0 0 1 0 1 0 0 0 1 0 1 0 0 0 0 0 1 0 1
100	8	1 1 1 0 1 0 1 0 1 0 1 1 0 0 0 0 0 1 0 1
100	17	1 1 1 0 1 0 1 0 1 0 0 1 1 0 0 1 0 1 0 1
100	11	0 1 1 0 1 0 1 0 1 0 1 1 0 0 0 0 0 1 0 1
100	7	0 1 1 0 1 0 0 0 1 0 0 1 0 0 0 0 0 1 0 1
100	14	1 1 1 0 0 0 1 1 1 0 1 1 0 0 0 0 0 1 0 1
100	4	1 1 1 0 1 0 1 0 1 0 0 1 0 1 0 0 0 1 1 1
100	11	1 1 1 0 1 0 1 0 1 0 0 1 0 1 0 0 0 1 0 0
100	20	1 1 1 0 1 0 1 0 1 0 0 0 0 0 0 0 0 1 0 1
100	4	1 1 1 0 1 0 0 0 1 0 0 1 0 0 0 0 0 1 0 1
100	9	1 1 1 0 1 0 1 0 0 0 0 1 0 0 0 0 0 1 0 1
100	1	1 1 1 0 1 0 1 0 1 0 0 1 1 0 0 0 0 1 0 0
100	27	1 1 1 0 1 0 1 0 1 1 0 1 0 0 0 1 0 1 0 1
100	30	1 1 1 0 1 0 1 0 0 1 0 0 1 0 1 0 0 0 0 0
100	2	1 1 1 0 0 0 1 0 0 1 0 0 1 0 1 0 0 0 1 0
100	11	1 1 1 0 1 0 1 0 1 0 0 1 0 1 0 0 1 1 0 1
100	50	1 1 1 1 1 0 1 0 0 0 1 1 0 0 0 0 0 1 0 0
100	3	0 1 1 0 1 0 1 0 1 1 0 1 0 0 0 0 0 1 0 0
100	2	1 1 1 0 1 0 1 0 0 1 0 0 1 0 0 0 0 1 0 0
100	6	1 1 1 1 1 0 1 0 1 0 1 1 0 0 0 0 0 1 0 1
100	5	1 1 1 0 1 0 1 0 0 0 1 1 1 0 0 0 0 1 0 0
100	5	1 1 1 0 0 0 1 0 1 0 0 1 0 0 0 0 0 1 0 1
100	5	1 1 1 0 1 0 0 0 0 1 1 1 0 0 0 0 0 1 0 0
100	31	1 1 1 0 1 0 1 1 1 0 0 1 0 1 0 0 0 1 0 0
100	8	1 1 0 0 1 0 1 0 1 0 0 1 0 0 0 1 0 1 0 1
100	2	1 1 1 0 1 0 1 0 0 1 0 0 0 0 1 0 0 1 0 0
100	1	1 1 1 0 1 1 1 0 1 0 0 1 0 0 0 0 1 1 0 1
100	8	0 1 1 0 1 0 1 0 0 0 1 1 0 0 0 0 0 1 0 0
100	12	1 1 1 0 0 0 1 1 1 0 0 1 0 0 0 0 0 1 1 1
100	16	1 1 1 1 1 0 1 0 1 0 0 0 1 0 0 0 0 1 0 0
100	1	1 1 1 0 1 0 1 0 1 1 0 1 0 1 0 0 0 1 0 0
100	11	0 1 0 0 0 0 1 0 0 1 0 0 0 0 1 0 0 0 0 0
100	1	1 1 1 0 1 0 1 1 1 0 0 1 1 0 0 0 0 1 0 1
100	2	1 1 1 0 0 0 1 1 0 1 1 0 1 0 1 1 0 1 0 0
100	9	0 1 1 0 1 0 1 0 1 0 0 0 0 0 0 0 0 1 0 1
100	5	1 1 1 0 1 0 1 1 1 1 1 1 0 0 0 1 0 1 0 1
100	49	1 1 1 0 1 0 1 0 0 1 0 0 1 0 1 0 1 1 0 0
100	28	1 1 0 0 1 0 1 0 1 1 1 1 0 0 0 0 0 1 0 0
100	23	1 1 0 1 1 0 1 0 1 0 0 1 0 0 0 0 0 1 0 1
100	6	1 1 1 1 1 0 1 0 0 0 1 0 0 0 0 0 0 1 0 0
100	1	1 1 1 1 0 1 0 0 1 0 0 1 0 0 0 0 0 1 0 1
100	1	1 1 0 0 1 0 1 0 1 0 0 1 1 1 1 0 0 1 0 0
100	9	1 1 0 0 1 0 1 0 1 0 0 1 0 0 0 0 1 1 0 0
100	4	1 1 1 0 0 0 1 0 1 1 1 0 1 1 1 1 0 1 0 0
100	11	1 1 1 0 1 0 1 0 1 0 0 1 0 0 0 0 1 1 0 0
100	1	1 1 1 0 1 0 1 0 1 0 0 1 0 1 0 0 0 1 0 1
100	8	1 1 1 0 1 0 1 1 0 1 0 0 1 0 1 0 0 0 0 0
100	11	1 1 1 1 1 0 1 1 0 0 1 1 0 0 0 0 0 1 0 0
100	5	1 1 0 0 0 0 1 1 1 0 0 1 0 0 0 0 0 1 0 1
100	1	1 1 1 0 1 0 1 0 0 1 0 1 0 0 0 0 0 1 0 0
100	12	1 0 0 1 0 1 0 0 0 1 0 1 0 0 0 0 0 1 1 1
100	3	1 1 1 0 1 0 1 0 0 0 1 1 0 1 0 0 0 1 0 1
100	5	1 1 1 0 1 0 1 0 1 1 1 1 0 0 0 0 0 1 0 0
100	13	1 1 1 0 1 0 1 0 1 0 0 1 1 0 0 1 0 0 0 0
100	2	0 1 1 0 1 0 1 0 1 0 0 1 0 0 0 0 1 1 0 1
100	1	1 0 1 1 0 1 0 0 0 1 0 1 0 0 0 0 0 1 0 1
100	3	1 0 0 0 1 0 1 1 1 0 0 1 1 0 0 0 0 1 0 1
100	6	1 1 1 0 1 0 1 0 1 0 0 1 0 1 0 0 1 1 0 0
100	13	1 0 1 0 1 0 1 0 1 0 0 1 1 0 0 1 0 1 0 1
100	11	1 1 0 0 1 0 1 0 1 1 0 1 0 0 0 1 0 1 0 1
100	3	1 1 0 0 1 0 1 0 1 0 0 1 0 1 0 0 1 1 0 1
100	10	1 1 1 0 0 0 1 1 0 0 0 1 0 0 0 0 0 1 0 1
100	2	1 1 1 0 1 0 1 0 0 1 0 1 1 0 1 0 0 0 0 0
100	8	1 1 1 0 1 0 1 0 1 1 0 1 0 1 0 0 0 1 0 1
100	5	1 1 1 1 1 0 1 0 0 1 0 0 1 0 1 0 1 1 0 0
100	4	0 1 1 0 1 0 1 0 1 0 0 1 1 1 0 0 1 1 0 1
100	3	1 1 0 0 1 0 1 0 1 0 1 1 0 0 0 0 0 1 0 1
100	5	1 1 1 1 1 0 0 0 1 0 1 1 0 0 0 0 0 1 0 1
100	8	1 1 1 1 0 0 1 1 1 0 1 1 0 0 0 0 1 1 0 1
100	4	1 1 0 1 1 0 1 0 0 0 1 1 0 0 0 0 0 1 0 0
100	14	1 1 1 0 1 0 1 0 0 0 1 1 0 1 0 0 0 1 0 0
100	2	1 1 0 0 1 1 1 0 1 0 0 1 0 0 0 0 0 1 0 1
100	3	1 1 0 0 1 0 1 0 1 0 0 1 0 0 1 0 0 0 0 0
100	4	0 1 1 0 1 0 1 0 1 1 0 1 0 1 0 0 0 1 0 0
100	4	1 1 0 0 1 0 1 1 1 0 1 1 1 0 0 0 0 1 0 1
100	2	0 1 0 1 1 0 1 0 1 0 0 1 0 0 0 0 0 1 0 1
100	3	1 1 1 1 1 0 1 0 0 0 0 1 0 0 0 0 0 1 0 1
100	2	1 1 1 1 0 1 0 0 1 0 0 1 0 0 0 0 0 1 0 0
100	2	1 1 0 0 1 0 1 0 1 0 0 1 1 0 0 1 0 1 0 1
100	2	1 1 1 1 1 0 1 1 1 0 1 1 0 0 0 0 0 1 0 1
100	2	0 1 1 0 1 0 1 0 0 0 0 1 0 0 0 0 0 1 0 1
100	3	1 0 1 1 0 1 0 0 0 0 1 1 0 0 0 0 0 1 0 0
100	9	1 1 1 1 1 0 1 0 1 0 0 1 0 0 0 0 0 1 0 1
100	3	1 1 1 0 1 0 1 0 0 1 0 1 1 0 1 0 0 1 0 0
100	2	1 1 1 0 1 0 0 0 1 0 0 0 0 0 0 0 0 1 0 1
100	3	0 1 1 0 1 0 1 0 1 1 1 1 0 0 0 0 0 0 0 0
100	4	1 1 1 0 1 0 1 0 1 0 0 1 1 1 0 1 0 1 0 1
100	5	1 1 1 0 1 0 1 0 0 0 0 0 0 0 0 0 0 1 0 1
100	1	1 1 1 0 1 0 1 0 0 1 0 0 1 0 1 0 0 0 1 0
100	1	1 1 1 1 1 0 0 0 1 0 0 0 1 0 0 0 0 1 0 0
100	2	1 1 0 0 1 0 1 0 1 1 1 0 0 0 0 0 0 1 0 0
100	3	1 1 0 1 1 0 0 0 1 0 0 1 0 0 0 0 0 1 0 1
100	1	0 1 1 0 1 0 0 0 1 0 0 0 0 0 0 0 0 1 0 0
100	7	1 1 0 0 1 0 1 0 1 1 0 1 0 1 0 1 0 1 0 1
100	1	1 1 1 1 1 0 1 0 0 0 1 1 0 0 0 0 0 1 0 1
100	1	1 1 1 0 1 0 1 0 1 0 1 1 0 0 0 0 0 1 0 0
100	2	1 1 1 0 0 0 1 1 1 0 1 1 0 0 0 0 1 1 0 1
100	2	1 1 1 0 1 0 1 1 1 0 0 1 0 1 0 0 0 0 0 0
100	1	1 1 1 1 1 0 1 0 1 0 0 0 1 0 0 0 1 1 0 0
100	4	1 1 1 0 1 0 1 0 0 0 0 1 0 1 0 0 0 1 0 1
100	1	1 0 1 1 1 0 1 0 0 1 0 0 1 0 1 0 1 1 0 0
100	2	1 1 1 0 1 0 0 1 0 1 0 0 1 0 1 0 0 1 0 0
100	3	1 0 0 1 0 1 0 0 0 0 0 0 1 0 0 0 0 1 0 0
100	2	1 1 0 0 1 0 1 0 1 1 0 0 1 0 1 0 1 1 0 0
100	5	1 1 1 0 1 0 1 0 1 0 0 1 0 1 1 0 0 0 0 0
100	3	1 1 0 0 1 1 1 0 1 0 0 1 0 0 0 0 1 1 0 0
100	3	1 1 1 1 1 0 0 0 0 1 0 1 0 0 0 0 0 1 1 1
100	3	1 1 1 0 1 0 1 0 1 0 0 1 0 0 1 0 0 1 0 1
100	1	1 1 0 0 1 0 1 0 1 0 0 1 0 0 1 0 0 1 0 1
100	4	1 1 1 0 1 0 1 0 1 0 0 1 0 0 1 0 0 1 0 0
100	1	1 1 1 0 1 0 1 0 0 0 0 1 0 0 1 0 0 0 0 0
100	2	1 1 1 0 1 0 1 0 0 1 0 0 1 0 1 1 0 1 0 0
100	1	1 1 1 0 1 0 1 0 1 0 0 0 0 0 1 0 0 1 0 1
100	1	1 1 1 0 1 0 1 0 0 1 0 0 1 1 1 0 0 0 0 0
100	3	1 1 1 0 1 1 1 1 1 0 0 1 0 1 0 0 0 1 0 0
100	1	1 1 1 0 1 1 1 0 0 1 0 0 1 0 1 0 1 1 0 0
100	1	0 1 1 0 0 0 1 0 1 0 0 1 1 1 0 0 1 1 0 1
100	2	1 1 1 0 1 0 1 0 0 0 0 0 0 0 0 0 1 1 0 1
150	12	1 1 1 0 1 0 1 0 0 0 1 1 0 0 0 0 0 1 0 0
150	1	1 1 1 0 1 0 1 1 1 0 0 1 0 0 0 0 0 1 0 1
150	3	1 0 0 1 0 1 0 0 0 1 0 1 0 0 0 0 0 1 0 1
150	9	1 1 1 0 1 0 1 0 1 0 0 1 0 1 0 0 0 1 0 0
150	2	1 1 1 0 1 0 1 0 1 0 0 0 0 0 0 0 0 1 0 1
150	53	1 1 1 1 1 0 1 0 0 0 1 1 0 0 0 0 0 1 0 0
150	50	1 1 1 0 1 0 1 0 0 1 0 0 1 0 0 0 0 1 0 0
150	13	1 1 1 0 1 0 1 1 1 0 0 1 0 1 0 0 0 1 0 0
150	3	0 1 1 0 1 0 1 0 0 0 1 1 0 0 0 0 0 1 0 0
150	7	1 1 1 1 1 0 1 0 1 0 0 0 1 0 0 0 0 1 0 0
150	14	1 1 1 0 1 0 1 0 0 0 1 1 0 1 0 0 0 1 0 0
150	14	1 1 1 1 1 0 1 0 0 0 1 1 0 0 0 0 0 1 0 1
150	71	1 1 0 0 1 0 1 0 1 1 0 1 0 1 0 1 0 1 0 0
150	15	1 1 0 0 0 0 1 1 1 0 0 1 0 0 0 0 0 1 0 0
150	6	1 1 1 0 0 0 1 0 1 0 1 1 0 0 0 0 0 1 0 1
150	59	1 1 1 1 1 0 1 1 1 0 0 0 1 0 0 0 0 1 0 0
150	9	1 1 1 0 1 0 1 0 0 0 1 1 0 0 0 0 0 1 0 1
150	20	1 1 1 1 1 0 1 0 1 0 0 1 0 0 0 0 0 1 0 0
150	3	1 1 1 1 1 0 0 0 0 1 0 0 1 0 1 0 1 1 0 0
150	18	1 1 1 0 1 0 0 0 1 0 0 1 0 0 0 0 0 1 0 0
150	4	1 1 0 0 1 0 1 1 1 0 0 1 0 0 0 0 0 1 0 0
150	51	1 1 1 0 0 0 1 1 1 0 0 1 0 0 0 0 0 1 0 0
150	3	1 1 1 0 0 0 1 0 1 0 1 0 0 0 0 0 0 1 0 1
150	24	1 1 1 0 1 0 1 0 1 0 0 1 0 0 0 0 0 1 0 0
150	10	1 1 0 0 0 0 1 0 0 0 1 1 0 1 0 0 0 1 0 0
150	7	1 1 1 0 0 0 1 0 1 0 1 1 0 0 0 0 0 1 0 0
150	11	1 1 1 1 1 0 1 0 1 0 0 1 0 0 0 0 0 1 0 1
150	1	1 1 1 0 1 0 1 0 1 0 0 1 1 0 1 1 0 0 0 0
150	29	1 1 1 1 1 0 1 0 0 0 1 1 0 1 0 0 0 1 0 0
150	1	1 1 0 0 1 0 1 1 1 0 0 1 0 1 0 0 0 1 0 1
150	10	1 1 1 0 1 0 1 0 1 1 0 1 0 1 0 1 0 1 0 0
150	3	1 1 1 1 1 0 1 1 1 0 0 0 0 0 0 0 0 1 0 0
150	15	1 1 1 0 1 0 1 0 1 1 0 0 0 1 1 0 1 1 0 0
150	24	1 1 1 0 1 0 1 0 1 0 1 0 0 1 1 0 1 1 0 0
150	8	1 1 1 0 1 0 1 1 1 0 0 1 0 1 1 0 0 1 0 0
150	3	1 1 1 0 1 0 1 0 0 1 1 1 0 1 0 0 0 1 0 0
150	1	1 1 0 1 1 0 1 1 1 0 0 0 1 0 0 0 0 1 0 0
150	5	1 1 1 0 1 0 1 0 0 0 1 1 0 0 0 0 1 1 0 1
150	3	1 1 1 0 1 0 1 0 1 1 0 1 0 0 0 0 0 1 0 1
150	2	1 1 0 1 1 0 1 0 0 0 1 1 0 0 0 0 0 1 0 1
150	29	1 0 1 1 1 0 1 1 1 0 0 0 1 0 0 0 0 1 0 0
150	17	1 1 1 0 1 0 1 1 1 0 0 1 0 1 0 1 0 1 0 0
150	23	1 1 1 1 1 0 1 0 0 0 1 1 0 0 0 1 0 1 0 1
150	19	1 1 1 0 1 0 1 0 1 0 0 0 1 0 0 0 0 1 0 0
150	10	1 1 1 0 1 0 1 0 1 0 0 0 0 0 1 0 0 1 0 1
150	7	1 1 1 1 1 0 1 0 1 0 0 0 1 0 0 1 0 1 0 0
150	2	1 1 1 0 1 0 1 0 0 1 1 1 0 1 0 0 1 1 0 0
150	3	1 1 1 1 1 0 1 0 1 0 1 1 0 0 0 0 0 1 0 0
150	2	1 1 1 1 0 0 1 1 0 0 1 1 0 0 0 0 0 1 0 0
150	5	1 1 1 0 1 0 1 0 0 0 1 1 0 1 0 1 0 1 0 0
150	4	1 1 1 1 1 0 1 1 1 0 0 0 1 0 0 1 0 1 0 0
150	10	1 1 1 0 1 0 1 0 0 1 0 0 1 0 0 0 1 1 0 0
150	5	1 1 0 0 0 0 1 0 1 1 0 0 0 1 1 0 0 0 0 0
150	3	0 1 1 0 1 0 1 1 0 0 0 0 1 0 0 0 0 1 0 0
150	3	1 1 1 0 1 0 1 0 0 1 1 0 1 0 0 0 0 1 0 0
150	17	1 1 0 0 0 0 1 1 1 0 0 1 0 0 0 0 0 0 0 0
150	2	1 1 0 0 1 0 1 1 1 0 1 1 0 0 0 0 0 1 0 0
150	8	1 1 0 1 1 0 1 0 1 0 0 1 0 0 0 0 0 1 0 0
150	8	1 1 1 1 1 0 1 1 1 0 1 1 0 0 0 0 0 1 0 0
150	33	1 1 0 0 1 0 1 0 1 1 0 1 0 0 0 1 0 1 0 0
150	2	1 1 1 1 1 0 0 0 0 1 0 0 1 1 1 0 1 1 0 0
150	2	1 0 1 1 1 0 1 1 1 1 0 0 1 0 0 0 0 1 0 0
150	3	1 1 1 0 1 0 1 0 0 0 0 0 0 1 1 0 1 1 0 0
150	7	1 1 1 0 1 0 1 0 0 0 0 0 0 0 0 0 0 1 0 1
150	1	1 1 1 0 1 0 0 0 1 0 0 1 0 1 0 0 0 1 0 1
150	1	1 1 1 0 1 0 0 0 0 1 1 0 0 1 0 0 0 1 0 0
150	1	1 1 0 0 1 0 1 0 1 1 0 1 0 0 1 1 0 1 0 0
150	4	1 1 1 0 1 0 1 0 1 0 1 0 0 0 1 0 1 1 0 0
150	5	1 1 1 0 1 0 1 0 0 1 0 0 1 0 0 0 0 0 0 0
150	3	1 1 1 0 1 0 1 0 1 0 0 0 1 0 0 0 0 1 0 1
150	3	1 1 1 0 1 0 1 0 1 0 0 1 0 0 0 0 0 0 0 0
150	7	1 1 1 0 1 0 0 0 1 0 0 0 1 0 0 0 0 1 0 0
150	5	1 1 1 1 1 0 0 0 0 1 0 0 1 0 0 1 0 1 0 0
150	8	1 1 1 0 1 0 1 1 1 0 0 0 1 0 0 0 0 1 0 0
150	5	1 1 0 0 0 0 1 0 1 1 0 0 0 1 1 0 0 0 1 0
150	1	1 1 1 0 1 0 1 0 0 0 1 0 0 1 1 0 1 1 0 0
150	6	1 1 1 1 1 0 1 1 1 0 0 1 0 1 0 0 0 1 0 0
150	6	1 1 1 0 1 0 1 0 0 0 0 1 0 1 0 0 0 1 0 0
150	1	1 1 1 0 1 0 0 1 1 0 0 1 0 1 0 0 0 1 0 0
150	8	1 1 1 0 1 0 1 0 1 0 0 1 0 0 0 0 0 1 0 1
150	10	1 1 1 1 1 0 1 0 0 0 1 1 0 1 1 0 0 1 0 0
150	1	1 1 1 0 1 0 1 1 1 0 0 1 0 1 0 1 0 1 0 1
150	3	1 1 0 0 1 0 1 0 0 1 0 0 1 0 0 0 0 1 0 0
150	4	1 1 0 0 1 0 1 0 0 0 1 1 0 1 0 0 0 1 0 0
150	4	1 1 1 0 1 0 1 0 1 1 0 1 0 0 0 0 0 1 0 0
150	7	1 1 1 0 1 0 0 0 1 1 0 1 0 1 0 1 0 1 0 0
150	3	1 1 1 0 1 0 1 0 0 1 1 1 0 1 0 0 1 0 0 0
150	2	1 1 0 0 0 1 1 1 1 0 0 1 0 0 0 0 0 1 0 0
150	7	1 1 1 1 1 0 0 0 0 0 1 1 0 1 0 0 0 1 0 0
150	2	1 1 1 0 1 0 1 0 1 0 0 0 1 0 0 0 0 1 1 0
150	2	1 0 1 1 1 0 1 1 1 0 1 1 0 0 0 0 0 1 0 0
150	1	1 1 1 0 1 0 1 0 1 1 0 1 0 0 0 1 0 1 0 0
150	2	1 1 1 1 1 0 1 0 0 1 0 1 1 0 0 0 0 1 0 0
150	2	1 1 1 0 0 0 1 1 1 0 0 1 1 0 0 0 0 1 0 0
150	3	1 1 0 0 0 0 1 1 1 0 0 0 0 0 1 0 0 1 0 1
150	1	1 1 1 1 1 0 1 0 1 0 0 1 0 0 0 0 0 0 0 1
150	1	1 1 1 0 1 1 1 0 0 1 1 0 1 0 0 0 0 1 0 0
150	4	1 1 0 0 0 0 1 1 1 0 0 1 0 0 0 0 0 0 1 0
150	4	1 1 1 0 0 0 1 1 1 0 0 1 0 1 0 0 0 1 0 0
150	3	1 0 1 1 1 0 1 1 1 0 0 0 0 0 0 0 0 1 0 1
150	2	1 1 0 0 1 0 1 0 1 1 0 1 0 0 0 0 0 1 0 1
150	2	1 1 1 0 1 0 1 1 1 1 0 0 0 0 0 0 0 1 0 0
150	2	1 1 1 0 1 0 0 0 1 1 0 0 0 1 1 0 1 1 0 0
150	5	1 1 1 1 1 0 1 0 1 0 1 0 0 0 0 0 0 1 0 1
150	2	1 1 1 0 1 0 1 0 0 0 0 1 0 0 0 0 0 1 0 0
150	1	1 1 1 0 0 0 1 0 0 1 0 0 1 0 0 0 0 1 0 0
150	2	1 1 1 0 1 0 1 0 0 0 1 1 0 1 0 0 0 1 0 1
150	2	1 1 0 0 1 0 1 0 0 1 0 1 0 1 0 1 0 1 0 0
150	1	1 1 1 1 1 0 1 0 1 0 0 1 1 0 0 0 0 1 0 0
150	1	1 1 1 1 0 0 1 1 1 0 0 1 0 0 0 0 0 1 0 0
150	1	1 1 1 1 1 0 1 0 0 0 1 1 0 0 0 0 0 1 1 0
150	1	1 1 1 0 1 0 1 0 1 0 1 0 0 0 0 0 0 1 0 0
150	2	1 1 0 0 1 0 1 0 1 0 0 1 0 0 0 0 0 1 0 0
150	2	1 0 1 0 0 0 1 1 1 0 0 1 0 0 0 0 0 1 0 0
150	1	1 1 0 0 0 0 1 0 1 1 0 1 0 0 0 0 0 1 0 0
150	2	1 1 0 0 1 0 1 0 0 0 0 1 1 0 0 0 0 1 0 1
150	1	1 1 1 0 1 0 1 1 0 0 0 1 0 1 0 0 0 1 0 0
150	1	1 1 1 1 1 0 1 0 0 0 1 0 0 0 0 0 0 1 0 0
150	1	1 1 1 1 1 0 1 0 0 1 1 1 0 0 0 0 0 1 0 0
150	1	1 1 1 0 1 0 1 1 0 1 0 0 1 0 0 0 0 1 0 0
150	2	1 1 1 0 1 1 1 0 0 1 0 0 1 0 0 0 0 1 0 0
150	2	1 1 1 0 0 0 1 1 1 0 0 1 0 0 0 0 1 1 0 0
150	1	1 0 1 0 1 0 1 0 1 0 0 1 0 0 0 0 0 1 0 0
150	4	1 1 0 0 0 0 1 0 0 0 1 1 0 1 0 0 0 1 1 0
150	1	0 1 1 1 1 0 1 0 0 0 1 1 0 1 1 0 0 1 0 0
150	3	1 1 1 1 1 0 1 0 0 0 1 1 0 0 1 0 0 1 0 0
150	1	1 1 1 0 1 0 1 0 0 1 1 1 0 0 0 0 1 0 0 0
150	1	1 1 1 0 1 0 1 0 0 1 1 1 0 1 0 0 1 0 1 0
200	21	1 1 1 0 1 0 1 0 1 0 0 1 0 1 0 0 0 1 0 0
200	62	1 1 1 1 1 0 1 0 0 0 1 1 0 0 0 0 0 1 0 0
200	12	1 1 1 1 1 0 1 0 0 0 1 1 0 0 0 0 0 1 0 1
200	3	1 1 0 0 1 0 1 0 1 1 0 1 0 1 0 1 0 1 0 0
200	11	1 1 1 1 1 0 1 0 1 0 0 1 0 0 0 0 0 1 0 0
200	97	1 1 1 0 0 0 1 1 1 0 0 1 0 0 0 0 0 1 0 0
200	7	1 1 1 1 1 0 1 0 0 0 1 1 0 1 0 0 0 1 0 0
200	5	1 1 1 0 1 0 1 0 1 1 0 1 0 1 0 1 0 1 0 0
200	19	1 1 1 0 1 0 1 1 1 0 0 1 0 1 0 1 0 1 0 0
200	10	1 1 1 1 1 0 1 1 1 0 0 0 1 0 0 1 0 1 0 0
200	26	1 1 1 1 1 0 1 0 0 0 1 1 0 1 1 0 0 1 0 0
200	3	1 1 1 0 1 0 0 0 1 1 0 1 0 1 0 1 0 1 0 0
200	7	1 1 1 0 1 0 1 0 0 0 1 1 0 1 0 0 0 1 0 1
200	7	1 1 1 1 1 0 1 0 0 0 1 0 0 0 0 0 0 1 0 0
200	1	1 1 1 1 1 0 1 0 0 0 1 1 0 0 0 0 0 0 0 1
200	2	1 1 1 0 0 0 1 0 1 1 0 0 0 1 1 0 1 1 0 0
200	13	1 1 1 1 1 0 1 1 1 0 1 1 0 0 0 1 0 1 0 0
200	11	1 1 1 0 1 0 1 1 1 0 0 1 0 0 0 0 0 1 0 0
200	3	1 1 1 0 1 0 1 0 1 0 1 0 0 0 0 0 0 1 0 0
200	9	1 1 1 0 0 0 1 1 1 0 0 1 0 1 0 0 0 1 0 0
200	45	1 1 1 1 1 0 1 0 1 0 0 0 1 0 0 0 0 1 0 0
200	5	1 1 1 1 1 0 1 0 0 0 1 1 0 1 0 1 0 1 0 0
200	24	1 1 1 1 1 1 1 1 1 0 1 1 0 0 0 1 0 1 0 0
200	7	1 1 1 1 0 0 1 0 1 1 0 1 0 1 0 1 0 1 0 0
200	17	1 1 1 1 1 0 1 0 0 0 1 0 0 0 0 0 1 1 0 0
200	7	1 1 1 1 1 0 1 0 0 0 1 1 0 0 0 1 0 1 0 0
200	8	1 1 1 1 1 0 1 0 1 0 0 1 1 0 0 0 0 1 0 0
200	2	1 1 1 1 0 0 1 0 1 0 0 1 0 0 0 0 0 1 0 0
200	18	1 0 1 1 1 0 1 1 1 0 0 0 0 0 0 0 0 1 0 0
200	3	1 1 1 1 1 0 1 1 0 0 1 1 0 1 1 0 0 1 0 0
200	9	1 0 1 1 1 0 0 1 0 0 1 1 0 1 0 0 0 1 0 0
200	12	1 1 0 0 1 0 1 1 1 1 0 1 0 1 0 0 0 1 0 0
200	26	1 1 1 1 1 0 1 0 1 1 0 1 0 0 0 0 0 1 0 0
200	18	1 1 1 0 1 0 1 0 1 0 0 1 0 1 0 1 0 1 0 0
200	5	1 1 1 1 1 0 1 0 1 1 0 1 0 1 0 1 0 1 0 0
200	4	1 1 1 1 1 0 1 0 0 0 1 1 0 1 1 0 0 1 1 0
200	4	1 1 1 1 1 0 1 0 0 0 1 1 0 0 0 0 0 1 1 0
200	12	1 1 1 1 1 0 1 0 1 0 1 1 0 0 1 0 0 1 0 0
200	8	1 1 1 0 1 1 1 1 1 0 0 1 0 0 0 0 0 1 0 0
200	2	1 1 0 0 1 0 1 0 1 1 1 1 0 0 0 0 0 1 0 1
200	2	1 1 1 1 1 0 1 0 0 0 0 1 0 1 0 1 0 1 0 0
200	3	1 1 1 1 0 0 1 1 1 0 0 1 0 0 0 0 0 1 0 0
200	10	1 1 1 1 1 0 1 0 0 0 1 1 0 0 0 1 0 1 1 0
200	3	1 1 0 0 1 0 1 1 1 1 0 0 0 1 0 0 0 1 0 0
200	6	1 1 1 0 1 0 0 0 1 1 0 0 0 0 0 0 0 1 0 0
200	49	1 1 1 1 1 1 1 1 0 0 1 1 0 0 0 1 0 1 0 0
200	11	1 1 1 0 1 0 1 0 1 0 0 1 0 0 1 0 0 1 0 1
200	11	1 1 1 1 1 0 1 1 1 0 1 1 1 0 1 0 0 1 0 0
200	16	1 1 1 1 1 0 1 0 0 0 1 1 0 1 0 1 0 1 0 1
200	8	1 1 1 1 1 0 1 0 1 0 0 1 0 0 0 1 0 1 0 0
200	4	1 0 1 0 1 0 1 1 1 0 0 0 1 0 0 0 0 1 0 0
200	36	1 1 1 0 1 0 1 0 1 1 1 1 0 1 0 1 1 1 0 0
200	9	1 1 1 1 0 0 1 0 1 0 0 0 0 0 0 0 0 1 0 0
200	6	1 1 1 0 0 0 1 1 1 0 0 1 0 0 0 1 0 1 0 0
200	8	1 1 0 1 1 0 1 0 1 1 0 1 0 0 0 0 0 1 0 0
200	14	1 1 1 0 0 0 1 0 1 1 0 0 0 1 0 0 0 1 0 0
200	9	1 1 1 1 1 0 1 0 0 1 1 1 0 0 0 0 0 1 0 0
200	10	1 1 1 0 1 0 1 0 1 0 0 1 1 1 0 1 0 1 0 0
200	6	1 1 0 0 0 0 1 0 0 0 0 1 0 1 0 1 0 1 0 0
200	1	1 1 1 0 1 0 1 1 1 0 0 1 0 1 0 1 0 0 0 0
200	6	1 1 1 1 1 0 1 0 0 0 1 1 0 0 0 0 0 0 1 1
200	3	0 1 1 0 0 0 1 1 1 0 0 1 0 1 0 0 0 1 0 0
200	8	1 1 1 0 0 0 1 0 1 1 0 0 1 1 1 0 0 1 0 1
200	1	1 1 0 0 1 0 1 1 1 0 0 1 0 1 0 1 0 1 0 0
200	5	1 1 1 1 1 0 1 0 1 0 1 1 0 0 0 1 0 1 0 0
200	7	1 1 1 1 1 0 1 1 1 1 1 1 0 0 0 1 0 1 0 0
200	4	1 1 1 0 1 0 1 1 1 0 0 1 1 0 0 0 0 1 0 0
200	5	1 1 1 1 1 1 1 1 1 1 1 1 0 0 0 1 0 1 0 0
200	4	1 1 1 1 1 0 1 0 1 1 0 1 0 0 0 0 0 1 0 1
200	7	1 1 1 1 1 1 1 1 0 0 1 1 0 0 0 1 0 1 1 0
200	3	1 1 1 0 1 0 1 0 1 1 1 1 0 1 0 0 0 1 0 0
200	1	1 1 1 1 1 0 1 0 0 0 1 1 0 0 0 0 1 1 0 0
200	11	1 1 1 1 1 0 1 0 0 1 0 1 0 1 0 1 0 1 0 0
200	2	1 1 1 1 1 0 1 1 1 0 0 0 0 0 0 0 0 1 0 0
200	9	1 1 1 0 0 0 1 1 0 0 1 1 0 0 0 1 0 1 1 0
200	3	1 1 1 0 0 0 1 0 1 1 0 0 0 0 0 0 0 1 0 0
200	3	1 1 0 0 1 0 0 0 1 0 0 1 0 0 0 0 0 1 0 0
200	1	1 1 1 0 1 0 1 0 1 0 0 1 0 0 0 0 0 1 0 0
200	4	1 1 1 0 0 0 1 1 1 0 0 1 0 0 1 0 0 1 0 0
200	3	0 1 1 0 1 0 1 0 1 1 0 1 0 1 0 1 0 1 0 0
200	3	1 1 1 1 1 1 1 0 1 0 0 1 1 0 0 0 0 1 0 0
200	3	1 1 1 0 0 0 1 0 0 1 1 0 1 0 1 0 1 1 0 0
200	3	1 1 0 0 1 0 1 1 1 0 0 1 0 1 0 0 0 1 0 0
200	2	1 1 1 0 1 0 1 0 1 1 0 1 0 1 0 1 1 1 0 0
200	7	1 1 0 0 0 0 1 0 0 0 0 1 1 1 0 1 0 1 0 0
200	5	1 1 1 1 0 0 1 1 0 0 0 1 0 1 0 0 0 1 0 0
200	6	1 1 1 0 0 0 1 1 1 1 0 1 0 0 0 0 0 1 0 1
200	5	1 0 1 1 1 0 0 1 0 0 1 1 0 0 0 0 0 1 0 0
200	1	1 1 1 1 1 0 1 0 0 0 1 1 0 1 1 1 0 1 0 0
200	1	1 1 1 1 1 0 1 0 0 0 0 0 1 0 0 0 0 1 0 0
200	2	1 1 1 1 1 1 1 0 1 0 1 1 0 0 0 1 0 1 0 0
200	5	1 1 1 1 1 0 1 0 1 1 0 1 0 0 0 0 0 1 1 0
200	1	1 1 1 0 0 0 1 0 1 0 0 1 0 0 1 0 0 1 0 1
200	4	1 1 1 1 1 0 1 0 1 0 0 0 1 0 0 1 0 1 0 0
200	1	1 0 1 1 1 0 1 0 1 1 0 1 0 1 0 1 0 1 0 0
200	3	1 1 0 1 1 0 1 0 0 1 0 1 0 1 0 1 0 1 0 0
200	1	1 1 0 0 1 1 0 0 0 0 0 0 1 0 0 0 0 0 0 1
200	2	1 1 1 1 1 0 1 0 0 1 1 1 0 0 0 1 0 1 0 0
200	1	1 1 1 1 1 1 1 1 0 0 1 1 0 0 0 1 1 1 0 0
200	4	1 0 1 0 1 0 0 0 1 1 0 1 0 1 0 1 0 1 0 0
200	3	1 1 0 0 0 0 1 0 1 1 1 0 0 0 0 0 0 1 0 1
200	1	1 1 1 0 0 0 1 0 1 0 1 1 0 0 0 1 0 1 0 0
200	5	1 1 1 1 1 0 1 1 1 0 0 1 0 1 0 1 0 1 0 0
200	4	1 1 1 1 1 1 1 1 1 0 1 1 0 1 0 1 0 1 0 0
200	6	0 1 1 1 1 0 1 1 1 0 0 1 0 1 0 1 0 0 0 0
200	3	1 1 1 0 1 1 1 0 1 1 0 0 1 1 1 0 0 1 0 1
200	3	1 1 1 1 1 1 1 0 1 0 0 1 0 1 0 1 0 1 0 0
200	1	1 1 1 0 1 0 1 0 1 1 0 1 0 1 0 1 0 1 0 1
200	3	1 1 1 1 1 1 1 1 1 0 1 1 0 0 0 1 1 1 0 0
200	7	1 1 1 1 1 0 1 0 1 0 0 1 0 0 1 1 0 1 0 0
200	1	1 1 0 1 1 1 1 0 0 0 1 1 0 0 0 0 0 1 0 0
200	4	1 1 1 0 0 0 1 0 0 0 0 1 1 1 0 1 0 1 0 0
200	2	1 1 1 1 1 0 1 1 1 0 0 1 0 0 0 0 0 1 0 0
200	2	1 1 1 1 1 0 1 0 0 0 1 0 1 0 0 0 0 1 0 0
200	1	1 1 1 1 1 0 1 1 0 0 1 1 0 1 0 1 0 1 1 0
200	4	0 1 1 0 0 0 1 1 1 0 0 0 1 0 0 0 0 1 0 0
200	1	1 1 1 1 1 1 1 1 1 0 1 1 1 0 0 1 0 1 0 0
200	1	1 1 1 1 1 1 1 1 1 0 1 1 0 0 1 1 0 1 0 0
200	2	1 1 1 1 1 0 1 0 1 1 0 1 1 0 0 0 0 1 0 0
200	2	1 1 1 1 0 0 1 0 1 0 0 1 1 0 0 0 0 1 0 0
200	1	1 1 1 1 1 0 1 1 0 0 1 1 0 1 0 0 0 1 0 0
200	2	1 1 1 1 1 1 1 1 0 0 1 1 1 0 0 1 0 1 0 0
200	1	1 1 1 1 1 1 1 0 1 1 0 1 0 0 0 0 0 1 0 1
200	1	0 1 1 1 1 1 1 1 0 0 1 1 0 0 0 1 0 1 1 0
200	2	1 1 0 1 1 0 1 0 0 1 0 1 0 1 0 1 0 0 0 0
250	32	1 1 1 1 1 0 1 0 0 0 1 1 0 0 0 0 0 1 0 0
250	67	1 1 1 1 1 0 1 0 0 0 1 1 0 1 0 0 0 1 0 0
250	30	1 1 1 0 0 0 1 1 1 0 0 1 0 1 0 0 0 1 0 0
250	19	1 1 1 0 1 0 1 0 1 0 0 1 1 1 0 1 0 1 0 0
250	25	1 1 1 1 1 0 1 0 1 0 1 1 0 0 0 1 0 1 0 0
250	6	1 1 1 1 1 0 1 0 1 0 0 0 1 0 0 1 0 1 0 0
250	35	1 1 1 1 1 0 1 0 1 0 0 1 0 0 1 1 0 1 0 0
250	7	1 1 1 1 1 0 1 0 0 1 1 1 0 1 0 0 0 1 0 0
250	3	1 1 1 0 1 0 1 0 1 1 1 1 0 1 0 1 0 1 0 0
250	14	1 1 0 0 1 0 0 0 1 1 1 1 0 0 0 1 0 0 0 0
250	27	1 1 1 1 1 1 1 1 0 0 1 1 0 0 0 0 0 1 0 0
250	3	1 1 1 0 0 1 1 1 1 0 0 1 1 0 0 0 0 1 0 0
250	4	1 1 1 0 0 1 1 1 1 0 0 1 0 1 0 0 0 1 0 0
250	24	1 1 1 1 0 0 1 0 1 0 0 0 1 0 0 0 0 1 0 0
250	6	1 1 1 1 1 0 1 0 0 0 0 1 0 1 0 0 0 1 0 0
250	41	1 1 1 1 0 0 1 0 1 0 0 1 1 1 0 1 0 1 0 0
250	16	1 1 1 1 1 0 0 0 1 1 0 0 0 0 0 0 0 1 0 0
250	53	1 1 0 1 1 0 1 0 0 0 1 1 0 1 1 0 0 1 0 0
250	4	1 1 1 1 1 1 1 1 0 0 1 1 0 0 1 1 0 1 0 0
250	3	1 1 1 1 1 0 1 0 0 0 1 0 1 0 0 1 0 1 0 0
250	7	1 1 1 0 0 0 1 1 1 0 1 1 0 1 0 0 0 1 0 0
250	9	1 1 1 1 1 0 1 0 1 0 0 0 1 0 0 0 0 1 0 1
250	18	1 1 0 1 1 1 1 1 0 0 1 1 0 0 0 0 0 1 0 0
250	31	1 1 1 1 1 0 1 0 0 0 1 1 0 1 0 1 0 1 0 0
250	9	0 1 1 1 1 0 1 0 0 0 1 1 0 1 0 0 0 1 0 0
250	1	1 1 1 1 1 0 1 0 0 0 1 1 0 1 1 1 0 1 0 0
250	37	1 1 1 1 1 0 1 0 0 0 1 1 0 0 0 1 0 0 0 0
250	21	1 1 1 1 1 0 1 0 1 0 0 1 0 0 0 1 0 1 0 0
250	3	1 1 1 1 1 0 1 1 1 0 0 1 0 1 0 1 0 0 0 0
250	7	1 1 1 1 1 1 1 1 0 0 1 1 0 1 0 1 0 1 0 0
250	6	1 1 1 1 0 0 1 1 1 0 0 0 0 0 0 0 0 1 0 0
250	1	1 0 1 1 1 0 1 0 0 0 1 1 0 1 1 0 0 1 0 0
250	1	1 1 1 1 1 0 0 0 1 1 0 0 0 1 0 0 0 1 0 0
250	3	1 1 1 1 1 0 1 0 0 0 0 1 0 1 0 1 0 1 0 0
250	13	1 1 1 1 0 0 1 0 1 0 0 0 1 0 0 1 0 1 0 0
250	3	1 0 1 1 0 0 1 0 1 0 0 0 1 0 0 0 0 1 0 0
250	6	1 1 1 0 0 0 1 1 1 0 1 1 0 1 0 1 0 1 0 0
250	2	1 1 1 0 0 0 1 1 1 0 0 0 1 0 0 0 0 1 0 0
250	25	1 1 1 1 1 1 1 1 0 0 1 0 0 0 0 0 0 1 0 0
250	11	1 1 1 1 1 0 0 0 1 0 0 0 0 0 0 0 0 1 0 0
250	9	1 1 1 1 1 0 1 0 1 0 0 1 1 1 0 1 0 1 0 0
250	3	1 1 0 1 1 0 1 0 0 0 0 1 1 1 0 1 0 1 0 0
250	13	1 1 1 1 1 0 1 1 0 0 1 1 0 0 0 0 0 1 0 0
250	2	1 1 1 1 0 0 1 0 0 0 0 1 1 0 0 0 0 1 0 0
250	9	1 1 1 0 0 0 1 0 0 0 0 1 1 1 0 1 0 1 0 0
250	8	1 0 1 1 1 0 1 1 1 0 1 1 0 1 1 0 0 1 0 0
250	5	1 1 1 1 0 0 1 0 1 0 1 1 0 0 0 0 0 1 0 0
250	2	1 1 0 1 1 1 1 1 0 0 1 1 0 0 0 1 0 1 0 0
250	4	1 1 0 1 1 0 1 0 0 0 1 1 1 1 1 0 0 1 0 0
250	13	1 1 1 1 0 0 1 0 1 1 0 0 1 0 0 0 0 1 0 0
250	5	1 1 1 1 1 1 1 1 0 0 1 1 0 1 0 0 0 1 0 0
250	11	1 1 1 1 1 0 1 0 0 0 0 1 0 1 0 0 0 1 0 1
250	2	1 1 0 0 1 0 1 0 0 0 1 1 0 1 1 0 0 1 0 0
250	3	1 1 1 1 1 0 1 1 1 0 0 0 0 0 0 0 0 1 0 0
250	1	1 1 0 0 0 0 1 0 0 0 1 1 0 1 0 1 0 1 0 0
250	5	1 1 1 1 0 0 1 0 1 0 0 0 1 0 0 0 1 1 0 0
250	2	1 1 0 1 1 0 1 0 0 0 1 1 0 1 1 1 0 1 0 0
250	12	1 1 1 1 1 0 1 0 1 0 0 0 1 0 0 0 0 0 0 0
250	4	1 1 1 1 0 0 0 1 1 0 0 0 1 0 0 1 0 1 0 0
250	4	1 1 0 1 1 0 0 1 0 0 1 1 1 1 0 0 0 1 0 0
250	6	1 1 1 1 1 0 1 1 0 0 1 1 0 1 0 0 0 1 0 0
250	5	1 1 1 1 1 0 1 1 1 0 0 0 1 0 0 1 0 1 0 0
250	5	1 1 1 1 1 0 1 0 0 0 1 1 0 0 0 0 0 1 1 0
250	2	1 1 1 0 0 0 1 1 1 0 0 0 0 0 0 0 0 1 0 0
250	2	1 1 1 1 1 0 1 0 1 0 0 1 0 0 1 0 0 1 0 0
250	3	1 1 0 1 1 0 1 0 0 0 1 1 0 0 0 0 0 1 0 0
250	3	1 1 0 1 1 0 1 0 0 0 1 1 0 1 1 0 0 0 0 0
250	5	1 0 1 1 0 0 1 0 1 0 0 0 1 0 0 0 1 1 0 0
250	13	1 1 1 1 1 1 0 1 0 0 1 0 0 0 0 0 0 1 0 0
250	4	1 1 1 1 1 0 0 0 1 0 0 0 1 0 0 0 0 0 0 0
250	3	1 1 1 1 1 0 1 0 0 0 1 1 1 1 1 1 0 1 0 0
250	2	1 1 1 1 0 0 0 0 0 0 0 1 1 0 0 0 0 1 0 0
250	6	0 1 1 1 0 0 1 0 1 1 0 1 1 1 0 1 0 1 0 0
250	1	1 1 0 1 1 0 1 0 0 0 0 1 0 1 0 0 0 1 0 1
250	2	1 1 0 1 1 0 1 0 0 0 1 1 0 1 1 0 0 1 0 1
250	5	1 1 1 1 1 0 1 0 0 1 1 1 0 1 0 1 0 1 0 0
250	8	1 1 1 0 0 0 1 1 1 0 1 1 0 1 0 1 0 1 1 0
250	7	1 1 1 0 0 0 0 1 1 0 0 0 1 0 1 1 0 0 0 0
250	2	1 1 0 1 1 0 1 0 0 0 0 1 1 0 0 0 0 0 0 0
250	17	1 1 1 1 1 0 1 0 1 0 0 1 0 1 0 0 0 1 0 0
250	6	1 1 0 1 1 0 1 0 0 0 1 1 0 1 1 0 0 1 1 0
250	8	1 1 1 1 1 0 1 0 0 0 1 0 1 0 0 1 0 1 1 0
250	1	1 1 0 1 1 1 1 1 0 0 1 1 0 0 0 1 0 0 0 0
250	2	1 1 1 1 1 0 1 1 0 0 1 0 0 0 0 0 0 1 0 0
250	2	1 1 1 0 0 0 1 0 1 0 0 1 0 1 0 0 0 1 0 0
250	3	1 1 1 0 1 0 1 0 0 0 0 1 1 1 0 1 0 1 0 0
250	6	1 1 1 1 1 0 1 0 0 0 1 1 0 1 0 0 0 1 0 1
250	1	1 1 1 1 1 1 1 0 0 0 1 1 0 0 0 0 0 1 1 0
250	2	0 1 1 1 0 0 1 0 1 0 0 1 1 1 0 1 0 1 0 0
250	1	1 0 1 1 0 0 1 0 0 1 0 1 1 0 0 0 0 1 0 0
250	1	1 1 1 1 0 0 1 0 0 0 1 1 0 1 1 0 0 1 1 0
250	3	1 1 1 1 0 0 1 0 1 0 1 1 0 1 0 1 0 1 0 0
250	5	1 1 1 1 1 0 1 0 1 0 1 1 0 1 0 0 0 1 0 0
250	4	1 1 1 1 1 0 1 0 1 0 0 1 0 0 0 0 0 1 0 0
250	1	1 1 1 1 1 0 1 1 0 0 1 1 1 1 0 0 0 1 0 0
250	1	1 1 1 0 0 0 1 0 0 0 1 1 0 0 0 1 0 1 0 0
250	2	1 1 1 1 1 0 1 0 1 0 1 0 0 0 0 1 0 1 0 0
250	7	1 1 1 1 1 1 1 1 0 0 1 0 0 0 0 0 0 1 1 0
250	5	1 1 1 1 1 0 0 0 1 0 0 0 0 0 0 0 0 0 0 0
250	6	1 0 1 1 1 1 1 0 0 0 1 1 0 0 0 0 0 1 0 0
250	1	1 1 1 0 1 0 1 1 1 0 0 1 0 1 0 1 0 0 0 0
250	1	1 1 0 1 1 0 1 0 1 0 1 1 0 0 0 1 0 1 0 0
250	3	1 1 1 0 0 0 1 1 1 0 0 1 0 1 1 0 0 1 0 0
250	2	1 1 1 1 0 0 1 0 1 0 0 1 1 1 0 1 0 0 0 0
250	2	1 1 1 1 1 0 0 0 1 1 1 0 0 0 0 0 0 1 0 0
250	2	1 1 0 1 1 1 1 0 0 0 1 1 0 1 1 0 0 1 0 0
250	2	1 1 1 1 0 0 1 0 1 0 0 0 0 0 0 1 0 1 0 0
250	3	1 1 0 0 1 0 1 0 1 0 1 1 0 1 1 0 0 1 0 0
250	2	1 1 0 1 1 0 0 1 0 0 1 1 1 1 0 0 0 0 0 0
250	1	1 1 1 1 1 0 1 0 0 1 1 1 0 0 0 1 0 0 0 0
250	2	1 1 1 0 1 0 1 0 0 0 1 1 0 1 0 0 0 1 0 0
250	3	1 0 1 1 1 1 1 1 0 0 1 1 0 0 0 0 0 1 0 0
250	2	1 1 0 1 1 1 1 1 0 0 1 1 0 1 0 1 0 1 0 0
250	5	1 1 1 1 1 0 1 0 0 0 1 1 0 1 1 0 0 1 0 0
250	3	1 1 0 0 1 0 1 0 1 0 1 1 0 0 0 1 0 1 0 0
250	1	1 1 0 1 1 0 1 0 0 0 0 1 0 1 0 1 0 1 0 0
250	3	1 1 1 1 1 0 1 0 0 0 1 1 0 1 0 0 0 0 0 0
250	2	1 1 1 0 1 0 1 0 1 0 0 1 0 0 1 1 0 1 0 0
250	1	1 1 0 1 1 0 1 0 1 0 0 1 0 0 1 1 0 1 0 0
250	1	1 1 1 1 1 0 1 0 1 1 0 1 0 0 1 1 0 1 0 0
250	1	1 1 1 1 0 0 1 0 1 0 1 0 1 0 0 0 0 1 0 0
250	2	1 1 1 1 0 0 1 0 1 0 1 1 1 1 0 1 0 1 0 0
250	3	1 1 0 1 1 0 1 0 0 0 0 1 0 1 1 0 0 1 0 0
250	3	1 1 0 1 1 0 1 0 1 0 1 1 0 1 1 0 0 1 0 0
250	1	1 1 1 1 1 0 1 0 0 0 1 1 0 0 0 1 0 0 0 1
250	2	1 1 1 1 1 0 1 0 1 1 0 1 1 1 0 1 0 1 0 0
250	1	1 1 1 1 1 1 1 1 0 1 1 1 0 1 0 0 0 1 0 0
250	1	1 1 0 0 0 0 1 0 0 0 1 1 0 1 0 1 0 1 0 1
250	2	1 1 1 1 1 0 1 1 1 0 0 0 1 0 0 0 0 0 0 0
250	2	0 1 0 1 1 0 0 1 0 0 1 1 1 1 0 0 0 1 0 0
250	1	1 1 1 0 1 0 1 1 1 0 0 0 0 0 0 0 0 1 0 0
250	2	1 1 1 1 1 0 0 0 1 1 0 1 0 1 0 1 0 0 0 0
250	1	1 0 1 1 0 0 1 1 0 0 1 1 0 1 0 0 0 1 0 0
250	2	1 1 1 0 0 0 1 1 1 0 0 1 0 1 0 0 0 1 0 1
250	2	1 1 1 0 1 0 1 0 1 0 0 0 1 1 0 1 0 1 0 0
250	1	1 1 1 0 0 1 1 1 1 0 0 1 1 0 0 0 0 0 0 0
250	3	0 1 1 1 1 0 0 0 1 1 0 0 0 0 0 0 0 1 0 0
250	1	1 1 1 1 1 0 1 0 1 0 0 1 1 1 1 1 0 1 0 0
250	1	0 1 1 1 1 0 1 1 0 0 1 1 0 0 0 0 0 1 0 0
250	1	1 0 1 1 1 0 0 1 1 0 1 1 0 1 1 0 0 1 0 0
250	4	1 1 1 1 1 0 1 0 1 1 0 0 1 0 0 0 0 1 0 0
250	1	1 1 1 1 1 0 1 1 1 0 0 0 1 0 0 0 0 1 0 0
250	1	1 1 0 1 1 0 1 0 1 0 0 1 1 0 0 0 0 0 0 0
250	1	1 1 1 1 1 0 1 1 0 1 0 1 0 1 0 0 0 1 0 0
300	43	1 1 1 1 1 0 1 0 0 0 1 1 0 0 0 0 0 1 0 0
300	10	1 1 1 1 1 0 1 0 0 0 1 1 0 1 0 0 0 1 0 0
300	13	1 1 1 0 1 0 1 0 1 0 0 1 1 1 0 1 0 1 0 0
300	27	1 1 1 1 1 0 1 0 1 0 1 1 0 0 0 1 0 1 0 0
300	28	1 1 1 1 1 0 1 0 1 0 0 1 0 0 1 1 0 1 0 0
300	21	1 1 1 1 1 1 1 1 0 0 1 1 0 0 0 0 0 1 0 0
300	2	1 1 1 0 0 1 1 1 1 0 0 1 1 0 0 0 0 1 0 0
300	21	1 1 1 1 0 0 1 0 1 0 0 1 1 1 0 1 0 1 0 0
300	9	1 1 1 1 0 0 1 1 1 0 0 0 0 0 0 0 0 1 0 0
300	30	1 1 1 1 1 0 0 0 1 0 0 0 0 0 0 0 0 1 0 0
300	22	1 1 1 1 1 0 1 0 1 0 0 1 1 1 0 1 0 1 0 0
300	30	1 1 1 1 1 0 1 1 0 0 1 1 0 0 0 0 0 1 0 0
300	11	1 1 1 1 1 0 1 0 1 0 0 1 0 1 0 0 0 1 0 0
300	6	1 1 1 1 1 0 1 0 0 0 1 0 1 0 0 1 0 1 1 0
300	17	1 1 1 1 1 0 1 0 1 0 0 1 0 0 0 0 0 1 0 0
300	2	1 1 1 1 1 0 1 0 0 0 1 1 0 1 1 0 0 1 0 0
300	25	1 1 1 1 0 0 1 0 1 0 1 1 1 1 0 1 0 1 0 0
300	3	1 1 1 1 0 0 1 0 1 0 0 1 1 1 0 1 1 1 0 0
300	3	1 1 1 1 0 0 1 0 1 0 0 1 1 1 0 0 0 1 0 0
300	18	1 1 1 1 0 0 0 0 1 0 0 1 0 0 0 0 0 0 0 0
300	7	1 1 1 1 0 0 1 0 1 0 1 0 1 0 0 0 1 1 0 0
300	6	1 1 1 1 0 0 1 0 1 1 1 1 1 1 0 1 0 1 0 0
300	43	1 1 1 1 0 0 1 0 0 0 1 1 0 1 1 0 0 1 0 0
300	6	1 1 1 0 0 1 1 1 1 0 0 0 1 0 0 1 0 1 0 0
300	12	1 1 1 0 0 1 1 1 1 0 0 0 0 0 0 0 0 1 0 0
300	3	0 1 0 1 1 0 1 0 0 0 1 1 0 0 0 0 0 1 0 0
300	16	1 1 1 1 1 0 1 0 1 0 0 1 0 0 1 0 0 0 0 0
300	9	1 1 0 1 1 0 0 1 0 0 1 1 1 1 1 0 0 1 0 0
300	9	1 1 1 1 1 0 1 0 0 1 1 1 1 1 0 1 0 1 0 0
300	16	1 1 1 1 0 0 0 1 0 0 1 1 1 1 0 0 0 1 0 0
300	16	1 1 1 1 1 0 1 0 0 0 1 0 0 0 0 0 0 1 0 0
300	11	1 1 1 1 0 1 1 1 1 0 0 0 0 0 0 0 0 1 0 0
300	23	1 1 1 1 1 0 1 0 1 0 1 1 1 1 0 1 0 1 0 0
300	3	1 1 1 1 1 1 1 1 0 0 1 1 0 0 0 1 0 1 0 0
300	12	0 1 1 1 0 1 1 1 1 0 0 1 1 0 0 0 0 1 0 0
300	14	1 1 1 1 1 0 1 0 1 0 0 1 1 0 1 1 0 1 0 0
300	7	1 1 1 1 1 0 1 0 1 1 1 1 1 1 0 1 0 1 0 0
300	15	1 1 1 0 0 0 1 0 1 0 0 1 1 1 0 1 0 0 0 0
300	7	1 1 1 0 0 1 1 0 1 0 0 0 1 0 0 1 0 1 0 0
300	2	1 1 0 1 1 0 1 0 1 0 1 1 0 0 0 1 0 1 0 0
300	10	1 1 1 1 1 0 1 0 1 0 0 1 0 0 0 0 0 1 0 1
300	9	1 1 1 1 0 0 1 0 1 0 0 1 1 1 0 0 1 1 0 0
300	20	1 1 1 1 0 0 1 1 1 0 0 0 1 0 0 1 0 1 0 0
300	8	1 1 1 1 0 0 1 0 1 0 1 1 0 1 1 0 0 1 0 0
300	1	1 0 1 1 1 0 1 0 1 0 1 1 0 0 0 1 0 1 0 0
300	4	1 1 1 1 0 0 1 0 1 0 1 0 1 0 0 1 1 1 0 0
300	7	1 1 1 1 0 0 1 0 1 0 1 1 0 0 0 1 0 1 0 0
300	5	0 1 1 0 1 1 1 1 0 0 1 1 0 0 0 0 0 1 0 0
300	33	1 1 1 0 1 0 0 0 1 0 0 1 1 1 0 1 0 1 0 0
300	2	1 1 0 1 0 0 0 1 0 0 1 1 1 1 0 0 0 1 0 0
300	3	1 1 1 1 1 0 1 0 1 0 0 1 0 0 0 0 1 1 0 1
300	3	1 1 1 1 0 0 1 0 1 0 0 1 0 0 0 0 0 1 1 0
300	7	1 1 1 1 0 1 1 1 1 0 0 1 1 1 0 1 0 1 0 0
300	16	1 1 1 1 1 0 1 0 0 0 1 1 1 0 0 0 0 1 0 0
300	7	1 1 1 1 1 0 1 0 1 0 0 1 0 0 0 1 0 1 0 0
300	10	1 1 1 1 1 0 0 0 0 0 0 0 0 0 0 0 0 1 0 0
300	9	1 1 1 1 1 0 1 0 1 0 0 1 1 0 0 0 0 0 0 0
300	2	1 1 0 1 1 0 0 1 0 0 1 1 1 1 0 0 0 0 0 0
300	3	0 1 1 0 0 1 1 1 1 0 0 1 1 0 0 0 0 1 0 0
300	4	1 1 1 1 1 0 1 0 0 0 0 1 0 0 1 0 0 0 0 0
300	3	1 1 0 1 0 0 1 0 1 0 1 1 1 1 0 1 0 1 0 0
300	8	1 1 1 1 1 0 0 1 0 0 1 1 0 0 0 0 0 1 0 0
300	8	1 1 1 1 0 0 1 1 1 0 0 0 0 0 0 0 0 0 0 0
300	8	1 1 1 1 0 0 1 0 0 0 1 1 0 1 1 0 1 1 0 0
300	8	0 1 0 1 1 0 1 0 0 0 1 1 1 1 1 0 0 1 0 0
300	4	1 1 1 1 1 0 1 0 1 0 0 0 0 0 0 0 0 1 0 0
300	5	1 1 1 1 1 0 0 1 0 0 1 1 0 0 0 1 0 1 0 0
300	8	1 1 1 1 1 0 1 0 1 0 0 1 0 0 1 1 0 1 1 0
300	14	1 0 1 1 0 0 1 0 1 0 0 1 1 1 0 1 0 1 0 0
300	7	1 1 1 1 0 1 1 1 1 0 0 0 0 0 0 0 0 1 1 0
300	3	1 1 1 1 1 0 1 0 1 0 1 1 0 1 0 1 0 1 0 0
300	13	1 1 1 0 1 0 1 0 1 0 0 1 0 0 0 0 0 0 0 0
300	1	1 1 1 1 1 0 1 1 0 0 0 1 1 0 0 0 0 1 0 0
300	2	1 1 1 1 0 0 1 0 0 0 1 1 0 0 0 0 0 1 0 0
300	3	1 1 1 1 1 0 1 0 1 0 0 1 0 0 1 1 1 1 0 0
300	1	1 1 1 1 1 0 1 0 1 0 1 1 0 0 1 0 0 0 0 0
300	18	1 1 0 1 1 0 1 0 1 0 1 1 1 1 0 1 0 1 0 0
300	2	1 1 1 1 1 0 1 0 0 0 1 1 0 0 0 0 0 1 0 1
300	7	1 1 1 1 0 0 1 0 0 0 1 1 0 1 0 0 0 1 0 0
300	10	1 1 1 1 1 0 1 0 0 0 1 1 0 0 1 0 0 0 0 0
300	3	1 1 1 1 1 0 1 0 1 1 1 1 1 1 0 1 0 0 0 0
300	1	1 1 1 0 0 0 1 0 1 0 0 1 0 1 0 1 0 0 0 0
300	2	1 1 1 0 0 0 0 0 0 0 1 1 1 0 0 0 0 1 0 0
300	11	1 1 1 1 0 0 1 0 1 0 0 1 0 0 0 0 0 1 0 0
300	2	1 1 0 0 1 0 1 0 0 0 1 1 0 1 1 0 1 1 0 0
300	2	1 1 1 0 1 0 0 0 1 0 0 1 1 1 0 0 0 1 0 0
300	11	1 1 0 1 0 1 1 1 1 0 0 0 0 0 0 0 0 1 0 0
300	2	1 1 1 0 1 0 1 0 1 0 0 1 1 1 0 0 0 1 0 0
300	1	1 0 1 1 1 0 0 0 1 0 0 0 0 0 0 0 0 1 0 0
300	3	1 1 1 1 0 0 1 0 1 0 1 1 1 1 1 1 0 1 0 0
300	1	1 1 1 1 0 1 1 1 1 0 1 0 0 0 0 0 0 1 0 0
300	1	1 1 1 0 1 0 1 0 1 0 0 1 1 0 0 0 0 0 0 0
300	5	1 1 1 1 1 0 1 0 0 1 1 1 1 1 0 1 1 1 0 0
300	3	1 1 1 1 1 0 1 1 0 0 1 1 0 0 0 1 0 1 0 0
300	6	0 1 1 0 0 1 1 1 1 0 0 1 0 0 1 1 0 1 0 0
300	8	1 0 1 1 0 0 1 0 1 0 0 0 0 0 0 0 0 1 0 0
300	3	1 1 1 1 1 0 1 0 0 0 1 1 0 0 1 0 0 1 0 0
300	2	1 1 1 0 1 0 0 0 1 0 0 1 0 0 0 0 0 1 0 0
300	5	1 1 0 1 1 0 1 0 0 0 1 1 0 0 0 0 0 1 0 0
300	1	0 1 0 0 1 0 1 0 0 0 1 1 0 0 0 0 0 1 0 0
300	2	0 1 1 1 0 1 1 1 1 0 1 1 1 0 0 0 0 1 0 0
300	1	1 1 0 1 1 0 0 1 1 0 1 1 1 0 0 0 0 1 0 0
300	6	1 1 1 1 0 0 1 0 1 0 1 1 0 0 1 1 0 1 0 0
300	1	0 1 1 1 0 1 1 1 1 0 0 1 1 0 0 0 0 0 0 0
300	1	1 1 1 1 1 0 1 0 1 0 1 1 0 0 0 0 0 1 0 0
300	2	1 1 1 1 0 0 1 1 1 0 0 0 0 0 0 0 1 1 0 0
300	3	1 1 1 1 0 0 1 0 1 0 0 1 1 1 1 0 1 1 0 0
300	2	1 1 1 1 0 0 0 0 1 0 1 1 0 1 1 0 0 1 0 0
300	1	1 1 0 1 0 0 1 1 1 0 0 0 0 0 0 0 0 0 0 0
300	1	1 1 1 1 1 0 1 1 1 0 0 1 0 0 1 1 0 1 1 0
300	1	1 1 1 1 0 0 1 0 0 0 0 1 0 0 0 0 0 1 0 0
300	1	1 1 1 1 0 0 0 0 0 0 1 1 0 0 0 0 0 1 0 0
300	2	1 0 1 1 1 0 1 1 0 0 1 1 0 0 0 0 0 1 0 0
300	1	1 1 1 1 1 0 1 0 0 0 0 1 0 1 0 0 0 1 0 0
300	2	1 1 1 1 0 0 1 1 0 0 1 1 0 1 1 0 0 1 0 0
300	1	1 1 1 0 0 0 0 0 1 0 0 1 1 1 0 1 0 1 0 0
300	2	1 1 0 1 1 0 1 0 1 0 0 1 0 0 0 0 1 1 0 1
300	1	1 1 1 1 0 1 1 1 1 0 1 0 0 0 0 1 0 1 0 0
300	1	1 1 1 1 0 1 1 1 1 0 0 1 1 0 0 0 0 1 0 0
300	1	1 1 1 1 0 0 1 0 1 0 0 1 0 0 1 1 1 1 0 0
300	1	1 1 1 1 0 0 1 0 1 0 1 0 1 0 0 0 0 0 0 0
300	1	1 1 1 1 0 0 1 0 0 0 0 1 1 0 0 0 0 1 0 0
300	1	1 1 1 0 1 0 1 1 0 0 1 1 0 0 0 0 0 1 0 0
300	2	1 1 1 1 1 0 1 0 0 0 1 0 0 0 1 1 0 1 0 0
300	2	1 1 0 0 1 0 0 0 1 0 0 0 0 0 0 0 0 1 0 0
300	1	1 1 1 0 1 0 1 0 1 0 1 1 0 0 0 1 0 1 0 0
300	1	1 1 1 1 1 1 1 1 0 1 1 1 0 0 0 0 0 1 0 0
300	2	0 1 1 1 1 0 1 0 1 0 0 1 0 0 0 0 0 1 0 0
300	1	1 1 0 0 0 0 0 1 1 0 0 1 0 1 0 0 0 1 0 0
300	1	1 1 1 0 0 1 1 1 1 0 0 0 1 0 0 1 0 0 0 0
300	2	1 0 1 1 0 1 1 1 1 0 0 0 0 0 0 0 0 1 0 0
300	1	1 1 1 1 1 1 1 0 1 0 0 1 0 0 0 0 0 1 0 1
300	2	1 1 1 1 0 0 1 0 0 0 0 1 1 1 0 0 1 1 0 0
300	1	1 1 1 1 1 0 1 0 0 0 1 1 0 1 1 0 1 1 0 0
300	1	1 1 0 1 1 0 1 1 1 0 1 1 1 1 0 1 0 1 0 0
350	44	1 1 1 1 1 0 1 0 0 0 1 1 0 0 0 0 0 1 0 0
350	13	1 1 1 1 1 0 1 0 0 0 1 1 0 1 0 0 0 1 0 0
350	17	1 1 1 1 0 0 1 0 1 0 0 1 1 1 0 1 0 1 0 0
350	4	1 1 1 1 1 0 0 0 1 0 0 0 0 0 0 0 0 1 0 0
350	32	1 1 1 1 1 0 1 1 0 0 1 1 0 0 0 0 0 1 0 0
350	19	1 1 1 1 0 0 0 0 1 0 0 1 0 0 0 0 0 0 0 0
350	12	1 1 1 1 0 0 1 0 0 0 1 1 0 1 1 0 0 1 0 0
350	22	1 1 1 1 1 0 1 0 0 0 1 0 0 0 0 0 0 1 0 0
350	62	1 1 1 1 1 0 1 0 0 0 1 1 1 0 0 0 0 1 0 0
350	16	1 1 1 1 1 0 0 1 0 0 1 1 0 0 0 0 0 1 0 0
350	7	1 1 1 1 0 0 1 0 0 0 1 1 0 1 1 0 1 1 0 0
350	21	1 1 1 1 1 0 1 0 1 0 1 1 0 0 1 0 0 0 0 0
350	22	1 1 0 1 0 1 1 1 1 0 0 0 0 0 0 0 0 1 0 0
350	12	1 0 1 1 0 1 1 1 1 0 0 0 0 0 0 0 0 1 0 0
350	28	1 1 1 1 1 0 1 0 0 0 1 1 0 0 0 0 1 1 0 0
350	71	1 1 1 1 1 1 1 0 1 0 0 0 1 0 0 1 0 1 0 0
350	2	0 1 1 1 0 0 1 0 1 0 1 0 1 0 0 1 1 1 0 0
350	7	1 1 1 1 0 0 1 0 0 0 0 1 0 1 0 0 0 1 0 0
350	27	1 1 1 1 1 0 1 0 1 0 1 1 0 0 0 0 0 0 0 0
350	17	1 1 1 1 1 0 1 1 1 0 1 1 1 1 0 1 0 1 0 0
350	12	1 1 1 1 1 0 1 1 1 0 0 1 1 0 1 1 0 1 0 0
350	17	1 1 1 0 1 0 1 0 1 0 0 0 0 0 1 0 0 1 0 0
350	6	1 1 1 1 1 0 1 1 0 0 1 1 0 0 0 1 0 1 0 0
350	2	1 1 1 1 1 0 1 0 1 0 0 1 0 0 1 0 1 1 0 0
350	27	1 1 1 1 1 0 1 1 0 0 1 1 0 1 0 0 0 1 0 0
350	4	1 1 1 1 1 1 1 0 0 0 1 1 0 1 1 0 1 1 0 0
350	10	1 1 1 1 0 0 1 0 1 0 0 1 1 0 0 0 0 1 0 0
350	38	1 1 1 1 0 0 1 0 1 0 1 1 0 0 0 0 0 1 0 0
350	6	1 0 1 1 0 0 1 0 1 0 0 1 1 1 0 1 0 1 1 0
350	5	1 1 1 1 1 0 0 1 0 0 1 1 0 0 0 0 1 1 0 0
350	13	1 0 1 1 0 0 1 0 1 1 0 1 1 1 0 1 0 1 0 0
350	13	0 1 1 1 0 1 1 1 1 0 1 1 1 0 0 1 0 1 0 0
350	5	1 1 1 1 0 1 1 0 1 0 0 1 1 1 0 1 0 1 0 0
350	1	1 1 1 1 1 0 1 0 1 0 1 0 0 0 0 0 0 0 0 0
350	5	1 1 1 1 1 0 1 1 0 0 1 1 1 0 0 0 0 1 0 0
350	13	1 1 1 1 0 0 1 0 1 0 0 0 1 0 0 0 0 1 0 0
350	1	0 1 1 1 1 1 1 0 0 0 1 0 1 0 0 1 0 1 1 0
350	4	0 1 0 0 1 1 1 0 1 0 0 1 0 0 0 0 0 0 0 0
350	8	1 1 1 1 1 1 1 0 0 0 0 0 1 0 0 1 0 1 0 0
350	13	1 1 1 1 1 0 1 0 1 0 0 0 0 0 0 0 0 1 0 0
350	9	1 1 0 1 1 0 0 0 1 1 0 0 0 0 0 1 0 1 0 0
350	4	1 0 1 1 1 0 1 0 0 0 1 1 0 0 0 0 1 1 0 0
350	3	1 1 1 1 1 1 0 0 1 0 0 0 1 0 0 1 0 1 0 0
350	18	0 1 1 1 0 0 1 0 1 0 1 0 1 0 0 0 1 1 0 0
350	5	1 1 1 0 1 0 1 1 1 0 0 0 0 0 1 0 0 1 0 0
350	2	1 0 1 1 0 1 1 1 0 0 1 1 1 0 0 0 0 1 0 0
350	20	1 1 1 0 1 0 1 0 1 0 1 1 0 0 0 0 0 0 0 0
350	2	1 1 1 1 1 0 1 1 1 0 0 1 1 1 1 1 0 1 0 0
350	27	1 1 1 1 0 0 1 1 0 0 0 0 1 0 0 1 0 1 0 0
350	7	1 1 1 1 1 0 1 0 1 0 0 0 1 0 0 1 0 1 0 0
350	8	1 1 1 1 0 0 1 0 0 0 1 1 0 0 0 0 0 1 0 0
350	2	1 1 1 1 0 1 1 1 1 0 0 0 0 0 0 0 0 1 0 0
350	11	1 1 1 1 1 0 1 0 0 0 1 1 0 1 1 0 0 1 0 0
350	5	1 1 1 1 0 1 1 0 1 0 0 0 1 0 0 1 0 1 0 0
350	7	0 0 0 1 0 1 1 1 1 0 1 1 0 0 0 0 0 0 0 0
350	2	1 0 1 1 0 0 1 0 1 0 0 1 1 1 0 1 0 0 0 0
350	7	1 1 0 1 1 1 1 1 1 0 0 0 0 0 0 0 0 1 0 0
350	13	0 1 1 1 0 0 1 0 0 0 1 1 0 1 1 0 0 1 0 0
350	6	1 1 1 1 1 0 1 0 0 0 1 1 1 0 1 0 0 1 0 0
350	6	1 1 1 1 1 0 1 1 1 0 1 1 0 0 1 0 0 0 0 0
350	1	1 1 0 0 1 1 1 0 1 0 0 1 0 0 0 0 0 0 0 0
350	7	1 1 1 1 1 1 1 0 1 0 0 0 1 0 0 0 0 1 0 0
350	3	0 1 1 1 0 0 1 0 1 0 1 0 1 0 0 0 0 1 0 0
350	2	1 1 1 1 1 0 1 0 1 0 1 0 0 0 0 0 0 1 0 0
350	2	1 1 1 1 1 1 1 0 1 0 0 0 1 1 0 1 0 1 0 0
350	1	1 1 1 1 1 0 1 1 0 0 0 0 1 0 1 1 0 1 0 0
350	3	1 1 1 1 1 0 1 0 1 0 0 0 1 0 0 0 0 1 0 0
350	3	1 1 1 1 1 0 1 0 1 0 0 1 0 0 0 0 0 1 0 0
350	7	1 1 1 0 1 0 1 0 1 0 1 1 0 0 1 0 0 0 0 0
350	2	1 1 1 1 1 0 1 0 0 1 1 1 1 0 0 0 0 1 0 0
350	1	1 1 1 1 1 0 1 0 0 0 1 1 1 0 0 0 0 1 0 1
350	8	1 1 1 1 1 1 1 0 1 0 0 0 1 0 1 1 0 1 0 0
350	3	1 0 1 1 1 1 1 0 1 0 0 0 1 0 0 1 0 1 0 0
350	5	1 1 1 1 1 1 0 0 0 0 1 1 0 1 1 0 1 1 0 0
350	2	1 1 1 1 0 0 1 0 1 1 1 1 0 1 0 1 0 1 0 0
350	5	1 1 1 1 0 1 1 0 0 0 1 1 0 1 1 0 1 1 0 0
350	2	0 1 1 1 0 0 1 0 0 0 1 1 0 1 1 0 1 1 0 0
350	8	1 1 1 1 1 0 1 0 1 0 0 1 0 0 0 0 0 0 0 0
350	2	1 1 1 1 0 1 1 0 1 0 0 1 0 0 0 0 0 0 0 0
350	3	1 1 1 1 1 1 1 0 1 0 0 1 1 0 0 0 0 1 0 0
350	1	1 1 1 1 1 0 1 0 0 0 1 1 0 0 0 1 0 1 0 0
350	1	1 1 1 1 0 0 0 0 0 0 1 1 0 1 1 0 0 1 0 0
350	4	1 1 1 1 1 0 1 0 1 1 1 1 0 0 1 0 0 0 0 0
350	2	1 1 0 1 0 0 1 1 0 0 0 0 1 0 0 1 0 1 0 0
350	6	1 1 1 1 1 0 1 0 0 0 0 0 1 0 0 1 0 1 0 0
350	9	1 1 0 1 1 1 1 1 1 1 0 0 0 0 0 0 0 1 0 0
350	3	1 1 1 1 0 0 1 0 0 0 1 1 0 1 0 0 0 1 0 0
350	3	0 1 1 1 0 0 1 0 0 0 1 1 1 0 0 0 0 1 0 0
350	2	1 1 1 1 0 0 1 1 1 0 0 0 1 0 0 1 0 1 0 0
350	3	1 1 1 1 0 0 1 0 0 0 1 1 1 0 1 0 0 1 0 0
350	4	1 1 1 1 1 0 1 0 0 0 0 0 0 0 0 0 0 1 0 0
350	4	1 1 1 1 1 0 1 1 1 0 0 1 1 0 1 0 1 1 0 0
350	1	1 1 1 1 0 0 0 0 0 0 1 1 0 1 1 0 0 0 0 0
350	5	1 1 1 1 1 0 0 0 1 0 0 1 0 0 0 0 0 1 0 0
350	3	1 1 1 0 0 0 1 0 1 0 1 1 1 1 1 1 0 1 0 0
350	1	1 0 1 1 0 0 1 1 0 0 0 0 1 0 0 1 0 1 0 0
350	1	0 0 0 1 1 1 1 1 1 0 1 1 0 0 0 0 0 0 0 0
350	4	1 1 0 1 1 0 1 0 1 0 1 1 0 0 0 0 0 1 0 0
350	2	1 1 1 1 1 0 1 0 0 0 1 1 1 0 0 1 0 1 0 0
350	1	0 0 0 1 0 1 1 1 1 0 1 1 0 0 0 1 0 1 0 0
350	3	1 1 1 1 0 0 0 0 1 0 0 1 1 1 0 1 0 1 0 0
350	5	1 1 1 1 1 0 1 0 0 0 1 1 1 1 0 0 0 1 0 0
350	6	1 1 0 1 1 1 1 0 1 0 0 0 1 0 0 1 0 1 0 0
350	3	1 1 1 1 1 0 1 1 0 0 1 1 0 1 1 0 0 1 0 0
350	2	1 0 1 1 0 0 1 0 1 0 1 1 0 0 0 0 0 1 0 0
350	2	1 1 1 0 1 0 1 0 0 0 1 1 0 1 1 0 0 1 0 0
350	2	1 1 1 1 0 1 1 0 1 0 1 0 1 0 0 1 0 1 0 0
350	4	1 1 1 1 1 0 1 0 0 0 1 1 0 0 0 0 0 1 0 1
350	1	1 1 1 1 1 0 1 0 0 0 1 1 0 1 1 0 0 0 0 0
350	1	1 1 1 1 1 0 1 0 1 0 1 1 0 0 1 0 0 1 0 0
350	1	1 1 1 1 1 0 1 0 1 0 1 1 0 0 0 0 0 1 0 0
350	2	1 0 1 1 0 1 1 1 1 0 0 0 0 0 0 0 1 1 0 0
350	1	0 1 1 1 1 0 1 1 0 0 1 1 0 0 0 0 0 1 0 0
350	1	0 1 1 1 0 0 1 0 1 0 1 1 1 1 0 1 0 1 0 0
350	2	0 1 1 1 0 0 1 0 1 0 1 0 1 0 1 0 1 1 0 0
350	1	1 1 1 1 1 0 1 0 0 0 0 1 0 0 0 0 0 1 0 0
350	1	1 0 1 1 1 0 1 0 0 0 1 1 0 0 0 0 0 1 0 0
350	1	1 1 1 1 1 1 1 0 0 0 1 0 0 0 0 0 0 1 0 0
350	1	1 1 0 1 0 1 1 1 1 0 0 0 1 0 0 0 0 1 0 0
350	2	1 1 1 1 0 0 1 0 1 0 1 1 0 0 0 0 0 0 0 0
350	2	0 1 1 1 0 1 0 1 1 0 1 1 1 0 0 1 0 1 0 0
350	1	1 1 1 1 0 0 1 1 0 0 0 0 1 0 0 1 0 0 0 0
350	1	1 1 1 1 0 0 1 1 0 0 0 0 1 1 0 1 0 1 0 0
350	1	1 1 1 1 1 1 1 0 1 0 0 0 1 0 0 1 0 0 1 0
350	1	1 1 1 1 1 0 1 1 1 0 1 1 1 0 1 0 1 1 0 0
400	39	1 1 1 1 1 0 1 0 0 0 1 1 0 0 0 0 0 1 0 0
400	7	1 1 1 1 0 0 1 0 0 0 1 1 0 1 1 0 0 1 0 0
400	16	1 1 1 1 1 0 1 0 0 0 1 0 0 0 0 0 0 1 0 0
400	5	1 1 1 1 1 0 1 0 0 0 1 1 1 0 0 0 0 1 0 0
400	12	1 1 1 1 1 0 0 1 0 0 1 1 0 0 0 0 0 1 0 0
400	14	1 1 1 1 1 0 1 0 1 0 1 1 0 0 1 0 0 0 0 0
400	1	1 1 1 1 1 1 1 0 1 0 0 0 1 0 0 1 0 1 0 0
400	8	1 1 1 1 0 0 1 0 0 0 0 1 0 1 0 0 0 1 0 0
400	27	1 1 1 1 1 0 1 0 1 0 1 1 0 0 0 0 0 0 0 0
400	29	1 1 1 1 1 0 1 1 1 0 0 1 1 0 1 1 0 1 0 0
400	57	1 1 1 1 0 0 1 0 1 0 0 1 1 0 0 0 0 1 0 0
400	18	1 1 1 1 0 0 1 0 1 0 1 1 0 0 0 0 0 1 0 0
400	7	1 0 1 1 0 1 1 1 0 0 1 1 1 0 0 0 0 1 0 0
400	32	1 1 1 1 1 0 1 0 1 0 0 0 1 0 0 1 0 1 0 0
400	13	1 1 1 1 1 0 1 1 1 0 1 1 0 0 1 0 0 0 0 0
400	13	1 0 1 1 1 1 1 0 1 0 0 0 1 0 0 1 0 1 0 0
400	12	1 1 1 1 1 0 1 0 1 0 0 1 0 0 0 0 0 0 0 0
400	45	1 1 1 1 1 0 1 0 1 1 1 1 0 0 1 0 0 0 0 0
400	28	1 1 1 1 1 0 0 1 1 0 0 1 1 0 1 1 0 1 0 0
400	14	1 1 1 1 1 0 1 1 0 0 1 1 0 0 0 1 0 0 0 0
400	3	1 1 1 1 1 0 0 1 0 0 1 1 0 0 0 0 0 1 0 1
400	21	1 1 1 1 1 0 1 0 0 0 1 1 1 0 0 1 0 1 0 0
400	31	1 1 1 1 0 0 1 0 0 0 1 0 1 0 0 1 0 1 0 0
400	10	1 1 1 1 1 0 1 0 1 0 1 1 0 0 0 0 0 1 0 0
400	11	1 1 1 1 1 0 1 1 0 0 1 1 1 0 0 0 0 1 0 0
400	25	1 1 1 1 1 0 1 0 1 0 1 1 0 1 0 0 0 1 0 0
400	6	1 1 1 1 1 0 1 0 0 0 1 1 0 0 0 1 0 1 0 0
400	31	1 1 1 1 1 0 0 1 0 0 1 1 0 0 1 1 0 0 0 0
400	2	1 1 1 1 0 0 1 0 1 0 1 1 1 0 0 0 0 1 0 0
400	16	1 1 1 1 1 0 1 1 0 0 1 1 0 0 1 0 0 1 0 0
400	4	1 1 1 1 1 1 0 0 1 0 0 0 1 1 0 1 0 1 0 0
400	4	1 1 1 1 1 1 1 0 0 0 1 1 0 0 0 0 0 1 0 0
400	8	1 1 1 1 1 1 1 0 1 0 0 1 0 0 0 0 0 0 0 0
400	7	1 1 1 1 1 0 1 0 0 0 1 1 0 1 0 0 0 1 0 0
400	4	1 1 1 1 0 0 1 1 1 0 1 1 0 0 1 0 0 0 0 0
400	2	1 1 1 1 0 0 1 0 1 0 0 1 1 1 0 1 0 0 0 0
400	2	1 0 0 1 0 1 0 1 1 0 0 0 0 0 0 0 0 1 0 0
400	2	1 1 1 1 1 0 1 1 0 0 1 1 0 1 0 1 0 0 0 1
400	1	1 1 1 1 1 0 1 1 1 0 0 1 1 0 1 1 1 1 0 0
400	5	1 1 1 1 1 0 1 0 1 0 0 0 1 0 0 1 0 0 1 0
400	47	1 1 1 1 1 0 1 0 1 1 1 1 0 0 0 0 0 0 0 0
400	12	1 1 1 1 1 0 1 0 1 0 1 1 1 0 0 0 0 1 0 0
400	16	1 1 1 0 1 0 1 0 1 0 0 0 1 0 1 0 0 1 0 0
400	4	1 1 1 1 0 0 1 1 1 0 1 1 0 0 1 0 1 0 0 0
400	9	1 0 1 1 1 0 1 0 1 1 0 1 1 0 1 1 0 1 0 0
400	3	1 1 1 1 1 1 1 0 1 0 1 0 1 0 0 1 0 1 0 0
400	1	1 1 1 1 0 0 1 0 1 0 0 1 1 0 0 1 0 0 0 0
400	6	1 1 1 1 0 0 1 0 0 0 1 1 1 0 1 0 0 1 0 0
400	2	1 1 1 0 1 0 0 1 0 0 1 1 0 0 0 0 0 1 0 1
400	4	1 1 1 1 1 0 1 0 0 0 1 1 1 0 1 0 0 1 0 0
400	11	1 1 1 0 1 0 1 0 1 0 0 0 1 0 0 1 0 1 0 0
400	4	1 1 1 0 1 0 1 0 0 0 1 0 1 0 0 1 0 1 0 0
400	10	1 1 1 1 0 0 1 0 0 0 1 1 0 1 1 0 1 1 0 0
400	1	1 1 1 1 1 0 0 0 0 0 1 1 1 0 0 0 0 1 0 0
400	1	1 1 1 1 0 0 1 0 1 0 1 0 1 0 0 1 0 1 0 0
400	12	1 1 1 1 1 0 1 0 1 0 1 1 1 1 0 1 0 1 0 0
400	5	1 1 1 1 0 0 1 1 1 0 1 0 1 0 0 1 0 1 0 0
400	5	1 1 1 1 0 0 1 0 1 0 1 1 0 0 0 0 0 0 0 0
400	4	1 1 1 1 1 0 0 1 0 0 0 1 1 0 1 1 0 1 0 0
400	27	1 1 1 1 0 0 1 0 0 1 1 0 1 0 0 1 0 1 0 0
400	13	1 1 1 1 0 0 1 1 0 1 0 0 1 0 0 1 0 1 0 0
400	4	1 1 1 1 0 1 1 0 0 0 1 0 1 0 0 1 0 1 0 0
400	6	1 1 1 1 0 0 1 0 0 0 1 1 1 0 0 0 0 1 0 0
400	1	1 1 1 1 1 1 0 0 1 0 0 0 1 0 1 1 0 1 0 0
400	13	1 1 1 1 1 0 1 0 0 1 1 1 0 0 1 0 0 0 0 0
400	11	1 1 1 1 1 0 0 0 1 0 0 0 1 1 0 1 0 1 0 0
400	4	1 1 1 1 0 0 1 0 1 0 0 1 0 0 0 1 0 0 0 0
400	4	1 1 1 0 1 0 1 0 1 0 1 0 1 0 0 1 0 1 0 0
400	2	1 1 1 1 0 0 1 0 0 0 0 1 0 1 0 0 1 1 0 0
400	2	1 1 1 1 1 0 1 0 1 0 0 0 1 0 0 1 0 1 1 0
400	3	1 1 1 0 1 0 1 0 0 0 1 1 0 1 0 0 0 1 0 0
400	4	1 1 1 1 1 0 0 1 0 0 1 1 0 1 0 0 0 1 0 0
400	6	1 1 1 1 1 1 1 0 1 0 1 1 0 0 0 0 0 1 0 0
400	13	1 0 1 1 0 0 1 0 1 0 1 1 0 0 0 0 0 1 0 0
400	1	1 1 1 1 0 0 0 1 1 0 0 1 1 0 1 1 0 1 0 0
400	1	1 1 1 1 1 0 1 1 1 0 0 0 1 0 1 0 0 1 0 0
400	3	1 1 1 1 0 0 1 0 1 0 0 0 1 1 0 1 0 1 0 0
400	4	1 1 1 1 0 0 1 1 0 0 1 1 0 0 0 1 0 0 0 0
400	8	1 1 1 1 0 0 0 0 1 0 1 1 1 0 0 0 0 1 0 0
400	3	1 1 1 1 0 0 1 0 1 0 1 1 0 0 0 1 0 0 0 0
400	8	1 1 1 1 1 0 1 0 1 0 0 0 1 0 1 1 0 1 0 0
400	2	1 1 1 1 1 1 0 1 0 0 1 1 0 0 0 0 0 1 0 1
400	3	1 1 1 1 1 0 1 0 0 0 0 1 1 0 0 1 0 1 0 0
400	3	1 1 1 1 0 0 1 0 1 0 1 1 0 0 1 0 0 1 0 0
400	2	1 1 1 1 0 0 1 1 1 0 1 1 0 0 0 0 1 0 0 1
400	3	1 1 1 0 1 0 1 0 1 0 1 0 1 0 0 0 1 0 0 0
400	18	1 1 1 1 1 0 0 1 0 0 1 1 0 1 0 1 0 1 0 0
400	1	0 1 1 1 1 0 0 1 0 0 1 1 0 0 0 0 0 1 0 1
400	3	0 1 1 0 1 0 1 0 1 0 0 0 1 0 1 0 0 1 0 0
400	1	1 1 1 1 1 0 1 1 1 0 0 1 1 0 0 0 0 0 0 0
400	1	1 1 1 1 1 0 1 0 1 0 0 1 0 1 0 1 0 1 0 0
400	4	1 1 1 1 0 0 1 0 1 0 1 1 1 0 0 0 0 0 0 0
400	1	1 1 1 1 0 0 1 0 1 0 0 1 0 0 0 0 0 1 0 0
400	2	1 1 1 1 0 0 1 0 1 0 0 0 1 1 0 1 0 1 1 0
400	6	1 1 1 1 1 0 1 0 0 0 1 1 1 1 0 1 0 1 0 0
400	5	1 0 1 1 1 0 1 0 1 0 1 1 0 0 0 0 0 1 0 0
400	5	1 1 1 1 1 0 1 0 1 1 1 1 0 1 0 0 0 0 0 0
400	3	0 1 1 1 0 0 1 0 0 1 1 0 1 0 0 1 0 1 0 0
400	3	0 1 1 0 1 1 1 0 1 0 0 0 1 0 1 0 0 1 0 0
400	5	1 1 1 1 1 0 1 0 1 1 1 1 0 0 1 0 0 1 0 0
400	4	1 1 1 1 1 1 0 0 1 0 0 0 1 0 0 1 0 1 0 0
400	4	1 1 1 1 1 0 0 0 0 0 1 1 1 0 0 1 0 1 0 0
400	3	1 1 1 1 1 1 1 0 1 0 0 0 1 0 0 1 0 1 1 0
400	2	1 1 1 1 0 0 1 0 0 0 1 1 0 0 0 0 0 1 0 0
400	1	1 1 1 1 0 0 1 1 1 0 1 1 0 0 0 0 0 1 0 0
400	1	1 0 1 1 0 1 1 1 1 0 1 1 1 0 0 0 0 1 0 0
400	1	0 1 1 1 1 0 1 0 1 1 1 1 0 0 1 0 0 0 0 0
400	1	0 1 1 1 0 0 1 0 1 0 0 1 1 1 0 1 0 1 1 0
400	2	1 1 1 1 1 0 1 0 0 0 1 1 1 0 0 1 0 1 1 0
400	1	1 1 1 1 1 0 0 1 0 0 1 1 0 0 1 1 0 0 1 0
400	2	1 1 1 1 1 1 1 1 1 0 0 0 1 0 1 1 1 1 0 0
400	1	1 0 1 1 1 0 1 0 0 0 1 0 0 0 0 0 0 1 0 0
400	2	1 1 1 1 1 0 1 0 1 0 0 1 0 0 0 0 0 1 0 0
400	1	1 1 1 1 0 0 1 1 0 0 1 1 0 1 1 0 0 1 0 0
400	1	1 1 1 1 0 0 0 0 1 0 0 1 1 0 0 0 0 1 0 0
400	1	1 1 1 1 1 0 1 1 1 0 0 0 1 0 0 1 0 1 0 0
400	2	1 1 1 1 1 0 0 1 0 0 0 1 0 0 0 0 0 1 0 1
400	2	1 1 1 1 1 0 1 0 0 0 1 1 0 0 0 1 1 1 0 0
400	1	1 1 1 1 1 0 0 0 0 0 1 1 0 0 1 1 0 0 0 0
400	1	1 1 1 1 1 1 1 0 1 0 0 1 0 0 0 1 0 0 0 0
400	1	1 1 1 1 1 0 1 0 1 1 1 1 0 0 0 0 0 0 0 1
400	1	1 1 1 1 1 1 1 0 1 1 1 1 0 0 0 0 0 0 0 0
400	2	1 1 1 1 0 0 1 0 1 0 0 1 1 0 0 1 0 0 0 1
400	1	0 1 1 1 1 0 1 0 0 0 1 1 1 0 1 0 0 1 0 0
450	1	1 1 1 1 1 0 1 0 0 0 1 0 0 0 0 0 0 1 0 0
450	16	1 1 1 1 1 0 1 1 1 0 0 1 1 0 1 1 0 1 0 0
450	19	1 1 1 1 0 0 1 0 1 0 0 1 1 0 0 0 0 1 0 0
450	61	1 1 1 1 1 0 1 0 1 1 1 1 0 0 1 0 0 0 0 0
450	18	1 1 1 1 1 0 0 1 0 0 1 1 0 0 1 1 0 0 0 0
450	7	1 1 1 0 1 0 1 0 1 0 0 0 1 0 1 0 0 1 0 0
450	14	1 1 1 1 0 0 1 0 1 0 0 1 1 0 0 1 0 0 0 0
450	11	1 1 1 1 1 0 1 0 1 0 1 1 1 1 0 1 0 1 0 0
450	87	1 1 1 1 1 0 1 0 0 1 1 1 0 0 1 0 0 0 0 0
450	7	1 1 1 1 1 0 0 0 1 0 0 0 1 1 0 1 0 1 0 0
450	29	1 1 1 1 0 0 1 1 0 0 1 1 0 0 0 1 0 0 0 0
450	47	1 1 1 1 0 0 0 0 1 0 1 1 1 0 0 0 0 1 0 0
450	15	1 1 1 1 0 0 1 0 1 0 0 0 1 0 0 1 0 1 0 0
450	10	1 1 1 1 0 0 1 0 0 0 1 0 1 0 0 1 0 0 0 0
450	32	1 1 1 1 1 0 1 1 1 0 0 1 0 0 0 0 0 0 0 0
450	16	1 1 1 1 0 0 1 0 0 0 0 0 1 0 0 1 0 1 0 0
450	1	1 1 1 1 1 0 0 1 0 0 1 1 1 0 0 0 0 1 0 0
450	1	1 1 1 1 1 0 0 1 0 0 1 1 0 1 1 0 0 0 0 0
450	11	1 1 1 1 1 1 1 0 1 0 0 0 1 0 0 1 0 1 0 0
450	3	1 1 1 1 0 0 0 0 1 0 1 0 1 0 0 1 0 1 0 0
450	6	1 1 1 1 0 0 1 1 1 0 1 1 1 0 0 0 0 0 0 0
450	3	1 1 1 1 1 0 1 0 1 1 1 1 1 0 0 1 0 1 0 0
450	25	1 1 1 1 0 0 1 0 0 0 0 0 0 0 0 1 0 1 0 0
450	3	1 1 1 1 0 0 1 1 1 0 0 1 1 0 1 1 0 1 0 0
450	2	1 1 1 1 1 0 1 0 1 0 0 1 1 0 1 1 0 1 0 0
450	1	1 1 1 1 1 0 0 1 0 0 1 1 0 0 1 1 0 1 0 0
450	2	1 1 1 1 1 0 0 0 1 1 1 1 0 1 0 0 0 0 0 1
450	7	1 1 1 1 1 0 1 1 1 0 0 1 0 0 1 1 0 1 0 0
450	20	1 1 1 1 1 0 0 0 1 0 1 1 0 0 1 0 0 0 0 0
450	1	1 1 1 1 1 0 1 1 1 0 0 1 0 0 0 1 0 0 0 0
450	4	1 1 1 1 0 0 1 0 1 0 0 1 1 0 0 0 0 0 0 0
450	10	1 1 1 1 1 0 1 0 1 1 0 1 1 0 1 0 0 1 0 0
450	17	1 1 1 1 1 0 1 1 1 0 0 1 1 0 1 1 0 0 0 0
450	15	1 1 1 1 1 0 0 1 0 0 1 1 0 0 0 1 0 0 0 0
450	9	1 1 1 1 0 1 1 1 0 0 1 0 0 0 0 1 0 0 0 0
450	2	1 1 1 1 1 0 0 1 1 0 0 1 1 0 1 0 0 1 0 0
450	29	1 1 1 1 1 0 1 1 0 0 1 1 0 0 1 1 0 0 0 0
450	6	1 1 1 1 1 0 1 0 1 1 1 1 0 0 0 0 0 0 1 0
450	9	1 1 1 1 0 0 1 0 0 0 0 0 1 0 1 0 0 1 0 0
450	23	1 1 1 1 0 0 1 0 1 0 1 0 1 0 0 1 0 0 0 0
450	1	1 1 1 1 0 0 1 0 1 1 0 1 0 0 0 0 0 1 0 0
450	5	1 1 1 1 1 0 0 1 0 0 1 1 0 0 0 1 0 0 0 1
450	10	1 1 1 1 1 0 1 0 1 0 0 1 0 0 1 0 0 1 0 0
450	15	1 1 1 1 0 0 1 0 0 1 1 0 1 0 0 1 1 1 0 0
450	10	1 1 1 0 1 0 1 0 1 0 0 0 1 0 1 0 0 0 0 0
450	4	1 0 1 1 1 0 1 0 1 0 0 1 0 0 0 0 0 0 0 0
450	3	1 1 1 1 1 0 0 1 0 0 1 1 1 0 0 0 0 1 0 1
450	27	1 1 1 1 1 0 1 1 1 0 0 1 1 0 1 0 0 1 0 0
450	2	1 1 1 1 0 0 1 1 0 0 1 0 1 0 0 1 0 0 0 0
450	15	1 1 1 1 0 0 0 0 0 0 0 0 0 0 0 1 0 1 0 0
450	2	1 1 1 1 1 0 1 1 1 0 0 1 0 0 1 1 0 0 0 0
450	3	1 1 1 1 1 0 0 0 0 0 1 1 0 0 1 1 0 0 1 0
450	1	1 1 1 1 1 0 0 1 1 1 0 1 1 0 1 0 0 1 0 0
450	16	1 0 1 1 1 1 1 0 1 0 1 1 0 0 0 1 0 1 0 0
450	16	1 1 0 1 1 0 0 1 0 0 1 1 0 0 1 1 0 0 0 0
450	18	0 1 1 1 0 0 1 0 1 0 0 1 1 0 0 1 0 0 0 0
450	2	1 1 1 1 1 0 0 1 0 0 1 1 1 0 0 0 0 0 0 0
450	2	1 1 1 1 0 1 1 0 0 0 1 0 1 0 0 1 0 0 1 0
450	2	1 1 1 1 0 0 1 0 1 0 0 0 0 0 0 1 0 1 0 0
450	1	1 1 1 1 1 0 1 0 0 0 0 0 0 0 0 0 0 1 0 0
450	3	1 1 1 1 1 0 1 0 1 0 1 1 0 0 0 0 0 1 0 0
450	1	1 1 1 1 0 0 1 0 1 0 1 1 1 0 0 1 0 0 0 0
450	8	1 1 1 1 1 0 0 1 0 0 1 1 0 0 1 0 0 1 0 0
450	2	1 1 1 1 1 0 0 0 0 0 1 0 1 0 0 1 0 0 0 0
450	3	1 1 1 1 1 0 1 0 1 1 1 1 0 1 1 0 0 0 0 0
450	12	1 1 1 1 1 0 1 0 0 1 1 1 0 0 1 0 0 0 0 1
450	10	1 1 1 0 1 0 1 0 0 0 0 0 1 0 1 0 0 0 0 0
450	2	1 1 1 1 0 0 0 1 0 0 1 1 0 0 1 1 0 0 1 0
450	4	1 1 1 1 1 0 1 0 1 0 1 1 1 1 0 1 0 1 1 0
450	2	1 1 1 1 1 0 1 0 0 0 1 1 1 0 0 0 0 1 0 1
450	7	1 1 1 1 1 0 1 0 0 1 1 1 0 0 1 0 0 1 0 0
450	3	0 1 1 1 1 0 0 1 0 0 1 1 0 0 0 1 0 0 0 0
450	2	1 1 1 1 1 1 1 0 0 0 0 0 0 0 0 1 0 1 0 0
450	1	1 1 1 1 0 0 1 0 1 0 0 1 1 1 0 1 0 0 0 0
450	6	1 1 1 1 1 0 0 0 1 0 0 1 1 0 0 0 0 0 1 0
450	2	1 1 1 0 1 0 1 1 1 0 0 1 0 0 1 1 0 1 0 0
450	1	1 1 1 1 1 0 1 0 1 0 0 0 1 0 0 1 0 1 0 0
450	1	1 1 1 1 1 0 0 1 0 0 1 1 1 0 1 1 0 0 0 0
450	5	1 1 1 1 1 0 1 1 1 0 0 1 0 0 0 0 0 0 0 1
450	5	1 1 1 1 1 1 1 1 1 0 0 0 1 0 0 1 0 1 0 0
450	16	1 1 1 1 0 0 1 1 1 0 1 0 1 0 0 1 0 0 0 0
450	3	1 1 1 1 0 0 0 1 0 0 0 0 0 0 0 1 0 1 0 0
450	5	1 1 1 1 1 0 1 0 1 0 0 0 0 0 1 1 0 1 0 0
450	2	1 1 1 1 0 0 0 0 1 0 1 1 1 0 0 0 0 0 0 0
450	10	1 1 1 1 0 1 1 1 0 0 1 0 0 0 0 1 0 1 0 0
450	14	1 1 1 1 0 0 1 0 0 1 1 1 0 0 1 0 0 0 0 0
450	2	0 1 1 1 0 0 1 0 0 0 0 0 0 0 0 1 0 1 0 0
450	1	1 1 1 1 1 0 0 1 1 1 0 1 1 0 1 0 0 0 0 0
450	2	0 1 0 1 0 0 1 0 1 0 0 1 1 0 0 1 0 0 0 0
450	1	1 1 1 1 1 0 1 0 0 1 1 1 0 0 0 1 0 0 0 0
450	2	1 1 1 1 0 0 1 0 0 0 0 1 0 0 0 1 0 0 0 0
450	9	1 1 1 0 1 0 1 1 0 0 1 1 0 0 0 1 0 0 0 0
450	3	1 1 1 1 1 0 0 1 0 0 1 1 1 0 1 0 0 0 0 0
450	1	1 1 1 1 0 0 0 1 1 1 0 1 1 0 0 0 0 0 0 0
450	11	1 1 1 1 1 0 1 0 1 1 1 1 0 0 1 0 1 0 0 0
450	5	1 1 1 1 0 0 1 0 1 0 0 1 1 0 0 1 0 0 1 0
450	1	1 1 1 1 1 0 1 0 0 0 0 0 1 0 0 1 0 1 0 0
450	4	1 1 1 1 1 0 0 0 1 0 1 1 0 0 1 0 0 1 0 0
450	4	1 1 1 0 1 0 1 0 1 0 0 1 1 0 0 0 0 1 0 0
450	2	1 1 1 0 1 0 0 1 0 0 1 1 0 0 1 1 0 0 0 0
450	1	1 1 1 0 1 0 1 1 1 0 0 1 0 0 0 1 0 0 0 0
450	1	1 1 0 1 1 0 0 1 0 0 1 1 0 0 0 1 0 0 0 0
450	1	1 1 1 1 1 0 0 0 1 1 0 1 1 0 1 0 0 1 0 0
450	5	1 1 1 1 1 0 1 1 1 0 0 1 0 0 0 0 0 1 0 0
450	4	1 1 1 1 1 0 0 1 1 0 0 1 1 0 0 1 0 0 0 0
450	1	1 1 1 1 1 0 1 1 1 0 0 1 1 0 1 1 0 1 0 1
450	1	0 1 1 1 0 0 0 0 1 0 1 1 1 0 0 0 0 1 0 0
450	2	0 1 1 1 1 1 1 0 1 0 0 0 1 0 0 1 0 1 0 0
450	1	1 1 1 1 0 0 0 1 0 0 1 1 0 0 1 1 0 1 0 0
450	2	1 1 1 1 1 0 1 1 1 1 0 1 1 0 1 1 0 0 0 0
450	2	1 1 1 1 1 0 0 1 0 0 1 1 0 1 0 1 0 0 0 0
450	1	0 1 1 1 0 0 0 0 1 0 0 1 1 0 0 1 0 0 0 0
450	2	1 1 1 1 1 0 1 1 1 0 0 1 1 0 0 1 0 1 0 0
450	3	1 1 1 1 0 0 0 0 0 0 1 1 0 0 1 1 0 0 1 0
450	1	1 1 1 1 1 0 0 1 1 0 0 0 0 0 0 1 0 1 0 0
450	3	1 1 1 1 0 0 1 1 0 0 1 1 1 0 0 1 0 0 0 0
450	2	1 1 1 1 1 0 1 0 1 0 1 1 1 0 1 1 0 1 0 0
450	1	1 1 1 1 1 0 0 0 1 1 1 1 0 0 1 0 0 0 0 0
450	1	1 1 0 1 1 0 1 1 0 0 1 1 0 0 1 1 0 0 0 0
450	4	1 0 1 1 1 0 0 1 0 0 1 1 0 0 1 0 0 1 0 0
450	1	1 1 1 1 0 0 1 1 0 1 1 1 0 0 1 0 0 0 0 0
450	1	1 1 1 1 0 0 0 0 1 1 1 1 0 0 0 0 0 0 1 0
450	1	1 1 1 1 0 0 0 0 0 1 1 1 0 0 1 0 0 0 0 0
450	2	1 1 1 1 0 0 1 0 0 0 0 0 1 0 0 1 0 0 0 0
450	1	1 1 1 1 0 0 1 0 1 1 0 1 0 0 1 1 0 1 0 0
450	3	1 0 1 1 0 0 1 1 0 0 1 1 0 0 0 1 0 0 0 0
450	1	1 1 1 1 1 0 1 0 1 0 0 0 1 0 0 0 0 1 0 0
450	2	1 1 1 1 1 0 0 0 0 1 1 1 0 0 1 0 0 0 0 0
450	3	1 1 1 1 0 0 0 0 1 0 1 1 1 0 1 0 0 1 0 0
450	1	1 1 1 0 0 0 0 0 1 0 1 1 1 0 0 0 0 1 0 0
450	2	1 1 1 1 1 0 1 1 1 0 0 1 0 1 0 0 0 0 0 0
450	1	1 1 1 1 0 0 0 0 1 0 1 0 1 0 0 1 0 0 0 0
450	2	1 1 1 0 0 1 1 1 0 0 1 0 0 0 0 1 0 0 0 0
450	1	1 0 1 1 1 1 1 0 0 0 1 1 0 0 0 1 0 1 0 0
450	1	1 1 1 1 1 1 1 0 0 0 0 0 1 0 0 1 0 1 0 0
450	2	1 1 1 1 0 1 0 1 1 1 0 1 1 0 0 0 0 0 0 0
450	3	1 1 1 1 1 0 1 1 1 0 0 0 0 0 0 1 0 1 0 0
500	27	1 1 1 1 1 0 1 0 0 1 1 1 0 0 1 0 0 0 0 0
500	24	1 1 1 1 1 0 1 1 1 0 0 1 0 0 0 0 0 0 0 0
500	6	1 1 1 1 1 0 0 0 1 0 1 1 0 0 1 0 0 0 0 0
500	6	1 1 1 1 1 0 0 1 0 0 1 1 0 0 0 1 0 0 0 0
500	43	1 1 1 0 1 0 1 0 1 0 0 0 1 0 1 0 0 0 0 0
500	24	1 1 0 1 1 0 0 1 0 0 1 1 0 0 1 1 0 0 0 0
500	13	1 1 1 1 1 0 1 0 0 1 1 1 0 0 1 0 0 0 0 1
500	27	1 1 1 1 1 0 1 0 0 1 1 1 0 0 1 0 0 1 0 0
500	13	0 1 1 1 1 0 0 1 0 0 1 1 0 0 0 1 0 0 0 0
500	24	1 1 1 1 0 0 0 0 1 0 1 1 1 0 0 0 0 0 0 0
500	35	1 1 1 1 1 0 1 0 1 1 1 1 0 0 1 0 1 0 0 0
500	73	1 1 1 1 1 0 1 0 0 1 1 0 0 0 1 0 0 0 0 0
500	36	1 1 1 1 0 0 1 1 0 0 0 0 1 0 0 1 0 0 0 0
500	20	1 1 0 1 1 0 0 1 0 0 1 1 0 0 1 1 0 0 0 1
500	38	1 1 1 1 1 0 1 0 1 0 1 0 1 0 0 1 0 0 0 0
500	3	1 1 1 1 1 0 1 0 1 0 0 1 0 0 1 0 0 0 0 0
500	23	1 1 1 1 0 0 1 1 0 0 1 0 0 0 0 1 0 0 0 0
500	15	1 1 1 1 1 0 1 1 1 0 1 1 1 0 0 0 0 0 0 0
500	51	1 1 1 1 1 1 1 0 1 0 1 0 1 0 0 1 0 0 0 0
500	21	1 1 1 1 1 0 0 0 0 0 1 1 0 0 1 1 0 0 0 0
500	16	1 1 0 1 0 0 0 1 0 0 1 1 0 0 1 0 0 0 0 0
500	3	1 1 1 1 1 0 1 0 0 1 1 1 1 0 1 0 0 0 0 0
500	1	1 1 1 1 1 0 0 0 0 0 1 1 0 0 0 1 0 0 0 0
500	7	1 1 1 1 1 0 1 0 0 1 1 0 0 0 0 1 0 0 0 0
500	6	0 1 1 1 0 0 0 0 1 0 1 1 1 0 0 0 1 0 0 0
500	7	1 1 1 1 1 0 0 0 0 0 1 0 0 0 1 1 0 0 0 0
500	6	1 1 1 1 1 0 1 1 0 0 0 1 0 0 1 1 1 0 0 0
500	2	1 1 1 1 1 1 1 0 1 1 1 1 0 0 1 0 0 0 0 0
500	21	1 1 1 1 1 0 0 1 0 0 1 1 0 1 0 1 0 0 0 0
500	4	1 1 1 1 0 1 1 0 1 0 1 0 1 0 0 1 1 1 0 1
500	19	0 1 1 1 0 0 0 1 1 0 1 1 1 0 0 0 1 0 0 0
500	18	1 1 1 1 1 0 0 1 0 1 1 1 0 0 1 0 0 0 0 0
500	3	0 1 1 1 0 0 0 0 1 0 1 1 1 0 1 0 0 1 0 0
500	3	1 1 1 1 0 0 1 1 1 0 1 1 1 0 0 0 0 0 0 0
500	5	1 1 1 0 1 0 1 0 1 0 0 1 1 0 1 0 0 0 0 0
500	5	0 1 1 1 1 1 0 1 0 0 1 1 0 0 0 1 0 0 0 0
500	8	1 1 1 1 1 0 0 0 0 1 1 1 1 0 1 0 0 0 0 0
500	9	1 1 1 1 1 0 1 1 0 1 0 0 1 0 0 1 0 0 0 0
500	9	1 1 1 0 1 0 1 0 1 0 1 1 1 0 0 0 0 0 0 0
500	3	1 1 1 1 1 0 0 0 0 1 1 1 0 0 0 0 0 0 0 0
500	31	1 1 1 1 1 1 1 0 1 0 1 0 1 0 0 0 0 0 0 0
500	2	1 1 1 1 1 0 1 1 1 0 0 1 0 0 0 1 0 0 0 0
500	6	1 1 1 1 1 0 1 0 0 1 1 1 1 0 0 0 0 0 0 0
500	1	1 1 1 1 1 0 1 1 1 1 1 1 0 0 1 0 0 0 0 0
500	10	1 1 1 1 1 0 1 0 0 1 1 1 0 0 0 0 0 0 0 0
500	4	1 1 1 1 0 0 1 1 0 0 0 0 0 0 0 1 0 0 0 0
500	14	1 1 0 1 1 0 1 1 1 0 1 1 1 0 0 0 0 0 0 0
500	2	1 1 1 1 1 0 0 1 1 0 1 0 1 0 0 1 0 0 0 0
500	8	1 1 0 1 1 1 1 0 1 0 1 0 1 0 0 1 0 0 0 0
500	8	1 1 1 0 0 0 1 1 1 0 1 1 1 0 0 0 0 0 0 0
500	9	0 1 1 1 0 0 0 1 1 0 1 1 1 0 0 0 0 0 0 0
500	6	0 1 1 0 1 0 1 0 1 0 0 1 1 0 0 0 0 1 0 0
500	1	1 1 1 1 1 1 1 1 1 0 1 1 1 0 0 0 0 0 0 0
500	2	1 1 0 1 1 0 1 0 0 1 1 1 0 0 1 0 0 1 0 0
500	1	1 1 1 0 1 0 1 1 0 0 0 1 0 0 1 1 1 0 0 0
500	11	1 1 1 1 0 1 1 0 1 1 0 0 1 0 0 1 0 1 0 0
500	3	1 1 1 1 0 0 0 0 1 0 1 0 1 0 0 1 0 0 0 0
500	5	1 1 1 0 1 0 0 0 1 0 0 0 1 0 1 0 0 0 0 0
500	4	1 1 1 1 0 0 1 0 0 0 0 0 1 0 0 1 0 1 0 0
500	2	1 1 0 1 0 0 0 1 0 0 1 0 1 0 0 1 0 0 0 0
500	10	1 1 1 1 0 0 0 0 1 0 1 1 1 0 1 0 0 0 0 0
500	5	1 1 0 1 1 0 1 0 1 0 1 0 1 0 0 1 0 0 0 0
500	15	1 1 0 0 1 1 1 0 1 0 0 1 1 0 0 0 0 1 0 0
500	4	1 1 1 1 0 0 0 1 0 0 1 1 0 0 1 0 1 0 0 0
500	3	1 1 1 0 1 0 1 0 1 0 0 1 1 0 0 0 0 0 0 0
500	1	1 1 1 1 0 0 1 1 0 0 1 0 0 0 1 0 0 0 0 0
500	5	1 1 1 1 1 0 1 0 0 1 1 1 0 0 0 0 0 1 0 0
500	12	1 1 1 1 1 0 0 0 0 0 1 1 0 0 0 1 0 0 0 1
500	1	1 1 1 1 1 1 1 0 1 0 1 0 1 0 0 0 0 0 0 1
500	3	0 1 1 1 1 0 1 0 0 1 1 1 1 0 0 0 0 0 0 0
500	4	1 1 1 0 1 0 1 0 1 0 1 0 0 0 1 0 0 0 0 0
500	2	1 1 1 1 1 0 1 0 0 1 0 0 0 0 1 0 0 0 0 0
500	2	1 1 1 1 1 0 0 0 1 1 1 1 1 0 1 0 0 0 0 0
500	2	1 1 1 1 0 0 1 0 1 0 1 1 0 0 0 0 0 0 0 0
500	1	1 1 0 1 1 0 1 0 0 1 1 1 0 0 1 1 0 0 0 0
500	3	1 1 1 1 0 0 0 1 1 1 1 1 1 0 1 0 0 0 0 0
500	1	1 1 1 1 0 0 1 1 0 0 1 0 0 1 0 1 0 0 0 0
500	1	1 1 1 1 0 0 1 1 0 0 1 0 0 0 0 0 0 0 0 0
500	4	1 1 1 1 1 0 1 1 1 0 1 1 0 0 0 0 0 0 0 0
500	4	0 1 0 1 1 0 0 1 0 0 1 0 1 0 0 1 0 0 0 0
500	7	1 1 1 1 1 0 1 0 1 0 0 1 0 0 0 0 0 0 0 0
500	1	0 1 0 1 1 1 0 1 0 0 1 1 0 0 0 1 0 0 0 0
500	2	1 1 1 1 0 1 1 0 1 0 1 1 1 0 0 0 0 0 0 0
500	3	1 1 1 0 1 0 0 1 0 0 1 1 0 0 0 1 0 1 0 0
500	3	1 1 0 1 0 0 1 1 0 0 0 0 1 0 0 1 0 0 0 0
500	6	1 1 1 1 1 0 0 0 0 1 1 0 0 0 1 0 0 0 0 0
500	2	1 1 1 1 1 0 1 0 0 1 1 0 0 1 1 0 0 0 0 0
500	11	1 1 1 1 1 0 1 0 1 0 0 0 1 0 0 1 0 0 0 0
500	3	1 1 1 1 1 1 1 0 1 0 1 0 1 0 1 1 0 0 0 0
500	2	1 1 1 0 1 0 1 0 1 1 1 1 0 0 1 0 0 1 0 0
500	5	1 1 1 0 1 0 1 0 1 0 1 0 1 0 0 0 0 1 0 0
500	3	1 1 1 1 1 0 0 1 0 0 1 1 0 1 0 0 0 0 0 0
500	3	1 1 1 1 0 0 0 1 1 0 1 1 1 0 0 0 0 0 0 0
500	1	0 1 1 1 0 0 0 1 1 0 1 0 1 0 0 1 0 0 0 0
500	5	1 1 0 1 0 0 1 1 1 0 1 1 1 0 0 0 0 0 0 0
500	3	0 1 1 1 0 0 1 1 0 0 1 0 0 0 0 1 0 0 0 0
500	3	1 1 1 0 1 0 1 0 1 0 0 0 1 0 1 0 0 0 1 0
500	5	1 1 0 0 1 0 0 1 0 0 1 1 0 0 1 1 0 0 0 0
500	1	0 1 1 1 0 0 0 0 1 0 1 1 1 0 0 0 0 0 0 0
500	5	1 1 1 1 1 0 1 0 1 1 1 1 0 1 1 0 1 0 0 0
500	5	1 1 1 1 1 0 1 0 1 1 1 0 0 0 1 0 0 0 0 0
500	1	1 1 1 1 0 0 1 1 0 1 1 0 0 0 0 1 0 0 0 0
500	4	1 1 1 1 1 0 1 1 0 0 0 0 0 0 1 1 1 0 0 0
500	1	1 1 1 0 1 0 1 0 1 1 1 1 1 0 0 0 0 0 0 0
500	2	1 1 1 1 1 0 1 0 1 1 1 0 0 0 1 0 1 0 0 0
500	2	1 1 1 1 1 0 1 0 0 0 0 1 0 0 1 0 0 0 0 0
500	2	1 1 0 1 1 1 0 0 1 0 1 0 1 0 0 1 0 0 0 0
500	2	1 1 1 0 0 0 1 1 1 0 1 1 1 0 0 0 0 0 0 1
500	2	1 1 1 1 1 0 1 0 0 1 1 1 0 1 0 0 0 1 0 0
500	1	0 1 1 1 0 0 0 0 1 0 1 1 1 0 1 1 0 0 0 0
500	2	1 1 1 1 1 0 0 1 0 1 1 1 0 0 1 0 0 1 0 0
500	1	1 1 1 1 1 0 1 1 1 1 1 1 0 0 1 0 1 0 0 0
500	1	1 1 1 1 1 0 0 0 0 0 1 1 0 0 1 1 0 0 1 0
500	1	1 1 1 1 1 1 1 0 0 1 1 0 0 0 0 1 0 0 0 0
500	1	0 1 1 1 0 0 1 0 1 0 1 1 1 0 0 0 1 0 0 0
500	2	0 1 1 1 0 0 0 0 1 0 1 1 1 0 0 0 1 0 0 1
500	2	0 1 1 1 0 0 0 1 1 0 1 1 1 1 0 0 1 0 0 0
500	1	1 1 1 0 1 0 0 1 0 0 1 0 0 0 0 1 0 0 0 0
500	1	1 1 1 0 1 0 1 0 1 0 1 1 1 0 0 0 1 0 0 0
500	1	1 1 1 1 0 1 1 0 1 1 0 0 1 0 0 1 0 0 0 0
500	1	1 1 1 1 1 0 1 0 1 0 0 0 1 0 0 1 0 0 0 1
