0	11	0 0 0 0 0 0 1 0 0 1 0 0 0 0 0 0 1 1 0 0
0	13	0 0 0 0 0 1 1 1 0 0 0 0 0 1 0 1 0 0 0 0
0	13	0 0 1 0 0 0 0 1 0 0 1 0 0 1 0 0 0 0 0 0
0	13	0 0 0 1 0 0 0 0 0 1 0 0 0 0 0 0 1 0 0 1
20	7	0 0 0 0 0 0 1 0 0 1 0 0 0 0 0 0 1 1 0 0
20	1	0 0 1 0 0 0 0 1 0 0 1 0 0 1 0 0 0 0 0 0
20	21	0 0 0 1 0 0 0 0 0 1 0 0 0 0 0 0 1 0 0 1
20	4	0 0 0 0 0 0 1 0 0 1 0 0 0 0 0 0 1 0 0 1
20	1	0 0 0 1 0 0 0 0 0 0 0 0 0 0 0 0 1 0 0 1
20	1	0 0 0 0 0 0 1 0 0 1 0 1 0 0 0 0 1 1 0 0
20	1	0 0 0 0 0 0 1 0 0 1 0 0 0 0 0 0 1 1 1 0
20	1	0 0 0 1 0 0 0 0 1 1 0 0 0 0 0 0 1 0 0 1
20	1	0 0 0 0 0 0 1 0 0 1 0 0 0 0 0 0 1 1 0 1
20	1	0 0 0 0 0 0 1 0 0 1 0 0 0 0 1 0 1 1 0 0
20	1	0 0 0 0 0 0 1 0 0 1 0 0 1 0 0 0 1 1 0 0
20	1	0 0 0 1 0 0 0 0 0 1 0 0 1 0 0 0 1 0 0 1
20	1	1 1 0 1 0 0 0 0 0 1 0 0 0 0 0 0 1 0 0 1
20	1	1 0 0 1 0 0 0 0 0 1 0 0 0 0 0 0 1 0 0 1
20	1	0 1 0 1 0 0 0 0 0 0 0 0 0 0 0 0 1 0 0 1
20	1	0 0 0 1 0 0 0 1 0 0 1 0 0 1 0 1 1 0 0 1
20	2	0 0 0 1 0 0 1 0 0 1 0 0 0 0 0 0 1 0 0 1
20	1	0 0 1 0 1 0 0 1 0 0 0 0 0 1 0 0 0 0 0 0
20	1	0 0 0 0 0 0 1 0 0 1 0 1 0 0 1 0 1 1 0 0
20	1	0 0 0 0 0 0 1 1 0 1 0 0 0 0 0 0 1 0 0 1
40	15	0 0 0 1 0 0 0 0 0 1 0 0 0 0 0 0 1 0 0 1
40	2	0 0 0 0 0 0 1 0 0 1 0 0 0 0 0 0 1 0 0 1
40	3	0 0 0 0 0 0 1 0 0 1 0 0 0 0 0 0 1 1 0 1
40	1	0 1 0 1 0 0 0 0 0 1 0 0 0 0 0 0 1 0 0 1
40	1	0 0 1 0 0 0 0 1 0 0 1 0 0 0 0 0 1 0 0 1
40	2	0 0 0 0 0 0 0 0 0 1 0 0 0 0 0 0 1 0 0 1
40	6	0 0 1 0 0 0 0 0 0 1 0 0 0 0 0 0 1 0 0 1
40	1	0 0 0 1 0 0 0 0 0 1 0 0 1 0 0 0 1 0 0 1
40	3	1 1 0 1 0 0 0 0 0 1 0 0 0 0 0 0 1 0 0 1
40	1	0 0 0 1 0 0 1 1 0 0 0 0 0 1 0 1 0 0 0 1
40	1	0 0 0 0 0 0 1 0 0 1 0 0 0 0 1 0 1 1 0 1
40	1	0 0 1 1 0 0 0 0 0 1 0 0 0 0 0 0 1 0 0 1
40	1	0 0 0 1 0 0 0 1 0 0 1 0 0 1 0 1 1 0 0 1
40	1	0 0 0 1 0 0 1 0 0 1 0 0 0 0 0 0 1 0 0 1
40	1	1 0 1 1 0 0 0 1 0 1 0 0 0 0 0 0 1 0 0 1
40	1	0 0 0 1 0 0 0 0 0 1 0 0 0 0 0 0 1 1 0 0
40	2	0 0 0 1 1 0 0 0 0 1 0 0 0 0 0 0 1 0 0 1
40	1	0 0 0 1 0 0 0 0 0 1 1 0 0 0 0 0 1 0 0 1
40	1	0 0 0 0 0 0 1 0 0 1 0 0 1 0 0 0 1 0 0 1
40	2	1 1 0 1 0 0 0 1 0 1 0 0 0 0 0 0 1 0 0 1
40	1	0 0 1 0 0 0 0 0 0 1 0 0 1 0 0 0 1 0 0 1
40	1	1 1 0 1 0 0 0 0 0 1 0 1 0 0 0 0 1 0 0 1
40	1	0 0 0 1 0 0 0 0 0 0 0 0 0 0 0 0 0 0 0 1
60	10	0 0 0 1 0 0 0 0 0 1 0 0 0 0 0 0 1 0 0 1
60	1	0 1 0 1 0 0 0 0 0 1 0 0 0 0 0 0 1 0 0 1
60	1	0 0 1 0 0 0 0 1 0 0 1 0 0 0 0 0 1 0 0 1
60	3	0 0 1 0 0 0 0 0 0 1 0 0 0 0 0 0 1 0 0 1
60	2	1 1 0 1 0 0 0 0 0 1 0 0 0 0 0 0 1 0 0 1
60	1	1 0 0 1 0 0 0 0 0 1 0 0 0 0 0 0 1 0 0 1
60	2	0 1 0 1 0 0 0 0 0 1 0 0 0 0 0 1 1 0 0 1
60	1	0 0 0 0 0 0 1 0 0 1 0 0 0 0 1 0 1 1 0 1
60	2	0 0 1 1 0 0 0 0 0 1 0 0 0 0 0 0 1 0 0 1
60	4	1 0 1 1 0 0 0 1 0 1 0 0 0 0 0 0 1 0 0 1
60	2	0 0 0 1 0 0 0 0 0 1 1 0 0 0 0 0 1 0 0 1
60	1	0 0 0 1 0 0 0 0 0 1 0 0 0 0 1 0 1 0 1 1
60	1	1 1 0 1 0 0 0 1 0 1 0 0 0 0 0 0 1 0 0 1
60	2	1 1 0 0 0 0 0 0 0 1 0 0 0 0 0 0 1 0 0 1
60	1	0 0 0 0 0 1 1 0 0 0 1 0 0 1 0 0 0 1 1 0
60	1	0 0 1 0 0 0 1 0 0 1 0 0 0 0 0 0 1 0 0 1
60	2	1 1 0 1 0 0 0 0 0 1 0 0 0 0 0 0 1 1 0 1
60	1	0 0 1 1 0 0 0 0 0 1 0 1 0 0 0 0 1 0 0 1
60	2	0 0 0 1 0 0 0 0 0 1 0 0 1 0 0 1 1 1 0 1
60	1	0 0 1 0 0 1 0 1 0 0 1 0 0 0 0 1 1 0 0 1
60	1	0 0 0 1 0 0 0 1 0 1 1 0 0 0 0 0 1 0 0 1
60	2	0 0 1 1 0 0 0 0 0 1 0 0 0 1 0 1 1 0 0 1
60	2	0 0 0 0 0 0 0 0 0 1 0 0 0 0 0 0 1 0 1 1
60	1	0 1 1 0 0 0 0 1 0 0 1 0 0 0 0 0 1 0 0 1
60	1	0 0 1 1 0 0 0 1 0 1 0 0 0 0 0 0 1 0 0 1
60	1	1 1 0 1 0 1 1 0 0 1 0 0 0 0 0 0 1 0 0 1
60	1	0 0 1 1 0 0 0 1 0 1 0 0 0 1 0 0 1 0 0 1
80	3	0 0 0 1 0 0 0 0 0 1 0 0 0 0 0 0 1 0 0 1
80	2	0 0 0 1 0 0 0 0 0 0 0 0 0 0 0 0 1 0 0 1
80	1	0 1 0 1 0 0 0 0 0 1 0 0 0 0 0 0 1 0 0 1
80	1	0 0 1 0 0 0 0 1 0 0 1 0 0 0 0 0 1 0 0 1
80	1	0 0 1 0 0 0 0 0 0 1 0 0 0 0 0 0 1 0 0 1
80	5	1 1 0 1 0 0 0 0 0 1 0 0 0 0 0 0 1 0 0 1
80	3	0 1 0 1 0 0 0 0 0 1 0 0 0 0 0 1 1 0 0 1
80	2	0 0 1 1 0 0 0 0 0 1 0 0 0 0 0 0 1 0 0 1
80	1	1 0 1 1 0 0 0 1 0 1 0 0 0 0 0 0 1 0 0 1
80	1	0 0 0 1 0 0 0 0 0 1 0 0 0 0 1 0 1 0 1 1
80	2	0 0 0 0 0 1 1 0 0 0 1 0 0 1 0 0 0 1 1 0
80	1	0 0 0 1 0 0 0 0 1 1 0 0 0 0 0 0 1 0 0 1
80	5	1 1 0 1 0 0 0 0 0 1 0 0 0 0 0 0 1 1 0 1
80	1	0 0 1 1 0 0 0 0 0 1 0 1 0 0 0 0 1 0 0 1
80	1	1 1 0 1 0 0 0 0 0 1 0 0 0 0 1 0 1 0 0 1
80	1	1 1 0 1 0 0 0 0 1 1 0 0 0 0 0 0 1 1 0 1
80	1	1 0 0 1 0 0 0 0 0 1 0 0 1 0 0 1 1 1 0 1
80	1	1 1 0 1 0 0 0 1 0 0 1 0 0 0 0 0 1 0 0 1
80	2	0 0 0 1 0 0 0 0 0 1 0 0 0 0 0 0 1 1 0 1
80	1	0 1 0 0 0 0 1 0 1 1 0 0 0 1 0 1 1 0 0 1
80	1	0 0 0 1 0 0 0 0 0 1 0 0 0 0 1 0 1 1 0 1
80	2	0 0 0 1 0 0 0 0 0 1 0 0 0 0 0 1 1 0 0 1
80	1	0 0 1 1 0 0 0 0 0 1 0 1 0 0 0 0 1 1 0 1
80	1	0 0 0 1 0 0 0 0 0 1 0 0 1 0 0 0 1 0 0 1
80	1	1 1 0 1 0 0 0 0 0 1 0 0 0 0 0 1 1 1 0 1
80	2	1 1 0 1 0 0 0 0 0 1 1 0 0 0 0 0 1 0 0 1
80	1	0 1 0 1 0 0 0 0 0 1 0 0 0 0 0 0 1 1 0 1
80	1	0 0 0 1 0 0 0 0 0 1 0 1 0 0 0 0 1 0 0 1
80	1	0 0 0 1 0 0 0 0 0 1 0 0 0 0 1 1 1 1 0 1
80	1	1 1 0 1 0 0 0 0 0 1 0 0 0 0 0 0 0 0 0 1
80	1	0 1 0 1 0 0 0 0 0 0 0 0 1 0 0 1 1 1 0 1
80	1	0 1 1 1 0 0 0 0 0 1 0 1 0 0 0 0 1 0 0 1
100	2	0 0 0 1 0 0 0 0 0 0 0 0 0 0 0 0 1 0 0 1
100	3	0 0 0 0 0 0 1 0 0 1 0 0 0 0 0 0 1 1 0 1
100	2	1 1 0 1 0 0 0 0 0 1 0 0 0 0 0 0 1 0 0 1
100	1	0 1 0 1 0 0 0 0 0 1 0 0 0 0 0 1 1 0 0 1
100	7	1 1 0 1 0 0 0 0 0 1 0 0 0 0 0 0 1 1 0 1
100	3	0 0 1 1 0 0 0 0 0 1 0 1 0 0 0 0 1 0 0 1
100	2	1 0 0 1 0 0 0 0 0 1 0 0 1 0 0 1 1 1 0 1
100	3	1 0 1 1 0 0 0 1 0 0 0 0 0 0 0 0 1 0 0 1
100	1	0 0 0 1 0 0 0 0 0 1 0 0 0 0 0 0 1 1 0 1
100	1	0 0 1 1 0 1 0 0 0 1 0 0 0 1 0 1 1 0 0 1
100	3	1 1 0 1 0 0 0 0 0 1 0 0 0 0 0 1 1 1 0 1
100	1	1 1 0 1 0 0 1 0 0 1 0 0 0 0 1 0 1 0 0 1
100	2	1 1 0 1 0 0 0 0 0 1 1 0 0 0 0 0 1 0 0 1
100	1	0 0 0 1 0 0 0 0 1 1 0 0 0 0 0 0 1 1 0 1
100	1	0 0 1 1 0 0 0 0 0 1 0 1 0 1 0 0 1 0 0 1
100	3	0 0 1 1 0 0 0 0 0 1 0 0 1 0 0 0 1 0 0 1
100	1	0 0 1 0 0 0 0 0 0 1 0 0 0 0 0 0 1 1 0 1
100	1	0 0 1 1 0 0 0 0 1 1 0 1 0 0 0 0 1 0 0 1
100	1	1 0 1 1 0 0 1 1 0 1 0 0 0 0 0 0 1 0 0 1
100	3	0 0 1 1 0 0 0 0 0 0 0 0 0 1 0 0 1 0 0 1
100	3	1 1 1 1 0 0 0 0 0 1 0 0 0 0 0 0 1 1 0 1
100	1	1 1 0 1 0 0 0 0 1 1 0 0 0 0 0 0 1 0 0 1
100	1	0 1 1 1 0 0 0 1 0 0 0 0 0 0 0 0 1 0 0 1
100	1	1 0 1 1 1 0 0 1 0 1 0 0 0 0 0 0 1 0 0 1
100	1	1 0 1 1 0 0 1 0 0 0 0 0 0 0 0 0 1 0 0 1
100	1	0 0 1 1 0 0 0 0 0 1 0 0 0 1 0 0 1 1 0 1
120	1	0 0 1 0 0 0 0 0 0 1 0 0 0 0 0 0 1 0 0 1
120	2	1 1 0 1 0 0 0 0 0 1 0 0 0 0 0 0 1 0 0 1
120	2	1 0 1 1 0 0 0 1 0 1 0 0 0 0 0 0 1 0 0 1
120	1	1 0 0 1 0 0 0 0 0 1 0 0 1 0 0 1 1 1 0 1
120	2	1 1 0 1 0 0 0 0 0 1 0 0 0 0 0 1 1 1 0 1
120	1	0 0 0 1 0 0 0 0 1 1 0 0 0 0 0 0 1 1 0 1
120	1	1 1 1 0 0 0 0 1 0 0 1 0 0 0 0 0 1 0 0 1
120	1	1 1 1 1 0 0 0 1 0 1 0 0 0 0 0 0 1 0 0 1
120	1	1 1 0 1 0 0 1 0 1 0 0 0 0 0 0 0 1 1 0 1
120	2	1 0 1 1 0 0 1 1 0 1 0 0 0 0 0 0 1 0 0 1
120	1	1 1 1 1 0 0 0 0 0 1 0 0 0 0 0 0 1 1 0 1
120	1	1 1 0 1 0 0 0 0 1 1 0 0 0 0 0 0 1 0 0 1
120	1	1 1 1 1 0 0 0 0 0 1 0 0 0 0 0 0 1 0 0 1
120	1	1 1 1 1 0 0 0 0 0 1 1 0 0 0 0 0 1 1 0 1
120	2	0 0 1 1 0 0 0 0 0 0 0 0 0 0 0 0 1 1 0 1
120	1	0 0 0 1 0 0 1 0 0 1 0 1 0 0 0 0 1 0 0 1
120	9	1 1 1 1 0 0 0 0 1 0 0 0 0 0 0 0 1 1 0 1
120	1	0 1 0 1 0 0 0 1 0 0 1 0 0 0 0 0 1 0 1 1
120	1	1 0 1 1 0 0 0 1 0 0 0 0 0 0 1 0 1 0 0 1
120	1	1 1 0 1 0 0 0 0 0 1 0 0 1 0 0 0 1 0 0 1
120	1	1 1 0 1 0 0 1 0 1 0 0 0 0 0 0 0 1 0 0 1
120	1	1 1 1 1 0 0 0 0 0 1 0 0 0 0 0 0 1 1 0 0
120	2	0 1 0 1 0 0 0 0 0 1 1 0 0 0 0 1 1 1 0 1
120	1	0 1 0 1 1 0 0 0 0 1 1 0 0 0 0 1 1 0 0 1
120	1	1 0 1 1 0 0 1 0 1 0 0 0 0 0 0 0 1 1 0 1
120	1	1 1 0 1 0 0 0 0 0 1 0 1 1 0 0 0 1 1 0 1
120	1	1 0 1 1 1 0 0 0 0 1 1 1 0 0 0 0 1 1 1 1
120	1	1 0 0 1 0 0 0 0 0 1 0 0 1 0 0 1 1 1 0 0
120	1	0 0 1 0 0 0 1 1 0 1 0 0 0 0 0 0 1 0 0 1
120	1	0 1 1 1 0 0 0 0 0 1 0 0 0 0 0 0 1 0 0 1
120	2	0 0 0 1 0 0 0 0 1 1 0 0 0 0 0 0 1 0 0 1
120	1	0 0 1 0 0 1 0 0 0 1 0 0 0 1 0 1 1 0 0 1
120	2	0 0 1 1 0 0 1 1 0 1 0 0 1 0 0 0 1 0 0 1
120	1	0 0 0 0 0 1 1 0 0 0 0 0 0 0 0 0 1 1 0 1
140	1	0 0 0 0 0 0 1 0 0 1 0 0 0 0 0 0 1 1 0 1
140	1	1 0 0 1 0 0 0 0 0 1 0 0 0 0 0 0 1 0 0 1
140	1	1 0 1 1 0 0 0 1 0 1 0 0 0 0 0 0 1 0 0 1
140	1	1 1 0 1 0 0 0 0 1 1 0 0 0 0 0 0 1 1 0 1
140	1	0 0 1 1 0 1 0 0 0 1 0 0 0 1 0 1 1 0 0 1
140	1	1 0 1 1 0 0 1 0 0 1 0 0 0 0 0 0 1 0 0 1
140	1	0 0 1 1 0 0 0 0 0 1 0 0 1 0 0 0 1 0 0 1
140	2	1 1 0 1 0 1 0 0 0 1 0 0 0 0 0 0 1 1 0 1
140	1	0 0 0 0 0 0 0 0 0 1 0 0 0 0 0 0 1 0 0 1
140	3	1 0 1 1 0 0 1 1 0 1 0 0 0 0 0 0 1 0 0 1
140	1	0 0 1 1 0 0 0 0 0 0 0 0 0 1 0 0 1 0 0 1
140	5	1 1 1 1 0 0 0 0 0 1 0 0 0 0 0 0 1 1 0 1
140	3	0 0 1 1 0 0 0 0 0 0 0 0 0 0 0 0 1 0 0 1
140	1	1 1 0 1 0 0 0 0 1 1 0 0 0 0 0 0 1 0 0 1
140	4	1 1 1 1 0 0 0 0 0 1 1 0 0 0 0 0 1 1 0 1
140	1	1 1 0 1 0 0 1 0 1 0 0 0 1 0 0 0 1 1 0 1
140	2	1 1 0 1 0 0 0 1 0 1 0 0 0 0 0 0 1 1 0 1
140	2	0 0 1 1 0 0 0 1 0 0 0 0 0 0 0 0 1 0 0 1
140	2	0 0 1 0 0 0 0 0 0 1 0 1 0 0 0 0 1 1 0 1
140	1	0 1 0 1 0 0 0 0 0 1 1 0 0 0 0 1 1 1 0 1
140	1	0 0 0 0 0 0 0 0 0 1 0 0 0 0 0 0 1 1 0 1
140	2	0 0 0 1 0 0 1 0 1 1 1 0 0 1 0 0 0 1 0 1
140	1	0 0 0 1 0 0 0 0 1 1 0 0 0 0 0 0 1 0 0 1
140	1	1 0 0 1 1 0 0 0 0 1 1 1 0 0 0 0 1 1 1 1
140	2	1 1 0 1 0 0 0 0 0 1 1 0 0 0 0 1 1 1 0 1
140	1	0 0 1 0 0 0 0 1 0 1 0 1 0 0 0 0 1 1 0 1
140	1	1 1 1 1 0 0 0 0 0 1 0 0 1 0 0 1 1 0 0 1
140	1	1 1 1 1 0 0 1 0 0 1 1 0 1 0 0 0 1 0 0 1
140	1	0 0 0 0 0 0 1 0 0 1 0 0 0 0 0 1 1 1 0 1
140	1	1 1 1 1 0 0 0 1 0 1 1 0 0 0 0 0 1 1 0 1
140	1	1 1 0 1 0 0 0 0 0 1 0 1 0 0 0 0 1 1 0 1
140	1	0 0 1 1 0 1 0 0 0 1 0 0 0 0 0 1 1 0 0 1
140	1	0 0 1 1 0 0 1 1 1 0 0 0 0 0 0 0 1 0 0 1
160	1	1 1 0 1 0 0 0 0 0 1 0 0 0 0 0 0 1 1 0 1
160	2	1 1 0 1 0 0 0 0 1 1 0 0 0 0 0 0 1 1 0 1
160	1	1 0 1 1 0 0 1 0 0 1 0 0 0 0 0 0 1 0 0 1
160	2	1 1 0 1 0 0 1 0 1 0 0 0 0 0 0 0 1 1 0 1
160	2	0 0 1 1 0 0 0 0 0 0 0 0 0 1 0 0 1 0 0 1
160	1	1 1 1 1 0 0 0 0 0 1 0 0 0 0 0 0 1 1 0 1
160	1	1 1 1 1 0 0 0 0 0 1 0 0 0 0 0 0 1 0 0 1
160	6	1 1 1 1 0 0 0 0 0 1 1 0 0 0 0 0 1 1 0 1
160	1	1 1 0 1 0 0 0 1 0 1 0 0 0 0 0 0 1 1 0 1
160	2	0 1 0 1 0 0 0 1 0 0 1 0 0 0 0 0 1 0 1 1
160	5	1 1 1 1 0 0 0 1 0 1 0 0 0 0 0 0 1 1 0 1
160	1	1 1 1 1 0 0 0 0 0 1 1 0 0 0 0 1 1 1 0 1
160	2	1 1 0 1 0 0 0 0 0 1 1 0 0 0 0 1 1 1 0 1
160	2	1 1 1 1 0 0 0 0 1 0 0 1 1 0 0 0 1 1 0 1
160	1	1 1 0 1 0 0 0 1 0 1 1 0 1 0 0 0 1 0 0 1
160	1	1 0 1 1 0 0 0 0 0 1 0 0 1 0 0 1 1 1 0 1
160	1	1 1 1 1 0 0 0 0 1 1 0 0 0 0 1 0 1 1 0 1
160	1	0 1 1 1 0 0 0 1 0 1 0 0 0 0 0 0 1 1 0 1
160	1	1 1 0 1 0 0 1 0 0 1 0 0 0 0 0 0 1 0 0 1
160	2	1 1 1 1 0 0 0 0 0 1 0 0 1 0 0 0 1 1 0 1
160	1	1 1 1 1 0 0 0 1 0 1 0 0 0 0 0 1 1 1 0 1
160	2	0 1 0 1 0 0 0 0 0 1 1 0 0 0 0 1 1 0 0 1
160	1	0 0 1 1 0 1 0 0 0 1 0 1 0 1 0 1 1 0 0 1
160	1	1 0 0 1 0 0 1 0 1 1 1 0 0 1 0 0 0 1 0 1
160	1	0 0 1 1 0 0 1 0 0 0 0 0 0 0 0 0 0 0 0 1
160	1	1 1 0 1 0 0 1 0 0 1 0 0 0 0 0 0 1 1 0 1
160	1	1 1 0 1 0 1 0 0 0 1 0 0 0 0 0 1 1 1 0 0
160	1	0 0 1 1 0 0 1 1 0 0 0 0 0 0 0 0 1 1 0 1
160	2	1 1 1 0 0 0 0 0 0 1 1 0 0 0 0 0 1 1 0 1
160	1	1 1 1 1 0 0 1 0 0 1 1 0 0 0 0 0 1 1 0 1
160	1	1 1 0 1 0 0 0 0 0 1 1 1 0 0 0 1 1 1 0 1
160	1	0 0 1 1 0 0 0 0 1 0 0 0 0 1 0 0 1 0 0 0
180	1	1 1 0 1 0 0 0 0 0 1 0 0 0 0 0 0 1 1 0 1
180	2	1 0 1 1 0 0 1 0 0 1 0 0 0 0 0 0 1 0 0 1
180	1	1 1 0 1 0 0 1 0 1 0 0 0 0 0 0 0 1 1 0 1
180	4	1 1 1 1 0 0 0 0 0 1 1 0 0 0 0 0 1 1 0 1
180	6	1 1 1 1 0 0 0 1 0 1 0 0 0 0 0 0 1 1 0 1
180	1	1 1 1 1 0 0 0 0 1 0 0 1 1 0 0 0 1 1 0 1
180	1	1 1 1 1 0 0 0 0 1 1 0 0 0 0 1 0 1 1 0 1
180	4	0 1 1 1 0 0 0 1 0 1 0 0 0 0 0 0 1 1 0 1
180	2	1 1 1 1 0 0 0 0 0 1 0 0 1 0 0 0 1 1 0 1
180	1	0 0 1 1 0 0 0 0 0 0 0 0 0 0 1 0 1 0 0 1
180	2	1 1 0 1 0 0 0 0 0 1 1 0 0 1 0 1 1 1 0 1
180	1	1 0 1 1 0 0 0 0 1 0 0 1 1 0 0 0 1 1 0 1
180	3	0 0 1 1 0 0 0 0 1 0 0 0 0 0 0 0 1 1 0 1
180	1	1 1 0 1 0 0 1 0 0 0 0 0 0 0 0 0 1 1 0 1
180	2	1 1 0 1 0 0 0 0 0 1 1 1 0 0 0 1 1 1 0 1
180	1	1 1 0 1 1 0 0 1 0 0 1 0 0 0 0 0 1 0 1 1
180	1	1 1 0 0 0 0 1 0 1 1 0 0 0 0 1 0 1 1 0 1
180	1	0 0 1 0 0 0 0 0 0 1 0 0 0 0 0 0 1 1 0 1
180	1	1 1 1 1 0 0 0 0 1 0 0 0 0 0 1 0 1 1 0 1
180	1	1 1 0 1 0 0 1 0 1 0 0 0 0 0 0 0 1 0 0 1
180	1	0 1 1 1 0 0 0 1 0 0 1 0 0 0 0 0 1 0 1 1
180	1	1 1 0 1 0 0 0 0 0 1 0 1 0 0 0 0 1 1 0 1
180	1	1 1 1 1 0 0 1 1 0 0 0 0 0 0 1 0 1 0 0 1
180	1	1 1 1 1 0 0 0 0 0 1 1 0 0 0 1 0 1 1 0 1
180	1	0 1 1 1 0 0 0 1 0 1 0 0 0 0 0 1 1 1 0 1
180	1	1 1 0 1 0 0 0 0 0 1 1 0 0 0 0 0 1 1 0 0
180	2	1 1 1 1 0 0 0 0 0 1 1 0 1 0 0 0 1 1 0 1
180	1	1 1 1 1 0 0 0 1 0 1 1 1 0 0 0 1 1 1 0 1
180	1	1 1 1 1 0 0 0 0 0 1 1 0 0 0 0 1 1 1 0 1
180	1	1 1 1 1 0 0 0 1 0 1 1 0 0 0 0 1 1 1 0 1
180	1	1 0 0 1 0 0 0 1 1 0 1 0 0 0 0 0 1 0 1 1
180	1	1 1 1 0 0 0 0 1 0 1 0 0 0 0 1 0 1 1 0 1
200	2	1 1 0 1 0 0 1 0 1 0 0 0 0 0 0 0 1 1 0 1
200	4	1 1 1 1 0 0 0 0 0 1 1 0 0 0 0 0 1 1 0 1
200	3	1 1 1 1 0 0 0 1 0 1 0 0 0 0 0 0 1 1 0 1
200	3	0 1 1 1 0 0 0 1 0 1 0 0 0 0 0 0 1 1 0 1
200	3	1 1 1 1 0 0 0 0 0 1 0 0 1 0 0 0 1 1 0 1
200	1	1 1 1 1 0 0 0 1 0 1 0 0 0 0 0 1 1 1 0 1
200	3	1 1 0 1 0 0 0 0 0 1 1 0 0 1 0 1 1 1 0 1
200	2	1 1 1 1 0 0 0 0 0 1 0 0 0 0 0 0 1 1 0 1
200	2	1 1 1 1 0 0 0 1 0 1 0 0 0 0 0 0 1 0 0 1
200	1	1 0 0 1 0 0 0 0 0 1 1 0 0 0 1 1 1 1 0 1
200	1	1 1 1 1 0 0 1 1 0 1 0 0 0 0 1 0 1 0 0 1
200	2	1 0 1 1 0 0 1 1 0 1 0 0 0 0 0 0 1 0 1 1
200	2	1 1 1 1 0 0 0 0 0 1 1 0 0 0 1 0 1 1 0 1
200	1	1 1 1 1 0 0 0 0 0 1 1 0 1 0 0 0 1 1 0 1
200	1	1 1 1 1 0 0 0 1 0 1 0 0 0 1 0 0 1 1 0 1
200	3	1 1 1 1 0 0 1 0 1 0 1 0 0 0 0 0 1 1 0 1
200	1	1 1 0 1 0 0 0 0 0 1 1 0 0 0 0 0 1 1 0 1
200	1	1 1 1 1 0 0 0 1 0 1 0 1 0 1 0 0 1 1 0 1
200	1	0 0 1 0 0 0 0 0 0 1 0 0 0 0 0 1 1 1 0 1
200	1	1 0 1 1 0 0 1 1 0 1 0 0 0 0 0 0 1 1 0 1
200	2	1 0 0 1 0 0 0 1 0 1 0 0 0 0 0 0 1 1 0 1
200	1	1 1 0 1 0 0 0 0 0 0 0 0 0 0 0 0 1 1 0 1
200	1	1 1 1 1 0 0 0 0 0 1 0 0 1 0 0 0 1 1 0 0
200	1	1 1 1 1 0 0 0 0 1 1 0 1 0 1 0 0 1 0 0 1
200	1	1 1 0 1 0 0 0 0 0 1 0 0 1 0 1 0 1 1 0 1
200	1	1 1 1 1 0 0 0 1 0 0 0 0 0 0 1 0 1 0 0 1
200	1	0 0 1 0 0 0 1 0 0 1 0 0 0 0 0 0 1 0 1 1
200	1	1 1 1 1 0 0 0 1 0 0 1 0 0 0 0 0 1 1 1 1
200	1	1 1 1 1 0 0 0 0 1 1 0 0 0 0 0 0 1 1 0 1
200	1	1 0 1 1 0 0 0 0 0 1 0 0 0 0 0 0 1 1 0 1
200	1	1 1 1 1 0 0 0 0 1 1 0 0 0 0 0 0 1 0 0 1
220	3	1 1 0 1 0 0 1 0 1 0 0 0 0 0 0 0 1 1 0 1
220	5	1 1 1 1 0 0 0 1 0 1 0 0 0 0 0 0 1 1 0 1
220	1	1 1 1 1 0 0 0 0 0 1 0 0 1 0 0 0 1 1 0 1
220	1	1 1 1 1 0 0 0 1 0 1 0 0 0 0 0 1 1 1 0 1
220	1	1 1 1 1 0 0 0 0 0 1 1 0 0 0 0 1 1 0 0 1
220	3	1 1 1 1 0 0 0 0 0 1 0 0 0 0 0 0 1 1 0 1
220	1	1 1 1 1 0 0 0 1 0 1 0 0 0 0 0 0 1 0 0 1
220	3	1 0 1 1 0 0 1 1 0 1 0 0 0 0 0 0 1 0 1 1
220	2	1 1 1 1 0 0 0 1 0 1 0 0 0 1 0 0 1 1 0 1
220	4	1 1 1 1 0 0 1 0 1 0 1 0 0 0 0 0 1 1 0 1
220	3	1 1 0 1 0 0 0 0 0 0 1 0 0 0 1 0 1 0 0 1
220	1	0 0 1 1 0 0 1 1 0 1 0 0 0 0 1 0 1 1 0 1
220	1	1 1 1 0 0 0 1 1 0 1 0 0 0 0 1 0 1 0 0 1
220	2	1 1 0 1 1 1 0 0 1 1 1 0 0 0 0 0 1 1 1 0
220	1	1 1 0 1 0 0 1 0 1 0 1 1 0 0 1 0 1 0 0 1
220	1	1 1 1 1 0 0 1 0 0 1 0 1 1 0 0 0 1 1 0 1
220	2	1 0 1 1 0 0 0 1 0 1 0 0 0 0 0 0 1 1 0 1
220	1	1 1 0 1 0 0 1 1 0 1 0 0 0 0 1 0 1 0 0 1
220	1	1 1 1 1 0 0 0 0 0 0 1 0 0 0 0 0 1 1 0 1
220	1	0 0 0 1 0 0 0 1 0 1 0 0 0 0 0 0 1 1 0 1
220	1	1 0 1 1 0 0 0 0 0 1 0 0 0 0 0 0 0 0 0 1
220	2	1 1 1 1 0 0 1 1 0 1 0 0 0 0 0 0 1 1 0 1
220	1	1 1 1 1 0 0 0 1 0 0 1 0 0 0 0 0 0 0 0 1
220	1	1 1 1 1 0 0 0 0 0 1 0 1 0 0 0 0 1 1 0 1
220	1	1 0 1 1 0 0 1 1 0 1 0 0 0 0 0 0 1 0 0 1
220	1	0 1 1 0 0 0 1 1 0 1 0 0 0 0 1 0 1 0 0 1
220	1	1 1 1 1 0 0 0 0 0 0 0 0 0 0 0 0 1 1 0 1
220	1	1 0 1 1 0 0 0 1 1 1 0 0 0 0 1 0 1 1 0 1
220	1	1 0 1 1 0 0 1 0 0 1 0 0 0 0 0 1 1 1 0 1
220	1	1 1 1 0 0 0 0 1 0 1 0 1 0 0 0 0 1 1 0 1
220	1	1 1 1 1 0 0 1 0 1 0 1 0 0 0 0 0 0 1 0 1
240	6	1 1 1 1 0 0 0 1 0 1 0 0 0 0 0 0 1 1 0 1
240	1	1 1 1 1 0 0 0 1 0 1 0 0 0 0 0 1 1 1 0 1
240	1	1 1 1 1 0 0 0 0 0 1 1 0 0 0 0 1 1 0 0 1
240	1	1 1 1 1 0 0 0 0 0 1 0 0 0 0 0 0 1 1 0 1
240	1	1 1 1 1 0 0 0 1 0 1 0 0 0 0 0 0 1 0 0 1
240	1	1 0 1 1 0 0 1 1 0 1 0 0 0 0 0 0 1 0 1 1
240	1	1 1 0 1 0 0 0 0 0 0 1 0 0 0 1 0 1 1 0 1
240	1	1 1 0 1 0 0 1 0 1 0 0 0 0 1 0 0 1 1 0 1
240	1	1 1 1 1 0 0 0 0 1 1 0 0 0 0 0 0 1 0 0 1
240	1	1 1 1 1 0 0 0 0 0 1 0 0 0 0 0 0 0 0 0 1
240	6	1 1 1 1 0 0 1 0 0 1 0 1 1 0 0 0 1 1 0 1
240	1	1 1 1 1 0 0 0 1 0 0 1 0 0 0 0 0 0 0 0 1
240	3	1 1 1 1 0 0 0 0 1 1 1 0 0 0 1 0 1 1 0 1
240	1	0 0 1 0 0 0 1 0 1 0 0 0 0 0 0 0 1 1 0 1
240	1	1 0 1 1 0 0 0 1 0 1 0 0 0 0 0 1 1 1 0 1
240	1	1 1 1 1 0 0 1 0 0 1 0 0 0 0 0 0 1 0 0 1
240	1	1 1 1 1 0 0 0 0 0 1 0 1 0 0 0 0 1 1 0 1
240	2	1 1 1 0 0 0 0 1 0 1 0 0 0 0 0 0 1 1 0 1
240	2	1 1 1 0 0 0 1 1 0 1 0 0 0 0 0 0 1 1 0 1
240	1	1 1 0 0 0 1 1 0 0 1 0 0 0 0 0 0 0 0 0 1
240	1	1 1 1 1 0 0 1 0 0 1 0 1 1 0 0 0 1 0 0 1
240	1	1 0 0 1 0 0 1 0 0 0 0 0 0 1 0 0 0 0 0 1
240	1	1 1 1 1 0 0 1 0 0 1 0 0 0 0 0 1 1 1 0 1
240	1	1 1 1 1 0 0 1 0 1 0 1 0 0 0 0 0 1 0 0 1
240	2	1 0 1 1 0 0 1 0 0 1 0 0 0 0 0 1 1 1 0 1
240	2	1 1 1 1 0 0 0 0 1 1 1 0 0 0 0 0 1 0 0 1
240	2	1 0 1 1 0 0 1 0 1 0 1 0 0 0 0 0 1 1 0 1
240	1	0 0 1 1 0 0 0 1 0 1 0 0 0 0 0 0 1 1 0 1
240	1	1 1 1 1 0 0 1 0 0 1 0 0 0 0 1 1 1 1 0 1
240	1	1 1 1 1 0 0 0 0 1 0 1 0 0 0 0 0 1 1 0 1
240	2	1 1 1 1 0 0 1 0 1 0 0 0 0 0 0 0 1 1 0 1
240	1	1 1 1 0 0 0 1 1 0 1 0 0 1 0 1 0 1 0 0 1
260	2	1 1 1 1 0 0 0 1 0 1 0 0 0 0 0 0 1 1 0 1
260	2	1 1 1 1 0 0 0 1 0 1 0 0 0 0 0 1 1 1 0 1
260	5	1 1 1 1 0 0 0 1 0 1 0 0 0 0 0 0 1 0 0 1
260	5	1 1 1 1 0 0 0 1 0 1 0 0 0 1 0 0 1 1 0 1
260	1	1 1 1 0 0 0 1 1 0 1 0 0 0 0 1 0 1 0 0 1
260	1	1 1 1 1 0 0 1 0 0 1 0 1 1 0 0 0 1 1 0 1
260	6	1 0 1 1 0 0 0 1 0 1 0 0 0 0 0 0 1 1 0 1
260	2	1 1 1 1 0 0 1 1 0 1 0 0 0 0 0 0 1 1 0 1
260	3	1 1 1 1 0 0 0 1 0 0 1 0 0 0 0 0 0 0 0 1
260	1	1 1 0 1 0 0 1 0 0 0 0 0 1 0 0 0 1 1 0 1
260	1	1 1 1 1 0 1 1 1 0 1 0 0 0 0 0 0 1 1 0 1
260	1	1 1 1 1 0 0 0 0 1 1 1 0 0 0 0 0 1 0 0 1
260	3	1 1 1 1 1 1 0 0 1 1 1 0 0 0 0 0 1 0 1 0
260	2	1 1 0 1 0 0 1 0 0 1 0 1 1 0 0 0 1 1 0 1
260	1	1 1 1 1 0 0 1 0 0 1 0 0 0 0 1 1 1 1 0 1
260	1	1 1 1 1 0 0 0 0 1 0 1 0 0 0 0 0 1 1 0 1
260	1	1 1 1 1 0 0 0 1 0 0 1 0 0 0 0 0 0 0 1 1
260	1	1 0 1 1 0 0 1 0 0 1 0 0 0 0 0 1 0 1 0 1
260	1	1 1 0 1 0 0 0 0 0 1 1 1 0 1 1 1 1 1 0 1
260	1	1 1 0 1 0 0 0 1 0 1 0 0 0 0 0 0 1 1 0 1
260	1	1 1 1 1 0 1 0 0 0 1 0 0 0 0 0 0 1 0 0 1
260	1	1 1 1 1 0 0 0 0 0 1 0 0 0 0 0 0 1 1 1 1
260	1	1 1 1 1 0 0 0 0 0 1 0 1 1 0 0 0 0 0 0 1
260	1	1 1 0 1 0 0 0 0 1 1 1 0 0 0 0 0 1 0 0 1
260	1	1 1 1 1 1 0 1 0 0 1 0 0 0 0 0 0 0 0 0 1
260	1	1 1 1 1 0 0 0 0 0 1 1 1 0 0 0 1 0 0 0 1
260	1	1 1 1 1 0 0 0 1 0 1 0 0 0 1 0 0 1 1 1 1
260	1	1 1 0 1 0 0 0 1 0 1 0 0 0 0 0 1 1 1 0 1
260	1	1 1 0 1 0 0 1 1 0 0 1 0 0 0 0 0 0 1 0 1
280	2	1 1 1 1 0 0 0 1 0 1 0 0 0 0 0 0 1 1 0 1
280	2	1 1 1 1 0 0 0 1 0 1 0 0 0 0 0 1 1 1 0 1
280	2	1 1 1 1 0 0 0 1 0 1 0 0 0 0 0 0 1 0 0 1
280	6	1 1 1 1 0 0 0 1 0 1 0 0 0 1 0 0 1 1 0 1
280	1	1 1 1 1 0 0 1 0 1 0 1 0 0 0 0 0 1 1 0 1
280	1	1 1 1 0 0 0 1 1 0 1 0 0 0 0 1 0 1 0 0 1
280	4	1 0 1 1 0 0 0 1 0 1 0 0 0 0 0 0 1 1 0 1
280	4	1 1 1 1 0 0 1 1 0 1 0 0 0 0 0 0 1 1 0 1
280	1	1 1 1 1 0 0 0 0 0 1 0 1 0 0 0 0 1 1 0 1
280	1	1 1 1 1 0 1 1 1 0 1 0 0 0 0 0 0 1 1 0 1
280	1	1 1 0 1 0 0 1 0 0 1 0 1 1 0 0 0 1 1 0 1
280	1	1 1 1 1 0 0 1 0 0 1 0 0 1 0 1 1 1 1 0 1
280	3	1 1 0 1 0 0 0 1 0 1 0 0 0 0 0 0 1 1 0 1
280	1	1 0 1 1 0 0 0 1 0 0 1 0 0 0 0 0 0 0 0 1
280	1	1 1 1 1 0 0 1 1 1 1 0 0 1 0 0 0 1 1 0 1
280	4	1 1 1 1 1 0 1 0 1 0 0 0 0 0 0 0 1 1 0 1
280	1	1 1 1 1 0 0 1 0 1 1 0 0 0 0 0 0 1 1 0 0
280	1	1 1 1 1 0 0 0 0 1 1 0 1 0 0 0 0 1 1 0 1
280	2	1 1 1 0 0 0 0 0 1 1 0 0 0 0 0 0 1 1 0 1
280	1	1 1 1 1 0 0 0 1 0 1 0 0 0 0 0 0 1 1 1 0
280	1	1 1 1 1 0 0 0 1 0 0 0 0 0 0 0 1 1 1 0 1
280	1	1 1 1 1 0 1 1 0 1 0 0 0 0 0 0 0 1 1 0 0
280	1	1 1 0 1 0 0 1 0 0 1 0 1 1 1 0 0 1 1 0 0
280	1	1 1 1 1 1 0 0 1 0 1 0 0 0 0 0 1 1 1 0 1
280	2	1 1 1 0 0 0 1 1 0 1 0 0 0 0 1 0 1 1 0 1
280	1	1 1 0 1 0 0 1 0 0 1 0 1 0 0 0 0 1 1 0 1
280	1	1 1 0 1 0 0 0 0 1 1 0 0 0 0 0 0 1 1 0 1
280	1	1 1 1 1 0 0 0 1 0 1 0 0 0 1 0 0 1 1 1 1
280	1	0 1 1 1 0 0 1 0 0 1 0 0 1 0 1 1 1 1 0 1
300	3	1 1 1 1 0 0 0 1 0 1 0 0 0 0 0 0 1 1 0 1
300	1	1 1 1 1 0 0 0 0 0 1 0 0 0 0 0 0 1 1 0 1
300	1	1 1 1 1 0 0 1 0 1 0 1 0 0 0 0 0 1 1 0 1
300	3	1 0 1 1 0 0 0 1 0 1 0 0 0 0 0 0 1 1 0 1
300	1	1 1 1 1 0 0 0 0 0 1 0 1 0 0 0 0 1 1 0 1
300	2	1 1 1 1 0 1 1 1 0 1 0 0 0 0 0 0 1 1 0 1
300	2	1 1 1 1 0 0 0 0 1 1 0 0 0 0 0 0 1 1 0 1
300	1	1 1 1 1 0 0 1 0 0 1 0 0 1 0 1 1 1 1 0 1
300	1	1 1 0 1 0 0 0 1 0 1 0 0 0 0 0 0 1 1 0 1
300	1	1 0 1 1 0 0 0 1 0 0 1 0 0 0 0 0 0 0 0 1
300	2	1 1 1 1 1 0 1 0 1 0 0 0 0 0 0 0 1 1 0 1
300	1	1 1 1 1 1 0 0 1 0 0 1 0 0 0 0 0 0 0 0 1
300	1	1 1 0 1 0 0 0 1 0 1 0 0 0 0 0 1 1 1 0 1
300	4	1 1 0 1 0 0 1 0 0 1 1 0 0 0 0 0 1 1 0 1
300	1	1 1 1 1 0 0 0 1 0 1 0 0 0 0 0 0 1 1 1 0
300	1	1 1 1 1 0 0 0 0 0 1 0 1 1 0 0 0 1 0 0 1
300	1	1 1 1 0 0 0 0 0 1 1 0 0 0 0 0 0 1 1 1 1
300	1	1 0 0 1 0 0 0 1 0 1 0 0 0 0 0 0 1 1 0 1
300	1	1 1 1 1 0 0 0 1 0 1 0 0 1 0 0 1 1 1 0 1
300	1	1 1 0 1 0 0 0 0 0 1 0 1 0 0 0 0 1 1 0 1
300	2	1 1 1 0 0 0 0 0 0 1 0 1 0 0 0 0 1 0 0 1
300	1	1 1 1 1 0 0 0 0 1 1 0 0 0 0 0 1 1 1 0 1
300	1	1 1 1 1 0 0 0 1 0 1 0 1 0 0 1 0 1 1 0 1
300	1	1 1 1 1 0 0 0 1 0 1 0 0 1 1 0 0 1 1 0 0
300	1	1 1 1 1 0 0 1 1 0 0 0 0 0 1 0 0 1 1 0 1
300	1	1 1 1 1 1 0 1 0 0 1 0 0 1 0 1 1 0 0 0 1
300	1	1 1 1 1 0 0 0 0 1 1 1 0 0 0 0 0 1 1 0 1
300	1	1 0 0 1 0 0 0 1 0 1 0 0 0 0 0 0 0 1 0 1
300	1	1 1 1 1 0 0 1 0 0 1 0 0 1 0 0 0 1 0 0 1
300	1	1 1 1 1 0 0 0 0 0 1 0 1 1 1 0 0 1 0 0 1
300	1	1 1 1 1 0 0 0 1 0 1 0 0 0 0 1 1 1 1 0 1
300	1	1 1 0 1 0 1 1 0 0 1 1 0 0 0 0 0 1 1 0 1
300	2	1 1 1 1 0 0 0 0 1 1 0 0 0 1 1 0 1 1 0 1
300	1	1 1 1 0 0 0 0 1 0 1 0 0 0 0 0 0 1 1 0 1
300	1	1 1 1 1 0 0 0 1 0 1 0 0 0 0 0 0 1 0 0 1
300	1	1 1 1 1 0 0 0 0 0 1 0 1 1 0 1 0 1 0 0 1
300	1	1 1 1 1 1 0 1 0 1 0 0 0 0 0 0 1 1 0 0 1
300	1	1 1 0 1 1 1 1 1 0 0 0 0 0 0 0 0 1 1 0 1
320	1	1 1 1 1 0 0 0 1 0 1 0 0 0 0 0 1 1 1 0 1
320	1	1 1 1 1 0 0 0 0 0 1 0 0 0 0 0 0 1 1 0 1
320	1	1 1 1 1 0 0 0 1 0 1 0 0 0 1 0 0 1 1 0 1
320	1	1 1 1 1 0 0 1 0 1 0 1 0 0 0 0 0 1 1 0 1
320	1	1 1 1 1 0 0 0 0 0 1 0 1 0 0 0 0 1 1 0 1
320	1	1 1 1 1 0 1 1 1 0 1 0 0 0 0 0 0 1 1 0 1
320	3	1 1 1 1 0 0 0 0 1 1 0 0 0 0 0 0 1 1 0 1
320	2	1 1 1 1 0 0 1 1 1 1 0 0 0 0 0 0 1 1 0 1
320	1	1 1 0 1 0 0 0 1 0 1 0 0 0 0 0 0 1 1 0 1
320	1	1 1 1 1 1 0 1 0 1 0 0 0 0 0 0 0 1 1 0 1
320	5	1 1 1 1 0 0 0 0 0 1 0 1 1 0 0 0 1 0 0 1
320	1	1 1 1 1 0 0 1 0 0 1 0 0 0 0 0 0 1 1 0 1
320	1	1 1 1 1 0 0 0 1 0 1 0 0 1 0 0 1 1 1 0 1
320	1	1 1 1 1 1 0 1 0 0 1 0 0 1 0 1 1 0 0 0 1
320	3	1 1 1 1 0 0 0 0 1 1 0 0 0 0 0 0 1 1 1 1
320	1	1 1 1 1 0 0 0 0 0 1 0 0 0 0 0 0 1 0 0 1
320	2	1 1 0 1 0 0 0 0 1 1 0 0 0 0 1 0 1 1 0 1
320	1	1 1 1 1 1 0 1 1 1 0 0 0 0 0 0 0 1 1 0 1
320	1	1 1 0 1 0 0 1 0 0 1 1 0 0 0 0 0 1 1 0 0
320	1	1 1 1 1 0 0 1 0 1 0 1 1 0 0 0 0 1 1 0 1
320	1	1 1 0 1 0 0 0 1 0 1 0 0 0 0 0 0 0 0 0 1
320	1	1 1 1 1 0 0 0 1 0 0 0 0 1 0 0 1 1 0 0 1
320	1	1 1 1 1 0 0 0 0 1 0 1 0 0 0 0 0 1 1 0 1
320	1	1 1 1 1 0 0 1 0 0 1 0 0 0 0 1 0 1 0 0 1
320	1	1 1 1 1 0 0 1 0 1 0 0 0 0 0 0 0 1 1 0 1
320	2	1 1 1 0 0 0 0 0 0 1 0 1 1 0 0 0 1 0 0 1
320	1	1 1 1 1 0 0 0 1 0 1 0 0 0 0 0 0 0 1 0 1
320	1	1 1 1 1 0 0 0 1 0 1 0 0 1 0 1 0 1 1 0 1
320	2	1 1 1 1 0 0 1 0 1 0 1 1 1 0 0 0 1 0 0 1
320	1	1 0 1 1 0 0 0 1 0 0 1 0 0 0 0 0 1 1 0 1
320	1	1 1 1 1 0 0 0 0 0 1 0 1 1 1 0 0 1 0 0 1
320	2	1 1 1 1 0 0 0 1 1 0 0 0 0 0 0 0 1 1 1 1
320	1	1 1 1 1 1 0 1 1 1 0 0 0 0 0 0 0 0 1 0 1
320	1	1 1 1 1 0 0 0 0 0 1 0 1 0 0 0 0 1 0 0 1
320	1	1 1 1 1 0 0 1 1 0 1 0 0 0 0 0 0 0 0 0 1
320	1	1 1 1 1 0 0 1 0 0 0 0 0 0 0 0 0 1 1 0 1
320	1	1 1 1 1 1 1 0 1 0 0 1 0 0 0 0 0 0 0 1 1
340	4	1 1 1 1 0 0 0 1 0 1 0 0 0 0 0 0 1 1 0 1
340	1	1 1 1 1 0 0 0 1 0 1 0 0 0 0 0 1 1 1 0 1
340	1	1 1 1 1 0 0 0 1 0 1 0 0 0 1 0 0 1 1 0 1
340	2	1 1 1 1 0 0 1 0 1 0 1 0 0 0 0 0 1 1 0 1
340	2	1 1 1 1 0 0 1 1 0 1 0 0 0 0 0 0 1 1 0 1
340	2	1 1 1 1 0 1 1 1 0 1 0 0 0 0 0 0 1 1 0 1
340	2	1 1 1 1 0 0 0 0 1 1 0 0 0 0 0 0 1 1 0 1
340	2	1 1 0 1 0 0 0 1 0 1 0 0 0 0 0 0 1 1 0 1
340	3	1 1 1 1 0 0 0 1 0 1 0 0 0 0 0 0 0 0 0 1
340	1	1 1 1 1 0 0 0 0 0 1 0 1 1 0 0 0 1 0 0 1
340	1	1 1 1 1 0 0 1 0 0 1 0 0 0 0 0 0 1 1 0 1
340	2	1 1 1 1 0 0 0 1 0 1 0 0 1 0 0 1 1 1 0 1
340	1	1 1 1 1 1 1 0 1 0 0 1 0 0 0 0 0 0 0 0 1
340	1	1 1 1 1 0 0 0 0 1 1 1 0 0 0 0 0 1 1 0 1
340	3	1 1 1 1 1 0 0 0 1 1 0 0 0 0 0 0 1 1 0 1
340	2	1 1 0 1 0 0 0 1 0 1 0 0 0 0 0 0 0 0 0 1
340	3	1 1 1 1 0 0 0 1 0 0 0 0 1 0 0 1 1 0 0 1
340	1	1 1 1 1 1 0 0 0 1 0 0 0 0 0 0 0 1 1 0 1
340	1	1 1 1 1 0 0 0 0 1 0 0 0 0 0 0 0 1 1 0 1
340	2	1 1 1 1 1 0 1 0 1 0 1 0 0 1 0 0 1 1 0 1
340	3	1 1 1 1 0 1 1 1 0 0 0 0 0 0 0 0 0 1 0 1
340	1	1 1 1 1 0 0 0 0 1 1 0 0 0 0 0 0 1 1 0 0
340	1	1 1 1 1 1 0 0 0 1 1 0 0 0 0 0 0 0 1 0 1
340	1	1 1 1 0 0 0 0 1 0 0 0 0 0 0 0 0 1 1 1 1
340	1	1 1 1 1 1 1 0 1 0 0 1 0 1 0 0 0 0 0 0 1
340	1	0 1 1 1 0 0 0 0 1 1 0 0 0 0 0 0 1 1 0 1
340	1	1 1 1 1 0 1 1 0 0 0 1 0 0 0 0 0 1 1 0 1
340	1	1 1 1 1 0 0 0 0 0 1 1 0 0 0 0 0 1 1 0 1
340	1	1 1 0 1 0 0 0 1 0 1 0 0 0 0 0 1 1 1 0 1
340	1	1 1 1 1 0 0 0 1 1 1 0 0 0 0 0 0 1 0 0 1
340	1	1 1 1 1 0 0 1 0 1 0 1 0 0 0 0 0 1 1 0 0
360	2	1 1 1 1 0 0 0 1 0 1 0 0 0 0 0 1 1 1 0 1
360	3	1 1 1 1 0 0 0 0 0 1 0 0 0 0 0 0 1 1 0 1
360	3	1 1 1 1 0 0 1 0 1 0 1 0 0 0 0 0 1 1 0 1
360	1	1 1 1 1 0 0 1 1 0 1 0 0 0 0 0 0 1 1 0 1
360	1	1 1 1 1 0 0 0 1 0 1 0 0 0 0 0 0 0 0 0 1
360	1	1 1 1 1 0 0 0 0 0 1 0 1 1 0 0 0 1 0 0 1
360	1	1 1 1 1 0 0 0 0 1 1 1 0 0 0 0 0 1 1 0 1
360	3	1 1 0 1 0 0 0 1 0 1 0 0 0 0 0 0 0 0 0 1
360	2	1 1 1 1 0 0 0 1 0 0 0 0 1 0 0 1 1 0 0 1
360	2	1 1 1 1 0 0 0 1 0 0 0 0 0 0 0 0 1 1 0 1
360	2	1 1 1 1 0 0 0 0 0 1 1 1 1 0 0 0 1 0 0 1
360	1	1 1 1 1 0 0 0 0 0 1 0 1 1 0 0 0 1 0 0 0
360	1	1 1 1 1 1 0 1 0 1 0 1 0 0 1 0 0 1 1 0 1
360	2	1 1 1 1 1 1 0 1 0 0 1 0 0 1 0 0 0 0 0 1
360	1	1 1 1 1 1 0 1 0 1 0 1 0 0 0 0 1 1 0 0 1
360	1	1 1 1 1 0 0 1 1 0 1 0 0 0 0 0 1 1 1 0 1
360	1	1 1 1 1 0 1 1 1 0 1 0 1 1 0 0 0 1 1 0 1
360	3	1 1 1 1 1 1 0 1 0 0 0 0 0 0 0 0 0 0 0 1
360	1	1 1 1 1 0 0 0 1 0 1 0 0 1 0 1 1 1 1 0 1
360	1	1 1 1 1 0 0 0 0 1 1 1 1 0 0 0 0 1 1 0 1
360	1	1 1 1 1 0 0 1 0 1 0 1 0 0 0 0 0 1 1 0 0
360	1	1 1 1 1 1 1 0 1 0 0 1 0 0 0 0 0 1 0 0 1
360	1	1 0 1 1 0 0 0 1 0 0 1 0 0 0 0 0 0 0 0 1
360	1	1 1 1 1 0 1 0 1 0 1 0 1 1 0 0 0 1 0 0 1
360	1	1 1 1 1 1 0 0 1 0 1 0 0 0 0 1 0 1 1 0 1
360	1	1 0 1 1 0 0 1 0 1 0 1 0 0 0 0 0 1 1 0 1
360	1	1 1 1 1 1 0 0 0 0 1 0 1 1 0 0 0 1 0 0 1
360	1	1 1 1 1 0 0 0 0 1 1 1 1 0 0 0 0 1 0 0 1
360	3	1 1 1 1 0 0 1 0 1 1 1 0 0 0 0 1 1 0 0 1
360	1	1 1 1 1 0 0 0 1 0 1 0 0 1 0 0 0 1 1 1 1
360	1	1 1 1 1 1 0 1 1 0 1 0 0 0 0 1 0 1 1 0 1
360	1	1 1 1 1 0 0 0 1 0 1 0 0 0 0 0 0 1 1 0 0
360	1	1 1 1 1 0 0 0 1 0 1 1 0 0 0 0 0 1 0 0 1
360	1	1 1 0 1 0 0 1 0 1 0 1 0 0 0 0 0 1 1 0 1
360	1	0 1 1 0 0 0 0 0 0 1 1 1 1 0 0 1 1 0 0 1
380	2	1 1 1 1 0 0 0 1 0 1 0 0 0 0 0 0 1 1 0 1
380	1	1 1 1 1 0 0 1 0 1 0 1 0 0 0 0 0 1 1 0 1
380	2	1 1 1 1 0 1 1 1 0 1 0 0 0 0 0 0 1 1 0 1
380	2	1 1 1 1 0 0 0 1 0 1 0 0 0 0 0 0 0 0 0 1
380	1	1 1 0 1 0 0 0 1 0 1 0 0 0 0 0 0 0 0 0 1
380	1	1 1 1 1 0 0 0 1 0 0 0 0 1 0 0 1 1 0 0 1
380	1	1 1 1 1 0 0 0 1 0 0 0 0 0 0 0 0 1 1 0 1
380	6	1 1 1 1 0 0 0 0 0 1 1 1 1 0 0 0 1 0 0 1
380	1	1 1 1 1 0 0 0 1 1 0 0 0 0 0 0 0 1 1 0 1
380	1	1 1 1 1 0 0 0 1 0 1 0 0 1 0 1 1 1 1 0 1
380	1	0 1 1 1 1 0 0 0 1 1 0 0 0 0 0 0 1 1 0 1
380	3	1 1 1 1 0 0 1 0 1 0 1 0 0 0 0 1 1 0 0 1
380	4	1 1 1 1 0 0 0 1 0 1 0 0 0 0 0 0 1 0 0 1
380	2	1 1 0 1 0 0 0 1 0 1 0 1 0 0 0 0 0 0 0 1
380	1	1 1 1 1 1 0 0 0 1 1 0 1 0 0 0 1 1 1 0 1
380	1	1 1 1 1 0 0 1 1 0 1 0 0 0 0 0 0 0 1 0 1
380	3	1 1 1 1 0 0 0 1 0 1 0 0 1 0 0 0 1 1 1 1
380	1	1 1 1 1 1 1 0 1 1 0 1 0 0 0 0 1 1 0 0 1
380	1	1 1 1 1 0 0 1 1 1 1 0 0 0 0 0 0 1 1 0 1
380	1	1 1 1 1 1 0 0 0 1 1 1 0 0 0 0 0 1 1 0 1
380	2	1 1 1 1 1 1 0 1 0 1 0 0 0 0 0 0 0 0 0 1
380	1	1 1 1 1 0 1 0 1 0 0 0 0 0 0 0 0 1 1 0 1
380	1	1 1 1 1 0 0 0 1 0 0 1 0 0 1 0 0 0 0 0 1
380	1	1 1 1 1 0 1 0 0 0 1 1 0 1 0 0 0 1 0 0 1
380	2	1 1 1 1 0 0 1 1 0 0 0 0 0 0 0 0 0 0 0 1
380	1	1 1 1 1 0 1 0 1 0 1 0 0 0 0 0 0 0 0 0 1
380	2	1 1 1 0 1 0 1 0 1 0 1 0 0 0 0 1 1 0 0 1
380	1	1 1 1 1 0 0 0 0 0 1 0 0 0 0 0 0 0 0 0 1
380	1	1 1 0 1 0 0 0 0 0 1 0 1 1 0 0 0 1 0 0 1
380	1	1 1 1 1 0 1 0 0 0 1 0 0 0 0 0 0 0 0 0 1
380	1	0 1 1 1 0 0 0 1 0 1 0 0 0 0 0 0 0 0 0 1
400	4	1 1 1 1 0 0 1 0 1 0 1 0 0 0 0 0 1 1 0 1
400	1	1 1 1 1 0 1 1 1 0 1 0 0 0 0 0 0 1 1 0 1
400	2	1 1 1 1 0 0 0 1 0 1 0 0 0 0 0 0 0 0 0 1
400	1	1 1 0 1 0 0 0 1 0 1 0 0 0 0 0 0 0 0 0 1
400	1	1 1 1 1 0 0 0 1 0 0 0 0 1 0 0 1 1 0 0 1
400	5	1 1 1 1 0 0 0 0 0 1 1 1 1 0 0 0 1 0 0 1
400	1	1 1 1 1 0 0 0 1 1 0 0 0 0 0 0 0 1 1 0 1
400	1	1 1 0 1 0 0 0 1 0 1 0 1 0 0 0 0 0 0 0 1
400	1	1 1 1 1 0 0 0 1 0 1 0 0 1 0 0 0 1 1 1 1
400	2	1 1 1 1 1 1 0 1 1 0 1 0 0 0 0 1 1 0 0 1
400	1	1 1 1 1 0 0 0 0 0 1 0 0 0 0 0 0 1 0 0 1
400	1	1 1 1 1 0 1 1 1 0 1 0 1 1 0 0 0 0 0 0 1
400	1	1 0 1 1 0 0 0 1 0 0 0 0 0 0 0 1 1 1 0 1
400	1	1 1 1 1 0 1 0 1 0 1 1 1 1 0 0 0 1 0 0 1
400	1	1 1 1 1 0 0 0 1 0 0 1 0 0 1 0 0 0 0 1 1
400	1	1 1 1 1 0 1 0 1 0 1 0 0 0 0 0 0 1 1 0 1
400	1	1 1 1 1 1 1 0 1 1 0 1 1 1 0 0 0 1 0 0 1
400	1	1 1 0 1 0 0 0 1 0 1 0 0 0 0 0 0 0 1 0 1
400	3	1 1 1 1 0 0 0 1 0 1 0 1 0 0 0 0 0 0 0 1
400	1	1 1 1 1 1 0 0 1 0 1 0 0 0 0 0 0 0 1 0 1
400	1	1 1 1 1 0 0 0 1 1 0 0 0 0 0 1 0 1 1 0 1
400	2	1 1 1 0 0 0 1 0 1 1 0 1 0 0 0 1 1 0 0 1
400	1	0 1 1 1 1 1 0 1 0 1 0 0 0 0 0 0 0 1 0 1
400	1	1 1 1 0 0 0 1 0 1 0 1 0 0 0 1 0 0 0 0 1
400	1	1 1 1 1 1 1 1 1 1 0 1 1 1 0 0 0 1 0 0 1
400	2	1 1 1 0 0 0 0 1 0 1 0 0 1 1 0 0 1 1 1 1
400	2	1 1 1 1 1 0 0 1 0 1 0 0 0 0 0 0 0 0 0 1
400	1	1 1 1 1 0 0 1 0 1 0 1 0 0 0 1 0 0 0 0 1
400	1	1 1 1 1 0 1 1 0 0 1 0 1 1 0 0 0 0 0 0 1
400	1	1 0 1 1 1 1 0 1 1 0 1 0 0 0 0 1 1 0 0 1
400	1	1 1 1 1 0 0 0 1 0 1 0 1 0 0 0 0 0 1 0 1
400	1	1 1 1 1 0 0 0 1 0 1 0 0 0 0 0 0 0 0 0 0
400	1	1 1 0 1 0 0 1 1 0 1 0 0 0 0 0 0 0 0 0 1
400	1	1 0 1 1 0 0 0 1 0 0 0 0 0 0 0 1 1 0 0 1
400	1	1 1 1 1 0 1 1 1 1 0 1 1 1 0 1 0 1 0 0 1
400	1	1 1 1 1 0 1 0 1 0 1 0 0 0 0 0 0 0 0 0 1
420	2	1 1 1 1 0 0 0 1 0 1 0 0 0 0 0 0 0 0 0 1
420	1	1 1 1 1 0 0 0 0 0 1 1 1 1 0 0 0 1 0 0 1
420	1	1 0 1 1 0 0 0 1 0 0 1 0 0 0 0 0 0 0 0 1
420	1	1 1 1 1 0 0 1 0 1 0 1 0 0 0 0 1 1 0 0 1
420	1	1 1 1 1 0 0 0 0 0 1 0 0 0 0 0 0 1 0 0 1
420	1	1 1 1 1 0 0 0 1 0 0 0 0 0 0 0 0 0 1 0 1
420	1	1 1 1 1 0 1 0 1 0 1 1 1 1 0 0 0 1 0 0 1
420	2	1 1 1 1 0 0 0 1 0 0 1 0 0 1 0 0 0 0 1 1
420	3	1 1 1 1 1 1 0 1 1 0 1 1 1 0 0 0 1 0 0 1
420	5	1 1 1 1 0 0 0 1 0 1 0 1 0 0 0 0 0 0 0 1
420	1	1 0 1 1 0 0 0 1 0 0 1 0 0 0 1 0 0 0 0 1
420	2	1 1 1 1 0 0 1 0 1 0 1 0 0 0 0 0 1 0 0 1
420	1	1 1 1 1 1 0 0 1 0 1 0 0 0 0 0 0 0 0 0 1
420	1	1 1 1 1 0 0 0 1 0 1 0 1 1 0 0 0 0 0 0 1
420	3	1 1 1 1 0 1 1 1 0 0 0 0 0 0 0 0 0 0 0 1
420	1	1 1 1 1 1 0 0 1 0 1 0 1 0 0 0 0 0 0 0 1
420	1	1 1 1 1 0 1 0 1 0 1 0 0 0 0 0 0 0 0 0 1
420	3	1 1 1 1 1 0 0 1 1 1 0 0 0 0 0 0 0 0 0 1
420	1	1 1 1 1 0 1 0 1 0 1 0 1 1 0 0 1 1 0 1 1
420	1	1 1 1 1 1 0 0 1 0 1 0 0 0 0 0 1 1 1 0 1
420	1	1 1 1 1 0 0 0 1 0 1 0 0 0 0 0 0 1 0 0 1
420	1	1 0 1 1 0 0 1 0 1 0 1 0 0 1 1 0 0 0 0 1
420	1	1 1 1 1 0 0 1 0 1 0 1 0 0 0 0 0 0 0 0 1
420	1	1 1 1 1 0 1 0 0 0 1 1 1 1 0 0 1 1 0 0 1
420	1	1 1 1 1 1 1 0 0 0 1 1 1 1 0 0 1 1 0 0 1
420	1	1 1 1 1 1 1 0 1 1 1 1 0 0 0 0 1 1 1 0 1
420	1	1 1 1 1 0 0 0 0 0 1 1 1 0 0 0 0 1 0 0 1
420	1	1 1 1 1 0 0 0 1 0 1 0 1 0 0 0 0 0 0 1 1
420	1	1 1 1 1 0 0 1 0 0 0 1 0 0 0 0 0 0 0 0 1
420	1	1 1 1 1 0 0 0 1 0 0 1 0 0 0 0 0 0 0 0 1
420	1	1 1 0 1 0 0 0 1 0 0 1 0 0 0 0 0 0 0 0 1
420	1	1 1 1 1 1 1 0 1 0 1 1 1 1 0 0 0 0 1 0 1
420	1	0 1 1 1 0 0 0 1 0 1 0 1 1 0 0 1 1 1 0 1
420	1	1 1 1 1 1 1 0 1 1 0 1 1 0 0 0 1 1 0 0 1
420	1	1 1 1 1 0 1 1 1 0 0 0 0 0 0 1 0 0 0 0 1
420	1	1 1 1 1 0 0 1 1 0 1 1 0 0 0 0 0 0 0 0 1
420	1	1 1 1 1 1 0 0 0 0 1 1 0 0 0 0 0 1 0 0 1
440	1	1 1 1 1 0 0 0 1 0 0 0 0 0 0 0 0 0 1 0 1
440	6	1 1 1 1 0 0 0 1 0 1 0 1 0 0 0 0 0 0 0 1
440	1	1 1 1 1 1 0 0 1 0 1 0 0 0 0 0 0 0 1 0 1
440	1	1 1 1 1 0 0 1 1 0 1 1 0 0 0 0 0 0 1 0 1
440	2	1 1 1 1 0 1 1 1 0 0 0 0 0 0 0 0 0 0 0 1
440	2	1 1 1 1 1 0 0 1 0 1 0 1 0 0 0 0 0 0 0 1
440	1	1 1 1 1 1 0 0 0 0 0 0 0 0 0 0 0 0 1 0 1
440	3	1 1 1 1 0 0 0 1 0 1 0 0 0 0 0 0 1 0 0 1
440	1	1 1 1 1 0 0 1 0 1 0 1 1 1 0 0 0 1 0 0 1
440	3	1 1 0 1 0 0 0 1 1 1 0 0 0 0 0 0 0 0 0 1
440	2	1 1 1 1 1 1 1 0 1 0 1 1 1 0 0 0 1 0 0 1
440	1	1 0 1 1 1 0 0 1 0 1 0 1 0 0 0 0 0 0 0 1
440	2	1 0 0 1 0 0 0 1 0 1 0 0 0 0 0 0 0 0 0 1
440	1	1 1 1 1 0 0 0 0 0 0 1 1 1 0 0 0 0 0 0 1
440	2	1 1 1 1 0 0 0 1 0 0 1 0 0 0 0 0 0 0 0 1
440	1	1 1 1 1 0 1 1 1 0 0 0 0 0 0 1 0 0 0 0 1
440	1	1 1 1 1 0 1 1 1 0 1 1 0 0 0 0 0 0 1 0 1
440	1	1 1 1 1 0 1 1 1 0 0 0 0 0 0 0 0 0 1 0 1
440	1	1 1 1 1 0 1 0 1 0 1 0 1 1 0 0 1 0 0 1 1
440	3	1 1 1 1 0 1 0 1 1 0 1 1 1 0 0 0 1 0 0 1
440	1	1 1 0 1 0 0 0 1 0 0 1 0 0 0 0 0 0 1 0 1
440	1	1 1 1 1 1 0 0 1 0 1 0 1 0 0 1 0 0 0 0 1
440	1	0 1 1 1 1 1 0 1 1 0 1 0 0 0 0 1 1 0 0 1
440	1	1 1 1 1 1 1 1 0 1 0 1 1 1 0 0 0 0 0 0 1
440	1	1 0 1 1 0 0 0 0 0 1 1 1 1 0 0 0 1 0 0 1
440	1	1 1 1 1 0 0 1 0 1 0 1 1 0 0 0 0 1 0 0 1
440	1	1 1 0 1 0 0 1 1 0 1 1 0 0 0 0 0 0 0 0 1
440	1	0 1 1 1 0 0 0 1 0 1 0 0 0 0 0 0 0 0 0 1
440	1	1 1 1 1 1 1 1 0 1 0 1 1 0 0 0 0 1 0 0 1
440	1	1 1 1 1 1 1 0 1 0 1 0 0 0 0 0 0 0 1 0 1
440	1	1 0 1 1 0 0 0 1 0 0 1 0 0 0 0 0 0 0 0 0
440	1	1 1 0 1 0 0 0 1 1 0 0 0 0 0 0 0 0 0 0 1
440	1	1 1 1 1 0 1 0 1 0 0 1 0 0 0 0 0 0 0 0 0
440	1	1 1 1 1 0 0 1 1 0 1 1 1 1 0 0 0 1 0 0 1
460	2	1 1 1 1 0 0 0 1 0 1 0 0 0 0 0 0 0 0 0 1
460	1	1 1 1 1 1 1 0 1 1 0 1 1 1 0 0 0 1 0 0 1
460	14	1 1 1 1 0 0 0 1 0 1 0 1 0 0 0 0 0 0 0 1
460	3	1 1 1 1 1 0 0 1 0 1 0 0 0 0 0 0 0 1 0 1
460	2	1 1 1 1 1 0 0 1 0 1 0 0 0 0 0 0 0 0 0 1
460	1	1 1 1 1 1 0 0 1 0 1 0 1 0 0 0 0 0 0 0 1
460	2	1 1 1 1 0 1 0 1 0 1 0 0 0 0 0 0 0 0 0 1
460	2	1 1 1 1 0 0 0 1 0 1 0 0 0 0 0 0 1 0 0 1
460	3	1 1 1 1 0 0 1 0 1 0 1 0 0 0 0 0 0 0 0 1
460	3	1 1 0 1 0 0 0 1 1 1 0 0 0 0 0 0 0 0 0 1
460	1	1 1 1 1 0 0 0 1 0 1 0 0 0 0 0 1 1 0 0 1
460	1	1 1 1 1 0 0 1 1 0 1 1 0 0 0 0 0 0 1 0 0
460	2	1 1 1 1 0 1 0 1 0 1 0 1 0 0 0 0 0 0 0 1
460	2	1 1 1 1 0 0 0 1 0 1 1 0 0 0 0 0 1 0 0 1
460	1	1 1 1 1 0 0 0 1 0 1 0 1 0 0 0 0 0 1 0 1
460	1	1 1 0 1 0 0 0 1 0 1 0 0 0 0 0 0 0 1 0 1
460	1	1 1 1 1 0 1 1 1 0 1 0 1 0 0 0 0 0 0 0 1
460	1	1 1 1 0 0 0 0 1 0 1 0 1 0 0 0 0 0 0 0 1
460	2	1 1 1 1 1 0 0 1 0 1 0 0 0 1 0 0 0 1 0 1
460	2	1 1 1 1 0 1 1 0 1 0 1 0 0 0 0 0 0 0 0 1
460	1	1 0 1 1 0 1 0 0 1 1 0 0 0 1 0 0 0 0 0 1
460	1	1 1 1 1 1 0 0 1 0 1 0 1 1 0 1 0 0 1 0 1
460	1	1 1 1 1 1 1 0 1 0 1 0 0 0 0 0 0 0 0 0 1
480	1	1 1 1 1 0 0 0 1 0 1 0 0 0 0 0 0 0 0 0 1
480	4	1 1 1 1 0 0 0 1 0 1 0 1 0 0 0 0 0 0 0 1
480	3	1 1 1 1 1 0 0 1 0 1 0 1 0 0 0 0 0 0 0 1
480	1	1 1 1 1 1 0 0 0 0 0 0 0 0 0 0 0 0 1 0 1
480	3	1 1 1 1 0 0 1 0 1 0 1 0 0 0 0 0 0 0 0 1
480	1	1 1 0 1 0 0 0 1 1 1 0 0 0 0 0 0 0 0 0 1
480	1	0 1 1 1 1 0 0 1 0 1 0 0 0 0 0 0 0 0 0 1
480	2	1 1 1 1 1 0 0 1 0 1 0 0 0 0 1 0 0 0 0 1
480	1	1 1 1 1 0 0 0 1 0 1 0 0 0 0 0 0 0 1 0 1
480	3	1 1 0 1 0 0 0 1 0 1 0 1 0 0 0 0 0 0 0 1
480	1	1 1 1 1 0 1 0 1 0 1 0 1 0 1 0 0 0 0 0 1
480	1	1 1 1 1 0 0 0 1 0 1 0 0 0 0 0 0 0 0 1 1
480	1	0 1 1 1 0 0 0 0 0 0 1 1 1 0 0 0 0 0 0 1
480	1	1 1 1 0 0 0 1 0 0 1 0 0 0 0 1 0 0 0 0 1
480	1	1 1 1 1 0 0 0 1 0 1 0 1 1 0 0 0 0 0 0 1
480	1	1 1 0 1 0 0 0 1 1 1 0 0 0 0 0 0 0 0 1 1
480	1	1 1 1 1 0 0 0 1 0 1 0 1 0 0 0 0 0 0 0 0
480	6	1 1 1 1 1 0 0 1 0 1 0 0 0 0 0 1 0 0 0 1
480	1	1 1 1 1 0 1 0 1 0 1 0 1 0 0 1 0 0 0 0 1
480	1	1 0 1 1 0 1 0 1 0 1 0 1 0 0 0 0 0 0 0 1
480	1	0 0 1 1 1 0 0 1 0 1 0 0 0 0 0 0 0 0 0 1
480	2	1 1 0 0 0 0 0 1 1 1 1 1 1 0 0 0 0 0 0 1
480	1	1 1 1 1 0 0 1 0 1 0 1 0 0 0 0 0 0 1 0 1
480	1	1 1 1 1 0 1 0 1 0 1 0 1 0 0 0 0 1 0 0 1
480	1	1 1 1 0 0 1 1 1 0 0 0 0 0 0 0 0 0 0 0 1
480	2	1 1 1 1 1 0 0 1 0 1 0 0 0 0 0 0 1 0 0 1
480	2	1 1 0 1 0 0 0 1 0 0 0 1 0 0 1 0 0 0 0 1
480	2	1 1 1 1 0 0 0 1 0 1 0 0 0 0 1 0 1 0 0 0
480	2	1 1 0 1 0 0 0 1 1 1 0 0 1 0 0 0 0 0 0 1
480	1	1 1 0 1 0 1 0 1 0 1 0 1 0 0 0 0 0 0 0 1
500	3	1 1 1 1 0 0 0 1 0 1 0 0 0 0 0 0 0 0 0 1
500	2	1 1 1 1 0 0 0 1 0 1 0 1 0 0 0 0 0 0 0 1
500	1	1 1 1 1 1 0 0 1 0 1 0 0 0 0 0 0 0 1 0 1
500	2	1 1 1 1 1 0 0 1 0 1 0 0 0 0 0 0 0 0 0 1
500	9	1 1 1 1 1 0 0 1 0 1 0 1 0 0 0 0 0 0 0 1
500	1	0 1 1 1 1 0 0 1 0 1 0 0 0 0 0 0 0 0 0 1
500	1	1 1 1 1 1 0 0 1 0 1 0 0 0 0 1 0 0 0 0 1
500	1	1 1 0 1 0 0 0 1 0 1 0 1 0 0 0 0 0 0 0 1
500	2	1 1 1 1 0 1 1 1 0 1 0 1 0 0 0 0 0 0 0 1
500	2	1 1 1 1 0 1 0 1 0 1 0 1 0 1 0 0 0 0 0 1
500	1	1 1 1 1 0 0 0 1 0 1 0 1 1 0 0 0 0 0 0 1
500	7	1 1 1 1 1 0 0 1 0 1 0 0 0 0 0 1 0 0 0 1
500	1	1 1 1 1 0 1 0 1 0 0 1 0 0 0 0 0 0 0 0 1
500	1	1 1 0 1 0 1 0 1 1 1 0 0 0 0 0 0 0 0 0 1
500	1	1 1 1 1 1 0 0 1 1 1 1 1 1 0 0 0 0 0 0 0
500	1	1 1 1 1 0 0 1 1 0 0 0 1 0 0 0 0 0 0 0 1
500	1	0 1 1 1 1 0 0 0 0 1 0 0 0 0 0 1 0 0 0 1
500	1	1 1 1 1 1 0 0 1 0 1 0 0 1 0 0 1 0 0 0 1
500	1	1 1 0 1 0 1 0 1 0 1 0 1 0 0 0 0 0 0 0 1
500	1	1 1 1 1 0 0 0 1 0 0 0 0 0 0 0 0 0 0 0 1
500	1	1 1 1 1 0 0 1 0 1 0 0 0 0 0 0 0 0 0 0 1
500	1	1 1 1 1 0 0 0 1 0 1 0 1 0 0 1 0 0 0 0 1
500	1	1 1 1 0 1 0 0 1 0 1 0 1 0 0 0 0 0 0 0 1
500	2	1 0 1 1 1 0 0 1 0 1 0 0 0 0 0 1 0 0 0 1
500	1	1 1 1 1 1 0 0 1 1 1 0 1 0 0 0 0 0 0 0 1
500	1	1 1 1 1 1 0 0 1 0 0 1 0 0 0 0 0 0 1 0 1
500	1	1 1 1 1 0 0 0 1 0 1 0 0 0 0 0 0 1 0 0 1
500	1	1 1 1 1 0 0 0 1 0 1 1 0 0 0 0 0 0 0 0 1
500	1	1 1 1 1 0 1 0 1 0 1 1 1 1 0 0 0 0 0 0 0
