0	9	0 0 1 0 0 0 1 0 0 0 0 0 0 0 0 0 0 0 0 0
0	2	0 1 1 1 0 0 1 1 1 1 0 1 0 0 0 0 0 0 1 0
0	8	0 1 0 1 1 0 0 0 0 1 0 0 0 0 0 0 0 1 1 0
0	1	0 0 1 0 0 0 0 1 0 0 0 1 0 0 0 0 1 0 0 0
20	9	0 1 1 1 0 0 1 1 1 1 0 1 0 0 0 0 0 0 1 0
20	3	0 1 0 1 1 0 0 0 0 1 0 0 0 0 0 0 0 1 1 0
20	1	0 0 1 1 0 0 1 1 1 1 0 1 0 0 0 0 0 0 1 0
20	2	0 1 1 1 0 0 1 0 1 1 0 1 0 0 0 0 0 0 1 0
20	2	0 1 1 1 1 0 0 0 0 1 0 0 0 0 0 0 0 1 1 0
20	1	0 1 0 1 1 0 0 0 0 1 0 0 0 0 0 0 0 0 1 0
20	1	0 1 1 1 1 0 1 1 1 1 0 1 0 0 0 1 0 0 1 1
20	1	0 1 1 0 0 0 1 1 1 1 0 1 0 0 0 0 0 0 0 0
40	6	0 1 1 1 0 0 1 1 1 1 0 1 0 0 0 0 0 0 1 0
40	1	0 1 1 1 0 0 1 1 1 1 0 1 0 0 0 0 0 1 1 0
40	2	0 1 1 1 0 0 1 1 1 1 0 1 0 0 1 0 0 0 1 0
40	1	0 1 0 1 0 0 0 0 0 1 0 0 0 0 0 0 0 1 1 0
40	1	0 1 1 1 0 1 1 1 1 1 0 1 0 0 0 0 0 0 1 0
40	1	0 1 0 1 1 0 0 0 0 1 0 0 0 0 0 0 0 1 0 0
40	1	0 0 1 1 0 0 1 1 1 0 0 1 0 0 0 0 0 0 1 0
40	1	0 1 1 0 0 0 1 1 1 1 0 1 0 0 0 0 0 1 1 0
40	2	0 1 1 0 0 0 1 1 1 1 0 1 1 0 0 0 0 0 1 0
40	1	0 1 1 1 0 0 1 0 1 1 0 1 1 0 0 0 0 0 1 0
40	1	0 1 1 1 0 0 1 0 1 1 0 1 1 0 0 1 0 0 1 0
40	1	0 1 1 1 0 0 0 1 1 1 0 1 0 1 0 0 0 0 1 0
40	1	0 1 1 1 0 0 1 1 1 1 1 1 1 0 0 0 0 0 1 0
60	10	0 1 1 1 0 0 1 1 1 1 0 1 0 0 0 0 0 0 1 0
60	1	0 1 0 1 1 0 0 0 0 1 0 0 0 0 1 0 0 0 1 0
60	1	0 1 1 1 0 0 1 1 0 1 0 1 0 0 0 1 0 0 1 0
60	1	0 1 1 1 0 0 0 1 1 1 0 1 0 1 0 0 0 0 1 0
60	1	0 1 0 1 0 0 1 0 1 1 0 1 0 0 0 1 0 0 1 0
60	1	0 1 0 1 0 0 1 1 1 1 0 1 0 0 0 0 1 0 1 0
60	1	0 1 1 1 0 1 1 1 1 1 0 0 0 0 0 0 0 0 1 0
60	1	0 1 1 1 0 0 1 1 0 1 0 1 0 0 0 0 0 0 1 0
60	1	0 1 0 0 1 0 0 0 0 1 0 1 0 0 0 0 0 1 1 0
60	1	0 1 1 1 0 0 1 1 1 1 0 1 0 1 0 0 0 0 1 1
60	1	0 1 1 1 0 0 0 1 0 1 0 1 0 0 0 1 0 0 1 0
80	7	0 1 1 1 0 0 1 1 1 1 0 1 0 0 0 0 0 0 1 0
80	1	0 1 1 1 0 0 1 1 1 1 0 1 0 0 1 0 0 0 1 0
80	2	0 1 0 1 1 0 0 0 1 1 0 1 0 0 0 0 0 0 1 0
80	1	0 1 1 1 0 0 1 1 0 1 0 1 0 0 0 0 0 0 1 0
80	1	0 1 1 1 0 0 1 0 0 1 0 0 0 0 1 0 0 0 1 0
80	1	0 1 1 1 0 0 0 0 1 1 0 0 0 0 0 0 0 0 1 0
80	1	0 1 0 1 1 0 0 0 0 1 0 0 0 0 1 0 1 0 1 0
80	1	0 1 1 1 0 0 1 1 1 1 0 1 0 0 1 1 0 0 1 0
80	2	0 1 0 1 0 0 1 1 1 1 0 1 0 0 1 0 0 0 1 0
80	1	0 1 1 0 0 0 1 1 1 1 0 1 0 0 0 0 0 0 1 0
80	1	0 1 1 1 0 0 1 1 1 1 0 1 0 0 0 0 1 1 1 0
80	1	0 1 1 1 0 0 1 0 0 1 0 0 1 0 1 0 0 0 1 0
100	3	0 1 1 1 0 0 1 1 1 1 0 1 0 0 0 0 0 0 1 0
100	1	0 1 1 1 1 0 1 1 1 1 0 1 0 0 0 0 0 0 1 0
100	2	0 1 0 1 1 0 0 0 0 1 0 0 0 0 1 0 0 0 1 0
100	1	0 1 1 1 0 0 1 0 0 1 0 0 0 0 0 0 0 0 1 0
100	2	0 1 1 1 0 0 1 1 0 1 0 1 0 0 0 0 0 0 1 0
100	1	0 1 1 1 0 0 1 1 1 1 0 0 0 0 0 0 0 1 1 0
100	1	0 1 1 1 0 0 1 0 0 1 0 0 0 0 1 0 0 0 1 0
100	1	0 1 1 1 0 0 1 1 1 1 0 1 0 0 1 1 0 0 1 0
100	1	0 1 0 1 0 0 1 1 1 1 0 1 0 0 1 0 0 0 1 0
100	1	0 1 1 1 0 0 1 1 0 1 0 1 0 0 1 1 0 0 1 0
100	1	0 1 0 1 1 0 1 0 0 1 0 0 0 0 1 0 0 0 1 0
100	1	0 1 1 1 0 0 1 1 1 1 0 1 0 0 0 0 0 0 0 0
100	1	0 1 1 1 0 0 1 1 1 1 0 0 0 0 0 0 1 0 1 0
100	1	1 1 1 1 1 0 1 1 1 1 0 1 0 0 0 0 0 0 1 0
100	1	1 1 1 0 0 0 1 1 1 1 0 1 0 0 0 0 1 0 1 0
100	1	0 1 0 1 0 0 1 0 1 1 0 1 0 0 1 0 1 0 1 0
120	2	0 1 1 1 0 0 1 1 1 1 0 1 0 0 0 0 0 0 1 0
120	1	0 1 0 1 0 0 1 1 1 1 0 1 0 0 0 0 0 0 1 0
120	1	0 1 1 1 0 0 1 0 0 1 0 0 0 0 0 0 0 0 1 0
120	2	0 1 1 1 0 0 1 1 1 1 1 1 0 0 0 0 0 0 1 0
120	1	0 1 1 1 0 0 1 1 1 1 0 1 0 0 0 0 1 0 1 0
120	1	0 1 1 1 0 0 1 0 0 1 0 0 1 0 1 0 0 0 1 0
120	1	0 1 1 1 0 0 1 1 0 1 0 1 0 0 1 1 0 0 1 0
120	1	0 1 1 1 0 0 1 1 0 1 0 1 0 0 1 0 0 0 1 0
120	1	0 1 1 1 0 0 1 1 1 1 0 0 0 0 1 0 0 0 1 0
120	1	0 1 1 1 0 0 1 1 1 1 0 0 0 0 0 1 0 1 1 0
120	1	0 1 1 1 0 0 0 0 0 1 0 0 0 0 0 0 0 0 1 0
120	1	0 1 1 1 0 0 1 0 0 0 0 0 0 0 1 0 0 0 1 0
120	2	0 1 1 1 0 0 1 1 0 0 0 1 0 0 0 0 0 0 1 0
120	1	1 1 1 1 0 0 1 1 0 1 0 1 0 0 1 0 0 0 0 0
120	1	0 1 1 1 0 0 1 1 1 1 0 1 0 1 0 0 0 0 1 1
120	1	0 1 1 1 1 1 1 1 1 1 0 1 0 0 0 0 0 0 1 0
120	1	0 1 1 1 0 1 1 1 1 1 0 0 0 0 0 0 0 1 1 0
140	1	0 1 1 1 1 0 1 1 1 1 0 1 0 0 0 0 0 0 1 0
140	1	0 1 0 1 0 0 1 1 1 1 0 1 0 0 0 0 0 0 1 0
140	1	0 1 1 1 0 0 1 1 1 1 0 1 0 0 1 0 0 0 1 0
140	1	0 1 1 1 0 0 1 1 0 1 0 1 0 0 0 0 0 0 1 0
140	1	0 1 1 1 0 0 1 1 0 1 0 1 0 0 1 0 0 0 1 0
140	1	0 1 1 1 0 0 1 1 1 1 0 0 0 0 1 0 0 0 1 0
140	2	0 1 1 1 0 0 1 1 1 1 1 0 0 0 1 0 0 0 1 0
140	2	0 1 1 1 0 0 0 0 0 1 0 0 0 0 0 0 0 0 1 0
140	1	0 1 1 1 0 0 1 0 0 1 0 0 0 1 1 1 0 1 1 0
140	3	1 1 1 1 0 0 1 1 0 1 0 1 0 0 1 0 0 0 0 0
140	1	0 1 1 1 0 0 1 1 1 1 0 1 0 0 0 1 0 0 1 0
140	1	0 1 1 1 0 0 1 1 1 1 0 1 0 0 0 0 0 0 0 0
140	1	0 1 0 1 0 0 0 0 0 1 0 0 0 0 1 0 0 0 1 0
140	1	0 1 1 1 0 0 1 1 1 1 0 1 1 0 1 0 0 0 1 0
140	1	0 1 1 1 0 0 1 1 1 0 0 0 0 0 0 0 0 1 1 0
140	1	0 1 1 1 0 0 1 1 0 1 0 1 1 0 1 1 0 0 1 0
160	1	0 1 0 1 0 0 1 1 1 1 0 1 0 0 0 0 0 0 1 0
160	2	0 1 1 1 0 0 1 1 1 1 1 1 0 0 0 0 0 0 1 0
160	1	0 1 1 1 0 0 1 1 0 1 0 1 0 0 1 1 0 0 1 0
160	1	0 1 1 1 0 0 1 1 0 1 0 1 0 0 1 0 0 0 1 0
160	1	0 1 1 1 0 0 1 1 1 1 0 0 0 0 1 0 0 0 1 0
160	2	0 1 1 1 0 0 0 0 0 1 0 0 0 0 0 0 0 0 1 0
160	4	1 1 1 1 0 0 1 1 0 1 0 1 0 0 1 0 0 0 0 0
160	1	0 1 1 1 0 0 1 1 1 1 0 1 1 0 1 0 0 0 1 0
160	1	0 1 1 1 0 0 1 1 0 1 0 1 0 0 1 0 0 0 0 0
160	2	0 1 1 1 0 0 1 0 1 1 0 1 0 0 1 0 0 0 1 0
160	1	1 1 1 1 0 0 1 1 0 1 0 1 0 0 0 0 0 0 1 0
160	1	1 1 1 1 0 0 1 1 0 1 0 1 1 0 1 0 1 0 0 0
160	1	0 1 1 1 0 0 1 1 1 1 1 0 0 0 1 1 0 0 1 0
160	1	1 1 1 1 0 0 0 1 1 1 0 1 0 0 0 0 0 0 1 0
180	1	0 1 1 1 0 0 1 1 0 1 0 1 0 0 1 1 0 0 1 0
180	1	0 1 1 1 0 0 1 1 1 1 0 0 0 0 1 0 0 0 1 0
180	2	1 1 1 1 0 0 1 1 0 1 0 1 0 0 1 0 0 0 0 0
180	1	1 1 1 1 0 0 1 1 0 1 0 1 0 0 1 0 1 0 0 0
180	2	1 1 1 1 0 0 1 0 0 1 0 1 0 0 1 0 0 0 1 0
180	1	0 1 1 1 0 0 1 0 1 1 0 1 0 0 1 0 0 0 1 0
180	1	1 1 1 1 0 0 1 1 0 1 0 1 0 0 1 0 0 0 1 0
180	2	1 1 1 1 0 0 1 1 0 1 0 1 0 0 0 0 0 0 1 0
180	1	1 1 1 1 0 0 1 0 0 1 0 0 0 0 1 0 0 0 1 0
180	1	0 1 1 1 0 0 1 1 0 1 0 1 0 0 1 0 1 0 0 0
180	1	1 1 1 1 0 0 1 0 0 1 0 1 0 0 1 0 0 0 0 0
180	2	1 1 0 1 1 0 0 0 0 1 0 0 0 0 1 0 0 0 0 0
180	1	0 1 1 1 0 0 1 0 1 1 0 1 1 0 1 0 0 0 1 0
180	1	0 1 1 1 0 0 1 1 0 1 0 1 0 1 1 0 1 0 1 0
180	1	0 1 1 1 0 0 1 1 1 1 0 1 0 0 1 1 0 0 1 0
180	1	0 1 1 0 0 0 1 1 0 0 0 1 0 0 1 0 0 0 1 0
200	1	0 1 1 1 0 0 1 1 0 1 0 1 0 0 1 0 0 0 1 0
200	2	1 1 1 1 0 0 1 1 0 1 0 1 0 0 1 0 0 0 0 0
200	3	1 1 1 1 0 0 1 1 0 1 0 1 0 0 1 0 0 0 1 0
200	1	0 1 1 1 0 0 1 1 0 0 0 1 0 0 1 0 0 0 1 0
200	1	1 1 1 1 0 0 1 1 0 1 1 0 0 0 1 0 0 0 1 0
200	2	0 1 1 1 0 0 1 0 1 1 1 0 0 0 1 0 0 0 1 0
200	1	0 1 1 1 0 0 1 0 1 1 0 1 1 0 1 0 0 0 1 0
200	2	1 1 0 1 0 0 1 0 0 1 0 1 0 0 1 0 0 0 0 0
200	1	1 1 1 1 0 0 1 1 0 1 0 1 0 0 1 1 0 0 0 0
200	1	0 1 1 1 0 0 0 1 0 1 0 1 0 0 1 0 0 0 1 0
200	1	1 1 1 1 0 0 1 1 0 1 1 1 0 0 1 0 0 0 0 0
200	2	1 1 1 1 0 1 1 1 0 1 0 1 0 0 1 0 1 0 1 0
200	1	1 1 0 1 1 0 0 1 0 1 0 0 0 0 1 0 0 1 0 0
200	1	0 1 1 0 1 0 1 1 0 0 0 1 0 0 1 0 0 0 1 0
220	2	1 1 1 1 0 0 1 1 0 1 0 1 0 0 1 0 0 0 0 0
220	1	1 1 1 1 1 0 1 1 0 1 0 1 0 0 1 0 0 0 0 0
220	1	1 1 1 1 0 0 1 1 0 1 1 0 0 0 1 0 0 0 1 0
220	2	1 1 1 1 0 0 1 1 0 1 0 1 0 0 1 1 0 0 0 0
220	1	1 1 1 1 0 0 1 1 1 0 0 1 0 0 1 0 0 0 0 0
220	1	1 1 1 1 0 0 1 1 0 1 0 1 0 1 1 1 0 0 0 0
220	4	1 1 1 1 0 0 0 1 0 1 0 1 0 0 1 0 0 0 0 0
220	1	1 1 1 1 0 0 1 1 0 1 1 1 0 0 1 0 0 0 0 0
220	1	1 1 1 1 0 0 0 1 0 1 0 1 0 0 1 0 0 0 0 1
220	1	1 1 1 1 1 0 0 1 0 1 0 1 0 0 1 0 0 0 1 0
220	1	1 1 1 1 0 0 1 0 0 1 0 1 0 0 1 1 0 0 0 0
220	1	1 1 1 1 0 0 1 1 0 1 0 0 0 0 1 0 0 0 0 0
220	1	1 1 1 1 0 0 0 1 0 1 0 1 0 0 1 0 0 0 1 0
220	1	0 1 1 1 0 0 1 0 0 1 0 0 0 1 1 1 0 1 1 0
220	1	1 1 1 1 0 0 1 0 0 1 0 1 1 0 1 0 0 0 0 0
240	4	1 1 1 1 0 0 1 1 0 1 0 1 0 0 1 0 0 0 0 0
240	1	1 1 1 1 0 0 1 1 0 1 1 0 0 0 1 0 0 0 1 0
240	1	1 1 1 1 0 0 1 1 0 1 0 1 0 1 1 1 0 0 0 0
240	5	1 1 1 1 0 0 0 1 0 1 0 1 0 0 1 0 0 0 0 0
240	1	1 1 1 1 1 0 1 1 0 1 0 1 0 1 1 1 0 0 0 0
240	1	1 1 1 1 0 0 0 1 0 1 1 0 0 0 1 0 0 0 1 0
240	2	1 1 1 1 1 0 1 1 0 0 0 1 1 0 1 0 0 0 0 0
240	1	1 1 1 1 0 0 1 1 0 1 1 0 0 0 1 0 0 0 0 0
240	1	1 1 1 1 0 0 0 1 0 1 0 1 0 0 1 1 0 0 0 0
240	1	1 1 1 1 1 1 1 1 1 0 0 1 0 0 1 0 0 0 0 0
240	1	0 1 0 1 0 1 1 0 0 1 0 1 0 0 1 0 0 0 0 0
240	1	1 0 0 1 0 0 1 1 0 1 0 1 0 1 1 1 0 0 0 0
260	1	1 1 1 1 0 0 1 1 0 1 0 1 0 0 1 0 0 0 0 0
260	1	1 1 1 1 0 0 1 1 0 1 0 1 0 0 1 1 0 0 0 0
260	2	1 1 1 1 0 0 1 1 0 1 0 1 0 1 1 1 0 0 0 0
260	1	1 1 1 1 1 1 1 1 0 1 0 1 0 0 1 0 0 0 1 0
260	2	1 1 1 1 0 0 1 1 0 1 0 0 0 0 1 0 0 0 0 0
260	1	1 0 1 1 0 0 1 1 0 1 0 1 0 0 1 0 0 0 0 0
260	1	1 1 1 1 1 0 1 1 0 0 0 1 1 0 1 0 0 0 0 0
260	3	1 1 1 1 0 0 0 1 0 1 0 1 0 0 1 1 0 0 0 0
260	1	1 1 1 1 0 0 0 1 0 1 0 1 0 0 1 0 0 0 1 0
260	1	1 1 1 1 0 0 1 1 0 0 0 1 1 0 1 0 0 0 0 0
260	1	1 1 1 1 0 0 1 1 0 1 0 1 0 1 1 1 1 0 0 0
260	1	1 1 1 1 1 1 1 1 0 1 0 1 0 1 1 1 0 0 0 0
260	1	1 1 1 1 0 0 1 1 0 1 0 1 0 1 1 1 0 0 1 0
260	1	1 1 1 1 0 1 1 1 1 0 0 1 0 0 1 0 0 0 0 0
260	1	1 1 1 1 0 0 1 1 1 1 0 1 0 1 0 1 0 0 0 0
260	1	1 1 1 1 0 0 1 1 0 1 1 0 0 0 1 0 0 0 0 0
280	3	1 1 1 1 0 0 1 1 0 1 0 1 0 0 1 0 0 0 0 0
280	1	1 1 1 1 1 1 1 1 0 1 0 1 0 0 1 0 0 0 1 0
280	2	1 1 1 1 0 0 0 1 0 1 0 1 0 0 1 1 0 0 0 0
280	1	1 1 1 1 1 1 1 1 1 0 0 1 0 0 1 0 0 0 0 0
280	1	1 1 1 1 0 0 1 1 0 0 0 1 1 0 1 0 0 0 0 0
280	1	1 1 1 1 0 1 0 1 0 1 0 1 0 0 1 1 0 0 0 0
280	1	1 1 1 1 1 1 1 1 1 0 0 0 1 0 1 0 0 0 0 0
280	1	1 1 1 1 0 0 1 1 0 1 1 0 0 0 1 0 0 0 0 0
280	1	1 1 1 1 0 0 1 1 0 1 0 1 0 1 0 1 0 0 0 1
280	1	1 1 1 1 0 1 0 1 0 1 0 1 0 0 1 1 0 0 1 0
280	2	1 1 1 1 1 0 0 1 0 1 0 1 0 0 1 1 0 0 0 0
280	1	1 1 1 1 0 1 1 1 0 1 0 1 0 0 1 0 1 0 1 0
280	1	1 1 1 1 1 0 0 1 0 0 0 1 0 0 1 1 0 0 0 0
280	1	1 1 1 1 1 0 0 1 0 1 0 1 0 0 1 1 0 0 0 1
280	1	1 1 1 1 0 1 1 0 0 1 0 0 1 0 1 0 0 0 0 0
280	1	1 1 1 1 1 1 1 1 0 1 0 1 0 0 0 0 0 0 0 0
300	1	1 1 1 1 0 0 1 1 0 1 0 1 0 0 1 0 0 0 0 0
300	1	1 1 1 1 0 0 0 1 0 1 0 1 0 0 1 1 0 0 0 0
300	1	1 1 1 1 1 1 1 1 1 0 0 0 0 0 1 0 0 0 0 0
300	1	1 1 1 1 0 1 0 1 0 1 0 1 0 0 1 1 0 0 0 0
300	1	1 1 1 1 0 0 1 1 1 0 0 1 1 0 1 0 0 0 0 0
300	1	1 1 1 1 0 0 1 1 0 1 1 0 0 0 1 0 0 0 0 0
300	1	1 1 1 1 0 0 1 1 0 1 0 1 1 1 0 1 0 0 0 0
300	1	1 1 1 1 1 1 1 1 1 0 1 0 1 0 1 0 0 0 0 0
300	2	1 1 1 1 0 0 1 1 0 0 0 1 0 0 1 1 0 0 1 0
300	2	1 1 1 1 0 0 1 1 0 1 0 1 0 1 1 1 0 0 1 0
300	1	1 1 1 1 0 0 0 1 0 1 0 0 0 0 1 1 0 0 0 0
300	1	1 1 1 1 1 1 1 1 0 0 0 1 0 0 1 1 0 0 0 0
300	1	1 1 1 1 0 0 1 1 1 0 0 1 0 0 1 1 0 0 1 0
300	1	1 1 1 1 1 0 0 1 0 1 0 1 0 0 0 1 0 0 0 0
300	1	1 1 1 1 1 0 1 1 0 1 0 1 1 1 0 1 0 0 0 0
300	1	1 1 1 1 1 1 1 1 1 0 0 1 0 1 0 1 0 0 0 0
300	1	1 1 1 1 0 1 0 1 0 1 0 0 0 0 1 1 0 0 0 0
300	1	1 1 1 1 0 0 1 1 0 1 0 0 0 0 1 1 0 0 0 0
320	1	1 1 1 1 0 0 1 1 0 1 0 1 0 0 1 0 0 0 0 0
320	1	1 1 1 1 0 0 0 1 0 1 0 1 0 0 1 0 0 0 0 0
320	1	1 1 1 1 0 0 0 1 0 1 0 1 0 0 1 1 0 0 0 0
320	2	1 1 1 1 1 1 1 1 1 0 0 0 0 0 1 0 0 0 0 0
320	1	1 1 1 1 1 1 1 1 1 0 1 0 1 0 1 0 0 0 0 0
320	1	1 1 1 1 1 0 1 1 0 1 0 1 0 0 1 0 0 0 0 0
320	2	1 1 1 1 0 0 1 1 1 0 0 1 0 0 1 1 0 0 0 0
320	1	1 1 1 1 0 0 1 1 0 1 0 1 0 0 1 1 0 0 0 0
320	2	1 1 1 1 0 0 1 1 1 1 0 0 0 1 1 1 0 0 0 0
320	1	1 1 1 1 0 0 1 1 0 0 0 0 0 0 1 1 0 0 1 0
320	1	1 1 1 1 0 0 0 1 0 0 0 1 0 0 1 1 0 0 1 0
320	1	1 1 1 1 1 1 1 0 1 0 1 0 1 0 1 0 0 0 0 0
320	1	1 1 1 1 0 0 0 1 0 1 0 1 0 0 0 1 0 0 0 0
320	1	1 1 1 1 0 1 0 0 0 1 0 1 0 0 0 0 0 0 0 0
320	1	1 1 1 1 1 0 1 1 0 0 1 1 1 0 0 0 0 0 0 0
320	1	1 1 1 1 0 0 1 1 1 0 0 1 1 0 1 1 0 0 0 0
320	1	1 1 1 1 1 1 1 1 0 1 0 1 0 0 1 0 0 0 1 0
340	1	1 1 1 1 0 0 1 1 0 0 0 1 1 0 1 0 0 0 0 0
340	1	1 1 1 1 1 0 0 1 0 1 0 1 0 0 1 1 0 0 0 0
340	1	1 1 1 1 1 0 1 1 0 1 0 1 0 0 1 0 0 0 0 0
340	3	1 1 1 1 0 0 1 1 0 1 0 1 0 0 1 1 0 0 0 0
340	1	1 1 1 1 0 1 1 1 0 0 1 0 1 0 1 0 0 0 0 0
340	1	1 1 1 1 0 0 1 1 0 0 0 0 0 0 1 1 0 0 0 0
340	1	1 1 1 1 1 0 0 1 0 1 0 1 0 0 1 0 0 0 0 0
340	1	1 1 1 1 1 1 1 1 1 0 1 0 0 0 1 0 0 0 0 0
340	1	1 1 1 1 0 1 1 0 1 0 1 0 1 0 1 0 0 0 0 0
340	2	1 1 1 1 1 1 1 1 1 0 0 0 0 1 1 0 0 0 0 0
340	2	1 1 1 1 1 1 1 1 1 0 0 0 1 0 1 1 0 0 0 0
340	1	1 1 1 1 1 0 0 1 0 1 0 0 1 0 1 0 0 0 0 0
340	1	1 1 1 1 1 1 1 1 1 0 0 0 1 0 0 1 0 0 0 0
340	1	1 1 1 1 0 0 1 1 1 1 1 0 1 0 1 0 0 0 1 0
340	1	1 1 1 1 1 1 0 1 0 0 0 0 0 0 1 1 0 0 0 0
340	1	1 1 1 1 1 0 1 1 1 0 0 0 1 0 1 0 0 0 0 0
360	1	1 1 1 1 0 0 0 1 0 1 0 1 0 0 1 1 0 0 0 0
360	1	1 1 1 1 1 0 1 1 0 1 0 1 0 0 1 0 0 0 0 0
360	1	1 1 1 1 1 1 1 1 0 0 0 1 0 0 1 1 0 0 0 0
360	2	1 1 1 1 0 0 1 1 0 1 0 1 0 0 1 1 0 0 0 0
360	2	1 1 1 1 0 0 1 1 0 0 0 0 0 0 1 1 0 0 0 0
360	1	1 1 1 1 1 0 0 1 0 1 0 1 0 0 1 0 0 0 0 0
360	1	1 1 1 1 0 0 1 1 1 0 0 1 1 0 1 0 0 0 0 0
360	1	1 1 1 1 0 0 0 1 0 1 0 1 0 0 1 0 0 0 1 0
360	2	1 1 1 1 0 0 1 1 0 0 0 0 1 0 1 0 0 0 0 0
360	1	1 1 1 1 1 0 1 1 0 0 1 1 0 1 0 0 0 0 0 0
360	1	1 1 1 1 0 0 0 1 1 1 0 1 0 0 1 1 0 0 0 0
360	1	1 1 1 1 0 0 1 1 0 0 0 1 0 0 1 1 0 0 0 0
360	1	1 1 1 1 1 1 1 1 0 1 0 1 1 1 0 0 0 0 0 0
360	1	1 1 1 1 1 1 1 1 0 0 0 1 0 0 0 0 0 0 0 0
360	1	1 1 1 0 0 0 0 1 0 0 0 1 0 0 1 0 0 0 0 0
360	1	1 1 1 1 1 0 1 1 0 1 0 0 0 0 0 1 0 0 0 0
360	1	1 1 1 1 0 0 0 1 0 1 0 0 0 0 1 0 0 0 1 0
380	1	1 1 1 1 0 0 1 1 0 1 0 1 0 0 1 0 0 0 0 0
380	3	1 1 1 1 0 0 1 1 0 0 0 0 0 0 1 1 0 0 0 0
380	2	1 1 1 1 1 1 1 1 1 1 0 1 0 1 0 1 0 0 0 0
380	1	1 1 1 1 1 1 1 1 1 0 0 0 1 0 1 1 0 0 0 0
380	1	1 1 1 1 0 0 1 1 0 0 0 0 1 0 1 0 0 0 0 0
380	1	1 1 1 1 0 0 0 1 0 1 0 1 0 0 1 1 0 0 1 0
380	1	1 1 1 1 1 1 1 1 1 0 0 0 1 0 0 1 0 0 0 0
380	1	1 1 1 1 1 1 1 1 0 0 0 1 0 0 0 0 0 0 0 0
380	1	1 1 0 1 1 0 1 1 0 1 0 1 0 0 1 0 0 0 0 0
380	2	1 1 1 1 0 0 0 1 0 0 0 1 0 1 1 1 0 0 1 0
380	1	1 1 1 1 1 1 1 1 0 0 1 0 0 0 1 0 0 0 0 0
380	1	1 1 1 1 1 0 1 1 0 1 0 1 0 0 0 0 0 0 0 0
380	1	1 1 1 1 1 1 0 1 0 0 0 1 0 0 1 0 0 0 0 0
380	1	1 1 1 0 0 0 0 1 0 1 0 1 1 0 1 0 0 0 0 0
380	1	1 0 1 1 1 0 1 1 0 0 1 1 0 0 1 0 0 0 1 0
380	1	1 1 1 1 1 0 1 1 0 0 1 1 0 1 1 0 0 0 1 0
400	1	1 1 1 1 0 0 1 1 0 1 0 1 0 0 1 0 0 0 0 0
400	1	1 1 1 1 0 0 0 1 0 1 0 1 0 0 1 0 0 0 0 0
400	1	1 1 1 1 1 1 1 1 1 0 1 0 1 0 1 0 0 0 0 0
400	1	1 1 1 1 0 1 1 1 1 0 0 0 0 0 1 0 0 0 0 0
400	2	1 1 1 1 0 0 1 1 1 0 0 1 1 0 1 0 0 0 0 0
400	1	1 1 1 1 1 1 1 1 1 0 0 0 1 0 1 1 0 0 0 0
400	1	1 1 1 1 1 0 1 1 0 0 1 1 0 1 0 0 0 0 0 0
400	1	1 1 1 1 1 1 1 1 0 0 0 1 0 0 0 0 0 0 0 0
400	1	1 1 0 1 1 0 1 1 0 1 0 1 0 0 1 0 0 0 0 0
400	1	1 1 1 1 1 1 1 1 0 0 1 1 0 1 0 0 0 0 0 0
400	1	1 1 1 1 0 1 0 1 0 0 0 1 0 0 1 1 0 0 0 1
400	1	0 1 1 1 0 0 1 1 0 0 1 1 1 0 1 0 0 0 0 0
400	1	1 1 1 1 1 1 0 1 0 0 0 1 0 0 1 1 0 0 0 0
400	1	1 1 1 1 1 0 0 1 0 1 0 1 0 1 1 1 0 0 0 0
400	1	1 1 0 1 1 0 1 1 0 1 0 1 0 0 0 0 0 0 0 0
400	1	1 1 1 0 1 1 1 1 0 0 0 1 0 1 0 0 0 0 0 0
400	1	1 1 1 1 0 0 1 1 0 1 0 1 0 1 0 0 0 0 0 0
400	1	1 0 1 1 1 1 0 1 0 0 0 1 0 0 1 0 0 0 0 0
400	1	1 1 1 1 0 0 0 1 0 0 0 1 0 0 0 1 0 0 0 0
420	1	1 1 1 1 0 0 1 1 1 0 0 1 1 0 1 0 0 0 0 0
420	2	1 1 1 1 1 1 1 1 1 0 0 0 1 0 1 1 0 0 0 0
420	4	1 1 1 1 0 0 0 1 0 1 0 1 0 0 0 0 0 0 0 0
420	1	1 1 1 1 1 1 0 1 0 0 0 1 0 0 1 0 0 0 0 0
420	2	1 1 1 1 0 0 1 1 0 1 0 1 0 0 0 0 0 0 0 0
420	1	1 1 1 1 0 0 1 1 0 1 0 0 0 1 1 1 0 0 0 0
420	1	1 1 1 1 1 1 0 1 0 0 0 1 0 0 1 1 0 0 0 0
420	1	1 1 1 1 0 0 0 1 0 0 0 1 0 0 0 1 0 0 0 0
420	1	1 1 1 1 0 0 0 1 0 0 0 1 0 1 1 1 0 0 0 1
420	1	1 1 1 1 1 1 1 1 1 0 1 1 0 1 0 0 0 0 0 0
420	1	1 1 1 1 1 1 1 1 0 0 0 1 0 1 0 1 0 1 0 0
420	1	1 1 1 1 1 1 1 0 1 0 0 1 0 0 0 0 0 0 0 0
420	1	1 1 1 1 0 0 1 1 1 0 0 1 0 1 0 1 0 0 1 0
420	1	1 1 1 1 0 0 1 1 1 0 0 0 0 1 0 1 0 0 0 0
420	1	1 1 0 1 1 1 1 1 1 0 0 1 0 0 0 0 0 0 0 0
440	1	1 1 1 1 1 1 1 1 1 0 1 0 1 0 1 0 0 0 0 0
440	2	1 1 1 1 0 0 1 1 1 0 0 1 1 0 1 0 0 0 0 0
440	2	1 1 1 1 1 1 0 1 0 0 0 1 0 0 1 0 0 0 0 0
440	2	1 1 1 1 0 0 1 1 0 1 0 1 0 0 0 0 0 0 0 0
440	1	1 1 1 1 1 0 1 1 0 0 1 1 1 0 0 0 0 0 0 0
440	1	1 1 0 1 0 0 1 1 0 0 0 1 0 0 1 1 0 0 0 0
440	1	1 1 1 1 0 0 0 1 0 0 0 1 0 0 0 1 0 0 0 0
440	2	1 1 1 1 1 1 0 0 0 0 0 1 0 0 1 0 0 0 0 0
440	1	1 1 1 1 1 1 1 1 1 0 1 1 0 1 0 0 0 0 0 0
440	2	1 1 1 1 0 0 0 1 0 0 0 1 0 0 0 0 0 0 0 0
440	1	1 1 1 1 1 1 0 1 0 0 0 1 0 0 0 0 0 0 0 0
440	1	1 1 1 1 1 0 1 1 0 0 1 1 0 0 0 0 0 0 0 0
440	1	1 1 1 1 1 0 1 0 0 0 0 1 0 0 0 1 0 0 0 0
440	1	1 1 1 1 1 1 1 0 1 0 0 1 0 0 0 1 0 0 0 0
440	1	1 1 1 1 1 1 0 0 0 0 0 1 1 0 1 0 0 0 0 0
460	1	1 1 1 1 1 1 1 1 1 0 1 0 1 0 1 0 0 0 0 0
460	1	1 1 1 1 0 0 1 1 1 0 0 1 1 0 1 0 0 0 0 0
460	1	1 1 1 1 0 0 1 1 0 0 1 1 1 0 1 0 0 0 0 0
460	1	1 1 1 1 0 1 1 1 1 0 0 0 0 0 0 0 0 0 0 0
460	1	1 1 1 1 1 1 1 1 1 0 1 1 0 1 0 0 0 0 0 0
460	1	1 1 1 1 0 0 0 1 0 0 0 1 0 0 0 0 0 0 0 0
460	1	1 1 1 1 0 1 0 1 0 0 0 1 0 0 0 1 0 0 0 0
460	1	1 1 1 1 0 0 0 1 1 0 0 1 1 0 1 0 0 0 0 0
460	1	1 1 1 1 0 1 0 1 1 0 0 1 0 0 0 0 0 0 0 0
460	1	1 1 1 1 1 1 1 0 1 0 0 1 0 0 0 1 0 0 0 0
460	1	1 1 1 1 1 0 0 1 0 0 0 1 0 0 0 1 0 0 0 0
460	1	1 1 1 1 0 1 0 1 0 0 1 1 0 0 0 1 0 1 0 0
460	1	1 1 1 1 1 1 0 1 0 0 0 1 0 0 1 1 0 0 0 0
460	1	1 1 1 1 1 1 0 1 0 0 0 1 0 0 1 0 0 0 1 0
460	1	1 0 1 0 0 0 1 1 0 0 0 1 0 1 0 0 0 0 0 0
460	1	1 1 1 0 0 0 1 1 0 0 1 1 1 0 1 0 0 0 0 0
460	1	1 1 1 1 0 0 1 1 0 0 1 1 0 0 0 1 0 0 0 0
460	1	1 1 1 1 1 1 0 1 1 0 0 1 0 0 0 0 1 0 0 0
460	1	1 1 1 1 0 0 0 1 0 0 0 1 0 1 0 1 0 0 0 0
460	1	1 1 1 1 0 0 1 1 1 0 1 1 0 1 0 0 0 0 0 0
480	1	1 1 1 1 0 0 1 1 1 0 0 1 1 0 1 0 0 0 0 0
480	4	1 1 1 1 0 1 1 1 1 0 0 0 0 0 0 0 0 0 0 0
480	1	1 1 1 1 1 1 0 1 0 0 0 1 0 0 0 0 0 0 0 0
480	1	1 1 1 1 0 0 0 1 0 1 0 0 0 0 0 0 0 0 0 0
480	1	1 1 1 0 0 0 0 1 0 0 1 1 0 0 0 0 0 0 0 0
480	2	1 1 1 1 0 1 1 0 0 0 0 0 0 0 0 0 0 0 0 0
480	1	1 1 1 1 1 0 1 1 1 0 0 1 1 1 0 0 0 0 0 0
480	1	1 1 1 1 0 0 1 1 1 0 1 1 1 0 1 0 0 0 0 0
480	1	1 1 1 1 0 0 1 1 1 0 0 1 1 1 0 0 0 0 0 0
480	2	1 1 1 0 0 0 1 0 0 0 0 1 0 1 0 0 0 0 0 0
480	1	1 1 1 0 0 0 0 0 0 0 1 1 0 0 0 0 0 0 0 0
480	1	1 1 0 1 1 1 0 1 0 0 0 1 0 0 0 0 0 0 0 0
480	1	1 1 1 1 1 1 0 1 1 0 0 1 1 0 0 0 0 0 0 0
480	1	1 0 1 1 0 0 0 1 0 0 0 1 0 0 0 0 0 0 0 0
480	1	1 1 1 1 1 1 0 1 0 0 0 1 0 0 0 0 1 0 0 0
500	1	1 1 1 1 0 0 0 1 0 0 0 1 0 0 0 1 0 0 0 0
500	1	1 1 1 1 0 1 1 1 1 0 0 0 0 0 0 0 0 0 0 0
500	1	1 1 1 1 1 1 1 0 1 0 0 1 0 0 0 0 0 0 0 0
500	3	1 1 1 1 0 0 0 1 0 0 0 1 0 0 0 0 0 0 0 0
500	1	1 1 1 1 1 1 0 1 0 0 0 1 0 0 0 0 0 0 0 0
500	1	1 1 1 1 1 0 1 0 0 0 0 1 0 0 0 0 0 0 0 0
500	1	1 1 1 0 0 0 1 1 0 0 1 1 0 0 0 0 0 0 0 0
500	1	1 1 1 1 0 1 1 0 0 0 0 0 0 0 0 0 0 0 0 0
500	1	1 1 1 1 1 1 0 1 1 0 0 1 0 0 0 0 0 0 0 0
500	1	1 1 1 0 0 0 0 1 0 0 1 1 0 0 1 0 0 0 0 0
500	1	1 1 1 1 0 1 0 1 0 0 1 1 0 0 0 1 0 0 0 1
500	1	1 1 1 1 1 1 0 1 0 0 0 1 1 0 1 1 0 0 0 0
500	2	1 1 0 1 1 1 1 0 1 0 0 1 1 1 0 0 0 0 0 0
500	1	1 1 1 1 0 1 1 0 0 1 0 0 0 0 0 0 0 0 0 0
500	1	1 1 1 1 0 1 1 0 0 0 0 0 0 0 0 0 0 0 0 1
500	1	1 1 0 1 0 1 1 0 0 0 0 1 0 0 0 0 0 0 0 0
500	1	1 1 1 1 0 1 1 1 0 0 0 1 1 0 0 0 0 0 0 0
