0	1	0 0 0 0 0 0 0 0 0 0 0 0 1 0 0 0 0 0 0 0
0	3	0 1 0 0 0 0 0 0 1 0 0 0 0 1 0 1 0 0 0 0
0	2	0 1 0 0 0 0 0 1 1 1 0 0 0 0 0 0 0 0 0 1
0	4	0 0 0 0 0 0 0 0 0 0 0 0 1 0 0 1 1 1 0 1
20	3	0 1 0 0 0 0 0 0 1 0 0 0 0 1 0 1 0 0 0 0
20	4	0 1 0 0 0 0 0 1 1 1 0 0 0 0 0 0 0 0 0 1
20	1	0 0 0 0 0 0 0 0 0 0 0 0 1 0 0 1 1 1 0 1
20	1	0 1 0 0 0 0 0 1 1 1 0 0 1 0 0 0 0 0 1 1
20	1	0 1 0 0 0 0 0 1 1 1 0 0 1 0 0 1 1 1 0 1
40	4	0 1 0 0 0 0 0 1 1 1 0 0 0 0 0 0 0 0 0 1
40	1	0 1 0 0 0 0 0 1 1 1 0 0 1 0 0 0 0 0 0 1
40	1	0 1 0 0 0 0 0 1 1 1 0 0 1 0 0 0 0 0 1 1
40	1	0 0 0 0 0 0 0 0 0 1 0 0 1 0 0 1 0 0 0 0
40	1	0 0 0 0 0 0 0 0 0 1 0 0 1 0 0 0 1 1 0 1
40	1	1 1 0 0 0 0 0 1 1 1 0 0 0 0 0 0 0 0 0 1
40	1	0 1 0 1 0 0 0 1 1 1 0 0 0 0 0 0 0 0 0 1
60	2	0 1 0 0 0 0 0 1 1 1 0 0 0 0 0 0 0 0 0 1
60	1	0 1 0 0 0 1 0 0 1 0 0 0 0 1 0 1 0 0 0 0
60	1	0 1 0 0 0 0 0 1 1 1 0 0 0 0 0 0 0 0 0 0
60	1	0 1 0 0 0 0 0 0 1 1 0 0 1 0 0 0 0 0 0 1
60	2	0 1 0 0 0 0 0 1 1 1 0 0 0 1 0 0 0 0 0 0
60	1	0 1 0 0 0 0 0 0 1 0 0 0 0 1 0 0 1 0 0 0
60	1	0 1 0 0 0 0 0 0 1 1 1 0 1 0 0 0 0 0 0 1
60	1	0 1 0 1 0 0 0 1 1 1 0 0 0 0 0 0 0 0 1 1
80	3	0 1 0 0 0 0 0 1 1 1 0 0 0 0 0 0 0 0 0 1
80	1	0 1 0 0 0 0 0 1 1 1 0 0 0 0 0 0 1 0 0 1
80	1	0 1 0 0 0 0 0 0 1 1 0 0 0 1 0 0 1 0 0 0
80	1	0 1 0 0 0 0 0 0 0 1 0 0 1 0 0 1 1 1 0 1
80	1	0 1 0 0 0 0 0 0 1 1 1 0 1 0 0 0 0 0 0 1
80	1	0 1 0 0 0 1 1 0 1 0 0 0 0 1 0 1 0 0 0 0
80	1	0 1 0 0 0 0 0 1 1 1 0 0 0 1 0 0 1 1 0 0
80	1	0 1 0 0 0 0 0 0 1 1 0 0 0 1 0 0 0 0 1 1
100	1	0 1 0 0 0 0 0 1 1 1 0 0 0 0 0 0 0 0 0 1
100	1	0 1 0 0 0 0 0 0 1 1 0 0 0 1 0 0 1 0 0 0
100	1	0 1 0 0 0 0 0 1 1 1 0 0 0 0 0 1 0 0 0 0
100	1	0 1 0 1 0 0 0 1 1 1 0 0 0 1 0 0 0 0 0 0
100	1	0 1 0 0 1 0 0 0 1 1 0 0 0 1 0 0 1 0 0 0
100	1	0 1 0 0 0 0 1 1 1 1 0 0 1 0 0 0 1 0 0 0
100	1	0 1 0 1 0 0 0 1 1 1 0 0 0 0 0 0 0 0 0 1
100	1	0 1 0 0 0 0 1 1 1 1 0 0 0 0 0 0 0 0 0 0
100	1	0 1 0 1 0 0 0 1 1 1 0 0 0 0 0 0 1 0 0 1
100	1	0 1 0 0 0 0 1 0 1 1 0 0 1 0 0 0 0 0 0 1
120	1	1 1 0 0 0 0 0 0 1 1 0 0 0 1 0 0 1 0 0 0
120	1	0 1 0 0 0 0 0 0 1 1 0 0 0 1 0 0 1 0 0 1
120	1	0 1 0 1 0 0 0 1 1 1 0 0 0 0 0 0 1 0 0 1
120	3	0 1 0 1 0 0 1 0 0 1 1 0 1 0 0 0 1 1 1 1
120	1	0 1 0 0 0 1 1 0 1 0 0 0 0 0 0 0 1 0 0 1
120	1	0 1 0 0 1 1 1 0 1 0 0 0 0 1 0 0 0 0 0 0
120	1	0 1 0 0 0 0 0 0 1 1 0 0 0 0 1 0 0 0 0 1
120	1	0 1 0 0 0 0 0 1 1 1 1 0 0 0 0 0 0 0 0 0
140	1	0 1 0 0 0 1 1 0 1 0 0 0 0 1 0 0 0 0 0 0
140	1	0 1 0 0 1 0 1 1 1 1 0 0 0 0 0 0 0 0 1 1
140	1	0 1 0 0 0 1 1 0 1 0 0 0 0 0 0 0 1 0 0 1
140	1	0 1 0 1 0 0 0 1 1 1 0 0 0 0 0 0 0 0 0 0
140	1	0 1 0 0 1 0 0 0 1 1 0 1 0 1 0 0 1 0 0 0
140	1	1 1 0 1 0 1 0 1 1 1 0 0 0 0 1 0 0 0 0 1
140	2	0 1 0 0 0 0 0 1 1 1 0 0 0 1 0 0 1 0 0 0
140	1	0 1 0 0 0 0 1 1 1 1 1 1 0 0 1 0 0 0 0 1
140	1	0 1 0 0 0 0 1 1 1 0 0 0 0 0 0 0 0 0 0 1
160	1	0 1 0 0 0 0 0 0 1 1 0 0 1 0 0 0 1 0 0 1
160	1	0 1 0 0 1 0 0 0 1 1 0 0 0 1 0 0 1 0 0 0
160	1	0 1 0 0 0 1 1 0 1 0 0 0 0 0 0 0 1 0 0 1
160	1	1 1 0 0 1 0 0 0 1 1 0 0 0 1 0 0 1 0 0 0
160	1	0 1 0 0 1 0 0 0 1 1 0 1 0 1 0 0 1 0 0 0
160	1	0 1 0 0 0 0 0 1 1 1 0 0 0 0 1 0 0 1 0 1
160	2	1 1 0 1 0 0 0 0 1 1 0 0 1 0 0 0 1 0 0 0
160	1	1 1 0 0 0 0 0 0 1 1 0 0 0 1 0 0 0 0 1 0
160	1	0 1 0 0 0 0 0 1 1 1 1 0 0 0 0 1 1 0 0 0
180	1	1 1 0 1 0 1 0 1 1 1 0 0 0 0 1 0 0 0 0 1
180	1	1 1 0 1 0 0 0 0 1 1 0 0 1 0 0 0 1 0 0 0
180	1	1 1 1 0 0 0 0 0 1 1 1 0 0 0 0 1 1 0 0 0
180	1	1 1 1 0 0 0 1 0 1 1 1 0 0 0 0 0 1 0 0 0
180	1	1 1 0 1 0 1 0 1 1 1 0 0 1 0 0 1 1 0 0 0
180	1	0 1 0 0 0 1 1 0 1 0 0 0 0 0 0 0 1 0 0 0
180	1	1 0 1 0 0 0 1 0 1 1 1 0 0 0 0 1 1 0 0 1
180	1	1 1 0 1 0 0 1 0 1 1 0 0 1 0 0 1 1 0 0 0
180	1	1 1 1 0 0 1 1 1 0 0 0 0 0 1 0 0 0 1 0 0
180	1	0 1 1 0 1 1 1 0 1 0 0 0 0 0 0 0 1 0 0 1
200	1	0 1 0 0 0 0 0 0 1 1 0 0 1 0 0 0 1 0 0 1
200	2	1 1 0 1 0 0 0 0 1 1 0 0 1 0 0 0 1 0 0 0
200	1	1 1 0 1 0 0 0 0 1 1 1 0 1 0 0 0 1 0 0 0
200	1	0 1 0 0 1 1 0 0 1 1 0 0 0 1 0 0 1 0 0 0
200	1	1 1 1 0 0 0 0 1 1 1 0 0 1 0 0 0 1 0 0 0
200	1	0 1 0 0 0 0 0 1 1 1 0 0 0 0 0 1 1 0 0 0
200	1	0 1 1 0 0 1 0 0 1 0 0 0 0 0 0 0 1 0 0 1
200	1	1 1 1 0 0 1 1 0 0 1 1 0 1 0 0 1 1 0 0 0
200	1	0 1 1 0 1 1 0 0 1 1 0 1 0 0 0 0 1 0 0 1
220	1	0 1 0 0 1 0 0 0 1 1 0 1 0 1 0 0 1 0 0 0
220	1	1 1 1 0 0 0 0 1 1 1 0 0 0 0 0 0 1 0 0 0
220	1	1 1 0 0 1 0 0 0 1 1 0 0 0 0 0 0 1 0 0 0
220	1	0 1 1 0 1 0 0 0 1 1 0 0 0 1 1 0 1 0 0 0
220	1	0 1 0 0 1 0 0 0 1 1 0 1 0 1 0 0 0 0 0 0
220	1	1 1 1 1 0 0 0 1 1 1 0 0 1 0 0 0 1 1 0 0
220	2	1 1 1 0 0 0 1 0 1 0 0 0 0 0 0 0 1 0 0 1
220	1	1 1 1 1 1 1 0 0 1 1 0 0 1 1 0 0 1 0 0 0
220	1	0 1 0 0 1 1 0 0 1 0 0 0 0 0 0 0 1 0 0 1
240	1	1 1 0 1 0 0 0 0 1 1 0 0 1 0 0 0 1 0 0 0
240	1	1 1 1 0 0 0 1 0 1 1 1 0 0 0 0 1 1 0 0 0
240	2	1 1 0 0 1 0 1 1 1 1 0 0 1 0 0 1 1 0 0 0
240	1	1 1 1 0 0 0 0 0 1 1 1 0 0 0 0 0 1 0 0 0
240	1	1 1 0 1 0 0 0 0 1 1 0 0 1 0 0 1 1 0 0 0
240	1	1 1 1 1 0 0 0 1 1 1 0 0 1 0 0 0 1 1 1 0
240	1	1 1 0 0 1 0 0 0 1 1 0 0 1 0 0 1 1 0 0 0
240	1	1 1 1 1 1 0 0 1 1 1 0 0 0 0 0 0 1 0 0 0
240	1	1 1 0 1 0 0 0 0 1 1 0 0 1 0 0 0 0 0 0 0
260	1	1 1 1 0 0 0 1 0 1 1 1 0 0 0 0 1 1 0 0 0
260	1	1 1 0 1 0 1 0 1 1 1 0 0 0 0 1 0 1 0 0 0
260	1	1 1 0 1 0 0 0 0 1 1 0 1 1 0 1 0 0 0 0 0
260	2	0 1 1 0 1 0 0 1 1 1 0 0 0 1 1 0 1 0 0 0
260	1	1 1 1 1 0 0 0 1 1 1 0 0 1 0 0 0 1 1 1 0
260	1	1 1 1 0 0 0 0 0 1 1 0 1 1 0 0 0 0 0 0 0
260	1	1 1 1 1 0 0 0 1 1 1 0 0 1 0 0 0 0 0 0 0
260	1	1 1 0 1 0 1 0 1 1 0 0 0 0 0 0 0 0 0 0 1
260	1	1 1 1 0 0 1 1 0 1 1 1 0 0 0 0 1 1 0 0 0
280	1	1 1 0 1 0 0 0 1 1 1 1 0 1 1 0 0 0 0 0 0
280	1	1 1 0 1 0 0 1 0 0 1 0 0 1 1 0 0 1 0 0 0
280	1	1 1 1 0 0 0 1 0 1 1 1 0 0 0 0 1 0 0 0 0
280	1	1 1 1 0 0 0 1 0 1 1 1 0 0 0 0 0 1 0 0 0
280	1	1 1 0 0 0 0 0 0 1 1 0 0 1 0 1 1 1 0 0 0
280	2	1 1 1 0 0 0 1 0 1 1 1 0 1 0 1 1 1 0 0 0
280	1	1 1 1 1 0 0 1 0 1 1 1 0 0 0 0 1 0 0 1 0
280	1	1 1 1 0 0 1 1 0 1 1 1 0 1 0 0 1 1 0 0 1
280	1	1 1 1 1 0 0 0 0 1 1 1 0 1 0 0 1 1 0 0 1
300	1	1 1 0 1 0 0 0 1 1 1 1 0 1 1 0 0 0 0 0 0
300	2	1 1 1 1 0 0 0 0 1 1 1 0 0 0 0 0 1 0 0 0
300	1	1 1 1 0 0 0 1 0 1 1 1 0 1 0 0 1 1 0 0 1
300	1	1 1 1 1 0 0 0 1 1 1 1 0 1 0 0 0 1 0 0 0
300	1	1 1 1 0 0 0 1 0 1 1 1 0 1 0 0 0 0 0 0 0
300	1	1 1 1 0 0 1 0 0 0 1 0 0 0 0 1 0 0 0 0 0
300	1	1 1 1 0 0 0 0 0 1 1 0 1 1 0 0 0 1 0 0 0
300	1	1 1 0 0 0 0 0 0 1 1 1 0 0 0 0 0 1 0 0 1
300	1	1 1 1 0 0 0 0 0 1 1 0 0 0 0 0 0 1 0 0 0
320	1	1 1 1 0 0 0 1 0 1 1 1 0 0 0 0 1 1 0 0 0
320	1	1 1 1 0 0 0 0 1 1 1 0 0 0 0 0 0 1 0 0 0
320	1	1 1 1 1 0 0 0 1 1 1 0 0 1 0 0 0 0 0 0 0
320	1	1 0 1 1 0 0 0 1 1 1 0 0 1 0 0 1 1 0 0 0
320	1	1 0 1 0 0 0 1 0 1 1 0 0 1 1 0 0 1 0 0 0
320	1	1 1 1 1 0 1 0 0 1 1 1 0 0 0 0 0 1 0 0 0
320	1	1 1 1 0 0 0 0 0 1 1 1 0 0 1 0 0 0 0 0 0
320	1	1 1 1 0 1 0 0 0 1 1 0 1 1 0 0 0 1 0 0 0
320	1	1 1 1 0 0 0 1 1 1 1 1 0 1 0 0 0 0 0 0 0
320	1	1 1 1 1 1 0 1 0 1 1 0 0 0 1 1 0 1 0 0 0
340	1	1 1 1 1 0 0 0 0 1 1 1 0 0 0 0 0 1 0 0 0
340	2	1 1 1 1 0 0 0 1 1 1 0 0 1 0 0 0 0 0 0 0
340	1	1 0 1 1 0 0 0 1 1 1 0 0 1 0 0 1 1 0 0 0
340	1	1 1 1 0 1 0 1 0 1 1 0 0 1 1 0 0 1 0 0 0
340	1	1 1 1 1 0 0 0 0 1 1 1 0 1 0 0 0 1 0 0 1
340	1	1 1 1 1 0 0 1 0 1 1 1 0 1 0 0 0 0 0 0 0
340	1	1 0 0 0 0 0 1 0 1 1 1 0 1 0 0 0 1 0 0 1
340	1	1 1 1 1 1 0 1 0 1 1 0 0 0 0 0 0 0 0 0 0
340	1	1 1 1 0 1 0 1 0 1 1 0 0 1 1 0 0 1 0 0 1
360	2	1 1 1 1 0 0 0 0 1 1 1 0 0 0 0 0 1 0 0 0
360	2	1 1 1 1 0 0 0 1 1 1 0 0 1 0 0 0 0 0 0 0
360	1	1 1 1 0 1 0 1 0 1 1 0 0 0 0 0 0 0 0 0 0
360	2	1 1 1 1 0 0 1 1 1 1 0 0 1 0 0 0 0 0 0 0
360	1	1 1 1 0 0 0 0 1 1 1 1 0 1 0 0 0 0 0 0 0
360	1	1 1 1 0 0 0 0 1 1 1 1 0 1 0 0 0 1 0 0 0
360	1	1 0 1 1 0 0 1 1 1 1 0 0 1 0 0 0 0 0 0 0
380	1	1 1 1 1 0 1 0 0 1 1 1 0 0 0 0 0 1 0 0 0
380	1	1 1 1 1 0 0 0 1 1 1 0 1 1 0 0 0 1 0 0 0
380	1	1 1 1 1 0 0 1 0 1 1 1 0 1 0 1 0 0 0 0 0
380	2	1 1 1 0 1 0 1 0 1 1 0 0 0 0 1 0 0 0 0 0
380	1	1 1 1 0 0 0 0 1 1 1 1 0 1 0 0 0 0 0 1 0
380	1	1 0 1 1 0 0 0 1 1 1 0 0 1 1 0 1 1 0 0 0
380	1	0 0 1 1 0 0 1 1 1 1 0 0 1 0 0 0 0 0 0 0
380	1	1 1 1 1 0 0 1 0 1 1 1 0 1 1 0 0 1 0 0 0
380	1	1 1 1 0 0 0 0 1 1 1 1 0 0 1 0 0 0 0 1 0
400	2	1 1 1 1 0 0 0 1 1 1 0 1 1 0 0 0 1 0 0 0
400	2	1 1 1 1 0 0 1 0 1 1 1 0 1 0 1 0 0 0 0 0
400	1	1 0 1 1 0 0 0 1 1 1 1 0 0 1 0 0 1 0 0 1
400	1	1 1 1 1 0 0 1 0 1 1 1 0 1 0 1 0 0 1 0 0
400	1	1 1 0 1 0 0 1 0 1 1 1 0 1 0 1 0 0 0 0 0
400	1	1 0 1 1 0 0 0 1 1 1 0 1 1 0 0 0 1 0 0 0
400	1	1 1 1 1 0 1 1 1 1 1 0 0 1 0 1 0 0 0 0 0
400	1	1 1 1 1 0 0 1 1 1 1 0 0 0 0 0 1 0 0 0 1
420	1	1 1 1 1 0 0 1 1 1 1 0 0 1 0 0 0 0 0 0 0
420	2	1 1 1 0 0 0 0 1 1 1 1 0 1 0 0 0 0 0 0 0
420	1	1 1 1 1 0 0 1 1 1 1 0 0 1 0 1 0 0 0 0 0
420	1	1 0 1 1 0 0 1 1 1 1 0 0 1 0 0 0 0 0 0 0
420	1	1 1 1 0 0 0 0 0 1 1 1 0 0 0 0 0 0 0 0 0
420	1	1 1 1 1 0 0 0 0 1 1 1 0 1 0 0 0 0 0 0 0
420	1	1 1 1 1 0 0 1 1 1 1 0 0 0 0 0 1 0 0 0 1
420	1	1 1 1 1 0 0 0 0 1 1 0 0 0 0 0 0 1 0 1 0
420	1	1 1 1 1 0 0 0 1 1 1 0 0 1 0 0 0 0 0 1 0
440	1	1 0 1 1 0 0 1 1 1 1 0 0 1 0 0 0 0 0 0 0
440	1	1 0 1 1 1 0 1 0 1 1 0 0 0 1 1 0 0 0 0 0
440	1	1 0 1 1 0 0 1 0 1 1 1 0 1 0 0 0 1 0 0 0
440	1	1 0 1 0 0 0 1 0 1 1 0 1 1 0 0 0 1 0 0 0
440	1	1 1 1 1 0 1 0 0 1 1 0 1 1 0 0 0 1 0 0 0
440	1	1 1 1 1 0 0 0 0 1 1 1 0 0 0 0 0 0 1 0 1
440	1	1 1 1 1 1 0 0 0 1 1 1 0 1 0 0 0 0 0 0 0
440	1	1 0 1 0 0 0 1 1 1 1 0 0 1 0 0 0 0 0 0 0
440	1	1 1 1 1 0 0 1 0 1 1 1 0 1 0 1 0 0 1 0 0
440	1	1 1 1 1 0 1 1 1 1 1 0 0 1 1 1 0 0 0 1 0
460	1	1 1 1 1 0 0 1 1 1 1 0 0 1 0 0 0 0 0 0 0
460	1	1 1 1 1 0 0 0 0 1 1 0 0 0 0 0 0 1 0 0 0
460	2	1 1 1 1 1 0 0 0 1 1 1 0 1 0 0 0 0 0 0 0
460	1	1 0 1 1 1 0 1 1 1 1 0 0 1 0 0 0 0 0 0 0
460	1	1 1 1 1 0 0 0 0 1 1 1 0 0 0 0 0 1 1 0 0
460	1	1 0 1 1 0 1 1 1 1 1 0 0 1 1 0 0 1 0 0 0
460	1	0 1 1 1 0 0 1 1 1 1 0 0 1 0 0 0 0 0 0 0
460	1	1 1 1 1 0 0 0 0 1 1 0 0 1 1 1 0 0 0 0 0
460	1	0 0 1 1 1 0 1 1 1 1 0 0 1 1 0 0 1 0 0 0
480	3	1 0 1 0 0 0 1 0 1 1 1 0 1 1 0 0 1 0 0 0
480	1	1 0 1 1 0 0 1 1 1 1 0 0 1 0 0 0 0 0 0 0
480	1	1 1 1 1 0 0 0 1 1 1 0 1 1 0 0 1 0 0 0 0
480	4	1 0 1 1 1 0 1 1 1 1 0 0 1 0 0 0 0 0 0 0
480	1	1 1 1 1 0 0 1 1 1 1 1 0 1 1 0 0 1 0 0 0
500	1	1 0 1 1 0 0 1 1 1 1 0 0 1 0 0 0 0 0 0 0
500	2	1 1 1 1 0 0 0 0 1 1 0 0 1 1 1 0 0 0 0 0
500	2	1 1 1 1 0 0 1 1 1 1 0 0 0 0 0 0 1 0 0 0
500	1	1 1 1 1 0 1 0 0 1 1 0 1 1 0 1 0 0 0 0 0
500	1	1 0 1 1 0 0 1 0 1 1 1 0 1 0 0 0 0 0 0 0
500	1	1 0 1 1 0 0 1 0 1 0 1 0 1 0 1 1 0 0 0 0
500	1	1 0 1 1 0 0 1 1 1 1 0 1 0 0 0 0 0 0 0 0
500	1	1 1 1 1 0 0 0 1 1 1 0 0 1 0 1 0 0 0 0 0
