0	43	1 0 0 0 0 0 0 1 0 0 0 0 0 0 0 0 0 0 0 0
0	53	1 0 0 0 0 0 1 0 0 0 0 0 0 0 1 0 1 0 0 0
0	60	0 0 1 0 1 0 0 0 0 0 0 1 0 1 1 0 1 0 0 0
0	44	0 1 0 0 0 0 0 0 0 1 0 0 0 0 0 0 0 0 0 0
20	3	1 0 0 0 0 0 0 1 0 0 0 0 0 0 0 0 0 0 0 0
20	68	1 0 0 0 0 0 1 0 0 0 0 0 0 0 1 0 1 0 0 0
20	38	0 0 1 0 1 0 0 0 0 0 0 1 0 1 1 0 1 0 0 0
20	9	0 1 0 0 0 0 0 0 0 1 0 0 0 0 0 0 0 0 0 0
20	7	0 1 0 0 0 0 0 0 0 1 0 0 0 0 1 0 1 0 0 0
20	1	1 0 0 0 0 0 0 0 0 0 0 0 0 0 1 0 1 0 0 0
20	2	0 0 1 0 1 0 0 0 0 1 0 1 0 1 1 0 1 0 0 0
20	2	0 0 1 0 1 0 0 1 0 0 0 1 0 1 1 0 1 0 0 0
20	3	1 0 0 0 0 0 1 0 0 0 0 0 0 0 1 0 0 0 0 0
20	1	1 0 0 0 1 0 1 0 0 0 0 0 0 0 1 0 1 0 0 0
20	1	0 0 1 0 1 0 0 0 0 0 0 1 0 1 1 0 1 0 0 1
20	5	0 0 1 0 1 0 0 0 0 0 0 1 1 1 1 0 1 0 0 0
20	5	1 0 0 0 0 0 0 1 0 0 0 1 0 1 1 0 1 0 0 0
20	3	0 0 1 0 1 0 0 0 0 0 0 0 0 0 1 0 1 0 0 0
20	1	1 0 0 0 0 0 0 1 0 0 0 1 0 0 0 0 0 0 0 0
20	1	0 0 1 0 1 0 0 0 0 0 0 1 0 1 1 0 1 0 1 0
20	1	1 0 0 0 0 0 1 1 0 0 0 0 0 0 1 0 1 0 0 0
20	1	1 0 1 0 1 0 0 0 0 0 0 1 0 1 1 0 1 0 0 0
20	1	1 0 1 0 0 0 1 0 0 0 0 0 0 0 1 0 1 0 0 0
20	2	1 1 0 0 0 0 0 0 0 1 0 0 0 0 0 0 0 0 0 0
20	3	0 0 1 0 1 0 0 1 0 0 0 0 0 0 0 0 0 0 0 0
20	1	1 0 0 0 0 0 1 0 0 0 0 0 0 0 1 1 1 0 0 0
20	4	0 0 1 0 1 0 0 0 0 0 0 1 0 1 1 1 1 0 0 0
20	3	1 0 0 0 0 0 0 0 0 1 1 0 0 0 0 0 0 0 0 0
20	2	1 0 0 0 0 0 1 0 0 0 0 0 0 0 0 0 0 0 0 0
20	2	1 0 0 0 0 0 0 1 0 0 0 0 0 0 0 1 0 0 0 0
20	1	1 0 0 0 0 0 1 0 0 0 1 0 0 0 1 0 1 0 0 0
20	1	1 0 0 0 0 0 0 1 0 1 0 1 0 0 0 0 0 0 0 0
20	1	0 0 1 0 1 0 0 1 0 0 0 0 0 0 1 0 1 0 0 0
20	2	1 0 0 0 0 0 1 0 0 0 0 0 0 0 1 0 1 0 1 0
20	5	0 0 0 0 1 0 0 0 0 0 0 1 0 1 1 0 1 0 0 0
20	4	0 0 1 0 1 1 0 0 0 1 0 0 0 0 0 0 0 0 0 0
20	3	1 0 0 0 0 0 1 0 0 1 1 0 0 0 0 0 0 0 0 0
20	1	1 0 0 0 0 0 1 0 0 0 0 0 0 0 0 0 1 0 0 0
20	1	1 0 0 0 0 0 1 0 1 0 0 0 0 0 1 0 1 0 0 0
20	1	1 0 0 0 0 0 1 0 0 0 0 1 0 1 1 0 1 0 0 0
20	1	1 0 0 0 0 0 0 0 0 1 0 0 0 0 0 0 0 0 0 0
20	1	1 1 0 0 0 0 1 1 1 0 0 0 0 0 0 0 0 0 0 0
20	2	0 1 0 0 0 0 0 0 0 1 0 0 0 0 0 0 1 0 0 0
20	1	0 0 1 0 0 0 1 0 0 0 0 0 0 0 1 0 1 0 0 0
20	1	0 0 0 0 1 0 0 0 0 0 0 0 0 0 1 0 1 0 0 0
20	1	1 0 0 0 0 0 1 0 0 0 0 1 0 0 1 0 1 0 0 0
20	2	0 0 0 0 0 0 1 0 0 0 0 0 0 0 1 0 1 0 0 0
20	1	0 0 1 0 1 0 0 0 1 0 0 0 0 0 1 0 1 0 0 0
40	45	1 0 0 0 0 0 1 0 0 0 0 0 0 0 1 0 1 0 0 0
40	19	0 0 1 0 1 0 0 0 0 0 0 1 0 1 1 0 1 0 0 0
40	1	0 1 0 0 0 0 0 0 0 1 0 0 0 0 1 0 1 0 0 0
40	3	1 0 0 0 0 0 0 0 0 0 0 0 0 0 1 0 1 0 0 0
40	7	0 0 1 0 1 0 0 0 0 1 0 1 0 1 1 0 1 0 0 0
40	2	0 0 1 0 1 0 0 1 0 0 0 1 0 1 1 0 1 0 0 0
40	2	1 0 0 0 0 0 1 0 0 0 0 0 0 0 1 0 0 0 0 0
40	1	1 0 0 0 0 0 0 1 0 0 0 1 0 1 1 0 1 0 0 0
40	5	1 0 1 0 0 0 1 0 0 0 0 0 0 0 1 0 1 0 0 0
40	3	0 0 1 0 1 0 0 1 0 0 0 0 0 0 0 0 0 0 0 0
40	3	1 0 0 0 0 0 1 0 0 0 0 0 0 0 1 1 1 0 0 0
40	12	0 0 1 0 1 0 0 0 0 0 0 1 0 1 1 1 1 0 0 0
40	2	1 0 0 0 0 0 0 0 0 1 1 0 0 0 0 0 0 0 0 0
40	1	1 0 0 0 0 0 1 0 0 0 0 0 0 0 0 0 0 0 0 0
40	11	1 0 0 0 0 0 1 0 0 0 1 0 0 0 1 0 1 0 0 0
40	1	0 0 1 0 0 0 0 0 0 0 0 1 0 1 1 0 1 0 0 0
40	9	1 0 0 0 0 0 1 0 0 0 0 0 0 0 1 0 1 0 0 1
40	1	1 0 0 0 0 0 1 0 0 0 0 0 0 0 1 0 1 0 1 0
40	7	0 0 1 0 1 1 0 0 0 1 0 0 0 0 0 0 0 0 0 0
40	1	1 0 0 0 0 0 1 0 0 0 0 1 0 1 1 0 1 0 0 0
40	3	1 1 0 0 0 0 1 1 1 0 0 0 0 0 0 0 0 0 0 0
40	3	1 0 0 0 0 0 1 0 0 0 0 1 0 0 1 0 1 0 0 0
40	6	0 0 0 0 0 0 1 0 0 0 0 0 0 0 1 0 1 0 0 0
40	4	0 0 1 0 1 0 1 1 0 0 0 0 0 0 1 0 1 0 0 0
40	3	0 0 1 0 1 0 0 1 0 0 0 1 0 1 1 0 1 0 0 1
40	2	1 0 1 0 0 0 1 0 0 1 1 0 0 0 0 0 0 0 0 0
40	1	1 0 0 1 0 0 1 0 0 0 0 0 0 0 1 0 1 0 0 0
40	4	0 0 1 0 1 0 0 1 0 0 0 0 0 0 1 0 1 0 0 0
40	2	1 0 1 0 1 0 0 0 0 1 0 1 0 1 1 0 1 0 0 0
40	2	1 0 0 0 0 0 1 0 0 0 1 0 0 1 1 0 1 0 0 0
40	1	1 0 0 0 1 0 1 0 1 0 0 0 0 0 1 0 1 0 0 0
40	1	1 0 0 0 1 0 1 0 0 0 1 0 0 0 1 0 1 0 0 0
40	3	1 0 1 0 1 0 0 0 0 0 0 1 0 1 1 0 1 0 0 0
40	1	0 0 1 0 1 0 0 0 0 0 0 1 0 1 1 0 0 0 0 0
40	1	1 0 0 0 0 0 1 0 1 0 1 0 0 0 1 0 1 0 0 0
40	2	0 0 1 0 1 0 1 0 0 0 1 0 0 1 1 0 1 0 0 0
40	3	1 0 0 0 0 0 1 0 0 0 0 1 0 0 1 1 1 0 0 0
40	1	1 0 0 0 0 0 1 0 0 0 0 0 0 1 1 0 1 0 0 0
40	1	1 1 0 0 0 0 1 0 0 0 1 0 0 0 1 0 1 0 0 0
40	2	1 0 0 0 0 0 1 0 0 0 0 0 0 0 1 0 1 0 1 1
40	1	0 1 1 0 1 0 0 0 0 0 0 1 0 1 1 0 1 0 0 0
40	1	1 0 1 0 0 0 0 0 0 0 0 1 0 1 1 0 1 0 0 0
40	1	1 0 0 0 0 0 1 0 0 0 0 0 1 0 1 0 1 0 0 0
40	1	0 0 0 0 1 0 0 0 0 0 0 1 0 1 1 0 0 0 0 0
40	1	1 0 0 0 0 0 1 0 0 0 0 0 0 0 1 0 1 1 0 0
40	1	1 0 0 0 0 0 1 0 0 1 0 0 0 0 1 0 1 0 0 0
40	1	0 0 1 0 1 0 0 0 0 0 0 1 0 0 1 1 1 0 0 0
40	1	0 0 1 0 1 0 1 1 0 1 0 0 0 0 1 0 1 0 0 0
40	1	1 1 0 0 0 0 1 1 0 0 1 0 0 0 1 0 1 0 0 0
40	1	1 0 0 0 0 0 0 0 0 0 0 0 0 0 1 0 1 0 1 1
40	1	1 0 0 0 0 0 1 0 0 1 1 0 0 0 0 0 0 0 0 0
40	1	1 0 0 0 0 0 1 0 0 1 0 1 0 1 1 0 1 0 0 0
40	1	0 0 1 1 1 0 0 0 0 0 0 1 0 1 1 0 1 0 0 0
40	1	0 0 1 0 1 0 1 1 0 0 0 0 0 0 1 0 1 0 1 0
40	1	1 0 0 0 1 0 1 0 0 0 1 0 0 0 1 0 0 0 0 0
40	1	0 0 1 0 1 0 1 0 0 0 0 1 0 1 1 0 1 0 0 0
40	2	1 0 0 0 1 0 1 0 0 0 0 0 0 0 1 0 0 0 0 0
60	41	1 0 0 0 0 0 1 0 0 0 0 0 0 0 1 0 1 0 0 0
60	7	0 0 1 0 1 0 0 0 0 0 0 1 0 1 1 0 1 0 0 0
60	2	1 0 0 0 0 0 0 0 0 0 0 0 0 0 1 0 1 0 0 0
60	1	0 0 1 0 1 0 0 0 0 1 0 1 0 1 1 0 1 0 0 0
60	2	0 0 1 0 1 0 0 1 0 0 0 1 0 1 1 0 1 0 0 0
60	8	1 0 1 0 0 0 1 0 0 0 0 0 0 0 1 0 1 0 0 0
60	1	1 0 0 0 0 0 1 0 0 0 0 0 0 0 1 1 1 0 0 0
60	8	1 0 0 0 0 0 1 0 0 0 1 0 0 0 1 0 1 0 0 0
60	17	1 0 0 0 0 0 1 0 0 0 0 0 0 0 1 0 1 0 0 1
60	6	1 0 0 0 0 0 1 0 0 0 0 0 0 0 1 0 1 0 1 0
60	3	0 0 1 0 1 1 0 0 0 1 0 0 0 0 0 0 0 0 0 0
60	1	1 0 0 0 0 0 1 0 0 0 0 1 0 0 1 0 1 0 0 0
60	5	0 0 0 0 0 0 1 0 0 0 0 0 0 0 1 0 1 0 0 0
60	1	0 0 1 0 1 0 0 1 0 0 0 1 0 1 1 0 1 0 0 1
60	2	1 0 0 0 0 0 1 0 0 1 0 1 0 0 0 0 0 0 0 0
60	3	1 0 1 0 1 0 0 0 0 1 0 1 0 1 1 0 1 0 0 0
60	2	1 0 0 0 1 0 1 0 1 0 0 0 0 0 1 0 1 0 0 0
60	6	1 0 0 0 1 0 1 0 0 0 1 0 0 0 1 0 1 0 0 0
60	10	1 0 1 0 1 0 0 0 0 0 0 1 0 1 1 0 1 0 0 0
60	1	0 0 1 0 0 0 1 0 0 1 1 0 0 0 0 0 0 0 0 0
60	3	1 0 0 0 0 0 1 0 0 0 0 0 0 0 1 0 1 0 1 1
60	1	1 0 0 0 0 0 0 0 0 0 0 0 0 1 1 0 1 0 0 0
60	2	1 0 0 0 0 0 1 0 0 0 0 0 0 1 1 1 1 0 0 0
60	1	1 0 0 0 0 0 1 0 0 0 0 0 1 0 1 0 1 0 0 0
60	4	1 0 1 0 1 0 0 0 0 0 0 1 0 1 1 0 1 0 1 0
60	3	1 0 0 0 0 0 1 0 0 0 1 0 0 0 0 0 1 0 0 0
60	1	0 0 1 0 0 0 1 0 0 0 1 0 0 0 1 0 1 0 0 0
60	1	1 0 0 0 0 0 1 0 0 1 1 0 0 0 0 0 0 0 0 1
60	1	1 1 0 0 0 1 0 0 0 0 1 0 0 0 1 0 1 0 0 0
60	3	0 0 1 0 1 0 0 0 0 0 1 0 0 0 1 0 1 0 0 0
60	1	0 0 1 0 1 0 0 0 1 0 0 1 0 1 1 0 1 0 0 0
60	5	1 0 0 1 0 0 1 0 0 0 0 0 0 0 1 1 1 0 0 0
60	2	1 1 1 0 0 0 1 0 0 1 1 0 0 0 0 0 0 0 0 0
60	5	0 0 1 0 1 0 0 0 0 0 0 1 0 1 0 1 1 0 0 0
60	2	0 0 1 0 1 1 0 0 0 1 0 0 0 0 0 1 0 0 0 0
60	2	0 0 1 0 1 0 0 0 0 0 0 1 0 0 1 0 1 0 0 0
60	2	1 1 0 0 0 1 0 0 0 0 1 0 0 0 1 0 1 1 0 0
60	1	1 0 0 0 0 0 1 0 0 0 0 0 0 0 0 0 0 0 0 1
60	1	1 0 1 0 1 1 0 0 0 1 0 0 0 0 0 0 0 0 0 0
60	1	1 0 0 0 0 0 1 0 0 0 0 0 0 0 1 0 1 1 0 0
60	1	1 0 0 0 1 1 0 0 0 1 0 0 0 0 0 0 0 0 0 1
60	1	1 0 0 0 0 0 1 0 0 0 0 0 1 0 1 0 1 0 0 1
60	1	1 0 0 0 0 0 1 1 0 0 0 0 0 0 1 0 1 0 0 1
60	4	1 0 0 0 0 0 1 0 0 0 1 0 0 0 1 1 1 0 0 0
60	1	1 0 0 0 1 0 0 0 1 0 0 0 0 0 1 0 1 0 0 0
60	2	1 0 0 0 0 0 1 0 0 1 1 0 0 0 0 0 0 0 0 0
60	1	1 0 0 0 0 0 0 0 0 1 0 0 0 0 1 0 1 0 0 0
60	1	1 0 0 1 0 0 1 0 0 0 0 1 0 0 1 1 1 0 0 0
60	2	1 1 0 0 0 0 1 0 0 0 0 0 1 0 1 0 1 0 0 0
60	2	1 1 0 0 1 0 1 0 0 0 0 0 0 0 1 0 1 0 0 0
60	2	0 0 1 0 1 0 0 0 1 0 1 0 0 0 1 0 1 0 0 1
60	1	1 0 0 0 0 0 0 0 0 0 0 1 0 1 1 0 1 0 0 0
60	1	1 0 0 0 0 0 1 0 0 0 1 0 0 1 1 1 1 0 0 0
60	1	1 0 0 0 0 1 1 0 0 1 0 0 0 0 1 0 1 0 0 0
60	1	1 0 0 0 1 0 1 0 0 0 0 0 0 0 1 0 1 0 0 1
60	1	1 0 0 0 1 0 1 1 0 0 0 0 0 0 1 0 1 1 0 0
60	1	1 0 0 0 0 0 1 1 0 0 0 0 0 0 0 0 1 0 0 0
60	1	1 0 0 0 0 0 1 0 0 0 0 1 0 1 1 0 1 0 0 0
60	1	0 0 1 0 1 0 0 0 0 0 0 1 1 0 1 0 1 0 0 0
60	2	1 1 0 0 0 0 1 0 0 0 0 0 0 0 1 0 1 0 0 0
60	2	1 0 0 0 1 0 1 0 0 0 1 0 0 0 1 1 1 0 0 0
60	1	1 1 1 1 0 0 1 0 0 0 0 0 0 0 1 0 1 1 0 0
80	24	1 0 0 0 0 0 1 0 0 0 0 0 0 0 1 0 1 0 0 0
80	1	0 0 1 0 1 0 0 0 0 0 0 1 0 1 1 0 1 0 0 0
80	2	1 0 0 0 0 0 0 0 0 0 0 0 0 0 1 0 1 0 0 0
80	1	0 0 1 0 1 0 0 1 0 0 0 1 0 1 1 0 1 0 0 0
80	11	1 0 1 0 0 0 1 0 0 0 0 0 0 0 1 0 1 0 0 0
80	10	1 0 0 0 0 0 1 0 0 0 1 0 0 0 1 0 1 0 0 0
80	2	1 0 0 0 0 0 1 0 0 0 0 0 0 0 1 0 1 0 0 1
80	7	1 0 0 0 0 0 1 0 0 0 0 0 0 0 1 0 1 0 1 0
80	2	0 0 0 0 0 0 1 0 0 0 0 0 0 0 1 0 1 0 0 0
80	11	1 0 0 1 0 0 1 0 0 0 0 0 0 0 1 0 1 0 0 0
80	1	1 0 0 0 1 0 1 0 1 0 0 0 0 0 1 0 1 0 0 0
80	9	1 0 0 0 1 0 1 0 0 0 1 0 0 0 1 0 1 0 0 0
80	3	0 0 1 0 0 0 1 0 0 1 1 0 0 0 0 0 0 0 0 0
80	1	1 0 0 0 0 0 0 0 0 0 0 0 0 1 1 0 1 0 0 0
80	1	1 0 0 0 0 0 1 0 0 0 0 0 0 1 1 1 1 0 0 0
80	7	1 1 0 0 0 1 0 0 0 0 1 0 0 0 1 0 1 0 0 0
80	3	0 0 1 0 1 0 0 0 0 0 1 0 0 0 1 0 1 0 0 0
80	9	1 0 0 1 0 0 1 0 0 0 0 0 0 0 1 1 1 0 0 0
80	2	1 0 0 1 0 0 1 0 0 0 0 0 0 0 1 0 1 0 1 0
80	3	1 0 0 0 0 1 1 0 0 0 0 0 0 0 1 0 1 0 0 0
80	4	1 0 0 0 1 0 1 0 0 0 0 0 0 0 1 0 1 0 1 0
80	1	1 1 0 0 0 0 1 0 0 0 0 0 1 0 1 0 1 0 0 0
80	2	1 0 0 0 0 0 1 0 0 0 0 0 0 0 1 0 0 0 0 0
80	2	1 0 0 1 1 0 1 0 1 0 0 0 0 0 1 0 1 0 0 0
80	4	1 0 0 0 0 0 1 0 0 0 1 0 0 1 1 1 1 0 0 0
80	2	1 1 0 0 0 0 1 0 0 0 0 0 0 0 1 0 1 0 0 0
80	3	1 0 0 0 0 0 1 1 0 0 0 0 0 0 1 0 1 0 0 0
80	11	0 0 0 0 1 0 1 0 0 0 1 0 0 0 1 0 1 0 0 0
80	2	1 0 0 0 0 0 1 0 0 0 0 1 0 1 1 0 1 0 1 0
80	1	0 0 1 0 1 0 0 0 0 0 1 0 0 0 1 0 1 1 0 0
80	2	0 0 1 0 1 0 1 0 0 0 0 0 0 0 1 0 1 0 0 0
80	2	1 0 0 0 0 0 1 0 0 1 0 0 0 0 1 0 1 0 0 0
80	1	1 0 0 0 0 0 1 0 0 1 1 0 0 0 1 0 1 0 0 0
80	3	1 0 0 0 0 0 1 0 0 0 0 0 0 0 1 0 0 0 1 0
80	2	1 0 0 0 0 0 1 0 1 0 0 0 0 0 1 0 1 0 0 0
80	1	1 0 0 0 0 0 1 0 0 0 1 0 0 0 1 0 1 0 0 1
80	1	1 1 1 0 0 0 1 0 0 1 1 0 0 0 1 0 1 0 0 0
80	5	1 0 1 0 0 0 1 0 0 0 0 0 0 0 1 1 1 0 0 0
80	2	1 0 0 0 1 0 1 0 1 0 0 0 0 0 1 0 1 0 0 1
80	2	1 1 0 0 0 0 0 0 0 0 1 0 0 0 1 0 1 1 0 0
80	1	1 0 0 1 0 0 1 0 0 0 0 0 0 1 1 0 1 0 1 0
80	2	1 0 0 1 0 0 1 0 0 0 0 0 0 0 1 0 0 0 1 0
80	8	1 0 0 0 1 0 1 0 1 0 0 1 0 1 1 0 1 0 0 0
80	2	1 0 1 0 1 0 1 0 1 0 0 0 0 0 1 0 1 0 0 0
80	2	1 1 0 0 0 0 1 0 0 0 0 1 0 1 1 0 1 0 1 0
80	1	1 1 0 0 0 0 1 0 0 0 0 0 0 1 1 0 1 0 1 0
80	1	0 1 1 0 1 0 0 0 0 0 0 1 0 0 1 0 1 0 0 0
80	2	0 0 1 0 1 0 0 0 0 0 0 0 0 0 1 0 1 0 0 0
80	3	1 0 0 0 0 0 0 0 0 0 1 0 0 0 1 0 1 0 0 0
80	1	1 0 1 0 0 0 1 0 0 0 1 0 0 0 1 0 1 0 0 0
80	1	1 0 1 1 0 0 1 0 0 0 0 0 0 0 1 0 1 0 0 0
80	2	1 0 0 1 1 0 0 0 1 0 0 0 0 0 1 0 1 0 0 0
80	2	1 0 0 0 0 0 1 0 0 1 0 0 0 0 1 1 1 0 0 0
80	1	0 0 0 0 0 0 1 0 0 0 0 0 0 0 1 0 1 0 1 0
80	1	1 0 1 0 1 0 0 0 0 0 0 1 0 1 1 0 1 0 1 0
80	1	0 0 0 0 1 0 1 0 0 0 0 1 0 1 1 0 1 0 0 0
80	2	1 1 0 0 0 1 1 0 0 0 1 0 0 0 1 0 1 0 0 0
80	1	0 0 1 0 1 0 1 0 0 0 0 0 0 0 1 0 0 0 0 0
80	1	1 0 0 0 0 0 1 0 0 1 1 0 0 0 1 0 1 0 0 1
80	1	0 0 1 1 1 1 0 0 0 0 1 0 0 0 1 0 1 1 0 0
80	1	1 0 0 1 1 0 0 0 1 0 0 0 0 0 1 0 0 0 0 0
100	3	1 0 0 0 0 0 1 0 0 0 0 0 0 0 1 0 1 0 0 0
100	1	0 0 1 0 1 0 0 0 0 0 0 1 0 1 1 0 1 0 0 0
100	6	1 0 1 0 0 0 1 0 0 0 0 0 0 0 1 0 1 0 0 0
100	22	1 0 0 0 0 0 1 0 0 0 1 0 0 0 1 0 1 0 0 0
100	5	1 0 0 0 0 0 1 0 0 0 0 0 0 0 1 0 1 0 0 1
100	6	1 0 0 1 0 0 1 0 0 0 0 0 0 0 1 0 1 0 0 0
100	3	1 0 0 0 1 0 1 0 0 0 1 0 0 0 1 0 1 0 0 0
100	1	1 0 1 0 1 0 0 0 0 0 0 1 0 1 1 0 1 0 0 0
100	4	1 0 0 0 0 0 1 0 0 0 0 0 0 0 1 0 1 0 1 1
100	4	1 0 0 0 0 0 1 0 0 0 0 0 0 1 1 1 1 0 0 0
100	2	1 1 0 1 0 0 1 0 0 0 0 0 0 0 1 0 1 1 0 0
100	1	0 0 1 0 1 0 0 0 0 0 1 0 0 0 1 0 1 0 0 0
100	7	1 0 0 1 0 0 1 0 0 0 0 0 0 0 1 1 1 0 0 0
100	7	1 0 0 1 0 0 1 0 0 0 0 0 0 0 1 0 1 0 1 0
100	12	1 0 0 0 0 0 1 0 0 0 0 0 0 0 1 0 0 0 0 0
100	5	1 0 0 1 1 0 1 0 1 0 0 0 0 0 1 0 1 0 0 0
100	5	0 0 0 0 1 0 1 0 0 0 1 0 0 0 1 0 1 0 0 0
100	1	1 0 0 0 0 0 1 0 0 0 0 1 0 1 1 0 1 0 1 0
100	1	1 0 0 0 0 0 1 0 0 1 0 0 0 0 1 0 1 0 0 0
100	1	1 0 0 0 0 0 1 0 0 1 1 0 0 0 1 0 1 0 0 0
100	1	1 0 0 0 0 0 1 0 0 0 1 0 0 0 1 0 1 0 1 0
100	1	1 1 1 0 0 0 1 0 0 1 1 0 0 0 1 0 1 0 0 0
100	3	1 0 1 0 0 0 1 0 0 0 0 0 0 0 1 1 1 0 0 0
100	3	1 0 0 1 0 0 1 0 0 0 0 0 0 1 1 0 1 0 1 0
100	3	1 0 0 0 0 0 1 0 0 0 0 0 1 0 1 0 1 0 0 0
100	3	1 0 1 0 0 0 1 0 0 0 1 0 0 0 1 0 1 0 0 0
100	1	1 0 1 0 1 0 0 0 0 0 0 1 0 1 1 0 1 0 1 0
100	3	1 0 0 1 1 0 1 0 0 0 0 0 0 0 1 0 1 0 0 0
100	6	1 0 1 0 0 0 1 0 0 1 0 0 0 0 1 0 1 0 0 0
100	3	0 0 0 0 1 0 1 0 0 0 1 0 0 0 1 0 1 0 0 1
100	2	1 0 0 0 1 0 1 0 0 0 1 0 0 0 1 0 0 0 0 0
100	4	1 0 0 0 0 0 1 0 0 0 1 0 0 1 1 0 1 0 0 0
100	1	0 0 0 0 0 0 1 0 0 0 1 0 0 1 1 1 1 0 0 0
100	1	0 0 0 0 0 0 1 0 0 0 1 0 0 0 1 0 1 0 0 0
100	5	1 0 0 1 0 0 1 0 0 0 0 0 0 1 1 0 0 0 1 0
100	1	0 1 1 1 0 0 1 0 0 0 0 0 1 0 1 0 1 0 0 0
100	2	1 0 1 0 0 0 1 0 0 0 0 0 1 0 1 0 1 0 0 0
100	6	1 0 0 1 0 0 1 1 0 0 0 0 0 0 1 0 1 0 0 0
100	2	1 1 0 1 0 0 1 0 0 0 0 0 0 0 1 0 0 0 1 0
100	1	1 0 0 1 1 0 1 0 0 0 1 0 0 0 1 0 1 0 0 0
100	1	1 0 0 0 0 0 1 0 0 0 1 0 0 0 0 0 1 0 0 0
100	4	1 0 1 1 1 0 1 0 0 0 0 0 0 0 1 0 1 0 0 0
100	2	1 0 0 1 0 0 1 0 0 0 1 0 0 0 1 1 1 0 0 0
100	2	1 0 1 0 1 0 0 0 0 0 0 1 0 0 1 0 1 0 0 0
100	2	1 0 0 0 0 0 1 1 0 0 0 0 0 0 1 0 0 0 0 0
100	3	1 0 0 0 1 0 1 1 0 0 0 0 0 0 1 0 1 0 0 0
100	1	1 1 0 0 0 0 1 0 0 0 1 0 0 1 1 1 1 0 0 0
100	1	1 0 1 1 0 0 1 0 0 0 0 0 0 0 1 0 1 0 0 1
100	1	1 0 1 1 1 0 1 0 1 0 0 0 0 0 1 0 1 0 0 0
100	1	1 1 0 0 0 0 1 0 0 0 1 0 0 0 1 0 1 0 1 0
100	1	1 1 1 0 0 0 1 0 0 0 1 0 0 0 1 1 1 0 0 0
100	1	1 0 0 0 0 0 1 0 1 0 0 0 0 0 1 0 0 0 1 0
100	2	1 0 1 1 0 0 0 0 0 0 0 0 0 0 1 1 1 0 0 0
100	3	1 0 0 0 0 0 1 0 0 0 1 0 0 0 0 0 1 0 0 1
100	1	1 0 1 0 0 0 1 0 0 0 0 0 0 0 1 0 1 0 0 1
100	3	1 0 0 1 0 0 1 0 0 1 1 0 0 0 1 0 1 0 0 0
100	1	1 0 0 1 0 0 1 0 0 1 0 0 0 0 1 1 1 0 0 0
100	1	1 0 0 1 1 0 1 0 1 0 0 0 0 0 1 1 1 0 0 0
100	1	1 0 0 1 1 0 1 0 1 0 0 0 0 0 1 0 1 0 0 1
100	2	1 1 0 1 0 1 1 0 0 0 0 0 0 0 1 0 0 0 1 0
100	1	1 0 1 1 1 0 1 0 0 0 0 0 0 0 1 1 1 0 0 0
100	3	1 0 0 0 0 0 0 0 0 0 1 0 0 0 1 0 1 0 0 0
100	1	1 0 0 1 0 0 1 0 0 0 0 1 0 0 1 1 1 0 0 0
100	2	0 1 1 0 0 0 1 0 0 0 0 0 0 0 1 0 1 0 0 0
100	1	1 1 0 1 0 0 1 0 0 0 0 0 0 0 1 1 1 0 0 0
100	1	1 0 0 1 0 0 0 0 1 0 0 0 0 0 1 1 1 0 0 0
100	1	1 0 0 0 0 0 1 0 0 0 0 0 0 0 1 0 1 1 0 0
100	3	1 1 0 1 0 0 1 0 0 0 0 0 0 1 1 1 1 0 0 0
100	1	1 0 1 0 0 0 1 0 0 0 1 1 0 0 1 1 1 0 0 0
100	1	1 0 1 1 1 0 1 0 1 0 1 0 0 0 1 0 1 0 0 0
100	1	1 0 0 1 0 0 1 0 0 1 0 0 1 0 1 1 1 0 0 0
100	1	1 1 0 1 0 1 1 0 0 0 1 0 0 0 1 0 0 0 1 0
120	5	1 0 0 0 0 0 1 0 0 0 0 0 0 0 1 0 1 0 0 0
120	5	1 0 1 0 0 0 1 0 0 0 0 0 0 0 1 0 1 0 0 0
120	10	1 0 0 0 0 0 1 0 0 0 1 0 0 0 1 0 1 0 0 0
120	2	1 0 0 0 0 0 1 0 0 0 0 0 0 0 1 0 1 0 0 1
120	1	1 0 0 1 0 0 1 0 0 0 0 0 0 0 1 0 1 0 0 0
120	2	1 0 1 0 1 0 0 0 0 0 0 1 0 1 1 0 1 0 0 0
120	1	1 0 0 0 0 0 1 0 0 0 0 0 0 0 1 0 1 0 1 1
120	8	1 0 0 0 0 0 1 0 0 0 0 0 0 1 1 1 1 0 0 0
120	10	1 0 0 1 0 0 1 0 0 0 0 0 0 0 1 1 1 0 0 0
120	3	1 0 0 0 0 0 1 0 0 0 0 0 0 0 1 0 0 0 0 0
120	4	1 0 0 1 1 0 1 0 1 0 0 0 0 0 1 0 1 0 0 0
120	2	1 0 0 0 0 0 1 0 0 0 1 0 0 1 1 1 1 0 0 0
120	3	1 0 0 0 0 0 1 1 0 0 0 0 0 0 1 0 1 0 0 0
120	2	0 0 0 0 1 0 1 0 0 0 1 0 0 0 1 0 1 0 0 0
120	1	1 0 0 0 0 0 1 0 0 0 0 1 0 1 1 0 1 0 1 0
120	1	1 0 1 0 0 0 1 1 0 0 0 0 0 0 1 0 1 0 0 0
120	1	1 1 0 0 0 0 0 0 0 0 1 0 0 0 1 0 1 1 0 0
120	1	1 0 0 1 0 0 1 0 0 0 0 0 0 1 1 0 1 0 1 0
120	2	1 0 0 0 0 0 1 0 0 0 0 0 1 0 1 0 1 0 0 0
120	4	1 0 1 0 0 0 1 0 0 0 1 0 0 0 1 0 1 0 0 0
120	1	1 0 0 1 1 0 1 0 0 0 0 0 0 0 1 0 1 0 0 0
120	5	1 0 1 0 0 0 1 0 0 1 0 0 0 0 1 0 1 0 0 0
120	1	1 0 0 0 0 0 1 0 0 0 1 0 0 1 1 0 1 0 0 0
120	1	0 0 0 0 0 0 1 0 0 0 1 0 0 1 1 1 1 0 0 0
120	4	0 1 1 1 0 0 1 0 0 0 0 0 1 0 1 0 1 0 0 0
120	2	1 1 0 1 0 0 1 0 0 0 0 0 0 0 1 0 0 0 1 0
120	4	1 0 1 1 1 0 1 0 0 0 0 0 0 0 1 0 1 0 0 0
120	5	1 0 0 1 0 0 1 0 0 0 1 0 0 0 1 1 1 0 0 0
120	1	1 0 1 1 0 0 0 0 0 0 0 0 0 0 1 1 1 0 0 0
120	5	1 0 0 1 0 0 1 0 0 1 1 0 0 0 1 0 1 0 0 0
120	1	1 1 0 1 0 1 1 0 0 0 0 0 0 0 1 0 0 0 1 0
120	2	1 0 0 0 0 0 0 0 0 0 1 0 0 0 1 0 1 0 0 0
120	5	1 0 1 1 1 0 1 0 1 0 1 0 0 0 1 0 1 0 0 0
120	2	1 0 0 0 0 0 1 0 0 0 1 0 0 0 1 0 0 0 0 0
120	5	1 0 0 1 0 0 1 0 0 0 1 0 0 0 1 0 1 0 0 0
120	3	1 0 0 1 1 0 1 0 1 0 0 0 0 0 1 0 1 1 0 0
120	6	1 1 0 0 0 0 1 0 0 1 1 0 0 0 1 0 1 0 0 0
120	1	1 0 1 0 0 0 1 0 0 0 1 0 0 0 1 0 1 0 0 1
120	4	1 1 1 0 0 1 1 0 0 0 1 0 0 0 1 1 1 0 0 0
120	1	1 0 0 0 1 0 1 0 0 0 0 0 0 0 1 0 1 0 0 1
120	3	1 0 0 0 0 0 1 0 1 0 1 0 0 0 1 0 0 0 0 0
120	1	0 0 0 0 0 0 1 0 0 0 1 0 0 0 1 0 0 0 0 0
120	6	1 0 0 0 0 0 1 1 0 0 1 0 0 0 1 0 1 0 0 0
120	2	1 0 1 1 1 0 0 0 0 0 0 1 0 1 1 0 1 0 0 0
120	2	1 0 1 0 1 0 0 0 0 0 1 1 0 1 1 0 1 0 0 0
120	9	1 0 0 0 0 0 1 0 0 0 0 0 0 1 1 0 0 0 0 0
120	3	1 0 0 0 1 0 1 0 0 0 0 0 0 0 1 0 1 1 0 1
120	1	1 1 1 0 0 0 1 0 0 0 1 0 0 0 1 0 0 0 0 0
120	2	1 1 1 0 0 1 1 0 0 0 0 0 0 0 1 0 1 0 0 0
120	1	1 1 0 1 1 0 1 0 0 0 0 0 0 0 1 0 1 0 0 0
120	2	1 1 0 1 1 1 1 0 0 0 0 0 0 0 1 0 0 0 1 0
120	2	1 0 0 1 0 0 1 1 0 0 0 0 0 0 1 0 1 0 1 0
120	2	1 1 0 0 0 0 1 1 0 0 1 0 0 0 1 0 1 0 0 0
120	2	1 0 0 1 0 0 0 0 0 0 1 0 0 0 1 0 1 1 0 0
120	4	1 0 1 1 1 0 1 0 1 0 0 0 0 0 1 0 0 0 1 0
120	2	1 0 0 0 0 0 1 0 0 0 0 0 0 1 1 0 0 1 0 0
120	1	1 0 1 0 0 0 1 0 0 0 1 0 1 0 1 0 1 0 0 0
120	2	1 0 0 0 0 0 0 0 0 0 0 0 0 0 1 0 1 0 1 1
120	2	1 0 1 0 1 0 1 0 0 0 1 0 0 0 1 0 1 0 0 0
120	1	1 0 0 1 0 0 1 0 0 0 1 1 0 0 1 0 1 0 0 0
120	2	1 1 1 0 0 1 1 0 0 1 1 0 0 0 1 1 1 0 0 0
120	1	1 1 0 1 0 0 1 0 0 0 0 0 1 0 1 0 0 0 1 0
120	2	1 1 0 0 0 0 0 0 0 0 1 0 0 0 1 0 1 0 0 1
120	2	0 0 0 0 1 0 1 0 0 0 1 1 0 0 1 0 1 0 0 0
120	3	1 0 1 0 0 0 1 0 0 0 1 1 0 0 1 0 1 0 0 0
120	1	1 0 0 0 0 0 0 0 0 0 0 0 0 0 1 0 1 0 0 0
120	2	1 0 0 0 0 0 1 0 0 0 0 0 0 0 0 0 1 0 0 0
120	1	1 0 1 0 0 0 1 0 0 0 0 0 1 0 1 0 1 0 0 0
120	1	1 0 0 1 0 1 1 0 0 0 0 0 0 0 1 0 1 0 0 0
120	1	1 0 0 1 0 0 1 0 0 0 1 0 0 0 1 1 1 1 0 0
120	1	1 1 0 0 0 0 0 0 0 1 1 0 0 0 1 0 1 0 0 0
120	1	1 1 0 0 0 1 1 0 0 0 0 0 0 0 1 0 1 0 0 0
120	1	1 0 0 0 1 0 1 0 0 0 1 0 1 0 1 0 1 0 0 0
120	1	1 1 0 1 0 0 0 0 0 0 1 0 0 0 1 0 1 1 0 0
120	1	1 1 1 0 0 1 1 0 0 1 1 0 0 0 1 0 1 0 0 0
120	1	1 1 1 1 0 0 1 0 0 0 0 0 1 0 1 0 1 0 0 0
120	1	1 0 0 0 0 0 1 0 0 0 0 0 0 1 1 0 0 0 1 0
140	3	1 0 0 0 0 0 1 0 0 0 0 0 0 0 1 0 1 0 0 0
140	10	1 0 0 0 0 0 1 0 0 0 1 0 0 0 1 0 1 0 0 0
140	11	1 0 0 1 0 0 1 0 0 0 0 0 0 0 1 0 1 0 0 0
140	2	1 0 0 1 0 0 1 0 0 0 0 0 0 0 1 1 1 0 0 0
140	2	1 0 0 0 0 0 1 0 0 0 0 0 0 0 1 0 0 0 0 0
140	4	1 0 0 1 1 0 1 0 1 0 0 0 0 0 1 0 1 0 0 0
140	1	1 0 1 0 0 0 1 1 0 0 0 0 0 0 1 0 1 0 0 0
140	10	1 0 1 0 0 0 1 0 0 0 1 0 0 0 1 0 1 0 0 0
140	1	1 0 1 0 0 0 1 0 0 1 0 0 0 0 1 0 1 0 0 0
140	11	1 0 0 1 0 0 1 0 0 0 1 0 0 0 1 1 1 0 0 0
140	1	1 0 1 1 0 0 0 0 0 0 0 0 0 0 1 1 1 0 0 0
140	2	1 1 1 0 0 0 1 0 1 1 1 0 0 0 1 0 1 0 0 0
140	12	1 0 1 1 1 0 1 0 1 0 1 0 0 0 1 0 1 0 0 0
140	3	1 0 0 1 0 0 1 0 0 0 1 0 0 0 1 0 1 0 0 0
140	4	1 0 0 1 1 0 1 0 1 0 0 0 0 0 1 0 1 1 0 0
140	6	1 1 0 0 0 0 1 0 0 1 1 0 0 0 1 0 1 0 0 0
140	1	1 1 1 0 0 1 1 0 0 0 1 0 0 0 1 1 1 0 0 0
140	2	1 0 0 0 0 0 1 0 1 0 1 0 0 0 1 0 0 0 0 0
140	3	1 0 0 0 0 0 1 1 0 0 1 0 0 0 1 0 1 0 0 0
140	8	1 0 0 0 0 0 1 0 0 0 0 0 0 1 1 0 0 0 0 0
140	1	1 0 0 0 0 0 1 0 0 0 1 0 0 0 1 1 1 0 0 0
140	6	1 1 1 0 0 1 1 0 0 0 0 0 0 0 1 0 1 0 0 0
140	4	1 1 0 1 1 0 1 0 0 0 0 0 0 0 1 0 1 0 0 0
140	1	1 0 1 1 1 0 1 0 1 0 0 0 0 0 1 0 0 0 1 0
140	2	1 0 0 0 0 0 1 1 0 0 1 0 0 1 1 0 1 0 1 0
140	3	1 1 1 0 0 1 1 0 0 1 1 0 0 0 1 1 1 0 0 0
140	5	1 0 0 0 0 0 0 0 0 0 0 0 0 0 1 0 1 0 0 0
140	1	1 1 0 0 0 1 1 0 0 0 0 0 0 0 1 0 1 0 0 0
140	2	0 1 0 1 0 0 1 0 0 0 0 0 0 0 1 0 0 0 0 0
140	4	0 1 1 0 0 0 1 0 0 0 0 0 1 0 1 0 1 0 0 0
140	4	1 0 1 1 0 0 1 0 0 0 1 0 0 0 1 1 1 0 0 0
140	2	1 1 0 0 0 0 1 0 0 1 1 0 0 0 1 0 1 0 1 0
140	1	1 0 0 0 1 0 1 0 0 0 0 0 0 0 1 0 1 0 1 1
140	1	1 0 0 1 0 0 1 0 0 1 1 0 0 0 1 1 1 1 0 0
140	4	1 0 0 1 0 0 1 1 0 0 0 0 0 0 1 1 1 0 0 0
140	2	1 0 0 0 1 0 1 1 0 0 0 0 0 0 1 0 1 0 0 0
140	2	1 0 1 0 0 0 1 0 0 0 0 0 0 0 1 0 1 0 0 1
140	4	1 0 0 1 0 0 1 0 0 0 0 0 1 0 1 0 1 0 0 0
140	2	1 1 1 1 1 0 1 0 1 0 1 0 0 0 1 0 1 0 0 0
140	1	1 0 0 1 1 0 1 0 1 0 1 0 0 0 1 0 1 0 0 0
140	2	1 0 0 1 0 0 1 0 0 1 0 0 0 0 1 0 1 0 0 0
140	2	1 0 0 1 1 0 1 0 1 0 1 0 0 0 1 0 1 0 1 0
140	2	1 1 1 0 0 1 1 0 0 0 1 1 0 0 1 0 1 0 0 0
140	2	1 0 0 0 0 0 1 0 0 0 1 0 1 0 1 0 1 0 0 0
140	1	1 1 1 0 0 0 1 0 0 1 1 0 0 0 1 0 1 0 0 0
140	1	1 0 0 0 0 0 1 0 1 0 1 0 0 0 1 0 0 0 1 0
140	3	1 0 0 0 0 0 1 0 1 1 1 0 0 0 1 0 0 0 0 0
140	2	1 1 1 0 0 0 0 0 0 0 1 0 0 0 1 0 0 0 1 0
140	1	1 1 0 0 0 0 1 0 0 0 0 0 1 1 1 1 1 0 0 0
140	1	1 0 0 0 0 0 1 0 0 0 1 0 0 0 0 0 1 0 0 0
140	3	1 0 0 1 0 0 0 0 0 0 1 0 0 0 1 0 1 0 0 0
140	1	1 0 0 0 0 0 0 0 0 0 0 1 0 0 1 0 1 0 0 0
140	2	1 0 1 1 1 0 1 0 1 0 1 0 0 0 1 0 1 0 0 1
140	1	1 0 0 0 1 0 0 1 0 0 0 0 0 0 1 0 1 0 0 0
140	1	1 0 0 0 0 0 1 1 0 0 1 0 0 0 1 0 1 0 1 0
140	1	0 0 0 0 0 0 0 0 0 0 0 0 0 0 1 0 1 0 0 0
140	1	0 1 1 0 0 1 1 0 0 0 1 1 0 0 1 0 1 0 0 0
140	2	1 0 0 1 0 0 1 0 1 0 0 0 0 0 1 0 1 0 0 0
140	1	1 0 1 0 0 0 1 0 0 0 1 0 0 0 1 0 0 0 0 0
140	1	1 0 0 1 1 0 1 0 1 1 1 0 0 0 1 0 1 0 0 0
140	1	1 1 0 0 0 1 0 0 0 0 1 0 0 0 1 0 1 0 1 0
140	1	1 0 1 0 0 0 1 0 0 1 0 0 0 0 1 0 0 0 0 0
140	1	1 0 0 0 0 0 1 0 0 0 0 0 0 1 1 0 0 0 1 0
140	3	1 1 0 0 1 1 1 0 0 0 0 0 0 0 1 0 1 0 0 0
140	1	1 1 0 0 0 1 0 0 0 0 1 0 0 0 1 0 1 0 0 1
140	2	1 1 0 1 0 0 0 0 0 0 1 0 0 0 1 0 1 0 0 1
140	1	1 0 0 0 0 0 1 0 0 0 1 1 0 0 1 0 1 1 0 0
140	1	1 1 0 1 0 0 0 0 0 0 1 0 0 0 1 0 1 0 0 0
140	2	1 0 1 0 1 0 1 0 1 0 1 0 0 0 1 0 1 0 0 0
140	1	1 0 0 1 1 0 1 0 0 1 1 0 0 0 1 0 1 0 0 0
140	1	1 0 1 1 1 0 1 0 1 0 0 0 0 1 1 1 1 0 0 0
140	1	1 1 1 0 0 0 1 0 0 0 0 0 0 0 1 0 1 0 0 0
140	1	1 1 0 0 0 0 1 0 0 0 1 0 0 0 1 0 1 0 0 0
140	1	1 0 0 0 0 0 0 0 0 0 1 0 0 0 1 0 1 0 0 0
140	1	1 0 0 1 0 0 1 0 0 0 1 0 0 0 1 1 1 1 0 0
140	1	1 1 0 0 0 1 1 0 0 1 1 0 0 0 1 0 1 0 1 0
160	3	1 0 1 0 0 0 1 0 0 0 0 0 0 0 1 0 1 0 0 0
160	3	1 0 0 0 0 0 1 0 0 0 1 0 0 0 1 0 1 0 0 0
160	4	1 0 0 1 0 0 1 0 0 0 0 0 0 0 1 0 1 0 0 0
160	3	1 0 0 1 0 0 1 0 0 0 0 0 0 0 1 1 1 0 0 0
160	1	1 0 0 0 0 0 1 0 0 0 0 0 0 0 1 0 0 0 0 0
160	8	1 0 0 1 1 0 1 0 1 0 0 0 0 0 1 0 1 0 0 0
160	7	1 0 1 0 0 0 1 0 0 0 1 0 0 0 1 0 1 0 0 0
160	5	1 0 1 0 0 0 1 0 0 1 0 0 0 0 1 0 1 0 0 0
160	7	1 0 0 1 0 0 1 0 0 0 1 0 0 0 1 1 1 0 0 0
160	10	1 0 1 1 1 0 1 0 1 0 1 0 0 0 1 0 1 0 0 0
160	1	1 0 0 1 0 0 1 0 0 0 1 0 0 0 1 0 1 0 0 0
160	1	1 0 0 1 1 0 1 0 1 0 0 0 0 0 1 0 1 1 0 0
160	10	1 1 0 0 0 0 1 0 0 1 1 0 0 0 1 0 1 0 0 0
160	6	1 1 1 0 0 1 1 0 0 0 1 0 0 0 1 1 1 0 0 0
160	4	1 1 1 0 0 1 1 0 0 0 0 0 0 0 1 0 1 0 0 0
160	3	1 0 0 1 1 0 1 0 0 1 0 0 0 0 1 0 1 0 0 0
160	6	1 0 0 1 0 0 1 0 0 0 1 1 0 0 1 0 1 0 0 0
160	4	1 0 1 1 0 0 1 0 0 0 1 0 0 0 1 1 1 0 0 0
160	1	1 1 0 0 0 0 1 0 0 1 1 0 0 0 1 0 1 0 1 0
160	4	1 0 0 1 0 0 1 1 0 0 0 0 0 0 1 1 1 0 0 0
160	1	1 0 1 0 0 0 1 0 0 0 0 0 0 0 1 0 1 0 0 1
160	4	1 0 0 0 0 0 1 0 0 1 1 0 0 0 1 0 1 0 0 0
160	10	1 1 1 1 1 0 1 0 1 0 1 0 0 0 1 0 1 0 0 0
160	3	1 0 0 1 1 0 1 0 1 0 1 0 0 0 1 0 1 0 0 0
160	1	1 1 1 0 0 1 1 0 0 0 1 1 0 0 1 0 1 0 0 0
160	5	1 0 1 1 1 0 1 0 1 0 0 0 0 0 1 0 1 1 0 0
160	1	1 0 0 0 0 0 1 0 0 0 1 0 1 0 1 0 1 0 0 0
160	4	1 1 1 0 0 0 1 0 0 1 1 0 0 0 1 0 1 0 0 0
160	5	1 0 0 0 0 0 1 0 1 1 1 0 0 0 1 0 0 0 0 0
160	1	1 0 0 1 0 0 0 0 0 0 1 0 0 0 1 0 1 0 0 0
160	3	1 0 0 0 0 0 1 1 0 0 1 0 0 0 1 0 1 0 1 0
160	6	0 1 1 0 0 1 1 0 0 0 1 1 0 0 1 0 1 0 0 0
160	1	1 0 1 0 0 0 1 0 0 0 1 0 0 0 1 0 0 0 0 0
160	2	1 0 1 0 0 0 1 0 0 1 0 0 0 0 1 0 0 0 0 0
160	4	1 1 0 0 0 1 1 0 0 1 1 0 0 0 1 0 1 0 1 0
160	1	1 1 0 0 1 0 1 1 0 0 0 0 0 0 1 0 1 0 0 0
160	1	1 1 1 0 0 1 1 0 0 0 0 0 0 1 1 0 0 0 0 0
160	2	1 0 1 1 1 0 1 0 1 0 0 0 0 0 1 0 1 0 0 0
160	2	1 1 1 1 1 0 1 0 1 0 1 0 0 0 1 0 1 0 0 1
160	4	1 1 1 1 1 0 1 0 1 0 1 0 0 0 1 0 1 0 1 0
160	1	1 0 1 0 0 1 1 0 0 1 1 0 0 1 1 0 1 0 0 0
160	2	1 0 0 1 0 0 1 1 0 0 1 0 0 0 1 0 1 0 0 1
160	2	1 0 0 1 0 0 1 0 0 1 1 0 0 0 1 0 1 0 0 0
160	1	1 1 0 0 0 0 1 0 0 1 1 0 0 0 1 1 1 0 0 0
160	3	1 1 1 0 0 1 0 0 0 0 1 0 0 0 1 0 1 0 0 1
160	1	1 0 1 1 1 0 1 0 0 1 1 0 0 0 1 0 1 0 0 0
160	1	1 1 0 1 0 0 0 0 0 0 1 0 0 0 1 0 1 0 0 0
160	1	1 1 1 0 0 0 0 0 0 0 1 0 0 0 1 0 1 0 0 1
160	3	1 1 1 0 0 0 1 0 0 1 1 1 0 0 1 0 1 0 0 0
160	1	0 1 1 0 0 1 1 0 0 1 1 0 0 0 1 1 1 0 0 0
160	2	0 1 0 0 0 0 1 0 0 0 1 0 0 0 1 0 1 0 0 0
160	2	0 0 1 1 1 0 1 0 0 0 1 0 0 0 1 1 1 0 0 0
160	1	1 1 1 0 0 0 1 0 1 1 1 0 0 0 1 0 1 0 0 1
160	1	1 1 0 0 0 0 1 0 0 1 1 0 0 0 1 0 0 0 0 0
160	2	1 0 0 1 0 0 1 0 0 0 1 1 1 0 1 0 1 0 0 0
160	1	1 0 1 0 0 0 1 0 0 1 0 0 0 0 1 1 1 0 0 0
160	1	1 0 0 0 1 0 1 1 1 1 1 0 0 0 1 0 0 0 0 0
160	2	1 0 1 1 1 0 1 0 1 0 1 0 0 0 1 0 0 0 0 0
160	1	1 0 1 0 1 0 1 0 1 0 0 0 0 0 1 0 1 1 0 0
160	3	1 1 1 1 1 0 1 0 1 0 0 0 0 0 1 0 1 0 0 1
160	1	1 0 0 0 0 0 1 0 0 1 1 0 0 0 1 1 1 0 0 0
160	1	0 0 1 0 0 0 1 0 0 0 1 0 0 0 1 0 1 0 0 0
160	1	1 0 0 1 0 0 1 0 0 0 1 1 0 1 1 0 1 0 0 0
160	1	1 1 1 0 0 0 1 0 0 0 1 0 0 0 1 0 1 0 0 0
160	1	1 1 1 0 1 1 0 0 0 0 1 0 0 0 1 0 1 0 0 1
160	1	1 1 0 1 1 0 1 0 1 0 1 0 0 0 1 0 1 0 0 0
160	3	1 0 0 1 0 0 1 1 0 0 1 1 1 0 1 0 1 0 0 0
160	1	1 0 1 1 1 0 1 0 1 0 1 0 0 0 1 1 1 0 0 0
160	2	1 0 0 1 0 0 1 0 0 0 1 1 0 0 1 1 1 0 0 0
160	1	1 1 1 0 0 1 1 0 0 0 0 0 0 1 1 0 0 0 0 1
160	1	1 0 0 1 1 0 1 0 1 0 1 0 0 0 1 0 1 0 0 1
160	1	1 1 1 1 1 0 1 0 1 0 1 0 0 0 1 0 0 0 0 0
160	1	0 1 0 0 0 1 1 0 0 1 1 0 0 0 1 1 1 0 1 0
180	3	1 0 1 0 0 0 1 0 0 0 0 0 0 0 1 0 1 0 0 0
180	3	1 0 0 1 0 0 1 0 0 0 0 0 0 0 1 0 1 0 0 0
180	7	1 0 0 0 0 0 1 0 0 0 0 0 0 0 1 0 0 0 0 0
180	4	1 0 1 0 0 0 1 0 0 1 0 0 0 0 1 0 1 0 0 0
180	11	1 0 0 1 0 0 1 0 0 0 1 0 0 0 1 1 1 0 0 0
180	6	1 0 1 1 1 0 1 0 1 0 1 0 0 0 1 0 1 0 0 0
180	10	1 0 0 1 0 0 1 0 0 0 1 0 0 0 1 0 1 0 0 0
180	2	1 1 1 0 0 1 1 0 0 0 1 0 0 0 1 1 1 0 0 0
180	5	1 1 1 0 0 1 1 0 0 0 0 0 0 0 1 0 1 0 0 0
180	3	1 0 0 1 1 0 1 0 0 1 0 0 0 0 1 0 1 0 0 0
180	3	1 0 0 1 0 0 1 0 0 0 1 1 0 0 1 0 1 0 0 0
180	1	1 0 1 1 0 0 1 0 0 0 1 0 0 0 1 1 1 0 0 0
180	4	1 0 1 0 0 0 1 0 0 0 0 0 0 0 1 0 1 0 0 1
180	1	1 0 0 0 0 0 1 0 0 1 1 0 0 0 1 0 1 0 0 0
180	14	1 1 1 1 1 0 1 0 1 0 1 0 0 0 1 0 1 0 0 0
180	2	1 0 0 1 1 0 1 0 1 0 1 0 0 0 1 0 1 0 0 0
180	2	1 1 1 0 0 1 1 0 0 0 1 1 0 0 1 0 1 0 0 0
180	1	1 1 1 0 0 0 1 0 0 1 1 0 0 0 1 0 1 0 0 0
180	4	1 1 0 0 0 1 1 0 0 1 1 0 0 0 1 0 1 0 1 0
180	5	1 1 1 0 0 1 1 0 0 0 0 0 0 1 1 0 0 0 0 0
180	9	1 1 1 1 1 0 1 0 1 0 1 0 0 0 1 0 1 0 1 0
180	1	1 0 1 0 0 1 1 0 0 1 1 0 0 1 1 0 1 0 0 0
180	4	1 0 0 1 0 0 1 0 0 1 1 0 0 0 1 0 1 0 0 0
180	1	1 1 0 0 0 0 1 0 0 1 1 0 0 0 1 1 1 0 0 0
180	3	1 1 1 0 0 1 1 0 0 1 1 0 0 1 1 1 1 0 0 0
180	3	1 1 1 0 0 1 0 0 0 0 1 0 0 0 1 0 1 0 0 1
180	3	1 1 0 1 0 0 0 0 0 0 1 0 0 0 1 0 1 0 0 0
180	1	1 1 0 0 0 0 1 0 0 1 1 0 0 0 1 0 0 0 0 0
180	1	1 0 1 1 1 0 1 0 1 0 1 0 0 0 1 0 0 0 0 0
180	2	1 1 1 1 1 0 1 0 1 0 0 0 0 0 1 0 1 0 0 1
180	4	1 0 0 0 0 0 1 0 0 1 1 0 0 0 1 1 1 0 0 0
180	1	0 0 1 0 0 0 1 0 0 0 1 0 0 0 1 0 1 0 0 0
180	1	1 0 0 1 1 0 1 0 0 1 1 0 0 0 1 0 1 0 0 0
180	2	1 0 1 1 1 0 1 0 1 0 1 0 0 0 1 1 1 0 0 0
180	2	1 0 1 0 0 0 1 1 0 0 1 0 0 1 1 0 1 0 1 0
180	1	1 0 0 1 0 0 1 0 0 0 1 1 0 0 1 1 1 0 0 0
180	3	0 0 1 1 1 0 1 0 0 0 1 0 0 0 1 1 1 0 0 1
180	1	1 0 0 1 0 0 1 0 0 0 0 1 0 1 1 0 1 0 0 0
180	1	1 0 0 1 0 0 1 0 0 1 1 0 0 0 1 1 1 0 0 0
180	4	1 1 1 0 0 0 1 0 0 1 1 0 0 0 1 0 0 0 0 0
180	1	1 1 1 0 0 1 1 0 1 0 1 0 0 0 1 0 1 0 0 0
180	1	1 1 1 0 0 1 0 0 0 0 1 0 0 0 1 1 1 0 0 0
180	2	1 0 1 1 1 0 1 0 1 0 1 0 0 0 1 0 1 0 1 0
180	4	1 0 0 0 0 0 1 0 1 1 1 0 0 0 1 0 1 0 0 0
180	1	1 0 1 0 1 0 1 0 0 0 1 0 0 0 1 0 0 0 0 0
180	2	1 1 1 0 0 1 1 0 0 0 1 0 0 0 1 0 1 0 0 0
180	1	1 0 1 1 0 0 1 0 0 0 1 0 0 0 1 0 1 0 0 0
180	3	1 0 1 1 0 0 1 0 0 0 0 0 0 0 1 1 1 0 0 0
180	1	0 0 0 1 0 0 1 0 0 0 1 0 0 0 1 1 1 0 0 0
180	1	1 0 1 0 0 0 1 0 0 1 1 1 0 0 1 0 0 0 1 0
180	1	1 1 1 0 0 0 1 0 0 1 1 1 0 0 1 0 0 0 0 0
180	2	0 1 0 0 0 0 1 0 0 0 0 0 0 0 1 0 1 0 0 1
180	2	1 0 0 1 0 0 1 0 0 0 0 0 0 0 1 1 1 0 0 0
180	2	1 1 1 0 1 0 1 0 1 0 1 0 0 0 1 0 1 0 0 0
180	1	1 0 0 0 0 0 1 0 1 1 1 0 0 0 1 0 1 0 0 1
180	1	1 1 1 0 0 1 0 0 0 0 1 0 0 0 1 0 1 0 0 0
180	3	1 0 0 1 1 0 1 0 0 0 0 0 0 0 1 0 0 0 0 0
180	1	1 0 0 1 0 0 1 0 0 0 1 0 0 0 1 0 1 0 0 1
180	1	1 0 0 1 0 1 1 0 0 0 1 0 0 0 1 1 1 0 0 0
180	1	1 1 0 0 0 0 1 0 0 0 0 0 0 0 1 0 1 0 0 1
180	2	1 0 0 0 0 0 1 0 0 0 0 1 0 0 1 0 0 0 0 0
180	1	1 0 0 1 1 0 1 0 1 0 0 0 0 0 1 0 1 0 0 1
180	1	1 0 0 1 0 0 0 0 0 0 1 0 0 0 1 1 1 0 0 0
180	1	1 1 0 0 0 0 1 1 0 1 1 0 0 0 1 0 1 0 0 0
180	2	1 0 1 1 1 0 1 0 1 0 1 0 0 0 1 0 0 0 0 1
180	1	0 0 1 0 0 0 0 0 0 0 1 0 0 0 1 0 1 0 0 0
180	1	1 0 1 0 1 0 1 0 0 1 0 0 0 0 1 0 1 0 0 0
180	2	1 1 1 1 1 0 1 0 1 0 0 1 0 0 1 1 1 0 0 1
180	1	1 1 0 0 0 0 1 0 0 1 0 0 0 1 1 0 1 0 0 0
180	1	1 1 0 0 0 0 1 0 0 1 1 0 0 0 1 1 0 0 0 0
180	1	0 0 1 0 1 0 1 0 0 0 1 0 0 0 1 1 1 0 0 1
180	1	1 0 0 1 1 0 0 0 0 0 0 0 0 0 1 0 0 0 0 0
180	1	1 0 1 1 0 0 1 0 0 0 1 1 0 0 1 0 1 0 0 0
180	1	1 1 1 0 1 0 1 0 1 0 1 1 0 0 1 0 1 0 0 0
180	2	1 0 1 0 0 1 1 0 0 0 0 0 0 0 1 0 1 0 0 0
180	1	1 0 0 0 0 0 1 0 1 0 0 0 0 0 1 0 1 0 0 0
180	2	1 1 0 1 0 0 1 0 0 0 1 0 1 0 1 1 1 0 0 0
180	1	1 1 0 0 0 0 0 1 0 1 1 0 0 0 1 0 1 0 0 0
180	2	1 0 0 1 0 0 1 0 0 1 1 1 0 0 1 0 0 0 0 0
180	1	1 0 0 1 0 0 1 0 0 0 0 0 0 0 1 0 1 0 0 1
180	1	1 1 1 1 1 0 1 0 1 0 1 0 0 0 1 0 1 0 0 1
180	1	1 0 0 1 0 0 1 0 0 0 1 0 0 0 1 1 1 0 1 0
180	1	1 0 1 1 1 0 0 0 0 1 1 0 0 0 1 0 1 0 0 0
200	1	1 0 1 0 0 0 1 0 0 0 0 0 0 0 1 0 1 0 0 0
200	12	1 0 0 1 0 0 1 0 0 0 0 0 0 0 1 0 1 0 0 0
200	3	1 0 0 0 0 0 1 0 0 0 0 0 0 0 1 0 0 0 0 0
200	5	1 0 0 1 0 0 1 0 0 0 1 0 0 0 1 1 1 0 0 0
200	8	1 0 1 1 1 0 1 0 1 0 1 0 0 0 1 0 1 0 0 0
200	1	1 0 0 0 0 0 1 0 0 1 1 0 0 0 1 0 1 0 0 0
200	22	1 1 1 1 1 0 1 0 1 0 1 0 0 0 1 0 1 0 0 0
200	1	1 0 0 1 1 0 1 0 1 0 1 0 0 0 1 0 1 0 0 0
200	4	1 1 1 0 0 1 1 0 0 0 0 0 0 1 1 0 0 0 0 0
200	1	1 1 1 1 1 0 1 0 1 0 1 0 0 0 1 0 1 0 1 0
200	1	1 1 1 0 0 1 1 0 0 1 1 0 0 1 1 1 1 0 0 0
200	3	1 1 0 1 0 0 0 0 0 0 1 0 0 0 1 0 1 0 0 0
200	1	1 0 0 1 1 0 1 0 0 1 1 0 0 0 1 0 1 0 0 0
200	2	1 0 0 1 0 0 1 0 0 0 1 1 0 0 1 1 1 0 0 0
200	3	1 0 0 1 0 0 1 0 0 1 1 0 0 0 1 1 1 0 0 0
200	7	1 1 1 0 0 0 1 0 0 1 1 0 0 0 1 0 0 0 0 0
200	2	1 0 1 1 1 0 1 0 1 0 1 0 0 0 1 0 1 0 1 0
200	4	1 0 0 0 0 0 1 0 1 1 1 0 0 0 1 0 1 0 0 0
200	4	1 1 1 0 0 0 1 0 0 1 1 1 0 0 1 0 0 0 0 0
200	1	1 0 0 1 0 0 1 0 0 0 0 0 0 0 1 1 1 0 0 0
200	9	1 0 0 1 1 0 1 0 0 0 0 0 0 0 1 0 0 0 0 0
200	3	1 0 0 1 0 0 0 0 0 0 1 0 0 0 1 1 1 0 0 0
200	1	1 0 1 1 1 0 1 0 1 0 1 0 0 0 1 0 0 0 0 1
200	3	1 1 0 0 0 0 1 0 0 1 1 0 0 0 1 1 0 0 0 0
200	3	1 0 0 1 1 0 0 0 0 0 0 0 0 0 1 0 0 0 0 0
200	5	1 0 1 1 0 0 1 0 0 0 1 1 0 0 1 1 1 0 0 0
200	7	1 1 1 1 1 0 1 0 1 0 1 0 0 0 1 1 1 0 0 0
200	4	1 0 0 1 0 0 1 0 0 1 1 1 0 0 1 0 0 0 0 0
200	1	1 0 1 1 1 0 1 0 1 0 1 0 0 0 1 1 0 0 0 0
200	3	1 1 0 0 0 1 1 0 0 1 1 0 0 0 1 0 1 0 0 0
200	1	1 1 1 1 1 0 1 0 0 1 1 0 0 0 1 1 1 0 0 0
200	4	0 1 0 0 0 0 0 0 0 0 1 0 0 0 1 0 1 0 0 0
200	2	1 1 1 1 1 0 1 0 1 0 1 0 0 0 0 0 1 0 0 0
200	3	1 0 1 0 0 1 1 0 0 0 0 0 0 1 1 0 1 0 0 0
200	1	1 0 1 0 1 0 1 0 0 0 1 0 0 0 1 1 1 0 0 0
200	1	0 0 1 1 1 0 1 0 1 0 1 0 0 0 1 0 1 0 0 0
200	1	1 1 0 1 1 0 1 0 1 0 1 0 0 0 1 0 1 0 0 0
200	1	1 0 0 0 0 1 1 0 1 1 1 0 0 0 1 0 1 0 0 0
200	3	1 0 1 0 0 0 0 0 0 1 0 0 0 0 1 0 1 0 0 0
200	3	0 0 1 0 0 0 1 0 0 0 1 0 0 0 1 0 1 0 0 1
200	1	1 0 1 1 1 1 1 0 1 0 1 0 0 0 1 0 1 0 0 0
200	3	1 0 1 0 0 0 1 1 0 0 1 0 0 0 1 0 1 0 0 0
200	1	1 0 0 1 0 0 0 0 0 0 1 1 0 0 1 0 1 0 0 0
200	4	1 0 1 1 0 1 1 0 0 0 0 0 0 0 1 1 1 0 0 0
200	1	1 1 1 0 0 1 1 0 0 1 1 0 0 1 0 1 1 0 0 0
200	3	1 1 1 0 0 1 0 0 0 0 1 0 0 0 1 0 1 0 0 0
200	2	1 1 1 0 1 0 1 0 0 1 1 0 0 0 1 0 1 0 0 0
200	1	1 0 0 1 1 0 0 0 0 1 0 0 0 0 1 0 0 0 0 0
200	1	1 1 0 1 1 0 1 0 0 1 1 0 0 0 1 0 1 0 0 0
200	2	1 1 0 1 1 0 1 0 1 0 0 0 0 0 1 0 1 0 0 0
200	1	1 1 1 1 0 0 1 0 0 0 1 0 0 0 1 0 1 0 0 0
200	2	1 0 0 1 0 0 1 0 0 0 1 0 0 0 1 1 1 0 0 1
200	1	1 0 0 1 0 0 1 0 0 0 1 0 0 0 0 1 1 0 0 0
200	2	1 1 0 1 1 0 0 0 1 0 0 0 0 0 1 0 1 0 0 0
200	2	1 1 1 1 1 0 0 0 0 0 1 0 0 0 1 0 1 0 0 1
200	3	1 0 1 1 1 0 1 0 1 0 1 0 0 0 1 1 1 0 0 0
200	4	1 0 0 1 0 0 1 0 1 0 1 0 0 0 1 0 1 0 0 0
200	1	1 0 1 1 0 0 1 0 1 0 1 0 0 0 1 0 1 0 1 0
200	1	1 0 0 0 1 0 1 0 0 0 0 0 0 1 1 0 0 0 0 1
200	1	1 0 0 0 0 0 1 0 1 0 1 0 0 0 1 0 1 0 1 0
200	1	1 1 1 0 0 0 1 0 0 0 0 0 0 0 1 0 1 0 0 0
200	1	1 1 1 1 1 0 0 0 1 0 1 0 0 0 1 0 1 0 0 0
200	2	1 1 1 0 0 1 0 0 0 0 1 1 0 0 1 0 1 0 0 1
200	1	1 1 1 1 1 0 1 0 0 0 1 0 0 0 1 1 1 0 0 0
200	1	1 0 0 1 0 0 0 0 0 0 1 0 0 0 1 0 1 0 0 0
200	1	1 0 0 1 0 0 0 0 0 0 1 0 0 0 1 1 0 0 0 0
200	1	1 0 1 0 0 0 0 0 0 0 0 0 0 0 1 0 1 0 0 0
200	1	1 1 1 1 0 0 1 0 0 0 1 1 0 0 1 1 1 0 0 0
200	1	1 0 0 1 0 0 1 0 0 0 0 0 0 0 0 0 1 0 0 0
200	1	1 0 1 0 0 0 1 0 0 1 1 1 0 0 1 0 0 0 0 0
200	1	1 1 1 1 0 0 1 0 0 0 0 1 0 0 1 1 1 0 0 0
200	1	1 1 1 1 1 0 1 1 1 0 1 0 0 0 1 0 1 0 0 0
200	1	1 1 1 1 1 0 1 0 1 0 1 0 0 0 1 1 0 0 0 0
200	1	1 0 1 0 1 0 1 0 1 0 1 0 0 0 1 1 0 0 0 0
200	2	0 0 0 1 0 0 1 0 0 0 1 0 0 0 1 1 1 0 0 0
200	1	1 0 1 1 0 0 1 0 1 0 1 1 0 0 1 0 1 0 1 0
220	3	1 0 1 0 0 0 1 0 0 0 0 0 0 0 1 0 1 0 0 0
220	1	1 0 0 1 0 0 1 0 0 0 0 0 0 0 1 0 1 0 0 0
220	7	1 0 0 1 0 0 1 0 0 0 1 0 0 0 1 1 1 0 0 0
220	4	1 0 1 1 1 0 1 0 1 0 1 0 0 0 1 0 1 0 0 0
220	4	1 0 0 1 0 0 1 0 0 0 1 1 0 0 1 0 1 0 0 0
220	12	1 1 1 1 1 0 1 0 1 0 1 0 0 0 1 0 1 0 0 0
220	8	1 1 1 0 0 1 1 0 0 0 0 0 0 1 1 0 0 0 0 0
220	1	1 1 1 0 0 0 1 0 0 1 1 0 0 0 1 0 0 0 0 0
220	3	1 0 1 1 0 0 1 0 0 0 1 0 0 0 1 0 1 0 0 0
220	2	1 0 0 1 0 0 1 0 0 0 0 0 0 0 1 1 1 0 0 0
220	8	1 0 0 1 1 0 1 0 0 0 0 0 0 0 1 0 0 0 0 0
220	5	1 0 0 1 1 0 0 0 0 0 0 0 0 0 1 0 0 0 0 0
220	5	1 0 1 1 0 0 1 0 0 0 1 1 0 0 1 1 1 0 0 0
220	13	1 1 1 1 1 0 1 0 1 0 1 0 0 0 1 1 1 0 0 0
220	1	1 0 0 1 0 0 1 0 0 1 1 1 0 0 1 0 0 0 0 0
220	7	1 1 1 1 1 0 1 0 1 0 1 0 0 0 1 0 1 0 0 1
220	6	1 1 1 0 1 0 1 0 1 0 1 0 0 0 1 1 0 0 0 0
220	1	1 0 1 0 0 0 1 1 0 0 1 0 0 0 1 0 1 0 0 0
220	3	1 0 0 1 0 0 0 0 0 0 1 1 0 0 1 0 1 0 0 0
220	2	1 1 1 0 0 1 0 0 0 0 1 0 0 0 1 0 1 0 0 0
220	2	1 1 1 0 1 0 1 0 0 1 1 0 0 0 1 0 1 0 0 0
220	7	1 1 0 0 0 0 1 0 0 1 1 0 0 0 1 0 0 0 0 0
220	4	1 0 0 1 0 0 1 0 0 0 1 0 0 0 0 1 1 0 0 0
220	1	1 1 1 0 0 0 1 1 0 0 1 0 0 0 1 0 1 0 0 0
220	13	1 1 1 1 1 0 1 0 1 0 1 0 0 0 1 0 0 0 0 0
220	5	1 1 1 0 0 1 1 0 0 0 0 0 0 0 0 1 1 0 0 0
220	3	1 1 0 1 0 0 0 0 0 0 1 0 0 0 1 1 1 0 0 0
220	1	1 1 1 0 0 0 1 0 0 1 1 0 0 0 1 1 1 0 0 0
220	1	1 1 1 0 0 1 1 1 1 0 1 0 0 0 1 0 1 0 0 0
220	4	1 1 0 0 0 1 1 0 0 0 0 0 0 0 1 0 1 0 0 0
220	1	1 0 0 1 0 0 1 1 0 0 1 0 0 0 1 1 1 0 0 0
220	1	1 1 1 0 0 1 1 0 0 0 1 0 0 1 1 0 0 0 0 0
220	1	0 1 0 1 1 0 1 0 1 0 0 0 0 0 1 0 1 0 0 0
220	1	1 1 1 1 1 0 0 1 1 0 1 0 0 0 1 0 1 0 0 0
220	3	1 1 1 0 0 0 1 0 0 1 1 0 0 0 1 0 0 0 1 0
220	2	0 1 0 0 0 1 1 0 0 1 1 0 0 0 1 0 1 0 0 0
220	1	0 1 0 1 0 0 0 0 0 0 1 0 0 0 1 0 1 0 0 0
220	1	1 0 1 0 0 0 0 0 0 0 1 0 0 0 1 0 1 0 0 0
220	1	1 1 1 0 0 1 1 0 0 1 1 0 0 1 1 0 1 0 0 0
220	3	1 1 1 1 0 1 1 0 0 0 0 0 0 1 1 0 0 0 0 0
220	1	1 0 1 1 0 0 1 0 0 0 1 0 0 0 1 1 1 0 0 0
220	3	1 1 1 1 0 0 1 0 0 0 1 1 0 0 1 1 1 0 0 0
220	2	1 0 0 1 0 0 0 0 0 0 1 0 0 0 1 0 1 0 0 0
220	3	1 1 1 0 0 1 1 0 1 0 1 0 0 0 1 0 1 0 0 0
220	1	1 1 0 1 1 0 1 0 1 0 1 0 0 0 1 0 1 0 0 0
220	1	1 1 1 1 1 0 1 0 1 0 1 0 0 0 1 0 0 0 0 1
220	1	1 0 1 0 1 0 0 0 0 1 0 1 0 0 1 0 1 0 0 0
220	1	1 1 1 0 0 0 1 0 0 1 0 1 0 0 1 0 0 0 0 0
220	1	0 1 0 0 0 0 0 0 1 0 1 0 0 0 1 1 1 0 0 0
220	1	1 1 1 0 0 0 1 0 0 1 0 0 0 0 1 1 1 0 0 0
220	1	1 1 1 0 1 0 1 0 1 0 1 0 0 0 1 1 1 0 0 0
220	2	1 0 1 1 0 0 1 0 0 0 1 1 1 0 1 1 1 0 0 0
220	1	0 1 0 0 0 0 0 0 0 0 1 0 0 0 1 0 0 0 0 0
220	1	1 1 1 0 0 1 1 0 0 0 0 0 0 1 1 0 0 0 1 0
220	1	1 0 1 0 0 0 1 0 0 0 0 0 0 0 1 0 0 0 0 0
220	2	1 1 1 1 0 1 1 0 0 0 0 0 0 0 1 0 1 0 0 1
220	3	1 0 1 0 0 0 1 0 0 0 0 1 0 0 1 0 1 0 0 0
220	4	1 1 1 1 1 0 1 0 1 0 1 0 0 1 1 0 1 0 0 0
220	1	1 1 1 0 0 1 1 0 0 0 0 0 0 1 1 0 0 0 0 1
220	1	1 0 1 1 1 0 1 0 1 0 1 0 0 1 1 1 0 0 0 0
220	1	0 0 1 1 0 1 1 0 0 0 0 0 0 0 1 1 1 0 0 0
220	2	1 0 0 1 1 0 1 0 0 1 0 0 1 0 1 0 0 0 0 0
220	1	1 0 1 1 0 1 1 0 0 0 0 0 0 1 1 0 0 0 0 0
220	1	1 1 1 1 1 0 1 0 0 0 1 1 0 0 1 1 1 0 0 0
220	1	1 1 1 0 0 0 1 1 0 0 1 0 0 0 1 1 1 0 0 0
220	1	1 0 1 0 0 0 1 0 0 0 0 0 0 1 1 0 0 0 0 0
220	2	1 0 0 1 0 0 0 0 0 0 0 0 0 0 1 0 0 0 0 0
220	1	1 1 0 0 0 0 0 0 0 1 1 0 0 0 1 0 0 0 0 0
220	1	1 0 0 1 0 0 1 0 1 0 1 0 0 0 0 1 1 0 0 0
220	1	1 1 1 1 1 0 1 1 1 0 1 0 0 1 1 0 1 0 0 0
220	1	1 1 1 1 1 0 1 0 1 0 0 0 0 1 1 0 0 0 1 0
220	2	1 1 1 1 1 0 1 0 0 1 0 0 1 0 1 0 0 0 0 0
220	1	1 1 0 0 0 1 1 0 0 1 1 0 0 0 1 0 1 0 0 1
240	2	1 0 0 1 0 0 1 0 0 0 1 0 0 0 1 1 1 0 0 0
240	4	1 1 1 1 1 0 1 0 1 0 1 0 0 0 1 0 1 0 0 0
240	3	1 1 1 0 0 1 1 0 0 0 0 0 0 1 1 0 0 0 0 0
240	4	1 1 0 1 0 0 0 0 0 0 1 0 0 0 1 0 1 0 0 0
240	5	1 0 1 1 0 0 1 0 0 0 1 0 0 0 1 0 1 0 0 0
240	17	1 0 0 1 1 0 1 0 0 0 0 0 0 0 1 0 0 0 0 0
240	5	1 0 0 1 1 0 0 0 0 0 0 0 0 0 1 0 0 0 0 0
240	1	1 0 1 1 0 0 1 0 0 0 1 1 0 0 1 1 1 0 0 0
240	11	1 1 1 1 1 0 1 0 1 0 1 0 0 0 1 1 1 0 0 0
240	7	1 1 1 1 1 0 1 0 1 0 1 0 0 0 1 0 1 0 0 1
240	4	1 1 1 0 1 0 1 0 1 0 1 0 0 0 1 1 0 0 0 0
240	1	1 0 0 1 0 0 0 0 0 0 1 1 0 0 1 0 1 0 0 0
240	1	1 1 1 0 1 0 1 0 0 1 1 0 0 0 1 0 1 0 0 0
240	6	1 1 0 0 0 0 1 0 0 1 1 0 0 0 1 0 0 0 0 0
240	24	1 1 1 1 1 0 1 0 1 0 1 0 0 0 1 0 0 0 0 0
240	2	1 1 0 1 0 0 0 0 0 0 1 0 0 0 1 1 1 0 0 0
240	3	1 1 1 1 1 0 1 0 1 0 1 0 0 0 1 1 0 0 0 0
240	4	1 1 1 1 1 0 0 1 1 0 1 0 0 0 1 0 1 0 0 0
240	5	1 1 1 1 0 1 1 0 0 0 0 0 0 1 1 0 0 0 0 0
240	2	1 0 0 1 1 0 1 0 0 0 0 0 0 0 1 1 1 0 0 0
240	8	1 1 1 1 1 0 1 1 1 0 1 0 0 0 1 0 1 0 0 0
240	4	1 0 0 1 0 0 0 0 0 0 1 0 0 0 1 0 1 0 0 0
240	1	1 1 1 0 0 1 1 0 1 0 1 0 0 0 1 0 1 0 0 0
240	3	0 1 0 0 0 0 0 0 1 0 1 0 0 0 1 1 1 0 0 0
240	7	1 1 1 1 1 0 1 0 1 0 1 0 0 1 1 0 1 0 0 0
240	2	1 1 1 0 1 0 1 0 0 1 1 1 0 0 1 0 0 0 0 0
240	4	1 1 1 1 1 0 0 0 1 0 1 0 0 0 1 0 1 0 0 0
240	1	1 0 1 0 0 0 1 0 0 0 0 0 0 0 1 1 1 0 0 0
240	5	1 1 1 0 0 1 1 1 1 0 1 0 0 0 1 1 1 0 0 0
240	1	1 1 1 1 0 1 1 0 0 0 0 0 0 1 1 0 1 0 0 0
240	2	1 0 1 1 1 0 1 0 1 0 1 0 0 0 1 0 0 0 0 0
240	3	1 1 0 0 1 0 1 0 1 0 1 0 0 0 1 0 1 0 0 0
240	4	1 1 1 1 1 0 1 0 0 0 0 0 0 0 1 0 0 0 0 0
240	1	1 1 1 0 0 0 1 0 0 0 1 0 0 0 1 1 1 0 0 0
240	2	1 1 1 0 1 0 0 0 0 0 0 0 0 0 1 0 0 0 0 0
240	1	1 0 1 1 1 0 1 0 0 0 1 0 0 0 1 0 1 0 0 0
240	1	1 0 0 1 1 0 1 0 0 0 0 0 0 1 1 0 0 0 0 0
240	2	1 1 1 1 1 0 1 0 1 0 1 1 0 0 1 1 1 0 0 0
240	1	1 0 1 1 1 0 1 0 1 0 1 0 0 0 1 0 1 1 0 0
240	3	1 1 1 1 1 0 1 0 1 0 0 0 0 0 1 0 0 0 0 0
240	1	1 1 1 0 1 1 1 0 0 0 0 1 0 0 0 1 1 0 0 0
240	1	1 0 1 1 1 0 0 0 1 0 1 0 0 0 1 0 1 0 0 1
240	1	1 0 0 1 1 0 1 0 0 0 0 0 0 0 0 1 1 0 0 0
240	1	1 1 1 1 0 0 1 0 0 0 1 0 0 0 1 0 1 0 0 0
240	1	1 0 0 1 1 0 1 0 0 0 0 0 0 0 1 0 0 0 1 1
240	2	1 1 1 0 0 1 1 0 1 0 1 0 0 0 1 0 1 1 0 0
240	1	1 0 1 1 1 0 1 0 0 0 0 0 0 0 1 0 0 0 0 0
240	1	1 1 1 1 1 0 0 1 1 0 1 1 0 0 1 0 1 0 0 0
240	1	1 1 1 1 0 1 1 0 0 0 0 1 0 1 1 0 0 0 0 0
240	1	1 0 0 1 0 0 0 0 0 0 1 0 0 0 1 1 1 0 0 0
240	1	0 0 0 1 0 0 1 0 1 0 1 0 0 0 1 0 1 0 1 0
240	1	1 0 0 1 1 0 1 0 0 0 1 0 0 0 1 1 1 0 0 0
240	2	1 0 1 0 1 0 1 0 0 1 1 0 0 0 1 0 1 0 0 0
240	1	1 1 1 1 0 0 1 0 0 0 1 1 1 0 1 1 0 0 0 0
240	1	1 1 0 1 0 0 0 0 1 0 1 0 0 0 1 0 1 0 0 1
240	1	1 0 0 1 1 0 1 0 1 0 1 0 0 0 1 1 0 0 0 0
240	2	1 1 1 1 0 1 1 0 0 0 0 0 0 0 1 0 0 0 0 0
240	1	1 1 1 1 1 0 1 0 0 0 1 0 0 0 1 1 1 0 0 0
240	1	1 0 0 1 1 0 1 0 1 0 1 0 0 0 1 0 1 0 0 0
240	1	1 1 1 1 1 0 1 0 1 1 1 0 0 0 1 0 1 0 0 0
240	1	1 0 0 1 1 0 1 1 0 0 0 0 0 0 1 0 0 0 0 0
240	1	1 1 1 1 1 0 1 0 1 0 1 0 0 1 1 0 0 0 0 0
240	1	1 1 1 1 1 0 1 0 1 0 1 0 0 0 1 0 0 1 0 0
240	1	1 0 1 1 1 0 1 0 0 1 1 0 0 0 1 0 1 0 0 0
240	1	1 1 0 0 0 0 1 0 0 0 1 0 0 0 1 0 1 0 0 0
240	1	1 1 1 1 0 0 1 0 0 0 0 0 0 0 1 0 0 0 0 0
240	1	1 0 0 1 1 0 1 0 1 0 0 0 0 0 1 0 0 0 0 0
240	1	1 1 1 0 0 1 1 1 0 0 0 0 0 0 0 1 1 0 0 0
240	1	1 1 1 0 0 1 1 1 1 0 1 0 0 0 0 1 1 0 0 0
240	1	1 0 1 1 1 0 0 0 1 0 1 0 0 0 1 0 1 1 0 0
260	2	1 1 1 1 1 0 1 0 1 0 1 0 0 0 1 0 1 0 0 0
260	12	1 0 0 1 1 0 1 0 0 0 0 0 0 0 1 0 0 0 0 0
260	8	1 1 1 1 1 0 1 0 1 0 1 0 0 0 1 1 1 0 0 0
260	2	1 1 1 1 1 0 1 0 1 0 1 0 0 0 1 0 1 0 0 1
260	1	1 1 1 0 1 0 1 0 1 0 1 0 0 0 1 1 0 0 0 0
260	2	1 0 0 1 0 0 0 0 0 0 1 1 0 0 1 0 1 0 0 0
260	3	1 1 0 0 0 0 1 0 0 1 1 0 0 0 1 0 0 0 0 0
260	23	1 1 1 1 1 0 1 0 1 0 1 0 0 0 1 0 0 0 0 0
260	2	1 1 1 0 0 1 1 0 0 0 0 0 0 0 0 1 1 0 0 0
260	3	1 1 1 1 1 0 1 0 1 0 1 0 0 0 1 1 0 0 0 0
260	2	1 1 1 1 1 0 0 1 1 0 1 0 0 0 1 0 1 0 0 0
260	4	1 1 1 1 0 1 1 0 0 0 0 0 0 1 1 0 0 0 0 0
260	5	1 1 1 1 1 0 1 1 1 0 1 0 0 0 1 0 1 0 0 0
260	2	1 1 1 1 0 0 1 0 0 0 1 1 1 0 1 1 1 0 0 0
260	9	1 1 1 0 0 1 1 1 1 0 1 0 0 0 1 1 1 0 0 0
260	1	1 1 1 1 0 1 1 0 0 0 0 0 0 1 1 0 1 0 0 0
260	13	1 1 1 1 1 0 1 0 0 0 0 0 0 0 1 0 0 0 0 0
260	2	1 1 1 0 1 0 1 0 1 0 1 0 0 0 1 0 1 0 0 0
260	4	1 0 1 1 1 0 1 0 0 0 1 0 0 0 1 0 1 0 0 0
260	2	1 1 1 1 1 0 1 0 1 0 1 1 0 0 1 1 1 0 0 0
260	6	1 0 1 1 0 0 1 0 0 0 0 0 0 0 1 0 0 0 0 0
260	4	1 1 1 1 1 0 1 0 1 0 0 0 0 0 1 0 0 0 0 0
260	2	1 1 1 0 0 1 1 0 0 0 0 0 0 0 1 0 0 0 0 0
260	1	1 1 1 1 0 1 1 0 0 0 0 1 0 1 1 0 0 0 0 0
260	1	1 0 1 0 1 0 1 0 0 1 1 0 0 0 1 0 1 0 0 0
260	5	1 1 1 1 0 1 1 0 0 0 0 0 0 0 1 0 0 0 0 0
260	1	1 1 1 1 1 0 1 0 1 0 1 0 0 1 1 0 0 0 0 0
260	5	1 1 1 1 1 0 1 0 1 0 1 0 0 0 1 0 0 1 0 0
260	3	1 1 1 1 1 0 0 0 0 0 0 0 0 0 1 0 0 0 0 0
260	1	1 1 1 0 1 0 1 0 1 0 1 0 0 0 1 1 0 0 0 1
260	5	1 1 1 1 1 0 1 0 1 0 1 1 0 0 1 0 0 0 0 0
260	6	1 1 1 1 1 0 1 0 1 1 1 0 0 0 1 0 0 0 0 0
260	1	1 0 0 1 1 0 1 0 0 0 0 0 0 0 1 1 0 0 0 0
260	3	1 1 1 1 1 0 1 1 1 0 1 0 0 0 1 0 0 0 0 0
260	3	1 1 1 1 1 1 1 0 0 0 0 0 0 1 1 0 0 0 0 0
260	2	0 0 0 1 1 0 1 0 0 0 0 0 0 1 1 0 0 0 0 0
260	6	1 1 1 1 1 1 1 0 1 0 1 0 0 0 1 0 0 0 0 0
260	2	1 1 1 1 1 0 1 0 0 1 1 0 0 0 1 0 0 0 0 0
260	2	1 1 1 1 1 0 1 1 1 0 1 1 0 0 1 1 1 0 0 0
260	1	1 1 1 1 1 0 1 0 1 0 1 0 0 0 1 1 0 0 1 0
260	3	1 1 1 0 1 0 1 1 1 0 1 0 0 0 1 1 0 0 0 0
260	3	1 1 0 1 0 1 1 0 0 0 0 0 0 1 1 0 0 0 0 0
260	1	1 1 0 1 0 0 0 0 0 0 1 1 0 0 1 0 1 0 0 0
260	1	1 1 0 0 0 0 1 0 0 1 1 0 0 0 1 0 1 0 0 0
260	1	1 1 1 1 1 0 1 0 0 1 0 0 0 0 1 0 0 0 0 0
260	6	1 1 1 1 1 0 1 0 1 0 1 0 0 0 1 1 1 0 1 0
260	1	0 1 1 1 1 0 1 0 1 0 1 0 0 0 1 0 0 0 0 0
260	1	1 1 1 1 1 0 1 0 1 0 0 0 0 0 1 0 1 0 0 0
260	1	1 1 1 1 1 0 0 0 0 0 1 0 0 0 1 1 1 0 0 0
260	1	1 1 1 1 1 1 1 0 0 0 1 0 0 0 1 0 0 0 0 0
260	1	1 1 1 0 1 0 1 1 1 0 1 0 0 0 1 0 1 0 0 0
260	1	1 1 1 1 1 0 1 0 1 0 1 0 0 0 1 0 1 0 1 0
260	1	1 1 1 0 0 1 1 1 1 0 1 1 0 0 1 1 1 0 0 0
260	1	1 1 0 1 1 0 1 0 0 0 0 0 0 0 1 0 0 0 0 0
260	2	1 1 1 1 0 0 0 0 0 0 1 1 0 0 1 1 1 0 0 0
260	2	1 1 1 1 1 0 0 0 1 0 1 0 0 0 1 0 1 0 0 0
260	1	1 1 1 1 1 0 1 0 1 0 1 0 1 0 1 0 0 0 0 0
260	2	1 1 1 1 0 1 1 0 0 0 0 0 0 0 1 0 0 0 1 0
260	1	1 1 1 1 0 1 1 0 0 0 1 1 0 0 1 1 1 0 0 0
260	1	1 1 1 0 0 1 1 1 1 1 1 0 0 0 1 1 1 0 0 0
260	1	1 1 1 1 1 0 1 0 0 0 0 0 0 0 1 0 0 0 0 1
260	2	1 1 1 1 1 0 0 0 0 0 1 0 0 0 1 1 1 0 1 0
260	2	1 1 1 0 0 0 1 0 1 0 0 0 0 0 1 0 0 0 0 0
260	1	1 0 0 1 0 0 0 0 0 0 0 1 0 0 1 0 1 0 0 0
280	4	1 0 1 1 0 0 1 0 0 0 1 0 0 0 1 0 1 0 0 0
280	8	1 0 0 1 1 0 1 0 0 0 0 0 0 0 1 0 0 0 0 0
280	9	1 1 1 1 1 0 1 0 1 0 1 0 0 0 1 1 1 0 0 0
280	28	1 1 1 1 1 0 1 0 1 0 1 0 0 0 1 0 0 0 0 0
280	1	1 1 1 0 0 1 1 0 0 0 0 0 0 0 0 1 1 0 0 0
280	1	1 1 1 1 1 0 0 1 1 0 1 0 0 0 1 0 1 0 0 0
280	10	1 1 1 1 1 0 1 0 0 0 0 0 0 0 1 0 0 0 0 0
280	1	1 1 1 1 1 0 1 0 1 0 1 1 0 0 1 1 1 0 0 0
280	2	1 0 1 1 0 0 1 0 0 0 0 0 0 0 1 0 0 0 0 0
280	7	1 1 1 1 0 1 1 0 0 0 0 1 0 1 1 0 0 0 0 0
280	11	1 1 1 1 0 1 1 0 0 0 0 0 0 0 1 0 0 0 0 0
280	2	1 1 1 1 1 0 1 0 1 0 1 0 0 1 1 0 0 0 0 0
280	1	1 1 1 1 1 0 1 0 1 0 1 0 0 0 1 0 0 1 0 0
280	2	1 1 1 0 1 0 1 0 1 0 1 0 0 0 1 1 0 0 0 1
280	8	1 1 1 1 1 0 1 0 1 1 1 0 0 0 1 0 0 0 0 0
280	2	1 1 1 1 1 0 1 1 1 0 1 1 0 0 1 1 1 0 0 0
280	3	1 1 0 1 0 1 1 0 0 0 0 0 0 1 1 0 0 0 0 0
280	9	1 1 1 1 1 0 1 0 0 1 0 0 0 0 1 0 0 0 0 0
280	1	1 1 1 1 1 0 1 0 1 0 1 0 0 0 1 1 1 0 1 0
280	2	1 1 1 0 0 1 1 0 0 0 0 0 1 0 0 1 1 0 0 0
280	12	1 1 1 1 1 1 1 0 0 0 1 0 0 0 1 0 0 0 0 0
280	4	1 1 1 1 1 0 1 1 1 0 1 0 0 0 1 1 1 0 0 0
280	3	1 1 1 1 0 1 1 0 0 1 0 0 0 0 1 0 0 0 0 0
280	3	1 1 1 0 0 1 1 1 1 0 1 1 0 0 1 1 1 0 0 0
280	6	1 1 1 0 1 0 1 0 1 0 1 0 0 0 1 0 0 0 0 0
280	2	1 1 1 1 0 1 1 0 0 0 0 1 0 1 1 0 0 1 0 0
280	1	1 0 1 1 0 0 0 0 0 0 1 0 0 0 1 0 1 0 0 0
280	1	1 0 0 1 1 0 1 0 0 0 0 1 0 0 1 0 0 0 0 0
280	5	1 0 0 0 0 0 1 0 0 1 0 0 0 1 1 0 0 0 0 0
280	2	1 1 1 0 0 1 1 1 1 0 1 0 0 0 1 0 0 0 0 0
280	2	1 1 1 1 1 0 1 0 1 0 0 1 0 0 1 0 0 0 0 0
280	2	1 0 0 1 1 0 1 1 0 0 1 0 0 0 1 0 0 0 0 0
280	1	1 1 1 0 0 0 1 0 1 0 1 0 0 0 1 0 0 0 0 0
280	1	1 0 1 1 0 0 0 0 0 0 0 0 0 0 1 1 0 0 0 0
280	1	1 1 1 0 0 1 1 0 0 1 0 0 0 0 1 0 0 0 0 0
280	1	1 1 1 1 0 0 1 0 0 0 0 0 0 0 1 0 0 0 1 0
280	2	1 1 1 1 1 0 1 0 1 1 0 0 0 0 1 0 0 0 0 0
280	1	1 1 1 1 1 0 1 0 1 1 1 0 0 0 1 0 1 0 1 0
280	1	0 0 0 1 0 0 1 0 1 0 1 0 0 0 1 1 1 0 0 0
280	1	1 1 1 0 0 1 1 1 1 0 1 1 0 0 1 1 1 1 0 0
280	1	1 1 1 0 1 0 0 0 1 0 1 0 0 0 1 0 0 0 0 0
280	1	1 1 1 1 1 0 1 0 1 0 1 0 0 0 1 0 1 0 0 0
280	2	1 1 1 1 0 1 1 0 0 1 0 1 0 1 1 0 0 0 0 0
280	2	1 1 0 1 1 1 1 0 0 0 1 0 0 0 1 0 0 0 0 0
280	2	1 1 1 0 1 0 1 0 1 0 1 0 0 0 1 0 1 0 0 0
280	3	1 0 0 1 1 0 0 0 0 0 1 0 0 0 1 1 1 0 0 0
280	1	1 1 0 1 1 1 1 0 0 0 1 0 0 0 1 1 0 0 0 0
280	1	1 1 0 1 1 0 1 1 0 0 1 0 0 0 1 0 0 0 0 0
280	1	1 1 1 1 1 1 1 0 0 0 1 0 0 0 0 0 0 0 0 0
280	1	1 1 1 1 1 1 1 0 0 0 1 0 0 0 1 1 0 0 0 0
280	1	1 1 1 1 1 1 1 1 0 0 1 0 0 0 1 0 0 0 0 0
280	1	1 1 1 1 1 0 1 1 1 1 1 0 0 0 1 0 0 0 1 0
280	1	0 1 1 1 1 0 1 0 0 0 0 0 0 0 1 0 0 0 0 0
280	1	1 1 1 1 1 1 1 0 0 0 1 1 0 0 1 0 1 0 0 0
280	1	1 1 1 1 1 0 1 1 1 0 1 1 0 0 1 1 1 0 0 1
280	1	1 1 1 1 1 1 1 1 1 0 1 1 0 0 1 1 1 0 0 0
280	1	0 1 1 1 0 1 1 0 0 0 0 0 0 0 1 0 0 0 0 0
280	1	1 1 1 1 1 0 1 0 0 1 0 0 0 0 1 0 0 0 1 0
280	3	1 1 1 0 0 0 1 0 1 0 1 0 0 1 1 0 0 0 0 0
280	1	1 1 1 1 1 0 1 0 0 0 0 1 0 1 1 0 0 0 0 0
280	1	1 1 0 1 1 0 1 0 1 0 1 0 0 0 1 0 0 0 0 0
280	1	1 1 1 1 1 0 0 0 1 0 1 0 0 0 1 1 0 0 0 0
280	1	1 1 1 1 1 0 1 0 0 0 1 0 0 0 1 1 1 1 0 0
280	1	1 1 1 1 1 0 0 1 1 0 1 0 0 0 1 0 0 0 0 0
280	2	1 1 1 1 1 0 0 1 1 0 1 0 0 0 0 0 1 0 0 0
280	1	0 1 1 1 1 1 1 0 0 0 1 0 0 0 1 0 0 0 0 0
280	1	1 1 1 1 1 0 1 0 1 0 1 1 0 0 1 0 0 0 0 0
280	1	1 1 1 1 1 1 1 0 0 0 1 1 0 0 1 1 1 0 1 0
300	8	1 1 1 1 1 0 1 0 1 0 1 0 0 0 1 1 1 0 0 0
300	27	1 1 1 1 1 0 1 0 1 0 1 0 0 0 1 0 0 0 0 0
300	8	1 1 1 1 1 0 1 0 0 0 0 0 0 0 1 0 0 0 0 0
300	1	1 1 1 1 1 0 1 0 1 0 1 1 0 0 1 1 1 0 0 0
300	9	1 0 1 1 0 0 1 0 0 0 0 0 0 0 1 0 0 0 0 0
300	7	1 1 1 1 1 0 1 0 1 0 0 0 0 0 1 0 0 0 0 0
300	1	1 1 1 1 0 1 1 0 0 0 0 1 0 1 1 0 0 0 0 0
300	24	1 1 1 1 0 1 1 0 0 0 0 0 0 0 1 0 0 0 0 0
300	2	1 1 1 1 1 0 1 0 1 1 1 0 0 0 1 0 0 0 0 0
300	5	1 1 1 1 1 0 1 0 0 1 0 0 0 0 1 0 0 0 0 0
300	2	1 1 1 0 0 1 1 0 0 0 0 0 1 0 0 1 1 0 0 0
300	4	1 1 1 1 1 1 1 0 0 0 0 0 0 0 1 0 0 0 0 0
300	5	1 1 1 1 1 1 1 0 0 0 1 0 0 0 1 0 0 0 0 0
300	1	1 1 1 1 0 1 1 0 0 1 0 0 0 0 1 0 0 0 0 0
300	3	1 1 1 0 1 0 1 0 1 0 1 0 0 0 1 0 0 0 0 0
300	1	1 0 0 0 0 0 1 0 0 1 0 0 0 1 1 0 0 0 0 0
300	6	1 1 1 0 1 0 0 1 1 0 0 0 0 0 1 1 1 0 0 0
300	5	1 1 1 0 0 1 1 1 1 0 1 0 0 0 1 0 0 0 0 0
300	3	1 1 1 1 0 1 1 0 0 0 0 0 0 0 1 0 1 0 0 0
300	3	1 0 1 1 0 0 1 1 0 0 0 0 0 0 1 0 0 0 0 0
300	1	1 1 1 1 1 0 1 0 1 0 0 1 0 0 1 0 0 0 0 0
300	3	1 1 1 1 0 0 1 0 0 0 0 0 0 0 1 0 0 0 1 0
300	2	1 1 1 1 1 0 1 0 1 1 0 0 0 0 1 0 0 0 0 0
300	1	1 1 1 1 1 0 1 0 1 1 1 0 0 0 1 0 1 0 1 0
300	2	1 1 1 1 1 1 1 1 0 0 1 0 0 0 1 0 0 0 0 0
300	1	0 1 1 1 1 0 1 0 0 0 0 0 0 0 1 0 0 0 0 0
300	2	1 1 1 0 0 1 1 0 0 1 0 1 0 0 1 0 0 0 0 0
300	6	1 1 1 1 1 1 1 0 0 0 1 1 0 0 1 0 1 0 0 0
300	1	1 1 1 1 1 0 1 0 0 0 0 1 0 1 1 0 0 0 0 0
300	1	0 1 1 1 1 0 1 0 1 0 1 0 0 0 1 1 1 0 0 0
300	3	1 1 1 1 1 0 1 0 1 0 1 0 1 0 1 1 1 0 0 0
300	1	1 0 0 0 0 1 1 0 0 1 0 0 0 1 1 0 0 0 0 0
300	3	1 1 1 1 1 0 1 0 0 0 1 0 0 0 1 0 0 0 0 0
300	2	1 0 1 1 0 0 1 0 0 1 0 0 0 0 1 0 0 0 0 0
300	4	1 1 1 1 0 1 1 0 0 0 0 1 0 0 1 0 0 0 0 0
300	1	1 1 1 0 0 1 1 1 1 0 1 1 0 0 1 1 1 1 0 0
300	1	1 0 1 1 0 1 1 0 0 0 0 0 0 0 1 0 0 0 0 0
300	1	0 0 0 0 0 0 1 0 0 1 0 0 0 1 1 0 0 0 0 0
300	1	1 1 1 1 0 0 0 0 1 0 1 0 0 0 1 1 0 0 0 0
300	1	1 1 1 1 1 0 1 0 0 1 1 0 0 0 1 0 0 0 0 0
300	1	1 1 1 1 1 0 1 0 1 0 1 0 0 0 1 0 0 0 0 1
300	1	1 1 1 1 1 0 0 0 1 0 1 0 0 0 1 0 0 0 0 0
300	2	1 1 1 1 0 1 1 0 1 0 0 1 0 1 1 0 0 0 0 0
300	3	1 1 1 0 1 0 1 0 0 0 0 0 0 0 1 0 0 0 0 0
300	4	1 1 1 1 1 0 1 0 0 0 0 0 0 0 1 0 0 0 1 0
300	3	1 1 1 1 1 0 1 0 0 1 0 1 0 0 1 1 1 1 0 0
300	3	1 1 1 1 1 0 1 1 1 0 0 0 0 0 1 0 0 0 0 0
300	1	1 1 1 1 0 1 1 0 0 0 0 0 0 0 1 0 0 0 0 1
300	1	1 0 1 0 1 0 1 0 1 0 1 0 0 0 1 0 0 0 0 0
300	1	1 1 1 1 0 1 1 0 0 0 0 0 0 0 0 0 1 0 0 0
300	1	0 0 1 1 0 0 1 0 0 0 0 1 0 0 1 0 0 0 0 0
300	1	0 1 1 1 1 1 1 0 1 0 1 0 0 0 1 0 0 0 0 0
300	1	1 1 1 1 1 0 1 0 0 1 1 0 0 0 1 0 1 0 0 0
300	1	1 1 1 1 1 0 1 0 1 0 1 0 0 0 0 1 1 0 0 0
300	1	1 1 1 1 1 1 1 0 0 0 0 0 0 0 1 0 1 0 0 0
300	1	1 1 1 0 1 1 1 0 0 0 0 0 0 0 1 0 0 0 0 0
300	1	1 1 1 0 1 0 1 0 1 1 0 0 0 0 1 0 0 0 0 0
300	1	1 1 1 1 0 1 1 0 0 1 0 0 0 0 1 0 1 0 0 0
300	1	1 1 1 0 0 1 1 0 0 1 0 1 0 0 1 1 0 0 0 0
300	2	0 0 0 0 0 0 1 0 0 1 0 0 0 1 1 0 0 0 1 0
300	1	1 1 1 1 0 1 1 0 1 0 1 0 1 0 1 1 1 0 0 0
300	1	1 0 1 1 1 0 1 0 1 0 1 0 0 0 1 1 1 0 0 0
300	1	1 1 1 1 1 0 1 0 0 0 1 0 0 0 1 1 1 0 0 0
300	1	1 1 1 1 0 1 0 0 0 0 0 0 0 0 1 0 0 0 0 0
300	2	1 1 1 1 1 1 1 1 1 0 1 0 0 0 1 0 1 0 0 0
320	11	1 1 1 1 1 0 1 0 1 0 1 0 0 0 1 1 1 0 0 0
320	32	1 1 1 1 1 0 1 0 1 0 1 0 0 0 1 0 0 0 0 0
320	2	1 0 1 1 0 0 1 0 0 0 0 0 0 0 1 0 0 0 0 0
320	21	1 1 1 1 1 0 1 0 1 0 0 0 0 0 1 0 0 0 0 0
320	14	1 1 1 1 0 1 1 0 0 0 0 0 0 0 1 0 0 0 0 0
320	11	1 1 1 1 1 0 1 0 1 1 1 0 0 0 1 0 0 0 0 0
320	9	1 1 1 1 1 0 1 0 0 1 0 0 0 0 1 0 0 0 0 0
320	15	1 1 1 1 1 1 1 0 0 0 0 0 0 0 1 0 0 0 0 0
320	1	1 1 1 1 1 1 1 0 0 0 1 0 0 0 1 0 0 0 0 0
320	2	1 1 1 1 0 1 1 0 0 1 0 0 0 0 1 0 0 0 0 0
320	7	1 1 1 1 0 1 1 0 0 0 0 1 0 1 1 0 0 1 0 0
320	4	1 1 1 0 0 1 1 0 0 1 0 1 0 0 1 0 0 0 0 0
320	1	1 1 1 1 1 0 1 0 0 0 1 0 0 0 1 0 0 0 0 0
320	3	1 0 1 1 0 1 1 0 0 0 0 0 0 0 1 0 0 0 0 0
320	1	1 1 1 1 1 0 1 0 0 1 1 0 0 0 1 0 0 0 0 0
320	1	1 1 1 1 1 0 1 0 0 0 0 0 0 1 1 0 0 0 0 0
320	2	1 1 1 1 1 0 1 0 0 1 0 1 0 0 1 1 1 1 0 0
320	4	1 1 1 1 0 1 1 0 0 0 0 0 0 0 0 0 1 0 0 0
320	1	1 0 1 1 1 0 1 0 1 0 1 0 0 0 1 1 1 0 0 0
320	1	1 1 1 1 1 1 1 1 1 0 1 0 0 0 1 0 1 0 0 0
320	2	1 1 1 0 0 1 1 0 0 0 0 0 0 0 1 0 0 0 0 0
320	3	1 1 1 1 1 0 1 0 0 1 0 1 0 0 1 1 1 0 0 0
320	2	1 1 1 0 0 1 1 0 0 0 1 1 0 0 1 1 1 1 0 0
320	2	1 1 1 1 1 0 1 0 1 0 1 0 0 0 1 0 1 0 0 0
320	1	1 1 1 1 1 0 1 1 1 0 1 0 0 0 1 0 0 0 0 0
320	3	1 1 1 1 1 0 1 0 1 0 1 0 0 0 1 1 1 0 1 0
320	2	1 1 1 1 0 1 1 0 1 0 0 0 0 0 1 0 0 0 0 0
320	2	1 1 1 0 0 1 1 0 0 1 0 0 0 1 1 0 0 0 0 0
320	4	0 0 1 1 0 1 1 0 0 0 0 0 0 0 0 1 0 0 0 0
320	1	1 0 1 1 0 0 1 0 0 0 0 0 0 0 1 0 0 1 0 0
320	1	1 1 1 1 1 1 1 1 0 0 0 0 0 0 0 0 1 0 0 0
320	1	1 1 1 1 1 0 1 0 1 0 0 1 0 1 1 0 0 0 0 0
320	1	1 1 1 1 0 1 1 0 0 1 0 1 0 0 1 1 1 1 0 0
320	1	1 1 1 1 1 0 1 0 1 0 0 0 0 0 1 0 1 0 0 0
320	2	1 1 1 0 0 1 1 1 1 0 1 0 0 0 1 0 0 1 0 0
320	1	1 1 1 0 0 1 1 1 1 0 0 0 0 0 1 0 0 0 0 0
320	1	1 1 1 1 1 0 1 0 1 0 0 0 1 0 1 0 0 0 0 0
320	1	1 1 0 1 1 0 1 0 1 0 0 0 0 0 1 0 0 0 0 0
320	1	1 1 1 1 1 0 1 0 1 0 1 0 0 0 1 1 0 1 0 0
320	1	1 1 1 0 1 0 1 0 0 0 1 0 0 0 1 0 1 0 0 0
320	2	1 0 1 1 1 0 1 0 1 0 1 0 0 0 1 0 0 0 0 0
320	1	1 1 1 1 1 0 1 0 1 0 1 0 0 0 1 0 0 0 0 1
320	3	1 1 1 1 1 0 1 0 1 0 0 0 0 1 1 0 0 0 0 0
320	1	1 1 1 1 0 1 1 0 0 0 0 0 1 0 0 0 0 0 0 0
320	4	1 1 1 1 1 0 1 0 1 0 1 1 0 0 1 0 0 0 0 0
320	1	1 1 1 1 1 0 1 0 1 1 0 0 0 0 1 0 0 0 0 0
320	3	1 1 1 1 0 1 1 0 0 0 0 0 0 1 1 0 0 0 0 0
320	2	1 1 1 1 0 1 1 0 0 1 0 1 1 0 1 1 1 1 0 0
320	1	1 1 1 1 1 0 1 0 1 0 1 0 0 0 1 1 1 0 0 1
320	1	1 1 1 1 0 1 1 0 0 0 1 0 0 0 1 0 0 0 0 0
320	1	1 1 1 0 0 1 1 0 1 0 1 0 1 0 1 1 1 0 0 0
320	1	0 1 1 0 1 1 1 0 1 1 0 0 0 0 1 0 0 0 0 0
320	2	1 1 1 1 0 1 1 1 1 0 0 0 0 0 1 0 0 0 0 0
320	1	1 1 0 1 1 0 1 1 1 0 0 1 0 1 1 0 0 0 0 0
340	3	1 1 1 1 1 0 1 0 1 0 1 0 0 0 1 1 1 0 0 0
340	23	1 1 1 1 1 0 1 0 1 0 1 0 0 0 1 0 0 0 0 0
340	2	1 1 1 1 1 0 1 0 0 0 0 0 0 0 1 0 0 0 0 0
340	9	1 1 1 1 1 0 1 0 1 0 0 0 0 0 1 0 0 0 0 0
340	15	1 1 1 1 0 1 1 0 0 0 0 0 0 0 1 0 0 0 0 0
340	20	1 1 1 1 1 0 1 0 1 1 1 0 0 0 1 0 0 0 0 0
340	22	1 1 1 1 1 1 1 0 0 0 0 0 0 0 1 0 0 0 0 0
340	2	1 1 1 1 1 1 1 0 0 0 1 0 0 0 1 0 0 0 0 0
340	1	1 1 1 1 0 1 1 0 0 1 0 0 0 0 1 0 0 0 0 0
340	1	1 1 1 0 0 1 1 0 0 1 0 1 0 0 1 0 0 0 0 0
340	2	1 1 1 1 1 0 1 0 1 0 1 0 0 0 1 1 0 0 0 0
340	1	1 1 1 1 1 0 1 0 1 0 1 0 0 0 1 0 1 0 0 0
340	1	1 1 1 1 1 0 1 0 1 0 1 0 0 0 1 1 1 0 1 0
340	8	1 1 1 1 0 1 1 0 1 0 0 0 0 0 1 0 0 0 0 0
340	1	0 0 1 1 0 1 1 0 0 0 0 0 0 0 0 1 0 0 0 0
340	2	1 0 1 1 0 0 1 0 0 0 0 0 0 0 1 0 0 1 0 0
340	1	1 1 1 1 0 1 1 0 0 1 0 1 0 0 1 1 1 1 0 0
340	5	1 1 1 1 1 0 1 0 1 0 0 0 1 0 1 0 0 0 0 0
340	1	1 1 1 1 1 0 1 0 1 0 1 1 0 0 1 0 0 0 0 0
340	14	1 1 1 1 1 0 1 0 1 1 0 0 0 0 1 0 0 0 0 0
340	2	1 1 1 1 0 1 1 0 0 0 0 0 0 1 1 0 0 0 0 0
340	1	1 1 1 1 0 1 1 0 0 0 1 0 0 0 1 0 0 0 0 0
340	1	1 1 1 0 0 1 1 0 1 0 1 0 1 0 1 1 1 0 0 0
340	1	1 1 1 1 1 0 1 1 1 0 0 1 0 1 1 0 0 0 0 0
340	1	1 1 1 0 1 1 1 0 0 0 0 0 0 0 0 0 1 1 0 0
340	11	1 1 1 1 1 1 1 0 1 0 0 0 0 0 1 0 0 0 0 0
340	1	1 1 1 0 0 1 1 0 0 1 0 0 0 1 1 0 0 0 0 1
340	3	1 1 0 1 1 0 1 1 1 0 0 1 0 1 1 0 0 0 0 0
340	1	1 1 1 0 0 1 1 0 0 1 0 0 0 0 1 0 0 0 0 0
340	1	1 1 1 1 0 1 1 0 1 0 0 0 0 0 1 1 0 0 0 0
340	4	1 1 0 0 0 1 1 1 1 0 0 0 0 0 1 0 0 0 0 0
340	1	1 1 1 1 0 1 1 0 0 0 0 0 0 0 1 0 0 0 0 1
340	1	1 1 1 1 1 0 1 0 1 1 1 0 0 0 1 0 0 0 0 1
340	2	1 1 1 1 1 0 1 0 1 0 1 0 1 0 1 0 1 0 0 0
340	2	1 1 1 1 0 1 1 0 1 0 0 0 0 1 1 0 0 0 0 0
340	2	1 1 1 1 1 1 1 0 0 0 0 0 0 0 1 0 0 0 0 1
340	2	1 0 1 1 1 0 1 0 0 0 0 0 0 0 1 1 0 0 0 0
340	2	0 0 1 1 0 1 1 0 0 0 0 0 0 0 0 1 0 0 0 1
340	1	1 1 1 1 1 1 1 0 1 0 1 0 0 0 1 1 0 0 0 0
340	1	1 1 1 1 1 0 1 0 1 0 0 0 0 0 0 0 0 0 0 0
340	2	1 1 1 1 1 0 1 0 1 1 1 0 0 0 1 1 0 0 0 0
340	1	0 0 1 1 0 1 1 0 0 0 0 0 0 0 0 1 0 0 1 0
340	1	1 1 1 1 0 0 1 0 1 0 0 0 0 0 1 0 0 0 0 0
340	1	1 1 1 0 1 1 1 0 1 0 0 0 1 0 1 0 0 1 0 0
340	1	1 1 1 0 0 1 1 1 1 0 1 0 0 0 1 0 1 0 0 0
340	1	1 1 1 1 1 1 1 0 1 1 0 0 0 0 1 0 0 0 0 0
340	1	1 1 1 0 0 1 1 0 0 0 1 0 0 0 1 0 0 0 0 0
340	2	1 1 1 1 1 0 0 0 1 0 1 0 0 0 1 0 0 0 0 0
340	2	1 1 1 1 1 0 1 0 1 1 0 0 0 0 1 0 0 0 1 0
340	1	1 1 1 1 0 1 1 0 0 1 0 0 1 0 1 0 0 0 0 0
340	2	1 1 1 1 1 0 0 0 1 0 0 0 0 0 1 0 0 0 0 0
340	1	1 1 1 1 1 0 1 0 1 1 1 0 0 0 1 0 0 1 0 0
340	1	1 1 1 1 1 0 1 0 1 1 1 0 0 1 1 1 1 0 0 0
340	1	0 0 1 1 1 0 1 0 1 0 1 0 0 0 1 0 0 0 0 0
340	1	1 1 0 1 1 0 1 0 1 0 1 0 0 0 1 0 0 0 0 0
340	1	1 1 1 1 1 0 1 0 1 0 1 0 0 0 1 0 0 0 0 1
340	1	1 1 0 1 1 0 1 0 1 1 0 0 0 0 1 0 0 0 0 0
340	1	1 1 1 1 0 1 1 1 0 0 0 0 0 0 1 0 0 0 0 0
340	1	1 1 1 1 1 0 1 1 1 0 0 0 1 0 1 0 0 0 0 0
340	1	1 1 1 1 1 0 1 0 0 0 0 0 0 0 1 0 0 0 0 1
340	1	1 1 1 1 1 1 1 0 0 1 0 0 1 0 1 0 0 0 0 0
360	8	1 1 1 1 1 0 1 0 1 0 1 0 0 0 1 1 1 0 0 0
360	19	1 1 1 1 1 0 1 0 1 0 1 0 0 0 1 0 0 0 0 0
360	1	1 1 1 1 1 0 1 0 0 0 0 0 0 0 1 0 0 0 0 0
360	4	1 1 1 1 1 0 1 0 1 0 0 0 0 0 1 0 0 0 0 0
360	1	1 1 1 1 0 1 1 0 0 0 0 0 0 0 1 0 0 0 0 0
360	26	1 1 1 1 1 0 1 0 1 1 1 0 0 0 1 0 0 0 0 0
360	25	1 1 1 1 1 1 1 0 0 0 0 0 0 0 1 0 0 0 0 0
360	3	1 1 1 1 0 1 1 0 0 1 0 0 0 0 1 0 0 0 0 0
360	1	1 1 1 1 1 0 1 0 1 0 1 0 0 0 1 1 0 0 0 0
360	9	1 1 1 1 0 1 1 0 1 0 0 0 0 0 1 0 0 0 0 0
360	1	0 0 1 1 0 1 1 0 0 0 0 0 0 0 0 1 0 0 0 0
360	12	1 1 1 1 1 0 1 0 1 1 0 0 0 0 1 0 0 0 0 0
360	15	1 1 1 1 1 1 1 0 1 0 0 0 0 0 1 0 0 0 0 0
360	1	1 1 0 0 0 1 1 1 1 0 0 0 0 0 1 0 0 0 0 0
360	2	1 1 1 0 0 0 1 0 0 1 0 1 0 0 1 0 0 0 0 0
360	2	0 0 1 1 0 1 1 0 0 0 0 0 0 0 0 1 0 0 0 1
360	9	1 1 1 1 1 0 1 0 1 0 0 1 0 1 1 0 0 0 0 0
360	1	1 1 1 1 1 1 1 0 1 1 0 0 0 0 1 0 0 0 0 0
360	5	1 1 0 0 0 1 1 1 1 0 1 0 0 0 1 0 0 0 0 0
360	6	1 1 1 1 1 0 0 0 1 0 1 0 0 0 1 0 0 0 0 0
360	3	1 1 1 1 1 0 1 0 1 0 1 0 0 0 1 0 0 1 0 0
360	1	1 1 1 1 1 0 0 0 1 0 0 0 0 0 1 0 0 0 0 0
360	2	1 1 1 0 0 0 1 1 1 0 1 0 0 0 1 0 0 0 0 0
360	2	1 1 1 1 1 1 1 0 0 0 0 0 0 1 1 0 0 0 0 0
360	3	1 1 0 0 0 1 1 1 0 0 1 0 0 0 1 0 0 0 0 0
360	4	1 1 1 1 0 1 1 0 0 0 0 0 1 0 1 0 0 0 0 0
360	1	1 0 1 1 0 1 1 0 1 0 1 0 0 0 1 0 0 0 0 0
360	3	1 1 1 1 1 0 0 0 1 1 0 0 0 0 1 0 0 0 0 0
360	1	1 1 1 1 1 0 1 0 1 0 1 0 1 0 1 0 0 0 0 0
360	2	1 1 1 0 0 1 1 0 1 0 1 0 1 0 1 1 1 1 0 0
360	1	0 1 1 1 1 1 1 0 0 0 0 0 0 0 1 0 0 0 0 0
360	1	1 1 1 1 1 1 1 1 1 0 0 0 0 0 1 0 0 0 0 0
360	1	1 0 1 1 0 1 1 0 0 0 0 0 0 0 1 0 1 0 0 0
360	1	1 1 1 0 0 1 1 1 1 0 1 0 0 0 1 0 0 0 0 0
360	1	1 1 1 1 1 1 1 0 1 0 1 0 0 0 1 1 1 0 0 0
360	2	1 1 1 1 0 1 1 0 0 0 0 1 0 0 1 0 0 0 0 0
360	2	1 1 1 1 1 1 1 0 1 0 0 0 0 0 1 0 0 0 1 0
360	1	1 1 1 0 1 1 1 0 0 0 0 0 0 0 1 0 0 0 0 0
360	2	1 1 0 0 0 1 1 0 1 0 0 0 0 0 1 0 0 0 0 0
360	2	1 1 1 1 1 0 1 0 1 0 0 0 0 0 1 0 1 0 0 0
360	1	1 1 1 1 1 0 1 0 1 0 0 0 0 0 0 1 0 0 0 1
360	2	1 1 1 1 1 0 0 0 1 0 1 0 0 0 1 1 1 0 0 0
360	1	1 1 1 0 1 0 1 0 1 1 0 0 0 0 1 0 0 0 0 0
360	1	1 1 0 1 1 1 1 0 0 0 0 0 0 0 1 0 0 0 0 0
360	1	1 1 1 1 1 0 1 0 1 1 0 0 0 0 1 1 0 0 0 0
360	1	1 1 1 1 1 0 1 0 1 0 0 1 0 1 0 0 0 0 0 0
360	1	1 1 1 0 1 0 1 0 1 1 1 0 0 0 1 0 0 0 0 0
360	1	1 1 1 1 1 0 1 1 1 0 0 0 1 0 1 1 0 0 0 0
360	1	1 1 1 1 0 0 1 0 1 0 1 0 1 0 1 0 0 0 0 0
360	1	1 1 1 1 0 0 1 0 1 0 0 0 0 0 1 0 0 0 0 0
360	1	1 1 0 1 0 1 1 1 1 0 1 0 0 0 1 0 0 0 0 0
360	1	1 1 1 1 1 0 1 0 1 0 0 1 0 1 1 0 0 1 0 0
380	12	1 1 1 1 1 0 1 0 1 0 1 0 0 0 1 0 0 0 0 0
380	4	1 1 1 1 1 0 1 0 1 0 0 0 0 0 1 0 0 0 0 0
380	8	1 1 1 1 1 0 1 0 1 1 1 0 0 0 1 0 0 0 0 0
380	21	1 1 1 1 1 1 1 0 0 0 0 0 0 0 1 0 0 0 0 0
380	3	1 1 1 1 0 1 1 0 0 1 0 0 0 0 1 0 0 0 0 0
380	10	1 1 1 1 0 1 1 0 1 0 0 0 0 0 1 0 0 0 0 0
380	8	1 1 1 1 1 0 1 0 1 1 0 0 0 0 1 0 0 0 0 0
380	5	1 1 1 1 1 1 1 0 1 0 0 0 0 0 1 0 0 0 0 0
380	2	1 1 1 1 1 0 0 1 0 0 0 0 1 0 1 0 0 0 0 0
380	11	1 1 1 1 1 0 1 0 1 0 0 1 0 1 1 0 0 0 0 0
380	1	1 1 0 0 0 1 1 1 1 0 1 0 0 0 1 0 0 0 0 0
380	15	1 1 1 1 1 0 0 0 1 0 1 0 0 0 1 0 0 0 0 0
380	11	1 1 1 1 1 1 1 0 0 0 0 0 0 1 1 0 0 0 0 0
380	1	1 1 1 1 0 1 1 0 0 0 0 0 1 0 1 0 0 0 0 0
380	1	1 1 1 1 1 0 0 0 1 1 0 0 0 0 1 0 0 0 0 0
380	1	1 1 1 1 1 0 1 0 1 0 0 0 1 0 1 1 0 0 0 0
380	1	1 1 1 1 1 0 1 0 1 0 1 0 1 0 1 0 0 0 0 0
380	2	1 1 1 1 1 0 1 0 1 0 1 1 0 0 1 0 0 0 0 1
380	2	1 1 1 0 0 1 1 0 1 0 1 0 1 0 1 1 1 1 0 0
380	1	1 1 1 1 0 1 1 0 1 0 1 0 0 0 1 0 1 0 0 0
380	3	0 1 1 1 1 1 1 0 0 0 0 0 1 0 1 0 0 0 0 0
380	1	1 1 1 1 1 0 1 0 1 0 0 1 0 1 0 0 0 0 0 0
380	2	1 1 1 1 0 1 1 0 1 0 0 1 0 1 1 0 0 0 0 0
380	3	1 1 1 1 1 0 1 0 1 1 1 0 0 0 0 0 0 0 0 0
380	3	1 1 1 1 0 0 1 0 0 1 0 0 0 0 1 0 0 0 0 0
380	1	0 0 1 1 0 1 1 0 0 0 0 0 0 0 1 0 0 0 0 0
380	1	1 1 1 1 0 1 0 0 1 0 0 0 0 0 1 0 0 0 0 0
380	3	1 1 1 0 1 1 1 0 1 0 0 0 0 0 1 0 0 0 0 0
380	11	1 1 1 1 1 0 0 1 0 0 0 1 1 0 1 0 0 0 0 0
380	4	1 1 1 1 0 1 1 0 0 0 0 0 0 1 1 0 0 0 0 0
380	2	1 1 1 1 1 0 0 0 1 1 1 0 0 0 1 0 0 0 1 0
380	1	1 1 1 1 1 0 1 1 0 0 0 0 0 0 1 0 0 0 0 0
380	4	1 1 1 1 1 0 1 1 1 1 1 0 0 0 1 0 0 0 0 0
380	1	0 0 1 1 0 1 1 0 0 0 0 1 0 0 0 1 0 0 0 1
380	2	0 0 1 1 0 1 1 0 0 0 0 0 0 0 1 0 1 0 0 0
380	1	1 1 1 1 1 1 1 0 0 0 0 0 0 0 1 0 1 0 0 0
380	1	1 1 1 1 1 0 1 0 1 1 1 0 0 0 1 1 0 0 0 1
380	3	1 1 1 1 1 0 0 0 1 0 1 0 0 0 1 0 0 0 1 0
380	1	1 1 1 1 1 0 1 0 1 1 0 0 1 0 1 0 0 0 0 0
380	4	1 1 1 1 0 1 1 0 0 1 0 0 1 0 1 0 0 0 0 0
380	1	1 1 1 1 0 1 1 0 0 0 0 0 0 0 1 0 0 0 0 0
380	1	1 1 0 1 1 0 1 1 0 0 0 0 1 0 1 0 0 0 0 0
380	1	1 1 1 1 1 1 1 0 0 0 0 0 0 0 1 1 0 0 0 1
380	1	1 1 1 1 1 0 0 0 1 1 1 0 0 0 1 1 1 0 0 0
380	3	1 1 1 1 1 0 1 0 1 1 1 1 0 0 1 0 0 0 0 0
380	1	1 1 1 1 1 1 1 0 1 0 1 0 0 0 1 0 0 0 0 0
380	5	1 1 1 1 1 0 1 0 1 0 0 1 0 1 1 0 0 1 0 0
380	1	1 1 1 1 0 0 1 0 1 0 0 1 0 1 1 0 0 0 0 0
380	3	1 1 1 0 1 0 1 0 1 1 1 0 0 0 1 0 0 0 0 0
380	1	1 1 1 1 1 1 1 0 0 1 0 0 0 0 1 0 0 0 0 0
380	1	1 1 1 1 1 1 1 0 1 0 0 0 0 0 1 0 1 0 0 0
380	1	1 1 1 1 0 1 0 0 1 0 0 0 0 0 1 0 1 0 0 0
380	1	1 1 1 1 1 1 1 0 1 0 1 0 0 1 1 0 1 0 0 0
380	1	1 1 0 0 0 0 1 1 0 0 0 1 1 0 1 0 0 0 0 0
380	1	1 1 1 0 1 0 1 0 1 0 0 1 0 1 1 0 0 0 0 0
380	1	1 1 1 1 1 1 1 0 0 0 0 0 1 0 1 0 0 0 0 0
380	1	1 1 1 1 1 0 1 0 1 1 0 0 0 0 1 0 0 0 1 0
380	1	1 1 1 1 0 0 0 0 1 0 1 0 0 0 1 0 0 0 0 0
380	1	1 1 1 0 1 0 0 0 1 0 1 0 0 0 1 0 0 0 1 0
380	1	1 1 1 1 0 0 0 0 1 0 0 1 0 1 1 0 0 0 0 0
400	11	1 1 1 1 1 0 1 0 1 0 1 0 0 0 1 0 0 0 0 0
400	2	1 1 1 1 1 0 1 0 0 0 0 0 0 0 1 0 0 0 0 0
400	1	1 1 1 1 1 0 1 0 1 1 1 0 0 0 1 0 0 0 0 0
400	28	1 1 1 1 1 1 1 0 0 0 0 0 0 0 1 0 0 0 0 0
400	3	1 1 1 1 0 1 1 0 1 0 0 0 0 0 1 0 0 0 0 0
400	1	1 1 1 1 1 0 1 0 1 1 0 0 0 0 1 0 0 0 0 0
400	8	1 1 1 1 1 1 1 0 1 0 0 0 0 0 1 0 0 0 0 0
400	5	1 1 1 1 1 0 0 0 1 0 1 0 0 0 1 0 0 0 0 0
400	15	1 1 1 1 1 1 1 0 0 0 0 0 0 1 1 0 0 0 0 0
400	1	1 1 1 1 1 0 0 0 1 1 0 0 0 0 1 0 0 0 0 0
400	3	1 1 1 1 1 0 1 0 1 0 1 1 0 0 1 0 0 0 0 1
400	1	1 1 1 0 0 1 1 0 1 0 1 0 1 0 1 1 1 1 0 0
400	2	0 1 1 1 1 1 1 0 0 0 0 0 1 0 1 0 0 0 0 0
400	2	1 1 1 1 0 0 1 0 0 1 0 0 0 0 1 0 0 0 0 0
400	2	1 1 1 0 1 1 1 0 1 0 0 0 0 0 1 0 0 0 0 0
400	5	1 1 1 1 1 0 0 1 0 0 0 1 1 0 1 0 0 0 0 0
400	4	1 1 1 1 0 1 1 0 0 0 0 0 0 1 1 0 0 0 0 0
400	1	1 1 1 1 1 1 1 0 1 0 1 0 0 0 1 0 1 0 0 0
400	3	1 1 1 1 1 0 0 0 1 1 0 0 0 0 1 0 1 0 0 0
400	5	1 1 1 1 1 0 0 0 1 0 1 0 0 0 1 0 0 0 1 0
400	2	1 1 1 1 0 1 1 0 0 1 0 0 1 0 1 0 0 0 0 0
400	2	1 1 1 1 0 1 1 0 0 0 0 0 0 0 1 0 0 0 0 0
400	1	1 1 0 0 0 1 1 0 1 0 1 0 0 0 1 0 0 0 0 0
400	1	1 1 1 1 0 0 1 0 1 0 0 1 0 1 1 0 0 0 0 0
400	6	1 1 1 1 1 1 1 0 0 0 0 0 0 0 0 0 0 0 0 0
400	5	1 1 1 1 1 1 1 0 0 1 0 0 0 0 1 0 0 0 0 0
400	3	1 1 1 1 1 0 1 0 1 0 1 0 0 0 0 0 0 0 0 0
400	1	1 1 1 1 1 1 1 0 1 0 0 0 0 0 1 0 1 0 0 0
400	5	1 1 1 1 1 0 1 0 1 1 0 0 0 0 1 0 0 0 1 0
400	3	1 1 1 1 0 0 0 0 1 0 1 0 0 0 1 0 0 0 0 0
400	1	1 1 1 1 1 0 0 0 1 1 0 0 0 0 1 1 0 0 0 0
400	8	1 1 1 0 0 1 1 0 1 0 0 0 0 0 1 0 0 0 0 0
400	3	1 1 1 1 0 0 0 0 1 0 0 1 0 1 1 0 0 0 0 0
400	4	1 1 1 1 1 0 1 0 1 0 0 1 1 0 1 0 0 0 0 0
400	1	1 1 1 1 0 0 1 0 1 0 1 0 0 0 1 0 0 0 0 0
400	2	1 1 1 0 1 0 0 0 1 0 1 0 0 1 1 0 0 0 1 0
400	1	0 1 1 1 1 0 0 1 0 0 0 1 1 0 1 0 0 0 0 0
400	6	1 1 1 1 1 0 0 0 0 0 0 0 0 0 1 0 0 0 0 0
400	3	1 1 1 1 1 0 1 0 1 1 0 1 0 1 1 0 0 0 0 0
400	3	1 1 1 0 1 1 1 0 0 1 0 0 1 0 1 0 0 0 0 0
400	2	1 1 1 1 1 1 1 0 1 0 0 0 0 1 1 0 0 0 0 0
400	1	1 1 0 0 0 1 0 0 1 0 0 0 0 0 1 0 0 0 0 0
400	1	1 1 1 1 1 1 1 0 1 0 1 0 1 0 1 0 0 0 0 0
400	1	0 1 1 1 0 1 1 0 0 0 0 0 0 1 1 0 0 0 0 0
400	3	1 1 1 1 1 1 1 0 0 0 0 0 0 0 1 0 0 0 1 0
400	1	1 1 1 1 0 0 0 0 0 0 0 0 0 0 1 0 0 0 0 0
400	2	1 1 1 0 1 1 1 0 1 0 0 0 0 0 1 1 0 0 0 0
400	1	1 1 0 0 0 1 1 0 1 0 1 0 0 0 1 0 0 0 0 1
400	4	1 0 1 1 1 0 1 0 1 0 1 0 0 0 1 0 0 0 0 0
400	1	1 1 1 1 1 1 1 0 0 0 0 1 0 0 1 0 0 0 0 0
400	1	1 1 1 1 1 0 0 0 0 0 0 0 0 0 0 1 0 0 0 1
400	1	1 1 1 1 1 0 1 0 1 0 1 1 0 0 1 0 1 0 0 1
400	1	1 1 1 1 1 0 0 1 1 0 0 1 1 0 1 0 0 0 0 0
400	1	1 1 1 1 0 0 1 0 1 0 1 1 1 0 1 0 0 0 0 0
400	1	0 1 1 1 0 1 1 0 0 0 0 0 0 1 1 0 0 0 0 1
400	1	1 1 1 1 1 1 1 0 1 1 0 0 1 0 1 0 0 0 0 0
400	2	0 1 1 1 1 0 1 1 0 0 1 0 1 0 1 0 0 0 0 0
400	1	1 1 1 0 0 1 0 0 1 0 0 0 0 0 1 0 0 0 0 0
400	1	1 1 1 1 0 0 0 0 1 0 1 0 0 0 1 0 0 0 0 1
400	1	0 1 1 1 1 1 1 0 0 1 0 0 1 0 1 0 0 0 0 0
400	1	1 1 1 1 1 0 0 0 0 0 0 1 1 0 1 0 0 0 0 0
400	1	1 1 1 1 1 0 1 0 1 0 1 1 0 0 1 0 0 0 1 0
400	1	1 1 1 1 1 0 0 0 1 0 1 0 0 0 1 0 1 0 0 0
400	2	1 1 1 1 1 1 1 0 0 0 1 0 0 1 1 0 0 0 0 0
400	1	1 1 1 1 1 0 1 0 0 0 0 0 0 1 1 0 0 0 0 0
400	1	1 1 1 1 1 1 1 0 0 1 0 0 0 0 0 0 0 0 0 0
400	1	1 1 1 0 1 0 0 1 1 0 1 0 0 1 1 0 0 0 1 0
420	11	1 1 1 1 1 0 1 0 0 0 0 0 0 0 1 0 0 0 0 0
420	13	1 1 1 1 1 0 1 0 1 0 0 0 0 0 1 0 0 0 0 0
420	1	1 1 1 1 1 0 1 0 1 1 1 0 0 0 1 0 0 0 0 0
420	12	1 1 1 1 1 1 1 0 0 0 0 0 0 0 1 0 0 0 0 0
420	8	1 1 1 1 0 1 1 0 1 0 0 0 0 0 1 0 0 0 0 0
420	1	1 1 1 1 1 0 1 0 1 1 0 0 0 0 1 0 0 0 0 0
420	4	1 1 1 1 1 1 1 0 1 0 0 0 0 0 1 0 0 0 0 0
420	6	1 1 1 1 1 0 0 0 1 0 1 0 0 0 1 0 0 0 0 0
420	4	1 1 1 1 1 1 1 0 0 0 0 0 0 1 1 0 0 0 0 0
420	8	1 1 1 1 1 0 0 0 1 1 0 0 0 0 1 0 0 0 0 0
420	2	1 1 1 1 1 0 1 0 1 0 1 1 0 0 1 0 0 0 0 1
420	2	0 1 1 1 1 1 1 0 0 0 0 0 1 0 1 0 0 0 0 0
420	3	1 1 1 1 1 0 0 1 0 0 0 1 1 0 1 0 0 0 0 0
420	1	1 1 1 1 1 0 1 1 1 1 1 0 0 0 1 0 0 0 0 0
420	4	1 1 1 1 0 1 1 0 0 1 0 0 1 0 1 0 0 0 0 0
420	7	1 1 1 1 1 1 1 0 0 0 0 0 0 0 0 0 0 0 0 0
420	2	1 1 1 1 1 1 1 0 0 1 0 0 0 0 1 0 0 0 0 0
420	7	1 1 1 1 1 0 1 0 1 1 0 0 0 0 1 0 0 0 1 0
420	10	1 1 1 1 1 0 0 0 1 1 0 0 0 0 1 1 0 0 0 0
420	3	1 1 1 0 0 1 1 0 1 0 0 0 0 0 1 0 0 0 0 0
420	6	1 1 1 1 0 0 0 0 1 0 0 1 0 1 1 0 0 0 0 0
420	4	1 1 1 0 0 0 1 0 1 0 0 1 0 1 1 0 0 0 0 0
420	1	1 1 0 1 1 1 1 0 1 0 0 0 0 0 1 0 0 0 0 0
420	7	1 1 1 1 1 0 0 0 0 0 0 0 0 0 1 0 0 0 0 0
420	1	1 1 1 1 1 0 1 0 1 1 0 1 0 0 1 0 0 0 0 0
420	1	1 1 1 1 0 1 1 0 1 0 0 0 0 1 1 0 0 0 0 0
420	1	1 1 1 1 0 0 0 0 0 0 0 0 0 0 1 0 0 0 0 0
420	1	1 1 1 1 1 0 1 0 1 0 1 1 0 0 1 0 0 0 1 0
420	2	1 1 1 1 0 0 0 0 1 0 1 0 0 0 0 0 0 0 0 0
420	2	1 1 1 1 1 0 1 0 1 1 1 1 0 0 1 0 0 0 0 0
420	5	1 1 1 1 1 0 1 0 1 0 1 1 0 0 1 0 0 0 0 0
420	1	1 1 1 1 1 0 0 1 0 0 0 1 1 1 1 0 0 0 0 0
420	1	1 1 1 1 1 1 1 0 0 0 0 0 0 1 1 0 0 1 0 0
420	3	1 1 1 1 0 1 1 0 0 0 0 0 0 0 0 0 0 0 0 0
420	4	1 1 1 0 0 1 1 0 0 0 0 0 0 0 1 0 0 0 0 0
420	2	1 1 1 1 1 0 0 1 1 1 0 0 0 0 1 0 0 0 0 0
420	3	1 1 1 1 1 0 1 0 0 0 0 0 0 0 1 0 0 0 0 1
420	6	1 1 1 1 1 0 1 0 1 0 0 0 0 0 1 1 0 0 1 0
420	1	1 1 1 1 1 0 1 0 1 0 1 0 1 0 1 0 0 0 0 0
420	3	1 1 1 1 1 0 0 1 1 0 1 0 0 0 1 0 0 0 0 0
420	4	1 1 1 1 1 1 0 0 0 0 0 0 0 0 0 0 0 0 0 0
420	1	1 1 1 1 0 0 1 1 0 0 1 0 1 0 1 0 0 0 0 0
420	1	1 1 1 0 0 1 1 0 1 0 0 0 0 1 1 0 0 0 0 0
420	1	1 1 1 1 1 0 1 0 1 0 0 0 0 0 0 0 0 0 0 0
420	1	1 1 1 1 0 1 1 0 0 0 0 0 1 0 0 0 0 0 0 0
420	2	1 1 1 1 1 0 0 0 1 1 0 0 0 0 1 0 0 0 1 0
420	3	1 1 1 1 0 0 0 0 0 0 0 0 0 0 1 1 0 0 0 0
420	1	1 1 1 1 0 0 1 0 1 0 1 0 1 0 1 0 0 0 0 0
420	2	1 1 1 1 1 0 1 0 1 0 0 0 1 0 1 0 0 0 0 0
420	1	1 1 1 1 1 1 1 0 0 0 0 1 0 0 1 0 0 0 0 0
420	1	1 1 1 1 1 1 1 0 0 0 0 0 0 0 1 0 0 0 1 0
420	1	1 1 0 1 1 0 1 0 1 1 1 1 0 0 1 0 0 0 0 0
420	1	1 1 1 1 1 0 0 0 0 0 0 0 0 1 1 0 0 0 0 0
420	1	1 1 1 0 0 1 1 0 1 0 0 0 0 0 1 1 0 0 1 0
420	1	0 1 1 1 1 1 1 0 0 0 0 0 1 0 1 0 0 1 0 0
420	1	1 1 1 1 1 1 1 1 0 0 0 0 0 0 0 0 0 0 0 0
420	1	1 1 1 1 1 0 0 0 0 0 0 0 0 0 1 0 0 0 0 1
420	1	1 1 1 1 0 1 1 0 1 0 0 1 0 0 1 0 0 1 0 0
420	1	1 1 1 1 1 1 0 0 0 0 0 1 1 0 1 0 0 0 0 0
420	2	1 1 1 1 1 0 1 0 1 0 1 1 1 0 1 0 0 0 0 1
420	1	1 1 1 1 1 0 0 1 1 0 1 0 0 0 1 0 0 0 0 1
420	1	1 1 1 1 0 0 0 0 1 0 0 0 0 0 1 0 0 0 1 0
420	1	1 1 1 1 1 1 1 0 1 0 0 0 1 0 1 0 0 0 0 0
420	1	1 1 1 0 1 0 1 1 1 1 1 0 0 0 1 0 0 0 0 0
420	2	1 1 1 0 1 1 1 0 0 0 0 0 0 0 0 0 0 0 0 0
420	1	1 0 1 1 1 0 1 0 1 1 0 0 0 0 1 0 0 0 1 0
420	1	1 0 1 1 1 0 0 1 1 1 0 0 0 0 1 0 0 0 0 0
440	8	1 1 1 1 1 0 1 0 1 0 0 0 0 0 1 0 0 0 0 0
440	18	1 1 1 1 1 1 1 0 0 0 0 0 0 0 1 0 0 0 0 0
440	4	1 1 1 1 1 1 1 0 1 0 0 0 0 0 1 0 0 0 0 0
440	2	1 1 1 1 1 0 0 0 1 0 1 0 0 0 1 0 0 0 0 0
440	8	1 1 1 1 1 1 1 0 0 0 0 0 0 1 1 0 0 0 0 0
440	5	1 1 1 1 1 0 0 0 1 1 0 0 0 0 1 0 0 0 0 0
440	8	1 1 1 1 1 0 0 1 0 0 0 1 1 0 1 0 0 0 0 0
440	14	1 1 1 1 1 1 1 0 0 0 0 0 0 0 0 0 0 0 0 0
440	4	1 1 1 1 1 1 1 0 0 1 0 0 0 0 1 0 0 0 0 0
440	5	1 1 1 1 1 0 0 0 1 1 0 0 0 0 1 1 0 0 0 0
440	16	1 1 1 1 0 0 0 0 1 0 0 1 0 1 1 0 0 0 0 0
440	13	1 1 1 1 1 0 0 0 0 0 0 0 0 0 1 0 0 0 0 0
440	1	0 1 1 1 1 0 1 1 0 0 1 0 1 0 1 0 0 0 0 0
440	5	1 1 1 1 0 0 0 0 1 0 1 0 0 0 0 0 0 0 0 0
440	9	1 1 1 1 0 1 1 0 0 0 0 0 0 0 0 0 0 0 0 0
440	6	1 1 1 1 1 0 0 1 1 1 0 0 0 0 1 0 0 0 0 0
440	1	1 1 1 1 1 0 1 0 0 0 0 0 0 0 1 0 0 0 0 1
440	3	1 1 1 1 1 0 1 0 1 0 0 0 0 0 1 1 0 0 1 0
440	2	1 1 1 1 1 1 0 0 0 0 0 0 0 0 0 0 0 0 0 0
440	2	1 1 1 1 1 0 1 0 1 0 0 0 0 0 0 0 0 0 0 0
440	3	1 1 1 1 1 1 1 0 0 0 0 1 0 0 1 0 0 0 0 0
440	1	1 1 1 1 0 1 1 0 1 0 0 1 0 0 1 0 0 1 0 0
440	3	1 1 1 1 1 0 1 1 0 0 1 0 0 1 1 0 0 0 0 0
440	3	1 1 1 1 1 1 0 0 1 1 0 0 0 0 1 1 0 0 0 0
440	1	1 1 1 1 1 1 0 0 0 0 0 0 0 0 1 0 0 0 0 0
440	1	1 1 1 1 0 0 0 0 1 0 0 1 0 1 1 1 0 0 0 0
440	7	1 1 0 1 1 0 0 0 0 0 0 0 0 0 1 0 0 0 0 0
440	1	1 1 1 1 1 1 0 0 1 0 0 0 0 0 0 0 0 0 0 0
440	3	1 1 1 0 0 1 1 0 1 0 0 0 1 0 1 1 0 0 1 0
440	2	1 1 1 1 1 1 1 0 0 1 0 0 0 0 1 0 0 0 1 0
440	1	1 1 1 1 1 0 0 0 1 0 0 0 0 0 1 1 0 0 0 0
440	6	1 1 1 1 0 0 0 0 0 1 0 0 1 0 1 0 0 0 0 0
440	2	1 1 1 1 1 0 1 0 0 0 0 0 0 0 1 1 0 0 0 0
440	3	1 1 0 1 1 0 0 1 1 0 0 1 1 0 1 1 0 0 1 0
440	2	1 1 1 1 1 1 0 0 0 0 0 0 0 1 0 0 0 0 0 0
440	2	1 1 1 1 0 0 0 0 1 1 0 0 0 0 1 1 0 0 0 0
440	1	1 1 1 1 1 0 1 0 0 0 0 0 0 0 0 0 0 0 0 0
440	1	1 1 1 1 1 0 1 0 1 0 0 0 0 0 1 1 0 0 0 0
440	3	1 1 1 1 1 0 0 0 0 0 0 0 0 0 1 0 0 0 1 0
440	1	1 1 1 0 1 1 0 0 1 0 0 0 0 0 0 0 0 0 0 0
440	1	1 1 1 1 1 1 1 0 0 0 0 0 0 0 0 1 0 0 0 0
440	1	1 1 1 1 1 0 0 0 0 1 0 0 0 0 1 0 0 1 0 1
440	1	1 1 1 1 1 0 1 1 1 0 1 0 0 0 1 0 0 0 0 0
440	1	1 1 1 1 1 0 0 1 0 0 0 1 1 0 1 0 0 0 1 0
440	2	1 1 1 1 0 0 0 0 1 0 0 1 0 0 1 0 0 0 0 0
440	3	1 1 1 1 1 1 1 0 0 0 1 0 0 1 1 0 0 0 0 0
440	2	1 1 1 1 1 1 1 0 0 0 0 0 0 0 1 0 0 1 0 0
440	1	1 1 1 1 0 0 0 0 0 0 0 0 0 0 1 0 0 0 0 0
440	1	1 1 1 1 1 0 1 1 0 0 1 0 0 1 1 0 0 1 0 0
440	1	1 1 1 1 1 0 1 1 1 1 0 0 1 0 1 0 0 0 0 0
440	1	1 1 1 0 1 0 1 0 1 0 0 0 0 0 1 1 0 0 1 0
440	2	0 1 1 1 1 0 0 1 0 0 1 1 1 0 1 1 0 0 0 0
440	1	1 1 1 1 1 0 1 0 1 0 1 0 0 1 1 0 0 1 0 0
440	1	1 1 1 1 1 0 0 0 0 0 0 0 0 0 1 0 1 0 0 0
460	2	1 1 1 1 1 0 1 0 1 0 0 0 0 0 1 0 0 0 0 0
460	6	1 1 1 1 1 1 1 0 0 0 0 0 0 0 1 0 0 0 0 0
460	1	1 1 1 1 1 1 1 0 1 0 0 0 0 0 1 0 0 0 0 0
460	1	1 1 1 1 1 1 1 0 0 0 0 0 0 1 1 0 0 0 0 0
460	8	1 1 1 1 1 0 0 1 0 0 0 1 1 0 1 0 0 0 0 0
460	8	1 1 1 1 1 1 1 0 0 0 0 0 0 0 0 0 0 0 0 0
460	4	1 1 1 1 1 1 1 0 0 1 0 0 0 0 1 0 0 0 0 0
460	7	1 1 1 1 1 0 0 0 1 1 0 0 0 0 1 1 0 0 0 0
460	15	1 1 1 1 0 0 0 0 1 0 0 1 0 1 1 0 0 0 0 0
460	9	1 1 1 1 1 0 0 0 0 0 0 0 0 0 1 0 0 0 0 0
460	1	1 1 1 1 1 0 0 1 1 1 0 0 0 0 1 0 0 0 0 0
460	1	1 1 1 1 1 1 0 0 0 0 0 0 0 0 0 0 0 0 0 0
460	1	1 1 1 1 1 1 1 0 0 0 0 1 0 0 1 0 0 0 0 0
460	4	1 1 1 1 0 1 1 0 1 0 0 1 0 0 1 0 0 0 0 0
460	3	1 1 1 1 1 0 0 0 1 0 1 0 0 0 1 0 0 0 0 1
460	2	1 1 1 1 0 0 0 0 1 0 0 1 0 1 1 1 0 0 0 0
460	3	1 1 0 1 1 0 0 0 0 0 0 0 0 0 1 0 0 0 0 0
460	3	1 1 1 1 1 0 0 0 1 0 0 0 0 0 1 1 0 0 0 0
460	2	1 1 1 1 1 0 1 0 0 0 0 0 0 0 1 1 0 0 0 0
460	7	1 1 0 1 1 0 0 1 1 0 0 1 1 0 1 1 0 0 1 0
460	4	1 1 1 1 1 1 0 0 0 0 0 0 0 1 0 0 0 0 0 0
460	2	1 1 1 1 1 0 0 0 0 0 0 0 0 0 1 0 0 0 1 0
460	4	1 1 1 1 1 0 0 0 1 1 0 0 0 0 0 0 0 0 0 0
460	4	1 1 1 1 0 0 0 0 1 0 0 0 0 0 1 0 0 0 0 0
460	6	1 1 1 1 0 0 0 0 1 0 0 1 0 0 1 0 0 0 0 0
460	5	1 1 1 1 1 1 1 0 0 0 0 0 0 0 1 0 0 1 0 0
460	3	1 1 1 0 1 1 1 0 0 0 0 0 0 0 1 0 0 0 0 0
460	1	1 1 1 1 0 0 0 0 1 1 0 1 0 0 1 0 0 0 0 0
460	1	1 1 1 1 1 1 1 0 0 0 0 0 0 1 1 0 0 0 1 0
460	3	1 1 1 1 1 0 1 0 0 0 0 0 0 0 1 1 0 1 0 0
460	8	1 1 1 1 1 0 0 1 0 0 0 1 1 0 1 1 0 0 0 0
460	1	1 1 1 1 1 1 1 0 0 1 1 0 0 0 1 0 0 0 0 0
460	2	1 1 1 1 0 0 1 0 0 0 0 0 0 0 1 0 0 0 0 0
460	3	1 1 1 1 0 1 1 0 1 0 0 1 0 0 1 0 1 0 0 0
460	4	1 1 1 1 1 1 1 1 0 0 1 0 0 1 1 0 0 0 0 1
460	3	1 1 0 1 1 0 0 0 1 1 0 0 0 0 1 1 0 0 0 0
460	1	1 1 1 1 0 0 0 0 1 0 1 0 0 1 1 0 0 0 0 0
460	1	1 1 1 1 1 1 1 0 0 0 1 0 0 0 1 0 0 0 0 0
460	1	1 1 1 1 0 0 0 0 0 0 0 1 0 1 1 0 0 0 0 0
460	1	1 1 1 1 1 0 1 0 1 0 0 1 0 0 1 0 0 0 0 0
460	1	1 1 1 1 1 1 1 0 0 0 0 0 0 0 0 0 0 1 0 0
460	2	1 1 1 1 0 1 1 0 1 0 1 1 0 0 1 0 0 0 0 0
460	3	1 1 1 1 1 0 0 1 0 0 0 0 0 0 1 0 0 0 0 0
460	3	0 1 1 1 1 1 0 0 1 0 0 0 0 0 1 1 0 0 1 0
460	1	1 1 1 1 1 0 1 0 1 0 0 0 0 0 1 0 0 0 0 1
460	1	1 1 1 1 0 0 1 0 1 0 0 1 0 0 1 0 0 0 0 0
460	1	1 1 1 1 0 0 0 0 1 0 0 1 1 0 1 1 0 0 1 0
460	3	1 1 1 1 1 1 1 0 1 0 0 0 0 0 0 0 0 0 0 0
460	2	1 1 1 1 1 1 1 1 0 0 1 0 0 1 1 0 1 0 0 1
460	2	1 1 1 1 1 1 0 0 1 0 0 1 0 1 1 0 0 0 0 0
460	3	1 1 1 1 1 0 0 1 0 0 0 1 0 0 1 1 0 0 0 0
460	3	1 1 0 1 1 0 0 1 1 0 0 1 1 0 1 1 0 0 1 1
460	1	1 1 1 1 1 0 0 0 1 1 0 0 0 0 1 1 0 1 0 1
460	2	1 1 1 1 1 0 0 0 0 0 0 0 0 1 1 0 0 0 0 0
460	1	1 1 1 1 0 0 0 0 1 1 0 1 0 1 1 0 0 0 0 0
460	1	1 1 1 1 0 0 1 0 1 0 0 1 0 0 1 0 0 0 0 1
460	1	1 1 1 1 1 1 1 0 0 0 0 1 0 1 1 0 0 0 0 0
460	1	1 1 1 1 1 0 1 0 1 0 1 0 0 0 1 0 0 0 0 0
460	1	1 1 1 1 0 0 0 1 1 0 0 1 0 1 1 0 0 0 0 0
460	1	1 1 0 1 1 0 0 0 0 0 0 0 0 1 1 0 0 0 0 0
460	1	1 1 1 1 0 0 0 1 0 0 0 0 0 0 1 0 0 0 0 0
460	1	1 1 1 1 1 1 1 0 0 0 0 0 0 0 0 0 0 0 1 0
460	1	1 1 1 1 0 0 0 0 1 0 0 1 0 1 0 0 0 0 0 0
460	1	1 1 1 1 1 1 0 0 0 0 1 0 0 0 1 0 0 0 0 0
460	1	1 1 1 1 1 1 1 0 0 1 1 0 1 0 1 0 0 0 0 0
460	1	1 1 1 1 1 1 0 0 1 0 0 0 0 0 0 0 0 0 0 0
460	1	1 1 1 1 1 0 0 1 1 0 1 1 1 0 1 1 0 0 1 0
460	1	1 1 1 1 0 0 0 0 1 0 0 0 0 0 1 1 0 0 0 0
460	1	1 1 1 1 1 0 0 1 0 0 0 1 0 0 1 0 1 0 0 0
460	1	1 1 1 1 0 1 1 1 0 0 0 1 0 0 1 0 0 0 0 0
460	2	1 1 1 1 1 0 1 0 0 0 0 0 0 0 1 0 0 0 0 1
460	1	1 0 0 1 1 0 0 0 1 1 0 0 0 0 1 1 0 0 0 0
460	1	1 1 1 1 0 1 1 0 0 0 0 0 0 0 0 0 0 1 0 0
460	1	1 1 1 1 1 1 1 0 0 1 0 0 0 0 1 1 0 0 0 0
460	2	1 1 1 1 1 0 0 0 1 0 0 1 1 0 1 0 0 0 0 0
460	1	1 1 1 1 1 0 0 0 1 0 0 0 0 0 1 0 0 0 0 0
460	1	1 1 1 1 1 0 0 1 0 0 0 1 1 1 1 1 0 0 0 0
460	1	1 1 1 1 1 1 1 1 1 0 1 0 0 1 1 0 1 0 0 1
480	3	1 1 1 1 1 0 1 0 1 0 0 0 0 0 1 0 0 0 0 0
480	1	1 1 1 1 1 1 1 0 0 0 0 0 0 1 1 0 0 0 0 0
480	15	1 1 1 1 1 0 0 1 0 0 0 1 1 0 1 0 0 0 0 0
480	2	1 1 1 1 1 1 1 0 0 0 0 0 0 0 0 0 0 0 0 0
480	2	1 1 1 1 1 1 1 0 0 1 0 0 0 0 1 0 0 0 0 0
480	10	1 1 1 1 1 0 0 0 1 1 0 0 0 0 1 1 0 0 0 0
480	7	1 1 1 1 0 0 0 0 1 0 0 1 0 1 1 0 0 0 0 0
480	8	1 1 1 1 1 0 0 0 0 0 0 0 0 0 1 0 0 0 0 0
480	8	1 1 1 1 0 0 0 0 1 0 0 1 0 1 1 1 0 0 0 0
480	6	1 1 0 1 1 0 0 0 0 0 0 0 0 0 1 0 0 0 0 0
480	19	1 1 1 1 1 0 0 0 1 0 0 0 0 0 1 1 0 0 0 0
480	2	1 1 1 1 1 0 1 0 0 0 0 0 0 0 1 1 0 0 0 0
480	3	1 1 1 1 1 0 0 1 0 0 0 1 1 0 1 0 0 0 1 0
480	2	1 1 1 1 0 0 0 0 1 0 0 0 0 0 1 0 0 0 0 0
480	1	1 1 1 1 0 0 0 0 1 0 0 1 0 0 1 0 0 0 0 0
480	2	1 1 1 1 1 0 1 0 0 0 0 0 0 0 1 1 0 1 0 0
480	5	1 1 1 1 1 0 0 1 0 0 0 1 1 0 1 1 0 0 0 0
480	3	1 1 1 1 0 0 0 0 0 0 0 1 0 1 1 0 0 0 0 0
480	4	1 1 1 1 1 0 1 0 1 0 0 1 0 0 1 0 0 0 0 0
480	5	1 1 1 1 0 1 1 0 1 0 1 1 0 0 1 0 0 0 0 0
480	1	1 1 1 1 0 0 1 0 1 0 0 1 0 0 1 0 0 0 0 0
480	1	1 1 1 1 1 1 1 0 1 0 0 0 0 0 0 0 0 0 0 0
480	1	1 1 1 1 1 0 0 1 0 0 0 1 0 0 1 1 0 0 0 0
480	2	1 1 1 1 1 1 1 0 0 0 0 0 0 1 1 1 0 0 0 0
480	1	1 1 1 1 0 0 0 0 1 1 0 1 0 1 1 0 0 0 0 0
480	2	1 1 1 1 0 0 1 0 1 0 0 1 0 0 1 0 0 0 0 1
480	1	1 1 1 0 0 0 0 0 1 0 0 1 0 1 1 0 0 0 0 0
480	2	1 1 1 1 0 1 1 1 0 0 0 1 0 0 1 0 0 0 0 0
480	1	1 1 1 1 0 0 1 0 1 0 0 0 0 0 1 0 0 0 0 0
480	4	1 1 1 1 1 0 1 0 0 0 0 0 0 0 0 0 0 0 0 0
480	5	1 1 1 1 1 1 1 0 0 0 0 0 0 0 1 1 0 0 0 0
480	11	1 1 1 1 0 0 0 0 1 0 0 0 0 0 1 0 0 0 1 0
480	1	1 1 0 1 1 0 0 1 1 0 0 1 1 0 1 0 0 0 1 0
480	2	1 1 1 1 1 0 1 1 0 0 0 1 1 0 1 0 0 0 1 0
480	2	1 1 1 1 0 0 1 0 1 0 0 1 0 1 1 0 0 0 0 0
480	1	1 1 1 1 0 0 0 0 1 1 0 1 0 0 0 0 0 0 0 0
480	3	1 1 1 1 1 1 0 0 0 0 0 1 0 0 1 0 0 0 0 0
480	1	1 1 1 1 1 0 0 1 1 0 0 0 0 0 1 1 0 0 0 0
480	1	1 0 1 1 1 0 0 0 1 0 0 0 0 0 1 1 0 0 0 0
480	1	1 1 1 1 1 0 0 1 0 0 0 0 0 0 1 1 0 0 1 0
480	4	1 1 1 1 1 0 0 1 0 0 0 0 0 0 0 0 0 0 0 0
480	3	1 1 1 1 1 0 0 1 1 1 0 0 0 0 1 0 1 0 0 0
480	2	1 0 1 1 0 0 1 0 0 0 0 0 0 0 1 0 0 0 0 0
480	1	1 0 1 1 0 0 0 0 1 0 0 1 0 1 1 1 0 0 0 0
480	1	1 1 1 1 0 0 0 0 1 0 1 1 0 1 1 0 0 0 0 0
480	3	1 1 1 1 1 1 1 1 1 0 0 0 0 0 1 0 0 0 0 0
480	2	1 1 1 1 1 0 0 1 1 1 0 0 0 0 1 1 0 0 0 0
480	1	0 1 1 1 0 0 0 1 1 0 0 1 0 1 1 0 0 0 0 0
480	7	1 1 1 1 1 0 0 0 0 1 0 0 0 0 1 0 0 0 0 0
480	1	1 1 1 1 1 0 0 1 0 0 0 1 1 1 1 0 0 0 1 0
480	1	1 1 1 0 1 0 0 1 1 1 0 0 0 0 1 0 0 0 0 0
480	1	1 1 1 1 1 0 1 0 0 0 0 1 1 0 1 0 0 0 1 0
480	1	1 1 1 1 1 0 0 0 1 1 0 0 0 1 1 1 0 0 0 0
480	2	1 1 1 1 1 0 0 0 0 0 1 0 0 0 1 0 0 0 0 0
480	1	1 1 1 0 0 0 0 1 1 1 0 0 0 0 1 0 0 0 0 0
480	1	1 1 1 1 1 0 0 0 1 0 0 1 0 1 1 1 0 0 0 0
480	1	1 1 1 1 1 0 0 0 0 0 0 0 0 0 0 0 0 0 0 0
480	1	1 1 1 1 0 1 0 0 1 0 0 1 0 1 1 1 0 0 0 0
480	1	1 1 1 1 0 0 1 0 1 0 0 0 0 0 1 0 1 0 0 0
480	1	1 1 1 1 1 1 1 0 1 0 0 1 0 0 0 0 0 0 1 0
480	1	1 1 1 1 0 0 0 0 1 0 0 1 0 1 0 0 0 0 0 0
480	1	1 1 0 1 1 0 0 1 1 0 0 1 1 0 1 0 0 0 0 0
480	1	0 1 1 1 1 1 1 0 0 0 0 0 0 0 0 0 0 0 0 0
480	1	1 1 0 1 1 1 0 0 0 0 0 0 0 1 0 0 0 0 0 0
480	1	1 1 1 0 1 1 1 0 0 0 1 0 0 0 1 0 0 0 0 0
480	2	1 1 1 1 1 0 0 1 0 0 0 1 0 0 1 0 1 1 0 0
480	1	1 0 1 1 0 1 1 1 0 0 0 1 0 0 1 0 0 0 0 0
480	2	1 1 0 1 1 0 0 1 1 0 0 1 0 0 1 0 0 0 1 0
480	1	0 1 1 1 0 0 0 0 1 0 0 1 0 1 1 0 0 1 0 0
480	1	1 1 1 1 0 1 1 1 0 1 0 0 0 0 1 0 0 0 0 0
500	1	1 1 1 1 1 0 1 0 1 0 0 0 0 0 1 0 0 0 0 0
500	10	1 1 1 1 1 0 0 1 0 0 0 1 1 0 1 0 0 0 0 0
500	3	1 1 1 1 1 0 0 0 1 1 0 0 0 0 1 1 0 0 0 0
500	14	1 1 1 1 0 0 0 0 1 0 0 1 0 1 1 0 0 0 0 0
500	8	1 1 1 1 0 0 0 0 1 0 0 1 0 1 1 1 0 0 0 0
500	19	1 1 0 1 1 0 0 0 0 0 0 0 0 0 1 0 0 0 0 0
500	17	1 1 1 1 1 0 0 0 1 0 0 0 0 0 1 1 0 0 0 0
500	1	1 1 1 0 1 1 1 0 0 0 0 0 0 0 1 0 0 0 0 0
500	6	1 1 1 1 1 0 1 0 1 0 0 1 0 0 1 0 0 0 0 0
500	1	1 1 1 1 0 1 1 0 1 0 1 1 0 0 1 0 0 0 0 0
500	3	1 1 1 1 1 1 1 0 1 0 0 0 0 0 0 0 0 0 0 0
500	3	1 1 1 1 0 0 0 0 1 1 0 1 0 1 1 0 0 0 0 0
500	1	1 1 1 1 1 0 1 0 0 0 0 0 0 0 0 0 0 0 0 0
500	6	1 1 1 1 0 0 0 0 1 0 0 0 0 0 1 0 0 0 1 0
500	1	1 1 1 1 0 0 0 0 1 0 1 1 0 1 1 0 0 0 0 0
500	1	1 1 1 1 1 1 1 1 1 0 0 0 0 0 1 0 0 0 0 0
500	2	1 1 1 1 1 0 0 0 1 0 0 1 1 0 0 0 0 0 0 0
500	7	1 1 0 1 1 0 0 0 0 0 0 0 0 1 1 0 0 0 0 0
500	10	1 1 1 1 1 0 0 0 0 1 0 0 0 0 1 0 0 0 0 0
500	3	1 1 1 1 0 1 0 0 1 0 0 0 0 0 0 0 0 0 0 0
500	3	1 1 0 1 0 1 1 1 0 0 0 1 0 0 1 0 0 0 0 0
500	2	1 1 1 1 0 1 0 0 0 0 0 0 0 0 1 0 0 0 0 0
500	4	1 1 1 1 1 0 1 0 0 0 0 0 0 0 1 0 0 0 0 0
500	1	1 1 1 0 0 0 0 1 1 1 0 0 0 0 1 0 0 0 0 0
500	1	1 1 1 1 1 0 0 0 1 0 0 1 0 1 1 1 0 0 0 0
500	4	1 1 1 1 1 0 0 0 0 0 0 0 0 0 0 0 0 0 0 0
500	7	1 1 0 1 1 0 0 1 1 0 0 1 1 0 1 0 0 0 0 0
500	4	1 1 1 1 0 0 0 0 1 0 0 1 0 0 1 0 0 0 1 0
500	1	1 1 0 1 1 0 0 0 0 0 1 0 0 0 1 0 0 0 0 0
500	1	1 1 1 1 1 0 0 0 1 0 0 1 0 0 1 1 0 0 0 0
500	1	1 1 1 1 1 1 0 0 0 1 0 1 0 0 1 0 0 0 0 0
500	1	1 1 1 1 1 1 0 0 0 0 0 0 0 0 1 0 0 0 0 0
500	2	1 1 1 1 1 1 0 0 0 0 0 1 0 0 0 0 0 0 0 0
500	1	1 1 1 1 0 1 1 1 0 0 0 1 0 0 1 0 0 0 0 0
500	4	1 1 1 1 1 0 0 0 0 0 0 0 0 1 1 0 0 0 0 0
500	2	1 1 1 1 0 0 0 0 1 1 0 1 0 0 1 0 0 0 1 0
500	1	1 1 0 1 1 0 0 0 0 1 0 0 0 0 1 0 0 0 0 0
500	1	1 1 1 1 1 0 1 0 1 0 0 1 0 0 1 0 0 0 0 1
500	1	1 1 1 1 1 0 0 0 1 0 0 1 0 0 0 0 0 0 0 0
500	5	1 1 1 1 1 0 0 0 1 0 0 1 1 0 1 0 0 0 0 0
500	1	1 1 1 1 1 1 0 0 1 0 0 0 0 1 1 0 0 0 0 0
500	1	1 1 1 1 1 0 0 0 1 0 0 0 0 0 1 0 0 0 0 0
500	2	1 1 1 1 0 0 0 0 1 0 0 1 0 0 1 0 0 1 0 0
500	3	0 1 1 1 1 1 1 0 0 0 0 0 0 0 1 1 1 0 0 0
500	2	1 1 0 1 0 0 0 0 1 0 0 0 0 0 1 0 0 0 1 0
500	2	1 0 1 1 0 0 0 0 1 0 0 1 1 0 1 1 0 0 0 0
500	1	1 1 1 0 1 0 0 0 1 0 0 1 0 0 1 0 0 0 1 0
500	2	1 1 1 1 1 0 0 0 0 0 0 1 0 1 1 1 0 0 0 0
500	2	1 1 0 1 0 1 0 0 0 0 0 0 0 0 0 0 0 0 0 0
500	2	1 1 1 1 1 1 1 1 1 0 0 0 1 0 1 0 0 0 1 0
500	1	1 1 1 1 1 0 0 0 1 1 0 1 0 0 1 1 0 0 0 0
500	1	1 1 1 1 1 0 0 0 1 0 0 1 0 0 1 0 0 0 0 0
500	1	1 1 0 1 0 1 1 0 0 0 0 0 0 0 1 1 0 0 0 0
500	2	1 1 1 1 1 0 1 0 1 0 0 1 1 0 1 0 0 0 1 0
500	1	1 1 1 1 1 0 0 0 1 0 0 0 0 0 1 0 0 0 1 0
500	1	1 1 1 1 1 0 0 0 0 1 0 0 0 0 1 1 0 0 0 0
500	2	1 1 1 1 1 0 0 0 0 1 0 1 0 0 0 0 0 0 0 0
500	1	1 1 0 1 1 0 0 1 0 0 0 1 1 0 1 0 0 0 0 0
500	1	1 1 1 1 0 0 0 0 1 1 0 1 0 0 1 0 0 0 1 1
500	2	1 1 1 1 1 0 0 0 0 0 0 1 0 0 0 0 0 0 0 0
500	1	1 1 1 1 1 0 0 0 0 0 0 0 0 0 0 1 0 0 0 0
500	2	1 1 1 1 1 0 1 0 1 1 0 0 0 0 1 1 0 0 0 0
500	1	1 1 0 1 1 0 0 1 1 0 0 1 1 0 1 1 0 0 0 0
500	1	1 1 1 1 1 1 0 0 0 0 1 1 0 0 0 0 0 0 0 0
