0	11	0 0 0 0 0 0 1 0 0 1 0 0 0 0 0 0 1 1 0 0
0	13	0 0 0 0 0 1 1 1 0 0 0 0 0 1 0 1 0 0 0 0
0	13	0 0 1 0 0 0 0 1 0 0 1 0 0 1 0 0 0 0 0 0
0	13	0 0 0 1 0 0 0 0 0 1 0 0 0 0 0 0 1 0 0 1
10	7	0 0 0 0 0 0 1 0 0 1 0 0 0 0 0 0 1 1 0 0
10	4	0 0 0 0 0 1 1 1 0 0 0 0 0 1 0 1 0 0 0 0
10	7	0 0 1 0 0 0 0 1 0 0 1 0 0 1 0 0 0 0 0 0
10	22	0 0 0 1 0 0 0 0 0 1 0 0 0 0 0 0 1 0 0 1
10	2	0 0 0 0 0 0 1 0 0 1 0 0 0 0 0 0 1 0 0 1
10	1	0 0 0 1 0 0 0 0 0 0 0 0 0 0 0 0 1 0 0 1
10	1	0 0 1 0 0 0 0 1 0 0 1 0 0 1 0 0 0 1 0 0
10	1	0 0 0 0 0 0 1 1 0 1 0 0 0 0 0 0 1 1 0 0
10	1	0 1 0 1 0 0 0 0 0 1 0 0 0 0 0 0 1 0 0 1
10	1	0 0 0 1 0 0 0 0 0 1 0 0 1 0 0 0 1 0 0 1
10	1	0 0 0 0 0 1 1 1 0 0 0 0 0 1 0 1 0 1 1 0
10	1	0 0 0 0 0 0 1 0 0 1 0 0 0 0 0 0 1 0 0 0
10	1	0 0 0 0 0 0 1 0 0 1 0 0 0 1 0 0 1 1 0 0
20	7	0 0 0 0 0 0 1 0 0 1 0 0 0 0 0 0 1 1 0 0
20	1	0 0 1 0 0 0 0 1 0 0 1 0 0 1 0 0 0 0 0 0
20	21	0 0 0 1 0 0 0 0 0 1 0 0 0 0 0 0 1 0 0 1
20	4	0 0 0 0 0 0 1 0 0 1 0 0 0 0 0 0 1 0 0 1
20	1	0 0 0 1 0 0 0 0 0 0 0 0 0 0 0 0 1 0 0 1
20	1	0 0 0 0 0 0 1 0 0 1 0 1 0 0 0 0 1 1 0 0
20	1	0 0 0 0 0 0 1 0 0 1 0 0 0 0 0 0 1 1 1 0
20	1	0 0 0 1 0 0 0 0 1 1 0 0 0 0 0 0 1 0 0 1
20	1	0 0 0 0 0 0 1 0 0 1 0 0 0 0 0 0 1 1 0 1
20	1	0 0 0 0 0 0 1 0 0 1 0 0 0 0 1 0 1 1 0 0
20	1	0 0 0 0 0 0 1 0 0 1 0 0 1 0 0 0 1 1 0 0
20	1	0 0 0 1 0 0 0 0 0 1 0 0 1 0 0 0 1 0 0 1
20	1	1 1 0 1 0 0 0 0 0 1 0 0 0 0 0 0 1 0 0 1
20	1	1 0 0 1 0 0 0 0 0 1 0 0 0 0 0 0 1 0 0 1
20	1	0 1 0 1 0 0 0 0 0 0 0 0 0 0 0 0 1 0 0 1
20	1	0 0 0 1 0 0 0 1 0 0 1 0 0 1 0 1 1 0 0 1
20	2	0 0 0 1 0 0 1 0 0 1 0 0 0 0 0 0 1 0 0 1
20	1	0 0 1 0 1 0 0 1 0 0 0 0 0 1 0 0 0 0 0 0
20	1	0 0 0 0 0 0 1 0 0 1 0 1 0 0 1 0 1 1 0 0
20	1	0 0 0 0 0 0 1 1 0 1 0 0 0 0 0 0 1 0 0 1
30	3	0 0 0 0 0 0 1 0 0 1 0 0 0 0 0 0 1 1 0 0
30	1	0 0 1 0 0 0 0 1 0 0 1 0 0 1 0 0 0 0 0 0
30	17	0 0 0 1 0 0 0 0 0 1 0 0 0 0 0 0 1 0 0 1
30	4	0 0 0 0 0 0 1 0 0 1 0 0 0 0 0 0 1 0 0 1
30	3	0 0 0 1 0 0 0 0 0 0 0 0 0 0 0 0 1 0 0 1
30	1	0 0 0 1 0 0 1 0 0 1 0 0 0 0 0 0 1 1 0 0
30	2	0 0 0 0 0 0 1 0 0 1 0 0 0 0 0 0 1 1 0 1
30	5	0 0 1 0 0 0 0 1 0 0 1 0 0 0 0 0 1 0 0 1
30	1	0 0 0 0 0 0 0 0 0 1 0 0 0 0 0 0 1 0 0 1
30	4	0 0 1 0 0 0 0 0 0 1 0 0 0 0 0 0 1 0 0 1
30	1	0 0 0 0 0 0 1 0 0 1 0 0 1 0 0 0 1 1 0 0
30	1	1 1 0 1 0 0 0 0 0 1 0 0 0 0 0 0 1 0 0 1
30	2	1 0 0 1 0 0 0 0 0 1 0 0 0 0 0 0 1 0 0 1
30	1	0 1 0 1 0 0 0 0 0 0 0 0 0 0 0 0 1 0 0 1
30	1	0 1 0 1 0 0 0 0 0 1 0 0 0 0 0 1 1 0 0 1
30	1	0 0 0 1 0 0 1 1 0 0 0 0 0 1 0 1 0 0 0 1
30	1	0 0 1 1 0 0 0 0 0 1 0 0 0 0 0 0 1 0 0 1
30	1	0 0 0 1 0 0 0 0 0 1 0 1 0 0 1 0 1 1 0 1
40	15	0 0 0 1 0 0 0 0 0 1 0 0 0 0 0 0 1 0 0 1
40	2	0 0 0 0 0 0 1 0 0 1 0 0 0 0 0 0 1 0 0 1
40	3	0 0 0 0 0 0 1 0 0 1 0 0 0 0 0 0 1 1 0 1
40	1	0 1 0 1 0 0 0 0 0 1 0 0 0 0 0 0 1 0 0 1
40	1	0 0 1 0 0 0 0 1 0 0 1 0 0 0 0 0 1 0 0 1
40	2	0 0 0 0 0 0 0 0 0 1 0 0 0 0 0 0 1 0 0 1
40	6	0 0 1 0 0 0 0 0 0 1 0 0 0 0 0 0 1 0 0 1
40	1	0 0 0 1 0 0 0 0 0 1 0 0 1 0 0 0 1 0 0 1
40	3	1 1 0 1 0 0 0 0 0 1 0 0 0 0 0 0 1 0 0 1
40	1	0 0 0 1 0 0 1 1 0 0 0 0 0 1 0 1 0 0 0 1
40	1	0 0 0 0 0 0 1 0 0 1 0 0 0 0 1 0 1 1 0 1
40	1	0 0 1 1 0 0 0 0 0 1 0 0 0 0 0 0 1 0 0 1
40	1	0 0 0 1 0 0 0 1 0 0 1 0 0 1 0 1 1 0 0 1
40	1	0 0 0 1 0 0 1 0 0 1 0 0 0 0 0 0 1 0 0 1
40	1	1 0 1 1 0 0 0 1 0 1 0 0 0 0 0 0 1 0 0 1
40	1	0 0 0 1 0 0 0 0 0 1 0 0 0 0 0 0 1 1 0 0
40	2	0 0 0 1 1 0 0 0 0 1 0 0 0 0 0 0 1 0 0 1
40	1	0 0 0 1 0 0 0 0 0 1 1 0 0 0 0 0 1 0 0 1
40	1	0 0 0 0 0 0 1 0 0 1 0 0 1 0 0 0 1 0 0 1
40	2	1 1 0 1 0 0 0 1 0 1 0 0 0 0 0 0 1 0 0 1
40	1	0 0 1 0 0 0 0 0 0 1 0 0 1 0 0 0 1 0 0 1
40	1	1 1 0 1 0 0 0 0 0 1 0 1 0 0 0 0 1 0 0 1
40	1	0 0 0 1 0 0 0 0 0 0 0 0 0 0 0 0 0 0 0 1
50	9	0 0 0 1 0 0 0 0 0 1 0 0 0 0 0 0 1 0 0 1
50	1	0 0 0 0 0 0 1 0 0 1 0 0 0 0 0 0 1 0 0 1
50	3	0 0 0 0 0 0 1 0 0 1 0 0 0 0 0 0 1 1 0 1
50	1	0 1 0 1 0 0 0 0 0 1 0 0 0 0 0 0 1 0 0 1
50	3	0 0 1 0 0 0 0 1 0 0 1 0 0 0 0 0 1 0 0 1
50	1	0 0 0 0 0 0 0 0 0 1 0 0 0 0 0 0 1 0 0 1
50	6	0 0 1 0 0 0 0 0 0 1 0 0 0 0 0 0 1 0 0 1
50	1	1 1 0 1 0 0 0 0 0 1 0 0 0 0 0 0 1 0 0 1
50	1	0 0 1 1 0 0 0 0 0 1 0 0 0 0 0 0 1 0 0 1
50	1	0 0 0 1 0 0 0 0 0 1 0 0 0 0 0 0 1 1 0 0
50	1	0 0 0 1 0 0 0 0 0 1 0 0 1 0 0 0 1 1 0 1
50	3	0 0 0 1 0 0 0 0 0 1 1 0 0 0 0 0 1 0 0 1
50	1	0 1 0 0 0 0 1 0 0 1 0 0 0 0 0 0 1 0 0 0
50	1	0 0 1 0 0 0 0 0 0 1 0 0 1 0 0 0 1 0 0 1
50	1	0 0 1 0 0 0 0 0 0 1 0 0 0 0 0 0 1 0 1 1
50	1	0 0 0 1 0 0 0 0 1 1 0 0 0 0 0 0 1 0 0 1
50	1	0 1 0 1 0 0 0 0 0 1 0 0 0 0 0 0 1 0 0 0
50	1	0 0 0 0 0 0 1 0 0 1 0 1 0 0 0 0 1 1 0 1
50	1	1 1 0 1 0 0 0 0 0 1 0 0 0 0 0 0 1 1 0 1
50	1	1 0 0 1 0 0 0 1 0 1 0 0 0 0 0 0 1 0 0 1
50	1	0 1 0 0 0 0 1 0 0 1 0 0 0 1 0 1 1 0 0 1
50	2	0 0 1 0 0 0 0 1 0 1 0 0 0 0 0 0 1 0 0 1
50	1	0 0 0 1 0 0 0 0 0 1 0 0 1 0 0 1 1 0 0 1
50	1	0 0 0 0 0 0 1 0 0 0 0 0 0 0 0 0 1 1 0 1
50	2	0 0 1 0 0 0 0 1 1 0 1 0 0 0 0 0 1 0 0 1
50	1	0 0 0 1 0 0 0 0 0 1 0 0 1 1 0 0 1 1 0 1
50	1	0 0 1 1 0 0 0 0 0 1 0 0 1 0 0 0 1 0 0 1
50	1	0 0 1 1 0 0 0 0 0 1 0 1 0 0 0 0 1 0 0 1
50	1	0 0 0 0 0 0 0 1 0 0 1 0 0 0 0 0 1 0 0 1
60	10	0 0 0 1 0 0 0 0 0 1 0 0 0 0 0 0 1 0 0 1
60	1	0 1 0 1 0 0 0 0 0 1 0 0 0 0 0 0 1 0 0 1
60	1	0 0 1 0 0 0 0 1 0 0 1 0 0 0 0 0 1 0 0 1
60	3	0 0 1 0 0 0 0 0 0 1 0 0 0 0 0 0 1 0 0 1
60	2	1 1 0 1 0 0 0 0 0 1 0 0 0 0 0 0 1 0 0 1
60	1	1 0 0 1 0 0 0 0 0 1 0 0 0 0 0 0 1 0 0 1
60	2	0 1 0 1 0 0 0 0 0 1 0 0 0 0 0 1 1 0 0 1
60	1	0 0 0 0 0 0 1 0 0 1 0 0 0 0 1 0 1 1 0 1
60	2	0 0 1 1 0 0 0 0 0 1 0 0 0 0 0 0 1 0 0 1
60	4	1 0 1 1 0 0 0 1 0 1 0 0 0 0 0 0 1 0 0 1
60	2	0 0 0 1 0 0 0 0 0 1 1 0 0 0 0 0 1 0 0 1
60	1	0 0 0 1 0 0 0 0 0 1 0 0 0 0 1 0 1 0 1 1
60	1	1 1 0 1 0 0 0 1 0 1 0 0 0 0 0 0 1 0 0 1
60	2	1 1 0 0 0 0 0 0 0 1 0 0 0 0 0 0 1 0 0 1
60	1	0 0 0 0 0 1 1 0 0 0 1 0 0 1 0 0 0 1 1 0
60	1	0 0 1 0 0 0 1 0 0 1 0 0 0 0 0 0 1 0 0 1
60	2	1 1 0 1 0 0 0 0 0 1 0 0 0 0 0 0 1 1 0 1
60	1	0 0 1 1 0 0 0 0 0 1 0 1 0 0 0 0 1 0 0 1
60	2	0 0 0 1 0 0 0 0 0 1 0 0 1 0 0 1 1 1 0 1
60	1	0 0 1 0 0 1 0 1 0 0 1 0 0 0 0 1 1 0 0 1
60	1	0 0 0 1 0 0 0 1 0 1 1 0 0 0 0 0 1 0 0 1
60	2	0 0 1 1 0 0 0 0 0 1 0 0 0 1 0 1 1 0 0 1
60	2	0 0 0 0 0 0 0 0 0 1 0 0 0 0 0 0 1 0 1 1
60	1	0 1 1 0 0 0 0 1 0 0 1 0 0 0 0 0 1 0 0 1
60	1	0 0 1 1 0 0 0 1 0 1 0 0 0 0 0 0 1 0 0 1
60	1	1 1 0 1 0 1 1 0 0 1 0 0 0 0 0 0 1 0 0 1
60	1	0 0 1 1 0 0 0 1 0 1 0 0 0 1 0 0 1 0 0 1
70	4	0 0 0 1 0 0 0 0 0 1 0 0 0 0 0 0 1 0 0 1
70	2	0 1 0 1 0 0 0 0 0 1 0 0 0 0 0 0 1 0 0 1
70	3	0 0 1 0 0 0 0 1 0 0 1 0 0 0 0 0 1 0 0 1
70	4	0 0 1 0 0 0 0 0 0 1 0 0 0 0 0 0 1 0 0 1
70	1	1 1 0 1 0 0 0 0 0 1 0 0 0 0 0 0 1 0 0 1
70	2	1 0 0 1 0 0 0 0 0 1 0 0 0 0 0 0 1 0 0 1
70	1	0 1 0 1 0 0 0 0 0 1 0 0 0 0 0 1 1 0 0 1
70	2	1 0 1 1 0 0 0 1 0 1 0 0 0 0 0 0 1 0 0 1
70	1	0 0 0 1 0 0 0 0 0 1 1 0 0 0 0 0 1 0 0 1
70	1	1 1 0 1 0 0 0 0 0 1 0 0 0 0 1 0 1 1 0 1
70	1	0 0 0 0 1 0 0 0 0 1 0 0 0 0 0 0 1 0 0 1
70	1	0 0 0 1 0 0 0 0 1 1 0 0 0 0 0 0 1 0 0 1
70	1	0 0 0 1 0 0 0 1 0 0 1 0 0 0 0 0 1 0 0 1
70	1	0 0 1 0 0 0 1 0 0 1 0 0 0 0 0 0 1 0 0 1
70	4	1 1 0 1 0 0 0 0 0 1 0 0 0 0 0 0 1 1 0 1
70	1	0 0 1 0 0 0 0 1 0 1 0 0 0 0 0 0 1 0 0 1
70	3	0 0 1 1 0 0 0 0 0 1 0 1 0 0 0 0 1 0 0 1
70	1	0 0 0 1 0 0 0 0 0 1 0 0 1 0 0 1 1 1 0 1
70	2	1 1 0 1 0 0 0 0 1 1 0 0 0 0 0 0 1 1 0 1
70	2	1 0 0 1 0 0 0 0 0 1 0 0 1 0 0 1 1 1 0 1
70	2	0 1 0 1 0 0 0 0 0 0 0 0 0 0 0 0 1 0 0 1
70	1	1 0 1 1 0 0 0 1 0 0 0 0 0 0 0 0 1 0 0 1
70	2	0 0 0 1 0 0 0 0 0 1 0 0 0 0 0 0 1 1 0 1
70	1	0 0 0 1 0 0 0 0 0 1 0 1 0 0 0 0 1 0 0 1
70	1	0 0 0 1 0 0 0 0 0 1 0 0 0 0 1 0 1 0 0 1
70	1	0 0 0 1 0 0 0 0 0 1 0 0 0 0 1 0 1 1 0 1
70	1	0 1 0 1 0 0 0 0 0 1 0 0 0 1 0 1 1 0 0 1
70	1	0 0 0 1 0 0 0 0 0 1 0 0 1 0 0 0 1 0 0 1
70	1	1 1 0 0 0 0 0 0 0 1 0 0 1 0 0 0 1 0 0 1
70	1	0 0 0 1 1 0 0 0 0 1 1 0 0 0 0 1 1 0 0 1
80	3	0 0 0 1 0 0 0 0 0 1 0 0 0 0 0 0 1 0 0 1
80	2	0 0 0 1 0 0 0 0 0 0 0 0 0 0 0 0 1 0 0 1
80	1	0 1 0 1 0 0 0 0 0 1 0 0 0 0 0 0 1 0 0 1
80	1	0 0 1 0 0 0 0 1 0 0 1 0 0 0 0 0 1 0 0 1
80	1	0 0 1 0 0 0 0 0 0 1 0 0 0 0 0 0 1 0 0 1
80	5	1 1 0 1 0 0 0 0 0 1 0 0 0 0 0 0 1 0 0 1
80	3	0 1 0 1 0 0 0 0 0 1 0 0 0 0 0 1 1 0 0 1
80	2	0 0 1 1 0 0 0 0 0 1 0 0 0 0 0 0 1 0 0 1
80	1	1 0 1 1 0 0 0 1 0 1 0 0 0 0 0 0 1 0 0 1
80	1	0 0 0 1 0 0 0 0 0 1 0 0 0 0 1 0 1 0 1 1
80	2	0 0 0 0 0 1 1 0 0 0 1 0 0 1 0 0 0 1 1 0
80	1	0 0 0 1 0 0 0 0 1 1 0 0 0 0 0 0 1 0 0 1
80	5	1 1 0 1 0 0 0 0 0 1 0 0 0 0 0 0 1 1 0 1
80	1	0 0 1 1 0 0 0 0 0 1 0 1 0 0 0 0 1 0 0 1
80	1	1 1 0 1 0 0 0 0 0 1 0 0 0 0 1 0 1 0 0 1
80	1	1 1 0 1 0 0 0 0 1 1 0 0 0 0 0 0 1 1 0 1
80	1	1 0 0 1 0 0 0 0 0 1 0 0 1 0 0 1 1 1 0 1
80	1	1 1 0 1 0 0 0 1 0 0 1 0 0 0 0 0 1 0 0 1
80	2	0 0 0 1 0 0 0 0 0 1 0 0 0 0 0 0 1 1 0 1
80	1	0 1 0 0 0 0 1 0 1 1 0 0 0 1 0 1 1 0 0 1
80	1	0 0 0 1 0 0 0 0 0 1 0 0 0 0 1 0 1 1 0 1
80	2	0 0 0 1 0 0 0 0 0 1 0 0 0 0 0 1 1 0 0 1
80	1	0 0 1 1 0 0 0 0 0 1 0 1 0 0 0 0 1 1 0 1
80	1	0 0 0 1 0 0 0 0 0 1 0 0 1 0 0 0 1 0 0 1
80	1	1 1 0 1 0 0 0 0 0 1 0 0 0 0 0 1 1 1 0 1
80	2	1 1 0 1 0 0 0 0 0 1 1 0 0 0 0 0 1 0 0 1
80	1	0 1 0 1 0 0 0 0 0 1 0 0 0 0 0 0 1 1 0 1
80	1	0 0 0 1 0 0 0 0 0 1 0 1 0 0 0 0 1 0 0 1
80	1	0 0 0 1 0 0 0 0 0 1 0 0 0 0 1 1 1 1 0 1
80	1	1 1 0 1 0 0 0 0 0 1 0 0 0 0 0 0 0 0 0 1
80	1	0 1 0 1 0 0 0 0 0 0 0 0 1 0 0 1 1 1 0 1
80	1	0 1 1 1 0 0 0 0 0 1 0 1 0 0 0 0 1 0 0 1
90	1	0 0 0 1 0 0 0 0 0 0 0 0 0 0 0 0 1 0 0 1
90	1	0 0 1 0 0 0 0 0 0 1 0 0 0 0 0 0 1 0 0 1
90	3	1 1 0 1 0 0 0 0 0 1 0 0 0 0 0 0 1 0 0 1
90	2	1 0 0 1 0 0 0 0 0 1 0 0 0 0 0 0 1 0 0 1
90	1	0 0 1 1 0 0 0 0 0 1 0 0 0 0 0 0 1 0 0 1
90	1	1 0 1 1 0 0 0 1 0 1 0 0 0 0 0 0 1 0 0 1
90	1	0 0 0 1 0 0 0 0 1 1 0 0 0 0 0 0 1 0 0 1
90	9	1 1 0 1 0 0 0 0 0 1 0 0 0 0 0 0 1 1 0 1
90	1	0 0 1 1 0 0 0 0 0 1 0 1 0 0 0 0 1 0 0 1
90	2	0 0 0 1 0 0 0 0 0 1 0 0 0 0 0 0 1 1 0 1
90	3	0 0 1 1 0 0 0 0 0 1 0 0 0 0 0 0 1 1 0 1
90	1	0 0 0 1 0 0 0 0 0 1 0 0 0 0 1 0 1 1 0 1
90	2	0 0 1 1 0 0 0 0 0 1 0 1 0 0 0 0 1 1 0 1
90	1	0 0 0 1 0 0 0 0 0 1 0 0 1 0 0 0 1 0 0 1
90	1	0 1 0 1 0 0 0 0 0 1 0 1 0 1 0 1 1 0 0 1
90	3	1 1 0 1 0 0 0 0 0 1 1 0 0 0 0 0 1 0 0 1
90	2	0 0 0 1 0 0 0 0 0 1 0 1 0 0 0 0 1 0 0 1
90	1	1 1 0 1 0 0 0 0 1 1 0 0 0 0 0 0 0 0 0 1
90	1	1 1 0 0 0 0 0 0 0 1 1 0 0 0 0 0 1 0 0 1
90	1	1 1 0 1 0 0 0 0 0 1 0 0 0 1 1 0 1 0 0 1
90	1	0 1 1 0 0 0 0 1 0 0 1 0 0 0 0 0 1 0 1 1
90	2	1 1 0 1 0 0 0 0 1 0 0 0 0 0 0 0 1 1 0 1
90	1	1 1 0 1 0 0 0 0 0 1 1 0 0 0 0 0 1 1 0 1
90	1	1 1 1 1 0 0 0 1 0 1 0 0 0 0 0 0 1 0 0 1
90	1	1 1 0 1 0 1 0 0 0 1 0 0 0 0 0 0 1 1 0 1
90	1	0 0 1 1 0 0 0 0 0 0 0 0 0 1 0 0 1 0 0 1
90	1	0 0 1 1 0 0 0 0 0 0 0 0 0 0 0 0 1 0 0 1
90	1	0 0 0 1 0 0 0 0 0 1 0 1 0 0 0 1 1 0 0 1
90	1	1 1 0 1 0 0 0 0 1 0 0 0 0 0 0 0 1 0 0 1
90	1	0 1 1 1 0 0 1 0 0 1 0 0 0 0 0 0 1 0 0 1
90	1	1 0 0 1 0 0 0 0 0 1 0 0 1 0 0 1 1 1 0 0
100	2	0 0 0 1 0 0 0 0 0 0 0 0 0 0 0 0 1 0 0 1
100	3	0 0 0 0 0 0 1 0 0 1 0 0 0 0 0 0 1 1 0 1
100	2	1 1 0 1 0 0 0 0 0 1 0 0 0 0 0 0 1 0 0 1
100	1	0 1 0 1 0 0 0 0 0 1 0 0 0 0 0 1 1 0 0 1
100	7	1 1 0 1 0 0 0 0 0 1 0 0 0 0 0 0 1 1 0 1
100	3	0 0 1 1 0 0 0 0 0 1 0 1 0 0 0 0 1 0 0 1
100	2	1 0 0 1 0 0 0 0 0 1 0 0 1 0 0 1 1 1 0 1
100	3	1 0 1 1 0 0 0 1 0 0 0 0 0 0 0 0 1 0 0 1
100	1	0 0 0 1 0 0 0 0 0 1 0 0 0 0 0 0 1 1 0 1
100	1	0 0 1 1 0 1 0 0 0 1 0 0 0 1 0 1 1 0 0 1
100	3	1 1 0 1 0 0 0 0 0 1 0 0 0 0 0 1 1 1 0 1
100	1	1 1 0 1 0 0 1 0 0 1 0 0 0 0 1 0 1 0 0 1
100	2	1 1 0 1 0 0 0 0 0 1 1 0 0 0 0 0 1 0 0 1
100	1	0 0 0 1 0 0 0 0 1 1 0 0 0 0 0 0 1 1 0 1
100	1	0 0 1 1 0 0 0 0 0 1 0 1 0 1 0 0 1 0 0 1
100	3	0 0 1 1 0 0 0 0 0 1 0 0 1 0 0 0 1 0 0 1
100	1	0 0 1 0 0 0 0 0 0 1 0 0 0 0 0 0 1 1 0 1
100	1	0 0 1 1 0 0 0 0 1 1 0 1 0 0 0 0 1 0 0 1
100	1	1 0 1 1 0 0 1 1 0 1 0 0 0 0 0 0 1 0 0 1
100	3	0 0 1 1 0 0 0 0 0 0 0 0 0 1 0 0 1 0 0 1
100	3	1 1 1 1 0 0 0 0 0 1 0 0 0 0 0 0 1 1 0 1
100	1	1 1 0 1 0 0 0 0 1 1 0 0 0 0 0 0 1 0 0 1
100	1	0 1 1 1 0 0 0 1 0 0 0 0 0 0 0 0 1 0 0 1
100	1	1 0 1 1 1 0 0 1 0 1 0 0 0 0 0 0 1 0 0 1
100	1	1 0 1 1 0 0 1 0 0 0 0 0 0 0 0 0 1 0 0 1
100	1	0 0 1 1 0 0 0 0 0 1 0 0 0 1 0 0 1 1 0 1
110	1	0 0 0 1 0 0 0 0 0 0 0 0 0 0 0 0 1 0 0 1
110	1	1 1 0 1 0 0 0 0 0 1 0 0 0 0 0 0 1 0 0 1
110	2	1 0 0 1 0 0 0 0 0 1 0 0 0 0 0 0 1 0 0 1
110	2	0 1 0 1 0 0 0 0 0 1 0 0 0 0 0 1 1 0 0 1
110	2	1 0 1 1 0 0 0 1 0 1 0 0 0 0 0 0 1 0 0 1
110	1	1 1 0 1 0 0 0 0 1 1 0 0 0 0 0 0 1 1 0 1
110	3	1 0 0 1 0 0 0 0 0 1 0 0 1 0 0 1 1 1 0 1
110	1	1 0 1 1 0 0 0 1 0 0 0 0 0 0 0 0 1 0 0 1
110	1	0 0 1 1 0 0 0 0 0 1 0 1 0 0 0 0 1 1 0 1
110	3	1 1 0 1 0 0 0 0 0 1 0 0 0 0 0 1 1 1 0 1
110	1	1 1 0 1 0 0 0 0 0 1 1 0 0 0 0 0 1 0 0 1
110	1	0 1 0 1 0 0 0 0 0 1 0 0 0 0 0 0 1 1 0 1
110	1	0 0 0 1 0 0 0 0 1 1 0 0 0 0 0 0 1 1 0 1
110	1	1 1 1 0 0 0 0 1 0 0 1 0 0 0 0 0 1 0 0 1
110	1	0 0 1 1 0 0 0 0 0 1 0 0 1 0 0 0 1 0 0 1
110	2	1 1 1 1 0 0 0 1 0 1 0 0 0 0 0 0 1 0 0 1
110	1	1 1 0 1 0 0 1 0 1 0 0 0 0 0 0 0 1 1 0 1
110	1	1 1 0 1 0 0 0 0 0 1 0 1 0 0 0 0 1 1 0 1
110	2	0 0 1 1 0 0 0 0 0 0 0 0 0 1 0 0 1 0 0 1
110	2	1 1 1 1 0 0 0 0 0 1 0 0 0 0 0 0 1 1 0 1
110	1	0 1 1 1 0 0 0 0 0 1 0 0 0 0 0 1 1 0 0 1
110	2	0 0 1 1 0 0 1 0 0 1 0 0 1 0 0 0 1 0 0 1
110	1	1 1 0 1 0 0 0 0 0 1 0 0 0 0 0 1 1 0 0 1
110	1	1 0 1 1 0 0 1 0 0 1 0 0 0 0 0 0 1 1 0 1
110	1	0 0 1 1 0 0 0 1 1 1 0 0 0 0 0 0 1 0 0 1
110	1	0 1 1 1 0 0 0 0 0 1 0 0 0 0 0 0 1 1 0 1
110	1	0 0 0 0 0 1 1 0 0 0 1 0 0 0 0 0 1 1 0 1
110	1	1 1 0 1 0 0 0 0 0 1 1 0 0 0 0 0 1 1 0 1
110	1	0 0 0 0 0 1 1 1 0 0 1 0 0 1 0 0 0 1 0 1
110	1	1 0 1 1 0 0 0 1 0 1 0 1 0 0 0 0 1 0 0 1
110	2	0 1 0 1 0 0 0 0 0 1 1 0 0 0 0 1 1 0 0 1
110	2	1 1 0 1 0 0 0 1 0 1 0 0 0 0 0 0 1 1 0 1
110	1	1 0 1 1 1 0 0 0 0 1 0 1 0 0 0 0 1 1 1 1
110	1	0 0 1 1 0 0 0 1 0 0 0 0 0 0 0 0 1 0 0 1
110	1	0 1 0 1 0 0 0 0 0 1 0 0 0 1 0 0 1 0 0 1
110	1	1 1 1 0 0 0 0 1 0 0 1 0 0 0 0 1 1 0 0 1
110	1	1 0 1 1 0 0 0 1 0 1 0 0 0 1 0 0 0 1 0 1
120	1	0 0 1 0 0 0 0 0 0 1 0 0 0 0 0 0 1 0 0 1
120	2	1 1 0 1 0 0 0 0 0 1 0 0 0 0 0 0 1 0 0 1
120	2	1 0 1 1 0 0 0 1 0 1 0 0 0 0 0 0 1 0 0 1
120	1	1 0 0 1 0 0 0 0 0 1 0 0 1 0 0 1 1 1 0 1
120	2	1 1 0 1 0 0 0 0 0 1 0 0 0 0 0 1 1 1 0 1
120	1	0 0 0 1 0 0 0 0 1 1 0 0 0 0 0 0 1 1 0 1
120	1	1 1 1 0 0 0 0 1 0 0 1 0 0 0 0 0 1 0 0 1
120	1	1 1 1 1 0 0 0 1 0 1 0 0 0 0 0 0 1 0 0 1
120	1	1 1 0 1 0 0 1 0 1 0 0 0 0 0 0 0 1 1 0 1
120	2	1 0 1 1 0 0 1 1 0 1 0 0 0 0 0 0 1 0 0 1
120	1	1 1 1 1 0 0 0 0 0 1 0 0 0 0 0 0 1 1 0 1
120	1	1 1 0 1 0 0 0 0 1 1 0 0 0 0 0 0 1 0 0 1
120	1	1 1 1 1 0 0 0 0 0 1 0 0 0 0 0 0 1 0 0 1
120	1	1 1 1 1 0 0 0 0 0 1 1 0 0 0 0 0 1 1 0 1
120	2	0 0 1 1 0 0 0 0 0 0 0 0 0 0 0 0 1 1 0 1
120	1	0 0 0 1 0 0 1 0 0 1 0 1 0 0 0 0 1 0 0 1
120	9	1 1 1 1 0 0 0 0 1 0 0 0 0 0 0 0 1 1 0 1
120	1	0 1 0 1 0 0 0 1 0 0 1 0 0 0 0 0 1 0 1 1
120	1	1 0 1 1 0 0 0 1 0 0 0 0 0 0 1 0 1 0 0 1
120	1	1 1 0 1 0 0 0 0 0 1 0 0 1 0 0 0 1 0 0 1
120	1	1 1 0 1 0 0 1 0 1 0 0 0 0 0 0 0 1 0 0 1
120	1	1 1 1 1 0 0 0 0 0 1 0 0 0 0 0 0 1 1 0 0
120	2	0 1 0 1 0 0 0 0 0 1 1 0 0 0 0 1 1 1 0 1
120	1	0 1 0 1 1 0 0 0 0 1 1 0 0 0 0 1 1 0 0 1
120	1	1 0 1 1 0 0 1 0 1 0 0 0 0 0 0 0 1 1 0 1
120	1	1 1 0 1 0 0 0 0 0 1 0 1 1 0 0 0 1 1 0 1
120	1	1 0 1 1 1 0 0 0 0 1 1 1 0 0 0 0 1 1 1 1
120	1	1 0 0 1 0 0 0 0 0 1 0 0 1 0 0 1 1 1 0 0
120	1	0 0 1 0 0 0 1 1 0 1 0 0 0 0 0 0 1 0 0 1
120	1	0 1 1 1 0 0 0 0 0 1 0 0 0 0 0 0 1 0 0 1
120	2	0 0 0 1 0 0 0 0 1 1 0 0 0 0 0 0 1 0 0 1
120	1	0 0 1 0 0 1 0 0 0 1 0 0 0 1 0 1 1 0 0 1
120	2	0 0 1 1 0 0 1 1 0 1 0 0 1 0 0 0 1 0 0 1
120	1	0 0 0 0 0 1 1 0 0 0 0 0 0 0 0 0 1 1 0 1
130	1	0 0 0 0 0 0 1 0 0 1 0 0 0 0 0 0 1 1 0 1
130	1	1 1 0 1 0 0 0 0 0 1 0 0 0 0 0 0 1 0 0 1
130	2	1 0 0 1 0 0 0 0 0 1 0 0 0 0 0 0 1 0 0 1
130	4	1 0 1 1 0 0 0 1 0 1 0 0 0 0 0 0 1 0 0 1
130	3	1 0 1 1 0 0 0 1 0 0 0 0 0 0 0 0 1 0 0 1
130	1	0 0 1 1 0 1 0 0 0 1 0 0 0 1 0 1 1 0 0 1
130	2	1 1 0 1 0 0 0 0 0 1 0 0 0 0 0 1 1 1 0 1
130	1	1 1 1 1 0 0 0 1 0 1 0 0 0 0 0 0 1 0 0 1
130	1	1 1 0 1 0 1 0 0 0 1 0 0 0 0 0 0 1 1 0 1
130	1	1 0 1 1 0 0 1 1 0 1 0 0 0 0 0 0 1 0 0 1
130	1	1 1 1 1 0 0 0 0 0 1 0 0 0 0 0 0 1 1 0 1
130	1	0 0 1 1 0 0 0 0 0 0 0 0 0 0 0 0 1 0 0 1
130	2	1 1 0 1 0 0 0 0 1 1 0 0 0 0 0 0 1 0 0 1
130	4	1 1 0 1 0 0 1 0 1 0 0 0 1 0 0 0 1 1 0 1
130	1	0 0 1 1 0 0 0 0 0 0 0 0 0 0 0 0 1 1 0 1
130	1	1 1 0 1 0 0 0 0 0 1 1 0 1 0 0 0 1 0 0 1
130	2	1 1 1 1 0 0 0 0 1 0 0 0 0 0 0 0 1 1 0 1
130	1	0 0 1 1 0 0 0 1 0 0 0 0 0 0 0 0 1 0 0 1
130	1	0 0 1 0 0 0 0 0 0 1 0 1 0 0 0 0 1 1 0 1
130	1	1 1 1 1 0 0 0 0 0 1 0 0 1 0 0 1 1 1 0 1
130	2	1 1 0 1 0 0 1 0 1 0 0 0 0 0 0 0 1 0 0 1
130	1	0 1 0 1 0 0 0 0 0 1 1 0 0 0 0 1 1 1 0 1
130	2	1 1 1 1 0 0 0 1 0 1 0 0 0 0 0 0 1 1 0 1
130	2	1 1 0 1 0 0 0 1 1 1 0 0 0 0 0 1 0 0 0 1
130	1	1 1 1 1 0 0 0 0 0 1 0 0 0 0 0 1 1 1 0 1
130	1	0 1 1 1 0 0 0 0 0 1 0 0 0 0 0 0 1 0 0 1
130	1	1 0 1 1 0 1 0 0 0 1 0 0 0 1 0 1 1 0 0 1
130	1	1 1 0 1 0 0 0 0 0 1 0 1 0 0 0 0 1 1 1 1
130	1	0 0 0 1 0 0 1 0 1 1 0 0 0 0 0 0 1 1 0 1
130	1	1 1 1 1 0 0 0 0 0 1 0 0 0 1 0 0 1 1 0 1
130	1	1 0 0 1 1 0 1 0 1 0 0 0 1 0 0 0 1 1 0 1
130	1	1 1 0 1 0 0 0 0 0 1 1 0 0 0 0 1 1 1 0 1
130	1	1 1 0 1 0 0 1 0 0 1 0 0 0 0 0 1 1 1 0 1
130	1	1 1 0 1 0 0 0 1 1 1 0 0 0 0 0 1 1 0 0 1
130	1	1 1 0 1 1 0 0 0 0 1 0 0 0 0 0 0 1 0 0 1
140	1	0 0 0 0 0 0 1 0 0 1 0 0 0 0 0 0 1 1 0 1
140	1	1 0 0 1 0 0 0 0 0 1 0 0 0 0 0 0 1 0 0 1
140	1	1 0 1 1 0 0 0 1 0 1 0 0 0 0 0 0 1 0 0 1
140	1	1 1 0 1 0 0 0 0 1 1 0 0 0 0 0 0 1 1 0 1
140	1	0 0 1 1 0 1 0 0 0 1 0 0 0 1 0 1 1 0 0 1
140	1	1 0 1 1 0 0 1 0 0 1 0 0 0 0 0 0 1 0 0 1
140	1	0 0 1 1 0 0 0 0 0 1 0 0 1 0 0 0 1 0 0 1
140	2	1 1 0 1 0 1 0 0 0 1 0 0 0 0 0 0 1 1 0 1
140	1	0 0 0 0 0 0 0 0 0 1 0 0 0 0 0 0 1 0 0 1
140	3	1 0 1 1 0 0 1 1 0 1 0 0 0 0 0 0 1 0 0 1
140	1	0 0 1 1 0 0 0 0 0 0 0 0 0 1 0 0 1 0 0 1
140	5	1 1 1 1 0 0 0 0 0 1 0 0 0 0 0 0 1 1 0 1
140	3	0 0 1 1 0 0 0 0 0 0 0 0 0 0 0 0 1 0 0 1
140	1	1 1 0 1 0 0 0 0 1 1 0 0 0 0 0 0 1 0 0 1
140	4	1 1 1 1 0 0 0 0 0 1 1 0 0 0 0 0 1 1 0 1
140	1	1 1 0 1 0 0 1 0 1 0 0 0 1 0 0 0 1 1 0 1
140	2	1 1 0 1 0 0 0 1 0 1 0 0 0 0 0 0 1 1 0 1
140	2	0 0 1 1 0 0 0 1 0 0 0 0 0 0 0 0 1 0 0 1
140	2	0 0 1 0 0 0 0 0 0 1 0 1 0 0 0 0 1 1 0 1
140	1	0 1 0 1 0 0 0 0 0 1 1 0 0 0 0 1 1 1 0 1
140	1	0 0 0 0 0 0 0 0 0 1 0 0 0 0 0 0 1 1 0 1
140	2	0 0 0 1 0 0 1 0 1 1 1 0 0 1 0 0 0 1 0 1
140	1	0 0 0 1 0 0 0 0 1 1 0 0 0 0 0 0 1 0 0 1
140	1	1 0 0 1 1 0 0 0 0 1 1 1 0 0 0 0 1 1 1 1
140	2	1 1 0 1 0 0 0 0 0 1 1 0 0 0 0 1 1 1 0 1
140	1	0 0 1 0 0 0 0 1 0 1 0 1 0 0 0 0 1 1 0 1
140	1	1 1 1 1 0 0 0 0 0 1 0 0 1 0 0 1 1 0 0 1
140	1	1 1 1 1 0 0 1 0 0 1 1 0 1 0 0 0 1 0 0 1
140	1	0 0 0 0 0 0 1 0 0 1 0 0 0 0 0 1 1 1 0 1
140	1	1 1 1 1 0 0 0 1 0 1 1 0 0 0 0 0 1 1 0 1
140	1	1 1 0 1 0 0 0 0 0 1 0 1 0 0 0 0 1 1 0 1
140	1	0 0 1 1 0 1 0 0 0 1 0 0 0 0 0 1 1 0 0 1
140	1	0 0 1 1 0 0 1 1 1 0 0 0 0 0 0 0 1 0 0 1
150	1	1 0 1 1 0 0 0 1 0 1 0 0 0 0 0 0 1 0 0 1
150	1	1 0 1 1 0 0 0 1 0 0 0 0 0 0 0 0 1 0 0 1
150	1	0 0 1 1 0 1 0 0 0 1 0 0 0 1 0 1 1 0 0 1
150	3	1 1 0 1 0 0 1 0 1 0 0 0 0 0 0 0 1 1 0 1
150	1	1 0 1 1 0 0 1 1 0 1 0 0 0 0 0 0 1 0 0 1
150	3	0 0 1 1 0 0 0 0 0 0 0 0 0 1 0 0 1 0 0 1
150	2	1 1 1 1 0 0 0 0 0 1 0 0 0 0 0 0 1 1 0 1
150	1	0 0 1 1 0 0 0 0 0 0 0 0 0 0 0 0 1 0 0 1
150	2	1 1 0 1 0 0 0 0 1 1 0 0 0 0 0 0 1 0 0 1
150	2	1 1 1 1 0 0 0 0 0 1 0 0 0 0 0 0 1 0 0 1
150	5	1 1 1 1 0 0 0 0 0 1 1 0 0 0 0 0 1 1 0 1
150	2	1 1 0 1 0 0 1 0 1 0 0 0 1 0 0 0 1 1 0 1
150	1	0 0 1 1 0 0 0 0 0 0 0 0 0 0 0 0 1 1 0 1
150	2	0 0 1 0 0 0 0 0 0 1 0 1 0 0 0 0 1 1 0 1
150	1	0 1 0 1 0 0 0 1 0 0 1 0 0 0 0 0 1 0 1 1
150	2	0 1 0 1 0 0 0 0 0 1 1 0 0 0 0 1 1 1 0 1
150	3	1 1 1 1 0 0 0 1 0 1 0 0 0 0 0 0 1 1 0 1
150	1	0 0 0 0 0 0 0 0 0 1 0 0 0 0 0 0 1 1 0 1
150	1	0 1 1 1 0 0 0 0 0 1 0 0 0 0 0 0 1 0 0 1
150	1	1 1 1 1 0 0 0 0 0 1 1 0 0 0 0 1 1 1 0 1
150	1	1 1 0 1 0 0 0 0 0 1 1 0 0 0 0 1 1 1 0 1
150	2	1 0 0 1 0 0 1 0 1 0 0 0 0 0 0 0 1 1 0 1
150	1	1 1 0 1 0 0 0 0 0 1 0 1 0 0 0 0 1 1 0 1
150	1	0 0 1 1 0 0 0 1 0 0 0 0 0 0 0 0 1 1 0 1
150	1	0 0 1 0 0 0 0 0 0 1 0 0 0 0 0 0 1 1 0 1
150	1	0 0 0 1 0 0 1 0 1 1 1 0 0 1 0 0 1 0 0 1
150	1	0 1 0 1 0 0 0 0 0 1 1 0 0 0 0 1 1 0 0 1
150	2	0 0 1 1 0 0 1 0 1 1 0 0 0 0 0 0 1 0 0 1
150	1	0 1 1 1 0 0 0 1 0 1 0 0 0 0 0 0 1 1 1 1
150	1	0 0 0 0 0 1 0 0 1 1 0 0 0 0 0 0 1 0 0 1
150	1	0 0 1 1 0 0 0 1 0 1 0 0 0 1 0 0 0 1 1 1
150	1	0 1 0 1 0 1 0 0 0 1 1 0 0 0 0 1 1 0 0 1
160	1	1 1 0 1 0 0 0 0 0 1 0 0 0 0 0 0 1 1 0 1
160	2	1 1 0 1 0 0 0 0 1 1 0 0 0 0 0 0 1 1 0 1
160	1	1 0 1 1 0 0 1 0 0 1 0 0 0 0 0 0 1 0 0 1
160	2	1 1 0 1 0 0 1 0 1 0 0 0 0 0 0 0 1 1 0 1
160	2	0 0 1 1 0 0 0 0 0 0 0 0 0 1 0 0 1 0 0 1
160	1	1 1 1 1 0 0 0 0 0 1 0 0 0 0 0 0 1 1 0 1
160	1	1 1 1 1 0 0 0 0 0 1 0 0 0 0 0 0 1 0 0 1
160	6	1 1 1 1 0 0 0 0 0 1 1 0 0 0 0 0 1 1 0 1
160	1	1 1 0 1 0 0 0 1 0 1 0 0 0 0 0 0 1 1 0 1
160	2	0 1 0 1 0 0 0 1 0 0 1 0 0 0 0 0 1 0 1 1
160	5	1 1 1 1 0 0 0 1 0 1 0 0 0 0 0 0 1 1 0 1
160	1	1 1 1 1 0 0 0 0 0 1 1 0 0 0 0 1 1 1 0 1
160	2	1 1 0 1 0 0 0 0 0 1 1 0 0 0 0 1 1 1 0 1
160	2	1 1 1 1 0 0 0 0 1 0 0 1 1 0 0 0 1 1 0 1
160	1	1 1 0 1 0 0 0 1 0 1 1 0 1 0 0 0 1 0 0 1
160	1	1 0 1 1 0 0 0 0 0 1 0 0 1 0 0 1 1 1 0 1
160	1	1 1 1 1 0 0 0 0 1 1 0 0 0 0 1 0 1 1 0 1
160	1	0 1 1 1 0 0 0 1 0 1 0 0 0 0 0 0 1 1 0 1
160	1	1 1 0 1 0 0 1 0 0 1 0 0 0 0 0 0 1 0 0 1
160	2	1 1 1 1 0 0 0 0 0 1 0 0 1 0 0 0 1 1 0 1
160	1	1 1 1 1 0 0 0 1 0 1 0 0 0 0 0 1 1 1 0 1
160	2	0 1 0 1 0 0 0 0 0 1 1 0 0 0 0 1 1 0 0 1
160	1	0 0 1 1 0 1 0 0 0 1 0 1 0 1 0 1 1 0 0 1
160	1	1 0 0 1 0 0 1 0 1 1 1 0 0 1 0 0 0 1 0 1
160	1	0 0 1 1 0 0 1 0 0 0 0 0 0 0 0 0 0 0 0 1
160	1	1 1 0 1 0 0 1 0 0 1 0 0 0 0 0 0 1 1 0 1
160	1	1 1 0 1 0 1 0 0 0 1 0 0 0 0 0 1 1 1 0 0
160	1	0 0 1 1 0 0 1 1 0 0 0 0 0 0 0 0 1 1 0 1
160	2	1 1 1 0 0 0 0 0 0 1 1 0 0 0 0 0 1 1 0 1
160	1	1 1 1 1 0 0 1 0 0 1 1 0 0 0 0 0 1 1 0 1
160	1	1 1 0 1 0 0 0 0 0 1 1 1 0 0 0 1 1 1 0 1
160	1	0 0 1 1 0 0 0 0 1 0 0 0 0 1 0 0 1 0 0 0
170	2	1 1 0 1 0 0 0 0 0 1 0 0 0 0 0 0 1 0 0 1
170	3	1 1 0 1 0 0 1 0 1 0 0 0 0 0 0 0 1 1 0 1
170	2	0 0 1 1 0 0 0 0 0 0 0 0 0 1 0 0 1 0 0 1
170	1	1 1 1 1 0 0 0 0 0 1 0 0 0 0 0 0 1 0 0 1
170	4	1 1 1 1 0 0 0 0 0 1 1 0 0 0 0 0 1 1 0 1
170	1	0 1 0 1 0 0 0 0 0 1 1 0 0 0 0 1 1 1 0 1
170	5	1 1 1 1 0 0 0 1 0 1 0 0 0 0 0 0 1 1 0 1
170	1	0 1 1 1 0 0 0 0 0 1 0 0 0 0 0 0 1 0 0 1
170	4	1 1 0 1 0 0 0 0 0 1 1 0 0 0 0 1 1 1 0 1
170	3	1 1 1 1 0 0 0 0 1 0 0 1 1 0 0 0 1 1 0 1
170	1	1 0 0 1 0 0 1 0 1 0 0 0 0 0 0 0 1 1 0 1
170	1	1 1 1 1 0 0 1 1 0 1 0 0 0 0 0 0 1 0 0 1
170	1	1 1 1 1 0 0 0 0 1 1 0 0 0 0 1 0 1 1 0 1
170	2	0 1 1 1 0 0 0 1 0 1 0 0 0 0 0 0 1 1 0 1
170	2	1 1 1 1 0 0 0 0 0 1 0 0 1 0 0 0 1 1 0 1
170	1	0 1 0 1 0 0 0 0 0 1 1 0 0 0 0 1 1 0 0 1
170	1	0 0 1 1 0 0 0 0 0 0 0 0 0 0 1 0 1 0 0 1
170	1	0 0 1 1 0 0 1 0 0 0 0 0 0 0 0 0 0 0 0 1
170	1	1 1 0 0 0 0 1 0 1 1 0 0 0 0 0 0 1 0 0 1
170	1	1 1 1 1 0 0 0 0 1 1 0 1 0 0 0 0 1 0 0 1
170	1	0 0 1 1 0 0 0 0 1 0 0 0 0 0 0 0 1 1 0 1
170	1	1 1 0 1 0 0 1 0 0 0 0 0 0 0 0 0 1 1 0 1
170	2	1 1 1 1 0 0 0 1 0 1 0 0 0 1 0 0 1 0 0 1
170	1	1 1 0 1 0 0 1 0 1 0 0 0 0 0 0 1 1 1 0 1
170	1	1 1 0 0 0 0 1 0 1 1 0 0 0 0 1 0 1 1 0 1
170	1	1 1 1 1 0 0 0 1 0 1 0 0 0 0 0 1 1 0 0 1
170	1	1 1 1 1 0 0 0 1 0 1 0 0 0 0 0 0 1 0 0 1
170	1	0 1 0 1 0 0 0 1 0 1 0 0 0 0 0 0 1 0 0 1
170	1	0 0 1 1 0 1 0 0 0 0 0 0 0 0 1 0 1 1 0 1
170	1	1 1 1 1 0 0 0 1 0 1 1 0 0 1 0 0 1 1 0 1
170	1	1 1 0 1 0 0 1 0 1 0 0 0 0 0 0 0 1 0 0 1
180	1	1 1 0 1 0 0 0 0 0 1 0 0 0 0 0 0 1 1 0 1
180	2	1 0 1 1 0 0 1 0 0 1 0 0 0 0 0 0 1 0 0 1
180	1	1 1 0 1 0 0 1 0 1 0 0 0 0 0 0 0 1 1 0 1
180	4	1 1 1 1 0 0 0 0 0 1 1 0 0 0 0 0 1 1 0 1
180	6	1 1 1 1 0 0 0 1 0 1 0 0 0 0 0 0 1 1 0 1
180	1	1 1 1 1 0 0 0 0 1 0 0 1 1 0 0 0 1 1 0 1
180	1	1 1 1 1 0 0 0 0 1 1 0 0 0 0 1 0 1 1 0 1
180	4	0 1 1 1 0 0 0 1 0 1 0 0 0 0 0 0 1 1 0 1
180	2	1 1 1 1 0 0 0 0 0 1 0 0 1 0 0 0 1 1 0 1
180	1	0 0 1 1 0 0 0 0 0 0 0 0 0 0 1 0 1 0 0 1
180	2	1 1 0 1 0 0 0 0 0 1 1 0 0 1 0 1 1 1 0 1
180	1	1 0 1 1 0 0 0 0 1 0 0 1 1 0 0 0 1 1 0 1
180	3	0 0 1 1 0 0 0 0 1 0 0 0 0 0 0 0 1 1 0 1
180	1	1 1 0 1 0 0 1 0 0 0 0 0 0 0 0 0 1 1 0 1
180	2	1 1 0 1 0 0 0 0 0 1 1 1 0 0 0 1 1 1 0 1
180	1	1 1 0 1 1 0 0 1 0 0 1 0 0 0 0 0 1 0 1 1
180	1	1 1 0 0 0 0 1 0 1 1 0 0 0 0 1 0 1 1 0 1
180	1	0 0 1 0 0 0 0 0 0 1 0 0 0 0 0 0 1 1 0 1
180	1	1 1 1 1 0 0 0 0 1 0 0 0 0 0 1 0 1 1 0 1
180	1	1 1 0 1 0 0 1 0 1 0 0 0 0 0 0 0 1 0 0 1
180	1	0 1 1 1 0 0 0 1 0 0 1 0 0 0 0 0 1 0 1 1
180	1	1 1 0 1 0 0 0 0 0 1 0 1 0 0 0 0 1 1 0 1
180	1	1 1 1 1 0 0 1 1 0 0 0 0 0 0 1 0 1 0 0 1
180	1	1 1 1 1 0 0 0 0 0 1 1 0 0 0 1 0 1 1 0 1
180	1	0 1 1 1 0 0 0 1 0 1 0 0 0 0 0 1 1 1 0 1
180	1	1 1 0 1 0 0 0 0 0 1 1 0 0 0 0 0 1 1 0 0
180	2	1 1 1 1 0 0 0 0 0 1 1 0 1 0 0 0 1 1 0 1
180	1	1 1 1 1 0 0 0 1 0 1 1 1 0 0 0 1 1 1 0 1
180	1	1 1 1 1 0 0 0 0 0 1 1 0 0 0 0 1 1 1 0 1
180	1	1 1 1 1 0 0 0 1 0 1 1 0 0 0 0 1 1 1 0 1
180	1	1 0 0 1 0 0 0 1 1 0 1 0 0 0 0 0 1 0 1 1
180	1	1 1 1 0 0 0 0 1 0 1 0 0 0 0 1 0 1 1 0 1
190	1	1 1 0 1 0 0 1 0 1 0 0 0 0 0 0 0 1 1 0 1
190	6	1 1 1 1 0 0 0 0 0 1 1 0 0 0 0 0 1 1 0 1
190	3	1 1 1 1 0 0 0 1 0 1 0 0 0 0 0 0 1 1 0 1
190	2	0 1 1 1 0 0 0 1 0 1 0 0 0 0 0 0 1 1 0 1
190	4	1 1 1 1 0 0 0 0 0 1 0 0 1 0 0 0 1 1 0 1
190	4	1 1 0 1 0 0 0 0 0 1 1 0 0 1 0 1 1 1 0 1
190	1	0 0 1 1 0 0 0 0 1 0 0 0 0 0 0 0 1 1 0 1
190	1	1 1 0 1 0 0 1 0 0 0 0 0 0 0 0 0 1 1 0 1
190	2	0 0 1 1 0 0 0 1 0 1 0 1 0 1 0 1 1 0 0 1
190	1	1 1 0 1 0 0 0 0 0 1 0 0 0 0 0 1 1 1 0 1
190	1	1 1 1 1 0 0 0 0 1 0 0 0 0 0 1 0 1 1 0 1
190	2	1 1 0 1 0 0 1 0 1 0 0 0 0 0 0 0 1 0 0 1
190	1	1 0 1 1 0 0 1 1 0 1 0 0 0 0 0 0 1 0 1 1
190	1	1 1 0 1 0 0 0 0 0 1 1 1 0 0 0 1 1 0 0 1
190	1	1 1 1 1 0 0 0 0 0 1 1 0 0 0 0 0 1 1 1 1
190	2	1 1 0 1 0 0 1 0 0 1 0 0 1 0 0 0 1 1 0 1
190	1	1 1 1 1 0 0 0 1 0 1 0 1 0 0 0 0 1 1 0 1
190	1	1 1 1 1 0 0 0 0 0 1 1 0 1 0 0 0 1 1 0 1
190	1	1 1 0 1 0 0 0 0 0 1 1 1 0 0 0 0 1 1 0 1
190	1	1 0 1 1 0 0 1 0 0 1 0 0 0 0 0 0 1 0 1 1
190	1	1 1 1 1 0 0 0 0 0 1 1 0 0 0 0 1 1 1 0 1
190	1	0 0 1 1 0 0 0 0 1 0 0 0 0 0 1 0 1 0 0 1
190	1	1 0 0 1 0 0 0 0 0 1 1 0 0 1 0 1 1 1 0 1
190	1	1 1 0 1 0 0 0 0 0 1 0 0 0 0 0 0 1 1 1 1
190	1	1 1 1 1 0 0 0 0 1 1 1 0 0 0 0 0 1 1 0 1
190	1	1 1 1 1 0 0 0 1 0 1 1 0 0 1 0 0 0 1 0 1
190	1	1 1 1 1 0 0 1 0 1 0 1 0 0 0 0 0 1 1 0 1
190	1	1 1 1 0 0 0 1 1 0 1 0 0 0 0 1 0 1 0 0 1
190	1	1 0 1 1 0 0 0 0 0 1 1 0 1 0 0 0 1 1 0 1
190	1	1 1 1 1 0 0 0 1 0 1 0 1 0 1 0 0 1 1 0 1
190	1	1 1 1 1 1 0 1 1 0 1 0 0 0 0 1 0 1 0 0 1
190	1	0 1 0 1 0 0 0 0 0 1 1 0 0 0 0 0 1 1 0 1
190	1	0 1 0 1 0 0 0 1 0 1 0 0 0 0 0 0 1 1 0 1
200	2	1 1 0 1 0 0 1 0 1 0 0 0 0 0 0 0 1 1 0 1
200	4	1 1 1 1 0 0 0 0 0 1 1 0 0 0 0 0 1 1 0 1
200	3	1 1 1 1 0 0 0 1 0 1 0 0 0 0 0 0 1 1 0 1
200	3	0 1 1 1 0 0 0 1 0 1 0 0 0 0 0 0 1 1 0 1
200	3	1 1 1 1 0 0 0 0 0 1 0 0 1 0 0 0 1 1 0 1
200	1	1 1 1 1 0 0 0 1 0 1 0 0 0 0 0 1 1 1 0 1
200	3	1 1 0 1 0 0 0 0 0 1 1 0 0 1 0 1 1 1 0 1
200	2	1 1 1 1 0 0 0 0 0 1 0 0 0 0 0 0 1 1 0 1
200	2	1 1 1 1 0 0 0 1 0 1 0 0 0 0 0 0 1 0 0 1
200	1	1 0 0 1 0 0 0 0 0 1 1 0 0 0 1 1 1 1 0 1
200	1	1 1 1 1 0 0 1 1 0 1 0 0 0 0 1 0 1 0 0 1
200	2	1 0 1 1 0 0 1 1 0 1 0 0 0 0 0 0 1 0 1 1
200	2	1 1 1 1 0 0 0 0 0 1 1 0 0 0 1 0 1 1 0 1
200	1	1 1 1 1 0 0 0 0 0 1 1 0 1 0 0 0 1 1 0 1
200	1	1 1 1 1 0 0 0 1 0 1 0 0 0 1 0 0 1 1 0 1
200	3	1 1 1 1 0 0 1 0 1 0 1 0 0 0 0 0 1 1 0 1
200	1	1 1 0 1 0 0 0 0 0 1 1 0 0 0 0 0 1 1 0 1
200	1	1 1 1 1 0 0 0 1 0 1 0 1 0 1 0 0 1 1 0 1
200	1	0 0 1 0 0 0 0 0 0 1 0 0 0 0 0 1 1 1 0 1
200	1	1 0 1 1 0 0 1 1 0 1 0 0 0 0 0 0 1 1 0 1
200	2	1 0 0 1 0 0 0 1 0 1 0 0 0 0 0 0 1 1 0 1
200	1	1 1 0 1 0 0 0 0 0 0 0 0 0 0 0 0 1 1 0 1
200	1	1 1 1 1 0 0 0 0 0 1 0 0 1 0 0 0 1 1 0 0
200	1	1 1 1 1 0 0 0 0 1 1 0 1 0 1 0 0 1 0 0 1
200	1	1 1 0 1 0 0 0 0 0 1 0 0 1 0 1 0 1 1 0 1
200	1	1 1 1 1 0 0 0 1 0 0 0 0 0 0 1 0 1 0 0 1
200	1	0 0 1 0 0 0 1 0 0 1 0 0 0 0 0 0 1 0 1 1
200	1	1 1 1 1 0 0 0 1 0 0 1 0 0 0 0 0 1 1 1 1
200	1	1 1 1 1 0 0 0 0 1 1 0 0 0 0 0 0 1 1 0 1
200	1	1 0 1 1 0 0 0 0 0 1 0 0 0 0 0 0 1 1 0 1
200	1	1 1 1 1 0 0 0 0 1 1 0 0 0 0 0 0 1 0 0 1
210	1	1 1 0 1 0 0 0 0 0 1 0 0 0 0 0 0 1 1 0 1
210	1	1 1 1 1 0 0 0 0 0 1 1 0 0 0 0 0 1 1 0 1
210	6	1 1 1 1 0 0 0 1 0 1 0 0 0 0 0 0 1 1 0 1
210	5	1 1 1 1 0 0 0 1 0 1 0 0 0 0 0 1 1 1 0 1
210	1	1 1 0 1 0 0 0 0 0 1 1 0 0 1 0 1 1 1 0 1
210	1	1 0 1 0 0 0 1 1 0 1 0 0 1 0 0 0 1 0 0 1
210	2	1 1 1 1 0 0 0 0 0 1 1 0 0 0 0 1 1 0 0 1
210	2	1 1 1 1 0 0 0 0 0 1 0 0 0 0 0 0 1 1 0 1
210	1	1 1 1 1 0 0 0 0 0 1 1 0 0 0 1 0 1 1 0 1
210	1	1 1 1 1 0 0 0 0 0 1 1 0 0 0 0 0 1 0 0 1
210	1	1 1 1 1 0 0 1 0 1 0 0 0 0 0 0 0 1 1 0 1
210	1	1 0 1 1 0 0 1 0 0 1 0 0 0 0 0 0 0 0 0 1
210	1	1 1 1 1 0 0 0 1 0 1 0 0 0 1 0 0 1 1 0 1
210	1	1 1 0 1 0 0 0 0 0 1 0 0 0 0 0 0 1 1 0 0
210	1	1 1 1 1 0 0 1 0 1 0 1 0 0 0 0 0 1 1 0 1
210	1	1 1 0 1 0 0 0 0 0 0 1 0 0 0 1 0 1 0 0 1
210	1	1 0 1 1 0 0 1 0 0 0 0 0 0 0 0 0 1 0 0 1
210	1	0 0 1 0 0 0 0 0 0 1 0 0 0 0 0 1 1 1 0 1
210	2	1 1 0 1 0 0 0 0 0 0 1 0 0 0 1 0 1 1 0 1
210	1	1 1 0 1 0 0 0 0 0 1 0 0 1 0 1 0 1 1 0 1
210	2	1 1 1 1 0 0 0 1 0 0 1 0 0 0 0 0 1 1 1 1
210	2	1 1 1 1 0 0 0 1 0 0 0 0 0 0 0 0 1 0 0 1
210	1	1 1 1 1 0 0 1 0 0 1 0 1 1 0 0 0 1 1 0 1
210	1	1 0 1 1 0 0 1 0 0 0 0 0 0 0 0 0 1 1 0 1
210	1	0 1 0 1 0 0 0 1 0 1 0 0 0 0 0 0 1 1 0 1
210	1	1 1 0 1 0 0 0 0 0 0 1 0 1 0 1 0 1 1 0 1
210	1	1 1 0 1 1 1 0 0 1 1 1 0 0 0 0 0 1 1 0 1
210	1	1 1 1 0 0 0 1 0 1 0 1 0 0 0 0 0 1 1 0 1
210	1	1 1 1 1 0 0 0 0 0 1 0 0 1 0 0 0 1 0 0 0
210	2	1 1 1 1 0 0 0 0 0 1 0 0 0 0 0 1 1 1 0 1
210	2	1 1 1 1 0 0 0 0 1 1 0 0 0 0 1 0 1 1 0 1
210	1	1 1 1 1 1 0 0 1 0 1 0 0 0 0 0 0 1 0 0 1
210	1	1 0 1 1 0 1 1 1 0 1 0 0 0 0 0 0 1 1 0 1
210	1	1 0 1 1 0 0 0 1 0 1 1 0 0 0 0 0 1 1 0 1
220	3	1 1 0 1 0 0 1 0 1 0 0 0 0 0 0 0 1 1 0 1
220	5	1 1 1 1 0 0 0 1 0 1 0 0 0 0 0 0 1 1 0 1
220	1	1 1 1 1 0 0 0 0 0 1 0 0 1 0 0 0 1 1 0 1
220	1	1 1 1 1 0 0 0 1 0 1 0 0 0 0 0 1 1 1 0 1
220	1	1 1 1 1 0 0 0 0 0 1 1 0 0 0 0 1 1 0 0 1
220	3	1 1 1 1 0 0 0 0 0 1 0 0 0 0 0 0 1 1 0 1
220	1	1 1 1 1 0 0 0 1 0 1 0 0 0 0 0 0 1 0 0 1
220	3	1 0 1 1 0 0 1 1 0 1 0 0 0 0 0 0 1 0 1 1
220	2	1 1 1 1 0 0 0 1 0 1 0 0 0 1 0 0 1 1 0 1
220	4	1 1 1 1 0 0 1 0 1 0 1 0 0 0 0 0 1 1 0 1
220	3	1 1 0 1 0 0 0 0 0 0 1 0 0 0 1 0 1 0 0 1
220	1	0 0 1 1 0 0 1 1 0 1 0 0 0 0 1 0 1 1 0 1
220	1	1 1 1 0 0 0 1 1 0 1 0 0 0 0 1 0 1 0 0 1
220	2	1 1 0 1 1 1 0 0 1 1 1 0 0 0 0 0 1 1 1 0
220	1	1 1 0 1 0 0 1 0 1 0 1 1 0 0 1 0 1 0 0 1
220	1	1 1 1 1 0 0 1 0 0 1 0 1 1 0 0 0 1 1 0 1
220	2	1 0 1 1 0 0 0 1 0 1 0 0 0 0 0 0 1 1 0 1
220	1	1 1 0 1 0 0 1 1 0 1 0 0 0 0 1 0 1 0 0 1
220	1	1 1 1 1 0 0 0 0 0 0 1 0 0 0 0 0 1 1 0 1
220	1	0 0 0 1 0 0 0 1 0 1 0 0 0 0 0 0 1 1 0 1
220	1	1 0 1 1 0 0 0 0 0 1 0 0 0 0 0 0 0 0 0 1
220	2	1 1 1 1 0 0 1 1 0 1 0 0 0 0 0 0 1 1 0 1
220	1	1 1 1 1 0 0 0 1 0 0 1 0 0 0 0 0 0 0 0 1
220	1	1 1 1 1 0 0 0 0 0 1 0 1 0 0 0 0 1 1 0 1
220	1	1 0 1 1 0 0 1 1 0 1 0 0 0 0 0 0 1 0 0 1
220	1	0 1 1 0 0 0 1 1 0 1 0 0 0 0 1 0 1 0 0 1
220	1	1 1 1 1 0 0 0 0 0 0 0 0 0 0 0 0 1 1 0 1
220	1	1 0 1 1 0 0 0 1 1 1 0 0 0 0 1 0 1 1 0 1
220	1	1 0 1 1 0 0 1 0 0 1 0 0 0 0 0 1 1 1 0 1
220	1	1 1 1 0 0 0 0 1 0 1 0 1 0 0 0 0 1 1 0 1
220	1	1 1 1 1 0 0 1 0 1 0 1 0 0 0 0 0 0 1 0 1
230	4	1 1 0 1 0 0 1 0 1 0 0 0 0 0 0 0 1 1 0 1
230	4	1 1 1 1 0 0 0 1 0 1 0 0 0 0 0 0 1 1 0 1
230	2	1 1 1 1 0 0 0 0 0 1 0 0 1 0 0 0 1 1 0 1
230	3	1 1 1 1 0 0 0 0 0 1 0 0 0 0 0 0 1 1 0 1
230	1	1 1 1 1 0 0 0 1 0 1 0 0 0 0 0 0 1 0 0 1
230	1	1 0 1 1 0 0 1 1 0 1 0 0 0 0 0 0 1 0 1 1
230	4	1 1 1 1 0 0 1 0 1 0 1 0 0 0 0 0 1 1 0 1
230	1	1 0 1 1 0 0 1 0 0 0 0 0 0 0 0 0 1 0 0 1
230	2	1 1 0 1 0 0 0 0 0 0 1 0 0 0 1 0 1 1 0 1
230	1	1 1 0 0 0 0 0 1 0 1 0 0 0 0 0 0 1 1 0 1
230	1	1 1 1 1 0 0 0 0 1 1 0 0 0 0 0 0 1 0 0 1
230	1	1 1 0 0 0 0 1 0 0 1 0 0 0 0 0 0 0 0 0 1
230	1	1 0 1 1 0 0 0 1 0 1 0 0 0 0 0 0 1 1 0 1
230	3	1 1 1 1 0 0 1 1 0 1 0 0 0 0 0 0 1 1 0 1
230	1	1 1 1 1 0 0 0 1 0 0 1 0 0 0 0 0 0 0 0 1
230	1	0 0 1 0 0 0 1 0 1 0 0 0 0 0 0 0 1 1 0 1
230	3	0 0 1 1 0 0 1 1 0 1 0 0 0 0 0 0 1 1 0 1
230	1	1 1 1 1 0 0 0 0 0 1 0 1 0 0 0 0 1 1 0 1
230	1	1 1 0 1 0 0 0 0 0 1 1 0 0 1 1 1 1 1 0 1
230	1	1 1 1 1 1 0 1 0 1 0 1 0 0 0 0 0 1 1 0 1
230	1	1 1 1 1 0 0 0 0 1 1 1 0 0 0 0 0 1 1 0 1
230	1	1 1 1 1 0 0 1 0 0 1 0 0 0 0 0 1 1 1 0 1
230	2	1 0 1 1 0 0 1 0 0 1 0 0 0 0 0 1 1 1 0 1
230	1	1 1 1 1 0 0 0 1 0 0 1 0 0 0 0 0 1 0 0 1
230	1	1 1 1 1 0 0 0 1 0 1 0 0 1 0 1 0 1 1 0 1
230	2	1 1 0 1 1 1 0 0 1 1 1 0 0 0 1 0 1 1 0 1
230	1	0 0 1 0 0 0 1 0 1 1 1 0 0 0 1 0 1 1 0 1
230	2	0 1 1 1 0 0 0 1 0 1 0 0 0 0 0 0 1 1 0 1
230	1	0 1 1 1 0 0 0 1 0 1 0 0 0 1 0 0 1 1 0 1
230	1	1 1 0 0 0 0 0 1 0 1 0 0 0 0 0 1 1 1 0 1
240	6	1 1 1 1 0 0 0 1 0 1 0 0 0 0 0 0 1 1 0 1
240	1	1 1 1 1 0 0 0 1 0 1 0 0 0 0 0 1 1 1 0 1
240	1	1 1 1 1 0 0 0 0 0 1 1 0 0 0 0 1 1 0 0 1
240	1	1 1 1 1 0 0 0 0 0 1 0 0 0 0 0 0 1 1 0 1
240	1	1 1 1 1 0 0 0 1 0 1 0 0 0 0 0 0 1 0 0 1
240	1	1 0 1 1 0 0 1 1 0 1 0 0 0 0 0 0 1 0 1 1
240	1	1 1 0 1 0 0 0 0 0 0 1 0 0 0 1 0 1 1 0 1
240	1	1 1 0 1 0 0 1 0 1 0 0 0 0 1 0 0 1 1 0 1
240	1	1 1 1 1 0 0 0 0 1 1 0 0 0 0 0 0 1 0 0 1
240	1	1 1 1 1 0 0 0 0 0 1 0 0 0 0 0 0 0 0 0 1
240	6	1 1 1 1 0 0 1 0 0 1 0 1 1 0 0 0 1 1 0 1
240	1	1 1 1 1 0 0 0 1 0 0 1 0 0 0 0 0 0 0 0 1
240	3	1 1 1 1 0 0 0 0 1 1 1 0 0 0 1 0 1 1 0 1
240	1	0 0 1 0 0 0 1 0 1 0 0 0 0 0 0 0 1 1 0 1
240	1	1 0 1 1 0 0 0 1 0 1 0 0 0 0 0 1 1 1 0 1
240	1	1 1 1 1 0 0 1 0 0 1 0 0 0 0 0 0 1 0 0 1
240	1	1 1 1 1 0 0 0 0 0 1 0 1 0 0 0 0 1 1 0 1
240	2	1 1 1 0 0 0 0 1 0 1 0 0 0 0 0 0 1 1 0 1
240	2	1 1 1 0 0 0 1 1 0 1 0 0 0 0 0 0 1 1 0 1
240	1	1 1 0 0 0 1 1 0 0 1 0 0 0 0 0 0 0 0 0 1
240	1	1 1 1 1 0 0 1 0 0 1 0 1 1 0 0 0 1 0 0 1
240	1	1 0 0 1 0 0 1 0 0 0 0 0 0 1 0 0 0 0 0 1
240	1	1 1 1 1 0 0 1 0 0 1 0 0 0 0 0 1 1 1 0 1
240	1	1 1 1 1 0 0 1 0 1 0 1 0 0 0 0 0 1 0 0 1
240	2	1 0 1 1 0 0 1 0 0 1 0 0 0 0 0 1 1 1 0 1
240	2	1 1 1 1 0 0 0 0 1 1 1 0 0 0 0 0 1 0 0 1
240	2	1 0 1 1 0 0 1 0 1 0 1 0 0 0 0 0 1 1 0 1
240	1	0 0 1 1 0 0 0 1 0 1 0 0 0 0 0 0 1 1 0 1
240	1	1 1 1 1 0 0 1 0 0 1 0 0 0 0 1 1 1 1 0 1
240	1	1 1 1 1 0 0 0 0 1 0 1 0 0 0 0 0 1 1 0 1
240	2	1 1 1 1 0 0 1 0 1 0 0 0 0 0 0 0 1 1 0 1
240	1	1 1 1 0 0 0 1 1 0 1 0 0 1 0 1 0 1 0 0 1
250	1	1 1 1 1 0 0 0 1 0 1 0 0 0 0 0 0 1 1 0 1
250	2	1 1 1 1 0 0 0 0 0 1 0 0 1 0 0 0 1 1 0 1
250	2	1 1 1 1 0 0 0 0 0 1 0 0 0 0 0 0 1 1 0 1
250	7	1 1 1 1 0 0 0 1 0 1 0 0 0 0 0 0 1 0 0 1
250	2	1 1 1 1 0 0 1 0 1 0 1 0 0 0 0 0 1 1 0 1
250	1	1 1 1 0 0 0 1 1 0 1 0 0 0 0 1 0 1 0 0 1
250	4	1 0 1 1 0 0 0 1 0 1 0 0 0 0 0 0 1 1 0 1
250	5	1 1 1 1 0 0 1 1 0 1 0 0 0 0 0 0 1 1 0 1
250	3	1 1 1 1 0 0 0 1 0 0 1 0 0 0 0 0 0 0 0 1
250	1	1 1 1 0 0 0 0 1 0 1 0 0 0 0 0 0 1 1 0 1
250	3	1 1 1 0 0 0 1 1 0 1 0 0 0 0 0 0 1 1 0 1
250	2	1 1 1 1 0 1 1 1 0 1 0 0 0 0 0 0 1 1 0 1
250	1	1 1 1 1 0 0 0 0 1 1 1 0 0 0 0 0 1 0 0 1
250	2	1 1 1 1 1 1 0 0 1 1 1 0 0 0 0 0 1 0 1 0
250	1	1 1 1 1 0 0 0 1 0 1 0 0 0 0 0 0 0 0 0 1
250	1	1 1 0 1 0 0 1 0 0 1 0 1 1 0 0 0 1 1 0 1
250	1	1 1 1 1 0 0 1 0 0 1 0 0 0 0 1 1 1 1 0 1
250	2	1 1 1 1 0 0 0 0 0 1 1 1 0 0 0 1 1 0 0 1
250	1	1 1 1 1 1 1 0 0 1 1 1 0 0 0 0 0 1 1 0 1
250	1	1 1 1 1 0 0 1 0 0 1 0 0 0 0 0 0 0 0 0 1
250	1	1 1 0 1 0 0 0 0 0 1 1 1 0 1 1 1 1 1 0 1
250	1	1 1 1 1 0 0 1 0 0 1 0 1 0 0 0 0 1 1 0 1
250	1	1 1 1 1 0 0 1 0 0 0 0 0 1 0 0 0 1 1 0 1
250	1	1 1 0 1 0 0 0 1 0 1 0 0 0 0 0 0 1 1 0 1
250	1	1 1 1 1 0 0 0 0 0 1 1 0 1 0 0 0 1 1 0 1
250	1	1 1 1 1 0 0 1 0 0 1 0 0 0 0 0 0 1 1 0 1
250	1	1 1 1 1 0 0 0 1 0 1 1 0 0 0 0 0 1 1 0 1
260	2	1 1 1 1 0 0 0 1 0 1 0 0 0 0 0 0 1 1 0 1
260	2	1 1 1 1 0 0 0 1 0 1 0 0 0 0 0 1 1 1 0 1
260	5	1 1 1 1 0 0 0 1 0 1 0 0 0 0 0 0 1 0 0 1
260	5	1 1 1 1 0 0 0 1 0 1 0 0 0 1 0 0 1 1 0 1
260	1	1 1 1 0 0 0 1 1 0 1 0 0 0 0 1 0 1 0 0 1
260	1	1 1 1 1 0 0 1 0 0 1 0 1 1 0 0 0 1 1 0 1
260	6	1 0 1 1 0 0 0 1 0 1 0 0 0 0 0 0 1 1 0 1
260	2	1 1 1 1 0 0 1 1 0 1 0 0 0 0 0 0 1 1 0 1
260	3	1 1 1 1 0 0 0 1 0 0 1 0 0 0 0 0 0 0 0 1
260	1	1 1 0 1 0 0 1 0 0 0 0 0 1 0 0 0 1 1 0 1
260	1	1 1 1 1 0 1 1 1 0 1 0 0 0 0 0 0 1 1 0 1
260	1	1 1 1 1 0 0 0 0 1 1 1 0 0 0 0 0 1 0 0 1
260	3	1 1 1 1 1 1 0 0 1 1 1 0 0 0 0 0 1 0 1 0
260	2	1 1 0 1 0 0 1 0 0 1 0 1 1 0 0 0 1 1 0 1
260	1	1 1 1 1 0 0 1 0 0 1 0 0 0 0 1 1 1 1 0 1
260	1	1 1 1 1 0 0 0 0 1 0 1 0 0 0 0 0 1 1 0 1
260	1	1 1 1 1 0 0 0 1 0 0 1 0 0 0 0 0 0 0 1 1
260	1	1 0 1 1 0 0 1 0 0 1 0 0 0 0 0 1 0 1 0 1
260	1	1 1 0 1 0 0 0 0 0 1 1 1 0 1 1 1 1 1 0 1
260	1	1 1 0 1 0 0 0 1 0 1 0 0 0 0 0 0 1 1 0 1
260	1	1 1 1 1 0 1 0 0 0 1 0 0 0 0 0 0 1 0 0 1
260	1	1 1 1 1 0 0 0 0 0 1 0 0 0 0 0 0 1 1 1 1
260	1	1 1 1 1 0 0 0 0 0 1 0 1 1 0 0 0 0 0 0 1
260	1	1 1 0 1 0 0 0 0 1 1 1 0 0 0 0 0 1 0 0 1
260	1	1 1 1 1 1 0 1 0 0 1 0 0 0 0 0 0 0 0 0 1
260	1	1 1 1 1 0 0 0 0 0 1 1 1 0 0 0 1 0 0 0 1
260	1	1 1 1 1 0 0 0 1 0 1 0 0 0 1 0 0 1 1 1 1
260	1	1 1 0 1 0 0 0 1 0 1 0 0 0 0 0 1 1 1 0 1
260	1	1 1 0 1 0 0 1 1 0 0 1 0 0 0 0 0 0 1 0 1
270	3	1 1 1 1 0 0 0 1 0 1 0 0 0 0 0 0 1 1 0 1
270	3	1 1 1 1 0 0 0 1 0 1 0 0 0 0 0 1 1 1 0 1
270	2	1 1 1 1 0 0 0 0 0 1 0 0 0 0 0 0 1 1 0 1
270	1	1 1 1 1 0 0 0 1 0 1 0 0 0 0 0 0 1 0 0 1
270	7	1 1 1 1 0 0 0 1 0 1 0 0 0 1 0 0 1 1 0 1
270	3	1 1 1 0 0 0 1 1 0 1 0 0 0 0 1 0 1 0 0 1
270	1	1 1 1 1 0 0 0 0 0 1 0 0 0 0 0 0 0 0 0 1
270	4	1 0 1 1 0 0 0 1 0 1 0 0 0 0 0 0 1 1 0 1
270	4	1 1 1 1 0 0 1 1 0 1 0 0 0 0 0 0 1 1 0 1
270	3	1 1 1 1 0 0 0 0 0 1 0 1 0 0 0 0 1 1 0 1
270	1	1 1 1 0 0 0 1 1 0 1 0 0 0 0 0 0 1 1 0 1
270	2	1 1 1 1 0 1 1 1 0 1 0 0 0 0 0 0 1 1 0 1
270	1	1 1 1 1 0 0 0 0 1 1 0 0 0 0 0 0 1 1 0 1
270	1	1 1 1 1 0 0 1 1 1 1 0 0 0 0 0 0 1 1 0 1
270	1	1 1 1 1 0 0 1 0 1 0 0 0 0 0 0 0 1 1 0 1
270	1	1 1 1 0 0 0 1 1 0 1 1 0 0 0 0 0 1 1 0 1
270	1	1 1 1 1 0 0 1 1 1 1 0 0 1 0 0 0 1 1 0 1
270	1	1 1 1 1 0 0 1 0 0 1 0 0 0 1 1 0 1 1 0 1
270	2	1 1 1 1 1 0 0 1 0 0 1 0 0 0 0 0 0 0 0 1
270	1	1 1 0 1 0 0 1 0 0 1 0 0 0 0 0 0 1 1 1 1
270	2	1 1 1 1 0 0 0 1 0 1 0 0 0 0 0 1 1 0 0 1
270	1	0 0 1 1 0 0 0 1 0 1 0 0 0 0 0 0 1 1 0 1
270	1	1 1 1 1 0 0 0 0 1 1 0 0 0 0 1 0 1 1 0 1
270	1	1 1 1 1 0 0 0 1 0 0 0 0 0 0 0 1 1 1 0 1
270	1	1 1 1 1 0 0 0 0 0 1 0 0 0 0 0 0 0 0 1 1
270	1	1 1 1 1 0 1 1 1 1 1 0 0 0 0 0 0 1 1 0 1
280	2	1 1 1 1 0 0 0 1 0 1 0 0 0 0 0 0 1 1 0 1
280	2	1 1 1 1 0 0 0 1 0 1 0 0 0 0 0 1 1 1 0 1
280	2	1 1 1 1 0 0 0 1 0 1 0 0 0 0 0 0 1 0 0 1
280	6	1 1 1 1 0 0 0 1 0 1 0 0 0 1 0 0 1 1 0 1
280	1	1 1 1 1 0 0 1 0 1 0 1 0 0 0 0 0 1 1 0 1
280	1	1 1 1 0 0 0 1 1 0 1 0 0 0 0 1 0 1 0 0 1
280	4	1 0 1 1 0 0 0 1 0 1 0 0 0 0 0 0 1 1 0 1
280	4	1 1 1 1 0 0 1 1 0 1 0 0 0 0 0 0 1 1 0 1
280	1	1 1 1 1 0 0 0 0 0 1 0 1 0 0 0 0 1 1 0 1
280	1	1 1 1 1 0 1 1 1 0 1 0 0 0 0 0 0 1 1 0 1
280	1	1 1 0 1 0 0 1 0 0 1 0 1 1 0 0 0 1 1 0 1
280	1	1 1 1 1 0 0 1 0 0 1 0 0 1 0 1 1 1 1 0 1
280	3	1 1 0 1 0 0 0 1 0 1 0 0 0 0 0 0 1 1 0 1
280	1	1 0 1 1 0 0 0 1 0 0 1 0 0 0 0 0 0 0 0 1
280	1	1 1 1 1 0 0 1 1 1 1 0 0 1 0 0 0 1 1 0 1
280	4	1 1 1 1 1 0 1 0 1 0 0 0 0 0 0 0 1 1 0 1
280	1	1 1 1 1 0 0 1 0 1 1 0 0 0 0 0 0 1 1 0 0
280	1	1 1 1 1 0 0 0 0 1 1 0 1 0 0 0 0 1 1 0 1
280	2	1 1 1 0 0 0 0 0 1 1 0 0 0 0 0 0 1 1 0 1
280	1	1 1 1 1 0 0 0 1 0 1 0 0 0 0 0 0 1 1 1 0
280	1	1 1 1 1 0 0 0 1 0 0 0 0 0 0 0 1 1 1 0 1
280	1	1 1 1 1 0 1 1 0 1 0 0 0 0 0 0 0 1 1 0 0
280	1	1 1 0 1 0 0 1 0 0 1 0 1 1 1 0 0 1 1 0 0
280	1	1 1 1 1 1 0 0 1 0 1 0 0 0 0 0 1 1 1 0 1
280	2	1 1 1 0 0 0 1 1 0 1 0 0 0 0 1 0 1 1 0 1
280	1	1 1 0 1 0 0 1 0 0 1 0 1 0 0 0 0 1 1 0 1
280	1	1 1 0 1 0 0 0 0 1 1 0 0 0 0 0 0 1 1 0 1
280	1	1 1 1 1 0 0 0 1 0 1 0 0 0 1 0 0 1 1 1 1
280	1	0 1 1 1 0 0 1 0 0 1 0 0 1 0 1 1 1 1 0 1
290	4	1 1 1 1 0 0 0 1 0 1 0 0 0 0 0 0 1 1 0 1
290	2	1 1 1 1 0 0 0 1 0 1 0 0 0 0 0 1 1 1 0 1
290	1	1 1 1 1 0 0 0 0 0 1 0 0 0 0 0 0 1 1 0 1
290	2	1 1 1 1 0 0 0 1 0 1 0 0 0 1 0 0 1 1 0 1
290	3	1 1 1 1 0 0 0 0 0 1 0 1 0 0 0 0 1 1 0 1
290	5	1 1 1 1 0 0 0 0 1 1 0 0 0 0 0 0 1 1 0 1
290	1	1 1 1 1 0 0 1 1 1 1 0 0 0 0 0 0 1 1 0 1
290	2	1 1 1 1 0 0 0 0 1 0 1 0 0 0 0 0 1 1 0 1
290	2	1 1 0 1 0 0 0 1 0 1 0 0 0 0 0 0 1 1 0 1
290	1	1 1 1 0 0 0 1 1 0 1 0 0 0 0 0 1 1 1 0 1
290	1	1 1 1 1 0 0 1 0 0 1 0 0 0 1 1 0 1 1 0 1
290	2	1 1 1 1 1 0 0 1 0 0 1 0 0 0 0 0 0 0 0 1
290	2	1 1 0 1 0 0 1 0 0 1 0 0 0 0 0 0 1 1 0 1
290	3	1 1 1 1 0 0 0 1 0 1 0 0 0 0 0 1 1 0 0 1
290	1	1 1 0 1 0 0 1 0 0 1 1 0 0 0 0 0 1 1 0 1
290	1	1 1 1 1 0 0 0 1 0 1 0 1 0 0 0 0 1 0 0 1
290	2	1 1 1 1 1 0 0 1 0 1 0 0 0 0 0 1 1 1 0 1
290	1	1 1 1 1 0 0 1 0 1 0 1 0 0 0 0 1 1 1 0 1
290	2	1 1 1 1 0 0 0 0 0 1 0 1 1 0 0 0 1 0 0 1
290	2	1 1 1 1 0 0 0 0 0 1 0 0 1 1 0 0 1 1 0 0
290	1	1 1 0 1 0 0 0 0 1 1 0 0 0 0 0 0 1 1 0 1
290	1	1 0 1 1 0 0 1 0 0 1 0 0 1 1 0 0 1 1 0 0
290	1	1 1 1 1 0 0 1 0 0 1 0 0 0 0 0 0 1 1 0 1
290	1	1 1 1 1 1 1 1 1 0 1 0 0 0 0 0 0 1 1 0 1
290	1	0 1 1 1 0 0 1 0 1 1 0 0 0 0 0 0 1 1 0 0
290	1	1 1 1 1 0 0 1 0 0 1 0 0 1 1 0 0 1 1 0 0
290	1	1 1 1 1 0 0 0 1 0 1 0 1 0 0 1 0 1 1 0 1
290	1	1 0 1 0 0 0 0 1 0 1 0 0 0 0 0 0 1 1 0 1
290	1	1 1 1 1 0 0 1 0 0 1 0 1 0 0 0 0 1 1 0 1
290	1	1 1 0 1 1 0 1 1 0 1 0 1 1 0 0 0 1 1 0 1
300	3	1 1 1 1 0 0 0 1 0 1 0 0 0 0 0 0 1 1 0 1
300	1	1 1 1 1 0 0 0 0 0 1 0 0 0 0 0 0 1 1 0 1
300	1	1 1 1 1 0 0 1 0 1 0 1 0 0 0 0 0 1 1 0 1
300	3	1 0 1 1 0 0 0 1 0 1 0 0 0 0 0 0 1 1 0 1
300	1	1 1 1 1 0 0 0 0 0 1 0 1 0 0 0 0 1 1 0 1
300	2	1 1 1 1 0 1 1 1 0 1 0 0 0 0 0 0 1 1 0 1
300	2	1 1 1 1 0 0 0 0 1 1 0 0 0 0 0 0 1 1 0 1
300	1	1 1 1 1 0 0 1 0 0 1 0 0 1 0 1 1 1 1 0 1
300	1	1 1 0 1 0 0 0 1 0 1 0 0 0 0 0 0 1 1 0 1
300	1	1 0 1 1 0 0 0 1 0 0 1 0 0 0 0 0 0 0 0 1
300	2	1 1 1 1 1 0 1 0 1 0 0 0 0 0 0 0 1 1 0 1
300	1	1 1 1 1 1 0 0 1 0 0 1 0 0 0 0 0 0 0 0 1
300	1	1 1 0 1 0 0 0 1 0 1 0 0 0 0 0 1 1 1 0 1
300	4	1 1 0 1 0 0 1 0 0 1 1 0 0 0 0 0 1 1 0 1
300	1	1 1 1 1 0 0 0 1 0 1 0 0 0 0 0 0 1 1 1 0
300	1	1 1 1 1 0 0 0 0 0 1 0 1 1 0 0 0 1 0 0 1
300	1	1 1 1 0 0 0 0 0 1 1 0 0 0 0 0 0 1 1 1 1
300	1	1 0 0 1 0 0 0 1 0 1 0 0 0 0 0 0 1 1 0 1
300	1	1 1 1 1 0 0 0 1 0 1 0 0 1 0 0 1 1 1 0 1
300	1	1 1 0 1 0 0 0 0 0 1 0 1 0 0 0 0 1 1 0 1
300	2	1 1 1 0 0 0 0 0 0 1 0 1 0 0 0 0 1 0 0 1
300	1	1 1 1 1 0 0 0 0 1 1 0 0 0 0 0 1 1 1 0 1
300	1	1 1 1 1 0 0 0 1 0 1 0 1 0 0 1 0 1 1 0 1
300	1	1 1 1 1 0 0 0 1 0 1 0 0 1 1 0 0 1 1 0 0
300	1	1 1 1 1 0 0 1 1 0 0 0 0 0 1 0 0 1 1 0 1
300	1	1 1 1 1 1 0 1 0 0 1 0 0 1 0 1 1 0 0 0 1
300	1	1 1 1 1 0 0 0 0 1 1 1 0 0 0 0 0 1 1 0 1
300	1	1 0 0 1 0 0 0 1 0 1 0 0 0 0 0 0 0 1 0 1
300	1	1 1 1 1 0 0 1 0 0 1 0 0 1 0 0 0 1 0 0 1
300	1	1 1 1 1 0 0 0 0 0 1 0 1 1 1 0 0 1 0 0 1
300	1	1 1 1 1 0 0 0 1 0 1 0 0 0 0 1 1 1 1 0 1
300	1	1 1 0 1 0 1 1 0 0 1 1 0 0 0 0 0 1 1 0 1
300	2	1 1 1 1 0 0 0 0 1 1 0 0 0 1 1 0 1 1 0 1
300	1	1 1 1 0 0 0 0 1 0 1 0 0 0 0 0 0 1 1 0 1
300	1	1 1 1 1 0 0 0 1 0 1 0 0 0 0 0 0 1 0 0 1
300	1	1 1 1 1 0 0 0 0 0 1 0 1 1 0 1 0 1 0 0 1
300	1	1 1 1 1 1 0 1 0 1 0 0 0 0 0 0 1 1 0 0 1
300	1	1 1 0 1 1 1 1 1 0 0 0 0 0 0 0 0 1 1 0 1
310	2	1 1 1 1 0 0 0 1 0 1 0 0 0 0 0 0 1 1 0 1
310	1	1 1 1 1 0 0 0 1 0 1 0 0 0 0 0 1 1 1 0 1
310	3	1 1 1 1 0 0 0 0 0 1 0 0 0 0 0 0 1 1 0 1
310	1	1 1 1 1 0 0 0 1 0 1 0 0 0 1 0 0 1 1 0 1
310	2	1 1 1 1 0 0 1 0 1 0 1 0 0 0 0 0 1 1 0 1
310	1	1 0 1 1 0 0 0 1 0 1 0 0 0 0 0 0 1 1 0 1
310	1	1 1 1 1 0 0 1 1 0 1 0 0 0 0 0 0 1 1 0 1
310	3	1 1 1 1 0 0 0 0 0 1 0 1 0 0 0 0 1 1 0 1
310	1	1 1 1 1 0 1 1 1 0 1 0 0 0 0 0 0 1 1 0 1
310	2	1 1 1 1 0 0 0 0 1 1 0 0 0 0 0 0 1 1 0 1
310	2	1 0 1 1 0 0 0 1 0 0 1 0 0 0 0 0 0 0 0 1
310	3	1 1 1 1 1 0 1 0 1 0 0 0 0 0 0 0 1 1 0 1
310	1	1 1 1 1 1 0 0 1 0 0 1 0 0 0 0 0 0 0 0 1
310	3	1 1 1 1 0 0 0 0 0 1 0 1 1 0 0 0 1 0 0 1
310	1	1 1 1 1 0 0 1 0 0 1 0 0 0 0 0 0 1 1 0 1
310	2	1 1 1 0 0 0 0 0 1 1 0 0 0 0 0 0 1 1 1 1
310	1	1 1 1 1 0 0 0 1 0 1 0 0 1 0 0 1 1 1 0 1
310	1	1 1 0 1 0 0 0 0 0 1 0 1 0 0 0 0 1 1 0 1
310	1	1 1 1 1 0 0 0 1 0 1 0 0 1 0 0 0 1 1 0 1
310	1	1 1 1 1 1 1 0 1 0 0 1 0 0 0 0 0 0 0 0 1
310	2	1 1 1 0 0 0 0 0 0 1 0 1 0 0 0 0 1 0 0 1
310	1	1 1 1 1 0 0 0 1 0 1 0 0 1 1 0 0 1 1 0 0
310	1	1 1 1 1 1 0 1 0 0 1 0 0 1 0 1 1 0 0 0 1
310	1	1 0 0 1 0 0 0 1 0 1 0 0 0 0 0 0 0 1 0 1
310	1	1 0 1 1 0 0 0 0 1 1 0 0 0 0 0 0 1 1 0 1
310	2	1 1 1 1 1 0 1 0 0 0 0 0 0 0 0 0 1 1 0 1
310	1	1 1 0 1 1 0 1 0 1 0 0 0 0 0 0 0 1 1 0 1
310	1	1 1 1 1 0 0 0 1 0 1 0 0 0 0 0 0 1 0 0 1
310	1	1 0 0 1 0 0 0 1 0 1 0 0 0 0 0 0 1 1 1 0
310	1	1 1 1 1 1 0 1 1 1 0 0 0 0 0 0 0 1 1 0 1
310	1	1 1 1 1 0 0 1 0 1 0 1 1 0 0 0 0 1 1 0 1
310	1	1 1 0 1 0 0 1 0 0 1 0 0 0 0 0 0 1 1 0 1
310	1	1 1 0 1 0 0 1 1 0 1 1 0 0 0 0 0 1 0 0 1
310	1	1 1 1 1 0 0 1 0 0 0 1 0 0 0 0 0 1 1 0 1
310	1	0 1 1 1 0 0 0 0 1 1 0 0 0 1 1 0 1 1 0 1
320	1	1 1 1 1 0 0 0 1 0 1 0 0 0 0 0 1 1 1 0 1
320	1	1 1 1 1 0 0 0 0 0 1 0 0 0 0 0 0 1 1 0 1
320	1	1 1 1 1 0 0 0 1 0 1 0 0 0 1 0 0 1 1 0 1
320	1	1 1 1 1 0 0 1 0 1 0 1 0 0 0 0 0 1 1 0 1
320	1	1 1 1 1 0 0 0 0 0 1 0 1 0 0 0 0 1 1 0 1
320	1	1 1 1 1 0 1 1 1 0 1 0 0 0 0 0 0 1 1 0 1
320	3	1 1 1 1 0 0 0 0 1 1 0 0 0 0 0 0 1 1 0 1
320	2	1 1 1 1 0 0 1 1 1 1 0 0 0 0 0 0 1 1 0 1
320	1	1 1 0 1 0 0 0 1 0 1 0 0 0 0 0 0 1 1 0 1
320	1	1 1 1 1 1 0 1 0 1 0 0 0 0 0 0 0 1 1 0 1
320	5	1 1 1 1 0 0 0 0 0 1 0 1 1 0 0 0 1 0 0 1
320	1	1 1 1 1 0 0 1 0 0 1 0 0 0 0 0 0 1 1 0 1
320	1	1 1 1 1 0 0 0 1 0 1 0 0 1 0 0 1 1 1 0 1
320	1	1 1 1 1 1 0 1 0 0 1 0 0 1 0 1 1 0 0 0 1
320	3	1 1 1 1 0 0 0 0 1 1 0 0 0 0 0 0 1 1 1 1
320	1	1 1 1 1 0 0 0 0 0 1 0 0 0 0 0 0 1 0 0 1
320	2	1 1 0 1 0 0 0 0 1 1 0 0 0 0 1 0 1 1 0 1
320	1	1 1 1 1 1 0 1 1 1 0 0 0 0 0 0 0 1 1 0 1
320	1	1 1 0 1 0 0 1 0 0 1 1 0 0 0 0 0 1 1 0 0
320	1	1 1 1 1 0 0 1 0 1 0 1 1 0 0 0 0 1 1 0 1
320	1	1 1 0 1 0 0 0 1 0 1 0 0 0 0 0 0 0 0 0 1
320	1	1 1 1 1 0 0 0 1 0 0 0 0 1 0 0 1 1 0 0 1
320	1	1 1 1 1 0 0 0 0 1 0 1 0 0 0 0 0 1 1 0 1
320	1	1 1 1 1 0 0 1 0 0 1 0 0 0 0 1 0 1 0 0 1
320	1	1 1 1 1 0 0 1 0 1 0 0 0 0 0 0 0 1 1 0 1
320	2	1 1 1 0 0 0 0 0 0 1 0 1 1 0 0 0 1 0 0 1
320	1	1 1 1 1 0 0 0 1 0 1 0 0 0 0 0 0 0 1 0 1
320	1	1 1 1 1 0 0 0 1 0 1 0 0 1 0 1 0 1 1 0 1
320	2	1 1 1 1 0 0 1 0 1 0 1 1 1 0 0 0 1 0 0 1
320	1	1 0 1 1 0 0 0 1 0 0 1 0 0 0 0 0 1 1 0 1
320	1	1 1 1 1 0 0 0 0 0 1 0 1 1 1 0 0 1 0 0 1
320	2	1 1 1 1 0 0 0 1 1 0 0 0 0 0 0 0 1 1 1 1
320	1	1 1 1 1 1 0 1 1 1 0 0 0 0 0 0 0 0 1 0 1
320	1	1 1 1 1 0 0 0 0 0 1 0 1 0 0 0 0 1 0 0 1
320	1	1 1 1 1 0 0 1 1 0 1 0 0 0 0 0 0 0 0 0 1
320	1	1 1 1 1 0 0 1 0 0 0 0 0 0 0 0 0 1 1 0 1
320	1	1 1 1 1 1 1 0 1 0 0 1 0 0 0 0 0 0 0 1 1
330	2	1 1 1 1 0 0 0 1 0 1 0 0 0 0 0 0 1 1 0 1
330	1	1 1 1 1 0 0 0 1 0 1 0 0 0 1 0 0 1 1 0 1
330	4	1 1 1 1 0 0 1 0 1 0 1 0 0 0 0 0 1 1 0 1
330	1	1 1 1 1 0 0 1 1 0 1 0 0 0 0 0 0 1 1 0 1
330	2	1 1 1 1 0 0 0 0 0 1 0 1 0 0 0 0 1 1 0 1
330	1	1 1 1 1 0 1 1 1 0 1 0 0 0 0 0 0 1 1 0 1
330	2	1 1 1 1 0 0 0 0 1 1 0 0 0 0 0 0 1 1 0 1
330	1	1 1 1 1 0 0 1 1 1 1 0 0 0 0 0 0 1 1 0 1
330	1	1 1 1 1 1 0 0 1 0 0 1 0 0 0 0 0 0 0 0 1
330	1	1 1 1 1 0 0 0 1 0 1 0 0 0 0 0 0 0 0 0 1
330	2	1 1 1 1 0 0 0 0 0 1 0 1 1 0 0 0 1 0 0 1
330	3	1 1 1 1 0 0 1 0 0 1 0 0 0 0 0 0 1 1 0 1
330	2	1 1 1 1 0 0 0 1 0 1 0 0 1 0 0 1 1 1 0 1
330	3	1 1 1 1 0 0 0 1 0 1 0 0 1 0 0 0 1 1 0 1
330	1	1 1 1 1 1 1 0 1 0 0 1 0 0 0 0 0 0 0 0 1
330	2	1 1 1 1 1 0 0 0 1 1 0 0 0 0 0 0 1 1 0 1
330	1	1 0 1 1 0 0 0 1 0 0 1 0 0 0 0 0 1 0 0 1
330	1	1 1 0 1 0 0 0 1 0 1 0 0 0 0 0 0 0 0 0 1
330	4	1 1 1 1 0 0 0 1 0 0 0 0 1 0 0 1 1 0 0 1
330	1	1 1 1 1 0 0 0 1 0 1 0 1 1 0 0 0 1 0 0 1
330	1	1 1 1 1 0 0 0 1 0 1 0 0 1 0 1 0 1 1 0 1
330	1	1 1 1 0 0 0 0 0 1 0 1 0 0 0 0 0 1 1 1 1
330	1	1 1 1 1 0 0 0 1 0 1 0 0 0 0 0 0 1 0 0 1
330	1	1 1 1 0 0 0 0 1 1 0 0 0 0 0 0 0 1 1 0 0
330	1	1 1 1 1 1 0 1 1 0 1 0 0 0 0 0 0 1 1 0 1
330	1	1 1 1 1 0 0 1 0 1 0 1 0 0 0 1 0 1 1 0 1
330	1	1 1 1 1 0 0 0 0 1 0 0 0 0 0 0 0 1 1 0 1
330	1	1 1 1 1 0 0 0 0 1 1 0 0 0 0 0 0 1 1 1 0
330	2	1 1 0 1 0 0 0 1 0 1 0 0 0 0 0 0 1 0 0 1
330	1	1 1 1 1 0 0 0 0 1 1 0 0 0 1 0 0 1 1 0 1
330	1	0 1 1 1 0 0 0 0 0 1 0 1 1 0 0 0 1 0 0 1
330	1	0 1 1 1 0 0 0 0 0 1 0 1 1 1 0 0 1 0 0 1
330	1	1 1 1 1 0 1 1 1 0 0 0 0 0 0 0 0 0 1 0 1
340	4	1 1 1 1 0 0 0 1 0 1 0 0 0 0 0 0 1 1 0 1
340	1	1 1 1 1 0 0 0 1 0 1 0 0 0 0 0 1 1 1 0 1
340	1	1 1 1 1 0 0 0 1 0 1 0 0 0 1 0 0 1 1 0 1
340	2	1 1 1 1 0 0 1 0 1 0 1 0 0 0 0 0 1 1 0 1
340	2	1 1 1 1 0 0 1 1 0 1 0 0 0 0 0 0 1 1 0 1
340	2	1 1 1 1 0 1 1 1 0 1 0 0 0 0 0 0 1 1 0 1
340	2	1 1 1 1 0 0 0 0 1 1 0 0 0 0 0 0 1 1 0 1
340	2	1 1 0 1 0 0 0 1 0 1 0 0 0 0 0 0 1 1 0 1
340	3	1 1 1 1 0 0 0 1 0 1 0 0 0 0 0 0 0 0 0 1
340	1	1 1 1 1 0 0 0 0 0 1 0 1 1 0 0 0 1 0 0 1
340	1	1 1 1 1 0 0 1 0 0 1 0 0 0 0 0 0 1 1 0 1
340	2	1 1 1 1 0 0 0 1 0 1 0 0 1 0 0 1 1 1 0 1
340	1	1 1 1 1 1 1 0 1 0 0 1 0 0 0 0 0 0 0 0 1
340	1	1 1 1 1 0 0 0 0 1 1 1 0 0 0 0 0 1 1 0 1
340	3	1 1 1 1 1 0 0 0 1 1 0 0 0 0 0 0 1 1 0 1
340	2	1 1 0 1 0 0 0 1 0 1 0 0 0 0 0 0 0 0 0 1
340	3	1 1 1 1 0 0 0 1 0 0 0 0 1 0 0 1 1 0 0 1
340	1	1 1 1 1 1 0 0 0 1 0 0 0 0 0 0 0 1 1 0 1
340	1	1 1 1 1 0 0 0 0 1 0 0 0 0 0 0 0 1 1 0 1
340	2	1 1 1 1 1 0 1 0 1 0 1 0 0 1 0 0 1 1 0 1
340	3	1 1 1 1 0 1 1 1 0 0 0 0 0 0 0 0 0 1 0 1
340	1	1 1 1 1 0 0 0 0 1 1 0 0 0 0 0 0 1 1 0 0
340	1	1 1 1 1 1 0 0 0 1 1 0 0 0 0 0 0 0 1 0 1
340	1	1 1 1 0 0 0 0 1 0 0 0 0 0 0 0 0 1 1 1 1
340	1	1 1 1 1 1 1 0 1 0 0 1 0 1 0 0 0 0 0 0 1
340	1	0 1 1 1 0 0 0 0 1 1 0 0 0 0 0 0 1 1 0 1
340	1	1 1 1 1 0 1 1 0 0 0 1 0 0 0 0 0 1 1 0 1
340	1	1 1 1 1 0 0 0 0 0 1 1 0 0 0 0 0 1 1 0 1
340	1	1 1 0 1 0 0 0 1 0 1 0 0 0 0 0 1 1 1 0 1
340	1	1 1 1 1 0 0 0 1 1 1 0 0 0 0 0 0 1 0 0 1
340	1	1 1 1 1 0 0 1 0 1 0 1 0 0 0 0 0 1 1 0 0
350	2	1 1 1 1 0 0 0 1 0 1 0 0 0 0 0 0 1 1 0 1
350	1	1 1 1 1 0 0 0 0 0 1 0 0 0 0 0 0 1 1 0 1
350	3	1 1 1 1 0 0 1 0 1 0 1 0 0 0 0 0 1 1 0 1
350	1	1 1 1 1 0 0 1 1 0 1 0 0 0 0 0 0 1 1 0 1
350	2	1 1 1 1 0 0 0 0 0 1 0 1 0 0 0 0 1 1 0 1
350	3	1 1 1 1 0 1 1 1 0 1 0 0 0 0 0 0 1 1 0 1
350	1	1 1 1 1 0 0 0 0 1 1 0 0 0 0 0 0 1 1 0 1
350	5	1 1 1 1 0 0 0 1 0 1 0 0 0 0 0 0 0 0 0 1
350	4	1 1 1 1 1 1 0 1 0 0 1 0 0 0 0 0 0 0 0 1
350	1	1 1 1 1 0 0 0 0 1 1 1 0 0 0 0 0 1 1 0 1
350	1	1 1 1 1 0 0 0 1 0 0 0 0 1 0 0 1 1 0 0 1
350	2	1 1 1 1 0 0 0 1 0 0 0 0 0 0 0 0 1 1 0 1
350	1	1 1 1 1 1 0 0 0 1 0 0 0 0 0 0 0 1 1 0 1
350	1	1 1 1 1 1 0 1 1 0 1 0 0 0 0 0 0 1 1 0 1
350	2	1 1 1 1 0 0 0 0 1 0 0 0 0 0 0 0 1 1 0 1
350	3	0 1 1 1 0 0 1 0 0 0 0 0 1 0 0 1 1 0 0 1
350	1	1 1 1 1 0 1 1 1 0 0 0 0 0 0 0 0 0 1 0 1
350	2	1 1 1 1 0 0 0 1 0 1 0 0 1 0 0 0 1 0 0 1
350	1	1 1 1 1 1 0 1 0 1 0 1 0 0 0 0 1 1 0 0 1
350	1	1 1 1 1 0 0 1 1 0 1 0 0 0 0 0 1 1 1 0 1
350	1	1 1 1 1 1 0 0 0 0 0 1 0 0 0 0 0 1 0 0 1
350	1	1 1 1 1 0 0 1 0 1 0 1 1 0 0 0 0 1 1 0 1
350	1	1 1 1 1 0 0 0 1 0 1 0 0 1 0 1 1 1 1 0 1
350	2	1 0 1 1 1 0 1 0 0 1 0 0 0 0 0 0 1 1 0 1
350	1	1 1 1 1 0 0 0 0 0 0 0 0 0 0 0 0 1 1 0 1
350	1	1 1 1 1 0 0 0 1 0 1 0 0 0 0 1 1 1 1 0 1
350	1	1 1 0 1 0 0 0 1 0 1 0 0 0 0 1 0 1 1 0 1
350	1	0 1 1 1 1 0 1 0 0 0 0 0 1 0 0 1 1 0 0 1
350	1	1 1 1 1 0 0 0 1 0 0 0 0 1 0 0 1 1 0 1 1
350	1	1 1 1 1 0 1 0 1 0 1 0 1 1 0 0 0 1 0 0 1
350	1	1 0 1 1 0 0 0 1 0 0 0 0 1 0 0 1 1 0 0 1
360	2	1 1 1 1 0 0 0 1 0 1 0 0 0 0 0 1 1 1 0 1
360	3	1 1 1 1 0 0 0 0 0 1 0 0 0 0 0 0 1 1 0 1
360	3	1 1 1 1 0 0 1 0 1 0 1 0 0 0 0 0 1 1 0 1
360	1	1 1 1 1 0 0 1 1 0 1 0 0 0 0 0 0 1 1 0 1
360	1	1 1 1 1 0 0 0 1 0 1 0 0 0 0 0 0 0 0 0 1
360	1	1 1 1 1 0 0 0 0 0 1 0 1 1 0 0 0 1 0 0 1
360	1	1 1 1 1 0 0 0 0 1 1 1 0 0 0 0 0 1 1 0 1
360	3	1 1 0 1 0 0 0 1 0 1 0 0 0 0 0 0 0 0 0 1
360	2	1 1 1 1 0 0 0 1 0 0 0 0 1 0 0 1 1 0 0 1
360	2	1 1 1 1 0 0 0 1 0 0 0 0 0 0 0 0 1 1 0 1
360	2	1 1 1 1 0 0 0 0 0 1 1 1 1 0 0 0 1 0 0 1
360	1	1 1 1 1 0 0 0 0 0 1 0 1 1 0 0 0 1 0 0 0
360	1	1 1 1 1 1 0 1 0 1 0 1 0 0 1 0 0 1 1 0 1
360	2	1 1 1 1 1 1 0 1 0 0 1 0 0 1 0 0 0 0 0 1
360	1	1 1 1 1 1 0 1 0 1 0 1 0 0 0 0 1 1 0 0 1
360	1	1 1 1 1 0 0 1 1 0 1 0 0 0 0 0 1 1 1 0 1
360	1	1 1 1 1 0 1 1 1 0 1 0 1 1 0 0 0 1 1 0 1
360	3	1 1 1 1 1 1 0 1 0 0 0 0 0 0 0 0 0 0 0 1
360	1	1 1 1 1 0 0 0 1 0 1 0 0 1 0 1 1 1 1 0 1
360	1	1 1 1 1 0 0 0 0 1 1 1 1 0 0 0 0 1 1 0 1
360	1	1 1 1 1 0 0 1 0 1 0 1 0 0 0 0 0 1 1 0 0
360	1	1 1 1 1 1 1 0 1 0 0 1 0 0 0 0 0 1 0 0 1
360	1	1 0 1 1 0 0 0 1 0 0 1 0 0 0 0 0 0 0 0 1
360	1	1 1 1 1 0 1 0 1 0 1 0 1 1 0 0 0 1 0 0 1
360	1	1 1 1 1 1 0 0 1 0 1 0 0 0 0 1 0 1 1 0 1
360	1	1 0 1 1 0 0 1 0 1 0 1 0 0 0 0 0 1 1 0 1
360	1	1 1 1 1 1 0 0 0 0 1 0 1 1 0 0 0 1 0 0 1
360	1	1 1 1 1 0 0 0 0 1 1 1 1 0 0 0 0 1 0 0 1
360	3	1 1 1 1 0 0 1 0 1 1 1 0 0 0 0 1 1 0 0 1
360	1	1 1 1 1 0 0 0 1 0 1 0 0 1 0 0 0 1 1 1 1
360	1	1 1 1 1 1 0 1 1 0 1 0 0 0 0 1 0 1 1 0 1
360	1	1 1 1 1 0 0 0 1 0 1 0 0 0 0 0 0 1 1 0 0
360	1	1 1 1 1 0 0 0 1 0 1 1 0 0 0 0 0 1 0 0 1
360	1	1 1 0 1 0 0 1 0 1 0 1 0 0 0 0 0 1 1 0 1
360	1	0 1 1 0 0 0 0 0 0 1 1 1 1 0 0 1 1 0 0 1
370	1	1 1 1 1 0 0 0 1 0 1 0 0 0 0 0 0 1 1 0 1
370	1	1 1 1 1 0 0 0 0 0 1 0 0 0 0 0 0 1 1 0 1
370	3	1 1 1 1 0 0 1 0 1 0 1 0 0 0 0 0 1 1 0 1
370	1	1 1 1 1 0 0 1 1 0 1 0 0 0 0 0 0 1 1 0 1
370	2	1 1 1 1 0 0 0 0 0 1 0 1 0 0 0 0 1 1 0 1
370	2	1 1 1 1 0 1 1 1 0 1 0 0 0 0 0 0 1 1 0 1
370	2	1 1 1 1 0 0 0 1 0 1 0 0 0 0 0 0 0 0 0 1
370	1	1 1 1 1 0 0 1 0 0 1 0 0 0 0 0 0 1 1 0 1
370	6	1 1 1 1 0 0 0 0 0 1 1 1 1 0 0 0 1 0 0 1
370	1	1 1 1 1 1 0 0 0 0 0 1 0 0 0 0 0 1 0 0 1
370	3	1 1 1 1 1 1 0 1 0 0 0 0 0 0 0 0 0 0 0 1
370	1	1 0 1 1 0 0 0 1 0 0 1 0 0 0 0 0 0 0 0 1
370	2	1 1 1 1 0 0 1 0 1 0 1 0 0 0 0 1 1 0 0 1
370	3	1 1 1 1 1 0 0 0 0 1 0 1 1 0 0 0 1 0 0 1
370	2	1 1 1 1 0 0 0 0 1 1 1 1 0 0 0 0 1 0 0 1
370	1	1 1 1 1 1 0 0 0 1 1 0 1 0 0 0 1 1 1 0 1
370	1	1 1 1 1 1 1 0 1 1 0 1 0 0 0 0 1 1 0 0 1
370	2	1 1 1 1 1 1 0 1 0 1 0 0 0 0 1 0 1 1 0 1
370	1	0 1 1 0 0 0 0 0 0 1 1 1 1 0 0 1 1 0 0 1
370	2	1 1 1 1 0 0 1 1 1 1 0 0 0 0 0 0 1 1 0 1
370	2	1 1 1 1 0 0 1 0 0 1 0 0 0 0 0 0 1 0 0 1
370	1	1 1 1 1 0 0 1 1 1 1 1 0 0 0 0 0 1 1 0 1
370	1	1 1 1 1 0 1 1 1 0 1 0 1 1 0 0 0 0 1 0 1
370	1	1 1 1 1 1 0 0 0 1 1 1 0 0 0 0 0 1 1 0 1
370	1	1 1 1 1 1 1 0 1 0 1 0 0 0 0 0 0 0 0 0 1
370	1	1 1 1 1 0 0 0 0 0 1 0 1 0 0 0 0 1 0 0 1
370	1	1 1 0 1 0 0 0 0 0 1 0 0 0 0 0 0 0 0 0 1
370	1	1 0 0 1 0 0 0 1 0 1 0 1 0 0 0 0 0 0 0 1
370	1	1 1 1 0 0 0 1 0 1 0 1 0 0 0 0 1 1 0 0 1
370	1	1 0 1 0 0 0 0 1 0 0 1 0 0 0 0 0 0 0 0 1
370	1	1 1 1 1 0 0 0 1 0 0 1 0 0 1 0 0 0 0 0 1
380	2	1 1 1 1 0 0 0 1 0 1 0 0 0 0 0 0 1 1 0 1
380	1	1 1 1 1 0 0 1 0 1 0 1 0 0 0 0 0 1 1 0 1
380	2	1 1 1 1 0 1 1 1 0 1 0 0 0 0 0 0 1 1 0 1
380	2	1 1 1 1 0 0 0 1 0 1 0 0 0 0 0 0 0 0 0 1
380	1	1 1 0 1 0 0 0 1 0 1 0 0 0 0 0 0 0 0 0 1
380	1	1 1 1 1 0 0 0 1 0 0 0 0 1 0 0 1 1 0 0 1
380	1	1 1 1 1 0 0 0 1 0 0 0 0 0 0 0 0 1 1 0 1
380	6	1 1 1 1 0 0 0 0 0 1 1 1 1 0 0 0 1 0 0 1
380	1	1 1 1 1 0 0 0 1 1 0 0 0 0 0 0 0 1 1 0 1
380	1	1 1 1 1 0 0 0 1 0 1 0 0 1 0 1 1 1 1 0 1
380	1	0 1 1 1 1 0 0 0 1 1 0 0 0 0 0 0 1 1 0 1
380	3	1 1 1 1 0 0 1 0 1 0 1 0 0 0 0 1 1 0 0 1
380	4	1 1 1 1 0 0 0 1 0 1 0 0 0 0 0 0 1 0 0 1
380	2	1 1 0 1 0 0 0 1 0 1 0 1 0 0 0 0 0 0 0 1
380	1	1 1 1 1 1 0 0 0 1 1 0 1 0 0 0 1 1 1 0 1
380	1	1 1 1 1 0 0 1 1 0 1 0 0 0 0 0 0 0 1 0 1
380	3	1 1 1 1 0 0 0 1 0 1 0 0 1 0 0 0 1 1 1 1
380	1	1 1 1 1 1 1 0 1 1 0 1 0 0 0 0 1 1 0 0 1
380	1	1 1 1 1 0 0 1 1 1 1 0 0 0 0 0 0 1 1 0 1
380	1	1 1 1 1 1 0 0 0 1 1 1 0 0 0 0 0 1 1 0 1
380	2	1 1 1 1 1 1 0 1 0 1 0 0 0 0 0 0 0 0 0 1
380	1	1 1 1 1 0 1 0 1 0 0 0 0 0 0 0 0 1 1 0 1
380	1	1 1 1 1 0 0 0 1 0 0 1 0 0 1 0 0 0 0 0 1
380	1	1 1 1 1 0 1 0 0 0 1 1 0 1 0 0 0 1 0 0 1
380	2	1 1 1 1 0 0 1 1 0 0 0 0 0 0 0 0 0 0 0 1
380	1	1 1 1 1 0 1 0 1 0 1 0 0 0 0 0 0 0 0 0 1
380	2	1 1 1 0 1 0 1 0 1 0 1 0 0 0 0 1 1 0 0 1
380	1	1 1 1 1 0 0 0 0 0 1 0 0 0 0 0 0 0 0 0 1
380	1	1 1 0 1 0 0 0 0 0 1 0 1 1 0 0 0 1 0 0 1
380	1	1 1 1 1 0 1 0 0 0 1 0 0 0 0 0 0 0 0 0 1
380	1	0 1 1 1 0 0 0 1 0 1 0 0 0 0 0 0 0 0 0 1
390	2	1 1 0 1 0 0 0 1 0 1 0 0 0 0 0 0 0 0 0 1
390	4	1 1 1 1 0 0 0 0 0 1 1 1 1 0 0 0 1 0 0 1
390	1	0 1 1 1 1 0 0 0 1 1 0 0 0 0 0 0 1 1 0 1
390	1	1 0 1 1 0 0 0 1 0 0 1 0 0 0 0 0 0 0 0 1
390	4	1 1 1 1 0 0 1 0 1 0 1 0 0 0 0 1 1 0 0 1
390	1	1 1 1 1 0 0 0 1 0 1 0 0 0 0 0 0 1 0 0 1
390	2	1 1 1 1 1 0 0 0 0 1 0 1 1 0 0 0 1 0 0 1
390	2	1 1 1 1 0 0 1 1 0 1 0 0 0 0 0 0 0 1 0 1
390	1	1 1 1 1 0 0 0 1 0 1 0 0 1 0 0 0 1 1 1 1
390	1	1 1 1 1 1 1 0 1 1 0 1 0 0 0 0 1 1 0 0 1
390	4	1 1 1 1 0 0 0 0 0 1 0 0 0 0 0 0 1 0 0 1
390	2	1 1 1 1 1 1 0 1 0 1 0 0 0 0 0 0 0 0 0 1
390	1	1 1 1 1 0 1 0 1 0 0 0 0 0 0 0 0 1 1 0 1
390	1	1 1 1 0 0 0 1 0 1 0 1 0 0 0 0 1 1 0 0 1
390	3	1 1 1 1 0 1 1 1 0 1 0 1 1 0 0 0 0 0 0 1
390	1	1 0 1 1 0 0 0 1 0 0 0 0 0 0 0 1 1 1 0 1
390	1	1 1 1 1 0 0 0 1 0 0 0 0 1 0 1 1 1 0 0 1
390	1	1 1 1 1 0 0 1 1 0 0 0 0 0 0 0 0 0 0 1 1
390	2	1 1 1 1 1 1 0 1 1 0 1 1 1 0 0 0 1 0 0 1
390	1	1 1 0 0 0 0 0 1 0 1 0 0 0 0 0 0 0 0 0 1
390	1	1 1 1 1 0 1 0 1 0 1 0 0 0 0 0 0 1 0 0 1
390	1	1 1 1 1 1 1 1 1 0 1 0 0 0 0 0 0 1 1 0 1
390	2	0 1 1 1 0 0 0 1 0 0 0 0 1 0 0 1 1 0 0 1
390	1	1 1 1 0 0 0 1 0 1 0 1 0 1 0 0 1 1 0 0 1
390	1	1 1 0 1 0 0 0 1 0 1 0 0 0 0 0 0 0 1 0 1
390	1	1 1 1 1 0 0 0 1 0 0 1 0 0 1 0 0 1 1 0 1
390	1	1 1 0 0 0 0 0 1 1 1 0 0 0 0 0 0 0 0 0 1
390	1	1 1 1 1 0 1 1 1 0 0 0 0 0 0 0 1 0 1 0 1
390	1	1 1 1 1 1 0 0 1 0 1 0 0 0 0 0 0 0 1 0 1
390	1	1 1 1 1 1 1 0 0 1 0 1 0 0 0 0 1 1 0 0 1
390	1	1 1 1 1 0 1 0 1 0 0 0 0 0 0 0 0 1 0 0 1
390	1	1 1 1 1 0 1 1 1 0 1 0 0 0 0 0 1 0 1 0 1
390	1	1 1 0 1 0 0 0 1 0 0 1 0 0 1 0 0 0 0 1 1
400	4	1 1 1 1 0 0 1 0 1 0 1 0 0 0 0 0 1 1 0 1
400	1	1 1 1 1 0 1 1 1 0 1 0 0 0 0 0 0 1 1 0 1
400	2	1 1 1 1 0 0 0 1 0 1 0 0 0 0 0 0 0 0 0 1
400	1	1 1 0 1 0 0 0 1 0 1 0 0 0 0 0 0 0 0 0 1
400	1	1 1 1 1 0 0 0 1 0 0 0 0 1 0 0 1 1 0 0 1
400	5	1 1 1 1 0 0 0 0 0 1 1 1 1 0 0 0 1 0 0 1
400	1	1 1 1 1 0 0 0 1 1 0 0 0 0 0 0 0 1 1 0 1
400	1	1 1 0 1 0 0 0 1 0 1 0 1 0 0 0 0 0 0 0 1
400	1	1 1 1 1 0 0 0 1 0 1 0 0 1 0 0 0 1 1 1 1
400	2	1 1 1 1 1 1 0 1 1 0 1 0 0 0 0 1 1 0 0 1
400	1	1 1 1 1 0 0 0 0 0 1 0 0 0 0 0 0 1 0 0 1
400	1	1 1 1 1 0 1 1 1 0 1 0 1 1 0 0 0 0 0 0 1
400	1	1 0 1 1 0 0 0 1 0 0 0 0 0 0 0 1 1 1 0 1
400	1	1 1 1 1 0 1 0 1 0 1 1 1 1 0 0 0 1 0 0 1
400	1	1 1 1 1 0 0 0 1 0 0 1 0 0 1 0 0 0 0 1 1
400	1	1 1 1 1 0 1 0 1 0 1 0 0 0 0 0 0 1 1 0 1
400	1	1 1 1 1 1 1 0 1 1 0 1 1 1 0 0 0 1 0 0 1
400	1	1 1 0 1 0 0 0 1 0 1 0 0 0 0 0 0 0 1 0 1
400	3	1 1 1 1 0 0 0 1 0 1 0 1 0 0 0 0 0 0 0 1
400	1	1 1 1 1 1 0 0 1 0 1 0 0 0 0 0 0 0 1 0 1
400	1	1 1 1 1 0 0 0 1 1 0 0 0 0 0 1 0 1 1 0 1
400	2	1 1 1 0 0 0 1 0 1 1 0 1 0 0 0 1 1 0 0 1
400	1	0 1 1 1 1 1 0 1 0 1 0 0 0 0 0 0 0 1 0 1
400	1	1 1 1 0 0 0 1 0 1 0 1 0 0 0 1 0 0 0 0 1
400	1	1 1 1 1 1 1 1 1 1 0 1 1 1 0 0 0 1 0 0 1
400	2	1 1 1 0 0 0 0 1 0 1 0 0 1 1 0 0 1 1 1 1
400	2	1 1 1 1 1 0 0 1 0 1 0 0 0 0 0 0 0 0 0 1
400	1	1 1 1 1 0 0 1 0 1 0 1 0 0 0 1 0 0 0 0 1
400	1	1 1 1 1 0 1 1 0 0 1 0 1 1 0 0 0 0 0 0 1
400	1	1 0 1 1 1 1 0 1 1 0 1 0 0 0 0 1 1 0 0 1
400	1	1 1 1 1 0 0 0 1 0 1 0 1 0 0 0 0 0 1 0 1
400	1	1 1 1 1 0 0 0 1 0 1 0 0 0 0 0 0 0 0 0 0
400	1	1 1 0 1 0 0 1 1 0 1 0 0 0 0 0 0 0 0 0 1
400	1	1 0 1 1 0 0 0 1 0 0 0 0 0 0 0 1 1 0 0 1
400	1	1 1 1 1 0 1 1 1 1 0 1 1 1 0 1 0 1 0 0 1
400	1	1 1 1 1 0 1 0 1 0 1 0 0 0 0 0 0 0 0 0 1
410	3	1 1 1 1 0 0 0 1 0 1 0 0 0 0 0 0 0 0 0 1
410	3	1 1 1 1 0 0 0 0 0 1 1 1 1 0 0 0 1 0 0 1
410	1	1 1 1 1 0 1 1 1 0 0 0 0 0 0 0 0 0 1 0 1
410	1	1 1 1 1 0 0 1 0 1 0 1 0 0 0 0 1 1 0 0 1
410	2	1 1 1 1 0 0 1 1 0 1 0 0 0 0 0 0 0 1 0 1
410	1	1 1 1 1 0 0 0 1 0 1 0 0 1 0 0 0 1 1 1 1
410	3	1 1 1 1 1 1 0 1 1 0 1 0 0 0 0 1 1 0 0 1
410	1	1 0 1 1 0 0 0 1 0 0 0 0 0 0 0 1 1 1 0 1
410	1	1 1 1 1 0 0 0 1 0 0 1 0 0 1 0 0 0 0 1 1
410	1	1 1 1 1 0 0 0 0 0 1 1 1 1 0 0 0 0 0 0 1
410	3	1 1 1 1 0 1 0 1 0 1 0 1 1 0 0 1 1 1 0 1
410	1	1 1 1 1 1 1 0 1 1 0 1 1 1 0 0 0 1 0 0 1
410	5	1 1 1 1 0 0 0 1 0 1 0 1 0 0 0 0 0 0 0 1
410	1	1 1 1 0 0 0 1 0 1 0 1 0 0 0 0 0 1 1 1 1
410	1	1 1 1 1 1 0 0 1 0 1 0 0 0 0 0 0 0 1 0 1
410	4	1 1 1 1 0 0 1 1 0 1 0 0 0 0 0 0 0 0 0 1
410	1	1 1 1 1 1 1 0 0 0 1 1 1 1 0 0 0 1 0 0 1
410	1	1 1 1 1 0 0 1 1 0 1 1 0 0 0 0 0 0 1 0 1
410	1	1 1 1 1 0 1 1 1 0 0 0 0 0 0 0 0 0 0 0 1
410	3	1 1 1 1 1 0 0 1 0 1 0 1 0 0 0 0 0 0 0 1
410	1	1 1 1 1 1 0 0 0 0 0 0 0 0 0 0 0 0 1 0 1
410	2	1 1 1 0 1 0 0 0 0 1 0 1 1 0 0 0 1 0 0 1
410	1	1 1 1 1 0 0 0 1 0 1 1 0 0 0 0 0 0 0 0 1
410	1	1 1 1 1 1 1 0 1 0 1 0 0 0 0 0 0 1 0 0 1
410	1	1 0 1 1 0 1 0 1 0 1 0 1 1 0 0 1 1 1 0 1
410	1	1 1 1 1 1 0 0 1 0 1 0 0 0 0 0 1 1 1 0 1
410	1	1 1 1 1 0 0 0 1 0 1 0 0 0 0 0 0 1 0 0 1
410	1	1 1 1 1 1 0 1 0 1 0 1 0 0 0 0 0 1 0 0 1
410	1	1 1 1 1 0 1 0 0 1 0 1 0 0 1 0 0 0 0 1 1
410	1	1 1 1 0 0 1 0 1 0 1 1 1 1 0 0 0 1 0 0 1
410	1	0 1 1 1 0 0 0 1 0 0 0 0 1 0 0 1 0 0 0 1
420	2	1 1 1 1 0 0 0 1 0 1 0 0 0 0 0 0 0 0 0 1
420	1	1 1 1 1 0 0 0 0 0 1 1 1 1 0 0 0 1 0 0 1
420	1	1 0 1 1 0 0 0 1 0 0 1 0 0 0 0 0 0 0 0 1
420	1	1 1 1 1 0 0 1 0 1 0 1 0 0 0 0 1 1 0 0 1
420	1	1 1 1 1 0 0 0 0 0 1 0 0 0 0 0 0 1 0 0 1
420	1	1 1 1 1 0 0 0 1 0 0 0 0 0 0 0 0 0 1 0 1
420	1	1 1 1 1 0 1 0 1 0 1 1 1 1 0 0 0 1 0 0 1
420	2	1 1 1 1 0 0 0 1 0 0 1 0 0 1 0 0 0 0 1 1
420	3	1 1 1 1 1 1 0 1 1 0 1 1 1 0 0 0 1 0 0 1
420	5	1 1 1 1 0 0 0 1 0 1 0 1 0 0 0 0 0 0 0 1
420	1	1 0 1 1 0 0 0 1 0 0 1 0 0 0 1 0 0 0 0 1
420	2	1 1 1 1 0 0 1 0 1 0 1 0 0 0 0 0 1 0 0 1
420	1	1 1 1 1 1 0 0 1 0 1 0 0 0 0 0 0 0 0 0 1
420	1	1 1 1 1 0 0 0 1 0 1 0 1 1 0 0 0 0 0 0 1
420	3	1 1 1 1 0 1 1 1 0 0 0 0 0 0 0 0 0 0 0 1
420	1	1 1 1 1 1 0 0 1 0 1 0 1 0 0 0 0 0 0 0 1
420	1	1 1 1 1 0 1 0 1 0 1 0 0 0 0 0 0 0 0 0 1
420	3	1 1 1 1 1 0 0 1 1 1 0 0 0 0 0 0 0 0 0 1
420	1	1 1 1 1 0 1 0 1 0 1 0 1 1 0 0 1 1 0 1 1
420	1	1 1 1 1 1 0 0 1 0 1 0 0 0 0 0 1 1 1 0 1
420	1	1 1 1 1 0 0 0 1 0 1 0 0 0 0 0 0 1 0 0 1
420	1	1 0 1 1 0 0 1 0 1 0 1 0 0 1 1 0 0 0 0 1
420	1	1 1 1 1 0 0 1 0 1 0 1 0 0 0 0 0 0 0 0 1
420	1	1 1 1 1 0 1 0 0 0 1 1 1 1 0 0 1 1 0 0 1
420	1	1 1 1 1 1 1 0 0 0 1 1 1 1 0 0 1 1 0 0 1
420	1	1 1 1 1 1 1 0 1 1 1 1 0 0 0 0 1 1 1 0 1
420	1	1 1 1 1 0 0 0 0 0 1 1 1 0 0 0 0 1 0 0 1
420	1	1 1 1 1 0 0 0 1 0 1 0 1 0 0 0 0 0 0 1 1
420	1	1 1 1 1 0 0 1 0 0 0 1 0 0 0 0 0 0 0 0 1
420	1	1 1 1 1 0 0 0 1 0 0 1 0 0 0 0 0 0 0 0 1
420	1	1 1 0 1 0 0 0 1 0 0 1 0 0 0 0 0 0 0 0 1
420	1	1 1 1 1 1 1 0 1 0 1 1 1 1 0 0 0 0 1 0 1
420	1	0 1 1 1 0 0 0 1 0 1 0 1 1 0 0 1 1 1 0 1
420	1	1 1 1 1 1 1 0 1 1 0 1 1 0 0 0 1 1 0 0 1
420	1	1 1 1 1 0 1 1 1 0 0 0 0 0 0 1 0 0 0 0 1
420	1	1 1 1 1 0 0 1 1 0 1 1 0 0 0 0 0 0 0 0 1
420	1	1 1 1 1 1 0 0 0 0 1 1 0 0 0 0 0 1 0 0 1
430	1	1 1 1 1 0 0 0 1 0 1 0 0 0 0 0 0 0 0 0 1
430	3	1 1 0 1 0 0 0 1 0 1 0 0 0 0 0 0 0 0 0 1
430	1	1 0 1 1 0 0 0 1 0 0 1 0 0 0 0 0 0 0 0 1
430	1	1 1 1 1 0 0 1 1 0 1 0 0 0 0 0 0 0 1 0 1
430	1	1 1 1 1 1 1 0 1 1 0 1 1 1 0 0 0 1 0 0 1
430	6	1 1 1 1 0 0 0 1 0 1 0 1 0 0 0 0 0 0 0 1
430	1	1 1 1 1 1 0 0 1 0 1 0 0 0 0 0 0 0 1 0 1
430	1	1 1 1 1 0 0 1 1 0 1 0 0 0 0 0 0 0 0 0 1
430	3	1 1 1 1 0 0 1 1 0 1 1 0 0 0 0 0 0 1 0 1
430	3	1 1 1 1 0 1 1 1 0 0 0 0 0 0 0 0 0 0 0 1
430	2	1 1 1 1 1 0 0 1 0 1 0 1 0 0 0 0 0 0 0 1
430	2	1 1 1 1 1 0 0 1 1 1 0 0 0 0 0 0 0 0 0 1
430	1	1 1 1 1 1 0 0 0 0 0 0 0 0 0 0 0 0 1 0 1
430	1	1 1 1 1 0 1 0 0 0 1 1 1 1 0 0 1 1 0 0 1
430	1	1 1 1 1 0 0 1 0 1 0 1 1 1 0 0 0 1 0 0 1
430	1	1 1 0 1 0 0 0 1 1 1 0 0 0 0 0 0 0 0 0 1
430	2	1 1 1 1 1 1 1 0 1 0 1 1 1 0 0 0 1 0 0 1
430	1	0 1 1 1 1 1 0 0 1 0 1 0 0 1 0 0 0 1 1 1
430	1	1 1 1 1 0 0 1 0 0 1 0 0 0 0 0 0 1 0 0 1
430	1	1 1 1 1 0 1 1 1 0 0 0 0 0 0 1 0 0 0 0 1
430	2	1 1 1 1 0 1 0 1 0 0 1 1 1 0 0 1 1 0 0 1
430	1	1 1 1 1 1 0 0 0 0 1 1 1 0 0 0 0 1 0 0 1
430	1	1 1 1 1 0 1 0 0 1 1 1 1 1 0 0 1 1 0 0 1
430	1	1 1 1 1 0 0 0 1 0 0 0 0 0 0 0 0 1 0 0 1
430	1	1 1 1 1 0 0 1 0 1 0 1 1 0 0 0 0 1 1 0 1
430	1	1 1 0 1 0 0 0 0 0 1 0 1 0 1 0 0 0 0 0 1
430	1	0 1 1 1 1 0 0 1 0 1 0 0 0 0 0 0 0 0 0 1
430	1	1 1 1 1 1 1 0 1 0 1 0 0 0 0 0 0 0 1 0 1
430	1	1 1 1 1 0 0 1 1 0 1 1 0 0 0 0 0 0 1 0 0
430	1	1 1 1 1 1 0 0 1 0 1 0 0 0 0 1 0 0 0 0 1
430	1	1 1 1 1 1 0 0 1 0 1 0 1 0 0 1 0 0 0 0 1
430	1	1 1 1 0 0 1 0 0 0 1 1 1 1 0 0 1 1 0 0 1
430	1	1 1 1 1 0 0 0 1 0 0 1 1 0 0 0 0 0 0 0 1
430	1	1 1 1 1 0 1 1 1 0 0 0 0 0 0 0 0 1 1 0 1
430	1	1 1 1 1 0 1 0 1 0 0 0 0 0 0 1 0 0 0 0 1
440	1	1 1 1 1 0 0 0 1 0 0 0 0 0 0 0 0 0 1 0 1
440	6	1 1 1 1 0 0 0 1 0 1 0 1 0 0 0 0 0 0 0 1
440	1	1 1 1 1 1 0 0 1 0 1 0 0 0 0 0 0 0 1 0 1
440	1	1 1 1 1 0 0 1 1 0 1 1 0 0 0 0 0 0 1 0 1
440	2	1 1 1 1 0 1 1 1 0 0 0 0 0 0 0 0 0 0 0 1
440	2	1 1 1 1 1 0 0 1 0 1 0 1 0 0 0 0 0 0 0 1
440	1	1 1 1 1 1 0 0 0 0 0 0 0 0 0 0 0 0 1 0 1
440	3	1 1 1 1 0 0 0 1 0 1 0 0 0 0 0 0 1 0 0 1
440	1	1 1 1 1 0 0 1 0 1 0 1 1 1 0 0 0 1 0 0 1
440	3	1 1 0 1 0 0 0 1 1 1 0 0 0 0 0 0 0 0 0 1
440	2	1 1 1 1 1 1 1 0 1 0 1 1 1 0 0 0 1 0 0 1
440	1	1 0 1 1 1 0 0 1 0 1 0 1 0 0 0 0 0 0 0 1
440	2	1 0 0 1 0 0 0 1 0 1 0 0 0 0 0 0 0 0 0 1
440	1	1 1 1 1 0 0 0 0 0 0 1 1 1 0 0 0 0 0 0 1
440	2	1 1 1 1 0 0 0 1 0 0 1 0 0 0 0 0 0 0 0 1
440	1	1 1 1 1 0 1 1 1 0 0 0 0 0 0 1 0 0 0 0 1
440	1	1 1 1 1 0 1 1 1 0 1 1 0 0 0 0 0 0 1 0 1
440	1	1 1 1 1 0 1 1 1 0 0 0 0 0 0 0 0 0 1 0 1
440	1	1 1 1 1 0 1 0 1 0 1 0 1 1 0 0 1 0 0 1 1
440	3	1 1 1 1 0 1 0 1 1 0 1 1 1 0 0 0 1 0 0 1
440	1	1 1 0 1 0 0 0 1 0 0 1 0 0 0 0 0 0 1 0 1
440	1	1 1 1 1 1 0 0 1 0 1 0 1 0 0 1 0 0 0 0 1
440	1	0 1 1 1 1 1 0 1 1 0 1 0 0 0 0 1 1 0 0 1
440	1	1 1 1 1 1 1 1 0 1 0 1 1 1 0 0 0 0 0 0 1
440	1	1 0 1 1 0 0 0 0 0 1 1 1 1 0 0 0 1 0 0 1
440	1	1 1 1 1 0 0 1 0 1 0 1 1 0 0 0 0 1 0 0 1
440	1	1 1 0 1 0 0 1 1 0 1 1 0 0 0 0 0 0 0 0 1
440	1	0 1 1 1 0 0 0 1 0 1 0 0 0 0 0 0 0 0 0 1
440	1	1 1 1 1 1 1 1 0 1 0 1 1 0 0 0 0 1 0 0 1
440	1	1 1 1 1 1 1 0 1 0 1 0 0 0 0 0 0 0 1 0 1
440	1	1 0 1 1 0 0 0 1 0 0 1 0 0 0 0 0 0 0 0 0
440	1	1 1 0 1 0 0 0 1 1 0 0 0 0 0 0 0 0 0 0 1
440	1	1 1 1 1 0 1 0 1 0 0 1 0 0 0 0 0 0 0 0 0
440	1	1 1 1 1 0 0 1 1 0 1 1 1 1 0 0 0 1 0 0 1
450	2	1 1 1 1 0 0 0 1 0 1 0 0 0 0 0 0 0 0 0 1
450	1	1 1 0 1 0 0 0 1 0 1 0 0 0 0 0 0 0 0 0 1
450	1	1 1 1 1 1 1 0 1 1 0 1 0 0 0 0 1 1 0 0 1
450	1	1 1 1 1 1 1 0 1 0 1 0 0 0 0 0 0 0 0 0 1
450	2	1 1 1 1 1 1 0 1 1 0 1 1 1 0 0 0 1 0 0 1
450	6	1 1 1 1 0 0 0 1 0 1 0 1 0 0 0 0 0 0 0 1
450	1	1 1 1 1 1 0 0 1 0 1 0 0 0 0 0 0 0 1 0 1
450	4	1 1 1 1 1 0 0 1 0 1 0 0 0 0 0 0 0 0 0 1
450	1	1 1 1 1 1 0 0 0 0 0 0 0 0 0 0 0 0 1 0 1
450	1	1 1 1 1 0 0 0 1 0 1 0 0 0 0 0 0 1 0 0 1
450	1	1 1 1 1 0 0 1 0 1 0 1 0 0 0 0 0 0 0 0 1
450	1	1 1 0 1 0 0 0 1 1 1 0 0 0 0 0 0 0 0 0 1
450	1	1 0 1 1 1 0 0 1 0 1 0 1 0 0 0 0 0 0 0 1
450	1	1 0 0 1 0 0 0 1 0 1 0 0 0 0 0 0 0 0 0 1
450	1	1 1 0 1 0 0 0 1 0 0 1 0 0 0 0 0 0 0 0 1
450	1	1 1 1 1 0 1 1 1 0 0 0 0 0 0 0 0 1 0 1 1
450	3	1 1 1 1 0 0 1 1 0 0 0 0 0 0 0 0 0 0 0 1
450	2	0 1 1 1 1 0 0 1 0 1 0 0 0 0 0 0 0 0 0 1
450	2	1 1 1 1 0 0 0 0 0 0 1 1 1 1 0 0 0 0 0 1
450	1	1 1 0 1 0 0 0 1 0 1 1 0 0 0 0 0 0 0 0 1
450	2	1 1 0 1 0 0 0 1 0 1 0 0 0 0 0 1 0 0 0 1
450	1	1 0 1 1 0 1 0 1 1 1 0 0 0 1 0 0 0 0 0 1
450	1	1 1 1 1 0 0 1 1 0 1 0 0 1 0 0 0 0 0 0 1
450	1	1 1 0 1 0 0 0 1 1 0 0 0 0 0 0 0 0 0 0 1
450	1	1 1 1 1 0 0 0 1 0 1 0 0 0 0 0 1 0 0 0 1
450	2	1 1 0 1 0 0 0 1 0 1 0 0 0 0 0 0 0 1 0 1
450	1	1 1 1 1 0 1 0 0 0 1 1 1 1 0 0 1 1 1 0 1
450	1	1 1 1 1 1 0 1 1 0 1 0 1 0 0 0 0 0 0 0 1
450	1	1 1 1 1 0 1 1 1 0 1 0 1 0 0 0 0 0 0 0 1
450	1	1 0 1 1 0 0 0 1 0 1 0 0 1 0 0 0 0 0 0 1
450	1	1 1 0 1 0 0 0 1 0 1 0 0 0 0 0 0 1 0 0 1
450	1	1 1 1 1 0 1 0 0 0 1 1 1 0 0 0 0 0 1 0 1
450	1	1 1 0 1 0 0 1 1 1 1 0 0 0 0 0 0 0 0 0 1
450	1	1 1 0 1 0 0 0 1 0 0 0 0 0 0 0 0 0 1 0 1
460	2	1 1 1 1 0 0 0 1 0 1 0 0 0 0 0 0 0 0 0 1
460	1	1 1 1 1 1 1 0 1 1 0 1 1 1 0 0 0 1 0 0 1
460	14	1 1 1 1 0 0 0 1 0 1 0 1 0 0 0 0 0 0 0 1
460	3	1 1 1 1 1 0 0 1 0 1 0 0 0 0 0 0 0 1 0 1
460	2	1 1 1 1 1 0 0 1 0 1 0 0 0 0 0 0 0 0 0 1
460	1	1 1 1 1 1 0 0 1 0 1 0 1 0 0 0 0 0 0 0 1
460	2	1 1 1 1 0 1 0 1 0 1 0 0 0 0 0 0 0 0 0 1
460	2	1 1 1 1 0 0 0 1 0 1 0 0 0 0 0 0 1 0 0 1
460	3	1 1 1 1 0 0 1 0 1 0 1 0 0 0 0 0 0 0 0 1
460	3	1 1 0 1 0 0 0 1 1 1 0 0 0 0 0 0 0 0 0 1
460	1	1 1 1 1 0 0 0 1 0 1 0 0 0 0 0 1 1 0 0 1
460	1	1 1 1 1 0 0 1 1 0 1 1 0 0 0 0 0 0 1 0 0
460	2	1 1 1 1 0 1 0 1 0 1 0 1 0 0 0 0 0 0 0 1
460	2	1 1 1 1 0 0 0 1 0 1 1 0 0 0 0 0 1 0 0 1
460	1	1 1 1 1 0 0 0 1 0 1 0 1 0 0 0 0 0 1 0 1
460	1	1 1 0 1 0 0 0 1 0 1 0 0 0 0 0 0 0 1 0 1
460	1	1 1 1 1 0 1 1 1 0 1 0 1 0 0 0 0 0 0 0 1
460	1	1 1 1 0 0 0 0 1 0 1 0 1 0 0 0 0 0 0 0 1
460	2	1 1 1 1 1 0 0 1 0 1 0 0 0 1 0 0 0 1 0 1
460	2	1 1 1 1 0 1 1 0 1 0 1 0 0 0 0 0 0 0 0 1
460	1	1 0 1 1 0 1 0 0 1 1 0 0 0 1 0 0 0 0 0 1
460	1	1 1 1 1 1 0 0 1 0 1 0 1 1 0 1 0 0 1 0 1
460	1	1 1 1 1 1 1 0 1 0 1 0 0 0 0 0 0 0 0 0 1
470	3	1 1 1 1 0 0 0 1 0 1 0 0 0 0 0 0 0 0 0 1
470	5	1 1 1 1 0 0 0 1 0 1 0 1 0 0 0 0 0 0 0 1
470	2	1 1 1 1 1 0 0 1 0 1 0 0 0 0 0 0 0 1 0 1
470	4	1 1 1 1 1 0 0 1 0 1 0 0 0 0 0 0 0 0 0 1
470	3	1 1 1 1 0 1 1 1 0 0 0 0 0 0 0 0 0 0 0 1
470	2	1 1 1 1 1 0 0 1 0 1 0 1 0 0 0 0 0 0 0 1
470	5	1 1 1 1 0 0 1 0 1 0 1 0 0 0 0 0 0 0 0 1
470	1	1 1 0 1 0 0 0 1 1 1 0 0 0 0 0 0 0 0 0 1
470	2	1 1 0 1 0 0 0 1 0 1 0 0 0 0 0 0 0 0 1 1
470	2	0 1 1 1 1 0 0 1 0 1 0 0 0 0 0 0 0 0 0 1
470	1	1 1 1 1 0 1 0 1 0 1 0 1 0 0 0 0 0 0 0 1
470	2	1 1 1 1 0 0 0 1 0 1 0 0 0 0 0 0 0 1 0 1
470	3	1 1 1 1 0 0 0 1 0 0 1 1 1 0 0 0 1 0 0 1
470	1	1 1 1 1 0 1 1 1 0 1 0 1 0 0 0 0 0 0 0 1
470	2	1 1 1 1 0 0 0 1 0 1 0 1 1 0 0 0 0 0 0 1
470	1	1 1 1 1 0 0 1 0 1 0 1 0 0 0 0 1 1 0 0 1
470	1	1 1 0 1 1 0 0 1 1 1 0 0 0 0 0 0 0 0 0 1
470	4	1 1 1 1 1 0 0 1 0 1 0 0 0 0 0 1 0 0 0 1
470	2	1 1 0 1 0 0 0 1 0 0 0 1 0 0 0 0 0 0 0 1
470	1	1 1 0 1 0 1 0 1 0 1 0 0 0 0 0 0 0 0 0 1
470	1	1 1 1 1 0 0 0 1 0 0 1 1 0 1 0 0 0 0 0 1
470	1	1 1 1 1 0 1 0 1 0 1 0 1 0 0 0 0 1 0 0 1
470	1	1 0 1 1 0 1 0 1 0 1 0 1 0 0 0 0 0 1 0 1
480	1	1 1 1 1 0 0 0 1 0 1 0 0 0 0 0 0 0 0 0 1
480	4	1 1 1 1 0 0 0 1 0 1 0 1 0 0 0 0 0 0 0 1
480	3	1 1 1 1 1 0 0 1 0 1 0 1 0 0 0 0 0 0 0 1
480	1	1 1 1 1 1 0 0 0 0 0 0 0 0 0 0 0 0 1 0 1
480	3	1 1 1 1 0 0 1 0 1 0 1 0 0 0 0 0 0 0 0 1
480	1	1 1 0 1 0 0 0 1 1 1 0 0 0 0 0 0 0 0 0 1
480	1	0 1 1 1 1 0 0 1 0 1 0 0 0 0 0 0 0 0 0 1
480	2	1 1 1 1 1 0 0 1 0 1 0 0 0 0 1 0 0 0 0 1
480	1	1 1 1 1 0 0 0 1 0 1 0 0 0 0 0 0 0 1 0 1
480	3	1 1 0 1 0 0 0 1 0 1 0 1 0 0 0 0 0 0 0 1
480	1	1 1 1 1 0 1 0 1 0 1 0 1 0 1 0 0 0 0 0 1
480	1	1 1 1 1 0 0 0 1 0 1 0 0 0 0 0 0 0 0 1 1
480	1	0 1 1 1 0 0 0 0 0 0 1 1 1 0 0 0 0 0 0 1
480	1	1 1 1 0 0 0 1 0 0 1 0 0 0 0 1 0 0 0 0 1
480	1	1 1 1 1 0 0 0 1 0 1 0 1 1 0 0 0 0 0 0 1
480	1	1 1 0 1 0 0 0 1 1 1 0 0 0 0 0 0 0 0 1 1
480	1	1 1 1 1 0 0 0 1 0 1 0 1 0 0 0 0 0 0 0 0
480	6	1 1 1 1 1 0 0 1 0 1 0 0 0 0 0 1 0 0 0 1
480	1	1 1 1 1 0 1 0 1 0 1 0 1 0 0 1 0 0 0 0 1
480	1	1 0 1 1 0 1 0 1 0 1 0 1 0 0 0 0 0 0 0 1
480	1	0 0 1 1 1 0 0 1 0 1 0 0 0 0 0 0 0 0 0 1
480	2	1 1 0 0 0 0 0 1 1 1 1 1 1 0 0 0 0 0 0 1
480	1	1 1 1 1 0 0 1 0 1 0 1 0 0 0 0 0 0 1 0 1
480	1	1 1 1 1 0 1 0 1 0 1 0 1 0 0 0 0 1 0 0 1
480	1	1 1 1 0 0 1 1 1 0 0 0 0 0 0 0 0 0 0 0 1
480	2	1 1 1 1 1 0 0 1 0 1 0 0 0 0 0 0 1 0 0 1
480	2	1 1 0 1 0 0 0 1 0 0 0 1 0 0 1 0 0 0 0 1
480	2	1 1 1 1 0 0 0 1 0 1 0 0 0 0 1 0 1 0 0 0
480	2	1 1 0 1 0 0 0 1 1 1 0 0 1 0 0 0 0 0 0 1
480	1	1 1 0 1 0 1 0 1 0 1 0 1 0 0 0 0 0 0 0 1
490	3	1 1 1 1 0 0 0 1 0 1 0 0 0 0 0 0 0 0 0 1
490	8	1 1 1 1 0 0 0 1 0 1 0 1 0 0 0 0 0 0 0 1
490	2	1 1 1 1 1 0 0 1 0 1 0 0 0 0 0 0 0 1 0 1
490	1	1 1 1 1 1 0 0 1 0 1 0 0 0 0 0 0 0 0 0 1
490	4	1 1 1 1 1 0 0 1 0 1 0 1 0 0 0 0 0 0 0 1
490	1	1 1 1 1 0 1 0 1 0 1 0 0 0 0 0 0 0 0 0 1
490	5	1 1 1 1 0 0 1 0 1 0 1 0 0 0 0 0 0 0 0 1
490	1	1 1 1 1 1 0 0 1 0 1 0 0 0 0 1 0 0 0 0 1
490	1	1 1 1 1 0 1 0 1 0 1 0 1 0 0 0 0 0 0 0 1
490	3	1 1 0 1 0 0 0 1 0 0 0 0 0 0 0 0 0 0 0 1
490	1	1 1 1 1 0 1 1 1 0 1 0 1 0 0 0 0 0 0 0 1
490	2	1 1 1 1 0 1 0 1 0 1 0 1 0 1 0 0 0 0 0 1
490	6	1 1 1 1 1 0 0 1 0 1 0 0 0 0 0 1 0 0 0 1
490	2	1 1 1 1 0 1 1 1 0 0 1 0 0 0 0 0 0 1 0 1
490	1	1 1 0 1 0 1 0 1 1 1 0 0 0 0 0 0 0 0 0 1
490	1	1 1 0 1 0 0 0 1 0 1 1 0 0 0 0 0 0 0 0 1
490	1	1 1 1 0 0 1 0 1 0 1 0 0 0 0 0 0 0 0 0 1
490	1	1 1 1 1 1 0 0 1 0 1 1 1 0 0 0 0 0 0 0 1
490	1	1 1 1 1 1 0 0 1 0 1 1 1 1 0 0 0 0 0 0 0
490	1	1 1 1 1 0 0 1 0 1 0 1 0 0 0 1 0 0 0 0 1
490	1	1 1 1 1 0 1 0 1 0 1 0 1 0 1 0 1 0 0 0 0
490	1	1 1 1 1 1 0 0 1 0 1 0 1 0 1 0 0 0 0 0 1
490	1	1 1 0 1 0 0 0 1 1 1 0 1 0 0 0 0 0 0 0 1
490	1	1 1 0 1 0 0 0 1 0 1 0 0 0 0 0 0 0 0 0 1
500	3	1 1 1 1 0 0 0 1 0 1 0 0 0 0 0 0 0 0 0 1
500	2	1 1 1 1 0 0 0 1 0 1 0 1 0 0 0 0 0 0 0 1
500	1	1 1 1 1 1 0 0 1 0 1 0 0 0 0 0 0 0 1 0 1
500	2	1 1 1 1 1 0 0 1 0 1 0 0 0 0 0 0 0 0 0 1
500	9	1 1 1 1 1 0 0 1 0 1 0 1 0 0 0 0 0 0 0 1
500	1	0 1 1 1 1 0 0 1 0 1 0 0 0 0 0 0 0 0 0 1
500	1	1 1 1 1 1 0 0 1 0 1 0 0 0 0 1 0 0 0 0 1
500	1	1 1 0 1 0 0 0 1 0 1 0 1 0 0 0 0 0 0 0 1
500	2	1 1 1 1 0 1 1 1 0 1 0 1 0 0 0 0 0 0 0 1
500	2	1 1 1 1 0 1 0 1 0 1 0 1 0 1 0 0 0 0 0 1
500	1	1 1 1 1 0 0 0 1 0 1 0 1 1 0 0 0 0 0 0 1
500	7	1 1 1 1 1 0 0 1 0 1 0 0 0 0 0 1 0 0 0 1
500	1	1 1 1 1 0 1 0 1 0 0 1 0 0 0 0 0 0 0 0 1
500	1	1 1 0 1 0 1 0 1 1 1 0 0 0 0 0 0 0 0 0 1
500	1	1 1 1 1 1 0 0 1 1 1 1 1 1 0 0 0 0 0 0 0
500	1	1 1 1 1 0 0 1 1 0 0 0 1 0 0 0 0 0 0 0 1
500	1	0 1 1 1 1 0 0 0 0 1 0 0 0 0 0 1 0 0 0 1
500	1	1 1 1 1 1 0 0 1 0 1 0 0 1 0 0 1 0 0 0 1
500	1	1 1 0 1 0 1 0 1 0 1 0 1 0 0 0 0 0 0 0 1
500	1	1 1 1 1 0 0 0 1 0 0 0 0 0 0 0 0 0 0 0 1
500	1	1 1 1 1 0 0 1 0 1 0 0 0 0 0 0 0 0 0 0 1
500	1	1 1 1 1 0 0 0 1 0 1 0 1 0 0 1 0 0 0 0 1
500	1	1 1 1 0 1 0 0 1 0 1 0 1 0 0 0 0 0 0 0 1
500	2	1 0 1 1 1 0 0 1 0 1 0 0 0 0 0 1 0 0 0 1
500	1	1 1 1 1 1 0 0 1 1 1 0 1 0 0 0 0 0 0 0 1
500	1	1 1 1 1 1 0 0 1 0 0 1 0 0 0 0 0 0 1 0 1
500	1	1 1 1 1 0 0 0 1 0 1 0 0 0 0 0 0 1 0 0 1
500	1	1 1 1 1 0 0 0 1 0 1 1 0 0 0 0 0 0 0 0 1
500	1	1 1 1 1 0 1 0 1 0 1 1 1 1 0 0 0 0 0 0 0
