0	250	0 0 1 0 0 0 1 0 0 0 0 0 0 0 0 0 0 0 0 0
0	250	0 1 1 1 0 0 1 1 1 1 0 1 0 0 0 0 0 0 1 0
0	250	0 1 0 1 1 0 0 0 0 1 0 0 0 0 0 0 0 1 1 0
0	250	0 0 1 0 0 0 0 1 0 0 0 1 0 0 0 0 1 0 0 0
50	384	0 1 1 1 0 0 1 1 1 1 0 1 0 0 0 0 0 0 1 0
50	17	0 1 0 1 1 0 0 0 0 1 0 0 0 0 0 0 0 1 1 0
50	4	0 1 1 1 0 0 1 1 1 1 0 1 0 0 0 0 0 0 0 0
50	25	0 1 1 1 0 0 1 0 1 1 0 1 0 0 0 0 0 0 1 0
50	9	0 1 1 1 0 0 1 1 1 1 0 1 0 0 0 0 0 1 1 0
50	9	0 1 1 1 1 0 1 1 1 1 0 1 0 0 0 0 0 0 1 0
50	1	0 1 0 1 1 0 0 0 0 0 0 0 0 0 0 0 0 1 1 0
50	15	0 1 1 1 1 0 0 0 0 1 0 0 0 0 0 0 0 1 0 0
50	5	0 1 1 1 0 0 1 1 0 1 0 1 0 0 0 0 0 0 1 0
50	8	0 1 1 1 0 0 1 1 1 1 0 0 0 0 0 0 0 0 1 0
50	2	0 1 1 0 0 0 1 1 1 1 0 1 0 0 0 0 0 0 1 0
50	9	0 1 0 1 0 0 1 1 1 1 0 1 0 0 0 0 0 0 1 0
50	31	0 1 1 1 0 0 1 1 1 1 0 1 0 0 1 0 0 0 1 0
50	4	0 1 1 1 0 0 1 1 1 1 0 1 1 0 0 0 0 0 1 0
50	18	0 1 0 1 1 0 0 0 0 1 0 0 0 0 1 0 0 0 1 0
50	2	0 1 1 1 0 0 0 0 0 1 0 0 0 0 0 0 0 1 1 0
50	8	0 0 1 1 0 0 1 1 1 1 0 0 0 0 0 0 1 0 1 0
50	9	0 1 1 1 0 0 1 1 1 1 0 1 0 0 0 0 0 0 1 1
50	13	0 1 1 1 0 1 1 1 1 1 0 1 0 0 0 0 0 0 1 0
50	1	0 1 1 1 0 0 1 1 1 1 0 1 0 0 0 1 0 0 1 0
50	44	0 1 1 1 0 0 1 1 1 1 0 1 0 1 0 0 0 0 1 0
50	7	0 1 1 1 0 0 1 0 1 1 0 1 0 0 0 1 0 0 1 0
50	36	0 1 1 1 0 0 1 0 0 1 0 0 0 0 0 0 0 0 1 0
50	5	0 0 1 1 0 0 1 1 1 0 0 1 0 0 0 0 0 0 1 0
50	2	0 1 1 0 0 0 1 1 1 1 0 1 0 0 0 0 0 1 1 0
50	8	0 1 1 0 0 0 1 1 1 1 0 1 1 0 0 0 0 0 1 0
50	18	0 1 1 1 0 0 1 0 1 1 0 1 1 0 0 0 0 0 1 0
50	11	0 1 0 1 1 0 0 0 0 1 0 0 0 1 0 0 0 1 1 0
50	27	0 1 1 1 0 0 1 1 0 1 0 1 0 0 0 1 0 0 1 0
50	17	0 1 0 1 1 0 0 0 1 1 0 1 0 0 0 1 0 0 1 0
50	1	0 1 0 1 0 0 0 0 0 1 0 1 0 0 0 0 0 0 1 0
50	3	0 1 0 1 1 0 0 0 0 1 0 0 0 0 0 0 0 1 1 1
50	16	0 1 1 1 0 0 0 1 1 1 0 1 0 1 0 0 0 0 1 0
50	19	0 1 0 1 1 0 0 0 0 1 0 1 0 0 0 0 0 1 1 0
50	16	1 1 1 1 0 0 1 1 1 1 0 1 0 0 0 0 0 0 1 0
50	3	0 0 1 1 0 0 1 1 1 1 0 1 0 0 0 0 0 0 1 0
50	10	0 1 1 1 0 0 1 1 1 1 0 1 0 0 1 0 1 0 1 0
50	19	0 1 1 1 0 1 1 1 1 1 0 0 0 0 0 0 0 1 1 0
50	8	0 0 1 0 0 0 1 1 1 1 0 1 0 0 0 0 0 0 1 0
50	7	0 1 1 0 0 0 1 1 1 1 0 1 0 0 0 1 0 0 1 0
50	5	0 0 1 1 0 0 1 1 1 1 0 0 0 0 0 0 0 0 1 0
50	11	0 1 1 1 0 0 1 1 1 1 1 1 0 0 0 0 0 0 1 0
50	7	0 1 1 0 0 0 1 1 1 1 0 1 1 0 0 0 0 1 1 0
50	3	0 1 1 1 1 0 0 0 0 1 0 0 0 0 0 0 0 0 1 0
50	12	0 1 1 1 0 0 1 1 1 1 0 1 0 0 0 0 1 0 1 0
50	3	0 0 1 1 0 0 1 1 1 0 0 0 0 0 0 0 0 0 1 0
50	10	0 1 0 1 1 0 1 1 1 1 0 1 0 0 0 0 0 0 1 0
50	3	0 1 1 1 1 0 1 1 0 1 0 1 0 0 0 0 0 0 1 0
50	3	0 1 1 1 0 0 1 0 0 1 0 0 0 0 0 0 0 1 1 0
50	3	0 0 1 0 0 0 1 0 1 1 0 0 0 0 0 0 0 0 1 0
50	8	0 1 1 1 0 0 1 1 1 1 0 0 0 0 0 0 0 1 1 1
50	12	0 1 1 1 0 0 1 1 1 0 0 1 0 0 0 0 0 0 1 0
50	1	0 1 1 1 0 0 1 0 0 0 0 0 0 0 1 0 0 1 1 0
50	2	0 1 0 1 0 0 0 1 1 1 0 1 0 1 0 0 0 0 1 0
50	1	0 0 1 1 0 0 1 1 1 1 0 0 0 0 0 0 0 0 1 1
50	2	0 1 1 1 0 0 1 1 1 0 1 1 0 0 0 0 0 0 1 0
50	2	0 0 1 1 0 0 1 1 0 1 0 1 0 0 0 1 0 0 0 0
50	1	0 1 1 1 0 0 1 0 0 1 0 0 0 0 0 1 0 0 0 0
50	3	0 1 0 1 1 0 0 0 0 0 0 0 0 0 1 0 0 1 1 0
50	1	0 1 1 1 0 0 1 1 1 1 0 0 0 1 0 0 0 0 1 0
50	1	0 1 1 1 0 0 1 1 1 1 0 0 0 0 0 0 0 1 1 0
50	3	0 1 1 1 1 0 0 0 0 1 0 1 0 0 0 0 0 0 1 0
50	2	0 0 1 1 0 0 1 1 1 1 0 1 0 0 1 0 0 0 1 0
50	1	0 1 1 1 0 0 1 1 1 1 0 0 0 0 0 0 0 0 1 1
50	4	0 1 0 1 0 0 1 0 1 1 0 1 0 0 0 1 0 0 1 0
50	1	0 0 1 1 0 0 1 0 0 1 0 0 0 0 0 0 0 0 1 0
50	1	0 1 1 0 0 1 1 0 1 1 0 1 1 0 0 0 0 0 1 0
50	4	0 0 1 1 0 0 1 0 1 1 0 1 0 0 0 0 0 0 1 0
50	3	0 0 1 1 0 0 1 1 0 1 0 1 0 1 0 1 0 0 0 0
50	2	0 1 1 1 0 0 1 1 1 1 0 1 0 1 0 0 0 1 1 0
50	1	0 1 1 1 1 0 0 0 0 1 0 0 0 0 0 0 0 1 0 1
50	4	0 1 0 1 1 0 0 0 0 1 0 1 0 0 0 0 0 0 1 0
50	1	0 1 0 1 0 0 1 1 1 1 0 1 0 0 0 0 1 0 1 0
50	2	0 1 1 1 0 0 0 1 1 1 0 1 0 0 1 0 0 0 1 0
50	1	0 1 1 1 0 0 1 1 1 1 0 1 0 0 0 0 0 1 0 0
50	1	0 1 1 1 0 0 1 1 1 1 0 0 0 0 0 0 1 0 1 0
50	2	0 1 0 1 1 0 0 0 1 1 0 1 0 0 0 0 0 0 1 0
50	2	0 0 1 1 0 0 1 0 1 1 0 0 0 0 0 0 1 0 1 0
50	2	0 1 1 1 0 0 1 1 1 1 0 1 0 0 1 0 0 0 0 0
50	2	0 1 1 1 0 0 1 0 1 1 0 1 0 0 0 0 0 0 0 0
50	1	0 1 1 1 1 0 1 1 1 1 1 1 0 0 0 0 0 0 1 0
50	2	0 1 1 1 0 0 1 1 0 0 0 1 0 0 0 0 0 0 1 0
50	4	0 1 1 1 0 0 1 0 1 1 0 0 0 0 0 0 0 0 1 0
50	3	0 1 1 1 0 1 1 1 1 1 0 1 1 0 0 0 0 0 1 0
50	1	0 1 1 1 0 0 0 0 1 1 0 1 1 0 0 0 0 0 1 0
50	1	1 1 0 1 1 0 0 0 0 1 0 0 0 1 0 0 0 1 1 0
50	1	0 1 1 1 1 0 0 0 0 1 0 0 0 0 0 0 0 1 1 1
50	1	0 1 1 1 0 0 0 1 1 1 0 1 0 1 0 0 0 0 1 1
50	2	0 0 1 0 0 0 1 1 1 1 0 0 0 0 0 0 0 0 1 0
100	151	0 1 1 1 0 0 1 1 1 1 0 1 0 0 0 0 0 0 1 0
100	1	0 1 1 1 0 0 1 1 1 1 0 1 0 0 0 0 0 1 1 0
100	41	0 1 1 1 1 0 1 1 1 1 0 1 0 0 0 0 0 0 1 0
100	1	0 1 1 1 0 0 1 1 1 1 0 0 0 0 0 0 0 0 1 0
100	38	0 1 0 1 0 0 1 1 1 1 0 1 0 0 0 0 0 0 1 0
100	27	0 1 1 1 0 0 1 1 1 1 0 1 0 0 1 0 0 0 1 0
100	23	0 1 0 1 1 0 0 0 0 1 0 0 0 0 1 0 0 0 1 0
100	3	0 1 1 1 0 0 1 1 1 1 0 1 0 1 0 0 0 0 1 0
100	20	0 1 1 1 0 0 1 0 0 1 0 0 0 0 0 0 0 0 1 0
100	13	0 1 1 1 0 0 1 1 1 1 1 1 0 0 0 0 0 0 1 0
100	19	0 1 1 1 0 0 1 1 1 1 0 1 0 0 0 0 1 0 1 0
100	1	0 1 0 1 1 0 0 0 0 1 0 1 0 0 0 0 0 0 1 0
100	111	0 1 1 1 0 0 1 1 0 1 0 1 0 0 0 0 0 0 1 0
100	15	0 1 1 1 0 0 1 1 1 1 0 0 0 0 0 0 0 1 1 0
100	15	0 1 1 1 0 0 1 0 0 1 0 0 0 0 1 0 0 0 1 0
100	21	0 1 0 1 1 0 0 0 0 1 0 0 0 0 1 0 0 1 1 0
100	6	0 1 0 1 1 0 0 1 1 1 0 1 0 1 0 0 0 0 1 0
100	10	0 1 1 1 0 0 1 1 1 1 0 1 0 0 1 1 0 0 1 0
100	13	0 1 0 1 0 0 1 1 1 1 0 1 0 0 1 0 0 0 1 0
100	38	0 1 1 1 0 0 1 0 0 1 0 0 1 0 1 0 0 0 1 0
100	51	0 1 1 1 0 0 1 1 0 1 0 1 0 0 1 1 0 0 1 0
100	3	0 1 1 1 0 0 0 1 1 1 0 1 0 0 0 0 0 0 1 0
100	7	0 1 0 1 1 0 1 0 0 1 0 0 0 0 1 0 0 0 1 0
100	13	0 1 1 1 0 0 1 1 0 1 0 1 0 0 1 0 0 0 1 0
100	48	0 1 1 1 0 0 1 1 1 1 0 0 0 0 1 0 0 0 1 0
100	10	1 1 1 1 0 0 1 0 0 1 0 0 0 0 0 0 0 0 1 0
100	11	0 1 1 1 0 0 1 1 0 1 0 0 0 0 0 0 0 1 1 0
100	9	0 1 1 1 0 0 1 0 0 1 0 1 0 0 0 0 1 1 1 0
100	8	0 1 1 1 0 0 1 1 1 1 0 1 0 0 0 0 0 0 0 0
100	11	0 1 1 1 0 0 1 1 1 1 0 0 0 0 0 0 1 0 1 0
100	15	0 1 1 1 0 0 1 0 0 1 0 0 1 0 0 0 0 0 1 0
100	3	0 1 0 1 0 0 0 1 1 1 0 1 0 0 1 0 0 0 1 0
100	5	1 1 1 1 1 0 1 1 1 1 0 1 0 0 0 0 0 0 1 0
100	17	0 1 1 1 0 0 1 1 1 1 0 0 0 0 0 1 0 1 1 0
100	5	0 1 1 1 0 0 1 1 1 1 0 1 0 0 0 1 0 0 1 0
100	4	0 1 1 1 0 0 1 1 1 1 1 1 0 0 0 0 1 0 1 0
100	4	0 1 1 1 0 0 1 0 1 0 1 0 0 0 0 0 0 0 1 0
100	2	0 1 1 0 0 0 1 1 1 1 0 1 0 1 0 0 0 1 1 0
100	7	0 1 1 1 0 0 1 0 0 0 0 0 1 0 0 0 0 0 1 0
100	2	0 1 1 1 0 1 1 1 1 1 0 0 1 0 1 0 0 0 1 0
100	3	0 1 1 0 0 0 1 1 0 1 0 1 0 0 0 0 0 0 1 0
100	7	0 1 0 1 0 0 1 1 1 1 0 1 0 0 1 1 0 0 1 0
100	7	1 1 1 0 0 0 1 1 1 1 0 1 0 0 0 0 1 0 1 0
100	4	0 1 1 1 0 0 1 0 0 1 0 1 0 0 0 0 0 0 1 0
100	2	0 1 1 1 1 0 0 1 1 1 0 1 0 0 0 0 0 0 1 0
100	8	0 1 1 1 0 0 1 1 1 1 0 1 0 0 1 0 0 1 1 0
100	5	1 1 1 1 0 0 1 1 1 0 0 1 0 0 0 0 0 0 1 0
100	1	0 1 1 1 0 0 1 1 0 1 0 1 0 0 1 1 0 0 0 0
100	8	0 1 0 1 1 0 1 0 0 1 0 0 0 0 0 0 0 0 1 0
100	19	0 1 1 1 0 0 1 1 1 1 1 0 0 0 1 0 0 0 1 0
100	6	0 1 0 1 0 1 1 1 1 1 0 0 0 0 0 0 0 0 1 0
100	2	0 1 0 1 1 0 0 1 1 1 0 1 0 1 1 0 0 0 1 0
100	3	0 1 1 1 1 0 1 1 0 1 0 1 0 0 0 0 0 0 1 0
100	4	0 1 1 1 0 0 0 1 1 1 0 1 0 0 1 0 0 0 1 0
100	3	0 1 1 1 1 0 1 0 0 1 0 0 0 0 0 0 0 0 1 0
100	6	0 1 1 1 0 1 1 0 0 1 0 0 1 0 1 0 0 0 1 0
100	2	0 1 1 1 0 0 1 1 1 1 0 1 0 0 0 1 0 0 0 0
100	13	0 1 0 1 1 0 0 0 1 1 0 0 0 0 1 0 0 0 1 0
100	6	0 1 1 1 0 0 0 0 0 1 0 0 0 0 0 0 0 0 1 0
100	3	0 1 1 1 0 0 1 0 0 0 0 0 1 0 0 0 1 0 1 0
100	4	0 1 1 1 0 0 1 1 0 1 0 1 0 1 0 0 0 0 1 0
100	5	0 1 0 1 0 0 1 0 0 1 0 0 1 0 1 0 0 0 1 0
100	1	0 1 1 1 0 0 1 1 0 1 0 0 0 0 0 1 0 1 1 0
100	1	0 1 1 1 0 0 1 1 1 1 0 1 0 0 1 0 1 0 1 0
100	1	0 1 0 1 1 0 1 1 1 1 0 1 0 0 0 0 0 0 1 0
100	2	0 1 1 1 0 0 1 1 0 1 1 1 0 0 1 1 0 0 1 0
100	6	0 1 1 1 0 0 1 1 1 1 0 0 0 0 0 1 0 0 1 0
100	10	0 1 0 1 0 0 1 0 1 1 0 1 0 0 1 0 1 0 1 0
100	1	0 1 1 1 0 0 1 1 1 1 0 0 1 0 0 0 1 0 1 0
100	2	0 1 1 1 0 0 1 0 0 0 0 0 0 0 1 0 0 0 1 0
100	2	0 1 1 1 0 0 1 1 1 0 0 1 0 0 0 0 0 0 1 0
100	6	1 1 0 1 0 0 1 1 1 1 0 1 0 0 0 0 0 0 1 0
100	3	0 1 1 1 0 0 1 1 1 1 1 0 0 0 0 0 0 1 1 0
100	1	0 1 1 1 0 0 1 1 0 1 0 1 0 0 0 1 0 0 1 1
100	2	0 1 1 1 0 0 1 1 1 1 1 0 0 0 1 0 1 0 1 0
100	4	1 1 0 1 1 0 1 0 0 0 0 0 0 0 1 0 0 0 1 0
100	1	0 1 1 1 0 0 1 0 0 1 0 1 0 0 1 1 0 0 1 0
100	3	0 1 1 1 0 1 1 1 1 1 0 1 0 0 0 0 0 0 1 0
100	2	0 1 1 1 1 1 1 1 1 1 0 1 0 0 0 0 0 0 1 0
100	1	0 1 0 1 0 0 1 1 0 1 0 1 0 0 0 0 0 0 1 0
100	1	0 1 0 1 1 0 0 0 0 1 0 0 0 0 0 0 0 0 1 0
100	1	0 1 1 1 0 0 1 1 0 0 0 1 0 0 0 0 0 0 1 0
100	2	0 1 1 1 0 0 1 0 0 1 0 0 0 1 1 0 0 0 1 0
100	3	0 1 1 1 0 0 1 1 0 1 0 0 1 0 1 0 0 0 1 0
100	2	1 1 1 1 1 0 0 1 1 1 0 1 0 0 0 0 0 0 1 0
100	1	0 1 1 1 0 0 1 0 0 1 0 0 1 0 1 0 1 1 0 0
100	1	1 1 1 1 0 0 1 0 1 0 0 1 0 0 0 0 0 0 1 0
100	1	0 1 0 0 0 1 1 1 1 1 0 0 0 0 0 0 0 0 1 0
100	1	0 1 0 1 0 0 1 1 0 1 0 1 0 1 0 0 0 0 1 0
100	2	0 1 1 1 0 0 1 0 1 0 0 1 0 0 0 0 0 0 1 0
100	3	0 1 1 1 1 0 1 0 1 1 0 1 0 0 0 0 0 0 1 0
100	1	0 1 1 0 0 0 1 1 1 1 0 1 0 0 1 0 0 0 1 0
100	2	0 1 1 1 0 0 1 1 0 1 1 1 0 0 0 0 0 0 1 0
100	1	0 1 0 1 0 0 1 1 0 1 0 1 0 0 1 0 0 0 1 0
100	1	0 1 1 1 1 0 1 0 0 1 0 0 1 0 0 0 0 0 1 0
100	1	0 1 1 1 0 0 1 1 0 1 0 1 0 0 1 1 0 1 0 0
100	2	0 1 0 1 1 0 0 0 1 1 0 1 0 0 1 0 0 0 1 0
100	2	0 1 1 1 0 0 1 1 0 1 0 1 0 1 0 0 0 0 0 0
150	26	0 1 1 1 0 0 1 1 1 1 0 1 0 0 0 0 0 0 1 0
150	36	0 1 1 1 1 0 1 1 1 1 0 1 0 0 0 0 0 0 1 0
150	38	0 1 0 1 0 0 1 1 1 1 0 1 0 0 0 0 0 0 1 0
150	12	0 1 1 1 0 0 1 1 1 1 1 1 0 0 0 0 0 0 1 0
150	40	0 1 1 1 0 0 1 1 0 1 0 1 0 0 0 0 0 0 1 0
150	17	0 1 1 1 0 0 1 1 1 1 0 0 0 0 0 0 0 1 1 0
150	2	0 1 1 1 0 0 1 0 0 1 0 0 1 0 1 0 0 0 1 0
150	67	0 1 1 1 0 0 1 1 0 1 0 1 0 0 1 1 0 0 1 0
150	34	0 1 1 1 0 0 1 1 0 1 0 1 0 0 1 0 0 0 1 0
150	60	0 1 1 1 0 0 1 1 1 1 0 0 0 0 1 0 0 0 1 0
150	24	0 1 1 1 0 0 1 1 1 1 1 0 0 0 1 0 0 0 1 0
150	42	0 1 1 1 0 0 0 0 0 1 0 0 0 0 0 0 0 0 1 0
150	3	0 1 0 1 1 0 0 0 1 1 0 1 0 0 1 0 0 0 1 0
150	12	0 1 1 1 1 0 1 1 1 1 0 1 0 0 1 1 0 0 1 0
150	8	0 1 1 1 0 0 1 1 1 0 0 1 0 0 0 0 0 0 1 0
150	9	1 1 1 1 0 0 1 1 1 1 0 1 0 0 0 0 0 0 1 0
150	13	0 1 1 1 0 0 1 1 1 1 0 0 0 0 1 1 0 0 1 0
150	11	0 1 1 1 0 0 1 0 0 1 0 0 0 1 1 1 0 1 1 0
150	78	1 1 1 1 0 0 1 1 0 1 0 1 0 0 1 0 0 0 0 0
150	7	0 1 1 1 0 0 1 1 1 1 0 1 0 0 0 1 0 0 1 0
150	10	0 1 0 1 0 0 0 0 0 1 0 0 0 0 1 0 0 0 1 0
150	14	0 1 1 1 0 0 0 0 0 1 1 0 0 0 0 0 0 0 1 0
150	28	0 1 0 1 0 0 0 0 0 1 0 0 0 0 0 0 0 0 1 0
150	29	0 1 1 1 0 0 1 1 1 1 0 1 1 0 1 0 0 0 1 0
150	1	1 1 0 1 0 0 1 0 1 1 0 1 0 0 1 0 0 0 1 0
150	10	0 1 1 1 0 0 1 1 0 1 0 1 1 0 1 0 0 0 1 0
150	4	0 1 1 1 0 0 1 0 1 1 0 0 0 0 1 1 0 1 1 0
150	8	0 1 1 1 0 0 1 1 1 0 0 0 0 0 0 0 0 1 1 0
150	10	1 1 0 1 1 0 0 0 0 1 0 0 0 0 1 0 0 0 1 0
150	23	1 1 1 1 0 0 1 1 0 1 0 1 0 0 1 0 1 0 0 0
150	8	0 1 1 1 0 0 1 1 0 1 1 0 0 0 1 0 1 0 1 0
150	12	0 1 1 1 0 0 1 1 1 1 0 0 0 0 0 0 0 0 1 0
150	5	0 1 1 1 1 0 1 0 0 1 0 0 0 0 1 0 0 0 1 0
150	12	0 1 1 1 0 0 1 1 0 1 0 1 0 0 1 0 0 0 0 0
150	8	0 1 1 1 0 0 1 1 0 1 0 1 1 0 1 1 0 0 1 0
150	10	0 0 1 1 0 0 1 1 0 0 0 1 0 0 1 1 0 0 1 0
150	3	0 1 1 1 0 1 1 1 0 1 0 1 0 0 1 1 0 0 1 0
150	2	0 1 1 1 0 0 1 1 0 1 0 1 0 0 0 0 0 1 1 0
150	4	1 1 1 1 1 0 1 1 0 1 0 1 0 0 1 0 0 0 0 0
150	3	0 1 1 1 0 0 1 1 0 1 0 1 0 0 1 1 0 0 0 0
150	1	0 1 0 1 1 0 0 0 1 1 1 1 0 0 1 0 0 0 1 0
150	5	0 1 1 1 0 0 1 0 0 1 0 0 0 1 1 0 0 1 1 0
150	1	0 1 0 1 0 0 1 1 0 1 0 1 0 0 1 1 0 0 1 0
150	3	1 1 1 1 0 0 1 1 0 1 1 1 0 0 1 0 0 0 0 0
150	3	1 1 0 1 1 0 1 1 0 1 0 1 0 0 1 0 0 0 0 0
150	6	0 1 1 1 0 0 1 1 1 1 1 0 0 0 1 0 0 0 0 0
150	4	0 1 1 1 0 0 1 1 1 1 0 0 0 0 1 1 0 0 0 1
150	18	0 1 1 1 0 0 1 0 1 1 0 0 0 0 1 0 0 0 1 0
150	7	0 1 1 1 0 0 1 1 1 1 0 1 1 0 1 0 0 1 1 0
150	1	1 1 1 1 0 0 1 1 0 1 1 1 0 0 1 1 0 0 1 0
150	4	0 1 1 1 1 0 1 1 1 1 0 0 0 0 1 0 0 0 1 0
150	2	1 1 1 1 0 0 1 1 0 1 0 1 0 1 1 0 0 0 0 0
150	3	1 1 1 1 0 0 1 1 0 1 0 1 0 1 1 0 1 0 0 0
150	2	0 1 1 1 0 0 1 1 0 1 0 0 1 0 1 1 0 0 1 0
150	5	0 1 0 1 0 0 1 1 0 1 0 1 0 0 1 0 0 0 1 0
150	3	0 1 1 1 0 0 1 1 0 1 0 1 0 0 0 1 0 0 1 0
150	7	0 1 1 1 0 0 1 1 1 1 0 0 0 0 1 0 0 1 1 0
150	2	0 1 1 0 0 0 1 1 1 1 1 0 0 0 1 0 0 0 0 0
150	12	1 1 0 1 1 0 1 1 0 1 0 1 0 0 1 0 0 0 1 0
150	13	1 1 1 1 0 0 1 0 0 1 0 1 0 0 1 0 0 0 1 0
150	22	0 1 1 1 0 0 1 0 1 1 0 1 0 0 1 0 0 0 1 0
150	4	0 1 1 1 1 0 1 1 1 0 0 1 0 0 0 0 0 0 1 0
150	3	0 1 1 1 0 0 1 1 0 1 1 1 0 0 1 0 0 0 0 0
150	7	0 1 1 1 0 0 1 1 0 1 0 1 0 1 1 0 0 0 1 0
150	2	0 1 0 1 0 0 1 1 1 1 0 0 0 0 1 0 0 0 1 0
150	5	0 1 1 1 0 0 1 1 1 1 1 0 1 0 1 0 0 0 1 0
150	2	0 1 1 1 0 1 1 1 0 1 0 1 1 0 1 1 0 0 1 0
150	2	1 1 1 1 0 0 1 1 0 1 0 1 0 0 1 0 0 0 1 0
150	5	0 0 1 1 0 0 1 1 1 1 0 0 0 0 1 0 0 0 1 0
150	2	1 1 1 1 0 0 1 1 0 1 1 0 0 0 0 0 0 0 1 0
150	8	1 1 1 1 0 0 1 1 0 1 1 1 0 0 1 0 0 1 1 0
150	1	0 0 1 1 0 0 1 1 1 1 0 0 0 0 0 0 0 1 1 0
150	3	0 1 1 1 0 0 0 0 0 1 0 0 0 0 0 0 0 0 0 0
150	3	1 0 1 1 0 0 1 1 0 1 1 1 0 0 1 0 0 0 0 0
150	1	0 1 1 1 1 1 1 1 1 1 0 1 0 0 0 0 0 0 1 0
150	5	0 1 1 1 0 0 1 0 1 1 0 0 0 0 0 0 0 0 1 0
150	1	1 1 1 1 0 0 1 1 0 1 0 1 0 0 1 1 0 0 1 0
150	1	1 1 1 1 1 0 1 1 0 1 0 1 0 0 1 0 0 0 1 0
150	3	1 1 1 1 0 0 1 0 1 1 0 0 0 0 1 0 0 0 1 0
150	1	0 1 1 1 0 0 0 1 1 1 1 1 0 0 0 0 0 0 1 0
150	1	0 1 1 1 1 0 1 1 1 1 0 1 0 0 0 1 0 0 1 1
150	2	0 1 1 0 0 0 1 1 0 1 0 1 0 1 1 0 0 0 1 0
150	2	1 1 1 1 0 0 1 1 0 1 0 1 0 0 0 0 0 0 1 0
150	5	0 1 1 1 0 0 1 1 0 0 0 1 0 0 1 0 0 0 1 0
150	3	0 1 1 1 1 0 1 1 1 1 0 1 0 0 1 1 1 0 1 0
150	6	1 1 1 1 0 0 1 1 1 1 0 1 0 0 1 0 0 0 0 0
150	3	1 1 1 1 0 0 1 1 0 0 0 1 0 0 1 0 0 0 0 0
150	1	0 1 1 1 0 0 1 1 0 1 1 0 0 0 1 0 1 1 1 0
150	4	0 1 1 1 0 0 1 1 1 1 0 0 0 0 1 0 1 0 0 0
150	2	0 1 1 1 1 0 1 0 0 1 0 1 0 1 1 0 0 0 1 0
150	3	0 0 1 1 0 0 1 1 0 0 0 1 0 0 1 0 0 0 0 0
150	2	1 1 0 1 1 0 1 1 0 1 0 1 0 0 0 0 0 0 1 0
150	2	1 1 1 1 0 0 1 1 0 1 1 0 0 0 1 0 0 0 1 0
150	4	0 1 1 1 0 0 1 0 1 1 0 0 0 0 0 0 0 1 1 0
150	1	0 1 1 0 0 0 1 1 1 1 0 0 0 0 1 0 0 0 1 0
150	4	0 1 1 1 0 0 1 0 1 1 1 0 0 0 1 0 0 0 1 0
150	1	0 1 0 1 0 0 0 0 0 1 1 0 0 0 0 0 0 0 1 0
150	2	0 1 1 1 1 0 1 1 1 1 0 0 0 0 0 0 0 0 1 0
150	3	0 1 1 1 0 0 1 0 0 1 0 0 0 0 1 0 0 0 1 0
150	3	1 1 1 1 0 0 1 1 1 1 0 0 0 0 0 0 0 0 1 0
150	1	0 1 1 1 0 0 1 1 0 1 0 0 0 0 0 0 0 0 1 0
150	1	1 1 1 1 1 0 1 1 1 1 0 1 0 0 0 0 0 0 1 0
150	1	0 0 1 1 0 0 1 1 0 1 0 1 0 0 0 0 0 0 1 0
150	1	1 1 0 1 0 0 1 1 1 1 0 1 0 0 0 0 0 0 1 0
150	2	0 1 1 1 1 0 1 1 1 1 1 0 0 0 1 0 0 0 1 0
150	2	0 1 1 1 0 0 1 1 1 1 1 0 0 1 1 0 0 0 1 0
150	1	0 1 1 1 0 1 1 1 1 1 1 0 0 0 1 0 0 0 1 0
150	3	0 0 1 1 0 0 0 0 0 1 0 0 0 0 0 0 0 0 1 0
150	1	1 1 1 1 0 0 1 1 1 1 0 1 1 0 0 0 0 0 1 0
150	1	0 0 0 1 0 0 0 0 0 1 0 0 0 0 0 0 0 0 1 0
150	2	0 1 1 0 0 0 1 1 0 1 0 1 1 0 1 0 0 0 1 0
150	1	0 1 1 1 1 0 1 1 0 1 0 0 1 0 1 1 0 0 1 0
150	1	1 1 1 1 0 0 1 0 0 1 0 0 0 0 1 0 0 0 1 0
150	1	0 1 0 1 0 0 1 1 1 1 1 0 0 0 1 0 0 0 1 0
150	1	1 1 1 1 0 0 1 1 1 1 0 1 0 0 1 0 0 0 1 0
200	2	0 1 0 1 0 0 1 1 1 1 0 1 0 0 0 0 0 0 1 0
200	20	0 1 1 1 0 0 1 1 0 1 0 1 0 0 1 1 0 0 1 0
200	49	0 1 1 1 0 0 1 1 0 1 0 1 0 0 1 0 0 0 1 0
200	22	0 1 1 1 0 0 1 1 1 1 0 0 0 0 1 0 0 0 1 0
200	88	1 1 1 1 0 0 1 1 0 1 0 1 0 0 1 0 0 0 0 0
200	3	0 1 0 1 0 0 0 0 0 1 0 0 0 0 0 0 0 0 1 0
200	30	1 1 1 1 1 0 1 1 0 1 0 1 0 0 1 0 0 0 0 0
200	2	0 1 1 1 0 0 1 0 1 1 0 1 0 0 1 0 0 0 1 0
200	51	1 1 1 1 0 0 1 1 0 1 0 1 0 0 1 0 0 0 1 0
200	7	1 1 1 1 0 0 1 1 0 1 0 1 0 0 0 0 0 0 1 0
200	10	0 1 1 1 0 0 1 1 0 0 0 1 0 0 1 0 0 0 1 0
200	21	1 1 1 1 0 0 1 1 0 1 1 0 0 0 1 0 0 0 1 0
200	9	0 1 1 1 0 0 1 0 1 1 1 0 0 0 1 0 0 0 1 0
200	13	1 1 1 1 0 0 1 0 0 1 0 1 0 0 1 0 0 0 0 0
200	35	0 1 1 1 0 0 0 1 0 1 0 1 0 0 1 1 0 0 1 0
200	14	1 1 0 1 1 0 0 0 0 1 0 0 0 0 1 0 0 0 0 0
200	26	0 1 1 1 0 0 1 0 1 1 0 1 1 0 1 0 0 0 1 0
200	6	0 1 1 1 1 0 1 1 0 1 0 1 0 0 1 1 0 0 0 0
200	30	1 1 1 1 0 0 1 0 0 1 0 1 0 0 1 1 0 0 1 0
200	13	1 1 0 1 0 0 1 0 0 1 0 1 0 0 1 0 0 0 0 0
200	2	1 1 1 1 0 0 1 1 0 1 0 1 0 0 1 0 0 1 1 0
200	11	1 1 1 1 0 0 1 0 0 1 0 0 0 1 1 1 0 1 1 0
200	3	0 1 1 1 0 0 1 0 0 1 0 1 0 0 1 0 0 0 1 0
200	7	0 1 1 1 1 0 1 1 0 1 0 1 0 0 1 1 0 0 1 0
200	3	1 1 0 1 0 0 1 0 0 1 0 1 0 0 1 0 0 0 1 0
200	13	0 1 1 1 0 0 0 0 1 1 0 1 1 0 1 0 0 0 1 0
200	17	0 1 1 1 1 0 1 1 0 0 0 1 1 0 0 0 0 0 1 0
200	5	0 1 1 1 0 0 1 1 1 1 0 1 1 1 1 0 0 0 1 0
200	28	1 1 1 1 0 0 1 1 0 1 0 1 0 0 1 1 0 0 0 0
200	9	0 1 1 0 0 0 1 1 0 0 0 1 0 0 1 0 0 0 1 0
200	14	0 1 1 1 0 0 1 1 1 1 0 0 0 0 1 0 0 0 1 1
200	13	1 1 1 1 0 0 1 1 1 0 0 1 0 0 1 0 0 0 0 0
200	2	0 1 1 1 0 0 1 1 1 1 0 1 1 0 1 1 0 0 1 0
200	4	1 1 1 1 0 0 1 1 0 1 0 1 1 0 1 0 0 0 1 0
200	20	1 1 1 1 0 0 1 1 0 1 0 1 0 1 1 1 0 0 0 0
200	3	1 1 0 1 0 0 1 1 0 1 0 1 0 0 1 1 1 0 0 0
200	6	1 0 1 1 0 0 1 1 0 1 0 1 0 0 1 0 0 0 0 0
200	2	0 1 1 1 0 0 1 1 0 1 0 1 0 1 1 1 0 0 0 0
200	2	1 1 1 1 0 0 1 1 1 1 0 0 0 0 1 0 0 0 1 0
200	2	1 1 1 1 1 0 1 1 0 1 0 0 0 0 1 0 0 0 0 0
200	2	1 0 1 1 0 0 1 0 0 1 0 1 0 0 0 0 0 0 0 0
200	18	1 1 1 1 0 1 1 0 0 1 0 1 0 0 1 1 0 0 1 0
200	1	1 1 1 1 0 1 1 0 0 1 0 1 0 0 1 0 0 1 0 0
200	1	0 1 1 1 0 0 1 0 1 1 0 1 1 0 0 0 0 0 1 0
200	7	0 1 1 1 0 0 0 1 0 1 0 1 0 0 1 0 0 0 1 0
200	17	1 1 1 1 0 0 0 1 0 1 0 1 0 0 1 0 0 0 0 0
200	6	1 1 1 1 0 0 1 1 0 1 1 1 0 0 1 0 0 0 0 0
200	10	1 1 1 1 1 0 1 1 0 1 0 1 0 0 1 0 0 0 1 0
200	15	1 1 1 1 1 0 0 0 0 1 0 0 0 0 1 0 0 0 0 0
200	5	0 1 1 1 0 0 1 1 0 1 0 1 0 0 1 1 1 0 1 0
200	21	1 1 1 1 0 1 1 1 0 1 0 1 0 0 1 0 1 0 1 0
200	1	0 1 1 0 0 0 1 1 0 1 0 1 0 0 1 0 0 0 1 0
200	2	1 1 1 1 1 0 1 1 0 1 0 1 0 0 1 0 1 0 0 0
200	1	1 1 1 1 0 0 0 1 0 1 0 1 0 0 1 1 0 0 1 0
200	1	1 0 1 1 0 0 1 1 0 1 0 1 0 0 1 0 0 0 1 0
200	4	1 1 1 1 0 0 1 1 0 1 0 1 0 0 1 0 0 0 1 1
200	3	0 1 0 0 0 0 1 1 0 0 0 1 0 0 1 0 0 0 1 0
200	5	0 1 1 1 0 0 0 1 0 1 0 1 0 0 1 0 1 0 1 0
200	1	1 1 0 1 0 0 0 1 0 1 0 1 1 0 1 1 1 0 0 0
200	5	1 1 1 1 0 0 1 0 1 1 0 1 1 0 1 0 0 0 1 0
200	12	1 1 1 1 0 0 1 1 1 1 0 0 0 0 0 0 0 1 1 0
200	4	0 1 1 1 0 0 1 0 1 1 0 1 1 0 1 0 0 1 1 0
200	1	1 1 0 1 0 0 1 1 1 0 0 1 0 0 1 0 0 0 0 0
200	6	1 1 1 1 0 0 1 0 0 1 0 1 0 0 0 0 0 0 1 0
200	10	1 1 0 1 1 0 0 1 0 1 0 0 0 0 1 0 0 1 0 0
200	4	0 1 1 1 0 0 1 0 1 1 0 0 1 0 0 0 0 0 1 0
200	19	1 1 1 1 0 0 1 1 0 1 0 1 0 0 1 0 0 1 0 0
200	6	1 1 1 1 0 0 1 1 0 1 0 0 0 0 1 0 0 0 1 0
200	3	1 1 1 1 0 1 1 1 0 1 1 0 0 0 1 0 0 0 1 0
200	4	1 1 1 1 0 0 1 1 0 1 0 1 0 0 1 1 1 0 1 0
200	4	1 1 1 1 0 0 0 1 0 1 0 1 1 0 1 1 1 0 0 0
200	9	0 1 1 0 1 0 1 1 0 0 0 1 0 0 1 0 0 0 1 0
200	8	1 1 1 1 1 1 1 1 0 1 0 1 0 0 1 0 0 0 1 0
200	3	0 1 1 0 0 0 1 1 0 1 0 1 0 0 1 0 0 0 0 0
200	8	0 1 1 1 0 0 1 1 0 1 0 1 0 1 1 0 0 0 0 0
200	1	1 1 1 1 0 0 1 0 0 1 0 0 0 1 1 1 0 0 1 0
200	2	1 1 1 1 0 0 1 1 0 1 0 1 0 0 1 0 1 0 1 0
200	7	1 1 1 0 0 0 1 0 0 1 0 1 0 0 1 0 0 0 0 0
200	1	0 1 1 1 0 0 1 1 1 1 0 1 1 0 1 1 0 0 0 0
200	8	1 1 1 1 0 0 0 1 0 1 0 1 0 0 1 0 0 0 0 1
200	6	0 1 1 1 0 0 1 1 0 1 0 1 0 1 1 0 0 0 1 0
200	4	0 1 1 1 0 0 1 1 1 1 0 0 0 0 1 0 0 0 0 0
200	2	0 0 1 1 0 0 1 0 1 1 0 1 0 0 1 0 0 0 1 0
200	4	1 1 1 1 0 1 1 1 0 1 0 1 0 0 1 0 0 0 1 0
200	1	1 1 1 1 0 0 1 1 0 1 1 1 1 0 1 0 0 0 1 0
200	1	0 1 1 1 0 0 0 1 0 1 0 1 0 0 1 0 0 0 0 0
200	7	0 1 1 1 0 0 1 1 0 1 0 1 0 0 1 0 0 1 1 0
200	7	1 1 1 0 0 0 1 1 0 1 0 1 0 0 1 0 0 0 0 0
200	6	1 1 1 1 0 0 1 0 0 1 1 0 0 1 1 1 0 1 1 0
200	7	1 1 1 1 1 0 1 1 0 1 0 0 0 0 1 0 1 0 0 0
200	1	1 1 1 1 0 0 1 1 0 1 0 1 0 1 1 1 0 0 1 0
200	2	0 1 1 1 0 0 1 1 0 1 1 1 0 0 1 0 0 0 1 0
200	4	0 0 1 1 0 0 1 1 0 1 0 1 0 0 1 0 0 0 1 0
200	7	1 1 0 1 0 0 0 1 0 1 0 1 0 0 1 0 0 0 0 0
200	1	1 1 1 1 0 0 1 1 0 1 1 1 0 0 1 0 0 1 0 0
200	1	1 1 1 1 0 0 1 0 0 1 0 1 0 0 0 0 0 0 1 1
200	2	1 1 0 1 0 0 1 1 0 1 0 1 0 0 1 0 0 0 0 0
200	3	1 1 1 1 0 1 1 0 0 1 0 1 0 0 1 1 0 0 0 0
200	2	0 1 1 1 0 0 1 0 0 0 0 1 0 0 1 0 0 0 1 0
200	4	1 1 1 1 0 0 1 1 0 1 0 0 0 0 1 0 0 0 0 0
200	1	1 1 1 1 0 0 1 0 0 1 0 1 0 0 1 0 0 1 0 0
200	1	0 1 1 1 0 0 1 0 0 0 0 1 1 0 0 0 1 0 1 0
200	3	0 1 1 1 1 0 0 0 1 1 0 1 1 0 1 0 0 0 0 0
200	1	0 1 1 1 0 1 1 1 0 1 0 1 0 0 1 0 1 0 1 0
200	1	0 1 1 1 1 0 1 1 0 1 1 0 0 0 1 0 0 0 1 0
200	1	0 1 1 1 0 0 1 1 0 1 0 1 0 0 1 1 0 0 0 0
200	6	0 1 1 1 0 0 0 0 0 1 0 1 0 0 1 0 0 0 0 0
200	1	1 1 1 1 0 1 1 1 0 1 0 1 0 0 1 0 0 0 0 0
200	3	1 1 1 1 0 0 1 1 0 1 1 1 0 0 1 0 0 0 1 0
200	3	0 1 1 1 0 0 1 0 1 1 0 1 1 0 1 0 0 0 1 1
200	2	0 1 1 1 1 0 1 1 0 0 0 1 1 0 0 1 0 0 1 0
200	1	0 1 1 1 0 0 1 1 1 1 0 1 1 1 1 0 1 0 1 0
200	1	1 1 1 1 0 0 1 1 1 1 1 0 0 0 1 0 0 0 1 0
200	2	1 1 1 1 0 0 1 1 1 1 0 0 1 0 1 0 0 0 1 0
200	1	1 1 1 1 1 0 0 1 0 1 0 1 0 0 1 0 0 0 1 0
200	1	0 1 1 1 0 1 1 1 0 1 1 0 0 0 1 0 0 0 1 0
200	2	1 1 1 1 1 1 1 1 0 1 0 1 0 1 1 0 0 0 1 0
200	1	0 1 1 1 0 0 1 1 0 1 0 1 0 1 1 0 1 0 0 0
200	5	1 1 0 1 0 0 1 1 0 1 0 1 0 0 0 0 0 0 0 0
200	1	1 0 1 1 0 0 1 1 0 1 1 1 0 0 1 1 0 0 0 0
200	4	0 1 1 1 0 0 1 1 0 1 0 1 0 0 1 0 0 0 0 0
200	1	0 1 1 1 0 0 1 1 0 1 0 0 0 0 1 0 0 0 1 0
200	1	1 1 1 1 0 1 1 1 0 1 0 1 0 0 1 1 0 0 1 0
200	3	0 1 1 1 0 0 1 1 1 1 0 0 1 0 1 0 0 0 1 0
200	1	1 1 1 1 0 0 1 0 0 1 0 1 0 0 1 1 0 0 0 0
200	1	0 1 1 1 0 1 1 0 1 1 0 1 1 0 1 0 0 0 1 0
200	1	1 1 0 1 0 0 0 0 0 1 0 1 0 0 1 0 0 0 0 0
200	2	0 1 1 1 0 0 1 0 0 1 0 1 0 0 1 0 0 0 1 1
200	1	1 1 1 1 0 0 1 1 1 0 0 1 0 0 0 0 0 0 0 0
200	2	1 1 1 1 0 0 1 1 0 1 0 1 0 1 0 1 0 0 0 0
200	1	1 1 1 1 0 0 1 1 1 1 0 1 0 1 1 1 0 0 0 0
200	2	1 1 1 1 0 0 1 1 0 1 1 0 0 0 1 0 0 0 0 0
200	1	0 1 1 1 0 0 1 1 1 1 0 1 0 0 1 1 1 0 1 0
200	1	1 1 0 1 0 0 0 0 0 1 0 1 1 0 1 1 1 0 0 0
200	1	0 1 1 1 1 0 1 0 1 1 0 0 1 0 0 0 0 0 1 0
200	2	1 1 1 1 1 1 1 1 0 1 0 1 0 0 1 0 0 0 1 1
200	2	0 1 1 1 0 0 1 1 0 0 0 1 1 0 0 1 0 0 1 0
250	3	0 1 1 1 0 0 1 1 0 1 0 1 0 0 1 0 0 0 1 0
250	57	1 1 1 1 0 0 1 1 0 1 0 1 0 0 1 0 0 0 0 0
250	6	1 1 1 1 1 0 1 1 0 1 0 1 0 0 1 0 0 0 0 0
250	1	1 1 1 1 0 0 1 1 0 1 0 1 0 0 1 0 0 0 1 0
250	15	1 1 1 1 0 0 1 1 0 1 1 0 0 0 1 0 0 0 1 0
250	17	1 1 1 1 0 0 1 0 0 1 0 1 0 0 1 0 0 0 0 0
250	5	1 1 0 1 1 0 0 0 0 1 0 0 0 0 1 0 0 0 0 0
250	5	1 1 1 1 0 0 1 0 0 1 0 1 0 0 1 1 0 0 1 0
250	27	1 1 1 1 0 0 1 1 0 1 0 1 0 0 1 1 0 0 0 0
250	89	1 1 1 1 0 0 1 1 0 1 0 1 0 1 1 1 0 0 0 0
250	36	1 1 1 1 0 0 0 1 0 1 0 1 0 0 1 0 0 0 0 0
250	12	1 1 1 1 0 0 1 1 0 1 1 1 0 0 1 0 0 0 0 0
250	39	1 1 1 1 1 1 1 1 0 1 0 1 0 0 1 0 0 0 1 0
250	2	1 1 1 0 0 0 1 0 0 1 0 1 0 0 1 0 0 0 0 0
250	18	1 1 1 1 0 0 0 1 0 1 0 1 0 0 1 0 0 0 0 1
250	5	1 1 1 1 0 1 1 1 0 1 0 1 0 0 1 0 0 0 1 0
250	12	1 1 1 1 0 0 1 1 0 1 0 1 0 1 0 1 0 0 0 0
250	12	0 1 1 1 0 1 1 1 0 1 0 1 0 0 1 0 0 0 1 0
250	11	1 1 1 1 1 0 1 1 0 0 0 1 0 0 1 0 0 0 0 0
250	33	1 1 1 1 0 0 1 1 0 1 0 0 0 0 1 0 0 0 0 0
250	8	1 1 0 1 0 0 1 1 0 1 0 1 0 0 1 0 0 0 0 0
250	12	1 1 1 1 0 1 1 1 0 1 0 1 0 0 1 0 0 0 0 0
250	16	1 0 1 1 0 0 1 1 0 1 0 1 0 0 1 0 0 0 0 0
250	9	1 1 1 1 0 0 0 1 0 1 1 0 0 0 1 0 0 0 1 0
250	3	1 1 1 1 0 0 1 1 0 1 0 1 0 1 1 0 0 0 0 0
250	4	1 1 1 0 0 0 1 1 0 1 0 1 0 0 1 0 0 0 1 0
250	8	1 1 1 1 1 0 1 1 0 0 0 1 1 0 1 0 0 0 0 0
250	22	1 1 1 1 0 1 1 1 0 1 0 1 0 1 1 1 0 0 0 0
250	7	1 0 1 1 0 0 1 1 0 1 0 1 0 1 1 1 0 0 0 0
250	81	1 1 1 1 0 0 0 1 0 1 0 1 0 0 1 1 0 0 0 0
250	11	1 1 1 1 0 1 1 1 0 1 0 1 0 0 0 0 0 0 0 0
250	6	1 1 1 1 0 0 1 1 0 1 0 1 0 0 0 1 0 0 0 0
250	46	1 1 1 1 1 1 1 1 1 0 0 1 0 0 1 0 0 0 0 0
250	32	1 1 1 1 0 1 1 0 0 1 0 1 0 0 1 0 0 0 0 0
250	1	1 1 1 1 1 0 1 0 0 1 0 1 0 0 1 0 0 0 0 0
250	1	1 1 1 1 0 0 1 1 0 1 1 1 0 1 1 0 0 0 0 0
250	6	1 1 1 1 0 0 1 0 0 1 0 1 0 0 1 0 0 0 1 0
250	7	1 1 1 1 0 1 1 0 0 1 0 1 0 0 1 1 0 0 0 0
250	12	1 1 1 1 1 1 1 1 1 0 0 0 0 0 1 0 0 0 0 0
250	7	1 0 1 1 0 0 0 1 0 1 0 1 0 1 1 1 0 0 0 0
250	28	1 1 1 1 0 0 0 1 0 1 0 1 0 0 1 0 0 0 1 0
250	4	1 1 1 1 1 0 1 1 0 1 0 1 0 0 0 1 0 0 0 0
250	2	1 0 1 1 0 0 0 1 0 1 0 1 0 0 1 0 0 0 0 0
250	2	1 0 1 1 0 0 1 0 0 1 0 1 0 0 1 1 0 0 0 0
250	7	1 0 1 1 0 0 0 1 0 1 0 1 0 0 1 1 0 0 0 0
250	3	1 1 1 1 0 0 1 1 0 1 0 0 0 0 1 0 0 0 1 0
250	15	1 1 1 1 1 0 1 1 0 1 0 1 0 0 1 0 0 1 0 0
250	2	1 1 1 1 0 0 0 1 0 1 0 1 0 0 1 0 0 1 0 0
250	22	1 1 1 1 0 0 0 1 1 1 0 1 1 0 1 0 0 0 0 0
250	4	1 0 1 1 0 0 1 1 0 1 1 1 0 0 1 0 0 0 0 0
250	3	1 1 1 1 1 0 1 1 1 0 0 1 1 0 1 1 0 0 0 0
250	1	0 1 0 1 0 1 0 0 0 1 0 1 0 0 1 0 0 0 0 0
250	3	1 1 1 1 0 0 1 0 0 1 0 1 1 0 1 1 0 0 0 0
250	22	1 1 1 1 0 0 1 1 0 0 0 1 1 0 1 0 0 0 0 0
250	2	1 0 1 1 0 0 0 1 0 1 0 1 0 0 1 0 0 0 1 0
250	11	1 1 1 1 0 0 1 0 0 0 0 1 0 0 1 0 0 0 0 0
250	1	1 1 1 1 1 0 1 1 0 1 0 1 0 0 1 1 0 0 0 0
250	10	1 1 1 1 0 0 1 1 1 0 0 1 1 0 1 1 0 0 0 0
250	7	1 1 1 1 0 0 0 1 0 1 1 1 0 0 1 1 0 0 1 0
250	7	1 1 1 1 0 0 1 1 0 1 1 0 0 0 1 1 0 0 0 0
250	4	1 1 1 1 0 1 1 1 0 1 0 1 0 0 0 0 0 0 1 0
250	4	1 1 1 1 0 0 0 1 0 1 1 0 0 0 1 0 0 0 1 1
250	2	1 1 1 1 1 0 1 1 0 0 1 1 1 0 1 1 0 0 0 0
250	1	1 1 1 1 0 0 1 1 0 0 0 1 0 0 1 0 0 0 0 0
250	18	1 1 1 1 0 0 0 1 0 1 1 0 0 1 1 1 0 0 0 0
250	2	1 1 1 1 0 0 1 1 0 1 0 1 0 1 1 1 1 0 0 0
250	6	1 1 1 1 0 0 1 1 0 1 0 0 0 1 1 1 0 0 0 0
250	3	1 1 1 1 1 1 1 1 0 1 0 1 0 0 1 0 0 0 0 0
250	2	1 1 1 1 0 0 1 1 0 0 0 1 0 1 1 1 0 0 0 0
250	4	1 1 1 1 0 0 1 1 0 1 1 1 0 1 0 0 0 0 0 0
250	4	1 1 1 1 0 0 1 1 0 1 0 1 0 0 1 0 0 0 0 1
250	1	1 1 1 1 1 0 1 1 0 1 0 1 0 0 0 0 0 0 0 0
250	1	1 0 1 1 1 1 1 1 1 0 0 1 0 0 1 0 0 0 0 0
250	9	1 1 1 1 1 1 1 1 0 1 0 1 0 1 1 1 0 0 0 0
250	3	1 1 1 1 0 0 0 1 0 0 0 1 0 0 1 0 0 0 1 0
250	1	1 1 1 1 0 1 1 1 0 1 0 1 0 1 0 1 0 0 0 0
250	3	1 1 1 1 1 0 0 1 0 1 0 1 0 0 1 1 0 0 0 0
250	4	0 1 1 1 1 1 1 1 1 0 0 1 0 0 1 0 0 0 0 0
250	5	1 1 1 1 1 1 1 1 1 0 0 0 0 0 1 0 0 1 0 0
250	2	1 1 1 1 0 0 1 1 0 1 1 1 1 0 1 0 0 0 0 0
250	4	1 1 1 1 1 1 1 1 0 1 0 0 0 0 1 0 0 0 0 0
250	1	1 1 1 1 0 0 1 1 1 1 0 1 0 0 1 0 0 0 0 0
250	1	1 1 1 1 0 0 1 1 0 1 1 1 0 0 1 1 0 0 0 0
250	1	1 1 1 1 0 1 1 1 0 0 0 1 0 1 1 1 0 0 0 0
250	1	1 1 1 1 1 0 1 1 0 0 0 1 1 0 1 1 0 0 0 0
250	3	1 1 1 0 0 0 0 1 0 1 0 1 0 0 1 0 0 0 0 0
250	2	1 1 0 1 0 0 1 1 0 1 0 1 0 1 1 1 0 0 0 0
250	1	1 0 1 1 0 0 1 0 0 1 0 1 0 0 1 0 0 0 0 0
250	3	1 0 1 1 0 0 0 1 0 1 0 0 0 0 1 1 0 0 0 0
250	1	0 1 1 1 0 0 1 1 0 0 0 1 1 0 1 0 0 0 0 0
250	2	1 1 1 1 0 0 1 1 0 1 0 1 0 0 0 0 0 0 0 0
250	2	1 1 1 1 0 0 1 0 0 1 0 1 0 1 1 1 0 0 0 0
250	2	1 1 1 1 0 0 0 1 0 1 0 1 0 0 1 0 1 0 0 0
250	3	1 1 1 1 1 0 1 1 0 0 0 1 0 0 1 1 0 0 0 0
250	2	1 0 1 1 0 0 1 1 0 1 0 1 1 0 1 0 0 0 0 0
250	1	1 1 1 1 0 0 1 0 0 0 0 1 0 0 1 0 0 0 0 1
250	1	1 1 1 1 0 0 1 1 1 0 0 1 1 0 1 1 0 0 0 1
250	1	1 1 1 1 1 0 1 0 0 0 1 1 1 0 1 1 0 0 0 0
250	5	1 1 1 1 0 0 0 1 0 1 0 1 1 0 1 0 1 0 0 0
250	1	1 1 1 1 1 1 1 1 0 1 0 1 0 0 1 1 0 0 0 0
250	2	1 0 1 1 0 0 0 1 0 1 0 1 0 0 1 0 0 0 0 1
250	1	1 1 1 1 1 0 1 1 0 0 0 1 1 0 1 0 0 0 1 0
250	1	1 1 1 1 1 0 1 1 0 0 1 1 1 0 1 1 0 0 1 0
250	2	1 1 0 1 0 0 1 1 0 1 0 1 0 0 1 1 0 0 0 0
250	1	1 1 1 1 0 0 1 1 0 1 0 1 0 0 1 1 1 0 0 0
250	2	1 1 1 1 0 0 1 1 0 1 0 1 0 1 1 1 0 0 1 0
250	3	1 1 1 1 1 1 1 1 0 1 0 1 0 0 1 0 0 1 1 0
250	1	1 1 1 1 0 0 0 1 0 1 0 1 0 0 0 1 0 0 0 0
250	1	1 1 1 1 0 1 0 1 0 1 0 1 0 0 1 1 0 0 0 0
250	1	1 1 1 1 0 1 1 1 1 0 0 1 0 0 1 0 0 0 0 0
250	1	1 1 1 1 0 1 1 0 0 1 0 1 0 0 1 0 0 0 0 1
250	4	1 1 1 1 0 1 1 0 0 1 0 1 0 1 1 0 0 0 0 0
250	2	1 1 1 1 0 0 1 0 0 0 0 1 0 0 1 0 0 0 1 0
250	1	1 1 1 1 0 1 1 1 1 0 0 0 0 0 1 0 0 0 0 0
300	50	1 1 1 1 0 0 1 1 0 1 0 1 0 0 1 0 0 0 0 0
300	4	1 1 1 1 0 0 1 1 0 1 1 0 0 0 1 0 0 0 1 0
300	9	1 1 1 1 0 0 0 1 0 1 0 1 0 0 1 0 0 0 0 0
300	8	1 1 1 1 1 1 1 1 0 1 0 1 0 0 1 0 0 0 1 0
300	7	1 1 1 1 0 0 1 1 0 1 0 0 0 0 1 0 0 0 0 0
300	111	1 1 1 1 0 0 0 1 0 1 0 1 0 0 1 1 0 0 0 0
300	10	1 1 1 1 1 1 1 1 1 0 0 1 0 0 1 0 0 0 0 0
300	66	1 1 1 1 1 1 1 1 1 0 0 0 0 0 1 0 0 0 0 0
300	1	1 1 1 1 0 0 1 0 0 1 0 1 1 0 1 1 0 0 0 0
300	9	1 1 1 1 0 0 1 1 0 0 0 1 1 0 1 0 0 0 0 0
300	41	1 1 1 1 0 1 0 1 0 1 0 1 0 0 1 1 0 0 0 0
300	4	1 1 1 1 0 1 1 0 0 1 0 1 0 0 1 0 0 0 0 1
300	2	1 1 1 1 0 1 1 0 0 1 0 1 1 0 1 0 0 0 0 0
300	8	1 1 1 1 0 0 1 1 1 0 0 1 1 0 1 0 0 0 0 0
300	21	1 1 1 1 0 0 1 1 1 1 0 1 0 1 0 1 0 0 0 0
300	19	1 1 1 1 1 1 1 1 1 0 0 0 1 0 1 0 0 0 0 0
300	16	1 1 1 1 0 0 1 1 0 1 1 0 0 0 1 0 0 0 0 0
300	10	1 1 1 1 0 0 1 1 0 1 0 1 0 1 0 1 0 0 0 1
300	8	1 1 1 1 0 0 1 1 0 1 0 1 1 1 0 1 0 0 0 0
300	11	1 1 1 1 0 1 0 1 0 1 0 1 0 0 1 1 0 0 1 0
300	51	1 1 1 1 1 1 1 1 1 0 1 0 1 0 1 0 0 0 0 0
300	21	1 1 1 1 1 0 0 1 0 1 0 1 0 0 1 1 0 0 0 0
300	25	1 1 1 1 1 0 1 1 0 0 1 1 0 0 0 0 0 0 0 0
300	18	1 1 1 1 0 0 1 1 0 0 0 1 0 0 1 1 0 0 1 0
300	14	1 1 1 1 1 1 0 1 0 1 0 1 0 0 1 1 0 0 0 0
300	6	1 1 1 1 0 0 1 1 0 1 1 0 0 0 1 0 0 1 1 0
300	4	1 1 1 1 0 0 0 1 0 1 0 1 1 0 1 1 0 0 0 0
300	3	1 1 1 1 0 0 1 1 0 1 0 1 1 0 1 0 0 0 0 0
300	11	1 1 1 1 1 0 1 1 0 1 0 1 0 0 1 0 0 0 0 0
300	2	1 1 1 1 0 0 0 1 0 0 0 1 0 0 1 0 0 0 0 0
300	8	1 1 1 1 1 1 1 1 1 0 0 0 0 0 1 0 0 0 0 1
300	17	1 1 1 1 0 1 1 1 0 1 0 1 0 0 1 0 0 0 0 0
300	3	1 0 1 1 0 0 1 1 0 0 0 1 0 0 1 1 0 0 0 0
300	8	1 1 1 1 1 0 0 1 0 1 0 1 0 0 1 0 0 0 1 0
300	31	1 1 1 1 0 1 0 1 0 1 0 1 0 0 1 0 0 0 0 0
300	10	1 1 1 1 0 0 0 1 1 1 0 1 0 0 1 0 0 0 0 0
300	16	1 1 1 1 0 0 1 1 0 1 0 1 0 1 1 1 0 0 1 0
300	10	1 1 1 1 0 0 1 1 1 0 0 1 0 0 1 1 0 0 0 0
300	6	1 1 1 1 0 1 1 1 1 0 0 1 0 0 1 1 0 0 0 0
300	22	1 1 1 1 0 0 1 1 1 0 1 0 1 0 1 0 0 0 0 0
300	3	1 1 1 0 0 0 1 1 0 1 0 1 0 0 1 0 0 0 0 0
300	4	1 1 1 1 0 0 1 1 0 1 0 1 0 0 1 1 0 0 1 0
300	24	1 1 1 1 0 0 0 1 0 1 0 0 0 0 1 1 0 0 0 0
300	13	1 1 1 1 1 1 1 1 0 0 0 1 0 0 1 1 0 0 0 0
300	4	1 1 1 1 0 0 1 1 1 0 0 1 0 0 1 1 0 0 1 0
300	14	1 1 1 1 1 1 1 1 0 1 0 1 0 1 0 1 0 0 0 0
300	1	0 1 1 1 0 0 1 1 0 1 0 1 0 1 0 1 0 0 0 1
300	7	1 1 1 1 0 0 1 1 0 0 0 1 1 0 1 0 0 0 0 1
300	1	1 1 1 1 1 0 0 1 0 1 0 1 0 1 1 0 0 1 0 0
300	5	1 1 1 1 1 1 1 1 1 0 0 0 0 0 1 1 0 0 1 0
300	1	1 1 1 1 1 1 1 1 0 1 0 1 0 1 1 0 0 0 0 0
300	4	1 1 1 1 1 0 0 1 0 1 0 1 0 0 0 1 0 0 0 0
300	4	1 0 1 1 1 1 1 1 1 0 0 0 0 0 1 0 0 0 0 0
300	4	1 1 0 1 0 0 1 0 0 1 0 1 1 0 1 1 0 0 0 0
300	2	1 1 1 0 0 0 1 1 0 1 0 1 0 1 0 1 0 0 0 1
300	2	1 1 1 1 0 0 1 1 0 1 0 1 0 0 1 0 1 0 0 0
300	1	1 1 1 1 0 0 1 1 0 1 1 0 0 0 1 0 0 0 0 1
300	11	1 1 1 1 1 0 1 1 0 1 0 1 1 1 0 1 0 0 0 0
300	1	1 1 1 1 0 0 1 0 0 0 0 1 0 0 0 0 0 0 0 0
300	1	1 1 1 1 0 0 1 1 0 1 1 0 0 0 1 1 0 0 0 0
300	13	1 1 1 0 0 0 1 1 0 1 0 1 1 0 1 0 0 0 0 0
300	8	1 1 1 1 0 0 1 1 0 1 0 1 0 0 1 1 0 0 0 0
300	2	1 1 1 1 1 0 1 1 0 1 0 1 0 0 1 1 0 0 1 0
300	1	1 1 1 1 1 0 0 1 0 1 0 1 1 0 1 1 0 0 0 0
300	5	1 1 1 1 0 0 1 1 0 1 0 1 0 0 1 0 0 1 0 0
300	6	1 1 1 1 1 1 1 1 1 0 0 0 0 0 1 0 0 1 0 0
300	1	1 1 1 1 0 1 1 1 1 0 0 0 0 0 1 0 0 0 0 0
300	16	1 1 1 1 0 0 1 1 1 1 0 0 0 1 1 1 0 0 0 0
300	2	1 1 1 1 0 0 1 1 0 0 0 1 0 0 1 1 0 1 1 0
300	3	1 1 1 0 0 0 1 1 1 0 0 1 0 0 1 1 0 0 0 0
300	6	1 1 1 1 1 1 1 1 0 1 0 1 1 1 0 1 0 0 0 0
300	2	1 1 1 1 1 0 1 1 0 0 1 1 0 0 1 0 0 0 0 1
300	4	1 1 1 1 0 0 0 1 0 1 0 1 0 0 0 1 0 0 0 0
300	3	1 1 1 1 0 1 0 0 0 1 0 1 0 0 1 1 0 0 0 0
300	3	1 1 1 1 0 0 1 1 1 1 0 0 0 1 0 1 0 0 0 0
300	4	1 1 1 1 0 0 1 1 0 1 1 1 0 0 1 0 0 0 0 0
300	1	0 1 1 1 0 0 0 1 0 0 0 1 0 0 1 0 0 0 0 0
300	2	1 0 1 1 1 0 0 1 0 1 0 1 0 0 1 0 0 0 0 0
300	3	1 1 1 1 1 1 1 1 1 0 0 1 0 1 0 1 0 0 0 0
300	5	1 1 1 1 1 0 1 1 0 1 0 1 0 0 1 1 0 0 0 0
300	8	1 1 1 1 0 1 0 1 0 1 1 0 0 0 1 0 0 1 1 0
300	7	1 0 1 1 0 0 0 1 0 1 0 1 0 0 1 1 0 0 0 0
300	4	1 1 1 1 0 0 0 1 0 1 1 1 0 0 1 1 0 0 0 0
300	4	1 1 1 1 0 1 0 1 0 1 0 0 0 0 1 1 0 0 0 0
300	6	1 1 1 1 0 0 1 1 0 1 0 1 0 1 0 1 0 0 0 0
300	9	1 0 1 1 0 0 1 1 1 0 0 1 0 0 1 1 0 0 0 0
300	3	1 1 1 1 0 1 1 1 0 0 1 0 1 0 1 0 0 0 0 0
300	3	1 1 1 1 0 0 1 0 0 0 0 1 0 0 1 1 0 0 1 0
300	2	1 1 0 1 0 0 1 1 0 0 0 1 1 0 1 0 0 0 0 0
300	2	1 1 1 1 0 1 1 1 0 1 0 1 0 0 0 0 0 0 0 0
300	1	1 1 1 1 0 0 0 1 0 0 0 1 0 0 1 1 0 0 1 0
300	1	1 1 1 1 1 0 1 1 1 1 0 1 0 1 0 1 0 0 0 0
300	5	1 1 1 1 0 0 1 1 0 0 0 0 0 0 1 1 0 0 1 0
300	5	1 1 1 1 0 0 1 1 0 1 0 0 0 0 1 1 0 0 0 0
300	6	1 1 1 1 1 1 1 0 1 0 0 0 0 0 1 0 0 0 0 0
300	3	1 1 1 1 0 0 0 1 0 1 0 1 0 0 1 0 0 0 0 1
300	1	1 1 1 1 0 1 1 1 1 0 0 1 0 0 1 0 0 0 0 0
300	1	1 1 1 1 0 0 0 1 0 1 0 1 0 0 1 1 0 1 0 0
300	3	1 1 0 1 0 0 0 1 0 1 0 1 0 0 1 1 0 0 0 0
300	1	1 1 1 1 0 1 0 1 0 0 0 1 0 0 1 1 0 0 0 0
300	1	1 1 1 1 1 1 1 1 1 0 0 0 1 0 1 0 0 0 0 1
300	1	1 0 1 1 0 0 1 1 0 1 1 0 0 0 1 0 0 0 0 0
300	6	1 1 1 1 0 0 1 0 0 1 0 1 0 1 0 1 0 0 0 1
300	1	1 1 1 0 0 1 0 1 0 1 0 1 0 0 1 0 0 0 0 0
300	2	1 1 1 0 0 1 1 1 1 0 0 1 0 0 1 1 0 0 0 0
300	2	1 1 1 1 0 0 1 1 0 1 1 1 0 0 1 0 1 0 0 0
300	2	0 1 1 1 0 0 1 1 0 1 0 1 0 1 1 1 0 0 1 0
300	2	1 1 1 1 0 1 0 1 0 1 0 1 0 0 0 1 0 0 0 0
300	3	1 1 1 1 1 1 0 1 0 1 0 1 0 0 1 0 0 0 0 1
300	2	1 0 1 1 0 0 1 1 0 1 0 1 0 0 1 0 0 0 0 0
300	1	1 1 1 1 1 0 1 1 1 0 0 0 0 0 1 0 0 0 0 0
300	1	1 1 1 1 0 1 1 0 0 1 0 1 0 0 1 0 0 0 1 1
300	1	1 1 1 1 0 1 1 0 0 1 0 1 1 0 1 0 0 1 0 0
300	1	1 0 1 1 0 0 1 1 0 1 0 1 0 1 1 1 0 0 1 0
300	1	1 1 1 1 0 0 1 0 0 1 1 0 0 0 1 0 0 0 0 1
350	38	1 1 1 1 0 0 1 1 0 1 0 1 0 0 1 0 0 0 0 0
350	12	1 1 1 1 0 0 0 1 0 1 0 1 0 0 1 0 0 0 0 0
350	43	1 1 1 1 0 0 0 1 0 1 0 1 0 0 1 1 0 0 0 0
350	3	1 1 1 1 0 0 1 1 0 0 0 1 1 0 1 0 0 0 0 0
350	2	1 1 1 1 0 1 0 1 0 1 0 1 0 0 1 1 0 0 0 0
350	12	1 1 1 1 0 0 1 1 1 1 0 1 0 1 0 1 0 0 0 0
350	20	1 1 1 1 1 1 1 1 1 0 1 0 1 0 1 0 0 0 0 0
350	6	1 1 1 1 1 0 0 1 0 1 0 1 0 0 1 1 0 0 0 0
350	2	1 1 1 1 1 0 1 1 0 0 1 1 0 0 0 0 0 0 0 0
350	30	1 1 1 1 1 0 1 1 0 1 0 1 0 0 1 0 0 0 0 0
350	52	1 1 1 1 0 1 0 1 0 1 0 1 0 0 1 0 0 0 0 0
350	6	1 1 1 1 0 0 1 1 1 0 1 0 1 0 1 0 0 0 0 0
350	11	1 1 1 1 1 1 1 1 0 0 0 1 0 0 1 1 0 0 0 0
350	42	1 1 1 1 1 1 1 1 0 1 0 1 0 1 0 1 0 0 0 0
350	14	1 1 1 1 0 0 1 1 0 1 0 1 0 0 1 1 0 0 0 0
350	15	1 1 1 1 1 1 1 1 1 0 0 0 0 0 1 0 0 1 0 0
350	22	1 1 1 1 1 1 1 1 0 1 0 1 1 1 0 1 0 0 0 0
350	12	1 1 1 1 0 1 1 1 0 0 1 0 1 0 1 0 0 0 0 0
350	1	1 1 1 1 0 0 1 1 0 1 0 1 0 1 1 1 0 0 0 0
350	3	1 1 1 1 0 0 0 1 0 0 0 1 0 0 1 1 0 0 1 0
350	4	1 1 1 1 0 1 0 1 0 1 0 1 0 0 0 0 0 0 0 0
350	28	1 1 1 1 1 0 1 1 0 1 0 1 0 0 1 0 0 0 1 0
350	2	1 1 1 1 0 0 1 1 1 0 1 0 1 0 1 0 0 0 1 0
350	11	1 0 1 1 1 1 1 1 1 0 1 0 1 0 1 0 0 0 0 0
350	21	1 1 1 1 0 0 1 1 0 0 0 0 0 0 1 1 0 0 0 0
350	3	1 1 1 0 0 0 0 1 0 1 0 0 1 0 1 0 0 0 0 0
350	21	1 1 1 1 1 0 0 1 0 1 0 1 0 0 1 0 0 0 0 0
350	14	1 1 1 1 0 1 1 1 1 0 0 0 0 0 1 0 0 0 0 0
350	8	1 1 1 1 1 1 1 1 0 1 0 1 0 0 1 1 0 0 0 0
350	2	1 1 1 1 0 0 1 1 1 1 0 0 0 0 1 1 0 0 1 0
350	10	1 1 1 1 1 1 1 1 1 0 1 0 0 0 1 0 0 0 0 0
350	6	1 1 1 1 1 1 1 1 1 1 0 1 0 1 0 1 0 0 0 0
350	2	1 1 1 1 1 1 1 1 1 0 0 0 0 1 1 0 0 0 0 0
350	16	1 1 1 1 0 0 1 1 1 0 0 1 1 0 1 0 0 0 0 0
350	26	1 1 1 1 0 0 0 0 0 1 0 1 0 0 1 0 0 0 0 0
350	1	1 1 1 1 0 0 1 1 0 0 0 0 1 0 1 1 0 0 0 0
350	14	1 1 1 1 1 1 1 1 1 0 0 0 1 0 1 1 0 0 0 0
350	15	1 1 1 1 1 1 1 1 0 1 0 1 0 0 1 0 0 0 0 0
350	5	1 1 1 0 1 0 0 1 0 1 0 1 0 0 1 1 0 0 0 0
350	29	1 1 1 1 0 1 0 1 0 0 0 1 0 0 1 1 0 0 1 0
350	25	1 1 1 1 0 0 0 1 0 1 0 1 0 0 1 0 0 0 1 0
350	2	1 1 1 1 1 1 1 1 0 1 0 1 1 0 0 1 0 0 0 0
350	3	1 1 1 1 1 0 1 1 0 1 0 1 0 0 1 1 0 0 0 0
350	6	1 1 1 1 0 0 0 1 0 1 1 1 0 0 1 1 0 0 0 0
350	9	1 1 1 1 0 1 0 1 0 1 0 0 0 0 0 0 0 0 0 0
350	18	1 1 1 1 1 1 1 1 0 0 0 0 1 0 1 1 0 0 0 0
350	5	1 1 1 1 0 0 1 1 0 0 0 0 1 0 1 0 0 0 0 0
350	5	1 1 1 1 0 0 0 1 0 1 0 1 0 0 1 1 0 0 1 0
350	2	1 1 1 1 1 0 0 1 0 1 0 0 1 0 1 0 0 0 0 0
350	64	1 1 1 1 1 0 1 1 0 0 1 1 0 1 0 0 0 0 0 0
350	5	1 1 1 1 1 1 0 1 0 0 0 1 0 0 1 1 0 0 0 0
350	2	1 1 1 1 0 0 0 1 0 0 0 1 0 0 1 1 0 0 0 0
350	5	1 1 1 0 0 0 1 1 0 1 0 1 0 0 1 1 1 0 0 0
350	17	1 1 1 1 0 0 1 1 0 1 0 1 0 0 0 0 0 0 0 0
350	4	1 1 1 1 0 0 0 1 1 1 0 1 0 0 1 1 0 0 0 0
350	6	1 1 1 1 0 0 1 1 0 0 0 1 1 0 0 0 0 0 0 0
350	6	1 1 1 1 1 1 1 1 1 0 0 0 1 0 0 1 0 0 0 0
350	8	0 1 1 1 0 0 1 1 0 0 0 1 1 0 1 0 0 0 0 0
350	1	1 1 1 1 1 1 1 1 0 1 0 1 0 1 0 0 0 0 0 0
350	2	1 1 0 1 0 0 1 1 1 0 0 1 1 0 1 0 0 0 0 0
350	4	1 1 1 1 0 0 1 1 0 1 0 1 0 1 1 0 0 1 0 0
350	5	1 1 1 0 1 0 0 1 0 1 0 1 0 0 1 0 0 0 0 0
350	7	1 1 0 1 1 0 1 1 0 0 1 1 0 0 0 0 0 0 0 0
350	5	1 1 1 1 1 0 0 1 0 1 0 0 0 0 1 1 1 0 0 0
350	13	1 1 1 1 1 1 1 0 1 1 0 1 1 0 1 0 0 0 1 0
350	10	1 1 1 1 0 0 1 1 0 0 0 1 0 0 1 1 0 0 0 0
350	1	1 1 0 1 1 1 1 0 1 0 0 0 0 0 1 0 0 0 0 1
350	3	1 1 1 0 0 1 0 1 0 1 0 0 1 0 1 0 0 0 0 0
350	10	1 1 1 1 0 0 0 1 0 1 0 0 1 0 1 0 0 0 0 0
350	1	1 1 1 1 0 0 1 0 0 1 0 1 0 0 1 0 0 0 0 0
350	6	1 1 1 1 0 0 0 1 0 0 0 1 0 0 1 0 0 0 0 0
350	1	1 1 1 1 0 1 1 0 1 0 1 0 0 0 1 0 0 0 0 0
350	4	1 1 1 1 0 0 1 1 0 0 0 0 1 0 1 0 0 0 1 0
350	4	1 1 1 1 1 1 1 1 1 0 0 0 0 0 1 0 0 0 0 1
350	7	1 1 1 1 0 0 1 1 1 0 0 1 1 0 1 0 0 0 1 0
350	4	1 1 1 0 0 0 0 1 0 1 0 1 0 0 1 1 0 0 0 0
350	3	1 1 1 1 1 1 1 1 0 0 0 1 1 1 0 1 0 0 0 0
350	4	1 0 1 1 0 1 1 1 0 1 0 1 0 0 0 0 0 0 0 0
350	6	1 1 1 1 1 1 1 1 0 0 0 0 0 0 0 0 0 0 0 0
350	1	1 1 1 1 0 1 0 1 0 1 0 1 0 1 1 0 0 0 0 0
350	5	1 1 1 0 0 0 1 1 0 0 0 1 1 0 1 0 0 0 0 0
350	2	1 1 1 1 1 0 1 1 0 1 0 0 0 0 1 0 0 0 1 0
350	7	1 1 1 0 0 1 0 1 0 1 0 0 0 0 0 0 0 0 0 0
350	3	1 1 0 1 1 1 1 0 1 0 0 0 0 0 1 0 0 0 1 1
350	2	1 1 0 1 0 0 0 1 0 1 0 0 1 0 1 0 0 0 0 0
350	4	1 1 1 1 0 0 1 1 1 1 0 1 0 0 1 0 0 0 0 0
350	6	1 1 1 1 0 0 0 1 0 0 0 1 1 0 1 0 0 0 0 0
350	3	1 0 1 1 0 0 0 1 0 1 0 1 0 0 1 1 0 0 1 0
350	1	1 1 0 1 0 0 1 1 0 1 0 1 0 0 1 1 0 0 0 0
350	2	1 1 1 0 1 1 1 1 1 0 0 0 1 0 1 1 0 0 0 0
350	3	1 1 1 0 1 1 1 1 0 1 0 1 0 0 1 0 0 0 0 0
350	1	1 1 1 1 0 0 1 1 1 0 0 1 0 0 1 1 0 0 0 0
350	3	1 1 1 1 1 0 1 1 0 1 0 0 0 0 1 1 0 0 0 0
350	4	1 1 1 1 0 0 1 1 0 0 0 1 1 0 0 1 0 0 0 0
350	1	1 1 1 1 0 0 1 1 0 1 0 1 0 0 1 0 0 0 1 0
350	3	1 1 1 1 0 0 1 1 0 1 0 1 0 0 1 0 0 0 0 1
350	2	1 1 1 1 1 1 1 1 0 1 0 1 0 1 1 1 0 0 0 0
350	3	1 1 1 1 1 1 1 1 0 0 0 0 1 1 1 1 0 0 0 0
350	2	1 1 1 1 1 0 1 1 0 0 1 1 0 1 0 0 0 0 1 0
350	2	1 1 1 1 0 0 1 1 0 0 0 1 0 0 0 0 0 0 0 0
350	4	1 1 1 1 1 1 1 1 0 1 0 0 1 0 1 0 0 0 0 0
350	5	1 1 1 1 0 1 0 0 0 1 0 1 0 0 1 0 0 0 0 0
350	1	1 1 1 1 0 1 0 1 0 0 0 1 0 0 1 0 0 0 0 0
350	1	1 1 1 0 1 0 0 1 0 0 0 0 1 0 1 1 0 0 0 0
350	1	1 1 1 1 1 0 0 0 0 1 0 1 0 0 1 0 0 0 0 0
350	3	1 1 1 0 1 0 1 1 0 1 0 1 0 0 1 0 0 0 0 0
350	3	1 1 1 1 1 1 1 1 0 1 0 1 1 1 0 0 0 0 0 0
350	1	1 1 1 1 0 1 0 1 0 0 0 1 0 0 0 0 0 0 0 0
350	2	1 0 1 1 1 1 1 1 1 0 0 0 1 0 1 0 0 0 0 0
350	3	1 1 1 1 0 1 1 1 0 0 0 0 1 0 1 1 0 0 0 0
350	5	1 1 1 1 1 1 1 0 0 0 0 0 1 0 1 1 0 0 0 0
350	4	1 1 1 1 1 0 0 1 0 1 1 0 0 0 1 1 1 0 0 0
350	1	1 1 1 1 1 1 1 0 0 1 0 1 1 0 1 0 0 0 1 0
350	1	0 1 1 0 0 0 0 1 0 1 0 1 0 0 1 0 0 0 0 0
350	2	1 0 0 1 0 0 1 1 0 1 0 1 0 0 1 1 0 0 0 0
350	1	1 1 1 1 0 0 1 0 1 1 0 1 1 0 1 0 0 0 1 0
350	1	1 1 1 1 1 1 0 1 0 1 0 1 0 0 1 0 0 0 0 0
350	1	1 1 1 1 1 0 0 1 0 1 0 1 1 0 1 0 0 0 1 0
350	1	1 1 1 1 0 1 0 1 0 0 0 1 0 0 1 1 0 0 0 0
350	1	1 0 1 1 0 0 1 1 1 1 0 1 0 1 0 1 0 0 0 0
350	1	1 1 1 1 1 1 1 1 1 0 1 1 1 0 1 0 0 0 0 0
350	1	1 1 1 1 1 0 1 0 0 1 0 1 0 0 1 0 0 0 0 0
350	1	1 1 1 1 1 1 1 1 1 1 0 1 1 1 0 1 0 0 0 0
350	1	1 1 1 1 0 0 1 1 0 1 0 1 0 1 1 1 0 0 1 0
350	1	1 1 1 1 1 0 1 0 0 1 0 1 0 0 1 0 0 0 1 0
350	1	1 1 1 1 1 1 1 1 0 1 0 1 1 0 1 1 0 0 0 0
350	1	1 1 1 1 0 0 0 0 0 1 0 1 0 0 1 0 0 0 1 0
350	3	1 1 1 1 0 0 1 1 0 0 0 0 1 1 1 1 0 0 0 0
350	2	1 1 1 1 1 0 1 1 0 1 0 1 0 0 1 1 0 0 1 0
350	1	1 1 1 1 1 1 1 1 0 0 0 0 0 0 1 1 0 0 0 0
350	1	1 1 1 1 1 0 1 1 0 0 1 0 0 1 0 0 0 0 0 0
350	1	1 1 1 1 1 1 0 1 0 0 0 1 0 1 1 1 0 0 0 0
350	3	1 1 1 0 0 0 0 1 0 0 0 1 0 0 1 1 0 0 0 0
350	2	1 1 1 1 0 1 1 0 0 0 1 0 1 0 1 1 0 0 0 0
350	1	1 1 1 1 0 1 0 1 0 0 0 1 0 0 0 0 0 0 1 0
400	11	1 1 1 1 0 0 1 1 0 1 0 1 0 0 1 0 0 0 0 0
400	9	1 1 1 1 0 0 0 1 0 1 0 1 0 0 1 0 0 0 0 0
400	21	1 1 1 1 1 1 1 1 1 0 1 0 1 0 1 0 0 0 0 0
400	7	1 1 1 1 1 0 1 1 0 1 0 1 0 0 1 0 0 0 0 0
400	14	1 1 1 1 1 0 0 1 0 1 0 1 0 0 1 0 0 0 0 0
400	13	1 1 1 1 0 1 1 1 1 0 0 0 0 0 1 0 0 0 0 0
400	3	1 1 1 1 1 1 1 1 1 1 0 1 0 1 0 1 0 0 0 0
400	31	1 1 1 1 0 0 1 1 1 0 0 1 1 0 1 0 0 0 0 0
400	46	1 1 1 1 1 1 1 1 1 0 0 0 1 0 1 1 0 0 0 0
400	6	1 1 1 1 0 0 1 1 0 0 0 0 1 0 1 0 0 0 0 0
400	38	1 1 1 1 1 0 1 1 0 0 1 1 0 1 0 0 0 0 0 0
400	19	1 1 1 1 1 1 1 1 1 0 0 0 1 0 0 1 0 0 0 0
400	4	1 1 1 1 0 0 1 1 0 1 0 1 0 1 1 0 0 1 0 0
400	7	1 1 1 1 1 0 1 1 0 0 0 1 0 0 1 0 0 0 1 0
400	18	1 1 1 1 1 1 1 1 0 0 0 1 0 0 0 0 0 0 0 0
400	9	1 1 1 0 0 0 0 1 0 0 0 1 0 0 1 0 0 0 0 0
400	10	1 1 1 0 0 0 0 1 0 0 0 1 0 0 0 0 0 0 0 0
400	13	1 1 1 1 0 0 1 1 0 0 1 1 1 0 1 0 0 0 0 0
400	6	1 1 0 1 1 0 1 1 0 1 0 1 0 0 1 0 0 0 0 0
400	14	1 1 1 1 0 0 1 1 0 1 0 1 0 0 1 1 1 0 0 0
400	5	1 1 1 1 0 0 1 1 1 0 0 1 0 1 0 1 0 0 0 0
400	28	1 1 1 1 1 1 1 1 0 0 1 1 0 1 0 0 0 0 0 0
400	11	1 1 1 1 1 1 1 1 1 0 0 0 1 0 1 1 0 0 1 0
400	6	1 1 1 1 0 0 0 1 0 0 0 1 0 1 1 1 0 0 1 0
400	10	1 1 1 1 0 0 0 1 0 0 0 0 1 0 1 1 0 0 0 0
400	20	1 1 1 1 1 1 1 1 0 0 0 1 1 0 0 0 0 0 0 0
400	6	1 1 0 1 1 0 1 1 0 0 1 1 0 0 0 0 1 0 0 0
400	14	1 1 1 1 0 1 0 1 0 0 0 1 0 0 1 1 0 0 0 1
400	6	1 1 1 1 1 1 1 1 0 1 1 1 0 1 0 0 0 0 0 0
400	5	1 1 1 1 0 0 1 1 0 0 1 1 0 0 1 0 0 0 0 0
400	33	1 1 1 1 0 0 0 1 0 1 0 1 0 0 0 0 0 0 0 0
400	49	1 1 1 1 1 1 0 1 0 0 0 1 0 0 1 0 0 0 0 0
400	3	1 1 1 1 0 1 0 1 0 0 0 0 1 0 1 0 0 0 0 0
400	5	1 1 1 1 0 0 0 0 0 0 0 0 0 0 1 1 0 0 0 0
400	2	1 1 1 1 1 1 1 1 1 0 1 0 1 0 1 0 0 0 1 0
400	6	1 0 1 0 0 0 1 1 0 1 0 1 0 1 1 0 0 1 0 0
400	11	1 1 1 1 1 1 1 1 1 0 1 0 1 0 1 1 0 0 0 0
400	51	1 1 1 1 0 0 1 1 0 1 0 1 0 0 0 0 0 0 0 0
400	14	1 1 1 1 1 0 1 0 0 1 0 1 0 0 1 1 0 0 1 0
400	9	0 1 1 1 0 0 1 1 0 0 1 1 1 0 1 0 0 0 0 0
400	10	1 1 1 1 0 0 0 1 0 0 0 1 0 0 1 1 0 0 0 1
400	6	1 1 1 1 0 0 1 1 0 1 0 0 0 1 1 1 0 0 0 0
400	6	1 1 1 1 1 0 1 1 0 0 1 1 0 1 1 0 0 0 1 0
400	18	1 1 1 1 1 1 0 1 0 0 0 1 0 0 1 1 0 0 0 0
400	3	1 1 1 1 1 1 1 1 0 1 1 1 0 1 0 0 0 0 1 0
400	1	1 1 1 1 0 1 1 1 1 0 0 0 1 0 1 0 0 0 1 0
400	10	1 1 1 1 1 0 0 1 0 1 0 1 0 1 1 1 0 0 0 0
400	7	1 1 0 1 1 0 1 1 0 1 0 1 0 0 0 0 0 0 0 0
400	5	1 1 0 1 1 1 1 1 0 0 1 1 0 0 0 0 0 0 0 1
400	7	1 1 1 1 1 1 1 0 0 0 1 1 0 1 0 0 0 0 0 0
400	19	1 1 1 1 1 1 1 1 0 0 0 1 0 1 0 1 0 0 0 0
400	3	1 1 1 1 1 0 1 0 0 1 0 1 0 0 1 0 0 0 1 0
400	1	1 1 1 1 0 1 0 1 0 1 0 1 0 0 1 1 0 0 0 0
400	4	1 1 1 1 1 0 0 1 0 0 0 1 0 0 1 0 0 0 1 0
400	4	1 0 1 1 1 1 1 0 0 0 1 1 0 1 0 0 0 0 0 0
400	13	1 1 1 1 1 1 1 1 0 1 1 0 0 0 1 0 0 0 1 0
400	11	1 1 1 1 1 1 0 1 0 0 0 1 1 0 1 0 0 0 0 1
400	11	1 1 1 1 1 1 1 1 0 0 1 0 1 0 1 0 0 0 0 0
400	1	1 1 1 1 0 0 1 1 0 1 0 1 0 1 1 0 0 1 0 1
400	9	1 1 1 1 0 1 0 1 0 1 0 1 0 1 0 1 0 0 0 0
400	12	1 1 0 1 1 1 1 1 1 0 0 0 0 0 1 0 0 0 1 0
400	6	1 1 1 1 0 0 1 1 0 0 0 0 1 0 1 1 0 0 0 0
400	4	1 1 1 1 0 0 1 1 1 1 0 1 0 0 1 0 0 0 0 0
400	10	1 1 1 1 0 0 0 1 0 0 0 1 0 0 1 0 0 0 0 0
400	8	1 1 1 1 1 1 0 1 0 0 0 1 0 0 1 0 1 0 0 0
400	2	1 0 1 1 0 0 1 1 0 0 1 1 1 0 1 0 0 1 0 0
400	6	1 1 1 1 1 1 1 1 1 0 0 1 1 0 0 0 0 0 0 0
400	4	1 1 1 1 1 1 0 1 0 0 0 1 0 0 1 1 0 0 1 0
400	1	1 1 1 0 1 1 1 1 0 0 0 1 0 1 0 0 0 0 0 0
400	5	1 1 1 1 1 1 1 1 1 1 0 1 0 1 0 0 0 0 1 0
400	8	1 1 1 1 1 0 1 0 0 1 1 1 0 0 1 1 0 0 0 0
400	3	1 1 1 1 1 0 1 1 0 0 1 1 1 0 0 0 0 0 0 0
400	6	1 1 1 1 1 1 0 1 0 0 0 1 0 0 0 0 0 0 0 0
400	5	1 1 1 1 1 1 1 1 0 1 1 1 1 1 0 0 0 0 0 0
400	1	1 1 1 1 0 0 1 1 0 1 0 1 0 0 0 1 0 0 0 0
400	7	1 1 1 1 1 0 1 0 0 1 0 1 0 0 1 1 0 0 0 0
400	11	1 1 1 1 1 1 1 1 0 0 0 1 0 0 1 0 1 0 0 0
400	3	1 1 1 1 0 1 1 1 1 0 0 0 0 0 1 1 0 0 0 0
400	2	1 1 1 1 0 1 1 1 1 1 0 0 0 0 1 0 0 0 0 0
400	3	1 1 1 1 0 1 1 1 1 0 0 0 0 0 0 0 0 0 0 0
400	1	1 1 1 1 0 0 0 1 0 0 0 1 1 0 1 1 0 0 0 0
400	3	1 1 1 1 1 0 0 1 0 1 0 1 0 1 1 0 0 0 0 0
400	1	1 1 0 1 0 0 1 1 0 0 0 1 0 0 1 1 0 0 0 0
400	3	1 1 1 1 1 1 1 1 1 0 0 0 1 1 1 1 0 0 1 0
400	6	1 1 1 1 1 1 0 1 0 0 0 1 0 0 1 0 0 0 1 0
400	5	1 0 1 1 1 1 0 1 0 0 0 1 1 0 1 0 0 0 0 1
400	2	1 1 1 1 1 1 0 1 0 0 1 1 0 0 0 0 1 0 0 0
400	1	1 1 1 1 1 0 1 1 0 0 1 1 0 0 1 0 0 0 0 0
400	5	1 1 1 1 0 1 1 0 0 0 1 1 0 1 0 0 0 0 0 0
400	3	1 1 0 1 0 0 0 1 0 0 0 1 0 0 0 0 0 0 0 0
400	3	1 1 1 1 1 1 0 1 0 0 0 1 0 1 0 0 0 0 0 0
400	1	1 1 0 1 1 0 1 1 0 1 0 1 0 0 0 0 0 0 0 1
400	1	1 1 1 1 0 0 1 1 0 0 0 0 1 0 0 0 0 0 0 0
400	7	1 1 1 1 1 1 1 1 0 0 1 1 0 1 0 0 0 1 0 0
400	3	1 1 1 1 0 0 1 1 0 1 0 1 0 0 0 0 1 0 0 0
400	6	1 1 1 1 0 0 1 1 0 1 0 1 0 1 0 0 0 0 0 0
400	3	1 1 1 1 1 0 1 1 0 1 0 1 1 0 1 0 0 0 0 0
400	6	1 1 1 1 0 1 0 1 0 0 1 1 0 0 0 0 1 0 0 0
400	2	1 1 1 1 1 0 1 1 1 0 0 0 0 0 1 1 0 0 0 0
400	1	1 1 1 1 1 0 1 1 0 0 1 0 0 0 0 0 0 0 0 0
400	3	1 0 1 1 1 0 0 1 0 1 0 1 0 0 1 1 0 0 0 0
400	3	1 1 1 1 0 0 1 1 0 0 1 1 0 0 1 1 0 0 0 0
400	1	1 1 1 1 0 0 1 0 0 1 0 1 0 0 0 0 0 0 0 0
400	6	1 1 1 1 0 0 1 1 0 1 1 1 0 0 0 0 0 0 0 0
400	4	0 1 1 1 0 0 1 1 0 1 0 0 0 1 1 1 0 0 0 0
400	1	1 1 1 1 0 0 0 1 0 1 0 1 1 0 0 0 0 0 0 0
400	1	1 1 0 1 1 1 1 1 1 0 0 1 1 0 0 0 0 0 0 0
400	1	1 1 1 0 1 1 1 1 1 0 0 1 0 1 0 0 0 0 0 0
400	1	1 1 1 1 1 1 1 1 1 0 1 1 0 1 0 0 0 1 0 0
400	4	1 1 0 1 1 0 1 1 0 1 0 1 0 1 0 0 0 0 1 0
400	1	1 1 1 1 1 0 1 0 0 1 0 0 0 0 1 1 0 0 0 0
400	2	1 1 1 1 0 0 1 1 0 1 0 0 0 1 0 0 0 0 0 0
400	1	1 1 0 1 0 0 0 1 0 1 0 1 0 0 0 1 0 0 1 0
400	1	1 1 0 1 0 0 1 1 0 1 0 1 0 0 1 0 0 0 0 0
400	3	1 1 1 1 0 0 1 1 1 0 0 1 1 0 1 0 0 0 1 0
400	1	1 0 1 1 0 0 1 1 1 0 0 0 1 0 1 1 0 0 0 0
400	2	1 1 0 1 0 0 0 1 0 0 0 1 0 0 1 1 0 0 0 1
400	3	1 1 1 1 1 0 1 1 0 0 0 1 0 1 0 0 0 0 0 0
400	1	1 1 1 1 0 1 1 1 1 0 0 1 0 1 0 1 0 0 0 0
400	1	1 0 1 1 1 1 0 1 0 0 0 1 0 0 1 0 0 0 0 0
400	2	1 1 1 1 1 1 1 1 1 0 1 0 1 0 1 1 1 0 0 0
400	2	1 1 0 1 1 0 1 0 0 1 0 1 0 0 1 1 0 0 1 0
400	2	1 1 1 1 1 1 0 1 1 0 0 1 0 0 1 1 0 0 0 0
400	1	1 1 0 1 1 0 0 1 0 1 0 1 0 1 1 1 0 0 0 0
400	3	1 1 1 1 0 0 0 1 0 0 0 1 0 0 0 1 0 0 0 0
400	1	1 1 1 1 1 1 1 1 0 1 1 0 0 0 1 0 1 0 1 0
400	1	1 1 1 1 1 1 1 1 0 1 1 1 1 1 0 0 1 0 0 0
400	1	1 1 1 1 0 0 1 1 0 0 1 1 0 1 0 0 0 0 0 0
400	1	1 1 1 1 1 1 1 1 1 0 0 0 1 0 1 0 0 0 0 0
400	1	1 1 1 1 0 0 1 1 1 0 1 1 0 1 0 0 0 0 0 0
400	3	1 1 1 1 1 1 1 1 0 0 0 1 0 1 0 1 0 0 1 0
400	3	1 1 1 1 0 0 0 1 0 0 0 1 0 0 1 1 0 0 0 0
400	1	1 1 1 1 0 1 1 1 1 0 1 0 1 0 1 0 0 0 0 0
400	1	0 1 1 1 1 0 1 1 0 0 1 1 0 1 0 0 0 0 0 0
400	1	1 1 1 1 1 1 1 1 0 0 1 1 0 1 0 0 0 0 0 1
400	1	1 1 0 1 0 1 0 1 0 0 0 1 0 0 1 1 0 0 0 1
400	1	1 1 1 1 1 1 0 1 0 0 0 1 0 0 1 1 0 0 0 1
400	1	1 1 1 1 1 1 1 1 1 0 1 0 1 0 1 1 0 1 0 0
400	2	1 1 1 1 1 1 0 1 0 0 0 1 0 1 0 1 0 0 0 0
400	3	1 1 1 1 1 1 0 1 0 0 1 1 1 0 1 0 0 0 0 1
400	7	1 1 1 1 1 1 0 1 0 0 1 0 1 0 1 0 0 0 0 0
400	2	1 1 1 1 1 1 0 1 0 0 0 1 0 0 1 0 0 1 1 0
400	3	1 1 1 1 0 0 1 1 0 0 0 1 0 1 0 0 0 0 0 0
400	1	1 1 1 1 0 1 0 1 0 0 1 1 1 0 0 0 1 0 0 0
400	2	1 0 1 1 1 0 1 0 0 1 1 1 0 0 1 1 0 0 0 1
450	14	1 1 1 1 1 1 1 1 1 0 1 0 1 0 1 0 0 0 0 0
450	41	1 1 1 1 0 1 1 1 1 0 0 0 0 0 1 0 0 0 0 0
450	22	1 1 1 1 0 0 1 1 1 0 0 1 1 0 1 0 0 0 0 0
450	10	1 1 1 1 1 0 1 1 0 0 1 1 0 1 0 0 0 0 0 0
450	12	1 1 1 1 0 0 1 1 0 0 1 1 1 0 1 0 0 0 0 0
450	2	1 1 1 1 0 0 0 1 0 1 0 1 0 0 0 0 0 0 0 0
450	38	1 1 1 1 1 1 0 1 0 0 0 1 0 0 1 0 0 0 0 0
450	22	1 1 1 1 0 0 1 1 0 1 0 1 0 0 0 0 0 0 0 0
450	2	1 1 1 1 0 0 0 1 0 0 0 1 0 0 1 1 0 0 0 1
450	30	1 1 1 1 1 1 1 0 0 0 1 1 0 1 0 0 0 0 0 0
450	17	1 1 0 1 0 0 1 1 0 0 0 1 0 0 1 1 0 0 0 0
450	11	1 1 1 1 1 1 0 1 0 0 0 1 0 1 0 0 0 0 0 0
450	9	1 1 1 1 0 0 1 1 0 1 0 1 0 1 0 0 0 0 0 0
450	40	1 1 1 1 0 0 0 1 0 0 0 1 0 0 0 1 0 0 0 0
450	47	1 1 1 1 1 1 0 0 0 0 0 1 0 0 1 0 0 0 0 0
450	27	1 1 1 1 0 1 1 1 1 0 0 0 0 0 0 0 0 0 0 0
450	38	1 1 1 1 1 1 1 1 1 0 1 1 0 1 0 0 0 0 0 0
450	6	1 1 1 1 1 1 1 0 1 0 0 1 0 0 0 0 0 0 0 0
450	6	1 1 1 1 1 0 1 1 0 0 1 1 0 0 1 1 0 0 0 1
450	47	1 1 1 1 0 0 0 1 0 0 0 1 0 0 0 0 0 0 0 0
450	8	1 1 1 1 1 0 1 1 0 1 0 1 0 0 0 0 0 0 0 0
450	18	1 1 1 1 0 1 0 1 0 0 0 1 0 0 0 1 0 0 0 0
450	3	1 1 1 1 1 1 0 1 0 0 0 1 0 0 0 0 0 0 0 0
450	8	1 1 1 1 1 0 1 1 0 0 1 1 0 0 0 0 0 0 0 0
450	2	1 1 1 0 0 0 1 1 0 0 1 1 0 1 0 0 0 0 0 0
450	5	1 1 1 1 0 0 0 1 1 0 0 1 1 0 1 0 0 0 0 0
450	8	1 1 1 1 0 0 1 1 0 0 1 1 1 0 1 1 0 0 0 0
450	6	1 1 1 1 0 1 1 0 0 0 1 1 0 1 0 0 0 0 0 0
450	8	1 1 1 1 0 1 0 1 0 0 0 1 0 0 1 0 0 0 0 0
450	5	1 1 1 1 0 1 1 1 0 1 0 1 0 0 0 0 0 0 0 0
450	4	1 1 1 1 0 1 0 1 1 0 0 1 0 0 0 0 0 0 0 0
450	15	1 1 1 1 0 0 0 1 0 1 0 0 0 0 0 0 0 0 0 0
450	17	1 1 1 1 1 1 0 1 0 0 0 1 0 0 0 1 0 0 0 0
450	24	1 1 1 1 1 0 1 0 0 0 0 1 0 0 0 0 0 0 0 0
450	1	1 1 1 1 0 1 1 1 1 0 0 1 0 0 1 0 0 0 0 0
450	23	1 0 1 0 0 0 1 1 0 0 1 1 0 0 0 0 0 0 0 0
450	8	1 1 1 1 0 0 1 1 0 0 0 1 0 0 1 0 0 0 0 0
450	20	1 1 0 1 1 1 1 0 1 1 0 1 0 0 0 0 0 0 0 0
450	9	1 1 1 1 0 0 1 1 0 1 0 1 0 0 0 0 1 0 0 0
450	5	1 1 1 1 1 1 1 1 0 1 0 0 1 0 1 1 0 0 0 0
450	5	1 1 1 0 1 1 0 0 0 0 0 1 0 0 1 0 0 0 1 0
450	2	1 1 1 1 1 1 0 1 1 0 1 0 1 0 1 1 0 0 0 0
450	7	1 1 1 1 1 1 0 1 0 0 0 1 0 0 0 0 1 0 0 0
450	6	1 1 1 1 1 1 1 0 0 0 1 1 0 0 0 0 0 0 1 0
450	8	0 1 1 1 0 0 0 1 0 1 0 1 0 0 0 0 0 0 0 0
450	2	1 1 1 1 1 0 0 1 0 0 0 1 0 1 0 0 0 0 0 0
450	10	1 1 1 1 0 0 1 0 0 0 0 1 0 0 1 0 0 0 0 0
450	18	1 1 1 1 1 1 1 1 1 0 0 1 1 0 1 0 0 0 0 0
450	8	1 1 1 1 1 1 1 0 1 0 0 1 0 0 0 1 0 0 0 0
450	3	1 1 1 1 1 0 1 0 0 0 1 1 0 1 0 0 0 0 0 0
450	3	1 1 1 1 1 1 0 0 0 0 0 1 0 0 0 0 0 0 0 0
450	10	0 1 1 1 0 0 0 0 0 0 0 1 0 0 0 0 0 0 0 0
450	3	1 1 1 1 1 1 1 0 0 1 1 1 0 1 0 0 0 0 0 0
450	1	1 1 1 1 1 1 1 1 0 1 0 1 0 0 0 0 0 0 0 0
450	8	0 1 1 1 0 0 1 1 1 0 0 1 1 0 1 0 0 0 0 0
450	7	1 1 1 1 1 1 1 0 0 0 1 1 0 1 0 0 0 1 0 0
450	8	1 1 1 1 1 1 0 0 0 0 0 1 1 0 1 0 0 0 0 0
450	14	1 1 1 1 0 1 1 1 0 0 0 0 0 0 1 0 0 0 0 0
450	3	1 1 1 1 1 0 1 1 0 0 1 1 1 0 0 0 0 1 0 0
450	10	1 1 1 1 1 1 0 1 1 0 1 0 1 0 1 0 0 0 0 0
450	1	1 1 1 1 1 1 1 1 1 0 1 1 0 0 0 0 0 0 0 0
450	6	1 1 1 1 1 0 1 1 0 1 0 1 0 0 0 0 0 0 1 0
450	7	1 1 1 1 1 0 1 1 0 0 1 0 0 0 0 0 0 0 0 0
450	3	1 0 1 0 0 0 1 1 0 0 1 1 0 1 1 0 0 0 0 0
450	7	1 1 0 1 1 1 1 1 0 1 0 1 0 1 0 0 0 0 0 0
450	2	1 1 1 1 1 0 1 1 1 0 1 1 0 0 1 1 0 0 0 1
450	1	1 1 1 1 0 0 0 1 0 0 0 1 0 0 0 0 0 0 1 0
450	13	1 1 1 1 1 1 0 0 0 1 1 1 0 1 0 0 0 0 0 0
450	2	1 1 1 1 1 1 1 1 0 1 1 0 1 0 0 0 0 0 0 0
450	2	1 1 1 1 1 0 1 0 0 0 0 1 0 0 1 0 0 0 0 0
450	2	1 0 1 1 0 1 1 1 1 0 0 0 0 0 1 0 0 0 0 0
450	4	1 0 1 1 1 0 1 1 0 0 1 1 0 1 0 0 0 0 0 0
450	4	1 1 1 1 1 0 1 1 1 0 1 1 0 1 0 0 0 0 0 0
450	3	1 1 1 1 1 0 0 1 0 0 0 1 0 0 0 1 0 0 0 0
450	1	1 1 1 0 1 0 1 0 0 0 1 1 0 1 0 0 0 0 0 0
450	8	1 1 1 1 1 0 1 1 0 0 1 0 0 1 0 0 0 0 0 0
450	11	1 1 1 1 0 1 0 1 0 0 1 1 0 0 0 1 0 0 0 0
450	1	1 1 1 1 0 1 0 1 0 0 0 1 0 0 0 1 0 1 0 0
450	4	1 0 1 1 0 0 0 1 1 0 0 1 1 0 1 0 0 0 0 0
450	6	1 1 1 1 0 1 0 1 0 0 1 1 0 0 0 1 0 1 0 0
450	1	1 1 1 1 1 1 0 0 1 1 1 1 0 1 0 0 0 0 0 0
450	3	1 1 1 1 1 1 1 1 0 0 0 1 0 0 0 0 0 0 1 0
450	4	1 1 1 1 0 0 1 1 1 0 0 0 0 0 1 1 0 0 0 0
450	4	1 1 1 1 1 1 0 1 0 0 0 0 0 0 1 0 0 0 0 0
450	6	1 0 1 1 0 0 1 1 0 1 0 1 0 0 0 0 0 0 0 0
450	5	1 1 1 1 0 0 1 1 0 1 1 1 1 0 1 1 0 0 0 0
450	7	1 1 1 1 1 1 0 1 0 0 0 0 0 1 0 0 0 0 1 0
450	3	1 1 1 0 0 0 1 1 0 0 1 1 0 0 0 0 0 0 0 0
450	4	1 1 1 1 1 0 1 1 0 0 1 1 1 0 1 1 0 0 0 0
450	4	1 1 1 1 0 0 1 0 0 0 0 1 0 0 0 0 1 0 0 0
450	5	1 1 0 0 0 0 1 1 1 0 0 0 0 0 1 1 0 0 0 0
450	1	1 1 1 1 1 0 1 1 0 0 1 1 0 0 0 1 0 0 0 0
450	5	1 1 1 1 0 1 0 1 0 0 1 1 0 1 0 0 0 0 0 0
450	9	1 1 1 1 0 1 1 1 0 0 0 1 0 0 1 1 0 0 0 0
450	2	1 1 1 1 1 1 0 1 0 0 0 1 0 0 1 1 0 0 0 0
450	1	1 0 1 0 0 0 1 1 0 0 1 1 0 0 0 0 0 0 1 0
450	6	0 1 1 1 0 0 1 1 1 0 0 1 0 0 1 0 0 0 0 0
450	1	1 1 1 1 1 1 1 1 1 1 1 1 0 1 0 1 0 0 0 0
450	3	1 1 1 1 1 1 1 0 0 0 1 1 1 0 0 0 0 0 0 0
450	3	1 1 1 1 1 1 0 0 1 0 0 1 0 0 1 0 0 0 0 0
450	2	1 1 1 1 1 1 0 0 0 0 1 1 0 0 1 0 0 0 0 0
450	4	1 1 1 1 0 0 0 1 0 0 0 1 1 0 0 0 0 0 0 0
450	1	1 1 1 1 0 1 1 1 1 0 0 1 0 0 1 0 0 0 0 1
450	2	1 1 1 1 0 0 1 1 1 1 0 1 0 0 0 0 1 0 0 0
450	2	1 1 1 1 0 1 0 1 0 0 0 1 0 1 0 1 0 1 0 0
450	3	1 1 1 0 0 0 0 1 0 0 1 1 0 0 0 0 0 0 0 0
450	1	1 1 1 1 1 1 0 1 0 0 1 1 1 0 1 1 0 0 0 0
450	1	1 1 1 1 1 1 1 0 0 0 0 1 0 0 1 0 0 0 0 0
450	1	1 1 1 1 0 0 1 1 0 0 0 1 1 0 1 0 0 0 0 0
450	2	1 1 1 1 1 0 1 0 0 1 1 1 0 1 0 1 0 0 0 0
450	1	1 0 1 0 0 0 1 1 0 0 1 1 0 0 0 0 1 0 0 0
450	3	1 1 1 1 1 0 1 0 0 1 1 0 1 0 0 0 0 0 0 0
450	3	1 1 1 1 1 1 1 0 0 1 0 1 0 0 0 0 1 0 0 0
450	1	1 1 1 1 1 1 1 0 0 1 1 1 0 1 0 1 0 0 0 0
450	4	1 1 0 1 0 0 1 1 1 0 0 1 1 0 1 0 0 0 0 0
450	4	1 1 1 1 1 1 0 1 0 0 0 1 0 0 1 0 0 0 1 0
450	2	0 1 1 1 0 0 0 1 0 0 0 1 0 0 0 1 0 0 0 0
450	1	1 1 1 1 0 0 0 1 0 0 0 0 0 0 0 1 0 0 0 0
450	1	1 1 0 1 0 0 0 1 0 0 0 1 0 0 0 0 0 0 0 0
450	1	1 1 1 1 1 1 0 1 0 0 1 1 0 0 0 1 0 0 0 0
450	1	1 1 1 0 1 1 0 0 0 0 0 0 0 0 1 0 0 0 1 0
450	1	1 1 1 1 0 1 0 0 0 0 0 1 0 0 1 0 0 0 0 0
450	2	1 1 1 1 1 1 1 1 0 1 0 1 0 0 0 0 1 0 0 0
450	2	0 1 1 1 1 1 0 1 0 0 0 1 0 0 1 0 0 0 0 0
450	2	1 1 1 1 1 1 0 1 0 0 0 1 1 0 1 0 0 0 0 0
450	3	1 1 1 1 0 1 1 1 0 0 0 0 0 0 0 0 0 0 0 0
450	2	1 1 1 1 0 0 0 1 0 0 0 1 0 0 0 0 0 0 0 1
450	2	1 1 1 1 1 0 1 1 0 0 0 1 0 0 0 0 0 0 0 0
450	3	1 1 1 0 1 1 0 1 0 0 0 1 0 0 0 1 0 0 0 0
450	1	1 1 1 1 1 1 0 0 0 0 0 1 0 0 0 0 0 0 0 1
450	1	0 1 1 1 0 0 0 0 0 0 0 1 0 0 0 1 0 0 0 0
450	1	1 0 1 0 0 0 1 1 0 0 1 1 0 1 1 0 1 0 0 0
500	1	1 1 1 1 0 0 1 1 1 0 0 1 1 0 1 0 0 0 0 0
500	20	1 1 1 1 0 0 0 1 0 0 0 1 0 0 0 1 0 0 0 0
500	4	1 1 1 1 1 1 0 0 0 0 0 1 0 0 1 0 0 0 0 0
500	62	1 1 1 1 0 1 1 1 1 0 0 0 0 0 0 0 0 0 0 0
500	22	1 1 1 1 1 1 1 1 1 0 1 1 0 1 0 0 0 0 0 0
500	9	1 1 1 1 1 1 1 0 1 0 0 1 0 0 0 0 0 0 0 0
500	164	1 1 1 1 0 0 0 1 0 0 0 1 0 0 0 0 0 0 0 0
500	9	1 1 1 1 0 1 0 1 0 0 0 1 0 0 0 1 0 0 0 0
500	22	1 1 1 1 1 1 0 1 0 0 0 1 0 0 0 0 0 0 0 0
500	11	1 1 1 1 0 1 1 0 0 0 1 1 0 1 0 0 0 0 0 0
500	9	1 1 1 1 0 0 0 1 0 1 0 0 0 0 0 0 0 0 0 0
500	26	1 1 1 1 1 0 1 0 0 0 0 1 0 0 0 0 0 0 0 0
500	1	1 0 1 0 0 0 1 1 0 0 1 1 0 0 0 0 0 0 0 0
500	5	1 1 0 1 1 1 1 0 1 1 0 1 0 0 0 0 0 0 0 0
500	17	1 1 1 0 0 0 1 1 0 0 1 1 0 0 0 0 0 0 0 0
500	15	1 1 1 0 0 0 0 1 0 0 1 1 0 0 0 0 0 0 0 0
500	2	1 1 1 1 0 0 1 1 0 0 1 1 0 0 0 1 0 0 0 0
500	72	1 1 1 1 0 1 1 0 0 0 0 0 0 0 0 0 0 0 0 0
500	8	1 1 0 1 1 1 1 0 1 1 0 1 0 0 0 1 0 0 0 0
500	14	1 1 1 1 1 0 1 0 0 0 1 1 0 0 0 0 0 0 0 0
500	2	1 1 0 0 0 0 0 1 0 0 0 1 0 0 0 0 0 0 0 0
500	22	1 1 1 1 1 0 1 1 1 0 0 1 1 1 0 0 0 0 0 0
500	20	1 1 1 1 1 1 0 1 1 0 0 1 0 0 0 0 0 0 0 0
500	11	1 1 1 0 0 0 0 1 0 0 1 1 0 0 1 0 0 0 0 0
500	10	1 1 1 1 0 0 1 1 1 0 0 1 1 1 0 0 0 0 0 0
500	8	1 1 1 0 0 0 1 0 0 0 0 1 0 1 0 0 0 0 0 0
500	14	1 1 1 1 1 1 0 1 0 0 1 0 0 0 0 0 0 0 0 0
500	2	1 1 0 1 0 0 1 0 0 0 0 1 0 0 1 1 0 0 0 0
500	3	1 1 0 1 1 1 0 1 0 0 0 1 0 0 0 0 0 0 0 0
500	6	1 1 1 1 0 1 0 0 0 0 1 1 0 1 0 0 0 0 0 0
500	13	1 1 1 1 1 1 0 1 1 0 0 1 1 0 0 0 0 0 0 0
500	6	1 0 1 1 0 0 0 1 0 0 0 1 0 0 0 0 0 0 0 0
500	2	1 1 1 1 0 0 1 1 1 1 1 1 1 0 1 0 0 0 0 0
500	19	1 1 1 1 1 1 0 0 0 0 0 1 0 0 0 0 0 1 0 0
500	8	1 1 1 1 0 0 1 1 1 0 0 1 0 0 0 1 0 0 0 0
500	5	1 1 1 1 1 1 0 1 0 0 0 0 0 0 0 0 0 0 0 0
500	1	1 1 1 1 1 1 0 0 1 0 0 1 0 0 1 0 0 0 0 0
500	3	1 1 1 1 0 0 0 1 1 1 0 0 0 0 0 0 0 0 0 0
500	7	1 1 1 1 1 1 0 0 0 0 0 1 0 0 0 0 1 0 0 0
500	7	1 1 1 1 0 1 0 1 0 0 1 1 0 0 0 1 0 0 0 1
500	2	1 1 1 1 0 1 0 0 0 0 1 1 0 1 0 0 0 0 1 0
500	4	1 1 1 1 1 1 0 1 1 0 1 1 0 1 0 0 0 0 0 0
500	5	1 1 1 1 1 1 0 1 0 0 0 1 0 0 1 0 0 0 1 0
500	6	1 0 1 1 0 1 1 1 1 0 0 0 0 0 0 0 0 0 0 0
500	7	1 1 1 1 1 0 1 0 0 0 0 1 0 0 0 1 0 0 0 0
500	3	1 1 0 1 1 1 1 0 1 1 0 1 0 0 1 1 0 0 0 0
500	1	1 1 1 1 1 1 0 1 0 0 0 1 0 0 0 1 0 0 0 0
500	8	1 1 1 1 0 1 0 1 0 0 0 1 0 0 1 1 0 0 0 0
500	1	1 1 1 1 1 1 0 1 0 0 0 1 0 0 1 0 0 1 1 0
500	6	1 1 1 0 0 1 1 1 0 0 1 1 0 0 0 0 0 0 0 0
500	14	1 1 0 1 0 1 1 0 0 0 0 0 0 0 0 0 0 0 0 0
500	1	1 1 1 1 0 1 0 0 0 0 1 1 0 0 0 0 0 0 0 0
500	4	1 1 1 1 0 1 0 1 1 0 0 1 1 0 0 0 0 0 0 0
500	7	1 1 1 1 1 1 0 0 0 0 0 1 0 0 0 0 1 1 0 0
500	4	1 1 1 1 1 1 0 1 0 1 0 0 0 0 1 0 0 0 1 1
500	2	1 1 1 1 1 1 0 1 0 0 0 1 0 1 0 0 0 0 0 0
500	2	1 1 1 1 1 0 0 1 0 0 0 1 0 0 0 1 1 0 0 0
500	2	1 1 1 1 1 1 1 1 0 0 0 1 1 1 0 0 0 0 0 0
500	11	1 1 1 1 0 1 1 0 0 0 0 0 0 0 0 0 1 0 0 0
500	1	1 0 1 1 1 0 1 0 0 0 0 1 0 0 0 0 0 0 0 0
500	7	1 1 1 1 1 1 0 1 0 0 0 1 1 0 1 1 0 0 0 0
500	2	1 1 1 1 0 1 0 1 0 0 0 1 0 0 0 0 0 0 0 0
500	10	1 1 1 1 0 0 0 1 0 0 0 0 0 0 0 0 0 0 0 0
500	12	1 1 1 1 0 1 1 0 0 0 0 0 0 0 0 1 0 0 0 0
500	1	1 1 1 1 1 1 0 1 0 0 0 0 0 0 1 0 0 0 1 0
500	2	1 1 1 1 1 1 0 1 0 0 0 1 1 0 0 0 0 0 0 0
500	3	1 1 1 1 1 1 1 1 1 0 1 1 0 1 0 0 0 0 1 0
500	14	1 1 0 1 1 1 1 0 1 0 0 1 1 1 0 0 0 0 0 0
500	6	1 1 0 1 1 1 1 1 0 0 0 1 0 0 1 1 0 0 0 0
500	6	1 1 1 0 0 0 0 1 0 0 1 1 0 0 0 0 0 0 1 0
500	1	1 1 1 1 1 1 0 1 1 0 1 1 0 1 0 0 0 0 1 0
500	1	1 1 1 0 0 0 0 1 0 0 0 1 0 0 0 0 0 0 0 0
500	1	1 1 1 1 1 1 0 1 0 0 0 1 0 0 0 0 1 0 0 0
500	2	1 0 1 1 0 0 1 1 1 0 0 1 1 1 0 0 0 0 0 0
500	9	1 0 1 1 1 1 0 0 1 0 0 1 0 0 1 0 0 0 0 0
500	6	1 0 0 1 0 1 1 1 1 0 0 0 0 0 0 0 0 0 0 0
500	2	1 1 1 1 1 1 0 1 0 0 0 1 0 1 1 0 0 1 1 0
500	2	1 1 1 1 1 1 0 1 0 0 0 0 0 0 1 0 1 0 1 1
500	6	1 1 1 1 0 0 1 1 1 0 0 1 0 1 0 0 0 0 0 0
500	1	1 1 1 1 1 1 1 0 1 0 1 1 0 1 0 0 0 0 0 0
500	3	1 1 1 1 0 1 1 1 0 0 0 1 0 0 0 1 0 0 0 0
500	6	1 1 1 1 0 1 1 0 0 1 0 0 0 0 0 0 0 0 0 0
500	2	1 1 1 1 1 1 0 1 1 1 0 1 0 0 0 0 0 0 0 0
500	3	1 1 1 1 1 1 0 1 1 0 0 1 1 0 0 0 0 0 1 0
500	3	1 1 0 1 0 0 0 1 0 0 0 1 0 0 0 0 0 0 0 0
500	1	1 1 1 1 0 0 0 1 0 0 0 1 1 0 0 0 0 0 0 0
500	3	1 1 1 0 0 1 1 0 0 0 1 1 0 1 0 0 0 0 0 0
500	2	1 1 0 1 1 1 0 1 0 0 0 1 0 0 0 1 0 0 0 0
500	1	1 1 0 1 1 1 1 1 0 0 1 1 0 0 1 1 0 0 0 0
500	2	1 1 1 1 0 1 1 0 0 0 0 1 0 1 0 0 0 0 0 0
500	1	1 1 1 1 0 0 0 1 0 0 1 1 0 0 1 0 0 0 0 0
500	1	1 1 0 1 0 0 1 0 0 0 0 1 0 0 0 0 0 0 0 0
500	1	1 1 1 1 1 1 0 0 0 0 0 1 0 0 0 1 1 0 0 0
500	3	1 1 1 1 1 1 0 0 0 0 0 1 0 0 0 0 0 0 0 0
500	10	1 1 1 1 1 1 0 1 1 0 0 1 1 1 0 0 0 0 0 0
500	6	1 1 1 1 0 1 0 1 0 0 1 1 1 0 0 1 0 0 0 1
500	3	1 1 0 1 1 1 1 0 0 0 0 1 1 1 0 0 0 0 0 0
500	4	1 1 0 1 1 1 1 1 1 0 0 1 1 1 0 0 0 0 0 0
500	3	1 1 0 1 0 0 0 1 0 0 0 1 0 0 0 1 0 0 0 0
500	1	1 1 1 1 0 1 0 1 0 0 0 1 0 0 0 1 0 0 1 0
500	2	1 1 1 0 0 1 0 1 0 0 1 1 0 0 0 0 0 0 0 0
500	5	1 1 1 1 0 1 1 0 0 0 0 1 0 0 0 0 0 0 0 0
500	18	1 1 1 1 0 1 1 0 0 0 0 0 0 0 0 0 0 0 0 1
500	1	1 0 1 1 0 0 0 1 0 0 0 1 1 0 0 0 0 0 0 0
500	1	1 1 1 1 1 1 0 0 0 0 0 1 0 0 0 0 0 1 0 1
500	1	1 1 1 1 0 1 0 1 0 0 1 1 0 0 0 1 0 1 0 1
500	1	1 1 1 1 1 1 0 1 0 0 0 1 0 1 1 0 0 0 1 0
500	6	1 1 0 1 0 1 1 0 0 0 0 1 0 0 0 0 0 0 0 0
500	2	1 1 1 1 1 1 1 1 0 0 0 1 0 0 1 1 0 0 0 0
500	1	1 1 1 1 0 0 0 1 0 0 0 1 0 0 0 0 1 0 0 0
500	2	1 1 1 1 1 0 0 1 0 0 0 1 0 0 0 0 0 0 0 0
500	1	1 1 1 1 1 0 0 1 0 0 0 1 0 0 0 1 0 0 0 0
500	2	1 1 1 1 1 1 0 0 0 0 1 1 0 0 0 0 0 0 0 0
500	8	1 1 1 1 0 0 1 1 0 0 1 1 0 0 0 0 0 0 0 0
500	1	1 1 0 1 1 1 1 0 1 0 0 1 1 0 0 0 0 0 0 0
500	4	1 1 1 1 0 1 1 1 1 0 0 0 0 0 0 0 0 1 0 0
500	3	1 0 1 0 0 0 1 0 0 0 1 1 0 0 0 0 0 0 0 0
500	1	1 1 1 0 0 0 0 1 0 0 1 1 0 0 1 0 0 1 0 0
500	4	1 0 1 0 0 1 1 1 0 0 1 1 0 0 0 0 0 0 0 0
500	3	1 1 1 1 1 1 1 1 0 0 0 1 1 0 1 1 0 0 0 0
500	2	1 1 1 1 1 1 1 0 0 0 0 1 0 0 0 1 0 0 0 0
500	3	1 1 1 1 0 1 1 1 0 0 0 1 1 0 0 0 0 0 0 0
500	2	1 1 1 1 1 0 1 0 0 1 0 0 0 0 1 0 0 0 1 1
500	1	1 1 1 0 0 0 0 1 0 0 1 1 0 1 0 0 0 0 0 0
500	3	1 1 0 1 1 1 0 0 1 0 0 1 0 0 1 0 0 0 0 0
500	1	1 1 0 1 1 1 1 1 0 0 1 1 0 0 0 0 0 0 0 0
500	1	1 1 1 1 0 0 0 1 0 0 0 0 0 0 0 1 0 0 0 0
500	1	0 1 1 1 0 0 0 1 0 0 0 1 0 0 0 0 0 0 0 0
500	1	1 1 1 1 0 0 0 1 0 1 0 1 0 0 0 0 0 0 0 0
500	1	1 1 1 1 0 0 0 1 1 0 0 1 0 0 0 0 0 0 0 0
500	1	1 1 1 1 0 0 0 1 0 0 0 1 0 0 1 0 0 0 0 0
500	3	1 1 1 0 0 0 1 1 0 0 1 1 0 0 0 0 1 0 0 0
500	1	1 1 1 1 0 1 1 1 0 0 0 0 0 0 0 0 0 0 0 0
500	1	1 1 1 1 1 1 1 1 0 0 1 0 0 0 0 0 0 0 0 0
500	1	1 1 1 1 1 1 0 1 1 0 1 0 0 0 0 0 0 0 0 0
500	1	1 1 1 1 1 1 0 0 0 0 0 1 0 1 0 0 1 0 0 0
500	1	1 1 1 1 1 1 1 1 0 0 1 1 1 1 0 0 0 0 0 0
500	2	1 1 1 1 0 1 1 0 0 0 1 0 0 0 0 1 0 0 0 0
