0	250	0 1 0 0 0 0 0 0 0 0 0 0 0 1 0 1 0 0 0 0
0	250	0 0 0 1 1 0 0 0 0 1 0 0 0 0 0 0 0 0 1 0
0	250	1 0 1 1 0 0 0 0 0 0 0 0 0 0 0 0 0 0 0 0
0	250	0 0 0 0 0 1 0 0 0 0 0 0 0 0 1 0 0 0 0 0
50	3	1 0 1 1 0 0 0 0 0 0 0 0 0 0 0 0 0 0 0 0
50	47	0 0 0 0 0 1 0 0 0 0 0 0 0 0 1 0 0 0 0 0
50	62	1 0 1 1 0 1 0 0 0 0 0 0 0 0 1 0 0 0 0 0
50	2	1 0 0 0 0 1 0 0 0 0 0 0 0 0 1 0 0 0 0 0
50	138	1 0 1 1 0 0 0 0 0 0 0 0 0 0 1 0 0 0 0 0
50	24	1 0 1 1 0 0 0 0 0 0 1 0 0 0 0 0 0 0 0 0
50	5	1 0 1 1 0 0 1 0 0 0 0 0 0 0 0 0 0 0 0 0
50	67	0 0 0 0 0 1 0 0 1 0 0 0 0 0 1 0 0 0 0 0
50	6	0 0 0 1 1 0 0 0 0 1 0 0 0 0 1 0 0 0 0 0
50	6	0 0 0 1 1 0 0 0 0 1 0 0 0 0 1 0 0 0 1 0
50	18	0 1 0 0 0 1 0 0 0 0 0 0 0 0 1 0 0 0 0 0
50	15	1 0 1 1 0 0 0 0 0 0 1 0 0 0 1 0 0 0 0 0
50	20	0 0 0 0 0 1 1 0 0 0 0 0 0 0 1 0 0 0 0 0
50	34	0 1 0 0 0 0 0 0 0 0 0 0 0 0 1 0 0 0 0 0
50	1	0 0 0 0 0 1 0 0 0 0 0 0 0 0 1 0 0 0 1 0
50	43	1 0 1 1 0 0 0 0 1 0 0 0 0 0 1 0 0 0 0 0
50	43	1 0 1 1 0 0 0 0 0 0 1 0 0 0 0 1 0 0 0 0
50	4	1 0 0 0 0 0 0 0 1 0 0 0 0 0 1 0 0 0 0 0
50	12	1 0 1 1 0 0 0 0 0 0 0 0 1 0 1 0 0 0 0 0
50	32	1 1 1 1 0 0 0 0 0 0 0 0 0 0 1 0 0 0 0 0
50	17	1 0 1 0 0 0 0 0 0 0 1 0 0 0 1 0 0 0 0 0
50	9	0 1 0 0 0 0 0 0 0 0 0 0 0 0 1 0 0 1 0 0
50	46	1 0 1 1 0 0 0 0 0 0 0 1 0 0 1 0 0 0 0 0
50	5	1 0 0 0 0 1 0 0 0 0 0 0 0 1 0 1 0 0 0 0
50	18	1 0 1 1 0 0 0 0 0 0 0 0 0 1 1 0 0 0 0 0
50	5	0 0 0 0 0 1 0 0 0 0 1 0 0 0 0 0 0 0 0 0
50	8	0 0 1 0 0 1 0 0 1 0 0 0 0 0 1 0 0 0 0 0
50	15	1 0 1 1 0 1 0 0 1 0 0 0 0 0 1 0 0 0 0 0
50	5	1 0 1 1 0 0 0 0 0 0 1 0 0 0 0 0 0 0 1 0
50	1	0 1 0 0 0 1 0 0 0 0 0 0 0 0 1 0 0 0 1 0
50	21	0 0 1 0 0 1 0 0 0 0 0 0 0 0 1 0 0 0 0 0
50	20	1 0 1 1 0 0 1 0 0 0 0 0 0 0 1 0 0 1 0 0
50	11	0 0 1 1 0 1 0 0 0 0 0 0 0 0 1 0 0 0 0 0
50	20	1 0 1 1 0 0 0 1 0 0 0 0 0 0 1 0 0 0 0 0
50	6	0 1 0 0 0 0 0 1 0 0 0 0 0 0 1 0 0 0 0 0
50	6	1 0 1 1 0 0 0 0 0 0 0 0 0 0 1 0 1 0 0 0
50	6	1 0 0 1 0 0 0 0 0 0 1 0 0 0 0 0 0 0 0 0
50	1	1 0 1 1 1 0 0 0 1 0 1 0 0 0 0 0 0 0 0 0
50	3	0 0 0 0 0 1 0 0 1 0 0 0 1 0 1 0 0 0 0 0
50	2	1 0 1 1 0 0 0 1 0 0 1 0 0 0 0 1 0 0 0 0
50	12	1 0 1 0 0 1 0 0 1 0 0 0 0 0 1 0 0 0 0 0
50	12	1 0 1 1 1 0 0 0 0 0 1 0 0 0 1 0 0 0 0 0
50	3	1 0 1 1 0 0 0 0 0 0 1 0 0 0 0 0 0 1 0 0
50	6	0 0 0 0 0 1 0 0 1 0 0 0 0 0 1 0 0 0 1 0
50	8	1 1 1 1 0 1 0 0 0 0 0 0 0 0 1 0 0 0 0 0
50	3	1 1 1 1 0 0 0 0 0 0 1 0 0 0 0 0 0 0 0 0
50	5	1 0 1 1 0 0 0 1 0 0 1 1 0 0 0 1 0 0 0 0
50	14	1 0 1 1 0 0 0 0 1 0 0 0 0 1 1 0 0 0 0 0
50	2	1 1 1 1 0 0 0 0 0 0 0 0 0 1 1 0 0 0 0 0
50	1	0 0 1 0 0 1 0 0 0 0 0 0 0 0 1 1 0 0 0 0
50	11	1 0 1 1 0 0 0 0 0 0 0 1 0 0 0 0 0 0 0 0
50	12	1 0 1 1 0 0 0 0 0 0 0 0 0 0 1 1 0 0 0 0
50	1	0 0 1 1 0 1 0 0 0 1 0 0 0 0 1 0 0 0 0 0
50	3	1 0 0 1 0 0 0 0 0 0 1 0 0 0 0 0 0 0 1 0
50	10	1 0 0 1 0 0 1 1 0 0 1 0 0 0 0 0 0 0 0 0
50	3	0 0 1 1 0 0 1 0 0 0 0 0 0 0 1 0 0 1 0 0
50	3	1 1 0 0 0 1 0 0 0 0 0 0 0 0 1 0 0 0 0 0
50	6	1 0 1 1 0 0 1 0 0 0 1 0 0 0 0 0 0 0 0 0
50	4	1 0 1 1 0 1 1 0 1 0 0 0 0 0 1 0 0 0 0 0
50	1	1 0 0 0 0 0 0 0 0 0 0 0 0 0 1 0 0 0 0 0
50	5	1 0 1 1 0 0 0 0 0 0 0 0 0 0 1 0 0 1 0 0
50	1	1 0 1 0 0 0 0 0 0 0 0 0 0 0 1 0 0 0 0 0
50	5	1 0 1 0 0 0 0 0 0 0 1 0 0 0 1 0 0 1 0 0
50	1	1 0 1 1 0 0 1 1 0 0 0 0 0 0 1 0 0 1 0 0
50	4	1 1 1 1 0 0 1 0 0 0 0 0 0 0 1 0 0 1 0 0
50	6	1 0 1 1 0 0 0 1 0 0 0 0 0 0 1 1 0 0 0 0
50	5	0 0 0 0 0 1 0 0 1 0 1 0 0 0 0 0 0 0 0 0
50	2	1 0 1 1 0 0 1 0 0 0 1 0 1 0 0 0 0 0 0 0
50	3	0 0 0 0 0 0 0 0 0 0 0 0 0 0 1 0 0 1 0 0
50	2	0 0 0 0 0 1 0 0 0 0 0 0 0 0 1 0 1 0 0 0
50	1	1 0 1 1 0 0 0 0 0 0 1 1 0 0 0 0 0 0 0 0
50	1	0 0 0 0 0 1 0 0 1 1 0 0 0 0 1 0 0 0 0 0
50	4	1 0 1 1 0 0 0 1 0 0 1 0 1 0 0 1 0 0 0 0
50	2	0 0 0 0 0 1 0 0 0 0 0 0 0 0 0 1 0 0 0 0
50	1	1 0 1 1 0 1 0 0 0 0 1 0 0 0 0 1 0 0 0 0
50	1	0 0 1 1 0 0 0 0 0 0 1 0 0 0 0 0 0 0 0 0
50	3	0 0 0 0 0 1 0 1 1 0 0 0 0 0 1 0 0 0 0 0
50	1	1 0 1 1 0 0 0 0 0 0 1 0 0 1 0 0 0 0 1 0
50	2	0 0 1 0 0 1 0 0 0 0 0 0 0 0 0 0 0 0 0 0
50	3	1 0 1 1 0 0 0 1 0 0 1 1 0 0 0 1 0 0 0 1
50	1	1 0 0 1 0 0 0 0 0 0 1 0 0 0 1 0 0 0 1 0
50	1	1 0 0 1 0 0 0 0 0 0 0 0 1 0 1 0 0 0 0 0
50	2	0 0 1 1 0 0 0 0 0 0 0 0 0 0 1 0 0 0 0 0
50	1	1 0 1 0 0 0 0 0 0 0 1 0 0 0 0 0 0 1 0 0
50	1	1 0 1 1 0 0 0 0 0 1 1 0 0 0 0 0 0 0 0 0
50	2	1 0 1 1 0 0 0 1 0 0 1 0 0 0 0 0 0 0 0 0
50	3	0 1 0 0 0 0 0 0 0 0 0 0 1 0 1 0 0 0 0 0
50	1	1 0 1 1 0 0 0 0 0 0 1 0 0 0 0 1 0 1 0 0
50	1	1 1 1 1 0 0 1 0 0 0 0 0 0 0 1 0 0 0 0 0
50	1	1 0 0 1 0 0 0 0 0 0 0 1 0 0 1 0 0 0 0 0
50	1	0 0 1 0 1 1 0 0 1 0 0 0 0 0 1 0 0 0 0 0
50	1	1 0 1 1 0 1 0 0 1 0 0 0 0 0 1 0 0 1 0 0
50	1	1 0 1 1 0 0 1 0 0 0 0 0 0 0 1 0 1 1 0 0
50	2	1 0 1 1 1 0 0 0 0 0 1 0 0 0 1 1 0 0 0 0
50	1	1 0 0 0 0 1 0 0 1 1 0 0 0 0 1 0 0 0 0 0
100	48	1 0 1 1 0 1 0 0 0 0 0 0 0 0 1 0 0 0 0 0
100	70	1 0 1 1 0 0 0 0 0 0 0 0 0 0 1 0 0 0 0 0
100	4	0 0 0 0 0 1 0 0 1 0 0 0 0 0 1 0 0 0 0 0
100	7	0 0 0 1 1 0 0 0 0 1 0 0 0 0 1 0 0 0 0 0
100	37	1 0 1 1 0 0 0 0 1 0 0 0 0 0 1 0 0 0 0 0
100	59	1 1 1 1 0 0 0 0 0 0 0 0 0 0 1 0 0 0 0 0
100	2	1 0 1 1 0 0 0 0 0 0 0 1 0 0 1 0 0 0 0 0
100	6	1 0 1 1 0 1 0 0 1 0 0 0 0 0 1 0 0 0 0 0
100	110	1 0 1 1 0 0 0 1 0 0 0 0 0 0 1 0 0 0 0 0
100	1	0 1 0 0 0 0 0 1 0 0 0 0 0 0 1 0 0 0 0 0
100	27	1 0 1 0 0 1 0 0 1 0 0 0 0 0 1 0 0 0 0 0
100	19	1 0 1 1 0 0 0 1 0 0 1 0 1 0 0 1 0 0 0 0
100	34	1 1 1 1 0 1 0 0 0 0 0 0 0 0 1 1 0 0 0 0
100	14	1 0 1 1 0 0 0 0 1 0 0 0 0 0 1 1 0 0 0 0
100	1	1 1 1 0 0 0 0 0 0 0 0 0 0 0 1 0 0 0 0 0
100	33	1 0 1 1 1 1 0 0 1 0 0 0 0 0 1 0 0 0 0 0
100	18	1 0 1 1 0 0 0 0 0 0 0 1 0 1 0 0 0 0 0 0
100	6	1 0 1 1 0 0 0 1 0 0 0 1 0 0 1 0 0 0 0 0
100	3	1 0 1 0 0 0 0 0 1 0 0 0 0 0 1 0 0 0 0 0
100	15	1 0 0 1 0 0 0 0 0 0 0 0 0 0 1 0 0 0 0 0
100	1	1 0 1 1 0 0 0 0 1 0 0 1 0 0 0 0 0 0 0 0
100	6	1 1 1 1 0 0 0 0 0 0 0 0 1 0 1 0 0 0 1 0
100	9	1 0 0 1 0 0 0 1 0 0 0 0 0 0 1 0 0 0 0 0
100	1	1 0 1 1 0 0 0 0 1 0 0 0 0 0 1 0 1 0 0 0
100	11	1 1 1 1 0 0 0 0 0 0 1 0 0 0 1 0 0 0 0 0
100	2	0 0 1 1 0 1 0 0 1 0 0 0 0 0 1 0 0 0 0 0
100	9	1 0 1 1 0 0 0 1 0 0 0 0 0 1 1 1 0 0 0 0
100	3	1 1 1 1 0 0 0 1 0 0 1 0 1 0 0 1 0 0 0 0
100	23	1 1 1 0 0 0 0 0 1 0 0 0 0 0 1 0 0 0 0 0
100	4	1 0 1 1 0 0 0 0 0 0 0 1 0 1 0 0 0 0 1 0
100	4	1 0 1 1 0 0 0 0 1 0 1 1 0 0 0 0 0 0 0 0
100	37	1 0 1 1 0 0 1 0 1 0 0 1 0 0 0 0 0 0 0 0
100	3	1 1 1 1 0 0 1 0 0 0 0 0 0 1 1 0 0 0 0 0
100	10	0 0 1 1 0 0 0 0 1 0 0 0 0 0 1 1 0 0 0 0
100	16	1 0 1 1 0 0 0 1 0 1 1 0 1 0 0 1 0 0 0 0
100	15	1 0 1 1 0 0 0 0 1 0 0 0 1 0 1 0 0 0 0 0
100	7	1 1 1 1 0 0 0 0 0 1 0 0 0 0 1 0 0 0 0 0
100	5	1 0 1 1 0 0 0 1 0 0 0 0 0 0 1 0 0 0 0 1
100	7	1 1 0 1 0 0 0 1 0 0 1 0 1 0 0 1 0 0 0 0
100	13	1 0 1 1 0 0 1 1 0 0 0 0 0 0 1 0 0 0 0 0
100	29	1 1 1 1 0 0 0 1 0 0 0 0 1 0 1 0 0 0 0 0
100	15	1 0 1 1 0 0 0 0 0 0 0 0 0 0 1 0 0 1 0 0
100	2	1 0 1 1 1 1 0 0 1 0 0 0 0 0 1 0 1 0 0 0
100	6	1 1 1 1 0 0 0 0 0 0 1 0 0 0 1 1 0 0 0 0
100	21	1 1 1 1 0 0 0 0 0 0 0 0 0 0 1 1 0 0 0 0
100	7	1 0 1 1 0 0 0 1 0 0 0 0 0 0 1 0 0 1 0 0
100	11	1 0 1 1 0 0 0 0 0 1 0 0 0 0 1 0 0 0 0 0
100	42	1 0 1 1 0 0 0 1 0 0 0 0 1 0 1 0 0 0 0 0
100	23	1 1 1 1 0 0 0 0 0 0 1 1 0 0 1 0 0 0 0 0
100	3	1 1 1 1 0 0 0 1 1 0 0 0 1 0 1 0 0 0 0 0
100	11	0 0 1 0 0 1 0 0 1 0 0 0 0 0 1 0 0 0 0 0
100	3	1 1 1 0 0 1 0 0 1 0 0 0 0 0 1 0 0 0 0 0
100	7	1 0 1 1 0 0 0 0 0 0 0 1 0 1 0 1 0 0 0 0
100	2	1 0 1 0 0 1 1 0 1 0 0 0 0 0 1 0 0 0 0 0
100	11	1 1 1 1 0 0 0 0 0 0 1 0 1 0 1 0 0 0 0 0
100	1	1 0 1 1 0 0 0 0 1 0 1 1 0 0 0 0 0 0 1 0
100	4	1 0 1 1 0 0 0 1 0 0 0 0 0 0 1 1 0 0 0 0
100	2	1 0 1 1 0 0 0 1 0 0 1 1 1 0 0 1 0 0 0 0
100	2	0 0 0 1 1 0 0 0 0 0 0 1 1 0 1 0 0 0 1 0
100	2	1 0 1 1 0 0 0 0 1 0 0 0 0 0 0 0 0 0 0 0
100	2	1 0 1 1 0 1 0 1 0 0 0 0 0 0 1 0 0 0 0 0
100	4	1 0 1 1 0 0 0 1 1 1 0 0 0 0 1 0 0 0 0 0
100	3	1 0 1 1 0 0 0 1 0 0 0 0 0 1 0 0 0 0 0 0
100	2	1 0 0 0 0 1 0 0 1 0 0 0 0 0 1 0 0 0 0 0
100	5	0 0 1 1 0 0 0 1 0 0 0 0 0 0 1 0 0 0 0 0
100	2	1 1 1 1 0 0 0 1 0 0 0 0 0 0 1 0 0 0 0 0
100	3	1 0 1 0 0 0 0 1 0 0 0 1 0 0 1 0 0 0 0 0
100	1	1 0 1 1 0 0 0 1 0 1 0 0 0 1 1 1 0 0 0 0
100	1	1 1 0 1 0 0 0 0 0 0 1 0 0 0 1 1 0 0 0 0
100	1	1 1 1 1 1 1 0 0 0 0 0 0 0 0 1 1 0 0 1 0
100	2	1 0 1 0 0 0 0 1 0 0 1 0 1 0 0 1 0 0 0 0
100	4	1 1 1 0 0 0 0 0 0 0 1 0 1 0 1 0 0 0 0 0
100	2	0 0 0 1 1 0 0 0 0 0 0 0 1 0 1 0 0 0 1 0
100	1	1 0 1 0 0 0 0 1 0 0 1 0 1 0 1 0 0 0 0 0
100	4	1 0 1 1 0 0 0 1 0 0 1 0 0 0 1 0 0 0 0 0
100	2	1 0 1 1 0 0 0 0 0 0 0 1 0 1 0 0 0 0 0 1
100	1	1 1 1 1 0 1 0 0 0 0 0 0 0 0 1 1 0 0 1 1
100	1	1 0 1 1 0 0 0 0 1 0 0 0 1 0 1 0 0 0 1 0
100	2	1 0 1 1 0 0 1 1 1 0 0 0 0 0 1 0 0 0 0 0
100	1	0 0 1 1 0 0 1 0 1 0 0 0 0 0 1 0 1 0 0 0
100	6	0 1 1 1 0 0 0 0 0 0 0 0 0 0 1 1 0 0 0 0
100	2	1 0 1 1 0 0 0 0 0 0 1 1 0 0 1 0 0 0 0 0
100	2	1 0 1 1 0 0 0 1 0 0 0 0 0 0 1 0 1 0 0 0
100	2	1 1 1 1 0 0 0 0 0 0 1 0 1 0 0 1 0 0 0 0
100	1	0 0 1 1 0 0 0 0 0 0 0 1 0 0 0 0 0 0 0 0
100	2	1 0 1 1 0 1 0 0 0 0 0 0 0 1 1 0 0 0 0 0
100	2	1 0 1 1 0 0 0 0 0 0 1 0 0 0 1 0 0 0 0 0
100	3	1 1 0 1 0 0 0 0 0 0 0 0 0 0 1 0 0 0 0 0
100	1	1 0 1 1 0 1 0 0 1 0 0 0 0 0 1 1 0 0 0 0
100	2	1 0 1 1 1 0 0 1 0 0 0 0 0 0 1 0 0 0 0 0
100	4	0 0 1 1 0 0 1 0 1 0 0 0 0 0 1 1 0 0 0 0
100	3	1 1 1 0 0 0 0 1 0 1 0 0 0 0 1 0 0 0 0 0
100	1	0 0 1 1 0 0 0 0 0 0 0 1 0 1 0 0 1 0 0 0
100	2	1 0 1 1 0 0 0 0 0 0 0 0 0 0 1 1 0 0 0 0
100	1	1 0 1 1 0 0 0 0 0 0 0 0 0 0 1 0 1 0 0 0
100	2	1 0 0 1 0 0 1 1 1 0 0 0 0 0 1 0 0 0 0 0
100	1	1 0 1 1 0 0 0 1 0 0 0 1 0 1 0 0 0 0 0 0
100	2	1 1 1 1 0 1 0 0 0 0 0 0 0 0 1 0 0 0 0 0
100	3	1 0 1 1 1 1 0 0 1 0 0 0 1 0 1 0 0 0 0 0
100	2	1 0 0 1 0 0 0 1 0 0 0 0 0 1 1 1 0 0 0 0
100	3	1 0 1 1 0 0 0 0 0 0 1 1 0 1 0 0 0 0 1 0
100	2	0 0 1 1 0 0 0 1 1 0 0 0 0 0 1 1 0 0 0 0
100	3	1 0 1 0 0 0 0 1 0 0 0 0 0 0 1 1 0 0 0 0
150	29	1 0 1 1 0 0 0 0 0 0 0 0 0 0 1 0 0 0 0 0
150	12	1 0 1 1 0 0 0 0 1 0 0 0 0 0 1 0 0 0 0 0
150	60	1 1 1 1 0 0 0 0 0 0 0 0 0 0 1 0 0 0 0 0
150	13	1 0 1 1 0 0 0 1 0 0 0 0 0 0 1 0 0 0 0 0
150	17	1 0 1 1 1 1 0 0 1 0 0 0 0 0 1 0 0 0 0 0
150	16	1 1 0 1 0 0 0 1 0 0 1 0 1 0 0 1 0 0 0 0
150	38	1 1 1 1 0 0 0 1 0 0 0 0 1 0 1 0 0 0 0 0
150	48	1 0 1 1 0 0 0 1 0 0 0 0 1 0 1 0 0 0 0 0
150	24	1 0 1 1 0 0 0 0 0 0 0 1 0 1 0 1 0 0 0 0
150	16	1 1 1 1 0 0 0 0 0 0 1 0 1 0 1 0 0 0 0 0
150	57	1 1 1 1 0 0 0 1 0 0 0 0 0 0 1 0 0 0 0 0
150	1	1 0 1 1 0 0 0 1 0 1 0 0 0 1 1 1 0 0 0 0
150	3	1 0 1 1 0 0 0 1 0 0 1 0 0 0 1 0 0 0 0 0
150	6	1 1 1 0 0 0 0 1 0 1 0 0 0 0 1 0 0 0 0 0
150	4	1 0 1 1 1 1 0 0 1 0 0 0 1 0 1 0 0 0 0 0
150	4	1 1 1 0 0 0 0 0 1 0 0 0 0 0 1 0 0 0 1 0
150	30	1 1 1 1 0 1 0 1 0 0 0 0 0 0 1 1 0 0 0 0
150	14	1 0 1 1 0 0 1 0 1 0 0 1 0 0 1 0 0 0 0 0
150	29	1 0 1 1 0 0 0 1 0 1 1 0 1 0 1 0 0 0 0 0
150	10	0 0 1 0 0 1 0 0 1 0 0 0 0 0 1 0 0 0 0 1
150	1	1 1 1 1 0 0 1 0 0 0 0 0 0 0 1 0 0 0 0 0
150	20	1 0 1 1 0 0 1 0 1 0 0 0 0 0 1 0 0 0 0 0
150	13	1 1 1 1 0 0 0 0 1 0 1 0 1 0 1 0 0 0 0 0
150	21	1 0 1 1 0 0 0 1 0 0 1 0 0 0 0 0 0 0 0 0
150	5	0 0 1 1 0 0 0 1 0 0 0 0 0 0 1 0 0 0 0 0
150	1	1 0 1 1 0 0 0 1 1 0 1 1 0 0 0 0 0 0 0 0
150	12	1 0 1 1 0 0 0 1 0 1 0 0 1 0 1 0 0 0 0 0
150	2	1 1 1 1 1 1 0 0 1 0 0 0 1 0 1 0 0 0 0 0
150	4	1 0 1 1 0 1 0 0 1 0 0 1 0 0 1 0 0 0 0 0
150	27	1 0 1 1 0 1 0 0 1 0 0 0 1 0 1 0 0 0 0 0
150	21	1 0 1 1 1 0 0 1 0 1 1 0 1 0 1 0 0 0 0 0
150	8	1 0 1 1 0 0 0 1 0 0 0 1 0 1 0 1 0 0 0 0
150	5	0 0 1 1 0 0 0 1 1 0 0 0 0 0 1 0 0 0 0 0
150	4	1 0 1 1 0 0 0 0 1 0 0 0 0 0 1 0 0 1 0 0
150	4	1 1 1 1 0 1 0 0 0 0 0 1 0 0 1 0 0 0 0 0
150	1	1 1 1 1 1 0 0 0 0 0 1 1 0 0 1 0 0 0 0 0
150	4	1 0 1 1 0 0 0 0 1 0 0 0 1 0 1 0 0 0 0 0
150	6	1 1 0 1 0 0 0 1 0 0 1 0 1 1 0 1 0 0 0 1
150	12	1 0 0 1 0 0 0 0 1 0 0 1 0 0 1 0 0 0 0 0
150	2	1 0 1 1 0 0 1 1 0 0 0 0 0 0 1 0 1 0 1 0
150	3	1 0 1 1 0 0 1 1 0 0 1 0 0 0 1 0 0 0 1 0
150	6	1 0 1 1 0 0 0 0 1 1 1 0 1 0 1 0 0 0 0 0
150	6	1 0 1 1 0 0 0 1 1 0 0 0 0 0 1 0 0 0 0 0
150	2	1 0 0 1 0 0 0 1 0 0 0 0 0 0 1 0 0 0 0 0
150	17	1 0 1 0 0 0 0 0 0 0 0 1 0 1 0 1 0 0 0 0
150	3	1 1 0 1 0 0 0 1 0 0 1 0 0 0 0 0 0 0 0 0
150	13	1 0 1 1 0 0 0 0 1 0 1 0 0 0 1 0 0 0 0 0
150	15	1 0 1 1 0 1 0 0 0 0 0 1 0 1 0 1 0 0 0 0
150	14	1 1 0 1 0 0 0 1 0 0 0 0 1 0 1 0 0 0 0 0
150	39	0 0 1 1 0 0 0 0 1 0 0 0 0 0 1 0 0 0 0 0
150	6	1 1 1 1 0 1 0 1 0 1 1 0 0 0 0 0 0 0 0 0
150	30	1 0 1 0 0 0 0 0 1 0 0 0 0 0 1 0 0 0 0 0
150	7	1 0 0 1 0 0 0 1 0 0 1 0 1 0 0 1 0 0 0 0
150	11	1 0 1 1 0 0 0 0 0 0 0 1 0 1 0 1 1 0 0 0
150	4	1 1 1 1 0 0 0 0 0 1 1 0 1 0 1 0 0 0 0 0
150	6	1 1 1 1 0 0 0 0 0 0 1 1 1 0 1 0 0 0 0 0
150	22	1 0 1 1 0 0 0 1 0 1 1 1 1 0 1 0 0 0 0 0
150	3	0 0 1 0 0 1 0 0 1 1 0 0 0 0 1 0 0 0 0 1
150	3	1 0 1 1 0 0 0 0 1 1 1 0 0 0 1 0 0 0 0 0
150	6	1 0 1 1 0 0 0 0 1 1 1 0 1 0 1 0 0 0 1 0
150	4	1 1 1 1 0 1 0 1 0 0 0 1 0 0 1 0 0 0 0 0
150	1	0 1 1 0 0 1 0 0 1 0 0 0 0 0 1 0 0 0 0 1
150	2	1 0 1 1 0 0 1 0 1 1 0 0 0 0 1 0 0 0 0 0
150	3	0 0 1 1 0 0 0 1 1 0 0 0 0 0 1 0 0 0 1 0
150	11	1 1 1 1 0 0 0 1 0 1 0 0 1 0 1 0 0 0 0 0
150	2	0 0 1 1 0 0 0 0 1 0 0 0 1 0 1 0 0 0 0 0
150	10	1 1 0 0 0 1 0 1 0 0 1 0 1 0 0 1 0 0 0 0
150	4	1 0 1 1 1 1 0 0 1 0 0 1 0 0 1 0 0 0 0 0
150	9	1 1 1 1 0 1 0 1 0 0 0 0 0 0 1 0 0 0 0 0
150	16	1 0 1 1 0 0 0 1 0 0 1 0 1 0 1 0 0 0 0 0
150	5	1 0 1 1 0 0 1 1 0 1 1 0 1 0 1 0 0 0 0 0
150	1	1 0 1 1 0 0 1 1 0 0 0 0 0 0 1 0 0 0 0 0
150	5	0 0 1 1 0 0 0 0 0 0 0 1 0 1 0 1 0 0 0 0
150	13	1 0 1 1 0 1 0 1 0 0 0 1 0 0 1 0 0 0 1 0
150	1	1 0 0 1 0 0 0 1 0 0 1 0 1 0 0 1 0 0 0 1
150	1	1 1 0 1 0 0 0 1 0 0 1 0 1 0 0 1 0 1 0 1
150	5	1 1 1 1 0 1 0 0 1 0 0 1 0 0 1 0 0 0 0 0
150	2	1 1 0 1 0 0 0 1 0 0 1 0 1 1 0 0 0 0 0 1
150	3	0 0 1 0 0 0 0 0 1 0 0 0 0 0 1 0 0 0 0 0
150	3	1 0 0 1 0 0 0 0 0 0 0 1 0 1 0 1 1 0 0 0
150	6	1 1 0 0 0 1 0 1 0 0 1 0 1 0 1 1 0 0 0 0
150	1	1 1 1 1 0 0 0 0 1 0 1 0 1 0 0 1 0 0 0 0
150	1	1 1 1 1 0 0 0 1 0 0 1 1 1 0 1 0 0 0 0 0
150	4	1 1 0 1 0 0 0 0 0 0 0 0 0 0 1 0 0 0 0 0
150	1	1 1 1 0 0 0 0 1 0 1 0 0 0 0 1 0 0 0 1 0
150	4	1 0 1 1 0 0 1 0 1 0 0 1 0 0 1 1 0 0 0 0
150	3	1 1 1 1 1 0 0 0 1 0 0 0 1 0 1 0 0 0 0 0
150	1	1 0 1 1 1 0 0 1 0 1 1 0 1 1 1 0 0 0 0 0
150	1	1 1 0 1 0 0 0 1 0 0 1 0 0 0 0 0 0 0 0 1
150	5	0 0 1 1 0 0 0 0 0 0 1 1 0 1 0 1 0 0 0 0
150	1	1 1 1 1 0 0 0 0 0 0 1 0 1 1 0 1 0 0 0 1
150	2	1 0 1 1 0 0 0 1 0 0 0 0 0 0 1 0 0 0 0 1
150	2	1 1 1 1 0 0 1 0 1 0 0 0 0 0 1 0 0 0 0 0
150	1	1 1 0 0 0 1 0 1 0 0 1 0 0 0 0 0 0 0 0 0
150	3	1 1 1 1 0 0 0 1 0 0 1 0 1 0 1 0 0 0 0 0
150	3	1 1 1 1 0 0 1 1 0 0 0 0 1 0 1 0 0 0 0 0
150	2	1 0 1 1 0 0 1 0 1 0 0 1 0 0 1 0 0 1 0 0
150	6	1 0 1 1 0 1 0 0 1 0 0 1 1 0 1 0 0 0 0 0
150	4	1 0 1 1 1 0 0 1 1 1 1 0 1 0 1 0 0 0 0 0
150	2	1 1 1 1 0 1 0 0 1 0 0 1 0 0 0 0 0 0 0 0
150	4	1 0 1 1 0 0 0 0 0 0 0 0 0 0 1 0 0 0 0 1
150	1	1 0 1 1 0 0 0 0 0 0 0 1 0 1 1 0 0 0 0 0
150	3	1 1 1 1 1 1 0 1 0 0 0 0 0 0 1 1 0 0 0 0
150	1	1 1 1 1 1 0 0 1 0 1 1 0 1 0 1 0 0 0 0 0
150	4	1 0 1 1 0 1 0 1 0 1 1 1 1 0 1 0 0 0 0 0
150	1	1 0 1 1 0 0 0 1 0 0 0 0 1 1 0 1 1 0 0 0
150	1	1 0 1 1 0 0 0 1 0 0 1 0 1 0 0 1 0 0 0 0
150	2	1 0 1 1 0 0 0 1 0 0 0 0 1 0 1 0 0 0 0 1
150	1	1 0 1 1 0 0 0 0 0 0 0 1 0 1 0 1 0 0 0 1
150	1	1 1 1 1 0 0 0 0 0 0 1 1 0 1 0 1 1 0 0 0
150	1	1 1 1 1 1 0 0 1 0 1 0 0 0 0 1 0 0 0 0 0
150	1	1 0 1 1 0 0 0 0 0 0 0 0 0 0 0 0 0 0 0 0
150	1	1 1 1 1 0 1 0 0 0 0 0 0 0 0 1 1 0 0 0 0
150	1	1 0 1 1 0 0 0 1 0 1 1 0 0 0 1 0 0 0 0 0
150	1	1 1 1 1 0 0 0 1 0 1 1 1 1 0 1 0 0 0 0 0
150	2	1 0 1 1 0 0 0 1 0 0 1 1 0 0 1 0 0 0 0 1
200	21	1 1 1 1 0 0 0 0 0 0 0 0 0 0 1 0 0 0 0 0
200	46	1 1 1 1 0 0 0 1 0 0 0 0 1 0 1 0 0 0 0 0
200	52	1 1 1 1 0 0 0 1 0 0 0 0 0 0 1 0 0 0 0 0
200	36	1 1 1 1 0 1 0 1 0 0 0 0 0 0 1 1 0 0 0 0
200	20	1 1 1 1 0 0 0 0 1 0 1 0 1 0 1 0 0 0 0 0
200	34	1 0 1 1 0 0 0 1 0 0 1 0 0 0 0 0 0 0 0 0
200	11	1 0 1 1 1 0 0 1 0 1 1 0 1 0 1 0 0 0 0 0
200	14	1 0 0 1 0 0 0 0 1 0 0 1 0 0 1 0 0 0 0 0
200	13	1 0 1 1 0 1 0 0 0 0 0 1 0 1 0 1 0 0 0 0
200	4	1 1 0 1 0 0 0 1 0 0 0 0 1 0 1 0 0 0 0 0
200	7	1 1 1 1 0 1 0 1 0 1 1 0 0 0 0 0 0 0 0 0
200	10	1 0 1 0 0 0 0 0 1 0 0 0 0 0 1 0 0 0 0 0
200	14	1 0 1 1 0 0 0 1 0 1 1 1 1 0 1 0 0 0 0 0
200	69	1 1 1 1 0 1 0 1 0 0 0 0 0 0 1 0 0 0 0 0
200	19	1 0 1 1 0 0 1 0 1 0 0 1 0 0 1 1 0 0 0 0
200	6	1 0 1 1 0 1 0 0 1 0 0 1 1 0 1 0 0 0 0 0
200	6	1 0 1 1 1 0 0 1 1 1 1 0 1 0 1 0 0 0 0 0
200	2	1 0 1 1 0 0 0 1 0 0 1 0 1 0 0 1 0 0 0 0
200	5	1 1 1 1 0 0 0 1 0 0 0 0 0 1 0 1 0 0 0 0
200	6	1 0 0 1 0 0 0 1 0 1 1 0 1 0 0 1 0 0 0 0
200	27	1 1 1 1 0 1 0 0 1 0 0 1 1 0 1 0 0 0 0 0
200	13	0 1 1 1 0 1 0 1 0 1 1 0 0 0 0 0 0 0 0 0
200	54	1 1 1 1 0 0 0 1 0 0 0 0 0 0 1 1 0 0 0 0
200	4	1 1 1 0 0 0 0 1 0 0 0 0 1 0 1 0 0 0 0 0
200	2	0 0 1 1 0 0 0 0 0 0 1 1 0 0 0 1 0 0 0 0
200	8	1 1 1 1 0 0 0 0 0 0 0 1 0 1 0 1 0 0 0 0
200	8	1 1 1 1 0 0 0 0 0 0 0 0 0 0 1 1 0 0 0 1
200	6	1 1 0 1 1 0 0 1 0 0 0 0 1 0 1 0 0 0 0 0
200	10	0 0 1 1 0 0 1 0 1 0 0 1 0 0 1 1 0 0 0 0
200	14	1 0 1 0 1 0 0 1 1 1 1 0 1 0 1 0 0 0 0 0
200	14	1 1 0 1 0 0 0 1 0 0 0 0 0 0 1 0 0 0 0 0
200	8	1 0 1 1 0 0 1 1 1 0 0 0 0 0 1 0 0 0 0 0
200	2	1 1 1 0 0 0 0 1 0 0 0 0 0 0 1 0 0 0 0 0
200	7	1 1 1 1 0 0 0 0 1 0 1 0 0 0 1 0 0 0 0 0
200	15	1 0 1 1 0 0 0 1 1 0 0 1 0 0 1 0 0 0 1 0
200	23	1 1 1 1 0 0 0 1 0 0 1 0 1 0 0 1 0 0 0 0
200	1	1 1 1 1 0 0 0 1 0 0 0 1 1 0 1 0 0 0 0 0
200	8	1 1 1 1 0 1 0 0 1 1 0 1 1 0 1 0 0 0 0 0
200	15	1 1 1 1 0 1 0 0 1 0 0 1 1 0 1 1 0 0 0 0
200	4	1 0 1 1 0 1 0 1 0 1 0 0 0 0 1 0 0 0 0 0
200	23	1 1 1 1 0 0 0 1 1 0 0 0 0 0 1 0 0 0 0 0
200	3	1 0 1 1 0 1 1 0 0 0 0 1 0 0 1 0 0 0 0 0
200	4	1 1 1 0 0 0 0 0 1 0 1 0 1 0 1 0 0 0 0 0
200	14	1 1 1 1 0 0 0 1 0 0 0 1 0 0 1 1 0 0 0 0
200	7	1 1 1 1 0 0 0 1 0 0 0 0 1 0 0 0 0 0 0 0
200	1	1 0 1 1 0 0 1 0 1 0 0 0 1 0 1 0 0 0 0 0
200	1	1 1 1 1 0 0 0 1 0 1 1 0 0 0 0 0 0 0 0 0
200	6	1 1 1 1 0 0 0 1 0 0 0 0 0 0 1 0 1 0 0 0
200	7	1 1 1 1 0 1 0 1 0 0 0 0 0 0 1 1 0 0 0 1
200	2	1 1 1 1 0 1 0 1 0 1 0 0 0 0 1 1 0 0 0 0
200	12	1 1 1 1 0 0 0 1 0 0 0 0 0 0 0 0 0 0 0 0
200	6	1 1 1 1 0 1 0 1 0 0 0 0 0 0 1 1 0 1 0 0
200	22	1 1 1 1 0 1 0 1 0 0 0 0 1 0 1 0 0 0 1 0
200	5	1 1 1 1 0 0 0 0 0 1 0 1 0 1 0 1 0 0 0 0
200	14	1 1 1 1 0 1 0 1 0 0 0 1 1 0 1 0 0 0 0 0
200	11	1 1 1 1 0 0 0 0 1 0 1 0 1 0 0 1 0 0 0 0
200	4	1 0 1 1 0 0 0 1 1 0 0 0 0 0 1 0 0 0 0 0
200	2	1 1 0 1 1 1 0 1 0 0 0 0 1 0 1 0 0 0 0 0
200	6	1 1 0 0 1 0 0 1 0 0 0 0 1 1 1 0 0 0 0 0
200	2	1 1 0 1 0 0 0 1 0 0 0 0 0 0 0 1 0 0 0 0
200	7	1 0 0 1 0 1 0 0 1 0 0 0 1 0 1 0 0 0 0 0
200	2	1 1 1 1 0 1 0 1 0 1 0 0 0 0 1 0 0 0 0 0
200	2	1 1 1 1 0 1 0 0 0 0 0 1 1 0 1 0 0 0 0 0
200	12	1 0 1 1 0 0 1 1 1 0 0 1 0 0 1 0 0 0 0 0
200	3	1 1 1 1 1 0 0 1 0 0 0 0 0 0 1 0 0 0 0 0
200	6	1 1 1 1 0 1 0 0 1 1 0 0 1 0 1 0 0 0 0 0
200	1	1 1 1 1 0 0 0 1 0 0 0 0 0 0 1 0 0 0 0 1
200	7	1 0 1 1 0 1 0 1 0 0 0 1 1 1 0 1 0 0 0 0
200	3	1 1 1 1 0 0 0 1 0 1 1 0 1 0 0 1 0 0 0 0
200	3	1 0 1 1 1 0 0 1 0 0 0 0 1 0 1 0 0 0 0 0
200	4	1 1 1 1 0 0 0 0 0 0 0 0 0 0 1 0 1 0 0 0
200	2	1 1 1 1 0 1 0 0 0 1 1 0 0 0 0 0 0 0 0 0
200	8	1 0 1 1 0 0 1 0 1 1 0 1 0 0 1 1 0 0 0 0
200	5	1 1 1 1 1 1 0 1 0 0 0 0 0 0 1 0 0 0 0 0
200	10	1 0 1 1 1 0 0 1 0 0 1 0 0 0 0 0 0 0 0 0
200	1	1 0 1 0 1 0 0 1 1 1 1 1 1 0 1 0 0 0 0 0
200	10	1 1 1 1 0 1 0 1 0 0 0 0 1 0 1 0 0 0 0 0
200	4	1 0 1 0 0 0 0 0 1 0 1 0 0 0 1 0 0 0 0 0
200	3	1 1 1 1 1 0 0 0 0 1 0 1 0 1 0 1 0 0 0 0
200	1	1 0 1 1 0 0 0 1 0 0 0 1 1 0 1 1 0 0 0 0
200	6	1 0 1 1 0 0 0 1 0 1 1 0 0 0 0 1 0 0 0 0
200	4	1 0 1 1 0 0 0 1 0 0 0 0 0 0 1 0 0 0 0 1
200	5	1 1 0 1 0 1 0 0 1 1 0 0 1 0 1 0 0 0 0 0
200	1	1 1 1 1 0 0 0 0 1 0 1 1 1 0 1 0 0 0 0 0
200	5	1 0 1 1 0 0 0 1 0 0 1 0 0 0 0 1 0 0 0 0
200	1	1 0 1 1 1 0 0 0 0 0 0 0 0 0 1 0 0 0 0 0
200	3	0 1 1 1 0 1 0 1 0 0 0 0 0 0 1 1 0 0 0 1
200	5	1 1 1 0 0 0 0 0 0 0 0 0 0 0 1 1 0 0 0 1
200	4	1 1 0 1 1 1 0 1 0 0 0 0 0 0 1 1 0 0 0 0
200	2	1 0 0 1 0 0 0 1 0 0 0 0 1 0 1 0 0 0 0 0
200	1	1 1 1 1 0 1 0 0 0 0 0 0 0 0 1 0 0 0 0 0
200	1	0 0 1 1 1 0 0 0 0 0 1 1 0 0 0 1 0 0 0 0
200	3	1 1 1 1 0 0 0 1 0 0 0 0 1 0 0 0 1 0 0 0
200	3	1 1 1 1 0 0 0 1 0 0 1 0 0 0 0 0 0 0 0 0
200	3	1 1 1 1 0 0 0 1 0 0 0 0 0 0 0 0 1 0 0 0
200	1	1 0 1 1 0 1 0 1 0 0 0 0 1 1 0 1 0 0 0 0
200	2	1 1 1 1 0 0 0 0 0 0 0 0 1 0 1 0 1 0 0 0
200	2	1 1 1 1 0 0 0 1 0 0 0 0 0 0 1 1 0 0 0 1
200	1	1 1 1 1 0 0 0 0 1 0 0 1 1 0 1 0 0 0 0 0
200	3	1 0 1 0 0 0 0 1 0 0 1 0 1 0 0 1 0 0 0 0
200	5	1 1 1 1 0 1 0 0 1 0 0 1 1 0 1 0 1 0 0 0
200	1	1 1 0 0 1 0 1 0 0 0 0 0 1 1 1 0 0 0 0 0
200	5	1 0 1 1 1 0 0 1 1 1 1 0 1 0 1 1 0 0 0 0
200	2	0 1 1 1 0 1 0 1 0 1 1 0 1 0 1 0 0 0 0 0
200	1	1 0 0 1 0 1 0 0 1 0 0 0 1 0 1 1 0 0 0 0
200	1	1 0 1 1 0 0 0 1 0 0 0 0 1 0 1 0 0 0 0 0
200	4	1 1 1 1 0 1 0 1 0 0 0 1 0 0 1 1 0 0 0 0
200	4	0 1 1 1 0 1 0 1 0 0 0 0 0 0 1 1 0 0 0 0
200	3	1 0 1 1 0 0 0 1 0 0 0 0 0 0 0 0 0 0 0 0
200	3	1 0 1 1 0 1 0 0 0 0 0 1 0 0 0 1 0 0 0 0
200	6	1 1 1 1 1 0 0 0 0 0 0 1 0 1 0 1 0 0 0 0
200	2	0 1 1 1 0 0 0 1 0 0 0 0 0 0 1 0 1 0 0 0
200	3	1 1 1 1 0 0 0 0 0 0 0 0 0 0 0 0 0 0 0 0
200	6	1 0 1 1 0 0 1 1 1 1 0 1 0 0 1 0 0 0 0 0
200	1	1 0 1 1 0 0 0 1 0 0 0 0 0 0 1 1 0 0 0 0
200	1	1 0 0 1 0 0 0 1 0 0 0 1 0 0 1 1 0 0 0 0
200	1	0 1 1 1 0 1 0 1 0 1 1 0 0 0 0 1 0 0 0 0
200	1	1 1 1 1 1 0 0 1 1 1 1 1 1 0 1 0 0 0 0 0
200	1	1 1 1 1 0 0 0 0 1 0 0 0 0 0 1 0 0 0 0 0
200	2	1 1 1 1 0 1 0 0 0 0 0 0 1 0 0 0 0 0 0 0
200	1	1 1 1 1 0 1 0 0 0 1 0 1 0 0 1 1 0 0 0 0
200	3	1 1 1 1 0 0 0 1 0 1 0 0 0 0 1 0 0 0 0 0
200	1	1 1 1 1 0 1 0 1 0 0 0 0 0 0 1 0 0 1 0 0
200	1	1 1 1 0 0 1 0 1 0 0 0 0 0 0 1 0 0 0 0 0
200	1	1 1 1 1 0 1 0 1 1 0 0 0 1 0 1 0 0 0 0 0
250	7	1 1 1 1 0 0 0 0 0 0 0 0 0 0 1 0 0 0 0 0
250	37	1 1 1 1 0 0 0 1 0 0 0 0 1 0 1 0 0 0 0 0
250	25	1 1 1 1 0 0 0 1 0 0 0 0 0 0 1 0 0 0 0 0
250	23	1 1 1 1 0 1 0 1 0 0 0 0 0 0 1 1 0 0 0 0
250	13	1 0 1 1 0 0 0 1 0 0 1 0 0 0 0 0 0 0 0 0
250	62	1 1 1 1 0 1 0 1 0 0 0 0 0 0 1 0 0 0 0 0
250	26	1 1 1 1 0 0 0 1 0 0 0 0 0 0 1 1 0 0 0 0
250	52	1 1 1 1 0 0 0 1 0 0 1 0 1 0 0 1 0 0 0 0
250	15	1 1 1 1 0 0 0 1 0 0 0 1 0 0 1 1 0 0 0 0
250	2	1 1 1 1 0 0 0 1 0 0 0 0 0 0 1 0 1 0 0 0
250	41	1 1 1 1 0 1 0 1 0 0 0 1 1 0 1 0 0 0 0 0
250	10	1 0 1 1 0 0 0 1 1 0 0 0 0 0 1 0 0 0 0 0
250	1	1 1 0 1 1 1 0 1 0 0 0 0 1 0 1 0 0 0 0 0
250	5	1 1 1 1 0 1 0 0 0 0 0 1 1 0 1 0 0 0 0 0
250	32	1 0 1 1 0 0 1 1 1 0 0 1 0 0 1 0 0 0 0 0
250	10	1 1 1 1 1 1 0 1 0 0 0 0 0 0 1 0 0 0 0 0
250	9	1 1 1 1 0 0 0 1 0 1 0 0 0 0 1 0 0 0 0 0
250	10	0 1 1 1 0 1 0 1 0 1 0 1 0 0 1 1 0 0 0 0
250	4	1 0 1 1 0 0 1 1 1 0 0 1 0 0 1 1 0 0 0 0
250	14	1 0 1 0 1 0 0 1 1 1 1 1 1 0 0 0 0 0 0 0
250	4	1 1 1 1 0 0 0 1 0 0 0 1 0 0 1 0 0 0 0 0
250	6	1 1 1 0 0 0 0 1 0 0 1 0 1 0 0 1 0 0 0 0
250	1	1 0 1 1 0 0 1 0 1 0 0 1 0 0 1 1 0 1 0 0
250	27	1 1 1 1 0 0 0 1 0 0 1 0 0 0 0 1 0 0 0 0
250	4	1 1 1 1 0 0 0 1 0 0 0 0 1 0 0 1 0 0 0 0
250	5	1 0 1 1 1 0 0 1 0 0 1 0 0 0 0 0 1 0 0 0
250	5	0 1 1 1 0 1 0 1 0 0 1 0 1 0 1 0 0 0 0 0
250	5	1 0 1 1 0 0 1 1 1 0 0 1 0 0 1 0 0 0 1 0
250	1	1 1 1 1 0 1 0 0 1 1 0 1 1 0 1 1 0 0 0 1
250	2	1 1 1 1 0 0 0 0 0 0 0 0 0 0 1 0 0 0 0 1
250	18	1 1 1 1 1 0 1 0 1 0 1 0 1 0 1 0 0 0 0 0
250	3	1 1 1 1 0 1 0 1 0 1 0 0 1 0 0 0 0 0 0 0
250	9	1 1 0 1 0 0 0 1 0 0 0 0 1 0 1 0 1 0 0 0
250	17	1 1 1 1 1 1 1 1 0 0 0 0 1 0 1 0 0 0 0 0
250	4	0 1 1 1 0 0 0 1 0 0 0 0 0 0 1 1 0 0 0 0
250	1	1 1 1 1 0 1 0 1 0 1 0 0 0 0 0 1 0 0 0 0
250	16	1 1 1 1 0 0 0 1 0 0 1 0 0 0 1 1 0 0 0 0
250	23	1 1 1 1 0 1 0 1 0 0 0 0 0 0 1 0 1 0 0 0
250	4	1 1 1 1 0 1 0 0 1 1 0 1 1 0 1 1 0 0 0 0
250	4	0 1 1 1 0 0 0 1 0 1 0 0 0 0 1 1 0 0 0 0
250	5	1 1 1 1 0 1 0 0 0 0 0 0 1 0 1 0 0 0 0 0
250	6	1 1 1 1 0 0 1 1 0 0 0 0 1 0 1 0 0 0 0 0
250	11	1 1 1 1 0 0 1 0 1 0 0 1 0 0 1 1 0 0 0 0
250	9	1 1 1 1 0 1 0 0 0 1 0 1 1 0 1 0 0 0 0 0
250	4	1 1 1 1 0 1 0 1 0 0 0 1 0 0 1 0 0 0 0 0
250	3	1 1 1 0 0 0 0 1 0 0 0 0 0 0 1 0 1 0 0 0
250	3	1 1 1 1 1 0 0 0 0 1 0 0 0 0 0 0 0 0 0 0
250	10	1 1 1 1 0 0 0 1 0 0 1 0 0 0 1 0 0 0 0 0
250	5	1 1 1 1 0 1 0 0 1 0 0 1 1 0 1 1 0 0 0 0
250	7	1 1 1 1 1 1 0 1 0 0 0 0 1 0 1 0 0 0 0 0
250	13	1 1 1 1 0 0 0 1 0 0 1 0 1 0 0 0 0 1 0 0
250	10	1 1 1 1 0 0 0 1 0 0 0 1 0 1 1 1 0 0 0 0
250	4	1 1 1 1 0 0 0 1 0 0 0 0 1 0 1 0 0 1 0 0
250	10	1 0 1 1 0 0 0 1 0 0 0 1 0 0 1 1 0 0 0 0
250	4	1 1 1 1 1 1 0 1 0 1 0 0 0 0 1 1 1 0 0 0
250	18	1 1 1 1 0 1 0 1 0 1 0 0 0 0 1 0 0 0 0 0
250	6	1 1 1 1 0 1 0 0 1 1 0 0 0 0 1 1 0 0 0 1
250	3	1 1 1 1 0 0 0 1 0 0 1 1 0 0 0 1 0 0 0 0
250	18	1 1 1 1 1 1 0 1 1 1 0 1 1 0 1 0 0 0 0 0
250	1	1 1 1 1 0 0 0 1 0 0 1 1 1 0 0 0 0 0 0 0
250	12	1 1 1 1 0 0 0 0 1 1 0 0 1 0 1 0 0 0 0 0
250	18	0 1 1 1 0 0 0 1 0 1 0 0 0 0 1 0 0 0 0 0
250	8	1 1 1 1 0 1 0 1 0 1 1 0 0 0 1 0 0 0 0 0
250	2	1 1 1 1 1 1 0 0 1 0 0 0 0 0 1 1 0 0 0 0
250	14	1 0 1 1 0 0 0 1 0 0 1 0 0 0 0 1 0 0 0 0
250	4	1 0 1 1 0 0 1 0 1 0 0 1 0 0 1 0 0 0 0 0
250	14	1 1 1 1 0 0 0 1 0 1 1 0 1 0 0 1 0 0 0 0
250	3	0 1 1 1 0 0 0 1 0 0 0 1 0 0 1 1 0 0 0 0
250	4	1 0 1 1 0 0 1 1 1 0 0 1 1 0 1 0 0 0 0 0
250	4	1 0 1 1 0 0 1 1 1 0 0 1 0 0 1 1 0 0 0 1
250	13	1 1 1 1 0 1 0 1 0 0 1 0 1 0 0 1 0 0 0 0
250	17	1 1 1 1 0 0 0 1 0 0 0 1 0 0 0 1 0 0 0 0
250	8	1 1 1 1 0 1 0 1 0 0 0 1 1 0 1 1 0 0 0 0
250	5	1 1 1 1 1 1 0 1 0 0 0 0 0 1 1 1 0 0 0 0
250	5	1 1 1 1 0 1 0 1 0 0 0 0 1 0 1 0 1 0 0 0
250	7	1 1 1 1 1 1 0 1 1 0 0 1 1 0 1 0 0 0 0 1
250	2	0 0 1 1 0 0 0 1 0 0 0 0 0 0 0 0 0 0 0 0
250	2	1 1 1 1 0 0 0 1 0 0 0 1 0 1 1 0 0 0 0 0
250	1	1 1 1 1 0 0 0 1 0 0 1 0 0 0 0 0 0 0 0 0
250	2	1 1 1 1 0 1 0 1 0 1 0 1 1 0 0 0 0 0 0 0
250	8	1 0 1 1 1 1 0 1 1 0 0 1 1 0 1 0 0 0 0 1
250	2	1 0 1 1 0 0 0 1 0 0 1 0 0 0 0 0 0 0 1 0
250	14	1 0 1 1 0 0 1 1 1 0 0 1 0 0 1 0 1 0 0 0
250	1	1 1 1 0 1 1 0 1 0 0 0 0 0 0 1 0 0 0 0 0
250	10	1 1 1 1 0 0 0 1 0 0 1 0 0 1 0 1 0 0 0 0
250	6	1 1 1 1 1 0 0 1 0 0 1 0 0 0 0 1 0 0 0 0
250	1	1 1 1 1 1 0 1 0 1 0 0 0 1 0 1 0 0 0 0 0
250	3	1 1 1 0 0 1 1 0 0 0 0 0 1 0 1 0 0 0 0 0
250	1	1 1 1 1 0 0 0 1 0 0 0 0 0 0 1 1 1 0 0 0
250	13	1 1 0 0 0 0 0 1 0 0 1 0 1 0 0 1 0 0 0 0
250	11	0 1 1 1 0 0 0 1 0 0 0 0 0 0 1 0 0 0 0 0
250	1	1 1 1 1 0 0 0 0 0 0 0 0 1 0 1 1 0 0 0 0
250	1	1 1 1 1 0 1 0 1 0 0 0 0 1 0 1 0 0 0 0 0
250	1	1 1 1 1 0 0 0 1 0 0 0 0 0 0 1 1 0 0 1 0
250	1	1 0 1 1 0 0 1 1 1 0 0 1 0 1 1 0 0 0 0 0
250	4	1 0 1 0 0 0 1 1 1 0 0 1 0 0 1 0 0 0 0 0
250	2	0 1 1 1 0 1 0 1 0 0 0 1 0 0 1 1 0 0 0 0
250	6	1 0 1 1 0 0 1 1 1 0 0 0 0 0 1 1 0 0 0 0
250	1	1 0 1 1 0 1 0 1 0 0 0 1 1 0 1 0 0 1 0 0
250	3	1 1 1 1 0 1 0 1 0 0 0 0 1 0 0 1 0 0 0 0
250	3	1 1 1 1 0 1 0 1 0 0 1 0 0 0 1 0 0 0 0 0
250	1	1 0 1 1 0 0 1 0 1 0 0 1 0 0 1 1 0 0 0 0
250	2	1 0 1 1 0 0 0 1 0 0 0 1 1 0 1 0 0 0 0 0
250	3	1 1 1 1 0 1 0 1 0 0 0 1 0 0 1 0 1 0 0 0
250	4	1 1 1 0 0 0 0 1 0 1 1 0 1 0 0 1 0 0 0 0
250	1	0 1 1 1 0 1 0 1 0 0 0 0 0 0 1 0 0 0 0 0
250	1	1 0 1 0 1 0 0 1 1 1 1 1 1 0 0 1 0 0 0 0
250	1	1 1 1 1 0 0 0 1 0 0 0 0 1 0 0 0 0 1 0 0
250	1	1 1 0 1 0 0 0 1 0 0 0 0 0 0 1 1 0 0 0 0
250	1	1 1 1 1 1 1 0 0 1 0 0 0 0 0 1 0 0 0 0 0
250	1	0 1 1 1 0 0 0 1 0 1 0 1 0 0 1 1 0 0 0 0
250	3	1 0 1 0 0 0 1 0 1 0 0 1 0 0 1 1 0 1 0 0
250	3	1 1 1 1 1 1 1 0 1 0 1 0 1 0 1 0 0 0 0 0
250	1	1 1 1 1 0 0 1 0 1 0 1 1 0 0 1 1 0 0 0 0
250	1	1 1 1 1 0 0 0 1 1 1 1 1 1 0 0 0 0 0 0 0
250	1	1 0 1 1 0 0 1 1 1 0 0 0 1 0 1 0 0 0 0 0
250	2	1 0 1 1 0 0 0 1 0 0 1 0 0 0 1 1 0 0 0 0
250	1	1 1 0 1 0 0 0 1 0 0 0 0 0 0 1 0 0 0 0 0
250	2	1 1 1 1 0 1 0 0 0 0 1 0 1 0 0 1 0 0 0 0
250	1	1 1 1 1 0 0 1 1 1 0 0 0 0 0 1 1 0 0 0 0
250	1	1 1 1 1 0 1 0 1 0 0 1 0 0 0 1 1 0 0 0 0
250	1	1 1 1 1 1 1 0 0 1 0 0 0 0 0 0 0 0 1 0 0
250	3	1 1 1 1 1 0 0 1 0 0 0 0 0 0 1 0 0 0 0 0
250	1	1 1 1 1 0 0 0 1 0 0 0 0 0 0 1 1 0 0 0 1
250	2	1 1 0 1 0 0 0 1 0 0 1 0 1 0 0 1 0 0 0 0
250	1	1 0 1 1 0 0 0 1 0 0 1 0 1 0 0 1 0 0 0 0
250	1	1 0 1 0 1 0 0 1 1 1 1 1 1 0 0 0 0 0 0 1
250	2	1 1 1 1 0 1 0 0 1 1 0 1 1 0 1 1 0 0 1 0
250	1	1 1 1 1 0 0 0 1 0 0 1 1 1 0 0 0 0 1 0 0
250	3	1 1 1 1 1 1 0 1 1 1 0 1 1 0 1 1 0 0 0 0
250	1	1 1 1 0 0 1 0 1 1 0 0 1 0 1 1 1 0 0 0 0
250	2	1 1 1 1 1 1 0 1 0 0 0 0 1 1 1 1 0 0 0 0
250	1	1 1 1 1 1 0 0 1 0 0 0 0 0 0 0 1 0 0 0 0
250	4	1 1 1 0 0 1 1 0 0 0 0 0 0 0 1 0 0 0 0 0
300	23	1 1 1 1 0 0 0 0 0 0 0 0 0 0 1 0 0 0 0 0
300	76	1 1 1 1 0 0 0 1 0 0 0 0 0 0 1 0 0 0 0 0
300	7	1 1 1 1 0 1 0 1 0 0 0 0 0 0 1 0 0 0 0 0
300	2	1 1 1 1 0 0 0 1 0 0 0 0 0 0 1 1 0 0 0 0
300	20	1 1 1 1 0 0 0 1 0 0 1 0 1 0 0 1 0 0 0 0
300	14	1 1 0 1 1 1 0 1 0 0 0 0 1 0 1 0 0 0 0 0
300	14	1 0 1 1 0 0 1 1 1 0 0 1 0 0 1 0 0 0 0 0
300	22	1 1 1 1 0 0 0 1 0 1 0 0 0 0 1 0 0 0 0 0
300	1	1 1 1 1 0 0 0 1 0 0 1 0 0 0 0 1 0 0 0 0
300	14	1 1 1 1 0 1 0 1 0 0 0 1 0 0 1 0 0 0 0 0
300	39	1 1 1 1 0 0 0 1 0 0 1 0 0 0 1 0 0 0 0 0
300	35	1 1 1 1 1 1 0 1 0 0 0 0 1 0 1 0 0 0 0 0
300	12	1 1 1 1 0 1 0 1 0 1 0 0 0 0 1 0 0 0 0 0
300	5	1 1 1 1 0 1 0 0 1 1 0 0 0 0 1 1 0 0 0 1
300	21	1 1 1 1 1 1 0 1 1 1 0 1 1 0 1 0 0 0 0 0
300	2	1 1 1 1 0 0 0 0 1 1 0 0 1 0 1 0 0 0 0 0
300	62	1 1 1 1 0 1 0 1 0 1 1 0 0 0 1 0 0 0 0 0
300	14	1 0 1 1 0 0 1 1 1 0 0 1 1 0 1 0 0 0 0 0
300	4	1 0 1 1 0 0 1 1 1 0 0 1 0 0 1 1 0 0 0 1
300	29	1 1 1 1 0 0 0 1 0 0 0 1 0 0 0 1 0 0 0 0
300	4	1 1 1 1 0 1 0 1 0 0 0 0 1 0 1 0 1 0 0 0
300	26	1 1 1 1 1 0 0 1 0 0 1 0 0 0 0 1 0 0 0 0
300	6	1 0 1 1 0 1 0 1 0 0 0 0 0 0 1 1 0 0 0 0
300	16	1 1 1 1 1 1 1 1 0 0 0 0 0 0 1 0 0 0 0 0
300	20	1 1 1 1 1 1 0 1 1 1 0 1 0 0 1 0 0 0 0 0
300	3	1 1 1 1 0 1 0 1 0 0 0 1 0 0 0 1 0 0 0 0
300	6	1 1 1 1 1 1 1 1 0 0 0 0 1 0 1 1 0 0 0 0
300	49	1 1 1 1 0 0 0 0 1 1 0 1 0 0 1 0 0 0 0 0
300	20	1 0 1 1 0 0 0 1 0 0 0 0 0 0 1 0 0 0 0 0
300	1	1 0 1 0 1 0 0 1 1 1 1 1 1 0 0 0 0 0 0 1
300	20	1 1 1 1 0 1 0 1 1 1 0 1 1 0 1 0 0 0 0 0
300	5	1 1 1 1 0 1 0 1 0 1 0 0 0 0 1 1 0 0 0 0
300	1	1 1 1 1 0 0 0 1 0 1 0 1 0 0 0 1 0 0 0 0
300	18	1 1 1 1 0 1 0 1 0 0 1 0 0 0 1 1 0 1 0 0
300	1	1 1 1 1 0 1 0 1 0 0 0 1 0 0 1 0 0 0 0 1
300	3	1 1 1 1 1 1 0 1 1 1 0 1 1 0 1 0 0 1 0 0
300	4	1 1 1 1 0 0 0 1 0 0 0 1 0 0 0 0 0 0 0 0
300	17	1 0 1 1 0 1 0 1 0 0 0 0 0 0 1 0 0 0 0 0
300	3	1 1 1 1 0 0 0 0 1 1 0 0 1 0 1 1 0 0 0 0
300	10	1 1 1 1 0 0 0 1 0 0 0 1 1 0 0 1 0 0 0 0
300	5	1 1 1 0 0 1 0 0 1 0 0 1 0 0 1 0 0 0 0 0
300	9	1 1 1 1 0 1 0 0 1 0 0 0 0 0 1 0 0 1 0 0
300	11	1 1 1 1 0 1 0 1 0 0 0 0 0 0 1 0 0 0 0 1
300	2	1 1 1 1 1 0 0 1 0 0 1 1 0 0 0 1 0 0 0 0
300	4	1 1 1 1 0 1 0 1 0 1 0 0 1 0 1 1 0 0 0 0
300	12	1 1 1 1 0 1 0 1 0 1 0 1 0 0 1 0 0 0 0 0
300	3	1 1 1 1 0 1 0 1 1 1 0 0 0 0 1 0 0 0 0 0
300	5	0 1 1 1 1 0 0 1 0 1 1 0 0 0 0 1 0 0 0 0
300	14	1 1 1 1 0 0 1 0 0 0 0 1 0 0 0 1 0 0 0 0
300	6	1 1 1 1 1 1 1 1 0 0 0 0 0 0 1 0 0 0 0 1
300	6	1 1 1 1 0 1 0 1 1 1 0 0 1 0 1 0 0 0 0 0
300	7	1 1 0 1 1 1 1 1 0 0 0 0 1 0 1 0 0 0 0 0
300	7	1 1 0 1 0 1 0 1 0 0 1 0 1 0 0 1 0 0 0 0
300	6	1 1 1 1 1 1 0 1 0 1 1 0 0 0 1 0 0 0 0 0
300	6	1 1 1 1 0 1 0 1 0 0 0 0 0 0 1 1 0 0 0 0
300	6	1 1 0 1 1 1 0 1 0 0 0 0 1 0 1 0 0 0 0 1
300	7	1 1 1 1 0 0 0 1 0 0 0 0 0 0 1 0 1 0 0 0
300	2	1 1 1 1 0 0 0 1 0 0 1 0 1 0 0 1 0 1 0 0
300	5	1 0 1 1 0 0 1 1 1 0 0 1 0 0 1 0 0 0 0 1
300	11	1 1 1 1 1 0 0 1 1 1 0 1 0 0 1 0 0 0 0 0
300	2	1 1 1 1 0 0 0 1 0 0 1 1 0 0 1 1 0 1 0 0
300	6	1 1 1 1 0 0 0 1 0 0 1 0 1 1 0 1 0 0 0 0
300	3	1 0 1 1 0 0 0 1 0 1 0 0 0 0 1 0 0 0 0 0
300	5	1 1 1 1 1 1 0 1 0 1 0 0 0 0 1 0 0 0 0 0
300	3	1 0 1 1 0 0 1 0 1 0 0 1 1 0 1 0 0 0 0 0
300	3	1 1 1 1 0 0 0 1 0 0 0 1 0 0 0 1 0 1 0 0
300	3	1 0 1 1 0 1 0 1 0 0 0 0 0 0 1 1 1 0 0 0
300	2	1 0 1 1 0 1 0 1 1 1 0 1 1 0 1 0 0 0 0 0
300	3	1 1 1 1 0 0 0 0 1 1 1 0 0 0 1 0 0 1 0 0
300	3	1 1 1 1 0 0 0 1 0 0 0 0 0 0 1 0 0 0 0 1
300	3	1 1 0 1 1 1 0 1 0 0 0 0 1 0 1 0 0 1 0 0
300	8	1 1 1 1 1 1 0 1 1 1 0 1 0 0 1 0 1 0 0 0
300	11	1 1 1 1 0 0 0 1 0 1 0 1 1 0 0 1 0 0 0 0
300	2	1 1 1 1 1 1 0 1 1 1 0 0 0 0 1 1 0 0 0 0
300	9	0 1 1 1 0 1 0 1 0 0 1 1 0 0 1 1 0 0 0 0
300	1	1 1 1 1 0 1 0 1 0 1 0 0 0 0 0 1 0 0 0 0
300	2	1 1 1 1 0 1 0 1 0 0 0 0 0 0 1 1 1 0 0 0
300	5	1 1 1 1 0 1 0 1 0 1 1 0 0 0 1 1 0 0 0 0
300	4	1 1 1 1 0 0 0 0 1 1 0 1 0 0 1 0 0 0 0 1
300	1	1 1 1 1 0 1 0 0 1 1 0 1 0 0 1 0 0 0 0 0
300	3	1 0 1 1 0 1 0 1 0 0 0 0 0 1 1 0 0 0 0 0
300	1	1 1 1 1 1 0 0 1 0 0 1 0 0 0 0 1 0 0 0 1
300	7	1 1 1 1 0 0 0 1 0 1 1 0 0 0 1 0 0 0 0 0
300	4	1 0 1 1 0 1 0 1 1 1 0 0 0 0 1 0 0 0 0 0
300	11	1 1 0 1 0 0 1 0 0 0 0 1 0 0 0 0 0 0 0 0
300	2	1 0 1 1 1 1 0 1 1 0 0 0 0 0 1 0 0 0 0 0
300	4	1 1 1 1 0 0 0 1 1 1 0 1 1 0 1 0 0 0 0 0
300	2	1 1 1 1 1 0 0 1 0 0 1 0 0 0 1 0 0 0 0 1
300	5	1 1 1 1 0 0 0 1 0 0 1 0 1 0 0 1 0 0 1 0
300	11	1 1 1 1 0 1 0 1 0 0 0 1 1 0 1 0 0 0 0 0
300	11	1 0 1 1 0 0 1 1 1 0 0 1 1 0 1 0 0 0 1 0
300	2	1 1 1 1 1 0 0 1 0 0 1 0 0 0 0 1 0 1 0 0
300	4	1 1 1 0 0 0 0 0 1 1 0 1 0 0 1 0 0 0 0 0
300	6	1 1 0 1 0 1 0 1 0 0 1 0 0 0 1 1 0 1 0 0
300	3	1 1 1 1 1 0 0 1 0 0 0 1 0 0 0 0 0 0 0 0
300	3	1 1 1 1 1 1 0 1 1 1 0 1 0 1 1 0 1 0 0 0
300	2	1 1 1 1 1 0 0 1 0 0 1 0 0 0 1 0 0 0 0 0
300	6	1 1 1 1 0 1 0 1 1 1 0 1 0 0 1 0 0 0 0 0
300	1	1 1 0 1 0 0 0 1 0 0 0 0 0 0 1 0 0 0 0 0
300	1	1 1 1 1 0 1 0 1 0 0 0 0 1 0 1 0 0 0 0 0
300	2	1 1 1 1 0 1 0 0 1 0 0 0 0 0 1 1 0 0 0 1
300	2	1 1 1 1 0 1 0 1 0 0 0 0 0 0 1 1 0 0 0 1
300	1	1 1 1 1 0 1 0 1 0 1 0 0 1 0 1 1 0 0 0 1
300	1	1 1 1 1 0 0 0 1 0 0 0 1 0 0 1 0 0 0 0 0
300	3	1 1 1 1 1 1 0 1 0 0 0 0 0 0 0 1 0 0 0 0
300	5	1 1 1 1 0 0 0 0 1 0 1 0 0 0 0 1 0 0 0 0
300	1	1 1 1 0 0 1 0 0 1 0 0 0 1 0 1 0 0 0 0 0
300	1	1 1 1 1 0 1 0 0 1 0 0 0 0 0 1 0 0 0 0 0
300	1	1 1 1 1 0 1 0 1 0 0 0 0 1 0 1 0 0 0 0 1
300	2	1 1 1 1 0 0 0 1 0 1 0 0 0 0 1 0 0 0 1 0
300	1	1 0 1 1 0 0 0 1 0 0 1 0 0 0 0 1 0 0 0 0
300	2	1 1 1 1 0 1 0 1 0 1 0 0 1 0 1 0 0 0 0 0
300	2	1 1 1 0 0 0 0 1 0 1 0 0 1 0 0 1 0 0 0 0
300	4	0 1 1 1 1 0 0 1 0 1 1 0 0 0 0 1 0 1 0 0
300	2	1 0 0 1 0 0 0 1 0 1 0 0 0 0 1 0 0 0 0 0
300	2	1 1 1 0 0 0 0 1 0 1 1 0 0 0 1 1 0 0 0 0
300	2	1 1 1 1 0 0 0 1 0 0 1 0 0 0 0 1 0 0 0 1
300	1	1 1 1 1 1 1 1 1 0 0 0 0 0 0 1 0 0 0 1 0
300	1	1 1 1 1 1 0 0 1 0 0 0 0 0 0 1 0 0 0 0 0
300	1	1 0 0 1 0 0 0 1 0 1 0 1 0 0 1 0 0 0 0 0
300	2	1 1 1 1 0 1 0 1 0 0 0 0 0 0 1 0 0 1 0 0
300	2	1 1 0 1 0 0 0 1 0 0 0 0 0 0 1 1 0 0 0 0
300	1	1 1 1 1 0 0 0 1 0 1 0 0 0 1 1 0 0 0 0 0
300	2	1 0 1 1 0 1 0 1 0 1 1 0 0 0 1 0 0 0 0 0
300	1	1 0 1 1 0 1 0 1 0 0 0 0 0 0 1 0 1 0 0 0
300	2	0 1 1 1 0 0 0 1 0 0 0 0 0 0 1 0 1 0 0 0
300	1	1 0 1 1 1 1 0 1 1 1 0 1 0 0 1 0 0 0 0 0
300	1	1 1 1 1 0 1 0 0 1 0 0 0 1 0 1 1 0 0 0 1
350	140	1 1 1 1 0 0 0 1 0 0 0 0 0 0 1 0 0 0 0 0
350	52	1 1 1 1 0 0 0 1 0 0 1 0 1 0 0 1 0 0 0 0
350	11	1 1 1 1 0 0 0 1 0 1 0 0 0 0 1 0 0 0 0 0
350	22	1 1 1 1 0 0 0 1 0 0 1 0 0 0 1 0 0 0 0 0
350	60	1 1 1 1 1 1 0 1 0 0 0 0 1 0 1 0 0 0 0 0
350	3	1 1 1 1 1 1 0 1 1 1 0 1 1 0 1 0 0 0 0 0
350	33	1 1 1 1 0 1 0 1 0 1 1 0 0 0 1 0 0 0 0 0
350	6	1 0 1 1 0 0 1 1 1 0 0 1 1 0 1 0 0 0 0 0
350	8	1 1 1 1 1 0 0 1 0 0 1 0 0 0 0 1 0 0 0 0
350	5	1 1 1 1 1 1 1 1 0 0 0 0 0 0 1 0 0 0 0 0
350	2	1 1 1 1 0 1 0 1 0 1 0 1 0 0 1 0 0 0 0 0
350	5	1 1 1 1 0 1 0 1 0 0 0 0 0 0 1 1 0 0 0 0
350	18	1 1 1 1 0 1 0 1 0 1 1 0 0 0 1 1 0 0 0 0
350	6	1 0 1 1 0 1 0 1 0 0 0 0 0 1 1 0 0 0 0 0
350	8	1 1 0 1 0 0 1 0 0 0 0 1 0 0 0 0 0 0 0 0
350	42	1 1 1 1 0 0 0 1 0 0 1 0 0 0 0 0 0 0 0 0
350	2	1 1 1 1 1 1 0 1 0 0 0 0 1 0 1 1 0 1 0 0
350	23	1 1 1 1 1 1 0 1 0 0 0 0 1 0 1 1 0 0 0 0
350	5	1 1 1 1 1 1 0 1 0 0 0 1 1 0 1 1 0 1 0 0
350	23	1 1 1 1 1 1 0 1 0 0 1 0 0 0 0 1 0 0 0 0
350	21	1 1 1 1 1 1 1 1 0 0 0 0 1 0 1 0 0 0 0 0
350	16	1 1 1 1 0 0 0 1 0 0 1 0 0 1 1 0 0 0 0 0
350	9	0 1 1 1 1 0 0 1 0 0 0 0 0 1 1 0 0 0 0 0
350	2	1 1 0 1 0 1 0 1 0 1 0 1 0 0 1 0 0 0 0 0
350	7	0 1 1 1 0 1 0 1 0 0 1 1 0 1 1 1 0 0 0 0
350	6	1 1 1 1 1 0 0 1 0 0 1 0 0 0 1 0 0 0 0 0
350	1	1 1 1 1 0 0 1 1 1 0 0 1 1 0 1 0 0 0 0 1
350	16	1 1 1 1 0 1 0 0 0 1 1 0 0 0 1 1 0 0 0 0
350	7	1 0 1 1 0 1 0 0 0 1 0 1 0 0 1 0 1 0 0 0
350	9	1 1 0 1 0 0 1 0 0 0 0 1 0 1 1 0 0 0 0 0
350	7	1 1 1 1 0 0 0 1 0 1 1 0 1 0 0 1 0 0 0 0
350	19	1 1 1 1 1 1 0 1 0 1 1 0 0 0 1 0 0 0 0 0
350	9	1 1 1 1 0 1 1 1 0 1 1 0 0 0 1 1 0 0 0 0
350	33	1 1 1 1 0 1 0 1 0 0 0 0 0 0 1 0 0 0 0 0
350	8	1 1 1 1 0 0 1 1 1 0 0 1 1 0 1 1 0 0 0 0
350	5	1 1 1 1 0 1 0 0 0 1 0 1 0 0 1 0 1 0 0 0
350	2	1 1 1 1 0 1 0 1 0 1 0 1 0 0 1 0 1 0 0 0
350	36	1 1 1 1 1 0 0 1 0 0 0 0 0 0 1 0 0 0 0 0
350	44	1 1 1 1 0 0 0 1 0 0 0 0 0 1 1 0 0 0 0 0
350	2	1 1 1 1 0 1 0 1 0 0 1 0 0 0 0 0 0 0 0 0
350	2	1 1 1 1 0 1 0 1 0 0 0 0 0 0 0 1 0 0 0 0
350	4	1 0 1 1 1 0 1 1 1 0 0 1 0 0 1 1 0 0 0 0
350	6	1 1 1 1 0 1 0 1 0 0 1 0 1 0 1 0 0 0 0 0
350	9	1 1 1 1 0 0 1 1 0 0 0 0 0 0 1 0 0 0 0 0
350	5	1 1 1 1 0 0 0 1 0 1 0 0 1 0 1 0 0 0 0 0
350	2	1 1 1 1 0 1 0 1 0 0 0 0 0 0 1 1 1 0 0 0
350	5	1 1 1 1 1 1 0 1 0 0 0 0 1 0 1 0 0 0 1 0
350	1	0 1 1 1 0 0 0 1 0 0 1 0 0 0 0 0 0 0 0 0
350	3	1 1 1 1 1 1 0 1 0 0 0 0 0 0 1 0 0 0 0 0
350	5	1 1 1 1 0 0 0 0 1 1 0 0 0 0 1 0 0 0 0 0
350	1	1 1 1 1 0 0 1 1 1 0 0 1 1 0 1 0 0 1 0 0
350	10	1 1 1 1 0 0 0 1 0 1 1 0 0 1 1 0 0 0 0 0
350	6	1 1 1 1 0 0 0 1 0 0 0 0 0 0 1 0 0 0 1 0
350	6	1 1 1 1 1 0 0 1 0 0 0 1 0 0 0 1 0 0 0 0
350	4	1 1 1 1 0 0 0 1 0 1 0 1 0 0 0 1 0 0 0 0
350	2	1 1 1 1 0 0 0 1 0 1 0 0 1 0 0 1 0 0 0 0
350	3	1 1 1 1 1 1 0 0 0 0 0 0 1 0 1 0 0 0 0 1
350	9	1 1 0 1 0 0 0 1 0 0 0 0 0 0 1 0 0 0 0 0
350	10	1 1 1 1 0 0 1 1 0 0 0 0 1 0 1 0 0 0 0 0
350	4	1 1 1 1 0 0 0 0 0 0 1 0 1 0 0 1 0 0 0 0
350	2	0 1 1 1 0 0 0 1 0 0 1 0 0 0 1 0 0 0 0 0
350	2	1 1 1 1 1 1 0 1 0 0 0 0 0 0 1 1 0 1 0 0
350	2	1 1 0 1 0 0 0 1 0 1 1 0 0 0 1 0 0 0 0 0
350	3	1 1 1 1 0 1 0 1 0 1 1 0 0 1 1 0 0 0 0 0
350	4	1 1 1 1 1 1 1 1 0 0 0 0 1 0 1 0 0 0 1 0
350	4	1 1 0 1 0 1 0 0 0 1 0 1 0 0 1 0 0 0 0 0
350	4	1 0 1 1 0 1 0 0 1 1 0 1 0 0 1 0 1 0 0 0
350	6	1 1 0 1 0 1 0 1 0 0 1 0 0 1 0 1 0 0 0 0
350	6	1 1 1 1 0 0 0 1 0 1 0 1 0 0 1 0 0 0 0 0
350	11	1 1 1 1 0 1 0 1 0 0 1 0 0 0 0 1 0 0 0 0
350	8	1 1 1 1 1 1 0 1 0 1 1 0 0 0 0 1 0 0 0 0
350	4	1 0 1 1 0 0 1 1 0 0 0 1 0 1 1 1 0 0 0 0
350	1	1 1 1 1 0 0 0 1 1 1 0 0 0 1 1 0 0 0 0 0
350	9	1 1 1 1 0 1 0 1 0 0 1 0 1 0 0 1 0 0 0 0
350	14	0 1 1 1 0 1 1 1 0 0 1 1 0 1 1 1 0 0 0 0
350	1	0 1 1 1 0 1 0 1 1 1 0 0 0 0 1 0 0 0 0 0
350	4	1 1 1 1 0 0 0 1 0 0 0 0 1 0 1 0 0 0 0 0
350	3	1 1 1 1 0 0 0 1 0 0 0 0 0 0 1 0 0 1 0 0
350	2	1 1 1 1 0 0 0 1 0 0 1 0 1 1 0 1 0 0 0 0
350	2	1 1 1 1 0 1 0 1 0 1 1 0 0 1 1 1 0 0 0 0
350	2	1 1 1 1 0 1 0 1 0 0 0 0 0 0 1 0 0 0 0 1
350	11	1 1 1 1 0 0 0 0 0 0 0 0 0 0 1 0 0 0 0 0
350	1	1 1 1 0 0 1 0 1 0 1 1 0 0 0 1 1 0 0 0 0
350	2	1 1 1 1 0 0 0 1 0 1 0 1 1 0 1 0 0 0 0 0
350	5	1 1 1 1 1 1 1 1 0 1 1 0 0 0 1 0 0 0 0 0
350	2	1 1 1 1 0 0 0 1 0 0 1 0 1 0 0 1 1 0 0 0
350	1	1 0 1 1 0 1 0 1 0 0 0 0 0 0 1 0 0 0 0 0
350	2	1 1 1 1 0 1 0 1 0 1 0 1 0 0 1 0 1 0 0 1
350	1	1 1 1 1 0 0 0 1 0 1 0 0 0 0 1 0 0 0 1 0
350	1	1 1 1 1 1 0 0 1 0 0 0 0 0 0 0 1 0 0 0 0
350	4	0 1 1 1 1 1 0 0 0 0 0 0 1 0 1 0 0 0 0 1
350	3	1 1 1 1 0 0 0 1 0 0 1 0 1 0 1 0 0 0 0 0
350	1	1 1 1 1 0 0 0 0 0 0 0 0 0 0 1 0 0 1 0 0
350	4	1 1 1 1 0 1 0 1 0 0 0 0 1 0 1 1 0 0 0 0
350	2	1 1 1 1 0 0 0 1 0 0 1 1 0 1 1 1 0 0 0 0
350	3	1 1 1 1 1 1 1 1 0 0 1 0 0 0 1 1 0 0 0 0
350	1	0 1 1 1 0 0 0 1 0 0 1 0 1 0 0 1 0 0 0 0
350	3	1 1 1 1 0 1 0 1 0 1 1 0 0 0 0 0 0 0 0 0
350	3	1 1 1 0 1 1 0 1 0 0 1 0 0 0 0 1 0 0 0 0
350	5	1 1 1 1 0 1 0 0 0 1 1 0 0 0 1 1 0 0 1 0
350	1	1 1 1 1 1 0 0 1 0 1 0 0 0 0 1 0 0 0 0 0
350	2	1 1 1 0 0 0 0 1 0 1 0 0 1 0 1 0 0 0 0 0
350	4	1 1 1 1 1 1 0 1 0 0 0 0 0 1 1 0 0 0 0 0
350	1	0 1 1 1 0 1 0 1 0 1 1 0 0 0 1 0 0 0 0 0
350	2	1 0 1 1 0 1 0 0 0 1 0 1 0 0 1 0 0 0 0 0
350	1	1 1 1 1 0 1 0 1 0 1 0 0 0 0 1 0 0 0 0 0
350	1	1 1 1 0 0 1 0 1 0 1 1 0 0 0 1 0 0 0 0 0
350	1	1 1 1 1 1 1 1 0 0 0 0 0 0 0 1 0 0 0 0 0
350	2	1 1 1 1 0 0 0 0 0 0 1 0 0 0 0 0 0 0 0 0
350	1	0 1 1 0 0 1 0 1 0 0 1 1 0 1 1 1 0 0 0 0
350	1	1 1 1 1 0 1 1 1 0 1 1 0 0 0 1 1 0 0 1 0
350	2	1 1 1 1 0 0 0 0 0 1 1 0 0 1 1 0 0 0 0 0
350	2	1 1 1 1 0 1 0 1 1 1 0 0 0 0 1 1 0 0 1 0
400	104	1 1 1 1 0 0 0 1 0 0 0 0 0 0 1 0 0 0 0 0
400	13	1 1 1 1 0 0 0 1 0 0 1 0 1 0 0 1 0 0 0 0
400	1	1 1 1 1 0 1 0 1 0 1 1 0 0 0 1 0 0 0 0 0
400	10	1 1 1 1 1 0 0 1 0 0 1 0 0 0 0 1 0 0 0 0
400	35	1 1 1 1 0 1 0 1 0 0 0 0 0 0 1 1 0 0 0 0
400	21	1 1 1 1 0 1 0 1 0 1 1 0 0 0 1 1 0 0 0 0
400	31	1 1 1 1 0 0 0 1 0 0 1 0 0 0 0 0 0 0 0 0
400	9	1 1 1 1 1 1 0 1 0 0 0 0 1 0 1 1 0 0 0 0
400	30	1 1 1 1 1 1 0 1 0 0 1 0 0 0 0 1 0 0 0 0
400	43	1 1 1 1 0 1 0 1 0 0 0 0 0 0 1 0 0 0 0 0
400	17	1 1 1 1 0 0 0 1 0 0 0 0 0 1 1 0 0 0 0 0
400	4	1 1 1 1 0 0 0 1 0 1 1 0 0 1 1 0 0 0 0 0
400	30	1 1 1 1 1 1 1 0 0 0 0 0 0 0 1 0 0 0 0 0
400	5	1 1 1 1 0 1 0 1 0 0 0 0 1 0 1 0 0 0 0 0
400	1	1 1 1 1 0 0 0 1 0 0 0 0 0 0 1 0 1 0 0 0
400	84	1 1 1 1 0 0 0 1 0 1 0 1 0 0 1 1 0 0 0 0
400	21	1 1 1 1 0 0 0 1 0 0 1 0 0 0 0 1 0 0 0 0
400	16	1 1 1 1 0 0 0 1 0 0 0 1 0 0 1 0 0 0 0 0
400	48	1 1 1 1 0 1 0 1 0 0 0 0 0 1 1 0 0 0 0 0
400	1	1 1 1 1 0 0 0 1 1 0 0 0 0 0 1 0 0 0 0 0
400	6	1 1 1 1 0 0 0 1 1 1 0 0 0 0 1 0 0 0 0 0
400	12	1 1 1 1 0 1 0 1 0 1 1 0 1 0 1 1 0 0 0 0
400	6	1 1 1 1 0 0 0 1 1 0 0 0 0 1 1 0 0 0 0 0
400	5	1 1 1 0 1 1 0 1 0 0 0 0 1 0 1 0 0 0 0 0
400	1	1 1 1 1 0 0 0 1 1 1 0 0 0 0 1 0 0 1 0 0
400	7	1 1 1 1 1 1 0 1 0 0 0 0 0 0 1 0 0 0 0 0
400	8	1 1 1 1 0 1 0 0 0 1 1 0 1 0 1 1 0 0 0 0
400	6	1 1 1 1 1 1 0 1 0 0 0 0 0 1 1 0 0 0 0 0
400	16	1 1 1 1 1 0 0 1 0 1 0 1 0 0 1 0 1 0 0 0
400	8	1 0 1 1 1 0 1 1 0 0 0 1 0 1 1 1 0 1 0 0
400	7	1 1 1 1 1 0 0 1 0 0 0 0 0 0 1 0 0 0 0 0
400	9	1 1 1 1 1 1 0 1 0 0 1 0 1 0 1 1 0 0 0 0
400	1	1 1 1 1 1 1 0 1 0 0 0 0 0 0 1 1 0 0 0 0
400	1	1 1 1 1 0 0 0 1 0 1 0 0 0 0 1 0 0 0 0 0
400	18	1 1 1 1 0 0 0 1 1 0 0 0 0 0 1 1 0 0 0 0
400	6	1 1 1 1 0 0 0 1 0 0 1 0 1 1 0 1 0 0 0 0
400	2	1 1 1 0 0 0 0 1 0 0 0 0 1 0 1 0 1 0 0 0
400	37	1 1 1 1 1 1 0 1 0 1 1 0 0 0 1 0 0 0 0 0
400	1	1 1 1 1 0 0 0 1 0 1 1 0 0 1 0 0 0 0 0 0
400	17	1 1 1 1 0 0 0 1 0 1 1 0 0 1 1 1 0 0 0 0
400	4	1 1 1 1 1 1 0 0 0 0 0 0 0 0 1 0 0 0 0 0
400	2	1 1 1 1 1 1 1 1 0 1 1 0 0 1 1 0 0 0 0 0
400	8	1 1 1 1 0 0 0 1 0 0 1 1 1 0 0 1 0 0 0 0
400	15	1 0 1 1 0 0 0 1 0 0 1 0 0 0 0 1 0 0 0 0
400	9	0 1 1 1 0 1 0 0 0 1 1 0 1 0 1 1 0 0 0 0
400	6	1 1 1 1 1 1 0 1 0 0 0 0 0 0 1 1 0 0 1 0
400	7	1 1 1 1 0 1 0 1 0 0 1 0 0 0 1 0 0 0 0 0
400	7	1 1 1 1 0 0 0 1 1 1 0 0 0 0 0 1 0 0 0 0
400	9	1 1 1 1 0 0 0 1 0 0 1 1 0 1 1 1 0 1 0 0
400	2	1 1 1 1 1 1 1 0 0 0 0 0 0 1 1 0 0 0 0 0
400	7	1 1 1 1 0 0 0 1 1 1 0 1 1 0 1 1 0 0 0 0
400	6	1 1 1 1 0 0 0 1 0 1 0 1 0 0 1 0 0 0 0 0
400	8	1 1 1 1 0 1 0 1 0 0 0 0 0 1 1 1 0 0 0 0
400	4	1 1 1 1 1 1 0 0 1 0 0 0 0 0 1 0 0 0 0 0
400	17	1 1 1 1 1 1 1 0 0 0 0 0 0 0 1 0 0 0 1 0
400	1	1 1 1 1 0 0 0 1 1 1 0 0 0 0 1 0 1 0 0 0
400	3	1 1 1 1 0 0 0 1 0 0 1 1 0 0 0 1 0 0 0 0
400	4	1 1 1 1 0 0 0 1 0 0 1 0 0 0 0 1 0 0 1 0
400	8	1 1 1 1 1 0 0 1 0 1 0 0 0 0 1 0 0 0 0 0
400	15	0 1 1 1 0 0 0 1 0 0 1 0 0 0 0 0 0 0 0 0
400	1	1 1 1 1 0 0 0 0 0 0 1 0 1 0 0 1 0 0 0 0
400	8	1 1 1 1 0 1 0 0 0 1 1 1 1 0 1 1 0 0 0 0
400	9	1 1 1 0 0 0 0 1 1 1 0 0 0 0 1 0 1 0 0 0
400	4	1 1 1 1 1 1 0 1 0 0 1 0 0 1 0 1 0 0 0 0
400	4	1 1 1 1 1 0 0 1 0 0 1 0 1 0 1 1 0 0 0 0
400	4	1 1 1 0 0 0 0 1 0 0 0 0 1 0 1 0 1 0 1 0
400	3	1 1 1 1 1 1 0 1 0 0 1 0 0 0 0 1 0 0 1 0
400	1	0 1 1 1 0 1 0 0 0 1 0 1 1 0 1 0 0 0 0 0
400	6	1 1 1 1 1 1 0 1 1 0 0 0 1 0 1 1 0 0 0 0
400	1	1 1 1 1 0 0 0 1 0 0 1 1 0 0 0 1 0 0 0 1
400	2	1 1 1 1 1 1 1 0 0 0 0 0 1 0 1 1 0 0 0 0
400	5	1 1 1 1 1 1 1 0 0 0 1 0 0 1 1 1 0 0 0 0
400	5	1 1 1 1 1 1 0 1 0 1 0 0 0 0 1 1 0 0 0 0
400	5	1 1 1 1 0 0 0 0 0 1 1 0 1 0 0 1 0 0 0 0
400	13	1 1 1 0 0 0 0 1 1 1 0 0 0 0 1 0 0 0 0 0
400	8	1 1 1 1 0 0 0 1 0 0 0 0 0 0 0 0 0 0 0 0
400	1	1 0 1 1 1 1 0 1 0 0 1 0 0 0 0 1 0 0 0 0
400	1	1 1 1 1 1 1 1 0 0 0 0 0 1 0 1 0 0 0 0 0
400	1	1 1 1 1 0 0 0 1 1 0 0 0 0 1 0 0 0 0 0 0
400	1	1 1 1 0 1 0 0 1 0 1 0 1 0 0 1 0 1 0 0 0
400	1	1 0 1 1 0 0 0 1 0 0 1 0 0 0 0 0 0 0 0 0
400	1	1 1 1 1 1 1 0 1 0 0 0 1 0 0 1 1 0 0 1 0
400	1	1 1 1 1 1 0 0 1 0 0 1 1 1 0 1 1 0 0 0 0
400	1	1 1 1 1 0 1 0 1 0 0 0 0 0 0 1 0 1 0 1 0
400	1	1 1 1 1 0 1 0 0 0 0 0 0 0 0 1 0 0 0 0 0
400	3	1 1 1 0 0 1 0 1 0 0 0 0 0 1 1 0 0 0 0 0
400	4	1 1 1 1 0 1 0 1 0 0 0 0 0 1 1 0 0 0 1 0
400	3	1 1 1 0 0 1 0 1 0 0 0 0 1 0 1 0 1 0 0 0
400	4	1 1 1 1 1 0 0 1 0 0 0 1 1 0 1 1 0 0 0 0
400	2	1 1 1 1 1 1 0 1 0 0 1 0 0 0 1 0 1 0 0 0
400	8	1 1 1 1 0 0 0 1 0 1 0 1 0 0 0 1 0 0 0 0
400	5	1 1 1 1 0 0 0 1 0 0 0 0 0 0 1 1 0 0 0 0
400	2	1 1 1 1 1 1 0 1 1 1 0 0 0 0 1 0 1 0 0 0
400	4	1 1 1 0 0 0 0 1 0 0 0 0 0 0 1 1 0 0 0 0
400	4	1 1 1 1 0 0 0 1 0 0 0 0 0 0 1 0 0 0 1 0
400	7	1 1 1 1 0 1 0 1 0 0 1 0 0 0 0 1 0 0 0 0
400	3	1 1 1 1 0 1 0 0 0 1 0 0 1 0 1 1 0 0 0 0
400	1	1 1 1 1 0 0 1 1 0 0 1 0 1 1 0 1 0 0 0 0
400	3	1 1 1 1 1 0 0 1 0 1 1 0 0 0 1 0 0 0 0 0
400	1	1 1 1 1 1 1 1 0 0 0 1 0 1 1 1 1 0 0 0 0
400	3	1 1 1 1 0 0 0 1 1 0 0 0 0 1 0 0 0 1 0 0
400	1	1 1 1 1 1 1 0 1 0 0 1 1 0 0 1 1 0 0 0 0
400	1	1 1 1 1 0 0 0 1 0 0 1 0 0 0 1 0 1 0 0 0
400	1	1 1 1 0 1 0 0 1 0 0 1 0 0 0 0 1 0 0 0 1
400	2	1 1 1 1 1 1 0 1 0 0 0 0 1 0 1 1 0 0 1 0
400	1	0 1 1 1 0 0 0 1 0 0 0 1 0 0 1 0 0 0 0 0
400	1	1 1 1 1 1 0 0 1 1 0 0 0 0 1 1 0 0 0 0 0
400	3	1 1 1 0 1 0 0 1 0 0 0 0 1 0 1 0 0 0 0 0
400	2	1 1 1 1 1 0 0 1 1 0 0 0 0 0 1 1 0 0 0 0
400	3	1 0 1 1 0 1 0 0 0 0 0 0 0 0 1 0 0 0 0 0
450	43	1 1 1 1 0 0 0 1 0 0 0 0 0 0 1 0 0 0 0 0
450	21	1 1 1 1 1 0 0 1 0 0 1 0 0 0 0 1 0 0 0 0
450	15	1 1 1 1 0 1 0 1 0 1 1 0 0 0 1 1 0 0 0 0
450	6	1 1 1 1 0 0 0 1 0 0 1 0 0 0 0 0 0 0 0 0
450	26	1 1 1 1 1 1 0 1 0 0 1 0 0 0 0 1 0 0 0 0
450	23	1 1 1 1 0 1 0 1 0 0 0 0 0 0 1 0 0 0 0 0
450	4	1 1 1 1 0 0 0 1 0 0 0 0 0 1 1 0 0 0 0 0
450	36	1 1 1 1 1 1 1 0 0 0 0 0 0 0 1 0 0 0 0 0
450	6	1 1 1 1 0 0 0 1 0 1 0 1 0 0 1 1 0 0 0 0
450	5	1 1 1 1 0 0 0 1 0 0 1 0 0 0 0 1 0 0 0 0
450	67	1 1 1 1 0 1 0 1 0 0 0 0 0 1 1 0 0 0 0 0
450	16	1 1 1 1 1 1 0 1 0 1 1 0 0 0 1 0 0 0 0 0
450	34	1 1 1 1 0 1 0 1 0 0 1 0 0 0 1 0 0 0 0 0
450	5	1 1 1 1 0 1 0 1 0 0 0 0 0 1 1 1 0 0 0 0
450	51	1 1 1 1 1 0 0 1 0 1 0 0 0 0 1 0 0 0 0 0
450	1	1 1 1 1 0 1 0 0 0 1 1 1 1 0 1 1 0 0 0 0
450	1	1 1 1 1 1 1 1 0 0 0 0 0 1 0 1 0 0 0 0 0
450	20	1 1 1 1 0 0 0 1 0 0 0 0 0 0 1 1 0 0 0 0
450	1	1 1 1 1 0 0 0 1 0 1 0 0 0 0 1 0 0 0 0 0
450	1	1 0 1 1 0 1 0 1 0 0 1 0 0 0 1 0 0 0 0 0
450	30	1 1 1 1 0 0 0 1 0 0 0 0 0 0 1 0 0 1 0 0
450	33	1 1 1 1 0 0 0 1 0 0 1 0 0 0 1 0 0 0 0 0
450	1	1 1 1 1 1 1 1 1 0 0 0 0 0 0 1 0 0 0 0 0
450	4	1 1 1 1 0 0 0 1 0 0 1 1 0 1 1 1 0 0 0 0
450	3	1 1 1 1 1 1 1 0 0 0 0 0 0 0 0 0 0 0 0 0
450	21	1 1 1 1 0 0 0 0 0 0 1 0 1 0 1 1 0 0 0 0
450	18	1 1 1 1 1 1 1 0 0 0 0 0 1 0 1 1 0 0 0 0
450	40	1 1 1 1 1 0 0 1 0 0 0 0 1 1 1 0 0 0 0 0
450	12	1 1 1 1 0 0 0 0 0 0 1 0 0 0 0 1 0 0 0 0
450	32	1 1 1 1 0 1 1 0 0 0 0 0 0 0 1 0 0 0 0 0
450	8	1 1 1 1 1 1 0 1 0 0 0 0 0 1 1 0 0 0 1 0
450	19	1 1 1 1 1 0 0 0 1 1 1 0 0 1 1 0 0 0 0 0
450	6	1 1 1 1 1 1 0 1 0 0 1 0 0 0 1 0 0 0 0 0
450	14	1 1 1 1 0 0 0 1 0 0 0 0 1 1 1 0 0 0 0 0
450	19	1 1 1 1 0 1 1 0 0 0 0 0 1 0 1 0 0 0 0 0
450	5	1 1 1 1 1 1 0 0 0 0 0 0 1 0 1 0 0 0 0 0
450	1	1 0 1 1 1 1 1 0 0 0 0 0 1 0 1 0 0 0 0 0
450	15	1 1 1 1 0 0 0 1 0 0 1 0 0 0 0 0 1 0 0 0
450	23	1 1 1 1 0 0 0 1 0 0 0 0 1 0 1 0 0 1 0 0
450	6	1 1 1 1 1 1 0 1 0 0 0 0 0 1 1 1 0 0 0 0
450	3	1 1 1 1 1 1 1 0 0 0 0 0 0 1 0 0 0 0 0 0
450	23	1 1 1 1 1 0 1 0 0 0 0 0 1 0 1 0 0 0 0 0
450	21	1 1 1 1 0 0 0 0 0 0 0 0 0 0 1 1 0 0 0 0
450	10	1 1 1 1 1 1 1 0 0 0 1 0 1 0 1 0 0 0 0 0
450	3	1 1 1 1 0 0 0 1 0 0 0 1 0 0 1 0 0 0 0 0
450	13	1 1 1 1 0 1 0 1 0 0 1 0 0 0 1 1 0 0 0 0
450	7	1 1 1 1 0 0 0 1 0 1 0 0 0 0 1 1 0 0 0 0
450	10	1 1 1 1 1 0 0 1 0 0 0 0 1 1 1 0 0 1 0 0
450	3	1 1 1 1 0 1 1 0 0 1 0 0 0 0 1 0 0 0 0 0
450	12	1 1 0 1 0 0 0 1 0 0 0 0 1 0 1 0 0 1 0 0
450	3	0 1 1 1 1 0 1 1 0 0 1 0 1 0 1 1 0 0 0 0
450	10	1 1 1 1 0 0 1 1 0 0 0 0 1 0 1 0 0 1 0 0
450	11	1 1 1 1 1 1 1 0 0 0 0 0 0 1 1 0 0 0 0 0
450	1	1 1 1 1 0 0 0 1 0 0 0 0 1 0 1 0 0 0 0 0
450	1	0 1 1 1 1 0 0 1 0 0 1 0 0 0 0 1 0 0 0 0
450	4	1 1 1 1 0 0 0 1 0 0 0 0 0 0 0 0 0 0 0 0
450	1	1 1 1 1 1 1 0 1 0 1 0 0 0 0 1 0 0 0 0 0
450	1	1 0 1 1 0 0 1 1 0 0 1 0 0 0 0 1 0 0 0 0
450	1	1 1 1 1 0 1 0 1 0 0 0 0 0 0 1 0 1 0 0 0
450	4	1 1 1 1 1 0 1 1 0 1 0 0 0 0 1 0 0 0 0 0
450	7	1 1 1 1 0 0 0 1 0 1 0 0 0 0 1 0 0 0 0 1
450	1	0 1 1 1 1 0 1 0 0 0 1 0 0 0 0 1 0 0 0 0
450	5	1 1 1 1 1 0 1 0 0 0 0 0 1 0 1 0 0 1 0 0
450	5	1 1 1 1 1 1 0 1 0 0 1 0 0 0 1 1 0 0 0 0
450	4	1 0 1 1 0 0 1 1 0 0 1 0 0 0 1 0 0 0 1 0
450	4	1 1 1 1 1 1 1 0 0 0 1 0 1 0 0 0 0 0 0 0
450	7	1 0 1 0 1 0 1 0 0 0 0 0 1 0 1 0 0 0 0 0
450	1	1 1 1 1 0 1 1 0 0 0 0 0 1 0 1 1 0 0 0 0
450	3	1 1 1 1 0 0 0 1 0 0 1 0 1 0 1 0 0 0 0 0
450	1	1 1 1 1 0 0 1 1 0 0 1 0 0 0 0 0 0 0 0 0
450	2	1 1 1 1 1 1 0 1 1 1 1 0 0 0 1 0 0 0 0 0
450	1	1 1 1 1 1 0 1 1 0 0 0 0 1 1 1 0 0 0 0 0
450	2	1 1 1 1 0 0 0 1 0 0 0 0 0 0 0 1 0 0 0 0
450	6	1 1 1 1 0 1 0 1 0 0 0 0 0 1 1 0 0 1 0 0
450	1	1 1 1 1 0 1 0 1 0 0 0 1 0 1 1 1 0 0 0 0
450	5	1 0 1 1 0 0 0 1 0 1 0 0 0 0 1 0 0 0 0 0
450	8	1 1 1 1 1 0 1 0 0 0 0 0 0 1 1 0 0 0 0 0
450	8	0 1 1 1 0 0 1 1 0 0 1 0 0 0 0 0 0 0 0 0
450	3	1 1 1 0 1 1 1 0 0 0 0 0 0 0 1 0 0 0 0 0
450	2	1 1 1 1 1 1 0 1 0 1 1 0 0 0 1 1 0 0 0 0
450	1	0 1 1 1 0 0 0 1 0 0 1 0 0 0 1 0 0 0 0 0
450	4	1 1 1 1 0 0 0 0 0 0 1 0 1 0 1 1 0 0 1 0
450	4	1 1 1 1 1 1 1 0 0 0 0 0 1 0 1 1 0 0 0 1
450	2	1 1 1 1 0 1 0 1 0 0 1 0 0 0 0 1 0 0 0 0
450	3	1 1 1 1 1 1 1 0 0 0 1 0 0 0 1 0 0 0 1 0
450	4	1 1 1 1 1 1 0 1 0 0 0 0 0 0 1 0 0 0 0 0
450	3	1 1 1 1 1 1 1 0 0 0 0 1 1 0 1 1 0 0 0 0
450	2	1 1 1 1 1 0 0 1 0 0 0 0 0 0 1 0 0 0 0 0
450	4	1 1 1 1 0 1 1 0 0 1 0 0 0 0 1 1 0 0 0 0
450	1	1 1 1 1 0 0 0 1 1 0 0 0 0 0 1 0 0 0 0 0
450	3	1 1 1 1 1 1 1 0 0 0 0 0 0 0 1 0 0 0 0 1
450	5	1 1 1 1 1 1 0 1 0 1 1 0 0 1 1 0 0 0 0 0
450	1	1 1 1 1 0 1 0 0 0 0 1 0 0 0 1 0 0 0 0 0
450	4	1 1 1 1 0 0 0 1 0 0 0 0 0 1 1 1 0 0 0 0
450	1	1 1 1 1 0 0 0 0 0 0 1 0 1 0 1 1 0 1 0 0
450	2	1 1 1 1 1 0 0 0 1 1 1 0 0 0 1 0 0 0 0 0
450	2	1 1 1 1 0 1 0 1 0 0 1 0 0 0 1 1 0 1 0 0
450	6	1 0 1 1 0 1 0 1 0 1 1 0 0 0 1 1 0 0 0 0
450	3	1 1 1 0 0 1 0 1 0 0 1 0 0 0 1 0 0 0 0 0
450	1	1 1 1 1 0 1 0 0 1 1 1 1 1 0 1 1 0 0 0 0
450	5	1 0 1 1 0 0 0 1 0 0 1 0 0 0 1 0 0 0 0 0
450	4	1 1 1 1 1 1 1 0 0 0 0 0 1 0 1 1 1 0 0 0
450	3	1 1 1 1 0 0 0 0 0 0 1 0 0 0 1 1 0 0 0 0
450	2	1 1 1 1 1 1 0 0 0 0 1 0 1 0 1 0 0 0 0 0
450	2	1 1 1 1 0 1 0 1 0 1 0 0 0 0 1 0 0 0 0 0
450	2	1 1 1 0 1 0 1 0 0 0 0 0 0 0 1 0 0 0 0 0
450	2	1 1 1 1 0 1 0 1 0 0 0 0 0 0 0 1 0 0 0 0
450	1	1 1 1 1 1 1 0 1 0 0 0 0 0 1 1 0 0 0 0 0
450	2	1 1 1 0 1 1 0 1 0 0 0 0 0 0 0 0 0 0 0 0
450	2	1 1 0 1 1 0 0 1 0 0 0 0 1 1 1 0 0 0 0 0
450	1	1 1 1 0 0 0 0 1 0 0 0 0 0 0 1 0 0 0 0 0
450	1	1 1 1 1 0 1 0 0 0 1 1 1 1 0 1 1 0 0 0 1
450	2	1 1 1 1 0 0 1 1 0 0 1 0 0 0 1 0 0 0 0 0
450	2	1 1 1 0 1 0 0 0 1 1 1 0 0 1 1 0 0 0 0 0
450	1	1 1 1 1 0 1 1 0 1 0 0 0 1 0 1 1 0 0 0 0
450	2	1 1 1 1 1 0 0 1 0 1 1 0 0 0 1 1 0 0 0 0
500	21	1 1 1 1 0 0 0 1 0 0 0 0 0 0 1 0 0 0 0 0
500	1	1 1 1 1 1 0 0 1 0 0 1 0 0 0 0 1 0 0 0 0
500	23	1 1 1 1 1 1 0 1 0 0 1 0 0 0 0 1 0 0 0 0
500	22	1 1 1 1 0 1 0 1 0 0 0 0 0 0 1 0 0 0 0 0
500	76	1 1 1 1 1 1 1 0 0 0 0 0 0 0 1 0 0 0 0 0
500	4	1 1 1 1 0 0 0 1 0 1 0 1 0 0 1 1 0 0 0 0
500	39	1 1 1 1 0 1 0 1 0 0 0 0 0 1 1 0 0 0 0 0
500	10	1 1 1 1 1 1 0 1 0 1 1 0 0 0 1 0 0 0 0 0
500	1	1 1 1 1 0 1 0 1 0 0 1 0 0 0 1 0 0 0 0 0
500	7	1 1 1 1 1 0 0 1 0 1 0 0 0 0 1 0 0 0 0 0
500	5	1 1 1 1 0 0 0 1 0 0 0 0 0 0 1 1 0 0 0 0
500	18	1 1 1 1 0 0 0 1 0 0 1 0 0 0 1 0 0 0 0 0
500	6	1 1 1 1 1 0 0 0 1 1 1 0 0 1 1 0 0 0 0 0
500	3	1 1 1 1 1 1 0 1 0 0 1 0 0 0 1 0 0 0 0 0
500	18	1 1 1 1 0 1 1 0 0 0 0 0 1 0 1 0 0 0 0 0
500	3	1 1 1 1 0 0 0 0 0 0 0 0 0 0 1 1 0 0 0 0
500	20	1 1 1 1 0 1 1 0 0 1 0 0 0 0 1 0 0 0 0 0
500	6	0 1 1 1 1 0 1 0 0 0 1 0 0 0 0 1 0 0 0 0
500	4	1 1 1 1 1 0 1 0 0 0 0 0 1 0 1 0 0 1 0 0
500	11	1 1 1 1 1 1 1 0 0 0 1 0 1 0 0 0 0 0 0 0
500	28	1 1 1 1 1 0 1 1 0 0 0 0 1 1 1 0 0 0 0 0
500	5	1 1 1 1 0 1 1 0 0 1 0 0 0 0 1 1 0 0 0 0
500	10	1 1 1 1 0 0 0 1 0 0 0 0 0 1 1 1 0 0 0 0
500	80	1 1 1 1 0 1 0 1 0 0 1 0 0 1 1 0 0 0 0 0
500	7	1 1 1 1 0 0 0 1 0 1 0 1 0 0 1 0 0 0 0 0
500	3	1 1 1 1 1 0 1 0 0 0 0 0 1 0 1 1 0 0 0 0
500	14	1 1 1 1 1 1 1 0 1 0 0 0 0 0 1 0 0 0 0 0
500	17	1 1 1 0 1 0 1 0 0 0 0 0 1 0 1 0 0 0 0 0
500	12	1 1 1 0 1 0 1 0 0 0 0 0 1 0 1 1 0 0 0 0
500	1	0 1 1 1 1 1 1 0 0 0 1 0 0 0 1 0 0 0 0 0
500	3	1 1 0 1 0 0 0 1 0 1 0 1 0 0 1 1 1 0 0 0
500	1	0 1 1 1 1 1 1 0 0 0 0 0 0 1 1 0 0 0 0 0
500	7	1 1 1 1 0 1 0 1 0 0 0 0 1 1 1 0 0 0 0 0
500	5	1 1 1 0 1 1 1 0 0 0 0 0 0 0 1 0 0 0 0 0
500	8	1 1 1 0 1 0 1 0 0 0 1 0 1 0 1 0 0 0 0 0
500	1	1 1 1 1 0 0 0 1 0 0 0 0 0 1 1 0 0 0 0 0
500	12	0 1 1 1 1 1 1 0 0 1 0 0 0 0 1 1 0 0 0 0
500	14	1 1 1 0 0 0 0 1 0 0 0 0 0 1 1 0 0 0 0 0
500	6	1 1 1 1 0 1 0 1 0 0 1 0 0 0 0 1 0 0 0 0
500	2	1 1 1 1 1 1 0 1 0 1 1 0 0 0 1 0 0 0 1 0
500	1	0 1 1 1 1 0 1 0 0 0 0 0 0 0 0 1 0 0 0 0
500	13	1 1 1 1 0 1 1 0 0 1 0 0 0 0 1 1 1 0 0 0
500	11	1 1 1 1 0 0 0 1 0 0 1 0 0 0 0 1 0 0 0 0
500	14	1 1 1 1 0 1 1 0 0 1 0 0 1 0 1 0 0 0 0 0
500	12	1 1 1 1 0 1 0 1 0 1 0 1 0 0 1 0 0 0 0 0
500	24	1 1 1 1 0 0 0 1 0 0 1 0 0 0 1 1 0 0 0 0
500	25	1 1 1 1 1 1 1 0 0 1 0 0 0 0 1 1 0 0 0 0
500	7	1 1 1 1 0 1 1 0 0 1 1 0 0 0 1 1 0 0 0 0
500	5	1 1 1 1 0 0 0 1 0 0 0 0 0 0 0 1 0 1 0 0
500	7	1 1 1 1 0 1 1 1 0 0 0 0 1 1 1 0 0 0 0 0
500	5	1 1 1 1 1 1 1 0 0 1 0 0 0 0 1 0 0 0 0 0
500	4	1 1 1 1 1 1 1 1 1 0 0 0 0 0 1 0 0 0 0 0
500	2	1 1 1 1 1 0 0 1 0 0 1 0 0 0 1 0 0 0 0 0
500	3	1 1 1 0 1 0 1 0 1 0 0 0 1 0 1 1 0 0 0 0
500	6	1 1 1 1 0 0 0 1 1 0 1 0 0 0 0 1 0 0 0 0
500	6	1 1 1 1 0 1 0 1 0 1 0 0 0 1 1 0 0 0 0 0
500	20	1 1 1 1 1 1 1 0 0 0 0 1 0 1 1 0 0 0 0 0
500	3	1 0 1 0 1 0 1 0 0 0 0 0 0 0 1 0 0 0 0 0
500	22	1 1 1 1 1 0 1 0 0 0 0 0 0 0 1 1 0 0 0 0
500	29	1 1 1 1 0 0 0 0 0 0 1 0 0 0 1 0 0 0 0 0
500	4	1 1 1 0 1 0 1 0 0 0 0 0 1 0 1 1 0 1 0 0
500	5	1 1 1 1 1 1 0 0 0 0 0 0 0 0 1 0 0 0 0 0
500	1	1 1 1 0 0 0 1 0 0 0 0 0 1 0 1 1 0 0 0 0
500	1	1 1 1 1 1 1 1 0 0 0 1 1 0 1 1 0 0 0 0 0
500	5	1 1 1 1 1 0 0 0 0 1 0 0 0 0 1 0 0 0 0 0
500	2	1 1 1 1 1 1 0 1 0 0 1 0 0 1 1 0 0 0 0 0
500	8	1 1 1 1 1 1 0 1 0 0 1 0 0 0 1 1 0 0 0 0
500	24	1 1 1 1 1 1 1 0 0 1 0 0 0 1 1 1 1 0 0 0
500	1	1 1 1 1 1 0 1 1 0 0 0 0 0 1 1 0 0 0 0 0
500	4	1 1 1 1 0 1 0 0 1 0 0 0 0 0 1 0 0 0 0 0
500	3	1 1 1 1 1 1 0 0 0 0 1 0 0 0 0 1 0 0 0 0
500	3	1 1 1 0 0 1 0 1 0 0 1 0 0 1 1 0 0 0 0 0
500	22	0 0 1 1 1 1 1 0 0 0 1 0 0 0 1 0 0 0 0 0
500	1	1 1 1 1 0 0 0 1 0 1 1 0 0 0 1 0 0 0 0 0
500	2	1 1 1 1 1 1 0 1 0 0 0 0 1 1 1 0 0 0 0 0
500	5	1 1 1 1 1 0 1 0 0 0 0 0 0 0 1 0 0 0 0 0
500	3	1 1 1 1 0 1 0 1 1 1 1 0 0 0 0 1 0 0 0 0
500	7	1 1 1 1 1 1 1 0 0 1 0 0 0 1 1 1 1 0 1 0
500	3	1 1 1 1 0 0 0 1 0 0 1 0 0 1 1 0 0 0 0 0
500	2	1 1 1 1 1 0 1 0 0 1 0 0 0 0 1 1 0 0 0 0
500	2	0 1 1 1 1 0 1 0 0 0 0 0 0 1 1 1 0 0 0 0
500	5	1 1 1 1 0 0 0 1 0 0 1 0 0 0 0 0 0 0 0 0
500	2	1 1 1 0 1 0 1 0 0 0 0 0 0 0 1 1 0 0 1 0
500	11	1 1 1 0 0 1 0 1 0 0 0 0 1 1 1 0 0 0 0 0
500	3	1 1 1 1 0 1 1 0 1 1 0 0 0 0 1 0 0 0 0 0
500	5	0 1 1 1 1 0 1 0 0 0 1 0 1 0 0 1 0 0 0 0
500	5	1 1 1 1 0 0 0 1 0 0 0 0 0 1 1 1 1 0 0 0
500	1	1 1 1 1 0 0 0 1 0 1 0 1 0 0 1 0 0 0 0 1
500	1	1 1 1 1 1 1 1 0 1 0 0 0 0 0 0 0 0 0 0 0
500	16	1 1 1 1 1 0 1 0 0 0 0 0 1 1 1 1 0 0 0 0
500	1	1 1 1 1 1 1 1 0 0 1 0 1 0 0 1 0 0 0 0 1
500	1	1 1 1 1 0 0 0 1 0 0 0 0 0 1 0 1 0 0 0 0
500	1	1 1 1 1 0 1 0 1 0 1 0 1 0 0 1 0 0 0 1 0
500	1	1 1 1 1 1 1 1 0 0 1 0 0 0 1 1 1 1 0 0 1
500	1	1 1 1 1 1 0 1 1 1 0 1 0 0 0 0 1 0 0 0 0
500	3	1 0 1 1 0 0 0 1 0 0 0 0 0 0 1 0 0 0 0 0
500	5	0 1 1 1 1 0 1 1 0 0 0 0 1 1 1 0 0 0 0 0
500	1	0 1 1 1 0 1 0 1 0 1 0 0 0 1 1 0 0 0 0 0
500	1	0 1 1 1 1 1 1 0 0 0 1 0 0 0 0 1 0 0 0 0
500	1	1 1 1 1 0 0 0 1 0 1 0 0 1 1 1 0 0 0 0 0
500	2	1 1 1 1 0 0 1 0 0 0 0 0 1 1 1 1 0 0 0 0
500	4	1 1 1 1 0 0 0 1 0 0 0 0 0 0 0 1 0 0 0 0
500	1	1 1 1 1 0 0 0 1 1 0 1 0 0 0 1 0 0 0 0 0
500	1	1 1 1 1 1 1 0 1 0 0 1 0 0 0 0 0 0 0 0 0
500	2	1 1 1 1 1 0 1 1 0 0 0 0 1 0 1 0 0 0 0 0
500	3	1 1 1 1 0 0 0 1 0 0 1 0 0 1 1 1 0 0 0 0
500	1	1 1 1 0 0 0 1 0 0 0 0 0 1 0 1 0 0 0 0 0
500	2	1 1 1 0 1 1 1 0 0 1 0 0 0 0 1 1 0 0 0 0
500	1	1 1 1 1 1 1 1 0 0 0 0 1 0 1 1 0 1 0 0 0
500	2	1 1 1 1 0 0 0 0 0 0 1 0 0 0 1 0 0 1 0 0
500	1	1 1 1 1 1 1 1 0 0 0 0 0 0 1 1 0 0 0 0 0
500	3	1 1 1 1 0 1 0 1 0 0 0 0 0 0 0 1 0 0 0 0
500	2	0 1 1 1 1 1 1 0 0 1 0 0 1 1 1 0 0 0 0 0
500	4	0 0 1 1 1 1 1 0 0 0 1 0 0 0 1 1 0 0 0 0
500	2	1 1 1 1 1 0 0 1 0 1 0 0 0 0 1 0 0 0 0 1
500	5	1 1 1 1 1 1 0 0 1 1 1 0 0 1 1 0 0 0 0 0
500	2	1 1 1 1 1 0 0 0 1 1 1 0 0 1 1 0 0 0 1 0
500	2	1 1 1 1 0 1 0 1 0 0 1 1 0 1 1 0 0 0 0 0
500	1	1 1 1 1 0 0 0 1 0 0 1 0 0 1 0 1 0 0 0 0
500	1	1 1 1 1 0 1 1 1 0 0 0 0 1 1 1 0 1 0 0 0
500	4	1 1 1 1 1 0 1 0 0 0 0 1 0 1 1 0 0 0 0 0
500	1	1 1 1 1 0 0 0 0 0 0 1 0 0 0 0 0 0 0 0 0
500	3	1 1 1 1 0 1 1 0 1 1 0 0 0 0 0 0 0 0 0 0
500	1	1 1 1 0 0 1 1 0 0 0 1 0 0 1 1 0 0 0 0 0
500	2	1 1 1 1 1 0 1 0 0 0 1 0 1 0 0 1 0 0 0 0
500	1	1 1 1 0 1 1 1 0 0 0 0 1 0 1 1 0 0 0 0 0
500	1	1 1 1 1 0 1 1 0 0 1 1 0 1 1 1 0 0 0 0 0
500	1	1 1 1 1 1 1 0 1 1 0 1 0 1 0 1 0 0 0 0 0
500	3	1 1 1 0 0 1 1 0 0 0 1 0 0 1 1 1 0 0 0 0
500	3	1 1 1 1 1 1 0 1 0 0 1 0 1 0 0 1 0 0 0 0
500	2	1 1 1 1 0 1 0 1 0 0 0 0 0 0 1 0 1 0 0 0
500	3	1 1 1 1 0 1 0 1 0 0 0 1 0 0 1 0 0 0 0 0
500	1	1 1 1 1 0 1 1 0 0 1 0 0 0 0 1 0 1 0 0 0
500	1	1 1 1 1 1 1 1 1 0 0 0 0 1 1 1 0 0 0 0 0
500	2	0 1 1 0 1 0 1 0 0 0 0 0 1 0 1 0 0 0 0 0
500	1	1 1 0 0 0 1 0 1 0 0 1 0 0 1 1 0 0 0 0 0
500	2	1 1 1 1 1 1 0 1 1 0 1 0 0 0 1 1 0 0 0 0
