0	250	0 0 0 0 1 0 0 0 0 0 1 0 0 0 0 0 0 0 0 0
0	250	0 0 1 0 0 0 0 0 0 0 0 0 0 0 0 1 0 0 0 1
0	250	1 1 1 0 0 0 0 0 1 0 0 0 0 0 0 1 0 0 0 1
0	250	0 0 0 0 0 0 0 0 0 0 0 0 0 0 0 0 0 0 0 0
50	399	1 1 1 0 0 0 0 0 1 0 0 0 0 0 0 1 0 0 0 1
50	18	1 1 1 0 0 0 0 0 1 1 0 0 0 0 0 1 0 0 0 1
50	22	1 1 1 0 0 0 0 0 0 0 0 0 0 0 0 1 0 0 0 1
50	36	1 1 1 0 0 0 1 0 1 0 0 0 0 0 0 1 0 0 0 1
50	12	1 1 1 1 0 0 0 0 1 0 0 0 0 0 0 1 0 0 0 1
50	43	1 1 1 0 0 0 0 0 1 0 0 0 0 0 1 1 0 0 0 1
50	1	1 1 1 0 0 0 0 0 0 0 1 0 0 0 0 0 0 0 0 0
50	8	1 1 1 0 0 0 0 0 1 0 0 0 0 0 0 0 0 0 0 1
50	16	1 1 1 0 0 0 0 0 0 0 0 0 0 0 1 1 0 0 0 1
50	18	1 1 0 0 0 0 0 0 1 0 0 0 0 0 0 1 0 0 0 1
50	46	1 1 1 0 0 0 0 0 1 0 0 0 0 0 0 1 0 0 0 0
50	57	1 1 1 0 0 0 0 0 1 0 0 1 0 0 0 1 0 0 0 1
50	5	1 1 1 0 0 0 0 0 1 0 0 0 1 0 0 1 0 0 0 1
50	17	1 1 1 0 0 0 0 0 1 0 0 0 0 1 0 1 0 0 0 1
50	2	1 1 1 0 0 1 0 0 1 0 0 0 0 0 0 0 0 0 0 1
50	20	1 1 1 0 0 1 0 0 1 0 0 0 0 0 0 1 0 0 0 1
50	14	1 1 1 0 0 0 0 0 1 0 0 0 0 0 0 1 1 0 0 1
50	4	1 1 1 0 1 0 0 0 1 0 0 0 0 0 0 1 0 0 0 1
50	50	1 1 1 0 0 0 0 0 1 0 0 0 0 1 0 0 0 1 0 0
50	39	1 1 1 0 0 0 0 0 1 0 0 0 0 0 0 1 0 0 1 1
50	10	0 1 1 0 0 0 0 0 0 0 0 0 0 0 1 1 0 0 0 1
50	9	1 1 1 0 0 0 0 0 1 0 0 0 0 0 0 0 0 0 1 1
50	1	1 1 1 0 0 0 0 0 0 1 0 0 0 0 0 1 0 0 0 1
50	1	1 1 1 0 0 0 0 0 1 1 0 0 0 0 1 1 0 0 0 1
50	7	1 1 1 0 1 0 1 0 1 0 0 0 0 0 0 1 0 0 0 1
50	5	1 1 1 0 0 1 0 0 0 0 1 0 0 1 0 0 1 0 0 0
50	6	1 0 1 0 0 0 0 0 0 1 0 0 0 0 0 1 0 0 0 1
50	20	1 1 1 0 1 0 0 1 1 0 0 0 0 0 0 1 0 0 0 1
50	7	1 1 1 0 0 0 0 0 1 0 0 0 0 1 0 1 0 0 0 0
50	2	1 1 1 0 0 0 0 0 1 0 0 1 0 0 0 0 0 0 0 1
50	4	0 0 0 0 1 0 0 0 0 0 1 0 0 0 0 0 1 1 0 0
50	15	1 1 1 0 0 0 0 0 1 0 1 0 0 0 0 1 0 0 0 1
50	3	1 1 1 0 0 0 0 0 1 0 1 0 0 0 1 1 0 0 0 1
50	3	1 1 1 0 0 0 0 0 1 0 0 1 1 0 0 1 0 0 0 1
50	7	1 1 1 0 0 0 1 0 1 0 0 0 0 0 0 1 1 0 0 0
50	9	1 1 1 0 0 0 0 0 0 0 0 0 0 0 0 0 0 0 0 1
50	2	1 1 1 0 0 0 0 0 1 0 0 1 0 0 0 1 1 0 0 1
50	3	1 1 1 0 0 1 0 0 1 0 0 0 0 0 0 1 1 0 0 1
50	6	1 1 1 0 0 1 0 0 0 0 0 0 0 0 0 1 0 0 0 1
50	1	1 1 1 0 0 0 0 1 1 0 0 0 0 0 0 1 0 0 0 0
50	4	1 1 1 0 0 0 0 0 1 0 0 0 0 0 0 1 0 1 0 0
50	2	1 1 1 0 0 0 1 1 1 0 0 0 0 0 0 1 0 0 0 1
50	8	1 0 1 0 0 0 0 0 1 0 0 1 0 0 0 1 0 0 0 1
50	1	1 1 1 0 0 0 0 0 1 1 0 0 0 1 1 1 0 0 0 1
50	3	1 1 1 0 1 1 0 0 1 0 0 0 0 0 0 1 1 0 0 1
50	3	1 1 1 0 0 0 0 0 1 0 0 0 0 0 0 0 1 1 0 0
50	3	1 1 1 0 0 0 0 0 1 1 0 0 0 0 0 0 0 0 0 1
50	3	1 1 1 0 1 0 0 0 1 0 0 0 0 1 0 1 0 0 0 1
50	3	0 0 0 0 1 0 0 0 0 0 1 0 0 0 1 0 1 1 0 0
50	1	1 1 1 0 0 0 0 0 0 0 0 0 0 0 1 1 0 1 0 1
50	1	1 1 1 0 0 0 0 0 1 1 0 0 0 0 0 1 0 0 0 0
50	2	1 1 1 0 0 0 0 0 0 0 0 0 0 0 0 1 1 0 0 1
50	2	1 1 1 1 0 0 0 0 1 0 0 0 0 0 0 1 0 0 0 0
50	2	1 1 1 0 1 0 0 1 0 0 0 0 0 0 0 1 0 0 0 1
50	2	0 0 0 0 0 0 0 0 1 0 0 0 0 0 0 1 0 0 0 1
50	3	1 1 1 0 0 0 0 1 1 0 0 0 0 0 0 1 0 0 0 1
50	2	1 1 1 0 0 0 0 0 0 0 0 0 0 0 0 1 0 0 0 0
50	2	1 1 1 0 0 0 0 0 1 1 0 0 0 1 0 1 0 0 0 1
50	2	1 1 1 0 0 1 0 0 1 0 0 0 0 0 0 1 0 0 1 1
50	1	1 1 1 0 1 0 0 1 1 0 0 0 0 1 0 1 0 0 0 1
50	1	1 1 1 0 0 0 0 0 1 0 0 0 1 1 0 1 0 0 0 0
50	1	1 1 1 0 0 0 0 0 1 0 0 1 1 0 0 1 0 0 1 1
100	207	1 1 1 0 0 0 0 0 1 0 0 0 0 0 0 1 0 0 0 1
100	4	1 1 1 0 0 0 0 0 1 1 0 0 0 0 0 1 0 0 0 1
100	19	1 1 1 0 0 0 0 0 0 0 0 0 0 0 0 1 0 0 0 1
100	9	1 1 1 0 0 0 1 0 1 0 0 0 0 0 0 1 0 0 0 1
100	8	1 1 1 1 0 0 0 0 1 0 0 0 0 0 0 1 0 0 0 1
100	18	1 1 1 0 0 0 0 0 1 0 0 0 0 0 1 1 0 0 0 1
100	17	1 1 1 0 0 0 0 0 0 0 1 0 0 0 0 0 0 0 0 0
100	21	1 1 1 0 0 0 0 0 1 0 0 1 0 0 0 1 0 0 0 1
100	33	1 1 1 0 0 0 0 0 1 0 0 0 0 1 0 1 0 0 0 1
100	17	1 1 1 0 0 0 0 0 1 0 0 0 0 0 0 1 1 0 0 1
100	45	1 1 1 0 1 0 0 0 1 0 0 0 0 0 0 1 0 0 0 1
100	25	1 1 1 0 0 0 0 0 1 0 0 0 0 1 0 0 0 1 0 0
100	10	1 1 1 0 1 0 0 1 1 0 0 0 0 0 0 1 0 0 0 1
100	8	1 1 1 0 0 0 1 1 1 0 0 0 0 0 0 1 0 0 0 1
100	28	1 1 1 0 0 0 0 0 0 0 0 0 0 0 0 1 0 0 0 0
100	19	1 1 1 0 1 0 0 0 1 0 0 0 0 0 0 1 0 0 0 0
100	3	1 1 1 0 0 0 0 0 1 0 1 0 0 0 0 1 0 0 1 1
100	6	1 1 1 0 0 0 0 0 0 0 0 0 0 1 0 1 0 0 0 1
100	38	1 1 1 0 0 0 0 0 1 0 0 1 0 1 0 1 0 0 0 1
100	4	1 1 1 1 0 0 0 0 1 0 0 0 0 1 0 1 0 0 0 1
100	8	1 1 1 0 0 0 0 1 0 0 0 0 0 0 1 1 0 0 0 1
100	63	1 1 1 1 0 0 0 1 1 0 0 0 0 0 0 1 0 0 0 1
100	2	1 1 1 0 0 0 0 0 1 0 1 0 0 0 1 1 0 0 0 1
100	2	1 1 0 0 0 0 0 0 1 0 0 0 0 0 0 1 1 0 0 1
100	2	1 1 1 0 1 0 0 1 1 0 0 0 1 0 0 1 0 0 0 1
100	6	1 1 1 1 0 1 0 0 1 0 0 0 0 0 1 1 0 0 0 1
100	23	1 1 1 0 0 0 1 0 1 0 1 0 0 0 1 1 0 0 0 1
100	23	1 1 1 1 0 0 0 0 1 0 0 0 1 1 0 1 0 0 0 1
100	23	1 1 1 0 0 0 0 0 1 0 0 0 0 1 0 0 0 0 0 0
100	1	1 1 0 0 1 0 0 0 1 0 0 0 0 0 1 1 0 0 0 0
100	2	1 1 1 1 1 0 0 0 0 0 0 0 0 1 0 1 0 0 0 1
100	4	1 1 1 0 1 0 0 0 1 0 1 0 0 0 0 1 0 0 1 1
100	1	1 1 1 0 0 0 0 0 1 0 0 1 0 0 1 1 0 0 0 1
100	1	1 1 1 0 1 0 0 0 1 0 0 1 0 0 0 1 0 0 0 1
100	8	1 1 1 0 0 1 0 0 1 0 0 0 0 1 0 0 0 1 0 0
100	16	1 1 0 0 0 0 0 0 1 0 0 0 0 0 1 1 0 0 0 0
100	27	1 1 1 1 1 1 0 0 1 0 0 0 0 0 1 1 0 0 0 1
100	3	1 1 1 0 0 1 0 0 1 0 0 0 0 0 0 0 0 0 0 0
100	21	1 1 1 0 0 0 0 1 1 0 0 0 0 0 0 1 0 0 0 1
100	4	1 1 1 0 0 0 0 0 1 1 0 0 0 1 0 1 0 0 0 1
100	3	1 1 1 1 0 1 0 0 1 0 0 0 0 0 0 1 0 0 0 1
100	15	1 1 1 0 0 0 0 0 1 0 0 0 1 0 0 0 0 1 0 0
100	2	1 1 1 0 0 0 1 0 1 0 1 0 0 0 0 1 0 0 1 1
100	10	1 1 1 0 0 0 0 1 0 0 0 0 1 0 0 1 0 0 0 1
100	14	1 1 1 0 0 0 1 0 0 0 0 0 0 0 0 1 0 0 0 1
100	6	1 1 1 1 0 0 0 1 0 0 0 0 0 0 0 1 0 0 0 1
100	6	1 1 1 1 0 0 0 0 1 0 0 0 0 1 1 1 0 0 1 1
100	13	1 1 1 0 1 0 0 1 1 0 0 0 0 0 1 1 0 0 0 1
100	4	0 1 1 0 0 0 0 1 0 0 0 0 0 0 1 1 0 0 0 1
100	2	1 1 1 0 0 1 0 0 1 0 0 0 0 0 0 1 0 0 0 1
100	3	1 1 1 0 0 0 0 0 1 0 0 0 0 0 0 1 0 0 0 0
100	1	1 1 1 0 0 0 0 0 1 0 0 1 0 1 1 1 0 0 0 1
100	2	1 1 1 0 0 0 0 0 1 0 0 0 0 1 0 0 0 0 0 1
100	5	1 1 1 1 1 0 1 1 1 0 0 0 0 0 0 1 0 0 0 1
100	4	1 1 1 0 1 0 0 0 1 0 0 0 0 1 1 0 0 0 0 1
100	5	1 1 1 0 0 0 1 0 1 1 1 0 0 0 1 1 0 0 0 1
100	4	1 1 1 1 1 0 0 0 0 0 0 0 0 1 0 1 0 0 1 1
100	2	1 1 1 0 0 0 1 1 1 0 0 0 0 0 0 1 1 0 0 1
100	8	0 1 1 0 0 0 0 0 1 0 0 0 0 0 0 1 0 0 0 0
100	6	1 1 1 0 0 0 0 1 1 0 0 0 0 1 0 1 0 0 0 1
100	3	0 1 1 0 1 0 0 0 1 0 0 0 0 0 0 1 0 0 0 1
100	8	1 1 1 0 0 0 0 1 1 0 0 1 0 1 0 1 0 0 0 1
100	5	1 1 1 0 1 0 0 0 1 0 0 0 0 1 0 1 0 0 0 1
100	3	1 1 1 1 0 1 0 0 0 0 0 0 0 0 0 0 0 0 0 0
100	2	1 1 1 0 0 0 0 0 1 0 0 0 0 1 0 1 1 0 0 1
100	1	1 1 0 0 0 0 1 0 0 0 0 0 0 0 0 1 0 0 0 1
100	4	0 1 1 0 0 0 0 1 0 0 0 0 0 0 0 1 0 0 0 1
100	1	1 1 1 1 0 0 0 1 1 0 0 0 0 0 0 1 0 1 0 0
100	1	1 1 0 0 1 0 0 1 1 0 0 0 0 0 1 1 0 0 0 1
100	5	1 1 0 0 0 0 1 0 1 0 0 0 0 0 0 1 0 0 0 1
100	2	1 1 1 0 0 0 0 0 0 0 0 0 0 1 1 1 0 0 0 1
100	12	1 0 1 0 0 0 0 0 1 0 0 0 1 0 0 0 0 1 0 0
100	1	1 1 1 1 1 0 1 1 1 0 0 0 0 1 0 1 0 0 0 1
100	3	1 1 1 0 0 0 0 0 1 0 0 0 0 0 0 0 0 0 0 1
100	1	1 1 0 0 0 0 0 0 1 0 0 0 1 0 0 0 0 1 0 0
100	2	1 1 1 0 0 0 0 0 1 0 0 0 0 0 0 0 1 1 0 1
100	4	1 1 0 0 0 0 0 0 1 0 0 0 0 0 0 1 0 0 0 0
100	3	1 1 1 0 0 0 0 1 1 0 0 0 0 0 1 1 0 0 0 1
100	1	1 1 1 0 0 0 0 0 0 0 0 0 0 0 1 1 0 0 0 0
100	6	1 1 1 0 0 0 0 0 1 0 1 1 0 1 0 1 1 0 0 1
100	2	1 1 1 1 1 0 1 1 1 1 0 0 0 1 0 1 0 0 0 1
100	1	1 1 1 0 0 0 0 0 0 0 1 0 0 0 1 1 0 0 0 1
100	2	1 1 1 1 0 0 0 0 1 0 0 0 0 1 1 1 0 0 0 1
100	1	1 1 1 0 0 0 0 0 1 0 0 0 0 0 0 1 0 0 1 1
100	2	1 1 1 0 0 0 0 0 0 1 0 0 0 0 0 1 0 0 0 1
100	3	1 1 1 0 0 0 1 0 1 0 1 0 0 0 1 1 0 0 0 0
100	1	1 1 1 0 0 0 0 0 0 0 0 0 1 0 0 1 0 0 0 1
100	2	1 1 1 0 1 0 0 1 1 1 0 0 0 0 1 1 0 0 0 1
100	1	1 1 1 1 0 0 0 0 1 0 0 0 1 0 0 0 0 1 0 0
100	3	1 1 1 0 0 1 0 0 1 0 0 0 0 0 1 1 0 0 0 1
100	1	1 1 1 1 1 0 0 0 1 0 0 0 0 1 0 1 0 0 0 1
100	1	0 1 1 0 0 0 0 0 1 0 0 0 0 0 0 1 0 0 0 1
100	2	1 1 1 0 0 0 1 0 1 0 0 0 0 0 0 1 0 0 1 1
100	3	1 1 1 0 0 0 1 0 1 0 0 0 0 1 0 1 0 0 0 1
100	2	1 1 1 1 0 0 0 0 1 0 0 1 0 1 0 1 0 0 0 1
100	2	1 1 1 0 0 0 1 1 0 0 0 0 0 0 1 1 0 0 0 1
100	1	1 1 0 1 0 1 0 0 1 0 0 0 0 0 1 1 0 0 0 1
100	1	1 1 1 0 1 0 1 0 1 0 1 0 0 0 1 1 0 0 0 1
100	2	1 1 1 0 0 1 0 0 1 0 0 0 0 1 0 0 0 1 1 0
100	3	1 1 1 0 0 0 0 0 1 0 1 0 1 0 0 0 0 1 0 0
100	2	0 1 1 1 0 0 0 0 1 0 0 0 0 1 1 1 0 0 0 1
150	77	1 1 1 0 0 0 0 0 1 0 0 0 0 0 0 1 0 0 0 1
150	1	1 1 1 0 0 0 0 0 0 0 0 0 0 0 0 1 0 0 0 1
150	61	1 1 1 0 0 0 1 0 1 0 0 0 0 0 0 1 0 0 0 1
150	25	1 1 1 0 0 0 0 0 1 0 0 0 0 1 0 1 0 0 0 1
150	7	1 1 1 0 1 0 0 0 1 0 0 0 0 0 0 1 0 0 0 1
150	1	1 1 1 0 0 0 0 0 0 0 0 0 0 0 0 1 0 0 0 0
150	43	1 1 1 1 0 0 0 1 1 0 0 0 0 0 0 1 0 0 0 1
150	56	1 1 1 0 0 0 1 0 1 0 1 0 0 0 1 1 0 0 0 1
150	15	1 1 1 1 0 0 0 0 1 0 0 0 1 1 0 1 0 0 0 1
150	4	1 1 1 1 1 0 0 0 0 0 0 0 0 1 0 1 0 0 0 1
150	6	1 1 1 0 0 0 0 1 1 0 0 0 0 0 0 1 0 0 0 1
150	8	1 1 1 1 0 0 0 0 1 0 0 0 0 1 1 1 0 0 1 1
150	13	1 1 1 0 0 1 0 0 1 0 0 0 0 0 0 1 0 0 0 1
150	6	1 1 1 0 0 0 0 0 1 0 0 0 0 0 0 1 0 0 0 0
150	12	1 1 1 0 0 0 0 1 1 0 0 0 0 1 0 1 0 0 0 1
150	31	1 1 1 1 0 0 0 1 1 0 0 0 0 1 0 1 0 0 0 1
150	9	1 1 1 0 0 0 0 0 1 0 0 0 0 1 0 1 0 0 0 0
150	20	1 1 1 1 1 1 0 1 1 0 0 0 0 0 1 1 0 0 0 1
150	8	1 1 1 0 0 0 0 1 1 0 0 0 0 0 1 1 0 0 0 1
150	13	1 1 1 0 1 0 0 0 1 1 0 0 0 0 1 1 0 0 0 1
150	16	1 1 1 0 0 0 1 0 1 0 1 0 0 0 0 1 0 0 0 1
150	23	1 1 1 1 1 0 0 1 1 0 0 0 0 0 0 1 0 0 0 1
150	26	1 1 1 1 0 0 1 1 1 0 0 0 0 0 0 1 0 0 0 1
150	15	1 1 0 1 1 1 0 0 1 0 0 0 0 0 1 0 0 0 0 1
150	14	1 1 1 1 0 0 0 1 1 0 0 0 1 1 0 1 0 0 0 1
150	16	1 1 0 0 0 0 1 0 1 0 0 0 0 0 0 1 0 0 1 0
150	6	1 1 0 0 0 0 0 0 1 0 0 0 0 0 1 0 0 0 0 1
150	7	1 1 1 0 0 0 0 1 1 0 0 0 0 0 0 1 0 0 1 0
150	17	1 1 1 1 1 1 0 0 1 0 0 0 0 0 0 1 0 0 0 1
150	4	1 1 1 1 0 0 0 0 1 0 0 0 0 0 0 1 0 0 0 1
150	26	1 1 1 1 1 1 1 1 1 0 0 0 0 1 0 1 0 0 0 1
150	4	1 1 1 0 0 0 1 0 0 0 0 0 0 0 0 1 0 0 0 1
150	4	1 1 1 1 1 1 0 1 1 0 0 0 0 0 0 1 0 0 0 1
150	13	1 1 1 1 0 0 0 0 1 0 0 0 1 1 0 0 0 0 0 1
150	3	1 1 1 1 0 0 0 0 1 0 1 0 1 1 0 1 0 0 0 1
150	5	1 1 1 1 1 0 1 1 1 0 0 0 0 1 1 1 0 0 0 1
150	3	1 1 1 1 1 0 0 1 1 0 0 0 0 0 1 1 0 0 0 1
150	12	1 1 1 1 0 0 0 0 1 0 0 0 0 1 0 1 0 0 0 1
150	3	1 1 0 0 0 1 0 0 1 0 0 0 0 0 0 1 0 0 0 1
150	5	1 1 1 0 1 0 0 0 1 0 0 0 0 0 1 1 0 0 0 1
150	4	1 1 1 1 0 0 1 1 1 0 0 0 0 1 0 1 0 0 0 1
150	1	1 1 1 0 0 0 1 0 1 0 1 1 0 0 0 1 0 0 0 1
150	19	1 1 0 0 0 0 0 0 1 0 0 0 0 1 0 1 0 0 0 1
150	26	1 1 1 1 1 0 0 0 1 0 0 0 0 0 1 1 0 0 0 1
150	8	1 1 1 1 0 0 0 1 0 0 0 0 0 0 1 1 0 0 1 1
150	2	1 1 1 0 0 0 0 0 1 0 0 0 0 0 0 1 0 1 0 1
150	5	1 1 1 0 0 1 0 0 1 0 0 0 0 1 0 1 0 0 0 1
150	23	1 1 1 1 1 1 1 1 1 0 0 0 0 0 0 1 0 0 0 1
150	8	1 1 0 1 1 1 0 0 1 0 0 0 0 1 1 0 0 0 0 1
150	11	1 1 1 0 1 0 0 0 1 0 0 1 1 1 0 1 0 0 0 1
150	8	1 1 0 0 0 0 0 0 1 1 0 0 0 1 0 1 1 0 0 1
150	3	1 1 1 1 1 0 1 1 1 0 0 0 0 1 0 1 1 0 0 1
150	3	0 1 1 0 0 0 1 0 1 0 0 0 0 0 0 1 0 0 0 1
150	11	1 1 1 0 0 0 1 0 1 0 1 0 0 1 1 1 0 0 0 1
150	1	0 1 1 0 0 0 0 0 1 0 0 0 0 1 0 0 0 0 0 0
150	19	1 1 1 0 0 0 1 0 1 0 0 0 0 0 0 0 0 0 0 0
150	6	1 1 1 1 0 0 1 0 1 0 1 0 1 0 1 1 0 0 0 1
150	1	0 1 1 0 0 0 0 0 1 0 0 0 0 0 0 1 0 0 0 1
150	1	1 1 1 0 1 0 0 0 0 1 0 0 0 0 1 1 0 0 0 1
150	4	1 1 1 0 0 0 0 0 1 1 0 0 0 0 1 1 0 0 0 1
150	4	1 1 1 0 0 0 0 0 1 0 1 0 0 0 0 1 0 0 0 1
150	11	1 1 1 1 1 1 0 1 1 0 0 0 0 0 1 1 0 0 1 1
150	1	1 1 1 1 1 0 1 1 1 0 0 0 1 1 0 1 0 0 0 1
150	9	1 1 1 0 0 0 1 0 1 0 0 0 0 1 0 1 0 0 0 1
150	3	1 1 0 0 1 0 0 0 1 1 0 0 0 0 1 1 0 0 0 1
150	2	1 1 1 1 1 1 1 1 0 0 0 0 0 0 0 1 0 0 0 1
150	3	1 1 1 1 0 0 0 0 1 0 1 0 0 1 1 1 0 0 0 1
150	3	1 1 1 1 0 0 0 0 1 0 0 0 1 1 0 1 0 0 0 0
150	10	1 1 0 1 1 1 0 0 1 0 0 0 0 0 0 1 0 0 0 1
150	3	1 1 1 0 0 0 0 0 1 0 0 0 1 0 0 1 0 0 0 1
150	1	1 1 1 0 0 0 1 0 1 0 0 0 0 0 0 1 1 0 0 1
150	5	1 1 1 0 0 0 0 0 1 0 0 0 0 0 0 1 0 0 1 0
150	3	1 1 1 0 0 0 0 0 1 0 0 1 1 1 0 1 0 0 0 1
150	8	1 1 1 1 1 1 1 1 1 0 0 0 0 0 1 1 0 0 0 1
150	1	1 1 1 0 0 0 0 1 1 0 1 0 0 0 0 1 0 0 1 0
150	1	1 1 1 1 0 0 0 0 1 0 0 0 0 0 0 1 0 0 0 0
150	12	1 1 1 1 1 0 1 1 1 0 0 0 0 0 0 1 0 0 0 1
150	5	1 1 1 0 0 0 1 0 1 0 1 0 0 1 0 1 0 0 0 1
150	4	1 1 1 1 0 0 0 0 1 1 0 0 0 0 1 1 0 0 0 1
150	3	1 1 1 0 0 0 0 1 1 0 0 0 0 0 1 1 0 1 0 1
150	2	1 1 1 1 0 0 1 1 1 0 0 0 0 0 0 1 0 0 1 0
150	1	1 1 1 0 0 0 0 0 1 0 0 0 0 0 0 0 0 0 0 1
150	6	1 1 1 1 0 0 0 0 1 0 0 0 0 0 0 1 1 0 0 1
150	4	1 1 1 0 0 0 0 0 0 1 0 0 0 0 1 1 0 0 0 1
150	3	1 0 1 0 0 0 0 1 1 0 0 0 0 0 1 1 0 0 0 1
150	11	1 1 1 1 0 0 1 1 1 0 0 0 0 0 1 1 0 0 0 1
150	4	1 1 0 1 0 1 0 0 1 0 0 0 0 0 1 0 0 0 0 1
150	8	1 1 1 1 1 1 1 1 1 0 1 0 0 1 0 1 0 0 0 1
150	3	1 1 1 1 1 0 1 0 1 0 1 0 0 0 1 1 0 0 0 1
150	2	1 1 1 1 1 1 1 1 1 0 0 0 0 0 0 0 0 0 0 0
150	1	1 1 1 0 0 0 0 0 1 0 0 0 0 0 0 0 0 0 0 0
150	1	1 1 1 0 0 0 1 0 1 0 0 0 0 0 1 1 0 0 0 1
150	4	0 1 1 0 1 0 0 0 1 1 0 0 0 0 1 1 0 0 0 1
150	1	1 1 0 0 1 0 0 0 1 0 0 1 1 1 0 1 0 0 0 1
150	2	1 1 0 0 0 0 1 0 1 0 0 0 0 0 0 1 0 0 0 1
150	6	1 0 1 1 1 1 0 1 1 0 0 0 0 0 1 1 0 0 0 1
150	1	1 1 1 1 0 0 0 0 1 1 0 0 0 0 1 1 0 0 0 0
150	3	1 1 1 0 0 0 0 0 1 1 0 0 0 0 0 1 0 0 0 1
150	1	1 1 1 0 0 1 0 0 1 0 0 0 0 0 0 1 0 0 0 0
150	2	1 1 1 0 1 1 0 1 1 0 0 0 0 0 1 1 0 0 0 1
150	1	1 1 1 1 1 1 0 1 1 0 0 0 0 0 1 1 1 0 0 1
150	5	1 1 1 1 1 1 0 0 1 1 0 0 0 0 0 1 0 0 0 1
150	2	1 1 1 1 0 0 0 0 1 0 1 0 1 1 1 1 0 0 0 1
150	1	1 1 1 0 0 1 0 0 1 0 0 0 0 0 0 1 0 0 1 0
150	1	1 1 1 1 0 0 0 1 1 0 0 1 1 1 0 1 0 0 1 1
150	1	1 1 1 1 1 1 1 1 1 0 1 0 0 1 0 1 0 0 1 1
150	3	1 1 1 1 0 0 0 1 1 0 1 0 0 0 1 1 0 0 0 1
150	3	1 1 1 1 0 0 0 1 1 0 0 0 0 0 0 1 0 0 0 0
150	1	1 1 1 0 0 0 0 1 1 0 1 0 0 0 0 1 0 0 0 1
150	2	1 1 1 0 1 0 0 0 1 1 0 0 0 0 0 1 0 0 0 1
150	2	1 1 0 0 0 0 1 1 1 0 0 0 0 1 1 1 0 0 0 1
150	1	1 1 1 0 0 0 0 0 1 0 0 0 0 0 1 0 0 0 0 1
150	3	1 1 1 1 0 0 0 1 0 0 0 0 0 0 0 1 0 0 0 1
150	1	1 1 0 1 0 0 0 0 1 0 0 0 1 1 0 1 0 0 0 1
150	1	1 1 1 1 1 0 0 0 0 0 0 0 0 1 0 1 0 1 0 1
150	2	1 1 1 0 0 1 1 0 1 0 0 0 0 0 0 1 0 0 0 1
150	2	1 1 1 1 1 0 0 1 1 1 0 0 0 0 0 1 0 0 0 1
150	1	1 1 0 0 0 0 1 0 1 0 0 0 0 0 0 0 0 0 1 0
150	1	1 1 1 1 0 0 1 1 0 0 0 0 0 0 1 1 0 0 1 1
150	2	1 1 1 1 1 1 1 1 1 0 0 0 0 0 0 1 0 0 0 0
150	1	1 1 0 1 1 1 0 0 1 1 0 0 0 1 1 0 0 0 0 1
150	2	1 1 0 0 0 0 1 0 1 1 0 0 0 1 0 1 1 0 0 1
150	1	1 1 1 0 0 0 1 0 1 0 0 0 0 1 0 1 0 0 0 0
200	37	1 1 1 0 0 0 1 0 1 0 0 0 0 0 0 1 0 0 0 1
200	11	1 1 1 1 0 0 0 1 1 0 0 0 0 0 0 1 0 0 0 1
200	23	1 1 1 1 0 0 0 0 1 0 0 0 1 1 0 1 0 0 0 1
200	21	1 1 1 0 0 1 0 0 1 0 0 0 0 0 0 1 0 0 0 1
200	3	1 1 1 1 0 0 0 1 1 0 0 0 0 1 0 1 0 0 0 1
200	16	1 1 1 0 0 0 0 0 1 0 0 0 0 1 0 1 0 0 0 0
200	15	1 1 1 1 1 0 0 1 1 0 0 0 0 0 0 1 0 0 0 1
200	32	1 1 1 1 0 0 1 1 1 0 0 0 0 0 0 1 0 0 0 1
200	4	1 1 1 0 0 0 0 1 1 0 0 0 0 0 0 1 0 0 1 0
200	4	1 1 1 1 0 0 0 0 1 0 0 0 0 0 0 1 0 0 0 1
200	19	1 1 1 1 0 0 0 0 1 0 0 0 1 1 0 0 0 0 0 1
200	41	1 1 1 1 0 0 0 0 1 0 0 0 0 1 0 1 0 0 0 1
200	23	1 1 1 1 1 1 1 1 1 0 0 0 0 0 0 1 0 0 0 1
200	2	1 1 0 1 1 1 0 0 1 0 0 0 0 1 1 0 0 0 0 1
200	18	1 1 1 1 0 0 0 0 1 0 0 0 1 1 0 1 0 0 0 0
200	15	1 1 1 1 1 1 1 1 1 0 0 0 0 0 1 1 0 0 0 1
200	24	1 1 1 1 1 0 1 1 1 0 0 0 0 0 0 1 0 0 0 1
200	8	1 1 1 0 0 0 0 0 1 0 0 0 0 0 0 0 0 0 0 1
200	9	1 1 1 1 0 0 0 0 1 0 1 0 0 1 0 1 0 0 0 0
200	7	1 1 1 1 0 0 0 1 1 0 0 0 0 1 0 1 0 0 0 0
200	10	1 1 1 1 1 0 0 0 1 0 1 0 0 1 1 1 0 0 0 1
200	15	1 1 1 1 1 0 1 1 1 0 0 0 0 1 0 1 0 0 0 1
200	1	1 1 1 0 0 0 1 0 1 1 1 0 0 1 0 1 0 0 0 1
200	6	1 1 1 0 0 0 1 0 1 0 0 0 0 1 1 1 0 0 0 0
200	81	1 1 1 0 0 1 0 1 1 0 0 0 0 0 0 1 0 0 0 0
200	14	1 1 1 1 0 0 0 0 1 0 0 1 1 1 0 1 0 0 0 0
200	1	1 1 1 1 1 0 1 0 1 0 0 1 1 1 0 1 0 0 0 1
200	10	1 1 1 1 1 1 0 0 1 0 0 0 0 0 1 0 0 0 0 1
200	5	1 1 1 1 0 1 0 1 1 0 0 1 0 0 1 1 0 1 1 1
200	3	1 1 1 1 0 0 0 0 1 0 0 0 1 0 1 1 0 0 0 1
200	2	1 1 1 0 0 0 1 0 1 0 1 0 0 1 0 0 0 0 0 1
200	17	1 1 1 1 1 0 0 0 1 0 0 0 0 0 0 1 0 0 0 1
200	13	1 1 1 1 0 0 0 0 1 0 1 0 0 1 0 0 0 0 0 1
200	7	1 1 1 1 0 0 0 0 0 0 0 1 1 1 0 1 0 0 0 0
200	14	1 1 1 0 0 0 1 0 1 0 0 0 1 1 0 1 0 0 0 1
200	17	1 1 1 0 0 0 1 0 1 0 0 0 0 1 1 0 0 0 0 0
200	29	1 1 1 1 1 0 0 0 1 0 0 0 0 1 0 0 0 0 0 1
200	4	0 1 1 1 1 1 0 0 1 0 0 0 0 0 1 0 0 0 0 1
200	8	1 1 1 1 0 0 0 1 1 0 0 0 0 0 0 1 0 0 1 0
200	21	1 1 1 1 0 0 0 0 1 0 0 0 0 0 0 1 0 0 0 0
200	5	1 1 0 0 0 0 1 0 1 0 0 0 0 0 1 1 0 0 0 1
200	4	1 1 1 0 0 0 1 0 1 1 0 0 0 0 0 1 0 0 0 1
200	5	1 1 1 1 0 0 0 0 1 0 0 0 0 1 0 1 0 0 0 0
200	2	1 1 1 1 0 0 1 1 1 1 0 0 0 0 0 1 0 0 0 1
200	12	1 1 1 1 0 0 0 0 1 0 0 0 0 0 0 1 0 0 1 1
200	23	0 1 1 1 0 0 0 1 1 0 0 0 0 1 0 1 0 0 0 0
200	2	1 1 1 1 1 0 0 0 1 0 0 0 1 0 0 1 0 0 0 1
200	4	1 1 1 0 0 0 1 1 1 0 0 0 1 1 1 1 0 0 0 0
200	10	1 1 1 1 0 1 0 1 1 0 1 0 0 1 0 0 0 0 0 0
200	6	1 1 1 0 1 0 0 0 1 0 0 0 0 0 0 0 0 0 0 1
200	3	1 1 1 1 0 0 1 1 1 0 0 0 1 0 0 1 0 0 0 0
200	2	1 1 1 1 1 1 0 0 1 0 0 0 0 0 0 1 0 0 0 1
200	2	1 1 1 1 1 0 1 0 1 0 0 0 0 0 0 1 0 0 0 1
200	7	1 1 1 1 0 0 0 0 0 0 0 0 1 1 0 0 0 0 0 1
200	14	1 1 1 1 1 1 1 1 1 0 1 0 0 1 0 0 0 0 1 1
200	2	1 1 1 1 1 1 1 1 1 0 0 0 0 1 0 0 0 0 0 1
200	11	1 1 1 1 0 0 0 0 1 0 0 0 0 1 0 1 0 0 1 0
200	1	1 1 1 1 0 0 1 1 1 0 0 0 0 0 0 1 1 0 0 1
200	7	1 1 1 1 0 0 0 1 1 0 0 0 0 1 0 0 0 0 0 0
200	5	1 1 1 0 0 0 0 0 1 1 0 0 0 0 0 1 0 0 0 1
200	3	1 1 1 0 0 0 0 1 1 0 0 0 0 0 0 0 0 0 1 0
200	19	1 1 1 1 1 0 0 0 1 0 0 0 1 1 0 0 0 0 0 1
200	7	1 1 1 1 0 0 0 0 1 0 0 0 0 0 0 1 0 1 1 1
200	8	1 1 1 1 0 0 1 1 1 0 0 0 0 1 0 0 0 0 0 1
200	1	1 1 0 0 0 0 1 0 1 0 0 0 0 0 1 1 0 0 0 0
200	14	1 1 1 0 0 0 0 1 1 0 0 0 0 0 0 1 0 0 0 1
200	3	0 1 1 1 1 1 0 0 1 0 0 0 1 1 0 0 0 0 0 1
200	4	1 1 1 1 0 0 1 0 1 0 0 0 0 0 0 1 0 0 1 1
200	6	1 1 1 0 0 0 1 0 1 0 0 0 1 0 0 1 0 0 0 1
200	12	1 1 1 1 1 1 1 1 1 0 1 0 0 0 0 1 0 0 0 1
200	7	1 1 1 1 0 0 0 0 1 0 0 0 1 1 0 1 0 0 1 0
200	3	1 1 1 0 0 0 1 0 1 1 1 0 0 1 0 1 0 0 0 0
200	3	1 1 1 0 0 1 0 1 1 0 0 0 0 1 0 0 0 0 1 1
200	1	1 1 1 1 1 0 0 1 1 0 0 0 0 1 0 1 0 0 0 0
200	2	1 1 1 1 0 0 0 0 1 0 0 0 1 1 0 0 0 0 1 1
200	3	1 1 1 0 0 0 0 0 1 0 0 0 0 1 0 1 0 0 0 1
200	10	1 1 1 1 0 0 0 0 1 1 1 0 0 1 0 0 0 0 0 1
200	1	1 1 1 0 0 0 1 0 1 0 0 0 0 1 1 0 0 0 0 1
200	3	1 1 1 1 1 0 0 1 1 0 0 0 0 0 0 1 0 0 1 1
200	1	1 1 1 0 0 0 0 0 1 0 0 0 1 1 0 0 0 0 0 1
200	1	1 1 1 0 0 1 0 1 1 0 0 0 1 0 0 1 0 0 0 0
200	4	1 1 0 0 0 1 1 0 1 0 1 0 0 0 1 1 0 0 0 1
200	2	1 1 1 0 1 0 0 1 0 0 0 0 0 0 0 1 0 0 1 0
200	19	1 1 1 0 0 0 0 1 1 0 0 0 0 0 0 0 0 0 0 1
200	5	1 1 1 0 0 0 1 0 1 1 0 0 0 1 0 1 0 0 0 1
200	7	0 1 1 0 0 0 0 1 1 0 0 0 0 1 0 1 0 0 0 0
200	3	1 1 1 0 1 0 1 0 1 0 0 0 0 0 0 1 0 0 0 1
200	7	1 1 1 0 0 0 1 0 1 0 0 0 0 0 0 1 0 0 0 0
200	2	1 1 1 1 1 0 0 0 0 0 0 0 0 0 0 1 0 0 0 1
200	8	1 1 1 1 1 1 1 1 1 0 1 0 0 0 1 1 1 0 0 1
200	3	1 1 1 1 0 1 0 1 1 0 0 0 1 0 1 1 0 0 0 1
200	5	1 1 1 0 0 0 0 0 1 1 0 0 0 0 1 1 0 0 0 1
200	1	0 1 1 1 1 1 0 0 1 0 0 0 1 1 0 1 0 0 0 1
200	11	1 1 1 0 0 1 0 1 1 0 0 0 0 0 0 1 0 0 0 1
200	2	1 1 0 1 1 1 1 1 1 0 0 0 0 0 1 1 0 0 0 1
200	2	0 1 1 1 1 0 1 1 1 0 0 0 0 0 0 1 0 0 0 1
200	1	1 1 1 1 0 0 0 0 1 0 1 1 0 1 0 0 0 0 0 1
200	2	1 1 1 1 1 1 0 0 1 0 0 0 1 1 0 1 0 0 0 1
200	1	1 1 1 0 0 0 1 0 1 0 1 0 0 1 0 0 0 0 0 0
200	2	1 1 1 1 0 1 0 1 1 0 1 0 0 1 0 1 0 0 0 0
200	7	1 1 1 0 0 1 0 1 1 0 0 0 0 0 1 1 0 0 0 0
200	6	1 1 1 0 0 1 0 1 1 0 0 0 0 0 0 0 0 0 0 0
200	1	1 1 1 0 0 0 0 0 1 0 0 0 0 1 1 0 0 0 0 0
200	1	1 1 0 1 1 1 1 1 1 0 1 0 0 1 0 0 0 0 1 1
200	7	1 1 1 1 0 0 0 0 1 0 1 0 0 0 0 1 0 0 0 1
200	3	1 1 1 0 0 0 1 0 1 0 0 0 0 1 1 1 0 0 0 1
200	2	1 1 1 1 0 0 0 0 0 0 0 1 1 0 0 1 0 0 0 0
200	2	1 1 1 0 0 0 0 0 1 0 0 1 0 0 0 0 0 0 0 1
200	1	1 1 1 0 0 0 1 0 1 0 0 0 0 0 0 0 0 0 0 1
200	2	1 1 1 0 0 1 0 1 1 1 0 0 0 0 0 1 0 0 0 0
200	1	1 1 0 1 0 0 0 0 1 0 1 0 0 1 0 0 0 0 0 1
200	4	1 1 1 0 0 1 1 0 1 0 0 0 1 1 0 1 0 0 0 1
200	1	1 1 1 0 0 0 1 0 1 0 0 0 0 1 0 0 0 0 0 0
200	1	1 1 1 1 0 0 1 1 1 1 0 0 0 0 0 1 0 0 1 1
200	2	1 1 1 1 0 0 1 1 1 0 0 0 1 0 0 1 0 0 0 1
200	1	1 1 1 1 0 0 0 1 1 0 0 0 0 1 0 0 0 0 0 1
200	2	1 1 1 0 0 0 0 1 1 0 1 0 0 0 0 0 0 0 0 1
200	3	0 1 1 0 0 0 0 1 1 0 0 0 0 1 0 1 0 0 1 0
200	1	1 1 0 1 1 1 1 1 1 0 1 1 0 1 0 0 0 0 1 1
200	2	1 1 1 1 1 0 0 1 0 0 0 1 1 1 0 1 0 0 0 0
200	1	1 1 1 0 0 0 0 0 1 0 0 0 0 0 0 0 0 0 1 0
200	1	1 1 1 1 1 0 1 1 1 0 1 0 0 0 1 1 1 0 0 1
200	1	1 1 1 0 0 0 0 0 1 0 0 0 1 1 0 0 0 0 1 1
200	1	0 1 1 1 0 0 0 0 1 0 0 0 1 1 0 1 0 0 0 1
200	1	1 1 1 1 0 0 0 0 1 1 0 0 1 1 0 1 0 0 0 1
200	1	1 1 1 0 0 1 0 0 0 0 0 0 0 0 0 1 0 0 0 1
200	1	1 1 1 1 0 0 1 1 1 0 0 0 0 1 0 1 0 0 0 1
200	1	1 1 1 1 0 0 0 1 1 0 0 0 0 1 0 1 0 0 1 0
200	1	1 1 1 0 0 1 0 1 1 0 0 0 0 0 0 1 0 0 1 0
200	1	1 1 1 0 0 1 0 1 1 0 0 0 0 1 0 1 0 0 0 0
200	1	1 1 1 1 0 0 1 1 1 1 0 1 0 0 0 1 0 0 0 1
200	1	1 1 1 1 0 0 0 1 1 0 0 0 0 0 0 1 0 0 1 1
200	2	1 1 1 0 0 1 0 1 0 0 0 0 0 0 0 0 0 0 0 0
250	39	1 1 1 0 0 0 0 0 1 0 0 0 0 1 0 1 0 0 0 0
250	18	1 1 1 1 1 0 0 1 1 0 0 0 0 0 0 1 0 0 0 1
250	6	1 1 1 1 0 0 0 0 1 0 0 0 0 0 0 1 0 0 0 1
250	9	1 1 1 1 0 0 0 0 1 0 0 0 0 1 0 1 0 0 0 1
250	3	1 1 1 1 0 0 0 0 1 0 0 0 1 1 0 1 0 0 0 0
250	28	1 1 1 1 1 1 1 1 1 0 0 0 0 0 1 1 0 0 0 1
250	4	1 1 1 0 0 1 0 1 1 0 0 0 0 0 0 1 0 0 0 0
250	47	1 1 1 1 0 0 0 0 1 0 0 1 1 1 0 1 0 0 0 0
250	4	1 1 1 1 0 0 0 0 0 0 0 1 1 1 0 1 0 0 0 0
250	50	1 1 1 1 0 0 0 0 1 0 0 0 0 0 0 1 0 0 0 0
250	14	0 1 1 1 0 0 0 1 1 0 0 0 0 1 0 1 0 0 0 0
250	21	1 1 1 1 1 0 0 0 1 0 0 0 1 1 0 0 0 0 0 1
250	1	1 1 1 1 0 0 1 1 1 0 0 0 0 1 0 0 0 0 0 1
250	6	0 1 1 1 1 1 0 0 1 0 0 0 1 1 0 0 0 0 0 1
250	12	1 1 1 1 1 1 1 1 1 0 1 0 0 0 1 1 1 0 0 1
250	3	1 1 1 0 0 1 0 1 1 0 0 0 0 0 0 1 0 0 0 1
250	4	1 1 1 1 0 1 0 0 1 0 0 0 0 1 0 1 0 0 0 1
250	16	1 1 1 1 1 0 0 0 1 0 0 0 0 1 0 1 0 0 0 1
250	11	1 1 1 1 0 0 0 1 0 0 0 0 0 1 0 0 0 0 0 0
250	2	1 1 1 1 0 0 1 1 1 0 0 0 0 0 0 1 0 0 0 0
250	1	1 1 1 1 0 0 0 1 0 0 0 0 0 0 0 1 0 0 0 0
250	13	0 1 1 1 0 0 0 1 1 0 0 0 0 1 0 1 0 0 0 1
250	34	1 1 1 0 0 0 0 0 1 0 0 0 0 1 0 1 0 0 0 1
250	23	1 1 1 1 1 0 1 1 1 1 0 0 0 1 0 0 0 0 0 1
250	56	0 1 1 1 0 0 0 1 1 0 0 0 1 1 0 1 0 0 0 0
250	27	1 1 1 1 0 0 0 1 1 0 0 0 0 1 0 1 0 0 1 0
250	7	1 1 1 1 0 0 1 1 1 0 0 0 0 0 0 0 0 0 0 0
250	25	1 1 1 1 0 0 0 1 1 0 0 0 1 0 0 1 0 0 1 0
250	20	1 1 1 1 1 1 0 0 1 1 0 0 0 0 0 1 0 0 0 1
250	6	1 0 1 1 1 1 1 1 1 0 1 0 0 0 1 1 1 0 0 1
250	4	1 0 1 1 1 1 1 1 0 0 0 0 0 1 0 1 0 0 0 1
250	5	1 1 1 1 0 0 0 1 1 0 0 0 0 0 0 1 0 0 0 0
250	5	1 1 0 1 0 1 0 1 1 0 1 0 0 1 0 0 0 0 0 0
250	8	1 1 1 1 0 0 1 1 1 0 0 1 0 1 0 0 0 0 0 1
250	21	1 1 0 1 1 1 1 1 1 0 0 0 0 1 0 1 1 0 0 0
250	4	1 1 1 1 1 1 1 0 1 0 0 0 1 1 0 0 0 0 0 0
250	14	0 1 1 1 0 1 0 1 1 0 0 0 0 1 0 1 0 0 0 0
250	3	1 1 1 1 0 0 0 0 1 0 0 1 1 1 0 1 1 0 0 0
250	20	1 1 1 1 1 0 1 0 1 0 0 0 1 1 0 0 0 0 0 1
250	5	1 1 1 1 1 1 1 1 1 0 0 0 0 0 1 1 0 0 0 0
250	2	1 1 1 1 1 0 0 1 1 0 0 0 0 0 0 1 0 1 0 1
250	11	1 1 1 1 0 0 1 0 1 0 1 1 1 1 0 1 0 0 1 0
250	2	1 1 1 1 0 1 0 0 1 1 0 0 0 1 0 1 0 0 0 1
250	13	1 1 1 1 1 1 1 0 1 0 0 0 1 1 0 0 0 0 0 1
250	3	1 1 1 1 1 0 1 0 1 0 0 0 0 1 0 1 0 0 1 1
250	30	1 1 1 1 0 0 1 0 1 0 1 1 1 1 0 1 0 0 0 0
250	2	1 1 1 1 1 0 1 1 1 0 0 0 1 1 0 0 0 0 1 0
250	14	1 1 0 1 1 0 1 1 1 0 0 0 0 1 0 1 1 0 0 0
250	6	1 1 1 1 0 0 1 1 1 0 1 1 1 1 0 1 0 0 1 0
250	11	1 1 1 0 0 0 1 0 1 0 0 0 0 1 0 1 0 0 0 1
250	21	1 1 1 1 0 1 0 0 1 0 0 0 0 1 0 1 0 0 0 0
250	11	1 1 1 1 1 1 1 1 1 0 0 0 0 0 1 1 1 0 0 1
250	15	1 1 1 1 0 0 0 0 1 0 0 1 1 1 1 1 0 0 0 0
250	14	1 1 1 1 0 1 0 0 1 0 0 1 1 1 0 1 0 0 0 0
250	16	0 1 1 1 0 0 1 1 1 0 0 0 0 1 0 1 0 0 0 0
250	12	1 1 0 1 0 1 0 1 1 0 1 0 0 0 0 0 0 0 0 0
250	6	1 1 1 0 0 0 0 0 1 0 0 0 1 1 0 1 0 0 0 0
250	4	1 1 1 0 1 1 1 1 1 0 0 0 0 0 1 1 0 0 0 1
250	3	1 1 1 1 0 0 0 0 1 0 0 0 0 1 0 1 1 0 0 1
250	1	1 1 1 1 0 0 1 0 1 0 0 1 1 1 0 1 0 0 0 0
250	7	0 1 1 1 0 0 1 0 1 0 1 1 1 1 0 1 0 0 1 0
250	1	1 1 1 1 1 0 0 0 1 0 0 0 0 1 0 1 1 0 0 1
250	3	1 1 1 1 0 0 1 1 1 0 1 1 1 0 0 1 0 0 1 0
250	4	1 1 1 1 1 1 0 0 1 0 0 0 0 0 1 1 1 0 0 1
250	9	1 1 1 0 0 0 0 0 1 0 0 0 0 1 0 1 0 0 1 0
250	2	1 1 1 1 0 0 0 1 1 0 0 0 1 1 0 1 0 0 0 0
250	3	1 1 1 1 0 1 0 0 1 0 0 0 0 0 0 1 0 0 0 0
250	4	1 1 1 0 0 1 0 1 1 1 0 0 0 0 0 1 0 0 0 1
250	3	1 1 1 1 1 1 0 0 1 1 0 0 0 0 1 1 0 0 0 1
250	2	1 0 1 0 1 1 1 1 0 0 0 0 0 1 0 1 0 0 0 1
250	1	0 1 1 1 0 0 0 1 1 0 1 0 1 1 1 1 0 0 0 0
250	1	0 1 1 0 0 0 0 0 1 0 0 0 0 1 0 1 0 0 0 0
250	7	1 1 1 1 0 0 0 0 1 0 0 1 1 0 0 1 0 0 0 0
250	1	0 1 1 1 0 1 0 1 1 0 0 1 1 1 0 1 1 0 0 0
250	6	1 1 1 1 0 0 0 0 0 0 0 1 1 1 0 1 0 0 1 0
250	2	1 0 1 0 1 1 1 1 0 0 0 0 0 0 0 1 0 0 0 0
250	6	1 1 1 0 0 1 0 1 0 0 0 0 0 0 0 1 0 0 0 0
250	3	1 1 0 1 0 1 0 1 1 0 0 0 0 1 0 0 0 0 0 0
250	3	1 1 0 1 1 0 0 0 1 0 0 1 1 1 0 1 0 1 0 0
250	4	0 1 1 1 0 0 0 1 1 0 0 0 0 1 0 1 0 1 1 0
250	2	1 1 1 1 0 1 0 0 1 1 0 0 0 1 0 1 0 1 0 1
250	1	1 1 1 0 0 0 0 0 0 0 0 1 1 1 0 1 0 0 1 0
250	3	1 1 1 1 0 0 0 0 1 0 0 1 1 1 0 1 0 1 0 0
250	3	1 1 1 1 1 0 1 1 0 0 0 0 1 1 0 0 0 0 1 0
250	2	1 0 1 1 1 1 1 1 1 0 0 0 0 0 1 1 1 0 0 1
250	3	1 1 1 0 0 0 0 0 1 0 0 0 0 1 0 0 0 0 0 1
250	4	1 1 1 1 0 0 0 0 1 0 0 0 1 1 0 0 0 0 0 1
250	1	1 1 1 0 0 1 0 1 1 0 0 1 0 0 0 1 0 0 0 0
250	2	1 0 1 1 0 0 0 0 1 0 0 0 0 0 0 1 0 0 0 0
250	1	1 1 1 1 1 1 0 0 1 0 0 0 1 1 0 0 0 0 0 1
250	6	1 1 1 1 0 0 0 0 1 0 0 1 1 1 0 0 0 0 0 1
250	3	1 1 1 1 0 0 0 0 1 0 0 0 0 0 0 0 0 0 0 1
250	2	1 1 1 1 1 0 0 0 1 0 0 0 0 1 0 1 0 1 1 0
250	5	1 1 1 1 1 0 1 0 1 0 1 1 1 1 0 1 0 0 1 0
250	6	1 1 1 0 0 0 0 0 1 0 1 0 0 1 0 0 0 0 0 0
250	1	1 1 1 1 1 0 1 1 1 1 0 0 1 1 1 1 0 0 0 0
250	1	1 1 1 1 0 0 0 1 1 0 0 0 0 1 0 1 0 0 0 0
250	3	1 1 1 0 0 1 0 1 1 1 0 0 0 0 0 0 0 0 0 1
250	3	1 1 1 0 0 0 0 0 1 0 1 0 0 1 0 1 0 0 0 0
250	1	1 1 1 1 1 0 0 1 1 0 0 1 0 0 0 1 0 0 0 1
250	4	1 1 1 1 0 0 1 0 0 0 0 1 1 1 0 1 0 0 0 0
250	8	1 1 1 1 1 0 1 1 1 0 1 0 0 0 1 1 1 0 0 1
250	3	0 1 1 1 0 0 0 1 1 0 0 0 1 1 0 1 0 0 0 1
250	3	1 1 1 1 0 0 0 1 1 0 0 0 1 1 0 1 0 0 1 0
250	1	1 1 1 1 1 0 0 1 1 0 0 0 0 0 1 1 0 0 0 0
250	1	0 1 1 1 0 0 0 1 1 0 0 0 1 1 0 0 0 0 0 0
250	3	1 1 1 1 0 0 0 0 1 0 0 0 1 0 0 1 0 0 0 0
250	2	1 1 1 1 1 0 0 0 0 0 0 0 1 1 0 0 0 0 0 1
250	4	1 1 1 1 1 0 0 0 1 1 0 0 0 1 0 1 0 0 0 1
250	2	0 1 1 1 0 0 0 1 1 0 0 1 1 1 0 1 0 0 0 0
250	1	1 1 1 1 0 0 1 1 1 0 0 0 0 0 0 0 1 0 0 0
250	1	1 1 1 1 0 0 0 1 1 0 0 0 1 0 0 1 0 0 0 0
250	6	0 1 1 1 0 1 0 1 1 0 0 1 0 1 0 1 0 0 0 0
250	7	1 0 1 1 1 1 1 1 1 0 0 0 0 0 1 1 0 0 0 0
250	1	1 1 1 1 1 0 1 0 1 0 0 0 0 1 0 1 1 0 1 1
250	1	1 1 1 1 0 1 0 0 1 0 0 0 0 1 0 1 0 1 0 0
250	3	1 0 1 0 1 1 1 1 0 0 0 0 0 1 0 1 1 0 0 1
250	3	1 1 1 0 0 0 0 0 0 0 0 1 1 1 0 1 0 0 0 0
250	1	0 1 1 1 1 0 1 0 1 0 0 0 1 1 0 0 0 0 0 1
250	1	0 1 1 1 0 0 0 1 1 0 0 0 1 1 0 1 0 0 1 0
250	2	0 1 1 1 0 1 0 1 1 1 0 0 0 0 0 1 0 0 0 1
250	2	1 1 1 1 0 1 0 0 1 0 0 0 0 0 1 1 0 0 0 1
250	1	1 1 1 0 1 1 1 1 1 0 0 0 0 1 0 0 0 0 1 0
250	2	1 1 1 1 0 0 0 1 1 0 0 0 0 0 1 1 1 0 0 1
250	1	1 1 1 1 0 0 0 1 1 0 0 0 0 0 0 1 0 0 0 1
250	1	1 1 1 0 1 0 0 1 1 0 0 0 0 0 0 1 0 0 0 1
250	4	1 1 1 1 1 1 1 1 1 0 0 0 0 0 1 0 0 0 0 1
250	1	1 1 0 1 0 0 0 0 1 0 0 1 1 1 0 1 0 0 0 0
250	1	1 0 1 1 0 0 0 0 1 0 0 1 1 1 0 1 0 0 0 0
250	1	1 1 1 1 1 0 0 1 1 0 0 0 1 1 0 0 0 0 0 1
250	2	1 1 1 1 1 1 0 0 1 1 0 0 0 1 0 1 0 0 0 1
250	1	1 1 1 1 0 0 1 0 1 0 1 1 1 1 0 0 0 0 0 0
250	1	0 1 1 1 0 0 1 1 1 0 0 0 0 1 0 1 1 0 0 0
250	1	1 1 0 1 0 1 0 1 1 0 1 0 0 0 1 0 0 0 0 0
250	2	1 1 1 0 0 0 0 0 1 0 0 0 1 1 1 1 0 0 0 0
300	9	1 1 1 0 0 0 0 0 1 0 0 0 0 1 0 1 0 0 0 0
300	87	1 1 1 1 0 0 0 0 1 0 0 1 1 1 0 1 0 0 0 0
300	16	1 1 1 1 0 0 0 0 1 0 0 0 0 0 0 1 0 0 0 0
300	7	0 1 1 1 0 0 0 1 1 0 0 0 0 1 0 1 0 0 0 0
300	24	1 1 1 1 0 0 0 1 0 0 0 0 0 1 0 0 0 0 0 0
300	40	0 1 1 1 0 0 0 1 1 0 0 0 1 1 0 1 0 0 0 0
300	52	1 1 1 1 1 1 0 0 1 1 0 0 0 0 0 1 0 0 0 1
300	5	1 1 0 1 1 1 1 1 1 0 0 0 0 1 0 1 1 0 0 0
300	36	1 1 1 1 1 0 1 0 1 0 0 0 1 1 0 0 0 0 0 1
300	4	1 1 1 1 0 0 1 0 1 0 1 1 1 1 0 1 0 0 0 0
300	23	1 1 1 0 0 0 0 0 1 0 0 0 1 1 0 1 0 0 0 0
300	18	1 1 1 0 0 0 0 0 1 0 0 0 0 1 0 1 0 0 1 0
300	56	1 1 1 1 1 0 1 1 0 0 0 0 1 1 0 0 0 0 1 0
300	24	1 1 1 1 0 0 0 0 1 0 0 1 1 1 0 0 0 0 0 1
300	14	1 1 1 1 0 0 1 0 0 0 0 1 1 1 0 1 0 0 0 0
300	7	1 1 0 0 0 1 0 1 1 0 1 0 0 0 1 0 0 0 0 0
300	17	1 1 1 1 1 1 0 0 1 1 0 0 0 0 0 1 0 0 1 0
300	14	1 1 1 1 1 0 1 1 1 1 0 0 0 1 0 0 0 0 0 0
300	4	1 1 1 1 1 0 1 1 1 0 0 0 0 1 0 1 0 0 0 0
300	2	1 1 1 1 1 0 0 0 0 0 0 0 0 1 0 0 0 0 0 0
300	53	1 1 1 1 0 0 0 0 1 0 0 0 0 1 0 1 0 0 0 0
300	11	1 1 1 1 0 0 1 0 0 0 0 1 1 1 0 1 1 0 0 0
300	5	1 1 1 1 1 1 1 1 1 0 1 0 0 0 1 1 1 0 0 0
300	6	1 1 1 1 1 0 0 0 1 0 0 1 1 1 0 1 0 0 0 1
300	8	1 1 0 0 0 0 0 0 1 0 0 0 0 1 0 1 0 0 0 0
300	32	1 1 1 1 1 0 1 0 1 0 1 0 1 0 1 1 1 0 0 1
300	15	1 1 1 1 1 1 0 0 1 0 0 0 1 1 0 1 0 0 0 0
300	15	1 1 1 1 1 0 1 0 1 0 0 0 0 1 0 1 1 0 0 1
300	44	1 1 1 1 0 0 0 1 1 0 0 0 0 1 0 0 0 0 0 0
300	5	1 1 1 1 1 0 1 1 1 0 0 0 0 1 1 1 0 0 0 0
300	10	1 1 1 1 1 0 0 0 1 0 0 1 1 1 0 1 0 0 0 0
300	10	1 1 1 0 0 0 0 0 0 0 0 0 0 1 0 1 0 0 0 0
300	14	1 1 1 1 1 0 1 1 1 1 0 0 0 1 0 1 0 0 0 0
300	3	1 1 1 1 1 0 1 1 0 1 0 0 0 1 0 1 0 0 0 1
300	7	1 1 1 1 0 0 1 0 0 0 0 1 1 1 0 1 0 0 0 1
300	1	1 1 1 1 1 1 0 0 1 1 0 0 0 1 0 1 0 0 1 0
300	6	1 1 1 1 1 1 0 0 1 0 0 0 0 1 0 1 0 0 0 0
300	5	1 1 1 1 1 1 1 1 1 0 1 0 1 0 1 1 1 0 0 0
300	1	1 1 1 1 1 0 1 1 1 0 0 0 0 1 0 1 0 0 0 1
300	7	1 1 1 1 0 1 0 0 1 0 0 0 0 0 0 1 0 0 0 0
300	8	1 1 1 1 1 0 1 1 1 0 0 0 0 0 0 0 0 0 0 0
300	4	1 1 1 1 1 1 0 0 1 1 0 0 0 0 0 1 0 0 0 0
300	22	1 1 1 1 0 0 0 0 1 0 0 0 0 0 1 1 0 0 0 0
300	10	1 1 1 1 0 0 1 1 0 0 0 0 0 1 0 0 0 1 0 0
300	2	1 1 1 0 0 0 0 0 1 0 0 0 0 0 1 1 0 0 0 0
300	3	1 1 1 1 1 1 1 1 1 0 1 0 0 1 0 0 0 0 0 0
300	9	0 1 1 1 0 1 0 0 1 1 0 1 0 0 0 1 0 0 0 1
300	1	1 1 1 0 0 0 0 0 1 1 0 0 0 1 0 1 0 0 0 1
300	2	1 1 1 1 1 0 1 1 0 0 0 0 0 0 0 0 0 0 0 0
300	16	1 1 1 1 0 0 0 1 0 0 1 0 1 1 0 0 0 0 0 1
300	2	1 1 1 1 0 0 1 0 1 0 0 0 0 1 0 1 0 0 0 0
300	24	0 1 1 1 0 1 0 0 1 1 0 0 0 0 0 1 0 0 0 0
300	6	1 1 1 1 0 0 0 0 1 0 1 1 1 1 0 1 0 0 0 0
300	1	1 1 1 1 1 1 0 0 1 0 0 0 1 0 0 1 0 0 0 0
300	6	1 1 1 1 1 0 1 1 1 1 0 0 1 1 0 1 0 0 0 0
300	5	1 1 1 1 1 0 0 0 1 1 0 0 0 0 0 1 0 0 0 1
300	5	1 1 1 1 1 1 0 0 0 1 0 0 0 0 0 1 0 0 0 1
300	6	1 1 1 1 0 0 0 1 0 0 0 0 0 1 0 1 1 0 0 0
300	4	1 1 1 1 1 0 1 1 0 0 0 0 0 1 0 0 0 0 0 0
300	6	0 1 1 1 0 1 0 0 1 1 0 0 0 0 1 1 0 0 0 1
300	6	1 1 1 1 1 1 0 0 1 0 0 0 0 1 0 0 0 0 0 0
300	6	1 1 1 1 1 0 1 1 0 0 0 0 1 0 0 0 0 0 1 0
300	7	1 1 1 1 0 0 0 1 0 0 0 0 0 0 0 1 0 0 0 0
300	2	1 1 1 1 0 0 0 0 0 0 0 1 1 1 0 1 0 0 0 0
300	4	1 1 1 1 0 0 1 0 0 0 0 1 1 1 0 0 1 0 0 0
300	5	1 1 1 0 0 0 1 1 0 0 0 0 0 1 0 0 0 1 0 0
300	3	1 1 1 1 0 1 0 0 1 0 0 0 0 1 0 0 0 0 0 0
300	3	1 1 1 1 0 0 0 0 1 1 0 0 0 0 0 1 0 0 0 0
300	7	1 1 1 1 0 0 0 0 1 0 0 1 1 1 0 1 0 0 0 1
300	6	1 1 1 0 1 0 1 1 1 0 0 0 0 1 0 1 0 0 0 0
300	3	1 1 1 1 0 0 0 0 1 0 0 0 1 1 0 0 0 0 1 0
300	2	1 1 1 1 0 0 1 0 1 0 0 0 0 1 0 1 0 0 1 0
300	3	1 1 1 0 0 0 0 0 1 0 1 0 0 1 0 1 0 0 0 0
300	3	1 1 1 1 0 0 0 0 1 1 0 1 1 1 0 1 0 0 0 0
300	3	0 0 1 1 0 1 0 0 1 1 0 1 0 0 0 1 0 0 0 1
300	1	1 1 1 1 0 0 0 1 0 1 0 0 0 1 0 1 0 0 0 1
300	1	0 1 1 1 0 0 1 0 1 0 1 1 1 1 0 1 0 0 0 1
300	2	1 1 1 0 1 0 1 0 1 0 0 0 1 1 0 0 0 0 0 1
300	6	1 1 1 1 0 0 0 1 1 0 0 0 0 1 1 0 0 0 0 0
300	1	1 1 1 1 1 1 0 0 1 1 0 0 0 1 0 1 1 0 0 0
300	4	1 1 0 0 0 0 0 0 1 1 0 0 0 1 0 0 0 0 0 0
300	1	1 1 0 1 0 0 0 1 0 0 0 0 0 1 0 0 0 0 0 0
300	6	1 1 1 1 1 0 1 1 0 0 0 0 1 1 0 0 1 0 1 0
300	2	1 1 1 0 1 1 0 0 1 1 0 0 0 0 0 1 0 0 1 0
300	4	1 1 1 1 1 0 1 1 1 1 0 0 0 1 0 0 0 0 1 0
300	2	1 1 1 1 0 0 0 1 1 1 0 0 0 1 0 0 0 0 0 0
300	1	0 1 1 1 0 0 0 1 0 0 1 0 1 1 0 0 0 0 0 1
300	5	0 1 1 1 0 0 0 0 1 1 0 1 1 1 0 1 0 0 0 0
300	3	1 1 1 0 0 0 1 0 0 0 0 1 1 1 0 1 0 0 0 1
300	2	1 1 1 1 0 0 1 1 0 0 0 0 0 1 0 1 1 0 0 0
300	1	1 1 0 1 0 0 0 0 1 0 0 0 0 0 0 1 0 0 0 0
300	2	1 1 1 1 0 0 0 0 1 0 0 0 0 0 0 0 0 0 0 0
300	1	0 1 1 1 1 0 1 1 0 0 0 0 1 1 0 0 0 0 1 0
300	4	1 1 1 1 0 0 0 0 1 0 0 1 1 1 0 0 1 0 0 1
300	2	1 1 1 1 0 0 1 0 0 0 0 0 1 1 0 1 0 0 0 0
300	1	1 1 1 1 1 1 0 0 1 0 0 0 0 0 0 1 0 0 1 0
300	1	0 1 1 1 0 0 0 1 1 0 0 0 0 1 0 0 0 0 0 0
300	1	1 1 1 1 0 0 1 1 0 0 0 1 1 1 0 1 0 0 0 1
300	3	0 1 1 1 0 1 0 0 1 1 0 0 1 0 0 1 0 0 0 0
300	1	1 1 1 1 0 1 0 0 1 1 0 1 0 0 0 1 0 0 0 1
300	3	1 1 1 1 1 0 1 0 1 0 0 0 0 1 0 1 0 0 1 0
300	2	1 1 1 1 0 0 0 0 1 0 0 0 0 0 1 1 1 0 0 0
300	1	1 1 1 1 0 0 0 0 1 0 0 0 0 1 0 1 0 0 0 1
300	1	1 1 1 1 0 0 1 0 1 0 0 1 1 1 0 1 0 0 0 0
300	1	1 0 1 1 0 0 0 1 0 0 0 0 0 1 0 0 0 0 0 0
300	1	1 1 1 1 0 0 1 1 0 0 0 0 1 1 0 0 0 0 1 0
300	4	1 1 1 1 0 0 0 0 1 0 0 1 1 1 1 0 0 0 0 1
300	2	1 1 1 1 1 0 1 1 0 1 0 0 0 1 0 0 0 0 0 0
300	2	1 1 1 1 1 0 1 1 1 1 0 0 1 1 0 0 0 0 0 0
300	1	1 1 1 1 0 0 1 0 0 0 0 1 1 1 1 1 0 0 0 1
300	2	0 1 1 1 0 1 0 0 1 1 0 1 0 0 1 1 0 0 0 1
350	38	1 1 1 0 0 0 0 0 1 0 0 0 0 1 0 1 0 0 0 0
350	2	1 1 1 1 0 0 0 0 1 0 0 1 1 1 0 1 0 0 0 0
350	55	1 1 1 1 1 1 0 0 1 1 0 0 0 0 0 1 0 0 0 1
350	4	1 1 1 1 1 0 1 0 1 0 0 0 1 1 0 0 0 0 0 1
350	93	1 1 1 1 0 0 0 0 1 0 0 0 0 1 0 1 0 0 0 0
350	23	1 1 1 1 1 0 0 0 1 0 0 1 1 1 0 1 0 0 0 1
350	51	1 1 1 1 0 0 0 1 1 0 0 0 0 1 0 0 0 0 0 0
350	11	1 1 1 1 0 0 0 0 1 0 0 0 0 0 1 1 0 0 0 0
350	1	1 1 1 1 0 0 0 0 1 0 0 0 0 1 1 1 0 0 0 0
350	6	1 1 1 1 0 0 0 0 1 0 1 0 1 1 0 1 0 0 0 0
350	28	1 1 1 1 0 0 0 0 1 0 0 0 0 1 0 0 0 0 0 0
350	14	1 1 1 1 1 0 1 0 1 1 0 0 1 1 0 1 0 0 0 0
350	4	0 1 1 1 0 0 0 0 1 0 0 0 0 1 0 1 0 0 0 0
350	4	1 1 1 1 0 0 0 1 1 0 0 0 1 1 0 1 0 0 0 0
350	1	1 1 1 1 0 0 0 1 1 0 0 1 0 1 0 0 0 0 0 0
350	10	1 1 1 1 1 0 1 0 1 0 0 0 0 1 0 1 0 0 0 0
350	3	1 1 1 0 1 0 0 0 1 0 1 0 1 1 0 0 1 0 0 1
350	14	1 1 1 0 0 0 0 1 1 0 0 0 0 1 0 0 0 0 0 0
350	14	0 1 1 1 0 0 0 0 1 0 0 0 0 1 1 1 0 0 0 0
350	21	1 1 1 1 0 0 0 0 1 0 0 0 0 0 0 1 0 0 0 1
350	17	0 1 1 1 0 1 0 0 1 0 0 1 0 1 0 1 0 0 0 0
350	12	1 1 1 1 1 0 1 0 1 0 0 0 0 1 0 0 0 0 0 0
350	12	1 1 1 1 0 0 0 0 1 1 0 0 0 1 0 1 0 0 0 0
350	2	1 1 1 1 1 0 0 0 1 1 0 0 0 1 0 1 0 0 0 0
350	15	1 1 1 1 0 0 0 0 1 0 0 0 0 1 0 1 1 0 0 0
350	1	1 1 1 1 1 0 1 0 1 0 0 0 1 1 0 1 0 0 0 1
350	4	1 1 1 1 0 0 0 0 0 0 0 0 0 1 0 1 0 0 0 0
350	1	1 1 1 1 0 0 0 0 1 0 0 0 0 0 1 1 0 1 0 0
350	17	1 1 1 0 1 1 0 1 1 1 0 0 1 1 0 1 0 0 0 0
350	26	1 0 1 1 1 1 0 0 1 1 0 0 0 0 0 1 0 0 0 1
350	5	1 1 1 1 0 0 0 1 1 0 0 0 0 1 0 0 0 1 0 0
350	35	1 1 1 1 0 0 0 1 1 0 0 0 0 1 0 0 0 0 1 0
350	4	1 1 1 1 1 0 0 0 0 0 0 0 0 1 0 1 0 0 0 0
350	10	1 1 1 1 1 0 1 0 1 0 0 0 1 1 0 1 0 0 0 0
350	19	1 1 0 1 1 1 0 0 1 0 0 0 0 1 0 1 0 0 0 0
350	1	1 1 1 1 1 0 1 0 1 0 0 0 1 1 0 0 0 0 0 0
350	22	1 1 1 1 0 1 0 0 1 0 0 0 0 1 0 0 0 0 0 0
350	15	1 1 1 1 0 0 1 1 0 0 0 1 1 1 0 1 1 0 0 0
350	2	1 1 1 1 1 1 1 0 1 1 0 0 1 1 0 1 0 0 0 0
350	8	1 1 0 1 0 1 0 0 1 1 0 0 0 0 1 0 0 0 0 0
350	4	0 1 1 1 0 0 0 0 1 0 0 0 0 1 0 1 1 0 0 0
350	14	1 1 1 1 0 0 1 1 0 0 0 1 1 1 0 1 1 0 1 0
350	1	1 1 1 1 1 1 1 0 1 1 0 0 1 1 0 1 0 0 1 0
350	24	1 1 1 1 0 0 0 1 0 0 0 0 0 1 0 1 0 0 0 0
350	2	1 1 1 1 0 0 0 1 1 0 0 0 0 0 0 1 0 0 0 1
350	24	1 1 1 1 1 1 0 1 1 1 0 0 0 0 0 1 0 0 0 1
350	6	1 1 1 1 1 1 0 0 1 1 0 1 0 0 0 1 0 0 0 1
350	6	1 1 1 1 1 0 1 0 1 0 1 0 1 1 0 1 0 0 0 0
350	6	1 1 1 1 0 0 0 0 1 0 0 1 0 1 0 1 0 0 0 0
350	6	1 1 1 1 0 0 0 0 1 0 0 0 0 1 0 1 0 0 0 1
350	2	1 1 1 1 0 0 0 1 0 0 1 0 0 1 0 0 0 0 0 1
350	2	1 1 1 1 0 1 0 0 1 0 0 0 0 1 0 1 0 0 0 0
350	4	1 1 1 1 1 0 0 0 0 0 0 0 0 1 0 0 0 1 0 0
350	25	1 1 1 1 0 0 0 0 1 0 1 0 1 1 0 1 0 1 0 0
350	4	1 1 1 1 0 0 1 0 1 0 0 0 0 0 0 1 0 0 0 1
350	8	1 1 1 1 0 0 0 0 0 0 0 0 0 1 0 1 0 1 0 0
350	12	1 1 1 1 1 1 0 0 1 1 0 0 0 0 0 1 0 0 0 0
350	2	1 1 1 1 0 0 0 0 1 0 1 0 1 1 0 0 0 0 0 0
350	2	1 1 1 1 0 0 0 0 1 1 1 0 0 0 0 1 0 0 0 0
350	3	1 1 1 1 1 0 1 0 1 0 1 1 1 0 0 1 1 0 0 1
350	3	0 1 1 0 0 0 0 0 0 0 0 0 0 1 0 1 0 0 0 0
350	5	1 1 1 0 0 0 0 0 1 0 0 0 1 1 0 0 0 0 0 0
350	7	1 1 0 1 0 0 0 0 1 0 0 0 0 1 0 1 0 0 0 0
350	6	1 1 1 0 1 0 0 0 1 0 0 0 1 1 0 0 0 0 0 0
350	7	1 1 1 1 0 0 0 1 0 0 0 0 1 0 0 0 0 0 0 1
350	3	1 1 1 1 1 1 0 0 1 1 0 0 0 0 0 1 0 1 0 0
350	4	1 1 0 1 1 1 0 0 1 0 0 0 0 0 1 1 0 0 0 0
350	11	1 1 1 1 0 0 0 0 1 0 1 0 0 1 0 0 0 0 0 0
350	1	1 1 1 1 0 0 0 1 0 0 0 0 0 1 0 1 0 1 0 0
350	1	0 1 1 1 1 1 0 0 1 1 0 0 0 0 0 1 0 0 0 0
350	1	1 1 1 1 1 0 1 0 1 1 1 0 1 1 0 1 0 0 0 0
350	4	0 1 1 1 0 0 1 0 1 0 0 0 0 1 1 1 0 0 0 0
350	3	1 1 0 1 1 0 1 0 1 0 0 0 0 1 0 1 0 0 1 0
350	4	0 1 1 1 1 0 0 0 1 1 0 0 0 0 0 1 0 0 0 1
350	8	1 1 1 0 0 1 0 0 1 0 0 0 0 0 1 1 0 0 0 0
350	3	1 1 1 1 1 0 1 0 1 0 0 0 0 0 0 1 0 0 0 1
350	6	1 1 1 0 1 0 0 0 1 0 0 0 0 1 0 0 0 0 0 0
350	7	1 0 1 1 1 1 0 0 1 1 0 0 0 0 0 1 0 0 0 0
350	8	1 1 1 1 0 0 1 0 1 0 0 0 0 1 0 1 0 0 0 0
350	1	1 1 1 1 1 0 0 0 1 0 0 1 0 1 0 1 0 0 0 1
350	2	1 1 1 1 0 1 0 0 1 0 0 0 0 1 0 1 1 0 0 0
350	13	1 1 1 0 1 0 1 0 1 0 0 0 1 1 0 1 0 0 0 0
350	1	1 1 1 1 1 1 0 0 1 1 0 0 0 0 0 1 0 0 1 1
350	1	1 1 1 1 0 0 0 1 1 0 0 0 0 1 0 0 0 0 0 1
350	8	1 1 1 1 1 0 0 0 0 0 0 0 0 0 0 0 0 1 0 0
350	1	1 1 1 1 0 0 1 0 1 0 1 1 1 0 0 1 1 0 0 1
350	2	1 1 0 1 1 0 1 0 1 1 0 0 0 1 0 1 0 0 0 0
350	2	1 1 1 1 1 1 0 0 1 1 0 0 0 1 0 0 0 0 0 1
350	5	1 1 1 1 1 0 1 0 1 1 0 0 0 0 0 1 0 0 0 0
350	1	1 1 1 1 1 0 0 0 1 0 0 0 0 1 0 0 0 0 0 0
350	1	1 1 0 1 1 1 0 0 1 0 0 0 0 1 0 1 0 0 1 0
350	4	1 1 1 1 0 0 0 0 1 0 0 0 0 1 0 0 0 1 0 0
350	1	1 1 1 1 0 1 0 0 0 0 0 0 0 1 0 1 0 1 0 0
350	3	1 1 1 1 1 1 0 0 1 1 1 0 0 0 0 1 0 0 0 1
350	3	1 1 1 0 0 0 0 0 1 0 1 0 1 1 0 1 0 0 0 0
350	5	1 1 1 1 1 0 0 0 1 1 0 0 1 1 0 1 0 0 0 0
350	1	1 1 1 1 0 0 0 0 1 0 1 0 0 1 0 1 1 0 0 0
350	5	0 1 1 1 1 0 1 0 1 0 0 0 1 1 0 0 0 0 0 0
350	1	1 1 1 0 1 0 0 0 1 0 0 0 0 1 0 1 1 0 0 0
350	2	1 1 1 0 0 0 0 0 1 0 0 0 0 1 1 1 0 0 0 0
350	3	1 1 1 1 0 0 0 0 1 0 0 0 0 0 1 1 0 1 1 0
350	4	1 1 0 1 1 1 0 0 1 0 1 0 0 1 0 1 0 0 0 0
350	2	1 1 1 1 1 0 0 0 0 1 0 0 0 1 0 0 0 1 0 0
350	2	1 1 1 1 0 0 0 1 1 0 0 0 0 0 0 1 0 0 0 0
350	2	1 1 1 1 0 0 0 1 0 0 0 0 0 1 0 0 0 0 0 0
350	3	1 1 1 1 0 0 0 1 0 0 0 0 1 1 0 1 0 0 0 0
350	1	0 1 1 1 1 1 0 0 1 1 0 0 0 0 0 1 0 0 0 1
350	2	1 1 1 0 1 1 0 0 1 1 0 0 0 0 0 1 0 0 0 1
350	4	0 1 1 1 0 0 0 0 1 1 0 0 0 1 1 1 0 0 0 0
350	3	0 1 1 1 0 0 0 0 1 0 0 1 0 1 0 1 0 0 0 0
350	6	1 1 1 1 0 0 0 0 0 0 0 0 0 1 1 1 0 0 0 0
350	2	1 1 0 1 0 0 0 0 0 0 0 0 0 1 0 1 0 0 0 0
350	3	1 1 1 1 0 0 0 1 1 0 0 1 0 1 0 0 0 0 1 0
350	1	1 1 1 1 1 1 0 0 1 0 0 0 0 0 0 1 0 0 0 0
350	2	1 1 1 1 1 1 0 0 1 1 0 0 0 1 0 1 0 0 1 1
350	2	1 1 1 1 0 0 1 1 1 0 1 1 1 0 0 1 1 0 0 1
350	1	1 1 1 1 0 0 1 1 0 0 0 0 0 1 0 0 0 0 0 0
350	1	1 1 1 1 0 0 1 0 1 0 0 0 1 1 0 1 0 0 0 0
350	2	1 1 1 1 1 0 0 0 0 1 0 0 0 1 0 1 0 0 0 0
350	2	1 1 1 1 0 0 1 0 1 1 0 0 1 1 0 1 0 0 0 0
350	1	1 1 1 0 0 0 0 1 1 0 0 0 0 1 0 0 0 0 1 0
350	1	1 0 1 1 0 0 0 0 1 0 0 0 0 0 0 1 0 0 0 1
350	5	1 1 1 1 0 0 0 1 1 0 0 0 0 0 0 0 0 0 1 0
350	1	1 1 1 1 0 1 0 0 1 0 0 0 0 1 1 0 0 0 0 0
350	2	1 1 1 1 0 1 0 0 1 0 0 0 0 1 0 0 0 1 0 0
350	1	1 1 1 1 0 0 0 0 0 0 0 0 0 1 1 1 0 1 0 0
350	3	1 1 1 0 0 0 0 0 1 1 0 0 1 1 0 0 0 0 0 0
350	1	1 1 1 1 1 0 0 1 1 0 0 0 0 0 0 1 0 0 0 0
400	41	1 1 1 0 0 0 0 0 1 0 0 0 0 1 0 1 0 0 0 0
400	62	1 1 1 1 0 0 0 0 1 0 0 0 0 1 0 1 0 0 0 0
400	60	1 1 1 1 0 0 0 0 1 0 0 0 0 1 0 0 0 0 0 0
400	62	1 1 1 1 1 0 1 0 1 1 0 0 1 1 0 1 0 0 0 0
400	2	0 1 1 1 0 1 0 0 1 0 0 1 0 1 0 1 0 0 0 0
400	5	1 1 1 1 1 0 1 0 1 0 0 0 0 1 0 0 0 0 0 0
400	10	1 1 1 1 0 0 0 0 1 1 0 0 0 1 0 1 0 0 0 0
400	9	1 1 1 1 0 0 0 1 1 0 0 0 0 1 0 0 0 1 0 0
400	11	1 1 1 1 0 0 0 1 1 0 0 0 0 1 0 0 0 0 1 0
400	6	1 1 0 1 1 1 0 0 1 0 0 0 0 1 0 1 0 0 0 0
400	37	1 1 1 1 0 1 0 0 1 0 0 0 0 1 0 0 0 0 0 0
400	18	1 1 1 1 1 1 0 1 1 1 0 0 0 0 0 1 0 0 0 1
400	2	1 1 1 1 1 1 0 0 1 1 0 1 0 0 0 1 0 0 0 1
400	26	1 1 1 1 0 0 0 0 1 0 0 1 0 1 0 1 0 0 0 0
400	8	1 1 1 1 0 0 0 0 1 0 1 0 1 1 0 0 0 0 0 0
400	5	1 1 1 1 0 0 1 0 1 0 0 0 0 1 0 1 0 0 0 0
400	3	1 1 1 0 1 0 1 0 1 0 0 0 1 1 0 1 0 0 0 0
400	27	1 1 1 1 0 0 0 0 1 1 0 0 0 1 0 0 0 0 0 0
400	22	1 1 1 1 1 0 0 0 1 0 0 0 0 0 0 1 0 0 0 1
400	10	0 1 1 1 0 1 0 0 1 0 0 0 0 1 0 1 0 0 0 0
400	14	1 1 1 1 1 0 0 0 1 0 0 0 0 1 0 1 0 0 0 0
400	16	1 1 1 1 0 0 0 0 1 0 0 1 0 1 0 1 1 0 0 0
400	18	1 1 1 1 0 0 0 0 1 0 0 0 1 1 0 0 0 0 0 0
400	12	1 1 1 0 1 0 0 0 1 1 0 0 0 1 0 1 0 0 0 0
400	15	1 1 0 1 1 1 0 0 1 1 0 0 0 1 0 0 0 0 0 0
400	23	1 1 1 0 0 0 1 0 1 0 0 0 0 1 1 1 0 0 0 0
400	9	1 1 1 1 0 0 0 0 1 0 0 0 0 0 0 1 0 0 0 0
400	1	1 1 1 1 1 1 0 1 1 0 0 0 0 1 0 0 0 0 0 0
400	42	1 1 1 1 1 1 1 0 1 1 0 0 1 1 0 1 0 0 0 0
400	16	1 1 1 0 0 0 0 0 1 0 0 1 0 1 0 1 0 0 0 0
400	5	1 1 1 1 1 1 0 0 1 0 0 0 0 0 0 1 0 0 0 1
400	8	1 1 1 0 1 1 1 1 1 0 0 0 1 1 1 1 0 0 0 0
400	3	1 1 1 1 1 0 1 0 1 1 0 0 1 1 1 1 0 0 0 0
400	19	1 1 1 1 0 0 0 0 1 0 0 0 1 1 0 1 0 0 0 0
400	27	1 1 1 1 0 1 0 0 1 0 0 0 0 1 0 1 0 0 0 0
400	9	1 1 1 0 0 0 1 0 1 0 0 1 0 1 0 0 0 0 1 0
400	6	1 1 1 1 0 0 0 1 1 0 0 0 0 1 0 1 0 0 0 0
400	18	1 1 1 0 1 1 0 1 1 0 0 0 1 1 0 1 0 0 0 0
400	8	1 1 1 0 0 0 0 0 1 0 0 0 0 1 0 1 0 0 1 0
400	2	1 1 0 1 0 0 0 0 1 0 0 0 0 1 0 1 0 0 0 0
400	7	1 1 1 0 0 1 0 0 1 1 0 1 1 1 0 1 0 0 0 1
400	2	1 1 1 1 0 0 0 0 1 0 0 0 0 1 0 0 0 1 0 0
400	9	1 1 1 1 0 1 0 0 1 0 0 0 0 1 0 0 0 1 0 0
400	5	1 1 1 1 1 0 0 0 1 0 0 0 0 0 1 1 0 0 0 0
400	10	1 1 1 0 1 1 1 1 1 0 0 0 1 1 1 1 0 0 0 1
400	8	1 1 1 1 0 0 0 1 1 0 0 0 1 1 0 1 0 0 0 0
400	2	1 1 1 1 0 0 1 0 1 0 0 0 1 1 0 0 0 0 0 0
400	2	1 1 0 1 1 1 0 0 1 1 0 0 0 1 0 0 0 0 0 1
400	3	1 1 1 1 0 0 1 0 1 1 0 0 0 1 0 1 0 0 0 1
400	5	1 1 1 0 1 0 0 0 1 0 0 0 1 1 0 1 0 0 0 0
400	15	1 1 1 1 0 1 0 0 1 0 0 0 0 1 0 0 0 1 0 1
400	2	1 1 1 1 1 0 1 0 1 0 0 0 0 0 0 0 0 0 0 0
400	1	1 1 0 1 1 1 0 0 1 1 1 0 0 1 0 0 0 0 0 0
400	3	1 1 0 1 1 1 0 0 1 1 0 0 0 1 0 1 0 0 0 1
400	5	1 1 1 0 1 0 1 0 1 1 0 0 1 1 0 1 0 0 0 0
400	12	1 1 1 0 0 0 1 0 0 0 0 0 0 1 1 1 0 0 0 0
400	3	1 1 0 1 0 0 0 0 1 0 1 0 0 1 0 0 0 0 0 0
400	1	1 1 1 0 0 0 0 0 1 0 1 0 1 1 0 0 0 0 0 0
400	20	1 1 1 1 1 1 0 0 1 1 0 0 0 0 0 1 0 0 0 0
400	5	1 1 1 1 1 0 1 0 1 0 0 0 0 0 0 1 0 0 0 1
400	4	1 1 1 1 1 0 1 0 1 0 0 0 0 1 0 1 0 0 0 0
400	2	1 1 1 1 1 0 0 0 1 1 0 0 1 1 0 1 0 0 0 0
400	4	1 1 1 0 1 0 1 0 1 0 0 0 0 1 0 1 0 0 0 0
400	5	1 1 1 0 0 0 1 0 1 1 0 0 0 1 0 1 0 0 0 0
400	14	1 1 1 1 1 0 0 0 1 0 0 0 0 0 0 1 0 0 0 0
400	8	1 1 1 0 0 0 0 0 1 0 0 0 0 1 0 0 0 0 0 0
400	4	1 1 1 0 0 0 1 0 1 0 0 0 1 1 1 1 0 0 0 0
400	2	1 1 1 1 1 1 1 0 1 0 0 0 0 0 0 1 0 0 0 1
400	4	1 1 1 1 0 0 1 1 1 1 0 0 0 0 0 0 0 0 0 0
400	1	1 1 1 1 0 0 1 0 1 1 0 0 1 1 0 1 1 0 0 0
400	1	1 1 1 1 0 1 0 0 1 0 0 0 0 1 1 0 0 0 0 1
400	1	1 1 1 1 1 1 0 0 1 1 0 0 0 1 0 0 0 0 0 1
400	3	1 1 0 1 1 1 0 1 1 1 0 0 0 0 0 1 0 0 0 1
400	9	1 1 1 1 1 1 0 1 1 1 0 1 0 0 0 1 0 0 0 1
400	4	1 1 1 1 1 0 0 0 1 1 0 0 0 1 0 0 0 0 0 1
400	5	1 0 1 1 1 1 0 0 1 1 0 0 0 0 0 1 0 0 0 0
400	2	1 1 1 1 0 0 0 0 1 0 0 0 0 1 0 1 1 0 0 0
400	3	1 1 1 0 1 1 0 1 1 1 0 0 0 0 0 1 0 0 0 1
400	1	1 1 1 1 1 0 0 0 1 0 0 0 0 0 0 1 1 0 0 1
400	5	1 1 1 1 1 1 0 1 1 1 0 0 0 0 0 1 0 0 0 0
400	2	1 1 1 1 1 0 1 0 1 0 0 0 1 1 0 1 0 0 0 0
400	8	1 1 1 1 0 0 0 0 1 0 0 0 1 1 1 1 0 0 0 1
400	5	1 1 1 0 0 0 0 0 1 0 0 0 0 1 0 1 0 0 0 1
400	1	1 1 1 1 1 1 0 1 1 1 0 0 1 0 0 1 0 0 0 1
400	4	1 1 1 0 0 0 1 0 1 0 0 0 0 1 1 0 0 0 0 0
400	1	1 1 1 1 1 1 0 1 1 0 0 0 0 1 0 0 0 1 1 0
400	2	1 1 1 1 0 0 0 0 1 0 0 0 0 1 0 0 0 0 0 1
400	3	1 0 1 0 0 0 0 0 1 0 0 0 0 1 0 1 0 0 0 0
400	7	1 1 1 1 0 0 0 0 1 0 0 0 0 1 0 1 0 1 0 0
400	2	1 0 1 1 0 0 0 0 1 0 0 0 0 1 0 1 0 0 0 0
400	8	1 1 1 1 1 0 1 0 0 1 0 0 1 1 0 1 0 0 0 0
400	8	1 1 1 1 0 0 0 0 1 0 1 0 1 1 0 1 0 0 0 0
400	2	1 1 1 1 1 0 0 0 1 0 0 0 1 1 0 1 0 0 0 0
400	3	1 1 1 1 0 0 0 0 1 0 0 0 0 1 0 1 0 0 1 0
400	3	1 1 1 0 0 0 1 0 1 0 1 0 1 1 1 1 0 0 0 0
400	3	1 1 1 1 1 0 0 0 1 0 0 0 0 1 0 0 0 0 0 1
400	1	1 1 1 1 0 0 1 0 1 1 1 0 1 1 0 1 0 0 0 0
400	1	1 1 1 1 0 0 0 0 1 0 0 0 0 0 0 1 0 0 0 1
400	2	1 1 1 1 1 1 0 1 1 1 0 0 1 1 0 1 0 0 0 0
400	3	1 1 1 1 1 0 0 0 1 0 0 0 0 1 0 0 0 0 0 0
400	2	1 1 1 1 1 0 1 0 1 1 0 0 1 0 0 1 0 0 0 0
400	1	1 1 1 1 1 1 0 1 1 1 0 0 0 1 0 1 0 0 0 1
400	3	1 1 1 1 0 0 0 1 1 0 0 1 0 1 0 1 0 0 0 0
400	1	1 1 1 0 1 1 1 0 1 1 0 0 1 1 0 1 0 0 0 0
400	4	1 1 1 0 1 1 0 0 1 0 0 0 1 1 0 1 0 0 0 0
400	3	1 1 1 1 1 0 1 0 1 1 0 0 0 1 0 1 0 0 0 0
400	1	1 1 1 1 1 0 1 0 1 1 0 0 0 1 0 0 0 0 0 0
400	1	1 1 0 1 1 1 0 0 1 0 0 0 0 1 1 1 0 0 0 0
400	1	1 1 1 0 0 0 1 0 1 0 0 0 0 1 0 1 0 0 0 0
400	1	1 1 1 0 0 0 1 0 0 0 0 0 0 1 0 1 0 0 0 0
400	2	1 0 1 1 0 0 0 1 1 0 0 0 0 1 0 0 0 0 1 0
400	1	0 1 1 1 0 1 0 0 1 0 0 0 0 1 0 0 0 0 0 0
400	1	1 1 1 1 0 0 0 0 1 0 0 1 0 1 0 1 0 1 0 0
400	2	1 1 1 1 0 0 0 0 1 1 0 0 0 1 0 0 0 0 1 0
400	1	1 1 1 1 0 0 1 0 1 0 0 0 0 1 1 1 0 0 0 0
400	1	1 1 1 1 1 1 1 0 1 1 0 0 1 1 0 0 0 0 0 0
400	2	1 1 1 1 0 1 0 0 1 0 0 0 1 1 0 1 0 0 0 0
400	1	1 1 1 1 0 1 0 1 1 0 0 0 0 1 0 1 0 0 0 0
400	3	1 1 1 1 0 0 1 1 1 1 0 0 0 1 0 0 1 0 0 0
450	14	1 1 1 0 0 0 0 0 1 0 0 0 0 1 0 1 0 0 0 0
450	40	1 1 1 1 0 0 0 0 1 0 0 0 0 1 0 1 0 0 0 0
450	36	1 1 1 1 0 0 0 0 1 0 0 0 0 1 0 0 0 0 0 0
450	21	1 1 1 1 1 0 1 0 1 1 0 0 1 1 0 1 0 0 0 0
450	54	1 1 1 1 0 0 0 0 1 1 0 0 0 1 0 1 0 0 0 0
450	28	1 1 1 1 1 1 0 1 1 1 0 0 0 0 0 1 0 0 0 1
450	3	1 1 1 1 0 0 0 0 1 1 0 0 0 1 0 0 0 0 0 0
450	24	1 1 1 1 0 0 0 0 1 0 0 1 0 1 0 1 1 0 0 0
450	14	1 1 1 1 0 0 0 0 1 0 0 0 1 1 0 0 0 0 0 0
450	31	1 1 1 0 1 0 0 0 1 1 0 0 0 1 0 1 0 0 0 0
450	13	1 1 1 0 0 0 1 0 1 0 0 0 0 1 1 1 0 0 0 0
450	29	1 1 1 0 0 0 0 0 1 0 0 1 0 1 0 1 0 0 0 0
450	58	1 1 1 1 0 0 0 0 1 0 0 0 1 1 0 1 0 0 0 0
450	31	1 1 1 1 0 1 0 0 1 0 0 0 0 1 0 1 0 0 0 0
450	11	1 1 1 1 0 1 0 0 1 0 0 0 0 1 0 0 0 1 0 1
450	15	1 1 1 1 1 0 0 0 1 1 0 0 0 1 0 0 0 0 0 1
450	26	1 1 1 1 0 0 0 0 1 0 1 0 1 1 0 1 0 0 0 0
450	8	1 1 1 1 1 0 0 0 1 1 0 0 0 1 0 1 0 0 0 0
450	1	1 1 1 1 1 0 1 0 1 0 1 0 0 1 0 1 0 0 0 0
450	36	1 1 1 1 1 1 0 0 0 0 0 0 0 1 0 1 0 0 0 0
450	10	1 1 1 1 0 1 0 0 1 1 0 0 0 1 0 0 0 0 0 0
450	11	0 1 1 0 1 1 0 0 1 0 0 1 1 1 0 1 0 0 0 0
450	3	1 1 1 1 1 0 1 0 0 1 0 0 1 1 0 1 0 0 0 0
450	13	1 1 1 0 0 0 0 0 1 0 0 0 1 1 1 1 0 0 0 0
450	28	1 1 1 1 1 0 0 0 1 0 0 1 0 1 0 1 1 0 0 0
450	18	1 1 1 1 1 0 0 0 1 0 0 0 0 1 0 1 0 0 0 1
450	1	1 1 1 0 1 0 0 0 1 1 0 0 0 1 0 0 0 0 0 1
450	25	1 1 1 1 1 0 0 0 1 0 0 0 1 1 0 1 0 0 0 0
450	3	1 1 1 1 0 1 0 0 1 1 0 0 0 1 0 1 0 0 0 0
450	14	1 1 1 1 1 0 0 0 1 0 0 0 0 0 1 1 0 0 1 0
450	2	1 1 1 0 1 0 0 1 1 1 0 0 0 1 0 1 0 0 0 0
450	7	1 1 1 0 0 0 0 0 1 0 1 1 0 1 0 1 0 0 0 0
450	2	1 1 1 1 1 0 1 0 1 1 0 0 1 1 0 1 0 0 0 1
450	5	1 1 1 0 1 0 0 0 1 1 0 0 0 1 0 1 0 0 1 0
450	1	0 1 1 1 1 0 0 0 1 0 0 1 0 1 0 1 1 0 0 0
450	6	1 1 1 1 1 0 1 0 1 0 0 0 0 0 1 0 0 0 0 0
450	23	1 1 1 1 1 0 0 0 1 0 0 0 0 1 0 0 0 0 0 0
450	1	1 1 1 1 0 0 0 1 1 0 0 1 0 1 0 1 1 0 0 0
450	8	1 1 1 1 1 0 0 0 1 0 0 0 1 1 0 0 0 0 0 1
450	14	1 1 1 1 1 0 0 0 1 0 1 0 0 0 0 1 0 0 0 1
450	7	1 1 0 1 1 0 0 0 1 0 1 0 0 0 0 1 0 0 0 1
450	3	1 1 1 1 0 0 0 0 1 0 0 1 0 1 0 0 1 0 0 0
450	5	1 1 1 0 1 0 0 0 1 1 0 0 1 1 0 1 0 0 1 0
450	2	1 1 1 1 1 0 1 0 1 0 0 0 0 0 1 0 0 0 0 1
450	1	1 1 1 0 0 0 0 0 0 0 0 0 0 1 1 1 0 0 0 0
450	6	1 1 1 1 1 0 0 0 1 0 0 0 0 1 0 0 0 1 0 1
450	1	1 1 1 0 0 0 0 0 1 0 0 0 0 1 0 1 0 0 0 1
450	4	1 1 1 1 0 0 0 1 1 0 0 0 0 1 0 1 0 0 0 0
450	12	1 1 1 1 0 0 0 0 1 0 0 1 0 1 0 1 1 0 1 0
450	11	1 1 1 1 0 0 0 0 1 0 0 0 0 1 0 0 0 0 0 1
450	4	1 1 1 1 1 0 1 0 1 1 0 0 1 1 0 1 0 0 1 0
450	5	1 1 1 1 1 1 0 1 1 1 0 0 0 0 0 1 0 0 0 0
450	5	1 1 1 1 0 0 0 0 0 0 0 0 1 0 0 1 0 0 0 0
450	3	1 1 1 1 1 1 0 0 1 1 0 0 0 0 0 1 0 0 0 1
450	2	1 1 1 1 0 1 0 0 1 0 0 0 1 1 0 0 0 1 0 1
450	2	1 1 0 1 0 0 0 1 1 0 0 0 0 1 0 0 0 0 0 0
450	6	1 1 1 1 0 1 0 1 1 0 0 0 0 1 0 1 0 0 0 0
450	7	1 1 1 1 0 0 0 0 1 1 1 0 1 1 0 1 0 0 0 0
450	1	1 1 1 1 0 1 0 0 0 0 0 0 0 1 0 0 0 1 0 1
450	16	1 1 1 1 1 0 0 0 1 0 1 0 0 1 0 0 0 0 0 0
450	10	1 0 1 1 1 0 1 0 1 1 0 0 1 1 0 1 0 0 0 0
450	6	1 1 1 1 0 1 0 0 1 0 0 0 0 1 0 1 0 0 0 1
450	6	1 1 1 1 0 0 0 0 1 0 1 0 1 1 0 1 0 0 0 1
450	6	1 1 1 0 1 0 0 0 1 0 0 1 0 1 0 1 1 0 0 0
450	2	1 1 1 1 1 0 1 0 1 0 1 0 0 0 0 1 0 0 0 1
450	1	1 1 1 1 0 0 1 0 1 0 1 0 0 1 0 1 0 0 0 0
450	6	1 1 1 1 1 0 0 0 1 1 0 0 0 1 0 0 0 0 0 0
450	4	1 1 1 1 0 0 0 0 1 0 0 1 0 1 0 1 0 0 0 0
450	1	1 1 0 1 1 0 0 0 1 0 0 1 0 1 0 1 1 0 0 0
450	3	1 1 1 1 0 1 0 0 0 1 1 0 0 0 0 0 0 0 0 0
450	2	1 1 1 1 0 0 0 0 1 0 0 1 0 1 0 1 1 0 0 1
450	5	1 1 1 1 1 0 0 0 0 0 0 0 1 1 0 1 0 0 0 0
450	3	1 1 1 0 1 0 0 0 1 0 0 0 0 1 0 0 0 1 0 1
450	2	1 1 1 1 1 0 1 0 1 1 0 1 0 1 0 1 0 0 0 0
450	6	1 1 1 1 1 1 0 0 0 0 0 0 0 1 0 0 0 0 0 0
450	1	1 1 1 0 1 0 0 0 1 1 0 0 1 1 0 1 0 0 0 0
450	2	1 1 1 1 0 0 0 1 1 0 1 0 0 0 0 1 0 0 0 1
450	10	1 1 1 0 1 0 0 0 1 1 0 0 0 1 0 1 0 0 0 1
450	1	1 0 1 0 1 0 0 0 1 1 0 0 0 1 0 1 0 0 0 0
450	1	1 1 0 0 0 0 0 0 1 0 0 1 0 1 0 1 0 0 0 0
450	11	1 1 1 0 0 0 1 0 1 0 0 1 0 1 0 1 0 0 0 0
450	8	1 1 1 0 0 0 0 0 1 1 0 1 0 1 0 1 0 0 0 0
450	1	0 1 1 0 1 1 0 1 1 0 0 1 1 1 0 1 0 0 0 0
450	3	1 1 1 1 1 0 1 0 0 0 0 0 1 1 0 1 0 0 0 0
450	2	1 1 1 0 0 0 0 0 1 0 0 0 1 1 0 1 0 0 0 0
450	3	1 1 1 1 1 0 0 0 1 0 0 0 1 1 0 1 0 1 0 0
450	3	1 1 1 1 1 0 1 0 1 0 1 0 1 1 0 1 0 0 0 0
450	1	1 1 1 1 0 0 0 0 1 1 0 0 0 1 0 0 0 0 0 1
450	1	1 1 1 1 1 1 0 0 1 1 0 0 0 0 0 1 0 0 0 0
450	4	1 1 1 1 0 0 0 0 1 0 0 0 1 0 0 1 0 0 0 0
450	6	1 1 1 1 1 1 0 1 1 1 0 0 0 0 0 0 0 0 0 0
450	3	1 1 1 0 0 0 1 0 1 0 0 0 0 1 0 1 0 0 0 0
450	2	1 1 1 1 1 0 1 0 1 0 0 0 0 1 0 0 0 1 0 1
450	5	1 0 1 1 1 0 0 0 1 0 0 0 0 1 0 0 0 1 0 1
450	4	1 1 1 1 1 1 0 0 1 1 0 0 1 0 0 1 0 0 0 1
450	3	1 1 1 0 0 0 0 0 1 0 0 1 0 1 0 1 1 0 0 0
450	4	1 1 1 1 1 0 0 0 1 0 0 1 0 1 0 1 0 0 0 0
450	1	1 1 1 1 0 1 0 0 1 1 0 0 0 1 0 1 0 0 0 1
450	6	1 1 1 1 1 0 0 0 1 0 0 0 0 1 0 1 1 0 0 0
450	1	1 0 1 0 0 0 0 0 1 0 0 0 0 1 0 1 0 0 0 0
450	6	1 1 1 1 0 0 0 0 1 0 0 0 1 1 1 0 0 0 0 0
450	1	0 1 1 1 0 1 0 0 1 0 0 0 0 1 0 1 0 0 0 0
450	3	1 1 1 1 1 1 0 0 0 0 0 0 0 1 0 1 0 0 1 0
450	1	1 1 1 1 1 0 0 0 1 0 0 0 0 1 1 0 0 0 0 0
450	3	1 1 1 1 0 1 0 0 1 0 0 0 1 1 0 0 0 1 0 0
450	4	1 1 1 0 0 0 0 0 1 0 0 1 0 1 0 1 0 0 0 1
450	3	1 1 1 1 0 0 0 0 1 0 1 0 0 1 0 0 0 0 0 0
450	3	0 1 1 1 1 0 0 0 0 0 0 0 1 1 0 1 0 0 0 0
450	8	1 1 1 1 1 0 0 0 1 0 0 0 1 1 0 0 0 0 0 0
450	1	1 1 1 1 0 0 0 0 1 0 0 0 0 1 0 0 0 0 1 0
450	1	1 0 1 1 0 0 0 0 1 0 0 0 1 1 0 1 0 0 0 0
450	2	1 1 1 1 1 0 0 0 1 0 0 0 0 1 0 0 0 0 1 1
450	1	1 1 1 1 1 0 0 0 0 0 0 0 0 1 0 0 0 0 0 0
450	3	1 1 1 1 0 0 0 0 0 0 0 1 0 1 0 0 1 0 0 0
450	3	1 1 1 0 1 0 0 0 1 0 0 1 1 1 0 1 1 0 0 0
450	1	1 1 1 1 1 0 1 0 1 0 0 0 0 1 0 1 1 0 0 0
450	2	1 1 0 1 1 0 0 0 1 0 0 0 0 1 0 0 0 0 0 0
450	1	1 1 1 1 0 0 0 0 1 0 0 0 1 0 0 1 0 0 0 1
450	1	1 1 1 1 0 0 0 0 1 0 0 0 0 1 0 1 0 0 1 0
450	2	1 1 1 0 1 1 0 1 1 1 0 0 0 0 0 1 0 0 0 1
450	2	0 1 1 1 0 0 0 0 1 0 0 0 1 1 0 1 0 0 0 0
450	2	1 1 1 1 1 1 0 0 1 1 0 0 0 1 0 0 0 0 0 1
450	3	0 1 1 0 1 1 0 0 1 0 1 1 1 1 0 1 0 0 0 0
450	1	1 0 1 1 1 0 0 0 1 0 0 0 1 1 0 0 0 0 0 1
450	1	1 1 1 1 0 0 0 1 1 0 0 0 0 1 0 1 1 0 0 0
500	9	1 1 1 0 0 0 0 0 1 0 0 0 0 1 0 1 0 0 0 0
500	48	1 1 1 1 0 0 0 0 1 0 0 0 0 1 0 1 0 0 0 0
500	1	1 1 1 1 1 0 1 0 1 1 0 0 1 1 0 1 0 0 0 0
500	55	1 1 1 1 0 0 0 0 1 1 0 0 0 1 0 1 0 0 0 0
500	2	1 1 1 1 0 0 0 0 1 0 0 0 1 1 0 0 0 0 0 0
500	10	1 1 1 0 1 0 0 0 1 1 0 0 0 1 0 1 0 0 0 0
500	20	1 1 1 1 0 0 0 0 1 0 0 0 1 1 0 1 0 0 0 0
500	42	1 1 1 1 0 1 0 0 1 0 0 0 0 1 0 1 0 0 0 0
500	13	1 1 1 1 0 1 0 0 1 0 0 0 0 1 0 0 0 1 0 1
500	5	1 1 1 1 1 0 0 0 1 0 0 1 0 1 0 1 1 0 0 0
500	4	1 1 1 1 1 0 0 0 1 0 0 0 1 1 0 1 0 0 0 0
500	8	1 1 1 1 1 0 0 0 1 0 0 0 0 1 0 0 0 0 0 0
500	5	1 1 1 0 0 0 0 0 0 0 0 0 0 1 1 1 0 0 0 0
500	22	1 1 1 1 0 0 0 0 0 0 0 0 1 0 0 1 0 0 0 0
500	44	1 1 1 1 1 1 0 0 1 1 0 0 0 0 0 1 0 0 0 1
500	19	1 1 1 1 0 0 0 0 1 1 1 0 1 1 0 1 0 0 0 0
500	19	1 1 1 1 1 0 0 0 1 0 1 0 0 1 0 0 0 0 0 0
500	28	1 1 1 0 1 0 0 0 1 0 0 0 0 1 0 0 0 1 0 1
500	8	1 1 1 1 1 0 1 0 0 0 0 0 1 1 0 1 0 0 0 0
500	43	1 1 1 1 1 0 0 0 1 0 0 0 0 1 0 1 0 0 0 0
500	1	1 1 1 1 0 1 0 0 1 0 0 0 0 1 0 1 1 0 0 0
500	6	1 1 1 1 1 0 0 0 0 0 0 0 0 1 0 1 0 0 0 0
500	12	1 1 1 0 1 0 0 0 1 1 0 0 0 1 0 1 0 1 0 0
500	13	1 1 1 1 1 0 0 0 1 0 0 0 1 0 0 1 0 0 0 0
500	28	1 1 1 1 0 0 0 0 1 0 0 0 1 0 0 1 0 0 0 0
500	7	1 1 1 1 1 1 0 1 1 1 0 1 0 0 0 1 0 0 0 0
500	9	1 1 1 1 0 0 0 0 0 1 0 0 0 1 0 1 0 0 0 0
500	17	1 1 1 1 0 1 0 0 1 0 0 0 1 1 0 1 0 0 0 0
500	7	1 1 1 1 0 1 0 0 1 1 0 0 0 1 0 1 0 0 0 0
500	10	1 1 1 1 1 0 1 0 0 0 0 0 0 1 0 0 0 1 0 1
500	11	1 1 1 1 1 1 0 0 1 0 0 0 1 1 0 0 0 0 0 0
500	4	1 1 1 0 1 0 0 0 0 1 0 0 0 1 0 1 0 0 0 0
500	4	1 1 1 1 1 1 0 1 1 1 0 0 0 1 0 1 0 0 0 0
500	13	1 1 1 1 1 0 1 0 1 1 0 0 0 1 0 1 0 0 0 0
500	14	1 1 1 1 1 0 1 0 1 0 0 0 0 1 0 1 0 0 0 0
500	1	1 1 1 1 1 1 0 0 1 0 0 0 0 1 0 0 0 0 0 1
500	42	1 1 1 1 0 0 0 0 0 0 0 0 0 0 0 1 0 0 0 0
500	8	1 1 1 1 1 0 1 0 1 0 0 0 0 0 1 0 0 1 0 0
500	5	1 1 1 1 1 1 0 1 0 0 0 0 0 1 0 1 0 0 0 0
500	11	1 0 1 1 0 1 0 0 1 0 0 0 0 1 0 0 0 0 0 0
500	8	1 1 1 1 0 0 0 0 0 0 0 0 0 1 1 1 0 0 0 0
500	5	1 1 1 1 0 1 1 0 1 1 0 0 0 1 0 0 0 1 0 0
500	3	1 1 1 1 1 0 0 0 1 0 0 0 1 1 0 1 0 1 0 1
500	7	1 0 1 1 0 0 0 0 1 0 0 0 0 1 0 1 0 0 0 0
500	34	1 1 1 0 1 1 0 0 1 1 0 0 0 1 0 1 0 0 0 0
500	13	1 1 1 1 0 1 0 0 1 0 0 0 0 0 0 1 0 0 0 0
500	22	1 1 1 0 1 0 0 0 1 0 0 0 0 1 0 1 0 0 0 0
500	6	1 1 1 1 0 0 0 0 1 0 0 0 1 1 1 1 0 0 0 0
500	1	1 1 1 1 0 0 0 0 1 0 1 0 1 1 0 1 0 0 0 0
500	11	1 1 1 1 1 0 0 0 1 1 1 0 0 1 0 0 0 0 0 1
500	3	1 1 1 1 1 0 1 0 0 0 1 0 1 1 0 1 0 0 0 0
500	3	1 1 1 1 1 0 1 0 1 1 1 0 0 1 0 1 0 0 0 0
500	10	1 1 1 1 0 0 0 0 1 1 0 0 0 1 0 0 0 1 0 1
500	8	1 1 1 1 1 0 0 0 1 0 0 1 0 1 0 1 0 0 0 0
500	2	1 1 1 1 1 1 0 1 1 1 0 1 0 0 1 1 0 0 0 0
500	3	1 1 1 1 0 0 0 0 1 1 0 1 0 0 0 1 0 0 0 0
500	5	1 1 1 1 0 0 0 0 1 0 1 0 0 1 0 1 0 0 0 0
500	6	1 1 1 0 1 0 0 0 0 1 0 0 0 1 0 1 0 1 0 0
500	30	1 1 1 1 0 0 0 0 1 0 1 0 0 0 0 1 0 0 0 0
500	4	1 1 1 1 0 0 0 0 1 1 0 0 0 1 0 1 0 0 0 1
500	3	1 1 1 1 1 0 0 0 1 1 0 0 0 1 0 0 0 0 0 0
500	2	1 1 1 1 0 1 0 0 1 1 0 0 0 0 0 1 0 0 0 0
500	18	1 1 1 1 0 0 1 0 1 1 0 0 0 1 0 1 0 0 0 0
500	6	1 1 1 0 1 1 0 0 0 1 0 0 0 1 0 1 0 0 0 0
500	3	1 1 1 1 1 0 1 0 1 0 0 0 0 0 0 1 0 0 0 0
500	2	1 1 1 1 1 0 0 0 0 0 0 0 0 1 1 1 0 0 0 0
500	9	1 1 1 1 0 0 0 0 1 1 0 0 0 0 0 1 0 0 0 0
500	1	1 1 1 1 0 0 0 0 1 1 1 1 0 1 0 1 1 0 0 0
500	6	1 1 0 1 0 0 0 0 1 0 0 0 0 1 0 1 0 0 0 0
500	5	1 1 0 0 1 0 0 0 1 1 0 0 0 1 0 1 0 1 0 0
500	1	1 1 1 1 1 1 0 0 1 1 0 1 0 0 0 1 0 0 0 1
500	2	1 1 1 1 1 1 0 0 1 0 0 0 0 1 0 1 0 0 0 0
500	6	1 0 1 1 0 1 1 0 1 1 0 0 0 1 0 0 0 1 0 0
500	3	1 1 1 1 0 1 0 0 1 0 0 0 0 0 1 1 0 0 0 0
500	1	1 1 1 1 1 1 0 0 1 1 0 1 0 0 0 1 0 0 0 0
500	5	1 1 1 1 0 0 0 0 1 1 1 0 0 1 0 1 0 0 0 0
500	7	1 1 1 1 0 0 0 0 1 1 1 0 1 1 0 1 0 0 0 1
500	2	1 1 1 0 1 1 0 0 1 1 0 0 0 0 0 1 0 0 0 0
500	2	1 1 1 1 0 0 0 0 1 1 0 0 0 1 0 1 0 1 0 0
500	2	1 1 1 1 1 0 0 0 1 1 0 0 0 1 0 1 0 0 0 0
500	12	1 1 1 1 0 0 0 0 1 0 0 0 0 1 0 0 0 0 0 0
500	5	1 1 1 1 1 0 0 0 1 0 0 0 0 1 0 1 0 0 0 1
500	8	1 1 0 0 1 0 0 0 1 1 0 0 0 1 0 1 0 0 0 0
500	1	1 1 1 1 0 0 0 0 1 1 0 0 1 1 0 1 0 0 0 0
500	1	1 1 1 1 1 0 1 0 0 0 0 0 1 0 0 1 0 0 0 0
500	4	1 1 1 1 1 0 1 0 0 0 0 0 0 1 0 0 0 0 0 0
500	4	1 1 1 1 0 0 0 0 1 0 0 0 1 0 0 0 0 0 0 0
500	8	1 1 1 1 1 0 0 0 1 0 0 0 1 1 1 1 0 1 0 1
500	9	1 1 1 1 0 0 0 0 1 0 1 0 0 1 0 1 0 0 1 0
500	1	1 1 1 1 0 0 0 0 1 0 0 0 0 1 0 0 0 1 0 1
500	2	1 1 1 1 0 1 0 0 1 1 0 1 0 0 0 1 0 0 0 0
500	6	1 1 1 1 1 0 1 0 1 0 0 0 1 1 0 0 0 0 0 0
500	7	1 1 1 0 1 0 0 0 1 0 0 0 1 0 0 1 0 0 0 0
500	2	0 1 1 1 0 0 0 0 1 1 0 0 0 1 0 1 0 0 0 0
500	1	1 1 1 0 1 0 0 0 1 1 0 0 0 1 0 1 0 0 1 0
500	1	1 1 1 0 1 0 0 0 1 1 0 0 0 0 0 1 0 1 0 0
500	3	1 1 1 1 1 0 0 0 1 0 0 0 0 1 0 1 0 1 0 0
500	1	1 1 1 1 0 1 0 0 1 1 0 0 0 1 0 0 0 1 0 1
500	4	1 1 1 1 1 0 0 0 1 0 0 0 0 1 0 0 0 1 0 1
500	1	1 1 1 1 1 0 0 0 1 0 1 0 0 0 0 1 0 0 0 0
500	1	1 1 1 1 1 0 0 0 1 0 0 0 0 1 0 0 0 1 0 0
500	1	1 1 1 1 0 0 0 0 0 0 0 0 1 1 0 1 1 0 0 0
500	1	1 1 1 1 1 1 0 0 1 0 0 0 1 1 0 1 0 0 0 0
500	1	1 0 1 0 1 1 0 0 1 1 0 0 0 1 0 1 0 0 0 0
500	2	1 1 1 0 1 1 0 0 1 1 0 0 0 1 0 0 0 1 0 1
500	2	1 1 1 1 1 0 0 0 1 0 0 1 0 1 0 0 0 0 0 0
500	1	1 1 1 1 0 0 0 0 1 1 0 0 0 1 0 0 0 0 0 0
500	2	1 1 1 1 0 0 0 0 1 0 0 0 0 1 0 1 0 0 1 0
500	1	1 1 1 1 0 0 0 1 1 0 0 0 1 1 0 0 0 0 0 0
500	3	1 1 1 1 1 0 0 0 1 0 0 1 0 1 1 1 1 0 0 0
500	1	1 1 1 1 0 1 0 0 0 1 0 0 0 1 0 1 0 0 0 0
500	1	0 1 1 1 1 0 1 0 1 0 0 0 0 1 0 1 0 0 0 0
500	1	1 1 1 0 1 0 0 0 1 0 0 0 0 1 0 1 0 0 0 1
500	2	1 1 1 1 0 0 0 1 1 1 0 0 0 1 0 0 0 1 0 1
500	1	1 1 1 1 1 1 0 1 1 1 0 1 1 0 1 1 0 0 0 0
