0	250	0 1 1 0 1 0 0 1 0 0 0 0 0 0 0 1 1 0 0 0
0	250	0 0 0 0 0 0 0 0 0 0 0 0 0 0 0 0 0 0 0 0
0	250	0 0 0 0 0 1 0 0 0 0 0 0 0 0 0 0 0 0 0 0
0	250	0 0 1 0 0 1 0 1 0 0 0 1 0 0 0 1 0 1 0 1
50	52	0 1 1 0 1 0 0 1 0 0 0 0 0 0 0 1 1 0 0 0
50	1	0 0 0 0 0 0 0 0 0 0 0 0 0 0 0 0 0 0 0 0
50	57	0 0 1 0 0 1 0 1 0 0 0 1 0 0 0 1 0 1 0 1
50	6	1 1 1 0 1 0 0 1 0 0 0 0 0 0 0 1 1 0 0 0
50	16	0 1 1 0 1 0 0 1 0 0 0 0 0 0 0 1 0 1 0 1
50	2	0 0 0 0 0 1 0 1 0 0 0 1 0 0 0 1 0 1 0 1
50	50	0 0 1 0 0 1 0 1 0 0 0 1 0 0 0 1 0 1 0 0
50	3	0 1 1 0 1 0 0 1 0 0 0 0 0 0 0 1 0 0 0 0
50	4	0 0 1 0 0 1 0 1 0 0 0 0 0 0 0 1 1 0 0 0
50	59	0 1 1 1 1 0 0 1 0 0 0 0 0 0 0 1 1 0 0 0
50	2	0 0 0 0 0 0 0 1 0 0 0 0 0 0 0 0 0 0 0 0
50	4	0 0 1 0 1 0 0 1 0 0 0 0 0 0 0 1 1 0 0 0
50	5	0 0 1 1 0 1 0 1 0 0 0 1 0 0 0 1 0 1 0 1
50	5	0 0 1 0 0 1 0 1 0 0 0 1 0 0 0 1 0 1 1 1
50	25	0 0 0 0 0 0 0 0 0 1 0 0 0 0 1 0 0 0 0 0
50	2	0 1 1 0 1 0 0 1 0 0 0 0 0 0 0 0 0 0 0 0
50	24	0 0 0 0 0 1 0 0 0 0 0 0 0 1 0 0 0 0 0 0
50	4	0 0 1 0 0 1 0 1 0 0 1 1 0 0 0 1 0 1 0 1
50	9	1 1 1 0 1 0 0 1 0 0 0 1 0 0 0 1 0 1 0 1
50	42	0 1 1 0 1 0 0 1 0 0 0 0 0 0 1 1 1 0 0 0
50	16	0 1 1 0 0 0 0 1 0 0 0 0 0 0 0 1 1 0 0 0
50	2	0 0 1 0 0 1 0 1 0 0 0 1 0 0 0 1 1 0 0 0
50	28	0 0 1 0 0 1 1 1 0 0 0 1 0 0 0 1 0 1 0 1
50	9	0 1 1 0 1 0 0 1 0 0 0 0 0 0 0 0 1 0 0 0
50	6	0 1 1 0 1 0 0 1 0 0 0 0 0 0 0 1 0 0 0 1
50	55	0 0 1 0 0 1 0 1 0 0 0 1 0 0 1 1 0 1 0 1
50	13	0 0 1 0 0 1 0 1 1 0 0 1 0 0 0 1 0 1 0 1
50	8	0 0 1 0 0 1 0 1 0 0 0 1 0 0 0 1 0 0 0 0
50	7	0 1 1 0 0 1 0 1 0 0 0 1 0 0 0 1 0 1 0 0
50	14	0 0 1 0 1 0 0 1 0 0 0 0 0 0 0 0 0 0 0 0
50	2	0 0 1 0 0 0 1 1 0 0 0 0 0 0 0 1 1 0 0 0
50	27	0 1 1 0 1 0 0 1 0 0 0 1 0 1 0 1 0 1 0 1
50	4	0 0 0 0 0 0 0 0 1 0 0 1 0 0 0 1 0 1 0 1
50	9	1 1 1 0 1 0 0 1 0 0 0 0 0 0 0 0 1 0 0 0
50	5	0 1 1 0 1 1 0 1 0 0 0 1 0 0 0 1 0 1 0 1
50	5	0 1 1 1 1 0 0 1 0 0 0 0 0 1 0 1 1 0 0 0
50	6	0 0 1 0 0 1 1 1 0 0 0 1 0 0 0 1 0 0 0 0
50	4	0 1 1 0 1 0 0 1 0 0 1 0 0 0 0 1 0 1 0 1
50	3	1 1 1 0 1 0 0 1 0 0 0 0 0 0 0 1 1 0 1 0
50	5	1 0 1 0 0 1 0 1 0 0 0 0 0 0 0 0 0 0 0 0
50	12	0 0 1 1 0 1 0 1 0 1 0 1 0 0 0 1 0 1 0 1
50	6	0 0 0 0 0 1 0 0 0 0 0 0 0 1 1 0 0 0 0 0
50	7	0 0 1 0 0 1 0 0 0 0 0 1 0 0 0 1 0 1 1 1
50	4	0 0 0 0 0 1 0 0 1 0 0 0 0 1 0 0 0 0 0 0
50	23	0 1 1 0 1 0 0 1 0 0 0 0 0 1 0 1 1 0 0 0
50	4	0 0 1 0 0 0 0 1 0 0 0 0 0 0 0 1 0 0 0 0
50	42	0 1 1 0 1 0 0 1 0 0 0 0 0 0 1 0 0 0 0 0
50	14	0 0 1 0 0 1 0 1 0 0 0 1 0 0 1 1 1 0 0 0
50	7	0 0 1 0 0 0 0 1 0 0 0 0 0 0 1 1 1 0 0 0
50	2	0 1 1 1 1 0 0 1 0 0 0 1 0 1 0 1 0 1 0 1
50	3	0 1 1 0 1 1 0 1 0 0 0 0 0 0 0 1 1 0 0 0
50	2	0 0 1 0 0 1 0 1 0 0 0 1 0 0 0 0 0 0 0 0
50	2	0 1 1 0 0 0 0 1 0 0 0 0 1 0 0 1 0 0 0 0
50	2	1 1 1 0 0 1 0 1 0 0 0 0 0 0 0 0 0 0 0 0
50	9	0 0 1 0 0 1 0 1 0 0 0 1 0 0 1 1 0 0 0 0
50	15	0 0 1 0 0 1 0 0 0 0 0 0 0 1 0 0 0 0 0 0
50	1	0 1 0 0 1 0 0 1 0 0 0 0 0 0 1 1 1 0 0 0
50	10	0 1 1 0 1 1 0 1 0 0 0 1 0 0 1 1 1 0 0 0
50	2	0 1 1 1 1 0 0 1 0 1 1 0 0 0 0 1 1 0 0 0
50	23	0 1 1 0 1 1 0 1 1 0 0 1 0 0 0 1 0 1 0 1
50	1	0 0 1 0 0 0 0 1 0 0 0 0 0 0 0 1 1 0 0 0
50	4	0 0 1 0 1 1 0 1 0 0 0 1 0 0 0 1 0 1 0 0
50	6	1 0 1 0 0 1 0 1 0 0 0 1 0 0 0 1 0 1 0 0
50	14	0 1 1 0 1 0 0 1 0 0 1 0 0 0 1 1 1 0 0 0
50	2	0 1 1 0 0 0 0 1 0 0 0 0 1 0 0 1 1 0 0 0
50	6	0 0 1 0 0 1 0 1 1 0 0 1 0 0 0 1 0 1 1 1
50	3	0 0 1 0 0 1 0 1 0 0 0 1 1 0 0 1 0 0 0 0
50	11	0 1 1 0 1 1 0 1 0 0 0 0 0 0 0 1 0 0 0 0
50	4	0 0 0 0 0 0 0 1 0 0 0 0 0 0 0 0 0 1 0 0
50	4	0 1 1 0 0 1 0 1 0 0 0 1 0 0 0 1 0 1 1 1
50	2	0 0 1 0 0 0 1 1 0 0 0 0 0 0 0 1 1 0 0 1
50	5	0 0 1 0 1 0 0 1 0 0 0 1 0 0 1 1 0 1 0 1
50	2	0 1 1 1 0 1 0 1 0 0 0 1 0 0 1 1 0 1 0 1
50	1	0 0 0 0 0 0 0 1 0 0 0 1 0 0 0 1 0 1 0 1
50	1	0 0 1 1 0 1 0 1 0 0 0 1 0 0 0 1 1 1 0 1
50	3	0 0 1 0 0 1 0 1 1 0 0 1 0 0 0 0 0 1 0 1
50	2	0 0 1 1 0 1 0 1 0 0 0 1 0 0 1 1 1 0 0 0
50	3	0 1 1 0 1 0 0 1 0 0 0 0 0 1 0 1 1 0 0 1
50	1	0 1 1 0 0 0 0 1 0 0 0 0 1 0 0 1 0 0 0 1
50	3	0 0 0 0 0 0 0 0 0 1 0 0 0 0 1 0 1 0 0 0
50	7	0 1 1 0 1 0 0 1 1 0 0 0 0 0 1 1 1 0 0 0
50	5	1 0 1 0 0 1 0 1 0 0 0 0 0 1 0 0 0 0 0 0
50	4	0 1 1 0 1 1 0 1 0 0 0 0 0 0 1 1 1 0 0 0
50	3	0 0 1 0 1 1 0 1 0 1 0 1 0 0 0 1 0 1 0 0
50	7	0 1 1 0 1 0 0 1 0 0 0 1 0 0 0 1 0 1 0 1
50	3	0 0 1 0 0 1 0 1 0 0 0 1 0 0 0 1 0 1 1 0
50	2	0 1 1 0 0 0 0 1 0 0 1 0 0 0 0 1 1 0 0 0
50	3	0 0 0 0 0 0 0 0 1 0 0 1 0 0 1 1 0 1 0 1
50	3	0 0 1 0 1 0 0 1 0 0 0 1 0 0 0 1 1 0 0 0
50	1	0 1 1 0 1 0 0 0 1 0 0 1 0 0 1 1 0 1 0 1
50	2	0 1 1 1 1 0 0 1 0 0 0 1 0 1 0 1 0 1 0 0
50	3	0 0 1 1 0 1 1 1 0 0 0 0 0 0 0 1 1 0 0 1
50	2	0 0 1 0 0 1 0 0 0 0 0 1 0 0 0 1 0 1 0 0
50	3	0 0 0 0 0 0 0 0 0 1 0 0 0 1 1 0 0 0 0 0
50	8	1 1 0 0 1 0 0 1 0 0 0 1 0 0 0 1 0 1 0 1
50	1	1 1 1 0 1 0 0 1 0 0 0 0 0 1 0 1 1 0 0 0
50	4	1 1 1 0 1 0 0 1 0 1 0 1 0 0 1 1 0 1 0 1
50	7	0 1 1 0 0 1 0 0 0 0 0 0 0 1 0 0 0 0 0 0
50	1	0 1 1 0 1 0 0 1 0 0 0 0 0 1 0 1 0 1 0 1
50	2	0 1 1 0 0 1 0 1 0 0 0 1 1 0 0 1 0 1 0 1
50	2	0 1 1 0 0 0 0 1 0 0 0 1 0 0 0 1 0 1 0 0
50	1	0 0 1 0 0 1 0 1 0 0 0 0 0 0 0 0 0 0 0 0
50	5	0 1 0 0 0 0 0 1 0 0 0 0 0 0 0 1 1 0 0 0
50	2	0 0 1 0 0 1 0 0 0 0 0 1 0 0 1 1 0 1 0 1
50	4	0 0 1 0 0 1 0 1 0 0 0 1 0 0 1 0 0 1 0 1
50	1	0 0 1 0 1 0 0 1 0 0 0 1 0 1 0 1 0 1 0 1
50	1	0 0 1 0 0 1 0 1 1 0 0 1 0 0 0 1 1 0 0 0
50	2	1 0 1 0 0 1 0 1 0 0 0 1 0 0 0 1 0 1 0 1
50	2	0 0 0 0 0 0 0 0 0 1 0 0 0 0 1 0 0 0 0 1
50	2	0 0 1 0 1 1 1 1 0 0 0 1 0 0 0 1 0 1 0 1
50	5	0 1 1 1 1 0 1 1 0 0 0 0 0 1 0 1 1 0 0 0
50	1	0 1 1 0 1 0 0 1 0 0 1 0 0 1 0 1 1 0 0 0
50	2	0 0 1 0 0 1 0 1 0 0 0 1 1 1 0 1 0 0 0 0
50	11	0 0 0 0 0 0 0 0 0 1 0 0 0 0 1 0 1 0 0 1
50	1	0 1 1 0 1 0 0 1 0 0 1 0 1 0 0 1 1 0 0 0
50	1	0 0 1 0 0 1 1 0 0 0 0 1 0 0 0 1 0 1 0 0
50	1	0 0 1 0 0 1 0 1 0 0 1 0 0 0 1 1 1 0 0 0
50	2	0 1 1 0 1 0 0 1 0 1 0 0 0 0 0 1 1 0 0 0
50	3	0 0 1 0 0 1 0 1 0 0 0 0 0 0 1 1 1 0 0 0
50	2	0 0 1 0 0 1 0 1 0 0 1 1 0 0 0 1 0 1 1 1
50	2	0 0 1 0 0 1 0 1 0 1 0 1 0 0 0 1 0 1 1 1
50	2	0 1 1 0 1 0 1 1 0 0 0 0 0 0 1 1 1 0 0 0
50	1	1 1 1 0 0 1 0 1 0 0 0 1 0 0 0 1 0 1 0 0
50	3	0 0 1 1 0 1 0 1 0 0 0 1 0 0 1 1 0 0 0 0
50	1	0 0 0 0 0 0 1 0 0 1 0 0 0 0 1 0 1 0 0 0
50	1	0 0 1 1 0 1 1 1 0 0 0 0 0 0 0 1 1 0 0 0
100	6	0 0 1 0 0 1 0 1 0 0 0 1 0 0 0 1 0 1 0 1
100	6	0 1 1 0 1 0 0 1 0 0 0 0 0 0 1 1 1 0 0 0
100	47	0 0 1 0 0 1 0 1 0 0 0 1 0 0 1 1 0 1 0 1
100	7	0 1 1 0 1 0 0 1 0 0 0 1 0 1 0 1 0 1 0 1
100	9	0 1 1 0 1 0 0 1 0 0 0 0 0 0 1 0 0 0 0 0
100	56	0 1 1 1 1 0 0 1 0 0 0 1 0 1 0 1 0 1 0 1
100	7	0 0 1 0 0 1 0 1 0 0 0 1 0 0 1 1 0 0 0 0
100	6	0 1 1 0 1 0 0 1 0 0 1 0 0 0 1 1 1 0 0 0
100	8	0 0 1 1 0 1 0 1 0 0 0 1 0 0 1 1 1 0 0 0
100	3	1 0 1 0 0 1 0 1 0 0 0 0 0 1 0 0 0 0 0 0
100	6	0 1 1 1 1 0 0 1 0 0 0 1 0 1 0 1 0 1 0 0
100	12	0 1 1 0 1 0 0 1 0 0 0 1 0 1 0 1 0 1 0 0
100	6	0 0 1 0 0 1 0 1 0 0 0 0 0 0 1 0 0 0 0 0
100	162	0 1 1 0 0 1 0 1 0 0 0 1 0 0 1 1 0 0 0 0
100	13	0 0 1 0 0 1 0 1 0 0 0 1 0 0 1 1 0 1 0 0
100	10	0 1 1 0 1 0 0 1 0 0 1 0 0 0 1 1 0 0 0 0
100	1	0 1 1 0 1 0 0 1 0 0 0 1 0 0 1 1 1 0 0 0
100	39	1 0 1 0 1 1 0 1 0 0 0 0 0 1 0 0 0 0 0 0
100	18	0 0 1 0 0 1 1 1 0 0 0 1 0 0 0 1 0 1 0 0
100	2	0 1 1 0 1 0 0 1 0 0 0 0 0 1 0 0 0 0 0 0
100	7	0 1 1 0 1 0 0 1 0 0 0 1 0 0 1 0 0 0 0 0
100	9	1 1 1 0 1 1 0 1 0 0 0 0 0 1 0 0 0 0 0 0
100	9	0 1 1 0 0 1 0 1 0 0 0 1 0 0 1 1 0 0 0 1
100	1	0 0 1 0 0 1 0 1 0 1 0 1 0 0 1 1 0 0 0 0
100	23	0 0 0 0 0 1 0 0 0 0 1 0 0 1 0 0 0 0 0 0
100	13	0 1 1 1 1 0 0 1 0 0 0 1 0 1 0 1 1 0 0 0
100	5	0 0 1 0 0 1 0 1 0 0 0 1 0 0 1 0 0 1 1 1
100	5	1 1 1 0 0 1 1 1 0 0 0 1 0 0 0 1 0 0 0 0
100	1	1 1 1 0 1 0 0 1 0 0 0 0 0 0 0 1 1 0 0 1
100	5	0 1 1 0 1 1 0 1 0 0 0 0 0 1 0 1 0 0 0 0
100	4	1 0 1 0 0 1 0 1 0 0 0 0 0 0 1 0 0 0 0 0
100	1	0 1 1 0 1 1 0 1 0 0 1 1 0 0 1 1 1 0 0 0
100	15	1 1 1 0 1 0 0 1 0 0 1 1 0 0 1 1 1 0 0 1
100	7	0 1 1 0 1 0 0 1 0 1 1 0 0 0 1 1 1 0 0 0
100	2	0 0 1 0 0 0 0 0 0 1 0 0 0 0 1 1 1 0 0 0
100	6	0 1 1 0 0 1 0 1 0 0 0 1 0 1 0 1 0 1 0 0
100	7	0 1 1 1 1 0 0 1 0 0 1 1 0 0 1 1 1 0 0 0
100	5	0 1 1 1 1 0 0 1 0 0 0 0 0 0 1 1 1 0 0 0
100	8	0 1 1 0 1 1 0 1 0 0 0 1 0 0 1 0 0 0 0 0
100	2	0 0 1 0 0 1 0 1 0 0 0 0 1 0 1 0 0 0 0 0
100	3	0 1 1 0 0 1 0 1 0 0 0 1 0 0 1 1 0 0 1 0
100	12	0 1 1 0 1 0 0 1 1 0 0 0 0 1 0 0 0 0 0 0
100	2	1 1 1 0 0 1 1 1 0 0 0 1 0 0 0 1 0 0 0 1
100	4	0 1 1 0 0 1 0 1 0 0 0 1 0 0 0 1 0 0 0 0
100	34	0 0 1 0 0 1 0 1 0 0 0 1 0 1 1 1 0 1 0 1
100	20	0 0 1 1 0 1 0 1 0 0 0 1 0 0 1 1 0 1 0 1
100	3	0 1 1 0 0 1 0 1 0 0 0 0 0 0 1 0 0 0 0 0
100	17	0 1 1 1 1 0 0 1 0 1 0 1 0 1 0 1 0 1 0 1
100	4	0 1 1 0 1 0 0 1 0 0 0 0 0 0 1 1 0 0 0 0
100	17	0 0 1 0 1 0 0 1 0 0 0 0 0 0 1 0 0 0 0 0
100	4	1 0 1 0 0 1 1 1 0 0 0 0 0 1 0 0 0 0 0 0
100	5	0 1 1 0 0 1 0 1 0 0 0 1 0 1 1 1 0 0 0 0
100	2	0 1 1 0 0 1 0 1 0 0 0 1 0 0 0 1 0 0 1 0
100	10	0 1 1 0 0 1 0 1 0 0 0 1 0 0 1 1 0 1 0 0
100	10	0 1 1 0 0 1 0 1 0 0 0 1 0 0 1 0 0 0 0 0
100	41	0 1 1 0 1 0 0 1 0 0 0 1 0 1 0 1 0 0 0 0
100	11	0 1 1 0 0 0 0 1 0 0 1 0 0 0 1 1 0 0 0 0
100	3	0 0 1 0 1 0 0 1 0 0 1 0 0 0 1 0 0 0 0 0
100	3	0 0 0 0 0 1 0 1 0 0 0 0 0 1 0 0 0 0 0 0
100	3	0 0 0 0 0 1 0 1 0 0 1 0 0 1 0 0 0 0 0 0
100	1	1 1 1 0 1 0 0 1 1 0 0 0 1 0 1 0 0 0 0 0
100	1	0 0 1 0 0 0 0 1 0 0 0 1 0 1 0 1 0 1 0 0
100	3	0 1 1 0 0 1 0 1 0 0 0 1 0 0 0 1 0 0 0 1
100	2	1 1 1 0 0 1 0 1 0 0 0 1 0 0 1 1 0 0 0 1
100	2	0 0 1 0 0 1 0 1 0 0 0 0 0 1 0 0 0 0 0 1
100	1	1 1 1 0 0 0 0 1 0 0 0 1 0 1 0 1 1 0 0 0
100	11	0 0 1 0 0 0 0 0 0 1 0 1 0 0 1 1 0 0 0 0
100	5	0 0 1 1 0 1 0 1 0 0 0 1 0 0 1 1 0 0 0 0
100	3	0 1 1 1 1 1 0 1 0 0 0 1 0 1 0 1 1 0 0 0
100	1	0 0 1 0 1 0 0 1 0 0 0 1 0 1 0 1 0 1 0 0
100	12	0 1 1 1 1 0 0 1 1 0 0 1 0 1 0 1 0 1 0 0
100	8	0 1 1 1 1 0 0 1 0 0 0 1 0 1 0 0 0 0 0 0
100	4	1 0 1 0 1 1 0 1 0 0 0 0 0 1 0 0 0 0 0 1
100	4	0 0 1 0 1 0 0 1 0 0 1 0 0 0 1 1 1 1 0 1
100	1	0 0 1 1 0 1 0 1 0 1 0 1 0 0 1 1 1 0 0 0
100	15	0 1 1 0 1 0 0 1 0 0 0 1 0 0 1 1 1 0 1 0
100	4	0 1 0 1 1 0 0 1 0 1 0 1 0 0 1 1 0 0 0 0
100	3	0 1 1 0 0 1 0 1 1 0 0 1 0 0 1 1 0 0 1 0
100	1	0 0 1 0 0 1 0 1 0 0 0 1 0 0 0 1 0 1 0 0
100	4	0 1 1 1 1 1 0 1 0 0 0 1 0 0 1 1 0 0 0 0
100	8	0 1 1 0 1 0 0 1 0 0 0 1 0 0 1 1 0 0 0 0
100	1	0 0 1 1 0 1 0 1 0 0 0 1 0 1 1 1 0 1 0 1
100	1	0 1 1 1 1 0 0 1 0 0 0 1 0 0 1 0 0 0 0 0
100	5	0 1 1 0 1 1 0 1 0 0 0 1 0 0 1 1 0 0 0 0
100	2	0 1 1 0 1 0 0 1 0 0 0 1 1 0 1 0 0 0 0 0
100	6	0 1 1 0 1 0 0 1 0 0 0 1 0 0 1 0 0 0 0 1
100	7	1 1 1 0 0 1 0 1 0 0 0 1 0 0 0 1 0 0 0 0
100	2	0 1 1 0 1 1 0 1 0 0 1 1 0 0 1 1 1 0 0 1
100	6	0 1 1 0 1 0 0 0 0 1 1 0 0 0 1 1 1 0 0 0
100	1	0 1 1 1 1 0 1 1 0 0 0 0 0 1 0 0 0 0 0 0
100	9	1 0 1 0 1 1 0 1 0 0 1 1 0 0 1 1 1 0 0 0
100	5	0 0 1 0 0 1 1 1 0 0 0 1 0 1 0 1 0 1 0 1
100	4	0 0 1 0 1 1 0 1 0 0 0 0 0 0 1 0 0 0 0 0
100	3	0 0 0 0 0 1 0 1 0 0 1 0 0 1 0 1 0 0 0 0
100	4	0 0 0 0 0 1 0 1 0 0 1 0 0 1 0 1 1 0 0 0
100	2	0 1 1 1 0 1 0 1 0 0 0 1 0 0 1 1 0 0 0 0
100	1	0 1 1 1 1 0 0 0 0 0 0 1 0 1 0 1 1 0 0 0
100	2	0 1 1 1 1 0 0 1 0 0 1 1 0 0 0 1 1 0 0 0
100	2	0 0 1 0 0 0 0 1 0 0 0 1 0 0 1 1 1 0 0 0
100	2	1 0 1 0 1 1 0 1 0 0 0 1 0 0 1 1 0 1 0 0
100	4	0 1 1 0 1 0 0 1 0 0 0 1 0 0 0 1 0 1 0 1
100	4	0 0 0 0 0 1 0 0 0 0 1 0 0 1 0 0 0 0 1 0
100	4	0 1 1 0 1 0 0 1 0 0 0 1 0 1 0 1 0 0 0 1
100	2	0 1 1 0 0 1 0 1 0 0 0 1 0 0 0 1 0 1 0 1
100	1	0 1 1 0 0 1 0 1 0 0 0 1 0 0 1 0 0 1 1 1
100	2	1 0 1 0 1 1 0 1 0 0 0 0 0 0 1 1 1 0 0 0
100	1	1 1 1 0 0 1 1 1 0 0 0 1 0 0 0 1 1 0 0 0
100	4	0 1 1 1 1 0 0 1 0 0 0 1 0 0 1 1 0 0 0 0
100	2	0 0 1 1 0 1 0 1 0 0 0 0 0 0 1 1 1 0 0 0
100	3	0 1 1 0 0 1 0 1 0 0 0 1 1 0 1 1 0 0 0 0
100	3	0 1 1 0 0 1 0 1 0 1 0 1 0 0 1 1 0 0 0 0
100	2	0 0 0 0 1 1 0 0 0 0 1 0 0 1 0 0 0 0 0 0
100	1	0 1 1 0 1 1 0 1 0 0 0 1 0 0 1 1 1 0 0 0
100	1	0 1 1 0 0 1 0 1 0 0 0 0 0 0 0 1 0 0 0 0
100	2	0 0 1 1 0 1 0 1 0 0 0 1 0 0 1 1 0 1 0 0
100	4	0 1 1 0 0 0 0 1 0 0 0 0 0 0 1 1 0 0 0 0
100	4	0 1 1 0 1 0 0 1 0 0 0 1 0 1 1 1 0 0 0 0
100	2	1 1 1 0 0 0 0 1 0 0 0 1 0 1 1 1 1 0 0 0
100	1	0 0 0 0 0 1 0 1 0 1 1 0 0 1 0 1 0 0 0 0
100	1	0 1 1 1 1 0 0 1 0 0 0 1 0 0 1 1 0 1 0 1
100	2	0 1 1 0 1 0 0 1 0 0 0 1 1 0 0 1 0 1 0 1
100	3	0 1 1 0 0 1 0 1 0 0 0 1 0 0 1 1 0 1 0 1
100	2	1 0 1 0 1 0 0 1 0 0 0 1 0 1 0 1 0 0 0 0
100	1	0 0 1 0 0 0 0 0 1 0 0 0 0 1 0 0 0 0 0 0
100	1	0 0 1 1 0 1 0 1 0 0 1 0 0 1 0 0 0 0 0 0
100	1	0 1 1 0 1 0 0 1 0 0 1 1 0 0 1 1 1 0 0 0
100	1	0 0 1 0 0 1 0 1 0 0 0 1 0 0 0 0 0 1 0 1
100	1	1 0 1 0 0 1 0 1 0 0 0 1 0 0 1 1 0 1 0 1
100	1	1 1 1 0 1 0 0 1 0 0 0 1 0 1 0 1 0 1 0 1
100	2	0 1 1 1 1 0 0 1 0 0 0 1 0 1 0 1 0 1 1 1
100	3	0 0 0 0 0 1 0 1 0 0 0 1 0 0 1 1 0 0 0 0
100	3	0 0 0 1 0 1 0 1 0 0 0 1 0 0 1 1 1 0 0 0
100	1	0 1 1 0 0 1 0 0 0 0 0 1 0 0 1 1 0 0 0 1
100	2	1 0 1 0 0 1 1 1 0 1 0 0 0 1 0 0 0 0 0 0
100	2	0 1 1 0 0 0 0 1 0 0 1 0 0 1 1 1 0 0 0 0
150	11	0 0 1 0 0 1 0 1 0 0 0 1 0 0 1 1 0 1 0 1
150	3	0 0 1 0 0 1 0 1 0 0 0 1 0 0 1 1 0 0 0 0
150	44	0 1 1 1 1 0 0 1 0 0 0 1 0 1 0 1 0 1 0 0
150	69	0 1 1 0 0 1 0 1 0 0 0 1 0 0 1 1 0 0 0 0
150	29	1 1 1 0 0 1 1 1 0 0 0 1 0 0 0 1 0 0 0 0
150	30	0 1 1 1 1 0 0 1 0 0 1 1 0 0 1 1 1 0 0 0
150	5	0 0 1 0 0 1 0 1 0 0 0 1 0 1 1 1 0 1 0 1
150	7	0 1 1 0 0 1 0 1 0 0 0 1 0 1 1 1 0 0 0 0
150	31	0 1 1 0 0 1 0 1 0 0 0 1 0 0 1 0 0 0 0 0
150	2	0 0 0 0 0 1 0 1 0 0 0 0 0 1 0 0 0 0 0 0
150	9	0 1 1 1 1 0 0 1 0 0 0 1 0 1 0 0 0 0 0 0
150	11	0 1 1 0 1 0 0 1 0 0 0 1 0 0 1 1 1 0 1 0
150	21	0 1 1 0 0 1 0 1 0 1 0 1 0 0 1 1 0 0 0 0
150	2	1 0 1 0 1 1 0 1 0 0 0 0 0 1 0 0 0 1 0 1
150	5	0 1 1 0 0 1 0 1 0 0 1 1 0 0 0 1 0 0 0 0
150	9	0 1 1 0 0 0 0 1 0 0 0 1 0 0 1 1 0 0 0 0
150	6	0 0 0 0 0 1 0 1 0 0 1 0 0 1 0 1 0 1 0 1
150	6	1 0 1 0 0 1 0 1 0 0 0 1 0 0 1 1 0 0 0 0
150	31	0 1 1 1 1 0 0 1 0 1 0 1 0 1 0 0 0 0 0 0
150	69	0 1 1 1 0 1 0 1 0 0 0 1 0 0 1 1 0 0 0 0
150	10	0 1 1 0 1 1 0 1 0 0 0 0 0 1 0 0 0 0 0 0
150	10	0 1 1 1 1 0 0 1 0 0 0 1 1 1 0 0 0 0 0 0
150	42	0 1 1 0 0 1 0 1 0 0 0 1 0 1 0 1 0 0 0 0
150	14	0 1 1 1 1 0 0 1 0 0 0 1 0 0 1 1 0 0 0 0
150	33	0 1 1 0 0 1 0 1 0 1 0 1 0 0 1 1 1 0 0 0
150	22	0 1 1 1 1 1 0 1 0 0 0 1 0 0 0 0 0 0 0 0
150	14	1 1 1 0 0 1 0 1 0 1 0 1 0 0 1 1 0 0 0 0
150	19	0 1 1 1 1 0 0 1 1 0 1 1 0 0 1 1 1 0 0 0
150	15	1 0 1 1 0 1 0 1 0 0 0 1 0 0 1 1 0 0 0 0
150	40	0 1 1 1 1 0 0 1 0 1 0 1 0 0 1 1 0 0 0 0
150	6	0 1 1 1 0 1 0 0 0 0 0 1 0 0 1 1 0 0 1 0
150	18	0 1 1 0 1 1 0 1 0 0 1 0 0 1 0 1 0 0 0 0
150	7	1 0 0 0 0 1 0 1 0 0 1 0 0 1 0 1 0 1 0 1
150	13	1 1 1 0 0 1 0 1 0 0 0 1 0 1 0 1 0 1 0 0
150	7	1 1 1 0 1 1 0 1 0 0 1 0 0 1 0 1 1 0 0 0
150	6	0 1 1 0 0 1 0 1 0 1 0 1 0 0 1 0 0 0 0 0
150	4	0 1 1 1 1 0 0 1 1 0 0 1 1 1 0 0 0 0 0 0
150	8	0 1 1 1 1 0 0 1 0 0 0 1 0 0 1 1 1 0 1 0
150	1	0 1 1 0 0 1 0 1 0 1 1 1 0 0 1 1 0 0 0 0
150	3	0 1 1 0 0 0 0 1 0 0 0 1 0 1 1 1 0 0 0 0
150	17	0 1 1 1 1 0 0 1 0 0 1 0 0 0 1 1 0 0 0 0
150	4	0 0 1 0 1 0 0 1 0 0 1 0 0 0 1 0 0 0 0 0
150	8	0 0 1 0 1 1 0 1 0 0 1 0 0 1 0 1 0 0 0 0
150	2	0 1 1 0 0 1 0 1 0 0 0 1 0 1 0 1 1 0 0 0
150	15	0 1 1 1 1 0 0 1 0 1 0 1 0 1 0 1 0 0 0 0
150	5	0 1 0 0 0 1 0 1 0 0 0 1 0 1 0 1 0 0 0 0
150	1	0 0 1 0 0 1 0 1 0 1 0 1 0 0 1 1 0 1 0 1
150	6	1 1 1 0 0 1 1 1 0 0 0 1 0 0 0 1 0 1 0 0
150	5	0 1 1 0 0 1 0 1 0 1 0 1 0 0 0 1 0 0 0 0
150	1	0 1 1 1 0 0 0 1 0 0 0 0 0 1 0 0 0 0 0 0
150	8	0 1 1 0 0 1 0 1 0 0 0 1 0 0 1 1 1 0 0 0
150	7	1 1 1 0 0 1 0 1 0 0 0 1 0 1 1 1 0 0 0 0
150	1	1 1 1 0 1 1 0 1 0 0 0 1 0 0 1 1 0 0 0 0
150	7	0 1 0 0 0 1 0 1 0 0 0 1 0 1 0 0 0 1 0 1
150	1	0 1 1 0 1 1 0 1 0 1 0 1 0 0 1 1 0 0 0 0
150	3	0 1 1 1 1 1 0 1 0 0 0 1 0 0 1 1 1 0 0 0
150	17	1 1 1 0 0 1 1 1 0 0 0 1 0 0 1 1 0 0 0 0
150	16	1 1 1 0 0 1 1 1 0 0 0 1 0 0 0 0 0 0 0 0
150	1	1 1 1 0 0 1 1 0 0 0 0 1 0 0 0 1 0 0 0 0
150	3	0 1 1 1 1 0 0 0 0 0 1 1 0 0 1 1 1 0 0 0
150	1	1 0 1 0 0 1 0 1 0 0 0 1 0 0 1 1 0 1 0 1
150	2	0 1 1 0 1 0 0 1 0 0 0 1 0 0 1 1 0 0 0 0
150	11	1 1 1 1 1 0 0 1 0 0 1 1 0 0 1 1 1 0 0 0
150	1	1 1 1 0 1 1 0 1 0 0 1 0 0 1 1 1 1 0 0 0
150	1	0 1 0 0 0 1 0 1 0 0 1 1 0 0 1 1 1 0 0 0
150	16	0 1 1 0 0 1 0 1 0 0 0 1 0 0 1 1 0 1 0 0
150	5	0 1 1 0 0 1 0 1 1 0 0 1 0 0 1 0 0 0 0 0
150	6	0 1 1 1 1 0 0 1 0 0 0 1 1 0 1 1 0 0 0 0
150	6	1 1 1 0 0 1 0 1 0 1 0 1 0 0 1 0 0 0 0 0
150	5	0 1 1 0 0 1 0 1 0 0 0 1 0 1 0 1 0 0 0 1
150	1	0 1 1 0 0 1 0 1 0 1 0 1 0 0 1 0 0 0 0 1
150	3	0 1 1 1 1 0 0 0 0 0 0 1 0 0 1 1 1 0 0 0
150	7	0 1 1 0 0 1 1 0 0 0 0 1 0 0 0 1 0 0 0 0
150	4	0 1 0 1 1 1 0 1 0 0 0 1 1 0 0 0 0 0 0 0
150	2	0 1 1 1 1 0 0 1 0 0 0 1 0 0 1 0 0 0 0 0
150	3	0 1 1 0 0 1 0 1 0 0 0 1 0 1 0 1 0 1 0 0
150	4	0 1 1 1 1 1 0 1 0 0 0 1 0 0 1 1 0 0 0 0
150	5	0 1 0 1 1 0 0 1 0 0 0 1 0 1 1 1 1 0 0 1
150	2	1 1 1 1 0 1 1 1 0 1 0 1 0 0 0 1 0 0 0 0
150	5	0 1 0 0 0 0 0 1 0 0 0 1 0 1 0 0 0 1 0 1
150	2	1 1 1 0 0 1 1 1 0 0 0 1 0 0 0 0 0 1 0 0
150	5	0 1 1 1 1 1 1 0 0 0 0 1 0 0 0 1 0 0 0 0
150	2	0 1 1 0 0 1 0 1 0 0 0 1 0 0 0 0 0 0 0 0
150	7	0 1 1 0 0 0 0 1 0 0 0 1 0 0 1 0 0 0 0 0
150	3	0 1 1 1 1 0 0 1 1 0 0 1 0 0 1 1 1 0 0 0
150	3	0 1 1 0 1 0 0 1 0 0 1 1 0 0 1 1 0 0 0 0
150	2	0 0 1 0 0 1 0 1 0 0 0 1 0 0 1 1 1 1 0 1
150	3	0 1 1 1 1 1 0 1 0 0 0 0 0 0 0 0 0 0 0 0
150	1	1 1 1 0 0 1 0 1 0 1 0 1 0 1 1 1 0 0 0 0
150	1	1 0 1 1 0 1 0 1 0 0 0 1 0 0 1 1 0 1 0 0
150	1	1 1 0 1 1 1 0 1 1 0 0 1 0 1 0 1 1 0 0 0
150	1	0 1 1 1 1 1 0 1 0 0 1 0 0 1 0 1 0 1 0 1
150	1	1 0 0 0 0 1 0 1 0 0 1 1 0 0 1 1 1 0 0 0
150	1	1 1 1 0 1 1 0 1 0 0 1 0 0 1 0 1 0 0 0 0
150	2	0 1 0 0 0 1 0 1 0 0 0 1 1 1 0 0 0 0 0 0
150	3	1 1 1 0 1 1 0 1 0 0 0 1 0 0 0 0 0 0 0 0
150	2	1 1 1 0 0 1 1 1 0 0 0 1 0 0 1 1 1 0 0 0
150	4	0 1 1 0 1 1 0 1 0 0 1 0 0 1 0 1 1 0 0 0
150	4	0 1 1 1 1 1 0 1 0 0 1 0 0 1 0 1 0 0 0 0
150	1	0 1 1 0 0 1 0 0 0 0 0 1 0 0 1 1 1 0 0 0
150	1	0 0 1 0 1 1 0 1 0 1 0 1 0 0 1 1 0 0 0 0
150	1	0 1 0 1 1 0 0 1 0 0 0 1 0 1 1 0 1 0 0 1
150	2	0 1 1 1 1 0 0 1 0 0 1 1 0 0 1 0 0 0 0 0
150	3	0 0 0 0 0 1 0 1 0 0 0 1 0 0 1 1 0 0 0 0
150	1	0 1 1 0 0 1 0 1 0 0 0 1 1 1 0 0 0 0 0 0
150	1	0 1 0 0 0 0 0 1 0 1 0 1 0 0 1 1 0 0 0 0
150	1	0 0 1 0 0 1 0 1 0 0 0 1 0 0 1 1 1 0 0 0
150	6	0 1 1 0 1 1 0 1 0 0 0 1 0 0 1 1 0 0 0 0
150	2	1 1 0 0 0 1 1 1 0 0 0 1 0 0 0 1 0 0 0 0
150	1	1 0 1 0 1 1 0 0 0 0 0 0 0 1 0 0 0 1 0 1
150	2	0 1 1 0 1 0 0 1 0 1 0 1 0 1 0 0 0 0 0 0
150	2	0 1 1 0 0 1 0 1 0 1 0 1 0 0 1 1 1 0 0 1
150	1	0 1 1 0 0 1 0 1 0 1 0 0 0 0 1 1 1 0 0 0
150	2	0 1 0 1 1 0 0 1 1 0 1 1 0 0 1 1 1 0 0 0
150	2	1 0 1 1 0 1 0 1 0 0 0 1 0 0 1 1 0 0 0 1
150	1	0 1 1 0 0 1 0 1 0 1 1 1 0 0 1 0 0 0 0 0
150	1	1 1 1 0 1 1 0 0 0 0 0 1 0 0 1 1 0 0 0 0
150	1	1 1 1 0 1 0 0 1 0 0 1 0 0 1 1 1 1 0 0 0
150	1	0 1 1 1 1 0 0 1 1 0 0 1 0 1 1 1 1 0 0 0
150	1	0 1 1 1 1 0 0 1 0 0 0 1 1 1 0 1 1 0 0 0
150	2	0 1 1 0 1 1 0 1 0 0 0 1 0 1 0 1 0 1 0 0
150	1	0 1 1 0 1 0 0 1 0 0 0 1 0 1 0 1 0 1 0 0
150	1	0 1 1 0 0 1 0 1 0 0 0 0 0 0 1 1 0 0 0 0
150	2	0 1 0 1 1 0 0 1 0 0 1 1 0 0 1 1 1 0 0 0
150	2	1 0 1 1 0 0 0 1 0 0 0 1 0 0 1 1 0 0 0 0
200	19	0 1 1 1 1 0 0 1 0 0 0 1 0 1 0 1 0 1 0 0
200	37	0 1 1 0 0 1 0 1 0 0 0 1 0 0 1 1 0 0 0 0
200	9	0 1 1 1 1 0 0 1 0 0 1 1 0 0 1 1 1 0 0 0
200	3	0 1 1 0 0 1 0 1 0 0 0 1 0 0 1 0 0 0 0 0
200	51	0 1 1 0 0 1 0 1 0 1 0 1 0 0 1 1 0 0 0 0
200	161	0 1 1 1 0 1 0 1 0 0 0 1 0 0 1 1 0 0 0 0
200	8	0 1 1 0 0 1 0 1 0 0 0 1 0 1 0 1 0 0 0 0
200	15	0 1 1 1 1 0 0 1 0 0 0 1 0 0 1 1 0 0 0 0
200	4	0 1 1 0 0 1 0 1 0 1 0 1 0 0 1 0 0 0 0 0
200	24	0 1 1 1 1 0 0 1 0 1 0 1 0 1 0 1 0 0 0 0
200	28	1 1 1 1 1 0 0 1 0 0 1 1 0 0 1 1 1 0 0 0
200	1	0 1 1 1 1 1 1 0 0 0 0 1 0 0 0 1 0 0 0 0
200	2	0 1 1 1 0 1 0 1 0 0 0 1 0 0 1 1 0 1 0 0
200	51	0 1 1 1 1 1 0 1 0 0 0 1 0 0 1 1 0 0 0 0
200	2	0 1 1 0 0 1 0 1 0 0 0 1 0 0 1 1 0 0 1 0
200	3	0 1 1 1 1 0 0 1 0 0 0 1 0 1 0 0 0 1 0 0
200	1	1 1 1 0 0 1 0 1 0 0 0 1 0 1 1 1 0 0 1 0
200	5	0 1 1 1 0 1 0 1 0 1 0 1 0 0 1 1 0 0 0 0
200	25	1 1 1 1 0 1 0 1 0 0 0 1 0 0 1 1 0 0 0 0
200	47	0 1 1 1 1 0 1 1 0 1 0 1 0 1 0 1 0 0 0 0
200	26	0 1 1 0 0 1 0 1 0 0 0 0 0 0 1 1 0 0 0 0
200	38	1 1 1 1 1 0 0 1 1 0 0 1 0 0 1 1 1 0 0 0
200	3	0 1 1 0 0 0 0 1 0 0 0 1 0 1 0 1 0 0 0 0
200	9	0 0 1 1 1 0 0 1 0 0 0 1 0 0 1 1 0 0 0 0
200	6	0 1 1 0 0 1 0 1 0 0 0 1 0 1 1 1 0 0 1 0
200	19	0 1 1 0 1 0 1 1 0 1 0 1 0 1 0 1 0 0 0 0
200	17	1 1 1 0 0 1 1 1 0 0 0 1 0 0 0 0 0 1 0 0
200	4	0 1 1 0 1 1 0 1 0 0 0 0 1 1 0 1 0 0 0 0
200	3	0 1 1 1 0 1 1 1 0 0 0 1 0 0 1 1 0 0 0 0
200	14	0 1 1 1 1 0 1 1 0 0 0 1 0 0 1 1 0 0 0 0
200	17	1 1 1 0 0 1 0 1 0 1 0 1 0 1 1 1 0 0 1 0
200	35	1 1 1 0 0 1 0 1 0 0 0 1 0 0 1 1 0 0 0 0
200	7	0 1 1 1 0 1 0 1 0 0 0 1 0 0 1 1 0 0 1 0
200	4	0 1 1 1 1 0 0 1 0 1 0 1 0 1 0 1 0 0 0 1
200	8	0 1 1 1 0 1 0 1 0 0 0 1 1 0 1 1 0 0 0 0
200	2	1 1 1 0 0 1 0 1 0 0 0 1 1 1 0 1 0 1 0 0
200	28	0 1 1 1 0 0 0 1 0 0 0 1 0 0 1 1 0 0 0 0
200	3	0 1 1 0 0 1 1 1 0 1 0 1 0 0 1 1 0 0 0 0
200	7	1 1 1 0 0 1 0 1 0 0 0 1 0 1 0 1 0 0 0 0
200	5	0 1 1 0 1 1 0 1 0 0 0 1 0 1 0 1 0 0 0 0
200	19	0 1 1 1 1 0 0 1 0 0 1 1 0 0 1 0 1 0 0 0
200	4	0 1 1 1 0 1 0 1 0 0 1 1 0 0 1 1 0 0 0 0
200	7	1 1 1 0 0 1 1 1 0 0 0 1 0 0 0 0 0 0 0 0
200	1	0 0 1 1 0 1 0 1 0 0 0 1 0 0 1 1 0 0 0 0
200	2	1 1 1 0 0 1 0 1 0 0 1 1 0 1 1 1 0 0 1 0
200	2	0 1 1 1 0 0 0 1 0 1 0 1 0 1 0 1 0 0 0 0
200	10	0 1 1 0 0 0 0 1 0 1 0 1 1 0 1 1 0 0 0 0
200	13	0 1 1 1 0 1 0 1 0 1 0 1 0 1 0 1 0 0 0 0
200	16	0 1 1 1 1 0 0 1 0 0 0 1 0 1 0 1 1 1 0 0
200	2	0 1 1 0 0 1 0 1 0 0 0 0 1 1 0 1 0 0 0 0
200	2	1 1 1 0 0 1 1 1 0 0 0 0 1 1 0 1 0 0 0 0
200	4	1 1 1 1 1 0 0 1 0 1 0 1 0 0 1 1 0 0 0 0
200	3	0 1 1 1 1 0 1 1 0 1 0 1 0 1 0 1 0 1 0 0
200	5	0 1 1 1 0 1 1 1 0 0 0 0 1 1 0 1 0 0 0 0
200	1	0 1 1 1 0 1 1 1 0 0 0 1 0 0 0 0 0 1 0 0
200	14	0 1 1 1 0 1 0 1 1 0 0 1 0 0 1 1 0 0 0 0
200	1	0 1 1 1 0 0 0 1 1 1 0 1 0 1 0 1 0 0 0 0
200	3	0 1 1 1 1 1 0 1 0 0 0 1 0 0 1 1 1 0 0 0
200	2	1 1 1 1 1 0 0 1 0 0 1 1 0 0 1 1 0 0 0 0
200	6	0 1 1 1 1 0 1 1 0 1 0 1 0 1 0 1 0 0 0 1
200	3	0 1 1 0 1 1 0 1 0 0 0 1 0 1 0 1 1 0 0 0
200	1	0 1 1 0 1 1 0 1 0 0 0 1 1 1 0 0 0 1 0 0
200	9	1 1 1 0 0 1 1 1 0 0 0 1 1 1 0 1 0 1 0 0
200	5	0 1 1 0 0 1 0 1 0 1 0 1 0 0 1 0 0 1 0 0
200	2	0 1 1 0 0 1 0 1 0 0 0 1 0 1 1 1 0 0 0 0
200	4	0 1 1 0 0 1 0 1 0 0 0 1 0 0 0 1 0 0 0 0
200	3	0 1 1 0 0 1 0 1 0 0 0 0 0 0 1 1 0 1 0 0
200	6	0 1 1 0 0 1 0 1 0 0 0 0 0 0 1 1 1 0 0 0
200	4	0 1 0 0 0 1 0 1 0 0 0 0 0 0 1 1 0 0 0 0
200	5	0 1 1 0 0 1 0 1 0 0 0 1 0 1 0 1 1 0 0 0
200	3	1 1 1 1 1 0 0 1 0 0 1 1 0 0 1 1 0 1 0 0
200	10	1 1 1 0 0 1 1 1 0 0 0 1 0 0 1 1 1 0 0 0
200	2	0 1 1 0 0 1 0 1 0 1 0 1 0 0 1 1 0 1 0 0
200	4	0 1 1 0 0 1 0 1 0 1 0 1 0 1 1 1 0 0 0 0
200	8	0 1 1 1 1 1 0 1 0 0 0 0 0 0 1 1 0 0 0 0
200	2	1 1 1 0 1 1 1 1 0 0 0 1 0 0 0 0 0 1 0 0
200	5	0 1 1 1 1 0 0 0 0 1 0 1 0 1 0 1 0 0 0 1
200	2	0 1 1 0 0 1 0 1 0 1 0 1 0 1 0 1 0 0 0 0
200	1	0 1 1 1 0 0 0 1 1 1 0 1 0 0 1 1 0 0 0 0
200	2	0 1 1 0 0 1 1 1 0 0 0 1 0 0 1 1 0 0 0 0
200	2	0 1 0 1 1 0 0 1 0 0 1 1 0 0 1 1 1 0 0 0
200	2	0 1 1 0 0 0 0 1 0 1 0 1 0 0 1 1 0 0 0 0
200	2	0 1 1 1 0 1 0 1 0 0 0 1 0 0 1 1 1 0 0 0
200	1	0 1 1 0 0 1 0 1 0 0 0 1 0 0 1 0 1 0 0 0
200	1	1 1 1 0 0 1 0 1 0 0 0 1 0 0 0 1 0 0 0 0
200	2	1 1 0 0 0 1 0 1 0 0 0 1 0 0 1 1 0 0 0 0
200	3	0 1 1 1 1 1 0 1 0 1 0 1 0 1 0 1 0 0 0 0
200	4	0 1 1 1 1 0 0 1 0 0 0 1 0 1 0 1 0 0 0 0
200	2	0 1 1 1 1 1 0 1 0 1 0 1 0 0 1 1 0 0 1 0
200	2	1 1 1 1 0 0 0 1 0 0 0 1 0 0 1 1 0 0 0 0
200	3	1 1 1 0 0 1 1 1 0 0 0 1 1 1 0 1 0 0 0 1
200	3	0 1 1 0 0 1 0 1 0 0 0 1 0 0 1 1 1 0 0 0
200	1	0 1 1 0 0 1 0 1 1 1 0 1 0 0 1 1 0 0 0 0
200	1	0 1 1 0 0 1 0 1 0 1 0 0 0 0 1 1 0 0 0 0
200	4	0 1 1 1 0 1 0 1 0 0 0 1 0 1 1 1 0 0 0 0
200	1	1 1 1 0 1 1 1 1 0 0 0 1 0 0 0 1 0 1 0 0
200	1	1 1 1 1 1 0 0 0 0 0 1 1 0 0 1 1 1 0 0 0
200	2	1 1 1 1 1 0 0 1 1 0 0 1 0 0 1 1 1 0 0 1
200	1	1 1 1 0 1 1 0 1 0 0 0 1 0 0 1 1 0 0 0 0
200	1	1 1 1 0 0 1 0 1 0 0 0 1 0 0 1 1 1 0 0 0
200	1	0 1 1 0 0 1 0 1 0 1 0 1 0 0 1 1 0 0 0 1
200	1	0 1 1 1 0 1 0 0 0 0 0 1 0 0 1 1 0 0 0 0
200	2	0 1 1 1 0 1 0 1 0 0 0 0 0 0 1 1 0 0 0 0
200	2	0 1 1 1 1 1 0 1 0 0 0 1 0 0 1 1 0 0 0 1
200	4	0 1 1 1 1 1 0 1 0 0 0 1 0 0 1 1 0 0 1 0
200	2	0 1 1 1 0 1 1 1 0 0 0 1 0 0 1 1 0 0 1 0
250	14	0 1 1 0 0 1 0 1 0 0 0 1 0 0 1 1 0 0 0 0
250	2	0 1 1 0 0 1 0 1 0 1 0 1 0 0 1 1 0 0 0 0
250	92	0 1 1 1 0 1 0 1 0 0 0 1 0 0 1 1 0 0 0 0
250	11	0 1 1 0 0 1 0 1 0 1 0 1 0 0 1 0 0 0 0 0
250	26	1 1 1 1 1 0 0 1 0 0 1 1 0 0 1 1 1 0 0 0
250	22	0 1 1 1 1 1 0 1 0 0 0 1 0 0 1 1 0 0 0 0
250	87	1 1 1 1 0 1 0 1 0 0 0 1 0 0 1 1 0 0 0 0
250	23	0 1 1 0 0 1 0 1 0 0 0 0 0 0 1 1 0 0 0 0
250	8	0 1 1 1 1 0 1 1 0 0 0 1 0 0 1 1 0 0 0 0
250	8	1 1 1 0 0 1 0 1 0 0 0 1 0 0 1 1 0 0 0 0
250	8	0 1 1 1 0 0 0 1 0 0 0 1 0 0 1 1 0 0 0 0
250	17	0 1 1 0 0 0 0 1 0 1 0 1 1 0 1 1 0 0 0 0
250	40	0 1 1 1 0 1 0 1 0 1 0 1 0 1 0 1 0 0 0 0
250	43	0 1 1 1 1 1 0 1 0 1 0 1 0 1 0 1 0 0 0 0
250	13	0 1 1 1 0 1 0 1 0 0 0 1 0 1 0 0 0 1 0 0
250	1	1 1 1 0 0 1 0 1 0 1 0 1 0 1 0 1 0 0 0 0
250	11	0 1 1 1 1 0 0 1 0 0 0 1 0 1 0 1 0 1 0 1
250	4	1 1 1 0 0 1 0 1 0 0 0 1 0 0 1 1 0 1 0 0
250	7	0 1 1 1 0 1 0 1 0 0 0 0 1 1 0 1 1 0 0 0
250	3	1 1 1 1 1 0 0 1 0 0 0 1 0 1 0 1 0 1 0 0
250	21	0 1 1 1 0 1 0 1 0 0 0 1 0 0 1 0 0 0 0 0
250	14	0 1 1 1 0 1 0 1 0 0 0 1 0 0 1 1 1 0 0 0
250	15	0 0 1 1 0 1 0 1 0 0 0 1 0 0 1 1 0 0 0 0
250	3	0 1 1 0 0 0 0 1 0 1 0 1 1 0 1 1 0 0 1 0
250	22	1 1 1 1 1 0 0 1 1 0 0 1 1 1 1 1 1 0 0 0
250	1	0 0 1 0 0 1 0 1 0 0 0 1 0 0 1 1 0 0 0 0
250	7	1 1 1 1 1 0 0 1 1 0 0 1 0 0 1 1 0 0 0 0
250	1	1 1 1 1 1 0 1 1 1 1 0 1 1 0 1 1 1 0 0 0
250	4	1 1 1 0 0 1 0 1 0 0 1 1 0 0 1 1 1 0 0 0
250	3	0 1 1 0 1 1 0 1 0 0 1 1 1 1 0 0 0 1 0 0
250	3	0 1 1 1 0 1 0 1 0 1 0 1 1 0 1 1 0 0 0 1
250	1	0 1 1 0 0 1 0 0 0 0 0 1 0 0 1 1 0 1 0 0
250	1	0 1 1 0 0 1 0 1 0 1 0 1 0 0 1 1 0 0 1 0
250	21	0 1 1 0 1 1 0 1 0 0 0 0 0 0 1 1 0 1 0 0
250	3	0 1 1 1 1 1 0 1 0 1 0 1 0 1 0 0 0 0 0 0
250	8	1 1 1 1 1 0 0 0 1 0 0 1 0 0 1 1 1 0 0 1
250	7	0 1 1 0 0 1 0 1 0 1 0 1 0 1 1 1 1 0 0 0
250	13	1 1 1 1 1 0 0 1 0 1 0 1 0 1 0 1 0 0 0 0
250	1	1 1 1 1 1 0 0 0 1 1 0 1 1 0 1 1 1 0 0 0
250	8	0 1 1 1 1 1 0 1 1 0 0 1 0 0 1 1 0 1 0 0
250	8	0 1 1 0 0 1 0 1 0 0 0 1 0 0 1 1 0 1 1 0
250	7	0 1 1 1 0 1 0 1 0 0 0 1 0 0 1 1 0 0 1 0
250	8	0 1 1 1 1 0 0 1 0 1 0 1 0 0 0 1 1 0 0 0
250	2	0 1 1 1 0 1 1 1 0 0 0 1 0 0 1 1 0 0 0 0
250	1	0 1 1 1 1 1 0 1 0 1 0 1 1 1 0 1 0 0 0 0
250	12	1 1 1 1 1 1 0 1 0 1 0 1 0 1 0 1 0 0 0 0
250	3	1 1 1 1 0 1 0 1 0 0 0 1 1 0 1 1 0 0 0 0
250	18	1 1 1 1 0 1 0 1 0 0 0 1 0 1 0 1 0 1 0 0
250	1	0 1 1 1 0 0 0 1 0 1 0 1 0 1 0 1 0 0 0 0
250	10	0 1 1 1 0 0 0 0 0 0 1 0 0 0 1 1 1 0 0 0
250	4	0 1 1 0 0 1 0 1 1 0 0 1 0 0 1 1 0 0 0 0
250	9	1 1 1 1 1 1 0 1 0 0 0 1 1 1 0 0 0 1 0 0
250	4	0 1 1 1 0 1 0 1 0 0 0 1 0 1 0 1 0 1 0 1
250	2	0 1 1 0 0 0 0 1 1 1 0 1 0 0 1 0 0 0 0 0
250	2	0 1 1 1 0 1 0 1 0 1 0 1 0 0 1 0 0 0 0 0
250	9	0 1 1 0 0 1 0 1 0 0 0 1 0 0 1 1 1 0 0 0
250	9	0 1 1 1 1 0 0 1 0 1 0 1 0 0 1 0 0 0 0 0
250	20	0 1 1 0 0 1 0 0 0 1 0 1 0 1 0 1 0 0 0 1
250	6	0 1 0 1 0 1 0 1 0 0 0 0 1 1 0 1 1 0 0 0
250	6	0 1 1 1 1 0 0 1 1 0 0 1 0 1 1 1 1 0 0 0
250	17	0 1 1 1 0 1 0 1 0 1 0 1 0 1 0 0 0 1 0 0
250	10	1 1 1 1 0 1 0 1 0 0 0 1 0 1 0 1 0 0 0 0
250	1	0 1 1 0 0 1 0 1 0 0 0 0 0 0 1 1 0 0 0 1
250	1	1 1 1 1 1 0 0 1 1 0 0 1 1 1 1 1 1 0 1 0
250	13	1 1 1 1 1 0 0 1 0 1 1 1 0 1 0 1 0 0 0 0
250	1	0 1 1 0 1 1 0 1 0 1 0 1 0 1 0 1 0 0 1 0
250	22	0 1 1 1 0 0 0 1 0 1 0 1 0 0 1 1 0 0 0 0
250	4	0 1 1 1 0 1 0 1 0 1 0 1 0 0 1 1 0 0 0 0
250	1	0 1 1 1 0 1 0 1 0 0 0 1 0 1 0 1 0 1 0 0
250	3	0 1 1 0 0 1 1 1 0 1 0 1 0 0 1 0 0 0 0 0
250	7	0 1 1 1 0 1 0 1 0 1 0 1 0 1 0 1 1 0 0 0
250	5	0 1 1 1 0 1 0 0 0 0 0 1 0 0 1 1 0 0 0 0
250	10	0 1 1 1 0 1 0 0 0 1 0 1 0 1 0 1 0 0 0 0
250	3	0 1 1 1 0 1 0 1 0 1 0 1 0 1 1 1 0 0 0 0
250	4	0 1 1 1 1 0 0 1 0 1 0 1 1 1 0 1 0 0 0 0
250	2	0 1 0 0 0 1 0 1 0 0 0 1 0 0 1 1 0 0 0 0
250	3	0 1 1 1 1 1 0 1 0 0 0 1 0 0 0 1 0 0 0 0
250	3	0 1 1 1 1 0 1 0 0 0 0 1 0 0 1 1 0 0 0 0
250	6	0 1 1 1 1 0 1 1 0 0 0 1 0 0 1 1 0 1 0 0
250	4	0 1 1 1 1 0 0 1 0 0 1 1 0 0 1 1 1 0 0 0
250	3	0 1 1 0 0 1 0 1 1 0 0 1 1 1 1 1 1 0 0 0
250	1	1 1 1 1 1 1 0 1 0 0 0 1 0 0 1 1 0 0 0 0
250	4	0 1 1 1 0 1 0 1 0 0 0 1 0 1 0 1 0 0 0 0
250	1	1 1 1 1 1 0 0 1 0 1 1 1 0 0 1 1 1 0 0 0
250	9	1 1 1 1 1 0 0 1 1 0 0 1 0 1 1 1 1 0 1 0
250	1	0 1 1 1 0 1 0 1 0 1 0 0 1 1 0 1 1 0 0 0
250	4	0 1 1 1 1 1 0 1 0 0 0 1 0 0 1 1 0 0 1 0
250	5	1 1 1 1 0 1 0 1 0 1 0 1 0 0 1 1 0 0 0 0
250	6	0 1 1 0 1 1 0 1 0 0 0 1 0 0 1 1 0 0 0 0
250	4	1 1 0 1 1 0 0 1 1 0 0 1 0 1 1 1 1 0 0 0
250	4	0 0 1 1 1 1 0 1 0 1 0 0 0 1 0 1 0 0 0 0
250	5	1 1 1 1 0 1 0 1 0 0 0 1 0 1 0 1 1 0 0 0
250	3	0 1 1 1 1 0 1 1 1 1 0 1 1 0 1 1 1 0 0 0
250	4	0 1 1 1 1 1 0 1 0 0 0 1 0 1 0 1 0 1 0 0
250	1	1 1 1 0 0 1 0 1 0 0 0 1 0 1 0 1 0 0 0 0
250	4	1 1 1 0 0 1 0 1 0 0 0 1 0 0 0 1 0 1 0 0
250	6	1 1 1 1 1 0 0 1 0 0 0 1 1 1 1 1 1 0 0 0
250	3	1 1 1 1 1 0 0 0 0 1 0 1 1 0 1 1 1 0 0 0
250	2	0 1 1 1 0 0 0 0 0 0 1 0 1 0 1 1 1 0 0 0
250	1	0 1 1 1 0 1 0 1 0 1 0 1 1 1 0 0 0 1 0 0
250	3	0 1 1 1 0 0 0 1 0 1 0 0 0 0 1 1 0 0 0 0
250	1	1 1 1 0 0 1 0 1 0 0 0 1 0 0 1 1 1 0 0 0
250	4	0 0 0 0 0 1 0 0 0 1 0 1 0 1 0 1 0 0 0 1
250	2	0 1 1 0 0 1 0 1 0 0 0 1 0 0 0 1 0 1 0 1
250	3	0 1 0 1 0 1 0 1 0 0 0 1 0 0 1 1 0 0 0 0
250	7	0 1 1 0 0 0 1 1 0 1 0 1 1 0 1 1 0 0 0 0
250	1	0 1 1 1 0 1 0 1 0 0 1 1 0 0 1 0 0 0 0 0
250	2	1 1 0 1 1 0 0 1 0 0 0 1 0 1 1 1 1 0 0 0
250	4	0 1 1 0 0 0 0 1 0 0 0 1 0 0 1 1 0 0 0 0
250	1	1 1 1 1 1 0 1 1 0 0 0 1 0 0 1 1 0 0 0 0
250	1	0 1 1 0 1 1 0 1 0 1 0 1 0 1 0 1 0 0 0 0
250	3	0 1 1 1 1 1 0 1 0 0 0 1 0 0 1 0 0 0 0 0
250	2	1 1 1 1 0 1 0 1 1 0 0 1 0 1 0 1 0 0 0 0
250	1	0 1 0 1 0 0 0 1 0 1 0 1 0 0 1 1 0 0 0 0
250	3	0 1 1 1 0 0 0 0 0 1 0 1 0 0 1 1 0 0 0 0
250	1	0 1 1 0 0 0 0 0 0 0 0 0 0 0 1 1 0 0 1 0
250	2	0 1 1 1 0 1 0 1 0 0 0 0 0 0 1 1 0 1 0 0
250	1	1 1 1 1 1 0 0 1 0 0 1 1 0 1 0 1 0 0 0 0
250	1	0 1 1 1 1 0 0 1 0 0 0 1 0 1 0 1 0 1 0 0
250	1	0 1 1 0 0 0 0 1 0 1 0 1 0 0 1 0 0 0 0 0
250	2	0 1 1 0 1 1 0 1 0 1 0 1 0 0 1 1 0 0 0 0
250	2	0 1 1 1 0 1 0 0 0 1 0 1 0 1 1 1 0 0 0 0
250	2	1 1 1 1 1 1 0 1 0 1 0 1 1 0 1 1 0 0 0 0
250	2	0 0 1 1 1 1 0 1 0 1 0 0 0 1 1 1 0 0 0 0
250	1	1 1 1 1 1 0 0 1 0 0 1 1 0 0 1 1 1 0 0 1
250	2	1 1 1 1 1 0 0 1 0 0 1 0 0 0 1 1 1 0 0 0
250	2	0 0 1 1 1 1 0 1 0 0 0 1 0 0 1 1 0 0 0 0
250	1	1 1 1 1 0 1 0 0 0 0 0 1 0 0 1 1 0 0 0 0
250	2	0 1 1 0 0 1 0 1 0 0 0 0 0 1 1 1 0 0 0 0
250	2	1 1 1 0 0 1 0 1 0 0 1 1 0 0 1 1 0 0 0 0
250	2	0 1 1 0 1 0 0 1 0 0 0 1 0 1 0 1 0 1 0 1
250	4	1 1 1 1 1 0 0 1 0 1 0 1 0 1 0 1 0 1 0 0
250	1	0 1 1 0 0 1 0 0 0 1 0 1 0 1 0 1 0 1 0 1
250	2	1 1 1 1 0 1 0 1 0 0 0 1 0 1 0 0 0 0 0 0
300	4	0 1 1 1 0 1 0 1 0 0 0 1 0 0 1 1 0 0 0 0
300	12	0 1 1 0 0 1 0 1 0 1 0 1 0 0 1 0 0 0 0 0
300	15	1 1 1 1 1 0 0 1 0 0 1 1 0 0 1 1 1 0 0 0
300	119	1 1 1 1 0 1 0 1 0 0 0 1 0 0 1 1 0 0 0 0
300	5	1 1 1 0 0 1 0 1 0 0 0 1 0 0 1 1 0 0 0 0
300	15	0 1 1 1 0 1 0 1 0 1 0 1 0 1 0 1 0 0 0 0
300	27	0 1 1 1 1 1 0 1 0 1 0 1 0 1 0 1 0 0 0 0
300	3	1 1 1 0 0 1 0 1 0 0 0 1 0 0 1 1 0 1 0 0
300	7	0 1 1 1 0 1 0 1 0 0 0 1 0 0 1 0 0 0 0 0
300	3	0 1 1 1 0 1 0 1 0 0 0 1 0 0 1 1 1 0 0 0
300	6	1 1 1 1 1 1 0 1 0 1 0 1 0 1 0 1 0 0 0 0
300	34	1 1 1 1 0 1 0 1 0 0 0 1 0 1 0 1 0 0 0 0
300	11	0 1 1 1 0 0 0 1 0 1 0 1 0 0 1 1 0 0 0 0
300	13	0 1 1 1 0 1 0 0 0 1 0 1 0 1 0 1 0 0 0 0
300	4	0 1 1 1 1 0 1 1 0 0 0 1 0 0 1 1 0 1 0 0
300	15	0 1 1 1 1 1 0 1 0 0 0 1 0 0 1 0 0 0 0 0
300	7	1 1 1 1 0 1 0 1 1 0 0 1 0 1 0 1 0 0 0 0
300	6	0 1 1 1 0 0 0 1 0 0 0 1 0 0 1 1 0 0 0 1
300	1	0 1 1 1 0 1 0 1 0 0 0 1 0 0 1 1 1 1 0 0
300	10	1 1 1 1 0 1 0 1 0 0 0 1 0 0 1 1 1 0 0 0
300	26	0 1 1 1 1 1 1 1 0 1 0 1 0 0 1 1 0 0 0 0
300	30	1 1 1 1 0 1 0 1 0 0 0 1 0 0 1 0 0 0 0 0
300	7	1 1 1 0 0 1 0 1 0 0 0 1 0 1 0 1 0 0 0 0
300	6	0 1 1 1 0 1 0 1 1 0 0 1 0 0 1 1 0 0 0 0
300	29	1 1 1 1 1 1 0 0 0 0 0 1 0 0 1 1 0 0 0 0
300	8	1 1 1 1 0 1 0 1 0 1 0 1 0 1 1 0 0 0 0 0
300	5	1 1 1 1 1 0 0 1 0 1 0 0 0 0 1 1 0 1 0 0
300	22	1 1 1 1 0 1 0 1 0 1 0 1 0 1 0 1 0 0 0 0
300	9	1 0 1 1 1 0 0 1 0 0 1 1 0 0 1 1 1 0 0 0
300	4	0 1 1 1 0 1 1 1 0 1 0 1 0 1 0 1 0 0 0 0
300	32	1 1 1 1 0 1 0 1 0 0 0 0 0 0 1 1 0 0 0 0
300	45	1 1 1 1 0 1 0 1 0 0 0 1 1 0 1 1 0 0 0 0
300	11	1 1 1 1 0 1 0 1 1 0 0 1 0 0 1 1 0 0 0 0
300	6	1 0 1 1 1 0 0 1 0 0 1 1 0 1 1 1 1 0 0 1
300	6	1 1 1 1 1 0 0 1 1 1 0 0 0 0 1 1 0 1 0 0
300	4	1 0 1 1 1 0 0 0 1 0 0 1 0 1 0 1 0 0 0 0
300	4	1 1 0 1 0 0 0 1 0 0 0 1 0 0 1 1 0 0 0 0
300	6	0 1 1 1 0 1 0 1 0 1 0 1 0 0 1 1 0 0 0 0
300	6	1 1 0 1 1 0 0 1 0 1 0 1 0 1 0 1 0 0 0 0
300	15	0 1 1 1 0 0 0 0 0 0 1 0 0 0 1 1 0 0 0 0
300	1	0 1 1 1 0 1 0 1 0 0 0 1 1 0 1 0 0 0 1 0
300	22	1 1 1 1 0 1 0 1 0 0 1 1 0 0 1 1 0 0 0 0
300	15	1 1 0 1 0 1 0 1 0 1 0 1 1 1 1 0 0 0 0 1
300	5	1 1 1 0 0 1 0 0 0 1 0 1 0 0 1 1 0 0 0 0
300	5	1 1 1 1 0 1 0 1 0 0 0 1 0 1 1 1 0 0 0 0
300	2	0 1 1 1 1 1 0 1 0 1 1 1 0 1 0 1 0 0 0 0
300	3	1 1 1 1 1 1 1 1 0 0 0 1 0 0 1 1 0 0 0 0
300	16	1 1 1 1 0 1 0 1 0 0 1 1 0 0 1 1 1 0 0 0
300	11	1 1 1 0 1 0 0 1 0 0 0 1 0 0 1 0 0 0 0 0
300	5	0 1 1 1 0 1 0 1 0 0 1 1 0 0 1 1 0 0 0 0
300	2	1 1 1 0 0 1 0 1 0 0 0 0 0 0 1 1 0 0 0 0
300	7	1 1 1 1 0 1 0 1 0 0 0 1 0 1 0 1 1 0 0 0
300	11	1 1 1 1 0 1 0 1 0 0 0 1 1 1 1 0 0 0 0 1
300	28	0 1 1 1 1 1 1 1 0 1 0 1 0 1 0 1 0 0 0 0
300	14	0 0 1 1 0 1 0 1 0 0 0 1 0 0 1 1 1 0 0 0
300	2	1 1 1 1 0 1 1 1 0 1 0 1 0 1 1 0 0 0 0 0
300	1	0 1 1 1 0 0 0 1 1 0 0 1 0 0 0 1 0 0 0 0
300	5	1 1 1 1 1 1 0 1 0 0 0 1 1 0 1 1 0 1 0 0
300	1	0 1 1 1 0 0 1 1 0 0 0 0 0 0 1 1 0 0 0 0
300	4	0 1 1 1 0 1 0 1 0 0 0 1 0 1 0 1 0 0 0 0
300	3	1 0 1 1 0 1 0 1 0 0 0 1 0 0 1 1 0 0 1 0
300	5	0 1 1 1 0 0 0 0 0 0 1 1 0 1 0 1 1 0 0 0
300	15	0 1 1 1 1 1 0 1 0 1 0 1 0 0 1 1 1 0 0 0
300	4	1 1 1 1 0 1 0 1 0 0 1 1 0 1 0 1 1 0 0 0
300	4	1 1 1 1 0 1 0 1 0 1 0 1 0 0 1 1 0 0 0 0
300	32	1 1 1 1 1 0 0 0 0 1 0 0 0 0 1 1 0 1 0 0
300	3	0 1 1 1 0 1 0 1 0 0 0 1 0 0 1 0 0 0 1 0
300	7	1 1 1 0 0 1 0 1 0 1 0 1 0 0 1 1 0 0 0 0
300	1	1 1 1 0 0 1 0 1 0 0 0 1 1 0 1 1 0 1 0 0
300	4	1 1 1 1 0 1 0 1 0 0 0 1 0 0 1 1 1 0 1 0
300	1	1 1 1 1 1 0 1 1 1 0 0 1 0 1 1 1 0 1 0 0
300	7	1 1 1 0 0 1 0 0 0 0 0 0 0 0 1 1 0 0 0 0
300	5	1 1 1 1 0 1 0 1 0 0 0 1 0 0 1 1 0 1 0 0
300	10	1 1 1 0 1 0 0 1 0 0 0 1 0 0 1 1 0 0 0 0
300	2	1 1 1 1 1 1 0 1 0 1 1 1 0 1 0 1 0 0 0 0
300	2	1 1 1 1 0 1 0 1 0 0 0 0 0 1 0 1 0 0 0 0
300	10	0 1 1 0 1 1 0 1 0 1 1 1 0 1 0 1 0 0 0 0
300	2	1 1 1 0 0 1 1 1 0 0 0 1 1 0 1 1 0 1 0 0
300	7	1 1 1 1 1 0 0 1 0 1 0 0 0 0 1 1 1 0 0 0
300	4	1 1 1 1 1 1 0 1 0 0 0 1 0 0 1 1 0 0 0 0
300	1	0 1 1 1 0 0 0 1 0 0 0 1 0 0 1 0 0 0 0 0
300	3	0 1 1 1 0 0 0 1 0 0 0 1 1 0 1 1 0 0 0 1
300	4	1 1 1 1 0 1 0 1 0 0 0 0 0 1 1 1 0 0 0 0
300	8	0 1 1 1 0 1 0 0 1 0 0 1 0 0 1 0 0 0 0 0
300	4	0 1 1 1 0 1 0 1 0 1 0 1 0 1 0 1 0 0 1 0
300	3	0 1 1 1 0 1 0 1 0 0 0 1 0 0 1 0 1 0 0 0
300	4	0 1 1 1 0 0 0 1 1 1 0 1 0 0 1 1 0 0 0 0
300	5	1 1 1 1 1 0 0 1 0 1 0 0 0 1 1 1 0 1 0 0
300	3	1 1 1 1 0 1 0 1 0 1 0 1 0 1 0 1 1 0 0 0
300	5	1 1 1 1 1 1 0 1 0 1 1 1 0 0 0 1 0 0 0 0
300	5	1 1 1 1 1 0 0 1 0 0 1 0 0 0 1 1 1 0 0 0
300	1	0 1 1 1 0 1 0 1 0 1 0 1 0 1 0 1 0 1 0 0
300	5	0 1 1 1 0 1 0 1 0 1 0 1 0 1 1 1 1 0 0 0
300	6	1 0 1 1 0 1 0 1 0 0 0 1 1 0 1 1 0 0 0 0
300	1	1 1 1 1 1 1 0 1 0 0 0 1 0 0 1 0 0 0 0 0
300	2	1 1 1 1 1 1 0 1 0 0 0 1 1 0 1 0 0 0 0 0
300	5	1 1 1 0 0 1 0 1 0 0 0 1 0 0 1 1 0 0 0 1
300	1	0 1 1 1 0 0 0 1 0 1 0 1 0 0 1 1 0 0 1 0
300	1	1 1 1 1 0 1 0 1 0 0 0 1 0 1 1 0 0 0 0 0
300	3	0 1 1 1 0 1 0 1 0 0 0 1 1 0 1 1 0 0 0 0
300	4	1 1 1 1 0 1 0 1 0 0 0 1 1 1 1 1 1 0 0 1
300	2	0 0 1 1 0 1 0 1 0 0 1 1 0 0 1 1 1 0 0 0
300	4	1 1 1 1 0 1 0 1 0 0 0 1 0 0 1 1 0 0 1 0
300	2	1 1 1 1 0 1 0 1 0 0 1 1 0 0 1 1 1 0 1 0
300	1	0 1 1 1 0 0 0 1 0 1 0 0 0 1 0 1 0 0 0 0
300	3	0 1 1 1 1 1 0 0 0 0 0 1 0 0 1 1 0 1 0 0
300	1	0 1 1 1 1 1 0 1 0 0 0 1 0 1 1 1 1 0 0 0
300	1	1 1 1 1 1 0 0 1 1 0 0 1 0 0 1 0 0 0 0 0
300	4	1 1 1 1 1 1 0 1 0 1 0 1 0 1 0 1 1 0 0 0
300	2	0 1 1 1 0 1 0 1 0 0 0 1 0 1 1 1 0 0 0 0
300	1	1 1 1 1 0 1 0 1 0 0 0 1 0 0 0 1 0 0 0 0
300	2	0 1 1 1 1 1 1 1 0 0 0 1 0 0 1 1 0 0 0 0
300	3	1 1 1 1 0 1 0 1 0 0 0 1 0 0 1 1 0 0 0 1
300	4	0 0 1 1 0 1 0 1 0 0 0 1 0 0 1 1 0 0 0 0
300	1	1 1 1 1 1 0 0 0 0 1 0 0 0 0 0 1 0 0 0 0
300	1	0 1 1 1 0 0 0 1 0 1 0 1 0 0 1 1 1 0 0 0
300	2	0 1 1 1 0 0 0 1 0 0 0 1 0 0 1 0 0 0 0 1
300	1	0 1 1 1 0 1 0 1 1 0 0 1 0 0 1 1 1 0 0 0
300	2	1 1 1 1 0 1 0 1 0 0 1 1 1 0 1 1 0 0 0 0
300	1	1 0 1 1 0 1 1 1 0 1 0 1 0 1 1 0 0 0 0 0
300	2	0 1 1 0 0 1 0 1 0 0 0 1 0 0 1 0 0 0 0 0
350	10	0 1 1 1 0 1 0 1 0 0 0 1 0 0 1 1 0 0 0 0
350	63	1 1 1 1 0 1 0 1 0 0 0 1 0 0 1 1 0 0 0 0
350	17	0 1 1 1 0 1 0 1 0 1 0 1 0 1 0 1 0 0 0 0
350	23	1 1 1 1 0 1 0 1 0 0 0 1 0 0 1 1 1 0 0 0
350	53	0 1 1 1 1 1 1 1 0 1 0 1 0 0 1 1 0 0 0 0
350	19	1 1 1 1 0 1 0 1 0 0 0 1 0 0 1 0 0 0 0 0
350	17	1 1 1 1 1 1 0 0 0 0 0 1 0 0 1 1 0 0 0 0
350	12	1 1 1 1 0 1 0 1 0 1 0 1 0 1 0 1 0 0 0 0
350	47	1 1 1 1 0 1 0 1 0 0 0 0 0 0 1 1 0 0 0 0
350	47	0 1 1 1 0 1 0 1 0 0 1 1 0 0 1 1 0 0 0 0
350	47	1 1 1 1 0 1 0 1 0 0 1 1 0 1 0 1 1 0 0 0
350	24	1 1 1 0 0 1 0 0 0 0 0 0 0 0 1 1 0 0 0 0
350	1	1 1 1 0 1 0 0 1 0 0 0 1 0 0 1 1 0 0 0 0
350	38	1 1 1 1 0 1 0 1 0 0 0 0 0 1 1 1 0 0 0 0
350	7	1 1 1 1 0 0 0 1 0 0 0 1 0 1 0 1 0 0 0 0
350	3	1 1 1 0 1 0 0 0 0 0 0 1 0 1 0 1 0 0 0 0
350	1	1 1 1 1 0 0 0 1 0 0 1 1 0 0 1 1 1 0 0 0
350	10	1 1 1 1 0 1 0 1 0 0 0 0 0 1 1 1 1 0 0 0
350	38	1 1 1 1 0 1 0 1 0 1 0 1 0 0 1 1 0 0 0 0
350	4	1 1 1 1 0 1 0 1 0 0 1 1 0 0 1 1 0 1 0 0
350	47	1 1 1 1 0 0 0 1 0 0 0 1 0 0 1 1 0 0 0 0
350	3	1 1 1 1 0 1 0 1 0 0 0 1 0 0 1 1 1 0 1 0
350	6	1 1 1 1 0 1 0 0 0 0 0 1 0 1 0 1 0 0 0 0
350	4	1 1 1 1 0 1 0 1 0 0 0 1 1 0 1 1 0 0 1 0
350	13	1 1 1 1 0 1 0 1 0 0 0 0 0 1 1 1 0 1 0 0
350	6	1 1 1 1 0 1 0 1 0 0 0 0 0 0 0 1 0 0 0 0
350	16	1 0 1 1 0 1 1 1 0 0 1 1 0 0 1 1 0 0 0 0
350	4	1 1 1 1 0 0 0 1 0 0 0 1 0 1 0 0 0 0 0 0
350	15	1 1 1 1 0 1 0 1 0 0 0 0 1 0 1 1 0 0 0 0
350	5	1 1 1 0 0 1 0 1 0 1 0 1 0 1 1 1 0 0 0 0
350	15	1 1 1 0 0 0 0 1 0 0 0 1 0 0 1 1 0 0 0 0
350	5	1 1 1 1 0 1 0 1 0 0 0 0 0 0 1 1 0 0 0 1
350	6	0 0 1 1 0 1 0 1 1 0 0 1 1 0 1 1 0 0 0 0
350	7	1 1 1 1 1 1 1 0 0 0 0 1 1 0 1 1 0 0 0 0
350	14	0 1 1 1 0 1 0 1 0 1 0 1 0 0 1 1 0 0 0 0
350	4	1 1 1 1 0 1 0 1 0 0 0 0 0 0 1 1 0 0 1 0
350	13	1 1 1 1 0 1 0 1 0 1 0 1 0 1 1 1 0 0 0 0
350	1	1 1 1 0 1 0 0 1 0 0 0 1 1 0 0 1 0 0 0 0
350	3	1 1 0 0 1 0 0 1 0 0 0 1 0 0 1 0 0 0 0 0
350	14	0 1 1 1 0 1 0 1 0 0 1 1 0 1 0 1 1 0 0 0
350	8	0 1 1 1 0 0 0 1 0 0 1 1 1 0 1 1 0 0 0 0
350	7	1 1 1 1 0 0 0 1 0 0 0 0 0 0 0 1 0 0 0 0
350	11	1 1 1 1 0 1 0 1 0 0 1 1 0 1 0 0 0 0 0 0
350	5	0 1 1 1 0 1 0 1 0 0 0 1 0 0 1 0 0 0 0 0
350	4	1 1 1 1 0 1 0 1 0 1 0 1 1 0 1 1 0 0 1 0
350	2	0 1 1 1 0 1 1 1 0 1 0 1 0 1 1 0 0 0 0 0
350	10	1 1 1 1 1 1 1 1 0 1 0 1 0 0 1 1 0 0 0 0
350	7	1 1 1 0 0 1 0 0 1 0 0 0 0 0 1 1 0 0 0 0
350	2	1 1 1 1 1 1 0 1 0 0 0 0 0 0 0 1 0 0 0 0
350	21	1 1 1 1 0 1 1 1 0 0 0 0 0 0 0 1 0 0 0 0
350	4	1 1 1 1 0 1 0 0 0 0 0 0 0 1 1 1 0 0 0 0
350	2	0 1 1 1 1 1 1 1 0 1 1 1 0 0 1 1 0 0 0 1
350	11	1 1 1 1 0 1 0 1 1 0 0 1 1 0 1 1 0 0 0 0
350	2	1 1 1 1 0 1 0 1 0 1 0 1 1 0 1 1 0 0 0 0
350	9	0 1 1 1 0 0 0 1 0 0 0 1 1 0 1 1 0 0 0 0
350	4	0 1 1 1 1 1 0 1 0 0 1 1 0 1 0 1 1 0 0 0
350	3	1 1 1 1 0 1 0 1 0 0 1 0 0 0 1 1 0 0 0 0
350	2	1 1 1 1 0 0 0 1 0 0 0 0 0 0 1 1 0 0 0 0
350	12	1 0 1 0 0 1 0 0 1 0 0 0 0 0 1 1 0 0 0 0
350	2	0 0 1 1 1 1 0 1 0 0 1 1 0 1 0 1 1 0 0 0
350	4	0 1 1 1 0 1 0 0 0 0 0 0 0 0 1 1 0 0 0 0
350	4	1 1 1 0 0 1 0 1 0 0 0 1 0 0 1 1 0 0 0 0
350	3	0 1 1 1 0 1 0 1 0 0 0 1 0 1 0 1 0 0 0 0
350	2	1 1 1 1 0 1 0 1 1 1 0 0 0 1 1 1 1 0 0 0
350	1	0 1 1 0 0 1 0 1 0 1 0 1 0 1 1 1 0 0 0 0
350	4	1 1 1 1 0 1 0 1 0 0 1 1 0 1 1 1 1 0 0 0
350	1	1 1 1 0 0 1 0 1 0 1 0 1 0 1 0 1 0 0 0 0
350	7	1 1 1 1 0 1 0 1 1 0 0 1 0 0 1 0 0 0 0 0
350	2	0 1 1 1 0 1 0 1 1 0 1 1 0 0 1 1 0 0 0 0
350	4	0 1 1 1 0 1 0 0 0 0 1 1 0 0 1 1 0 0 0 0
350	10	1 1 1 1 0 1 0 1 0 0 0 0 1 1 1 1 0 0 0 0
350	10	1 0 1 1 0 0 0 1 0 0 0 1 0 0 1 1 0 0 0 0
350	7	1 1 1 1 0 1 0 0 0 0 0 0 0 0 1 1 0 0 0 0
350	6	0 1 1 0 1 1 1 1 0 1 0 1 0 0 1 1 0 0 0 0
350	1	1 1 1 1 0 1 1 1 0 0 0 0 0 0 1 1 0 0 0 0
350	3	1 1 1 1 0 1 0 1 0 1 0 0 0 0 1 1 0 0 0 0
350	3	0 1 1 1 0 1 0 1 0 0 1 1 0 0 1 1 0 0 0 1
350	4	0 1 1 1 0 1 0 1 0 1 1 1 0 0 1 1 0 0 0 0
350	2	1 1 0 1 0 0 0 1 0 0 0 1 0 0 1 1 0 0 0 0
350	10	1 1 1 1 0 1 0 1 0 0 0 1 1 0 1 1 0 1 1 0
350	2	1 1 1 1 0 0 0 1 1 0 0 0 0 0 0 1 0 0 0 0
350	4	0 1 1 1 0 1 0 1 0 0 0 0 0 0 1 1 0 0 1 0
350	3	1 1 1 1 0 1 0 1 0 0 0 1 0 0 1 1 1 1 0 0
350	3	0 1 1 1 1 1 1 0 0 1 0 1 0 0 1 1 0 0 0 0
350	3	0 1 1 1 1 1 1 1 0 1 0 1 0 0 1 1 0 0 0 1
350	3	1 1 1 0 0 0 0 1 0 0 0 1 0 0 1 1 1 0 0 0
350	2	1 1 1 1 1 1 1 1 0 0 0 1 1 0 1 1 0 0 0 0
350	2	0 1 1 1 0 1 0 1 0 0 1 0 0 1 0 1 1 0 0 0
350	3	0 1 0 1 1 1 0 1 0 0 1 1 0 1 0 1 1 0 0 0
350	1	1 1 1 1 0 0 0 1 0 0 1 1 0 0 1 1 1 0 1 0
350	4	1 1 1 1 0 0 0 1 0 0 0 0 0 1 1 1 1 0 0 0
350	3	1 1 1 1 0 1 0 1 0 1 0 1 0 0 1 1 0 1 0 0
350	2	1 1 1 1 0 1 0 0 0 1 0 1 0 0 1 1 0 0 0 0
350	4	1 0 1 1 0 1 0 1 0 1 0 1 0 0 1 1 0 0 0 0
350	1	1 1 1 1 0 1 0 1 0 0 0 0 0 0 0 1 0 0 1 0
350	1	0 1 1 1 1 1 1 1 0 1 1 1 0 1 1 1 0 0 0 1
350	3	0 1 1 1 0 1 0 0 1 0 0 0 0 0 1 1 0 0 0 0
350	3	1 1 1 0 1 0 0 1 0 0 0 1 1 0 1 1 0 0 0 0
350	5	1 1 1 1 1 1 1 1 0 1 1 1 0 0 1 1 0 0 0 1
350	8	1 1 1 0 0 0 0 1 0 0 0 1 0 1 0 1 0 0 0 0
350	3	0 1 1 1 1 1 0 1 0 1 0 1 0 0 1 1 0 0 0 0
350	1	0 1 1 1 0 1 0 1 0 0 1 0 0 0 1 1 0 0 0 0
350	3	1 1 1 1 0 0 0 1 0 0 0 1 1 0 1 1 0 0 0 0
350	1	1 1 1 1 0 0 0 1 0 0 0 0 0 1 1 1 0 1 0 0
350	3	1 0 1 0 0 1 1 0 1 0 0 0 0 0 1 1 0 0 0 0
350	1	1 1 1 1 0 1 0 1 0 0 0 0 1 1 1 1 1 0 0 0
350	1	1 1 1 1 0 1 0 1 0 0 1 1 0 1 0 1 1 0 1 0
350	2	1 1 1 1 0 1 0 1 0 0 0 0 0 1 1 1 0 0 0 1
350	1	0 1 1 1 0 1 0 1 0 0 0 1 0 0 0 1 0 0 0 0
350	2	1 1 1 1 0 1 0 1 0 0 0 1 0 0 0 1 0 0 0 0
350	1	0 1 0 1 1 1 1 1 0 1 0 1 0 0 1 1 0 0 0 0
350	1	0 1 1 1 1 1 1 1 0 1 0 0 0 0 1 1 0 0 0 0
350	1	0 1 0 1 0 1 0 1 0 0 1 1 0 0 1 1 0 0 0 0
350	1	1 1 1 1 0 1 0 1 0 0 1 1 0 0 1 1 0 1 0 1
350	4	1 1 1 1 0 1 0 1 0 0 1 1 0 0 0 1 0 1 0 0
350	1	1 1 0 1 0 1 0 1 0 0 0 0 0 0 0 1 0 0 0 0
350	1	1 1 1 0 0 1 0 1 0 0 0 0 0 0 0 1 0 0 0 0
350	1	1 1 1 1 1 1 1 0 0 1 0 1 1 0 1 1 0 0 0 0
350	1	1 1 1 1 0 1 0 1 0 0 0 0 0 1 1 1 0 0 1 0
350	4	1 1 0 0 1 0 0 1 0 0 0 1 0 0 1 0 0 1 0 0
350	2	0 1 1 1 0 1 0 1 0 0 1 1 0 1 0 1 1 0 0 1
350	2	1 1 1 1 0 1 1 1 0 0 0 0 0 0 0 1 1 0 0 0
350	1	0 1 1 1 0 1 0 0 0 0 1 1 0 1 1 1 0 0 0 0
350	1	1 1 1 1 0 1 1 1 0 0 0 0 1 1 1 1 0 0 0 0
350	2	1 1 1 1 0 1 0 1 0 1 0 1 1 0 1 1 0 1 1 0
400	60	1 1 1 1 0 1 0 1 0 0 0 1 0 0 1 1 0 0 0 0
400	5	1 1 1 1 0 1 0 1 0 0 0 1 0 0 1 1 1 0 0 0
400	17	0 1 1 1 1 1 1 1 0 1 0 1 0 0 1 1 0 0 0 0
400	12	1 1 1 1 1 1 0 0 0 0 0 1 0 0 1 1 0 0 0 0
400	57	1 1 1 1 0 1 0 1 0 0 0 0 0 0 1 1 0 0 0 0
400	1	1 1 1 1 0 1 0 1 0 0 1 1 0 1 0 1 1 0 0 0
400	15	1 1 1 0 0 1 0 0 0 0 0 0 0 0 1 1 0 0 0 0
400	26	1 1 1 1 0 1 0 1 0 0 0 0 0 1 1 1 0 0 0 0
400	9	1 1 1 1 0 0 0 1 0 0 0 1 0 0 1 1 0 0 0 0
400	39	1 1 1 1 0 1 0 1 0 0 0 0 1 0 1 1 0 0 0 0
400	6	0 1 1 1 0 1 0 1 0 1 0 1 0 0 1 1 0 0 0 0
400	8	1 1 1 1 0 1 0 1 0 1 0 1 0 1 1 1 0 0 0 0
400	6	1 1 1 1 0 1 0 1 0 0 1 1 0 1 0 0 0 0 0 0
400	3	1 1 1 1 0 1 0 0 0 0 0 0 0 0 1 1 0 0 0 0
400	12	1 1 1 1 0 1 0 1 0 1 0 0 0 0 1 1 0 0 0 0
400	20	1 1 1 1 0 1 0 1 0 0 0 1 0 1 1 1 0 0 0 0
400	14	0 1 1 1 0 1 0 1 0 0 0 0 0 0 1 1 0 0 0 0
400	11	1 1 1 0 0 1 0 0 0 0 0 0 0 1 1 1 1 0 0 0
400	1	1 1 1 1 0 1 0 1 0 1 0 1 0 1 1 1 1 0 0 0
400	17	1 1 1 1 0 1 0 1 0 0 0 0 0 1 0 1 0 0 0 0
400	7	0 1 1 1 0 1 0 1 0 1 0 0 0 0 1 1 0 0 0 0
400	9	1 1 1 1 0 1 0 0 0 1 0 0 0 0 1 1 0 0 0 0
400	5	1 1 1 0 0 1 0 1 0 0 0 0 1 0 1 1 0 0 0 0
400	6	1 1 1 1 0 1 0 1 0 1 0 0 1 0 1 1 0 0 0 0
400	9	1 1 1 0 0 1 1 0 0 0 0 0 0 0 1 1 1 0 0 0
400	1	1 1 1 1 0 0 0 1 0 0 0 1 0 0 1 1 1 0 0 0
400	37	1 1 1 1 1 1 1 1 0 0 0 0 0 0 1 1 0 0 0 0
400	54	1 1 1 1 0 1 1 0 0 0 0 0 0 0 1 1 0 0 0 0
400	15	0 1 1 1 1 1 1 1 0 1 0 0 0 0 1 1 0 0 0 0
400	22	0 1 1 1 0 1 0 1 1 0 1 1 0 1 0 0 0 0 0 0
400	2	0 1 1 1 1 0 1 0 0 1 0 1 0 0 1 1 0 0 0 0
400	1	1 1 1 0 0 1 0 0 0 0 0 0 0 0 1 1 1 0 0 0
400	7	0 1 1 0 1 0 0 1 0 0 0 1 1 0 1 1 0 0 0 0
400	1	1 1 0 0 0 1 0 0 0 0 0 0 0 1 1 1 1 0 0 0
400	5	1 1 1 1 0 0 0 1 1 0 0 1 0 0 1 1 0 0 0 0
400	13	1 1 1 1 0 1 0 1 0 0 1 0 1 0 1 1 0 0 0 0
400	6	1 1 1 1 0 1 0 1 0 0 0 1 0 0 1 1 0 0 1 0
400	13	1 1 0 1 0 1 0 1 0 0 0 0 0 0 1 1 0 0 0 0
400	51	1 1 1 1 1 1 0 0 0 0 0 0 0 0 1 1 0 0 0 0
400	2	0 1 1 1 0 1 0 0 0 0 0 1 0 0 1 1 0 1 0 0
400	15	1 1 1 0 0 1 0 0 0 0 1 1 0 0 1 1 0 0 0 0
400	3	0 1 1 1 0 1 0 1 0 0 0 0 0 0 1 1 0 0 1 0
400	19	0 1 1 1 0 1 0 0 0 0 0 0 0 0 1 1 0 0 0 0
400	5	1 1 1 0 0 0 0 0 0 0 0 0 0 1 1 1 1 0 0 0
400	5	0 1 1 1 1 1 1 1 1 1 0 1 0 0 1 1 0 1 0 0
400	7	1 1 1 1 0 1 0 0 0 0 0 0 0 1 1 1 1 0 0 0
400	12	1 1 1 1 0 1 0 1 1 0 0 1 0 1 1 1 0 0 0 0
400	5	0 1 1 1 0 1 0 1 1 0 1 1 0 1 0 0 0 0 0 1
400	5	1 1 1 1 1 1 0 0 0 0 0 0 0 0 1 0 0 0 0 0
400	16	0 1 1 1 0 1 0 0 0 0 0 1 0 0 1 1 0 0 0 0
400	6	1 1 1 0 0 1 0 0 0 0 1 1 0 1 1 1 1 0 0 0
400	2	1 1 1 0 0 1 0 0 0 0 1 1 0 0 0 1 0 0 0 0
400	3	1 1 1 1 0 0 0 1 0 0 0 1 1 0 1 1 0 0 0 0
400	11	1 1 1 1 1 1 0 1 0 0 0 0 0 0 1 1 0 0 0 0
400	6	1 1 1 1 0 1 0 1 1 0 0 0 0 1 1 1 0 0 0 0
400	16	1 0 1 1 1 1 1 0 0 0 0 0 0 0 1 1 0 0 0 0
400	18	1 1 1 1 0 1 0 0 0 0 1 1 0 1 1 1 1 0 0 0
400	11	1 1 1 1 0 1 0 1 0 0 1 1 0 0 1 1 0 0 0 0
400	6	1 1 1 0 0 1 0 0 0 0 0 0 0 1 0 1 1 0 0 0
400	12	1 1 1 1 1 0 1 1 0 0 0 0 0 0 1 1 0 0 0 0
400	8	0 1 1 1 0 0 0 1 0 0 0 1 0 0 1 1 0 1 0 0
400	4	1 1 1 1 0 1 0 1 0 0 1 1 0 1 1 1 0 0 0 0
400	5	1 1 1 1 0 1 0 1 0 0 0 0 0 1 1 1 0 1 0 0
400	2	1 1 1 1 0 1 0 1 0 1 0 0 0 1 1 1 0 0 0 0
400	5	1 0 1 1 0 1 0 1 0 0 1 0 1 0 1 1 0 0 0 0
400	2	1 1 1 1 0 1 0 0 0 0 0 1 0 0 1 1 0 0 0 0
400	3	0 1 1 1 0 0 0 0 0 0 0 1 1 0 1 1 0 0 0 0
400	7	1 1 1 1 0 1 1 1 0 0 0 0 0 1 0 1 0 0 0 0
400	2	1 1 1 1 0 1 0 1 1 0 0 1 0 0 1 1 0 0 0 0
400	2	1 1 0 1 0 1 0 1 0 0 0 1 0 0 1 1 1 0 0 0
400	1	1 1 1 0 0 1 0 0 0 0 0 0 0 0 1 1 0 1 0 0
400	7	1 1 1 0 0 1 0 0 0 0 1 0 0 1 1 1 1 0 0 0
400	2	1 1 1 1 1 1 0 0 0 0 1 0 0 0 1 1 0 0 0 0
400	13	0 1 1 1 1 1 1 1 1 1 0 1 0 0 1 1 0 1 1 0
400	7	0 0 0 1 0 1 0 1 1 0 1 1 0 1 0 0 0 0 0 0
400	2	0 1 1 1 0 1 0 1 0 0 1 1 0 0 1 1 0 0 0 0
400	2	1 1 1 1 0 1 1 0 0 0 0 1 0 0 1 1 0 0 0 0
400	1	0 1 1 1 0 1 0 1 0 1 0 1 0 1 1 1 1 0 0 0
400	1	1 1 1 0 0 1 0 0 0 0 0 0 1 0 1 1 0 0 0 0
400	4	1 1 1 1 0 1 0 1 0 0 0 1 0 1 1 1 1 0 0 0
400	2	1 1 1 1 0 1 0 0 0 1 0 0 1 0 1 1 0 0 0 0
400	2	0 1 1 1 1 1 1 1 0 1 1 0 0 0 1 1 0 0 0 0
400	5	0 0 1 1 1 1 1 0 0 0 0 0 0 0 1 1 0 0 0 0
400	4	1 1 1 1 0 1 1 0 0 0 0 0 0 0 1 1 1 0 0 0
400	5	0 1 0 1 0 1 0 1 1 0 1 1 0 1 0 0 0 0 0 0
400	10	0 1 1 1 0 0 0 0 0 0 0 1 0 0 1 1 0 1 0 0
400	1	0 1 1 1 0 0 0 1 0 0 0 1 0 0 1 1 0 0 0 0
400	1	0 1 1 1 0 1 0 1 0 0 1 1 0 1 1 1 1 0 0 0
400	8	1 1 1 1 1 1 0 0 0 0 1 1 0 0 1 1 0 0 0 0
400	1	1 1 1 0 0 1 0 0 0 0 0 0 0 1 1 1 1 0 0 1
400	4	1 1 1 0 0 0 0 0 0 0 0 0 0 1 1 1 0 0 0 0
400	3	0 1 1 1 1 1 1 1 0 0 1 1 0 0 1 1 0 0 0 0
400	1	0 1 1 1 0 1 0 1 0 0 1 1 0 1 0 0 0 0 0 0
400	2	0 1 1 1 0 0 0 1 0 0 0 1 1 1 1 1 0 0 0 0
400	1	1 1 1 1 0 1 0 1 0 1 0 0 0 0 1 1 0 1 0 0
400	1	0 1 1 1 1 0 1 0 0 1 0 1 0 0 1 1 0 1 0 0
400	4	1 1 1 1 0 1 0 0 0 0 0 0 0 1 0 1 1 0 0 0
400	4	1 1 1 1 1 1 0 0 0 1 0 0 0 0 1 0 0 0 0 0
400	3	1 1 1 1 0 1 0 1 0 0 1 1 0 0 1 1 0 1 0 0
400	3	1 1 1 1 1 0 1 1 0 0 0 0 0 1 1 1 0 0 0 0
400	22	0 1 1 1 0 1 1 1 0 1 1 0 0 0 1 1 0 0 0 0
400	1	0 1 1 1 1 1 1 1 0 0 0 1 0 0 1 1 0 0 0 0
400	2	1 0 1 1 1 1 1 0 0 0 1 1 0 1 1 1 0 0 0 0
400	1	1 0 1 1 0 1 0 1 0 1 0 0 0 0 1 1 0 0 0 0
400	2	1 1 1 1 0 1 0 1 0 0 0 1 0 0 1 1 0 1 0 0
400	1	1 1 1 1 1 1 0 0 0 0 0 1 0 0 1 1 0 0 0 1
400	1	1 0 1 0 0 1 0 0 0 0 0 0 0 0 1 1 0 0 0 0
400	1	1 1 1 1 0 1 0 1 0 0 0 0 0 0 1 1 1 0 0 0
400	2	0 1 1 1 0 1 0 1 0 1 0 1 0 1 1 1 0 0 0 0
400	3	1 1 1 1 1 1 0 0 0 0 0 0 0 0 1 1 1 0 0 0
400	1	1 0 1 1 1 1 1 0 0 0 0 0 0 0 1 0 0 0 0 0
400	1	1 1 1 1 0 1 0 1 0 0 0 1 0 0 0 1 0 0 0 0
400	4	0 0 1 1 1 1 1 1 0 1 0 1 0 0 1 1 0 0 0 0
400	1	0 1 1 0 1 1 1 1 0 1 0 1 0 0 1 1 0 0 0 0
400	2	1 1 1 0 0 1 0 1 0 1 0 1 0 1 1 1 0 0 0 0
400	2	1 1 1 1 0 1 0 0 0 1 0 1 0 1 1 1 0 0 0 0
400	2	1 1 1 1 0 0 0 1 0 0 0 1 0 1 1 1 0 0 0 0
400	2	1 1 1 1 0 1 0 1 0 1 0 0 0 1 0 1 0 0 0 0
400	1	0 1 1 0 0 1 0 1 0 1 0 0 0 0 1 1 0 0 0 0
400	2	1 1 1 1 0 1 0 0 0 1 0 1 0 0 1 1 0 0 0 0
400	2	1 1 1 1 0 1 0 0 0 0 0 0 0 0 1 1 1 0 0 0
400	2	0 1 1 1 0 1 0 1 1 0 1 1 0 1 0 0 1 0 0 1
400	1	1 0 1 1 1 1 1 0 0 0 0 0 1 0 1 1 0 0 0 0
400	3	1 1 1 1 1 1 1 0 0 0 0 0 0 0 1 1 0 0 0 0
400	3	1 1 1 1 1 0 1 1 0 0 1 0 0 0 1 1 0 0 0 0
400	2	1 1 1 0 0 1 0 0 0 0 1 0 0 1 1 1 1 0 0 1
450	4	1 1 1 1 0 1 0 1 0 0 0 1 0 0 1 1 0 0 0 0
450	23	1 1 1 1 0 1 0 1 0 0 0 0 0 0 1 1 0 0 0 0
450	98	1 1 1 1 0 1 0 1 0 0 0 0 1 0 1 1 0 0 0 0
450	2	1 1 1 1 0 1 0 1 0 1 0 0 0 0 1 1 0 0 0 0
450	17	1 1 1 1 0 1 0 1 0 0 0 1 0 1 1 1 0 0 0 0
450	18	1 1 1 1 0 1 0 1 0 0 0 0 0 1 0 1 0 0 0 0
450	23	1 1 1 1 0 1 0 0 0 1 0 0 0 0 1 1 0 0 0 0
450	23	1 1 1 1 0 1 0 1 0 1 0 0 1 0 1 1 0 0 0 0
450	24	1 1 1 1 0 1 1 0 0 0 0 0 0 0 1 1 0 0 0 0
450	55	1 1 1 1 1 1 0 0 0 0 0 0 0 0 1 1 0 0 0 0
450	27	1 1 1 1 1 1 0 0 0 0 0 0 0 0 1 0 0 0 0 0
450	2	0 1 1 1 0 1 0 0 0 0 0 1 0 0 1 1 0 0 0 0
450	1	1 1 1 1 0 1 0 0 0 0 1 1 0 1 1 1 1 0 0 0
450	30	1 1 1 0 0 1 0 0 0 0 0 0 0 1 0 1 1 0 0 0
450	3	0 1 1 1 1 1 1 1 0 1 1 0 0 0 1 1 0 0 0 0
450	9	1 1 1 1 0 1 1 0 0 0 0 0 0 0 1 1 1 0 0 0
450	3	1 1 1 1 1 1 0 0 0 0 1 1 0 0 1 1 0 0 0 0
450	14	1 1 1 1 1 0 1 1 0 0 0 0 0 1 1 1 0 0 0 0
450	28	1 1 1 1 0 1 1 0 0 0 0 0 0 0 1 1 0 1 0 0
450	6	0 1 1 1 1 1 1 1 0 0 1 0 0 0 1 1 0 0 0 0
450	26	0 1 1 1 1 1 1 0 1 0 1 1 0 1 1 1 0 0 0 0
450	8	1 1 1 1 0 1 0 1 0 0 0 0 0 0 1 0 0 0 0 0
450	18	1 1 1 1 0 1 0 0 0 0 0 1 0 1 1 1 0 0 0 0
450	23	0 1 1 1 0 1 0 0 0 1 0 0 0 0 1 1 0 0 0 0
450	8	1 1 1 0 1 1 0 0 0 0 0 0 0 0 1 1 0 0 0 0
450	28	1 1 1 1 0 1 0 1 0 0 0 0 0 1 0 0 0 0 0 0
450	10	0 1 1 1 0 1 1 0 0 0 0 0 0 0 1 1 0 0 0 0
450	22	1 1 0 1 1 0 1 1 0 1 0 0 0 1 1 1 0 0 0 0
450	7	1 1 1 1 0 1 0 0 1 0 0 0 0 1 1 1 0 0 0 0
450	2	1 1 1 1 1 1 0 0 1 0 0 0 0 1 1 1 0 0 0 0
450	43	1 1 1 1 0 1 1 0 0 0 0 0 0 0 0 1 0 0 0 0
450	6	1 1 1 1 1 1 1 0 0 0 0 0 1 0 1 1 0 0 0 0
450	2	1 1 1 1 0 1 0 1 0 0 0 1 0 0 1 0 0 0 0 0
450	5	1 1 1 0 0 1 0 0 1 0 0 0 0 1 1 1 1 0 0 0
450	11	1 1 1 1 1 1 0 0 0 0 1 0 0 0 1 0 0 0 0 0
450	3	1 0 1 1 0 1 0 1 0 1 0 0 0 0 1 1 0 0 0 0
450	11	1 1 1 1 1 1 0 0 0 0 1 1 0 0 1 1 0 0 0 1
450	2	1 1 1 1 0 1 0 0 0 0 0 1 1 1 1 1 0 0 0 0
450	12	1 0 1 1 1 1 0 0 0 0 0 0 0 0 1 1 0 0 0 0
450	2	1 1 1 1 0 1 0 1 0 1 0 0 0 1 0 1 0 0 0 0
450	14	1 1 1 1 1 1 0 0 0 0 0 1 0 1 1 1 0 0 0 0
450	5	1 1 1 0 0 1 0 0 0 0 0 0 1 0 1 1 0 0 0 0
450	5	1 1 1 1 0 1 1 1 0 0 0 0 0 0 1 1 0 0 0 0
450	14	1 1 1 1 1 1 0 0 1 0 0 1 0 1 1 1 0 0 0 0
450	13	1 1 1 1 1 1 0 0 0 0 0 0 0 0 1 1 0 1 0 0
450	4	1 1 1 1 0 1 0 1 0 1 0 0 1 1 1 1 0 0 0 0
450	5	0 1 1 1 0 1 0 1 0 0 0 0 0 1 1 0 0 0 0 0
450	4	1 1 1 1 0 1 0 1 0 0 0 0 1 0 0 1 0 0 0 0
450	2	1 1 1 1 1 1 0 0 0 0 0 0 0 0 1 0 0 0 1 0
450	7	1 1 1 1 0 1 0 1 0 0 1 1 0 1 1 1 1 0 0 0
450	6	0 0 1 1 1 1 1 0 1 0 1 1 0 1 1 1 0 0 0 0
450	2	0 1 1 1 0 1 1 0 0 1 0 0 0 0 1 1 0 0 0 0
450	10	1 1 1 1 0 1 1 0 0 0 0 0 0 0 0 1 0 1 0 0
450	3	1 1 1 1 0 1 1 0 0 0 0 1 0 1 1 1 0 0 0 0
450	15	0 1 1 1 0 1 0 1 0 0 0 0 1 0 1 1 0 0 0 0
450	1	1 0 1 1 0 1 0 0 0 1 0 0 0 0 1 1 0 0 0 0
450	7	1 1 1 1 0 1 0 1 0 1 0 0 0 1 0 1 0 0 0 1
450	14	1 1 1 1 1 0 1 0 0 0 0 0 0 1 1 1 0 0 0 0
450	3	1 1 1 1 1 1 0 0 0 1 0 1 0 1 1 1 0 0 0 0
450	5	1 1 1 1 0 1 0 1 0 0 0 0 0 0 1 0 0 0 1 0
450	4	1 1 1 1 0 1 1 0 0 1 0 0 0 0 1 1 0 0 0 0
450	1	1 1 1 1 0 1 1 0 0 0 0 0 0 0 1 0 1 0 0 0
450	1	1 1 1 1 0 1 0 1 0 0 0 0 0 0 1 0 1 0 0 0
450	15	1 1 1 1 1 0 0 1 0 0 0 0 1 0 1 1 0 0 0 0
450	13	1 1 1 1 0 1 1 1 0 0 0 0 0 0 1 1 1 0 0 0
450	9	1 1 1 1 1 1 0 1 0 0 0 0 1 1 1 1 0 0 1 0
450	13	1 1 1 1 1 1 0 0 0 0 0 0 1 0 1 1 0 0 0 0
450	6	1 1 1 1 0 1 1 1 0 0 0 0 0 0 1 0 0 0 0 0
450	3	1 1 1 1 0 1 0 0 0 1 0 1 0 0 1 1 0 0 0 0
450	1	1 1 0 1 1 1 0 0 0 0 0 0 0 0 1 1 0 0 0 0
450	6	1 1 1 1 0 1 0 0 0 0 0 0 0 1 0 1 1 0 0 0
450	2	1 1 1 0 1 1 0 0 1 0 1 1 0 1 1 1 0 0 0 0
450	3	1 1 0 1 0 1 0 0 0 1 0 0 0 0 1 1 0 0 0 0
450	2	0 1 1 1 0 1 0 0 0 1 0 0 0 0 1 1 0 1 0 0
450	5	1 1 1 0 0 1 0 0 0 0 0 0 0 0 1 1 0 0 0 0
450	4	1 1 1 1 0 1 0 1 0 0 0 0 0 1 0 0 1 0 0 0
450	1	1 1 1 1 1 1 0 0 0 0 0 1 0 1 1 1 0 0 1 0
450	2	1 1 1 1 1 1 1 1 0 0 0 0 0 0 1 1 0 0 0 0
450	8	1 1 1 1 0 1 0 1 0 0 0 0 0 0 1 1 0 1 0 0
450	3	1 1 1 1 1 1 1 0 0 0 0 0 1 1 1 1 0 0 0 0
450	6	1 1 1 0 0 1 0 0 1 0 0 0 0 1 1 1 1 0 0 1
450	5	0 1 1 1 0 1 0 0 0 0 1 1 0 1 1 1 0 0 0 0
450	1	0 1 1 1 1 1 1 0 0 0 1 1 0 1 1 1 0 0 0 0
450	2	1 1 0 1 1 0 1 1 0 1 0 0 0 0 1 1 0 0 0 0
450	1	1 1 1 1 1 1 0 0 0 0 1 1 0 1 1 1 0 0 0 1
450	1	1 1 1 1 0 0 1 1 0 0 0 0 0 0 1 1 0 0 0 0
450	7	1 1 1 1 0 0 0 1 0 0 0 0 1 0 1 1 0 0 0 0
450	3	0 1 1 1 1 0 0 1 0 0 0 0 1 0 1 1 0 0 0 0
450	3	0 1 1 1 1 1 0 0 0 0 0 1 0 1 1 1 0 0 0 0
450	4	1 1 1 1 1 1 1 0 0 0 0 0 0 0 1 1 1 0 0 0
450	2	0 0 1 1 1 1 1 1 0 1 0 0 0 0 1 1 0 0 0 0
450	1	0 1 1 1 0 1 0 1 0 0 0 0 0 0 1 1 0 0 0 0
450	2	0 1 1 1 1 1 1 0 0 1 1 0 0 0 1 1 0 0 0 0
450	2	1 1 1 1 0 1 1 0 0 0 0 0 1 0 1 1 0 1 0 0
450	1	0 1 1 1 0 1 0 0 0 1 0 0 0 1 1 1 0 0 0 0
450	2	1 1 1 1 0 1 0 1 0 0 0 0 0 0 1 1 0 0 1 0
450	3	1 0 1 1 0 0 0 1 0 0 0 0 1 0 1 1 0 0 0 0
450	2	1 1 1 1 0 1 0 1 0 0 0 1 0 1 1 1 0 0 1 0
450	3	1 1 1 0 0 1 0 0 0 0 0 0 0 0 1 0 0 0 0 0
450	1	0 1 1 1 1 1 0 1 0 0 0 0 0 0 1 0 1 0 0 0
450	2	1 1 1 1 1 1 0 0 1 0 0 0 0 0 1 1 0 0 0 0
450	4	1 1 1 1 1 1 0 0 0 0 0 0 1 0 1 1 0 1 0 0
450	3	1 1 1 0 0 1 0 1 1 0 0 0 0 1 1 1 1 0 0 1
450	4	1 1 1 1 0 1 1 0 1 0 1 1 0 1 1 1 0 0 0 0
450	1	1 1 1 1 0 0 0 1 0 0 0 0 0 0 1 1 0 0 0 0
450	1	1 1 1 1 0 1 0 0 1 1 0 0 0 0 1 1 0 0 0 0
450	3	1 1 1 1 0 1 0 0 0 1 0 0 1 0 1 1 0 0 0 0
450	1	1 1 1 0 0 1 0 0 0 0 0 0 1 1 0 1 1 0 0 0
450	1	1 1 1 1 0 1 1 0 0 0 0 0 0 1 1 1 0 1 0 0
450	4	1 1 1 1 0 0 0 0 0 0 0 1 0 1 1 1 0 0 0 0
450	1	1 1 1 1 1 1 0 0 0 0 0 1 0 1 1 1 1 0 0 0
450	1	1 0 1 1 0 1 0 0 0 1 0 0 0 0 1 1 0 0 0 1
450	2	1 1 1 0 0 1 0 0 0 0 0 0 0 1 1 1 0 0 0 0
450	2	1 1 1 1 0 1 1 0 0 0 0 0 0 0 0 0 0 0 0 0
450	1	1 0 1 0 0 1 0 0 0 0 0 0 0 0 1 1 0 0 0 0
450	1	1 1 1 1 0 1 1 1 0 0 0 0 1 0 1 1 0 0 0 0
450	2	1 0 1 1 0 1 0 1 0 0 0 0 1 0 1 1 0 0 0 0
450	1	1 1 1 1 0 1 0 1 0 0 1 0 0 1 0 1 0 0 0 0
450	4	1 1 1 0 0 1 0 0 0 0 0 1 0 1 1 1 0 0 0 0
450	1	1 1 1 0 1 1 0 0 0 0 0 0 1 0 1 1 0 0 0 0
450	2	1 0 0 1 1 0 1 1 0 1 0 0 0 1 1 1 0 0 0 0
450	1	1 1 1 1 0 1 1 1 0 0 0 0 0 0 0 1 0 0 0 0
450	3	1 1 1 1 0 1 0 0 0 0 0 0 0 0 0 1 0 0 0 0
450	1	1 1 1 1 0 1 0 1 0 0 0 0 0 0 1 0 1 0 0 1
450	1	0 1 1 0 0 1 0 0 1 0 0 0 0 1 1 1 1 0 0 1
500	5	1 1 1 1 0 1 0 1 0 0 0 0 1 0 1 1 0 0 0 0
500	67	1 1 1 1 0 1 1 0 0 0 0 0 0 0 1 1 0 0 0 0
500	52	1 1 1 1 1 1 0 0 0 0 0 0 0 0 1 1 0 0 0 0
500	8	1 1 1 1 0 1 1 0 0 0 0 0 0 0 1 1 1 0 0 0
500	9	1 1 1 1 0 1 1 0 0 0 0 0 0 0 1 1 0 1 0 0
500	24	1 1 1 1 0 1 0 0 0 0 0 1 0 1 1 1 0 0 0 0
500	36	0 1 1 1 0 1 1 0 0 0 0 0 0 0 1 1 0 0 0 0
500	14	1 1 1 1 0 1 1 0 0 0 0 0 0 0 0 1 0 0 0 0
500	29	1 1 1 1 1 1 0 0 0 0 1 0 0 0 1 0 0 0 0 0
500	45	1 0 1 1 1 1 0 0 0 0 0 0 0 0 1 1 0 0 0 0
500	9	1 1 1 1 1 1 0 0 0 0 0 1 0 1 1 1 0 0 0 0
500	16	1 1 1 1 0 1 1 0 0 0 0 0 0 0 0 1 0 1 0 0
500	7	1 1 1 1 1 0 0 1 0 0 0 0 1 0 1 1 0 0 0 0
500	39	1 1 1 1 0 1 0 0 0 1 0 0 1 0 1 1 0 0 0 0
500	10	1 1 1 1 1 1 0 1 0 1 0 0 0 1 1 1 0 0 0 0
500	1	1 1 1 1 0 0 0 0 0 0 0 0 1 0 1 1 0 0 0 0
500	10	1 1 1 1 0 1 0 1 0 0 0 0 0 1 0 1 1 0 0 0
500	11	1 1 1 1 0 1 1 0 0 0 0 0 1 0 0 1 0 0 0 0
500	7	0 1 1 1 1 0 1 1 0 0 0 0 0 1 1 1 0 0 0 0
500	10	0 1 1 1 1 1 0 0 0 0 0 0 0 0 1 1 0 1 0 0
500	28	1 1 1 1 0 1 0 0 0 0 0 0 0 0 1 1 0 0 0 0
500	9	1 1 1 1 1 1 0 0 0 0 0 0 0 1 0 1 1 0 0 0
500	3	1 0 1 1 1 1 1 0 1 0 1 1 0 1 1 1 0 0 0 0
500	27	0 1 1 1 1 1 0 0 0 0 0 0 0 0 1 1 0 0 0 0
500	3	1 1 1 1 0 1 1 1 0 0 0 0 0 0 0 1 0 0 0 0
500	38	0 1 1 1 0 1 1 0 0 0 0 0 0 0 0 1 0 0 0 0
500	20	1 1 0 1 0 1 1 0 0 0 0 0 0 0 0 0 0 0 0 0
500	11	1 1 1 1 0 1 1 0 0 0 0 0 0 1 1 1 0 0 0 0
500	22	1 1 1 1 0 1 0 1 0 0 0 0 0 0 1 1 0 0 0 0
500	2	1 1 0 1 0 1 0 0 1 0 0 0 0 1 0 1 1 0 0 0
500	30	1 1 1 1 0 1 0 0 0 0 1 0 0 0 1 1 0 0 0 0
500	5	1 1 1 1 0 0 0 0 0 1 0 0 1 0 1 1 0 0 0 0
500	10	1 1 1 1 0 1 0 1 0 1 0 0 0 0 1 1 0 0 0 0
500	5	1 1 1 1 1 1 0 0 0 0 0 0 0 1 0 1 0 0 0 0
500	20	1 1 1 1 1 0 0 0 0 0 0 0 0 0 1 1 0 0 0 0
500	21	1 1 1 1 1 1 0 0 0 1 0 0 1 0 1 1 0 0 0 0
500	20	1 1 1 1 1 1 0 0 0 0 0 1 0 0 1 1 0 0 0 0
500	6	1 1 1 1 0 1 1 0 0 0 1 0 0 1 1 1 0 0 0 0
500	1	0 1 1 1 1 1 1 0 0 0 0 0 0 0 1 1 0 0 0 0
500	21	1 1 1 1 1 1 0 0 0 0 0 0 0 0 1 0 0 1 0 1
500	7	1 1 0 1 0 1 1 0 0 0 1 0 0 1 1 1 0 0 0 0
500	3	1 1 1 1 1 1 0 0 0 0 0 0 0 1 1 1 0 0 0 0
500	1	1 1 1 1 1 1 0 0 1 1 0 0 1 0 1 1 0 0 0 0
500	2	0 1 1 1 1 1 0 0 1 0 0 0 0 0 1 1 0 0 0 0
500	10	1 1 1 1 1 1 0 0 0 0 0 0 0 0 1 1 0 1 0 0
500	3	0 1 1 1 0 1 1 1 1 0 1 0 0 0 0 1 0 0 0 0
500	1	1 1 0 1 1 1 0 0 0 0 0 0 0 0 1 1 0 0 0 0
500	9	1 1 1 1 0 1 0 0 0 0 1 0 0 0 1 0 0 0 0 0
500	4	1 1 1 0 1 1 0 0 0 0 0 0 0 0 1 1 0 0 0 0
500	6	1 1 1 1 1 1 1 0 0 0 0 0 0 0 1 1 0 0 0 0
500	3	1 1 0 1 0 1 1 0 1 0 0 0 0 0 0 0 0 0 0 0
500	2	1 1 1 1 0 1 1 0 1 0 0 1 0 1 1 1 0 0 0 0
500	9	0 1 1 1 1 1 0 0 0 0 0 0 0 0 1 0 0 1 0 1
500	3	1 0 1 1 0 1 0 1 0 0 0 0 0 1 0 0 0 0 0 0
500	8	1 1 1 1 1 1 0 1 0 0 0 0 0 1 1 1 0 0 0 0
500	7	1 1 1 1 1 1 0 0 0 0 0 1 0 0 1 1 0 0 0 1
500	8	1 1 1 1 1 1 1 0 0 0 0 0 0 0 1 1 0 1 0 0
500	3	1 1 1 1 1 1 0 0 0 0 0 0 0 0 1 1 1 0 0 0
500	12	0 1 1 1 0 1 0 0 0 0 0 0 0 0 1 1 0 0 0 0
500	1	0 1 1 1 1 1 0 0 1 0 0 1 0 1 1 1 0 0 0 0
500	7	1 1 1 1 0 1 1 1 0 0 0 0 0 0 1 1 0 0 0 0
500	2	0 1 1 1 1 0 1 1 0 0 0 0 1 1 1 1 0 0 0 0
500	6	0 1 1 1 0 1 0 1 0 1 0 0 0 1 1 1 0 0 0 0
500	2	0 1 1 1 1 0 0 0 0 0 0 0 0 0 1 1 0 0 0 0
500	1	1 1 1 1 0 1 0 0 0 0 0 0 0 1 1 1 0 0 0 0
500	6	1 1 1 1 0 1 1 0 0 1 0 0 1 0 1 1 0 0 0 0
500	1	1 1 1 1 0 1 1 0 0 0 0 0 1 0 1 1 0 0 0 0
500	5	0 1 1 1 0 1 1 0 0 0 0 0 0 0 1 1 0 0 0 1
500	2	1 1 1 1 0 1 1 0 0 0 0 1 0 0 0 1 0 1 0 0
500	4	1 1 1 1 1 1 0 0 0 1 0 0 0 1 1 1 0 0 0 0
500	6	1 0 1 1 0 1 0 1 0 0 0 0 0 0 1 1 0 0 0 0
500	4	1 1 1 1 1 1 0 0 0 0 0 0 1 0 0 1 0 0 0 0
500	1	1 1 1 1 1 1 0 1 0 0 1 0 0 0 1 0 0 0 0 0
500	12	1 1 1 1 0 1 1 0 0 0 0 0 0 1 1 0 0 0 0 0
500	1	1 1 1 1 1 1 0 0 0 0 1 1 0 0 1 0 0 0 0 0
500	2	1 1 1 1 1 1 0 0 0 0 1 0 0 0 1 0 0 0 1 0
500	4	1 1 1 1 0 1 0 0 0 0 1 0 1 0 1 1 0 0 0 0
500	3	1 1 0 1 0 1 0 1 0 0 0 0 0 1 0 0 0 0 0 0
500	2	1 1 1 1 0 1 0 0 0 0 0 0 0 1 0 0 0 0 0 0
500	5	0 1 1 0 1 0 1 1 0 0 0 0 0 1 1 1 0 0 0 0
500	3	1 1 1 1 0 1 1 1 0 0 0 1 0 0 0 1 0 0 0 0
500	4	0 1 1 1 0 1 1 0 0 0 0 0 0 0 0 1 0 1 0 0
500	7	1 1 1 1 0 1 1 1 0 0 0 0 0 1 1 1 0 0 0 0
500	1	1 1 1 1 0 0 0 1 0 0 0 0 0 0 1 1 0 0 0 0
500	4	1 1 1 1 0 1 0 0 0 0 1 0 0 1 1 1 0 0 0 0
500	1	0 1 1 1 1 0 1 0 1 1 0 0 1 0 1 1 0 0 0 0
500	1	0 1 1 0 1 0 1 1 0 0 0 0 0 0 1 1 0 0 0 0
500	2	1 1 1 1 0 1 1 1 0 0 0 0 1 0 1 1 0 0 0 0
500	6	1 1 1 1 0 1 0 0 0 0 0 0 0 0 1 0 0 0 0 0
500	1	0 1 1 1 1 1 1 0 0 0 0 0 0 0 0 1 0 0 0 0
500	1	1 1 1 1 0 1 0 1 0 0 0 0 0 0 0 1 0 0 0 0
500	2	1 1 1 1 0 0 0 0 0 1 0 0 1 0 1 1 0 0 0 1
500	6	1 1 1 1 0 1 0 1 0 1 0 0 0 0 1 1 0 0 1 0
500	4	1 1 1 1 0 1 1 0 1 0 0 0 0 1 1 1 0 0 0 0
500	1	1 1 1 1 0 1 0 0 0 0 0 0 0 1 0 1 1 0 0 0
500	2	1 1 1 1 1 1 0 0 0 0 1 0 0 0 1 0 0 0 0 1
500	2	0 1 1 1 1 1 0 0 0 1 0 0 1 0 1 1 0 0 0 0
500	2	0 1 1 1 0 1 0 0 0 0 0 0 0 1 1 1 0 0 0 0
500	1	1 1 1 1 0 1 0 0 0 1 0 1 0 1 1 1 0 0 0 0
500	2	0 1 1 1 0 1 1 0 0 0 0 0 0 0 1 0 0 0 0 0
500	1	1 1 1 1 1 1 0 1 0 1 0 1 0 1 1 1 0 0 0 0
500	7	1 1 1 1 0 1 1 0 0 0 0 0 1 0 0 1 0 1 0 0
500	1	0 1 1 1 1 1 0 0 0 0 0 0 0 1 0 1 1 0 0 0
500	1	1 0 1 1 1 1 1 0 1 0 1 1 0 1 0 1 0 0 0 0
500	3	1 1 0 1 0 1 1 0 0 0 0 0 1 0 0 0 0 0 0 0
500	2	1 1 0 1 1 1 1 0 0 0 0 0 0 0 0 0 0 0 0 0
500	7	1 1 0 1 0 1 1 0 0 0 0 0 0 1 0 0 0 0 0 0
500	1	1 1 1 1 0 1 0 0 1 0 1 0 0 0 1 1 0 0 0 0
500	1	1 1 0 1 1 1 1 0 0 0 0 0 0 0 1 1 0 1 0 0
500	4	1 1 1 1 1 1 0 0 0 0 1 0 0 0 1 1 0 1 0 0
500	1	1 1 0 1 0 1 1 0 0 0 0 0 0 0 1 1 0 0 0 0
500	1	1 0 1 1 0 1 1 0 0 0 0 0 0 0 1 1 0 0 0 0
500	1	1 1 1 1 0 1 1 0 1 0 0 0 0 0 1 1 0 0 0 0
500	1	1 1 1 1 0 1 0 0 0 0 0 1 0 1 0 1 0 0 0 0
500	1	1 0 1 1 1 1 0 0 1 0 0 0 0 0 1 1 0 0 0 0
500	3	1 0 1 1 1 1 0 0 0 0 0 0 0 0 1 1 1 0 0 0
500	2	1 1 1 1 1 0 0 1 0 0 0 0 1 1 1 1 0 0 0 0
500	1	0 1 1 1 1 1 0 0 1 0 0 0 0 0 1 1 0 1 0 0
500	4	1 1 0 1 0 1 1 0 0 0 0 0 0 0 0 0 0 0 0 1
500	1	1 1 0 1 1 0 0 0 0 0 0 1 0 0 1 1 0 0 0 0
500	2	1 1 0 1 0 1 1 0 1 0 0 0 1 0 0 0 0 0 0 0
500	1	1 1 1 1 0 1 1 0 0 0 0 0 0 1 0 1 1 0 0 0
500	2	1 1 1 1 0 1 1 0 0 0 0 0 0 0 1 1 0 0 0 1
500	1	1 1 1 1 1 0 0 0 0 0 0 0 1 0 1 1 0 0 0 0
500	1	1 1 1 1 1 1 0 0 0 1 0 0 0 0 1 1 0 0 0 0
500	1	0 1 1 1 0 1 1 0 0 1 0 0 0 0 1 1 0 0 0 0
500	3	1 1 1 1 0 1 0 0 0 0 0 0 0 0 0 1 0 0 0 0
500	1	0 1 1 1 0 1 1 0 0 1 0 0 0 0 0 1 0 0 0 0
500	1	0 1 1 1 0 1 0 1 0 0 0 0 0 0 1 1 0 0 0 0
500	1	1 1 1 1 1 1 0 0 1 0 1 0 0 0 1 0 0 0 1 0
