0	27	0 0 0 0 0 0 0 0 0 0 0 0 0 0 0 0 0 0 0 1
0	29	0 1 1 0 0 1 1 0 0 0 0 1 0 0 1 0 0 1 0 0
0	24	0 0 0 0 0 0 0 0 0 0 1 0 1 0 0 0 0 0 0 0
0	20	0 0 0 0 0 0 1 0 0 1 0 0 0 0 1 1 1 0 0 0
20	4	0 0 0 0 0 0 0 0 0 0 0 0 0 0 0 0 0 0 0 1
20	12	0 1 1 0 0 1 1 0 0 0 0 1 0 0 1 0 0 1 0 0
20	8	0 0 0 0 0 0 0 0 0 0 1 0 1 0 0 0 0 0 0 0
20	32	0 0 0 0 0 0 1 0 0 1 0 0 0 0 1 1 1 0 0 0
20	3	0 0 0 0 0 1 1 0 0 0 0 1 0 0 1 0 0 1 0 0
20	2	0 1 0 0 0 1 1 0 0 0 0 1 0 0 1 0 0 1 0 0
20	1	0 0 0 0 0 0 0 0 0 1 0 0 0 0 1 1 1 0 0 0
20	1	0 0 0 0 0 0 1 0 0 0 0 1 0 0 1 0 0 1 0 0
20	2	0 1 1 0 0 1 1 0 0 0 0 1 0 0 1 0 1 1 0 0
20	1	0 1 0 0 0 0 1 0 0 1 0 0 0 0 1 1 1 0 0 0
20	2	0 1 1 0 0 1 1 0 0 0 0 1 0 0 0 0 0 0 0 1
20	3	0 0 0 0 0 0 1 0 0 1 0 0 0 0 1 0 0 1 0 0
20	1	0 0 0 0 0 0 1 0 0 1 0 0 0 0 1 1 1 0 0 1
20	1	0 0 0 0 0 0 1 0 0 1 0 0 0 0 1 1 1 0 1 0
20	2	0 0 0 0 0 0 1 0 0 0 0 0 0 0 1 1 1 0 0 0
20	1	0 0 0 0 0 0 0 0 0 0 0 0 0 0 0 1 0 0 0 1
20	3	0 0 0 0 0 0 1 0 0 1 0 0 0 0 0 1 1 0 0 0
20	4	0 0 0 0 0 0 1 0 1 1 0 0 0 0 1 1 1 0 0 0
20	1	0 0 0 0 0 0 0 0 0 0 1 0 1 1 0 1 0 0 0 1
20	1	0 0 0 0 0 0 0 0 0 0 0 0 0 0 0 0 0 1 0 0
20	2	0 0 0 0 0 0 1 0 0 1 0 0 0 0 1 0 0 0 0 0
20	1	0 0 0 0 0 0 1 0 0 1 1 0 0 0 1 1 1 0 0 0
20	1	0 0 0 0 0 0 0 0 0 1 1 0 1 0 0 1 0 0 0 1
20	2	0 1 1 0 0 1 1 0 0 0 0 0 0 0 0 0 0 1 0 0
20	1	0 1 1 0 0 1 1 0 0 0 1 1 0 0 1 0 0 1 0 0
20	1	0 1 1 0 0 1 1 0 0 0 1 0 0 0 1 0 0 0 0 0
20	1	0 1 1 0 1 1 1 0 0 1 1 1 0 0 1 0 0 1 0 0
20	1	0 1 1 0 0 1 1 1 0 0 0 1 0 0 1 0 0 1 0 0
20	1	1 1 1 0 0 1 1 0 0 0 1 0 0 0 1 0 0 1 0 0
20	1	0 0 0 1 0 0 1 0 0 1 0 0 0 0 1 1 1 0 0 0
20	1	0 0 0 0 0 0 1 1 0 1 0 0 0 0 1 1 1 0 0 0
20	1	0 1 0 0 0 0 0 0 0 1 0 0 0 0 0 0 0 0 0 1
20	1	0 0 0 0 0 0 0 1 0 0 0 1 0 0 1 0 0 1 0 0
40	3	0 1 1 0 0 1 1 0 0 0 0 1 0 0 1 0 0 1 0 0
40	3	0 0 0 0 0 0 0 0 0 0 1 0 1 0 0 0 0 0 0 0
40	37	0 0 0 0 0 0 1 0 0 1 0 0 0 0 1 1 1 0 0 0
40	1	0 0 0 0 0 0 0 0 0 1 0 0 0 0 1 1 1 0 0 0
40	3	0 0 0 0 0 0 0 0 0 1 0 0 0 0 0 0 0 0 0 1
40	1	0 1 1 0 0 1 1 0 0 0 0 1 0 0 1 1 0 1 0 0
40	4	0 1 0 0 0 0 1 0 0 1 0 0 0 0 1 1 1 0 0 0
40	1	0 0 0 0 0 1 1 0 0 1 0 0 0 0 1 1 1 0 0 0
40	4	0 0 0 0 0 0 1 0 0 0 0 0 0 0 1 1 1 0 0 0
40	1	0 0 0 0 0 0 1 0 0 1 0 1 0 0 1 1 1 0 0 0
40	1	0 0 0 0 0 0 1 0 0 1 0 0 0 0 0 1 1 0 0 0
40	7	0 1 0 0 0 0 1 0 0 1 0 0 0 1 1 1 1 0 0 0
40	2	0 0 0 0 0 0 1 0 0 1 1 0 0 0 1 1 1 0 0 0
40	1	0 1 1 0 0 1 1 0 0 0 1 0 0 0 1 0 0 0 0 0
40	2	0 1 1 1 0 1 1 0 0 0 0 1 0 0 1 0 0 1 0 0
40	8	0 1 1 0 0 0 1 0 0 1 0 0 0 0 1 1 1 0 0 0
40	1	0 1 0 0 0 0 1 0 0 1 0 0 0 1 1 1 1 0 0 1
40	1	0 0 0 0 0 0 1 0 0 1 0 1 0 0 0 0 0 1 0 0
40	3	0 0 0 0 0 0 1 0 0 1 0 0 0 0 0 0 0 1 0 0
40	2	0 1 1 0 0 1 1 0 0 0 0 1 0 0 1 1 1 0 0 0
40	1	1 0 0 0 0 0 1 0 0 0 0 1 0 0 1 1 1 0 0 0
40	1	0 0 0 0 0 0 1 1 0 1 1 0 0 0 1 1 1 0 0 0
40	1	0 1 0 0 0 1 1 0 0 0 0 1 0 0 1 0 0 1 0 0
40	2	0 1 1 0 0 0 1 0 0 1 1 0 0 0 1 1 1 0 0 0
40	1	0 1 1 1 0 1 1 0 0 0 0 1 0 0 1 0 0 0 0 0
40	1	0 1 0 1 0 0 1 1 0 1 0 0 0 0 1 1 1 0 0 0
40	1	0 0 0 0 0 0 0 0 0 0 1 0 1 0 0 1 0 0 0 0
40	1	0 0 0 0 1 0 1 0 0 1 0 0 0 0 1 1 1 0 0 0
40	1	0 1 0 0 0 1 1 0 0 1 0 0 0 0 1 1 1 0 0 0
40	1	0 1 1 0 1 1 1 0 0 0 0 1 0 0 0 0 0 0 0 1
40	1	0 0 0 0 0 0 1 0 0 1 1 1 0 0 1 0 1 0 0 0
40	1	0 1 1 0 0 1 0 0 0 1 0 0 0 0 1 1 1 0 0 0
40	1	0 0 0 0 0 0 1 0 0 1 0 1 0 0 1 1 1 0 0 1
60	3	0 1 1 0 0 1 1 0 0 0 0 1 0 0 1 0 0 1 0 0
60	10	0 0 0 0 0 0 1 0 0 1 0 0 0 0 1 1 1 0 0 0
60	4	0 0 0 0 0 0 0 0 0 1 0 0 0 0 1 1 1 0 0 0
60	2	0 0 0 0 0 0 0 0 0 1 0 0 0 0 0 0 0 0 0 1
60	1	0 1 0 0 0 0 1 0 0 1 0 0 0 0 1 1 1 0 0 0
60	1	0 1 1 0 0 1 1 0 0 0 0 1 0 0 0 0 0 0 0 1
60	4	0 0 0 0 0 0 1 0 0 0 0 0 0 0 1 1 1 0 0 0
60	4	0 0 0 0 0 0 1 0 0 1 0 1 0 0 1 1 1 0 0 0
60	2	0 0 0 0 0 0 1 0 0 1 0 0 0 0 0 1 1 0 0 0
60	3	0 0 0 0 0 0 1 0 1 1 0 0 0 0 1 1 1 0 0 0
60	1	0 0 0 0 0 0 1 0 0 1 1 0 0 0 1 1 1 0 0 0
60	3	0 1 1 0 0 1 1 0 0 0 1 0 0 0 1 0 0 0 0 0
60	7	0 1 1 0 0 0 1 0 0 1 0 0 0 0 1 1 1 0 0 0
60	4	0 1 1 0 0 1 1 0 0 0 0 1 0 0 1 1 1 0 0 0
60	4	1 0 0 0 0 0 1 0 0 0 0 1 0 0 1 1 1 0 0 0
60	3	0 1 1 0 0 0 1 0 0 0 0 1 0 0 1 0 0 1 0 0
60	2	0 0 0 1 0 0 1 0 0 1 0 0 0 0 1 1 1 0 0 0
60	1	0 1 1 0 0 1 1 0 0 0 1 0 0 0 0 0 1 0 0 0
60	2	0 0 0 0 0 1 1 0 0 0 0 1 0 0 0 0 0 0 0 1
60	1	1 0 0 0 0 0 1 0 0 1 0 0 0 0 1 1 1 0 0 0
60	3	0 0 0 0 1 0 1 0 0 1 0 0 0 0 1 1 1 0 0 0
60	1	0 1 0 0 0 1 1 0 0 1 0 0 0 0 1 1 1 0 0 0
60	4	0 0 0 1 0 0 1 0 0 0 0 0 0 0 1 1 1 0 0 0
60	2	0 0 0 0 0 0 1 0 0 1 1 1 0 0 1 0 1 0 0 0
60	2	0 1 0 0 0 1 1 0 0 0 1 0 0 0 0 0 1 0 0 0
60	1	0 1 1 0 0 1 1 0 1 0 0 1 0 0 0 0 0 0 0 1
60	1	0 1 0 0 0 0 1 0 0 1 1 1 0 0 1 0 1 0 0 0
60	2	0 0 0 0 0 0 1 0 0 1 0 0 0 0 0 0 0 1 0 0
60	3	0 1 1 0 0 1 1 0 0 1 0 0 0 0 1 1 1 0 0 0
60	3	0 1 1 0 0 1 1 0 0 0 1 0 0 0 1 1 1 0 0 0
60	1	0 0 0 0 0 0 1 0 0 0 0 0 0 0 1 0 1 0 0 0
60	2	0 1 0 0 0 0 1 0 0 1 0 0 1 0 1 1 1 0 1 0
60	1	0 1 1 0 0 0 1 0 0 1 1 0 0 0 1 1 1 1 0 0
60	1	0 0 0 0 0 0 1 0 0 0 0 0 0 0 1 1 1 0 0 1
60	1	0 1 1 0 0 1 1 0 0 0 1 0 0 0 0 0 0 0 0 0
60	1	0 0 1 0 0 0 1 0 0 1 0 1 0 0 1 1 1 0 0 0
60	1	0 0 1 0 0 0 0 0 0 1 0 1 0 0 1 1 1 0 0 0
60	1	0 0 1 0 0 0 1 0 0 1 0 0 0 0 1 1 1 0 0 0
60	1	0 0 0 0 0 1 0 0 0 0 0 1 0 0 0 0 0 0 0 1
60	1	0 1 1 0 0 1 1 0 0 0 1 1 0 0 1 0 0 1 0 0
60	1	0 1 1 0 0 1 1 0 0 0 1 0 1 0 1 0 1 0 0 0
60	1	0 1 1 0 0 1 1 0 0 0 0 1 0 0 1 1 1 0 1 0
60	1	0 1 0 0 0 0 1 0 0 0 0 1 0 0 1 1 1 0 0 0
60	1	1 0 0 0 0 0 1 0 0 0 0 0 0 0 1 1 1 0 0 1
60	1	1 1 1 0 0 0 1 0 0 1 1 0 0 0 1 1 1 1 0 0
80	4	0 1 1 0 0 1 1 0 0 0 0 1 0 0 1 0 0 1 0 0
80	14	0 0 0 0 0 0 1 0 0 1 0 0 0 0 1 1 1 0 0 0
80	3	0 0 0 0 0 0 0 0 0 1 0 0 0 0 1 1 1 0 0 0
80	1	0 1 1 0 0 1 1 0 0 0 0 1 0 0 1 1 0 1 0 0
80	2	0 1 0 0 0 0 1 0 0 1 0 0 0 0 1 1 1 0 0 0
80	1	0 0 0 0 0 0 1 0 0 0 0 0 0 0 1 1 1 0 0 0
80	8	0 1 1 0 0 1 1 0 0 0 1 0 0 0 1 0 0 0 0 0
80	2	0 1 1 0 0 0 1 0 0 1 0 0 0 0 1 1 1 0 0 0
80	3	0 0 0 1 0 0 1 0 0 1 0 0 0 0 1 1 1 0 0 0
80	1	0 1 1 0 0 1 1 0 0 0 1 0 0 0 1 0 1 0 0 0
80	5	0 1 1 0 0 1 1 0 0 0 1 0 0 0 0 0 1 0 0 0
80	3	0 1 0 0 0 1 1 0 0 1 0 0 0 0 1 1 1 0 0 0
80	1	0 0 0 1 0 0 1 0 0 0 0 0 0 0 1 1 1 0 0 0
80	2	0 0 0 0 0 0 1 0 0 1 1 1 0 0 1 0 1 0 0 0
80	3	0 1 0 0 0 1 1 0 0 0 1 0 0 0 0 0 1 0 0 0
80	3	0 1 1 0 0 1 1 0 0 0 1 0 0 0 1 1 1 0 0 0
80	1	0 1 0 0 0 0 1 0 1 1 0 0 0 0 1 1 1 0 0 0
80	1	0 0 0 0 0 0 1 0 0 0 0 0 0 0 1 1 1 0 0 1
80	4	0 1 1 0 0 1 1 0 0 0 1 0 0 0 0 0 0 0 0 0
80	1	0 0 0 1 0 0 1 0 0 0 0 0 0 0 1 0 1 0 0 0
80	1	0 0 0 0 0 0 1 0 0 1 0 0 0 0 1 1 1 0 1 0
80	6	0 0 1 0 0 0 0 0 0 1 0 1 0 0 1 1 1 0 0 0
80	3	0 1 0 0 0 1 1 0 0 0 1 0 1 0 0 1 1 0 0 0
80	1	1 0 0 0 0 0 1 0 0 1 0 1 0 0 1 1 1 0 0 0
80	2	0 0 0 0 0 0 0 0 0 1 0 0 0 0 1 1 1 1 0 0
80	1	0 0 0 1 0 0 1 0 1 1 0 0 0 0 1 1 1 0 0 0
80	1	0 1 1 0 0 1 1 0 0 1 1 0 0 0 1 1 1 1 0 0
80	2	0 1 0 0 0 0 1 0 0 0 0 0 0 0 1 1 1 0 0 0
80	1	0 1 1 0 0 0 0 0 0 1 0 1 0 0 1 1 1 0 0 0
80	1	0 0 0 0 0 0 1 0 0 0 1 0 0 0 0 0 1 0 0 0
80	2	1 0 0 0 0 0 1 0 0 1 1 1 0 0 1 0 1 0 0 0
80	1	0 1 1 0 0 0 1 0 0 0 1 0 0 0 1 0 1 0 0 0
80	2	0 1 1 0 0 0 1 0 0 1 0 0 0 0 0 0 1 0 0 0
80	1	0 1 1 0 0 0 1 0 0 1 0 0 0 0 1 0 0 1 0 0
80	1	0 0 0 0 0 0 0 0 0 1 0 0 0 1 0 0 0 1 0 0
80	1	0 1 1 0 0 1 1 0 0 1 1 0 0 0 1 0 0 0 0 0
80	1	0 1 1 0 0 0 1 0 0 1 0 0 0 0 1 1 1 0 0 1
80	2	0 1 0 0 0 0 1 0 0 1 0 0 0 0 1 1 1 1 0 0
80	1	0 0 1 0 0 1 1 0 0 1 0 0 0 1 1 1 1 0 0 0
80	1	0 0 0 0 0 0 1 0 0 1 0 0 1 0 1 1 1 0 0 0
80	1	0 0 0 0 1 0 1 0 0 1 0 0 0 0 1 1 1 0 0 0
80	1	0 0 0 0 0 0 0 0 0 1 0 0 1 0 1 1 1 0 0 0
80	1	0 1 1 0 0 1 1 0 0 0 1 0 0 1 0 0 1 0 0 0
80	1	0 0 1 0 0 0 0 1 0 1 0 1 0 0 1 1 1 0 0 0
80	1	0 1 1 0 0 1 1 0 0 0 0 1 0 1 1 1 0 0 0 0
100	2	0 1 1 0 0 1 1 0 0 0 0 1 0 0 1 0 0 1 0 0
100	2	0 0 0 0 0 0 1 0 0 1 0 0 0 0 1 1 1 0 0 0
100	2	0 0 0 0 0 0 0 0 0 1 0 0 0 0 1 1 1 0 0 0
100	3	0 0 0 0 0 0 1 0 0 0 0 0 0 0 1 1 1 0 0 0
100	2	0 1 1 0 0 1 1 0 0 0 1 0 0 0 1 0 0 0 0 0
100	1	0 1 1 0 0 0 1 0 0 1 0 0 0 0 1 1 1 0 0 0
100	1	0 0 0 1 0 0 1 0 0 1 0 0 0 0 1 1 1 0 0 0
100	3	0 1 1 0 0 1 1 0 0 0 1 0 0 0 0 0 1 0 0 0
100	3	0 1 0 0 0 1 1 0 0 1 0 0 0 0 1 1 1 0 0 0
100	2	0 0 0 1 0 0 1 0 0 0 0 0 0 0 1 1 1 0 0 0
100	3	0 0 0 0 0 0 1 0 0 1 1 1 0 0 1 0 1 0 0 0
100	1	0 1 0 0 0 1 1 0 0 0 1 0 0 0 0 0 1 0 0 0
100	2	0 1 1 0 0 1 1 0 0 0 1 0 0 0 1 1 1 0 0 0
100	1	0 1 1 0 0 0 1 0 0 1 1 0 0 0 1 1 1 1 0 0
100	7	0 1 1 0 0 1 1 0 0 0 1 0 0 0 0 0 0 0 0 0
100	3	0 0 1 0 0 0 0 0 0 1 0 1 0 0 1 1 1 0 0 0
100	5	0 1 0 0 0 1 1 0 0 0 1 0 1 0 0 1 1 0 0 0
100	1	0 1 1 0 0 1 1 0 0 0 0 0 0 0 1 1 0 0 0 0
100	2	1 0 0 0 0 0 1 0 0 1 1 1 0 0 1 0 1 0 0 0
100	2	0 0 0 0 0 0 1 0 0 1 0 0 0 1 1 1 1 0 0 0
100	1	1 1 1 0 0 1 1 0 0 1 1 0 0 0 1 1 1 0 0 0
100	1	0 0 0 0 0 0 0 0 0 1 0 0 1 0 1 1 1 0 0 0
100	2	1 0 0 0 0 0 1 0 0 0 1 0 0 0 1 1 1 0 0 0
100	2	0 1 1 0 0 0 1 0 0 0 1 0 1 0 0 1 1 0 0 0
100	1	1 0 0 0 0 0 1 0 1 1 1 1 0 0 1 0 1 0 0 0
100	1	0 1 1 0 0 0 1 0 0 1 1 0 0 0 1 1 0 0 0 0
100	1	1 0 0 0 0 1 1 0 0 0 1 0 0 0 1 1 1 0 0 0
100	1	0 1 0 0 0 0 1 0 0 0 0 0 0 0 0 0 1 0 0 0
100	1	0 1 1 0 0 0 1 0 0 0 0 1 0 0 1 0 0 1 0 0
100	1	0 0 0 0 0 0 0 0 0 1 0 0 0 0 1 1 0 0 0 0
100	2	0 1 1 0 0 1 1 1 0 0 1 0 0 0 0 0 0 0 0 0
100	1	0 0 0 1 0 0 1 0 0 1 1 0 0 0 1 1 1 1 0 0
100	2	0 1 0 0 0 0 0 0 0 1 0 0 0 0 1 1 1 0 0 0
100	1	0 0 0 1 0 0 1 0 0 0 1 0 0 0 1 1 1 0 0 0
100	1	0 1 1 0 0 1 1 0 0 0 0 0 0 0 1 0 0 0 0 0
100	1	0 0 0 1 0 0 1 0 0 1 0 1 0 0 1 1 1 0 0 0
100	2	0 0 0 0 0 1 1 0 0 0 1 0 0 0 0 0 1 0 0 0
100	2	0 0 1 0 0 0 0 0 0 1 0 0 1 0 1 1 1 0 0 0
100	1	0 0 0 0 0 0 1 0 0 1 1 1 0 0 1 0 1 0 1 0
100	4	0 1 0 0 0 0 1 0 0 1 1 1 0 0 1 0 1 0 0 0
100	1	0 0 0 0 0 0 0 0 0 1 1 0 0 0 1 1 1 0 0 0
100	1	0 0 1 0 0 0 0 0 0 0 1 0 0 0 1 1 1 0 0 0
100	2	0 0 0 0 0 0 1 0 0 0 0 0 0 0 0 0 1 0 0 0
100	1	0 0 0 0 0 0 1 0 0 1 1 1 0 0 1 1 1 1 0 0
100	1	0 0 1 0 0 0 1 0 0 1 0 0 0 0 1 1 1 0 0 0
100	2	0 1 0 0 0 1 1 0 0 0 1 0 0 0 0 1 1 0 0 0
100	2	1 0 0 1 0 0 1 0 0 1 1 1 0 0 1 0 1 0 0 0
100	1	0 1 1 1 0 1 1 0 0 1 1 0 0 0 0 0 1 0 0 0
100	1	1 0 0 1 0 0 1 0 0 1 1 0 0 0 1 1 1 1 0 0
100	1	0 0 1 0 0 0 0 0 0 1 0 0 0 0 1 1 1 0 0 0
100	1	0 0 0 0 0 0 1 0 0 1 0 0 0 1 1 1 0 0 0 0
100	1	0 0 0 1 0 1 1 0 0 1 1 0 0 0 1 1 1 1 0 0
100	1	0 0 0 0 0 0 1 0 0 1 0 0 0 0 1 0 1 0 0 0
100	1	0 0 0 0 0 0 0 0 0 1 0 0 0 0 1 0 1 0 0 0
100	1	0 1 1 0 0 0 1 1 0 0 1 0 1 0 0 1 1 0 0 0
100	1	0 0 0 0 0 0 1 0 0 1 1 0 0 0 1 0 1 0 0 0
100	1	0 1 0 0 0 1 1 0 0 0 1 0 0 0 1 0 0 0 0 0
100	1	0 1 1 0 0 1 1 0 0 0 1 0 0 0 1 1 1 1 0 0
100	1	0 0 0 0 0 0 1 1 0 1 1 1 0 0 1 0 1 0 0 0
100	1	0 0 0 1 0 0 1 0 0 0 1 0 0 0 1 1 1 1 0 0
120	1	0 0 0 0 0 0 1 0 0 0 0 0 0 0 1 1 1 0 0 0
120	1	0 0 0 1 0 0 1 0 0 1 0 0 0 0 1 1 1 0 0 0
120	4	0 1 1 0 0 1 1 0 0 0 1 0 0 0 1 1 1 0 0 0
120	1	0 1 1 0 0 1 1 0 0 0 1 0 0 0 0 0 0 0 0 0
120	9	0 0 1 0 0 0 0 0 0 1 0 1 0 0 1 1 1 0 0 0
120	3	0 1 1 0 0 1 1 0 0 0 0 0 0 0 1 1 0 0 0 0
120	1	0 1 1 1 0 1 1 0 0 0 1 0 0 0 0 0 1 0 0 0
120	1	1 0 0 0 0 0 1 0 0 0 1 0 0 0 1 1 1 0 0 0
120	4	0 1 1 0 0 0 1 0 0 0 1 0 1 0 0 1 1 0 0 0
120	1	1 0 0 0 0 1 1 0 0 0 1 0 0 0 1 1 1 0 0 0
120	2	0 1 0 0 0 0 1 0 0 0 0 0 0 0 0 0 1 0 0 0
120	2	0 1 1 0 0 1 1 0 0 0 1 0 1 0 0 1 1 0 0 0
120	5	0 0 0 1 0 0 1 0 0 1 1 0 0 0 1 1 1 1 0 0
120	1	0 1 0 0 0 0 0 0 0 1 0 0 0 0 1 1 1 0 0 0
120	3	0 0 0 1 0 0 1 0 0 0 1 0 0 0 1 1 1 0 0 0
120	2	0 0 1 0 0 0 0 0 0 1 0 0 1 0 1 1 1 0 0 0
120	1	0 1 1 0 0 0 1 0 0 0 1 0 0 0 0 0 1 0 0 0
120	2	0 1 0 0 0 0 1 0 0 1 1 1 0 0 1 0 1 0 0 0
120	1	0 0 0 0 0 0 0 0 0 1 1 0 0 0 1 1 1 0 0 0
120	2	0 0 0 0 0 0 1 0 0 1 1 1 0 0 1 1 1 1 0 0
120	2	0 0 0 0 0 0 1 0 0 1 1 1 0 0 1 1 1 0 0 0
120	4	0 1 0 0 0 1 1 0 0 0 1 0 0 0 0 1 1 0 0 0
120	4	1 0 0 1 0 0 1 0 0 1 1 1 0 0 1 0 1 0 0 0
120	4	0 1 1 0 0 0 1 1 0 0 1 0 1 0 0 1 1 0 0 0
120	1	0 1 0 0 0 1 1 0 0 0 1 0 0 0 1 0 0 0 0 0
120	1	0 0 0 1 0 0 1 0 0 1 1 1 0 0 1 0 1 0 0 0
120	1	0 1 0 0 0 1 1 0 0 1 0 0 0 0 1 1 1 0 0 1
120	1	0 1 0 1 0 0 1 0 0 0 0 0 0 0 1 1 1 0 0 0
120	1	0 1 0 0 0 1 1 0 0 0 0 0 0 0 0 1 1 0 0 0
120	1	0 1 1 0 0 1 0 0 0 0 1 0 0 0 0 0 0 0 0 0
120	3	0 0 1 1 0 0 0 0 0 1 0 0 1 0 1 1 1 0 0 0
120	1	1 0 0 0 0 0 1 0 0 0 1 1 1 0 1 1 1 0 0 0
120	2	0 1 0 0 0 1 1 0 0 1 1 0 0 0 1 1 1 1 0 0
120	1	0 0 1 0 0 0 0 0 0 1 0 1 0 0 1 0 1 0 0 0
120	2	0 0 0 0 0 1 1 0 0 1 0 1 0 0 0 0 0 0 0 0
120	3	0 0 0 1 0 0 1 0 0 0 0 0 0 0 0 1 1 0 0 0
120	1	0 1 0 0 0 1 1 0 0 0 0 0 0 0 0 0 1 0 0 0
120	1	0 0 0 0 0 0 1 0 0 0 1 0 1 0 0 1 1 0 0 0
120	2	0 0 0 1 0 0 1 0 0 0 1 1 0 0 1 1 1 0 0 0
120	1	1 0 0 0 0 0 1 0 0 1 1 1 0 0 1 1 1 1 0 0
120	3	1 0 0 0 0 1 1 0 0 1 0 0 0 0 1 1 1 0 0 0
120	1	0 1 0 0 0 0 1 0 0 1 0 0 0 0 1 0 0 1 0 0
120	1	0 0 0 1 0 0 1 0 0 1 1 0 0 0 1 1 1 1 0 1
120	1	0 1 0 0 0 1 1 0 0 1 0 0 0 0 1 0 1 0 0 0
120	3	0 0 0 1 0 0 1 0 0 1 1 0 0 1 1 1 1 0 0 0
120	1	0 1 1 0 0 1 1 0 0 0 1 0 0 0 0 1 1 0 0 0
120	1	0 0 1 0 0 0 1 1 0 0 1 0 1 0 0 1 1 0 0 0
120	2	1 0 0 0 0 1 1 0 0 0 1 1 0 0 0 1 1 0 0 0
120	1	0 0 0 0 0 0 0 0 0 1 0 0 0 0 0 1 1 0 0 0
120	1	0 0 0 1 0 0 1 0 0 1 1 1 0 0 1 1 1 0 0 0
120	1	1 0 0 1 0 0 1 0 0 1 1 0 0 0 1 1 1 0 0 0
140	1	0 1 1 0 0 0 1 0 0 1 1 0 0 0 1 1 1 1 0 0
140	1	0 1 1 0 0 1 1 0 0 0 1 0 0 0 0 0 0 0 0 0
140	2	0 0 1 0 0 0 0 0 0 1 0 1 0 0 1 1 1 0 0 0
140	1	0 1 1 0 0 1 1 0 0 0 0 0 0 0 1 1 0 0 0 0
140	2	1 0 0 0 0 0 1 0 0 0 1 0 0 0 1 1 1 0 0 0
140	3	0 1 1 0 0 0 1 0 0 0 1 0 1 0 0 1 1 0 0 0
140	1	1 0 0 0 0 1 1 0 0 0 1 0 0 0 1 1 1 0 0 0
140	3	0 1 0 0 0 0 1 0 0 0 0 0 0 0 0 0 1 0 0 0
140	4	0 0 0 1 0 0 1 0 0 1 1 0 0 0 1 1 1 1 0 0
140	1	0 0 0 1 0 0 1 0 0 0 1 0 0 0 1 1 1 0 0 0
140	2	0 0 0 1 0 0 1 0 0 1 0 0 0 0 1 0 1 0 0 0
140	2	0 1 0 0 0 0 1 0 0 1 1 1 0 0 1 0 1 0 0 0
140	2	0 0 0 0 0 0 0 0 0 1 1 0 0 0 1 1 1 0 0 0
140	1	0 0 0 0 0 0 1 0 0 1 1 1 0 0 1 1 1 0 0 0
140	2	0 1 0 0 0 1 1 0 0 0 1 0 0 0 0 1 1 0 0 0
140	1	1 0 0 1 0 0 1 0 0 1 1 1 0 0 1 0 1 0 0 0
140	3	0 1 1 0 0 0 1 1 0 0 1 0 1 0 0 1 1 0 0 0
140	1	0 1 0 0 0 1 1 0 0 1 0 0 0 0 1 1 1 0 0 1
140	1	1 0 0 0 0 1 1 0 0 0 1 1 0 0 1 1 1 0 0 0
140	1	0 0 1 1 0 0 0 0 0 1 0 0 1 0 1 1 1 0 0 0
140	1	0 1 0 0 0 1 1 0 0 1 1 0 0 0 1 1 1 1 0 0
140	1	0 0 1 0 0 0 0 0 0 1 0 1 0 0 1 0 1 0 0 0
140	2	0 0 0 1 0 0 1 0 0 0 0 0 0 0 0 1 1 0 0 0
140	1	1 0 0 0 0 0 1 0 0 0 1 0 0 0 1 1 1 0 1 0
140	2	0 0 0 0 0 0 1 0 0 0 1 0 1 0 0 1 1 0 0 0
140	2	0 0 0 1 0 0 1 0 0 0 1 1 0 0 1 1 1 0 0 0
140	3	1 1 1 0 1 1 1 0 0 0 1 0 0 0 0 0 0 0 0 0
140	3	0 1 0 0 0 1 1 0 0 0 1 0 0 0 0 0 0 0 0 0
140	2	0 1 1 0 0 1 1 0 0 0 0 0 0 0 1 1 1 0 0 0
140	1	0 1 0 1 0 0 1 0 0 1 1 1 0 1 1 1 1 0 0 0
140	1	1 0 0 0 0 0 0 0 0 1 0 0 1 0 1 1 1 0 0 0
140	2	1 0 0 1 0 0 1 0 0 0 1 1 0 0 1 1 1 0 0 0
140	2	1 0 0 1 0 0 1 0 0 0 1 1 0 0 1 1 0 0 0 0
140	2	1 0 0 1 0 0 1 0 0 1 1 0 0 0 0 0 1 0 0 0
140	2	0 0 1 0 1 0 0 0 0 1 0 1 0 0 1 1 1 0 0 0
140	2	0 1 0 1 0 0 1 0 0 0 1 0 0 0 1 1 1 0 0 0
140	2	0 0 0 1 0 0 1 0 0 0 0 0 0 0 1 1 1 0 0 0
140	2	0 0 1 0 0 0 0 0 0 1 1 1 0 0 1 0 1 0 0 0
140	3	0 0 0 0 0 1 1 0 0 0 1 0 0 0 1 1 0 0 0 0
140	1	1 0 0 0 0 1 1 0 0 1 0 0 0 0 1 1 1 0 1 0
140	2	0 0 0 0 0 0 1 0 0 1 1 0 0 1 1 1 1 1 0 0
140	2	0 0 1 0 0 1 1 0 0 0 1 0 0 0 1 0 0 0 0 0
140	1	0 0 1 0 0 0 0 0 0 1 0 1 0 1 1 1 1 0 0 0
140	1	0 1 0 1 0 0 1 0 0 0 0 0 1 0 1 1 1 0 0 0
140	2	0 1 0 0 0 1 1 0 0 1 0 0 1 0 1 1 1 0 0 0
140	2	0 1 0 1 0 0 1 0 0 0 0 0 0 0 0 1 1 0 0 0
140	1	0 0 0 1 0 0 1 1 0 0 1 1 0 0 1 1 1 0 0 0
140	2	0 1 1 0 0 0 0 0 0 0 1 0 1 0 0 1 1 0 0 0
140	1	1 1 0 1 0 0 1 0 0 1 1 1 0 0 1 1 1 0 0 0
140	1	0 1 1 0 0 0 1 0 0 1 1 0 0 0 1 1 1 0 0 0
140	1	1 0 0 0 1 1 1 0 0 1 0 0 1 0 1 1 1 0 0 0
140	2	0 0 0 0 0 0 1 0 0 1 1 1 0 1 1 0 1 0 0 0
140	1	0 0 1 0 0 1 1 0 0 0 1 0 0 0 1 0 1 0 0 0
140	1	0 0 0 1 0 0 1 0 0 1 1 0 0 0 1 1 0 1 0 0
140	1	0 0 0 1 0 0 1 0 0 0 1 0 1 0 0 1 1 0 0 0
140	1	0 1 1 0 0 0 0 1 0 0 1 0 1 0 0 1 1 0 0 0
140	1	1 0 0 1 0 0 1 0 0 0 1 0 0 0 1 0 1 0 0 0
140	1	0 0 0 1 0 1 1 0 0 0 1 0 1 0 0 1 1 0 0 0
140	1	0 1 0 0 0 1 1 0 0 0 1 0 0 0 0 1 1 1 0 0
140	1	0 1 1 0 0 1 1 0 0 0 1 1 0 0 1 0 1 0 0 0
140	1	0 0 0 1 0 0 1 0 0 0 0 0 0 0 0 1 1 1 0 0
140	1	1 0 0 1 0 0 1 0 0 1 0 1 0 0 1 1 1 0 0 0
160	1	0 1 1 0 0 1 1 0 0 0 1 0 0 0 0 0 0 0 0 0
160	1	0 0 1 0 0 0 0 0 0 1 0 1 0 0 1 1 1 0 0 0
160	1	0 1 1 0 0 0 1 0 0 0 1 0 1 0 0 1 1 0 0 0
160	1	0 0 0 1 0 0 1 0 0 1 1 0 0 0 1 1 1 1 0 0
160	1	0 1 0 0 0 0 1 0 0 1 1 1 0 0 1 0 1 0 0 0
160	2	0 1 1 0 0 0 1 1 0 0 1 0 1 0 0 1 1 0 0 0
160	1	0 0 0 1 0 0 1 0 0 0 0 0 0 0 0 1 1 0 0 0
160	1	1 0 0 1 0 0 1 0 0 1 1 1 0 0 1 1 1 0 0 0
160	2	1 1 1 0 1 1 1 0 0 0 1 0 0 0 0 0 0 0 0 0
160	2	0 1 1 0 0 1 1 0 0 0 0 0 0 0 1 1 1 0 0 0
160	1	0 1 0 1 0 0 1 0 0 1 1 1 0 1 1 1 1 0 0 0
160	1	1 0 0 1 0 0 1 0 0 1 1 1 0 0 0 0 1 0 0 0
160	1	0 1 1 0 0 1 1 0 1 0 1 0 1 0 0 1 0 0 0 0
160	2	0 0 0 1 0 0 1 0 0 0 0 0 0 0 1 1 1 0 0 0
160	3	1 0 0 0 0 1 1 0 0 1 0 0 0 0 1 1 1 0 1 0
160	1	0 0 0 0 0 0 1 0 0 1 1 0 0 1 1 1 1 1 0 0
160	1	1 0 0 1 0 0 1 0 0 0 1 0 0 0 1 1 1 0 0 0
160	5	0 1 0 1 0 0 1 0 0 0 0 0 0 0 0 1 1 0 0 0
160	2	0 0 0 0 0 0 1 0 0 1 1 1 0 0 1 1 1 0 0 1
160	1	0 0 1 0 0 1 1 0 0 0 1 0 0 0 1 0 1 0 0 0
160	6	0 0 1 1 0 0 1 0 0 1 1 1 0 0 1 0 1 0 0 0
160	6	0 0 0 1 0 0 1 0 0 0 0 0 0 0 0 1 1 1 0 0
160	1	1 0 0 1 0 0 1 0 0 1 0 1 0 0 1 1 1 0 0 0
160	4	1 0 0 0 0 0 1 0 1 0 1 0 0 0 1 1 1 0 0 0
160	1	0 0 1 0 0 1 1 0 0 0 1 0 1 0 0 1 1 0 0 0
160	1	0 1 0 1 0 0 1 0 0 1 0 0 0 0 1 0 1 0 0 0
160	1	1 0 0 1 0 0 1 0 0 0 1 1 0 0 1 0 1 0 0 0
160	2	0 0 0 0 0 0 0 0 0 1 0 1 0 1 1 1 1 0 0 0
160	3	0 1 0 0 0 0 1 0 0 0 0 0 1 0 0 0 1 0 0 0
160	1	0 1 1 0 0 0 1 0 0 0 1 1 1 0 0 1 1 0 0 0
160	1	0 0 1 0 0 0 0 0 0 1 0 0 0 0 1 1 1 0 0 0
160	1	0 0 0 0 0 0 1 0 0 0 1 0 1 0 1 1 1 0 0 0
160	1	0 1 0 0 0 0 1 0 0 1 0 0 1 0 0 0 1 0 0 0
160	1	0 1 1 0 0 0 1 0 0 1 0 0 0 0 1 0 1 0 0 0
160	2	0 1 1 0 0 1 1 0 0 1 1 0 1 0 0 1 0 0 0 0
160	1	1 0 0 0 0 0 1 0 1 0 1 0 0 0 0 1 1 0 0 0
160	1	1 0 0 0 0 1 0 0 0 1 0 0 0 0 1 1 1 0 1 0
160	2	0 0 0 1 0 0 1 0 0 1 1 1 0 0 1 0 1 0 0 0
160	3	0 0 1 0 0 0 0 0 0 1 0 1 0 0 1 1 1 0 0 1
160	4	0 0 1 1 1 0 1 0 0 1 1 1 0 0 1 0 1 0 0 0
160	2	0 0 0 1 0 0 1 0 0 0 1 1 0 0 1 0 1 0 0 0
160	1	0 1 0 0 1 0 1 0 0 1 1 1 0 0 1 0 1 0 0 0
160	2	0 1 1 0 1 1 1 0 0 0 1 0 0 0 0 0 0 0 0 0
160	1	0 1 1 0 0 1 1 0 0 0 0 0 0 0 1 1 1 0 0 1
160	1	0 0 1 1 0 0 0 0 0 1 0 0 1 0 0 1 1 0 0 1
160	2	1 0 0 0 0 1 0 0 0 0 1 0 1 1 1 1 1 0 0 0
160	1	1 0 0 0 0 0 1 0 0 0 1 0 0 0 0 1 1 0 0 0
160	1	1 1 1 0 1 1 1 0 0 0 1 0 0 0 0 0 1 0 0 0
160	2	1 0 0 1 0 0 1 0 0 0 1 1 0 1 1 1 1 0 0 0
160	1	0 1 1 0 0 0 1 1 0 0 0 1 0 0 0 0 0 0 1 0
160	1	0 1 1 0 0 1 1 0 0 1 0 1 0 0 1 1 1 0 0 0
160	1	0 1 1 0 0 0 1 1 0 0 1 0 1 0 0 1 0 0 0 0
160	1	0 1 1 0 0 1 1 0 0 1 1 1 0 0 1 0 1 0 0 0
160	1	0 1 0 0 0 0 1 0 0 1 1 1 0 0 1 0 0 0 0 0
160	1	0 1 0 0 0 0 1 0 0 1 1 1 0 0 1 1 0 0 0 1
160	1	1 0 0 1 0 0 1 0 0 0 1 1 0 0 0 0 1 0 0 0
160	1	0 0 0 1 1 0 0 0 0 1 0 1 0 0 1 1 1 0 0 0
160	1	0 0 1 0 0 0 0 0 0 1 0 1 0 0 0 1 1 0 0 0
160	1	1 0 0 1 0 0 1 0 0 1 0 1 0 0 1 0 1 0 0 0
160	1	0 0 1 1 0 0 0 0 0 1 0 0 1 0 1 1 1 0 0 0
160	1	0 1 1 1 1 0 1 0 0 1 1 1 0 0 1 0 1 0 0 0
160	1	0 1 1 0 1 0 0 0 0 1 1 1 0 0 1 1 1 0 0 0
180	4	0 1 1 0 0 1 1 0 0 0 1 0 0 0 0 0 0 0 0 0
180	1	0 0 1 0 0 0 0 0 0 1 0 1 0 0 1 1 1 0 0 0
180	2	0 1 1 0 0 0 1 0 0 0 1 0 1 0 0 1 1 0 0 0
180	3	0 0 0 1 0 0 1 0 0 1 1 0 0 0 1 1 1 1 0 0
180	1	1 0 0 1 0 0 1 0 0 1 1 1 0 0 1 0 1 0 0 0
180	4	0 1 1 0 0 0 1 1 0 0 1 0 1 0 0 1 1 0 0 0
180	4	1 0 0 1 0 0 1 0 0 1 1 1 0 0 1 1 1 0 0 0
180	3	0 0 0 1 0 0 1 0 0 0 0 0 0 0 1 1 1 0 0 0
180	1	1 0 0 0 0 1 1 0 0 1 0 0 0 0 1 1 1 0 1 0
180	6	0 1 0 1 0 0 1 0 0 0 0 0 0 0 0 1 1 0 0 0
180	3	0 0 1 1 0 0 1 0 0 1 1 1 0 0 1 0 1 0 0 0
180	2	1 0 0 0 0 0 1 0 1 0 1 0 0 0 1 1 1 0 0 0
180	2	0 1 0 0 0 0 1 0 0 0 0 0 1 0 0 0 1 0 0 0
180	1	0 0 1 0 0 0 0 0 0 1 0 0 0 0 1 1 1 0 0 0
180	1	0 1 1 0 0 0 1 0 0 1 0 0 0 0 1 0 1 0 0 0
180	2	0 0 0 1 0 0 1 0 0 1 1 1 0 0 1 0 1 0 0 0
180	1	0 0 1 1 1 0 1 0 0 1 1 1 0 0 1 0 1 0 0 0
180	1	0 1 1 0 0 0 0 0 0 1 0 1 0 0 1 1 1 0 0 0
180	2	0 0 1 0 0 1 1 0 0 0 1 0 1 0 0 1 0 0 0 0
180	2	0 0 1 0 0 1 1 0 0 0 1 0 0 0 0 0 1 0 0 0
180	4	1 0 0 1 0 1 1 0 0 1 0 0 0 0 1 1 1 0 1 0
180	1	0 0 0 1 1 0 0 0 0 1 0 1 0 0 1 1 1 0 0 0
180	1	1 0 0 0 1 0 1 1 0 0 1 0 0 0 1 1 1 0 0 0
180	1	0 0 1 0 0 0 1 0 0 1 0 0 1 0 1 1 1 0 0 0
180	1	0 1 1 1 1 0 1 0 0 1 1 1 0 0 1 0 1 0 0 0
180	1	0 1 1 0 0 1 1 0 0 1 1 1 0 0 1 0 1 1 0 0
180	1	0 0 1 0 0 0 0 0 0 1 0 0 0 0 0 1 1 1 0 0
180	3	0 0 1 0 0 0 1 1 0 0 1 0 1 0 0 1 1 0 0 0
180	1	1 0 0 1 0 0 1 0 0 0 0 0 0 0 0 1 1 1 0 0
180	4	1 1 0 0 0 0 1 0 0 0 1 0 0 0 1 1 1 0 0 0
180	2	0 0 1 0 0 0 1 1 0 1 0 0 1 0 1 1 1 0 0 0
180	1	0 0 1 1 0 0 1 0 0 1 1 1 1 0 0 1 1 0 0 1
180	1	0 0 0 0 0 0 0 0 0 1 0 1 0 0 1 1 1 0 0 0
180	2	0 1 1 0 0 0 1 0 0 0 1 0 0 0 0 1 1 0 0 0
180	1	1 0 1 0 0 0 0 0 0 1 0 1 0 0 1 0 1 0 0 0
180	1	0 1 1 0 1 1 1 0 0 0 0 0 0 0 0 1 1 0 0 0
180	2	1 0 1 0 0 1 1 0 0 0 1 0 1 0 0 1 0 0 0 0
180	2	0 1 1 0 1 1 1 0 0 0 1 0 1 0 0 1 1 0 0 0
180	1	0 1 1 1 1 0 1 0 0 1 1 1 0 0 1 0 1 1 0 0
180	1	1 0 1 1 0 0 1 0 0 1 1 1 0 0 1 0 1 0 0 0
180	1	1 0 0 1 0 0 1 0 0 0 1 1 0 1 0 1 1 0 0 0
180	1	0 1 0 0 0 0 1 0 0 0 0 0 1 0 1 0 1 0 0 0
180	2	1 0 1 0 0 1 1 1 0 0 1 0 0 0 0 0 0 0 0 0
180	1	0 0 0 0 0 1 1 0 0 1 1 1 1 0 1 1 1 0 0 0
180	2	0 0 1 0 0 0 0 0 0 1 0 1 0 0 1 1 1 0 1 0
180	1	0 1 1 0 0 0 1 1 1 0 1 0 1 0 0 1 1 0 0 0
180	1	0 1 1 0 0 0 1 1 0 0 1 0 1 0 0 1 0 0 0 0
180	1	0 0 1 0 0 1 1 0 0 0 1 0 1 0 1 1 1 0 0 0
180	1	1 0 1 1 0 0 1 0 0 0 0 0 0 0 1 1 1 0 0 1
180	1	0 1 1 0 0 1 0 0 0 0 1 0 1 0 0 1 0 0 0 0
180	1	0 0 1 1 0 0 1 0 0 1 1 0 0 0 1 0 1 0 0 0
180	1	0 1 1 0 0 1 1 0 0 0 1 0 1 0 0 0 0 0 0 0
180	1	0 1 1 0 0 0 1 1 0 0 1 1 0 0 1 0 0 0 0 0
180	1	0 1 1 1 0 0 1 1 0 0 1 0 1 0 0 1 1 0 0 0
180	1	0 1 1 0 0 1 0 0 1 0 0 0 1 0 0 1 0 0 0 0
180	1	0 1 1 0 0 1 1 0 0 1 0 0 0 0 1 1 1 0 1 0
180	2	0 1 1 1 1 0 0 0 0 1 1 1 0 0 1 0 1 0 0 0
180	1	0 1 1 0 0 0 1 0 0 0 1 0 0 0 0 0 1 0 0 0
180	1	0 1 0 1 0 0 1 0 0 0 0 0 1 0 0 0 1 0 1 0
200	2	0 1 1 0 0 1 1 0 0 0 1 0 0 0 0 0 0 0 0 0
200	1	0 0 1 0 0 0 0 0 0 1 0 1 0 0 1 1 1 0 0 0
200	2	0 1 1 0 0 0 1 0 0 0 1 0 1 0 0 1 1 0 0 0
200	1	0 1 1 0 0 1 1 0 0 0 1 0 1 0 0 1 1 0 0 0
200	2	0 0 0 1 0 0 1 0 0 1 1 0 0 0 1 1 1 1 0 0
200	2	0 1 1 0 0 0 1 1 0 0 1 0 1 0 0 1 1 0 0 0
200	4	1 0 0 1 0 0 1 0 0 1 1 1 0 0 1 1 1 0 0 0
200	4	1 1 1 0 1 1 1 0 0 0 1 0 0 0 0 0 0 0 0 0
200	11	0 0 1 1 0 0 1 0 0 1 1 1 0 0 1 0 1 0 0 0
200	3	0 0 0 1 0 0 1 0 0 1 1 1 0 0 1 0 1 0 0 0
200	1	0 0 1 0 0 1 1 0 0 0 1 0 1 0 0 1 0 0 0 0
200	1	0 0 1 0 0 1 1 0 0 0 1 0 0 0 0 0 1 0 0 0
200	2	1 0 0 1 0 1 1 0 0 1 0 0 0 0 1 1 1 0 1 0
200	1	0 1 1 0 0 1 1 0 0 1 1 1 0 0 1 0 1 1 0 0
200	1	0 0 1 0 0 0 0 0 0 1 0 0 0 0 0 1 1 1 0 0
200	1	0 0 1 0 0 0 1 1 0 0 1 0 1 0 0 1 1 0 0 0
200	4	1 0 0 1 0 0 1 0 0 1 1 1 0 0 0 1 1 0 0 0
200	1	0 0 0 0 0 0 1 0 0 1 1 0 0 1 0 1 1 0 1 0
200	1	0 1 1 0 0 0 1 0 0 0 1 0 0 0 0 1 1 0 0 0
200	4	0 1 1 0 1 1 1 0 0 0 1 0 1 0 0 1 1 0 0 0
200	4	1 0 1 1 0 0 1 0 0 1 1 1 0 0 1 0 1 0 0 0
200	3	0 0 1 0 0 1 1 0 0 0 1 0 1 0 1 1 1 0 0 0
200	5	0 1 1 0 0 1 1 0 0 0 1 0 1 0 0 0 0 0 0 0
200	1	0 0 1 1 0 0 1 0 0 0 0 0 0 0 0 1 1 0 0 0
200	2	0 1 1 1 0 0 1 1 0 0 1 0 1 0 0 1 1 0 0 0
200	1	0 1 0 0 0 0 1 0 0 0 0 0 0 0 0 1 1 0 0 0
200	2	0 0 1 0 0 1 1 0 0 1 1 0 1 0 0 1 0 0 0 0
200	1	1 1 1 0 1 1 1 0 0 0 1 0 0 0 0 0 0 0 1 0
200	1	0 1 1 0 0 1 1 0 0 0 1 0 0 0 0 1 1 0 0 0
200	1	0 0 1 1 0 0 1 0 0 1 1 0 1 0 0 1 1 0 0 0
200	1	0 1 1 0 0 1 1 0 0 0 1 0 0 0 1 1 1 0 0 0
200	2	1 0 0 1 1 0 1 0 0 1 1 1 0 0 0 1 1 0 0 0
200	3	1 0 1 0 0 1 1 0 0 0 1 0 1 0 1 1 1 0 0 0
200	1	0 0 1 1 1 0 1 0 0 0 1 1 0 0 1 0 1 0 0 0
200	2	0 1 1 0 1 0 1 1 0 0 1 0 1 0 0 1 1 0 0 0
200	1	0 0 1 0 0 0 1 0 0 1 0 0 0 0 0 1 1 1 0 0
200	2	0 0 1 1 0 0 1 0 0 1 1 1 0 0 1 1 1 0 0 0
200	1	0 1 1 1 1 0 1 0 0 1 0 0 0 0 1 0 1 0 0 0
200	2	0 0 1 0 0 0 1 0 0 1 1 1 0 0 1 0 1 0 0 0
200	1	1 1 1 0 1 1 1 0 0 0 1 0 0 0 0 1 1 1 0 0
200	1	1 0 0 1 0 1 1 0 0 1 0 0 0 0 1 1 1 1 1 0
200	1	0 1 1 0 0 1 1 0 0 0 1 1 0 0 0 1 1 0 0 0
200	1	1 1 0 1 0 0 1 0 0 0 1 1 0 0 0 0 0 0 0 0
200	1	0 1 1 0 0 1 1 0 0 0 1 0 1 0 0 0 0 0 0 1
200	1	0 0 1 0 0 1 1 0 0 0 1 0 0 0 1 1 1 0 0 0
200	1	0 0 0 1 0 1 1 0 0 0 1 0 1 0 0 1 1 0 0 0
200	1	0 1 0 0 0 0 1 0 0 0 0 0 0 0 1 1 1 1 0 0
200	1	0 1 0 0 0 0 0 0 0 0 0 0 1 0 1 0 1 0 0 1
200	1	1 1 1 0 1 1 1 0 0 0 1 0 0 0 1 1 1 0 0 0
200	2	1 0 1 1 0 0 1 0 0 1 1 1 0 0 1 1 1 0 0 0
200	2	0 0 1 1 1 0 1 0 0 1 0 0 0 0 1 0 1 0 0 0
200	1	1 0 0 1 1 0 1 0 0 0 1 1 0 1 0 0 1 0 0 0
220	1	0 1 1 0 0 0 1 0 0 0 1 0 1 0 0 1 1 0 0 0
220	1	0 1 1 0 0 1 1 0 0 0 1 0 1 0 0 1 1 0 0 0
220	1	1 0 0 1 0 0 1 0 0 1 1 1 0 0 1 0 1 0 0 0
220	5	0 1 1 0 0 0 1 1 0 0 1 0 1 0 0 1 1 0 0 0
220	5	1 1 1 0 1 1 1 0 0 0 1 0 0 0 0 0 0 0 0 0
220	1	0 0 1 1 0 0 0 0 0 1 0 0 1 0 0 1 1 0 0 0
220	4	0 0 1 1 0 0 1 0 0 1 1 1 0 0 1 0 1 0 0 0
220	1	1 0 0 1 0 1 1 0 0 1 0 0 0 0 1 1 1 0 1 0
220	3	1 0 0 1 0 0 1 0 0 1 1 1 0 0 0 1 1 0 0 0
220	2	1 1 0 0 0 0 1 0 0 0 1 0 0 0 1 1 1 0 0 0
220	1	0 0 0 0 0 0 1 0 0 1 1 0 0 1 0 1 1 0 1 0
220	3	0 0 1 0 0 1 1 0 0 0 0 0 1 0 0 1 1 0 0 0
220	6	1 0 1 1 0 0 1 0 0 1 1 1 0 0 1 0 1 0 0 0
220	2	0 0 1 0 0 1 1 0 0 0 1 0 1 0 1 1 1 0 0 0
220	1	0 1 1 0 0 1 1 0 0 0 1 0 1 0 0 0 0 0 0 0
220	2	0 0 1 1 0 0 1 0 0 0 0 0 0 0 0 1 1 0 0 0
220	2	0 0 1 0 0 1 1 0 0 1 1 0 1 0 0 1 0 0 0 0
220	3	1 1 1 0 1 1 1 0 0 0 1 0 0 0 0 0 0 0 1 0
220	1	1 0 0 1 1 0 1 0 0 1 1 1 0 0 0 1 1 0 0 0
220	1	1 0 0 1 1 0 1 0 0 1 1 1 0 0 1 1 1 0 0 0
220	2	0 0 1 1 0 0 0 0 0 1 1 1 0 0 1 1 1 0 0 0
220	3	1 1 1 0 1 1 1 0 0 0 1 0 0 0 0 1 1 1 0 0
220	1	1 0 0 1 1 0 1 0 0 0 1 1 0 1 0 1 1 0 0 0
220	1	0 0 1 0 0 1 1 0 0 0 0 0 1 0 0 0 0 0 0 0
220	1	1 0 0 1 0 0 1 0 0 0 1 1 0 0 0 0 0 0 0 0
220	2	0 1 1 1 0 0 1 0 0 1 1 0 1 0 0 1 1 0 0 0
220	1	1 0 0 1 1 0 1 0 0 0 1 1 0 1 0 0 1 0 1 0
220	1	0 0 1 1 0 0 1 0 0 1 1 1 1 0 1 1 1 0 0 0
220	3	0 0 1 1 0 0 0 0 0 1 1 1 0 1 0 1 1 0 0 0
220	1	1 0 1 1 0 1 1 0 0 0 1 0 1 0 1 1 1 0 0 0
220	1	1 0 1 0 0 1 1 0 0 0 1 0 1 0 0 0 0 0 0 0
220	1	0 0 0 0 0 0 1 0 0 1 1 0 0 1 0 1 1 0 0 0
220	1	0 1 1 0 0 1 1 0 0 0 1 0 1 0 0 0 0 0 1 0
220	1	1 1 1 0 1 1 1 0 0 1 1 1 1 0 1 1 1 0 0 0
220	1	0 1 1 0 0 0 1 0 0 0 1 0 0 0 1 1 1 0 0 0
220	1	0 1 1 0 0 1 1 0 0 1 1 1 0 0 0 1 1 0 0 0
220	2	1 0 0 1 1 0 1 0 0 0 1 1 0 0 0 1 1 0 0 0
220	3	1 0 1 1 0 0 1 0 0 1 1 1 0 0 0 1 0 0 0 0
220	2	0 0 1 1 0 0 1 1 0 0 1 0 0 0 0 1 1 0 0 0
220	1	0 0 1 0 0 0 1 0 0 1 1 1 0 0 1 0 1 0 0 0
220	1	1 1 1 0 1 1 1 0 0 0 1 0 0 0 0 1 0 1 0 0
220	1	1 1 0 0 0 0 1 0 0 0 1 0 0 0 1 0 1 0 0 0
220	1	1 0 0 0 0 1 1 0 0 0 0 0 0 0 1 1 1 0 1 0
220	2	0 0 1 1 0 0 0 0 1 1 1 1 0 0 1 1 1 0 0 0
220	1	1 1 1 0 1 1 1 0 1 0 1 0 0 0 0 1 1 1 0 0
220	1	1 1 1 0 1 1 0 0 0 0 1 0 0 0 0 1 1 1 0 0
220	1	1 0 1 0 1 1 1 0 0 0 1 0 0 0 0 1 1 1 0 0
220	1	0 1 1 0 0 0 1 0 0 0 0 0 1 0 0 1 1 0 0 0
220	1	0 1 1 0 1 1 1 0 0 0 1 0 0 0 0 0 0 0 1 0
220	2	1 1 1 0 1 1 1 0 0 1 1 1 0 0 1 0 1 0 0 0
220	1	1 0 1 1 0 0 1 0 1 1 1 1 0 0 1 0 1 0 0 0
220	1	0 0 1 1 0 0 1 0 0 1 0 0 0 0 1 0 1 0 0 0
220	1	0 1 1 0 0 1 1 0 0 0 1 0 0 0 1 1 1 0 0 0
220	2	1 1 1 0 1 1 1 0 0 0 1 1 0 0 1 0 1 0 0 0
220	1	0 1 1 0 0 1 1 0 0 0 0 0 1 0 0 1 1 0 1 0
220	1	1 0 1 1 0 0 0 0 0 1 1 1 0 0 1 0 1 0 0 0
220	1	0 1 1 0 0 0 1 0 0 0 1 0 0 0 0 1 1 0 0 0
220	1	1 0 0 1 0 0 1 1 0 0 1 0 0 0 0 1 1 0 0 0
220	1	0 0 1 1 0 1 1 0 0 0 0 0 1 0 0 1 1 0 0 0
220	1	0 0 1 0 0 0 1 0 0 1 1 0 1 1 0 1 1 0 0 0
220	1	1 1 0 1 0 0 1 0 1 0 1 1 0 0 1 0 0 0 0 0
240	3	0 1 1 0 0 0 1 1 0 0 1 0 1 0 0 1 1 0 0 0
240	6	1 1 1 0 1 1 1 0 0 0 1 0 0 0 0 0 0 0 0 0
240	2	0 0 1 1 0 0 0 0 0 1 0 0 1 0 0 1 1 0 0 0
240	5	1 0 0 1 0 1 1 0 0 1 0 0 0 0 1 1 1 0 1 0
240	1	1 0 1 1 0 0 1 0 0 1 1 1 0 0 1 0 1 0 0 0
240	1	0 0 1 1 0 0 1 0 0 0 0 0 0 0 0 1 1 0 0 0
240	4	1 1 1 0 1 1 1 0 0 0 1 0 0 0 0 0 0 0 1 0
240	4	1 0 0 1 1 0 1 0 0 1 1 1 0 0 0 1 1 0 0 0
240	1	0 1 1 0 0 1 1 0 0 0 1 0 1 0 0 0 1 0 0 0
240	4	1 1 1 0 1 1 1 0 0 0 1 0 0 0 0 1 1 1 0 0
240	3	0 1 1 1 0 0 1 0 0 1 1 1 0 0 1 0 1 0 0 0
240	1	1 1 1 0 1 1 1 0 0 0 1 0 1 0 1 1 1 0 0 0
240	3	0 0 1 1 0 0 0 0 0 1 1 1 0 1 0 1 1 0 0 0
240	2	1 0 1 0 0 1 1 0 0 0 1 0 1 0 0 0 0 0 0 0
240	1	0 0 0 0 0 0 1 0 0 1 1 0 0 1 0 1 1 0 0 0
240	1	1 0 1 1 0 0 1 0 0 1 1 1 0 0 0 0 0 0 0 0
240	1	0 1 1 0 0 0 1 1 0 0 1 0 0 0 0 1 1 0 0 0
240	1	1 0 0 1 1 0 1 0 0 0 1 1 0 0 0 1 1 0 0 0
240	2	1 1 1 0 1 1 1 0 0 0 1 0 0 0 0 1 1 0 0 0
240	2	1 1 1 0 1 1 1 0 0 1 1 1 0 0 1 0 1 0 0 0
240	3	0 1 1 0 0 1 1 0 0 0 1 0 1 0 1 0 1 0 0 0
240	1	0 1 1 0 0 1 1 0 0 0 0 0 1 0 0 1 1 0 1 0
240	2	1 1 0 0 0 0 1 0 0 1 1 1 0 0 1 0 1 1 0 0
240	2	0 0 1 0 0 1 1 0 0 0 1 0 1 0 0 0 0 0 0 0
240	1	0 1 1 0 0 0 1 0 0 1 1 1 0 0 1 0 1 0 0 0
240	2	0 0 1 1 0 0 1 0 0 0 0 0 0 0 0 1 0 0 0 0
240	1	0 1 1 0 0 1 1 0 0 0 1 0 0 0 0 1 0 0 0 0
240	1	1 0 0 1 0 0 1 0 0 0 1 0 0 0 1 1 1 0 0 0
240	1	1 1 1 0 0 1 1 0 0 0 1 0 1 0 0 0 0 0 0 0
240	1	1 0 1 1 0 0 1 0 0 1 1 1 0 0 1 0 0 0 0 0
240	1	0 0 1 0 0 0 1 0 0 0 1 0 1 0 1 1 1 0 0 0
240	1	0 1 1 1 0 0 1 0 0 1 0 1 0 0 1 0 1 0 0 0
240	1	0 1 1 0 1 1 1 0 0 1 1 0 1 0 0 1 1 0 0 0
240	1	1 0 1 1 0 1 1 1 0 0 1 0 1 0 1 1 1 0 0 0
240	1	0 1 1 0 0 0 1 0 0 0 1 1 1 0 1 1 1 0 0 0
240	1	1 1 1 0 1 1 1 0 0 0 1 0 0 0 0 0 0 0 0 1
240	1	1 0 0 1 0 0 1 0 0 1 1 1 0 0 0 1 1 0 1 0
240	1	1 1 1 0 1 1 0 0 0 0 0 0 0 0 0 1 1 0 0 0
240	2	1 0 1 0 1 0 0 0 0 1 1 1 0 0 1 1 1 0 0 0
240	3	0 1 1 1 0 0 0 0 1 1 1 1 0 0 1 1 1 0 0 0
240	1	0 1 0 0 0 0 1 0 0 0 1 0 0 1 1 1 1 0 0 0
240	2	1 1 1 0 0 1 1 0 0 1 1 0 1 0 0 0 0 0 0 0
240	1	0 0 1 1 0 0 1 0 0 1 1 0 0 0 0 1 1 1 0 0
240	3	1 0 1 1 1 1 1 0 0 0 1 0 1 0 1 0 1 0 0 0
240	1	0 1 1 0 0 0 1 1 0 0 1 1 0 0 0 0 0 0 0 0
240	1	1 0 0 1 1 0 1 0 0 1 1 1 0 0 1 1 1 0 0 0
240	1	1 0 0 1 0 1 1 0 0 1 0 0 0 0 1 1 1 0 0 0
240	1	0 1 1 0 1 1 1 0 0 0 1 0 1 0 0 0 0 0 0 0
240	1	1 0 0 1 1 0 1 1 0 1 1 1 0 0 0 1 1 0 0 0
240	1	1 1 1 0 0 1 1 0 0 0 1 0 1 0 0 0 1 0 0 0
240	2	0 0 1 1 0 0 0 0 1 1 1 1 0 0 1 1 1 1 0 0
240	1	0 1 1 0 0 0 1 0 0 0 1 1 1 0 0 1 1 1 0 0
240	1	0 1 1 1 0 1 1 0 0 0 1 0 0 1 0 1 1 1 0 0
240	1	0 1 1 1 0 0 1 0 0 1 1 1 0 0 0 1 1 0 0 0
240	1	0 0 0 1 0 0 0 0 1 1 1 0 0 0 1 1 1 0 0 0
240	1	0 1 1 1 0 0 1 0 0 1 1 1 0 1 0 1 1 0 0 0
240	1	1 0 0 1 0 0 1 0 0 1 1 1 0 0 0 1 1 0 0 0
240	1	1 1 1 0 0 1 1 0 0 0 1 0 0 0 0 0 0 0 0 0
240	1	1 1 1 1 0 0 1 0 0 1 1 1 0 0 0 0 0 0 0 0
240	1	1 0 1 1 0 1 0 0 0 0 0 0 0 0 0 1 1 0 0 0
260	3	1 1 1 0 1 1 1 0 0 0 1 0 0 0 0 0 0 0 0 0
260	1	1 0 0 1 0 1 1 0 0 1 0 0 0 0 1 1 1 0 1 0
260	2	0 0 1 1 0 0 1 0 0 0 0 0 0 0 0 1 1 0 0 0
260	1	1 1 1 0 1 1 1 0 0 0 1 0 0 0 0 0 0 0 1 0
260	2	1 1 1 0 1 1 1 0 0 0 1 0 0 0 0 1 1 1 0 0
260	1	0 1 1 1 0 0 1 0 0 1 1 1 0 0 1 0 1 0 0 0
260	3	1 1 1 0 1 1 1 0 0 0 1 0 1 0 1 1 1 0 0 0
260	1	0 0 1 1 0 0 0 0 0 1 1 1 0 1 0 1 1 0 0 0
260	3	1 0 1 0 0 1 1 0 0 0 1 0 1 0 0 0 0 0 0 0
260	3	1 0 1 1 0 0 1 0 0 1 1 1 0 0 0 0 0 0 0 0
260	1	0 1 1 0 0 0 1 1 0 0 1 0 0 0 0 1 1 0 0 0
260	1	0 1 1 0 0 1 1 0 0 0 1 1 1 0 0 0 0 0 0 0
260	4	0 0 1 1 0 0 0 0 1 1 1 1 0 0 1 1 1 0 0 0
260	1	0 1 1 0 0 0 1 0 0 0 1 0 1 0 1 1 1 0 0 0
260	2	1 1 1 0 1 1 1 0 0 0 1 0 0 0 0 1 1 0 0 0
260	3	0 0 1 0 0 0 1 0 0 0 1 0 1 0 1 1 1 0 0 0
260	2	1 1 1 0 1 1 1 1 0 0 1 1 0 0 1 0 1 0 0 0
260	3	1 1 1 0 1 1 1 0 0 0 1 0 0 0 0 0 0 0 0 1
260	2	1 1 1 0 1 1 1 0 0 0 1 0 0 0 0 0 1 0 0 0
260	1	1 0 0 1 1 0 1 0 0 1 1 1 0 0 1 1 1 0 0 0
260	2	1 0 1 0 0 1 1 0 0 1 1 1 1 0 0 0 0 0 0 0
260	1	1 1 1 0 1 1 1 0 0 0 1 0 1 0 1 1 1 1 0 0
260	1	1 1 1 0 0 1 1 0 0 0 1 0 1 0 1 0 1 0 0 0
260	1	1 0 1 0 0 1 1 0 0 0 1 0 1 0 0 1 1 0 0 0
260	2	1 0 0 1 0 1 1 0 0 0 0 0 0 0 1 1 1 0 0 0
260	2	1 1 1 0 0 1 1 0 0 1 1 1 0 0 1 1 1 0 0 0
260	1	1 0 1 0 0 1 1 0 0 0 1 0 1 0 0 0 1 0 0 0
260	1	1 0 0 1 0 0 1 0 0 0 1 0 1 0 0 0 0 0 0 0
260	1	0 0 1 1 0 1 1 0 0 0 0 0 0 0 0 1 1 0 0 0
260	1	1 1 1 0 1 1 1 0 0 0 1 0 0 1 0 0 0 0 0 1
260	1	0 0 1 1 0 0 1 1 0 0 0 0 0 0 0 1 1 0 0 0
260	7	0 1 1 0 1 0 1 0 0 0 1 0 1 0 1 1 1 0 0 0
260	1	1 1 1 0 1 1 1 0 0 0 1 0 0 0 1 1 1 0 1 0
260	1	1 0 0 1 0 0 1 1 0 1 1 1 0 0 0 1 1 0 0 1
260	1	0 1 1 0 0 1 1 0 0 1 1 1 0 0 1 1 1 0 0 0
260	3	1 1 1 0 0 1 1 0 0 0 1 0 0 0 0 1 0 0 0 0
260	2	1 0 1 1 0 0 0 0 0 1 1 1 0 0 1 1 1 0 0 0
260	2	0 0 1 1 0 0 0 0 1 1 0 0 0 0 1 1 1 0 1 0
260	2	1 1 1 1 0 0 1 0 0 1 1 1 0 0 1 1 1 0 0 0
260	5	0 1 1 0 0 0 1 0 0 0 1 0 1 0 1 0 1 0 0 0
260	1	1 1 1 0 0 1 0 0 0 0 1 0 1 0 1 0 1 0 0 0
260	1	1 0 0 1 1 0 1 0 0 0 1 1 1 0 0 1 1 0 1 0
260	1	0 1 1 0 0 0 1 0 0 0 0 0 0 0 0 1 1 0 0 0
260	1	1 1 0 0 1 1 1 0 0 0 1 0 1 0 1 1 0 1 0 0
260	1	1 1 1 1 0 0 1 0 0 0 0 0 0 0 0 1 1 0 0 0
260	3	1 1 1 0 1 1 0 0 0 0 1 1 0 0 0 0 0 0 0 0
260	1	0 1 1 0 1 0 1 0 0 0 1 0 1 0 1 0 1 0 0 0
260	1	1 0 1 1 0 0 0 0 0 1 1 0 0 0 0 1 1 1 1 0
260	2	0 0 1 1 0 1 1 0 0 1 1 0 0 0 0 1 1 1 1 0
260	2	0 0 1 0 1 1 1 0 0 0 1 0 1 0 0 1 1 1 0 0
260	1	0 1 1 0 0 0 1 1 0 0 1 0 0 0 0 0 1 0 0 0
260	2	1 0 1 1 0 1 1 1 0 0 1 0 0 0 1 1 1 0 0 0
260	2	0 0 0 1 0 0 0 0 0 0 0 0 0 0 0 1 1 0 0 0
260	1	0 0 1 1 0 0 0 0 1 1 1 0 1 0 1 1 1 0 1 0
260	1	1 1 1 0 1 1 1 0 0 0 1 0 1 0 0 0 0 0 0 0
260	1	0 0 1 0 0 0 1 0 0 1 1 1 0 0 1 1 1 0 0 0
280	1	1 0 0 1 0 1 1 0 0 1 0 0 0 0 1 1 1 0 1 0
280	3	0 0 1 1 0 0 1 0 0 0 0 0 0 0 0 1 1 0 0 0
280	6	1 1 1 0 1 1 1 0 0 0 1 0 0 0 0 0 0 0 1 0
280	1	1 1 1 0 1 1 1 0 0 0 1 0 1 0 1 1 1 0 0 0
280	1	1 0 1 0 0 1 1 0 0 0 1 0 1 0 0 0 0 0 0 0
280	1	1 0 1 1 0 0 1 0 0 1 1 1 0 0 0 0 0 0 0 0
280	2	0 1 1 0 0 1 1 0 0 0 1 1 1 0 0 0 0 0 0 0
280	4	0 0 1 1 0 0 0 0 1 1 1 1 0 0 1 1 1 0 0 0
280	1	0 0 1 1 0 0 1 0 0 0 0 0 0 0 0 1 0 0 0 0
280	3	0 0 1 0 0 0 1 0 0 0 1 0 1 0 1 1 1 0 0 0
280	1	1 1 1 0 1 1 1 1 0 0 1 1 0 0 1 0 1 0 0 0
280	1	1 1 1 0 1 1 1 0 0 0 1 0 0 0 0 0 0 0 0 1
280	2	1 1 1 0 1 1 0 0 0 0 0 0 0 0 0 1 1 0 0 0
280	1	1 1 1 0 1 1 1 0 0 0 1 0 0 0 0 0 1 0 0 0
280	1	1 1 1 0 1 1 1 0 0 0 1 0 1 0 1 1 1 1 0 0
280	1	1 0 1 0 0 1 1 0 0 0 1 0 1 0 0 1 1 0 0 0
280	1	1 0 1 1 0 0 1 0 0 1 1 1 0 0 1 1 1 0 0 0
280	4	1 0 0 1 0 1 1 0 0 0 0 0 0 0 1 1 1 0 0 0
280	5	0 1 1 0 0 0 1 0 0 0 1 1 1 0 0 1 1 1 0 0
280	2	1 1 1 0 1 1 1 0 0 0 1 0 0 1 0 0 0 0 0 1
280	3	1 1 1 0 1 1 1 0 0 0 1 0 0 0 1 1 1 0 1 0
280	6	0 1 1 0 0 0 1 0 1 1 1 1 0 0 1 0 0 0 0 0
280	1	0 1 1 0 0 0 1 0 0 0 1 0 1 0 1 0 1 0 0 0
280	1	0 1 1 0 1 0 1 0 0 0 1 0 1 0 1 0 1 0 0 0
280	4	1 1 1 0 1 1 1 0 0 0 1 1 0 0 1 0 1 0 0 0
280	1	1 1 1 0 1 1 1 0 0 0 1 0 0 0 1 1 1 0 0 0
280	1	0 0 1 1 0 0 0 0 0 0 0 0 0 0 0 1 1 0 0 0
280	1	1 1 1 1 0 0 1 0 0 1 1 1 0 0 0 0 0 0 0 0
280	1	1 1 1 0 0 0 1 0 0 1 1 1 0 0 1 1 1 0 0 0
280	3	1 1 1 0 1 0 1 0 0 0 1 0 1 0 1 1 0 0 0 0
280	1	1 0 1 0 0 0 0 0 0 1 1 0 0 0 0 1 1 1 1 0
280	2	1 0 1 0 0 1 1 0 0 0 1 1 1 0 0 0 0 0 0 0
280	1	1 0 1 1 0 0 0 0 0 0 1 0 0 1 0 0 0 0 0 0
280	2	1 1 1 0 0 1 1 0 0 1 1 1 0 0 1 1 0 0 0 0
280	1	1 0 1 0 1 1 1 0 0 0 1 0 0 0 1 1 1 0 1 0
280	1	0 0 1 0 1 1 1 0 0 0 1 0 1 0 1 0 1 0 0 0
280	1	1 0 1 1 0 0 1 0 0 1 1 0 0 0 1 1 1 0 1 0
280	2	0 0 1 1 0 0 1 0 0 0 0 0 0 0 1 1 1 0 0 0
280	2	1 1 1 0 0 0 1 0 0 0 1 0 1 0 1 1 1 0 0 0
280	3	1 1 1 0 1 1 1 0 0 0 1 0 1 0 1 0 1 0 0 0
280	1	1 1 1 0 0 1 1 0 0 1 1 0 1 0 1 1 1 0 0 0
280	1	0 1 1 0 0 1 1 0 0 0 0 0 1 0 1 0 1 0 0 0
280	1	0 1 1 0 1 1 1 0 0 0 1 0 1 0 1 0 1 0 0 0
280	1	0 0 1 1 1 0 1 0 0 0 0 0 0 0 0 1 1 0 0 0
280	1	0 0 0 0 0 0 1 0 0 0 1 0 1 0 1 1 1 0 0 0
280	1	1 1 1 0 1 1 1 0 0 0 1 1 0 0 0 0 0 0 0 0
280	1	1 0 1 0 1 1 1 0 0 0 1 0 0 0 0 1 1 0 1 0
280	1	1 0 0 1 0 0 1 0 0 0 0 0 0 0 0 1 1 0 0 0
280	1	1 1 1 1 1 0 1 0 0 0 1 0 1 0 1 1 0 0 0 0
280	1	1 1 0 1 0 0 1 0 0 0 0 0 0 1 0 1 1 0 0 0
280	1	0 1 0 0 1 1 1 0 0 0 1 0 1 0 1 0 1 0 0 0
280	1	1 0 1 1 0 0 1 0 0 1 1 0 0 0 1 1 1 0 0 0
280	2	1 1 1 0 1 1 1 0 0 0 1 0 0 0 0 1 0 0 0 1
280	1	1 1 1 0 1 1 1 0 0 0 1 1 0 0 0 0 0 0 0 1
280	2	1 1 1 0 0 1 1 0 0 1 1 1 1 0 1 1 0 0 0 0
280	1	0 1 1 0 0 1 1 0 0 0 1 0 1 0 1 1 1 0 0 0
280	1	1 1 1 0 1 1 1 0 0 0 1 0 0 1 1 1 1 0 0 0
280	1	1 0 1 1 0 0 1 0 0 1 1 0 0 0 1 1 1 0 1 1
300	4	1 1 1 0 1 1 1 0 0 0 1 0 0 0 0 0 0 0 0 0
300	5	0 0 1 1 0 0 1 0 0 0 0 0 0 0 0 1 1 0 0 0
300	4	1 1 1 0 1 1 1 0 0 0 1 0 1 0 1 1 1 0 0 0
300	5	1 0 1 1 0 0 1 0 0 1 1 1 0 0 0 0 0 0 0 0
300	2	0 1 1 0 0 1 1 0 0 0 1 1 1 0 0 0 0 0 0 0
300	1	0 0 1 1 0 0 0 0 1 1 1 1 0 0 1 1 1 0 0 0
300	4	0 0 1 0 0 0 1 0 0 0 1 0 1 0 1 1 1 0 0 0
300	1	1 0 1 1 0 0 1 0 0 1 1 1 0 0 1 1 1 0 0 0
300	1	0 1 1 0 0 0 1 0 0 0 1 1 1 0 0 1 1 1 0 0
300	1	1 1 1 0 1 1 1 0 0 0 1 0 0 1 0 0 0 0 0 1
300	2	1 1 1 0 1 1 1 0 0 0 1 0 0 0 1 1 1 0 1 0
300	3	1 0 0 1 0 0 1 0 0 0 1 0 1 0 1 1 1 0 0 0
300	2	0 1 1 0 0 0 1 0 1 1 1 1 0 0 1 0 0 0 0 0
300	1	1 1 1 0 1 1 1 0 0 0 1 1 0 0 1 0 1 0 0 0
300	4	1 1 1 0 1 0 1 0 0 0 1 0 1 0 1 1 0 0 0 0
300	1	1 0 1 1 0 0 1 0 1 1 1 1 0 0 0 0 0 0 0 0
300	4	1 1 1 0 0 1 1 0 0 1 1 1 0 0 1 1 0 0 0 0
300	1	1 0 1 1 0 0 1 0 0 1 1 0 0 0 1 1 1 0 1 0
300	2	1 1 1 0 1 1 1 0 0 0 0 0 0 0 1 1 1 0 1 0
300	3	1 1 1 0 1 1 1 0 0 0 1 0 1 0 1 0 1 0 0 0
300	1	1 1 1 0 1 1 1 0 0 0 1 0 0 0 0 1 0 0 0 1
300	1	0 1 1 0 0 0 1 0 1 1 0 0 0 1 0 1 1 0 0 0
300	1	0 1 1 1 0 0 1 0 0 0 0 0 0 0 0 1 1 0 0 0
300	2	1 0 1 1 0 0 1 0 0 1 1 0 0 0 1 1 0 0 0 0
300	1	0 1 1 0 0 1 1 0 0 0 1 0 0 0 0 1 0 0 0 0
300	1	1 0 1 1 1 0 1 0 0 0 1 0 1 0 1 1 0 0 0 0
300	1	1 1 1 0 1 1 1 0 0 0 1 1 0 0 1 1 1 0 0 0
300	2	1 1 1 0 0 1 1 0 0 0 0 0 0 0 0 1 0 0 0 0
300	1	0 0 1 0 1 1 1 0 0 0 1 0 1 0 0 1 1 0 0 0
300	2	1 0 1 1 0 0 1 0 0 1 1 1 1 0 0 0 0 0 0 0
300	1	1 1 1 0 1 1 1 0 0 0 1 0 0 0 1 1 1 0 1 1
300	2	1 1 1 1 0 0 0 0 0 0 1 0 0 0 0 0 1 0 0 0
300	1	1 0 0 1 0 0 1 0 0 0 1 0 1 0 1 1 0 0 0 0
300	2	1 0 1 0 0 0 1 0 0 0 1 0 1 0 0 1 1 0 0 0
300	2	1 1 1 0 1 1 1 0 0 0 1 1 0 0 0 0 0 0 0 0
300	1	0 1 1 1 1 0 1 0 0 0 1 0 1 0 0 1 0 0 0 0
300	4	1 0 1 1 0 0 1 0 0 1 0 0 0 0 1 1 1 0 0 0
300	1	0 0 1 1 0 0 1 0 1 1 1 1 0 0 0 0 0 0 0 0
300	1	1 1 1 0 1 1 1 0 0 0 1 0 0 0 1 0 0 0 0 0
300	1	1 0 0 1 0 0 1 0 0 1 0 0 0 0 0 1 1 0 0 0
300	1	0 1 1 0 0 1 1 0 0 0 0 0 0 0 1 1 1 0 0 0
300	1	1 0 1 1 0 0 1 0 0 1 0 1 0 0 1 1 1 0 0 0
300	2	1 1 1 0 1 1 1 0 0 0 1 0 1 0 1 1 0 0 0 0
300	3	1 0 1 1 0 0 1 0 0 0 1 0 0 0 1 0 0 0 0 0
300	1	1 0 1 1 1 0 1 0 0 1 1 0 1 0 1 1 1 0 0 0
300	1	1 0 0 1 1 0 1 0 0 0 1 0 1 0 0 1 0 0 0 0
300	1	1 0 0 1 0 1 1 0 0 0 1 0 1 0 1 1 1 0 0 0
300	1	1 0 1 1 1 0 1 0 0 1 0 0 0 0 1 1 1 0 0 0
300	1	0 1 0 0 0 1 1 0 0 0 1 1 1 0 1 0 1 0 0 0
300	1	1 1 1 0 1 1 1 0 0 0 0 0 1 1 0 1 1 0 0 0
300	1	1 1 1 0 1 1 1 0 1 0 0 0 0 0 0 1 1 0 0 0
300	2	0 0 1 0 0 0 1 0 1 1 1 1 0 0 1 0 0 0 0 0
300	1	1 0 1 1 0 0 1 0 1 1 1 1 0 0 0 1 0 0 0 0
300	1	1 1 1 0 1 1 1 0 0 0 0 0 0 0 1 0 1 0 0 0
300	1	1 1 1 0 1 1 1 0 1 1 1 1 0 0 1 1 0 0 0 0
300	1	1 0 1 1 0 0 1 0 0 1 0 1 0 1 1 1 1 0 0 0
320	1	1 1 1 0 1 1 1 0 0 0 1 0 0 0 0 0 0 0 0 0
320	3	1 1 1 0 1 1 1 0 0 0 1 0 1 0 1 1 1 0 0 0
320	1	1 0 1 0 0 1 1 0 0 0 1 0 1 0 0 0 0 0 0 0
320	2	1 1 1 0 1 1 1 0 0 0 1 0 0 0 0 1 0 0 0 0
320	1	1 1 1 0 1 1 1 0 0 0 1 1 0 0 1 0 1 0 0 0
320	2	1 1 1 0 1 0 1 0 0 0 1 0 1 0 1 1 0 0 0 0
320	2	0 1 1 0 0 0 1 0 1 1 0 0 0 1 0 1 1 0 0 0
320	1	0 1 1 0 0 1 1 0 0 0 1 0 0 0 0 1 0 0 0 0
320	7	1 1 1 0 0 1 1 0 0 0 0 0 0 0 0 1 0 0 0 0
320	1	0 1 1 0 1 0 1 0 0 0 1 0 1 0 0 1 1 1 0 0
320	1	0 1 1 0 1 0 1 0 0 0 0 0 0 0 1 1 1 0 0 0
320	4	0 1 1 1 1 0 1 0 0 0 1 0 1 0 0 1 0 0 0 0
320	5	1 0 1 1 0 0 1 0 0 1 0 1 0 0 1 1 1 0 0 0
320	2	1 1 1 0 1 1 1 0 0 0 1 0 1 0 1 1 0 0 0 0
320	1	1 0 1 1 0 0 1 0 0 0 1 0 0 0 1 0 0 0 0 0
320	1	1 0 1 0 0 0 1 0 0 1 1 1 0 0 1 1 1 0 0 0
320	2	1 0 1 1 1 0 1 0 0 1 0 0 0 0 1 1 1 0 0 0
320	1	1 1 1 0 1 0 1 0 0 0 1 0 1 0 1 1 1 0 0 0
320	5	1 1 1 0 0 1 1 0 0 0 0 0 0 1 0 1 0 0 0 0
320	1	1 1 1 1 0 0 0 0 0 0 1 0 0 0 0 0 1 0 1 1
320	2	1 1 1 0 1 1 1 0 1 1 1 1 0 0 1 0 0 0 0 0
320	3	1 0 1 1 0 0 1 1 0 0 0 0 0 0 0 1 1 0 0 0
320	1	1 0 1 0 0 0 1 0 0 0 1 0 1 0 0 0 1 0 0 0
320	9	1 1 1 0 1 1 1 0 0 0 1 0 0 1 0 0 0 0 0 0
320	3	1 0 1 0 0 1 1 0 0 0 1 0 1 1 0 0 0 0 0 0
320	1	1 1 1 0 0 1 1 0 0 0 1 0 0 0 0 0 0 0 0 0
320	1	1 1 1 0 1 1 1 0 0 0 1 0 1 0 1 0 0 0 0 0
320	3	1 1 1 0 1 0 1 0 1 1 0 0 0 1 0 1 1 0 0 0
320	1	0 1 1 0 0 0 1 1 1 1 1 1 0 0 1 0 0 0 0 0
320	1	1 0 1 0 1 1 1 0 0 0 1 0 1 0 1 0 1 0 0 0
320	1	1 0 1 0 1 0 1 0 0 0 1 0 1 0 1 1 0 0 0 0
320	2	1 1 1 0 1 1 1 1 0 0 1 1 0 0 1 0 1 1 0 0
320	1	1 1 1 0 0 0 1 0 0 0 0 0 0 0 0 1 0 0 0 0
320	1	1 1 1 0 0 1 1 0 0 0 1 0 1 0 1 1 1 0 0 0
320	2	1 1 1 0 1 1 1 0 1 0 1 0 1 0 1 0 1 0 0 0
320	2	1 1 1 0 0 1 1 0 0 0 1 0 0 1 1 1 1 0 0 0
320	1	1 0 1 1 0 0 1 0 0 1 0 0 0 0 1 1 1 0 0 0
320	1	1 1 1 0 1 1 1 1 0 0 1 0 1 0 1 0 1 0 0 0
320	1	1 1 1 0 0 1 1 0 0 0 0 0 0 0 0 1 0 1 0 0
320	2	1 1 1 0 0 1 1 0 0 0 0 1 0 0 0 1 0 0 0 0
320	1	1 1 1 0 1 1 0 0 0 0 1 0 0 0 0 0 1 0 0 0
320	1	0 1 1 1 0 0 1 1 1 1 1 1 0 0 1 0 0 0 0 0
320	1	1 1 1 0 1 0 1 1 0 0 1 1 0 0 1 0 1 0 0 0
320	1	1 0 1 0 1 1 1 0 0 0 1 0 1 1 1 1 1 0 0 0
320	2	1 1 1 0 1 1 1 0 0 0 1 0 0 1 1 0 0 0 0 0
320	1	0 0 1 0 0 1 1 0 0 1 0 0 0 1 0 1 1 0 0 0
320	1	0 1 1 0 1 1 1 0 0 0 1 0 1 0 1 1 0 0 0 0
320	1	1 1 1 0 0 0 1 1 1 1 1 1 0 0 0 0 0 0 0 0
320	1	1 0 1 0 1 1 1 0 0 1 1 1 1 0 0 0 0 0 0 0
320	1	0 0 1 1 0 0 1 0 1 1 1 1 0 0 0 1 1 0 0 0
320	2	1 1 1 1 0 0 1 1 0 0 0 0 0 0 0 1 1 0 0 0
320	1	1 1 1 0 0 1 1 0 0 0 1 0 0 0 1 1 1 0 0 0
320	1	0 1 1 1 1 0 1 0 0 0 1 0 0 0 0 1 0 0 0 0
320	1	1 0 1 1 1 1 1 0 0 0 0 0 0 0 0 1 0 0 0 0
320	1	0 1 1 0 0 0 1 0 1 1 0 1 0 1 0 1 1 0 0 0
340	2	1 1 1 0 1 1 1 0 0 0 1 0 0 0 0 0 0 0 0 0
340	1	1 1 1 0 1 1 1 0 0 0 1 0 1 0 1 1 1 0 0 0
340	2	1 0 1 1 0 0 1 0 0 1 1 1 0 0 1 1 1 0 0 0
340	1	1 1 1 0 1 1 1 0 0 0 1 0 0 0 0 1 0 0 0 0
340	1	1 1 1 0 1 1 1 0 0 0 1 0 0 1 0 0 0 0 0 1
340	1	1 1 1 0 1 0 1 0 0 0 1 0 1 0 1 1 0 0 0 0
340	3	1 0 1 1 0 0 1 0 1 1 1 1 0 0 0 0 0 0 0 0
340	2	1 1 1 0 1 1 1 0 0 0 1 0 1 0 1 0 1 0 0 0
340	11	1 1 1 0 0 1 1 0 0 0 0 0 0 0 0 1 0 0 0 0
340	1	0 1 1 1 1 0 1 0 0 0 1 0 1 0 0 1 0 0 0 0
340	5	1 1 1 0 1 1 1 0 0 0 1 0 0 0 0 1 1 0 0 0
340	1	1 0 1 1 0 0 1 0 0 1 0 1 0 0 1 1 1 0 0 0
340	1	1 1 1 0 0 1 1 0 0 0 0 0 0 1 0 1 0 0 0 0
340	2	1 1 1 0 0 1 1 0 0 0 1 0 0 0 0 1 0 0 0 0
340	4	1 0 1 0 0 1 1 0 0 0 1 0 1 1 0 0 0 0 0 0
340	1	1 1 1 0 1 1 1 0 1 1 0 0 1 0 1 1 0 0 0 0
340	1	1 0 1 1 0 0 1 0 0 1 0 0 0 0 1 1 1 0 0 0
340	6	1 1 1 0 0 1 1 0 0 0 0 1 0 0 0 1 0 0 0 0
340	1	0 1 1 1 0 0 1 1 1 1 1 1 0 0 1 0 0 0 0 0
340	2	1 1 1 0 0 0 1 1 1 1 1 1 0 0 0 0 0 0 0 0
340	1	1 0 1 1 1 1 1 0 0 0 0 0 0 0 0 1 0 0 0 0
340	2	1 1 1 1 1 0 1 0 0 0 1 0 1 0 0 1 0 0 0 0
340	1	1 1 1 0 0 0 1 0 1 1 1 1 0 0 1 0 0 0 0 0
340	5	1 1 1 1 0 0 1 0 0 0 0 0 0 0 0 1 1 0 0 0
340	1	0 0 1 1 0 0 1 0 0 0 0 0 0 0 0 1 1 1 0 0
340	1	1 1 1 0 0 0 1 1 1 1 1 1 0 0 0 0 0 0 0 1
340	1	1 1 1 0 1 0 1 0 0 0 1 0 1 0 1 0 0 0 0 0
340	2	1 1 1 0 0 1 1 0 0 0 1 0 0 0 0 0 1 0 0 0
340	3	0 1 1 0 1 0 1 0 0 0 0 0 0 1 1 1 1 0 0 0
340	1	0 1 1 0 0 1 1 0 0 0 0 1 0 0 0 1 0 0 0 0
340	1	0 1 1 0 1 1 1 0 0 0 1 0 0 0 0 1 0 0 0 0
340	3	1 1 1 1 0 1 1 0 0 0 0 1 0 0 0 1 0 0 0 0
340	2	1 1 1 0 0 1 1 0 0 0 1 0 0 0 1 1 1 0 0 0
340	2	1 1 1 0 0 0 1 1 1 1 1 1 0 0 0 0 1 0 0 0
340	1	1 1 1 1 0 0 1 0 0 0 0 1 0 0 0 1 0 0 0 0
340	1	1 1 1 0 1 0 1 0 0 0 1 0 1 0 0 0 1 0 0 0
340	1	1 1 1 1 0 0 1 0 0 0 0 0 0 0 0 1 1 1 0 0
340	1	1 1 1 0 0 1 1 0 0 0 1 0 1 0 0 0 0 0 0 0
340	1	1 1 1 0 0 0 1 0 0 0 0 1 0 0 0 1 0 0 0 0
340	1	1 0 1 0 1 1 1 0 0 1 0 0 0 0 1 1 1 1 0 0
340	1	1 1 1 0 1 1 0 0 0 0 1 0 0 0 1 0 0 0 0 1
340	1	1 1 1 0 0 1 1 0 0 0 0 0 0 0 0 0 0 0 0 0
340	1	0 1 0 0 0 1 1 1 0 0 1 0 1 0 0 1 0 0 0 0
340	1	1 1 1 0 1 1 0 0 0 0 1 0 1 0 1 0 0 0 0 0
340	1	1 1 1 0 0 1 1 0 0 0 0 0 1 0 0 1 0 0 0 0
340	1	1 1 1 0 1 1 1 0 0 0 0 0 0 0 0 1 0 0 1 0
340	2	1 1 1 1 1 1 1 0 1 1 0 0 1 0 1 1 0 0 0 0
340	1	0 1 1 0 0 1 1 0 0 0 1 0 0 0 1 1 1 0 0 0
340	1	1 0 1 1 0 0 1 0 1 1 1 1 0 1 0 0 0 0 0 0
340	1	1 1 1 0 0 1 1 0 0 1 1 0 0 0 0 1 0 0 0 0
340	1	0 0 1 1 1 1 0 0 0 0 1 0 1 0 1 1 0 0 0 0
340	1	1 1 1 0 0 1 1 0 0 0 0 1 0 0 0 1 0 0 0 1
340	1	1 1 1 1 0 0 1 1 0 0 0 0 0 0 0 1 1 0 0 0
340	1	0 1 1 1 0 0 0 0 0 0 0 1 1 0 0 1 1 1 0 0
340	1	0 0 1 1 1 1 1 0 0 0 1 0 0 1 0 0 0 0 0 0
340	1	1 0 1 1 1 1 1 0 0 0 1 0 1 0 1 0 1 0 0 0
340	1	1 1 1 0 1 1 1 0 0 0 0 0 0 0 0 1 1 0 0 0
340	1	0 1 0 0 0 1 1 1 0 0 1 1 0 0 0 1 0 0 0 0
360	3	1 1 1 0 1 1 1 0 0 0 1 0 0 0 0 0 0 0 0 0
360	1	1 1 1 0 1 0 1 0 0 0 1 0 1 0 1 1 0 0 0 0
360	12	1 1 1 0 0 1 1 0 0 0 0 0 0 0 0 1 0 0 0 0
360	6	1 1 1 0 1 1 1 0 0 0 1 0 0 0 0 1 1 0 0 0
360	8	1 1 1 0 0 1 1 0 0 0 0 0 0 1 0 1 0 0 0 0
360	4	1 1 1 0 0 1 1 0 0 0 1 0 0 0 0 1 0 0 0 0
360	8	1 1 1 0 0 0 1 0 0 0 0 0 0 0 0 1 0 0 0 0
360	3	1 1 1 0 0 1 1 0 0 0 0 1 0 0 0 1 0 0 0 0
360	2	0 1 1 1 0 0 1 1 1 1 1 1 0 0 1 0 0 0 0 0
360	3	1 1 1 1 0 1 1 0 0 0 0 1 0 0 0 1 0 0 0 0
360	2	1 0 1 0 0 1 1 0 0 1 0 0 0 0 0 1 0 0 0 0
360	2	1 1 1 1 0 0 1 0 0 0 0 0 0 0 0 1 1 1 0 0
360	1	1 1 1 0 0 1 1 0 0 0 1 0 1 0 0 0 0 0 0 0
360	1	1 1 1 1 0 0 1 0 0 0 0 0 0 0 0 0 1 0 0 0
360	1	1 1 1 0 0 1 1 0 0 1 1 0 0 0 0 1 0 0 0 0
360	3	0 1 1 1 0 0 0 0 0 0 0 1 0 0 0 1 0 0 0 0
360	1	1 1 0 0 1 1 1 0 0 0 1 1 0 0 1 1 1 0 0 0
360	1	1 1 1 0 0 1 1 0 0 0 0 1 0 1 0 1 0 0 0 0
360	2	1 1 1 0 1 1 1 0 0 0 0 0 0 0 0 1 1 0 0 0
360	3	1 1 1 0 1 1 1 1 0 0 0 0 0 0 0 1 1 0 0 0
360	1	1 1 1 0 1 1 1 0 0 0 0 0 0 1 0 1 1 0 0 0
360	1	0 1 1 0 1 1 1 0 0 0 1 0 0 0 0 1 1 0 0 0
360	2	1 1 1 1 0 1 1 0 0 0 0 1 0 0 0 1 0 0 1 0
360	2	1 1 1 0 0 1 1 0 0 0 1 0 1 1 0 0 0 0 0 0
360	2	1 1 1 0 0 1 1 0 0 0 0 0 0 1 0 0 0 0 0 0
360	2	1 1 1 0 0 1 1 0 0 1 1 0 0 0 0 0 0 0 0 0
360	1	1 1 1 0 0 1 1 0 0 0 0 0 0 0 1 1 1 1 0 0
360	4	1 0 1 1 0 0 1 0 0 1 0 0 0 0 0 0 0 0 0 1
360	1	1 0 1 1 1 1 1 0 0 0 1 0 0 0 0 1 1 0 0 0
360	2	1 0 1 1 0 0 1 0 0 1 0 1 0 0 1 0 1 0 0 0
360	1	1 1 1 0 0 0 1 1 1 1 1 1 0 0 0 1 0 0 0 0
360	1	0 1 1 0 1 1 1 0 0 0 1 0 0 0 0 0 0 0 0 1
360	1	1 1 1 0 1 1 1 0 0 1 0 0 0 0 1 1 1 1 0 0
360	1	1 0 1 1 1 0 1 0 0 0 0 0 0 0 0 1 0 0 0 0
360	1	1 1 1 1 0 0 1 0 0 0 0 0 0 0 0 1 0 0 0 0
360	1	1 0 1 0 0 1 1 0 0 0 0 1 0 0 0 1 0 0 0 0
360	1	1 1 1 0 0 1 1 0 0 0 0 0 0 0 1 1 1 0 0 0
360	1	1 0 1 1 1 1 1 0 0 0 1 0 0 0 0 1 0 0 0 0
360	1	1 1 1 1 0 0 1 0 0 0 0 0 0 1 0 1 1 1 0 0
360	1	0 1 1 0 0 1 1 0 0 0 0 1 0 1 0 1 0 0 0 0
360	1	1 1 1 0 1 1 1 0 0 0 0 1 0 0 0 1 0 0 0 0
360	1	1 1 1 0 0 0 1 0 0 0 0 0 0 0 0 1 1 0 0 0
360	1	1 1 1 0 0 1 1 0 0 1 0 1 0 0 1 1 1 0 0 0
360	1	1 1 1 0 1 0 1 0 0 0 1 0 1 0 1 1 1 0 0 0
360	1	1 1 1 0 1 1 1 0 0 0 0 0 0 1 0 1 0 0 0 0
380	8	1 1 1 0 0 1 1 0 0 0 0 0 0 0 0 1 0 0 0 0
380	2	1 1 1 0 0 1 1 0 0 0 0 0 0 1 0 1 0 0 0 0
380	2	1 1 1 0 1 1 1 0 0 0 1 0 0 1 0 0 0 0 0 0
380	3	1 1 1 0 0 1 1 0 0 0 0 1 0 0 0 1 0 0 0 0
380	2	1 1 1 1 0 0 1 0 0 0 0 0 0 0 0 1 1 0 0 0
380	2	1 1 1 1 0 1 1 0 0 0 0 1 0 0 0 1 0 0 0 0
380	1	1 1 1 1 0 0 1 0 0 0 0 0 0 0 0 1 1 1 0 0
380	1	1 1 1 0 0 1 1 0 0 0 1 0 1 0 0 0 0 0 0 0
380	2	1 1 1 0 1 1 0 0 0 0 1 0 0 0 1 0 0 0 0 1
380	4	1 1 1 0 0 1 1 0 0 0 0 1 0 1 0 1 0 0 0 0
380	1	1 0 1 1 0 0 1 0 0 1 0 0 0 0 0 1 0 0 0 0
380	1	1 1 1 1 0 1 1 0 0 0 0 0 0 0 0 0 0 0 0 0
380	1	1 1 1 0 1 1 1 1 0 0 0 0 0 0 0 1 1 0 0 0
380	2	1 1 1 0 0 0 1 0 1 0 0 0 0 0 0 1 0 0 0 0
380	2	1 0 1 1 0 0 1 0 0 1 0 0 0 0 0 0 0 0 0 1
380	1	1 1 1 1 1 0 1 0 0 0 1 0 1 0 0 1 1 0 0 0
380	1	1 1 1 0 1 1 1 0 0 1 0 0 0 0 1 1 1 1 0 0
380	1	1 0 1 1 1 0 1 0 0 0 0 0 0 0 0 1 0 0 0 0
380	1	1 1 1 0 0 0 1 0 1 1 0 0 0 1 0 1 1 0 0 1
380	2	1 0 1 1 1 0 1 0 0 0 1 0 1 0 0 1 0 0 0 0
380	1	1 1 1 0 1 1 1 0 0 0 0 0 1 0 0 1 0 0 0 0
380	1	1 1 1 0 1 1 1 0 0 1 0 0 0 0 0 1 1 0 0 0
380	1	1 0 1 1 1 0 1 0 0 0 0 0 0 0 0 0 0 0 0 0
380	1	1 1 1 0 1 1 1 0 0 0 1 0 0 0 0 0 0 1 0 0
380	1	1 1 1 0 0 1 1 0 0 0 0 0 0 0 0 1 1 0 0 0
380	1	1 1 1 0 0 1 1 0 0 0 0 0 0 1 0 1 0 1 0 0
380	5	1 0 1 1 1 1 1 0 1 1 0 1 0 0 1 1 1 0 0 0
380	2	1 1 1 1 0 1 1 0 0 0 0 0 0 0 0 1 0 0 0 0
380	2	0 1 1 0 0 0 1 0 0 0 0 0 0 0 0 1 0 0 0 0
380	1	1 1 1 0 0 0 1 0 0 0 0 0 0 0 0 1 0 0 0 1
380	3	1 1 1 0 0 1 1 1 0 0 0 1 0 1 0 1 0 0 0 0
380	1	1 1 1 0 0 1 1 0 0 0 0 0 0 0 1 1 0 0 0 0
380	1	1 1 1 0 1 1 1 0 0 1 1 0 0 0 0 0 0 0 0 0
380	6	1 1 1 0 1 1 1 0 0 1 1 0 0 0 0 1 0 0 0 0
380	2	1 0 1 1 0 0 1 0 0 1 0 0 1 0 0 1 0 0 0 0
380	2	1 1 1 0 0 1 1 0 0 0 0 0 0 0 0 1 0 0 0 1
380	2	1 1 1 1 0 0 1 0 0 0 0 0 0 0 0 0 0 0 0 0
380	2	1 1 1 0 1 0 1 1 1 1 0 0 0 0 0 1 1 0 0 0
380	4	1 1 1 1 0 0 1 0 0 0 0 0 0 0 0 1 0 0 0 1
380	1	0 1 1 0 0 1 1 0 1 0 0 0 0 0 0 0 0 0 0 0
380	2	1 1 0 0 0 1 1 1 0 0 0 1 0 1 0 1 0 0 0 0
380	3	1 1 1 0 0 1 1 0 0 0 0 0 0 1 0 0 0 1 0 0
380	1	1 1 1 1 0 1 1 0 0 1 1 0 1 0 0 0 0 0 0 0
380	1	1 0 1 1 0 0 0 0 0 1 0 0 1 0 0 1 0 0 0 0
380	1	0 1 1 0 0 1 1 1 0 0 1 0 0 0 0 1 0 0 0 0
380	1	1 1 1 0 1 1 1 0 0 0 1 0 0 0 0 1 1 1 0 0
380	1	1 1 1 0 1 1 1 1 0 0 0 1 0 0 0 1 1 0 0 0
380	1	1 0 1 1 1 1 0 0 0 1 0 1 0 0 1 1 1 0 0 0
380	2	1 0 1 1 1 1 1 0 0 0 1 0 0 0 0 1 1 0 1 0
380	2	1 1 1 0 1 1 1 0 0 0 0 0 1 0 0 1 1 0 0 0
380	1	1 1 1 0 0 1 1 0 0 0 0 1 0 0 1 1 1 0 0 0
380	2	1 1 1 0 0 0 1 0 0 0 0 0 0 0 1 0 0 0 0 1
380	1	0 1 1 0 0 0 1 0 1 0 0 1 0 1 0 1 0 0 0 0
380	1	1 1 1 1 0 1 1 0 1 0 0 0 0 0 0 0 0 0 0 0
400	1	1 1 1 0 1 1 1 0 0 0 1 0 0 0 0 1 1 0 0 0
400	3	1 1 1 0 0 1 1 0 0 0 0 0 0 1 0 1 0 0 0 0
400	1	1 1 1 0 1 1 1 0 0 0 1 0 0 1 0 0 0 0 0 0
400	5	1 1 1 0 0 0 1 0 0 0 0 0 0 0 0 1 0 0 0 0
400	6	1 1 1 0 0 1 1 0 0 0 0 1 0 0 0 1 0 0 0 0
400	6	1 1 1 1 1 0 1 0 0 0 1 0 1 0 0 1 0 0 0 0
400	3	1 1 1 1 0 0 1 0 0 0 0 0 0 0 0 1 1 0 0 0
400	5	1 1 1 1 0 1 1 0 0 0 0 1 0 0 0 1 0 0 0 0
400	2	1 1 1 0 0 1 1 0 0 0 0 1 0 1 0 1 0 0 0 0
400	1	1 0 1 1 0 0 1 0 0 1 0 0 0 0 0 1 0 0 0 0
400	3	1 1 1 1 0 1 1 0 0 0 0 0 0 0 0 0 0 0 0 0
400	1	1 1 1 0 0 1 1 0 0 0 0 0 0 1 0 0 0 0 0 0
400	2	1 1 1 0 0 0 1 0 1 0 0 0 0 0 0 1 0 0 0 0
400	4	1 0 1 1 1 0 1 0 0 0 0 0 0 0 0 1 0 0 0 0
400	2	1 1 1 1 0 0 1 0 0 0 0 0 0 0 0 1 0 0 0 0
400	3	1 0 1 1 1 0 1 0 0 0 1 0 1 0 0 1 0 0 0 0
400	1	0 1 1 0 0 0 1 0 0 0 0 0 0 0 0 1 0 0 0 0
400	1	1 1 1 0 1 1 1 0 0 1 1 0 0 0 0 0 0 0 0 0
400	1	1 1 1 0 0 1 1 0 0 1 0 0 0 0 0 1 0 0 0 0
400	1	1 1 1 0 1 1 1 0 0 0 0 0 0 0 0 0 0 0 0 0
400	4	1 1 1 1 0 0 1 0 0 0 0 0 0 0 0 0 0 0 0 0
400	1	1 1 1 0 0 1 1 0 0 0 0 0 0 1 0 0 0 1 0 0
400	1	1 1 1 1 0 0 1 0 0 0 0 0 0 0 1 1 1 1 0 0
400	1	1 1 1 0 1 1 1 0 0 0 0 1 0 0 1 1 1 0 0 0
400	2	1 0 1 1 1 0 1 0 0 0 1 0 1 0 0 0 0 0 0 0
400	1	1 1 1 0 1 1 1 0 0 0 0 0 1 0 0 1 1 0 0 0
400	1	1 0 1 1 0 0 1 0 0 1 0 0 1 0 0 1 1 0 0 0
400	1	1 1 1 1 0 1 1 0 0 1 0 1 0 0 0 0 0 1 0 0
400	2	1 1 1 1 1 1 1 0 0 0 0 0 0 0 0 1 0 0 0 0
400	1	0 1 1 0 0 1 1 0 0 0 0 0 0 0 0 1 0 0 0 0
400	2	1 1 1 1 0 1 1 0 0 0 0 0 0 1 0 0 0 0 0 0
400	3	0 1 1 0 0 1 1 0 0 0 0 1 0 0 0 1 0 0 0 0
400	1	1 1 1 1 0 1 1 0 0 1 0 1 0 0 0 1 0 0 0 0
400	1	1 0 1 1 1 0 1 0 0 0 0 0 0 0 0 1 0 1 0 0
400	4	1 1 1 0 1 1 1 1 0 0 1 0 0 0 1 0 0 0 0 1
400	2	1 1 1 1 0 0 1 0 1 0 0 0 0 0 0 0 0 0 0 0
400	1	1 1 1 0 0 1 1 0 0 0 0 0 0 0 0 0 0 1 0 0
400	1	1 1 1 0 0 1 1 0 0 0 0 1 0 0 0 1 0 0 0 1
400	1	1 0 1 1 0 0 1 0 0 1 0 0 1 0 0 0 0 0 0 1
400	1	1 1 1 0 0 0 1 0 0 1 0 0 0 0 0 1 0 0 0 1
400	1	1 0 1 1 1 0 1 0 0 0 1 0 1 0 1 0 0 0 0 0
400	1	1 1 1 1 1 1 1 0 0 1 0 0 0 1 0 0 0 0 0 0
400	1	1 1 1 1 0 0 1 0 0 0 0 0 0 0 1 1 1 0 0 1
400	1	1 1 1 0 0 1 1 0 1 0 0 0 0 1 0 1 0 0 0 0
400	1	1 1 1 0 0 0 1 0 0 0 1 0 1 0 0 1 0 0 0 0
400	1	1 0 1 1 1 0 1 0 0 0 1 0 1 0 0 1 0 0 0 1
400	1	1 0 1 1 0 1 1 0 0 0 0 0 0 1 0 0 0 0 0 0
400	1	1 1 1 1 1 1 1 0 0 0 0 1 0 0 0 1 0 0 0 0
400	1	1 1 1 1 0 1 1 0 1 0 0 1 0 0 0 1 0 0 0 0
400	1	1 1 1 1 0 0 0 0 0 0 0 0 0 0 0 1 0 0 0 0
400	2	1 0 1 1 0 1 1 0 0 0 0 0 0 0 0 1 0 0 0 1
400	1	1 0 1 1 1 0 1 0 0 0 1 0 1 1 0 0 0 0 0 0
400	1	1 1 1 1 0 0 1 0 0 0 1 0 1 0 0 1 0 0 0 0
400	1	1 1 1 1 0 1 1 0 0 1 0 1 0 1 0 1 0 0 0 0
400	1	0 1 0 0 1 0 1 0 0 0 1 0 1 0 0 1 1 0 0 1
420	2	1 1 1 0 0 1 1 0 0 0 0 0 0 0 0 1 0 0 0 0
420	3	1 1 1 0 0 1 1 0 0 0 0 0 0 1 0 1 0 0 0 0
420	2	1 1 1 0 0 0 1 0 0 0 0 0 0 0 0 1 0 0 0 0
420	2	1 1 1 1 1 0 1 0 0 0 1 0 1 0 0 1 0 0 0 0
420	2	1 1 1 1 0 0 1 0 0 0 0 0 0 0 0 1 1 0 0 0
420	7	1 1 1 1 0 1 1 0 0 0 0 1 0 0 0 1 0 0 0 0
420	3	1 1 1 1 0 1 1 0 0 0 0 0 0 0 0 0 0 0 0 0
420	3	1 1 1 0 0 1 1 0 0 0 0 0 0 1 0 0 0 0 0 0
420	4	1 1 1 0 0 0 1 0 1 0 0 0 0 0 0 1 0 0 0 0
420	3	1 1 1 1 0 0 1 0 0 0 0 0 0 0 0 1 0 0 0 0
420	6	1 0 1 1 1 0 1 0 0 0 1 0 1 0 0 1 0 0 0 0
420	4	1 1 1 0 1 1 1 0 0 0 0 0 0 0 0 0 0 0 0 0
420	1	1 1 1 0 0 1 1 0 0 0 0 0 0 0 0 1 0 0 0 1
420	3	1 0 1 1 1 0 1 0 0 0 1 0 1 0 0 0 0 0 0 0
420	1	1 1 1 0 1 1 1 0 0 0 0 0 1 0 0 1 1 0 0 0
420	1	1 1 1 1 1 1 1 0 0 0 0 0 0 0 0 1 0 0 0 0
420	1	0 1 1 0 0 1 1 0 0 0 0 0 0 0 0 1 0 0 0 0
420	4	1 1 1 1 0 1 1 0 0 0 0 0 0 1 0 0 0 0 0 0
420	1	1 1 1 1 0 1 1 0 0 1 0 1 0 0 0 1 0 0 0 0
420	3	1 0 1 1 1 0 1 0 0 0 0 0 0 0 0 1 0 1 0 0
420	2	1 1 1 1 0 0 1 1 0 0 0 0 0 0 0 1 0 0 0 0
420	2	1 1 1 0 0 0 1 0 0 0 0 1 0 0 0 1 0 0 0 0
420	1	1 1 1 0 0 1 1 0 0 0 0 1 0 0 0 1 0 0 0 1
420	1	1 1 1 1 0 0 1 0 0 0 0 0 0 0 1 1 1 0 0 1
420	1	1 1 1 0 0 1 1 0 1 0 0 0 0 1 0 1 0 0 0 0
420	1	1 1 1 1 1 1 1 0 0 0 0 1 0 0 0 1 0 0 0 0
420	1	1 1 1 1 0 1 1 0 0 0 1 0 0 0 0 1 1 0 0 0
420	1	0 1 1 0 0 0 1 0 0 0 0 0 1 0 0 1 0 0 0 0
420	2	1 1 1 1 0 0 1 1 0 0 0 0 0 0 0 0 0 0 0 0
420	3	1 1 1 1 0 1 1 0 0 0 0 0 0 1 0 1 0 0 0 0
420	2	1 1 1 0 0 1 1 1 0 0 0 0 0 1 0 0 0 0 0 0
420	1	0 1 1 0 0 1 1 0 0 0 0 0 0 0 0 1 0 0 1 0
420	1	1 1 1 1 1 1 1 0 0 1 0 0 0 0 0 1 0 1 0 0
420	1	1 0 1 1 1 1 1 0 0 0 0 0 0 0 0 1 0 0 0 0
420	1	1 1 1 0 1 1 1 1 0 0 1 0 1 0 0 1 0 0 0 0
420	5	1 1 1 1 0 1 1 0 0 0 0 1 0 1 0 0 0 0 0 0
420	1	1 1 1 1 0 1 1 0 0 0 0 1 0 0 0 1 0 0 1 0
420	1	1 0 1 0 1 0 1 0 0 0 0 0 0 0 0 1 0 1 0 0
420	1	1 1 1 0 0 0 1 0 0 0 0 0 0 1 0 0 0 0 0 0
420	1	1 1 1 0 1 0 1 0 1 0 0 0 0 1 0 1 0 0 0 0
420	1	0 1 1 1 0 0 1 0 0 0 0 0 0 0 0 1 1 1 0 0
420	1	1 1 1 0 1 0 1 0 0 0 1 0 1 0 0 0 0 0 0 0
420	1	0 1 1 0 0 1 1 0 0 0 0 0 0 1 0 1 0 0 0 0
420	1	1 0 1 1 1 0 1 0 0 0 0 0 0 1 0 0 0 0 0 0
420	1	1 1 1 1 1 1 1 0 0 1 0 0 0 0 0 1 0 0 0 0
420	1	1 1 1 0 0 0 1 0 0 0 0 0 0 0 0 0 0 0 0 0
420	1	1 1 1 0 0 1 1 0 1 0 0 0 1 1 0 0 0 0 0 0
420	1	1 0 1 1 0 1 1 0 0 0 0 0 0 0 0 0 0 0 0 0
420	1	1 1 1 0 0 1 1 0 0 0 0 0 0 0 0 0 0 0 0 0
420	1	1 0 1 1 0 0 1 0 0 0 0 0 0 0 0 1 1 0 0 0
420	1	1 1 1 1 1 1 1 0 0 0 0 0 0 1 0 1 0 0 0 0
420	1	1 0 1 0 1 0 1 0 0 0 0 0 1 0 0 1 0 0 0 1
420	1	1 1 1 1 0 0 1 0 0 0 0 0 0 1 0 1 1 0 0 0
420	1	1 0 1 1 0 0 1 0 0 1 0 0 0 0 0 1 0 1 0 0
440	10	1 1 1 0 0 1 1 0 0 0 0 0 0 1 0 1 0 0 0 0
440	6	1 1 1 1 0 0 1 0 0 0 0 0 0 0 0 1 1 0 0 0
440	6	1 1 1 1 0 1 1 0 0 0 0 1 0 0 0 1 0 0 0 0
440	3	1 1 1 1 0 1 1 0 0 0 0 0 0 0 0 0 0 0 0 0
440	3	1 1 1 0 0 1 1 0 0 0 0 0 0 1 0 0 0 0 0 0
440	2	1 1 1 0 0 0 1 0 1 0 0 0 0 0 0 1 0 0 0 0
440	6	1 1 1 0 1 1 1 0 0 0 0 0 0 0 0 0 0 0 0 0
440	1	1 1 1 0 0 1 1 0 0 0 0 0 0 0 0 1 0 0 0 1
440	1	1 1 1 1 0 0 1 0 0 0 0 0 0 0 0 0 0 0 0 0
440	1	1 0 1 1 1 0 1 0 0 0 1 0 1 0 0 0 0 0 0 0
440	1	1 1 1 1 0 1 1 0 0 1 0 1 0 0 0 0 0 1 0 0
440	3	1 1 1 1 0 1 1 0 0 0 0 0 0 1 0 0 0 0 0 0
440	2	1 1 1 1 0 0 1 1 0 0 0 0 0 0 0 1 0 0 0 0
440	3	1 1 1 1 1 1 1 0 0 0 0 1 0 0 0 1 0 0 0 0
440	1	1 1 1 0 0 1 1 0 1 0 0 0 1 1 0 1 0 0 0 0
440	1	1 1 1 1 0 0 1 1 0 0 0 0 0 0 0 0 0 0 0 0
440	2	1 1 1 0 1 1 1 0 0 0 1 1 0 1 0 0 0 0 0 0
440	3	1 1 1 0 0 1 1 1 0 0 0 0 0 1 0 0 0 0 0 0
440	1	1 1 1 1 0 0 1 0 0 0 0 1 1 0 0 1 0 0 0 0
440	1	1 1 1 0 1 0 1 0 1 0 0 0 0 1 0 1 0 0 0 0
440	1	0 1 1 1 0 0 1 0 0 0 0 0 0 0 0 1 1 1 0 0
440	3	1 1 1 0 0 1 1 0 0 0 0 0 0 0 0 0 0 0 0 0
440	3	1 1 1 1 0 1 1 0 1 0 0 0 0 0 0 0 0 0 0 0
440	2	1 1 1 1 1 1 0 0 0 0 0 1 0 0 0 1 0 0 0 0
440	1	1 1 1 1 0 1 1 1 0 0 0 0 0 0 0 1 0 0 0 0
440	4	1 1 1 0 0 1 1 0 0 0 0 0 0 0 0 0 0 0 0 1
440	3	1 1 1 1 1 1 1 0 0 0 0 0 0 0 0 0 0 0 0 0
440	1	1 1 1 1 0 0 1 0 0 0 0 0 0 0 0 1 1 1 0 0
440	1	0 1 0 0 0 1 1 0 0 0 0 1 0 0 0 1 0 0 0 0
440	2	1 1 1 1 0 0 1 1 0 0 0 0 0 0 0 1 1 0 0 0
440	3	1 1 1 1 0 1 1 0 0 0 0 1 0 1 0 0 1 0 0 0
440	3	1 1 1 1 0 1 1 0 0 0 0 1 1 0 0 1 0 0 0 0
440	1	1 1 1 0 0 1 1 1 0 0 0 0 0 1 0 1 0 0 0 0
440	2	1 1 1 0 0 1 1 0 0 0 0 0 0 1 0 0 0 0 0 1
440	1	1 1 1 1 0 1 0 0 0 1 0 1 0 0 0 0 0 0 0 0
440	2	1 1 1 1 0 0 1 0 0 0 1 0 1 0 0 0 0 0 0 0
440	1	1 1 1 1 0 1 1 0 0 0 0 0 0 0 0 1 1 0 0 0
440	1	1 1 1 0 0 1 1 0 1 0 0 0 0 1 0 1 0 0 0 0
440	2	1 1 1 1 1 1 1 0 0 0 0 1 0 1 0 1 0 0 0 0
440	1	1 1 1 0 0 0 1 0 1 0 0 0 1 0 0 1 0 0 0 0
440	1	1 1 1 0 0 1 1 0 0 0 0 0 0 1 1 1 0 0 0 0
440	1	1 1 1 1 0 0 1 0 0 1 0 0 0 0 0 1 1 0 0 0
440	1	1 1 1 0 1 0 1 0 0 0 0 0 0 0 0 0 0 0 0 0
440	1	0 1 1 1 0 0 1 0 0 0 1 0 0 0 0 1 1 1 0 0
440	1	1 1 1 1 0 1 1 1 0 0 0 0 0 0 0 1 1 0 0 0
460	6	1 1 1 0 0 1 1 0 0 0 0 0 0 1 0 1 0 0 0 0
460	4	1 1 1 1 1 0 1 0 0 0 1 0 1 0 0 1 0 0 0 0
460	1	1 1 1 1 0 0 1 0 0 0 0 0 0 0 0 1 1 0 0 0
460	8	1 1 1 1 0 1 1 0 0 0 0 1 0 0 0 1 0 0 0 0
460	7	1 1 1 0 0 1 1 0 0 0 0 0 0 1 0 0 0 0 0 0
460	1	1 1 1 0 0 0 1 0 1 0 0 0 0 0 0 1 0 0 0 0
460	1	1 1 1 1 0 0 1 0 0 0 0 0 0 0 0 1 0 0 0 0
460	2	1 1 1 0 0 0 1 0 0 0 0 1 0 0 0 1 0 0 0 0
460	5	1 1 1 1 1 1 1 0 0 0 0 1 0 0 0 1 0 0 0 0
460	2	1 1 1 1 0 1 1 0 0 0 0 0 0 1 0 1 0 0 0 0
460	1	1 1 1 1 0 1 1 0 0 0 0 1 0 1 0 0 0 0 0 0
460	2	1 1 1 0 1 0 1 0 1 0 0 0 0 1 0 1 0 0 0 0
460	1	1 1 1 1 1 0 1 0 0 0 1 0 1 0 0 0 0 0 0 0
460	5	1 1 1 0 0 1 1 0 0 0 0 0 0 0 0 0 0 0 0 0
460	2	1 1 1 1 0 1 1 0 1 0 0 0 0 0 0 0 0 0 0 0
460	1	1 1 1 1 1 1 0 0 0 0 0 1 0 0 0 1 0 0 0 0
460	4	1 1 1 0 0 1 1 0 0 0 0 0 0 0 0 0 0 0 0 1
460	2	1 1 1 1 1 1 1 0 0 0 0 0 0 0 0 0 0 0 0 0
460	2	1 1 1 1 1 1 1 1 0 0 0 1 0 0 0 1 0 0 0 0
460	1	1 1 1 1 0 1 1 0 0 0 0 1 0 1 0 0 1 0 0 0
460	3	1 0 1 1 1 0 1 0 0 0 1 0 1 0 0 0 0 0 0 1
460	2	1 1 1 0 0 1 1 1 0 0 0 0 0 1 0 1 0 0 0 0
460	1	1 1 1 0 0 1 1 0 0 0 0 0 0 1 0 0 0 0 0 1
460	1	1 1 1 0 1 1 1 0 1 0 0 0 1 1 0 0 0 0 0 0
460	1	1 1 1 0 0 0 1 0 1 0 0 0 1 0 0 1 0 0 0 0
460	6	1 1 1 1 1 1 1 0 0 0 0 1 0 1 0 0 0 0 0 0
460	1	1 1 1 0 0 1 1 0 0 0 0 1 0 1 0 0 1 0 0 0
460	2	1 1 1 1 0 1 1 0 1 0 0 0 0 0 0 1 0 1 0 0
460	1	1 1 1 0 1 0 1 0 0 0 0 1 0 0 0 1 0 0 0 0
460	1	1 1 1 0 0 1 1 0 0 1 0 0 0 1 0 1 0 0 0 0
460	1	1 0 1 0 0 0 1 0 0 0 0 1 0 0 0 1 0 0 0 0
460	1	1 0 1 1 1 1 1 1 0 0 0 0 0 0 1 0 0 0 0 1
460	3	1 0 1 1 0 0 1 0 0 1 0 0 0 0 0 1 0 0 0 1
460	1	1 1 1 1 0 1 1 0 0 0 0 0 0 0 1 1 1 0 0 0
460	2	1 1 1 1 0 1 0 0 1 0 0 1 0 0 0 1 0 0 0 0
460	1	1 1 1 1 0 0 1 0 0 0 0 1 0 0 0 1 0 0 0 0
460	1	1 1 1 0 0 1 1 0 0 0 0 1 0 1 0 0 0 0 0 0
460	1	1 1 1 0 0 1 1 1 0 0 0 0 0 1 1 0 0 0 0 0
460	1	1 1 1 0 0 1 1 0 0 0 0 0 0 1 1 1 0 0 0 0
460	1	1 1 1 1 0 1 1 0 0 0 0 1 0 0 0 0 1 0 0 0
460	1	0 1 1 1 1 1 0 0 0 0 0 1 0 0 0 1 0 0 1 0
460	1	1 1 1 1 0 0 1 0 0 0 1 0 1 0 0 1 0 0 0 0
460	1	1 1 1 1 0 1 1 0 1 1 0 0 0 0 0 0 0 0 0 0
460	1	1 1 1 1 0 1 1 0 0 0 0 1 0 0 0 1 0 0 0 1
460	2	1 1 1 1 1 0 1 0 0 0 1 0 1 1 0 0 0 0 0 0
460	1	1 1 1 0 0 1 0 0 0 0 0 0 0 0 0 1 1 0 0 0
460	1	1 1 1 1 0 1 0 1 1 0 0 1 0 0 0 1 0 0 0 0
460	1	1 1 1 1 0 1 1 0 0 0 0 0 0 0 0 1 0 0 0 0
460	1	1 1 1 1 0 1 1 0 0 0 0 1 0 0 1 1 0 0 0 1
480	3	1 1 1 0 0 1 1 0 0 0 0 0 0 1 0 1 0 0 0 0
480	20	1 1 1 1 0 1 1 0 0 0 0 1 0 0 0 1 0 0 0 0
480	3	1 1 1 0 0 1 1 0 0 0 0 0 0 1 0 0 0 0 0 0
480	4	1 1 1 1 0 1 1 0 0 0 0 0 0 1 0 1 0 0 0 0
480	2	1 1 1 1 0 1 1 0 0 0 0 1 0 1 0 0 0 0 0 0
480	3	1 1 1 0 1 0 1 0 1 0 0 0 0 1 0 1 0 0 0 0
480	1	1 1 1 1 1 0 1 0 0 0 1 0 1 0 0 0 0 0 0 0
480	4	1 1 1 0 0 1 1 0 0 0 0 0 0 0 0 0 0 0 0 0
480	2	1 1 1 1 1 1 0 0 0 0 0 1 0 0 0 1 0 0 0 0
480	1	1 1 1 0 0 1 1 0 0 0 0 0 0 0 0 0 0 0 0 1
480	2	1 1 1 1 1 1 1 0 0 0 0 0 0 0 0 0 0 0 0 0
480	1	1 1 1 1 1 1 1 1 0 0 0 1 0 0 0 1 0 0 0 0
480	1	1 0 1 1 1 1 1 0 0 0 0 0 0 0 1 0 0 0 0 1
480	1	1 1 1 0 0 1 1 0 0 0 0 1 0 0 0 1 0 0 0 0
480	5	1 1 1 1 1 1 1 0 0 0 0 1 0 1 0 0 0 0 0 0
480	2	1 1 1 0 0 1 1 0 0 0 0 1 0 1 0 0 0 0 0 0
480	4	1 1 1 1 0 1 1 0 0 0 0 0 0 0 0 1 0 0 0 0
480	3	1 1 1 1 0 1 1 0 1 0 0 1 0 1 0 0 0 0 0 0
480	1	1 1 1 0 0 1 1 0 0 1 0 1 0 0 0 0 0 0 0 0
480	5	1 1 1 1 0 1 1 0 0 0 0 0 1 0 0 1 0 0 0 0
480	1	1 1 1 1 1 0 1 0 0 0 0 1 0 0 0 1 0 0 0 0
480	1	1 1 1 1 0 0 1 0 0 0 0 0 1 0 0 1 0 0 0 0
480	2	1 1 1 1 0 1 1 0 0 0 0 1 0 1 0 1 1 0 0 0
480	2	1 1 1 1 0 0 1 0 0 0 1 0 1 0 0 1 0 1 0 0
480	1	1 1 1 0 1 0 1 0 1 0 0 1 0 1 0 1 0 0 0 0
480	1	1 1 1 1 0 1 1 0 0 0 0 0 0 0 0 0 0 0 0 0
480	1	1 1 1 0 0 1 1 0 0 0 0 1 1 1 0 0 0 0 0 0
480	2	1 1 1 1 0 1 1 1 0 0 0 1 0 0 0 1 0 0 0 0
480	2	1 1 1 0 1 1 1 0 0 0 0 1 0 1 0 0 0 0 0 0
480	1	1 1 1 1 1 1 1 0 0 0 0 1 0 0 0 0 0 0 0 0
480	1	1 1 1 0 0 0 1 0 1 0 0 0 0 0 1 1 0 0 0 0
480	1	1 1 1 1 1 1 0 0 0 0 0 1 0 0 1 1 0 0 0 0
480	2	1 1 1 0 0 1 1 0 0 0 1 1 0 0 0 1 0 0 0 0
480	1	1 1 1 1 0 1 1 0 0 0 0 1 1 1 0 0 0 0 0 0
480	1	1 1 1 1 0 1 1 0 0 0 0 1 0 0 0 1 0 0 0 1
480	3	1 1 1 1 1 1 1 0 0 0 0 0 0 1 0 1 0 0 0 0
480	1	1 1 1 1 0 0 1 0 0 0 0 1 1 0 0 1 0 1 0 0
480	3	0 1 1 1 0 1 1 1 0 0 0 0 0 1 0 1 0 0 0 0
480	1	1 1 1 0 0 1 1 0 1 0 0 0 0 1 0 1 0 0 0 0
480	1	1 1 1 0 0 1 1 0 0 0 0 0 0 1 0 0 0 0 1 0
480	1	1 1 1 1 0 0 0 0 0 0 1 0 1 0 0 0 0 0 0 0
480	1	1 1 1 1 0 1 1 0 0 0 0 1 0 0 0 1 0 0 1 0
480	1	1 1 1 1 0 1 1 0 0 1 0 1 0 0 0 1 0 0 0 0
500	11	1 1 1 1 0 1 1 0 0 0 0 1 0 0 0 1 0 0 0 0
500	5	1 1 1 0 0 1 1 0 0 0 0 0 0 1 0 0 0 0 0 0
500	1	1 1 1 1 0 1 1 0 0 0 0 0 0 1 0 0 0 0 0 0
500	4	1 1 1 1 0 1 1 0 0 0 0 0 0 1 0 1 0 0 0 0
500	1	1 1 1 1 0 1 1 0 0 0 0 1 0 1 0 0 0 0 0 0
500	2	1 1 1 1 1 0 1 0 0 0 1 0 1 0 0 0 0 0 0 0
500	5	1 1 1 1 1 1 1 0 0 0 0 0 0 0 0 0 0 0 0 0
500	2	1 1 1 0 0 1 1 0 0 0 0 1 0 0 0 1 0 0 0 0
500	1	1 1 1 1 1 1 1 0 0 0 0 1 0 1 0 0 0 0 0 0
500	9	1 1 1 1 0 1 1 0 0 0 0 1 0 1 0 1 0 0 0 0
500	2	1 1 1 0 0 1 1 0 0 0 0 1 0 1 0 0 0 0 0 0
500	6	1 1 1 1 1 0 1 0 0 0 1 0 1 1 0 0 0 0 0 0
500	4	1 1 1 1 0 1 1 0 0 0 0 0 0 0 0 1 0 0 0 0
500	1	1 1 1 1 0 1 1 0 0 0 0 1 0 1 0 1 1 0 0 0
500	1	1 0 0 0 0 1 1 0 0 0 0 0 0 0 0 0 0 0 0 0
500	2	1 1 1 1 0 1 1 0 0 0 0 0 0 0 0 0 0 0 0 0
500	8	1 1 1 1 1 0 1 1 0 0 0 1 0 0 0 1 0 0 0 0
500	1	0 1 1 1 0 1 1 0 0 0 0 0 0 1 0 1 0 0 0 0
500	3	1 1 1 1 1 0 0 0 0 0 1 0 1 0 0 0 0 0 0 0
500	1	1 1 1 1 0 1 1 0 0 0 0 1 0 0 0 0 0 0 0 0
500	1	1 1 1 1 0 1 1 0 0 0 0 1 0 0 0 1 0 1 0 0
500	1	1 0 1 1 1 1 1 1 0 0 0 1 0 0 0 1 0 0 0 0
500	1	1 1 1 1 0 1 1 0 0 0 1 1 0 1 0 1 0 0 0 0
500	2	1 1 1 1 0 0 1 0 0 0 0 0 0 0 0 1 0 0 0 0
500	1	1 0 1 1 0 0 1 0 0 0 0 0 1 0 1 0 0 0 0 0
500	1	1 1 1 1 0 0 1 0 0 0 0 1 0 1 0 1 1 0 1 0
500	1	1 1 1 0 0 0 1 0 0 0 0 1 0 1 0 0 0 0 0 0
500	1	1 1 1 1 1 0 1 1 0 0 1 0 1 1 0 0 0 0 0 0
500	1	1 1 1 1 1 1 1 0 0 0 0 1 0 0 0 0 0 1 0 0
500	1	1 1 1 0 0 1 1 0 0 0 0 0 0 0 0 0 0 1 0 1
500	1	1 1 1 1 1 1 1 0 0 0 0 0 0 0 0 1 0 0 0 0
500	4	1 1 1 0 0 1 1 1 0 0 0 1 0 0 0 1 0 0 0 0
500	2	1 1 1 1 1 1 1 0 0 0 0 1 0 1 0 1 0 0 0 0
500	2	1 1 1 1 1 1 1 1 0 0 0 1 0 1 0 0 0 0 0 0
500	1	0 1 1 1 0 1 1 0 0 0 0 1 0 1 0 1 0 0 0 0
500	2	1 1 1 0 0 1 1 0 0 0 0 0 0 1 0 1 0 0 0 0
500	1	1 1 1 1 1 1 0 0 0 0 1 1 0 0 0 1 0 0 0 0
500	1	1 1 1 1 0 1 1 0 0 1 0 0 1 0 0 1 0 0 0 0
500	1	1 0 1 0 0 1 1 0 0 0 0 0 0 0 0 0 0 0 0 0
500	1	1 1 1 1 1 1 1 0 0 0 1 0 1 1 0 0 0 0 0 0
500	1	1 0 1 0 0 0 1 0 0 0 0 1 0 0 0 1 0 0 0 0
500	1	0 1 1 1 0 1 1 0 0 0 0 1 0 0 0 0 0 0 0 0
500	1	1 1 0 0 0 1 1 0 0 0 0 1 0 0 0 0 1 0 0 0
