0	6	0 0 0 0 0 1 0 1 0 0 0 0 0 1 0 0 0 1 1 0
0	6	0 0 0 0 0 1 0 0 0 0 0 0 0 1 0 0 0 0 1 0
0	1	0 0 0 0 0 0 0 0 0 0 0 0 0 1 0 0 0 0 0 0
0	7	0 0 1 0 0 0 0 0 0 0 1 0 1 0 1 0 1 0 0 0
5	4	0 0 0 0 0 1 0 1 0 0 0 0 0 1 0 0 0 1 1 0
5	2	0 0 0 0 0 1 0 0 0 0 0 0 0 1 0 0 0 0 1 0
5	4	0 0 0 0 0 0 0 0 0 0 0 0 0 1 0 0 0 0 0 0
5	9	0 0 1 0 0 0 0 0 0 0 1 0 1 0 1 0 1 0 0 0
5	1	0 0 0 0 0 1 0 0 0 0 0 0 0 1 0 0 0 1 1 0
10	1	0 0 0 0 0 1 0 1 0 0 0 0 0 1 0 0 0 1 1 0
10	3	0 0 0 0 0 1 0 0 0 0 0 0 0 1 0 0 0 0 1 0
10	5	0 0 0 0 0 0 0 0 0 0 0 0 0 1 0 0 0 0 0 0
10	6	0 0 1 0 0 0 0 0 0 0 1 0 1 0 1 0 1 0 0 0
10	1	0 0 0 0 0 1 0 1 0 0 0 0 0 1 0 0 0 0 1 0
10	1	0 0 0 0 0 0 0 0 0 0 0 1 0 1 0 0 0 0 0 0
10	1	0 0 0 1 0 1 0 0 0 0 0 0 0 1 0 0 0 0 1 0
10	1	0 0 1 0 0 0 0 0 0 0 0 0 0 1 0 0 0 1 0 0
10	1	0 0 0 0 0 0 0 0 0 0 0 0 0 1 0 0 0 0 0 1
15	4	0 0 0 0 0 1 0 1 0 0 0 0 0 1 0 0 0 1 1 0
15	4	0 0 0 0 0 1 0 0 0 0 0 0 0 1 0 0 0 0 1 0
15	5	0 0 0 0 0 0 0 0 0 0 0 0 0 1 0 0 0 0 0 0
15	2	0 0 1 0 0 0 0 0 0 0 1 0 1 0 1 0 1 0 0 0
15	1	0 0 0 0 0 1 0 1 0 0 0 0 0 1 0 0 0 0 1 0
15	1	0 0 0 0 0 1 0 1 0 0 0 0 1 1 0 0 0 1 1 0
15	1	0 0 0 0 1 1 0 0 0 0 0 0 0 1 0 0 0 0 1 0
15	1	0 0 1 0 0 0 0 0 0 0 1 0 1 0 0 0 1 0 0 0
15	1	0 0 0 1 0 1 0 1 0 0 0 0 0 1 0 0 0 1 1 0
20	1	0 0 0 0 0 1 0 1 0 0 0 0 0 1 0 0 0 1 1 0
20	6	0 0 0 0 0 1 0 0 0 0 0 0 0 1 0 0 0 0 1 0
20	5	0 0 0 0 0 0 0 0 0 0 0 0 0 1 0 0 0 0 0 0
20	1	0 0 1 0 0 0 0 0 0 0 1 0 1 0 1 0 1 0 0 0
20	1	0 0 1 0 0 0 0 0 0 0 0 0 0 1 0 0 0 0 0 0
20	1	0 0 0 0 0 1 0 0 0 0 0 0 0 1 0 0 0 0 0 0
20	1	0 0 0 0 0 1 0 1 0 0 0 0 1 1 0 0 0 1 1 0
20	1	0 0 0 0 0 1 0 0 0 0 1 0 0 1 0 0 0 0 1 0
20	1	0 0 0 0 0 1 0 0 0 0 0 0 0 1 0 1 0 0 1 0
20	1	0 1 0 0 0 0 0 0 0 0 0 0 0 1 0 0 0 0 0 0
20	1	0 0 1 0 1 0 0 0 0 0 1 0 1 0 1 0 1 0 0 1
25	3	0 0 0 0 0 1 0 1 0 0 0 0 0 1 0 0 0 1 1 0
25	3	0 0 0 0 0 1 0 0 0 0 0 0 0 1 0 0 0 0 1 0
25	7	0 0 0 0 0 0 0 0 0 0 0 0 0 1 0 0 0 0 0 0
25	1	0 0 0 0 0 1 0 0 0 0 0 0 0 1 0 0 0 1 1 0
25	1	0 0 1 0 0 0 0 0 0 0 0 0 0 1 0 0 0 0 0 0
25	1	0 0 0 0 0 0 1 0 0 0 0 0 0 1 0 0 0 0 0 0
25	2	0 0 1 0 0 0 0 0 0 0 0 0 0 1 0 0 0 1 0 0
25	1	0 0 0 0 0 1 0 0 0 0 0 0 0 1 0 1 0 0 1 0
25	1	0 0 0 0 0 1 0 0 0 1 0 0 0 1 0 0 0 0 1 0
30	3	0 0 0 0 0 1 0 0 0 0 0 0 0 1 0 0 0 0 1 0
30	2	0 0 0 0 0 0 0 0 0 0 0 0 0 1 0 0 0 0 0 0
30	1	0 0 1 0 0 0 0 0 0 0 1 0 1 0 1 0 1 0 0 0
30	4	0 0 1 0 0 0 0 0 0 0 0 0 0 1 0 0 0 0 0 0
30	1	0 0 0 0 0 1 0 1 0 0 0 0 0 1 0 0 0 0 1 0
30	1	0 0 0 0 0 0 0 0 0 0 0 0 0 1 0 0 0 0 1 0
30	1	0 0 0 0 0 1 0 0 0 0 0 0 0 1 0 0 0 0 0 0
30	1	0 0 0 0 0 1 0 0 0 0 0 0 0 1 0 1 0 0 1 0
30	1	0 0 0 0 0 1 0 0 0 1 0 0 0 1 0 0 0 0 1 0
30	1	0 0 0 0 1 0 0 0 0 0 1 0 1 0 1 0 1 0 0 0
30	1	0 0 0 0 0 0 0 1 0 0 0 0 0 1 0 0 0 0 0 0
30	1	0 0 0 0 0 0 0 0 1 0 0 0 0 1 0 0 0 0 0 0
30	1	0 1 0 0 0 0 0 0 0 0 0 0 1 1 0 0 1 0 1 0
30	1	1 0 0 0 0 1 0 0 0 0 0 0 0 1 0 0 0 0 1 0
35	1	0 0 0 0 0 1 0 1 0 0 0 0 0 1 0 0 0 1 1 0
35	1	0 0 0 0 0 1 0 0 0 0 0 0 0 1 0 0 0 0 1 0
35	4	0 0 0 0 0 0 0 0 0 0 0 0 0 1 0 0 0 0 0 0
35	1	0 0 1 0 0 0 0 0 0 0 1 0 1 0 1 0 1 0 0 0
35	1	0 0 0 0 0 1 0 1 0 0 0 0 0 1 0 0 0 0 1 0
35	3	0 0 0 0 0 1 0 0 0 0 0 0 0 1 0 0 0 0 0 0
35	3	0 0 0 0 0 1 0 0 0 0 0 0 0 1 0 1 0 0 1 0
35	1	0 1 0 0 0 0 0 0 0 0 0 0 0 1 0 0 0 0 0 0
35	1	1 0 0 0 0 0 0 1 0 0 1 0 1 0 1 0 1 0 0 0
35	1	0 0 0 0 0 1 0 0 0 0 0 0 0 1 0 0 0 0 1 1
35	1	0 0 0 0 0 0 0 0 1 0 0 0 0 1 1 0 0 0 0 0
35	1	1 0 0 0 0 1 0 0 0 0 0 0 0 1 0 1 0 0 1 0
35	1	0 0 0 0 0 0 1 0 0 0 0 0 0 1 0 0 0 0 0 0
40	1	0 0 0 0 0 1 0 0 0 0 0 0 0 1 0 0 0 0 1 0
40	3	0 0 0 0 0 0 0 0 0 0 0 0 0 1 0 0 0 0 0 0
40	1	0 0 1 0 0 0 0 0 0 0 1 0 1 0 1 0 1 0 0 0
40	1	0 0 1 0 0 0 0 0 0 0 0 0 0 1 0 0 0 0 0 0
40	2	0 0 0 0 0 1 0 1 0 0 0 0 0 1 0 0 0 0 1 0
40	3	0 0 0 0 0 1 0 0 0 0 0 0 0 1 0 0 0 0 0 0
40	2	0 0 0 0 0 0 0 1 0 0 0 0 0 1 0 0 0 1 1 0
40	1	0 1 0 0 0 0 0 0 0 0 0 0 0 1 0 0 0 0 0 0
40	1	0 1 0 0 0 1 1 0 0 0 0 0 0 0 0 0 0 0 1 0
40	1	0 1 0 0 0 1 1 1 0 0 0 0 0 0 0 0 0 0 1 0
40	1	0 0 0 1 0 1 0 1 0 0 1 0 1 0 1 0 1 0 0 0
40	1	0 0 0 0 0 0 0 0 0 0 0 0 0 1 0 0 1 0 0 0
40	1	0 0 0 0 0 1 0 1 0 0 0 0 1 1 0 0 0 0 1 0
40	1	0 0 0 0 1 0 0 0 0 0 0 0 0 1 0 0 0 0 1 0
45	1	0 0 0 0 0 1 0 1 0 0 0 0 0 1 0 0 0 1 1 0
45	1	0 0 0 0 0 1 0 0 0 0 0 0 0 1 0 0 0 0 1 0
45	4	0 0 0 0 0 0 0 0 0 0 0 0 0 1 0 0 0 0 0 0
45	1	0 0 1 0 0 0 0 0 0 0 1 0 1 0 1 0 1 0 0 0
45	1	0 0 1 0 0 0 0 0 0 0 0 0 0 1 0 0 0 0 0 0
45	1	0 0 0 0 0 1 0 1 0 0 0 0 0 1 0 0 0 0 1 0
45	2	0 0 0 0 0 1 0 0 0 0 0 0 0 1 0 0 0 0 0 0
45	1	0 1 0 0 0 0 0 0 0 0 0 0 0 1 0 0 0 0 0 0
45	1	0 1 0 0 0 0 0 0 0 0 0 0 0 1 0 0 1 0 0 0
45	2	0 0 0 0 0 0 0 0 1 0 0 0 1 1 0 0 0 0 0 0
45	1	0 1 0 0 0 1 1 1 0 0 0 0 0 0 0 0 0 0 1 0
45	1	0 0 0 0 0 0 0 0 0 0 0 0 0 1 0 1 0 1 1 0
45	1	0 0 1 0 0 1 0 0 0 0 0 0 0 1 0 1 0 0 1 0
45	1	0 1 0 0 1 1 1 1 0 0 0 0 0 0 0 0 0 0 1 0
45	1	0 0 0 0 0 0 1 0 0 0 0 0 0 1 0 1 0 0 1 0
50	2	0 0 0 0 0 1 0 0 0 0 0 0 0 1 0 0 0 0 1 0
50	2	0 0 0 0 0 0 0 0 0 0 0 0 0 1 0 0 0 0 0 0
50	3	0 0 1 0 0 0 0 0 0 0 0 0 0 1 0 0 0 0 0 0
50	1	0 0 0 0 0 1 0 0 0 0 0 0 0 1 0 0 0 0 0 0
50	1	0 1 0 0 0 0 0 0 0 0 0 0 0 1 0 0 0 0 0 0
50	1	0 0 0 0 0 0 0 0 0 0 0 0 1 1 0 0 0 0 0 0
50	1	0 0 1 0 0 0 0 0 1 0 0 0 0 1 0 0 0 0 0 0
50	1	0 0 0 0 0 0 0 0 1 0 0 0 1 1 0 0 0 0 0 0
50	1	0 0 0 0 0 1 0 1 0 0 0 0 0 1 0 0 0 0 0 0
50	2	0 0 1 0 0 0 0 0 0 0 0 0 0 1 0 1 0 1 0 0
50	1	0 0 0 0 0 1 0 0 0 0 0 1 0 1 0 0 0 0 1 0
50	1	0 0 0 0 0 1 0 0 1 0 0 0 0 1 0 0 0 0 0 0
50	1	0 0 0 1 0 1 0 1 0 0 0 0 0 1 0 0 0 0 1 0
50	1	0 0 0 0 0 0 0 0 0 0 0 0 0 1 0 0 0 0 0 1
50	1	0 0 1 0 0 0 0 1 0 0 1 0 0 1 1 0 0 0 0 0
55	1	0 0 0 0 0 1 0 0 0 0 0 0 0 1 0 0 0 0 1 0
55	2	0 0 0 0 0 0 0 0 0 0 0 0 0 1 0 0 0 0 0 0
55	1	0 0 1 0 0 0 0 0 0 0 1 0 1 0 1 0 1 0 0 0
55	4	0 0 1 0 0 0 0 0 0 0 0 0 0 1 0 0 0 0 0 0
55	1	0 0 0 0 0 0 0 0 0 0 0 0 0 1 0 0 0 0 1 0
55	1	0 0 0 0 0 1 0 0 0 0 0 0 0 1 0 0 0 0 0 0
55	1	0 0 0 0 0 0 0 1 0 0 0 0 0 1 0 0 0 1 1 0
55	1	0 0 0 0 0 1 0 0 0 0 0 0 1 1 0 0 0 0 1 0
55	1	0 1 1 0 0 1 0 0 0 0 0 0 0 1 0 0 0 0 1 0
55	1	0 1 0 0 0 1 1 1 0 0 0 0 0 0 0 0 0 0 1 0
55	1	0 0 1 0 0 0 0 0 0 0 0 0 1 1 0 0 0 0 0 0
55	1	0 0 1 0 0 0 0 0 0 0 1 0 0 1 1 0 0 0 0 0
55	1	0 0 0 0 0 0 1 0 1 0 0 0 0 1 0 0 0 0 0 0
55	1	0 0 1 0 0 0 0 1 0 0 0 0 1 1 0 0 0 0 0 0
55	1	0 0 1 0 0 0 0 0 0 0 0 0 0 1 0 0 0 0 1 1
55	1	0 0 1 0 0 0 0 0 0 0 1 0 0 1 0 0 0 0 1 0
60	1	0 0 0 0 0 1 0 0 0 0 0 0 0 1 0 0 0 0 1 0
60	1	0 0 0 0 0 0 0 0 0 0 0 0 0 1 0 0 0 0 0 0
60	2	0 0 1 0 0 0 0 0 0 0 0 0 0 1 0 0 0 0 0 0
60	3	0 0 0 0 0 1 0 0 0 0 0 0 0 1 0 0 0 0 0 0
60	2	0 1 0 0 0 0 0 0 0 0 0 0 0 1 0 0 0 0 0 0
60	1	0 0 1 0 0 0 0 1 0 0 0 0 0 1 0 0 0 0 0 0
60	1	0 0 0 0 1 0 0 0 0 0 1 0 1 1 0 1 0 0 1 0
60	1	0 1 0 0 0 0 0 0 0 0 0 0 1 1 0 0 1 0 0 0
60	1	0 0 0 0 0 1 0 0 0 0 0 0 0 1 0 0 0 1 1 0
60	1	0 0 0 0 0 0 1 0 1 0 0 0 0 1 0 0 0 0 0 0
60	1	0 0 1 0 0 0 0 1 0 0 0 0 1 1 0 0 0 0 0 0
60	1	0 1 0 0 0 0 0 0 0 0 1 0 1 0 1 0 1 0 0 0
60	1	0 0 0 0 0 1 1 0 0 0 0 0 1 1 0 0 0 1 0 0
60	1	0 0 0 0 0 1 0 0 0 0 1 0 0 1 0 0 0 0 1 0
60	2	0 1 0 0 0 1 1 0 0 0 0 0 0 0 0 0 0 0 0 1
65	4	0 0 0 0 0 0 0 0 0 0 0 0 0 1 0 0 0 0 0 0
65	1	0 0 1 0 0 0 0 0 0 0 0 0 0 1 0 0 0 0 0 0
65	1	0 0 0 0 0 1 0 0 0 0 0 0 0 1 0 0 0 0 0 0
65	4	0 1 0 0 0 0 0 0 0 0 0 0 0 1 0 0 0 0 0 0
65	1	0 0 0 1 0 0 0 0 0 0 0 0 0 1 0 0 0 0 0 0
65	1	0 1 0 0 0 1 1 1 0 0 0 0 0 0 0 0 0 0 1 0
65	1	0 0 0 0 1 0 0 0 0 0 0 0 1 1 0 1 0 0 1 0
65	1	0 0 1 0 0 0 0 1 0 0 0 0 1 1 0 0 0 0 0 0
65	1	0 0 0 0 0 1 0 0 0 0 1 0 0 1 0 0 0 0 0 0
65	1	0 0 0 0 0 0 0 0 0 0 0 1 0 1 0 0 0 0 0 0
65	1	0 0 1 0 0 0 1 0 0 1 0 0 0 1 0 0 0 0 0 0
65	1	0 0 1 0 0 1 1 1 0 0 0 0 0 0 0 0 0 1 0 0
65	1	0 0 0 0 1 0 0 0 1 0 1 0 1 1 0 1 0 0 1 0
65	1	0 0 0 1 0 1 0 1 0 0 0 0 0 1 0 0 0 0 0 0
70	1	0 0 0 0 0 1 0 1 0 0 0 0 0 1 0 0 0 1 1 0
70	3	0 0 0 0 0 0 0 0 0 0 0 0 0 1 0 0 0 0 0 0
70	2	0 0 1 0 0 0 0 0 0 0 0 0 0 1 0 0 0 0 0 0
70	1	0 1 0 0 0 0 0 0 0 0 0 0 0 1 0 0 0 0 0 0
70	1	0 0 0 1 0 0 0 0 0 0 0 0 0 1 0 0 0 0 0 0
70	1	0 0 1 0 0 0 0 0 0 0 1 0 0 1 1 0 0 0 0 0
70	1	0 1 0 0 0 1 1 0 0 0 0 0 0 0 0 0 0 0 0 0
70	4	0 0 0 0 0 1 0 1 0 0 0 1 0 1 0 0 0 0 1 0
70	1	0 0 1 0 0 0 1 0 0 1 0 0 0 1 0 0 0 0 0 0
70	1	0 0 1 0 0 0 0 0 0 0 0 0 0 1 0 0 0 0 0 1
70	1	0 1 0 0 0 0 0 0 0 0 0 0 0 1 0 0 0 0 1 0
70	1	0 1 0 0 0 0 0 0 0 0 1 0 1 0 1 0 1 1 1 0
70	1	0 0 0 0 0 0 0 0 1 0 0 0 0 1 0 0 0 0 0 0
70	1	1 0 0 0 0 0 0 1 0 1 1 0 1 0 1 0 1 1 1 0
75	1	0 0 1 0 0 0 0 0 0 0 0 0 0 1 0 0 0 0 0 0
75	1	0 0 0 0 0 1 0 1 0 0 0 0 0 1 0 0 0 0 1 0
75	2	0 0 1 0 0 0 0 0 0 0 0 0 0 1 0 0 0 1 0 0
75	3	0 1 0 0 0 0 0 0 0 0 0 0 0 1 0 0 0 0 0 0
75	1	0 0 0 0 0 0 0 0 0 1 0 0 0 1 0 0 0 0 0 0
75	1	0 0 0 0 1 0 0 0 0 0 0 0 1 1 0 1 0 0 1 0
75	2	0 0 0 0 0 1 0 1 0 0 0 1 0 1 0 0 0 0 1 0
75	2	0 0 1 0 0 0 0 1 0 0 0 0 1 1 0 0 0 0 0 0
75	1	0 0 0 0 0 0 0 0 0 0 0 0 1 1 0 0 0 0 1 0
75	1	0 0 0 0 1 0 0 0 0 0 0 0 1 1 0 0 0 0 1 0
75	1	0 0 1 0 0 0 0 0 0 0 0 0 0 1 0 0 0 0 0 1
75	1	0 0 0 1 0 0 0 0 0 0 0 0 1 1 0 0 1 0 0 0
75	1	0 0 0 0 0 1 0 0 0 0 0 1 0 1 0 0 0 0 1 0
75	1	0 0 0 1 0 0 0 1 0 0 0 0 0 1 0 0 0 0 0 0
75	1	0 0 1 0 0 0 0 1 0 0 1 0 0 1 1 0 0 0 1 0
80	2	0 0 0 0 0 0 0 0 0 0 0 0 0 1 0 0 0 0 0 0
80	2	0 0 0 0 0 1 0 0 0 0 0 0 0 1 0 0 0 0 0 0
80	1	0 0 0 1 0 0 0 0 0 0 0 0 0 1 0 0 0 0 0 0
80	1	0 0 0 0 1 0 0 0 0 0 0 0 1 1 0 1 0 0 1 0
80	2	0 0 1 0 0 0 0 1 0 0 0 0 1 1 0 0 0 0 0 0
80	1	0 0 1 0 0 0 0 1 0 0 1 0 0 1 1 0 0 0 0 0
80	2	0 1 0 0 0 0 1 0 0 0 0 0 0 0 0 0 0 0 0 0
80	1	0 0 1 0 0 0 1 0 0 1 0 0 0 1 0 0 0 0 0 0
80	1	0 1 0 0 0 1 1 1 1 0 0 0 1 1 0 0 0 0 0 0
80	1	0 0 0 0 0 0 0 0 1 0 0 0 0 1 0 0 0 0 0 0
80	1	0 0 0 0 1 0 0 0 0 0 0 0 1 1 0 0 0 0 0 0
80	1	0 0 1 0 0 0 0 1 0 0 1 0 0 1 1 0 0 0 1 0
80	1	0 1 0 0 0 1 0 0 0 0 0 0 0 1 0 0 0 0 0 0
80	1	0 0 0 1 0 1 0 1 0 0 0 0 0 1 0 0 0 0 1 0
80	1	0 0 1 0 0 0 0 1 0 0 0 0 1 1 0 0 0 0 1 0
80	1	0 0 0 0 0 0 0 0 1 0 0 0 0 1 0 0 0 0 1 0
85	2	0 0 0 0 0 1 0 0 0 0 0 0 0 1 0 0 0 0 0 0
85	1	0 0 1 0 0 0 0 0 0 0 0 0 0 1 0 0 0 1 0 0
85	3	0 1 0 0 0 0 0 0 0 0 0 0 0 1 0 0 0 0 0 0
85	1	0 0 1 0 0 1 0 0 0 0 0 0 0 1 0 1 0 0 1 0
85	1	0 1 0 0 0 1 1 0 0 0 0 0 0 0 0 0 0 0 0 0
85	1	0 1 1 0 0 0 0 0 0 0 0 0 0 1 0 1 0 0 1 0
85	1	0 0 0 1 0 0 0 0 0 0 0 0 0 1 0 0 1 0 0 0
85	1	0 0 1 0 0 0 0 1 0 0 0 0 1 1 0 0 0 0 0 0
85	1	0 0 0 0 0 0 0 0 0 0 0 0 1 1 0 0 0 0 1 0
85	1	0 0 0 0 0 1 0 0 0 0 1 0 0 1 0 0 0 0 0 0
85	1	0 1 0 0 0 0 1 0 0 0 1 0 0 1 0 0 0 0 0 0
85	1	0 1 0 0 0 0 1 1 0 0 0 0 0 1 0 0 0 0 0 0
85	1	0 0 1 0 0 0 0 1 0 0 1 0 0 1 1 0 0 0 1 0
85	1	0 0 1 0 0 0 0 0 0 0 0 0 0 1 0 0 1 0 0 0
85	1	0 1 0 0 0 0 0 0 0 0 1 0 0 1 0 0 0 0 0 0
85	1	0 0 0 0 0 1 0 1 0 0 1 1 0 1 0 0 0 0 1 0
85	1	0 0 1 0 0 0 0 1 0 0 1 1 0 1 1 0 0 0 0 0
90	2	0 0 1 0 0 0 0 0 0 0 0 0 0 1 0 0 0 0 0 0
90	1	0 1 0 0 0 0 0 0 0 0 0 0 0 1 0 0 0 0 0 0
90	1	0 0 0 0 1 0 0 0 0 0 0 0 1 1 0 1 0 0 1 0
90	1	0 1 0 0 0 1 1 0 0 0 0 0 0 0 0 0 0 0 0 0
90	1	0 1 1 0 0 0 0 0 0 0 0 0 0 1 0 1 0 0 1 0
90	2	0 0 1 0 0 0 1 0 0 1 0 0 0 1 0 0 0 0 0 0
90	1	0 0 0 0 1 0 0 0 0 0 0 0 1 1 0 0 0 0 1 0
90	1	0 1 0 0 0 0 0 0 0 0 0 0 0 0 0 0 0 0 0 0
90	2	0 0 1 0 0 0 0 1 0 0 1 0 0 1 1 0 0 0 1 0
90	1	0 0 1 0 0 0 0 0 0 0 0 0 0 1 0 0 1 0 0 0
90	1	0 1 0 0 0 1 1 1 0 1 0 0 1 1 0 0 0 0 0 0
90	1	0 0 1 0 0 0 1 0 1 0 0 0 0 1 0 0 0 0 0 0
90	1	0 0 0 1 0 1 0 0 0 0 0 0 0 1 0 0 0 0 0 0
90	1	0 0 0 0 1 0 0 0 0 0 0 0 0 1 0 1 0 0 1 0
90	1	0 0 0 1 0 1 0 1 0 0 0 0 1 1 0 0 0 0 1 0
90	1	0 0 0 0 0 0 0 0 0 0 1 0 0 1 0 0 0 0 0 0
90	1	0 0 1 0 0 0 1 0 0 0 0 0 0 1 0 0 0 0 0 0
95	3	0 0 0 0 0 0 0 0 0 0 0 0 0 1 0 0 0 0 0 0
95	1	0 0 1 0 0 0 0 0 0 0 0 0 0 1 0 0 0 0 0 0
95	1	0 1 0 0 0 0 0 0 0 0 0 0 0 1 0 0 0 0 0 0
95	1	0 0 0 1 0 0 0 0 0 0 0 0 0 1 0 0 0 0 0 0
95	1	0 0 1 0 0 0 1 0 0 1 0 0 0 1 0 0 0 0 0 0
95	1	0 0 0 0 1 0 0 0 0 0 0 0 1 1 0 0 0 0 1 0
95	1	0 1 0 0 0 0 0 0 0 0 0 0 0 0 0 0 0 0 0 0
95	1	0 1 0 0 0 1 1 0 0 0 0 0 1 0 0 0 0 0 0 0
95	1	0 0 1 0 0 0 0 1 0 0 1 0 0 1 1 0 0 0 1 0
95	1	1 1 0 0 0 0 0 0 0 0 0 0 0 1 0 0 0 0 0 0
95	1	0 1 0 0 0 0 0 0 0 0 0 0 1 1 1 0 0 0 0 0
95	1	0 0 0 0 1 0 0 0 0 0 0 0 0 1 0 1 0 0 1 0
95	1	0 0 0 0 1 0 0 0 0 0 0 0 1 1 1 1 0 1 1 0
95	1	0 0 1 0 0 0 1 0 0 0 0 0 0 0 0 0 0 1 0 0
95	1	0 0 0 1 0 1 0 1 0 0 0 0 1 1 0 0 0 0 1 0
95	1	0 0 0 0 0 1 0 0 0 0 0 0 0 1 0 0 0 1 0 0
95	1	0 1 1 0 0 0 0 0 0 0 0 0 1 1 0 1 0 0 1 0
95	1	0 0 1 0 0 0 0 0 0 0 0 0 0 0 0 1 0 0 1 0
100	2	0 0 1 0 0 0 0 0 0 0 0 0 0 1 0 0 0 0 0 0
100	2	0 0 0 0 0 1 0 0 0 0 0 0 0 1 0 0 0 0 0 0
100	2	0 0 1 0 0 0 0 0 0 0 0 0 0 1 0 0 0 1 0 0
100	1	0 1 0 0 0 0 0 0 0 0 0 0 0 1 0 0 0 0 0 0
100	1	0 1 0 0 0 1 1 1 0 0 0 0 1 1 0 0 0 0 0 0
100	1	0 0 1 0 0 0 0 1 0 0 0 0 1 1 0 0 0 0 0 0
100	1	0 1 0 0 0 0 0 0 0 0 0 0 1 1 0 0 0 0 0 0
100	1	0 0 1 0 0 0 0 0 0 0 0 0 0 1 0 1 0 0 1 0
100	3	0 1 0 0 0 1 1 0 0 0 0 0 1 0 0 0 0 0 0 0
100	2	0 0 0 1 0 1 0 1 0 0 0 0 0 1 0 0 0 0 1 0
100	1	0 0 0 1 0 1 0 1 0 0 0 0 1 1 0 0 0 0 1 0
100	1	0 1 0 0 0 1 1 1 0 1 0 0 0 1 0 1 0 0 1 0
100	2	0 0 1 0 0 0 0 1 0 0 0 0 0 1 0 0 0 0 0 0
105	1	0 0 1 0 0 0 0 0 0 0 0 0 0 1 0 0 0 0 0 0
105	1	0 1 0 0 0 0 0 0 0 0 0 0 0 1 0 0 0 0 0 0
105	2	0 0 1 0 0 0 0 1 0 0 0 0 1 1 0 0 0 0 0 0
105	2	0 0 1 0 1 0 0 0 0 0 0 0 0 1 0 0 0 0 0 0
105	1	0 0 1 0 0 0 1 0 0 0 0 0 0 1 0 0 0 1 0 0
105	2	0 1 0 0 0 0 0 0 0 0 0 0 1 1 1 0 0 0 0 0
105	1	0 0 0 0 1 0 0 0 0 0 0 0 1 1 1 1 0 1 1 0
105	1	0 1 0 0 0 1 1 1 0 1 0 0 0 1 0 1 0 0 1 0
105	1	0 0 1 0 1 1 0 0 0 0 0 0 0 1 0 0 0 0 0 0
105	1	0 0 1 1 0 0 0 0 0 0 0 0 0 1 0 0 0 0 0 0
105	2	0 0 0 0 0 1 0 0 0 0 0 1 0 1 0 1 0 0 0 0
105	1	0 0 0 0 0 0 0 1 0 0 1 0 0 1 1 0 0 0 1 0
105	1	0 0 0 1 0 0 0 1 0 0 0 0 0 1 0 0 1 0 0 0
105	1	0 1 0 0 0 1 1 1 0 1 0 0 1 1 0 0 1 0 0 0
105	1	0 0 0 0 0 1 0 0 0 0 0 1 1 1 0 1 0 0 0 0
105	1	0 1 0 1 0 1 1 1 0 1 0 0 1 1 0 0 0 0 0 0
110	1	0 1 0 0 0 0 0 0 0 0 0 0 0 1 0 0 0 0 0 0
110	2	0 1 1 0 0 0 0 0 0 0 0 0 0 1 0 1 0 0 1 0
110	1	0 0 0 0 1 0 0 0 0 0 0 0 1 1 0 0 0 0 1 0
110	1	1 1 0 0 0 1 1 0 0 0 0 0 0 0 0 0 0 0 0 0
110	1	0 1 0 0 0 1 1 0 0 0 0 0 1 0 0 0 0 0 0 0
110	1	0 0 1 0 0 0 0 1 0 0 1 0 0 1 1 0 0 0 1 0
110	1	0 1 0 0 0 1 1 1 0 1 0 0 1 1 0 0 0 0 0 0
110	1	0 1 0 0 0 0 0 0 0 0 0 0 1 1 1 0 0 0 0 0
110	1	0 0 0 0 0 0 0 0 0 1 0 0 0 1 0 1 0 0 0 0
110	1	0 1 0 0 0 0 0 0 0 0 0 0 0 1 0 0 0 1 0 0
110	1	0 0 0 1 0 1 0 1 0 0 0 0 0 1 0 1 0 0 1 0
110	2	0 0 0 0 1 0 0 0 0 0 0 0 1 1 0 0 0 0 0 0
110	1	0 1 0 1 0 1 1 1 0 1 0 0 1 1 0 0 0 0 0 0
110	1	0 1 0 0 0 1 1 0 0 0 0 0 0 1 0 0 0 0 0 0
110	1	0 0 0 1 0 0 0 0 0 1 0 0 1 1 0 0 0 0 0 0
110	1	0 1 0 1 0 0 1 1 0 0 0 0 1 1 0 0 0 0 0 1
110	1	0 0 0 0 0 0 0 0 0 1 0 0 0 1 0 1 0 0 1 0
110	1	1 1 1 0 0 0 0 0 0 1 0 0 0 1 0 1 0 0 1 0
115	1	0 0 1 0 0 0 0 0 0 0 0 0 0 1 0 0 0 0 0 0
115	1	0 1 0 0 0 1 1 1 0 0 0 0 1 1 0 0 0 0 0 0
115	1	0 1 1 0 0 0 0 0 0 0 0 0 0 1 0 1 0 0 1 0
115	1	0 0 1 0 0 0 0 1 0 0 0 0 1 1 0 0 0 0 0 0
115	1	0 1 0 0 0 0 0 0 0 0 0 0 1 1 0 0 0 0 0 0
115	1	0 1 0 0 0 1 1 0 0 0 0 0 1 0 0 0 0 0 0 0
115	1	0 0 0 0 0 0 0 0 0 0 0 0 0 1 0 0 0 1 0 0
115	1	0 0 1 0 1 0 0 0 0 0 0 0 0 1 0 0 0 0 0 0
115	1	0 0 1 0 0 0 1 1 0 1 0 0 1 1 0 0 0 0 0 0
115	1	0 1 0 0 1 0 0 0 0 0 0 0 0 1 0 0 0 0 0 0
115	1	0 0 0 1 0 1 0 1 0 0 0 0 1 1 0 0 0 1 1 0
115	1	0 1 0 1 0 1 1 1 0 1 0 0 1 1 0 0 0 0 0 0
115	1	0 1 0 0 0 1 1 0 0 0 0 0 0 1 0 0 0 0 0 0
115	2	0 0 1 1 0 1 1 1 0 1 0 0 1 1 0 0 0 0 0 0
115	1	0 1 0 0 0 1 1 1 0 1 0 0 0 1 0 0 0 0 0 0
115	1	0 0 0 0 0 1 0 0 0 0 0 0 0 1 0 1 0 0 1 0
115	1	0 0 0 1 0 0 0 1 0 0 1 0 0 1 0 0 0 0 1 0
115	1	0 0 0 0 0 0 0 0 0 0 0 1 0 1 0 0 0 0 0 0
115	1	0 0 0 0 0 0 0 0 1 0 0 1 0 1 0 0 0 0 0 0
120	1	0 0 1 0 0 0 0 0 0 0 0 0 0 1 0 0 0 0 0 0
120	2	0 0 0 0 0 1 0 0 0 0 0 0 0 1 0 0 0 0 0 0
120	1	0 1 1 0 0 0 0 0 0 0 0 0 0 1 0 1 0 0 1 0
120	2	0 1 0 0 0 0 0 0 0 0 0 0 1 1 0 0 0 0 0 0
120	1	0 0 0 1 0 1 0 1 0 0 0 0 0 1 0 0 0 0 1 0
120	1	0 1 0 0 0 0 0 0 0 0 0 0 1 1 1 0 0 0 0 0
120	2	0 0 1 0 0 0 0 0 1 0 0 0 0 1 0 1 0 0 0 0
120	1	0 0 1 0 0 0 1 0 0 0 0 0 0 0 0 0 0 1 0 0
120	1	0 0 0 0 1 0 0 0 0 0 0 0 1 1 0 0 0 0 0 0
120	1	0 0 1 0 0 0 1 1 0 1 0 0 1 1 1 0 0 0 0 0
120	1	1 1 1 1 0 1 0 1 0 0 0 0 0 1 0 1 0 0 0 0
120	1	0 0 1 1 0 1 1 1 0 1 0 0 1 1 0 0 0 0 0 0
120	1	0 1 0 0 0 0 0 0 0 0 0 0 0 1 0 0 1 0 0 0
120	1	0 0 1 0 0 0 0 0 0 0 0 0 0 1 1 0 0 0 0 0
120	1	0 0 0 0 0 1 0 1 0 1 0 0 0 1 0 0 0 0 0 0
120	1	0 0 1 0 0 0 0 0 0 0 0 0 0 0 0 0 0 0 0 0
120	1	0 0 0 1 0 0 0 0 0 1 0 0 1 1 0 0 0 1 0 0
125	2	0 0 0 0 0 1 0 0 0 0 0 0 0 1 0 0 0 0 0 0
125	1	0 1 1 0 0 0 0 0 0 0 0 0 0 1 0 1 0 0 1 0
125	2	0 0 1 0 0 0 0 1 0 0 0 0 1 1 0 0 0 0 0 0
125	1	0 0 0 0 0 0 0 0 0 0 0 0 0 1 0 0 0 1 0 0
125	1	0 0 1 0 1 0 0 0 0 0 0 0 0 1 0 0 0 0 0 0
125	1	0 1 0 0 0 0 0 0 0 0 0 0 1 1 1 0 0 0 0 0
125	3	0 0 0 0 1 0 0 0 0 0 0 0 1 1 0 0 0 0 0 0
125	1	0 0 1 0 0 0 0 1 0 0 0 0 1 1 0 0 0 0 0 1
125	1	0 0 0 0 0 1 0 0 0 0 0 0 0 1 0 1 0 0 1 0
125	1	0 1 0 1 0 1 0 0 0 0 0 0 0 1 0 0 0 0 0 0
125	1	0 0 1 0 0 1 0 1 0 0 0 0 1 1 0 0 0 0 0 0
125	1	0 0 0 0 0 0 0 1 1 0 0 0 1 1 0 0 0 0 0 0
125	1	0 1 1 0 0 0 0 0 0 0 1 0 0 0 0 0 0 0 0 0
125	1	1 1 0 0 0 1 1 0 0 0 0 0 0 0 0 1 0 0 1 0
125	1	0 0 0 0 0 1 0 0 0 0 0 0 0 1 0 0 0 0 1 0
125	1	0 0 1 0 1 0 0 1 0 0 0 0 1 1 0 0 0 0 0 0
130	5	0 1 1 0 0 0 0 0 0 0 0 0 0 1 0 1 0 0 1 0
130	1	0 0 1 0 1 0 0 0 0 0 0 0 0 1 0 0 0 0 0 0
130	1	0 1 0 1 0 0 0 0 0 0 0 0 0 1 0 0 0 0 0 0
130	1	1 1 1 0 0 0 0 0 0 0 0 0 0 1 0 1 0 0 1 0
130	2	0 0 0 0 1 0 0 0 0 0 0 0 1 1 0 0 0 0 0 0
130	1	0 0 1 0 0 0 1 1 0 1 0 0 1 1 1 0 0 0 0 0
130	1	0 1 0 1 0 1 1 1 0 1 0 0 1 1 0 0 0 0 0 0
130	3	0 0 1 1 0 1 1 1 0 1 0 0 1 1 0 0 0 0 0 0
130	1	0 0 1 0 0 0 0 0 0 0 0 0 0 1 1 0 0 0 0 0
130	1	1 0 1 0 0 0 0 1 0 0 0 0 1 1 0 0 0 0 0 0
130	1	0 1 0 0 0 0 1 1 0 1 0 0 1 1 1 0 0 0 0 0
130	1	0 0 1 0 0 1 0 1 0 0 0 0 1 1 1 0 0 0 0 0
130	1	0 1 0 0 0 1 1 1 0 1 0 0 1 1 1 0 0 0 0 0
135	1	0 0 0 0 0 0 0 0 0 0 0 0 0 1 0 0 0 0 0 0
135	2	0 0 1 0 0 0 0 0 0 0 0 0 0 1 0 0 0 0 0 0
135	2	0 0 0 0 0 1 0 0 0 0 0 0 0 1 0 0 0 0 0 0
135	2	0 1 1 0 0 0 0 0 0 0 0 0 0 1 0 1 0 0 1 0
135	1	0 1 0 0 0 0 0 0 0 0 0 0 1 1 0 0 0 0 0 0
135	1	0 0 1 0 1 0 0 0 0 0 0 0 0 1 0 0 0 0 0 0
135	1	0 1 0 0 0 1 1 1 0 1 0 0 1 1 0 0 0 0 0 0
135	1	0 1 0 0 0 0 0 0 0 0 0 0 0 1 0 0 1 0 0 0
135	2	1 1 1 1 0 1 0 1 0 0 1 0 0 1 0 1 0 0 0 0
135	1	0 0 1 0 0 0 1 1 0 1 0 0 1 1 1 0 0 0 1 0
135	1	0 0 1 0 0 0 0 0 0 0 0 1 0 1 0 1 0 0 0 0
135	1	1 1 0 0 0 1 1 0 0 0 0 0 0 0 0 0 0 0 0 1
135	1	0 0 1 1 0 1 0 1 1 0 0 0 1 1 0 0 0 0 0 0
135	1	0 1 0 0 0 1 0 0 0 0 0 0 1 1 0 0 0 0 0 0
135	1	1 1 0 0 0 0 0 0 0 0 0 0 1 1 1 0 0 0 0 0
135	1	0 1 0 1 0 1 1 1 0 0 0 0 1 1 0 0 0 0 0 1
140	1	0 1 1 0 0 0 0 0 0 0 0 0 0 1 0 1 0 0 1 0
140	2	0 0 1 0 0 0 0 1 0 0 0 0 1 1 0 0 0 0 0 0
140	1	0 0 1 0 1 0 0 0 0 0 0 0 0 1 0 0 0 0 0 0
140	1	1 1 1 0 0 0 0 0 0 0 0 0 0 1 0 1 0 0 1 0
140	1	0 1 1 0 0 0 0 0 0 0 0 0 1 1 0 0 0 0 0 0
140	1	0 0 1 0 0 0 0 1 0 0 0 0 0 1 0 0 0 0 0 0
140	1	0 1 0 1 0 1 1 1 0 1 0 0 1 1 0 0 0 0 0 0
140	1	0 0 1 1 0 1 1 1 0 1 0 0 1 1 0 0 0 0 0 0
140	1	0 1 1 0 0 0 0 1 0 0 0 0 0 1 0 1 0 0 1 0
140	1	1 0 1 0 0 0 0 1 0 0 0 0 1 1 0 0 0 0 0 0
140	2	0 1 1 0 0 0 0 0 0 0 0 0 1 1 0 1 0 0 1 0
140	1	0 0 1 0 1 0 0 1 0 0 0 0 1 1 0 0 0 0 0 0
140	1	0 1 0 0 0 1 1 0 0 0 0 0 1 0 0 0 0 0 0 0
140	1	0 0 1 1 0 0 0 0 0 0 0 0 0 1 0 0 0 0 0 0
140	1	1 1 1 0 0 0 0 0 0 0 0 0 1 1 0 0 0 0 0 0
140	1	0 0 1 1 0 1 1 1 0 1 0 0 1 1 0 0 0 0 1 0
140	1	0 0 1 1 0 1 1 1 0 1 0 0 1 1 0 0 0 1 0 0
140	1	0 1 0 0 0 1 0 0 1 0 0 1 1 1 0 1 0 0 0 0
145	2	0 1 1 0 0 0 0 0 0 0 0 0 0 1 0 1 0 0 1 0
145	1	0 0 1 0 1 0 0 0 0 0 0 0 0 1 0 0 0 0 0 0
145	1	0 1 0 0 0 1 1 1 0 1 0 0 1 1 0 0 0 0 0 0
145	2	1 1 1 0 0 0 0 0 0 0 0 0 0 1 0 1 0 0 1 0
145	1	0 1 1 0 0 0 0 0 0 0 0 0 1 1 0 0 0 0 0 0
145	1	0 1 1 0 0 0 0 1 0 0 0 0 1 1 0 0 0 0 0 0
145	1	1 1 1 1 0 1 0 1 0 0 0 0 0 1 0 1 0 0 0 0
145	1	1 1 1 1 0 1 0 1 0 0 1 0 0 1 0 1 0 0 0 0
145	2	0 0 1 0 0 0 0 0 0 0 0 1 0 1 0 0 0 0 0 0
145	3	0 1 1 0 0 0 0 0 0 0 0 0 1 1 0 1 0 0 1 0
145	1	0 1 0 0 0 1 1 1 0 1 0 0 1 1 1 0 0 0 0 0
145	1	1 1 1 0 0 0 0 0 0 0 0 0 0 1 0 1 0 0 0 0
145	1	0 0 1 0 0 0 1 0 0 0 0 0 0 1 0 0 0 0 0 0
145	1	0 1 0 1 0 1 1 0 0 0 0 0 1 0 0 0 0 0 0 1
145	1	0 1 1 0 0 1 1 0 0 0 0 0 1 0 0 0 0 0 0 0
150	2	0 1 1 0 0 0 0 0 0 0 0 0 0 1 0 1 0 0 1 0
150	1	0 0 1 0 1 0 0 0 0 0 0 0 0 1 0 0 0 0 0 0
150	1	0 1 0 0 0 1 1 1 0 1 0 0 1 1 0 0 0 0 0 0
150	1	0 1 1 0 0 0 0 1 0 0 0 0 1 1 0 0 0 0 0 0
150	1	0 1 0 1 0 1 1 1 0 1 0 0 1 1 0 0 0 0 0 0
150	1	0 0 1 1 0 1 1 1 0 1 0 0 1 1 0 0 0 0 0 0
150	1	0 1 0 1 0 0 1 1 0 0 0 0 1 1 0 0 0 0 0 1
150	1	1 1 1 1 0 1 0 1 0 0 1 0 0 1 0 1 0 0 0 0
150	1	0 0 1 0 0 1 0 1 0 0 0 0 1 1 1 0 0 0 0 0
150	1	0 0 1 0 1 1 0 1 0 0 0 0 0 1 0 0 0 0 0 0
150	1	0 0 0 0 0 0 0 1 0 0 0 0 1 1 0 1 0 0 0 0
150	1	0 1 1 1 0 0 0 0 0 0 0 0 0 1 0 0 0 0 0 0
150	1	0 0 0 0 0 1 0 0 0 0 0 0 1 1 0 0 0 0 0 0
150	1	1 1 1 0 0 0 0 0 0 0 0 0 1 1 0 0 0 0 0 0
150	1	1 1 1 0 0 0 0 0 0 0 0 0 0 1 0 1 0 0 0 0
150	1	0 0 1 1 0 1 1 1 0 1 0 0 1 1 0 0 0 1 0 0
150	1	0 1 1 0 0 0 0 1 1 0 0 0 1 1 0 0 0 0 0 0
150	1	0 0 1 0 0 1 0 1 0 0 0 0 1 1 0 0 0 0 0 0
150	1	0 0 1 1 0 0 0 0 0 0 0 0 0 1 0 0 0 0 1 0
155	1	0 1 1 0 0 0 0 0 0 0 0 0 0 1 0 1 0 0 1 0
155	1	0 0 1 0 1 0 0 0 0 0 0 0 0 1 0 0 0 0 0 0
155	1	0 1 0 0 0 1 1 1 0 1 0 0 1 1 0 0 0 0 0 0
155	3	1 1 1 0 0 0 0 0 0 0 0 0 0 1 0 1 0 0 1 0
155	1	0 1 1 0 0 0 0 0 0 0 0 0 1 1 0 0 0 0 0 0
155	1	0 0 1 1 0 1 1 1 0 1 0 0 1 1 0 0 0 0 0 0
155	1	0 1 1 1 0 0 0 0 0 0 0 0 0 1 0 0 0 0 0 0
155	1	0 0 1 1 0 1 1 1 0 1 0 0 1 1 0 0 0 1 0 0
155	1	0 1 0 1 0 0 0 1 0 0 0 0 1 1 0 0 0 0 0 0
155	1	0 0 1 0 0 0 1 1 0 0 0 0 1 1 1 0 0 0 0 0
155	1	0 1 0 0 0 0 0 0 1 0 0 1 1 1 0 0 0 0 1 0
155	1	0 1 1 0 1 0 0 0 0 0 0 0 0 1 1 1 0 0 1 0
155	1	1 1 1 0 0 0 0 0 1 0 0 0 0 1 0 1 0 0 0 0
155	1	0 0 0 1 0 1 1 1 0 1 0 0 1 1 0 0 0 0 0 0
155	1	0 1 1 0 0 0 0 1 0 0 1 0 0 1 0 0 0 0 0 0
155	1	1 1 1 1 0 1 0 1 0 0 1 0 0 0 0 0 0 0 1 0
155	1	1 0 1 0 0 0 0 1 0 0 0 0 1 1 0 0 0 0 0 0
155	1	0 1 1 0 0 0 1 1 0 1 0 0 1 1 0 0 0 0 0 0
160	1	0 1 0 0 0 0 0 0 0 0 0 0 1 1 0 0 0 0 0 0
160	1	0 1 0 0 0 1 1 1 0 1 0 0 1 1 0 0 0 0 0 0
160	1	0 0 1 0 0 0 0 0 0 0 0 0 0 1 1 0 0 0 0 0
160	1	0 1 0 0 0 0 0 0 0 0 0 1 1 1 0 0 0 0 0 0
160	1	0 0 1 0 0 1 0 1 0 0 0 0 0 1 1 0 0 0 0 0
160	3	0 0 1 1 0 1 1 1 0 1 0 0 1 1 0 0 0 1 0 0
160	2	0 1 0 1 0 0 0 1 0 0 0 0 1 1 0 0 0 0 0 0
160	1	0 1 1 0 0 1 1 0 0 0 0 0 1 0 0 0 0 0 0 0
160	1	0 0 1 0 1 0 0 0 0 1 0 0 1 1 1 0 0 0 0 0
160	1	1 0 1 1 0 1 1 1 0 1 0 0 1 1 0 0 0 0 0 0
160	1	0 1 0 0 0 1 1 1 0 1 0 0 0 1 0 0 0 0 0 0
160	1	1 1 1 1 0 1 0 1 0 0 1 0 0 0 0 0 0 0 1 0
160	1	0 0 1 0 0 0 0 1 0 0 1 0 1 1 0 1 0 0 1 0
160	1	0 1 0 1 0 1 1 1 0 1 0 0 1 1 1 0 0 0 0 0
160	1	0 1 1 1 0 1 0 1 0 0 1 0 0 1 0 1 0 0 0 0
160	1	0 0 1 0 0 0 1 1 0 1 0 0 1 1 1 0 0 0 1 0
160	1	0 0 1 0 1 0 0 1 0 0 1 0 1 1 0 0 0 0 0 0
165	1	0 1 0 0 0 1 1 1 0 1 0 0 1 1 0 0 0 0 0 0
165	1	0 1 1 0 0 0 0 1 0 0 0 0 1 1 0 0 0 0 0 0
165	1	0 0 1 1 0 1 1 1 0 1 0 0 1 1 0 0 0 0 0 0
165	1	0 0 1 0 1 1 0 1 0 0 0 0 0 1 0 0 0 0 0 0
165	1	0 1 1 1 0 0 0 0 0 0 0 0 0 1 0 0 0 0 0 0
165	1	1 1 0 0 0 0 0 0 0 0 0 0 1 1 1 0 0 0 0 0
165	1	0 0 1 1 0 1 1 1 0 1 0 0 1 1 0 0 0 1 0 0
165	3	0 1 0 1 0 0 0 1 0 0 0 0 1 1 0 0 0 0 0 0
165	1	0 0 1 0 0 1 0 1 0 0 0 0 1 1 0 0 0 0 0 0
165	1	0 1 1 1 0 0 0 0 0 0 1 0 0 1 0 0 0 0 0 1
165	1	0 0 1 0 1 0 0 1 0 1 0 0 0 1 0 0 1 0 0 0
165	1	0 1 0 1 0 1 1 1 1 1 0 0 1 1 0 1 0 0 0 0
165	1	0 1 0 1 0 0 0 1 0 0 0 0 1 1 0 1 0 0 0 0
165	1	0 0 1 1 0 1 1 1 0 1 0 0 1 1 1 0 0 0 0 1
165	1	0 0 1 1 0 1 1 1 0 1 0 0 1 1 0 0 1 0 0 0
165	1	0 0 1 1 0 0 1 1 0 0 0 0 1 1 1 0 0 0 0 0
165	1	0 0 0 1 0 1 1 1 0 1 0 0 0 1 1 0 0 0 0 0
165	1	0 0 1 1 0 1 1 1 0 1 0 0 1 1 1 0 0 0 0 0
170	1	0 1 1 0 0 0 0 1 0 0 0 0 1 1 0 0 0 0 0 0
170	2	0 1 0 1 0 1 1 1 0 1 0 0 1 1 0 1 0 0 0 0
170	1	0 0 1 1 0 1 1 1 0 1 0 0 1 1 0 0 0 0 0 0
170	1	0 0 1 0 0 1 0 1 0 0 0 0 1 1 1 0 0 0 0 0
170	1	1 1 0 0 0 0 0 0 0 0 0 0 1 1 1 0 0 0 0 0
170	1	0 0 1 1 0 1 1 1 0 1 0 0 1 1 0 0 0 1 0 0
170	1	0 1 0 1 0 0 0 1 0 0 0 0 1 1 0 0 0 0 0 0
170	1	0 1 1 0 0 1 1 0 0 0 0 0 1 0 0 0 0 0 0 0
170	1	0 1 0 1 0 1 1 1 1 1 0 0 1 1 0 1 0 0 0 0
170	1	0 0 1 0 0 0 0 1 0 0 0 0 1 1 0 1 0 0 0 0
170	1	0 1 0 1 0 1 1 0 0 1 0 0 1 1 0 0 0 0 1 0
170	1	1 0 1 0 0 0 0 0 0 0 0 1 0 1 0 0 0 0 0 0
170	1	0 0 1 1 0 1 1 1 0 1 1 0 1 1 0 0 0 0 0 0
170	1	0 1 0 0 0 0 1 1 0 1 0 0 1 1 1 0 0 0 0 1
170	1	0 0 1 0 0 0 0 1 0 0 1 0 1 1 0 0 0 0 1 0
170	1	0 1 0 1 0 1 1 1 0 1 0 1 1 1 0 0 0 0 0 0
170	1	0 0 1 0 0 1 0 1 0 0 1 0 1 1 0 0 0 0 0 0
170	1	1 1 0 0 1 0 0 0 0 0 0 0 1 1 0 0 0 0 0 0
170	1	0 0 0 1 0 1 1 0 0 1 0 0 0 1 0 0 0 0 0 0
175	1	0 1 1 0 0 0 0 0 0 0 0 0 1 1 0 0 0 0 0 0
175	3	0 0 1 1 0 1 1 1 0 1 0 0 1 1 0 0 0 0 0 0
175	1	0 1 0 0 0 1 1 1 0 1 0 0 1 1 1 0 0 0 0 0
175	3	0 1 0 1 0 0 0 1 0 0 0 0 1 1 0 0 0 0 0 0
175	2	0 1 0 0 0 1 1 1 0 1 0 0 0 1 0 0 0 0 0 0
175	1	0 1 0 1 0 1 1 1 1 1 0 0 1 1 0 1 0 0 0 0
175	1	1 1 1 1 0 1 1 1 0 1 0 0 1 1 0 0 0 0 0 0
175	1	0 0 1 1 0 1 1 1 0 1 0 0 1 1 1 1 0 0 0 0
175	1	1 1 0 0 0 0 0 0 0 0 0 0 1 1 0 0 0 0 0 0
175	1	0 0 0 0 0 1 1 1 0 1 0 0 1 1 1 0 0 0 0 0
175	1	0 0 1 1 0 1 0 1 0 1 0 0 1 1 0 0 0 0 0 0
175	1	0 1 1 0 0 0 0 0 0 0 0 0 1 1 0 0 0 0 1 0
175	1	0 1 1 0 0 0 0 0 0 0 0 0 1 1 0 1 0 0 0 0
175	1	0 1 1 0 0 1 0 1 0 0 0 0 0 1 1 0 0 0 0 0
175	1	0 0 1 1 0 1 1 1 0 1 1 0 0 1 0 0 0 0 0 0
180	3	0 0 1 1 0 1 1 1 0 1 0 0 1 1 0 0 0 0 0 0
180	1	1 1 0 0 0 0 0 0 0 0 0 0 1 1 1 0 0 0 0 0
180	3	0 1 0 1 0 0 0 1 0 0 0 0 1 1 0 0 0 0 0 0
180	2	0 0 1 0 1 0 0 0 0 1 0 0 1 1 1 0 0 0 0 0
180	1	0 0 1 0 0 0 0 1 0 0 1 0 1 1 0 0 0 0 0 0
180	1	0 0 0 1 0 1 1 0 0 1 0 0 1 1 0 0 0 0 0 0
180	1	1 1 1 1 0 0 0 1 0 0 0 0 0 1 0 1 0 0 0 0
180	1	1 1 0 0 0 0 0 0 0 0 0 0 1 1 0 0 0 0 0 0
180	1	1 1 0 0 0 0 0 0 0 0 0 0 0 1 0 1 0 0 1 0
180	1	0 1 1 0 0 0 0 0 0 0 0 0 1 1 0 0 0 0 1 0
180	1	0 1 1 0 0 0 0 0 0 0 0 0 1 1 0 1 0 0 0 0
180	1	0 0 1 0 0 1 0 1 0 0 0 0 1 1 1 0 0 0 0 1
180	1	0 1 0 0 0 0 0 0 0 0 0 0 0 1 0 0 0 0 1 0
180	1	0 1 1 0 0 0 0 0 0 0 0 0 0 1 0 0 0 0 0 0
180	1	0 0 0 1 0 0 0 1 0 0 0 0 1 1 0 0 0 0 0 0
185	1	0 1 1 0 0 0 0 1 0 0 0 0 1 1 0 0 0 0 0 0
185	1	0 1 0 0 0 1 1 1 0 1 0 0 1 1 1 0 0 0 0 0
185	1	0 1 0 1 0 0 0 1 0 0 0 0 1 1 0 0 0 0 0 0
185	1	0 1 0 0 0 1 1 1 0 1 0 0 0 1 0 0 0 0 0 0
185	1	0 1 0 1 0 1 1 1 1 1 0 0 1 1 0 1 0 0 0 0
185	1	0 1 0 1 0 1 1 0 0 1 0 0 1 1 0 0 0 0 0 0
185	1	1 1 1 1 0 1 1 1 0 1 0 0 1 1 0 0 0 0 0 0
185	1	1 1 1 1 0 0 0 1 0 0 0 0 0 1 0 1 0 0 0 0
185	1	1 1 0 0 0 0 0 0 0 0 0 0 0 1 0 0 0 0 1 0
185	1	0 1 0 1 0 0 0 1 0 0 0 0 0 1 1 0 0 0 0 0
185	2	0 0 0 1 0 1 1 0 0 1 0 0 0 1 0 0 0 0 0 0
185	1	0 1 0 1 0 0 1 1 0 0 0 0 1 1 0 0 0 0 0 0
185	1	0 0 0 1 1 0 0 0 0 1 0 0 1 1 1 0 0 0 0 0
185	1	0 1 1 0 0 1 0 1 0 0 0 0 0 1 1 0 0 0 0 0
185	1	0 1 0 1 0 0 0 1 0 0 0 0 0 1 0 0 0 0 0 0
185	1	1 1 0 0 0 0 0 0 0 0 0 0 0 1 1 0 0 0 1 0
185	1	1 1 1 1 0 0 1 1 0 1 0 0 1 1 0 0 1 0 0 0
185	1	1 1 1 0 0 1 1 0 0 0 0 0 1 0 0 0 0 0 0 0
185	1	1 1 0 0 0 1 1 1 0 1 0 0 1 0 0 0 0 0 0 0
190	1	0 1 1 0 0 0 0 1 0 0 0 0 1 1 0 0 0 0 0 0
190	1	0 0 1 1 0 1 1 1 0 1 0 0 1 1 0 0 0 0 0 0
190	1	0 0 1 0 1 1 0 1 0 0 0 0 0 1 0 0 0 0 0 0
190	1	0 1 1 0 0 1 1 0 0 0 0 0 1 0 0 0 0 0 0 0
190	1	0 1 0 1 0 1 1 1 1 1 0 0 1 1 0 1 0 0 0 0
190	1	0 0 1 1 0 1 1 0 0 1 0 0 1 1 0 1 0 1 0 0
190	2	1 1 0 0 1 0 0 0 0 0 0 0 1 1 0 0 0 0 0 0
190	1	0 1 0 1 0 0 1 1 0 0 0 0 1 1 0 0 0 0 0 0
190	1	0 1 0 1 0 1 1 0 0 1 1 0 1 1 0 0 0 0 1 0
190	1	1 1 1 1 0 0 1 1 0 1 0 0 1 1 0 0 0 0 0 0
190	1	0 0 0 1 1 1 1 0 0 1 0 0 1 1 0 0 0 0 0 0
190	1	0 0 1 0 0 1 1 0 0 0 0 0 1 0 0 0 0 0 0 0
190	1	0 1 0 0 0 1 1 1 0 1 0 0 1 1 0 0 0 0 1 0
190	1	1 1 0 0 0 0 0 0 0 0 0 0 0 1 0 0 0 0 0 0
190	1	0 1 0 1 0 1 1 1 0 1 0 0 1 1 1 0 0 0 0 0
190	1	1 1 0 0 1 0 0 0 0 0 0 0 1 1 1 0 0 0 0 0
190	1	0 0 1 1 0 0 0 1 0 0 0 0 1 1 0 0 0 0 1 0
190	1	0 0 1 1 0 1 1 1 0 1 0 0 1 0 0 1 0 0 0 0
190	1	0 0 1 0 1 1 1 1 0 1 0 0 1 1 0 0 0 0 0 0
195	3	0 0 1 1 0 1 1 1 0 1 0 0 1 1 0 0 0 0 0 0
195	1	0 0 1 1 0 1 1 1 0 1 0 0 1 1 0 0 0 1 0 0
195	1	0 1 0 1 0 0 0 1 0 0 0 0 1 1 0 0 0 0 0 0
195	2	0 1 1 0 0 0 0 1 1 0 0 0 1 1 0 0 0 0 0 0
195	2	1 1 1 0 0 0 0 0 1 0 0 0 0 1 0 1 0 0 0 0
195	1	0 0 1 1 0 1 1 0 0 1 0 0 1 1 0 1 0 1 0 0
195	1	1 1 0 0 0 0 0 0 0 0 0 0 0 1 0 0 0 0 1 0
195	1	0 0 0 1 0 1 1 0 0 1 0 0 0 1 0 0 0 0 0 0
195	1	1 1 0 0 0 0 0 0 0 0 0 0 0 1 0 0 0 0 0 0
195	1	1 1 0 1 0 1 1 0 0 1 0 0 1 1 0 1 0 0 0 0
195	1	0 0 1 1 0 1 1 1 0 1 0 0 1 0 0 1 0 0 0 0
195	1	0 1 1 1 0 0 0 1 0 0 1 0 0 1 1 0 0 0 0 0
195	1	1 1 1 1 0 0 1 1 0 0 0 0 1 1 1 0 0 0 0 0
195	1	1 1 1 0 0 0 0 0 1 0 0 1 0 1 0 1 0 0 0 0
195	1	1 1 1 1 0 1 0 1 0 0 0 0 1 1 0 1 1 0 0 0
195	1	0 0 1 0 1 0 0 0 0 1 0 0 1 1 0 0 0 0 0 0
200	1	0 0 1 1 0 1 1 1 0 1 0 0 1 1 0 0 0 0 0 0
200	3	0 1 0 1 0 0 0 1 0 0 0 0 1 1 0 0 0 0 0 0
200	1	0 0 1 0 1 0 0 0 0 1 0 0 1 1 1 0 0 0 0 0
200	1	0 1 0 0 0 1 1 1 0 1 0 0 0 1 0 0 0 0 0 0
200	1	0 1 0 1 0 1 1 1 1 1 0 0 1 1 0 1 0 0 0 0
200	1	1 1 1 1 0 1 1 1 0 1 0 0 1 1 0 0 0 0 0 0
200	1	1 1 1 1 0 0 0 1 0 0 0 0 0 1 0 1 0 0 0 0
200	1	0 0 1 1 0 1 1 0 0 1 0 0 1 1 0 1 0 1 0 0
200	1	0 0 1 1 0 1 1 1 0 1 0 0 1 1 1 1 0 0 0 0
200	1	0 0 1 1 0 1 1 1 1 1 0 0 1 1 0 0 0 0 0 0
200	1	0 1 0 0 0 1 1 1 0 1 0 0 1 1 0 0 0 0 1 0
200	2	0 0 0 1 0 1 1 1 0 1 0 0 1 1 0 0 0 0 0 0
200	1	1 1 1 1 0 0 0 1 0 1 0 0 1 1 0 0 0 0 0 0
200	1	0 1 1 1 0 1 1 0 0 0 0 0 1 0 0 0 0 0 0 0
200	1	1 1 1 1 0 0 1 0 0 0 1 0 1 1 0 0 0 0 0 0
200	1	0 0 0 1 0 0 0 1 0 0 0 0 1 1 0 0 0 0 1 0
200	1	0 0 1 1 0 1 1 1 0 1 0 0 1 1 0 1 0 0 0 1
205	1	0 1 1 0 0 0 0 1 0 0 0 0 1 1 0 0 0 0 0 0
205	3	0 0 1 1 0 1 1 1 0 1 0 0 1 1 0 0 0 0 0 0
205	1	0 1 1 1 0 0 0 0 0 0 0 0 0 1 0 0 0 0 0 0
205	1	1 1 0 0 0 0 0 0 0 0 0 0 1 1 1 0 0 0 0 0
205	1	1 1 1 0 0 0 0 0 1 0 0 0 0 1 0 1 0 0 0 0
205	2	1 1 1 1 0 0 0 1 0 0 0 0 0 1 0 1 0 0 0 0
205	1	0 0 1 1 0 1 1 1 0 1 0 0 1 1 1 1 0 0 0 0
205	1	0 0 1 0 1 1 0 1 0 0 1 0 1 1 0 0 0 0 0 0
205	1	0 0 1 0 1 1 0 1 0 0 1 1 1 1 0 0 0 0 0 0
205	1	0 0 1 0 0 1 1 0 0 0 0 0 1 0 0 0 1 0 0 1
205	1	0 1 0 1 0 1 1 0 0 1 1 0 1 0 0 1 0 0 0 0
205	1	0 1 0 1 0 1 1 1 0 1 0 0 0 1 0 0 0 0 0 0
205	1	0 0 1 0 0 0 0 1 1 0 0 0 1 1 0 0 0 0 0 0
205	1	0 1 0 1 0 0 0 1 0 0 0 0 0 1 0 1 0 0 0 0
205	1	0 0 1 0 1 0 0 0 0 1 0 0 1 1 1 0 0 0 0 1
205	1	1 1 0 0 0 1 1 1 0 1 0 0 1 1 0 0 0 0 0 1
205	1	0 1 1 0 0 0 0 0 0 0 0 0 0 1 1 0 0 0 0 0
210	2	0 1 1 1 0 1 1 1 0 1 0 0 1 1 0 0 0 0 0 0
210	1	1 1 1 1 0 1 1 1 0 1 0 0 1 1 0 0 0 0 0 0
210	1	0 1 0 0 0 0 0 1 0 0 1 0 1 1 0 0 0 0 0 0
210	1	0 1 0 0 0 1 1 1 0 1 0 0 1 1 0 1 0 0 0 0
210	1	0 0 1 0 1 1 0 1 0 0 1 0 1 1 0 0 0 0 0 0
210	1	0 1 1 0 0 0 0 0 0 0 0 0 0 1 0 0 0 0 0 0
210	3	0 1 1 0 0 0 0 0 1 0 0 0 0 1 0 1 0 0 0 0
210	1	0 0 1 1 0 1 1 1 0 1 0 0 1 1 1 1 0 0 0 1
210	1	1 1 1 1 0 1 1 0 0 1 0 0 1 1 0 1 0 1 0 0
210	1	0 0 1 0 0 1 1 0 0 1 0 0 0 1 0 0 0 0 0 0
210	1	0 0 1 1 0 1 1 1 0 0 1 0 0 1 0 0 0 0 0 0
210	1	0 0 1 1 0 0 0 1 0 0 0 0 1 1 1 1 0 0 0 0
210	1	1 1 1 1 0 0 0 1 0 0 0 0 1 1 0 0 0 0 1 0
210	1	1 1 1 0 0 0 0 0 1 0 0 0 0 0 0 1 0 0 0 0
210	1	1 1 1 1 0 0 0 1 0 0 0 0 0 0 0 1 0 0 0 0
210	1	0 1 1 0 0 0 0 0 0 1 0 0 0 1 0 0 0 0 0 0
210	1	1 1 1 1 0 0 0 1 0 1 0 0 0 0 0 1 0 0 0 0
215	1	0 0 1 1 0 1 1 1 0 1 0 0 1 1 0 0 0 0 0 0
215	1	0 1 1 1 0 0 0 0 0 0 0 0 0 1 0 0 0 0 0 0
215	2	1 1 1 1 0 1 1 1 0 1 0 0 1 1 0 0 0 0 0 0
215	1	0 0 1 1 0 1 1 1 0 1 0 0 1 1 1 1 0 0 0 0
215	1	0 1 1 0 0 0 0 0 0 0 0 0 0 1 0 0 0 0 0 0
215	1	0 1 0 1 0 0 0 0 1 0 0 1 1 0 0 0 0 0 0 0
215	1	1 1 1 1 0 0 0 1 0 1 0 0 1 1 0 0 0 0 0 0
215	1	0 1 1 0 0 0 0 0 0 0 1 0 1 1 1 0 0 0 0 0
215	1	1 1 1 1 0 0 1 0 0 0 0 1 1 1 0 0 0 0 0 0
215	1	0 1 1 0 0 0 0 0 0 1 0 0 0 1 0 0 0 0 0 0
215	2	0 1 1 1 0 1 1 1 0 1 0 0 0 1 0 0 0 0 0 0
215	1	0 0 0 1 0 0 0 1 0 0 0 0 0 1 0 1 0 0 0 0
215	1	0 0 1 1 1 1 1 1 0 1 0 0 1 1 0 0 0 0 0 0
215	1	0 1 0 0 1 1 0 1 0 0 1 0 1 1 0 0 0 0 0 0
215	1	0 0 1 1 0 1 1 1 0 1 0 0 1 1 1 1 0 1 0 0
215	1	0 1 0 1 0 0 0 1 1 0 0 0 0 1 0 1 0 0 0 0
215	1	0 0 1 0 1 1 0 1 0 0 0 0 1 1 0 0 0 0 0 0
215	1	0 1 0 1 1 1 1 1 0 1 0 0 1 1 0 0 0 0 0 0
220	1	0 1 1 0 0 0 0 1 0 0 0 0 1 1 0 0 0 0 0 0
220	1	0 0 1 1 0 1 1 1 0 1 0 0 1 1 0 0 0 0 0 0
220	1	0 1 1 1 0 0 0 0 0 0 0 0 0 1 0 0 0 0 0 0
220	2	0 1 0 1 0 0 0 1 0 0 0 0 1 1 0 0 0 0 0 0
220	1	0 1 1 1 0 1 1 1 0 1 0 0 1 1 0 0 0 0 0 0
220	1	0 0 1 1 0 1 1 1 0 1 0 0 1 1 1 1 0 0 0 0
220	1	0 0 1 1 0 0 0 1 0 0 0 0 1 1 0 0 0 0 0 0
220	1	0 0 0 1 0 1 1 1 0 1 0 0 1 1 0 0 0 0 0 0
220	1	0 0 0 1 0 0 1 1 0 1 0 0 1 1 0 0 0 0 0 0
220	1	0 1 0 1 0 1 1 0 0 1 0 0 0 1 1 0 0 0 0 0
220	1	0 0 1 1 0 1 1 1 0 0 0 0 1 1 0 0 0 0 0 0
220	1	0 1 0 0 0 1 0 1 0 0 1 0 0 1 0 0 0 0 0 0
220	1	0 1 0 1 0 1 1 1 1 1 0 0 1 1 0 0 0 0 0 0
220	1	1 0 1 0 1 1 0 1 0 0 1 1 1 1 0 0 1 0 0 0
220	1	0 0 1 1 1 1 1 1 0 1 0 0 1 1 0 0 0 0 1 0
220	1	0 1 1 0 1 1 1 0 0 0 0 0 1 0 0 1 0 0 0 0
220	1	1 1 1 1 0 0 1 0 0 0 0 1 1 1 0 0 0 0 1 0
220	1	0 0 1 1 0 0 0 0 0 0 0 0 0 1 0 0 0 0 0 0
220	1	0 1 1 1 0 1 1 0 0 0 0 0 1 1 0 0 0 0 0 0
225	3	0 0 1 1 0 1 1 1 0 1 0 0 1 1 0 0 0 0 0 0
225	1	0 1 1 1 0 1 1 1 0 1 0 0 1 1 0 0 0 0 0 0
225	1	0 0 1 1 0 1 1 1 0 1 0 0 1 1 1 1 0 0 0 0
225	2	1 1 1 1 0 0 1 1 0 0 0 0 1 1 1 0 0 0 0 0
225	1	0 1 1 0 1 0 0 1 0 0 0 0 1 1 0 0 0 0 0 0
225	1	1 1 1 0 0 1 0 1 0 0 1 0 0 1 0 0 0 0 0 0
225	1	0 0 1 0 0 1 1 1 0 1 0 0 1 1 1 1 0 0 0 0
225	2	0 0 1 0 1 1 0 1 0 0 1 1 1 1 0 0 0 1 0 0
225	1	1 1 1 1 0 0 1 0 0 0 0 1 1 1 0 0 0 0 1 0
225	1	0 1 1 1 0 0 0 1 0 0 0 0 1 1 0 0 0 0 0 0
225	1	1 1 1 1 0 0 0 1 0 0 0 0 1 1 0 0 1 0 0 0
225	1	0 0 1 0 0 0 0 1 0 1 0 0 0 1 0 0 0 0 0 0
225	1	0 0 1 0 0 1 0 1 0 0 1 1 1 1 0 0 0 0 0 0
225	1	0 0 1 0 1 1 0 0 0 0 1 0 1 1 1 0 0 0 0 0
225	1	1 1 1 1 0 0 0 1 0 0 0 0 1 1 1 0 0 0 0 0
225	1	1 1 1 1 1 0 1 0 0 1 1 0 1 1 0 0 0 0 0 0
230	1	0 1 1 0 0 0 0 1 0 0 0 0 1 1 0 0 0 0 0 0
230	1	0 0 1 1 0 1 1 1 0 1 0 0 1 1 0 0 0 0 0 0
230	1	0 1 0 1 0 0 0 1 0 0 0 0 1 1 0 0 0 0 0 0
230	1	0 0 1 1 0 0 0 1 0 0 0 0 1 1 0 0 0 0 1 0
230	1	1 1 1 1 0 0 0 1 1 0 0 0 1 1 0 0 0 0 0 0
230	2	1 1 1 1 0 0 0 1 0 1 0 0 1 1 0 0 0 0 0 0
230	3	1 1 1 1 0 0 1 1 0 0 0 0 1 1 1 0 0 0 0 0
230	1	1 1 1 1 0 0 0 1 0 0 0 0 1 1 0 0 0 0 1 0
230	2	0 0 1 0 1 1 0 1 0 0 1 0 1 1 1 0 0 0 0 0
230	1	0 1 1 0 1 1 1 0 0 0 0 0 1 0 0 1 0 0 0 0
230	2	0 0 1 1 0 0 0 1 0 0 0 0 0 0 0 1 0 0 0 0
230	1	1 1 1 1 0 0 1 1 0 0 0 0 1 1 0 0 1 0 0 0
230	1	1 1 1 1 0 0 1 1 0 0 0 0 1 1 1 0 0 0 1 0
230	1	1 1 1 1 0 0 0 1 1 0 0 0 1 0 0 0 0 0 0 0
230	1	0 0 1 1 0 1 1 1 0 1 0 0 1 0 0 0 0 0 1 1
235	2	0 0 1 1 0 1 1 1 0 1 0 0 1 1 0 0 0 0 0 0
235	1	0 1 1 1 0 1 1 1 0 1 0 0 1 1 0 0 0 0 0 0
235	1	1 1 1 1 0 0 0 1 0 0 0 0 0 1 0 1 0 0 0 0
235	1	1 1 1 1 0 0 1 1 0 0 0 0 1 1 1 0 0 0 0 0
235	2	0 0 1 1 0 1 1 1 0 1 0 0 1 1 0 1 0 0 0 1
235	2	1 1 1 1 0 0 0 1 0 0 0 0 1 1 0 0 0 0 1 0
235	1	1 1 1 1 1 0 0 0 1 0 0 0 0 1 0 1 0 0 0 0
235	1	0 1 1 1 0 0 0 1 0 0 0 0 1 1 0 0 0 0 0 0
235	1	0 1 0 0 0 0 0 0 0 0 0 0 0 1 0 0 0 0 0 0
235	1	1 1 1 1 0 0 0 1 0 0 0 0 1 1 0 0 1 0 0 0
235	1	1 1 1 1 0 0 1 0 0 0 0 1 0 1 0 0 0 0 1 0
235	1	1 1 1 1 0 0 0 1 0 1 0 0 1 1 0 1 0 0 0 0
235	1	0 1 1 1 1 0 0 1 0 0 1 0 0 1 1 0 1 0 0 0
235	1	1 0 1 0 1 1 0 1 0 0 0 0 1 1 0 0 0 0 1 0
235	1	0 1 0 1 0 1 1 1 0 1 0 1 1 1 0 0 0 0 0 0
235	1	0 0 1 1 0 1 1 1 0 1 0 0 1 1 0 0 0 0 1 0
235	1	1 1 0 1 1 0 0 0 1 0 0 0 0 1 0 1 0 0 0 0
240	2	0 0 1 1 0 1 1 1 0 1 0 0 1 1 0 0 0 0 0 0
240	1	1 1 1 0 0 0 0 0 1 0 0 0 0 1 0 1 0 0 0 0
240	1	1 1 1 1 0 0 0 1 0 0 0 0 0 1 0 1 0 0 0 0
240	1	1 1 1 1 0 0 1 0 0 1 1 0 1 1 0 0 0 0 0 0
240	1	1 1 1 1 0 0 0 1 0 1 0 0 1 1 0 0 0 0 0 0
240	1	1 1 1 1 0 0 1 1 0 0 0 0 1 1 1 0 0 0 0 0
240	1	0 1 0 0 0 1 1 1 1 1 0 0 1 1 0 1 0 0 0 0
240	1	1 1 1 1 0 1 0 1 0 0 1 0 1 0 0 0 0 0 0 0
240	1	0 1 1 1 0 0 0 1 0 0 0 0 1 1 0 0 0 0 0 0
240	1	0 1 0 0 0 0 0 0 0 0 0 0 0 1 0 0 0 0 0 0
240	1	0 1 1 0 0 0 0 0 0 1 0 0 0 1 0 0 0 0 1 0
240	1	0 0 1 1 0 1 1 1 0 1 0 0 1 1 0 0 0 0 0 1
240	1	1 1 0 1 1 0 0 0 1 0 0 0 0 1 0 1 0 0 0 0
240	1	0 1 1 1 0 0 1 0 0 0 0 1 1 1 0 0 0 0 1 0
240	1	0 1 1 1 0 0 0 0 0 0 0 1 0 1 0 0 0 0 0 0
240	1	1 1 1 1 1 0 1 1 0 0 0 0 1 1 1 0 0 0 0 0
240	1	0 0 0 0 1 1 0 1 0 0 1 0 1 1 1 0 0 0 0 0
240	1	1 1 1 1 0 0 0 1 0 0 1 0 0 1 1 0 0 0 0 0
240	1	1 0 1 1 0 0 0 1 1 0 0 0 1 1 0 0 0 0 0 0
245	1	0 0 1 1 0 1 1 1 0 1 0 0 1 1 0 0 0 0 0 0
245	2	0 1 0 1 0 0 0 1 0 0 0 0 1 1 0 0 0 0 0 0
245	1	1 1 1 1 0 1 0 1 0 0 1 0 0 1 0 0 0 0 0 0
245	1	1 1 1 1 0 0 1 1 0 0 0 0 1 1 1 0 0 0 0 0
245	1	0 1 0 1 0 0 0 1 0 0 0 0 0 1 0 1 0 0 0 0
245	1	0 1 1 0 0 0 0 0 0 1 0 0 0 1 0 0 0 0 1 0
245	1	0 0 1 0 1 1 0 1 0 0 1 1 1 1 0 1 0 1 0 0
245	1	0 0 1 1 0 1 1 0 0 1 0 0 0 1 1 0 0 0 0 0
245	1	1 1 1 1 0 0 0 1 0 0 1 0 0 1 0 1 0 0 0 0
245	1	1 1 0 1 0 0 0 1 0 0 0 0 0 1 0 1 0 0 0 0
245	3	1 1 1 1 0 0 1 0 0 1 1 0 1 1 0 0 0 1 0 0
245	1	0 1 1 0 0 0 1 0 0 0 0 0 0 1 0 0 0 0 0 0
245	1	1 1 1 1 1 0 1 1 0 0 0 0 1 1 1 0 0 0 0 0
245	1	0 0 1 1 0 1 1 1 0 0 1 0 1 1 1 0 0 0 0 0
245	1	1 1 1 1 0 0 0 1 0 0 1 0 0 1 1 0 0 0 0 0
245	1	0 1 1 1 0 0 1 1 0 0 0 1 1 1 1 0 0 0 0 1
245	1	0 1 0 1 0 0 0 1 1 0 0 0 1 1 0 0 0 0 0 0
250	1	1 1 1 1 0 1 0 1 0 0 1 0 0 1 0 0 0 0 0 0
250	1	1 1 1 0 0 0 0 0 1 0 0 0 0 1 0 1 0 0 0 0
250	1	1 1 1 1 0 0 0 1 0 1 0 0 1 1 0 0 0 0 0 0
250	2	1 1 1 1 0 0 1 1 0 0 0 0 1 1 1 0 0 0 0 0
250	1	0 1 0 1 0 0 0 1 0 0 0 0 0 1 0 1 0 0 0 0
250	1	1 1 1 1 0 0 0 1 0 0 0 0 1 1 0 0 0 0 1 0
250	1	0 1 0 1 0 1 1 1 1 1 0 0 1 1 0 0 0 0 0 0
250	1	1 1 1 1 1 0 0 0 1 0 0 0 0 1 0 1 0 0 0 0
250	1	0 1 1 0 0 0 0 0 0 1 0 0 0 1 0 0 0 0 1 0
250	1	0 0 1 0 1 1 0 1 0 0 0 0 1 1 1 0 0 0 0 0
250	1	1 1 0 1 0 0 1 1 0 0 0 0 1 1 1 0 0 0 0 0
250	1	1 1 1 1 0 0 1 1 0 0 0 0 1 1 1 1 0 0 0 0
250	1	0 0 1 1 0 1 1 1 0 0 0 0 1 1 1 0 0 0 0 0
250	1	1 0 1 1 0 0 0 1 1 0 0 0 1 1 0 0 0 0 0 0
250	2	1 1 1 1 0 0 0 0 0 0 0 1 0 1 0 0 0 0 0 0
250	1	0 0 1 1 0 1 1 1 0 1 0 0 1 1 1 1 0 0 0 1
250	1	0 0 1 1 0 1 1 0 0 1 0 0 0 1 0 0 0 0 0 0
250	1	1 1 1 1 0 0 0 1 0 1 0 0 1 1 0 0 0 0 1 0
255	2	1 1 1 1 0 0 1 1 0 0 0 0 1 1 1 0 0 0 0 0
255	2	0 1 0 1 0 0 0 1 0 0 0 0 0 1 0 1 0 0 0 0
255	1	1 1 1 1 1 0 0 0 1 0 0 0 0 1 0 1 0 0 0 0
255	1	1 1 1 1 0 0 1 0 0 0 0 1 1 1 0 0 0 0 1 0
255	1	0 1 1 0 0 0 0 0 0 1 0 0 0 1 0 0 0 0 1 0
255	1	1 1 1 1 0 0 0 1 0 0 1 0 0 1 0 1 0 0 0 0
255	1	0 0 1 1 0 0 1 1 0 1 0 0 1 0 0 0 0 0 0 0
255	1	1 1 1 1 0 0 1 0 0 1 1 0 1 1 0 0 0 1 0 0
255	1	0 0 1 1 0 1 1 1 0 0 1 0 1 1 1 0 0 0 0 0
255	1	1 1 1 0 1 0 0 1 1 1 0 0 1 1 0 0 0 0 0 0
255	1	0 0 1 1 0 1 1 1 0 1 0 0 0 1 0 0 0 0 0 1
255	1	1 0 1 1 0 1 1 1 0 1 0 0 1 1 0 1 0 0 0 1
255	1	0 1 1 0 0 0 1 0 0 0 0 0 0 1 0 1 0 0 0 0
255	1	0 1 1 0 0 0 0 0 0 1 0 0 0 1 0 1 0 0 0 1
255	1	1 1 0 1 0 0 1 1 0 0 0 0 1 1 1 0 0 0 1 0
255	1	0 0 1 1 0 0 1 1 0 0 0 0 1 1 1 0 0 0 0 0
255	1	1 1 1 1 0 0 0 1 1 0 0 0 0 1 0 1 0 0 0 0
255	1	1 1 1 1 1 0 1 0 0 1 1 0 0 1 0 0 0 0 0 0
260	1	1 1 1 1 0 0 0 1 0 1 0 0 1 1 0 0 0 0 0 0
260	2	1 1 1 1 0 0 1 1 0 0 0 0 1 1 1 0 0 0 0 0
260	4	1 1 1 1 0 0 1 0 0 0 0 1 0 1 0 0 0 0 1 0
260	3	1 1 0 1 0 0 1 1 0 0 0 0 1 1 1 0 0 0 0 0
260	2	1 1 1 1 0 0 1 0 0 1 1 0 1 1 0 0 0 1 0 0
260	1	1 1 1 1 0 0 1 1 0 0 0 0 1 1 1 1 0 0 0 0
260	1	0 1 0 1 0 0 0 1 0 0 0 0 0 1 1 1 0 1 0 0
260	1	1 0 1 1 1 0 0 1 1 0 0 0 1 1 0 0 0 0 0 0
260	1	1 1 1 1 1 0 0 0 1 0 0 0 0 1 0 1 1 0 0 0
260	1	0 1 1 1 0 0 0 1 0 0 0 0 0 1 0 0 0 0 0 0
260	1	0 1 1 0 0 0 1 1 0 0 0 0 1 1 0 0 0 0 0 0
260	1	1 0 1 1 0 0 0 0 0 0 0 1 0 1 0 0 0 0 0 0
260	1	1 1 1 1 1 0 1 0 0 1 1 0 1 1 0 0 1 0 0 0
265	1	1 1 1 1 0 0 0 1 0 0 0 0 0 1 0 1 0 0 0 0
265	1	0 0 1 1 0 0 0 1 0 0 0 0 1 1 0 0 0 0 1 0
265	1	1 1 1 1 0 0 1 1 0 0 0 0 1 1 1 0 0 0 0 0
265	1	0 0 1 1 0 1 1 1 0 1 0 0 1 1 0 1 0 0 0 1
265	1	0 1 0 1 0 0 0 1 0 0 0 0 0 1 0 1 0 0 0 0
265	1	1 1 1 1 0 0 1 0 0 0 0 1 0 1 0 0 0 0 1 0
265	1	1 1 1 1 0 0 0 1 0 0 1 0 0 1 0 1 0 0 0 0
265	1	1 1 0 1 1 0 0 0 1 0 0 0 0 1 0 1 0 0 0 0
265	1	1 1 1 1 0 0 1 0 0 1 1 0 1 1 0 0 0 1 0 0
265	1	1 1 1 0 1 0 0 1 1 1 0 0 1 1 0 0 0 0 0 0
265	1	0 0 1 1 0 1 1 1 0 0 0 0 1 1 1 0 0 0 0 0
265	1	1 1 0 0 0 1 1 1 1 1 0 0 1 1 0 0 0 0 0 0
265	1	1 0 1 1 0 0 0 1 0 0 0 0 1 1 0 0 0 0 1 0
265	1	1 1 1 1 0 0 1 0 0 0 0 1 1 1 0 0 0 1 1 0
265	1	1 0 1 1 0 0 0 1 1 0 1 0 1 1 0 0 0 0 0 0
265	1	0 1 1 0 0 0 0 0 0 1 0 0 0 1 0 0 0 1 1 0
265	1	1 1 1 1 0 0 1 0 0 0 0 0 1 1 1 0 0 0 0 0
265	1	0 0 1 1 0 0 0 1 0 0 0 1 1 1 0 0 0 0 1 0
265	1	1 1 1 0 0 0 1 1 0 0 0 0 1 1 1 0 0 0 0 0
265	1	1 1 0 1 0 0 1 1 0 0 1 0 1 1 1 0 0 0 0 0
270	1	1 1 1 1 0 0 0 1 1 0 0 0 1 1 0 0 0 0 0 0
270	1	0 1 1 0 0 0 0 0 0 1 0 0 0 1 0 0 0 0 1 0
270	1	0 0 1 1 0 1 1 0 0 1 0 0 0 1 1 0 0 0 0 0
270	1	1 1 0 1 0 0 1 1 0 0 0 0 1 1 1 0 0 0 0 0
270	2	1 1 1 1 0 0 1 0 0 1 1 0 1 1 0 0 0 1 0 0
270	1	0 0 1 1 0 1 1 1 0 0 0 0 1 1 1 0 0 0 0 0
270	1	0 1 0 1 0 0 0 1 0 0 0 0 0 1 1 1 0 1 0 0
270	1	0 1 1 1 0 0 0 0 0 0 0 0 1 1 0 0 0 0 0 0
270	1	0 1 1 1 0 0 1 1 0 0 0 1 1 1 1 0 0 0 0 1
270	1	1 0 1 1 0 0 0 1 0 0 0 0 1 1 0 0 0 0 1 0
270	1	1 1 1 1 0 0 1 1 0 0 0 0 1 1 1 0 0 0 0 1
270	1	1 1 0 1 0 0 1 1 0 1 0 0 1 1 1 0 0 0 0 0
270	2	0 0 1 1 0 1 1 0 0 1 0 0 1 1 0 0 0 0 0 0
270	1	0 1 1 1 0 1 1 0 0 1 0 0 1 1 0 0 0 0 0 0
270	1	1 1 1 1 0 0 1 0 0 0 0 1 1 1 0 0 0 0 0 0
270	1	1 1 1 1 0 0 1 1 0 0 0 0 0 1 1 0 0 0 0 0
270	1	1 1 1 0 0 0 0 1 1 0 0 0 1 1 0 0 0 0 0 1
270	1	1 1 1 1 0 0 1 1 0 0 0 0 1 1 1 0 0 0 1 1
275	1	1 1 1 1 0 0 1 1 0 0 0 0 1 1 1 0 0 0 0 0
275	1	1 1 1 1 0 0 1 1 0 0 0 0 1 1 0 0 0 0 0 0
275	1	1 1 1 1 0 0 1 0 0 0 0 1 0 1 0 0 0 0 1 0
275	1	0 0 1 1 0 1 1 0 0 1 0 0 0 1 1 0 0 0 0 0
275	1	0 1 0 1 0 0 0 1 0 0 0 0 0 1 1 1 0 1 0 0
275	1	1 0 1 1 1 0 0 1 1 0 0 0 1 1 0 0 0 0 0 0
275	1	0 1 1 1 0 0 1 0 0 1 1 0 1 1 0 0 0 0 0 0
275	1	0 1 1 1 0 0 0 0 0 0 0 0 1 1 1 1 0 0 0 1
275	2	1 1 1 1 0 0 1 0 0 0 0 1 1 1 0 0 0 1 1 0
275	1	0 1 1 1 0 1 1 0 0 1 0 0 1 1 0 0 0 0 0 0
275	1	1 1 1 1 0 0 1 0 0 0 0 1 1 1 0 0 0 0 0 0
275	1	0 1 0 1 0 1 1 1 0 1 0 1 0 1 0 0 0 0 0 0
275	1	1 1 1 1 0 0 1 1 0 0 1 0 1 1 1 0 0 0 0 0
275	1	0 0 1 1 0 1 1 1 1 0 0 0 1 1 1 0 0 0 0 0
275	2	1 1 0 1 0 0 1 1 0 0 0 1 1 1 1 0 0 0 0 0
275	1	0 1 1 1 0 0 1 1 0 0 0 1 0 1 0 0 0 0 1 0
275	1	0 0 1 1 0 0 1 1 0 1 0 1 1 0 0 0 0 0 0 0
275	1	0 1 1 1 0 1 0 0 0 0 0 0 1 1 1 1 0 0 0 1
280	1	1 1 1 1 0 0 0 1 0 0 0 0 0 1 0 1 0 0 0 0
280	2	1 1 1 1 0 0 0 1 1 0 0 0 1 1 0 0 0 0 0 0
280	1	1 1 1 1 0 0 1 1 0 0 0 0 1 1 1 0 0 0 0 0
280	1	0 0 1 1 0 1 1 1 0 1 0 0 1 1 0 1 0 0 0 1
280	2	1 1 1 1 0 0 1 1 0 0 0 0 1 1 0 0 0 0 0 0
280	1	0 0 1 1 0 0 1 1 0 1 0 0 1 0 0 0 0 0 0 0
280	1	0 1 0 1 0 0 0 1 0 0 0 0 0 1 1 1 0 1 0 0
280	1	1 1 0 0 0 1 1 1 1 1 0 0 1 1 0 0 0 0 0 0
280	1	0 1 1 1 0 0 1 0 0 1 1 0 1 1 0 0 0 1 0 0
280	1	0 0 1 1 0 1 1 0 0 1 0 0 1 1 0 0 0 0 0 0
280	1	1 1 1 1 0 0 1 1 0 0 0 0 0 1 1 0 0 0 0 0
280	1	1 1 1 1 0 0 1 1 0 0 1 0 1 1 1 0 0 0 0 0
280	1	1 1 1 1 0 0 0 1 0 1 0 0 0 1 1 0 0 0 0 0
280	1	1 1 1 1 0 0 1 0 0 0 0 1 0 1 1 0 0 0 1 0
280	1	0 1 0 1 0 1 1 1 0 1 0 1 1 1 1 0 0 0 0 0
280	1	1 1 1 1 0 0 0 1 1 0 0 1 1 1 0 0 0 0 0 1
280	1	0 1 0 1 0 0 0 1 0 0 0 0 0 1 1 0 0 0 0 0
280	1	1 1 1 1 0 0 0 1 0 0 0 0 0 1 0 1 0 1 0 0
285	1	1 1 1 1 0 0 0 1 0 0 0 0 0 1 0 1 0 0 0 0
285	2	1 1 1 1 0 0 1 1 0 0 0 0 1 1 1 0 0 0 0 0
285	2	1 1 1 1 0 0 1 1 0 0 0 0 1 1 0 0 0 0 0 0
285	1	1 1 0 1 0 0 1 1 0 0 0 0 1 1 1 0 0 0 0 0
285	1	0 0 1 1 0 1 1 1 0 0 0 0 1 1 1 0 0 0 0 0
285	1	1 1 0 1 0 1 0 1 0 0 0 0 1 1 0 0 0 0 0 1
285	1	1 1 1 1 0 0 1 0 0 0 0 1 1 1 0 0 0 0 0 0
285	1	1 1 1 1 0 0 1 1 0 0 0 0 0 1 1 0 0 0 0 0
285	1	1 1 0 1 0 0 0 1 0 0 0 0 0 1 0 1 0 0 0 0
285	1	1 1 1 1 0 0 1 0 0 0 0 1 0 1 0 0 0 0 0 0
285	1	1 1 1 1 0 0 1 1 0 0 1 0 1 1 1 0 0 0 0 0
285	1	1 1 1 1 0 0 0 1 0 1 0 0 0 1 1 0 0 0 0 0
285	1	0 1 0 1 0 0 0 1 0 0 0 0 0 1 1 0 0 0 0 0
285	1	1 1 1 1 0 1 1 0 0 0 0 1 0 1 0 0 0 0 0 0
285	1	1 1 1 1 0 0 1 1 0 0 0 0 1 1 0 0 0 0 0 1
285	1	1 0 1 1 0 0 0 1 0 0 0 0 0 1 1 0 0 0 0 0
285	1	1 1 1 1 0 0 1 1 0 1 1 0 1 1 0 0 0 0 0 0
285	1	0 1 0 1 0 0 0 0 0 0 0 0 0 1 1 0 0 0 0 0
290	2	1 1 1 1 0 0 1 1 0 0 0 0 1 1 1 0 0 0 0 0
290	2	1 1 1 1 0 0 1 1 0 0 0 0 1 1 0 0 0 0 0 0
290	1	0 1 0 1 0 0 0 1 0 0 0 0 0 1 1 1 0 1 0 0
290	2	0 1 1 1 0 0 1 0 0 1 1 0 1 1 0 0 0 0 0 0
290	1	1 1 0 0 0 1 1 1 1 1 0 0 1 1 0 0 0 0 0 0
290	1	0 1 1 1 0 0 0 1 0 1 0 0 1 1 0 0 0 0 0 0
290	1	1 1 1 1 0 0 1 1 0 0 1 0 1 1 1 0 0 0 0 0
290	2	1 1 1 1 0 0 0 1 0 1 0 0 0 1 1 0 0 0 0 0
290	1	1 1 1 1 0 0 1 0 0 0 0 1 0 1 1 0 0 0 1 0
290	1	1 1 1 0 0 0 0 1 0 0 1 0 0 1 1 0 0 0 0 0
290	1	1 0 1 1 1 0 0 1 1 0 0 0 1 1 1 0 0 0 0 1
290	1	1 1 1 1 0 0 0 1 1 0 0 1 1 1 0 0 0 0 0 0
290	1	1 0 1 1 0 0 0 1 0 0 0 0 0 1 1 0 0 0 0 0
290	1	1 1 1 1 0 0 0 1 0 0 1 0 0 1 0 1 0 0 0 0
290	1	1 1 1 1 0 0 1 0 0 0 0 0 0 1 1 0 0 0 0 0
290	1	1 1 1 1 0 0 1 1 0 0 0 0 0 1 1 0 0 1 0 0
295	1	1 1 1 1 0 0 0 1 0 0 0 0 0 1 0 1 0 0 0 0
295	2	1 1 1 1 0 0 1 1 0 0 0 0 1 1 1 0 0 0 0 0
295	2	1 1 1 1 0 0 1 1 0 0 0 0 1 1 0 0 0 0 0 0
295	1	1 1 1 1 0 1 0 0 0 0 1 0 0 1 0 0 0 0 0 0
295	1	0 0 1 1 0 0 1 1 0 1 0 0 1 0 0 0 0 0 0 0
295	1	0 1 0 1 0 0 0 1 0 0 0 0 0 1 1 1 0 1 0 0
295	1	1 1 0 0 0 1 1 1 1 1 0 0 1 1 0 0 0 0 0 0
295	1	0 1 0 1 0 1 1 1 0 1 0 1 1 1 0 1 0 0 0 0
295	2	1 0 1 1 1 0 0 1 1 0 0 0 1 1 1 0 0 0 0 0
295	1	1 1 1 1 0 0 1 1 0 0 0 0 0 1 1 0 0 0 0 0
295	1	0 1 1 0 1 0 0 1 0 0 0 0 1 1 0 0 0 0 0 1
295	1	1 1 1 1 0 0 1 1 0 0 0 0 1 1 1 0 0 1 0 0
295	1	1 1 1 1 0 0 0 1 0 1 0 0 0 1 1 0 0 0 0 0
295	1	1 1 1 1 0 0 1 0 0 0 0 1 0 1 1 0 0 0 1 0
295	2	1 1 1 1 0 0 0 1 0 0 0 0 1 1 0 0 0 0 1 0
295	1	1 1 1 0 0 0 1 1 0 0 1 0 1 1 1 0 0 0 0 0
300	1	1 1 1 1 0 0 0 1 0 0 0 0 0 1 0 1 0 0 0 0
300	1	0 0 1 1 0 1 1 1 0 1 0 0 1 1 0 1 0 0 0 1
300	3	1 1 1 1 0 0 1 1 0 0 0 0 1 1 0 0 0 0 0 0
300	1	0 1 0 1 0 0 0 1 0 0 0 0 0 1 1 1 0 1 0 0
300	2	1 0 1 1 0 1 1 1 0 1 0 0 1 1 0 1 0 0 0 1
300	1	0 1 1 1 0 0 1 0 0 1 1 0 1 1 0 0 0 0 0 0
300	1	1 0 1 1 1 0 0 1 1 0 0 0 1 1 1 0 0 0 0 0
300	1	1 1 1 1 0 0 0 1 0 0 0 0 1 1 1 0 0 0 1 0
300	1	1 1 1 1 0 0 1 1 0 0 0 0 1 1 1 0 0 1 0 0
300	1	1 1 1 1 0 0 0 1 0 1 0 0 0 1 1 0 0 0 0 0
300	1	0 1 1 1 0 0 0 1 0 0 0 0 0 1 0 1 0 0 0 0
300	1	1 1 1 1 0 0 0 1 0 0 0 0 0 1 1 0 0 0 0 0
300	1	1 1 0 1 0 0 0 1 1 0 1 0 0 1 0 1 0 0 0 0
300	1	1 1 1 1 0 1 1 0 0 1 0 0 0 1 0 1 0 0 0 0
300	1	1 1 1 1 0 0 0 1 0 0 0 0 1 1 0 0 0 0 1 0
300	1	1 1 0 1 1 0 1 1 0 0 0 0 1 1 1 0 0 0 0 0
300	1	1 1 1 1 0 0 0 1 0 1 1 1 0 1 0 0 1 0 0 0
305	2	1 1 1 1 0 0 0 1 0 0 0 0 0 1 0 1 0 0 0 0
305	1	0 0 1 1 0 0 1 1 0 1 0 0 1 0 0 0 0 0 0 0
305	1	1 0 1 1 1 0 0 1 1 0 0 0 1 1 1 0 0 0 0 0
305	1	1 1 1 1 0 0 1 1 0 0 0 0 0 1 1 0 0 0 0 0
305	3	1 1 1 1 0 1 1 0 0 1 0 0 0 1 1 0 0 0 0 0
305	1	1 1 1 1 0 0 1 1 0 0 1 0 1 1 1 0 0 0 0 0
305	1	1 1 1 1 0 0 0 1 0 1 0 0 0 1 1 0 0 0 0 0
305	1	1 1 1 1 0 0 1 0 0 0 0 1 0 1 1 0 0 0 1 0
305	1	1 1 1 1 0 0 0 1 1 0 0 1 1 1 0 0 0 0 0 1
305	1	0 1 1 1 0 0 0 1 0 0 0 0 0 1 0 1 0 0 0 0
305	1	1 1 1 1 0 1 1 0 0 1 0 0 0 1 0 1 0 0 0 0
305	1	1 1 0 1 0 1 1 1 0 1 0 1 0 1 0 0 0 0 0 1
305	1	1 1 1 1 0 0 1 1 0 0 0 0 1 0 0 0 0 0 0 0
305	1	1 1 1 1 0 0 1 0 0 0 0 1 1 1 1 0 0 0 0 0
305	1	1 0 1 1 0 0 0 0 0 0 0 0 0 1 1 0 0 0 0 0
305	1	1 1 1 1 0 0 0 1 1 0 0 0 1 1 1 0 0 0 1 0
305	1	0 1 0 1 1 1 1 1 0 1 0 1 0 1 0 0 0 0 0 0
310	1	1 1 1 1 0 0 0 1 0 0 0 0 0 1 0 1 0 0 0 0
310	2	1 1 1 1 0 0 1 1 0 0 0 0 1 1 1 0 0 0 0 0
310	1	0 1 1 1 0 0 1 0 0 1 1 0 1 1 0 0 0 0 0 0
310	1	0 1 1 1 0 0 0 1 0 1 0 0 1 1 0 0 0 0 0 0
310	1	1 1 1 1 0 0 0 1 0 0 0 0 1 1 1 0 0 0 1 0
310	1	1 1 1 1 0 0 1 1 0 0 0 0 1 1 1 0 0 1 0 0
310	1	1 1 1 1 0 0 1 1 0 0 1 0 1 1 1 0 0 0 0 0
310	1	1 1 1 1 0 0 0 1 0 1 0 0 0 1 1 0 0 0 0 0
310	1	1 0 1 1 0 0 1 1 0 0 1 0 1 1 1 0 0 0 0 0
310	1	1 1 1 1 0 0 0 1 0 0 0 0 0 1 1 0 0 0 0 0
310	2	1 1 1 1 0 1 1 0 0 1 0 0 0 1 0 0 0 0 0 0
310	1	0 1 1 1 0 0 0 1 0 1 0 1 0 1 0 0 0 0 0 0
310	1	1 1 1 0 0 0 0 1 1 0 0 1 1 1 1 0 0 0 0 0
310	1	0 1 0 1 0 0 1 1 0 0 1 0 1 1 0 0 0 0 0 0
310	1	1 1 1 1 0 0 1 0 0 1 0 0 0 1 1 0 0 0 0 0
310	1	1 1 0 1 0 1 1 1 0 1 0 1 0 1 0 0 0 0 0 0
310	1	1 1 1 1 0 0 0 1 1 0 0 1 1 1 1 0 0 0 0 0
310	1	1 0 1 1 1 0 0 1 1 0 1 0 1 1 1 0 0 0 0 0
315	2	1 1 1 1 0 0 0 1 0 0 0 0 0 1 0 1 0 0 0 0
315	1	0 0 1 1 0 0 1 1 0 1 0 0 1 0 0 0 0 0 0 0
315	1	0 1 1 1 0 0 0 1 0 1 0 0 1 1 0 0 0 0 0 0
315	2	1 1 1 1 0 0 0 1 0 0 0 0 1 1 1 0 0 0 1 0
315	1	1 1 1 1 0 0 1 1 0 0 0 0 1 1 1 0 0 1 0 0
315	2	1 1 1 1 0 0 0 1 0 1 0 0 0 1 1 0 0 0 0 0
315	1	1 1 0 1 1 0 1 1 0 1 1 0 1 1 0 0 0 0 0 0
315	1	0 1 1 1 0 0 1 1 0 0 0 0 1 1 1 0 0 0 0 0
315	2	1 1 1 1 0 0 1 0 0 0 0 1 1 1 1 0 0 0 0 0
315	2	1 1 1 1 0 0 0 1 1 0 0 0 1 1 1 0 0 0 1 0
315	1	1 1 1 1 0 0 0 1 0 0 0 0 0 1 0 0 0 0 0 0
315	1	1 1 1 1 1 0 0 1 1 0 0 0 1 1 1 0 0 0 0 0
315	1	1 1 1 1 0 0 1 1 0 0 0 0 1 1 1 1 0 0 0 1
315	1	1 1 0 1 0 0 1 1 0 0 0 0 1 1 1 0 0 0 0 0
315	1	1 1 1 1 0 0 0 1 0 0 0 0 1 1 1 0 1 0 1 0
320	1	1 1 1 1 0 0 0 1 0 0 0 0 0 1 0 1 0 0 0 0
320	2	1 1 0 1 0 0 0 1 1 0 0 0 0 1 0 1 0 0 0 0
320	1	0 1 1 1 0 0 0 1 0 1 0 0 1 1 0 0 0 0 0 0
320	1	1 1 0 1 0 0 0 1 0 0 0 0 0 1 0 1 0 0 0 0
320	1	1 1 1 1 0 0 0 1 0 0 0 0 1 1 1 0 0 0 1 0
320	1	1 0 1 1 0 0 1 1 0 0 1 0 1 1 1 0 0 0 0 0
320	1	1 1 0 1 1 0 1 1 0 1 1 0 1 1 0 0 0 0 0 0
320	1	1 0 1 1 0 1 1 1 0 1 0 0 0 1 0 1 0 0 0 1
320	1	0 0 1 1 0 1 1 1 0 1 0 0 1 1 1 1 0 0 0 1
320	3	1 1 1 1 0 0 0 1 0 1 1 0 0 1 0 0 1 0 0 0
320	1	0 1 1 0 0 0 1 0 0 1 1 0 0 1 0 0 0 1 1 0
320	1	1 1 1 1 0 0 0 1 0 0 0 0 0 1 0 0 0 0 0 0
320	1	0 1 1 1 0 0 1 1 0 1 0 1 0 1 0 0 0 0 0 0
320	1	1 1 1 1 0 0 1 1 0 0 0 0 1 1 0 1 0 0 0 0
320	1	0 1 0 1 0 0 0 1 0 0 0 0 0 1 1 0 1 0 0 0
320	1	0 0 1 1 0 0 1 1 0 1 0 0 1 1 1 1 0 0 0 1
320	1	1 1 1 1 0 0 1 0 0 0 0 1 0 1 0 0 0 1 1 0
325	1	1 1 1 1 0 0 1 1 0 0 0 0 1 1 1 0 0 0 0 0
325	1	1 1 0 1 0 0 0 1 1 0 0 0 0 1 0 1 0 0 0 0
325	1	0 1 1 1 0 0 1 0 0 1 1 0 1 1 0 0 0 0 0 0
325	1	0 1 1 1 0 0 0 1 0 1 0 0 1 1 0 0 0 0 0 0
325	1	1 1 1 1 0 0 0 1 0 0 0 0 1 1 0 0 0 0 0 0
325	1	1 1 1 1 0 0 1 1 0 0 1 0 1 1 1 0 0 0 0 0
325	1	1 1 0 1 1 0 1 1 0 1 1 0 1 1 0 0 0 0 0 0
325	1	1 1 1 1 0 0 0 1 0 0 0 0 1 1 1 0 0 0 0 0
325	1	0 1 0 1 0 0 0 1 0 0 0 1 0 1 1 0 0 0 0 0
325	2	0 1 1 1 0 0 1 1 0 0 0 0 1 1 1 0 0 0 0 0
325	1	1 1 1 1 0 0 1 0 0 0 0 1 1 1 1 0 0 0 0 0
325	1	1 1 1 1 0 0 1 1 0 0 0 1 1 0 1 0 0 0 0 0
325	1	0 1 1 1 0 0 1 1 0 1 0 1 0 1 0 0 0 0 0 0
325	1	0 0 0 1 0 0 0 1 0 0 0 0 0 1 0 1 0 0 1 0
325	1	0 0 1 1 0 1 1 1 0 1 0 0 1 1 1 1 0 0 0 0
325	1	1 1 1 1 0 1 1 1 0 1 0 0 0 1 1 1 0 0 0 1
325	1	0 1 0 1 0 0 0 1 0 0 0 0 1 1 0 0 0 0 0 0
325	1	1 0 1 1 0 1 1 1 1 1 0 0 0 1 0 1 0 0 0 1
325	1	1 1 0 1 1 0 0 1 1 0 1 1 1 1 1 0 0 0 0 0
330	2	1 1 1 1 0 0 0 1 0 0 0 0 0 1 0 1 0 0 0 0
330	1	1 1 1 1 0 0 1 1 0 0 0 0 1 1 0 0 0 0 0 0
330	1	1 1 1 1 0 0 0 1 0 0 0 0 1 1 1 0 0 0 1 0
330	1	1 1 1 1 0 0 0 1 0 0 1 0 0 1 0 0 1 0 0 0
330	1	1 1 1 1 0 0 0 1 0 1 1 0 0 1 0 0 1 0 0 0
330	1	1 1 1 1 0 0 1 0 0 0 0 1 1 1 1 0 0 0 0 0
330	1	1 1 1 1 0 0 0 1 1 0 0 0 1 1 1 0 0 0 1 0
330	1	1 1 1 1 0 0 0 1 0 0 0 0 0 1 0 0 0 0 0 0
330	1	0 1 0 1 0 1 0 1 0 1 0 1 0 1 0 1 0 0 0 0
330	1	1 1 1 0 0 0 1 0 0 1 1 0 0 1 0 0 0 1 0 0
330	1	0 1 1 1 0 0 1 0 0 1 0 1 0 1 0 0 0 0 0 0
330	1	0 1 1 1 0 0 1 0 0 1 1 0 0 1 0 0 0 0 0 0
330	1	1 1 1 1 0 1 1 1 0 1 0 0 0 1 1 1 0 0 0 1
330	1	1 1 1 1 0 0 0 1 1 0 0 1 1 1 1 0 1 0 0 0
330	1	1 0 1 1 0 0 1 1 1 0 0 0 1 1 0 0 0 0 0 0
330	1	1 0 1 1 0 1 1 0 0 0 0 0 0 1 0 1 0 0 0 0
330	1	1 1 1 1 0 0 0 1 0 0 1 0 0 1 0 1 0 0 0 0
330	1	1 1 1 1 0 0 0 1 0 0 0 0 0 1 0 1 0 0 1 0
330	1	1 1 1 1 1 0 1 0 0 0 0 0 0 1 1 0 0 0 0 0
335	1	1 1 1 1 0 0 0 1 0 0 0 0 0 1 0 1 0 0 0 0
335	1	1 1 1 1 0 0 1 1 0 0 0 0 1 1 1 0 0 0 0 0
335	5	1 1 1 1 0 0 1 1 0 0 0 0 1 1 0 0 0 0 0 0
335	1	1 1 1 1 0 0 0 1 0 0 0 0 1 1 1 0 0 0 1 0
335	1	1 1 0 1 1 0 1 1 0 1 1 0 1 1 0 0 0 0 0 0
335	1	1 1 1 1 0 0 1 1 0 0 0 1 1 0 1 0 0 0 0 0
335	1	0 1 1 0 0 0 1 0 0 1 1 0 0 1 0 0 0 1 1 0
335	2	1 1 1 1 0 0 1 1 0 0 0 0 0 1 0 1 0 0 0 0
335	1	1 1 1 1 0 0 1 1 1 0 0 0 1 1 0 0 0 0 0 0
335	1	0 1 1 0 1 0 0 1 0 0 0 0 1 1 0 0 0 0 0 0
335	1	1 1 1 1 0 0 0 1 1 0 0 1 1 1 1 0 0 0 1 1
335	1	1 0 1 1 0 1 1 1 0 0 1 0 1 1 1 0 0 0 0 0
335	1	1 1 1 1 0 0 1 0 0 0 0 1 0 1 0 0 0 0 0 0
335	1	1 1 0 1 1 0 1 1 0 1 1 0 1 1 0 0 1 0 0 0
335	1	0 0 1 1 0 1 1 1 0 1 0 0 1 1 1 1 0 0 0 0
340	1	1 1 1 1 0 0 0 1 0 0 0 0 0 1 0 1 0 0 0 0
340	1	1 1 1 1 0 0 1 1 0 0 0 0 1 1 0 0 0 0 0 0
340	1	1 1 1 1 0 0 1 1 0 0 1 0 1 1 1 0 0 0 0 0
340	2	1 1 1 1 0 0 0 1 0 1 0 0 0 1 1 0 0 0 0 0
340	1	1 1 1 1 0 0 1 0 0 0 0 1 1 1 1 0 0 0 0 0
340	4	1 1 1 1 0 0 1 1 0 0 0 1 1 0 1 0 0 0 0 0
340	2	0 1 1 0 0 0 1 0 0 1 1 0 0 1 0 0 0 1 1 0
340	1	0 1 0 1 0 1 0 1 0 1 0 1 0 1 0 1 0 0 0 0
340	1	0 1 1 0 1 0 0 1 0 0 0 0 1 1 0 0 0 0 0 0
340	1	1 1 1 1 0 0 1 1 0 0 0 1 1 1 1 0 0 0 0 0
340	1	1 1 1 1 0 0 1 0 0 0 1 1 1 1 1 0 0 0 0 0
340	1	1 1 1 1 0 0 1 0 0 0 0 1 0 1 0 0 0 0 0 0
340	1	1 1 1 1 0 0 0 1 0 1 1 0 0 1 1 0 1 1 0 0
340	1	1 1 1 1 0 0 1 1 1 0 1 0 1 1 1 0 0 0 0 0
340	1	0 1 1 1 0 0 1 1 0 0 0 1 1 0 1 0 0 0 0 0
345	1	1 1 1 1 0 0 1 1 0 0 0 0 1 1 1 0 0 0 0 0
345	4	1 1 1 1 0 0 1 1 0 0 0 0 1 1 0 0 0 0 0 0
345	1	0 1 1 1 0 0 1 0 0 1 1 0 1 1 0 0 0 0 0 0
345	1	1 1 1 1 0 0 1 1 0 0 1 0 1 1 1 0 0 0 0 0
345	1	1 1 1 1 0 0 0 1 0 1 1 0 0 1 0 0 1 0 0 0
345	2	1 1 1 1 0 0 1 1 0 0 0 1 1 0 1 0 0 0 0 0
345	1	1 1 1 1 0 0 1 1 0 0 0 0 0 1 0 1 0 0 0 0
345	1	1 1 1 1 0 0 0 1 0 1 0 0 0 1 1 1 0 0 0 0
345	1	0 1 1 1 0 0 1 0 0 1 0 1 0 1 0 0 0 0 0 0
345	1	1 1 1 1 0 0 0 1 0 0 0 0 0 1 0 1 0 0 1 0
345	2	1 1 1 1 0 0 1 1 0 0 0 1 0 1 0 0 0 1 0 0
345	1	1 1 1 1 0 0 0 1 0 1 1 0 0 1 1 0 1 0 0 0
345	1	1 1 1 1 0 0 0 1 0 1 1 0 0 1 0 1 1 0 0 0
345	1	1 1 1 0 0 0 1 1 0 0 0 1 1 0 1 0 0 0 0 0
345	1	1 0 1 1 0 0 1 1 0 1 0 1 0 1 1 0 0 0 0 0
350	2	1 1 1 1 0 0 1 1 0 0 1 0 1 1 1 0 0 0 0 0
350	1	1 1 1 1 0 0 0 1 0 1 0 0 0 1 1 0 0 0 0 0
350	1	1 0 1 1 0 0 1 1 0 0 1 0 1 1 1 0 0 0 0 0
350	1	1 1 1 1 0 0 0 1 0 0 0 0 1 1 1 0 0 0 0 0
350	1	0 1 1 1 0 0 1 1 0 0 0 0 1 1 1 0 0 0 0 0
350	1	1 1 1 1 0 0 1 1 0 0 0 1 1 0 1 0 0 0 0 0
350	1	1 0 1 1 0 1 1 1 0 1 0 0 0 1 1 1 0 0 0 1
350	1	0 1 1 1 0 0 1 0 0 1 1 0 0 1 0 0 0 0 0 0
350	1	0 0 1 1 1 1 1 1 0 1 0 0 1 0 1 1 0 0 0 1
350	1	1 1 1 1 0 0 0 1 0 1 1 0 0 1 1 0 1 0 0 0
350	1	1 1 1 1 0 0 1 1 1 0 1 0 1 1 1 0 0 0 0 0
350	1	1 1 1 1 0 0 1 1 0 0 0 1 1 0 0 0 0 0 0 0
350	1	1 1 1 1 0 0 0 1 0 0 0 0 0 1 0 0 0 1 1 0
350	1	0 0 1 1 0 0 1 1 0 1 1 0 0 1 0 0 1 0 0 0
350	1	1 1 1 1 0 0 1 1 0 0 0 0 1 1 1 0 0 0 1 0
350	1	0 0 1 1 0 0 0 1 0 0 0 0 1 1 1 0 0 0 0 0
350	1	1 1 1 1 0 0 1 1 1 0 0 0 1 1 1 0 0 0 0 0
350	1	1 1 1 1 0 0 0 1 0 0 0 0 1 1 0 1 0 0 0 1
350	1	1 1 1 1 0 0 1 1 0 0 0 0 0 1 1 1 0 0 0 0
355	4	1 1 1 1 0 0 1 1 0 0 0 0 1 1 1 0 0 0 0 0
355	1	1 1 1 1 0 0 1 1 0 0 1 0 1 1 1 0 0 0 0 0
355	1	1 1 1 1 0 0 0 1 0 1 0 0 0 1 1 0 0 0 0 0
355	3	1 0 1 1 0 0 1 1 0 0 1 0 1 1 1 0 0 0 0 0
355	1	1 1 1 1 0 0 0 1 0 0 0 0 1 1 1 0 0 0 0 0
355	1	1 1 1 1 0 0 1 1 0 0 0 1 1 0 1 0 0 0 0 0
355	1	0 1 1 0 0 0 1 0 0 1 1 0 0 1 0 0 0 1 1 0
355	1	1 1 1 1 0 0 1 1 0 0 0 0 0 1 0 1 0 0 0 0
355	1	1 1 1 1 0 0 0 1 0 0 0 0 0 1 0 0 0 0 0 0
355	1	1 1 1 1 0 0 1 1 0 0 0 1 0 1 0 0 0 0 0 0
355	1	0 1 0 1 0 1 1 1 0 1 0 1 1 1 1 1 1 0 0 0
355	1	1 1 1 0 0 0 1 1 0 0 0 1 1 0 1 0 0 0 0 0
355	1	1 1 1 1 0 0 1 0 0 0 1 1 1 1 1 0 0 0 1 0
355	1	1 1 1 1 0 0 1 1 1 0 0 0 1 1 1 0 0 0 0 0
355	1	1 1 1 1 1 0 1 1 0 0 0 1 1 0 0 0 0 0 0 0
360	5	1 1 1 1 0 0 1 1 0 0 0 0 1 1 1 0 0 0 0 0
360	3	1 1 1 1 0 0 1 1 0 0 0 0 1 1 0 0 0 0 0 0
360	1	1 1 1 1 0 0 1 1 0 0 1 0 1 1 1 0 0 0 0 0
360	1	1 1 1 1 0 0 0 1 0 0 0 0 1 1 1 0 0 0 0 0
360	3	1 1 1 1 0 0 1 1 0 0 0 1 1 0 1 0 0 0 0 0
360	1	1 1 1 1 0 0 0 1 0 0 0 0 0 1 0 0 0 0 0 0
360	1	1 1 1 1 0 0 1 1 0 0 0 1 0 1 0 0 0 0 0 0
360	1	0 1 0 1 0 0 0 1 0 0 0 1 0 1 1 1 0 0 0 0
360	1	0 1 0 1 0 0 0 1 0 0 0 1 0 1 1 0 0 0 0 0
360	1	1 1 1 1 0 0 1 1 0 0 1 0 0 1 0 1 0 0 0 0
360	1	1 0 1 1 0 1 1 1 0 0 0 1 1 0 0 0 0 0 0 0
360	1	1 1 1 0 0 0 1 1 0 0 0 0 1 1 1 0 0 0 0 0
365	2	1 1 1 1 0 0 1 1 0 0 0 0 1 1 1 0 0 0 0 0
365	1	1 1 1 1 0 0 0 1 0 1 0 0 0 1 1 0 0 0 0 0
365	1	1 1 1 1 0 0 0 1 0 0 0 0 1 1 1 0 0 0 0 0
365	5	1 1 1 1 0 0 1 1 0 0 0 1 1 0 1 0 0 0 0 0
365	2	1 1 1 1 0 0 1 1 0 0 0 1 0 1 0 0 0 1 0 0
365	1	1 1 1 1 0 0 1 1 1 1 0 0 0 1 1 0 0 0 0 0
365	1	1 1 1 0 0 0 1 1 0 0 0 1 1 0 1 0 0 0 0 0
365	1	1 1 1 1 0 0 1 0 0 0 1 1 1 1 1 0 0 0 1 0
365	1	1 1 1 1 0 0 1 1 0 0 1 0 0 1 0 1 0 0 0 0
365	1	0 1 1 0 0 0 1 0 0 1 1 0 0 1 0 0 1 1 0 0
365	1	1 1 1 1 0 1 1 1 0 0 0 1 0 1 1 0 0 0 0 0
365	1	0 1 1 1 0 0 0 1 0 1 0 0 0 1 1 0 0 0 0 0
365	1	1 1 1 1 0 0 1 1 0 0 0 1 1 1 0 0 0 0 1 0
365	1	1 1 1 1 0 0 1 0 0 0 1 1 1 1 0 0 0 0 1 0
370	1	1 1 1 1 0 0 1 1 0 0 0 0 1 1 1 0 0 0 0 0
370	4	1 1 1 1 0 0 0 1 0 1 0 0 0 1 1 0 0 0 0 0
370	3	1 1 1 1 0 0 1 1 0 0 0 1 1 0 1 0 0 0 0 0
370	1	1 1 1 1 0 0 0 1 0 1 1 0 0 1 0 1 1 0 0 0
370	1	1 1 1 1 0 0 0 1 0 0 0 1 0 1 0 0 0 0 0 0
370	3	1 1 1 1 0 0 1 1 0 0 0 1 1 1 1 0 0 0 0 0
370	2	1 1 1 1 0 0 1 1 0 0 1 0 1 1 1 0 0 0 1 1
370	1	1 1 1 1 0 1 1 1 0 1 0 0 1 0 1 0 0 0 0 0
370	1	0 1 1 1 0 0 1 1 0 0 0 0 1 1 1 0 0 0 0 0
370	1	0 1 1 1 0 0 0 1 0 1 0 1 0 1 1 0 0 0 0 0
370	1	1 1 1 1 0 0 1 1 1 0 0 0 1 1 1 0 0 1 0 0
370	1	1 1 1 1 0 0 0 1 0 0 0 1 1 0 1 0 0 0 0 0
375	2	1 1 1 1 0 0 1 1 0 0 0 0 1 1 1 0 0 0 0 0
375	1	1 1 1 1 0 0 0 1 0 1 0 0 0 1 1 0 0 0 0 0
375	1	1 0 1 1 0 0 1 1 0 0 1 0 1 1 1 0 0 0 0 0
375	1	1 1 1 1 0 0 0 1 0 0 0 0 1 1 1 0 0 0 0 0
375	1	1 1 1 1 0 0 1 1 0 0 0 1 0 1 0 0 0 0 0 0
375	3	0 1 0 1 0 0 0 1 0 0 0 1 0 1 1 1 0 0 0 0
375	1	1 1 1 1 0 0 1 1 0 1 0 1 0 1 0 0 0 0 0 0
375	1	1 1 1 1 0 0 1 1 1 0 1 0 1 1 1 0 0 0 0 0
375	1	1 1 1 1 0 0 0 1 0 1 1 0 0 1 0 1 1 0 0 0
375	1	1 1 1 1 0 0 1 1 1 0 0 0 1 1 1 0 0 0 0 0
375	1	0 1 1 1 0 0 1 0 0 0 0 0 1 1 1 0 0 0 0 0
375	1	1 1 1 1 0 0 1 1 0 0 1 0 0 1 1 0 0 0 0 0
375	1	1 1 1 1 0 0 0 1 0 0 0 1 1 0 1 0 0 0 0 0
375	1	0 1 1 1 0 0 0 1 0 1 0 0 0 1 1 1 0 0 0 0
375	1	1 1 1 1 0 0 1 1 0 1 1 0 0 1 0 1 1 0 0 0
375	1	1 1 0 1 0 0 1 1 0 0 0 0 1 1 1 0 0 1 0 0
375	1	1 1 1 1 0 0 1 0 0 0 1 1 1 1 0 0 0 0 0 0
380	1	1 1 1 1 0 0 1 1 0 0 0 0 1 1 1 0 0 0 0 0
380	1	1 1 1 1 0 0 0 1 0 1 0 0 0 1 1 0 0 0 0 0
380	1	1 1 1 1 0 0 1 1 0 0 0 1 1 0 1 0 0 0 0 0
380	3	1 1 1 1 0 0 1 1 0 0 0 1 0 1 0 0 0 0 0 0
380	1	1 1 1 1 0 1 1 1 0 0 0 1 1 1 1 0 0 0 0 0
380	1	1 1 1 1 0 0 0 1 0 0 0 0 1 1 1 0 0 1 0 0
380	1	1 1 1 1 0 0 1 1 0 0 1 0 0 1 0 1 0 0 0 0
380	1	1 1 1 1 0 0 1 1 0 0 0 1 1 1 1 0 0 0 0 0
380	1	1 1 1 1 0 0 1 1 0 0 1 0 0 1 1 0 0 0 0 0
380	1	1 1 1 1 0 0 1 0 0 0 1 1 1 1 0 0 0 0 1 0
380	1	0 1 0 1 0 1 1 0 0 0 0 1 1 1 1 1 1 0 0 0
380	1	1 1 1 1 0 0 1 0 0 0 0 1 1 0 1 0 0 0 0 0
380	1	1 1 1 1 0 0 1 1 0 0 1 0 1 1 0 0 0 0 0 0
380	1	1 1 1 1 0 1 1 1 0 0 1 0 0 1 0 1 0 0 0 0
380	3	1 1 1 1 0 0 1 1 0 1 1 0 0 1 0 1 0 0 0 0
380	1	1 1 1 1 0 0 1 1 0 0 1 0 1 1 0 0 0 0 1 1
385	1	1 1 1 1 0 0 1 1 0 0 0 0 1 1 1 0 0 0 0 0
385	2	1 1 1 1 0 0 1 1 0 0 1 0 1 1 1 0 0 0 0 0
385	1	1 1 1 1 0 0 0 1 0 1 0 0 0 1 1 0 0 0 0 0
385	2	1 1 1 1 0 0 1 1 0 0 0 1 1 0 1 0 0 0 0 0
385	1	1 1 1 1 0 0 1 1 0 0 0 0 0 1 0 1 0 0 0 0
385	1	1 1 1 1 0 0 1 1 0 0 0 1 0 1 0 0 0 0 0 0
385	1	1 0 1 1 0 0 1 1 0 1 1 0 1 1 1 0 0 0 0 0
385	1	1 1 1 1 0 0 1 1 0 0 0 0 1 0 1 0 0 0 0 0
385	1	1 1 1 1 0 0 1 1 0 0 0 1 1 1 1 0 0 0 0 0
385	1	1 0 1 1 0 0 1 1 0 0 1 0 1 1 1 0 1 0 0 0
385	1	1 1 1 1 0 0 1 1 0 0 0 1 1 1 0 0 0 0 1 0
385	1	1 1 1 1 0 0 1 1 0 0 1 0 0 1 1 0 0 0 0 0
385	1	0 1 1 1 0 0 0 1 0 1 0 1 0 1 1 0 0 0 0 0
385	1	0 1 0 1 0 1 1 0 0 0 0 1 1 1 1 1 1 0 0 0
385	1	1 1 1 1 0 0 1 0 0 0 1 1 1 1 1 0 0 0 0 0
385	1	1 1 0 1 0 0 1 1 0 0 0 1 1 0 1 0 0 0 0 0
385	1	1 1 1 1 0 0 0 1 0 0 0 0 1 1 1 0 1 1 0 0
385	1	0 1 1 1 0 0 1 1 1 1 0 0 1 1 1 0 0 0 0 0
390	3	1 1 1 1 0 0 1 1 0 0 1 0 1 1 1 0 0 0 0 0
390	2	1 1 1 1 0 0 1 1 0 0 0 0 0 1 0 1 0 0 0 0
390	1	1 1 1 1 0 0 1 1 0 0 0 1 0 1 0 0 0 0 0 0
390	3	1 1 1 1 0 0 1 1 1 0 1 0 1 1 1 0 0 0 0 0
390	1	1 1 0 1 0 0 1 1 0 0 1 0 1 1 1 0 0 0 0 0
390	1	1 1 1 1 0 0 1 0 0 0 1 0 1 1 1 0 0 0 0 0
390	2	1 0 1 1 0 0 1 1 0 1 1 0 1 1 1 0 0 0 0 0
390	1	1 0 1 1 0 0 1 1 0 0 1 0 1 1 1 0 1 0 0 0
390	1	1 1 1 1 0 0 1 1 0 0 0 1 1 1 0 0 0 0 1 0
390	1	0 1 1 1 0 0 1 1 0 0 1 1 1 0 0 0 0 0 0 0
390	1	1 0 1 1 1 0 0 1 1 0 0 0 1 1 1 0 0 0 1 0
390	1	1 1 1 1 0 0 0 1 0 0 1 0 0 1 0 1 1 0 0 0
390	1	1 1 1 1 1 0 1 0 0 0 0 0 1 1 1 0 0 0 0 0
390	1	1 1 1 1 0 0 1 1 0 0 1 1 1 1 1 0 0 0 0 0
395	1	1 1 1 1 0 0 1 1 0 0 0 0 1 1 1 0 0 0 0 0
395	1	1 1 1 1 0 0 1 1 0 0 1 0 1 1 1 0 0 0 0 0
395	1	1 1 1 1 0 0 0 1 1 0 0 0 1 1 1 0 0 0 1 0
395	3	1 1 1 1 0 0 1 1 0 1 0 1 0 1 0 0 0 0 0 0
395	2	1 1 1 1 0 0 1 1 1 0 1 0 1 1 1 0 0 0 0 0
395	1	1 1 1 1 0 0 1 1 0 0 0 1 1 1 1 0 0 0 0 0
395	1	1 1 1 1 0 1 1 1 0 1 0 0 1 0 1 0 0 0 0 0
395	1	1 1 1 1 0 0 1 0 0 0 1 1 1 1 1 0 0 0 0 0
395	1	1 1 1 1 0 0 1 1 0 1 1 0 1 1 1 0 0 0 0 0
395	1	1 1 1 1 0 0 1 1 0 0 1 1 1 0 1 0 0 0 0 0
395	1	1 1 1 1 0 0 1 1 0 0 0 1 0 1 0 0 0 0 1 0
395	1	1 1 1 1 1 0 1 0 0 0 0 0 1 1 1 0 0 0 0 0
395	1	1 1 1 1 1 0 1 1 0 0 0 1 0 1 0 0 0 0 0 1
395	1	1 0 1 1 1 0 0 1 1 0 0 0 1 1 1 0 0 0 0 0
395	1	1 1 1 1 0 1 1 1 0 0 0 1 0 1 0 0 0 0 0 0
395	2	1 1 1 1 0 0 1 1 0 0 0 0 1 1 1 0 1 1 0 0
400	3	1 1 1 1 0 0 1 1 0 0 0 0 1 1 1 0 0 0 0 0
400	1	1 1 1 1 0 0 1 1 1 0 1 0 1 1 1 0 0 0 0 0
400	1	1 1 1 1 0 0 1 0 0 0 1 0 1 1 1 0 0 0 0 0
400	1	1 1 1 1 0 0 0 1 1 1 0 0 1 1 1 0 0 0 1 0
400	2	1 1 1 1 1 0 1 1 0 0 1 0 0 1 0 1 0 0 0 0
400	2	0 1 1 1 0 0 1 1 0 0 1 1 1 0 0 0 0 0 0 0
400	2	1 1 1 1 1 0 1 0 0 0 0 0 1 1 1 0 0 0 0 0
400	1	1 1 1 1 0 1 1 1 0 0 1 1 1 1 1 0 0 0 0 0
400	1	1 0 1 1 0 0 1 1 0 0 1 0 1 0 1 0 0 0 0 0
400	1	1 1 1 1 0 1 0 1 1 0 1 0 1 1 1 0 0 0 0 0
400	1	1 1 1 1 0 0 0 1 0 1 1 0 0 1 1 0 0 0 0 0
400	1	1 1 1 1 0 0 1 1 0 0 1 1 0 1 0 0 0 0 0 0
400	1	1 1 1 1 0 0 0 1 0 0 1 1 1 0 1 0 0 0 0 0
400	1	1 1 1 1 1 0 0 1 1 0 0 1 1 0 1 0 0 0 0 0
400	1	1 1 1 1 1 0 1 1 1 0 0 0 0 1 0 0 0 0 0 0
405	1	1 1 1 1 0 0 1 1 0 0 1 0 1 1 1 0 0 0 0 0
405	1	1 1 1 1 0 0 1 1 0 0 0 1 1 0 1 0 0 0 0 0
405	2	1 1 1 1 0 0 1 1 0 0 0 1 0 1 0 0 0 0 0 0
405	1	1 1 1 1 0 0 1 1 1 1 0 0 0 1 1 0 0 0 0 0
405	1	1 1 1 1 0 0 1 0 0 0 1 0 1 1 1 0 0 0 0 0
405	1	1 1 1 1 0 1 1 1 0 1 0 0 1 0 1 0 0 0 0 0
405	1	1 1 1 1 1 0 1 1 0 0 1 0 0 1 0 1 0 0 0 0
405	1	1 1 1 1 0 0 1 1 0 1 1 0 1 1 1 0 0 0 0 0
405	2	1 1 1 1 0 0 0 1 0 0 1 0 0 1 0 1 1 0 0 0
405	1	1 1 1 1 0 0 1 1 0 0 0 1 0 1 0 0 1 0 1 0
405	1	1 1 1 1 0 0 0 1 0 1 1 0 0 1 1 0 0 0 0 0
405	1	1 1 1 1 0 1 1 1 0 0 1 0 0 1 0 0 0 0 0 0
405	1	1 1 1 1 0 0 1 1 0 0 0 1 1 1 1 1 0 0 0 0
405	1	1 1 1 1 0 0 1 1 1 0 1 1 0 1 0 0 0 0 0 0
405	1	1 1 1 1 1 0 1 1 0 0 1 0 1 1 1 0 0 0 0 0
405	1	1 1 1 1 1 0 1 0 0 0 0 0 0 0 0 1 0 0 0 0
405	1	1 0 1 1 1 0 0 1 1 0 0 1 0 1 0 0 0 0 0 0
405	1	1 1 1 1 0 0 1 1 0 1 1 0 0 1 1 0 0 0 0 0
410	2	1 1 1 1 0 0 1 1 0 0 0 1 0 1 0 0 0 0 0 0
410	1	1 1 1 1 0 0 1 1 1 0 1 0 1 1 1 0 0 0 0 0
410	1	1 1 1 1 1 0 1 1 0 0 1 0 0 1 0 1 0 0 0 0
410	2	1 1 1 1 0 0 1 1 0 1 1 0 0 1 0 1 0 0 0 0
410	1	0 1 1 1 0 0 1 1 0 0 1 1 1 0 0 0 0 0 0 0
410	1	1 0 1 1 1 0 0 1 1 0 0 0 1 1 1 0 0 0 1 0
410	1	1 1 1 1 0 0 1 1 1 0 0 1 0 1 0 0 0 0 0 0
410	1	1 1 1 1 0 0 0 1 0 0 1 0 0 1 0 1 1 0 0 0
410	1	1 1 1 1 0 0 1 1 0 0 1 1 1 0 1 0 0 0 0 0
410	1	1 0 1 1 0 0 1 1 0 0 1 0 1 1 0 0 0 0 0 0
410	1	1 1 1 1 0 0 0 1 0 0 0 0 0 1 0 1 0 0 0 0
410	1	1 1 1 1 0 1 1 1 0 0 1 0 0 1 0 0 0 0 0 0
410	1	1 1 1 1 0 0 0 1 0 0 1 1 1 0 1 0 0 0 0 0
410	1	1 1 1 1 0 0 0 1 0 1 0 0 0 1 0 0 0 0 0 0
410	1	1 1 1 1 0 0 1 1 0 0 1 0 0 1 0 1 0 0 0 0
410	1	1 1 1 1 1 0 1 1 0 0 1 0 1 1 1 0 0 0 0 0
410	1	0 1 1 1 0 1 1 0 0 0 0 0 1 1 1 0 0 0 0 0
410	1	1 0 1 1 0 0 1 1 0 0 1 0 1 1 1 1 1 0 0 0
415	1	1 1 1 1 0 0 1 1 0 0 0 0 0 1 0 1 0 0 0 0
415	2	1 1 1 1 0 0 1 1 1 1 0 0 0 1 1 0 0 0 0 0
415	1	1 1 1 1 0 0 1 0 0 0 1 1 1 1 0 0 0 0 0 0
415	2	1 1 1 1 0 0 1 1 1 0 0 1 0 1 0 0 0 0 0 0
415	1	1 1 1 1 0 0 0 1 0 0 1 0 0 1 0 1 1 0 0 0
415	1	1 1 1 1 0 1 1 1 0 0 0 1 0 1 0 0 0 0 0 0
415	1	1 1 1 1 0 0 0 1 0 1 1 0 0 1 0 1 0 0 0 0
415	1	1 1 1 1 1 1 1 1 0 1 0 0 0 1 1 0 0 0 0 0
415	1	1 1 1 1 0 0 1 1 0 0 1 1 0 1 0 0 0 0 0 0
415	1	0 1 1 1 0 0 1 0 0 0 1 0 1 1 1 0 0 0 0 0
415	1	1 1 1 1 0 0 0 1 0 0 0 1 0 1 0 0 0 0 0 0
415	1	1 1 1 1 1 0 0 0 0 1 0 0 1 1 1 0 0 0 0 0
415	1	1 0 1 1 0 0 1 1 1 0 0 0 1 1 1 0 0 0 1 0
415	1	1 1 1 1 0 0 0 1 0 0 0 1 1 0 1 0 0 0 0 0
415	1	1 0 1 1 0 0 1 1 0 0 1 0 1 1 1 1 1 0 0 0
415	1	1 0 1 1 0 0 1 1 0 0 1 1 0 1 0 0 0 0 0 0
415	1	1 0 1 1 0 1 1 1 0 0 0 1 0 1 0 0 0 0 1 0
415	1	1 1 1 1 0 0 1 1 0 0 0 0 1 1 1 0 0 0 0 1
420	1	1 1 1 1 0 0 1 1 0 0 1 0 1 1 1 0 0 0 0 0
420	2	1 1 1 1 0 0 1 1 0 0 0 0 0 1 0 1 0 0 0 0
420	1	1 1 1 1 0 0 1 1 0 0 0 1 0 1 0 0 0 0 0 0
420	1	1 1 1 1 0 0 1 1 1 1 0 0 0 1 1 0 0 0 0 0
420	2	1 1 1 1 0 0 1 1 1 0 1 0 1 1 1 0 0 0 0 0
420	1	1 1 1 1 0 0 1 1 1 0 0 1 0 1 0 0 0 0 0 0
420	1	1 1 1 1 0 0 0 1 0 1 1 0 0 1 0 1 0 0 0 0
420	1	1 1 1 1 1 1 1 1 0 1 0 0 0 1 1 0 0 0 0 0
420	1	1 1 1 1 0 0 1 1 0 0 0 1 0 1 0 0 1 0 1 0
420	1	1 1 1 1 0 1 1 1 0 0 1 0 0 1 0 0 0 0 0 0
420	1	1 1 1 1 1 0 1 0 0 0 0 0 0 1 0 1 0 0 0 0
420	1	1 0 1 1 0 0 1 1 0 0 0 1 0 1 0 1 0 0 0 0
420	1	1 1 1 1 0 0 1 1 0 0 1 0 0 1 0 1 0 0 0 0
420	1	1 1 0 1 0 0 0 1 0 0 1 0 0 1 0 1 1 0 0 0
420	1	1 0 1 1 0 0 1 1 1 0 0 0 1 1 1 0 0 0 1 0
420	1	1 1 1 1 1 0 1 1 0 0 1 0 0 0 0 1 0 0 0 0
420	1	1 1 1 1 0 1 1 1 0 0 1 1 1 0 1 0 0 0 0 1
420	1	1 1 1 1 0 0 1 1 0 1 0 1 1 0 1 0 0 0 0 1
425	2	1 1 1 1 0 0 0 1 0 0 0 0 0 1 0 1 0 0 0 0
425	1	1 1 1 1 0 1 1 1 0 0 0 1 0 1 0 0 0 0 0 0
425	1	1 1 1 1 0 0 0 1 0 1 1 0 0 1 0 1 0 0 0 0
425	1	1 1 1 1 0 1 1 1 0 0 1 0 0 1 0 0 0 0 0 0
425	2	1 1 1 1 0 0 1 1 0 0 1 1 0 1 0 0 0 0 0 0
425	1	1 1 1 1 0 0 1 1 0 0 1 0 0 1 0 1 0 0 0 0
425	1	0 1 1 1 0 0 1 1 0 0 0 1 0 1 0 1 0 0 0 0
425	1	1 0 1 1 0 0 1 1 0 0 0 1 0 1 1 0 0 0 0 0
425	2	1 1 1 1 0 0 1 1 0 1 0 1 1 0 1 0 0 0 0 1
425	1	1 1 1 1 0 1 1 1 1 0 0 1 0 1 0 0 0 0 0 0
425	1	1 1 1 0 0 0 0 1 0 0 1 0 0 1 0 1 1 0 0 0
425	1	1 0 1 1 0 0 1 1 0 0 1 0 0 1 0 1 0 0 0 0
425	1	1 1 1 0 0 0 1 1 0 0 0 0 0 1 0 0 0 0 0 0
425	1	0 1 1 1 0 0 1 1 1 0 0 1 0 1 0 1 0 0 0 0
425	1	1 1 1 1 1 1 1 1 1 1 0 0 0 1 1 0 0 0 1 1
425	1	1 0 1 1 0 1 1 1 0 0 0 1 0 1 0 1 0 0 0 0
425	1	1 1 1 1 1 0 1 0 0 0 0 0 0 1 0 1 1 0 0 0
430	1	1 1 1 1 0 0 1 1 0 0 1 0 1 1 1 0 0 0 0 0
430	1	1 1 1 1 0 0 1 1 0 0 0 0 0 1 0 1 0 0 0 0
430	4	1 1 1 1 0 0 1 1 0 0 0 1 0 1 0 0 0 0 0 0
430	1	1 1 1 1 0 0 1 1 1 1 0 0 0 1 1 0 0 0 0 0
430	1	1 0 1 1 0 0 1 1 0 0 1 0 1 1 1 0 1 0 0 0
430	1	1 1 1 1 0 0 0 1 0 0 0 0 0 1 0 1 0 0 0 0
430	1	1 1 1 1 0 1 1 1 0 0 0 1 0 1 0 0 0 0 0 0
430	1	1 1 1 1 1 1 1 1 0 1 0 0 0 1 1 0 0 0 0 0
430	1	1 1 1 1 0 0 1 1 0 0 0 1 0 1 0 0 1 0 1 0
430	1	1 1 1 1 0 0 1 1 0 0 1 1 0 1 0 0 0 0 0 0
430	1	1 0 1 1 0 0 1 1 0 0 0 1 0 1 0 1 0 0 0 0
430	1	1 1 1 1 0 0 1 1 0 0 1 0 0 1 0 1 0 0 0 0
430	1	1 0 1 1 1 0 0 0 1 0 0 1 0 1 0 0 0 0 0 0
430	1	1 1 1 0 0 0 0 1 0 0 1 0 0 1 0 1 1 0 0 0
430	1	1 1 1 1 0 0 1 0 0 0 1 0 0 1 0 0 0 0 0 0
430	1	1 0 1 1 0 1 1 1 0 0 0 1 0 1 0 1 0 0 0 0
430	1	1 0 1 1 0 0 1 1 1 0 0 0 1 1 1 0 0 0 0 0
435	1	1 1 1 1 0 0 1 1 0 0 1 0 1 1 1 0 0 0 0 0
435	2	1 1 1 1 0 0 1 1 0 0 0 0 0 1 0 1 0 0 0 0
435	2	1 1 1 1 0 0 1 1 0 0 0 1 0 1 0 0 0 0 0 0
435	1	1 1 1 1 0 0 1 1 1 0 0 0 1 1 1 0 0 0 0 0
435	1	1 1 1 1 0 1 1 1 0 1 0 0 1 0 1 0 0 0 0 0
435	1	1 1 1 1 0 0 0 1 0 0 0 0 0 1 0 1 0 0 0 0
435	1	1 1 1 1 0 0 1 1 0 0 1 1 0 1 0 0 0 0 0 0
435	1	0 1 1 1 0 0 1 0 0 0 1 0 1 1 1 0 0 0 0 0
435	1	1 0 1 1 0 0 1 1 0 0 0 1 0 1 0 1 0 0 0 0
435	1	1 1 1 1 0 0 1 1 0 0 1 0 0 1 0 1 0 0 0 0
435	1	1 1 1 1 1 0 1 1 0 0 1 0 1 1 1 0 0 0 0 0
435	1	1 1 1 1 0 0 0 1 0 0 0 1 0 1 0 0 0 0 0 0
435	1	1 0 1 1 0 0 1 1 0 1 1 0 1 0 1 0 0 0 0 0
435	1	1 0 1 1 1 0 1 1 0 0 1 0 0 1 0 1 0 0 0 0
435	1	1 1 1 1 1 0 1 1 0 0 0 1 0 1 0 1 0 0 0 0
435	1	1 1 1 1 0 0 1 0 0 0 1 0 0 1 0 0 0 0 0 0
435	1	1 0 1 1 1 0 0 0 1 0 0 1 0 0 0 0 0 0 0 0
435	1	1 0 1 1 0 0 1 0 0 0 1 0 1 1 0 0 0 0 0 1
440	4	1 1 1 1 0 0 1 1 0 0 0 0 0 1 0 1 0 0 0 0
440	2	1 1 1 1 0 0 1 1 0 0 0 1 0 1 0 0 0 0 0 0
440	1	1 1 1 1 0 0 1 0 0 0 1 0 1 1 1 0 0 0 0 0
440	1	1 1 1 1 1 0 1 1 0 0 0 1 0 1 0 0 0 0 0 1
440	1	1 1 1 1 0 0 1 1 0 0 0 1 0 1 0 0 1 0 1 0
440	1	1 0 1 1 0 0 1 1 0 0 0 1 0 1 0 1 0 0 0 0
440	2	1 1 1 1 0 0 0 1 0 0 0 1 0 1 0 0 0 0 0 0
440	1	1 0 1 1 0 0 1 1 0 1 1 0 1 0 1 0 0 0 0 0
440	1	1 1 1 1 0 0 1 1 1 1 0 0 0 1 1 1 0 0 0 0
440	2	1 1 1 1 0 0 1 0 0 0 1 0 0 1 0 0 0 0 0 0
440	1	1 1 1 1 1 0 1 1 0 0 0 1 0 1 0 0 1 0 1 0
440	1	1 1 1 1 0 0 0 0 1 0 0 1 0 0 0 0 0 0 0 0
440	1	0 1 1 1 0 0 1 1 1 0 0 1 0 1 0 0 0 0 0 0
440	1	1 1 1 1 0 0 1 0 0 0 1 0 0 1 0 1 0 0 0 0
445	4	1 1 1 1 0 0 1 1 0 0 0 0 0 1 0 1 0 0 0 0
445	5	1 1 1 1 0 0 1 1 0 0 0 1 0 1 0 0 0 0 0 0
445	1	1 1 1 1 0 0 1 0 0 0 1 0 1 1 1 0 0 0 0 0
445	1	1 1 1 1 0 0 1 1 1 0 1 1 0 1 0 0 0 0 0 0
445	2	1 1 1 1 0 0 0 1 0 0 0 1 0 1 0 0 0 0 0 0
445	1	1 0 1 1 0 0 1 1 0 0 1 0 0 1 1 1 0 0 0 0
445	1	1 0 1 1 0 0 1 1 1 0 0 0 0 1 0 1 0 0 0 0
445	1	1 1 1 0 0 1 1 0 0 0 1 1 1 1 0 0 0 1 0 0
445	1	1 1 1 1 0 0 1 1 0 0 0 1 1 1 1 0 0 0 0 0
445	1	1 1 1 1 0 0 1 1 0 0 0 0 0 0 0 1 0 0 0 0
445	1	1 1 1 1 1 0 1 0 0 0 0 0 0 1 0 0 0 0 0 0
445	1	1 0 1 1 1 0 1 1 0 0 1 1 0 1 1 0 0 0 0 1
450	2	1 1 1 1 0 0 1 1 0 0 0 0 0 1 0 1 0 0 0 0
450	1	1 1 1 1 0 0 0 1 0 0 0 0 0 1 0 1 0 0 0 0
450	1	1 1 1 1 0 0 0 1 0 1 1 0 0 1 0 1 0 0 0 0
450	1	1 0 1 1 0 0 1 1 0 0 0 1 0 1 0 1 0 0 0 0
450	1	1 1 1 1 0 0 1 1 0 0 1 0 0 1 0 1 0 0 0 0
450	1	1 1 1 1 0 0 0 1 0 0 0 1 0 1 0 0 0 0 0 0
450	1	1 0 1 1 0 0 1 1 0 0 0 1 0 1 1 0 0 0 0 0
450	1	1 0 1 1 1 0 0 0 1 0 0 1 0 1 0 0 0 0 0 0
450	2	1 0 1 1 0 0 1 1 0 0 0 1 0 1 0 0 0 0 0 0
450	1	1 1 1 1 0 0 0 1 0 0 0 1 0 1 0 0 0 0 1 0
450	1	1 0 1 1 0 0 1 1 1 0 0 0 0 1 0 1 0 0 0 0
450	2	1 1 1 1 0 0 1 1 0 0 1 0 0 1 0 1 0 1 0 0
450	1	1 0 0 1 0 0 0 1 0 0 0 0 0 1 0 1 0 0 0 0
450	1	1 0 1 1 1 0 1 0 1 1 0 1 0 1 0 0 0 0 0 0
450	1	1 1 1 1 0 1 1 1 0 1 1 0 0 1 0 0 0 0 0 0
450	1	1 1 1 1 1 1 1 1 0 0 0 1 0 1 0 0 1 0 1 0
450	1	1 1 1 1 1 1 1 1 0 0 0 1 0 1 0 0 0 0 0 0
455	3	1 1 1 1 0 0 1 1 0 0 0 0 0 1 0 1 0 0 0 0
455	1	1 1 1 1 0 0 1 1 0 0 0 1 0 1 0 0 0 0 0 0
455	2	1 1 1 1 0 0 0 1 0 0 1 0 0 1 0 1 1 0 0 0
455	2	1 1 1 1 0 0 0 1 0 0 0 0 0 1 0 1 0 0 0 0
455	2	1 1 1 1 0 0 0 1 0 1 1 0 0 1 0 1 0 0 0 0
455	1	1 1 1 1 0 0 1 1 0 0 1 0 0 1 0 1 0 0 0 0
455	1	1 1 1 1 0 0 0 1 0 0 0 1 0 1 0 0 0 0 0 0
455	1	1 0 1 1 1 0 0 0 1 0 0 1 0 1 0 0 0 0 0 0
455	1	1 1 1 1 1 0 1 1 0 0 0 1 0 1 0 1 0 0 0 0
455	1	1 1 1 1 1 0 1 1 0 0 0 1 0 1 0 0 1 0 1 0
455	1	1 0 1 1 0 0 1 1 0 0 0 0 0 1 1 0 0 0 0 0
455	1	1 1 1 1 1 0 0 1 0 0 0 0 0 1 0 1 0 0 0 0
455	1	1 1 1 1 0 0 0 1 0 0 0 1 0 1 0 1 0 0 0 0
455	1	1 1 1 1 0 0 1 1 1 0 0 1 0 1 0 0 0 0 0 1
455	1	1 1 1 1 0 1 1 1 0 0 0 1 0 1 0 0 0 0 0 0
460	2	1 1 1 1 0 0 1 1 0 0 0 1 0 1 0 0 0 0 0 0
460	1	1 1 1 1 0 0 1 1 1 0 0 0 1 1 1 0 0 0 0 0
460	1	1 1 1 1 0 0 0 1 0 0 1 0 0 1 0 1 1 0 0 0
460	2	1 0 1 1 0 0 1 1 0 0 0 1 0 1 0 1 0 0 0 0
460	1	1 1 1 1 0 0 1 1 0 0 1 0 0 1 0 1 0 0 0 0
460	1	1 1 1 1 0 0 0 1 0 0 0 1 0 1 0 0 0 0 0 0
460	1	1 0 1 1 0 0 1 1 0 1 1 0 1 0 1 0 0 0 0 0
460	1	1 0 1 1 1 0 0 0 1 0 0 1 0 1 0 0 0 0 0 0
460	1	1 0 1 1 0 0 1 1 1 0 0 0 0 1 0 1 0 0 0 0
460	1	1 1 1 1 0 0 1 1 0 0 0 1 0 1 1 1 0 0 0 0
460	1	1 1 1 1 1 0 1 0 0 0 0 0 0 1 0 0 0 0 0 0
460	1	1 0 0 1 0 0 1 0 0 0 1 1 0 1 0 0 0 0 0 0
460	1	1 1 1 1 0 0 1 1 0 0 0 1 0 1 0 0 0 1 0 0
460	1	1 1 1 1 0 1 1 1 0 0 0 1 0 1 0 0 0 0 0 0
460	1	1 0 1 1 1 0 1 0 1 1 1 1 0 1 0 0 0 0 0 0
460	1	1 0 1 1 0 0 0 1 0 0 0 0 0 1 0 1 0 0 0 0
460	1	1 0 1 1 1 0 1 1 0 0 0 0 0 1 0 1 0 0 0 0
460	1	1 1 1 1 0 1 1 1 0 0 0 1 0 1 0 1 0 0 0 0
465	2	1 1 1 1 0 0 1 1 0 0 0 0 0 1 0 1 0 0 0 0
465	1	1 1 1 1 0 0 1 1 0 0 0 1 0 1 0 0 0 0 0 0
465	1	1 1 1 1 0 0 0 1 0 0 0 0 0 1 0 1 0 0 0 0
465	3	1 0 1 1 0 0 1 1 0 0 0 1 0 1 0 1 0 0 0 0
465	1	1 1 1 1 0 0 1 1 1 0 1 1 0 1 0 0 0 0 0 0
465	1	1 0 1 1 0 0 1 1 0 1 1 0 1 0 1 0 0 0 0 0
465	1	1 0 1 1 1 0 0 0 1 0 0 1 0 1 0 0 0 0 0 0
465	1	1 1 1 1 0 0 1 1 0 0 0 1 0 1 1 1 0 0 0 0
465	1	1 1 1 1 0 1 0 1 0 0 0 1 0 1 0 0 0 0 0 0
465	2	1 0 0 1 0 0 0 1 0 0 0 0 0 1 0 1 0 0 0 0
465	1	1 1 1 1 0 0 1 1 0 0 1 1 0 1 1 0 0 0 0 0
465	1	1 1 1 1 0 0 1 1 0 0 0 1 0 1 0 1 0 0 0 0
465	1	1 0 1 1 1 0 1 1 0 0 1 0 0 0 0 1 0 0 0 0
465	1	1 1 1 1 1 0 1 0 0 0 1 1 0 1 0 1 0 0 0 0
465	1	1 1 1 1 1 0 1 0 0 0 1 0 0 1 0 1 0 0 0 0
465	1	1 0 1 1 0 0 0 1 0 0 0 0 1 1 0 1 0 0 0 0
470	1	1 1 1 1 0 0 1 1 0 0 0 0 0 1 0 1 0 0 0 0
470	1	1 1 1 1 0 0 1 1 0 0 0 1 0 1 0 0 0 0 0 0
470	1	1 1 1 1 0 0 0 1 0 1 1 0 0 1 0 1 0 0 0 0
470	4	1 0 1 1 1 0 0 0 1 0 0 1 0 1 0 0 0 0 0 0
470	1	1 0 1 1 0 0 1 1 1 0 0 0 0 1 0 1 0 0 0 0
470	1	1 1 1 1 1 0 1 1 0 0 0 1 0 1 0 0 1 0 1 0
470	1	1 1 1 1 0 1 0 1 0 0 0 1 0 1 0 0 0 0 0 0
470	1	1 1 1 1 0 0 1 1 0 0 1 1 0 1 0 0 0 0 0 0
470	1	1 1 1 1 0 0 0 1 0 1 1 0 0 1 0 1 0 0 1 0
470	1	1 0 1 1 0 0 1 1 0 0 0 0 0 1 0 0 0 0 0 0
470	1	1 1 1 1 1 0 1 0 0 0 1 1 0 1 0 1 0 0 0 0
470	1	1 1 1 1 0 0 0 0 0 0 0 1 0 1 0 0 0 1 0 0
470	1	1 1 1 1 0 1 0 1 0 0 0 1 0 1 0 0 0 1 0 0
470	1	1 0 0 1 0 0 0 1 0 0 0 0 1 1 0 1 0 0 0 0
470	1	1 0 1 1 0 0 0 1 0 1 1 0 0 1 0 1 1 0 0 0
470	1	1 1 1 1 0 0 1 1 1 0 0 0 0 1 0 1 0 0 0 0
470	1	1 1 1 1 0 0 0 1 0 0 1 0 0 1 0 0 0 0 0 0
475	1	1 1 1 1 0 0 1 1 0 0 0 0 0 1 0 1 0 0 0 0
475	1	1 1 1 1 0 0 1 1 0 0 0 1 0 1 0 0 0 0 0 0
475	1	1 1 1 1 0 0 0 1 0 1 1 0 0 1 0 1 0 0 0 0
475	1	1 0 1 1 0 0 1 1 0 0 0 1 0 1 0 1 0 0 0 0
475	3	1 0 1 1 1 0 0 0 1 0 0 1 0 1 0 0 0 0 0 0
475	1	1 0 1 1 0 0 1 1 0 0 0 1 0 1 0 0 0 0 0 0
475	2	1 1 1 1 0 1 0 1 0 0 0 1 0 1 0 0 0 0 0 0
475	1	1 0 0 1 0 0 1 0 0 0 1 1 0 1 0 0 0 0 0 0
475	2	1 0 1 1 1 0 1 1 0 0 1 0 0 0 0 1 0 0 0 0
475	1	1 0 1 1 1 0 1 1 0 1 0 0 0 1 1 0 0 0 0 0
475	2	1 0 1 1 0 0 1 1 0 0 0 1 1 1 0 1 0 0 0 0
475	1	1 1 1 1 0 1 0 1 0 0 0 0 0 1 0 1 0 0 0 0
475	1	0 1 1 1 0 0 1 1 1 0 0 1 0 1 0 0 0 0 0 0
475	1	1 0 1 1 1 0 1 1 0 0 0 1 0 1 0 1 0 0 0 0
475	1	1 1 1 1 1 0 1 0 0 0 1 1 0 1 0 0 0 0 0 0
480	1	1 1 1 1 0 0 1 1 0 0 0 0 0 1 0 1 0 0 0 0
480	1	1 1 1 1 0 0 1 1 0 0 0 1 0 1 0 0 0 0 0 0
480	1	1 1 1 1 0 0 0 1 0 1 1 0 0 1 0 1 0 0 0 0
480	2	1 0 1 1 0 0 1 1 0 0 0 1 0 1 0 1 0 0 0 0
480	1	1 0 1 1 1 0 0 0 1 0 0 1 0 1 0 0 0 0 0 0
480	1	1 0 1 1 0 0 1 1 0 0 0 1 0 1 0 0 0 0 0 0
480	1	1 1 1 1 0 0 1 1 0 0 1 1 0 1 1 0 0 0 0 0
480	1	1 1 1 1 0 0 1 1 0 0 0 1 0 1 0 1 0 0 0 0
480	1	1 0 1 1 1 0 1 1 0 1 0 0 0 1 1 0 0 0 0 0
480	1	1 0 1 1 0 0 1 1 0 0 0 1 1 1 0 1 0 0 0 0
480	2	1 0 1 1 0 0 1 1 0 0 0 1 0 1 0 0 0 0 1 0
480	2	1 0 1 1 1 0 1 1 0 0 0 1 0 1 0 1 0 0 0 0
480	1	1 1 1 1 1 0 1 1 0 0 1 0 0 1 0 1 0 0 0 0
480	1	1 0 1 1 0 0 1 1 0 0 0 1 0 1 1 1 0 0 0 0
480	1	1 0 1 1 1 0 0 0 1 1 0 1 0 1 0 0 0 0 0 0
480	1	1 1 1 1 0 1 1 1 0 0 0 1 0 1 0 0 0 0 0 0
480	1	0 0 1 1 0 0 1 1 0 0 0 1 0 1 0 1 0 0 0 0
485	1	1 1 1 1 0 0 1 1 0 0 0 0 0 1 0 1 0 0 0 0
485	1	1 1 1 1 0 0 1 1 0 0 0 1 0 1 0 0 0 0 0 0
485	1	1 1 1 1 0 0 0 1 0 1 1 0 0 1 0 1 0 0 0 0
485	1	1 0 1 1 0 0 1 1 0 0 0 1 0 1 0 1 0 0 0 0
485	2	1 0 1 1 0 0 1 1 0 0 0 1 0 1 0 0 0 0 0 0
485	1	1 1 1 1 1 0 1 1 0 0 0 1 0 1 0 0 1 0 1 0
485	1	1 0 1 1 1 0 1 0 1 1 1 1 0 1 0 0 0 0 0 0
485	2	1 1 1 1 1 0 1 1 0 0 1 0 0 1 0 1 1 0 0 0
485	1	1 0 1 1 1 0 1 1 0 0 1 0 0 0 0 1 0 0 0 0
485	1	1 1 1 1 0 0 0 1 0 0 0 0 0 1 0 0 0 0 0 0
485	1	1 0 1 1 1 0 1 1 0 0 0 1 0 1 0 1 0 0 0 0
485	1	1 1 1 1 0 0 0 1 0 1 1 1 0 1 1 0 0 0 0 0
485	1	1 0 1 1 1 0 0 0 1 0 0 1 0 1 0 1 0 0 0 0
485	1	0 0 1 1 0 0 1 1 0 0 0 1 0 1 0 1 0 0 0 0
485	1	1 0 1 1 0 1 0 1 0 0 0 1 0 1 0 0 0 0 0 0
485	1	1 1 1 0 1 0 0 0 1 0 0 1 0 1 0 0 0 0 0 0
485	1	1 0 1 1 0 0 0 0 1 0 0 1 0 1 0 0 0 0 0 0
485	1	1 0 1 1 1 0 1 1 0 0 1 1 0 1 0 1 0 0 0 0
490	1	1 0 1 1 0 0 1 1 0 0 0 1 0 1 0 1 0 0 0 0
490	1	1 1 1 1 0 0 0 1 0 0 0 1 0 1 0 0 0 0 0 0
490	1	1 0 1 1 1 0 0 0 1 0 0 1 0 1 0 0 0 0 0 0
490	1	1 0 1 1 0 0 1 1 0 0 0 1 0 1 0 0 0 0 0 0
490	1	1 0 1 1 0 0 1 1 1 0 0 0 0 1 0 1 0 0 0 0
490	1	1 1 1 1 0 1 0 1 0 0 0 1 0 1 0 0 0 0 0 0
490	1	1 0 0 1 0 0 0 1 0 0 0 0 0 1 0 1 0 0 0 0
490	2	1 0 1 1 1 0 1 1 0 1 0 0 0 1 1 0 0 0 0 0
490	3	1 1 1 1 0 0 1 1 0 0 1 1 0 1 0 1 0 0 0 0
490	1	1 1 1 1 1 0 0 0 1 0 0 1 0 1 0 0 0 0 0 0
490	1	1 1 1 1 0 0 1 1 0 1 0 0 0 1 0 1 0 0 0 0
490	1	1 1 1 1 0 0 0 0 0 1 1 0 0 1 0 1 0 0 0 0
490	1	1 1 1 1 0 0 1 1 0 0 0 0 0 1 0 0 0 0 0 0
490	1	1 0 1 1 0 0 1 1 1 0 0 1 1 1 0 1 0 0 0 0
490	1	1 0 0 1 1 0 0 1 1 0 0 1 1 1 0 0 0 0 0 0
490	1	1 0 1 1 1 0 1 1 0 0 1 1 0 1 0 0 0 0 0 0
490	1	1 0 1 1 0 0 1 1 0 0 0 1 0 1 1 0 0 0 0 0
495	1	1 0 1 1 1 0 0 0 1 0 0 1 0 1 0 0 0 0 0 0
495	2	1 0 1 1 0 0 1 1 0 0 0 1 0 1 0 0 0 0 0 0
495	1	1 0 1 1 0 0 1 1 1 0 0 0 0 1 0 1 0 0 0 0
495	1	1 1 1 1 0 0 1 1 0 0 0 1 0 1 1 1 0 0 0 0
495	3	1 0 0 1 0 0 0 1 0 0 0 0 0 1 0 1 0 0 0 0
495	1	1 0 1 1 1 0 1 0 1 1 1 1 0 1 0 0 0 0 0 0
495	1	1 0 1 1 0 0 1 1 0 0 0 0 0 1 0 1 0 0 0 0
495	1	1 1 1 1 0 0 0 1 0 0 0 0 0 1 0 0 0 0 0 0
495	1	1 1 1 1 0 0 0 1 0 0 0 0 0 1 1 0 0 0 0 0
495	1	1 0 1 1 0 1 0 1 0 0 0 1 0 1 0 0 0 0 0 0
495	1	1 0 1 1 0 0 1 1 1 0 0 1 1 1 0 1 0 0 0 0
495	1	1 1 1 1 0 0 1 1 0 0 1 1 0 1 1 1 0 0 0 0
495	1	1 1 1 1 0 1 0 1 0 0 0 0 0 1 0 1 0 0 0 0
495	1	1 0 1 1 0 0 1 1 0 0 0 1 0 0 0 1 0 0 0 0
495	1	1 0 1 1 1 0 1 0 0 0 1 1 0 1 0 0 0 0 0 1
495	1	1 1 1 1 1 0 1 1 0 0 0 1 0 1 0 1 0 0 0 0
495	1	1 0 0 1 0 0 1 1 0 0 0 0 0 1 0 0 0 0 0 0
500	1	1 0 1 1 1 0 0 0 1 0 0 1 0 1 0 0 0 0 0 0
500	2	1 0 1 1 0 0 1 1 0 0 0 1 0 1 0 0 0 0 0 0
500	1	1 0 1 1 0 0 1 1 1 0 0 0 0 1 0 1 0 0 0 0
500	1	1 1 1 1 0 0 0 1 0 0 0 1 0 1 0 1 0 0 0 0
500	2	1 0 0 1 0 0 0 1 0 0 0 0 0 1 0 1 0 0 0 0
500	1	1 0 0 1 0 0 1 0 0 0 1 1 0 1 0 0 0 0 0 0
500	1	1 1 1 1 0 0 0 1 0 0 0 0 0 1 0 0 0 0 0 0
500	2	1 0 1 1 1 0 1 1 0 0 0 1 0 1 0 1 0 0 0 0
500	1	1 1 1 1 0 0 0 1 0 0 0 0 0 1 1 0 0 0 0 0
500	1	1 1 1 1 1 0 1 1 0 1 0 0 0 1 1 0 0 0 0 0
500	1	1 1 1 1 0 0 1 1 0 1 1 1 0 1 1 0 0 0 0 0
500	1	1 0 1 1 1 0 1 0 0 0 1 1 0 1 0 0 0 0 0 1
500	1	1 1 1 1 1 0 1 1 0 0 0 1 0 1 0 1 0 0 0 0
500	1	1 1 1 1 1 0 1 0 0 1 0 0 0 1 1 0 0 0 0 0
500	1	1 0 0 1 1 0 0 1 1 0 0 1 1 1 0 1 1 0 0 0
500	1	1 0 1 1 0 0 1 1 0 0 0 1 0 1 0 0 0 1 0 0
500	1	1 0 1 1 1 0 0 0 1 1 0 0 0 1 0 0 0 0 0 0
