0	1	0 0 0 0 0 0 0 1 0 0 0 0 1 1 0 1 0 0 0 1
0	4	0 1 0 0 0 0 0 0 0 0 1 0 0 0 0 0 0 0 0 0
0	2	1 0 0 0 0 0 1 1 0 1 0 0 0 0 0 0 0 1 0 0
0	3	0 0 0 0 0 0 0 0 0 0 0 1 0 0 0 0 1 0 1 0
50	2	0 1 0 0 0 0 0 0 0 0 1 0 0 0 0 0 0 0 0 0
50	1	1 0 0 0 0 0 1 1 0 1 0 0 0 0 0 0 0 1 0 0
50	1	1 1 0 0 0 0 0 0 0 0 1 0 0 0 0 0 0 0 0 0
50	1	1 0 0 0 0 0 1 1 0 1 0 0 0 0 0 0 0 0 1 0
50	1	1 0 0 1 0 0 1 1 0 1 0 0 0 0 0 0 0 0 0 0
50	1	0 1 0 0 0 0 0 0 0 0 1 0 0 0 0 0 0 0 1 0
50	1	0 1 0 1 0 0 1 1 0 1 0 0 1 0 0 1 0 1 0 0
50	1	1 0 1 0 0 0 1 1 0 1 0 0 0 0 0 0 0 1 0 0
50	1	0 1 0 0 0 0 1 1 0 1 0 0 0 0 0 0 0 0 0 0
100	1	0 1 0 0 0 0 0 0 0 0 1 0 0 0 0 0 0 0 0 0
100	1	0 1 0 0 0 0 0 0 0 0 1 0 0 0 0 0 0 0 1 0
100	1	0 1 0 0 0 0 0 0 0 1 1 0 0 0 0 0 0 0 1 0
100	1	0 1 0 0 0 0 0 1 0 1 0 0 0 0 0 0 0 0 1 0
100	1	0 1 0 0 0 0 0 0 0 0 1 0 0 0 0 1 0 0 0 1
100	1	0 1 0 0 0 0 1 1 0 0 0 0 0 0 1 0 0 1 1 0
100	1	1 1 0 1 0 0 0 0 0 0 1 0 1 0 0 0 0 0 0 0
100	1	0 1 0 0 0 0 0 0 0 1 1 0 0 0 0 0 1 0 1 1
100	1	1 0 0 0 0 0 1 1 0 1 0 0 1 0 0 0 0 0 0 0
100	1	0 1 0 0 0 0 0 0 0 1 0 0 0 0 0 0 0 0 1 0
150	1	0 1 0 0 0 0 0 0 0 0 1 0 1 0 0 0 0 0 0 0
150	2	1 1 0 1 0 0 0 1 0 0 1 1 0 0 0 0 1 0 1 0
150	1	0 1 1 0 0 0 0 0 0 0 1 0 0 0 0 0 1 0 1 0
150	1	1 1 0 0 0 0 0 0 0 1 1 0 0 0 0 0 0 0 1 0
150	1	1 1 0 1 0 1 0 0 0 0 1 0 1 0 0 1 0 0 1 0
150	1	0 1 0 1 0 0 0 0 1 0 1 0 1 1 1 1 0 0 1 0
150	1	0 1 1 0 0 0 0 0 1 0 1 0 0 0 1 1 0 0 0 0
150	1	1 0 0 1 0 0 1 1 0 0 0 0 0 0 0 0 0 0 0 0
150	1	0 1 0 0 0 0 0 1 0 1 1 0 0 0 0 1 0 1 0 0
200	2	1 1 0 1 0 1 0 0 0 0 1 0 1 0 0 0 0 0 0 0
200	1	0 1 1 0 0 0 0 0 0 0 1 0 0 0 1 1 0 0 1 0
200	1	1 1 1 1 0 1 0 0 0 0 1 0 1 0 0 0 0 0 0 0
200	1	1 1 0 1 0 1 0 0 0 1 1 0 1 0 0 1 0 0 1 0
200	1	0 1 0 0 1 1 1 1 0 0 0 0 1 0 0 0 0 0 1 0
200	1	1 1 0 1 0 0 0 0 0 0 1 0 0 0 0 0 0 0 0 1
200	1	0 1 0 1 0 0 0 0 0 1 1 0 0 0 1 0 0 1 1 0
200	1	0 1 0 1 0 0 0 0 0 1 1 0 0 0 0 0 0 0 0 0
200	1	1 0 0 0 0 0 0 0 1 1 0 0 1 0 0 0 0 0 0 0
250	2	1 1 1 1 0 1 0 0 0 0 1 0 0 0 0 1 0 0 1 0
250	1	0 1 0 1 0 0 0 0 0 1 1 0 0 0 0 1 0 0 1 0
250	1	1 1 1 1 0 1 0 0 0 0 1 1 1 0 0 0 0 0 0 0
250	1	0 1 0 1 0 1 1 1 1 1 1 0 1 0 1 0 0 0 1 0
250	1	1 1 1 1 0 1 0 0 0 0 1 0 0 0 0 0 0 0 1 0
250	1	1 1 0 1 0 0 0 0 0 1 0 0 0 1 0 1 0 0 1 0
250	1	1 1 0 1 0 1 0 0 1 0 1 0 1 0 0 0 0 0 1 0
250	1	1 1 1 1 0 1 0 0 0 1 1 1 1 0 0 0 0 0 0 0
250	1	1 1 1 1 1 1 0 0 0 1 1 0 0 0 0 1 0 0 0 0
300	2	1 1 1 1 0 1 0 0 0 0 1 0 1 0 0 0 0 0 1 0
300	1	1 1 1 1 0 1 0 0 0 0 1 0 0 0 1 1 0 0 1 0
300	1	1 1 1 1 0 1 0 0 0 1 0 0 0 0 1 1 1 0 1 0
300	1	1 1 0 1 0 0 0 0 0 1 1 1 0 0 1 0 0 0 1 1
300	1	1 1 1 1 1 1 1 1 0 0 1 0 0 0 0 1 0 0 1 0
300	1	0 1 0 1 0 1 0 1 1 0 1 0 0 0 1 1 0 0 0 0
300	1	1 1 1 1 0 1 0 0 0 0 1 1 1 0 0 0 0 0 0 1
300	1	1 1 1 1 0 1 0 0 0 0 1 1 0 0 0 0 0 0 1 0
300	1	1 1 0 1 0 1 0 0 0 0 1 1 0 0 0 1 0 0 1 0
350	1	1 1 1 1 0 1 0 0 0 0 1 0 0 0 0 0 0 0 0 0
350	1	0 1 0 1 0 1 0 0 0 0 1 1 1 0 0 0 0 0 0 0
350	1	1 1 1 1 0 1 0 0 1 0 1 1 1 1 0 1 0 0 0 0
350	1	1 1 1 1 0 1 0 0 1 0 1 0 0 0 0 0 0 0 0 0
350	1	1 1 1 1 0 1 0 0 0 1 0 0 0 0 1 1 0 0 1 0
350	1	1 1 1 1 0 1 1 1 0 0 1 1 1 0 0 0 0 0 1 0
350	1	0 1 1 1 0 1 0 0 0 0 1 0 1 0 0 0 0 0 1 0
350	2	1 1 1 1 1 0 0 0 1 1 1 1 1 0 0 0 0 0 0 0
350	1	1 1 1 1 1 0 0 0 0 1 1 0 0 0 0 0 0 0 1 0
400	1	1 1 1 1 0 1 0 0 1 0 1 1 1 0 0 0 0 0 0 0
400	1	1 1 1 1 1 0 0 0 1 1 1 1 1 0 0 0 0 0 0 0
400	1	1 1 1 1 0 1 0 0 0 1 1 0 0 0 1 1 0 0 0 0
400	1	1 1 1 1 1 1 0 0 0 1 1 1 0 0 0 1 0 0 1 0
400	1	1 1 1 1 0 0 0 0 0 1 1 1 1 0 0 1 1 0 0 0
400	1	1 1 1 1 0 0 0 0 1 0 1 1 1 0 0 0 0 0 0 0
400	2	1 1 1 1 0 0 0 1 0 1 1 1 1 0 0 1 0 0 0 0
400	1	0 1 1 1 0 1 0 0 0 1 1 0 0 0 1 1 0 0 0 0
400	1	1 1 0 1 0 0 1 1 0 1 1 1 1 0 0 1 0 0 1 0
450	1	1 1 1 1 0 0 0 0 0 1 1 0 0 0 1 1 0 0 0 0
450	1	1 1 1 1 0 0 0 1 0 1 1 1 1 0 0 1 0 0 0 0
450	1	1 1 1 1 0 0 1 0 0 1 0 0 0 0 1 0 0 0 0 0
450	2	0 1 1 1 0 1 0 0 1 0 1 0 0 0 1 1 0 0 0 0
450	1	1 1 1 1 0 0 0 0 1 1 1 0 0 0 1 1 1 0 0 0
450	1	1 1 1 1 0 0 1 0 0 1 1 0 0 0 1 0 0 0 0 0
450	1	1 1 0 1 0 0 0 1 0 0 1 1 1 0 1 1 0 1 0 0
450	1	1 1 1 0 0 0 1 0 0 1 0 0 0 0 1 0 0 0 0 1
450	1	1 0 1 1 0 1 0 0 1 0 1 0 0 0 1 1 0 0 0 0
500	1	1 1 1 1 0 0 1 0 0 1 1 0 0 0 1 0 0 0 0 0
500	1	1 1 1 1 1 0 0 0 0 1 0 0 0 0 1 0 0 0 0 0
500	1	1 1 0 1 0 0 1 0 0 1 1 0 0 0 1 1 0 0 0 1
500	1	1 1 1 1 0 0 0 0 0 0 0 0 0 0 1 1 0 0 0 0
500	1	1 1 0 1 1 0 1 0 0 1 1 0 1 0 1 1 0 0 0 0
500	1	1 1 1 1 0 0 0 1 0 1 1 1 0 0 1 1 0 0 0 0
500	1	1 0 1 1 0 0 0 0 0 1 1 0 0 0 1 1 0 0 0 0
500	1	1 1 1 1 0 0 1 0 1 1 1 0 1 0 0 1 0 0 0 0
500	1	1 1 1 1 0 0 0 1 1 1 1 0 1 1 1 0 0 0 0 0
500	1	1 1 1 1 1 0 0 0 1 0 0 1 0 1 0 0 0 0 0 0
