0	52	0 1 0 0 0 0 0 0 0 0 0 0 1 0 0 0 1 0 0 0
0	49	0 0 0 1 0 1 1 1 0 0 0 0 0 0 0 1 0 0 0 0
0	53	1 1 0 1 0 0 0 0 0 1 0 0 0 0 0 0 0 1 0 0
0	46	0 0 0 1 0 0 0 0 0 0 0 0 0 0 0 0 0 0 0 0
50	42	0 0 0 1 0 1 1 1 0 0 0 0 0 0 0 1 0 0 0 0
50	2	0 1 0 1 0 0 0 0 0 1 0 0 0 0 0 0 0 1 0 0
50	2	0 0 0 1 0 1 1 1 0 0 0 0 0 0 1 1 0 0 0 0
50	5	0 0 0 1 0 1 1 1 0 0 0 0 0 0 0 0 0 0 0 0
50	5	1 1 0 1 0 1 1 1 0 0 0 0 0 0 0 1 0 0 0 0
50	2	0 0 0 1 0 1 1 1 0 0 0 0 0 1 0 1 0 0 0 0
50	8	0 1 0 1 0 1 1 1 0 0 0 0 0 0 0 1 0 0 0 0
50	2	0 0 0 1 0 1 1 1 1 0 0 0 0 0 0 1 0 0 0 0
50	4	0 0 0 1 0 1 1 1 0 0 0 1 0 0 0 1 0 0 0 0
50	3	0 0 0 1 0 1 1 1 0 0 0 0 0 0 0 0 0 1 0 0
50	11	1 1 0 1 0 1 1 1 0 0 0 0 0 0 0 0 0 0 0 0
50	2	0 0 0 1 0 0 0 0 0 0 0 0 1 0 0 0 0 0 0 0
50	6	1 0 0 1 0 1 1 1 0 0 0 0 0 0 0 1 0 0 0 0
50	4	1 1 0 1 0 1 1 1 0 1 0 0 0 0 0 1 0 0 0 0
50	1	0 1 0 0 0 0 1 1 0 0 0 0 0 0 0 1 0 0 0 0
50	28	1 1 0 1 0 1 1 1 0 0 0 0 0 0 0 0 0 1 0 0
50	2	0 0 1 1 0 1 1 1 0 0 0 0 0 0 0 0 0 0 0 0
50	1	0 0 0 1 0 1 1 1 0 0 0 0 0 0 0 1 0 1 0 1
50	7	0 0 1 1 0 1 1 1 0 0 0 0 0 0 0 1 0 0 0 0
50	2	1 1 0 1 1 0 0 0 0 1 0 0 0 0 0 0 0 1 0 1
50	1	0 1 0 1 0 0 0 0 0 1 0 0 0 0 0 0 0 1 0 1
50	3	0 0 0 1 0 1 1 1 0 1 0 0 0 0 0 0 0 1 0 1
50	2	0 1 0 1 0 1 1 1 0 1 0 0 0 0 0 1 0 0 0 0
50	2	0 0 0 1 0 1 0 0 0 1 0 0 0 0 0 0 0 0 0 0
50	4	1 1 0 1 0 1 1 1 0 0 0 0 1 0 0 1 0 0 0 0
50	1	0 0 0 1 0 0 1 1 0 0 0 0 0 0 0 0 1 0 0 0
50	4	0 0 0 1 0 1 1 1 0 1 0 0 0 0 0 1 0 0 0 0
50	2	1 1 0 1 0 1 1 1 1 0 0 0 0 0 0 1 0 1 0 0
50	2	1 1 0 1 0 1 1 1 0 0 0 0 0 0 0 1 0 0 1 0
50	2	1 1 0 1 1 0 0 0 0 1 0 0 0 0 1 0 0 1 0 0
50	1	0 0 0 1 0 1 1 1 0 0 0 0 0 0 1 0 0 0 0 0
50	1	1 1 0 1 0 1 1 1 0 1 0 0 0 1 0 1 0 0 0 0
50	2	1 1 1 1 0 1 1 1 0 1 0 0 0 0 0 1 0 0 0 0
50	1	0 0 1 1 0 1 1 1 1 0 0 0 0 0 0 1 0 0 0 0
50	7	1 1 0 1 0 1 1 1 1 0 0 0 0 0 0 1 0 0 0 0
50	1	0 1 0 1 0 1 1 1 0 0 0 0 0 1 0 1 0 0 0 0
50	1	1 1 0 1 0 1 1 1 0 1 0 0 0 0 0 0 0 0 1 0
50	1	1 1 1 1 0 1 1 1 0 0 0 0 0 0 0 1 0 0 0 0
50	1	1 1 0 1 0 1 1 0 0 0 0 0 0 0 0 0 0 1 0 0
50	2	1 1 0 1 0 0 0 0 0 0 0 0 0 0 0 1 0 0 0 1
50	1	1 0 0 1 0 1 1 1 0 0 0 0 0 0 0 0 0 0 0 0
50	3	0 0 0 1 0 1 1 1 0 0 0 0 1 0 0 1 0 0 0 0
50	1	0 0 1 1 0 1 1 1 0 0 0 0 0 1 0 1 0 0 0 0
50	1	0 1 0 0 0 0 1 1 1 0 0 0 0 0 0 1 0 0 0 0
50	1	1 0 0 1 0 0 0 0 0 0 0 0 0 0 0 0 0 0 0 0
50	1	1 1 0 1 1 1 1 1 0 0 0 0 0 0 0 0 0 0 0 0
50	2	1 1 0 1 0 1 1 1 0 0 0 0 0 0 0 0 0 1 1 0
50	1	0 0 0 1 0 1 1 1 0 1 0 0 0 0 1 0 0 1 0 1
50	1	0 0 0 1 0 1 1 1 0 0 0 0 0 1 0 1 0 1 1 0
50	1	0 1 0 1 0 1 1 1 0 0 0 0 0 0 0 0 0 1 0 0
50	1	0 0 0 1 0 1 1 1 0 0 0 0 0 0 0 1 1 0 0 0
50	1	0 0 0 0 0 1 1 1 0 0 0 0 0 0 0 0 0 0 0 0
50	1	0 1 1 1 0 1 1 1 0 0 0 0 0 1 0 1 0 0 0 0
50	1	0 0 0 1 0 1 1 1 0 0 0 0 0 0 1 0 0 1 0 0
50	1	0 1 0 0 0 0 1 1 0 0 0 0 0 0 0 1 0 1 0 0
50	1	0 0 1 1 0 1 1 1 1 0 0 0 0 0 0 0 0 0 0 0
50	1	0 0 0 1 0 0 1 1 0 0 0 0 1 0 0 1 0 0 0 0
100	1	0 0 0 1 0 1 1 1 0 0 0 0 0 0 0 1 0 0 0 0
100	1	0 0 0 1 0 1 1 1 0 0 0 0 0 0 1 1 0 0 0 0
100	7	1 1 0 1 0 1 1 1 0 0 0 0 0 0 0 1 0 0 0 0
100	11	0 1 0 1 0 1 1 1 0 0 0 0 0 0 0 1 0 0 0 0
100	1	1 1 0 1 0 1 1 1 0 0 0 0 0 0 0 0 0 0 0 0
100	3	1 0 0 1 0 1 1 1 0 0 0 0 0 0 0 1 0 0 0 0
100	4	1 1 0 1 0 1 1 1 0 1 0 0 0 0 0 1 0 0 0 0
100	1	0 1 0 0 0 0 1 1 0 0 0 0 0 0 0 1 0 0 0 0
100	2	1 1 0 1 0 1 1 1 0 0 0 0 0 0 0 0 0 1 0 0
100	26	1 1 1 1 0 1 1 1 0 1 0 0 0 0 0 1 0 0 0 0
100	13	1 1 0 1 0 1 1 1 1 0 0 0 0 0 0 1 0 0 0 0
100	3	1 1 1 1 0 1 1 1 0 0 0 0 0 0 0 1 0 0 0 0
100	1	1 1 0 1 0 0 1 1 0 0 0 0 0 0 0 1 0 0 0 0
100	1	0 0 0 1 0 1 1 1 0 0 0 0 1 0 0 1 0 0 0 0
100	3	1 1 0 1 0 0 0 0 0 0 0 0 0 0 1 1 0 0 0 1
100	1	0 1 0 1 0 1 1 1 0 1 0 0 0 0 1 1 0 0 0 0
100	3	1 1 0 1 0 1 1 1 0 1 0 0 0 0 0 1 0 1 0 0
100	5	1 1 0 1 1 1 1 1 0 1 0 0 0 0 0 1 0 0 0 0
100	1	0 1 0 1 0 1 1 1 0 0 0 0 0 0 0 1 0 1 0 0
100	8	1 1 1 1 0 1 1 1 1 0 0 0 0 0 0 1 0 0 0 0
100	2	1 0 0 1 0 1 1 1 1 0 0 0 0 0 0 1 0 0 0 0
100	1	1 1 0 0 0 0 1 1 0 0 0 0 0 0 1 1 0 0 0 0
100	6	0 0 1 1 1 1 1 1 0 0 0 0 0 0 0 1 0 0 0 0
100	2	1 1 1 1 0 1 1 1 0 1 0 0 0 0 0 1 1 0 0 0
100	3	1 1 0 1 0 1 1 1 0 0 0 0 0 0 0 1 0 1 0 0
100	1	1 1 0 1 0 1 1 1 0 0 0 0 0 0 0 0 0 1 0 1
100	2	0 0 0 1 0 1 1 1 0 0 0 0 0 0 0 0 0 1 0 1
100	6	1 0 0 1 0 1 1 1 1 0 0 0 1 0 0 1 0 0 0 0
100	1	1 1 1 1 0 1 1 1 0 0 0 1 0 0 0 0 0 0 0 0
100	2	1 1 1 0 0 1 1 1 0 0 0 0 0 0 0 0 0 0 0 0
100	3	1 1 0 1 0 1 1 1 0 0 0 0 0 0 0 0 0 1 1 0
100	5	1 1 0 1 0 1 1 1 0 0 0 0 1 0 0 0 0 1 0 0
100	3	1 1 1 1 0 1 1 1 1 0 0 1 0 0 0 1 0 0 0 0
100	1	1 0 1 1 0 0 1 1 0 0 0 0 0 0 0 0 0 1 0 0
100	3	1 1 0 1 0 1 1 1 0 1 0 0 0 0 0 1 1 0 0 0
100	3	1 1 1 1 0 1 1 1 0 1 0 0 1 0 0 1 0 0 0 0
100	1	1 1 0 1 0 0 0 0 0 0 0 0 0 0 0 0 0 0 0 0
100	4	1 1 1 1 0 0 1 1 0 0 0 1 0 0 0 1 0 0 0 0
100	2	1 1 0 1 0 1 1 1 1 0 0 0 1 0 1 1 0 0 0 0
100	6	1 0 0 1 0 1 1 1 0 0 0 0 0 0 1 0 0 0 0 0
100	1	1 1 0 1 1 0 0 1 0 1 0 0 0 0 0 1 0 0 0 0
100	1	1 0 1 1 0 1 1 1 1 0 0 1 0 0 0 1 0 0 0 0
100	2	1 1 0 1 0 0 1 1 0 0 0 0 0 0 1 1 0 0 0 0
100	2	1 1 0 1 0 1 1 1 0 0 0 0 0 0 1 0 1 1 0 0
100	2	0 0 0 1 0 1 1 1 0 0 0 0 1 0 1 1 0 0 0 0
100	2	1 1 0 1 0 0 1 1 0 0 0 0 0 0 0 0 0 0 0 0
100	1	1 1 0 1 0 1 1 1 0 0 1 0 0 0 0 0 0 0 0 1
100	1	0 0 0 1 0 1 1 1 0 0 0 0 0 0 0 0 0 0 1 0
100	2	0 0 0 1 0 1 1 1 1 0 0 0 0 0 0 1 0 0 0 0
100	1	1 0 0 1 1 1 1 1 0 0 0 0 0 0 1 1 0 0 0 0
100	1	1 1 1 1 0 1 1 1 0 1 0 1 0 0 0 1 0 0 0 0
100	2	1 1 1 1 0 1 1 1 0 0 0 0 0 0 0 0 0 0 0 0
100	1	1 0 0 1 0 1 1 1 0 1 0 0 0 0 0 1 0 0 0 0
100	1	1 1 1 1 0 1 1 1 0 1 0 0 0 0 0 1 0 0 0 1
100	1	1 1 0 1 0 0 0 1 0 0 0 0 0 0 0 1 0 1 0 0
100	1	1 1 0 1 0 1 1 1 0 0 0 0 0 0 0 1 1 0 0 0
100	1	1 1 1 1 0 0 0 1 0 0 0 1 0 0 0 1 0 0 0 0
100	1	1 1 0 1 0 0 0 0 1 1 0 0 0 0 0 0 0 1 0 0
100	1	0 1 1 1 0 1 1 1 0 0 0 0 0 0 0 1 0 0 0 0
100	3	1 1 0 1 1 1 1 1 0 1 0 0 0 0 0 0 0 0 0 0
100	1	1 1 1 1 1 1 0 1 0 1 0 0 0 0 0 1 0 0 0 0
100	1	0 0 0 1 0 1 1 1 1 0 0 0 1 0 0 1 0 1 0 0
100	1	0 0 0 1 0 1 1 1 0 0 0 0 0 0 0 1 0 0 0 1
100	1	0 0 0 0 0 1 1 1 0 0 0 0 0 0 1 1 0 0 0 0
100	1	1 1 1 1 0 1 1 1 0 1 1 0 0 0 0 1 0 0 0 0
100	1	0 0 0 1 0 1 1 1 0 0 0 0 1 0 1 1 0 0 1 0
100	1	1 1 1 1 0 1 1 1 0 0 0 0 1 0 0 1 0 0 0 0
100	1	0 0 0 1 0 1 1 1 0 0 0 0 0 1 0 1 0 0 0 0
100	2	1 1 0 1 0 1 1 1 1 0 0 0 0 0 0 0 0 0 0 0
100	1	1 1 1 1 0 1 1 1 0 0 1 0 0 0 0 1 0 0 0 0
100	1	1 1 1 1 0 1 0 1 0 1 0 0 1 0 0 1 0 0 0 0
100	1	1 0 0 1 0 0 1 1 0 0 0 0 0 0 0 0 0 0 0 0
100	1	1 1 0 1 0 1 1 1 1 0 1 0 0 0 0 1 0 0 0 0
100	1	0 1 0 1 0 0 1 1 0 1 0 0 0 0 1 1 0 0 0 0
100	1	1 0 0 1 0 1 1 1 0 0 0 0 0 0 0 0 0 0 1 0
100	1	1 0 1 1 0 1 1 1 0 0 0 1 0 0 0 0 0 0 0 0
100	1	1 1 1 1 0 1 1 1 0 0 0 0 0 0 0 0 0 1 1 0
100	1	1 1 0 0 0 1 1 1 0 0 0 0 1 0 0 0 0 1 0 0
150	3	1 1 0 1 0 1 1 1 0 0 0 0 0 0 0 1 0 0 0 0
150	9	0 1 0 1 0 1 1 1 0 0 0 0 0 0 0 1 0 0 0 0
150	1	1 1 0 1 0 1 1 1 0 0 0 0 0 0 0 0 0 1 0 0
150	38	1 1 1 1 0 1 1 1 0 1 0 0 0 0 0 1 0 0 0 0
150	6	1 1 0 1 0 1 1 1 1 0 0 0 0 0 0 1 0 0 0 0
150	10	1 1 1 1 0 1 1 1 0 0 0 0 0 0 0 1 0 0 0 0
150	4	1 1 0 1 0 0 0 0 0 0 0 0 0 0 1 1 0 0 0 1
150	2	1 1 1 1 0 1 1 1 1 0 0 0 0 0 0 1 0 0 0 0
150	6	1 1 1 1 0 1 1 1 1 0 0 1 0 0 0 1 0 0 0 0
150	4	1 1 1 1 0 0 1 1 0 0 0 1 0 0 0 1 0 0 0 0
150	1	1 1 0 1 0 1 1 1 0 0 0 0 0 0 0 1 0 1 1 0
150	1	1 1 1 1 1 1 0 1 0 1 0 0 0 0 0 1 0 0 0 0
150	5	1 0 1 1 0 0 1 1 0 0 0 0 0 0 1 1 0 0 0 0
150	4	1 1 1 0 0 1 1 1 0 1 0 0 0 0 0 1 0 0 0 0
150	3	1 0 0 1 0 1 1 1 0 0 0 0 1 0 0 1 0 0 0 0
150	3	0 1 1 1 0 1 1 1 0 1 0 0 0 0 0 1 0 0 0 0
150	1	1 1 1 1 0 0 1 1 1 0 0 1 0 0 0 1 0 0 0 0
150	2	1 1 1 1 0 1 1 1 0 1 0 0 0 1 1 1 0 0 0 0
150	1	1 1 1 1 0 1 1 1 1 0 0 1 1 0 0 1 0 0 0 0
150	2	1 1 0 1 0 1 0 1 0 0 0 0 0 0 0 1 0 1 0 0
150	1	1 1 1 1 1 1 1 1 1 0 0 1 0 0 0 1 0 0 0 0
150	2	0 1 1 1 0 1 1 1 1 0 0 0 0 0 0 1 0 0 0 0
150	2	1 1 1 1 0 1 1 1 0 0 1 0 0 0 0 1 0 0 0 0
150	1	1 1 1 1 1 1 0 1 0 1 0 0 0 0 0 1 1 0 0 0
150	2	0 1 0 1 0 1 1 1 1 0 0 0 0 0 0 1 0 0 0 0
150	2	1 1 1 1 0 1 1 1 0 0 0 0 0 0 0 0 0 0 0 0
150	1	0 1 0 1 0 0 1 1 0 1 0 0 0 0 0 1 0 0 0 0
150	1	1 1 0 1 0 1 1 1 1 0 0 0 1 0 1 0 0 0 1 0
150	6	1 1 0 1 0 0 1 1 0 0 0 1 0 0 0 1 0 0 0 0
150	3	1 1 1 1 0 1 1 1 0 1 0 0 0 0 1 1 0 0 0 0
150	1	1 1 0 1 0 1 1 1 0 0 0 1 0 0 0 1 0 0 0 0
150	2	1 1 1 1 0 1 1 1 1 0 0 1 1 0 0 1 0 0 1 0
150	2	1 1 1 1 1 1 1 1 1 0 0 0 0 0 0 1 0 0 0 0
150	1	1 1 1 1 0 1 1 0 1 0 0 1 1 0 0 0 0 1 0 0
150	3	1 1 1 0 0 1 1 1 1 0 0 1 0 0 0 1 0 0 0 0
150	1	1 1 0 1 0 0 0 0 0 0 0 0 0 0 1 1 0 0 0 0
150	4	1 0 1 0 0 1 1 1 0 1 0 0 0 0 0 1 0 0 0 0
150	3	1 1 1 1 0 1 1 1 0 1 0 0 0 0 0 1 0 0 0 1
150	1	1 1 1 1 0 1 1 1 0 1 0 1 0 1 1 1 0 0 0 0
150	3	1 1 1 1 0 0 1 1 0 1 0 0 0 0 0 1 0 0 0 0
150	2	1 1 1 1 0 1 1 1 1 0 1 0 0 0 0 1 0 0 0 0
150	2	1 1 0 1 0 1 1 1 0 0 0 0 0 0 1 1 0 0 0 0
150	1	1 1 1 1 0 1 1 1 0 1 0 0 0 0 0 1 0 1 0 0
150	2	0 0 0 1 0 1 1 1 0 0 0 0 0 1 0 1 0 0 0 0
150	1	1 1 0 1 1 1 1 1 0 0 0 0 0 0 0 0 0 1 0 0
150	2	1 1 1 1 0 1 1 1 1 0 0 0 0 1 0 1 0 0 0 0
150	2	1 1 0 1 0 1 1 1 1 0 1 0 0 0 0 1 0 0 0 0
150	4	1 1 1 1 0 0 0 0 0 0 0 0 0 0 0 1 0 0 0 0
150	1	0 1 0 1 0 1 1 1 0 0 0 0 0 0 0 0 0 1 0 0
150	2	1 1 1 0 0 1 1 1 1 0 0 0 0 0 0 0 0 0 0 0
150	1	1 1 1 1 0 0 1 1 1 0 0 1 0 0 1 1 0 0 0 0
150	2	1 1 0 1 1 1 1 1 0 0 0 0 0 0 0 0 0 0 0 0
150	2	1 1 1 1 0 1 1 1 0 1 0 0 0 0 0 1 0 1 0 1
150	2	0 1 1 1 0 0 1 1 0 1 0 0 0 0 0 1 0 0 0 0
150	1	1 1 0 1 0 0 0 0 0 0 0 0 0 0 0 1 0 0 0 0
150	1	1 0 0 1 0 1 1 1 0 0 0 0 1 0 0 1 0 0 1 0
150	1	1 1 1 1 0 1 1 1 1 0 0 1 0 0 0 1 0 1 1 0
150	1	0 1 0 1 1 1 1 1 0 1 0 0 0 0 0 1 0 0 1 0
150	1	1 1 0 1 0 1 1 1 0 1 0 0 0 0 0 0 0 1 0 0
150	1	1 1 1 1 0 0 1 1 0 0 0 0 0 0 0 1 0 0 0 0
150	3	1 1 1 1 1 1 0 1 0 1 0 0 0 1 0 0 0 0 0 0
150	1	1 1 1 1 0 1 1 0 1 0 1 1 1 0 0 0 0 1 0 0
150	1	1 1 0 1 0 0 0 1 0 0 0 0 0 0 0 1 0 0 0 0
150	1	1 1 1 1 0 1 1 0 0 1 0 0 0 0 0 1 0 0 0 0
150	3	1 1 1 1 0 1 1 1 0 0 0 0 0 0 0 1 0 0 1 0
150	1	0 1 1 1 0 0 1 1 0 0 0 0 0 0 1 1 0 0 0 0
150	1	0 1 1 1 0 1 1 1 0 1 0 1 0 0 0 1 0 0 0 0
150	1	1 1 1 0 0 0 1 1 0 1 0 0 0 0 0 1 0 0 0 0
150	1	1 1 1 1 0 1 0 1 0 1 0 0 0 1 1 1 0 0 0 0
150	2	1 1 1 0 1 1 0 1 0 1 0 0 0 0 0 1 1 0 0 0
150	1	0 1 1 1 0 1 1 1 1 0 0 0 0 0 0 1 1 0 0 0
150	1	1 1 1 1 0 1 1 1 0 0 0 0 0 0 0 0 0 1 0 0
150	1	1 1 0 1 0 1 1 1 1 0 0 0 0 0 1 1 0 0 0 0
150	1	1 1 1 1 0 1 1 1 0 1 0 0 0 0 0 1 1 0 0 1
150	1	1 1 1 1 1 1 0 1 0 1 0 1 0 1 0 1 0 0 0 0
200	4	1 1 0 1 0 1 1 1 0 1 0 0 0 0 0 1 0 0 0 0
200	14	1 1 1 1 0 1 1 1 0 1 0 0 0 0 0 1 0 0 0 0
200	5	1 1 1 1 0 1 1 1 0 0 0 0 0 0 0 1 0 0 0 0
200	4	1 1 1 1 0 1 1 1 1 0 0 0 0 0 0 1 0 0 0 0
200	1	1 1 1 1 1 1 0 1 0 1 0 0 0 0 0 1 0 0 0 0
200	1	1 1 1 1 0 0 1 1 1 0 0 1 0 0 0 1 0 0 0 0
200	5	1 1 1 1 1 1 1 1 1 0 0 1 0 0 0 1 0 0 0 0
200	2	1 1 1 1 0 1 1 1 0 0 0 0 0 0 0 0 0 0 0 0
200	3	1 1 1 1 1 1 1 1 1 0 0 0 0 0 0 1 0 0 0 0
200	16	1 1 1 1 0 0 1 1 0 1 0 0 0 0 0 1 0 0 0 0
200	1	1 1 1 1 0 1 1 1 0 1 0 0 0 0 0 1 0 1 0 0
200	4	1 1 1 1 0 0 1 1 0 0 0 0 0 0 0 1 0 0 0 0
200	9	1 1 1 1 0 1 1 1 0 0 0 1 1 0 0 1 0 0 0 0
200	7	1 1 1 1 0 1 1 1 0 0 0 1 0 0 0 1 0 0 0 0
200	2	1 1 1 1 0 1 1 1 1 1 1 0 0 0 0 1 0 0 0 0
200	2	1 1 1 1 0 1 1 1 1 0 0 0 0 0 0 1 0 1 0 0
200	6	1 1 1 1 1 1 1 1 0 0 0 1 1 0 0 1 0 0 0 0
200	3	1 0 1 1 0 1 1 1 1 0 0 1 0 0 0 1 0 0 0 0
200	5	1 1 1 1 0 1 1 1 0 1 0 0 0 1 0 1 0 0 0 0
200	1	1 1 1 1 0 0 1 1 0 1 0 0 0 0 0 0 0 0 0 0
200	5	1 0 1 1 1 1 1 1 1 0 0 0 0 0 0 1 1 0 0 0
200	3	1 1 0 1 1 1 1 1 0 0 0 0 0 0 0 1 0 0 0 0
200	1	1 1 1 1 0 1 0 1 1 0 0 1 1 0 0 1 0 0 0 0
200	3	1 1 1 1 1 1 1 1 1 0 0 1 1 0 0 1 0 0 0 0
200	2	0 1 1 1 0 1 1 1 0 1 1 0 0 0 0 1 0 1 0 0
200	4	1 1 1 1 0 1 0 1 0 1 0 0 0 0 0 1 0 0 0 0
200	2	1 1 1 0 0 1 1 1 0 0 1 0 0 0 0 1 0 0 0 0
200	1	1 1 0 1 0 1 1 1 0 0 0 0 0 0 0 0 0 0 0 0
200	2	0 1 1 1 0 1 1 1 0 0 0 1 1 0 0 1 0 0 0 0
200	5	1 1 0 1 0 1 1 1 0 1 0 0 0 1 0 1 0 0 0 0
200	5	1 1 1 1 0 0 1 1 0 1 1 0 0 0 0 1 0 0 0 0
200	2	1 1 1 1 1 1 1 1 1 1 1 0 0 0 0 1 0 0 0 0
200	1	1 1 0 1 1 1 0 1 0 1 0 0 0 0 0 1 0 0 0 0
200	4	1 0 1 1 0 1 1 1 1 1 1 0 0 0 0 1 0 0 0 0
200	1	1 1 1 1 0 0 1 1 0 0 0 0 0 0 0 0 0 0 0 0
200	1	1 1 1 1 0 0 0 0 0 1 0 1 0 0 1 1 0 0 0 1
200	2	1 1 0 1 1 0 1 1 0 0 0 0 0 0 0 0 0 0 0 0
200	2	1 1 1 1 0 1 1 1 0 0 0 1 1 0 0 0 0 0 0 0
200	1	1 1 1 1 1 1 1 1 0 0 0 0 0 0 0 1 0 0 0 0
200	3	1 1 0 1 0 1 1 1 0 0 0 0 0 0 1 0 0 0 0 0
200	1	0 1 0 0 0 1 1 1 1 0 0 0 0 0 1 1 0 0 0 0
200	3	1 1 1 1 1 1 1 1 0 0 0 1 0 0 0 1 0 0 0 0
200	1	1 1 1 1 0 1 1 1 0 0 0 1 1 1 0 1 0 0 0 0
200	1	1 1 1 1 0 1 0 0 0 1 0 1 0 0 0 1 0 1 0 0
200	7	1 1 1 1 0 0 1 1 0 0 0 1 1 0 0 1 0 0 0 0
200	3	0 1 1 1 1 1 1 1 0 0 0 1 0 0 0 1 0 0 0 0
200	1	1 1 1 0 1 0 0 0 0 1 0 1 0 0 0 1 0 0 0 0
200	1	0 1 1 1 1 1 1 1 0 0 0 1 1 0 0 1 0 0 0 0
200	2	1 1 1 0 0 1 1 1 0 1 0 0 0 0 0 1 0 0 0 0
200	1	1 1 1 1 0 1 1 1 1 1 0 0 0 0 0 1 0 0 0 0
200	4	1 1 1 1 0 0 1 1 1 1 0 0 0 0 0 1 0 0 0 0
200	1	1 1 1 1 0 1 1 1 0 1 0 1 1 0 0 1 0 0 0 0
200	1	0 1 1 1 0 1 1 1 0 0 0 1 1 1 0 1 0 0 0 0
200	2	1 1 1 1 0 0 1 1 0 0 0 1 0 0 0 1 0 0 0 0
200	1	1 1 1 1 0 0 0 1 1 0 0 1 0 0 0 1 0 0 0 0
200	2	1 1 0 1 1 1 1 1 0 1 0 0 0 0 0 1 0 0 0 0
200	2	0 1 1 1 1 1 1 1 1 0 0 1 1 0 0 1 0 0 0 0
200	2	1 1 1 1 0 0 1 1 0 1 1 0 0 1 0 1 0 0 0 0
200	3	1 1 0 1 0 0 1 1 0 0 0 0 0 0 0 1 0 0 0 0
200	1	0 1 1 1 0 1 1 1 0 0 0 1 1 1 1 1 0 0 0 0
200	1	1 1 1 0 0 1 0 1 0 1 0 0 0 0 0 1 0 0 0 0
200	1	1 1 0 1 1 1 1 1 1 1 1 0 0 0 0 1 0 0 0 0
200	1	1 1 1 1 0 0 1 1 1 1 0 0 0 1 0 1 0 0 0 0
200	1	1 0 1 1 0 1 1 1 0 0 0 1 0 0 0 1 0 0 0 0
200	1	0 0 1 1 0 1 1 1 0 1 1 0 0 0 0 1 1 1 0 0
200	1	1 1 1 1 0 1 1 1 0 0 0 1 0 0 0 1 0 1 0 0
200	4	1 1 1 1 0 1 1 1 0 1 0 1 0 0 0 0 0 0 0 0
200	1	1 1 1 1 0 0 0 1 1 0 0 1 1 0 0 1 0 0 0 0
200	1	1 1 1 1 0 1 1 1 1 0 0 1 0 0 0 1 0 0 0 0
200	1	1 1 1 1 0 0 1 1 1 1 0 1 0 0 0 1 0 0 0 0
200	1	0 1 1 1 0 1 1 1 0 1 0 0 0 1 0 1 0 0 0 0
200	1	1 1 1 1 0 1 1 1 0 1 1 0 0 1 0 1 0 0 0 0
250	22	1 1 1 1 0 1 1 1 0 1 0 0 0 0 0 1 0 0 0 0
250	12	1 1 1 1 0 0 1 1 0 1 0 0 0 0 0 1 0 0 0 0
250	5	1 1 1 1 0 0 1 1 0 0 0 0 0 0 0 1 0 0 0 0
250	3	1 1 1 1 0 1 1 1 0 0 0 1 1 0 0 1 0 0 0 0
250	6	1 1 1 1 1 1 1 1 1 0 0 1 1 0 0 1 0 0 0 0
250	9	1 1 1 1 0 1 0 1 0 1 0 0 0 0 0 1 0 0 0 0
250	2	1 1 0 1 1 0 1 1 0 0 0 0 0 0 0 0 0 0 0 0
250	1	1 1 1 1 1 1 1 1 0 0 0 0 0 0 0 1 0 0 0 0
250	6	1 1 1 1 0 1 1 1 0 0 0 1 1 1 0 1 0 0 0 0
250	1	1 1 1 0 1 0 0 0 0 1 0 1 0 0 0 1 0 0 0 0
250	4	1 1 1 1 0 0 1 1 1 1 0 0 0 0 0 1 0 0 0 0
250	3	0 1 1 1 0 1 0 1 0 1 0 0 0 0 0 1 0 0 0 0
250	2	0 1 1 1 0 1 1 1 0 0 0 0 0 0 0 0 0 0 0 0
250	1	1 1 1 1 1 1 1 1 0 1 0 0 0 0 0 1 0 1 0 0
250	2	1 0 1 1 0 1 1 1 0 0 1 0 0 0 0 1 0 0 0 0
250	2	1 0 1 1 1 1 1 1 0 0 0 0 0 0 0 1 0 0 0 0
250	3	1 0 1 1 0 1 1 1 0 0 0 0 0 0 0 1 0 0 0 0
250	3	1 1 0 1 1 0 1 1 0 0 0 0 0 0 0 1 0 0 0 1
250	5	1 1 1 1 0 1 1 1 0 1 0 0 0 0 0 0 0 0 0 0
250	9	1 1 1 1 0 0 1 1 0 0 0 0 0 1 0 1 0 0 0 0
250	1	1 1 1 1 1 1 1 1 0 0 0 0 0 0 1 0 0 0 1 0
250	3	1 1 1 1 0 1 1 1 0 1 0 0 0 0 0 1 0 1 0 1
250	1	1 1 1 1 0 1 0 1 0 1 0 0 0 0 0 1 1 0 0 0
250	4	1 1 1 1 0 1 0 1 0 0 0 1 0 0 0 1 0 0 0 0
250	4	1 1 0 0 1 0 1 1 1 0 0 0 0 0 0 0 0 0 0 1
250	2	1 1 1 1 0 0 1 1 0 1 0 0 0 1 0 1 0 0 0 0
250	1	1 1 1 1 0 1 1 1 0 1 0 0 1 0 0 1 0 1 0 0
250	1	1 1 1 1 0 1 1 1 1 0 0 1 1 1 0 1 0 0 0 0
250	1	1 1 1 1 0 1 1 1 0 1 0 0 0 1 0 1 0 0 1 0
250	3	1 0 1 1 0 1 1 1 0 0 0 0 0 0 0 0 0 0 0 1
250	1	1 1 1 1 0 1 0 1 0 1 0 0 0 0 0 0 0 0 0 0
250	4	1 0 1 1 0 1 1 1 0 0 0 1 0 0 0 1 0 0 0 0
250	3	1 1 1 1 1 1 1 1 1 1 0 0 0 0 0 1 0 0 0 0
250	3	0 1 1 1 1 1 0 1 0 1 0 0 0 0 0 1 0 0 0 0
250	2	1 1 1 1 0 1 1 1 0 0 0 0 0 0 0 1 0 0 0 1
250	3	1 1 1 0 0 0 1 1 0 0 0 0 0 0 0 1 0 0 0 0
250	3	1 1 0 1 1 0 0 1 0 0 0 0 0 0 0 1 0 0 0 1
250	1	1 1 1 0 0 1 0 1 0 1 0 0 0 0 0 1 0 0 0 0
250	1	0 1 1 1 1 1 1 1 0 1 0 0 0 0 0 1 0 0 0 0
250	1	1 1 1 0 0 1 1 1 0 1 0 0 0 0 0 1 0 0 0 0
250	1	1 0 1 1 0 1 1 1 0 0 0 1 1 0 0 1 0 0 0 0
250	4	1 1 1 1 1 1 1 1 0 1 0 1 0 0 0 1 0 0 0 0
250	1	1 1 0 1 1 0 1 1 0 0 0 1 1 0 0 1 0 0 0 0
250	6	1 1 1 1 0 1 0 1 0 1 0 0 0 0 1 1 1 0 0 0
250	5	1 1 1 1 0 1 1 1 0 0 0 0 0 0 0 0 0 0 0 0
250	4	1 1 1 1 0 0 1 1 0 1 0 0 0 0 0 0 0 0 0 0
250	2	1 1 1 1 1 1 1 1 1 0 0 1 0 0 0 1 0 0 0 0
250	2	1 1 1 1 0 1 1 1 1 0 0 1 1 0 0 1 0 0 0 0
250	2	1 0 1 1 0 0 1 1 0 0 0 1 1 0 0 1 0 0 0 0
250	1	1 1 1 1 0 0 1 0 0 1 0 1 1 0 1 1 0 0 0 0
250	2	1 1 1 1 0 1 0 1 1 0 0 1 1 1 0 1 0 0 0 0
250	2	1 1 1 1 0 1 1 1 0 1 0 0 0 1 0 1 0 0 0 0
250	2	1 1 1 1 0 0 1 1 1 1 0 0 0 0 0 1 1 0 0 0
250	1	0 1 1 1 1 1 1 1 0 1 1 0 0 0 0 1 1 0 0 0
250	2	1 0 1 1 0 1 1 1 0 0 0 0 0 0 0 1 0 0 0 1
250	1	1 1 1 1 1 1 1 1 0 0 0 1 1 1 0 1 0 0 0 0
250	1	1 1 1 1 0 1 1 1 0 1 0 0 0 0 0 1 0 1 0 0
250	1	1 1 1 1 0 1 0 1 0 1 0 1 0 0 0 1 0 0 0 0
250	1	1 1 1 1 0 0 1 1 0 1 1 0 0 0 0 1 0 0 0 0
250	3	1 1 1 1 1 1 1 1 0 1 0 0 0 0 1 1 0 1 0 0
250	2	1 0 1 0 0 1 1 1 0 0 1 0 0 0 0 1 0 0 0 0
250	1	1 1 1 1 0 0 1 0 0 1 0 0 0 0 0 1 0 0 0 0
250	1	0 1 1 1 0 0 1 1 0 0 0 0 0 0 0 0 0 0 0 0
250	1	1 1 1 1 0 1 1 1 0 1 0 0 0 0 1 1 0 0 0 1
250	2	1 1 1 1 0 0 1 1 1 1 0 0 0 0 0 1 0 1 0 0
250	1	0 1 1 1 0 1 0 1 0 0 0 0 0 0 0 0 0 0 0 0
250	1	1 1 1 1 0 1 0 1 0 0 0 1 0 0 0 1 1 0 0 0
250	1	1 0 1 1 0 1 0 1 0 0 0 1 0 0 0 1 0 0 0 0
250	1	0 1 1 1 0 1 1 1 0 0 0 0 1 0 0 1 0 0 0 0
250	1	1 1 1 1 1 1 1 1 1 0 0 1 1 0 0 1 0 0 1 1
300	3	1 1 1 1 0 1 1 1 0 1 0 0 0 0 0 1 0 0 0 0
300	3	1 1 1 1 0 1 1 1 0 0 0 1 1 0 0 1 0 0 0 0
300	5	1 1 1 1 1 1 1 1 1 0 0 1 1 0 0 1 0 0 0 0
300	4	1 1 1 1 0 1 1 1 0 0 0 1 1 1 0 1 0 0 0 0
300	1	1 1 1 1 1 1 1 1 0 1 0 0 0 0 0 1 0 1 0 0
300	15	1 1 1 1 0 1 1 1 0 1 0 0 0 0 0 0 0 0 0 0
300	6	1 1 1 1 0 0 1 1 0 1 0 0 0 1 0 1 0 0 0 0
300	8	0 1 1 1 1 1 0 1 0 1 0 0 0 0 0 1 0 0 0 0
300	10	1 1 1 1 0 1 1 1 0 0 0 0 0 0 0 1 0 0 0 1
300	1	1 1 1 1 0 1 0 1 0 1 0 0 0 0 1 1 1 0 0 0
300	6	1 1 1 1 0 1 1 1 0 0 0 0 0 0 0 0 0 0 0 0
300	3	1 1 1 1 0 1 0 1 1 0 0 1 1 1 0 1 0 0 0 0
300	5	1 1 1 1 1 1 1 1 0 0 0 1 1 1 0 1 0 0 0 0
300	12	0 1 1 1 0 1 0 1 0 0 0 0 0 0 0 0 0 0 0 0
300	11	1 0 1 1 0 1 0 1 0 0 0 1 0 0 0 1 0 0 0 0
300	1	0 1 1 1 0 1 0 1 0 1 0 0 0 0 1 1 1 0 0 0
300	1	0 1 1 1 0 1 1 1 0 1 0 0 0 0 0 1 0 1 0 0
300	1	1 1 1 1 0 1 1 1 0 0 0 0 0 0 0 1 0 0 0 0
300	1	1 1 1 1 1 0 1 1 0 1 0 0 0 0 0 0 0 1 0 0
300	1	1 1 1 1 0 1 1 1 0 1 0 0 0 0 0 1 1 0 0 0
300	5	1 1 1 1 0 0 1 1 0 1 0 1 1 1 1 1 0 0 0 0
300	3	1 1 1 1 1 0 0 1 0 1 0 0 0 0 0 1 0 1 0 0
300	4	1 1 0 1 1 1 1 1 0 0 0 0 0 0 0 0 0 0 0 0
300	9	1 1 0 1 1 0 1 1 0 0 0 1 1 0 1 1 0 0 0 0
300	3	1 1 1 1 0 1 1 1 0 1 0 0 0 0 0 1 1 1 0 0
300	3	1 1 1 1 0 0 1 1 1 0 0 0 0 0 0 1 1 0 0 0
300	3	1 1 1 1 0 0 1 1 0 1 0 0 0 0 1 1 1 0 0 0
300	3	1 1 1 1 1 1 0 1 0 0 0 0 0 0 0 1 0 0 0 0
300	1	0 1 1 1 0 1 1 1 0 0 0 0 1 0 0 1 0 0 0 0
300	2	1 1 1 1 0 0 1 1 0 1 0 0 0 0 0 0 0 0 0 0
300	2	0 0 1 1 0 1 1 1 0 0 0 1 1 1 0 1 0 1 0 0
300	4	1 1 0 1 1 1 1 1 0 1 0 0 0 0 1 1 1 0 0 0
300	2	1 1 1 1 0 0 1 0 0 1 0 1 1 1 0 1 0 0 0 0
300	5	1 1 1 1 0 0 1 1 0 0 0 1 1 0 0 1 0 0 0 0
300	2	1 0 1 1 0 1 0 1 0 0 1 1 0 0 0 1 0 0 0 0
300	2	1 1 1 1 0 0 1 1 0 0 0 1 0 0 0 1 1 0 0 0
300	1	1 1 1 1 0 0 1 1 1 0 0 0 0 0 1 1 1 0 0 0
300	1	0 1 1 1 0 1 1 1 0 0 0 0 0 0 0 0 0 0 0 0
300	2	1 1 0 1 1 1 0 1 0 0 0 0 0 0 0 1 0 0 0 1
300	2	1 1 1 1 1 0 0 1 0 1 0 0 0 0 0 1 0 0 0 0
300	1	1 1 1 1 0 0 1 1 1 1 0 0 1 0 0 1 1 0 0 0
300	1	1 1 1 1 0 0 1 0 0 1 1 1 1 0 0 1 0 0 0 0
300	2	0 1 1 1 1 1 0 1 0 0 0 1 1 1 0 1 0 0 0 0
300	3	0 1 1 1 0 1 0 1 0 0 0 0 0 0 0 0 0 0 0 1
300	1	1 1 1 1 0 0 1 1 0 0 0 1 1 0 0 1 0 0 0 1
300	2	1 1 1 1 0 0 0 1 1 0 0 0 0 0 1 1 1 0 0 0
300	2	1 0 0 1 1 0 1 1 0 0 0 1 1 0 1 1 0 0 0 0
300	1	0 1 1 1 1 1 0 1 0 1 0 0 0 0 0 0 0 0 0 0
300	1	1 1 1 1 0 0 1 0 0 1 0 0 0 0 0 1 1 0 0 0
300	1	1 1 1 1 0 1 1 1 0 0 0 0 0 1 0 1 0 0 0 0
300	1	1 1 1 1 0 1 1 1 1 0 0 1 1 0 1 1 1 0 0 0
300	2	1 1 1 1 0 0 1 1 1 1 0 0 0 1 0 1 0 0 0 0
300	1	1 1 1 1 1 1 1 0 0 1 0 0 0 0 0 1 0 1 0 1
300	1	1 1 1 1 1 1 1 1 0 0 0 0 0 0 0 1 0 0 0 0
300	2	1 1 1 1 1 0 1 1 0 1 0 0 0 0 0 0 1 1 0 0
300	3	1 1 0 1 1 1 0 1 0 0 0 1 0 0 0 1 0 0 0 0
300	2	1 1 1 1 1 1 0 1 0 1 0 0 0 0 0 1 0 0 0 1
300	1	1 1 1 0 0 1 1 1 0 1 0 0 0 0 0 0 0 0 0 0
300	1	0 1 1 1 1 1 0 1 0 1 1 0 0 0 0 1 0 0 0 0
300	1	0 1 1 1 0 1 0 1 0 0 0 1 1 0 1 1 0 0 0 0
300	1	1 1 1 1 0 0 1 1 0 0 0 0 0 0 1 1 1 0 0 0
300	1	1 1 1 1 0 0 1 1 0 0 0 0 0 0 0 0 0 0 0 0
300	1	1 1 1 1 0 0 1 0 0 1 1 1 1 0 0 1 0 0 0 1
300	2	1 1 1 1 0 0 1 1 0 1 0 0 0 1 0 1 0 1 0 0
300	1	1 0 1 1 0 1 0 1 0 0 0 1 0 0 1 1 0 0 0 0
300	1	1 1 1 1 0 0 1 1 0 1 0 0 0 0 0 1 1 0 0 0
300	1	1 1 1 1 1 1 1 1 0 1 0 0 0 0 0 1 0 0 0 1
300	2	1 1 1 1 0 1 1 1 0 1 0 0 0 1 0 1 0 0 0 1
300	1	0 1 1 1 1 0 1 1 0 1 0 0 0 0 0 0 0 1 0 0
300	1	1 1 1 0 0 0 1 1 0 1 0 0 0 0 1 1 1 0 0 0
300	1	1 1 0 1 1 1 0 1 0 0 0 1 1 0 0 1 1 0 0 0
350	8	1 1 1 1 0 1 1 1 0 1 0 0 0 0 0 0 0 0 0 0
350	1	1 1 1 1 1 1 1 1 0 0 0 1 1 1 0 1 0 0 0 0
350	9	1 1 0 1 1 0 1 1 0 0 0 1 1 0 1 1 0 0 0 0
350	3	1 1 1 1 0 0 1 1 0 1 0 0 0 0 0 0 0 0 0 0
350	2	1 1 1 1 0 0 1 1 0 0 0 1 1 0 0 1 0 0 0 0
350	2	1 0 0 1 1 0 1 1 0 0 0 1 1 0 1 1 0 0 0 0
350	5	0 1 0 1 1 1 0 1 0 1 0 0 0 0 0 1 0 0 0 0
350	1	1 1 1 1 0 1 1 1 0 1 0 0 0 0 0 1 0 1 0 0
350	1	1 1 1 1 0 0 1 1 0 1 0 0 0 1 0 0 0 0 0 0
350	3	1 1 1 1 0 1 0 1 0 1 0 0 0 0 0 1 0 0 0 0
350	16	1 1 1 1 0 1 1 1 1 0 0 1 1 1 0 1 0 0 0 0
350	5	0 1 1 1 0 1 1 1 0 1 0 0 0 0 0 0 0 0 0 0
350	1	0 1 1 1 0 1 1 1 0 1 0 0 0 1 0 1 0 0 0 0
350	2	0 1 1 1 1 1 1 1 1 0 0 1 1 0 0 1 0 0 0 0
350	1	1 1 1 1 0 1 0 1 0 0 0 1 1 1 0 1 0 0 0 0
350	2	1 0 0 1 1 0 1 1 0 1 1 0 0 1 0 1 0 0 0 0
350	9	1 1 1 1 0 0 1 1 0 1 0 0 0 1 0 1 0 0 1 0
350	3	0 1 1 1 0 1 0 1 0 0 0 1 1 0 0 1 0 0 0 0
350	1	1 1 1 1 0 0 1 1 0 1 0 0 1 0 1 1 0 0 0 0
350	4	1 1 1 1 0 1 1 1 0 1 0 0 0 0 0 0 1 0 0 0
350	6	0 1 1 1 1 1 1 1 0 0 0 0 0 0 0 0 0 0 0 0
350	4	1 1 1 1 0 1 1 1 0 1 0 0 0 0 1 1 0 0 0 0
350	2	1 1 1 1 1 0 1 1 0 1 1 0 0 1 0 1 0 0 0 0
350	6	1 1 0 1 1 1 0 1 0 1 0 0 1 1 0 1 0 0 0 0
350	2	1 0 1 1 0 0 1 1 0 1 0 0 0 0 0 0 0 0 0 0
350	1	1 0 1 1 0 1 0 1 0 0 0 0 0 0 0 0 0 0 0 0
350	1	1 1 1 1 0 1 0 1 0 0 0 0 0 0 0 1 1 0 0 0
350	3	1 1 1 1 0 1 1 1 0 1 0 0 0 1 0 0 0 0 0 0
350	1	0 1 0 1 1 0 1 1 0 0 1 1 1 0 1 1 0 0 0 0
350	2	0 1 1 1 1 0 1 1 1 0 1 0 0 0 0 1 1 0 0 0
350	3	1 0 1 1 0 0 1 1 0 1 0 0 0 1 0 1 0 0 0 0
350	6	0 1 1 1 0 0 1 1 0 1 0 0 0 0 1 1 0 0 0 0
350	1	1 1 0 1 1 0 1 1 0 1 0 0 0 0 1 1 1 0 0 0
350	2	1 1 0 1 0 0 0 1 1 0 0 0 0 0 1 1 0 0 0 0
350	1	0 1 1 1 0 1 0 1 0 0 0 0 0 0 0 1 0 0 0 0
350	1	1 0 1 1 1 1 1 1 1 0 0 1 1 1 0 1 0 0 0 0
350	2	1 1 1 1 0 1 1 0 0 1 0 1 0 0 0 0 0 0 0 0
350	1	1 1 1 1 0 1 0 0 0 0 0 1 0 0 0 0 0 0 0 0
350	1	1 1 0 1 1 0 1 1 0 0 0 0 0 0 0 0 0 0 0 0
350	1	1 1 1 1 0 0 1 1 0 0 1 1 1 0 1 1 0 0 0 0
350	1	1 1 0 1 1 1 1 1 0 1 1 0 0 1 0 1 0 0 0 0
350	1	1 1 1 1 0 1 0 1 0 1 0 0 0 0 0 0 0 0 0 0
350	3	1 1 0 1 1 0 1 1 0 0 0 0 1 0 1 1 0 0 0 0
350	1	1 0 1 1 0 1 0 1 0 0 0 1 0 0 0 0 0 0 0 0
350	2	0 1 1 1 0 1 0 1 1 0 0 0 0 0 0 1 0 1 0 0
350	1	1 1 0 1 1 1 1 1 0 1 1 0 0 0 0 0 1 0 0 0
350	1	1 1 0 1 1 0 1 1 0 1 0 0 0 0 1 1 0 0 0 0
350	4	1 1 1 1 1 1 1 1 1 0 0 0 1 0 0 1 0 0 0 0
350	2	1 1 1 1 0 1 0 1 0 0 0 1 1 0 1 1 1 0 0 0
350	7	0 1 1 1 1 1 0 1 0 1 0 0 0 0 0 1 0 0 0 0
350	1	1 1 0 1 1 1 0 1 0 1 0 0 1 1 0 0 0 0 0 0
350	1	0 1 1 1 1 1 1 1 0 0 0 0 0 0 1 1 0 0 0 0
350	1	0 1 0 1 1 1 0 1 0 1 0 0 0 0 0 0 0 0 0 0
350	1	1 0 0 0 1 0 1 1 0 1 1 0 0 1 0 1 0 0 0 0
350	3	1 1 1 1 0 0 1 1 0 1 0 0 0 1 0 1 0 1 1 0
350	1	1 1 1 0 0 1 1 0 0 1 0 1 0 0 0 0 0 0 0 0
350	3	1 1 0 1 1 0 1 0 0 0 0 0 1 0 1 1 0 0 0 0
350	4	0 1 0 1 1 1 1 1 0 0 0 0 0 0 0 0 0 0 0 0
350	2	1 1 1 1 0 0 1 1 0 1 0 1 1 0 0 1 0 0 0 0
350	2	0 1 0 1 1 1 0 1 0 1 0 0 0 1 0 1 0 0 0 0
350	1	1 1 0 1 1 1 0 1 0 1 1 0 1 1 0 1 0 0 0 0
350	3	1 1 1 1 0 0 1 1 0 1 0 0 0 0 1 1 0 0 0 0
350	3	0 1 0 1 1 0 1 1 0 0 1 1 1 0 1 0 0 0 0 0
350	1	0 1 1 1 1 1 1 1 1 0 0 0 0 0 1 1 0 0 0 0
350	1	1 0 0 1 1 0 1 1 0 1 0 0 1 0 1 1 0 0 0 0
350	6	1 0 0 1 1 0 1 1 0 0 0 0 1 0 1 1 0 0 0 0
350	1	1 1 1 1 0 1 0 1 0 0 0 0 0 0 0 1 0 0 0 0
350	2	1 1 1 1 0 1 1 1 1 0 0 1 1 1 0 1 0 0 1 0
350	1	1 1 0 1 1 0 1 1 0 0 1 1 1 0 1 1 0 0 0 0
350	2	0 1 0 1 1 1 1 1 0 1 0 0 0 0 0 0 0 0 0 0
350	1	0 1 1 1 1 0 1 1 0 1 0 0 0 0 0 0 0 0 0 0
350	2	1 0 1 1 0 1 0 0 0 0 0 1 0 0 0 0 0 0 0 0
350	1	1 0 1 1 0 1 1 1 0 0 0 1 0 0 0 0 0 0 0 0
350	1	1 1 0 1 1 1 0 1 0 0 1 1 1 0 1 1 0 0 0 0
350	1	0 1 1 1 1 1 0 1 0 1 0 0 0 1 0 1 0 0 0 0
350	1	0 1 1 1 0 1 1 1 0 1 0 1 0 0 0 0 0 0 0 0
350	1	1 1 1 1 0 1 1 1 0 0 0 0 0 1 0 0 0 0 0 0
350	1	0 1 0 1 1 0 1 1 0 0 1 1 1 0 1 1 1 0 0 0
350	1	1 1 1 1 0 0 0 1 0 1 0 0 0 0 0 1 0 1 0 0
350	1	0 1 1 1 0 1 0 1 0 0 0 0 1 0 0 1 0 0 0 0
400	11	1 1 1 1 0 1 1 1 0 1 0 0 0 0 0 0 0 0 0 0
400	1	1 1 0 1 1 0 1 1 0 0 0 1 1 0 1 1 0 0 0 0
400	6	1 1 1 1 0 0 1 1 0 1 0 0 0 0 0 0 0 0 0 0
400	14	0 1 0 1 1 1 0 1 0 1 0 0 0 0 0 1 0 0 0 0
400	3	0 1 1 1 1 1 1 1 0 0 0 0 0 0 0 0 0 0 0 0
400	1	0 1 1 1 0 0 1 1 0 1 0 0 0 0 1 1 0 0 0 0
400	3	1 1 0 1 0 0 0 1 1 0 0 0 0 0 1 1 0 0 0 0
400	3	1 1 1 1 1 1 1 1 1 0 0 0 1 0 0 1 0 0 0 0
400	3	0 1 1 1 1 1 0 1 0 1 0 0 0 0 0 1 0 0 0 0
400	2	1 0 0 0 1 0 1 1 0 1 1 0 0 1 0 1 0 0 0 0
400	4	1 1 1 1 0 0 1 1 1 0 0 1 1 1 0 1 0 0 0 0
400	4	1 1 1 1 0 0 1 1 0 1 0 1 0 0 0 0 0 0 0 0
400	11	0 1 0 1 1 0 0 1 0 1 0 0 0 0 0 1 0 0 0 0
400	6	0 1 0 1 1 1 1 1 0 0 0 1 1 1 0 1 0 0 0 0
400	1	1 1 0 1 1 0 1 1 0 0 0 1 1 0 1 0 0 0 0 0
400	3	1 1 1 1 0 0 1 1 0 0 0 1 1 0 0 0 0 0 0 0
400	3	0 1 0 1 0 0 0 1 1 0 0 0 0 0 1 1 0 0 0 0
400	1	1 1 1 1 0 1 0 1 0 0 0 1 1 1 1 1 1 0 0 0
400	5	0 1 1 1 0 0 1 1 0 0 0 1 1 0 1 1 1 0 0 0
400	2	0 1 0 1 1 1 1 1 1 0 0 1 1 1 0 1 0 0 0 0
400	5	1 1 1 1 0 0 0 1 0 1 0 0 0 0 1 0 0 0 0 0
400	8	0 1 0 1 1 1 0 1 0 1 0 0 1 0 0 1 0 0 0 0
400	5	0 1 0 1 1 1 1 1 1 0 0 0 0 0 1 1 0 0 0 0
400	6	0 1 0 1 1 1 1 1 0 0 0 0 1 0 0 0 0 0 0 0
400	5	0 1 1 1 0 0 1 1 0 1 0 0 0 0 0 0 0 0 0 0
400	1	1 1 1 1 1 1 1 1 0 1 1 0 0 1 0 1 1 0 0 0
400	3	0 1 0 1 1 1 0 1 0 1 0 0 0 0 0 1 0 0 0 1
400	2	1 1 0 1 1 1 1 1 0 1 1 0 0 0 0 1 0 0 0 0
400	2	0 1 1 1 0 0 1 1 0 1 0 0 0 0 0 1 0 0 0 0
400	1	0 1 0 1 1 1 1 1 0 1 0 0 0 0 1 0 1 0 0 0
400	2	1 1 0 1 1 0 1 1 0 0 0 0 0 0 0 1 0 0 0 0
400	2	0 1 0 1 1 1 0 1 0 0 0 0 0 0 0 1 0 0 0 0
400	3	0 1 0 1 0 0 1 1 0 1 0 0 0 0 1 1 0 0 0 0
400	1	0 1 1 1 0 0 0 1 0 1 0 0 0 0 1 0 0 0 0 0
400	1	0 1 0 1 0 0 0 1 0 1 0 0 0 0 1 1 0 0 0 1
400	2	1 1 1 1 0 0 1 1 0 0 0 1 0 0 0 0 0 0 0 0
400	1	0 1 1 1 0 0 1 1 0 1 0 0 0 0 1 0 0 0 0 0
400	2	1 1 1 1 0 0 1 1 0 1 0 0 1 0 0 0 0 0 0 0
400	1	0 1 1 1 0 1 0 1 0 1 0 0 0 0 0 1 0 0 0 0
400	1	1 1 1 1 0 0 1 1 0 1 0 0 0 0 0 1 0 0 0 0
400	3	0 1 1 1 0 0 1 1 0 0 0 0 0 0 0 0 0 0 0 0
400	5	0 1 1 1 0 0 1 1 0 0 0 1 1 0 0 1 0 0 0 0
400	1	1 1 1 1 0 1 1 1 0 1 1 0 0 1 0 0 1 0 0 0
400	4	0 1 0 1 1 1 1 1 0 0 0 0 0 0 0 1 0 0 0 0
400	1	0 1 1 1 1 0 1 1 1 0 1 0 1 0 0 1 1 0 0 0
400	1	1 1 0 1 1 0 1 1 0 0 0 1 1 0 1 0 0 0 1 0
400	4	0 1 0 1 1 0 1 1 1 0 0 1 1 0 1 1 0 0 0 1
400	6	0 1 0 1 1 1 1 1 0 1 0 0 0 0 0 0 1 0 0 0
400	1	0 1 1 1 0 0 1 1 0 1 0 0 0 0 0 1 0 0 0 1
400	1	0 1 0 1 0 0 1 1 0 1 0 0 0 0 0 1 0 0 0 0
400	2	0 1 0 1 1 1 1 1 0 1 0 0 0 0 1 0 0 0 0 0
400	1	0 1 0 1 1 1 1 1 0 1 0 0 0 1 1 0 1 0 0 0
400	2	0 1 0 1 1 0 0 1 0 1 0 0 0 0 1 0 1 0 0 0
400	1	1 1 0 1 1 1 1 1 0 0 0 1 1 0 1 0 0 0 0 0
400	1	1 1 0 1 1 1 1 1 0 1 1 0 1 1 1 1 0 0 0 0
400	2	1 1 0 1 1 1 1 1 0 0 0 1 1 1 0 1 0 0 0 0
400	3	1 1 0 1 1 0 1 1 1 0 0 1 1 0 1 0 0 0 0 0
400	1	0 1 1 1 1 1 1 1 0 1 1 0 0 0 0 1 0 0 0 0
400	1	0 1 1 1 0 0 1 1 0 1 0 0 0 0 1 1 1 0 0 0
400	2	1 1 1 1 0 0 0 1 0 1 0 0 0 0 1 1 0 0 0 1
400	1	1 1 1 1 1 0 1 1 0 1 0 1 0 0 0 0 0 0 0 0
400	2	0 1 0 1 1 1 0 1 0 0 0 1 1 1 0 1 0 0 0 0
400	1	1 1 0 1 1 1 1 1 0 1 0 0 0 0 0 0 0 0 0 0
400	1	0 1 0 1 0 0 0 1 1 0 0 0 0 0 0 0 1 0 0 0
400	1	0 1 0 1 0 0 1 1 0 0 0 0 0 0 0 1 0 0 0 0
400	2	1 1 0 1 1 1 1 1 0 0 0 0 1 0 0 0 0 0 0 0
400	1	0 1 0 1 0 1 0 1 0 0 0 1 1 1 0 1 0 0 0 0
400	2	1 1 1 1 0 1 1 1 0 1 1 0 0 0 0 0 0 0 0 0
400	1	0 1 0 1 1 0 0 1 0 1 0 0 0 0 0 1 0 1 0 0
400	1	1 1 0 1 1 0 1 1 0 0 0 1 1 0 0 0 0 0 0 0
400	1	1 1 0 1 1 0 1 1 0 0 0 1 1 0 1 1 1 0 0 0
400	1	0 0 0 1 0 0 0 1 0 1 0 0 0 0 1 1 0 0 0 1
400	1	1 1 0 1 1 1 1 1 0 1 1 0 1 0 0 1 0 0 0 1
450	6	0 1 0 1 1 1 0 1 0 1 0 0 0 0 0 1 0 0 0 0
450	3	1 0 0 0 1 0 1 1 0 1 1 0 0 1 0 1 0 0 0 0
450	1	1 1 1 1 0 0 1 1 1 0 0 1 1 1 0 1 0 0 0 0
450	9	0 1 0 1 1 0 0 1 0 1 0 0 0 0 0 1 0 0 0 0
450	5	0 1 0 1 1 1 1 1 1 0 0 0 0 0 1 1 0 0 0 0
450	4	0 1 0 1 1 1 1 1 0 0 0 0 1 0 0 0 0 0 0 0
450	1	0 1 0 1 0 0 0 1 0 1 0 0 0 0 1 1 0 0 0 1
450	7	0 1 0 1 1 1 1 1 0 0 0 0 0 0 0 1 0 0 0 0
450	24	0 1 0 1 0 0 1 1 0 1 0 0 0 0 0 1 0 0 0 0
450	2	0 1 0 1 0 0 0 1 1 0 0 0 0 0 0 0 1 0 0 0
450	1	0 1 0 1 1 1 0 1 0 1 0 0 0 0 1 1 0 0 0 0
450	4	0 1 1 1 1 1 1 1 1 0 0 0 0 0 0 0 0 0 0 0
450	6	0 0 0 1 0 0 1 1 0 0 0 1 1 0 0 1 0 0 0 0
450	2	0 1 0 1 1 0 0 1 0 1 0 0 0 1 1 1 0 0 0 0
450	1	0 1 0 0 0 0 1 1 0 1 0 0 0 0 0 1 0 0 0 0
450	3	0 1 1 1 0 1 1 1 1 1 0 1 1 0 1 1 0 0 0 0
450	5	0 1 0 1 1 1 1 1 0 1 1 0 1 1 0 1 0 0 0 0
450	8	0 1 0 1 1 1 1 1 0 1 0 0 0 0 0 1 0 0 0 0
450	1	0 1 0 1 1 1 1 1 1 0 0 0 0 0 0 1 0 0 0 0
450	1	0 1 1 1 1 1 1 1 1 0 0 0 0 0 0 0 1 0 0 0
450	1	0 1 0 1 1 1 0 1 1 0 0 1 1 1 0 1 0 0 0 0
450	4	0 1 0 1 1 1 0 1 0 1 0 1 0 0 0 1 0 0 0 0
450	2	1 1 1 0 0 1 1 1 0 0 0 0 0 0 0 0 0 0 0 0
450	1	1 1 1 1 1 1 1 1 0 1 0 0 0 0 0 1 0 0 0 0
450	2	0 1 0 1 1 1 1 1 1 0 1 0 0 0 0 0 0 0 0 0
450	2	1 1 1 1 1 1 1 1 0 0 1 1 1 0 0 1 0 1 0 0
450	7	0 1 0 1 0 0 0 1 1 0 0 0 1 1 0 1 0 0 0 0
450	6	0 1 0 1 1 1 1 1 0 0 0 1 1 0 0 0 0 0 0 0
450	7	0 1 0 1 0 0 0 1 1 0 0 0 0 0 0 1 1 0 0 0
450	1	0 1 0 1 1 0 0 1 0 1 0 0 1 0 1 0 0 0 0 0
450	5	0 1 0 1 1 1 0 1 0 1 0 1 0 0 1 1 0 0 0 0
450	3	0 1 0 1 1 1 1 1 0 0 0 0 0 1 1 0 1 0 0 0
450	2	0 1 0 1 1 1 0 1 0 1 1 0 0 0 0 0 0 0 0 0
450	1	0 1 0 1 1 0 0 1 0 1 0 0 0 0 0 1 1 0 0 0
450	2	1 1 0 1 0 1 1 1 1 0 0 0 0 0 0 1 0 0 0 1
450	1	0 1 0 1 0 1 1 1 0 1 0 0 0 0 0 1 0 0 0 0
450	4	0 1 0 1 0 0 1 1 0 1 0 0 0 0 0 0 0 0 0 0
450	1	0 1 0 1 1 1 1 1 1 0 0 0 0 0 1 0 0 0 0 0
450	1	0 1 0 1 0 1 0 1 0 1 1 0 0 0 0 1 0 0 0 1
450	2	0 1 0 1 1 1 1 1 1 0 0 1 1 1 0 1 0 0 1 0
450	3	0 1 0 1 0 1 1 1 0 1 1 1 0 0 0 1 0 0 0 0
450	1	1 1 0 0 0 1 1 1 0 0 0 0 0 0 0 0 0 0 0 0
450	3	1 1 1 1 0 0 1 1 0 0 0 1 0 0 0 0 0 0 0 0
450	2	1 1 1 1 0 0 1 1 1 1 0 0 1 0 0 0 0 0 0 0
450	1	1 1 1 1 0 0 1 1 1 0 0 1 1 0 0 1 0 0 0 0
450	1	1 1 1 1 0 0 1 1 1 0 0 1 1 1 1 1 0 0 0 0
450	1	1 1 0 1 0 0 0 1 1 0 0 0 0 0 0 0 1 0 0 0
450	3	1 1 0 1 1 0 0 1 0 1 0 0 0 0 1 1 0 0 0 0
450	1	0 1 0 1 0 0 0 1 1 0 0 0 0 0 0 0 0 0 0 0
450	1	0 1 1 1 1 1 1 1 1 0 0 0 0 0 0 1 1 1 0 0
450	2	0 1 0 1 1 1 0 1 1 0 0 1 1 1 0 1 0 0 0 1
450	1	0 1 0 1 0 1 0 1 0 1 1 0 0 0 0 0 1 0 0 0
450	1	0 0 0 1 1 0 0 1 0 1 0 0 0 0 0 1 0 0 0 0
450	1	0 1 0 1 1 1 1 1 0 0 1 1 1 0 0 0 0 0 0 0
450	1	1 1 0 1 1 1 1 1 0 0 0 1 1 0 0 0 0 0 0 0
450	1	0 1 0 1 1 0 0 0 0 1 1 1 0 1 0 1 0 0 0 0
450	1	0 1 0 1 0 1 1 1 0 0 0 0 0 1 1 0 1 0 0 0
450	1	0 0 0 1 0 0 1 1 0 0 0 1 1 0 0 0 0 0 0 0
450	1	0 1 1 1 0 1 1 1 1 1 0 1 1 0 1 1 1 0 0 0
450	1	0 1 0 1 1 1 0 1 0 0 0 1 1 0 0 0 0 0 0 0
450	1	0 1 0 1 0 0 1 1 0 1 0 0 0 0 0 1 1 0 0 0
450	1	0 1 0 1 1 0 0 1 1 0 0 1 1 1 0 1 0 0 0 1
450	1	0 1 0 1 0 1 1 1 0 0 0 0 0 0 0 0 0 0 0 0
450	2	1 1 0 1 1 1 0 1 1 1 0 0 0 0 1 1 0 0 0 0
450	1	0 1 0 1 1 1 1 1 0 0 0 0 1 1 1 0 1 0 0 0
450	1	0 1 0 1 1 1 0 1 0 1 1 0 1 0 0 0 0 0 0 0
450	2	0 1 0 1 0 0 1 1 0 1 0 0 0 0 0 1 1 1 0 0
450	1	0 1 0 1 1 1 1 0 1 0 0 0 0 0 0 1 1 0 0 0
450	1	1 1 1 1 0 1 1 1 0 0 0 0 0 0 0 1 0 0 0 0
450	1	0 1 0 1 0 0 0 1 1 0 0 0 0 0 0 0 1 0 0 1
450	1	0 1 0 1 0 0 1 1 0 1 0 0 0 0 0 1 0 0 0 1
450	1	0 1 0 1 0 0 1 1 0 1 0 1 1 1 0 1 0 0 0 0
450	1	0 1 1 1 0 1 1 1 1 1 0 0 0 0 0 1 0 0 0 0
450	1	0 1 0 1 0 1 1 1 1 0 0 0 0 0 0 1 0 0 0 1
450	1	0 0 0 1 1 0 1 1 0 0 0 1 1 1 0 1 0 0 0 0
450	1	0 1 0 1 0 1 1 1 1 0 0 0 0 0 1 1 0 0 0 0
450	1	0 1 0 1 1 1 1 1 0 0 0 1 0 0 0 1 0 0 0 0
450	1	1 0 0 1 0 1 1 1 0 0 0 0 0 0 0 1 0 0 0 1
450	1	0 1 0 1 0 0 0 0 1 0 0 0 0 0 0 1 1 0 0 0
450	1	1 1 0 1 1 1 0 1 0 1 1 0 0 0 0 0 0 0 0 0
450	1	0 0 0 1 1 1 1 1 0 0 1 1 1 0 0 0 0 0 0 0
500	9	0 1 0 1 1 0 0 1 0 1 0 0 0 0 0 1 0 0 0 0
500	10	0 1 0 1 1 1 1 1 0 0 0 0 0 0 0 1 0 0 0 0
500	13	0 1 0 1 0 0 1 1 0 1 0 0 0 0 0 1 0 0 0 0
500	9	0 1 0 1 0 0 0 1 1 0 0 0 1 1 0 1 0 0 0 0
500	8	0 1 0 1 1 1 1 1 0 0 0 1 1 0 0 0 0 0 0 0
500	14	0 1 0 1 1 1 1 1 0 0 0 0 1 0 0 1 0 0 0 0
500	3	0 1 1 1 1 1 1 1 1 0 0 0 0 0 0 1 0 0 0 0
500	3	0 1 0 1 1 0 0 1 0 0 0 0 0 0 0 0 0 0 0 0
500	3	0 1 0 1 0 1 1 1 0 1 0 1 0 0 1 1 0 0 0 0
500	7	0 1 0 1 0 0 0 1 0 1 0 1 0 0 0 1 0 0 0 0
500	8	0 0 0 1 1 1 0 1 0 1 0 0 0 0 0 1 0 0 0 0
500	1	0 1 0 1 1 1 1 1 0 0 0 0 1 0 1 0 0 0 1 0
500	1	0 1 0 1 1 0 0 0 0 1 0 1 1 1 0 1 0 0 0 0
500	3	0 1 0 1 1 0 1 1 0 1 0 0 0 0 0 1 0 0 0 0
500	1	0 1 0 1 1 0 0 1 0 1 0 0 1 0 0 1 0 0 0 1
500	2	0 0 0 1 1 1 1 1 0 0 0 1 1 0 0 0 0 0 0 0
500	3	0 1 0 1 1 0 1 1 0 0 0 0 0 0 0 0 0 0 0 0
500	4	0 1 0 1 1 1 0 1 0 0 0 1 1 0 0 0 0 0 0 0
500	3	0 1 0 1 1 0 0 1 0 0 0 1 0 1 0 1 0 0 0 0
500	3	0 1 0 1 0 0 1 1 0 0 0 0 0 0 0 1 0 0 0 0
500	1	0 1 1 1 1 1 1 1 0 0 0 1 1 0 0 0 1 0 0 0
500	4	0 1 0 1 1 1 0 1 0 1 0 0 0 1 0 1 0 0 0 0
500	2	0 1 0 0 0 0 1 1 0 1 0 0 0 0 1 1 0 0 0 1
500	1	0 1 0 1 1 1 0 1 0 0 0 0 0 0 0 0 0 0 0 0
500	5	0 1 0 1 1 0 1 1 0 0 0 0 0 0 0 0 0 1 0 0
500	1	0 1 0 1 1 0 1 1 0 0 0 0 1 0 0 0 0 0 0 0
500	1	1 1 0 1 0 0 1 1 0 1 0 0 0 0 0 1 0 0 0 0
500	2	0 1 0 1 0 0 1 1 1 0 0 0 0 0 0 1 1 0 0 0
500	5	0 1 0 1 1 0 1 1 0 0 0 0 1 0 1 0 0 0 1 0
500	9	0 1 0 1 0 1 1 1 0 1 0 0 1 0 0 1 0 0 0 0
500	6	0 1 0 1 1 1 1 1 0 1 0 0 0 0 0 1 0 0 0 0
500	1	0 1 0 0 1 1 1 1 0 0 0 0 0 0 0 1 0 0 0 0
500	1	1 1 0 1 0 0 1 1 0 0 0 1 1 0 0 0 0 0 0 0
500	1	0 1 0 1 1 0 0 1 0 1 0 0 0 0 0 0 0 0 0 0
500	4	0 1 0 1 1 0 1 1 0 0 1 0 0 0 0 0 0 0 0 0
500	1	1 0 0 1 1 1 0 1 0 1 0 0 1 0 0 1 0 0 0 0
500	1	0 1 0 1 1 1 0 1 0 1 0 0 0 1 1 0 0 0 0 0
500	1	0 0 0 1 0 0 1 1 0 1 0 1 1 0 0 0 0 0 0 0
500	1	0 1 0 1 0 1 1 0 0 1 0 1 1 0 0 1 0 0 0 1
500	3	0 0 0 1 1 1 0 1 0 0 0 0 0 0 0 1 0 0 0 0
500	1	0 1 0 1 1 1 1 1 0 0 0 0 1 0 1 0 1 0 0 0
500	1	0 1 0 1 0 1 1 1 0 1 0 1 0 1 1 1 0 0 0 0
500	2	0 1 0 0 1 1 1 1 1 0 0 0 1 0 0 1 0 0 0 0
500	1	0 1 0 1 0 0 0 0 0 1 0 1 1 0 0 1 0 0 0 0
500	1	0 1 0 1 1 1 0 1 0 1 0 0 1 0 0 1 0 0 0 1
500	3	0 1 0 1 1 1 1 1 0 1 0 0 1 0 0 1 0 0 0 0
500	1	0 1 0 1 0 0 0 1 0 1 0 1 0 0 1 1 0 0 0 1
500	1	0 1 0 0 1 0 0 0 0 1 1 1 0 1 0 1 0 0 0 0
500	2	0 1 0 1 1 0 0 1 1 0 0 0 0 0 0 0 0 0 0 0
500	1	0 1 0 1 1 1 0 1 0 0 1 1 1 0 0 0 0 0 0 0
500	3	0 1 0 1 1 0 0 1 1 0 0 0 1 1 0 1 0 0 0 0
500	1	0 1 0 1 1 0 1 0 0 0 0 0 1 0 1 0 0 0 1 0
500	2	1 1 0 1 1 1 1 1 0 0 0 0 0 0 0 1 0 0 0 0
500	1	0 1 0 1 1 1 0 1 0 0 0 1 0 0 0 1 0 0 0 0
500	3	0 1 0 1 1 0 0 1 0 1 0 0 0 1 0 0 0 0 0 0
500	1	0 1 0 1 1 0 0 1 0 1 1 0 0 0 0 1 0 0 0 0
500	1	1 1 0 1 1 0 1 1 0 0 0 0 0 0 0 0 0 1 0 0
500	1	0 1 0 1 0 1 1 1 0 1 0 1 1 1 1 1 0 0 0 0
500	1	0 1 1 1 1 1 1 1 0 0 0 1 0 1 0 1 0 0 0 0
500	1	0 1 0 1 0 1 1 1 0 0 0 1 1 0 0 0 0 0 0 0
500	2	0 0 0 1 1 0 0 1 0 1 0 0 0 0 0 1 0 0 0 0
500	1	0 1 1 1 1 1 1 1 0 0 0 1 1 0 0 0 0 0 0 0
500	1	0 1 1 1 1 1 1 1 1 0 1 0 0 0 0 1 0 0 0 0
500	1	0 0 0 1 1 1 1 1 0 0 0 1 1 0 1 0 0 0 0 0
500	1	1 1 0 1 0 0 1 1 1 0 0 1 1 0 0 0 0 0 0 0
500	1	0 1 0 1 1 1 0 1 0 1 0 0 1 0 0 1 0 0 0 0
500	1	0 1 0 1 0 0 1 1 0 0 0 1 1 0 0 0 0 0 0 0
500	1	0 1 0 1 1 0 0 0 0 1 0 1 1 1 1 1 0 0 0 0
500	1	1 1 0 1 0 0 1 1 0 0 0 1 1 0 0 0 0 1 0 0
500	1	0 1 0 1 0 0 0 1 1 0 1 0 0 0 0 0 0 0 0 1
500	1	0 1 0 1 1 0 0 1 0 0 0 0 0 0 0 1 1 0 0 0
