0	24	0 0 0 0 0 0 1 1 0 0 0 0 0 0 0 1 0 0 0 1
0	38	0 0 0 1 0 0 0 0 0 1 0 1 0 0 1 0 1 0 0 0
0	20	0 0 1 0 0 1 0 0 0 0 0 0 0 0 1 0 0 0 0 0
0	18	0 0 0 0 0 0 0 0 0 0 1 1 0 1 0 0 0 0 0 0
50	19	0 0 0 1 0 0 0 0 0 1 0 1 0 0 1 0 1 0 0 0
50	1	0 0 0 0 0 0 0 0 0 1 0 1 0 0 1 0 1 0 0 0
50	2	0 0 0 0 0 0 1 1 0 0 0 0 0 0 0 0 0 0 0 1
50	3	0 0 0 1 0 0 0 0 0 1 0 1 1 0 1 0 1 0 0 0
50	6	0 1 0 1 0 0 0 0 0 1 0 1 0 0 1 0 1 0 0 0
50	11	0 0 0 0 0 0 1 1 0 0 0 0 0 0 0 1 1 0 0 1
50	2	0 0 1 1 0 0 0 0 0 1 0 1 0 0 1 0 1 0 0 0
50	4	0 0 0 1 0 0 0 0 0 1 0 1 0 0 1 0 1 0 0 1
50	1	0 0 1 1 0 0 1 1 0 0 0 0 0 0 0 1 1 0 0 1
50	1	0 0 0 1 0 0 0 0 0 1 0 1 0 0 0 0 1 0 0 0
50	7	0 0 0 1 0 0 0 0 0 1 0 1 0 0 1 0 0 0 0 0
50	2	0 0 0 1 0 0 0 0 1 1 0 1 0 0 1 0 1 0 0 0
50	2	0 0 0 1 0 1 0 0 0 1 0 1 0 0 1 0 1 0 0 0
50	1	0 0 0 0 0 0 1 1 0 0 0 1 0 0 0 1 0 0 0 1
50	1	1 0 0 1 0 0 1 1 1 0 0 0 0 0 0 1 0 0 0 1
50	4	0 0 0 1 0 0 0 0 0 1 0 0 0 0 1 0 1 0 0 0
50	1	0 0 1 1 0 0 1 1 0 0 0 0 0 0 0 1 0 0 0 1
50	1	0 0 0 0 0 0 1 1 0 0 0 0 0 0 0 1 1 0 0 0
50	1	0 0 0 0 0 0 0 0 0 0 1 1 0 1 0 0 1 0 0 0
50	1	0 0 0 1 0 0 0 0 0 0 0 1 0 0 0 0 0 0 0 0
50	4	0 0 0 0 0 0 1 1 0 0 1 0 0 0 0 1 0 0 0 1
50	2	1 0 0 1 0 0 0 0 0 1 0 1 0 1 0 0 0 0 0 0
50	1	0 1 0 1 0 1 0 0 0 1 0 1 0 0 1 0 1 0 0 1
50	1	0 0 0 0 0 0 1 0 0 0 1 1 0 1 0 0 0 0 0 0
50	3	0 0 0 1 0 0 0 0 0 0 0 0 0 1 1 0 0 0 0 0
50	2	0 0 0 1 0 0 0 0 0 1 0 1 0 0 0 0 0 0 0 0
50	4	0 0 0 1 0 0 0 0 1 1 0 1 1 0 1 0 1 0 0 0
50	1	0 0 0 1 0 0 0 0 0 1 0 1 0 0 1 0 1 0 1 0
50	2	0 0 0 1 0 0 0 0 0 0 0 1 0 0 1 0 1 0 0 0
50	2	0 1 0 1 0 0 0 0 0 1 0 1 0 1 0 0 1 0 0 0
50	1	1 0 0 1 0 0 0 0 0 1 0 1 0 1 0 0 0 0 0 1
50	1	0 0 1 1 0 0 1 1 0 0 0 0 0 0 0 0 1 0 0 1
50	1	0 0 1 0 0 0 1 1 0 0 1 0 0 0 0 1 0 0 0 1
50	1	1 0 0 1 0 0 0 0 0 1 0 0 0 0 1 0 1 0 0 0
50	1	0 1 0 1 0 0 0 0 0 1 0 0 0 0 0 1 1 0 0 1
50	1	0 1 1 1 0 0 1 1 0 0 0 0 0 0 0 0 1 0 0 1
50	1	1 1 0 1 0 0 0 0 0 0 0 1 0 0 1 0 1 0 0 0
100	1	0 0 0 1 0 0 0 0 0 1 0 1 0 0 1 0 1 0 0 0
100	5	0 1 0 1 0 0 0 0 0 1 0 1 0 0 1 0 1 0 0 0
100	2	0 0 0 0 0 0 1 1 0 0 0 0 0 0 0 1 1 0 0 1
100	3	0 0 1 1 0 0 0 0 0 1 0 1 0 0 1 0 1 0 0 0
100	1	0 0 0 1 0 0 0 0 0 1 0 1 0 0 1 0 1 0 0 1
100	2	1 0 0 1 0 0 0 0 0 1 0 1 0 0 1 0 1 0 0 0
100	3	0 0 0 1 0 0 0 1 0 1 0 1 0 0 1 0 1 0 0 0
100	1	1 0 0 1 0 0 1 1 1 0 0 0 0 0 0 1 0 0 0 1
100	1	0 0 0 1 0 0 0 0 0 1 0 0 0 0 1 0 1 0 0 0
100	1	0 0 0 0 0 0 1 1 0 0 0 0 0 0 0 1 1 0 0 0
100	1	0 0 0 1 1 1 0 0 0 1 0 1 0 0 1 0 1 0 0 0
100	2	1 0 0 1 0 0 1 1 0 0 0 0 0 0 0 1 1 0 0 1
100	2	0 0 1 1 0 0 1 1 0 0 0 0 0 0 0 0 1 0 0 1
100	1	0 1 1 0 0 0 1 1 0 0 0 0 0 0 0 1 1 0 0 1
100	1	0 1 0 1 0 0 0 1 0 1 0 1 0 0 1 0 1 0 0 1
100	2	1 0 0 1 0 0 1 1 0 1 0 1 0 0 1 0 1 0 0 1
100	2	0 1 1 1 0 0 1 1 0 0 0 0 0 0 0 1 1 0 0 1
100	1	0 1 0 1 0 0 1 0 0 0 0 1 0 0 1 0 1 0 0 0
100	2	0 0 0 1 0 0 1 1 0 1 0 1 0 0 1 0 1 0 0 0
100	1	1 0 0 1 0 0 1 1 1 0 0 0 0 1 0 1 0 0 0 1
100	2	1 0 0 1 0 0 0 1 0 1 0 1 0 0 1 0 1 0 0 0
100	1	1 0 0 1 0 0 0 0 1 1 0 1 0 0 1 0 1 0 0 1
100	1	1 0 0 1 0 0 1 1 0 0 0 0 0 0 1 0 1 0 0 0
100	2	0 1 1 1 0 0 1 1 0 0 0 0 0 0 0 1 1 0 0 0
100	1	0 0 0 1 0 0 0 0 0 1 0 0 0 0 1 0 1 0 0 1
100	2	1 0 0 1 0 0 1 1 1 1 0 0 1 0 0 1 0 0 0 1
100	1	1 0 0 1 0 0 1 1 0 0 0 0 0 1 0 1 1 0 0 1
100	1	0 0 0 1 0 0 0 0 0 1 0 1 0 0 1 1 1 0 0 0
100	5	0 1 0 1 0 0 0 0 0 1 0 1 0 0 1 0 1 0 0 1
100	1	1 0 0 1 0 0 1 1 0 1 0 1 0 0 1 0 1 0 0 0
100	2	1 0 0 0 0 0 1 1 0 1 0 1 0 0 1 0 1 0 0 0
100	2	1 0 0 1 0 0 1 1 1 0 0 0 0 1 0 0 0 0 0 1
100	1	0 0 0 1 0 0 0 1 0 1 0 1 0 0 1 0 1 0 0 1
100	1	0 1 0 1 0 0 0 0 0 1 0 1 0 0 0 0 1 0 0 0
100	4	1 0 1 1 0 0 1 1 0 0 0 0 0 0 0 1 1 0 0 1
100	1	1 0 0 0 0 0 1 1 0 0 0 1 0 0 0 1 1 0 0 1
100	2	0 1 1 0 0 0 1 1 0 1 0 0 0 0 0 1 1 0 0 1
100	1	0 1 0 1 0 0 0 0 0 1 0 1 1 1 1 0 1 0 0 0
100	1	1 0 0 1 0 0 0 0 0 1 0 0 0 1 1 0 1 0 0 0
100	1	0 0 0 1 0 0 0 0 0 1 0 1 0 0 0 0 1 0 0 1
100	1	1 0 0 1 0 0 1 1 0 0 0 1 0 0 1 0 1 0 0 0
100	1	1 0 0 1 0 0 0 1 1 1 0 1 0 0 1 1 1 0 0 0
100	2	0 1 0 1 0 0 0 0 0 1 0 0 0 0 0 1 0 0 0 1
100	1	0 0 0 1 0 0 1 1 1 1 0 0 1 0 0 1 0 0 0 0
100	3	1 0 0 1 0 0 1 1 0 0 0 0 0 0 0 1 1 1 0 1
100	1	0 1 0 1 0 1 0 0 0 1 1 1 0 0 0 1 0 1 0 1
100	1	1 0 0 0 0 0 1 1 0 1 0 1 0 0 0 0 1 0 0 0
100	3	0 1 0 1 0 0 0 1 1 0 0 0 0 0 0 1 0 0 0 1
100	1	1 0 0 1 0 0 1 1 0 0 1 0 0 0 0 1 1 0 0 1
100	1	1 0 0 1 0 0 1 1 0 1 0 0 0 0 1 0 1 0 0 1
100	1	1 0 1 1 0 0 1 1 0 0 0 0 0 0 0 1 0 0 0 1
100	2	1 0 0 1 0 0 0 0 0 1 0 0 0 1 1 0 0 0 0 0
100	2	1 1 1 1 0 0 1 1 0 0 0 0 0 0 0 1 0 0 0 1
100	1	0 0 0 0 0 0 1 1 0 0 0 0 0 0 1 1 1 0 1 1
100	1	0 1 0 1 0 0 0 0 0 0 0 1 0 0 0 0 0 0 0 0
100	1	1 0 0 1 0 0 1 1 1 0 0 0 0 0 0 1 1 0 0 1
100	1	1 0 0 1 0 0 1 1 0 1 0 1 0 0 1 1 1 0 0 0
100	1	1 0 0 1 0 0 1 1 1 0 0 0 1 1 0 0 0 0 0 1
100	1	0 1 0 1 0 1 0 0 0 1 0 1 0 0 1 1 1 0 0 0
100	1	0 1 0 1 0 0 0 1 0 1 0 1 0 1 1 0 1 1 0 0
100	1	1 0 0 1 0 0 1 0 0 0 0 1 0 1 0 0 0 0 0 0
100	1	0 1 1 1 0 0 1 0 0 0 0 0 0 0 0 1 1 0 0 1
100	1	0 0 1 0 0 0 1 1 0 0 0 1 0 0 0 1 1 0 1 1
100	1	0 1 0 1 0 0 0 0 0 1 0 1 1 1 1 0 1 0 0 1
100	1	0 1 0 1 0 0 0 0 0 1 0 1 0 1 1 0 1 0 0 1
150	2	0 1 0 1 0 0 0 0 0 1 0 1 0 0 1 0 1 0 0 0
150	2	0 0 0 1 0 0 0 0 0 1 0 1 0 0 1 0 1 0 0 1
150	1	1 0 0 1 0 0 1 1 0 0 0 0 0 0 0 1 1 0 0 1
150	2	0 1 0 1 0 0 0 1 0 1 0 1 0 0 1 0 1 0 0 1
150	3	0 1 1 1 0 0 1 1 0 0 0 0 0 0 0 1 1 0 0 1
150	3	0 1 0 1 0 0 1 1 0 1 0 1 0 0 1 0 1 0 0 1
150	1	0 1 0 1 0 1 0 0 0 1 1 1 0 0 0 1 0 1 0 1
150	2	1 0 0 1 0 0 1 1 0 0 1 0 0 0 0 1 1 0 0 1
150	11	1 0 1 1 0 0 0 0 0 1 0 1 0 0 1 0 1 0 0 0
150	2	0 1 0 1 0 0 0 1 0 1 0 1 0 1 1 0 1 1 0 0
150	1	0 1 0 1 0 0 1 1 0 0 0 0 0 0 0 0 1 0 0 1
150	1	1 0 1 0 0 0 1 1 0 0 0 0 0 0 0 1 1 0 0 1
150	1	0 0 1 1 0 0 1 1 0 0 0 0 0 0 0 1 1 0 0 1
150	3	0 1 1 1 0 0 1 0 0 0 0 1 0 0 0 0 1 0 0 0
150	2	0 1 1 1 0 0 0 0 0 1 0 1 0 0 1 0 1 0 0 1
150	2	0 1 0 1 0 0 0 0 0 0 0 1 0 0 0 0 0 0 0 1
150	1	1 0 0 1 0 0 0 1 1 0 0 0 0 0 0 1 0 0 0 1
150	2	1 0 0 1 0 1 1 1 0 0 0 0 0 0 0 0 1 0 0 1
150	5	0 1 1 1 1 0 1 1 0 0 0 0 0 1 0 1 0 0 0 1
150	1	0 1 0 1 0 0 1 1 0 1 0 1 0 0 0 1 1 0 0 1
150	2	1 1 0 1 0 0 1 1 0 1 0 1 0 0 1 0 1 0 0 1
150	2	1 1 1 1 0 0 1 1 0 1 0 1 0 0 0 1 1 0 0 1
150	3	1 0 1 1 0 0 0 0 0 1 0 1 0 0 1 0 1 0 0 1
150	1	1 1 1 1 0 0 0 0 0 1 0 1 0 0 1 0 1 0 0 0
150	1	0 1 1 1 0 0 0 0 0 1 0 1 0 0 1 0 1 0 1 1
150	4	1 1 1 1 0 0 0 0 1 1 0 1 0 0 1 0 1 1 0 0
150	1	0 0 1 1 0 0 1 1 0 1 0 1 0 0 1 0 1 0 0 1
150	5	0 0 0 1 0 0 1 1 0 0 0 0 0 0 0 1 1 0 0 1
150	2	0 1 1 1 0 0 0 1 0 1 0 1 0 1 1 0 1 0 0 1
150	2	1 1 0 1 0 0 0 0 0 1 0 1 0 0 1 0 1 0 0 0
150	1	0 0 1 1 0 0 1 1 0 0 0 0 0 0 0 1 1 0 0 0
150	1	1 0 1 1 0 0 1 1 0 0 0 0 0 1 0 1 1 1 0 0
150	1	1 1 0 1 0 0 0 0 0 1 0 1 0 0 0 0 1 0 0 0
150	5	1 1 0 1 0 0 1 1 0 1 0 1 0 0 1 0 0 0 0 1
150	1	0 1 0 1 0 1 0 0 0 1 1 1 0 0 0 0 0 1 0 0
150	1	0 1 1 1 0 0 1 1 0 1 0 1 0 0 0 1 1 0 0 1
150	1	0 0 1 1 0 0 1 1 0 1 0 0 0 0 0 1 1 0 0 1
150	1	1 0 1 1 0 1 1 1 0 1 0 1 0 1 1 0 1 0 0 0
150	1	0 1 1 1 0 1 0 0 0 1 1 1 0 0 0 1 0 1 0 1
150	1	0 1 1 1 1 0 1 1 0 0 0 0 0 0 0 0 1 0 0 1
150	1	0 1 1 1 0 0 1 0 0 0 0 1 0 0 1 0 1 0 0 1
150	3	0 0 0 1 0 0 0 0 0 1 0 1 0 0 1 0 1 0 0 0
150	1	0 0 0 1 0 0 1 1 0 0 0 1 0 0 0 0 1 0 0 0
150	1	0 1 0 1 0 0 0 0 1 1 0 1 1 0 1 0 1 0 0 1
150	1	1 1 0 1 0 0 0 0 0 1 0 1 0 0 1 0 1 0 0 1
150	1	0 0 1 1 0 0 1 1 0 1 0 1 0 0 0 1 1 0 0 1
150	1	0 0 1 1 0 0 1 0 0 1 0 1 0 0 1 0 1 0 0 0
150	1	1 0 0 1 0 0 0 0 0 1 0 1 0 0 1 0 1 0 0 0
150	1	1 1 1 1 0 0 0 0 1 1 0 1 0 0 1 0 1 0 0 0
150	1	0 1 1 0 0 0 1 1 0 1 0 1 0 0 0 1 1 0 0 1
150	1	0 1 1 1 0 0 0 1 0 0 0 0 0 0 0 1 1 1 0 1
150	1	1 0 1 1 0 0 0 0 0 1 0 1 0 0 1 0 1 0 1 1
150	1	1 0 1 1 0 0 1 1 0 1 0 1 0 1 1 0 1 0 0 1
200	5	0 1 1 1 0 0 1 1 0 0 0 0 0 0 0 1 1 0 0 1
200	5	1 0 1 1 0 0 0 0 0 1 0 1 0 0 1 0 1 0 0 0
200	5	0 0 1 1 0 0 1 1 0 0 0 0 0 0 0 1 1 0 0 1
200	2	0 1 1 1 0 0 1 0 0 0 0 1 0 0 0 0 1 0 0 0
200	1	1 0 1 1 0 0 0 0 0 1 0 1 0 0 1 0 1 0 0 1
200	1	0 1 1 1 0 0 1 1 0 0 0 1 0 0 0 0 1 0 0 0
200	7	0 1 1 1 0 0 0 1 0 1 0 1 0 1 1 0 1 0 0 1
200	1	0 0 0 1 0 0 0 1 0 0 0 1 0 0 1 0 1 0 0 1
200	4	0 1 1 1 0 0 1 1 0 1 0 1 0 0 0 1 1 0 0 1
200	2	1 1 1 0 0 0 1 1 0 0 0 0 0 0 0 1 1 0 0 1
200	2	0 1 1 1 0 1 0 0 1 1 0 1 0 0 1 0 1 1 0 1
200	7	0 1 1 1 0 0 0 0 0 1 0 1 0 0 1 0 1 0 0 0
200	5	1 0 1 1 0 0 0 0 0 1 0 1 0 1 1 0 1 0 0 0
200	1	0 0 0 1 0 0 0 0 0 1 0 1 0 0 0 0 1 0 0 1
200	3	1 0 1 1 0 0 1 1 0 1 0 1 0 0 0 1 1 0 0 1
200	1	1 0 1 1 0 0 0 0 0 1 0 1 0 1 1 0 1 0 0 1
200	4	0 1 1 1 1 0 1 1 0 0 0 0 0 0 0 1 1 0 0 1
200	1	1 0 1 0 1 0 1 1 0 0 0 0 0 0 0 1 1 0 0 1
200	3	0 1 1 1 0 0 1 1 0 0 0 1 0 1 1 0 1 0 0 1
200	2	0 1 1 1 0 0 1 1 0 0 0 0 0 0 1 1 1 0 0 1
200	2	0 1 1 1 0 0 0 1 0 1 0 1 0 0 0 1 1 0 0 1
200	1	0 1 0 1 0 0 1 1 0 1 0 1 0 1 1 0 1 0 0 1
200	2	0 1 1 1 0 0 1 1 0 1 0 1 0 0 1 1 1 0 0 1
200	1	0 1 1 1 0 0 0 0 0 1 0 1 0 0 1 0 0 0 0 0
200	2	1 1 0 1 0 0 0 0 0 1 0 1 0 0 1 0 1 0 0 1
200	2	1 1 0 1 0 0 0 0 0 1 0 0 0 0 1 0 1 0 0 0
200	1	0 1 1 1 0 0 0 1 0 1 0 1 0 1 1 0 1 0 0 0
200	1	0 1 1 1 0 0 0 1 0 1 0 1 0 1 1 0 1 0 1 1
200	1	0 1 1 1 0 0 0 0 0 1 0 1 1 0 0 0 1 0 0 0
200	1	0 1 1 1 0 0 1 1 0 1 0 1 0 0 0 1 1 0 0 0
200	1	0 1 1 1 0 0 0 1 1 1 0 1 0 0 0 1 1 0 0 1
200	4	0 1 1 1 0 0 1 0 0 1 0 1 1 0 0 1 1 0 1 1
200	1	1 0 1 0 1 0 1 1 0 0 0 0 0 0 0 1 1 0 0 0
200	1	1 1 0 1 0 0 1 1 0 1 0 1 0 0 0 1 1 0 0 1
200	1	0 1 1 1 1 0 0 1 0 1 0 1 0 0 0 1 1 0 0 1
200	1	0 1 1 1 0 0 1 1 0 1 0 0 0 0 1 1 1 0 0 1
200	1	1 0 1 1 0 1 0 0 0 1 0 1 0 0 0 0 1 0 0 1
200	2	1 1 1 1 0 1 0 0 0 1 0 1 0 0 1 0 1 0 0 0
200	2	0 1 1 1 0 0 1 1 0 0 0 1 0 0 1 0 1 0 0 1
200	1	0 0 0 1 1 0 0 1 0 0 0 1 0 0 1 0 1 0 0 1
200	1	1 0 1 0 1 0 1 1 0 0 0 0 0 0 1 0 1 0 0 0
200	2	1 0 1 0 1 0 1 1 0 0 0 0 0 0 0 0 1 0 0 0
200	1	1 0 1 1 0 0 0 0 0 1 0 1 0 0 1 0 1 1 0 0
200	2	0 1 1 1 0 0 0 1 0 1 0 1 0 0 0 1 1 1 0 1
200	1	0 1 0 1 0 0 1 0 0 0 0 1 0 0 0 0 1 0 0 0
200	1	0 0 0 1 0 0 0 1 0 0 0 1 0 0 1 0 0 0 0 1
200	1	0 1 1 1 0 1 0 0 1 1 0 1 0 1 1 0 1 1 0 1
250	2	0 1 1 1 0 0 1 1 0 0 0 0 0 0 0 1 1 0 0 1
250	11	0 1 1 1 0 0 0 1 0 1 0 1 0 1 1 0 1 0 0 1
250	1	0 1 1 1 0 0 0 0 0 1 0 1 0 0 1 0 1 0 0 0
250	1	0 1 1 1 0 0 1 1 0 0 0 0 0 0 1 1 1 0 0 1
250	1	1 1 1 1 0 0 1 0 1 1 0 1 0 0 0 1 1 0 0 1
250	2	1 1 1 1 0 0 0 0 0 1 0 1 0 1 1 0 1 0 0 0
250	1	1 0 1 1 0 0 0 0 0 1 1 1 0 0 1 0 1 0 0 1
250	1	1 0 1 1 0 0 0 0 0 1 0 1 1 0 1 1 1 0 0 0
250	1	1 1 1 1 0 0 0 0 0 1 0 1 1 0 1 0 0 0 0 1
250	4	1 1 1 1 0 0 0 0 0 1 0 1 1 1 1 0 1 0 0 0
250	1	0 1 1 1 1 0 0 1 0 1 0 1 0 1 1 0 1 0 0 1
250	4	0 1 1 1 0 1 1 1 0 0 1 0 0 0 1 1 1 0 0 0
250	3	1 1 1 1 0 0 0 0 0 1 0 0 0 0 0 1 1 0 0 1
250	4	1 0 1 1 0 0 0 0 0 1 1 1 0 0 0 1 1 1 0 1
250	1	0 1 1 1 0 0 0 0 0 1 0 1 0 0 1 0 1 0 0 1
250	1	1 1 1 1 0 0 0 0 0 1 1 1 1 1 1 0 1 0 0 0
250	1	0 0 1 1 1 0 0 1 0 1 0 1 0 1 1 0 1 0 0 1
250	1	0 0 1 1 0 0 1 1 0 0 0 0 0 0 1 0 1 0 0 1
250	2	1 1 0 1 0 0 0 0 0 1 0 1 1 1 1 0 1 0 0 0
250	4	1 1 1 1 0 0 1 0 0 1 0 1 1 1 1 0 1 0 0 0
250	1	0 1 1 1 0 0 0 1 0 1 0 1 0 0 1 0 1 0 0 0
250	1	1 1 1 1 0 0 0 0 0 1 1 1 0 0 1 0 1 0 0 1
250	4	1 1 1 1 0 0 0 1 0 1 0 1 0 1 1 0 1 0 1 1
250	2	1 1 1 1 0 0 0 0 0 0 0 1 1 0 1 0 1 0 0 0
250	2	0 1 1 1 0 0 0 1 0 0 0 1 0 0 0 0 1 0 0 0
250	2	1 0 0 1 0 0 0 0 0 1 0 1 0 0 1 0 1 0 0 0
250	1	1 0 1 1 0 0 0 0 0 1 0 1 0 0 0 0 1 1 0 0
250	1	1 0 1 1 0 0 0 0 0 1 1 0 0 0 1 0 1 1 0 0
250	1	0 1 1 1 1 1 1 1 0 0 1 0 0 0 1 1 1 0 0 0
250	3	1 1 1 1 0 0 1 0 0 1 0 1 1 0 1 0 1 0 0 0
250	1	1 0 1 1 1 0 1 1 0 1 0 1 0 0 0 1 1 0 0 1
250	1	0 1 0 1 0 0 0 1 0 0 0 1 0 0 1 0 0 0 0 1
250	1	1 1 1 1 0 0 0 0 0 1 0 1 0 1 1 0 1 0 0 1
250	2	1 0 1 1 0 0 0 0 0 1 0 1 0 1 1 0 1 0 1 1
250	2	0 1 1 1 1 0 0 1 0 1 0 1 0 1 1 0 1 0 0 0
250	2	0 1 1 1 0 0 0 0 0 1 0 1 0 0 0 1 1 0 0 0
250	1	0 1 1 1 0 1 1 1 0 0 0 1 0 0 1 0 1 0 0 1
250	3	1 0 1 1 0 0 0 0 0 1 0 0 0 0 0 1 1 0 0 1
250	1	1 0 1 1 0 0 0 0 0 1 1 1 0 0 0 1 1 1 0 0
250	1	0 1 1 1 0 0 0 1 0 1 0 1 1 1 1 0 1 0 0 0
250	1	0 1 1 1 0 0 0 0 0 1 0 1 0 1 1 0 1 0 0 0
250	1	0 1 0 1 0 0 1 1 0 0 0 1 0 0 1 0 0 0 0 1
250	1	1 0 1 1 0 0 0 0 0 1 1 1 0 0 1 0 1 1 0 0
250	1	0 1 1 1 0 0 1 1 0 0 0 0 0 0 1 0 1 1 0 1
250	1	0 1 1 1 0 0 0 0 0 1 0 0 1 1 1 0 1 0 0 0
250	1	0 0 1 1 1 0 0 1 0 1 0 1 0 0 1 0 0 0 0 1
250	1	0 1 1 1 0 0 1 0 0 1 0 1 0 0 1 0 1 0 0 0
250	1	1 1 1 1 0 0 0 0 0 1 0 0 1 1 1 0 1 0 0 0
250	1	0 1 1 1 0 0 0 1 0 1 0 0 0 1 1 0 1 1 0 1
250	1	0 1 1 1 0 0 1 0 0 1 0 1 0 0 1 0 1 0 0 1
250	1	0 0 0 1 0 0 0 1 0 0 0 1 0 0 1 0 1 0 0 1
250	1	1 1 1 1 0 0 0 0 0 1 0 0 0 0 0 0 1 0 0 1
250	1	1 0 1 1 0 0 0 1 0 1 0 1 0 0 0 0 1 1 0 0
250	1	0 1 0 1 0 0 0 1 0 0 0 1 0 0 1 1 0 0 0 1
250	1	0 0 1 1 1 0 0 0 0 1 1 0 0 0 1 1 1 0 0 0
250	1	1 1 1 1 0 0 0 0 0 1 0 1 1 1 1 0 1 0 0 1
250	1	1 1 1 1 0 0 1 0 0 1 0 1 0 1 1 0 1 0 0 1
250	1	0 1 1 1 0 0 0 0 0 1 1 1 0 0 1 0 1 0 0 0
250	1	1 1 1 1 0 0 0 0 0 1 1 1 1 0 1 0 1 0 0 0
250	1	0 1 1 1 0 0 1 1 0 0 0 1 0 0 0 0 1 0 0 0
300	5	1 1 1 1 0 0 1 0 1 1 0 1 0 0 0 1 1 0 0 1
300	4	1 1 1 1 0 0 0 0 0 1 0 1 1 1 1 0 1 0 0 0
300	5	1 1 1 1 0 0 1 0 0 1 0 1 1 1 1 0 1 0 0 0
300	1	1 1 1 1 0 0 0 0 0 1 1 1 0 0 1 0 1 0 0 1
300	4	1 1 1 1 0 0 0 0 0 1 0 1 0 1 1 0 1 0 0 1
300	2	1 1 1 1 0 0 1 0 1 1 0 1 1 0 0 1 1 0 0 1
300	3	0 1 1 1 0 0 1 1 1 1 0 1 0 1 1 0 1 0 0 1
300	1	0 1 1 1 0 0 0 0 0 1 0 0 1 1 1 0 1 0 0 0
300	1	1 1 1 0 0 0 0 0 0 1 0 1 1 1 1 0 1 0 0 0
300	2	1 0 1 1 0 1 0 0 0 1 0 1 0 0 0 0 1 1 0 0
300	1	1 1 1 1 0 0 0 0 0 1 0 1 0 0 1 0 1 0 0 0
300	3	1 1 1 1 0 0 1 1 1 1 0 1 1 0 0 1 1 0 0 1
300	1	1 1 1 1 0 0 1 1 0 0 0 0 0 0 0 1 1 0 0 1
300	4	1 1 1 1 0 0 0 0 0 1 0 1 0 0 0 1 1 0 1 1
300	1	1 0 1 1 1 0 0 0 0 0 0 1 1 0 1 1 1 1 0 0
300	3	1 1 1 1 0 0 1 1 0 1 0 1 1 1 1 0 1 0 0 0
300	3	0 1 1 1 0 0 0 1 0 1 1 1 0 1 1 0 1 1 0 0
300	1	1 1 1 1 0 0 1 0 0 1 0 1 1 0 1 1 1 1 0 0
300	1	1 1 1 1 0 0 1 1 1 1 0 1 1 0 1 0 1 0 0 1
300	1	0 1 1 1 0 0 0 1 0 1 0 0 0 1 1 0 1 1 0 0
300	1	1 1 1 1 1 0 0 0 0 1 0 1 0 1 1 0 1 0 0 0
300	1	1 0 1 1 1 0 1 1 0 1 0 1 0 0 0 1 1 0 0 0
300	1	1 1 1 1 0 0 1 0 1 1 0 1 1 1 1 0 1 0 0 0
300	1	1 0 1 1 0 0 1 1 0 1 0 1 1 1 1 0 1 0 0 0
300	1	1 1 1 1 0 0 1 0 0 1 0 1 0 0 0 1 1 0 0 1
300	1	1 1 1 1 0 1 1 1 0 1 0 1 0 0 0 1 1 0 0 1
300	3	1 1 1 1 0 0 0 1 0 1 0 1 1 1 1 0 1 0 0 0
300	1	0 1 1 1 0 0 0 0 0 1 1 1 0 0 1 0 1 0 0 1
300	2	1 1 1 1 0 0 1 1 0 0 0 0 0 0 0 1 1 0 0 0
300	1	1 1 1 0 0 0 0 0 0 1 0 1 0 1 1 0 1 0 0 0
300	1	0 1 1 1 1 0 1 0 0 1 0 1 0 0 1 0 1 0 0 0
300	2	1 1 1 1 0 0 1 0 0 1 0 0 1 0 1 0 1 0 0 1
300	1	1 1 1 1 0 0 1 1 0 0 0 0 0 0 0 1 1 1 0 0
300	3	1 1 1 1 0 0 1 0 0 1 1 1 1 1 1 0 1 0 0 0
300	1	0 1 1 1 0 0 1 1 1 1 0 1 0 0 0 1 1 0 0 1
300	1	1 0 1 1 0 0 0 0 0 1 0 1 0 0 1 0 1 0 0 0
300	1	1 1 1 1 0 0 1 1 0 0 0 1 0 0 0 0 1 1 0 0
300	1	1 1 1 1 0 0 0 1 0 1 0 0 1 0 1 0 1 0 0 1
300	3	1 1 1 1 0 0 1 0 1 1 0 1 0 1 1 0 1 0 0 1
300	4	1 1 1 1 0 0 1 1 1 1 0 1 1 0 0 1 1 0 0 0
300	3	1 1 1 1 0 0 1 1 1 1 0 1 0 1 1 0 1 0 0 1
300	1	1 1 0 1 0 0 1 1 0 0 0 0 0 0 0 1 1 0 0 1
300	2	0 1 1 1 0 0 0 1 0 1 0 0 1 1 1 0 1 1 0 0
300	1	0 1 1 1 0 0 0 1 0 1 0 1 1 1 1 0 1 0 0 0
300	1	0 1 1 1 0 0 1 0 0 1 1 1 0 0 1 0 1 0 0 1
300	1	1 1 1 1 0 0 1 0 0 1 0 1 1 0 1 1 1 0 0 1
300	1	1 1 1 1 0 0 1 0 0 1 0 1 0 1 1 0 1 1 0 0
300	2	0 1 1 1 0 0 0 0 1 1 0 0 1 1 1 0 1 0 0 0
300	1	1 1 1 1 0 0 1 0 0 1 0 1 0 1 1 0 1 0 0 0
300	1	1 1 1 1 0 1 1 1 0 1 1 1 0 0 0 1 1 0 0 1
300	2	1 1 1 1 0 1 0 0 0 1 1 1 1 1 1 0 1 0 0 0
300	1	0 1 1 1 0 0 0 1 0 1 0 0 0 0 1 0 1 1 0 0
300	1	1 1 1 1 1 0 1 1 1 1 0 0 1 0 0 1 1 0 0 1
300	1	1 1 1 1 1 0 1 0 1 1 0 0 0 0 0 1 1 0 0 1
300	2	1 1 1 1 0 0 1 1 1 1 0 1 0 0 0 1 1 0 0 1
300	1	1 1 1 1 0 1 1 1 0 1 0 1 0 0 0 1 0 0 0 1
350	5	1 1 1 1 0 0 1 0 1 1 0 1 0 0 0 1 1 0 0 1
350	6	1 1 1 1 0 0 1 0 0 1 0 1 1 1 1 0 1 0 0 0
350	5	1 1 1 0 0 0 0 0 0 1 0 1 1 1 1 0 1 0 0 0
350	1	1 1 1 1 0 0 0 0 0 1 1 1 1 0 1 0 1 0 0 1
350	1	1 1 1 1 0 0 0 0 0 1 0 1 0 0 0 1 1 0 1 1
350	1	1 1 1 1 0 0 1 1 0 1 0 1 1 1 1 0 1 0 0 0
350	2	1 1 1 1 0 1 1 1 0 1 0 1 0 0 0 1 1 0 0 1
350	2	1 1 1 1 0 0 1 0 1 1 0 1 0 1 1 0 1 0 0 1
350	7	1 1 1 1 0 0 1 1 1 1 0 1 0 1 1 0 1 0 0 1
350	1	1 1 1 1 0 0 0 0 0 1 0 1 1 1 1 0 1 0 0 1
350	3	1 1 1 1 0 0 0 0 0 1 0 1 0 0 0 1 1 0 0 1
350	7	1 1 1 1 0 0 0 0 0 1 0 1 1 0 0 1 1 0 0 0
350	4	0 1 1 1 0 0 0 1 0 1 1 1 0 0 1 0 1 0 0 0
350	1	1 1 1 1 0 1 1 1 1 0 0 0 0 0 0 1 1 0 0 0
350	1	1 1 1 1 0 0 1 1 1 0 0 0 1 0 0 1 1 0 0 0
350	3	1 1 1 1 0 0 1 0 0 1 0 1 1 1 0 0 1 0 0 0
350	1	1 1 1 1 0 0 1 1 1 1 0 0 1 1 1 0 1 0 0 0
350	4	1 1 1 1 0 0 0 0 1 1 0 1 0 0 1 0 1 1 0 1
350	1	1 0 1 1 0 0 0 1 0 1 0 1 0 0 1 0 1 0 0 0
350	1	1 1 1 1 0 0 0 0 0 1 0 1 0 1 0 0 1 0 0 1
350	3	1 1 1 1 0 0 1 1 1 0 0 1 0 1 1 0 1 0 0 1
350	1	1 1 1 1 0 0 0 0 0 1 0 1 0 1 1 0 1 0 0 0
350	1	1 1 1 1 0 0 0 0 0 1 1 1 0 1 1 1 1 0 0 1
350	1	1 1 1 1 0 0 1 0 0 1 0 0 1 1 0 0 1 0 0 0
350	1	0 1 1 1 1 0 1 0 1 1 1 0 0 0 0 1 1 0 0 1
350	3	0 1 1 1 0 0 0 0 0 1 0 0 1 0 0 1 1 0 0 1
350	1	1 0 1 1 1 1 1 0 0 1 0 1 0 1 0 1 0 0 0 1
350	1	1 1 1 1 1 0 1 1 1 1 0 1 0 1 1 0 1 0 0 1
350	1	1 1 1 1 0 1 0 0 0 1 0 1 1 1 1 0 1 0 0 1
350	1	0 1 1 1 1 0 0 1 0 1 0 0 0 1 1 0 1 1 0 0
350	1	1 1 1 1 0 0 1 0 0 1 0 0 1 1 1 0 1 0 0 0
350	1	1 1 1 1 0 0 0 1 0 1 0 1 0 0 1 0 1 0 0 0
350	1	0 1 1 1 1 0 0 0 1 1 0 1 0 0 1 0 1 1 0 1
350	1	1 1 1 1 0 0 1 1 0 0 0 1 1 1 1 0 1 0 0 0
350	1	1 1 1 1 0 0 1 1 1 0 0 0 1 0 0 1 1 0 1 0
350	1	1 1 1 1 0 0 1 0 0 1 0 0 1 0 1 0 0 0 0 0
350	1	1 1 1 1 0 0 1 1 1 0 0 1 1 1 1 0 1 0 0 1
350	1	1 1 1 1 0 1 0 0 0 1 1 1 0 1 1 1 1 0 0 1
350	1	1 1 1 1 0 0 1 1 1 1 0 1 0 0 1 0 1 1 0 1
350	1	0 1 1 1 0 0 1 0 1 1 0 1 0 1 1 0 1 0 0 1
350	1	1 1 1 1 0 0 1 0 0 1 0 0 1 1 0 0 1 0 0 1
350	1	0 1 1 1 0 0 0 0 0 1 0 0 1 0 0 1 1 0 0 0
350	2	0 1 1 1 0 0 0 0 1 1 0 1 0 0 1 0 1 1 0 1
350	1	0 1 1 1 0 0 0 0 0 1 1 1 0 0 0 1 1 0 0 1
350	2	1 1 1 0 0 0 0 0 0 1 0 1 0 0 0 1 1 0 0 1
350	1	1 1 1 1 0 1 0 0 0 1 0 1 1 1 1 0 1 0 0 0
350	1	1 1 1 1 0 0 1 1 1 0 0 0 0 0 1 1 1 0 0 1
350	1	1 1 1 0 0 0 1 0 0 1 0 1 1 1 1 0 1 0 0 0
350	1	1 1 1 1 0 1 1 0 1 1 0 1 0 1 1 0 1 0 0 1
350	1	1 1 1 1 0 0 0 0 0 1 1 1 0 1 1 1 1 0 0 0
350	3	1 1 1 1 1 0 1 1 1 0 0 0 0 0 0 1 1 0 0 0
350	1	1 1 1 0 0 0 0 0 0 0 0 0 0 0 0 1 1 0 0 0
350	1	1 1 1 1 0 0 0 0 1 1 0 1 0 0 0 1 1 0 0 0
350	1	1 1 1 1 0 0 0 0 0 1 1 1 0 0 0 1 1 0 0 1
350	1	1 1 1 1 0 0 0 0 1 1 0 1 0 0 1 0 1 1 0 0
400	3	1 1 1 1 0 0 1 0 0 1 0 1 1 1 1 0 1 0 0 0
400	2	1 1 1 1 0 1 1 1 0 1 1 1 0 0 1 0 1 0 0 0
400	16	1 1 1 1 0 0 1 0 0 1 0 1 1 1 0 0 1 0 0 0
400	1	1 1 1 1 0 0 1 0 0 1 0 1 1 1 1 0 0 0 0 0
400	1	1 1 1 1 0 0 1 0 0 1 0 0 1 1 0 0 1 0 0 0
400	2	1 1 1 1 1 0 1 1 1 1 0 1 0 1 1 0 1 0 0 1
400	1	1 1 1 1 0 0 1 1 1 1 0 0 0 1 1 0 1 0 0 1
400	4	1 1 1 1 0 0 1 0 0 1 0 0 1 0 0 1 1 0 0 1
400	2	1 1 1 0 0 0 0 0 0 1 0 1 1 1 1 0 0 0 0 0
400	3	1 1 1 0 0 0 1 1 1 1 0 1 0 1 1 0 1 0 0 1
400	1	1 1 1 1 0 1 1 0 0 1 0 1 1 1 1 0 1 0 0 0
400	1	1 1 1 1 0 1 1 1 1 0 0 0 1 0 0 0 1 0 0 1
400	1	1 1 1 0 0 0 1 1 1 0 0 0 0 0 1 1 1 0 0 1
400	1	1 1 1 1 0 0 0 0 0 1 0 0 1 1 0 0 1 0 0 0
400	1	1 1 1 1 0 1 1 0 0 1 0 1 1 1 0 0 1 0 0 0
400	1	1 1 1 0 0 0 1 0 0 1 0 1 1 1 0 0 1 0 0 0
400	1	1 1 1 1 0 0 0 0 0 1 0 1 0 0 0 1 1 0 0 0
400	2	1 1 1 1 0 0 0 0 0 1 0 0 0 0 0 1 1 0 0 0
400	1	1 0 1 1 0 0 1 1 1 1 0 1 0 1 1 1 1 0 0 0
400	1	1 1 1 1 0 0 1 1 1 0 0 0 0 0 0 1 1 0 0 1
400	3	1 1 1 1 0 0 0 0 1 1 0 1 1 0 0 1 1 0 0 0
400	10	1 1 1 1 0 0 0 0 0 1 0 1 1 1 0 1 1 0 0 0
400	2	1 1 1 1 0 0 1 0 0 1 0 1 1 1 0 1 1 0 0 0
400	2	0 1 1 1 0 0 1 0 1 0 0 0 0 0 0 1 1 0 0 0
400	2	1 1 1 1 0 0 0 0 0 0 0 0 0 0 0 1 1 0 0 0
400	1	1 1 1 1 0 0 1 0 0 1 1 1 1 1 1 0 1 0 0 0
400	1	1 1 1 1 0 0 1 0 1 1 0 1 0 0 1 1 1 0 0 0
400	1	1 0 1 1 0 0 1 0 0 1 1 1 1 1 0 0 1 0 0 0
400	1	1 1 1 1 0 0 1 0 1 1 0 0 1 0 0 1 1 0 0 1
400	1	1 1 1 1 0 0 0 0 0 1 0 0 1 1 1 0 1 0 0 0
400	4	1 1 1 0 0 0 0 0 0 1 0 1 1 1 1 0 0 0 0 1
400	3	1 1 1 0 0 1 0 0 0 1 0 1 1 1 0 0 1 0 0 0
400	4	1 1 1 1 0 1 1 1 1 1 0 1 0 1 1 0 1 0 0 1
400	1	1 0 1 1 0 0 1 0 0 1 0 1 1 1 0 0 1 0 0 0
400	1	1 1 1 1 0 0 1 0 0 1 0 0 0 0 0 1 1 0 0 1
400	1	1 1 1 1 0 0 1 1 0 1 0 1 1 1 1 1 1 0 0 0
400	1	1 1 1 1 0 0 0 0 0 0 0 0 0 1 0 0 1 0 0 1
400	1	1 1 1 1 0 1 1 0 0 1 0 0 1 0 0 1 1 0 0 1
400	1	1 1 1 1 0 0 1 1 1 0 0 0 0 0 1 0 0 0 0 0
400	1	0 1 1 1 1 0 1 0 1 0 0 0 1 1 1 0 1 0 0 0
400	1	1 1 1 1 0 0 1 1 1 1 0 1 1 1 0 0 1 0 0 0
400	1	1 1 1 1 0 0 1 1 1 1 0 1 0 0 0 1 1 0 0 0
400	1	1 1 1 1 0 0 1 0 0 1 0 0 0 1 0 0 1 0 0 0
400	1	1 1 1 1 0 0 1 0 0 1 0 0 1 1 0 1 1 0 0 0
400	1	0 1 1 1 0 1 1 1 0 1 1 1 0 0 1 0 1 0 0 0
400	1	1 1 1 0 0 0 1 0 0 0 0 1 1 1 1 0 1 0 0 0
400	1	1 1 0 0 0 0 1 1 1 1 1 1 0 1 1 0 1 0 0 1
400	1	1 1 1 1 0 0 1 0 0 1 1 1 0 1 1 0 1 0 0 1
400	1	1 1 1 0 0 0 0 0 1 1 0 1 0 0 1 0 1 1 0 1
400	1	1 1 1 1 0 0 1 1 1 1 0 1 0 0 1 0 1 0 0 1
400	1	1 1 1 1 0 0 1 0 0 1 1 0 1 1 1 1 1 0 0 0
400	1	1 1 1 1 0 0 0 0 1 1 1 1 0 0 1 0 1 1 0 1
450	2	1 1 1 1 0 1 1 1 0 1 1 1 0 0 1 0 1 0 0 0
450	11	1 1 1 1 0 0 1 0 0 1 0 1 1 1 0 0 1 0 0 0
450	8	1 1 1 1 0 0 1 0 0 1 0 1 1 1 1 0 0 0 0 0
450	1	1 1 1 1 0 0 1 0 0 1 0 0 1 1 0 0 1 0 0 0
450	4	1 1 1 1 0 0 1 1 1 1 0 0 0 1 1 0 1 0 0 1
450	2	1 1 1 0 0 0 0 0 0 1 0 1 1 1 1 0 0 0 0 0
450	1	1 1 1 0 0 0 1 1 1 1 0 1 0 1 1 0 1 0 0 1
450	4	1 1 1 1 0 0 0 0 0 1 0 0 1 1 0 0 1 0 0 0
450	1	1 1 1 0 0 1 0 0 0 1 0 1 1 1 0 0 1 0 0 0
450	1	1 1 1 1 0 0 0 0 0 1 0 1 1 1 0 0 1 1 0 0
450	4	1 1 1 0 0 1 0 0 0 1 0 1 1 1 1 0 0 0 0 0
450	3	1 1 1 1 1 0 1 0 0 1 0 1 1 1 0 0 1 0 0 0
450	3	1 1 1 1 0 0 1 0 0 1 0 1 1 1 0 0 0 0 0 0
450	6	1 1 1 1 0 0 0 0 0 1 0 0 1 1 0 0 0 0 0 0
450	3	1 0 1 1 0 0 1 1 1 1 0 1 0 1 1 1 1 0 0 1
450	2	0 1 1 1 1 0 1 0 0 0 0 0 0 0 0 1 1 0 0 0
450	6	1 1 1 1 0 0 0 0 0 1 0 1 1 1 1 0 0 0 0 0
450	2	1 1 1 1 0 0 0 0 0 1 0 1 1 1 0 1 1 0 0 0
450	1	1 1 1 0 0 1 0 1 0 1 0 1 1 1 1 0 0 0 0 0
450	1	0 1 1 1 0 0 1 0 0 1 0 1 1 1 1 0 0 0 1 0
450	1	1 1 1 1 0 0 1 1 1 1 0 1 0 1 1 1 1 0 0 0
450	2	1 1 1 1 0 0 1 0 0 1 0 1 1 1 0 1 0 0 0 0
450	1	1 1 1 1 0 0 1 1 1 0 0 0 0 0 0 1 1 0 1 1
450	3	1 1 1 1 0 0 1 1 0 1 1 0 1 1 1 1 1 0 0 0
450	3	1 1 1 1 0 0 1 0 0 0 0 0 0 0 0 1 1 0 0 0
450	1	1 1 1 0 0 0 0 0 0 1 0 1 1 1 0 0 0 0 0 0
450	4	1 1 1 0 0 1 0 0 0 1 0 0 1 1 0 0 1 1 0 0
450	1	1 1 1 1 0 0 1 1 0 1 0 1 1 1 0 0 1 0 0 0
450	1	1 1 1 1 0 0 0 0 0 1 0 1 1 1 0 0 1 0 1 0
450	1	1 1 1 1 0 0 0 0 0 1 0 0 1 1 1 0 0 0 0 0
450	1	1 1 1 1 0 0 0 0 1 1 0 1 0 0 1 1 1 0 0 0
450	2	1 1 1 0 0 0 0 0 0 1 0 1 1 0 1 0 0 0 0 0
450	2	1 1 1 1 0 0 0 0 0 0 0 1 1 1 0 1 1 0 0 0
450	2	1 1 1 1 1 1 0 1 0 1 1 1 0 0 1 0 1 0 0 0
450	2	1 1 1 1 0 0 0 0 0 0 0 0 1 1 1 0 0 0 0 0
450	1	1 0 1 1 0 0 1 0 0 1 0 0 1 1 1 0 0 0 1 0
450	1	1 1 1 1 0 0 1 1 1 1 0 0 1 1 0 0 1 0 0 0
450	1	1 1 1 1 0 1 1 0 0 1 0 0 1 1 0 0 1 0 0 0
450	1	1 1 1 1 0 0 1 0 0 1 0 1 1 1 1 1 0 1 0 0
450	1	1 1 1 0 0 0 1 1 1 0 0 1 1 1 1 0 0 0 0 0
450	1	1 1 1 1 0 0 1 0 1 1 0 0 0 1 1 0 0 0 0 0
450	1	1 1 1 1 0 0 1 0 0 1 0 1 1 0 0 0 1 0 0 0
500	4	1 1 1 1 0 0 1 0 0 1 0 1 1 1 0 0 1 0 0 0
500	5	1 1 1 1 0 0 1 0 0 1 0 1 1 1 1 0 0 0 0 0
500	2	1 1 1 0 0 1 0 0 0 1 0 1 1 1 0 0 1 0 0 0
500	1	1 1 1 1 0 1 1 1 0 1 1 1 0 0 1 0 0 0 0 0
500	3	1 1 1 1 0 0 1 0 0 1 0 1 1 1 0 0 0 0 0 0
500	1	1 1 1 1 0 0 0 0 0 1 0 0 1 1 0 0 0 0 0 0
500	7	1 1 1 1 1 0 0 0 0 1 0 0 1 1 0 0 0 0 0 0
500	6	1 1 1 1 0 0 0 0 0 1 0 1 1 1 1 0 0 0 0 0
500	2	1 1 1 1 0 0 0 0 0 1 0 1 1 1 0 1 1 0 0 0
500	2	1 1 1 1 0 0 1 1 0 1 0 1 1 1 1 0 0 0 0 0
500	5	1 1 1 1 1 1 1 0 0 1 0 0 1 1 0 0 1 0 0 0
500	1	1 1 1 1 0 0 0 0 0 0 0 0 1 1 0 0 0 0 0 0
500	3	1 1 1 1 0 0 0 0 0 1 0 0 1 1 0 0 0 1 0 0
500	1	1 1 1 1 0 0 1 1 0 1 1 1 0 0 1 0 0 0 0 0
500	8	1 1 1 1 0 0 0 0 0 1 0 1 1 1 0 0 0 0 0 0
500	2	1 1 1 1 0 0 1 0 0 1 0 1 1 1 0 0 0 0 1 0
500	3	1 0 1 1 0 1 1 1 0 1 1 1 0 0 1 0 0 0 0 0
500	1	1 1 1 0 1 0 0 0 0 1 0 0 1 1 0 0 0 0 0 0
500	2	0 1 1 1 0 0 1 0 0 1 0 1 1 1 1 0 0 0 0 0
500	1	1 1 1 1 0 1 1 1 0 1 0 1 0 1 1 1 0 0 0 1
500	1	1 1 1 1 0 0 1 1 1 1 0 0 1 1 1 0 0 0 0 0
500	2	1 1 1 1 0 0 1 0 0 0 0 1 1 1 0 0 0 0 0 0
500	5	1 1 1 1 0 0 0 0 0 1 0 1 1 0 0 0 0 0 0 0
500	1	1 1 1 1 1 0 0 0 0 0 0 0 1 1 0 0 0 0 0 0
500	1	1 1 1 1 0 0 0 0 0 1 0 1 1 1 0 0 1 1 0 0
500	1	1 1 1 1 1 0 0 1 0 1 0 0 1 1 0 0 0 0 0 0
500	1	1 1 1 1 1 0 1 0 0 1 0 1 1 1 1 1 1 0 0 0
500	6	1 1 1 1 0 0 0 0 0 0 0 0 1 1 1 0 1 0 0 0
500	3	1 1 1 1 0 0 1 1 0 1 0 1 0 0 1 0 0 0 0 0
500	1	1 1 1 0 0 1 0 0 0 1 0 0 1 1 1 0 0 0 0 0
500	1	1 1 1 1 0 0 0 0 0 0 0 0 1 1 1 0 0 0 0 1
500	1	1 1 1 1 0 0 1 0 0 1 0 1 1 1 0 0 0 0 1 1
500	3	1 1 1 1 0 1 1 0 0 1 0 1 1 1 0 1 0 0 0 0
500	2	1 1 1 0 1 0 0 0 0 0 0 0 1 1 0 0 0 0 0 0
500	1	1 0 1 0 0 1 0 0 0 1 0 1 1 1 0 0 1 0 0 0
500	1	1 1 1 1 0 1 1 1 0 1 0 1 0 1 1 0 1 0 0 1
500	2	1 1 1 1 0 0 0 0 0 1 0 1 0 0 1 0 0 0 0 0
500	1	1 1 1 1 1 0 0 1 0 1 0 0 1 0 0 0 0 0 0 0
500	1	1 1 1 1 0 0 0 1 0 1 0 1 1 1 1 0 0 0 0 0
500	1	1 1 1 0 0 0 1 0 0 0 0 1 1 1 0 0 0 0 0 0
500	1	1 1 1 1 0 0 1 1 0 0 0 1 1 1 0 0 0 0 0 0
500	1	1 1 1 1 0 0 1 1 0 0 1 1 1 1 1 0 0 0 0 0
500	1	1 1 1 1 0 0 0 0 0 1 0 1 0 0 1 1 0 0 0 0
500	1	1 1 1 1 0 1 1 1 0 1 0 1 0 0 0 0 1 1 0 0
