0	14	0 0 0 0 0 0 0 0 1 0 0 0 0 0 0 0 0 0 0 0
0	11	0 0 0 1 0 0 0 0 0 0 0 0 0 0 1 0 1 1 0 0
0	13	0 1 0 0 0 1 0 0 1 0 1 0 0 1 1 0 0 0 0 1
0	12	0 0 0 0 0 1 0 1 1 1 0 0 1 1 0 0 0 0 0 0
50	6	0 1 0 0 0 1 0 0 1 0 1 0 0 1 1 0 0 0 0 1
50	1	0 0 0 1 0 1 0 1 1 1 0 0 1 1 0 0 0 0 0 0
50	5	0 1 0 0 0 1 0 0 1 0 1 0 0 1 1 0 0 0 0 0
50	4	1 1 0 0 0 1 0 0 1 0 1 0 0 1 1 0 0 0 0 1
50	3	0 1 0 0 1 1 0 0 1 0 1 0 0 1 1 0 0 0 0 1
50	1	0 1 0 0 0 1 0 1 1 0 1 0 0 1 1 0 0 1 0 1
50	1	0 1 1 0 0 1 0 0 1 0 1 0 0 1 1 0 0 0 0 1
50	1	0 1 1 0 0 1 0 0 1 0 1 0 0 1 1 0 0 0 0 0
50	1	1 1 1 0 0 1 0 0 1 0 1 0 0 1 1 0 0 0 0 0
50	1	0 0 0 1 0 0 0 0 0 0 0 0 1 0 1 0 1 1 0 0
50	1	1 0 0 1 0 0 0 0 0 0 0 0 0 1 1 0 0 0 0 1
50	3	0 0 0 1 0 1 0 1 1 1 1 0 1 1 0 1 0 0 0 0
50	2	1 1 0 0 0 1 0 0 0 0 1 0 0 1 1 0 0 1 0 1
50	2	0 0 0 1 0 1 0 1 1 1 0 0 1 1 0 0 1 0 0 0
50	1	0 0 0 1 0 1 0 0 1 1 0 0 0 1 1 0 0 1 0 1
50	1	1 1 0 0 0 1 0 1 1 1 0 0 1 1 0 0 0 0 0 0
50	1	0 0 0 1 0 1 0 1 1 1 1 0 0 1 1 0 0 0 0 0
50	1	0 0 0 0 0 1 0 0 1 0 1 0 0 1 1 0 0 0 0 0
50	1	0 0 0 0 0 1 0 0 1 0 1 1 0 1 1 0 0 0 0 1
50	1	0 0 0 1 0 0 0 1 1 1 0 0 0 1 1 0 0 1 0 1
50	4	1 0 0 1 0 1 0 1 1 1 0 0 1 1 0 0 0 0 0 0
50	2	1 1 0 0 1 1 0 0 1 0 0 0 0 1 1 0 0 0 0 1
50	1	0 1 0 0 0 1 1 0 1 0 1 0 0 1 1 0 0 0 0 1
50	3	0 0 0 1 0 0 0 1 1 1 0 0 1 1 0 0 0 0 0 0
50	1	0 1 0 0 1 1 0 0 1 0 1 0 0 1 1 0 0 0 0 0
50	1	0 0 0 1 0 1 0 0 1 0 1 0 0 1 1 0 0 0 0 0
100	1	0 1 0 0 0 1 0 0 1 0 1 0 0 1 1 0 0 0 0 1
100	2	0 1 0 0 0 1 0 0 1 0 1 0 0 1 1 0 0 0 0 0
100	5	1 1 0 0 0 1 0 0 1 0 1 0 0 1 1 0 0 0 0 1
100	2	0 1 0 0 0 1 0 0 1 0 1 0 0 1 0 0 0 0 0 0
100	1	1 1 0 0 0 1 0 0 1 0 1 0 0 1 1 0 0 0 0 0
100	3	1 1 0 1 0 1 0 0 1 0 1 0 0 1 1 0 0 0 0 0
100	2	0 1 0 0 0 1 0 0 1 0 1 0 1 1 1 0 0 0 0 1
100	1	1 1 0 0 0 1 0 0 1 0 1 0 0 1 0 0 0 1 0 1
100	1	1 1 0 0 0 1 0 0 1 1 1 1 0 1 1 0 0 0 0 0
100	1	0 1 0 1 1 1 0 0 1 0 1 0 1 1 1 0 0 0 0 1
100	2	0 1 0 0 0 1 0 0 1 0 1 0 0 1 1 0 0 0 1 0
100	2	1 1 0 0 0 1 0 0 1 0 1 0 0 1 0 0 0 0 0 1
100	2	1 1 0 1 0 1 0 0 1 0 0 0 0 1 1 0 0 0 0 0
100	2	0 1 0 1 0 1 0 0 1 0 1 0 1 1 1 0 0 0 0 1
100	1	1 0 0 1 1 1 0 1 1 1 1 0 1 1 0 0 1 0 0 1
100	1	1 1 0 1 0 1 0 0 1 0 1 0 0 1 0 0 0 0 1 0
100	1	0 0 0 0 0 1 0 0 1 1 1 0 0 1 1 0 0 0 0 0
100	1	1 1 0 0 0 1 0 0 1 0 1 0 0 0 0 0 0 0 0 0
100	1	0 0 0 1 0 1 0 1 1 1 0 0 1 1 0 0 0 0 1 0
100	1	0 1 0 1 1 1 0 0 1 0 1 0 0 1 0 0 0 0 0 0
100	3	1 1 0 0 0 1 0 0 0 0 1 0 0 1 0 1 0 1 0 1
100	1	1 1 0 1 0 1 0 0 1 0 1 0 0 1 1 0 0 0 0 1
100	1	1 1 0 0 0 1 0 0 1 0 1 0 1 1 0 0 1 0 0 0
100	1	0 1 0 0 0 1 0 0 1 0 0 0 0 1 1 0 0 0 0 0
100	1	0 1 0 0 0 1 0 0 1 0 1 1 0 1 1 0 0 0 0 0
100	1	1 1 1 1 0 1 0 0 1 0 1 0 0 1 1 0 0 0 0 0
100	1	1 1 0 0 0 1 0 0 0 0 1 0 0 1 1 0 0 0 1 0
100	1	1 0 0 1 0 1 0 1 1 1 0 0 0 1 0 0 1 0 0 0
100	2	0 1 0 1 0 1 0 0 1 0 1 1 0 1 0 0 0 0 0 0
100	1	1 1 1 0 0 1 0 0 1 0 1 0 0 1 1 0 0 0 0 1
100	1	0 1 0 0 0 0 0 0 1 0 1 0 0 1 0 0 0 0 0 0
100	1	1 1 0 0 0 1 0 0 1 0 1 0 1 1 1 0 0 0 0 0
100	1	0 1 0 0 0 0 0 0 1 0 1 0 0 0 0 0 0 0 0 0
100	1	1 1 0 0 0 1 1 0 1 0 1 0 0 1 1 0 0 0 0 1
150	4	0 1 0 0 0 1 0 0 1 0 1 0 0 1 1 0 0 0 0 0
150	2	0 1 0 0 0 1 0 0 1 0 1 0 0 1 0 0 0 0 0 0
150	5	1 1 0 0 0 1 0 0 1 0 1 0 0 1 1 0 0 0 0 0
150	3	1 1 0 1 0 1 0 0 1 0 1 0 0 1 1 0 0 0 0 0
150	1	1 1 0 0 0 1 0 0 1 0 1 0 0 1 0 0 0 0 0 0
150	1	1 1 0 1 0 1 0 0 1 0 0 0 0 1 1 0 0 0 0 0
150	2	0 1 0 1 1 1 0 0 1 0 1 0 0 1 0 0 0 0 0 0
150	1	1 1 0 1 0 1 0 0 1 0 1 0 0 1 1 0 0 0 0 1
150	3	1 1 1 1 0 1 0 0 1 0 1 0 0 1 0 0 0 0 1 0
150	1	0 1 1 1 1 1 0 0 1 0 1 0 1 1 1 0 0 0 0 0
150	3	0 1 0 1 1 1 0 1 1 1 1 0 0 1 0 0 0 0 0 0
150	5	1 1 1 0 0 1 0 0 1 1 1 0 0 1 1 0 0 0 0 0
150	1	1 1 1 0 0 1 0 0 1 0 1 0 0 1 1 0 0 0 1 0
150	1	1 1 0 0 0 1 0 0 1 1 1 0 0 1 1 0 0 0 0 0
150	1	0 1 0 1 0 0 1 0 1 0 1 0 1 1 1 0 0 0 0 1
150	1	0 1 0 1 1 1 0 1 1 1 1 0 1 1 1 0 0 0 0 1
150	1	1 1 1 1 0 1 0 0 1 0 1 0 0 1 1 0 0 0 1 0
150	1	1 1 0 0 0 1 0 1 0 0 1 0 0 1 1 1 0 0 0 1
150	1	0 1 0 0 1 1 0 0 1 1 0 0 0 1 0 0 0 0 0 0
150	1	0 1 0 1 1 1 0 0 1 0 1 0 1 1 0 0 0 0 0 0
150	2	1 1 1 0 0 1 0 0 1 0 0 0 1 1 1 0 0 0 0 1
150	1	0 1 0 1 0 1 0 0 1 0 1 0 0 1 0 0 0 0 0 0
150	1	1 1 0 0 0 1 0 1 1 0 1 0 0 1 1 0 0 0 1 0
150	1	0 1 0 1 0 1 0 0 1 0 1 0 0 1 1 0 0 0 1 0
150	1	1 1 0 0 0 1 1 0 1 0 1 0 0 1 1 0 0 0 0 0
150	1	1 1 1 0 0 1 0 1 1 1 1 0 0 1 0 0 0 0 0 0
150	1	1 1 1 1 0 1 0 0 1 0 1 0 0 1 1 0 0 0 0 1
150	1	0 1 0 1 0 1 0 1 1 1 1 0 0 1 1 0 0 1 1 0
150	1	1 1 0 1 0 1 0 0 1 0 1 0 0 1 0 0 0 0 0 0
150	1	1 1 0 0 0 0 0 0 1 0 0 0 0 1 1 1 0 0 1 0
200	2	1 1 0 1 0 1 0 0 1 0 1 0 0 1 1 0 0 0 0 0
200	1	1 1 0 1 0 1 0 0 1 0 0 0 0 1 1 0 0 0 0 0
200	10	1 1 1 1 0 1 0 0 1 0 1 0 0 1 0 0 0 0 1 0
200	5	1 1 1 0 0 1 0 1 1 1 1 0 0 1 0 0 0 0 0 0
200	5	1 1 1 0 1 1 0 0 1 1 1 0 0 1 0 0 0 0 0 0
200	2	1 1 1 1 0 1 0 0 1 0 1 0 0 1 0 0 0 0 0 0
200	2	1 1 1 1 0 1 0 0 1 0 1 0 0 1 1 1 0 0 1 0
200	1	1 1 1 0 0 1 0 0 1 0 1 0 0 1 0 0 0 0 0 0
200	1	1 1 1 1 0 1 0 0 1 0 1 0 1 1 0 0 0 0 1 0
200	1	1 1 1 0 0 1 0 0 1 0 1 0 0 1 0 0 0 0 1 0
200	1	1 0 1 1 0 1 0 0 1 0 1 0 0 1 0 0 0 0 0 0
200	1	1 1 1 1 0 1 0 0 1 0 1 1 0 1 0 0 0 0 0 0
200	1	1 1 1 0 1 1 0 0 1 1 1 0 0 1 0 0 0 0 1 0
200	1	0 1 0 1 1 1 0 0 1 0 1 0 1 1 1 0 0 0 0 0
200	1	1 1 0 1 0 1 0 0 1 0 1 0 0 1 1 0 0 0 1 0
200	1	1 1 1 0 0 1 0 0 1 1 0 1 0 1 0 0 0 0 0 0
200	1	0 1 0 1 0 1 0 0 1 0 1 0 0 1 0 0 0 0 1 0
200	1	1 1 1 0 0 1 0 0 1 0 0 0 0 0 1 1 0 0 0 0
200	1	1 1 1 1 0 1 0 0 1 0 1 0 0 1 1 0 1 0 0 1
200	1	0 1 1 1 0 1 0 0 1 1 1 1 0 1 0 0 0 0 1 0
200	1	1 1 0 1 0 1 0 0 1 1 1 0 0 1 0 0 0 0 0 0
200	1	0 1 0 1 1 1 0 0 1 0 1 0 0 1 1 0 0 0 1 0
200	1	1 1 0 0 0 1 0 0 1 0 1 0 1 1 0 0 0 0 1 0
200	2	1 1 1 1 0 1 0 0 1 0 0 0 0 1 1 1 0 0 1 0
200	1	0 1 1 1 1 1 0 0 1 1 1 0 1 1 1 0 0 1 0 0
200	1	1 1 1 1 1 1 0 0 1 1 1 0 0 1 0 0 0 0 0 0
200	1	0 1 0 1 0 1 0 0 1 0 1 0 0 1 0 0 0 0 1 1
200	1	1 1 1 1 1 1 0 0 1 0 0 0 0 1 0 0 0 0 0 0
200	1	1 1 0 1 0 1 1 0 0 0 1 0 0 1 1 0 0 0 0 0
250	1	1 1 0 1 0 1 0 0 1 0 1 0 0 1 1 0 0 0 0 0
250	4	1 1 1 1 0 1 0 0 1 0 1 0 0 1 0 0 0 0 1 0
250	1	1 1 1 0 0 1 0 1 1 1 1 0 0 1 0 0 0 0 0 0
250	6	1 1 1 1 0 1 0 0 1 0 1 0 0 1 0 0 0 0 0 0
250	3	1 1 0 1 0 1 0 0 1 0 1 0 0 1 1 0 0 0 1 0
250	2	1 1 0 1 1 1 0 0 1 0 1 0 0 1 0 0 0 0 0 0
250	1	1 1 1 1 0 0 0 0 1 0 1 0 0 1 0 0 0 0 0 0
250	1	1 1 1 1 0 1 0 0 1 0 1 1 0 1 0 1 0 0 0 0
250	2	1 1 1 1 1 1 0 0 1 0 0 0 0 1 0 0 0 0 0 0
250	2	1 1 1 0 0 1 0 1 1 1 1 0 0 1 0 0 0 0 1 0
250	1	1 1 1 1 0 1 0 1 1 1 1 0 0 1 0 0 0 0 0 0
250	1	0 1 1 1 0 1 0 0 1 0 1 1 0 1 0 1 0 0 0 0
250	2	1 0 0 1 0 1 1 0 1 0 1 0 0 1 1 0 0 0 0 0
250	2	1 1 1 1 1 1 1 0 1 0 1 0 1 1 1 0 0 0 0 0
250	1	1 1 1 1 0 1 0 0 1 0 1 0 0 1 0 0 0 1 0 0
250	1	1 1 1 0 1 1 0 1 1 1 1 0 0 1 0 0 0 0 1 0
250	1	1 1 1 1 0 1 0 1 1 0 1 0 0 1 0 0 0 0 0 0
250	1	1 1 1 0 0 1 0 1 1 0 0 0 0 1 1 1 0 0 1 0
250	1	1 1 1 0 0 1 0 1 1 0 1 0 0 1 1 0 0 0 0 0
250	1	0 1 0 0 1 1 0 0 1 0 0 0 0 1 1 0 0 0 1 0
250	1	1 1 1 0 0 1 0 0 1 0 1 0 0 1 0 1 0 0 0 1
250	1	1 1 1 0 0 1 0 0 1 0 1 0 0 1 0 0 0 0 0 0
250	2	1 1 1 1 1 1 0 0 1 0 0 1 0 1 0 0 0 0 0 0
250	1	0 1 0 1 1 1 1 0 1 0 0 0 0 1 0 0 0 0 0 0
250	1	1 1 1 1 0 1 0 0 1 1 1 0 0 1 0 0 0 0 1 0
250	1	1 1 1 0 1 0 1 0 1 0 0 0 0 1 0 0 0 0 0 0
250	1	1 1 1 1 1 1 0 0 1 0 0 0 0 1 1 0 0 0 0 0
250	1	1 1 1 0 1 1 0 0 1 0 0 0 0 1 0 0 1 0 0 0
250	1	1 1 1 1 0 1 0 0 1 0 0 0 0 1 0 0 0 0 1 0
250	1	1 1 1 1 0 0 0 1 1 1 1 0 0 1 0 0 0 0 0 0
250	1	1 1 1 1 1 1 0 0 1 0 1 0 0 1 0 0 0 0 0 0
250	1	1 1 1 1 0 1 1 0 1 0 1 0 0 1 0 1 0 0 1 0
250	1	1 1 1 1 0 1 0 1 1 0 1 0 0 1 0 0 0 0 1 0
250	1	1 1 1 1 1 1 0 1 1 1 1 0 0 1 0 1 0 0 0 0
300	2	1 1 1 1 0 1 0 0 1 0 1 0 0 1 0 0 0 0 0 0
300	1	1 1 1 1 1 1 1 0 1 0 0 0 0 1 0 0 0 0 1 0
300	3	1 1 1 1 1 1 0 0 1 0 0 0 0 1 0 0 0 0 0 0
300	1	1 1 1 1 0 1 0 1 1 1 1 0 0 1 0 0 0 0 0 0
300	8	1 1 1 1 0 1 0 0 1 0 0 0 0 1 0 0 0 0 0 0
300	1	1 1 1 1 1 1 0 0 1 1 0 0 0 1 0 0 0 0 0 0
300	1	1 1 1 1 0 1 0 0 1 0 1 1 1 1 0 1 0 0 0 0
300	1	1 0 0 1 1 1 1 0 1 0 1 0 0 1 1 0 0 0 0 0
300	2	1 1 1 1 1 1 0 0 1 0 0 0 0 1 0 1 0 0 0 0
300	1	1 1 1 1 0 1 0 0 1 0 1 1 0 1 0 0 0 0 0 0
300	5	1 1 1 1 0 1 0 0 1 0 1 0 0 1 1 1 0 0 1 0
300	2	1 1 1 1 0 1 0 0 1 0 0 1 0 1 0 0 0 1 0 0
300	1	1 1 1 1 1 1 1 0 1 0 1 0 1 1 1 0 0 0 1 0
300	1	1 0 0 1 1 1 1 0 1 0 0 0 0 1 0 0 0 0 0 0
300	2	1 1 1 1 1 0 0 0 1 0 1 0 0 1 0 0 0 0 0 0
300	1	0 1 1 1 0 1 0 0 1 0 1 1 1 0 0 1 0 0 0 0
300	1	1 1 1 0 1 1 0 0 1 0 1 0 0 1 0 1 0 0 0 0
300	1	1 1 1 1 1 1 1 0 0 0 0 0 0 0 0 0 0 0 0 0
300	1	0 1 1 1 0 1 0 0 1 1 1 1 0 1 0 1 0 0 0 0
300	1	1 1 1 1 0 1 0 0 0 0 1 0 1 1 1 0 0 0 0 0
300	1	1 1 1 1 1 1 0 0 0 0 0 0 0 1 1 0 0 0 0 0
300	1	0 1 1 1 0 1 0 0 1 0 1 1 1 1 0 1 0 0 0 0
300	1	1 0 0 1 1 1 1 0 1 0 1 0 0 1 1 1 1 0 0 0
300	1	1 1 0 1 0 1 0 0 1 0 1 0 0 1 0 1 0 0 0 0
300	1	1 1 1 0 1 1 0 0 1 0 1 0 0 1 0 0 0 0 1 0
300	1	1 1 1 1 0 1 1 0 1 0 1 0 0 1 1 0 0 0 0 0
300	2	1 1 0 0 1 1 0 0 0 0 0 0 0 1 0 0 0 0 0 0
300	3	1 1 1 1 0 1 0 0 1 1 0 0 0 1 0 0 0 0 0 0
300	1	0 1 1 1 1 1 1 0 1 0 1 0 0 1 1 0 0 0 0 0
300	1	0 0 1 1 0 1 0 0 1 0 1 1 1 0 0 1 1 0 0 0
350	1	1 1 1 1 0 1 0 0 1 0 0 0 0 1 0 0 0 0 0 0
350	1	1 1 1 1 0 1 0 0 1 0 1 1 1 1 0 1 0 0 0 0
350	1	1 1 1 1 0 1 0 1 1 0 1 0 0 1 0 0 0 0 1 0
350	1	1 1 1 1 0 1 1 0 1 0 1 0 0 1 0 0 0 0 0 0
350	5	1 1 1 1 0 1 0 0 1 1 0 0 0 1 0 0 0 0 0 0
350	1	1 1 1 1 1 0 0 0 1 0 1 0 0 0 0 0 0 0 1 0
350	1	1 1 1 1 0 1 0 0 1 0 0 0 0 1 1 0 0 0 0 0
350	4	1 1 1 1 1 0 0 0 1 0 1 0 0 1 0 0 0 0 0 1
350	1	0 1 1 1 0 1 0 0 1 0 0 1 0 1 0 1 0 0 0 0
350	2	0 1 1 1 1 1 0 0 1 1 0 0 0 1 0 0 0 0 0 0
350	1	1 1 1 1 1 0 0 0 1 0 0 0 0 1 0 1 0 0 0 0
350	1	1 1 1 1 1 1 0 0 1 1 0 0 0 1 0 1 0 0 0 0
350	2	1 1 1 1 0 0 0 0 1 0 0 0 0 1 0 0 1 0 0 0
350	1	0 1 1 1 1 1 0 0 1 0 0 0 1 1 0 0 0 0 0 0
350	2	1 1 1 1 0 1 0 0 1 0 0 0 0 1 1 0 0 1 0 0
350	6	1 1 1 1 0 1 0 0 1 1 0 0 0 1 0 1 0 0 0 0
350	2	0 1 1 1 0 1 0 0 0 0 0 1 0 1 0 1 0 0 0 0
350	1	0 1 1 1 1 0 0 0 1 0 0 0 0 1 0 1 0 0 0 0
350	1	1 1 1 1 1 1 0 0 0 1 0 0 1 1 0 0 0 0 0 0
350	1	1 1 1 1 0 1 0 0 1 0 0 0 0 1 0 1 0 0 0 0
350	1	1 1 1 1 0 1 0 0 0 0 0 0 0 1 0 0 0 0 0 0
350	1	1 1 1 0 1 1 0 0 1 0 1 0 0 1 1 0 0 0 0 0
350	1	0 1 0 1 1 1 0 0 1 1 0 0 0 1 0 0 0 0 0 1
350	2	0 1 1 1 1 1 1 0 1 1 0 0 0 0 0 0 0 0 0 0
350	1	0 1 1 1 1 1 0 0 1 1 0 0 0 1 0 0 0 1 0 1
350	1	1 1 1 1 1 1 0 0 1 0 0 1 0 1 0 1 0 0 0 0
350	2	1 1 1 1 0 0 0 0 1 0 0 0 0 1 0 1 0 0 0 0
350	1	0 1 1 1 0 1 0 0 0 0 0 0 0 1 0 0 1 0 0 0
350	1	0 1 1 1 0 1 0 1 1 1 1 1 0 1 0 0 0 0 0 0
350	1	0 1 1 1 0 1 0 0 1 0 0 1 0 1 0 1 1 0 0 0
350	1	1 1 1 1 0 1 0 0 0 0 1 0 0 1 0 1 0 0 0 0
350	1	0 1 1 1 1 1 0 0 1 1 1 0 0 1 0 0 0 0 0 0
400	3	1 1 1 1 0 1 0 0 1 0 0 0 0 1 0 0 0 0 0 0
400	3	0 1 1 1 1 1 0 0 1 0 0 0 1 1 0 0 0 0 0 0
400	2	0 1 1 1 0 1 0 0 1 0 1 1 0 1 0 0 0 0 0 0
400	1	1 1 1 1 0 1 0 0 0 1 0 0 0 1 0 0 0 0 0 0
400	1	1 1 1 0 1 1 0 0 1 0 1 0 0 1 1 0 0 0 0 0
400	4	0 1 1 1 0 1 0 0 1 0 0 0 0 1 0 1 0 0 0 1
400	3	1 1 1 1 0 1 0 0 1 0 0 0 1 1 0 0 0 0 0 0
400	1	1 1 1 1 1 1 1 0 1 0 0 0 0 1 0 0 0 0 0 0
400	3	0 1 1 1 1 1 0 0 1 0 1 0 1 1 0 0 0 0 0 0
400	1	0 1 1 1 0 1 0 0 1 0 0 0 1 1 0 0 0 0 0 0
400	1	0 1 1 0 0 1 0 0 1 0 0 0 0 1 0 0 0 0 0 0
400	2	0 1 0 1 1 0 0 0 1 0 0 0 0 1 0 1 0 0 0 0
400	5	0 1 1 1 1 1 0 0 1 0 0 0 0 1 0 0 0 0 0 0
400	2	0 1 1 1 1 1 0 0 1 0 0 0 0 1 0 1 0 0 0 0
400	3	1 1 1 1 0 1 0 0 1 0 0 0 0 0 0 0 0 0 0 0
400	1	1 1 1 1 0 0 0 0 1 0 1 0 0 1 0 0 0 0 0 0
400	1	1 1 1 1 1 1 0 0 1 0 0 0 1 1 0 0 0 0 0 0
400	1	0 1 0 1 1 0 0 0 1 1 0 0 0 1 0 0 0 0 0 0
400	1	1 1 1 1 0 1 0 0 1 0 0 0 0 1 0 1 0 0 0 0
400	1	0 1 1 1 0 1 0 0 1 0 0 0 0 0 0 0 0 0 0 0
400	1	0 1 0 1 1 1 0 0 1 0 0 0 0 1 0 0 0 0 1 0
400	1	0 1 0 1 1 1 0 0 1 0 0 0 0 1 0 0 0 1 0 0
400	2	1 1 1 1 1 1 0 1 0 1 0 0 0 1 0 1 0 0 0 0
400	1	0 1 0 1 0 1 0 0 1 0 0 1 0 0 0 0 0 0 0 0
400	1	0 0 1 1 1 1 0 0 1 0 1 1 0 0 0 0 0 0 0 0
400	1	0 1 1 1 1 0 0 0 1 0 1 0 1 1 0 0 0 0 0 0
400	1	0 1 1 1 0 1 0 0 1 0 0 0 0 1 0 0 1 0 0 0
400	1	0 1 1 1 0 0 0 0 1 0 0 0 1 1 0 0 0 0 0 0
400	1	1 1 1 1 1 1 0 0 1 1 0 0 1 1 1 0 0 0 0 0
450	1	0 1 1 1 0 1 0 0 1 0 0 1 0 1 0 1 0 0 0 0
450	2	0 1 1 1 1 1 0 0 1 0 0 0 1 1 0 0 0 0 0 0
450	2	1 1 1 1 0 0 0 0 0 0 0 0 0 1 0 0 0 0 0 0
450	2	1 1 1 1 0 1 0 0 1 0 0 0 1 1 0 0 0 0 0 0
450	2	1 1 1 1 0 1 0 0 1 1 0 0 0 1 1 0 0 0 0 0
450	9	0 1 1 1 0 1 0 0 1 0 0 0 1 1 0 0 0 0 0 0
450	3	0 1 1 1 1 1 0 0 1 0 0 0 0 1 0 0 0 0 0 0
450	3	0 1 1 1 1 1 0 0 1 0 0 0 0 1 0 1 0 0 0 0
450	1	0 1 1 1 1 1 0 0 1 0 0 0 0 1 0 0 1 0 0 0
450	2	0 1 1 1 1 1 0 0 1 0 0 1 1 1 0 0 0 0 0 0
450	1	0 1 0 1 1 1 0 0 1 0 0 0 1 1 0 0 0 0 0 0
450	1	1 1 1 1 0 1 0 0 1 0 0 0 0 1 1 0 0 0 0 0
450	2	0 1 1 1 1 1 0 0 1 1 0 1 0 1 0 1 0 0 0 0
450	1	0 1 0 1 0 1 0 0 1 0 0 1 0 1 0 0 0 0 0 0
450	1	0 1 1 1 0 1 1 0 1 0 0 0 0 1 0 1 0 0 0 0
450	1	0 1 1 1 1 1 0 0 1 0 0 1 0 1 0 1 0 0 0 0
450	2	1 1 1 1 0 0 0 0 1 0 0 0 1 1 0 0 0 0 0 0
450	3	0 1 1 1 0 1 0 0 1 0 0 0 0 1 1 0 0 0 0 0
450	1	0 1 1 1 0 1 0 0 1 1 0 0 0 1 1 0 0 0 0 0
450	1	0 1 1 1 0 1 0 0 0 1 0 0 1 1 0 0 0 0 0 0
450	1	0 1 1 1 1 1 0 1 0 0 0 0 0 1 0 0 0 0 0 0
450	1	1 1 1 1 1 1 0 1 0 1 0 0 1 1 0 0 0 0 0 0
450	1	0 1 1 1 0 1 0 0 1 0 1 0 0 1 0 0 0 0 0 1
450	1	0 1 1 1 0 1 1 0 1 0 0 0 1 1 0 0 0 0 0 0
450	1	0 1 0 0 1 1 1 0 1 0 0 0 0 1 0 1 0 0 1 0
450	1	0 1 1 1 0 1 0 0 1 0 0 1 0 1 1 1 0 0 0 0
450	1	0 1 0 1 1 1 0 0 0 0 0 0 1 1 0 0 0 0 0 0
450	1	1 1 1 1 0 0 0 0 1 0 0 0 0 1 1 0 0 0 0 0
450	1	0 1 0 1 0 1 0 0 1 0 0 0 1 1 1 0 0 0 0 0
500	2	0 1 1 1 0 1 0 0 1 0 0 0 1 1 0 0 0 0 0 0
500	1	0 1 0 1 1 1 0 0 1 0 0 0 1 1 0 0 0 0 0 0
500	1	0 1 1 1 1 1 0 0 1 1 0 1 0 1 0 1 0 0 0 0
500	6	0 1 1 1 0 0 0 0 1 1 0 0 0 1 1 0 0 0 0 0
500	2	0 1 0 1 0 1 0 0 0 0 0 1 0 1 0 0 0 0 0 0
500	1	0 1 1 1 0 1 0 0 1 1 0 0 0 1 1 0 0 0 0 0
500	3	0 1 1 1 0 1 0 0 0 1 0 0 1 1 0 0 0 0 0 0
500	2	1 1 1 1 0 1 1 0 1 0 0 0 0 1 1 0 0 0 0 0
500	1	0 1 1 1 1 1 0 0 1 1 0 0 0 1 1 0 0 0 0 0
500	1	0 1 1 1 0 1 0 0 1 1 0 0 1 1 0 0 0 0 0 0
500	1	0 1 1 1 1 0 1 0 1 0 1 0 0 1 0 1 0 0 0 0
500	2	0 1 1 1 0 1 0 0 0 1 0 0 0 1 1 0 0 0 0 0
500	2	0 1 1 1 0 0 0 0 1 1 0 0 1 1 1 0 0 0 0 0
500	2	0 1 1 1 1 1 0 0 1 0 0 0 0 0 0 0 0 0 0 0
500	1	0 1 1 1 1 1 0 1 0 0 0 0 1 1 0 0 0 0 0 0
500	1	0 1 1 1 1 1 1 0 1 0 0 0 1 1 0 1 0 0 1 0
500	1	0 1 1 1 1 1 1 0 1 0 0 0 1 1 0 0 0 0 0 0
500	1	0 1 1 1 1 1 0 1 1 0 0 0 1 1 0 0 0 0 0 1
500	1	0 1 1 1 1 0 0 1 1 0 0 0 1 1 1 0 0 0 0 0
500	2	0 1 1 1 0 1 0 0 1 0 0 0 0 1 0 1 0 0 0 0
500	1	0 1 1 1 0 1 0 1 1 0 0 0 1 1 1 0 0 0 0 0
500	1	0 1 1 1 0 1 1 0 0 1 0 0 0 1 1 0 0 0 0 0
500	1	0 1 1 1 0 1 1 0 1 0 1 0 0 1 0 1 0 0 0 0
500	1	0 1 1 1 1 1 0 1 0 1 0 0 1 1 1 0 0 0 0 0
500	1	0 1 1 1 1 1 0 0 1 1 1 0 0 1 1 0 0 1 0 0
500	1	0 1 1 1 0 1 1 0 1 0 0 0 0 1 1 0 0 0 0 1
500	1	0 1 1 1 1 0 0 1 0 0 0 0 1 1 0 0 0 0 0 0
500	1	0 1 1 1 0 0 0 0 0 1 0 0 1 1 0 0 0 0 0 0
500	1	1 1 1 0 0 1 0 0 1 0 0 1 1 1 0 0 0 0 0 0
500	1	0 1 1 1 0 1 0 0 1 0 0 1 1 1 0 0 0 0 0 0
500	1	1 1 1 1 1 1 0 0 1 0 0 1 1 1 0 0 0 0 0 0
500	1	0 0 1 1 1 0 1 0 1 0 1 0 0 1 0 1 0 0 0 0
500	1	0 1 1 1 1 1 0 0 1 0 0 1 1 1 0 0 0 0 0 1
500	1	0 1 1 1 1 1 0 0 1 0 0 0 1 0 0 0 0 0 0 0
500	1	0 1 1 1 0 0 1 0 1 1 0 0 1 1 1 0 0 0 0 0
500	1	0 0 1 1 0 1 0 0 1 0 0 0 0 1 0 1 0 0 0 0
