0	54	0 0 1 0 1 0 1 0 1 0 1 1 0 0 0 0 0 0 0 0
0	54	0 0 0 0 0 0 0 0 0 0 0 0 0 0 0 0 0 0 0 0
0	45	0 0 0 0 0 0 0 0 0 1 0 0 1 1 0 0 0 0 0 0
0	47	1 0 0 1 0 0 1 0 1 0 0 0 0 0 0 0 0 0 0 0
50	19	0 0 1 0 1 0 1 0 1 0 1 1 0 0 0 0 0 0 0 0
50	20	1 0 0 1 0 0 1 0 1 0 0 0 0 0 0 0 0 0 0 0
50	1	0 0 1 0 1 0 1 0 1 0 1 1 0 0 0 0 0 0 1 0
50	9	0 0 1 0 1 0 1 0 1 0 1 1 0 0 1 0 0 0 0 0
50	1	1 0 1 1 0 0 1 0 1 0 0 0 0 0 0 0 0 0 0 0
50	13	1 0 0 1 0 0 1 0 1 0 1 0 0 0 0 0 0 0 0 0
50	3	1 0 0 1 0 0 1 0 1 0 0 0 1 0 0 0 0 0 0 0
50	4	0 0 1 0 1 0 1 0 1 0 1 1 0 0 0 0 0 0 0 1
50	13	1 0 1 0 1 0 1 0 1 0 1 1 0 0 0 0 0 0 0 0
50	2	0 0 1 0 1 0 1 0 1 0 0 0 0 0 0 0 0 0 0 0
50	3	1 0 0 1 0 0 1 0 1 0 0 0 0 0 0 0 0 1 0 0
50	12	0 0 1 1 1 0 1 0 1 0 1 1 0 0 0 0 0 0 0 0
50	2	0 0 1 0 1 0 1 0 1 0 1 1 0 1 0 0 0 0 0 0
50	1	1 0 1 1 1 0 1 0 1 0 1 1 0 0 0 0 0 0 0 0
50	2	1 0 0 1 0 0 1 0 1 1 0 0 0 0 0 0 0 0 0 0
50	6	1 0 0 1 0 0 1 0 1 0 1 1 0 0 0 0 0 0 0 0
50	2	1 0 0 1 0 0 1 0 1 0 1 0 0 0 0 0 1 0 0 0
50	2	1 0 1 0 0 0 1 0 1 0 1 1 0 0 0 0 0 0 1 0
50	2	1 0 0 1 0 0 1 0 1 0 1 1 0 0 1 0 0 0 0 0
50	2	1 0 0 1 0 0 1 0 1 0 0 0 0 0 0 0 0 0 0 1
50	1	1 0 0 1 0 0 1 1 1 0 0 0 0 0 0 0 0 0 0 0
50	1	0 0 1 1 1 0 1 0 1 0 1 1 0 0 0 0 0 1 0 0
50	4	0 0 1 0 1 0 1 0 1 0 1 0 0 0 0 0 0 0 0 0
50	3	1 0 0 1 0 0 1 0 1 0 1 0 0 0 1 0 0 0 0 0
50	1	1 0 0 1 0 0 1 1 1 0 1 1 0 0 0 0 0 0 0 0
50	1	1 0 0 1 0 0 1 0 1 0 0 0 0 0 1 0 0 0 0 0
50	3	0 0 0 1 1 0 1 0 1 0 0 0 0 0 0 0 0 1 0 0
50	1	0 0 1 0 1 0 1 1 1 0 1 1 0 0 0 0 0 0 0 0
50	1	1 0 0 1 0 0 1 0 1 0 1 1 0 0 0 1 0 0 0 1
50	1	0 0 1 0 1 0 1 1 1 0 1 1 0 1 0 0 0 0 0 0
50	2	0 0 0 0 1 0 1 0 1 0 1 1 0 0 0 0 0 0 0 0
50	3	1 0 0 1 0 0 1 0 1 0 1 0 0 0 0 0 0 1 0 0
50	4	0 0 1 1 0 0 1 0 1 0 1 1 0 0 0 0 0 0 1 0
50	3	1 0 0 1 0 0 1 0 1 0 0 1 0 0 0 0 0 0 1 0
50	1	0 0 0 0 0 0 1 0 1 0 0 0 0 0 0 0 0 0 0 0
50	1	1 0 1 1 0 0 1 0 1 0 1 0 0 0 0 1 0 0 0 0
50	2	1 0 1 1 0 0 1 0 1 0 1 0 0 0 0 0 0 0 1 0
50	1	1 0 0 1 0 0 1 0 1 1 1 1 0 0 0 0 0 0 0 0
50	1	1 0 0 1 0 0 1 1 1 0 1 0 0 0 0 0 0 1 0 0
50	1	0 0 1 0 1 1 1 0 1 0 0 1 0 0 0 0 0 0 0 0
50	2	0 0 1 1 1 0 1 0 1 0 1 1 0 0 0 0 0 0 1 0
50	3	1 1 0 0 0 0 1 0 1 0 1 1 0 0 1 0 0 0 0 0
50	3	1 0 1 0 1 0 1 0 1 0 1 1 0 1 0 0 0 0 0 0
50	2	1 0 0 1 0 0 1 0 1 0 0 0 0 0 1 1 0 0 0 0
50	1	0 0 1 0 1 0 1 0 1 1 1 1 0 0 1 0 0 0 0 0
50	1	1 0 0 1 0 0 1 0 1 1 1 1 0 0 0 1 0 0 0 1
50	1	1 0 1 0 1 0 1 0 1 0 0 0 0 0 0 0 0 1 0 0
50	1	0 0 1 0 0 0 1 0 1 0 0 0 0 0 0 0 0 0 0 0
50	2	1 0 1 1 0 0 1 0 1 0 1 1 0 0 0 0 0 0 0 0
50	4	0 0 1 0 1 0 1 0 1 0 1 1 0 0 0 0 0 1 0 0
50	2	1 0 0 1 0 0 1 0 1 1 1 1 0 0 1 0 0 0 0 0
50	1	0 0 1 0 0 0 1 0 0 0 0 0 0 0 0 0 0 0 0 0
50	1	1 0 0 1 0 0 1 0 1 0 0 0 0 0 0 0 1 0 0 1
50	1	0 0 1 1 1 0 1 0 1 0 1 0 0 0 0 0 0 0 0 0
50	3	1 1 0 0 0 0 1 0 1 0 1 1 0 0 0 0 0 0 0 0
50	1	0 0 1 0 1 0 1 0 1 0 1 1 0 0 1 1 0 0 0 0
50	1	0 0 1 0 1 0 1 0 0 0 1 1 0 1 0 0 0 0 0 0
50	1	1 0 0 1 0 0 1 0 1 0 0 0 1 0 1 0 0 0 0 0
50	1	0 0 0 1 1 0 1 1 1 0 0 0 0 0 0 0 0 1 0 0
50	1	1 0 0 1 0 1 1 0 1 1 0 0 1 0 0 1 0 0 0 0
50	1	0 0 1 1 1 0 1 0 1 0 1 1 0 0 0 0 0 1 1 0
50	1	0 0 1 1 1 0 1 0 1 0 1 0 0 1 0 0 0 0 0 0
50	1	1 0 0 1 1 0 1 1 1 0 1 1 0 1 0 0 0 0 0 0
50	2	0 0 1 0 1 0 0 0 1 0 1 1 0 0 1 0 0 0 0 0
50	1	1 0 1 1 0 0 1 0 1 0 1 1 0 1 0 0 0 0 0 0
50	1	1 0 1 0 1 0 1 1 1 0 1 0 0 1 0 0 0 0 0 0
50	1	1 0 1 0 1 0 1 0 1 0 1 0 0 0 0 0 0 1 0 0
50	1	0 0 1 0 1 0 1 0 1 1 1 1 0 0 0 0 0 0 0 0
50	1	0 0 1 0 1 0 1 0 1 0 1 1 0 0 0 1 0 0 0 0
50	1	1 1 1 1 1 0 1 0 1 0 1 1 0 0 0 0 0 0 0 0
50	1	0 0 1 1 1 0 1 0 1 0 0 1 0 0 0 0 0 1 1 0
100	5	0 0 1 0 1 0 1 0 1 0 1 1 0 0 0 0 0 0 0 0
100	4	1 0 0 1 0 0 1 0 1 0 0 0 0 0 0 0 0 0 0 0
100	2	1 0 0 1 0 0 1 0 1 0 1 0 0 0 0 0 0 0 0 0
100	3	1 0 1 0 1 0 1 0 1 0 1 1 0 0 0 0 0 0 0 0
100	8	0 0 1 1 1 0 1 0 1 0 1 1 0 0 0 0 0 0 0 0
100	4	1 0 1 1 1 0 1 0 1 0 1 1 0 0 0 0 0 0 0 0
100	6	1 0 0 1 0 0 1 0 1 0 1 1 0 0 0 0 0 0 0 0
100	5	1 0 0 1 0 0 1 0 1 0 0 0 0 0 1 0 0 0 0 0
100	4	0 0 1 0 1 0 1 1 1 0 1 1 0 0 0 0 0 0 0 0
100	10	1 0 0 1 0 0 1 0 1 1 1 1 0 0 0 0 0 0 0 0
100	8	0 1 1 0 1 0 1 0 1 0 1 1 0 0 0 0 0 0 0 0
100	12	1 1 0 0 0 0 1 0 1 0 1 1 0 0 1 0 0 0 0 0
100	2	1 0 1 1 0 0 1 0 1 0 1 0 0 0 0 0 0 0 0 0
100	1	1 0 0 1 1 0 1 0 1 0 1 1 0 0 0 0 0 0 0 0
100	4	1 0 0 1 0 0 1 0 1 0 0 0 0 1 0 0 0 0 0 0
100	3	1 0 1 0 1 0 1 1 1 1 1 0 0 1 0 0 0 0 0 0
100	9	1 0 0 1 0 0 1 1 1 0 0 0 0 0 1 0 0 0 0 0
100	10	1 1 0 1 0 0 1 0 1 1 1 1 0 0 0 0 0 0 0 0
100	1	1 0 0 1 0 0 1 0 1 1 1 1 0 0 0 0 0 1 0 0
100	1	1 0 0 1 0 0 1 0 1 0 1 1 1 0 0 0 0 0 0 0
100	1	1 1 0 0 1 0 1 0 1 0 1 1 0 0 1 0 0 0 0 0
100	1	0 0 1 1 1 0 1 0 1 0 1 1 0 0 0 1 0 0 0 0
100	3	1 0 0 1 0 0 1 1 1 1 1 0 0 1 0 0 0 0 0 0
100	1	0 0 1 0 1 0 0 0 1 0 1 1 0 1 0 0 0 0 0 0
100	6	1 0 0 1 1 0 1 1 1 0 1 1 0 0 0 0 0 0 0 0
100	10	0 0 1 1 1 0 0 0 1 0 1 1 0 1 0 0 0 0 0 0
100	2	1 0 0 1 1 0 1 0 1 0 0 0 0 1 0 0 0 0 0 0
100	3	0 1 1 0 1 0 1 0 0 0 1 1 0 0 0 0 0 0 0 0
100	2	0 0 1 1 0 0 1 0 1 0 1 1 0 0 0 0 0 0 0 0
100	5	0 1 0 1 0 0 1 0 1 1 1 1 0 0 0 0 0 0 0 0
100	4	1 0 1 1 1 0 1 0 1 0 1 1 0 1 0 0 0 0 0 0
100	1	1 0 0 1 0 0 1 0 1 0 1 0 0 0 0 0 1 0 0 0
100	1	1 0 0 1 0 0 1 1 1 0 0 1 0 0 0 0 0 0 0 0
100	3	0 0 0 1 0 0 1 0 1 1 1 1 0 0 0 0 0 0 0 0
100	3	1 1 0 1 0 0 1 0 1 0 1 1 0 0 0 0 0 0 0 0
100	2	1 1 0 1 0 0 1 0 1 1 1 1 0 0 0 0 1 0 0 0
100	2	0 1 1 0 1 0 0 0 1 0 1 1 0 1 0 0 0 0 0 0
100	2	0 0 1 0 1 0 1 1 1 0 0 0 0 0 1 0 0 0 0 0
100	2	1 1 0 0 1 0 1 0 1 0 1 1 0 0 0 1 0 1 1 0
100	1	1 0 1 0 1 0 1 0 1 0 1 1 1 0 0 0 0 0 0 1
100	1	0 0 1 1 1 0 1 0 1 0 1 1 0 0 0 0 0 0 1 1
100	3	0 1 1 0 1 0 1 0 1 1 1 1 0 0 0 0 0 0 0 0
100	1	0 0 0 0 0 0 1 0 1 1 1 1 0 0 0 0 0 0 0 0
100	1	1 0 0 1 0 0 1 0 1 0 1 1 0 0 0 1 0 1 0 0
100	1	1 0 0 0 1 0 1 1 1 1 1 0 0 1 0 0 0 0 0 0
100	3	0 0 1 0 1 0 1 0 1 0 1 1 0 1 0 0 0 1 0 0
100	1	1 1 0 0 0 0 1 0 1 0 1 1 1 0 1 0 0 0 0 0
100	1	0 1 1 1 1 0 0 0 1 0 1 1 0 1 0 0 0 0 0 0
100	1	1 0 0 1 0 0 1 0 1 0 1 1 0 0 0 1 0 0 0 0
100	4	0 0 1 1 1 0 1 0 1 0 1 1 0 1 0 1 0 0 0 0
100	2	0 0 1 1 0 0 1 0 1 1 1 1 0 0 0 0 0 0 0 0
100	2	0 1 1 0 1 0 1 0 1 0 1 0 0 0 0 0 0 0 0 0
100	1	0 1 1 0 1 0 1 0 1 0 1 1 0 0 0 1 0 1 0 0
100	1	1 0 1 0 1 0 1 1 1 0 1 1 0 0 0 0 0 0 0 0
100	1	1 0 0 1 0 0 1 0 1 0 1 0 0 0 0 0 0 0 1 0
100	1	1 1 0 1 0 0 1 0 0 1 1 1 0 0 0 0 0 0 0 0
100	1	1 1 0 1 0 0 1 0 1 0 0 1 0 0 0 0 0 0 0 0
100	1	0 1 0 0 1 0 1 0 1 0 0 1 0 0 0 0 0 0 0 0
100	2	1 1 0 1 0 0 1 0 1 1 1 1 1 0 0 0 0 0 0 0
100	4	0 0 1 1 1 0 0 0 1 0 1 1 0 1 1 0 0 0 0 0
100	1	0 0 0 1 1 0 0 0 1 0 1 1 0 1 0 0 0 0 0 0
100	1	0 0 1 1 1 0 0 0 1 0 1 1 0 0 0 0 0 0 0 0
100	1	1 0 0 1 0 0 1 1 1 0 0 0 1 0 1 0 0 0 0 0
100	1	1 0 1 0 1 0 1 0 1 0 1 1 0 1 0 0 0 1 0 0
100	2	1 0 0 1 1 0 1 1 1 0 1 1 0 0 0 0 1 0 0 0
100	1	0 0 1 0 1 0 1 0 1 0 0 0 0 0 1 0 0 0 0 0
100	1	0 0 1 0 1 0 1 1 1 0 1 1 0 0 1 0 0 0 0 0
100	1	1 0 0 1 1 0 1 1 1 0 1 1 0 0 0 1 0 0 0 0
100	1	0 1 0 1 0 1 1 0 1 1 1 1 0 0 0 0 0 0 0 0
150	1	0 0 1 0 1 0 1 0 1 0 1 1 0 0 0 0 0 0 0 0
150	3	1 0 0 1 0 0 1 0 1 0 0 0 0 0 0 0 0 0 0 0
150	6	1 0 1 0 1 0 1 0 1 0 1 1 0 0 0 0 0 0 0 0
150	3	0 0 1 1 1 0 1 0 1 0 1 1 0 0 0 0 0 0 0 0
150	1	1 0 0 1 0 0 1 0 1 0 1 1 0 0 0 0 0 0 0 0
150	1	1 0 0 1 0 0 1 0 1 1 1 1 0 0 0 0 0 0 0 0
150	1	0 1 1 0 1 0 1 0 1 0 1 1 0 0 0 0 0 0 0 0
150	6	1 0 0 1 1 0 1 0 1 0 1 1 0 0 0 0 0 0 0 0
150	9	1 1 0 1 0 0 1 0 1 1 1 1 0 0 0 0 0 0 0 0
150	1	0 0 1 1 1 0 1 0 1 0 1 1 0 0 0 1 0 0 0 0
150	9	1 0 1 1 1 0 1 0 1 0 1 1 0 1 0 0 0 0 0 0
150	6	1 1 0 0 1 0 1 0 1 0 1 1 0 0 0 1 0 1 1 0
150	3	1 1 0 1 0 0 1 0 1 1 1 1 0 0 1 0 0 0 0 0
150	5	1 1 0 1 1 0 1 0 1 1 1 1 0 0 0 0 0 0 0 0
150	11	1 0 0 0 1 0 1 0 1 0 1 1 0 0 0 0 0 0 0 0
150	1	1 0 0 1 0 0 1 0 1 1 1 1 0 0 0 0 0 0 1 0
150	1	0 0 1 1 1 0 1 1 1 0 1 1 0 0 0 0 0 0 0 0
150	2	1 1 0 1 0 0 1 0 1 1 1 1 0 0 0 0 0 0 0 1
150	3	1 0 0 0 1 0 1 0 1 0 1 1 0 1 0 0 0 0 0 0
150	3	1 0 0 1 1 0 1 0 1 0 1 1 0 1 0 0 0 0 0 0
150	2	0 1 1 0 1 1 1 0 1 1 1 1 0 0 0 0 0 0 0 0
150	2	1 0 1 1 0 0 1 1 1 0 0 1 0 0 1 0 0 0 0 0
150	8	0 1 1 1 0 0 1 0 1 1 1 1 0 0 0 0 0 0 0 0
150	5	1 1 0 1 0 1 1 0 1 1 1 1 0 0 0 0 0 0 0 0
150	5	0 1 0 1 0 1 1 0 1 1 1 1 0 0 0 0 0 0 0 0
150	4	0 1 1 0 1 0 1 1 1 0 1 0 0 1 0 0 0 0 0 0
150	3	0 1 0 1 0 0 1 0 1 1 1 1 0 0 1 0 0 0 0 0
150	9	1 0 1 1 1 0 0 0 1 0 1 1 1 1 0 0 0 0 0 0
150	1	0 1 1 0 1 0 1 1 1 0 1 1 0 0 1 0 0 0 0 0
150	1	1 0 0 1 0 0 0 0 1 1 1 1 0 0 0 0 1 0 0 0
150	1	0 0 1 0 1 0 1 0 1 0 1 1 1 0 0 0 0 1 0 0
150	6	1 1 0 1 0 0 1 0 1 0 1 1 0 0 1 0 0 0 0 0
150	1	1 1 0 1 1 0 0 0 1 0 1 1 0 0 0 0 0 0 0 0
150	2	1 0 1 0 1 0 1 0 1 0 0 1 0 0 0 0 0 0 0 0
150	1	0 1 1 1 1 1 1 0 1 1 1 1 0 0 0 0 0 0 0 0
150	5	1 0 1 0 1 0 1 1 1 0 1 0 0 1 0 0 0 0 0 0
150	1	1 1 0 1 0 0 1 0 1 0 1 1 0 1 0 0 0 0 0 0
150	3	1 1 1 1 0 0 1 0 1 0 1 1 0 0 1 0 0 0 0 0
150	7	1 0 1 1 1 0 0 0 1 0 1 1 1 1 0 0 1 0 0 0
150	1	1 1 1 0 0 0 1 1 1 0 1 1 0 0 0 0 0 0 0 0
150	2	0 0 0 1 0 0 1 0 1 1 1 1 0 0 0 0 0 0 1 0
150	1	0 1 0 1 0 0 1 0 1 0 1 0 0 0 0 0 0 0 0 0
150	2	1 1 0 1 1 0 1 0 1 0 1 1 0 0 0 1 0 0 0 0
150	1	1 0 1 1 1 0 1 0 1 0 1 1 0 1 1 0 0 0 0 0
150	1	1 1 0 1 0 0 1 0 1 1 1 1 0 0 0 0 0 0 1 0
150	2	1 0 1 1 1 1 1 0 1 0 1 1 0 1 0 0 0 0 0 0
150	5	1 1 1 1 0 0 1 0 1 1 1 1 0 0 1 0 0 0 0 0
150	2	0 0 1 0 1 0 1 0 1 0 1 1 0 0 0 0 0 0 0 1
150	1	1 0 1 1 1 0 1 0 0 0 1 1 0 1 0 0 0 0 0 0
150	1	1 0 1 1 1 0 1 1 1 0 1 1 0 1 0 0 0 0 0 0
150	3	1 0 1 1 1 0 1 0 1 1 1 1 0 1 0 0 0 0 0 0
150	1	0 1 0 1 0 0 1 0 1 0 1 1 0 0 1 0 0 0 0 0
150	1	1 1 0 1 1 0 0 0 1 1 1 1 0 0 0 0 0 0 0 0
150	1	0 1 1 0 0 0 1 0 1 0 1 1 0 0 0 0 0 0 0 0
150	1	0 1 1 1 0 0 1 0 1 1 1 1 1 0 0 0 0 0 0 0
150	2	1 0 0 1 0 0 0 0 1 1 1 1 0 0 0 0 1 1 0 0
150	1	0 1 1 0 1 0 1 0 1 0 1 1 0 0 0 1 0 1 1 0
150	2	1 1 0 1 0 0 1 0 1 1 0 1 0 0 0 0 0 0 0 1
150	2	1 1 0 1 0 1 1 0 1 1 1 1 0 0 0 1 0 0 0 0
150	2	0 0 1 1 1 0 1 0 1 0 1 1 0 1 1 0 0 0 0 0
150	2	1 0 1 1 1 0 1 0 1 0 1 1 0 1 0 0 0 1 0 0
150	1	0 1 1 1 0 0 1 0 1 1 1 1 0 0 0 1 0 1 0 0
150	2	1 0 1 0 0 0 1 0 1 0 1 1 0 0 0 0 0 0 0 0
150	1	1 1 0 1 1 0 1 0 1 1 1 0 0 0 0 0 0 0 0 0
150	2	1 0 1 1 1 1 0 0 1 0 0 1 0 1 1 0 0 0 0 0
150	1	1 1 1 1 0 0 1 0 1 1 1 1 0 0 0 0 0 0 0 0
150	1	0 1 1 1 0 0 1 0 1 1 1 1 0 0 0 0 0 0 1 0
150	1	0 1 0 1 0 0 1 0 1 1 0 1 0 0 1 0 0 0 0 0
150	2	1 1 0 1 0 0 1 0 1 0 1 0 0 0 1 0 0 0 0 0
150	1	1 0 0 0 1 0 1 0 1 0 1 1 0 0 0 1 0 1 1 0
150	1	0 1 0 1 0 1 1 0 1 1 1 1 0 0 0 1 0 0 0 0
150	1	0 1 1 1 0 0 1 0 1 1 1 0 0 1 0 0 0 0 0 0
150	1	0 1 1 1 0 0 1 0 1 0 1 1 0 1 1 0 0 0 0 0
150	1	1 1 0 1 1 0 1 0 1 0 1 1 0 0 0 0 0 0 0 0
150	1	1 0 0 0 1 0 1 1 1 0 1 1 0 0 0 0 0 0 0 0
150	1	1 0 0 1 1 0 0 0 1 0 1 1 1 1 0 0 0 0 0 0
150	2	1 1 0 1 0 0 1 0 1 0 1 1 0 0 1 0 0 1 0 0
200	1	0 0 1 1 1 0 1 0 1 0 1 1 0 0 0 0 0 0 0 0
200	5	1 0 0 1 0 0 1 0 1 1 1 1 0 0 0 0 0 0 0 0
200	2	1 0 0 1 0 0 1 1 1 0 0 0 0 0 1 0 0 0 0 0
200	9	1 0 1 1 1 0 1 0 1 0 1 1 0 1 0 0 0 0 0 0
200	1	1 1 0 1 1 0 1 0 1 1 1 1 0 0 0 0 0 0 0 0
200	1	0 1 1 0 1 1 1 0 1 1 1 1 0 0 0 0 0 0 0 0
200	2	0 1 1 1 0 0 1 0 1 1 1 1 0 0 0 0 0 0 0 0
200	3	0 1 0 1 0 0 1 0 1 1 1 1 0 0 1 0 0 0 0 0
200	1	1 1 0 1 1 0 0 0 1 0 1 1 0 0 0 0 0 0 0 0
200	12	1 1 0 1 0 0 1 0 1 1 0 0 0 0 1 0 0 0 0 0
200	1	1 1 0 1 0 1 1 0 1 1 1 1 0 0 0 1 0 0 0 0
200	4	1 0 1 1 1 0 1 0 1 0 1 1 0 1 0 0 0 1 0 0
200	1	0 1 0 1 0 1 1 0 1 1 1 1 0 0 0 1 0 0 0 0
200	1	1 1 0 1 0 1 1 0 1 1 1 1 0 1 0 1 0 0 0 0
200	4	1 0 0 1 0 0 1 1 1 0 1 1 1 0 0 0 0 0 0 0
200	4	1 0 0 1 0 0 1 0 1 1 1 1 0 1 0 1 0 0 0 0
200	3	1 0 1 1 1 0 1 0 1 0 1 1 0 1 0 1 0 0 0 0
200	10	1 0 1 1 1 0 1 0 1 1 1 1 0 1 0 0 0 0 0 0
200	1	1 1 0 1 0 1 1 0 1 0 1 0 0 0 1 0 0 0 0 0
200	1	1 0 0 1 0 0 1 0 1 0 1 1 1 0 1 0 0 0 0 0
200	2	1 1 1 1 1 0 1 0 1 0 1 1 0 1 1 0 0 0 0 0
200	1	1 1 1 1 1 0 1 0 1 0 1 1 0 0 1 1 0 0 0 0
200	15	0 1 1 1 1 0 1 0 1 0 1 1 1 0 0 1 0 0 0 0
200	4	0 1 1 1 0 0 1 0 1 1 1 1 0 0 1 0 0 0 0 0
200	1	1 0 1 1 1 0 1 0 1 0 1 1 0 0 1 0 0 0 0 1
200	5	1 0 0 1 0 0 1 0 1 1 1 1 0 0 0 0 1 0 0 0
200	2	0 0 1 1 1 0 1 0 1 0 1 1 0 1 0 0 0 0 0 0
200	1	1 0 1 1 1 1 1 0 1 0 1 1 0 1 0 0 0 0 0 1
200	5	1 0 1 1 1 0 1 1 1 1 1 1 0 1 0 0 0 0 0 0
200	2	1 0 1 1 1 0 1 0 1 1 1 1 0 0 0 0 0 0 0 0
200	3	1 0 1 1 1 0 1 1 1 1 1 0 0 0 1 0 0 0 0 0
200	1	0 1 1 0 0 0 1 0 1 0 1 1 0 0 0 0 0 0 0 0
200	1	1 0 1 1 1 0 1 0 0 0 0 1 0 1 0 0 0 0 0 0
200	3	1 0 0 1 0 0 1 1 0 0 0 1 1 0 0 0 0 0 0 0
200	3	1 0 0 1 1 0 1 0 1 1 1 1 0 1 0 1 0 0 0 0
200	2	1 1 0 1 0 1 1 0 1 1 1 1 0 0 1 0 0 0 0 0
200	3	1 0 0 1 0 1 1 1 1 0 1 1 1 0 0 0 0 0 0 0
200	4	0 0 1 1 1 0 1 0 1 0 1 0 0 0 0 1 0 0 0 0
200	2	1 0 1 1 1 0 1 0 0 0 1 1 0 0 0 0 0 0 0 0
200	1	1 0 0 1 0 0 1 1 1 0 1 1 0 1 0 0 0 0 0 0
200	2	1 1 0 1 0 0 1 0 1 1 0 0 0 0 0 0 0 0 0 0
200	2	0 1 1 0 0 0 1 0 1 1 1 1 0 0 1 0 0 0 0 0
200	1	0 1 0 1 1 1 1 0 1 1 1 1 0 0 0 1 0 0 0 0
200	2	1 1 0 1 1 1 1 0 0 1 1 0 0 0 0 0 0 0 0 0
200	1	1 0 1 1 1 0 1 0 1 0 1 1 0 1 1 0 0 0 0 0
200	1	0 0 1 1 1 0 1 0 1 0 1 1 0 1 0 0 0 0 1 0
200	1	1 1 0 1 0 0 1 0 1 1 0 0 0 0 1 0 0 0 1 0
200	1	1 0 1 1 1 0 1 1 1 0 1 1 1 1 0 0 0 0 0 0
200	1	1 1 1 1 1 0 1 0 1 0 1 1 0 0 0 1 0 0 0 0
200	4	1 0 1 1 1 0 1 0 1 1 1 1 0 0 1 0 0 0 0 0
200	2	0 1 1 1 1 0 0 0 1 0 1 1 1 1 0 0 0 0 0 0
200	2	1 0 1 1 1 0 0 0 1 0 1 1 1 1 0 0 0 0 1 0
200	1	1 1 0 1 0 0 1 0 1 0 1 1 1 0 1 0 0 0 0 0
200	1	0 0 1 0 1 0 0 0 1 0 1 1 1 1 0 1 1 0 0 0
200	2	0 1 0 1 0 1 1 0 1 1 1 1 0 0 1 0 0 0 0 0
200	1	1 0 1 0 1 0 1 0 1 0 0 1 1 0 1 0 0 0 0 0
200	1	1 1 0 0 1 0 1 0 1 0 1 1 0 0 0 1 0 0 0 0
200	3	1 0 1 1 1 0 1 1 1 0 1 1 0 1 1 0 0 0 0 0
200	1	1 0 1 1 1 0 1 1 1 1 1 1 0 1 0 0 0 1 0 0
200	2	1 1 0 1 1 1 1 0 1 1 1 1 0 1 0 0 0 0 0 0
200	1	1 1 0 1 1 1 1 0 0 1 1 0 0 0 0 0 0 0 0 1
200	1	1 1 0 1 0 1 1 0 1 0 1 1 1 0 0 1 0 0 0 0
200	1	0 1 0 1 0 0 1 0 1 1 1 1 0 0 1 0 0 0 0 1
200	1	1 0 0 1 0 0 1 0 1 1 1 1 0 1 0 0 0 1 0 0
200	1	0 0 1 1 1 0 1 0 1 0 1 1 0 1 1 0 0 0 0 0
200	3	0 0 1 1 1 0 1 1 1 0 1 0 0 0 0 1 0 0 0 0
200	1	1 0 1 1 1 0 1 0 1 0 1 1 0 1 0 0 0 0 0 1
200	1	1 1 0 1 0 0 1 0 1 0 1 0 0 0 1 0 0 0 0 0
200	1	1 0 0 1 0 0 1 1 0 0 0 1 1 0 0 0 0 0 0 1
200	1	1 0 0 1 0 0 1 0 1 0 1 0 0 0 1 0 0 0 0 0
200	1	1 1 1 1 1 0 1 0 1 0 1 1 0 1 0 0 0 0 0 1
200	2	1 0 1 1 1 0 1 0 0 0 1 1 0 1 0 0 0 0 0 0
200	5	0 1 1 1 0 0 1 0 0 1 1 1 0 0 0 0 0 0 0 0
200	1	1 1 0 1 0 1 1 0 0 1 1 1 0 0 0 0 0 0 0 0
200	1	0 1 0 0 0 1 1 0 1 1 1 0 0 0 0 1 0 0 0 0
200	1	1 0 1 1 1 0 1 0 1 1 0 0 0 0 0 0 0 0 0 0
200	1	1 0 1 1 1 0 1 0 1 1 1 1 1 0 0 1 0 0 0 0
200	3	1 0 1 1 1 0 1 0 1 1 0 1 0 1 0 0 0 0 0 0
200	3	1 0 1 1 1 0 1 0 1 0 1 1 1 0 0 0 0 0 0 0
200	1	1 0 1 1 1 0 1 0 1 1 1 1 0 1 1 0 0 0 0 0
200	2	1 1 0 1 0 1 1 0 0 0 1 0 0 0 1 0 0 0 0 0
200	1	1 0 0 1 1 1 1 0 1 1 1 1 0 0 0 1 0 0 0 0
200	1	1 1 0 1 1 0 1 0 1 1 1 1 0 1 0 0 0 1 0 0
200	1	1 1 0 1 0 0 1 0 1 0 1 0 0 0 0 1 0 0 0 0
200	1	0 1 0 1 1 0 1 0 1 0 1 1 1 0 0 1 0 0 0 0
200	1	1 0 1 1 1 0 1 0 1 0 0 1 0 1 0 0 0 1 0 0
200	1	1 0 1 1 1 0 1 0 1 0 1 1 0 1 0 0 0 1 1 0
200	1	1 1 0 1 0 1 1 0 1 1 1 0 0 0 1 0 0 0 0 0
250	2	1 1 0 1 0 0 1 0 1 1 1 1 0 0 0 0 0 0 0 0
250	6	1 1 1 1 1 0 1 0 1 0 1 1 0 0 1 1 0 0 0 0
250	3	0 1 1 1 0 0 1 0 1 1 1 1 0 0 1 0 0 0 0 0
250	1	1 0 0 1 1 0 1 1 1 0 0 0 0 0 0 0 0 0 0 0
250	1	0 0 1 1 1 0 1 0 1 0 1 0 0 0 0 1 0 0 0 0
250	7	1 1 0 1 0 0 1 0 1 1 0 0 0 0 0 0 0 0 0 0
250	7	1 1 1 1 1 0 1 0 1 1 1 1 0 0 0 0 0 0 0 0
250	6	1 0 1 1 1 0 1 1 1 0 1 1 0 1 1 0 0 0 0 0
250	5	1 0 0 1 0 1 1 0 1 1 1 1 0 0 0 1 0 0 0 0
250	1	1 0 1 1 1 0 1 0 1 1 0 0 0 0 0 0 0 0 0 0
250	1	1 1 0 1 0 1 1 0 0 0 1 0 0 0 1 0 0 0 0 0
250	4	1 0 1 1 1 0 1 0 1 0 0 1 0 0 0 1 0 0 0 1
250	1	1 1 0 1 1 0 1 0 1 1 0 0 0 0 1 0 0 0 0 0
250	4	1 1 1 1 1 0 1 0 1 0 1 1 1 0 0 1 0 0 0 0
250	3	1 0 1 1 1 0 1 1 1 0 0 0 0 0 1 0 0 0 0 0
250	8	1 1 1 1 1 0 1 0 1 0 1 1 0 0 0 0 0 0 0 0
250	2	1 0 0 1 0 0 1 1 1 0 1 1 1 1 0 0 0 0 0 0
250	3	1 1 1 1 0 1 1 0 1 1 1 1 0 0 1 0 0 0 0 0
250	7	1 0 1 1 1 0 1 1 1 1 1 1 0 1 0 0 1 0 0 0
250	2	1 1 0 1 0 0 1 0 1 0 0 0 0 0 1 0 0 0 0 0
250	4	1 1 0 1 0 1 1 0 1 1 1 1 0 0 1 0 0 1 0 0
250	3	1 0 1 1 1 0 1 0 1 1 1 0 0 0 0 0 0 0 0 0
250	2	1 0 0 1 0 0 1 0 1 0 1 1 0 1 0 0 0 0 0 0
250	7	1 0 1 1 1 0 1 1 1 0 1 1 0 1 1 0 0 1 0 0
250	2	1 1 0 1 0 0 1 0 1 1 0 0 0 0 0 0 0 1 0 0
250	2	1 0 1 1 1 0 0 1 1 0 1 1 1 0 1 1 0 0 0 0
250	8	0 1 1 1 1 0 1 0 1 0 1 1 0 0 0 0 0 0 0 0
250	3	1 1 0 1 1 0 1 0 1 0 1 1 0 0 0 1 0 0 0 0
250	3	1 1 1 1 1 0 1 0 1 0 1 0 0 0 1 0 0 0 0 0
250	2	1 1 0 1 0 0 1 0 1 0 0 1 0 0 0 0 0 0 0 0
250	2	0 1 1 1 1 0 1 0 0 0 1 1 1 0 0 1 0 0 0 0
250	2	1 0 1 1 0 0 1 0 1 0 0 1 0 0 0 0 1 0 0 0
250	5	1 0 0 1 0 0 1 0 1 1 0 0 0 0 0 0 0 0 0 0
250	3	0 1 0 1 1 0 1 0 1 1 1 1 0 0 0 1 0 0 0 1
250	1	1 1 0 1 0 0 1 0 0 1 1 1 0 0 0 0 0 0 0 0
250	2	1 1 0 1 0 0 1 0 1 1 0 1 0 0 0 0 0 0 0 0
250	4	1 1 0 1 0 1 1 0 1 0 1 0 1 0 1 0 0 0 0 0
250	1	1 1 1 1 1 0 1 0 1 0 1 0 0 0 0 1 0 0 0 0
250	1	1 1 1 1 1 0 1 0 1 1 0 0 0 0 0 0 0 0 0 0
250	1	1 0 1 1 1 0 1 0 1 0 0 1 0 0 1 0 0 0 0 0
250	1	0 1 1 1 1 0 1 0 1 1 1 1 0 0 0 0 0 0 0 0
250	1	1 1 0 1 0 0 0 1 1 0 0 0 1 0 1 1 0 0 0 0
250	7	1 1 0 1 0 0 1 1 1 1 1 1 0 0 0 0 0 0 0 0
250	4	1 1 0 1 0 0 1 1 1 1 1 1 0 1 0 1 0 0 0 0
250	1	1 0 1 1 0 0 1 0 1 1 1 1 0 0 0 0 0 0 0 0
250	1	1 0 1 1 1 0 1 0 1 0 0 1 0 0 0 0 1 1 1 0
250	4	1 1 1 1 0 0 1 0 1 1 1 1 0 0 0 0 0 0 0 0
250	1	1 1 1 1 1 0 1 0 1 1 1 1 0 1 0 0 0 0 0 0
250	1	0 1 1 1 1 0 0 0 1 0 1 1 0 0 0 1 0 0 0 0
250	1	1 0 1 1 1 0 1 1 1 1 1 1 0 0 0 0 0 0 0 0
250	1	1 1 0 1 0 0 1 1 1 1 0 0 0 0 0 0 0 0 0 0
250	3	1 1 0 1 0 0 1 0 1 0 1 1 0 0 0 0 0 0 0 0
250	1	1 1 0 1 0 0 1 0 1 0 0 0 0 0 0 0 0 0 0 0
250	2	1 1 1 1 1 0 1 0 1 0 1 1 1 0 1 1 0 0 0 0
250	1	0 1 0 1 1 0 1 1 1 0 1 1 1 0 1 1 0 0 1 0
250	1	1 1 1 1 1 0 1 0 1 0 1 0 1 0 1 1 0 0 0 0
250	2	1 0 0 1 0 0 1 0 1 1 1 0 0 1 0 0 0 1 0 0
250	1	1 0 1 1 1 0 1 0 1 0 1 0 0 0 0 0 0 0 0 0
250	1	0 0 1 1 1 0 1 0 1 0 1 0 0 0 0 0 1 1 0 0
250	1	1 0 1 1 1 0 1 0 0 0 1 1 0 1 1 0 0 0 0 1
250	1	1 1 0 1 0 0 1 1 1 0 1 0 0 0 0 1 0 0 0 0
250	1	1 1 0 1 0 0 1 0 1 1 0 1 0 0 1 0 0 0 0 0
250	4	1 0 1 1 1 1 1 1 1 0 1 1 0 1 0 0 0 0 0 0
250	2	1 1 0 1 0 0 1 1 1 0 1 1 1 0 0 1 0 0 0 0
250	2	0 1 1 1 1 0 1 0 1 1 1 1 0 0 0 0 0 0 0 1
250	1	0 1 1 1 1 0 1 1 1 0 0 0 0 0 1 0 0 0 0 0
250	1	1 1 0 1 0 1 1 0 1 0 1 1 0 0 0 0 0 0 0 0
250	1	1 1 0 1 1 0 1 0 1 1 1 1 0 0 1 0 0 0 0 0
250	1	0 1 0 1 1 0 1 0 1 1 1 1 0 0 0 0 0 0 0 0
250	1	1 1 1 1 1 0 1 1 1 0 0 0 0 0 1 0 0 0 0 0
250	1	1 1 1 1 1 0 1 0 1 0 1 1 0 0 0 0 0 0 1 0
250	4	1 1 0 1 0 0 1 0 0 1 1 1 0 0 0 1 0 0 0 0
250	1	1 0 1 1 0 0 1 0 1 1 0 0 0 0 0 0 0 0 0 0
250	3	1 0 0 1 0 0 1 0 1 1 0 1 0 1 0 0 0 0 0 0
250	1	1 0 0 1 1 0 1 0 1 1 1 1 0 0 0 0 0 0 1 0
250	1	1 0 0 1 0 0 1 0 1 0 1 1 0 0 0 0 1 0 0 0
250	2	1 1 1 1 1 0 0 0 1 0 1 1 1 0 0 1 0 0 0 0
250	2	1 0 1 1 1 0 1 1 1 1 1 1 0 1 0 0 0 0 0 0
250	1	1 1 1 1 0 0 1 1 1 1 0 0 0 0 0 0 0 0 0 0
250	1	0 1 0 1 1 0 1 0 1 1 1 1 0 0 1 0 0 0 0 0
300	3	0 0 1 1 1 0 1 0 1 0 1 0 0 0 0 1 0 0 0 0
300	2	1 1 1 1 1 0 1 0 1 1 1 1 0 0 0 0 0 0 0 0
300	2	1 0 1 1 1 0 1 1 1 0 1 1 0 1 1 0 0 0 0 0
300	1	1 0 1 1 1 0 1 0 1 1 0 0 0 0 0 0 0 0 0 0
300	1	1 1 1 1 1 0 1 0 1 0 1 1 1 0 0 1 0 0 0 0
300	3	1 0 1 1 1 0 1 1 1 0 0 0 0 0 1 0 0 0 0 0
300	1	1 1 1 1 1 0 1 0 1 0 1 1 0 0 0 0 0 0 0 0
300	2	1 0 1 1 1 0 0 1 1 0 1 1 1 0 1 1 0 0 0 0
300	5	0 1 1 1 1 0 1 0 1 0 1 1 0 0 0 0 0 0 0 0
300	3	1 1 1 1 1 0 1 0 1 0 1 0 0 0 1 0 0 0 0 0
300	2	1 1 0 1 0 0 1 0 1 0 0 1 0 0 0 0 0 0 0 0
300	3	1 0 0 1 1 0 1 0 1 1 1 1 0 0 0 0 0 0 0 0
300	2	1 1 0 1 0 1 1 0 1 0 1 0 1 0 1 0 0 0 0 0
300	1	1 1 1 1 1 0 1 0 1 1 0 0 0 0 0 0 0 0 0 0
300	1	1 1 0 1 0 0 1 1 1 1 1 1 0 1 0 1 0 0 0 0
300	7	1 1 1 1 0 0 1 0 1 0 1 1 0 0 0 1 0 0 0 0
300	1	1 1 1 1 0 0 1 0 1 1 0 0 0 0 0 0 0 0 0 0
300	5	1 1 0 1 0 0 1 0 1 0 1 1 0 0 0 0 0 0 0 0
300	2	1 1 1 1 1 0 1 0 1 0 1 0 1 0 1 1 0 0 0 0
300	2	1 0 1 1 1 0 1 1 1 1 1 1 0 1 0 0 1 1 0 0
300	10	1 1 1 1 1 0 1 0 1 1 1 1 1 0 0 1 0 0 0 0
300	1	1 1 1 1 1 0 0 0 1 0 1 1 0 0 0 0 0 0 0 0
300	1	1 0 0 1 1 0 1 1 1 0 0 0 0 0 0 1 0 0 0 0
300	1	1 1 1 1 1 0 1 0 0 0 1 1 0 0 0 0 0 0 0 0
300	1	1 1 1 1 0 1 1 0 1 1 1 1 0 0 1 0 1 0 0 0
300	1	1 0 1 1 1 0 1 1 1 0 1 1 0 0 0 0 0 0 0 0
300	2	1 1 1 1 1 0 1 0 1 0 1 0 1 0 1 0 0 0 0 0
300	1	1 1 1 1 1 0 1 0 1 1 1 1 0 0 0 0 0 0 1 0
300	2	1 1 0 1 0 0 1 1 1 1 0 0 0 0 1 0 0 0 0 0
300	3	1 0 1 1 1 0 1 0 0 0 1 1 1 0 0 1 0 0 0 0
300	2	1 1 1 1 1 0 1 0 0 0 1 1 1 0 0 1 0 0 0 0
300	4	0 1 1 1 1 0 1 0 1 1 1 1 0 0 0 1 0 1 0 0
300	1	1 0 1 1 1 0 1 0 1 1 1 1 1 0 0 1 0 0 0 0
300	6	1 0 1 1 1 0 1 1 1 0 1 1 0 0 1 0 0 0 0 0
300	6	1 1 1 1 0 1 1 0 1 1 1 1 1 0 0 0 0 0 0 0
300	3	1 1 1 1 1 0 1 1 1 1 0 0 0 0 1 0 1 0 0 0
300	3	1 0 1 1 1 0 0 1 1 0 1 1 0 1 1 0 1 1 1 0
300	3	1 1 0 1 0 0 1 0 1 0 0 0 0 0 1 0 0 0 0 0
300	1	1 0 1 1 1 0 1 0 1 0 1 1 0 0 0 0 0 0 0 0
300	5	1 1 1 1 1 0 1 0 1 1 0 0 0 0 1 0 0 0 0 0
300	1	1 0 1 1 1 0 1 0 0 0 1 1 1 0 0 0 0 0 0 0
300	2	1 1 0 1 0 0 1 0 1 0 0 1 0 0 0 1 0 0 0 0
300	1	0 0 1 1 1 0 1 0 1 1 1 0 0 0 0 0 0 0 0 0
300	2	1 0 1 1 1 0 1 1 1 0 1 0 0 1 1 1 0 0 0 0
300	2	1 1 0 0 0 0 1 1 1 1 1 1 0 1 0 1 0 0 0 0
300	1	1 0 1 1 1 0 1 1 1 0 0 0 0 0 1 0 0 1 0 0
300	4	1 1 0 1 0 0 1 1 0 1 1 1 0 1 0 1 0 0 0 0
300	1	1 0 1 1 1 0 1 0 0 0 0 1 0 1 0 0 0 0 0 0
300	5	0 0 1 1 1 0 1 0 1 0 1 0 0 1 0 1 0 0 0 0
300	3	1 1 1 1 0 0 1 0 1 1 1 0 0 0 0 0 0 0 0 0
300	4	1 1 1 1 1 0 1 0 1 1 0 1 1 0 0 1 0 0 0 0
300	1	1 0 1 1 1 0 1 0 1 0 1 1 0 0 0 1 0 0 0 1
300	1	1 1 1 1 1 0 1 0 1 0 1 0 0 0 0 0 0 0 0 0
300	1	1 0 1 1 1 0 1 1 1 1 1 1 0 1 1 0 1 1 0 0
300	2	1 1 1 1 1 0 1 0 1 1 1 1 0 0 0 1 0 0 0 0
300	1	1 1 1 1 1 0 1 1 1 0 1 0 0 1 0 0 0 0 0 0
300	5	1 1 1 1 0 1 1 1 1 1 1 1 0 0 1 0 1 0 0 0
300	1	1 1 0 1 1 0 1 0 1 1 0 0 0 0 0 0 0 1 0 0
300	3	1 1 1 1 1 0 1 0 1 1 1 1 0 1 0 0 0 0 0 0
300	5	0 0 1 1 1 0 1 0 1 0 1 0 0 0 0 0 0 0 0 0
300	4	1 1 1 1 1 0 1 0 1 0 1 0 0 1 0 1 0 0 0 0
300	4	1 1 1 1 1 0 1 0 1 1 0 0 0 0 0 0 0 1 1 0
300	1	1 1 0 1 0 0 1 1 1 1 1 1 0 0 0 1 0 0 0 0
300	2	1 0 1 1 1 0 1 0 1 1 0 1 1 0 0 1 0 0 0 0
300	1	1 0 0 1 1 0 1 0 1 1 0 0 0 0 0 0 0 0 0 0
300	1	1 1 1 0 0 0 1 1 1 1 1 1 0 1 0 1 0 0 0 0
300	2	1 0 0 1 0 0 1 0 1 0 0 0 0 0 1 0 0 0 0 0
300	1	1 1 1 1 0 0 1 0 0 0 1 1 1 0 0 1 0 0 0 0
300	2	1 1 1 1 0 0 0 0 1 0 1 1 0 0 0 1 0 0 0 0
300	1	1 0 1 1 1 0 1 0 1 0 1 0 0 0 0 0 0 0 0 0
300	1	1 1 1 1 1 0 1 0 1 0 1 0 0 0 0 1 0 0 0 0
300	1	1 1 1 1 1 0 1 1 1 1 0 0 0 0 0 0 0 0 0 0
300	3	1 1 0 1 0 0 1 0 1 1 1 1 0 0 1 0 1 0 0 0
300	3	1 1 1 1 1 0 1 0 1 1 0 1 1 0 0 0 0 0 0 0
300	1	1 1 0 1 0 0 1 0 1 1 1 1 1 0 0 0 0 0 0 0
300	1	1 1 0 1 0 0 1 1 1 1 0 1 0 1 0 1 0 0 0 0
300	1	1 1 1 1 1 0 0 0 1 1 1 1 1 0 0 1 0 0 0 0
300	1	1 1 0 1 0 0 1 1 1 1 1 0 0 0 1 0 0 0 0 0
300	2	1 1 1 1 1 0 0 0 1 0 1 1 1 0 0 1 0 0 0 0
300	1	1 0 0 1 1 0 1 1 1 0 0 0 0 0 1 0 0 0 0 0
300	2	1 0 1 1 1 0 1 1 1 0 1 1 0 0 1 0 1 0 0 0
300	1	1 1 1 1 1 0 1 0 1 1 1 1 1 1 0 0 0 0 0 0
300	1	1 1 1 1 1 0 1 1 1 0 0 0 0 0 0 1 0 0 0 0
300	1	0 1 1 1 1 0 1 0 1 0 0 0 0 0 1 0 0 0 0 0
300	1	1 0 1 1 0 1 1 0 1 1 1 1 0 0 0 1 0 0 0 0
300	2	1 0 0 1 1 0 1 1 1 1 1 0 0 1 1 1 0 0 0 0
300	1	1 1 0 1 1 1 1 0 1 0 0 0 0 0 1 0 0 0 0 0
300	1	1 1 1 1 1 0 1 0 0 0 1 1 1 0 1 1 0 0 0 0
300	1	1 1 0 1 0 0 1 1 1 1 1 1 1 0 0 1 0 0 0 0
300	3	1 0 1 1 1 0 0 1 1 0 1 1 0 0 1 0 0 0 0 0
350	9	1 1 1 1 1 0 1 0 1 0 1 0 0 0 1 0 0 0 0 0
350	1	1 1 0 1 0 1 1 0 1 0 1 0 1 0 1 0 0 0 0 0
350	12	1 1 1 1 1 0 1 0 1 0 1 0 1 0 1 0 0 0 0 0
350	5	1 0 1 1 1 0 1 0 0 0 1 1 1 0 0 1 0 0 0 0
350	3	1 0 1 1 1 0 1 1 1 0 1 1 0 0 1 0 0 0 0 0
350	12	1 0 1 1 1 0 1 0 1 0 1 1 0 0 0 0 0 0 0 0
350	5	0 0 1 1 1 0 1 0 1 1 1 0 0 0 0 0 0 0 0 0
350	1	1 1 0 1 0 0 1 1 0 1 1 1 0 1 0 1 0 0 0 0
350	1	0 0 1 1 1 0 1 0 1 0 1 0 0 1 0 1 0 0 0 0
350	26	1 1 1 1 1 0 1 0 1 1 1 1 0 1 0 0 0 0 0 0
350	3	1 0 1 1 1 0 1 0 1 0 1 0 0 0 0 0 0 0 0 0
350	1	1 1 1 1 1 0 1 0 1 0 1 1 0 0 0 1 0 0 0 0
350	1	1 1 1 1 1 0 1 1 1 1 0 0 0 0 0 0 0 0 0 0
350	12	1 1 1 1 1 0 1 0 1 1 0 1 1 0 0 0 0 0 0 0
350	2	1 1 1 1 1 0 0 0 1 1 1 1 1 0 0 1 0 0 0 0
350	1	0 1 0 1 0 0 1 1 0 1 1 1 0 1 0 1 0 0 0 0
350	2	1 1 1 1 0 1 1 0 1 1 1 0 0 1 0 1 0 0 0 0
350	3	1 1 1 1 1 0 1 1 1 0 0 0 0 1 0 1 0 0 0 0
350	8	1 1 1 1 1 1 1 0 1 1 0 0 0 0 0 0 0 0 0 0
350	3	1 0 1 1 1 0 1 1 0 0 0 0 0 0 1 0 1 0 0 0
350	1	1 1 1 1 1 0 1 0 1 1 1 1 0 1 0 1 0 0 0 0
350	3	1 1 0 1 0 0 1 0 1 0 1 0 0 0 1 0 0 0 0 0
350	2	1 1 1 1 1 0 1 1 1 1 0 0 0 0 1 0 0 0 0 0
350	4	1 1 1 1 1 0 1 0 1 1 1 0 0 0 0 0 0 0 0 0
350	2	1 1 1 1 1 0 1 0 1 1 1 1 1 0 0 1 0 1 0 0
350	2	1 1 1 1 1 1 1 0 1 1 0 0 0 0 0 0 0 0 0 1
350	2	1 0 1 1 1 0 1 1 1 0 1 1 0 0 0 0 0 0 0 0
350	2	1 1 0 1 0 0 1 0 1 0 0 1 0 0 0 0 1 0 0 0
350	5	1 0 1 1 1 0 1 1 1 1 1 1 0 1 0 0 1 1 0 1
350	1	1 1 1 1 1 0 1 0 1 0 1 0 1 0 1 1 0 0 0 0
350	4	1 0 1 1 1 0 1 0 1 0 0 0 1 0 1 0 0 0 0 0
350	1	1 1 0 1 0 1 1 0 1 0 1 0 1 0 1 1 0 0 0 0
350	1	1 1 1 1 1 0 1 1 1 1 0 0 0 0 1 0 1 1 0 1
350	1	1 1 1 1 1 0 1 0 1 0 0 0 0 0 0 1 0 0 0 0
350	1	1 1 1 1 1 0 1 0 1 1 0 1 1 0 0 0 0 0 0 1
350	4	1 1 1 1 1 0 0 0 1 1 1 1 0 0 0 0 0 0 0 0
350	3	1 1 1 1 0 0 1 0 1 1 0 0 0 0 0 1 0 0 0 0
350	1	0 0 0 1 1 0 1 0 1 1 1 1 0 1 0 1 0 0 0 0
350	1	1 1 1 1 1 0 1 0 1 0 1 1 0 0 0 0 0 0 0 0
350	2	1 1 1 1 1 1 1 0 1 1 0 0 0 0 0 0 0 1 0 0
350	3	1 1 0 1 0 0 1 1 1 0 0 1 0 0 0 0 0 0 0 0
350	3	1 1 1 1 1 0 1 1 1 1 0 0 1 0 0 0 0 0 0 0
350	2	1 1 1 1 1 0 1 1 1 1 1 0 0 0 0 0 0 0 0 1
350	1	1 1 1 1 1 1 1 0 1 1 1 0 0 1 1 1 0 0 0 0
350	1	1 1 1 1 1 0 1 0 1 1 1 1 1 0 0 1 0 0 0 0
350	1	1 0 1 1 1 0 1 0 1 0 1 1 1 0 0 0 0 0 0 0
350	1	0 0 1 1 1 1 1 0 1 1 1 0 0 0 0 0 0 0 0 0
350	1	1 0 1 1 1 0 1 0 0 0 1 1 0 0 0 0 0 0 0 1
350	2	1 1 1 1 1 1 1 0 1 1 0 1 0 0 0 0 0 0 0 0
350	2	1 1 1 1 1 1 1 0 1 1 0 0 0 0 1 0 0 1 0 0
350	1	1 1 1 1 1 0 1 0 1 1 1 1 0 1 0 0 0 0 1 0
350	1	1 0 1 1 1 1 1 0 1 0 1 1 0 0 0 0 0 0 0 0
350	1	1 1 1 1 1 1 1 0 1 1 0 0 0 0 0 0 0 0 1 0
350	1	1 0 1 1 1 0 1 1 1 1 1 1 0 0 1 0 0 1 0 0
350	1	0 0 1 1 1 0 1 0 1 1 1 0 0 0 0 0 1 0 0 0
350	1	0 0 1 1 1 0 1 0 1 1 1 0 0 0 1 0 0 0 0 0
350	1	1 0 1 1 1 0 1 1 1 0 0 0 0 1 0 1 0 0 0 0
350	1	1 1 1 1 1 0 1 0 1 1 1 1 0 1 0 0 0 0 1 1
350	2	1 0 1 1 1 0 1 1 1 1 1 1 0 1 1 0 0 0 0 0
350	1	1 0 0 1 0 1 1 0 1 0 1 0 1 0 1 1 0 0 0 0
350	1	1 0 1 1 0 0 1 0 1 0 0 0 0 0 0 1 0 0 0 0
350	1	1 0 1 1 1 0 1 0 1 0 1 1 0 0 1 0 0 0 0 0
350	1	1 0 1 0 1 0 1 0 1 0 1 1 0 0 0 0 0 0 0 0
350	2	1 0 1 1 1 0 1 1 1 0 0 1 0 0 1 0 0 0 0 0
350	3	1 1 1 1 1 0 1 0 1 1 0 0 0 0 0 1 0 0 0 0
350	2	1 1 1 1 1 0 1 0 1 1 0 1 1 0 0 1 0 0 0 0
350	2	1 1 0 1 0 0 1 0 1 0 1 0 1 0 1 0 0 0 0 0
350	1	1 1 0 1 0 1 1 0 1 0 1 1 1 0 0 1 0 0 0 0
350	1	1 1 1 1 0 0 1 0 1 0 1 0 1 0 1 0 0 0 0 0
350	1	1 0 1 1 1 0 1 0 0 0 1 1 0 0 0 0 0 0 0 0
350	1	1 1 1 1 1 0 1 1 1 1 0 1 1 0 0 0 0 0 0 0
350	1	1 0 1 1 1 0 1 0 1 1 0 1 1 0 0 1 0 0 0 0
350	1	1 0 1 1 1 0 1 1 1 0 1 1 0 1 0 0 0 0 0 0
400	15	1 1 1 1 1 0 1 0 1 1 0 0 0 0 0 0 0 0 0 0
400	5	1 0 1 1 1 0 1 0 1 0 1 1 0 0 0 0 0 0 0 0
400	1	1 1 0 1 0 0 1 0 1 0 0 1 0 0 0 1 0 0 0 0
400	3	1 1 1 1 1 0 1 0 1 1 1 1 0 1 0 0 0 0 0 0
400	6	1 1 1 1 1 0 1 0 1 1 0 1 1 0 0 0 0 0 0 0
400	8	1 1 1 1 1 1 1 0 1 1 0 0 0 0 0 0 0 0 0 0
400	1	1 1 1 1 1 0 1 0 1 1 1 1 1 0 0 1 0 1 0 0
400	2	1 1 1 1 1 0 0 0 1 1 1 1 0 0 0 0 0 0 0 0
400	2	1 1 1 1 0 0 1 0 1 1 0 0 0 0 0 1 0 0 0 0
400	3	1 1 1 1 1 0 1 1 1 1 0 0 1 0 0 0 0 0 0 0
400	2	1 1 1 1 1 1 1 0 1 1 0 1 0 0 0 0 0 0 0 0
400	1	1 1 0 1 0 0 1 0 1 0 1 0 0 0 0 0 0 0 0 0
400	2	1 1 1 1 1 0 1 0 1 1 0 1 1 0 0 1 0 0 0 0
400	6	1 1 1 1 1 0 0 0 1 1 1 0 0 0 0 0 0 0 0 0
400	6	1 0 1 1 1 0 1 0 1 0 0 0 1 0 0 1 0 0 0 0
400	1	1 1 1 1 1 0 1 0 0 0 1 0 0 0 0 0 0 0 0 0
400	3	1 1 1 1 1 0 1 0 1 0 1 0 0 0 0 0 0 0 0 0
400	6	1 1 1 1 1 0 1 0 1 0 1 1 1 0 0 1 0 1 0 0
400	1	0 1 1 1 1 0 1 0 1 0 1 0 1 0 1 0 0 0 0 0
400	8	1 1 1 1 0 0 1 0 1 1 0 0 0 0 0 0 0 0 0 0
400	4	1 1 1 1 1 0 1 1 1 0 1 0 0 0 0 0 0 0 0 0
400	2	1 0 1 1 1 0 1 0 1 0 0 1 1 0 0 1 0 0 0 0
400	1	1 1 1 1 1 0 1 0 1 0 1 1 0 0 0 0 0 0 0 0
400	6	1 1 1 1 1 0 1 0 1 0 1 0 1 1 1 0 0 0 0 0
400	1	1 0 1 1 1 0 1 0 1 1 0 1 1 0 0 0 0 0 0 0
400	1	1 0 1 1 1 0 1 0 1 1 1 0 0 0 0 0 0 0 0 0
400	1	1 1 1 1 1 0 1 0 1 0 1 0 0 0 0 0 0 0 0 1
400	4	1 1 1 1 1 1 0 0 1 0 1 0 0 0 0 0 0 0 0 0
400	1	1 0 1 1 0 0 1 1 1 0 0 1 1 0 0 0 0 0 0 0
400	3	1 1 1 1 1 0 1 0 0 1 0 0 0 0 0 0 0 0 0 0
400	1	1 1 0 1 1 1 0 0 1 1 0 0 1 0 0 0 0 0 0 0
400	2	1 1 0 1 1 0 0 0 1 1 1 0 0 0 0 0 0 0 0 0
400	1	1 1 1 1 1 0 1 0 1 1 0 0 0 0 0 0 0 0 0 1
400	1	1 1 1 1 0 0 1 0 1 0 1 0 1 0 1 0 0 0 0 0
400	7	1 1 1 1 1 0 1 0 1 0 1 1 0 0 0 1 0 0 0 0
400	1	1 1 1 1 1 0 1 0 1 0 0 1 0 0 0 0 0 0 0 0
400	2	1 1 1 1 1 0 0 0 1 0 1 1 0 0 0 0 0 0 0 0
400	4	1 1 1 1 1 0 0 0 1 1 0 1 0 0 0 0 0 0 0 0
400	1	1 1 1 1 1 0 1 0 1 1 0 0 0 0 0 1 0 0 0 0
400	4	1 1 1 1 0 0 1 1 1 1 0 0 0 0 0 0 0 0 0 0
400	1	1 1 1 0 1 0 1 0 1 0 1 0 1 1 1 0 0 0 0 0
400	2	1 1 1 1 0 0 1 0 1 1 0 0 0 0 0 0 0 0 1 0
400	1	1 1 1 1 1 0 1 0 1 1 0 1 1 0 0 0 0 1 1 0
400	2	1 1 1 1 1 0 0 0 1 0 1 0 1 1 1 0 0 0 0 0
400	4	1 1 1 1 1 1 1 0 1 0 1 1 0 0 0 0 0 0 0 0
400	1	1 0 1 1 1 0 1 0 1 1 1 1 0 1 0 0 0 0 0 0
400	2	1 1 1 0 1 0 0 1 1 1 1 1 0 0 0 0 0 0 0 0
400	1	1 1 1 1 1 0 1 0 0 1 0 0 1 0 0 0 0 0 0 0
400	10	1 1 1 1 1 0 1 0 0 1 0 1 1 0 0 1 0 0 0 0
400	1	1 1 1 1 1 0 1 0 0 0 1 0 1 1 1 0 0 0 0 0
400	4	1 1 0 1 0 0 0 0 1 1 1 0 0 0 0 0 0 0 0 0
400	1	1 1 1 1 0 0 1 1 1 1 0 0 1 1 0 0 0 0 0 0
400	3	1 0 1 1 1 0 1 0 1 1 0 0 0 0 0 0 0 1 0 1
400	2	1 1 1 1 0 0 1 0 1 0 0 0 0 0 0 0 0 0 0 0
400	3	1 1 1 1 1 0 1 1 1 1 0 0 0 0 0 0 0 0 1 0
400	1	1 0 1 1 1 0 1 0 0 0 1 0 1 1 1 0 0 0 0 0
400	2	1 1 1 1 1 0 1 1 0 1 0 1 1 0 0 1 0 0 0 0
400	1	1 1 1 1 0 0 1 0 0 1 0 0 0 0 0 0 0 0 0 0
400	4	1 1 1 1 1 0 1 1 1 0 1 0 0 0 0 0 0 1 0 0
400	2	1 1 1 1 0 0 1 0 1 1 0 0 0 0 1 0 0 0 0 0
400	1	1 1 1 1 1 1 1 0 1 1 0 0 1 0 1 0 0 0 0 1
400	1	1 0 1 1 0 0 1 0 1 0 0 1 1 0 0 0 0 0 0 0
400	1	1 1 1 1 1 0 1 1 1 1 1 0 0 0 0 0 0 0 0 0
400	1	1 1 1 1 1 0 0 0 1 1 1 1 0 0 1 0 0 0 1 0
400	3	1 1 1 1 1 0 1 0 1 1 0 1 0 0 0 0 0 0 0 0
400	2	0 1 1 1 1 1 0 0 1 0 1 0 0 0 0 0 0 0 0 0
400	1	1 0 1 1 1 0 1 0 1 1 0 0 1 0 0 0 0 0 0 0
400	1	1 1 1 1 1 0 1 0 1 0 1 0 1 0 1 0 0 0 0 0
400	1	1 1 1 1 1 1 1 0 1 1 0 0 0 1 1 0 0 0 0 0
400	1	1 1 1 1 1 0 1 0 1 0 1 1 0 0 0 0 0 0 0 1
400	2	1 0 1 1 0 0 1 1 1 0 0 1 1 1 0 0 0 0 0 0
400	1	1 1 1 1 1 0 1 0 1 0 1 1 0 1 0 1 0 0 0 0
400	1	1 1 1 1 0 0 1 1 1 0 1 0 0 0 0 0 0 0 0 0
400	1	1 1 1 1 1 0 0 0 1 1 0 0 0 0 0 0 0 0 0 0
400	1	1 1 1 1 1 0 1 0 1 1 0 0 0 0 0 0 0 1 0 0
400	1	1 1 1 1 1 0 1 0 1 1 0 1 1 0 0 0 1 0 0 0
400	1	1 1 0 1 0 1 1 0 1 0 1 0 0 0 0 0 0 0 0 0
400	1	1 1 1 1 1 0 0 0 1 1 1 1 0 0 0 1 0 0 0 0
450	21	1 1 1 1 1 0 1 0 1 1 0 0 0 0 0 0 0 0 0 0
450	4	1 1 1 1 1 0 1 1 1 1 0 0 1 0 0 0 0 0 0 0
450	9	1 1 1 1 0 0 1 0 1 1 0 0 0 0 0 0 0 0 0 0
450	1	1 1 1 1 1 0 1 1 1 0 1 0 0 0 0 0 0 0 0 0
450	5	1 1 1 1 1 0 1 0 0 1 0 0 0 0 0 0 0 0 0 0
450	5	1 1 1 1 1 0 0 0 1 1 0 1 0 0 0 0 0 0 0 0
450	8	1 1 1 1 1 0 1 0 1 1 0 0 1 0 0 0 0 0 0 0
450	2	1 1 1 0 1 0 1 0 1 0 1 0 1 1 1 0 0 0 0 0
450	1	1 1 1 0 1 0 0 0 1 1 1 0 0 0 0 0 0 0 0 0
450	7	1 1 1 1 1 0 1 0 0 1 0 1 1 0 0 1 0 0 0 0
450	6	1 1 1 1 1 0 1 0 1 1 0 1 0 1 0 0 0 0 0 0
450	7	1 1 1 1 0 0 1 0 0 1 0 0 0 0 0 0 0 0 0 0
450	1	1 1 1 1 1 0 1 1 1 0 1 0 0 0 0 0 0 1 0 0
450	2	1 1 1 1 1 0 1 0 1 1 0 0 0 1 0 0 0 0 0 0
450	19	1 1 1 1 1 0 0 0 1 1 0 0 0 0 0 0 0 0 0 0
450	4	1 1 1 1 0 0 1 0 1 1 1 0 0 0 0 0 0 0 0 0
450	1	1 1 1 1 1 1 1 0 0 1 0 1 1 0 0 1 0 0 0 0
450	6	1 1 1 1 1 0 1 0 1 1 1 1 0 0 0 0 0 0 0 1
450	1	1 1 1 1 1 0 1 0 1 1 0 1 0 1 1 0 0 0 0 0
450	1	1 1 1 1 1 0 0 0 1 1 0 1 1 0 0 0 0 0 0 0
450	8	1 1 1 1 1 0 1 1 1 1 0 1 0 0 0 0 0 0 0 0
450	9	1 1 1 0 0 0 1 0 0 1 0 0 0 0 0 0 0 0 0 0
450	1	1 1 1 1 1 0 1 0 1 1 1 1 0 0 0 0 0 0 0 0
450	4	1 1 1 1 1 0 1 0 1 0 0 0 0 0 0 0 0 0 0 0
450	3	1 0 1 1 1 0 1 0 1 1 0 0 0 0 0 0 0 0 1 0
450	2	1 1 1 1 1 0 0 0 1 1 0 1 0 0 0 0 0 0 0 1
450	2	1 1 1 1 1 1 1 0 1 1 0 0 0 0 0 0 0 0 0 0
450	4	1 1 1 1 0 1 1 0 1 1 0 0 0 0 1 0 0 0 0 0
450	1	1 1 1 1 0 0 1 0 1 1 0 1 0 0 0 0 0 0 0 0
450	2	1 1 1 1 0 0 1 1 1 1 0 0 0 0 0 1 0 0 0 0
450	3	1 1 1 1 0 0 0 0 1 1 1 0 0 0 0 0 0 0 0 0
450	1	1 1 1 1 1 0 1 1 1 0 1 0 0 1 0 0 0 0 0 0
450	2	1 1 1 1 1 0 1 1 1 0 0 0 1 0 0 1 0 0 0 0
450	5	1 1 1 1 1 0 1 1 1 1 0 0 1 0 0 0 0 0 1 0
450	1	1 1 1 1 1 0 1 1 1 0 1 0 1 0 0 0 0 0 0 0
450	2	1 1 1 1 1 0 0 0 1 1 0 1 0 0 0 0 0 1 0 0
450	1	1 1 1 1 1 0 0 0 1 1 0 1 0 1 0 0 0 0 0 0
450	1	1 1 1 1 0 0 1 0 0 1 0 0 1 0 0 0 0 0 0 0
450	7	1 1 1 1 0 0 1 0 0 1 0 0 0 0 0 0 0 0 0 1
450	1	1 1 1 1 1 0 0 0 1 1 0 0 0 1 0 0 0 0 0 0
450	1	0 1 1 0 1 1 0 0 0 1 0 1 1 1 1 0 0 0 0 0
450	1	1 1 1 1 1 0 1 1 1 1 0 0 0 0 0 0 0 0 0 0
450	1	1 1 1 1 0 0 1 0 1 0 1 1 0 0 0 0 0 1 0 0
450	1	1 1 1 1 1 0 0 0 1 1 0 0 0 0 0 0 0 0 1 0
450	1	0 1 1 1 0 0 1 0 1 1 0 0 0 0 0 0 0 0 0 0
450	1	1 1 1 1 0 0 1 0 0 1 1 0 0 0 0 0 0 0 0 0
450	3	1 1 1 1 1 1 1 0 1 1 0 1 1 0 0 1 0 0 0 0
450	1	1 1 0 1 1 0 1 1 1 0 1 0 0 0 0 0 0 0 0 0
450	3	0 1 1 1 1 0 1 0 1 1 1 1 0 0 0 0 0 0 0 1
450	1	1 1 1 1 1 0 0 1 1 0 1 0 0 0 0 0 0 0 0 0
450	1	0 1 1 1 1 0 1 0 0 1 0 0 0 0 0 0 0 0 0 0
450	1	1 1 1 1 1 0 1 0 1 1 1 0 0 0 0 0 0 0 0 0
450	1	1 1 1 1 1 0 0 0 1 1 1 0 0 0 0 0 0 0 0 0
450	1	1 1 1 1 1 1 1 0 0 1 0 0 0 0 0 0 0 0 0 0
450	1	1 1 1 1 1 0 0 0 1 1 0 1 1 0 0 1 0 0 0 0
450	1	1 1 1 1 1 0 1 1 1 1 0 0 1 1 0 0 0 0 0 0
450	2	1 1 1 1 1 0 1 1 1 1 0 0 1 0 0 0 0 0 0 1
450	1	1 1 1 1 1 0 1 0 1 1 0 0 1 0 0 0 1 0 0 0
450	2	1 1 1 1 1 0 0 0 1 1 0 0 1 0 0 0 0 0 0 0
450	1	1 1 1 1 1 0 0 0 1 0 0 1 1 0 0 0 0 0 0 0
450	1	1 0 1 0 1 0 1 0 1 1 0 0 0 0 0 0 0 0 0 0
450	1	1 1 1 1 1 1 0 0 1 1 0 1 0 0 0 0 0 0 0 0
450	1	1 1 1 1 1 0 1 0 1 1 0 0 1 0 0 0 0 0 0 1
500	1	1 1 1 1 1 0 1 0 1 1 0 0 0 0 0 0 0 0 0 0
500	2	1 1 1 1 0 0 1 0 1 1 0 0 0 0 0 0 0 0 0 0
500	12	1 1 1 1 1 0 0 0 1 1 0 1 0 0 0 0 0 0 0 0
500	21	1 1 1 1 1 0 1 0 0 1 0 1 1 0 0 1 0 0 0 0
500	13	1 1 1 1 0 0 1 0 0 1 0 0 0 0 0 0 0 0 0 0
500	1	1 1 1 1 1 0 0 0 1 1 0 0 0 0 0 0 0 0 0 0
500	10	1 1 1 1 0 0 1 0 0 1 0 1 1 0 0 1 0 0 0 0
500	6	1 1 1 1 1 1 1 0 1 1 0 0 0 0 0 0 0 0 0 0
500	2	1 1 1 1 0 0 1 0 0 1 0 0 1 0 0 0 0 0 0 0
500	9	1 1 1 1 0 0 1 0 0 1 0 0 0 0 0 0 0 0 0 1
500	3	1 1 1 1 0 0 1 0 0 1 1 0 0 0 0 0 0 0 0 0
500	5	1 1 1 1 0 0 1 1 1 1 0 0 1 0 0 0 0 0 0 0
500	5	1 1 1 1 1 1 1 0 0 1 0 0 0 0 0 0 0 0 0 0
500	2	1 1 1 1 1 0 1 0 0 1 0 0 1 0 0 0 0 0 0 0
500	5	1 1 1 1 1 1 0 0 1 1 0 1 0 0 0 0 0 0 0 0
500	3	1 1 1 1 1 0 1 0 1 1 0 0 1 0 1 0 0 0 0 0
500	3	1 1 1 1 1 0 1 0 0 1 0 0 0 0 0 0 0 0 0 0
500	1	0 1 1 1 1 0 1 1 1 1 0 1 0 0 0 0 0 0 0 0
500	1	1 1 1 1 1 0 0 0 0 1 0 1 1 0 0 1 0 0 0 0
500	6	1 0 1 1 1 0 1 0 1 1 0 0 1 0 1 0 0 0 0 0
500	1	1 1 1 1 0 1 1 0 1 1 0 0 1 0 0 0 0 0 1 0
500	2	1 1 1 1 1 1 1 0 0 1 0 1 0 0 0 1 0 0 0 0
500	4	1 1 1 1 0 1 1 0 0 1 0 0 0 0 1 0 0 0 0 0
500	1	0 1 1 1 1 0 0 0 1 1 0 0 0 0 0 0 0 0 0 0
500	2	1 1 1 1 1 0 0 0 1 1 0 0 0 1 0 0 0 0 0 1
500	4	1 1 1 1 1 0 1 0 0 1 0 1 0 0 0 1 0 0 0 0
500	2	1 1 1 1 1 1 1 0 0 1 0 0 0 0 1 0 0 0 0 0
500	2	1 0 1 1 1 0 0 0 0 1 0 1 1 0 0 1 0 0 0 0
500	1	1 1 1 1 1 0 1 0 0 1 0 1 1 0 0 1 0 0 1 0
500	2	1 1 1 1 1 1 0 0 1 0 0 1 0 0 0 0 0 0 0 0
500	2	1 1 1 1 1 0 1 0 0 1 0 0 0 0 0 1 0 0 0 0
500	2	1 1 1 1 0 0 1 0 0 1 0 0 0 0 0 0 1 0 0 0
500	3	1 1 1 1 0 0 1 0 0 1 0 0 1 0 0 0 0 0 0 1
500	4	1 1 1 1 0 0 1 0 0 1 1 0 1 0 0 1 0 0 0 0
500	4	0 1 1 1 1 0 1 0 0 1 0 1 1 0 0 1 0 0 0 0
500	1	1 0 1 1 1 1 1 0 1 1 0 0 0 0 0 0 0 0 0 1
500	3	1 1 1 1 1 1 1 0 0 0 0 1 0 0 0 1 0 0 0 0
500	2	1 1 1 1 1 0 1 0 0 1 0 1 1 0 0 0 0 0 0 0
500	1	1 1 1 1 1 1 0 0 0 1 0 0 0 0 0 0 0 0 0 0
500	1	1 0 1 1 0 0 1 0 0 1 0 0 0 0 0 0 0 0 0 0
500	1	1 1 1 1 1 1 0 0 1 1 0 1 0 0 0 0 0 0 1 0
500	1	0 1 1 1 1 0 1 0 1 1 0 0 0 0 0 0 0 0 0 0
500	1	1 1 1 1 1 1 1 0 1 0 0 1 0 0 0 0 0 0 0 0
500	1	1 1 1 0 0 0 1 0 0 1 1 0 1 0 0 1 0 0 0 0
500	1	1 1 1 1 1 0 1 0 1 1 0 0 0 0 0 0 0 0 0 1
500	2	1 1 1 1 1 0 1 0 0 1 0 1 1 0 0 1 0 0 0 1
500	1	1 1 1 1 0 0 1 0 0 1 0 1 1 0 1 1 0 0 0 0
500	1	1 1 1 1 1 0 0 0 0 0 1 1 1 0 0 1 0 0 0 0
500	1	1 1 0 1 1 1 0 0 0 1 0 1 0 0 0 1 0 0 0 0
500	2	1 1 1 1 0 0 1 0 0 1 0 0 0 0 0 1 0 0 0 0
500	2	1 1 1 1 1 0 1 1 1 1 0 0 0 0 0 0 0 0 0 0
500	5	1 1 1 1 1 0 1 0 1 1 0 1 1 0 0 1 0 0 0 0
500	6	0 1 1 1 1 0 0 0 1 1 0 0 0 0 0 0 0 1 0 0
500	2	1 1 1 1 1 0 1 1 0 1 0 1 1 0 0 1 0 0 0 0
500	1	1 1 1 1 0 0 1 1 0 1 0 1 1 0 0 1 0 0 0 0
500	1	1 1 1 1 1 1 0 0 0 1 0 1 0 0 0 1 0 0 0 0
500	1	0 1 1 1 1 1 1 0 0 1 0 1 0 0 0 1 0 0 0 0
500	1	1 1 0 1 1 1 0 0 0 1 0 0 0 0 0 1 0 0 0 0
500	1	1 1 1 1 1 0 1 0 0 1 0 0 0 0 0 0 0 0 0 1
500	2	1 0 1 1 1 0 0 0 0 1 0 1 1 0 0 1 0 0 1 0
500	1	1 1 1 1 0 1 1 0 0 1 0 0 0 0 0 0 0 0 0 0
500	3	1 1 1 1 1 0 1 0 1 1 0 0 0 0 0 0 0 0 1 0
500	1	1 1 1 1 1 0 0 0 0 1 1 1 0 0 0 0 0 0 0 0
500	1	1 1 1 1 1 0 0 0 0 1 0 1 1 0 1 1 0 0 0 0
500	1	0 1 1 1 1 0 0 0 1 1 0 0 0 0 0 0 0 0 0 1
500	1	1 1 1 1 1 1 1 0 0 1 0 0 0 1 1 0 0 0 0 0
500	1	1 1 1 1 0 0 1 0 0 1 1 0 1 0 0 0 0 0 0 0
500	1	1 1 1 1 1 0 1 0 0 1 0 0 1 0 0 0 0 0 0 1
500	1	1 1 1 1 0 0 1 0 1 1 0 0 1 0 0 0 1 0 0 0
