0	250	0 0 0 0 0 0 0 0 0 0 0 0 0 0 0 0 0 0 0 0
0	250	0 0 0 0 0 1 0 0 0 0 0 1 0 0 0 0 0 0 0 0
0	250	0 0 0 0 1 0 0 0 0 0 0 0 1 0 0 0 1 0 0 0
0	250	0 1 0 0 0 0 0 0 0 0 1 1 0 0 0 0 0 0 1 1
50	4	0 0 0 0 0 0 0 0 0 0 0 0 0 0 0 0 0 0 0 0
50	32	0 0 0 0 1 0 0 0 0 0 0 0 1 0 0 0 1 0 0 0
50	6	0 1 0 0 0 0 0 0 0 0 1 1 0 0 0 0 0 0 1 1
50	66	0 0 0 0 1 0 0 0 1 0 0 0 1 0 0 0 1 0 0 0
50	7	0 1 0 0 0 0 0 0 0 0 1 1 0 0 0 0 0 0 0 0
50	81	0 0 1 0 0 0 0 0 0 0 0 0 0 0 0 0 0 0 0 0
50	27	0 0 0 0 0 0 0 0 0 0 0 0 0 0 0 0 1 0 0 0
50	9	0 0 0 0 0 0 0 0 0 0 0 0 1 0 0 0 1 0 0 0
50	19	0 0 1 0 0 1 0 0 0 0 0 0 0 0 0 0 0 0 0 0
50	15	0 0 0 0 1 0 0 0 0 0 0 0 1 0 1 0 1 0 0 0
50	9	0 0 0 0 0 1 0 0 1 0 0 1 0 1 0 0 0 0 0 0
50	11	0 0 0 0 0 0 0 0 1 0 0 0 0 0 0 0 0 0 0 0
50	44	0 0 1 0 0 0 0 0 0 0 0 0 1 0 0 0 0 0 0 0
50	5	0 1 0 0 0 0 1 0 0 0 1 1 0 0 0 0 0 0 0 0
50	1	0 0 0 1 1 0 0 0 0 0 1 0 1 0 0 0 1 0 0 0
50	8	0 0 0 0 0 0 0 0 1 0 0 0 1 0 0 0 1 0 0 0
50	4	0 0 1 0 1 0 0 0 0 0 0 0 0 0 0 0 0 0 0 0
50	16	0 1 1 0 0 0 0 0 0 0 1 1 0 0 0 1 0 0 1 1
50	10	0 1 1 0 0 0 0 0 0 0 1 1 0 0 0 0 1 0 1 1
50	3	0 0 0 0 1 0 0 0 1 0 0 0 1 0 1 0 1 0 0 0
50	2	0 0 1 0 0 0 0 0 0 0 0 0 0 0 0 0 1 0 0 0
50	16	0 0 0 0 0 0 0 0 0 0 0 0 0 0 1 0 0 0 0 0
50	7	0 0 0 0 1 0 0 0 1 0 0 0 1 1 0 0 1 0 0 0
50	24	0 0 0 0 0 0 0 0 1 0 0 0 1 0 1 0 1 0 0 0
50	2	0 0 1 0 0 1 0 0 0 0 0 0 1 0 0 0 1 0 0 0
50	46	0 0 1 0 0 1 0 0 0 0 0 0 1 0 0 0 0 0 0 0
50	8	0 0 0 0 0 1 0 0 1 0 0 1 0 1 0 0 0 1 0 0
50	18	0 0 0 0 1 0 0 1 1 0 0 0 1 0 0 0 1 0 0 0
50	59	0 0 0 0 1 0 0 0 1 0 0 0 1 0 0 1 1 0 0 0
50	4	0 0 0 1 1 0 0 0 0 0 0 0 0 0 0 0 0 0 0 0
50	4	0 0 0 0 1 0 0 0 0 0 0 0 0 1 0 0 0 0 0 0
50	6	0 0 1 0 0 1 1 0 0 0 0 0 0 0 0 0 0 0 0 0
50	8	1 0 1 0 0 0 0 0 0 0 0 0 1 0 0 0 0 0 0 0
50	1	0 0 0 0 1 0 0 0 1 0 1 1 0 0 0 0 0 0 0 0
50	4	0 1 0 0 0 0 1 1 0 0 1 1 0 0 0 0 0 0 0 1
50	33	0 0 1 0 0 0 0 0 0 0 1 1 0 0 0 0 0 0 1 1
50	2	1 0 1 0 0 1 0 0 0 0 0 0 0 0 0 0 0 0 0 0
50	1	0 1 1 0 0 0 0 0 1 0 0 0 1 0 0 0 1 0 0 0
50	16	0 1 0 0 1 0 0 0 1 0 0 0 1 0 0 0 1 0 0 0
50	6	0 1 1 0 0 0 0 0 0 0 0 0 1 0 0 0 1 1 0 0
50	3	0 0 0 0 1 0 0 1 0 0 0 0 1 0 0 1 1 0 0 0
50	3	0 0 0 0 1 0 0 0 0 0 1 1 0 0 0 0 0 0 0 0
50	6	0 1 0 0 1 0 0 0 1 0 0 0 0 0 0 0 1 0 0 0
50	4	0 0 0 0 0 1 0 0 0 0 1 1 0 0 0 0 0 0 1 1
50	2	0 0 0 0 0 1 0 0 1 0 0 0 1 0 0 1 1 0 0 0
50	7	0 0 0 0 1 0 0 1 1 0 0 0 1 0 1 0 1 0 0 0
50	1	0 0 1 0 1 0 0 0 1 0 0 0 1 0 0 1 1 0 0 0
50	22	0 1 1 0 1 0 1 0 0 0 0 0 1 0 1 0 1 0 0 0
50	16	0 0 0 0 0 1 0 0 1 0 0 0 1 0 0 0 1 0 0 0
50	4	0 1 0 0 0 0 0 0 0 0 0 0 0 0 0 0 0 0 0 0
50	5	0 0 1 0 0 0 0 0 0 0 0 0 0 0 1 0 1 0 0 0
50	10	0 1 1 0 0 0 0 0 0 0 0 0 1 1 0 0 1 1 0 0
50	3	0 0 1 0 1 0 0 0 1 0 0 0 1 0 0 1 1 1 0 0
50	4	0 0 1 0 0 0 0 0 0 0 0 0 1 0 0 0 1 0 0 0
50	3	0 0 1 0 0 1 0 0 0 0 0 0 0 0 0 0 0 0 1 1
50	6	0 0 1 0 1 0 0 0 0 0 0 0 1 0 0 0 1 0 0 0
50	7	0 0 0 0 1 0 0 0 0 1 0 0 1 0 0 0 1 0 0 0
50	1	0 0 0 0 1 0 0 0 0 0 0 0 1 0 0 1 0 0 0 0
50	13	1 0 1 0 1 0 0 0 0 0 0 0 0 0 0 0 0 0 0 0
50	8	0 0 1 0 0 1 0 0 0 0 0 0 1 1 0 0 1 0 0 0
50	5	0 1 0 0 1 0 0 0 1 0 0 0 1 0 0 0 1 1 0 0
50	3	0 0 1 0 0 0 0 0 1 0 0 0 1 0 0 1 1 0 0 0
50	4	0 1 1 0 0 0 0 0 0 0 1 1 0 0 0 0 1 0 0 0
50	10	0 0 1 0 0 0 1 0 0 0 0 0 0 0 0 0 0 0 0 0
50	2	0 0 0 0 1 0 0 0 0 0 0 0 1 0 0 0 1 0 1 1
50	2	0 0 0 0 0 0 0 0 0 1 0 0 0 0 0 0 0 0 0 0
50	1	0 0 1 0 0 1 0 0 0 0 0 0 0 1 0 0 0 0 0 0
50	2	0 0 0 0 1 0 0 0 1 0 1 1 0 0 0 0 1 0 0 0
50	3	0 1 1 0 1 1 1 0 0 0 0 0 1 0 1 0 1 0 0 0
50	12	0 1 0 0 1 0 0 0 0 0 0 0 1 0 0 0 0 0 1 0
50	7	0 0 0 0 1 0 0 0 1 0 0 0 0 0 0 0 0 0 0 0
50	2	0 1 0 0 1 0 0 0 1 0 0 0 1 0 0 1 1 0 0 0
50	1	0 0 1 0 0 0 0 0 0 0 0 0 1 0 1 0 0 0 0 0
50	2	0 0 1 0 0 1 1 0 0 0 0 0 1 0 0 0 0 0 0 0
50	11	0 1 1 0 1 0 1 0 0 0 0 0 0 0 1 0 1 0 0 0
50	10	0 0 0 0 1 0 0 0 1 0 0 0 1 0 0 0 1 0 0 1
50	3	1 0 1 1 0 0 0 0 0 0 0 0 1 0 0 0 0 0 0 0
50	4	1 1 1 0 0 0 0 0 0 0 0 0 1 0 0 0 0 0 0 0
50	4	1 0 1 0 0 1 0 0 0 0 0 1 0 0 0 0 0 0 0 0
50	8	0 1 1 1 1 0 1 0 0 0 0 0 1 0 1 0 1 0 0 0
50	1	0 0 0 0 1 0 0 0 0 0 0 0 0 0 0 0 1 0 0 0
50	7	0 0 0 0 1 0 0 0 0 0 0 0 1 0 0 0 0 0 0 0
50	5	0 0 0 0 1 0 0 0 0 0 0 1 1 0 0 0 1 0 0 0
50	6	0 0 0 0 1 0 0 0 1 0 0 1 1 0 0 0 1 0 0 0
50	1	0 0 0 0 0 0 0 0 1 0 1 0 1 0 1 0 1 0 0 0
50	1	0 0 0 0 1 0 0 0 1 0 0 0 1 0 0 1 1 1 0 0
50	4	0 1 1 0 1 0 1 0 0 0 0 0 1 0 1 0 0 0 0 0
50	2	0 0 1 0 0 1 1 0 0 0 0 0 0 1 0 0 0 0 0 0
50	2	0 0 1 0 0 1 0 0 0 0 1 0 0 0 0 0 0 0 0 0
50	2	0 0 0 0 0 0 0 0 1 0 0 0 1 1 0 0 1 0 0 0
50	1	0 1 0 0 1 0 0 0 1 0 0 0 0 0 1 0 1 0 0 0
50	2	0 0 1 0 0 0 0 0 0 1 0 0 0 1 0 0 0 0 0 0
50	7	0 0 1 0 0 0 0 0 0 0 0 0 1 0 1 0 1 0 0 0
50	3	0 1 1 0 1 0 1 0 0 0 0 0 1 1 0 1 1 0 0 0
50	6	0 0 1 0 0 1 0 0 0 0 0 1 0 0 0 0 0 0 0 0
50	1	0 0 0 1 1 0 0 0 1 0 0 0 1 0 0 0 1 0 0 0
50	1	0 0 1 0 0 0 0 0 0 0 0 0 1 0 0 0 0 0 0 1
50	5	0 1 1 0 0 0 0 0 0 0 1 1 0 0 0 0 1 1 1 1
50	2	0 1 1 0 1 0 1 0 0 0 1 0 1 0 1 0 1 0 0 0
50	1	0 1 1 0 0 1 0 0 0 0 0 0 1 1 0 0 1 0 0 0
50	4	0 0 0 0 1 0 0 0 1 0 0 0 1 0 0 0 0 0 0 0
50	1	0 0 0 0 1 1 0 0 1 0 0 0 1 0 1 0 1 0 0 0
50	3	0 0 1 0 0 1 0 0 0 0 0 0 1 0 1 0 0 0 0 0
50	8	0 0 0 0 0 0 0 0 1 0 0 0 1 0 0 1 1 0 0 0
50	2	0 0 0 0 1 0 0 0 1 0 0 0 1 0 0 1 1 0 1 1
50	1	0 0 1 0 1 0 0 0 1 0 0 0 1 0 0 0 1 0 0 0
50	3	1 1 1 0 0 0 0 0 0 0 0 1 0 0 0 0 0 0 0 0
50	1	1 0 1 0 0 0 0 0 0 0 0 0 0 0 0 0 0 0 0 0
50	3	0 0 0 1 1 0 0 0 0 0 0 0 1 0 0 0 1 0 0 0
50	1	0 0 0 0 0 1 0 0 0 0 0 0 0 0 0 0 1 0 0 0
50	4	0 0 0 0 1 0 0 1 1 1 0 0 1 0 0 0 1 0 0 0
50	1	0 1 0 0 1 0 0 0 1 0 0 0 1 1 0 0 1 0 0 0
50	5	0 0 1 0 1 0 0 0 1 0 0 0 1 0 0 1 1 0 1 0
50	2	0 1 0 0 0 0 0 0 0 0 0 0 1 0 0 0 0 0 0 0
50	2	0 0 0 0 0 0 0 0 0 1 0 0 0 0 1 0 0 0 0 0
50	2	0 1 1 0 0 0 0 0 0 0 0 1 1 0 0 0 1 0 0 0
50	1	0 1 1 0 0 0 0 0 0 0 0 0 1 0 0 0 1 0 0 0
50	1	0 0 0 0 0 0 0 0 1 0 0 0 0 0 0 0 0 0 1 1
50	1	0 1 0 0 1 0 0 0 1 0 0 0 0 0 0 0 0 0 0 0
50	1	1 0 0 0 0 0 0 0 0 0 0 0 0 0 0 0 1 0 0 0
50	4	0 1 1 0 1 0 0 0 0 0 0 0 1 0 0 0 1 0 0 0
50	3	0 1 0 0 0 0 0 0 0 0 1 1 0 0 0 0 1 0 0 0
50	1	0 1 0 0 0 0 0 0 0 0 0 0 0 0 0 0 1 0 0 0
50	3	1 0 0 0 0 0 0 0 0 0 0 0 0 0 1 0 0 0 0 0
50	1	0 0 0 0 0 0 0 0 1 0 0 0 1 0 1 0 0 0 0 0
50	2	0 0 1 0 0 1 0 0 0 1 0 0 1 0 0 0 0 0 0 0
50	1	0 0 0 0 1 0 0 1 1 0 0 0 0 0 0 0 1 0 0 0
50	1	0 1 1 0 0 0 0 0 0 1 0 0 1 0 0 0 1 1 0 0
50	1	0 1 0 0 0 0 0 0 1 0 0 0 0 0 0 0 0 0 0 0
50	2	0 0 1 0 0 0 0 0 0 1 0 0 0 0 1 0 1 0 0 0
50	2	0 0 1 0 0 0 0 0 0 0 0 0 1 0 0 0 1 1 0 0
50	2	0 0 1 0 1 0 0 0 0 0 0 0 1 1 0 0 1 0 0 0
50	1	1 0 1 0 0 1 0 0 0 0 0 1 0 0 0 0 1 0 0 0
50	1	0 0 0 0 1 1 0 0 0 0 0 1 1 0 0 0 0 0 0 0
100	3	0 0 1 0 0 1 0 0 0 0 0 0 0 0 0 0 0 0 0 0
100	5	0 0 1 0 0 0 0 0 0 0 0 0 1 0 0 0 0 0 0 0
100	6	0 0 1 0 0 1 0 0 0 0 0 0 1 0 0 0 0 0 0 0
100	7	0 0 0 0 1 0 0 1 1 0 0 0 1 0 0 0 1 0 0 0
100	30	0 1 1 0 1 0 1 0 0 0 0 0 1 0 1 0 1 0 0 0
100	19	0 1 1 0 0 0 0 0 0 0 0 0 1 1 0 0 1 1 0 0
100	10	1 0 1 0 1 0 0 0 0 0 0 0 0 0 0 0 0 0 0 0
100	16	0 0 1 0 0 1 0 0 0 0 0 0 1 1 0 0 1 0 0 0
100	68	1 0 1 1 0 0 0 0 0 0 0 0 1 0 0 0 0 0 0 0
100	1	1 0 1 0 0 1 0 0 0 0 0 1 0 0 0 0 0 0 0 0
100	4	0 1 1 1 1 0 1 0 0 0 0 0 1 0 1 0 1 0 0 0
100	3	0 0 0 0 0 0 0 0 1 0 0 0 1 0 0 1 1 0 0 0
100	15	0 1 1 0 0 0 0 0 0 0 0 0 1 0 0 0 1 0 0 0
100	21	0 1 1 0 0 0 0 0 0 1 0 0 1 0 0 0 1 1 0 0
100	34	0 0 1 0 1 0 0 0 0 0 0 0 1 1 0 0 1 0 0 0
100	39	0 1 1 0 1 0 1 0 1 0 0 0 1 0 0 1 1 0 0 0
100	5	0 0 1 0 0 1 0 0 0 0 0 0 1 1 0 1 1 0 0 0
100	3	0 1 1 0 0 0 0 0 0 0 0 0 0 0 0 0 0 0 0 0
100	5	0 0 0 0 1 0 0 0 1 0 0 0 1 1 0 0 1 0 0 1
100	4	0 0 0 0 1 1 0 0 1 0 0 0 1 0 0 0 1 0 0 0
100	13	0 1 1 0 0 0 0 0 0 0 1 0 1 0 0 0 0 0 0 0
100	13	0 1 1 0 0 0 0 0 0 0 0 0 1 1 0 1 1 1 0 0
100	6	0 1 1 0 1 0 1 1 1 0 0 0 1 0 0 1 1 0 0 0
100	3	1 0 1 0 1 0 1 0 0 0 0 0 1 0 0 0 1 0 0 0
100	21	1 0 0 0 0 0 0 1 1 0 0 0 1 0 1 0 1 0 0 0
100	31	0 1 1 0 1 0 1 0 1 0 0 0 1 0 0 0 1 0 0 0
100	17	0 1 1 1 1 0 0 0 1 0 0 1 1 0 0 0 1 0 0 0
100	4	0 1 1 0 0 0 0 1 0 0 0 0 1 1 0 0 1 1 0 0
100	9	1 1 1 0 1 0 1 1 0 0 0 0 1 0 1 0 1 0 0 0
100	3	1 0 1 0 0 0 0 0 0 0 1 1 0 0 0 1 0 0 0 0
100	4	0 0 0 0 1 1 0 0 1 0 0 0 1 1 0 0 1 0 0 0
100	35	1 0 1 0 0 1 0 0 0 1 0 1 0 0 0 0 0 0 0 0
100	4	0 0 1 0 1 0 0 0 0 0 0 0 1 1 0 0 1 1 0 0
100	6	0 1 1 0 1 0 1 0 1 0 0 0 1 0 0 1 1 0 1 0
100	44	0 1 1 0 1 0 0 0 1 0 0 0 0 0 0 0 0 0 0 0
100	3	0 0 0 0 1 0 0 1 1 0 0 0 1 0 1 0 1 0 0 0
100	1	0 1 1 0 1 0 0 0 1 0 0 1 0 0 0 0 1 0 0 0
100	7	0 1 1 0 1 0 1 0 0 0 0 0 1 0 0 0 1 0 0 0
100	13	0 1 1 0 1 0 1 0 0 0 0 1 1 1 0 0 1 1 0 0
100	5	0 1 1 0 0 0 0 0 0 0 0 0 1 1 1 0 1 0 0 0
100	5	0 1 1 0 0 0 1 0 0 0 1 1 1 0 1 0 1 0 0 0
100	2	0 0 0 0 1 0 0 0 1 0 0 0 1 0 1 1 1 0 0 0
100	29	0 0 1 0 1 1 0 0 0 0 0 0 1 1 0 0 1 0 0 0
100	3	0 1 1 0 1 0 1 0 0 0 0 1 1 0 0 0 1 0 0 0
100	4	0 1 1 0 1 0 0 0 1 1 0 0 1 0 0 0 1 0 0 0
100	1	1 0 1 1 0 0 0 0 0 0 1 0 1 0 0 0 0 0 0 0
100	7	0 1 1 0 0 0 1 0 0 0 1 1 0 0 1 0 1 0 0 0
100	5	1 1 1 0 1 0 1 1 1 0 0 0 1 0 0 1 1 0 0 0
100	6	0 1 1 0 0 0 1 0 1 0 0 1 1 0 0 1 1 0 0 0
100	8	0 1 1 0 1 0 1 0 1 0 0 0 1 0 0 0 0 0 0 0
100	11	0 0 1 0 0 0 0 0 0 0 1 1 0 0 0 1 0 0 0 0
100	2	0 1 1 0 0 0 0 0 1 0 0 1 1 0 0 0 1 0 0 0
100	12	1 0 1 0 0 0 0 0 0 0 1 0 1 1 1 0 1 0 0 0
100	11	0 1 1 0 0 0 1 0 1 0 0 1 1 1 0 0 1 0 0 0
100	5	1 0 1 1 0 0 0 0 0 0 0 1 1 0 0 0 0 0 0 0
100	1	1 0 0 0 0 0 0 1 0 0 0 0 1 0 1 1 1 0 0 0
100	2	0 1 1 0 1 0 1 0 0 0 0 0 1 1 0 0 1 1 0 0
100	3	0 0 1 0 1 0 0 0 0 0 0 0 1 0 0 0 0 0 0 0
100	7	1 0 1 0 0 1 0 0 0 0 0 0 1 0 0 1 1 0 0 0
100	9	0 1 1 0 0 0 0 0 0 1 0 0 1 0 0 0 1 0 0 0
100	10	0 1 1 0 1 0 1 0 0 0 0 0 1 0 0 0 0 0 0 0
100	7	0 1 1 0 0 0 0 0 0 1 0 0 1 1 0 0 1 1 0 0
100	2	1 0 1 0 1 0 1 0 0 0 0 0 1 0 0 0 0 0 0 0
100	1	0 1 1 0 1 0 1 0 1 0 0 1 1 0 0 0 1 0 0 0
100	1	0 0 1 0 1 1 0 0 0 0 0 1 1 1 0 0 1 0 0 0
100	5	0 0 1 0 0 0 0 1 1 0 0 0 1 0 1 0 1 0 0 0
100	1	0 1 1 1 0 1 0 0 0 1 0 0 0 0 0 0 0 0 0 0
100	3	0 1 1 1 1 0 0 0 1 0 0 1 1 0 0 0 1 0 1 0
100	2	0 1 1 0 1 0 0 0 1 1 0 0 1 0 0 0 0 0 0 0
100	7	0 0 0 0 1 1 0 0 0 0 0 0 1 1 0 0 1 0 0 0
100	15	1 0 1 1 1 0 1 1 1 0 0 0 1 0 0 1 1 0 0 0
100	7	0 0 1 1 0 0 0 0 0 0 0 0 1 0 0 0 0 0 0 0
100	7	0 1 1 1 1 0 1 0 1 0 0 0 1 0 0 0 0 0 0 0
100	8	0 0 1 0 1 1 1 0 1 0 0 0 1 0 0 1 1 0 0 0
100	12	0 1 1 0 0 0 0 0 0 1 0 0 1 1 1 0 1 0 0 0
100	3	0 1 1 1 1 0 0 0 0 0 0 0 1 1 0 0 1 0 0 0
100	2	1 0 0 0 0 0 0 0 0 0 0 0 1 1 0 0 1 0 0 0
100	4	0 0 0 0 0 1 0 0 1 0 0 1 0 1 0 0 1 0 0 0
100	1	1 0 1 0 1 0 0 0 0 0 0 0 0 0 1 0 0 0 0 0
100	3	0 1 1 0 1 0 0 0 0 0 0 0 1 1 0 0 1 0 0 0
100	3	0 1 1 0 1 0 1 0 1 1 0 1 1 0 0 0 1 0 0 0
100	1	0 1 1 0 1 0 0 0 0 0 0 0 1 0 1 0 1 0 0 1
100	3	1 0 1 0 1 0 0 0 0 0 0 1 0 0 0 0 0 0 0 0
100	6	0 1 1 1 0 0 0 0 0 0 0 0 1 0 0 0 1 0 0 0
100	2	1 0 1 0 1 0 1 0 0 0 1 0 1 0 0 0 1 0 0 0
100	3	1 0 0 0 0 0 0 1 1 0 0 0 1 1 1 0 1 0 0 0
100	4	0 1 1 1 1 0 0 0 1 0 0 1 1 0 0 0 1 1 0 0
100	4	1 0 1 1 0 1 0 0 0 1 0 1 0 0 0 0 0 0 0 0
100	9	0 0 1 0 0 0 0 0 0 1 0 0 1 0 1 0 1 0 0 0
100	2	0 1 1 0 0 0 0 0 0 0 0 0 0 0 0 0 1 0 0 1
100	2	1 0 0 0 0 0 0 1 1 0 0 0 1 0 1 0 1 0 1 0
100	16	1 0 1 0 1 1 0 0 0 0 0 0 1 1 0 0 1 0 0 0
100	9	0 0 1 0 1 0 0 0 0 1 0 0 1 1 0 0 1 0 0 0
100	2	0 0 1 0 0 0 0 0 0 0 0 0 1 1 0 0 1 1 0 0
100	1	0 0 1 1 0 1 0 0 0 0 0 0 0 1 0 1 1 0 0 0
100	3	0 1 1 1 1 0 1 0 1 0 0 0 1 0 0 1 1 1 0 0
100	5	1 1 1 0 1 0 1 0 1 0 0 1 1 0 0 0 1 0 0 0
100	6	0 0 1 0 0 1 0 0 0 0 0 0 1 0 1 0 1 0 0 0
100	2	0 0 1 0 0 1 0 0 0 0 0 0 1 0 0 1 1 0 0 0
100	1	1 0 1 0 0 0 0 0 0 0 0 0 1 0 0 0 0 0 0 0
100	1	0 0 1 0 0 1 0 0 0 0 0 0 1 1 0 0 0 0 0 0
100	3	1 0 1 1 0 0 0 0 0 0 0 0 1 0 0 1 1 0 0 0
100	1	0 1 1 0 1 0 1 0 0 0 0 0 1 0 0 1 1 0 0 0
100	1	0 0 1 0 0 0 0 0 0 1 0 0 0 0 0 0 0 0 0 0
100	3	0 0 1 0 0 0 0 0 0 1 0 0 1 0 0 0 1 1 0 0
100	4	0 1 0 0 1 0 0 0 1 0 0 0 0 0 0 0 0 0 0 0
100	3	0 1 1 0 0 0 0 0 0 1 0 0 1 0 0 1 1 0 0 0
100	2	0 1 1 0 1 0 1 0 1 1 0 1 0 0 0 0 0 0 0 0
100	1	0 1 1 0 0 0 0 0 0 0 1 1 0 0 0 1 0 0 0 0
100	1	1 0 1 0 0 0 0 0 0 0 1 1 1 1 0 0 1 0 0 0
100	4	0 1 1 0 1 0 1 0 0 0 0 1 1 0 0 1 1 0 0 0
100	2	0 0 1 0 0 1 0 0 1 0 0 0 1 0 0 0 1 0 0 0
100	3	0 1 1 0 0 0 0 0 0 0 0 0 1 0 0 1 1 1 0 0
100	1	0 1 1 0 1 0 0 0 1 0 1 0 0 0 0 0 0 0 0 0
100	1	0 1 1 0 0 0 1 0 1 0 0 1 1 0 0 0 1 0 0 0
100	11	1 0 1 0 1 0 0 0 0 0 0 0 0 0 1 0 1 0 0 0
100	3	0 0 1 1 0 1 0 0 0 0 1 0 0 1 0 1 1 0 0 0
100	1	0 0 1 0 0 0 0 1 1 1 0 1 0 0 0 0 0 0 0 0
100	2	0 1 1 0 1 0 0 0 1 0 0 0 1 0 0 1 1 0 0 0
100	2	1 0 1 0 0 0 0 0 0 0 1 0 1 1 0 0 1 0 0 0
100	1	0 1 1 0 0 0 0 0 0 1 0 0 1 0 0 0 0 0 0 0
100	2	0 1 1 1 1 0 0 0 0 0 0 0 0 0 0 0 0 0 0 0
100	2	1 0 1 0 0 1 0 0 0 0 0 0 1 1 0 0 1 0 0 0
100	1	1 1 1 0 0 0 1 0 0 0 1 1 1 0 1 0 1 0 0 0
100	3	0 0 1 0 1 0 0 0 0 0 0 0 1 0 0 0 0 0 1 0
100	2	0 0 1 0 1 1 0 0 0 0 0 1 0 1 0 0 1 0 0 0
100	2	0 1 1 0 1 0 0 0 1 1 0 0 1 0 0 1 0 0 0 0
100	10	1 0 1 1 1 0 1 1 1 0 0 1 1 0 0 1 1 0 0 0
100	4	0 0 1 0 1 1 1 0 1 0 0 0 1 0 0 0 1 0 0 0
100	1	1 0 1 0 0 0 0 1 0 0 0 0 1 1 0 0 0 0 0 0
100	3	0 1 1 0 0 0 0 0 0 0 0 0 1 0 0 0 0 0 0 0
100	1	0 1 1 0 0 0 0 0 0 1 0 0 1 0 0 0 1 0 1 0
100	2	0 1 1 0 0 0 0 0 0 0 1 0 1 0 1 0 1 0 0 0
100	2	1 0 1 0 0 1 0 0 0 1 0 0 1 0 0 0 1 0 0 0
100	2	1 0 1 0 0 1 0 0 0 1 0 1 0 0 1 0 1 0 0 0
100	2	0 1 1 0 1 0 1 0 1 0 0 0 1 0 0 1 1 1 0 0
100	2	1 0 1 0 1 0 1 0 0 0 0 1 1 0 0 0 1 1 0 0
100	1	0 1 1 1 0 0 0 0 0 0 0 0 1 0 0 0 0 0 0 0
100	1	0 0 1 0 0 1 0 0 0 0 0 0 1 0 0 0 1 0 0 0
100	4	1 0 1 1 0 0 0 0 1 0 0 0 1 0 0 0 0 0 0 0
100	1	0 0 0 0 0 0 0 0 1 0 0 1 1 0 0 1 1 0 0 0
100	2	0 0 0 0 1 0 0 0 0 0 0 0 1 1 0 0 1 0 0 0
100	4	0 1 1 0 0 0 0 1 0 0 0 1 1 1 0 0 1 1 0 0
100	1	0 1 1 0 1 0 0 0 1 0 0 1 0 0 0 0 0 0 0 0
100	2	0 1 1 0 1 0 0 0 0 0 0 1 0 0 0 0 1 0 0 0
100	2	0 1 1 0 1 0 1 0 1 0 0 0 1 1 0 0 0 0 0 0
100	1	1 0 1 1 0 0 0 0 0 0 0 0 0 0 0 0 0 0 0 0
100	5	0 1 1 0 0 1 1 0 1 0 0 1 1 0 0 0 1 0 0 0
100	1	1 1 1 1 1 0 1 1 1 0 0 1 1 0 0 1 1 0 0 0
100	2	1 0 1 1 0 0 0 0 0 0 0 0 1 0 0 0 1 0 0 0
100	1	0 1 1 1 1 0 0 0 0 0 0 0 1 1 0 0 1 1 0 0
100	2	0 0 1 0 1 1 0 0 0 0 0 0 1 0 0 0 1 1 0 0
100	1	0 1 1 0 1 0 0 0 1 1 0 0 1 0 0 1 1 1 0 0
100	1	0 0 1 0 1 1 0 0 0 0 0 1 0 0 0 0 0 0 0 0
100	1	0 0 0 0 0 1 0 0 0 0 0 0 1 1 0 0 1 0 0 0
100	1	0 1 1 0 0 0 1 0 0 1 0 0 1 0 0 0 1 1 0 0
100	5	0 1 0 1 1 0 0 0 1 0 0 1 1 0 0 0 1 0 0 0
100	1	0 0 1 0 0 0 0 0 0 0 1 0 1 1 1 0 1 0 0 0
100	1	1 1 1 0 0 0 0 0 0 0 0 0 0 1 0 0 0 0 0 0
100	3	0 0 1 0 1 0 0 1 0 0 0 0 1 0 0 0 0 0 0 0
100	1	1 0 1 0 0 0 0 0 0 1 0 0 1 0 1 0 1 0 0 0
100	3	0 1 1 0 0 0 1 1 1 0 0 1 1 0 0 0 1 0 0 0
100	2	0 1 1 0 1 0 0 0 1 0 0 0 1 0 0 1 1 0 0 1
150	27	0 1 1 0 1 0 1 0 0 0 0 0 1 0 1 0 1 0 0 0
150	5	0 1 1 0 0 0 0 0 0 0 0 0 1 1 0 0 1 1 0 0
150	28	1 0 1 1 0 0 0 0 0 0 0 0 1 0 0 0 0 0 0 0
150	45	0 1 1 0 0 0 0 0 0 0 0 0 1 0 0 0 1 0 0 0
150	32	0 0 1 0 1 0 0 0 0 0 0 0 1 1 0 0 1 0 0 0
150	9	0 1 1 1 1 0 0 0 1 0 0 1 1 0 0 0 1 0 0 0
150	62	1 1 1 0 1 0 1 1 0 0 0 0 1 0 1 0 1 0 0 0
150	18	1 0 1 0 0 1 0 0 0 1 0 1 0 0 0 0 0 0 0 0
150	7	0 1 1 0 1 0 0 0 1 1 0 0 1 0 0 0 1 0 0 0
150	12	0 1 1 0 1 0 1 0 1 0 0 0 1 0 0 0 0 0 0 0
150	20	0 1 1 1 1 0 1 0 1 0 0 0 1 0 0 0 0 0 0 0
150	45	0 1 1 0 0 0 0 0 0 1 0 0 1 1 1 0 1 0 0 0
150	3	0 1 1 1 0 0 0 0 0 0 0 0 1 0 0 0 1 0 0 0
150	24	1 0 1 1 0 1 0 0 0 1 0 1 0 0 0 0 0 0 0 0
150	38	1 0 1 0 1 1 0 0 0 0 0 0 1 1 0 0 1 0 0 0
150	12	0 1 1 0 0 0 0 0 0 0 1 1 0 0 0 1 0 0 0 0
150	19	1 0 1 0 0 1 0 0 0 0 0 0 1 1 0 0 1 0 0 0
150	20	1 0 1 0 0 1 0 0 0 1 0 1 0 0 1 0 1 0 0 0
150	4	1 0 1 0 1 0 0 0 0 0 0 0 0 0 0 0 1 1 0 0
150	9	0 1 1 0 0 0 0 0 0 1 0 0 1 0 0 0 1 0 0 0
150	18	0 1 1 1 1 0 0 0 1 1 0 1 1 0 0 0 1 0 0 0
150	4	1 0 1 1 1 0 1 1 1 0 0 0 1 0 0 0 0 0 0 0
150	13	0 0 1 0 1 0 0 0 0 0 0 0 1 0 0 0 0 0 0 0
150	13	1 0 1 0 0 1 0 0 1 1 0 1 1 0 0 0 1 0 0 0
150	8	0 1 1 1 0 0 0 0 0 0 0 0 1 0 0 0 1 0 0 1
150	5	0 1 1 0 0 0 1 1 1 1 0 1 1 0 0 0 1 0 1 0
150	23	1 0 1 0 0 0 0 0 0 0 0 0 1 1 0 0 1 1 0 0
150	15	0 1 1 0 1 0 0 0 0 0 0 0 1 0 0 0 1 0 0 0
150	13	1 0 1 0 0 1 1 0 0 1 0 1 0 0 0 0 0 0 0 0
150	6	0 1 1 1 1 0 1 1 1 0 0 0 1 0 0 0 0 0 0 0
150	17	0 1 1 1 1 0 0 0 1 0 0 0 1 0 0 0 1 1 0 0
150	10	1 0 1 0 0 1 0 0 1 1 0 1 0 0 0 0 0 0 0 0
150	7	0 1 1 1 1 0 1 0 1 0 0 1 1 0 0 0 0 0 0 0
150	16	0 1 1 1 1 0 1 1 0 0 0 0 1 0 1 0 1 0 0 0
150	1	1 0 1 0 1 0 1 1 0 0 0 0 1 0 0 0 0 0 0 0
150	3	0 1 1 0 1 0 1 0 1 0 0 1 1 0 1 0 1 0 0 0
150	6	1 0 1 1 1 0 1 0 0 0 0 0 1 0 1 0 1 0 0 0
150	3	1 0 1 0 0 1 0 0 1 0 0 0 1 1 0 0 1 1 0 0
150	25	1 0 1 0 1 0 0 0 0 0 0 0 1 0 0 0 0 0 0 0
150	20	0 1 1 0 1 0 1 0 1 0 0 1 1 0 0 0 1 0 0 0
150	5	0 1 1 0 0 1 1 0 1 0 0 1 1 1 0 0 1 1 0 0
150	2	0 1 1 0 0 0 0 0 1 0 0 0 1 1 0 0 1 0 0 0
150	25	0 1 1 0 0 0 0 0 0 0 0 0 1 0 1 0 1 0 0 0
150	8	0 1 1 0 1 0 0 0 0 1 1 0 1 0 1 0 1 1 0 0
150	3	0 1 1 0 1 0 1 0 0 0 0 0 1 1 0 0 1 1 0 0
150	6	0 1 1 1 1 0 0 0 0 1 0 0 1 0 1 0 1 1 0 0
150	4	1 0 1 0 0 1 0 0 1 1 0 0 1 0 0 0 1 0 0 0
150	1	0 1 1 1 0 0 0 0 0 0 0 0 1 0 0 0 0 0 0 0
150	5	0 1 1 0 1 0 1 1 0 0 0 0 1 0 1 0 1 0 0 0
150	3	0 1 0 0 1 0 1 0 1 0 0 0 1 0 0 0 0 0 0 0
150	17	0 1 1 1 0 0 0 1 0 0 0 0 1 0 0 0 1 0 0 0
150	2	0 1 1 1 1 0 1 0 0 0 0 0 1 0 0 0 0 0 0 0
150	9	0 0 1 0 0 0 0 0 0 1 0 0 1 0 0 0 1 0 0 0
150	4	1 0 1 0 0 1 1 0 0 1 0 1 0 0 0 1 0 0 0 0
150	17	0 1 1 0 0 0 0 0 0 1 0 0 1 0 0 0 1 1 0 0
150	11	1 0 1 1 0 0 0 0 0 0 0 0 1 1 0 1 1 1 0 0
150	7	1 0 1 1 0 0 0 0 0 0 0 0 1 0 0 1 0 0 0 0
150	1	1 0 1 0 1 0 1 0 0 0 0 0 1 0 1 0 1 0 0 0
150	2	1 0 1 0 1 1 0 0 0 0 0 0 1 0 0 0 0 0 0 0
150	1	0 1 1 0 1 0 1 0 1 0 0 1 1 1 0 0 1 1 0 0
150	2	0 1 1 0 1 0 1 1 1 0 0 1 1 0 1 0 1 0 0 0
150	3	0 1 1 0 0 1 1 1 1 0 0 1 1 1 0 0 1 1 0 0
150	3	1 0 1 1 0 0 0 0 0 0 0 0 1 0 0 0 1 0 0 1
150	7	0 1 0 0 0 0 0 0 0 0 0 0 1 1 0 1 1 1 0 0
150	5	0 0 1 1 1 0 1 0 0 0 0 0 1 0 1 0 1 0 0 0
150	4	0 0 1 0 1 0 0 0 0 0 0 0 1 1 1 0 1 0 0 0
150	4	1 1 1 0 1 0 1 1 0 0 0 1 1 0 0 0 1 0 0 0
150	5	0 0 1 0 1 0 0 0 0 0 0 0 1 0 0 0 1 0 0 0
150	2	0 1 1 0 0 1 0 0 0 0 0 0 1 1 0 0 1 0 0 0
150	4	1 0 1 1 0 0 0 0 0 0 0 0 1 1 0 0 0 0 0 0
150	1	1 0 1 0 1 0 0 0 0 0 0 0 1 1 0 0 1 0 0 0
150	5	0 1 1 0 0 1 0 0 0 1 0 0 1 1 1 0 1 0 0 0
150	2	1 0 1 0 1 0 0 0 1 0 0 0 0 0 0 0 1 1 0 0
150	1	0 1 1 1 0 0 0 0 0 1 0 0 1 0 0 0 1 0 0 1
150	5	1 0 0 0 0 1 0 0 1 1 0 1 0 0 0 0 0 0 0 0
150	5	0 1 1 0 1 1 1 0 0 0 0 0 1 0 1 0 1 0 0 0
150	4	0 1 1 0 0 0 0 0 0 0 0 0 1 0 0 0 1 1 0 0
150	4	1 0 1 0 1 1 0 0 0 0 0 0 1 1 0 0 1 0 0 1
150	12	1 0 1 0 0 1 1 0 0 1 0 1 0 0 0 0 1 0 0 0
150	2	1 0 1 0 1 0 0 0 0 0 0 0 1 0 0 1 0 0 0 0
150	2	0 1 1 0 0 1 1 0 1 0 0 1 1 0 0 0 1 1 0 0
150	1	1 0 1 0 0 1 1 0 0 1 0 1 0 0 1 1 0 0 0 0
150	2	0 1 1 1 1 0 1 1 0 0 0 1 1 0 0 0 1 0 0 0
150	3	1 1 0 0 1 0 1 1 0 0 0 0 1 0 1 0 1 0 0 0
150	3	1 0 1 0 0 1 0 0 1 1 0 1 1 0 0 1 1 0 0 0
150	1	1 0 1 0 0 0 0 0 1 0 0 0 1 1 0 0 1 1 0 0
150	2	0 1 0 0 1 0 0 0 0 1 1 0 1 0 1 0 1 1 0 0
150	2	1 1 1 0 1 0 1 1 0 0 0 0 1 0 0 0 0 0 0 0
150	3	0 0 1 0 1 0 0 0 0 0 0 0 1 0 0 1 0 0 0 0
150	1	0 1 1 0 0 0 1 1 1 1 0 1 1 0 1 0 1 0 0 0
150	2	1 0 1 0 0 0 0 0 0 0 0 0 1 1 0 0 1 0 0 0
150	4	0 0 1 0 0 0 0 0 0 0 0 0 1 1 0 0 1 1 0 0
150	2	0 1 1 0 0 1 0 0 0 1 0 1 0 0 0 0 0 0 0 0
150	2	0 1 1 0 1 0 1 0 0 1 0 0 1 0 1 0 1 0 0 0
150	1	0 1 1 1 0 0 1 0 1 0 0 0 1 0 0 0 0 0 0 0
150	1	1 1 1 1 0 0 0 0 0 0 0 0 1 0 0 0 1 0 0 0
150	3	1 0 1 0 1 0 1 1 0 0 0 0 1 1 0 0 0 0 0 0
150	9	1 0 1 0 1 0 1 0 0 0 0 0 1 0 0 0 0 0 0 0
150	4	1 1 1 0 0 0 0 0 0 0 0 0 1 0 1 0 1 0 0 0
150	6	1 0 1 0 0 1 0 1 1 1 0 0 0 0 0 0 1 0 0 0
150	4	1 1 1 0 1 0 0 0 0 0 0 0 1 0 0 0 0 0 0 0
150	5	1 1 1 0 1 0 1 1 0 0 0 0 1 0 1 0 1 1 0 0
150	3	1 0 1 0 0 1 0 0 0 0 0 0 1 0 0 0 1 0 0 0
150	4	0 1 1 0 1 0 0 0 0 1 0 1 0 0 0 1 0 0 0 0
150	1	0 1 1 0 0 1 1 0 1 0 0 1 1 1 0 1 1 0 0 0
150	2	0 0 1 1 1 0 0 0 0 0 0 0 1 1 0 0 1 0 0 0
150	5	1 1 1 0 1 0 1 1 0 0 0 0 1 1 1 0 1 0 0 0
150	1	1 0 1 0 0 1 0 0 0 1 0 1 0 0 0 0 0 0 0 1
150	1	0 1 1 0 0 0 0 0 0 1 0 0 1 0 0 0 1 1 1 0
150	3	1 0 1 1 0 0 0 0 0 0 0 0 1 1 0 0 1 0 0 0
150	4	1 1 1 0 1 0 1 1 0 0 0 0 1 0 1 0 0 0 0 0
150	5	1 0 1 0 0 0 0 0 0 0 0 0 1 0 0 0 1 0 0 0
150	1	0 1 1 0 0 1 0 0 0 0 0 0 1 1 0 0 1 1 0 0
150	3	1 0 1 1 0 0 0 0 0 1 0 0 1 0 0 0 0 0 0 0
150	1	1 0 0 1 0 0 0 0 0 0 0 0 1 0 0 0 0 0 0 0
150	5	0 1 1 1 1 0 1 0 1 0 0 0 1 1 0 0 0 0 0 0
150	1	0 0 1 1 0 1 0 0 0 1 0 1 0 0 0 0 0 0 0 0
150	1	1 0 1 0 0 1 0 0 1 1 1 1 0 0 0 0 0 0 0 0
150	1	0 1 1 0 1 0 1 0 0 1 0 1 0 0 0 0 1 0 0 0
150	1	1 1 1 0 0 0 0 0 1 0 0 0 1 0 0 0 1 0 0 1
150	3	1 0 1 1 1 0 1 1 1 0 0 0 1 0 0 0 1 0 0 0
150	2	0 1 1 1 1 0 0 0 1 0 0 0 1 0 0 0 0 0 0 0
150	2	1 0 1 0 1 0 1 0 1 0 0 0 1 0 0 0 0 0 0 0
150	1	0 0 1 0 0 0 0 0 0 0 0 0 1 1 0 0 0 0 0 0
150	2	0 1 1 1 1 0 1 1 1 0 0 0 1 0 0 0 0 0 0 1
150	3	1 0 1 0 0 1 0 0 1 1 0 1 0 1 0 0 0 0 0 0
150	1	0 0 1 0 0 1 1 0 1 0 0 1 1 1 0 0 1 1 0 0
150	1	1 1 1 1 0 0 0 0 0 0 0 0 1 1 0 0 1 1 0 0
150	1	0 1 1 1 1 0 0 0 1 0 0 0 1 1 0 0 0 0 0 0
200	2	1 0 1 1 0 0 0 0 0 0 0 0 1 0 0 0 0 0 0 0
200	10	0 0 1 0 1 0 0 0 0 0 0 0 1 1 0 0 1 0 0 0
200	18	0 1 1 1 1 0 0 0 1 0 0 1 1 0 0 0 1 0 0 0
200	29	1 1 1 0 1 0 1 1 0 0 0 0 1 0 1 0 1 0 0 0
200	8	1 0 1 0 0 1 0 0 0 1 0 1 0 0 0 0 0 0 0 0
200	19	0 1 1 0 0 0 0 0 0 1 0 0 1 1 1 0 1 0 0 0
200	21	0 1 1 1 0 0 0 0 0 0 0 0 1 0 0 0 1 0 0 0
200	11	1 0 1 0 1 1 0 0 0 0 0 0 1 1 0 0 1 0 0 0
200	5	1 0 1 0 0 1 0 0 0 1 0 1 0 0 1 0 1 0 0 0
200	19	0 1 1 0 1 0 0 0 0 0 0 0 1 0 0 0 1 0 0 0
200	3	0 1 1 1 1 0 0 0 1 0 0 0 1 0 0 0 1 1 0 0
200	109	0 1 1 1 1 0 1 1 0 0 0 0 1 0 1 0 1 0 0 0
200	9	1 0 1 0 1 0 0 0 0 0 0 0 1 0 0 0 0 0 0 0
200	3	0 1 1 0 1 0 1 0 1 0 0 1 1 0 0 0 1 0 0 0
200	21	0 1 1 0 0 0 0 0 0 0 0 0 1 0 1 0 1 0 0 0
200	7	1 0 1 0 0 1 0 0 1 1 0 0 1 0 0 0 1 0 0 0
200	22	0 1 1 1 0 0 0 1 0 0 0 0 1 0 0 0 1 0 0 0
200	2	0 0 1 0 0 0 0 0 0 1 0 0 1 0 0 0 1 0 0 0
200	5	1 1 1 0 1 0 1 1 0 0 0 0 1 0 0 0 0 0 0 0
200	25	1 1 1 0 1 0 1 1 0 0 0 0 1 1 1 0 1 0 0 0
200	1	0 1 1 0 0 0 1 0 1 0 0 1 1 0 0 0 1 0 0 0
200	11	0 0 1 0 1 1 0 0 0 0 0 0 1 1 0 0 1 0 0 0
200	1	0 1 1 1 1 0 0 0 0 0 0 0 1 1 0 0 1 0 0 0
200	12	0 1 1 0 0 0 0 0 0 0 0 1 0 0 0 0 1 0 0 0
200	1	1 0 1 0 0 1 0 0 0 1 0 1 0 0 1 1 1 0 0 0
200	37	0 1 1 0 1 0 1 1 0 0 0 0 1 0 1 0 1 0 0 0
200	13	0 1 1 0 0 1 0 0 0 1 1 1 0 0 0 0 0 1 0 0
200	5	0 1 1 0 0 0 0 0 0 0 1 1 0 0 0 1 1 0 0 0
200	22	0 1 1 1 1 0 1 1 0 0 0 0 1 1 1 0 1 0 0 0
200	1	1 0 1 0 1 0 0 0 0 0 0 0 1 0 1 0 1 0 0 1
200	1	0 1 1 0 1 0 1 0 1 1 0 0 1 0 0 0 1 0 0 0
200	17	1 1 1 0 1 1 0 0 1 1 0 1 0 0 0 0 0 0 0 0
200	5	1 1 1 1 0 0 0 0 0 0 0 0 1 0 0 0 1 0 0 0
200	17	0 1 1 0 1 0 1 1 0 0 0 1 0 0 0 0 0 1 0 0
200	10	1 0 1 1 0 0 0 0 0 0 0 0 1 0 0 0 1 0 1 1
200	6	1 0 1 0 1 1 0 0 0 0 0 0 1 0 0 1 0 0 0 0
200	4	0 1 1 0 1 0 1 0 1 0 0 0 1 1 0 0 1 0 0 0
200	31	0 0 1 1 0 0 0 0 0 0 0 0 1 1 0 0 0 0 0 0
200	6	0 1 1 1 1 0 1 0 1 0 0 1 1 0 0 0 1 0 0 0
200	33	0 1 1 1 1 0 1 1 0 0 0 1 1 0 0 0 1 0 0 0
200	2	0 1 1 1 1 0 0 0 0 0 0 1 1 0 0 0 1 0 0 0
200	13	0 0 1 0 1 0 0 0 0 0 0 0 1 0 1 0 0 0 0 0
200	12	1 1 1 0 1 0 0 0 0 0 0 0 1 0 0 0 1 0 0 0
200	22	0 1 1 1 1 0 0 0 1 0 0 0 1 0 0 0 1 0 0 0
200	7	0 1 1 1 1 0 1 1 0 0 0 0 1 0 0 0 1 0 0 0
200	3	1 1 1 0 0 0 0 1 0 0 0 0 1 1 1 0 1 0 0 0
200	8	1 1 1 1 1 0 1 1 0 0 0 0 1 0 1 0 1 0 0 0
200	2	0 1 1 0 0 0 0 0 0 0 0 0 1 0 0 0 0 0 0 0
200	3	0 1 1 0 0 0 1 0 0 0 0 1 0 1 0 0 0 0 0 0
200	10	0 0 1 0 0 0 0 0 0 0 0 0 1 1 0 0 1 0 0 0
200	9	1 1 1 0 0 1 0 0 0 1 0 1 0 0 1 1 1 0 0 0
200	8	0 1 1 0 1 0 1 1 0 0 0 0 1 0 1 1 1 0 0 0
200	13	1 0 1 0 0 1 0 1 0 0 0 0 1 1 0 0 0 0 0 0
200	4	1 0 1 1 0 0 0 0 0 0 0 0 1 0 0 0 1 0 0 0
200	15	0 1 1 0 1 0 0 1 0 0 0 0 1 0 0 0 1 0 1 1
200	6	0 0 1 0 0 0 0 1 0 1 0 0 1 0 0 0 1 0 0 0
200	11	0 1 1 0 1 0 1 0 0 0 0 0 1 0 0 0 1 0 0 0
200	7	1 1 1 0 1 0 1 0 0 0 0 0 1 0 0 0 1 0 0 0
200	6	1 0 1 0 1 0 0 0 0 0 0 0 1 0 1 0 1 0 0 0
200	4	1 0 1 0 0 1 0 0 0 1 0 1 1 0 0 0 1 0 0 0
200	2	1 0 1 0 1 1 0 0 1 0 0 1 1 0 0 0 1 0 0 0
200	10	0 1 1 1 0 0 1 1 0 0 0 0 1 0 1 0 1 0 0 0
200	18	1 1 1 1 1 0 1 1 0 0 0 1 1 0 0 0 1 0 0 0
200	6	0 0 1 0 1 0 0 0 0 1 0 0 0 1 0 0 0 0 0 0
200	4	0 1 1 0 1 0 1 1 0 0 0 0 1 0 0 0 1 0 0 0
200	1	0 1 1 0 0 0 1 1 0 0 0 0 1 1 1 0 1 0 0 0
200	5	0 1 1 0 0 0 0 1 0 1 0 0 1 1 1 0 1 0 0 0
200	2	1 1 1 0 1 1 0 0 1 1 0 1 0 0 0 1 0 0 0 0
200	2	1 1 1 1 1 0 0 0 0 0 0 1 1 1 0 0 1 0 0 0
200	4	0 1 1 0 0 1 0 0 0 1 1 1 0 0 0 0 0 0 0 0
200	10	1 1 1 0 1 0 1 0 0 0 0 0 1 0 1 0 1 0 0 0
200	6	0 1 1 1 0 0 0 0 0 0 0 0 1 0 1 0 1 0 0 0
200	16	0 1 1 1 0 0 1 1 0 0 0 0 1 0 0 0 1 0 0 0
200	3	1 1 0 0 1 1 0 0 1 1 0 1 0 0 0 0 0 0 0 0
200	6	1 1 1 0 1 0 1 1 0 0 0 0 1 0 1 0 1 0 0 1
200	6	0 1 1 1 1 1 0 0 1 0 0 1 1 0 0 0 1 0 0 0
200	12	0 0 1 0 1 1 0 0 0 1 0 0 1 1 0 0 1 0 0 0
200	3	0 1 1 1 1 0 1 0 1 0 0 1 1 1 0 0 1 0 0 0
200	1	1 0 1 1 1 0 1 0 1 0 0 0 1 0 0 0 0 0 0 0
200	1	0 1 1 1 1 0 1 1 0 0 0 0 1 0 1 1 1 0 0 0
200	3	0 1 0 0 1 0 1 0 1 0 0 1 1 0 0 0 1 0 0 0
200	3	0 1 0 1 0 0 1 0 1 0 0 0 1 0 0 0 0 0 0 0
200	2	0 1 1 1 1 0 1 1 1 0 0 0 1 0 1 0 1 0 0 1
200	12	0 1 1 1 1 1 1 1 0 0 0 0 1 0 1 1 1 0 0 0
200	4	0 0 1 1 0 0 1 1 0 0 0 0 1 0 1 0 1 0 0 0
200	2	0 1 1 1 1 0 0 0 1 0 0 1 1 0 0 1 1 0 0 0
200	2	0 1 1 0 1 0 0 0 0 1 0 0 1 1 1 0 1 0 0 0
200	4	0 1 1 1 0 0 0 0 0 0 0 0 0 0 0 0 1 0 0 0
200	4	1 0 1 1 0 0 0 0 0 0 0 0 1 0 0 1 1 0 1 1
200	2	0 1 1 1 1 0 1 1 1 0 0 0 1 1 1 0 1 0 1 0
200	1	1 0 1 0 1 1 0 0 0 0 0 0 1 0 0 0 1 0 0 0
200	3	0 1 1 0 1 0 0 0 0 0 0 0 0 0 0 0 1 0 0 0
200	6	0 1 1 0 1 0 0 0 0 0 0 0 1 1 0 0 0 0 0 0
200	1	0 1 1 0 0 1 0 0 0 1 0 1 0 0 1 1 1 0 0 0
200	3	0 0 1 0 1 0 1 1 0 0 0 0 1 1 1 0 1 0 0 0
200	3	1 0 1 0 0 1 0 0 0 1 0 1 0 0 1 0 1 0 0 1
200	1	0 1 1 1 1 0 1 0 0 0 0 0 1 0 1 0 1 0 0 0
200	2	0 0 1 0 0 0 0 0 0 0 0 0 1 1 0 0 0 0 0 0
200	2	0 1 1 1 1 1 1 1 0 0 0 1 1 0 0 0 1 0 1 0
200	11	0 1 1 0 1 0 1 1 0 0 1 0 1 0 0 0 1 0 0 0
200	1	0 1 1 0 0 0 0 0 0 1 0 0 1 0 1 0 1 0 0 0
200	2	1 0 1 0 1 0 0 0 0 0 0 0 0 0 0 0 1 0 0 0
200	2	0 1 1 1 0 0 1 0 1 0 0 1 1 0 0 0 1 0 0 0
200	7	1 0 1 0 1 0 1 1 0 0 0 0 1 1 1 0 1 0 0 0
200	4	0 1 1 1 1 0 0 0 1 0 0 1 1 0 0 0 1 0 1 0
200	3	0 1 1 1 1 0 0 0 1 0 1 1 1 0 0 0 1 0 0 0
200	4	0 1 0 0 0 0 0 0 0 1 0 0 1 1 1 0 1 0 0 0
200	1	0 1 1 0 0 0 0 0 0 0 0 0 1 1 1 0 1 0 0 0
200	2	1 0 1 1 0 0 0 1 0 0 0 0 1 0 0 0 1 0 1 1
200	7	0 1 1 1 1 0 1 0 0 0 0 1 1 0 0 0 1 0 0 0
200	1	0 1 0 1 0 0 1 0 1 0 1 0 1 0 0 0 0 0 0 0
200	3	0 0 1 0 1 0 0 0 0 0 0 0 1 0 0 0 1 0 0 0
200	1	1 1 1 0 1 0 1 1 0 0 0 0 1 0 0 0 1 0 0 0
200	2	0 1 1 0 0 0 0 0 0 1 0 0 1 1 0 0 1 0 0 0
200	2	0 1 1 0 0 1 0 0 0 1 0 1 0 0 1 0 1 0 0 0
200	1	0 1 1 1 0 0 1 1 0 0 0 0 1 1 1 0 1 0 0 0
200	1	1 1 1 1 1 0 1 1 1 0 0 0 1 0 1 0 1 0 0 0
200	1	0 1 1 0 1 0 0 0 0 0 0 0 1 0 0 0 0 0 0 0
200	1	0 1 1 1 1 0 1 1 0 1 1 1 0 0 0 0 0 1 0 0
200	2	1 0 1 0 1 1 0 0 0 0 0 0 1 0 1 0 1 0 0 0
200	1	1 1 1 0 1 0 0 1 0 0 0 0 1 0 1 0 1 0 0 0
200	2	1 0 1 0 0 1 0 0 0 1 0 1 0 1 1 1 1 0 0 0
200	1	1 1 1 0 1 1 0 0 1 1 1 1 0 0 0 0 0 0 0 0
200	1	0 0 1 1 0 0 0 0 0 0 0 0 1 0 0 0 0 0 0 0
200	2	1 1 1 0 0 0 1 0 0 0 0 1 0 1 0 0 0 0 0 0
200	1	0 1 1 1 0 0 1 1 0 0 0 1 1 0 0 0 1 0 0 0
200	2	1 0 1 0 0 1 0 0 0 0 0 0 1 0 0 0 0 0 0 1
200	1	0 1 1 0 1 0 1 0 0 0 0 0 0 0 0 0 1 0 0 0
200	1	0 0 1 0 1 0 0 0 0 0 0 0 1 1 0 0 0 0 0 0
200	4	0 0 1 0 1 0 1 1 0 0 0 0 1 0 1 0 1 0 0 0
250	38	0 1 1 1 1 0 0 0 1 0 0 1 1 0 0 0 1 0 0 0
250	2	0 1 1 0 1 0 0 0 0 0 0 0 1 0 0 0 1 0 0 0
250	57	0 1 1 1 1 0 1 1 0 0 0 0 1 0 1 0 1 0 0 0
250	43	0 1 1 0 0 0 0 0 0 0 0 0 1 0 1 0 1 0 0 0
250	21	0 1 1 1 0 0 0 1 0 0 0 0 1 0 0 0 1 0 0 0
250	5	1 1 1 0 1 1 0 0 1 1 0 1 0 0 0 0 0 0 0 0
250	9	0 1 1 1 1 0 1 1 0 0 0 1 1 0 0 0 1 0 0 0
250	28	0 1 1 1 1 0 1 1 0 0 0 0 1 0 0 0 1 0 0 0
250	22	0 0 1 0 0 0 0 0 0 0 0 0 1 1 0 0 1 0 0 0
250	11	0 1 1 0 1 0 1 1 0 0 0 0 1 0 1 1 1 0 0 0
250	5	1 0 1 1 0 0 0 0 0 0 0 0 1 0 0 0 1 0 0 0
250	17	0 1 1 1 0 0 1 1 0 0 0 0 1 0 1 0 1 0 0 0
250	83	0 1 1 1 0 0 0 0 0 0 0 0 1 0 1 0 1 0 0 0
250	13	0 1 1 1 1 0 1 1 0 0 0 1 1 1 1 0 1 0 0 0
250	6	1 1 1 0 1 0 1 1 0 0 0 0 1 0 1 1 1 0 0 0
250	12	1 1 1 0 1 0 1 1 0 0 0 0 1 0 1 0 0 0 0 0
250	39	0 1 1 0 0 0 0 0 0 1 0 1 0 0 0 0 1 0 0 0
250	3	0 1 1 0 1 1 0 0 0 0 0 0 1 1 0 0 1 0 0 0
250	15	1 1 1 0 1 1 0 0 0 0 0 0 1 1 0 0 1 0 0 0
250	1	0 1 1 0 1 0 0 0 0 0 1 0 1 0 0 0 1 0 0 0
250	44	0 1 1 1 0 1 1 1 0 0 0 0 1 0 1 0 1 0 0 0
250	3	1 1 1 1 1 0 1 1 0 0 0 1 1 0 0 0 0 0 0 0
250	4	1 1 1 1 0 0 0 0 0 0 0 0 1 0 0 1 1 0 1 1
250	37	0 1 1 1 1 0 1 0 1 0 0 1 1 1 0 0 1 0 0 0
250	11	1 1 1 0 1 1 0 0 0 0 0 1 1 1 0 0 1 0 0 0
250	3	1 1 1 0 1 0 1 1 0 0 0 0 1 1 1 0 0 0 0 0
250	10	0 1 1 1 0 0 0 0 0 1 0 0 1 0 1 0 1 0 0 0
250	37	0 1 1 1 0 0 0 0 0 0 0 0 0 0 0 0 0 0 0 0
250	5	0 1 1 1 1 0 1 1 0 0 1 1 1 0 0 0 1 0 0 0
250	13	0 1 1 1 0 0 1 0 0 0 0 0 1 0 1 0 1 0 0 0
250	8	1 1 1 1 0 0 1 1 0 0 0 0 1 0 1 0 1 0 0 0
250	6	0 1 1 1 1 0 1 0 1 1 0 1 0 0 0 0 0 0 0 0
250	1	0 0 1 1 0 0 0 1 0 0 0 0 1 0 0 0 1 0 0 0
250	12	0 1 1 1 0 0 1 0 1 1 0 0 1 0 0 1 1 0 0 0
250	4	0 1 1 1 1 0 0 0 1 0 0 1 1 0 1 0 1 0 0 0
250	4	0 1 1 1 0 0 0 0 0 0 0 0 1 0 0 0 1 0 0 0
250	16	1 1 1 1 1 0 1 1 0 0 0 1 0 0 0 0 0 0 0 0
250	10	0 1 1 1 0 0 1 1 0 0 0 0 1 0 1 1 1 0 0 0
250	7	0 1 1 0 0 0 0 0 1 1 0 1 0 0 0 0 1 0 0 0
250	5	0 1 1 1 0 0 1 1 0 0 1 0 1 0 1 1 1 0 0 0
250	9	1 1 1 1 1 0 1 1 1 0 0 1 0 0 0 0 0 0 0 0
250	2	0 1 1 1 0 0 0 0 0 0 0 0 0 0 1 0 1 0 0 0
250	8	0 1 1 1 1 0 1 0 0 0 0 1 0 0 0 0 1 0 0 0
250	4	1 0 1 0 0 0 0 0 1 0 0 0 1 0 1 0 1 0 0 0
250	2	0 1 1 1 0 0 1 0 0 0 0 0 1 0 0 0 1 0 0 0
250	1	0 1 1 0 1 0 1 0 0 0 0 0 0 0 1 0 1 0 0 0
250	12	1 1 1 1 1 0 1 1 1 0 0 1 0 0 1 0 0 0 0 0
250	25	0 1 1 1 0 0 1 1 1 0 0 0 1 1 1 0 1 0 0 0
250	9	0 1 1 0 1 0 0 0 0 1 0 1 0 0 0 0 1 0 0 0
250	4	0 1 1 1 1 0 1 0 0 0 0 0 1 0 1 0 1 0 0 0
250	11	1 1 1 0 1 1 0 0 1 0 0 1 1 1 0 0 1 0 0 0
250	5	1 1 1 1 1 0 1 1 1 0 1 1 0 0 1 0 0 0 0 0
250	9	0 1 1 0 1 0 1 1 0 0 0 0 1 0 1 0 1 0 0 0
250	3	1 1 0 1 0 0 0 0 0 0 0 0 0 0 0 0 0 0 0 0
250	5	0 1 1 1 0 0 1 0 1 0 0 0 1 0 1 0 1 0 0 0
250	2	1 0 1 1 0 0 0 1 0 0 0 0 1 0 0 0 1 0 0 1
250	8	0 1 1 1 1 0 0 0 1 0 0 1 0 0 0 0 0 0 0 0
250	12	1 1 1 1 1 0 0 0 1 0 0 1 1 0 0 0 1 0 0 0
250	7	1 1 1 0 1 0 1 1 0 0 0 0 1 0 1 0 0 0 0 1
250	20	0 1 1 0 1 0 0 0 0 0 0 0 1 0 1 0 1 0 0 0
250	6	0 1 1 1 1 0 0 0 0 0 0 0 1 0 1 0 1 0 0 0
250	13	0 1 1 0 0 0 0 0 0 0 0 0 1 0 0 0 0 0 0 0
250	8	0 1 1 1 0 0 0 0 1 0 0 1 1 1 0 0 1 0 0 0
250	12	0 1 1 1 1 0 1 0 0 0 0 1 0 0 0 0 1 0 0 1
250	4	1 1 1 0 1 1 1 0 1 1 0 1 0 0 0 0 0 0 0 0
250	12	0 1 1 1 0 0 0 0 0 0 0 0 1 0 1 0 1 1 0 0
250	16	1 1 1 0 1 1 0 0 1 1 0 1 1 0 0 0 0 0 0 0
250	9	0 1 1 1 0 0 1 1 1 1 0 1 0 0 0 0 1 0 0 0
250	6	1 1 1 0 1 0 0 0 0 1 0 0 1 0 1 0 1 0 0 0
250	2	0 1 1 0 1 1 0 0 1 1 0 1 1 0 0 0 0 0 1 0
250	2	0 1 1 1 1 0 0 0 1 0 1 1 1 0 0 0 1 0 0 0
250	2	0 1 1 1 0 1 1 1 0 0 0 0 1 0 1 0 1 0 0 1
250	1	0 1 1 1 0 0 1 0 0 0 0 0 1 1 0 0 1 0 0 0
250	5	0 1 1 1 0 0 1 1 0 0 0 0 1 0 0 0 1 0 0 0
250	7	0 1 1 1 0 0 0 0 1 0 0 1 1 1 0 0 1 0 0 1
250	1	0 1 1 1 1 0 1 1 0 0 0 0 1 0 1 1 1 0 0 0
250	2	0 1 1 1 0 0 0 0 0 0 1 0 1 0 1 0 1 0 0 0
250	2	0 1 1 1 0 0 0 0 0 0 0 0 1 1 1 0 1 0 0 0
250	1	0 1 1 1 1 0 1 0 1 0 0 1 1 1 0 0 0 0 0 0
250	1	0 1 1 0 0 0 1 1 0 0 0 0 1 0 1 0 1 0 0 0
250	4	0 1 1 1 0 0 0 0 0 0 0 1 0 0 0 0 0 0 0 0
250	3	1 1 1 1 1 0 1 1 1 0 0 1 0 0 1 1 0 0 0 0
250	1	0 1 1 1 1 0 0 1 0 0 1 1 1 0 0 0 0 0 0 0
250	1	0 1 1 1 0 0 0 1 0 0 0 0 1 0 1 0 1 0 0 0
250	6	1 1 1 0 1 1 0 0 1 0 0 1 0 0 1 0 0 0 0 0
250	3	0 1 1 1 0 0 0 0 0 1 0 1 1 0 1 0 1 0 0 0
250	4	1 0 1 0 0 0 0 0 1 0 0 1 1 0 1 0 1 0 0 0
250	1	0 1 1 0 1 0 0 0 0 1 0 0 1 0 1 0 1 0 0 0
250	2	0 1 1 0 0 0 0 0 0 0 0 1 1 1 0 0 1 0 0 0
250	1	0 1 1 1 0 0 0 0 0 1 0 1 1 0 0 0 0 0 0 0
250	2	0 1 1 1 1 0 0 0 1 0 1 1 1 1 0 0 1 0 0 0
250	2	1 0 1 1 0 0 0 0 0 0 0 0 1 0 0 0 1 1 0 0
250	1	0 1 1 1 0 0 0 0 1 0 0 0 1 0 1 0 1 0 0 0
250	1	0 1 1 1 0 0 0 0 0 0 0 1 1 0 1 0 1 0 0 0
250	3	1 1 1 0 0 0 0 0 0 1 0 1 0 0 0 0 1 0 0 0
250	1	0 1 1 1 1 0 1 1 0 0 1 1 1 0 0 0 1 0 1 0
250	2	0 1 1 0 0 0 0 0 0 0 0 0 0 0 0 0 1 0 0 0
250	2	0 1 1 1 0 0 0 0 0 0 0 0 0 0 0 0 1 0 0 0
250	4	0 1 1 1 0 0 1 0 0 0 0 0 1 0 0 1 1 0 0 1
250	2	1 1 1 1 1 0 1 1 1 0 1 1 0 0 1 1 1 0 0 1
250	3	0 1 1 1 1 0 1 1 0 1 0 0 1 0 1 0 1 0 0 0
250	1	0 1 0 1 0 0 1 1 0 0 0 0 1 0 1 0 1 0 0 0
250	1	0 1 1 1 1 0 1 0 1 0 0 1 1 1 1 0 1 0 0 0
250	1	0 1 1 1 0 0 0 0 0 0 0 0 0 0 1 0 0 0 0 0
250	1	0 1 1 1 0 0 0 0 0 0 0 0 0 0 1 1 1 0 0 0
250	1	1 1 1 0 1 1 0 0 1 1 0 1 1 1 0 0 1 0 0 0
250	1	1 1 1 1 1 0 0 1 1 0 0 1 1 0 0 0 1 0 0 0
250	1	0 1 1 1 1 0 0 0 1 0 1 1 1 0 0 0 1 0 0 1
250	1	0 1 1 1 0 0 1 0 1 0 0 1 1 1 0 0 1 0 0 1
250	3	0 1 1 1 1 0 1 0 1 0 1 1 1 1 0 0 0 0 0 0
300	13	0 1 1 1 1 0 0 0 1 0 0 1 1 0 0 0 1 0 0 0
300	26	0 1 1 1 1 0 1 1 0 0 0 0 1 0 1 0 1 0 0 0
300	19	0 1 1 0 0 0 0 0 0 0 0 0 1 0 1 0 1 0 0 0
300	29	0 1 1 1 1 0 1 1 0 0 0 0 1 0 0 0 1 0 0 0
300	81	0 1 1 1 0 0 0 0 0 0 0 0 1 0 1 0 1 0 0 0
300	8	0 1 1 0 0 0 0 0 0 1 0 1 0 0 0 0 1 0 0 0
300	17	0 1 1 1 1 0 1 0 1 0 0 1 1 1 0 0 1 0 0 0
300	3	1 1 1 0 1 0 1 1 0 0 0 0 1 1 1 0 0 0 0 0
300	18	0 1 1 1 0 0 0 0 0 0 0 0 0 0 0 0 0 0 0 0
300	18	0 1 1 1 1 0 0 0 1 0 0 1 1 0 1 0 1 0 0 0
300	4	1 1 1 1 1 0 1 1 0 0 0 1 0 0 0 0 0 0 0 0
300	38	0 1 1 1 0 0 1 1 0 0 1 0 1 0 1 1 1 0 0 0
300	1	0 1 1 1 1 0 1 0 0 0 0 1 0 0 0 0 1 0 0 0
300	6	0 1 1 0 1 0 1 1 0 0 0 0 1 0 1 0 1 0 0 0
300	3	1 1 1 1 1 0 0 0 1 0 0 1 1 0 0 0 1 0 0 0
300	1	0 1 1 1 0 1 1 1 0 0 0 0 1 0 1 0 1 0 0 1
300	3	0 1 1 1 0 0 0 0 0 0 1 0 1 0 1 0 1 0 0 0
300	7	0 1 1 1 1 0 1 1 1 0 1 1 0 0 1 0 0 0 0 0
300	1	1 1 1 0 1 0 0 0 0 1 0 1 1 0 0 0 1 0 0 0
300	65	0 1 1 1 0 0 1 0 1 0 0 1 1 1 0 0 1 0 0 0
300	37	0 1 1 1 0 0 1 0 1 1 0 0 0 0 0 1 1 0 0 0
300	23	0 1 1 1 0 0 1 1 0 0 0 0 1 1 1 0 1 0 0 0
300	17	1 1 1 0 1 0 1 1 1 0 1 0 1 1 1 0 1 0 0 0
300	33	0 1 1 1 1 0 0 1 1 0 0 1 1 0 0 0 1 0 0 0
300	1	1 1 1 0 1 1 0 0 0 0 0 0 1 0 1 0 1 0 0 0
300	1	1 1 1 0 1 0 1 1 0 0 0 0 1 0 0 0 0 0 0 1
300	9	0 1 1 1 1 0 1 0 1 0 0 1 1 1 1 0 1 0 0 0
300	3	0 1 0 1 1 0 1 0 0 0 0 0 1 0 1 0 1 0 0 0
300	12	0 1 1 0 1 0 1 1 0 0 1 0 1 0 1 1 1 0 0 0
300	12	0 1 1 1 0 0 1 0 0 1 0 1 1 0 0 0 1 0 0 0
300	3	0 1 1 1 0 0 0 0 0 0 0 0 1 1 1 0 1 0 0 0
300	5	0 1 1 0 1 0 0 0 1 0 0 1 1 0 1 0 1 0 0 0
300	5	0 1 1 1 1 0 1 1 0 0 0 0 0 1 1 0 1 0 0 0
300	14	0 1 1 1 0 0 1 1 1 0 1 0 1 1 0 0 1 0 0 0
300	32	0 1 1 1 0 0 0 0 0 0 0 0 1 0 1 0 0 0 0 0
300	5	0 1 1 1 1 0 0 0 1 1 0 1 1 0 1 0 1 0 0 0
300	8	0 1 1 1 0 0 1 1 0 0 1 1 1 0 1 1 1 0 0 0
300	34	0 1 1 1 0 0 0 0 1 0 0 0 1 0 1 0 1 0 0 0
300	2	1 1 1 0 1 1 1 1 0 0 0 0 1 1 1 0 0 0 0 0
300	2	1 1 0 1 1 0 1 1 0 0 0 1 0 0 0 0 0 0 0 0
300	2	0 1 1 1 0 0 1 0 1 0 0 1 1 1 0 0 1 0 1 0
300	9	0 1 1 0 0 0 0 0 0 0 0 0 1 0 0 0 0 0 0 0
300	1	1 1 1 1 1 0 1 1 0 0 0 0 1 0 1 0 1 0 0 0
300	14	0 1 1 1 1 0 1 1 1 0 1 1 0 0 1 0 1 0 0 0
300	24	0 1 1 1 0 0 1 0 1 1 0 0 1 1 1 0 1 0 0 1
300	6	0 1 1 1 1 0 1 1 1 0 0 0 1 0 0 0 1 0 0 0
300	15	0 1 1 0 0 0 0 0 0 1 0 1 0 0 1 0 1 0 0 0
300	3	0 1 1 1 1 0 1 1 1 0 1 1 0 0 1 0 0 0 1 0
300	9	0 1 1 1 1 0 1 1 0 0 0 0 1 1 1 0 1 0 0 0
300	2	0 1 1 0 0 0 0 0 1 1 0 0 0 0 0 1 1 0 0 0
300	1	1 1 1 1 1 0 1 0 0 1 0 1 1 0 0 0 1 0 0 0
300	4	0 1 1 1 1 0 1 1 0 0 0 1 1 0 0 0 1 0 0 1
300	20	0 1 1 1 0 0 0 0 0 0 0 0 0 0 1 0 1 0 0 0
300	2	0 1 1 1 1 0 0 1 0 0 1 0 1 0 1 1 1 0 0 0
300	3	1 1 1 1 1 0 1 1 1 0 0 1 1 1 0 0 1 0 0 0
300	11	0 1 1 1 1 0 1 1 1 0 0 1 0 0 0 0 1 0 0 0
300	5	0 1 1 1 1 0 0 1 1 0 1 1 1 0 0 0 1 0 0 0
300	1	0 1 1 1 0 0 0 0 0 0 0 0 1 0 1 0 0 0 0 1
300	7	0 1 1 1 0 0 0 0 0 0 0 1 0 0 0 0 1 0 0 0
300	1	0 1 0 1 0 0 0 1 0 0 0 0 1 0 1 0 1 1 0 0
300	6	0 1 1 1 0 0 1 0 1 1 0 0 1 1 1 0 0 0 0 1
300	9	0 1 1 0 0 0 0 0 0 0 0 1 1 1 0 0 1 0 0 0
300	1	0 1 1 1 1 0 1 1 1 0 1 0 1 1 1 1 1 0 0 0
300	1	0 1 1 1 0 0 1 0 1 1 0 0 1 1 1 0 1 0 0 0
300	9	0 1 1 1 0 0 0 0 0 0 0 0 1 0 1 0 1 0 0 1
300	10	0 1 1 1 0 0 1 1 1 0 1 1 0 0 1 0 0 0 0 0
300	1	1 1 1 1 1 0 1 1 1 0 1 1 0 0 1 0 0 0 0 0
300	3	1 1 1 1 0 0 0 0 0 0 1 0 1 0 1 0 1 0 0 0
300	3	0 1 1 1 1 0 1 1 1 0 1 1 0 0 0 0 1 0 0 0
300	2	0 1 1 0 1 0 0 0 0 0 1 0 1 0 1 0 1 0 0 0
300	2	0 1 0 1 1 0 0 0 0 0 0 1 0 0 1 0 1 0 0 0
300	3	0 1 0 1 0 0 1 0 1 1 0 0 1 1 0 0 1 0 0 0
300	6	0 1 1 1 1 0 1 1 0 0 0 0 1 0 1 0 1 0 0 1
300	1	0 1 0 1 1 0 1 1 0 0 0 0 1 0 0 0 1 0 0 0
300	10	0 1 1 1 0 0 0 0 0 0 1 0 0 0 0 0 0 0 0 0
300	5	0 1 1 1 0 0 1 1 1 0 0 1 1 1 0 0 1 0 0 0
300	10	0 1 1 1 1 0 1 1 0 0 1 0 1 0 0 0 0 0 0 1
300	4	1 1 1 0 1 1 1 0 0 0 0 0 1 1 1 0 0 0 0 0
300	9	1 1 1 1 1 0 1 0 0 1 0 0 1 0 0 0 1 0 0 0
300	3	0 1 1 1 1 1 1 0 1 0 0 0 1 1 0 0 1 0 0 0
300	1	0 1 1 1 0 0 0 0 0 0 0 0 0 1 1 0 1 0 0 0
300	1	0 1 1 1 0 0 0 0 0 0 0 0 0 0 0 1 0 0 0 0
300	2	0 1 1 1 1 0 1 1 1 0 1 1 0 0 1 0 0 1 0 0
300	1	0 1 0 1 0 0 1 0 1 1 0 0 0 0 0 1 1 0 0 0
300	2	0 1 1 1 1 0 0 1 1 0 0 1 1 0 0 0 1 1 0 0
300	4	0 1 1 1 0 0 0 0 0 0 0 1 1 0 1 0 0 0 0 0
300	6	0 1 1 1 1 0 1 1 1 0 0 0 1 0 0 0 1 0 1 0
300	1	1 1 1 1 0 0 1 1 1 0 0 1 1 1 0 0 1 0 0 0
300	6	0 1 1 1 0 0 1 0 1 0 0 0 0 0 0 0 0 0 0 0
300	2	0 1 1 1 1 0 1 0 1 0 0 1 0 0 0 0 1 0 0 0
300	4	0 1 1 1 1 0 1 0 1 0 0 1 1 0 1 0 1 0 0 0
300	3	0 1 1 1 1 0 0 0 1 0 0 1 1 0 0 0 0 0 0 0
300	4	1 1 1 1 1 0 1 1 0 0 0 1 0 0 0 1 0 0 0 0
300	2	0 1 1 1 0 0 1 0 1 1 1 0 0 0 0 1 1 0 0 0
300	2	0 1 1 1 1 0 1 1 1 0 0 1 1 0 0 0 1 0 0 0
300	2	0 1 1 1 0 0 0 0 1 1 0 0 0 0 0 1 1 0 0 0
300	4	0 1 1 1 0 0 1 0 0 0 0 0 1 0 1 0 0 0 0 0
300	2	0 1 1 0 1 0 1 1 1 0 1 1 0 0 1 0 0 0 0 0
300	1	0 1 1 1 0 0 1 1 1 0 1 1 0 0 1 0 1 0 0 0
300	1	0 1 1 0 0 0 0 0 0 0 0 0 1 0 1 0 1 1 0 0
300	6	0 1 1 1 0 0 0 0 0 0 0 0 1 1 1 0 0 0 0 0
300	1	0 1 1 0 1 0 0 0 0 0 0 0 1 0 1 0 1 0 0 0
300	7	0 1 1 1 1 0 1 1 0 0 0 0 1 0 1 0 0 0 0 1
300	3	0 1 1 1 1 0 0 0 1 0 0 1 1 0 1 1 1 0 0 0
300	1	1 1 1 1 1 0 1 0 1 0 0 1 1 0 0 0 1 0 0 0
300	2	0 1 1 1 0 0 1 0 1 0 1 1 0 0 1 0 0 0 0 0
300	1	0 1 1 1 0 0 0 0 0 0 0 0 1 1 0 0 1 0 0 0
300	5	0 1 1 1 0 1 0 0 0 0 0 0 1 0 1 0 1 0 0 0
300	1	0 1 1 0 0 0 0 0 0 0 0 0 1 0 1 0 0 0 0 0
300	5	0 1 0 1 0 0 1 0 0 0 0 0 1 0 1 0 1 0 0 0
300	1	0 1 1 1 1 0 1 1 1 1 1 0 1 1 1 1 1 0 0 0
300	2	0 1 1 1 0 0 1 1 1 0 0 1 1 1 0 0 1 0 1 0
300	4	0 1 1 1 0 0 0 0 0 0 0 1 1 0 1 0 1 0 0 0
300	4	0 1 1 1 1 0 0 1 1 0 1 0 0 1 1 0 1 0 0 0
300	5	0 1 1 1 0 0 1 0 1 0 0 0 1 1 1 0 1 0 0 0
300	1	0 1 1 1 1 0 1 1 0 0 0 1 1 0 0 0 1 0 0 0
300	3	0 1 0 1 0 0 1 0 1 0 0 1 1 1 0 0 1 0 0 0
300	3	1 1 1 1 0 0 1 0 1 1 0 0 0 0 0 1 1 0 0 0
300	2	0 1 0 0 1 0 1 1 0 0 1 0 1 0 1 1 1 0 0 0
300	2	0 1 1 1 1 0 1 0 1 1 0 0 1 1 1 0 1 0 0 1
300	1	1 1 1 1 1 0 1 1 0 1 0 1 1 0 0 0 1 0 0 0
300	2	0 1 1 1 1 0 1 1 0 0 0 1 1 0 0 0 0 0 0 1
300	1	0 1 0 1 1 0 1 1 0 0 0 0 1 0 0 0 0 0 0 0
300	1	1 1 1 1 1 0 0 1 1 0 0 1 1 0 0 0 1 1 0 0
300	2	0 1 1 1 1 0 1 1 0 0 1 0 1 0 1 1 1 0 0 0
300	1	0 1 1 0 1 0 1 1 0 0 0 0 1 0 0 0 1 0 0 0
300	2	0 1 1 1 0 0 1 0 1 0 0 1 1 1 0 1 1 0 0 0
300	1	1 1 1 0 1 0 1 1 1 1 0 0 0 0 0 1 1 0 0 0
300	1	0 1 1 1 1 0 1 1 1 0 0 0 1 0 0 0 1 0 0 1
300	1	0 1 1 1 1 0 1 1 0 0 1 0 1 0 1 0 1 0 0 0
300	1	0 1 1 1 1 0 0 0 1 0 0 0 1 0 1 0 1 0 0 0
300	1	0 1 1 1 1 0 1 0 1 1 0 0 1 0 0 0 1 0 0 0
300	1	0 1 1 0 0 0 0 0 0 1 0 1 0 0 0 0 1 1 0 0
300	2	0 1 1 1 0 1 1 1 0 0 1 0 1 0 1 1 1 0 0 0
300	1	0 1 1 0 0 0 1 0 1 0 0 1 1 1 0 0 1 0 0 0
300	2	0 1 1 1 0 0 1 0 1 1 0 1 0 0 0 1 1 0 0 0
300	2	0 1 0 1 0 0 1 1 0 0 0 0 1 1 1 0 1 0 0 0
300	1	0 1 1 1 0 0 1 1 0 0 0 0 1 1 1 0 1 0 0 1
300	1	0 1 1 0 1 0 1 1 0 0 1 0 1 0 1 1 0 0 0 0
300	2	0 1 0 1 1 0 1 1 1 0 0 0 1 0 0 0 1 0 0 0
300	3	0 1 1 0 0 0 0 0 0 0 0 1 1 1 0 1 1 0 0 0
300	2	0 1 1 0 1 0 0 0 0 0 1 0 1 0 0 0 1 0 0 0
300	1	0 1 1 1 0 0 0 0 0 0 1 1 0 0 0 0 0 0 0 0
350	3	0 1 1 1 1 0 1 1 0 0 0 0 1 0 1 0 1 0 0 0
350	8	0 1 1 0 0 0 0 0 0 0 0 0 1 0 1 0 1 0 0 0
350	8	0 1 1 1 1 0 1 1 0 0 0 0 1 0 0 0 1 0 0 0
350	5	0 1 1 1 0 0 0 0 0 0 0 0 1 0 1 0 1 0 0 0
350	5	0 1 1 0 0 0 0 0 0 1 0 1 0 0 0 0 1 0 0 0
350	15	0 1 1 1 0 0 0 0 0 0 0 0 0 0 0 0 0 0 0 0
350	14	1 1 1 1 1 0 0 0 1 0 0 1 1 0 0 0 1 0 0 0
350	20	0 1 1 1 0 0 1 0 1 0 0 1 1 1 0 0 1 0 0 0
350	9	0 1 1 1 0 0 1 0 1 1 0 0 0 0 0 1 1 0 0 0
350	41	0 1 1 1 0 0 0 0 0 0 0 0 1 0 1 0 0 0 0 0
350	19	0 1 1 1 0 0 0 0 0 0 0 0 0 0 1 0 1 0 0 0
350	6	0 1 1 1 1 0 1 1 1 0 0 1 0 0 0 0 1 0 0 0
350	1	0 1 1 1 1 0 0 1 1 0 1 1 1 0 0 0 1 0 0 0
350	19	0 1 1 1 0 0 0 0 0 0 0 0 1 0 1 0 1 0 0 1
350	9	0 1 0 1 0 0 1 0 1 1 0 0 1 1 0 0 1 0 0 0
350	29	0 1 1 1 0 0 1 1 1 0 0 1 1 1 0 0 1 0 0 0
350	31	0 1 1 1 1 0 1 1 0 0 1 0 1 0 0 0 0 0 0 1
350	24	0 1 1 1 1 0 1 0 1 0 0 1 1 0 1 0 1 0 0 0
350	7	0 1 1 1 1 0 1 0 1 0 0 1 1 0 0 0 1 0 0 0
350	4	0 1 1 1 0 0 0 0 1 0 0 0 1 0 1 0 0 0 0 0
350	14	1 1 1 1 1 0 1 1 0 0 0 1 0 1 0 1 0 0 0 0
350	30	0 1 1 1 1 0 1 1 0 0 1 0 1 0 0 0 1 0 0 0
350	8	0 1 1 1 0 0 0 0 0 0 0 0 1 0 0 0 0 0 0 0
350	4	1 1 1 1 1 0 1 0 0 1 1 0 1 0 0 0 1 0 0 0
350	38	0 1 1 1 0 0 0 0 0 0 0 1 1 1 0 0 1 0 0 0
350	7	0 1 1 0 1 0 0 1 0 0 0 0 1 0 0 0 1 0 0 0
350	10	0 1 1 1 1 0 1 1 1 0 0 0 1 1 1 0 1 0 0 0
350	8	1 1 1 1 0 0 1 0 1 0 0 0 1 1 1 0 1 0 0 0
350	32	0 1 1 1 1 0 1 0 1 0 0 1 0 0 0 0 1 0 0 0
350	21	0 1 1 1 0 0 0 1 0 0 0 1 1 1 0 0 1 0 0 0
350	2	0 1 1 1 1 0 1 1 1 0 0 1 0 0 0 0 1 0 0 1
350	2	0 1 1 1 0 0 0 0 0 0 0 0 1 0 1 0 1 1 0 0
350	31	0 1 1 1 0 0 1 0 0 0 0 1 1 1 0 0 1 0 0 0
350	41	0 1 1 1 1 0 0 0 0 0 0 0 1 0 1 0 1 0 0 0
350	3	0 1 0 1 0 0 1 0 1 0 0 0 1 0 1 0 1 0 0 0
350	14	1 1 1 1 0 0 0 0 0 0 0 0 0 0 0 0 0 0 0 0
350	9	0 1 1 1 1 0 1 1 1 0 0 1 1 1 0 0 1 0 0 0
350	14	0 1 1 1 1 0 1 0 0 0 0 0 0 0 0 0 0 0 0 0
350	35	0 1 1 1 0 0 0 0 0 0 0 0 0 0 0 0 0 0 0 1
350	17	0 1 1 1 0 1 0 0 1 0 0 1 1 1 1 0 1 0 0 0
350	16	0 1 1 1 1 0 1 0 0 0 0 1 1 1 1 0 1 0 0 0
350	22	0 1 1 1 1 0 1 0 0 0 0 1 1 1 0 0 0 0 0 0
350	1	0 1 1 1 0 0 1 0 1 0 0 1 0 0 1 1 0 0 0 0
350	15	1 1 1 1 0 0 1 0 0 1 1 0 1 0 0 0 1 0 0 0
350	6	0 1 1 1 1 0 1 0 1 1 0 1 1 0 0 0 1 0 0 0
350	11	0 1 1 1 1 0 1 1 0 0 1 0 1 0 1 0 1 0 0 0
350	17	0 1 1 1 0 0 1 0 1 1 0 0 1 1 1 0 1 0 0 0
350	5	0 1 1 1 0 0 0 1 0 0 0 1 1 0 0 0 1 0 0 0
350	9	0 1 1 1 1 0 0 0 1 0 0 1 1 0 0 0 1 0 0 0
350	6	0 1 1 1 1 0 0 0 0 0 0 0 1 0 1 0 0 0 0 0
350	8	0 1 1 1 0 0 0 0 0 0 0 1 1 1 1 0 1 0 0 0
350	6	0 1 1 1 1 0 1 1 0 0 1 0 1 1 1 1 1 0 0 0
350	3	0 1 1 1 0 0 1 0 0 0 0 1 1 1 0 0 0 0 0 0
350	11	0 1 1 1 0 0 0 0 0 0 0 1 1 1 0 0 1 0 0 1
350	2	0 1 1 1 0 0 1 0 1 0 0 0 0 0 0 1 1 0 0 0
350	5	0 1 1 1 0 0 0 1 0 0 0 0 1 0 1 0 0 0 0 1
350	26	1 1 1 1 0 0 1 0 1 0 0 1 1 1 0 0 1 0 0 0
350	6	0 1 1 1 0 0 0 0 0 0 0 0 0 1 1 0 1 0 0 0
350	8	0 1 1 1 0 0 0 0 0 0 1 0 0 0 0 0 0 0 0 0
350	1	0 1 1 0 0 0 0 0 0 0 0 0 1 1 1 1 1 0 0 0
350	2	0 1 1 1 0 0 1 0 0 0 0 0 0 0 1 0 1 0 0 0
350	1	0 1 1 1 1 0 0 0 1 0 0 0 1 1 1 0 0 0 0 0
350	4	1 1 1 1 0 0 0 1 1 0 0 1 1 0 0 0 0 0 0 0
350	4	0 1 1 1 0 0 0 0 0 0 0 0 1 1 0 0 0 0 0 0
350	8	1 1 1 1 1 0 1 0 1 0 0 1 1 0 0 0 1 0 0 0
350	1	0 1 0 1 0 0 1 0 0 0 0 0 1 0 1 0 1 0 0 0
350	5	1 1 1 1 0 0 0 0 0 0 0 1 1 1 0 0 0 0 0 0
350	1	0 1 1 1 0 0 1 1 1 0 0 1 0 0 0 0 1 0 0 1
350	7	0 1 1 1 0 0 0 1 1 0 0 1 1 1 0 0 1 0 0 0
350	1	0 1 1 0 1 0 0 1 0 0 0 0 1 0 0 1 1 0 0 0
350	4	0 1 1 1 1 0 1 1 1 0 0 0 0 0 0 0 0 0 0 0
350	1	0 1 1 1 0 0 1 1 1 0 0 0 1 1 1 0 1 0 0 0
350	12	0 1 1 1 0 1 0 1 0 0 0 1 1 1 0 0 1 0 0 0
350	1	0 1 1 1 0 0 0 0 0 0 0 0 0 0 0 0 0 1 0 0
350	8	0 1 1 1 0 0 1 0 1 1 0 0 0 0 0 1 0 0 0 0
350	4	0 1 1 1 1 0 1 0 1 1 0 1 1 0 1 0 1 0 0 0
350	4	0 1 1 1 0 0 0 0 1 0 0 0 1 1 0 0 0 0 0 0
350	2	1 1 1 1 0 0 0 0 0 0 0 0 1 0 1 0 1 0 0 1
350	8	0 1 1 1 1 0 0 0 0 0 0 1 1 1 0 0 1 0 0 0
350	2	0 1 1 1 0 1 0 0 0 0 0 1 1 1 0 0 1 0 0 0
350	6	0 1 1 1 1 0 1 1 1 0 0 1 0 0 0 0 1 1 0 1
350	4	0 1 0 1 0 0 1 0 1 1 0 0 1 0 0 0 1 1 0 0
350	1	0 1 1 1 1 0 0 0 1 0 0 1 1 0 1 0 1 0 0 0
350	3	0 1 1 1 0 0 1 1 1 1 0 1 1 1 0 0 1 0 0 0
350	1	0 1 1 1 1 0 0 0 0 0 0 0 1 0 0 0 1 0 0 0
350	3	0 1 1 0 0 0 0 0 0 1 0 1 0 0 0 1 1 0 0 0
350	6	0 1 1 1 1 0 1 1 1 0 0 0 1 0 1 0 1 0 0 0
350	5	0 1 1 1 0 1 0 0 1 0 0 0 1 0 1 0 0 0 0 0
350	1	0 1 0 1 0 0 1 0 0 0 0 1 1 0 1 0 1 0 0 0
350	2	0 1 1 1 1 0 0 0 0 0 0 1 0 0 0 0 1 0 0 0
350	2	0 0 1 0 0 0 0 0 0 0 0 0 1 0 1 0 1 0 0 0
350	1	0 1 1 1 1 0 1 1 1 0 1 0 1 0 0 0 0 0 0 1
350	7	0 0 1 1 0 0 0 0 0 0 0 1 1 1 0 0 1 0 0 0
350	2	0 1 1 1 0 0 0 0 0 0 1 0 0 1 0 0 0 0 0 0
350	5	0 1 1 1 1 0 1 0 0 0 0 1 1 1 0 0 1 0 0 0
350	2	0 1 1 1 0 0 1 0 1 0 0 0 1 1 1 0 1 0 0 0
350	5	1 1 1 1 1 0 1 0 0 1 1 0 1 0 0 0 0 0 0 1
350	6	0 1 1 1 1 0 1 1 1 0 0 0 1 0 1 0 0 0 0 0
350	4	0 1 1 1 0 0 0 1 0 0 0 0 1 0 0 1 1 0 0 0
350	3	0 1 0 1 1 0 1 1 0 0 0 0 1 0 1 0 1 0 0 0
350	4	0 1 1 1 0 0 0 0 0 0 0 1 1 1 0 0 0 0 0 1
350	3	0 1 1 0 0 0 1 0 1 1 0 0 0 0 0 1 0 0 0 0
350	2	0 1 1 1 0 0 1 0 1 1 0 0 0 0 0 1 0 1 0 0
350	1	1 1 1 1 1 0 1 1 0 0 1 0 1 0 0 0 0 0 0 1
350	1	0 1 1 1 0 1 0 0 1 0 0 1 0 0 0 1 1 0 0 0
350	2	1 1 1 1 0 0 0 0 0 0 0 0 1 0 1 0 0 0 0 0
350	3	0 1 1 1 1 0 1 0 1 0 0 1 1 0 1 0 1 0 0 1
350	1	0 1 1 1 1 0 1 0 1 0 0 1 1 0 0 0 1 0 0 1
350	3	1 1 1 1 1 0 1 1 0 0 1 1 0 1 0 1 0 0 0 0
350	1	0 1 1 1 1 0 1 0 1 0 0 1 0 0 0 0 1 0 0 1
350	1	0 1 1 1 0 1 0 0 0 0 0 1 1 1 1 0 1 0 0 0
350	1	0 1 1 0 1 0 0 0 0 0 0 0 1 0 1 0 0 0 0 0
350	2	0 1 1 1 0 0 0 1 0 0 0 1 1 1 1 0 1 0 0 0
350	2	1 1 1 1 1 0 1 0 1 0 0 1 1 0 0 1 1 0 0 0
350	1	0 1 1 1 0 0 1 0 1 1 1 0 0 0 0 1 0 0 0 0
350	2	0 1 0 1 0 0 0 0 0 0 0 1 1 0 1 0 1 0 0 1
350	2	0 1 1 1 0 0 0 0 0 1 1 0 1 0 0 0 1 0 0 0
350	3	0 1 1 1 0 0 1 0 1 0 0 1 1 1 0 0 0 0 0 0
350	1	0 1 1 1 0 0 0 0 0 0 0 0 1 1 1 0 0 0 0 0
350	1	1 1 1 1 0 0 1 1 1 0 0 1 1 1 0 0 1 0 0 0
350	2	1 1 1 1 1 0 1 0 1 0 0 1 1 0 0 0 0 0 0 1
350	1	0 1 0 1 0 0 1 0 1 0 0 0 1 1 1 0 1 0 0 0
350	2	0 1 1 1 0 0 1 0 1 0 0 1 1 0 1 0 1 0 0 0
350	1	1 1 1 1 1 0 0 0 1 0 0 1 1 0 0 0 0 0 0 0
350	1	1 1 1 1 1 0 0 0 1 0 0 1 1 0 1 0 1 0 0 0
350	1	0 1 1 1 0 0 1 0 1 1 0 0 0 1 0 1 1 0 0 0
350	3	0 1 0 1 0 0 1 0 1 1 0 0 1 1 0 0 0 0 0 0
350	1	0 1 1 1 0 0 1 0 0 0 0 0 1 1 0 0 1 0 0 0
350	1	0 1 1 1 1 0 0 0 0 0 0 0 1 0 1 1 1 0 0 0
400	6	0 1 1 1 1 0 1 1 0 0 0 0 1 0 1 0 1 0 0 0
400	18	0 1 1 1 0 0 0 0 0 0 0 0 1 0 1 0 1 0 0 0
400	89	0 1 1 1 0 0 0 0 0 0 0 0 0 0 0 0 0 0 0 0
400	6	0 1 1 1 0 0 1 0 1 0 0 1 1 1 0 0 1 0 0 0
400	29	0 1 1 1 0 0 0 0 0 0 0 0 1 0 1 0 0 0 0 0
400	5	0 1 1 1 0 0 0 0 0 0 0 0 0 0 1 0 1 0 0 0
400	26	0 1 1 1 0 0 1 1 1 0 0 1 1 1 0 0 1 0 0 0
400	7	0 1 1 1 1 0 1 0 1 0 0 1 1 0 1 0 1 0 0 0
400	16	0 1 1 1 1 0 1 1 0 0 1 0 1 0 0 0 1 0 0 0
400	18	0 1 1 1 0 0 0 0 0 0 0 1 1 1 0 0 1 0 0 0
400	22	0 1 1 1 0 0 0 1 0 0 0 1 1 1 0 0 1 0 0 0
400	10	0 1 1 1 0 0 1 0 0 0 0 1 1 1 0 0 1 0 0 0
400	16	0 1 1 1 1 0 0 0 0 0 0 0 1 0 1 0 1 0 0 0
400	1	0 1 1 1 0 1 0 0 1 0 0 1 1 1 1 0 1 0 0 0
400	41	0 1 1 1 1 0 1 0 0 0 0 1 1 1 0 0 0 0 0 0
400	4	0 1 1 1 1 0 1 0 1 1 0 1 1 0 0 0 1 0 0 0
400	20	0 1 1 1 0 0 0 0 0 0 1 0 0 0 0 0 0 0 0 0
400	11	0 1 1 1 0 1 0 1 0 0 0 1 1 1 0 0 1 0 0 0
400	62	0 1 1 1 0 0 1 0 1 1 0 0 0 0 0 1 0 0 0 0
400	4	0 1 1 1 1 0 1 0 0 0 0 1 1 1 0 0 1 0 0 0
400	3	1 1 1 1 1 0 1 0 1 0 0 1 1 0 0 0 0 0 0 1
400	11	1 1 1 1 0 0 0 0 0 0 0 1 1 1 0 0 0 0 0 1
400	22	0 1 1 1 1 0 0 1 1 0 0 1 1 1 0 0 1 0 0 0
400	15	0 1 1 1 0 0 1 0 1 1 0 0 0 0 1 1 0 0 0 0
400	6	1 1 1 1 1 0 1 0 1 1 0 1 1 0 0 0 1 0 0 0
400	1	0 1 1 1 0 0 0 1 0 0 0 0 1 0 1 0 0 0 0 0
400	4	0 1 1 1 0 0 0 0 1 0 0 0 1 0 0 0 0 0 0 0
400	6	1 1 1 1 0 0 1 0 1 0 0 1 0 1 0 0 1 0 0 0
400	4	0 1 1 1 1 0 1 0 1 0 0 1 0 0 0 1 1 0 0 0
400	12	0 1 1 0 1 0 1 0 0 0 1 0 1 0 0 0 1 0 0 0
400	4	0 1 1 1 1 0 1 0 1 0 0 0 1 0 0 0 1 0 0 0
400	23	0 1 1 0 0 0 0 0 0 0 0 0 1 0 1 0 0 0 0 0
400	2	0 1 1 1 0 0 0 0 0 0 0 0 0 0 0 1 0 0 0 0
400	22	0 1 1 1 0 1 0 0 1 0 0 1 1 1 1 0 0 0 0 0
400	9	0 1 1 0 1 0 1 0 1 0 0 1 1 1 0 0 1 0 0 0
400	4	0 1 1 1 1 0 1 1 1 0 0 1 1 0 0 0 1 0 0 0
400	16	1 1 1 1 0 0 0 1 0 0 1 0 1 0 1 0 1 0 0 0
400	3	0 1 1 1 0 0 0 0 0 0 0 0 0 0 1 0 0 0 0 0
400	12	0 1 1 1 0 0 0 0 0 0 0 1 1 0 1 0 1 0 0 0
400	16	0 1 1 1 1 0 1 1 0 0 1 0 1 0 0 1 0 0 0 0
400	3	0 1 1 1 0 0 0 1 0 0 0 0 0 0 0 0 0 0 0 0
400	3	0 1 1 1 0 0 1 1 1 0 0 1 1 0 0 0 1 0 0 0
400	16	0 1 1 1 1 0 0 1 1 0 1 0 1 0 0 0 0 0 0 1
400	1	0 1 1 1 0 0 0 0 0 0 0 1 1 1 0 0 0 0 0 0
400	11	0 1 1 1 1 0 1 1 1 0 1 1 1 0 0 0 1 0 0 0
400	12	0 1 1 1 0 0 1 0 1 0 0 1 1 0 1 0 1 0 0 0
400	5	1 1 1 1 0 0 0 0 0 0 0 1 1 1 0 0 1 0 0 0
400	1	0 1 1 1 1 0 0 0 0 0 0 1 1 1 0 0 1 0 0 0
400	12	0 1 1 1 0 0 1 0 1 0 0 1 1 1 1 0 0 0 0 0
400	4	0 1 1 1 0 0 1 0 1 1 0 0 0 0 0 1 1 0 0 0
400	6	0 1 1 0 1 0 1 0 1 0 0 1 1 1 0 0 1 0 0 1
400	15	0 1 1 1 1 0 1 0 1 0 0 0 0 0 0 1 1 0 0 0
400	11	0 1 1 1 1 0 0 0 0 0 0 1 1 0 0 0 1 0 0 0
400	9	0 1 1 1 0 0 0 0 1 1 0 0 0 0 0 1 0 0 0 0
400	7	0 1 1 1 0 0 0 0 0 0 0 0 0 1 0 0 0 0 0 0
400	3	0 1 1 1 0 0 0 0 0 0 0 1 1 0 1 0 0 0 0 0
400	6	0 1 1 1 1 0 1 0 0 0 0 1 1 1 0 0 1 0 0 1
400	4	0 0 1 1 1 0 0 1 1 1 1 0 1 0 0 0 0 0 0 1
400	3	0 1 1 1 1 0 1 1 0 0 1 0 1 0 0 1 1 0 0 0
400	4	0 1 1 1 1 0 0 1 0 0 0 0 1 0 1 0 1 0 0 0
400	5	1 1 1 1 1 0 1 0 1 0 0 1 1 0 1 0 0 0 0 1
400	2	1 1 0 1 1 1 1 0 1 1 0 1 1 0 0 1 1 0 0 0
400	4	1 1 1 1 0 0 1 1 0 0 0 0 0 0 1 0 0 0 0 0
400	1	0 1 1 1 0 0 0 0 0 0 0 1 1 0 0 0 0 0 0 0
400	11	0 1 1 1 0 0 0 0 0 0 1 0 1 0 1 0 0 0 0 0
400	13	0 1 1 1 0 1 1 0 0 0 0 1 1 1 0 0 1 0 0 0
400	2	0 1 1 1 0 0 0 0 0 0 1 0 0 0 0 0 1 0 0 0
400	15	0 1 1 1 0 0 0 1 0 0 0 0 1 0 0 0 0 0 0 0
400	4	0 1 1 1 1 0 1 0 1 0 0 1 0 0 0 0 1 0 0 0
400	1	0 1 1 1 1 0 1 0 1 0 1 1 0 0 0 1 1 0 0 0
400	8	0 1 1 1 0 0 0 0 0 0 0 0 1 0 0 1 1 0 0 0
400	5	0 1 1 1 0 0 0 0 0 0 0 0 1 0 0 0 0 0 0 0
400	7	0 1 1 1 0 0 1 0 0 0 0 1 1 1 0 1 1 0 0 0
400	5	1 0 1 1 1 1 1 0 1 1 0 1 1 0 0 1 1 0 0 0
400	17	1 1 1 1 0 0 0 0 0 0 1 0 1 0 1 0 1 0 0 0
400	3	0 1 1 1 1 0 1 0 1 0 0 0 0 1 0 1 1 0 0 0
400	2	0 1 1 1 0 1 0 0 0 0 0 1 1 1 0 0 1 0 0 0
400	1	0 1 1 1 1 0 1 0 1 0 0 1 1 1 0 0 1 0 0 0
400	2	1 1 1 1 1 0 0 1 0 0 1 0 1 0 1 0 1 0 0 0
400	3	0 1 1 1 1 0 1 1 0 1 0 0 1 0 1 0 1 0 0 0
400	4	0 1 1 1 0 0 1 1 0 0 0 1 1 1 0 0 1 0 0 0
400	1	0 1 1 1 0 0 0 1 0 0 0 1 1 1 0 0 1 1 0 0
400	8	0 1 1 1 0 0 1 0 1 1 0 0 0 1 0 1 0 0 0 0
400	6	0 1 1 1 1 0 1 0 1 0 0 0 1 0 0 0 0 0 0 0
400	1	0 1 1 1 1 0 1 0 0 0 1 1 1 1 0 0 1 0 0 1
400	10	0 1 1 1 1 0 1 1 0 0 1 0 1 0 1 1 1 0 0 0
400	5	0 1 0 1 1 0 1 0 0 0 0 1 1 1 0 0 0 0 0 1
400	2	0 1 1 1 0 1 0 1 0 0 0 1 1 0 0 0 1 0 0 0
400	7	0 1 1 1 1 0 0 0 0 0 0 0 0 0 1 0 0 0 0 0
400	1	1 1 1 1 1 0 1 0 1 0 0 1 1 0 1 0 0 0 0 0
400	3	0 1 1 1 1 0 1 0 1 0 0 1 1 1 0 0 0 0 0 0
400	2	1 1 0 1 1 1 0 0 1 1 0 1 1 0 0 1 1 0 0 0
400	3	0 1 1 1 0 0 1 0 1 1 0 0 0 1 0 0 1 0 0 0
400	2	0 1 1 0 0 0 0 0 0 0 0 0 1 0 1 1 0 0 0 0
400	5	0 1 1 1 1 0 0 0 0 0 0 0 1 0 1 0 1 0 0 1
400	2	0 1 1 1 1 0 1 0 0 0 0 0 0 0 0 0 0 0 0 0
400	3	0 1 1 1 0 0 0 0 0 0 0 1 1 1 0 0 1 0 1 0
400	1	1 1 1 1 1 0 1 0 1 0 0 0 1 0 0 0 1 0 0 0
400	1	1 1 1 1 1 0 1 1 0 0 0 0 0 0 1 0 0 0 0 0
400	3	0 1 1 1 1 0 1 0 1 0 0 0 0 1 0 0 1 0 0 0
400	6	0 1 1 1 0 0 0 0 0 1 0 0 0 0 1 1 0 0 0 0
400	4	0 1 1 1 0 0 0 0 0 0 0 0 1 1 0 1 1 0 0 0
400	1	1 0 1 1 1 0 1 1 0 0 0 0 0 0 1 0 0 0 0 0
400	2	0 1 0 1 1 0 1 0 0 0 0 1 1 1 0 0 0 0 0 0
400	1	0 1 1 0 0 0 0 0 0 0 0 0 1 0 1 0 1 0 0 0
400	5	0 1 1 1 1 0 0 1 1 0 1 1 1 0 0 0 1 0 0 0
400	2	0 1 1 1 1 0 1 0 1 0 1 1 1 0 0 0 1 0 0 0
400	3	0 1 1 1 0 0 1 0 1 0 0 1 1 1 1 0 0 1 0 0
400	2	0 1 1 1 1 0 1 0 1 0 0 0 0 0 0 1 0 0 0 0
400	3	0 1 1 1 1 0 1 1 1 0 0 0 0 0 0 1 1 0 0 0
400	2	0 1 0 1 0 0 0 0 0 0 0 0 1 0 0 0 0 0 0 0
400	2	0 1 0 1 1 0 1 1 0 0 1 0 1 0 1 1 1 0 0 0
400	2	0 0 1 1 1 0 0 0 0 0 0 1 1 0 0 0 1 0 1 0
400	1	0 1 1 1 1 0 0 1 1 0 1 0 1 0 0 0 0 0 0 0
400	3	0 1 1 1 0 0 1 0 1 0 1 1 1 0 0 0 1 0 0 0
400	3	0 1 1 1 0 0 0 0 1 0 0 0 0 0 1 0 1 0 0 0
400	4	0 1 1 1 1 0 1 1 1 0 0 1 1 1 0 0 1 0 0 0
400	2	0 1 1 1 0 0 0 0 1 0 0 0 0 0 0 1 0 0 0 0
400	1	0 1 1 1 0 0 1 1 1 1 0 1 1 1 0 1 0 0 0 0
400	1	0 1 0 1 1 0 1 1 0 0 1 0 1 0 0 1 1 0 0 0
400	3	0 1 1 1 0 0 0 0 0 0 0 0 1 0 0 0 1 0 0 0
400	2	0 1 1 1 0 0 1 0 1 1 0 0 0 0 0 1 0 0 0 1
400	1	0 1 1 1 1 0 0 1 1 0 1 0 1 0 0 1 1 0 0 0
400	2	1 1 1 1 0 0 1 0 1 1 0 0 0 0 1 1 0 0 0 0
400	2	0 1 1 1 0 0 1 0 0 0 0 1 1 1 0 1 1 0 1 0
400	1	0 1 1 1 0 0 1 1 1 0 0 1 1 1 0 0 1 1 0 0
400	1	0 1 1 1 1 0 0 0 0 0 1 0 1 0 1 0 1 0 0 0
400	2	0 1 1 0 1 0 1 0 0 0 0 1 1 1 0 0 0 0 0 0
400	1	0 1 1 1 0 0 1 0 0 0 0 1 1 1 0 0 0 0 0 0
400	1	0 1 1 1 0 0 0 0 0 0 1 0 0 1 0 0 0 0 0 0
400	2	1 1 1 1 1 0 1 0 1 1 0 1 1 0 0 0 1 0 1 0
400	2	0 1 1 1 1 0 0 1 1 1 1 0 1 0 0 0 0 0 0 1
400	3	1 0 1 1 1 1 1 1 1 1 0 1 1 0 0 1 1 0 0 0
400	3	0 1 1 1 0 0 1 0 1 1 0 1 1 1 1 0 0 1 0 0
400	1	0 1 1 1 0 1 1 0 1 0 0 1 1 1 1 0 0 1 0 0
450	32	0 1 1 1 0 0 0 0 0 0 0 0 0 0 0 0 0 0 0 0
450	64	0 1 1 1 1 0 1 0 0 0 0 1 1 1 0 0 0 0 0 0
450	10	0 1 1 1 0 0 1 0 1 1 0 0 0 0 0 1 0 0 0 0
450	17	0 1 1 1 1 0 1 0 0 0 0 1 1 1 0 0 1 0 0 0
450	42	0 1 1 1 0 1 0 0 1 0 0 1 1 1 1 0 0 0 0 0
450	23	0 1 1 1 1 0 1 1 1 0 0 1 1 0 0 0 1 0 0 0
450	24	0 1 1 1 0 0 0 0 0 0 0 1 1 0 1 0 1 0 0 0
450	2	0 1 1 1 0 0 1 0 1 1 0 0 0 0 0 1 1 0 0 0
450	5	0 1 1 1 0 0 0 1 0 0 0 0 1 0 0 0 0 0 0 0
450	9	0 1 1 1 0 0 0 0 0 0 0 0 1 0 0 0 0 0 0 0
450	33	0 1 1 1 0 0 1 0 1 1 0 0 0 1 0 1 0 0 0 0
450	10	0 1 1 1 0 0 0 0 0 0 0 0 1 0 0 0 1 0 0 0
450	3	0 1 1 1 0 0 0 0 0 0 0 0 0 0 0 0 0 1 0 0
450	25	0 1 1 1 0 0 1 0 1 0 0 0 0 1 0 1 0 0 0 0
450	9	0 1 1 1 1 0 1 1 0 0 1 1 1 0 0 1 0 0 0 0
450	7	0 1 1 1 1 0 1 1 0 0 1 0 1 0 1 1 0 0 0 0
450	13	0 1 1 1 1 0 0 1 1 0 1 1 1 0 1 0 0 0 0 0
450	9	0 1 1 1 1 0 0 0 0 0 0 0 1 0 0 1 1 0 0 0
450	8	0 1 1 1 1 0 1 1 0 0 0 1 1 1 0 0 0 0 0 0
450	2	0 1 1 1 0 0 0 0 0 0 0 1 1 1 0 0 0 0 0 0
450	5	0 0 1 1 0 0 1 1 1 0 0 1 1 1 0 0 1 0 0 0
450	8	0 1 1 1 1 0 1 0 1 0 0 1 1 1 0 0 1 0 0 0
450	11	0 1 1 1 1 1 0 1 1 0 1 1 1 0 1 0 0 0 0 0
450	5	0 1 1 1 0 0 0 1 0 0 0 1 1 1 1 0 0 0 0 0
450	28	0 1 1 1 1 0 1 1 0 0 1 1 1 0 0 0 0 0 0 0
450	39	0 1 1 0 1 0 1 0 1 1 0 0 0 0 0 0 0 0 0 0
450	6	0 1 0 0 0 0 0 0 0 0 0 0 1 0 1 0 0 0 0 0
450	33	0 1 1 1 1 0 1 0 0 0 0 0 0 0 0 0 0 0 0 0
450	13	0 1 1 1 0 0 1 0 1 1 0 0 1 0 0 1 0 0 0 0
450	6	0 1 1 1 0 0 0 0 0 0 0 0 0 1 0 1 0 0 0 0
450	3	0 0 1 1 0 0 1 1 1 0 0 1 1 1 0 0 0 0 0 0
450	1	0 1 1 0 0 0 1 0 0 0 0 1 1 1 0 0 0 0 0 0
450	9	0 1 1 0 1 0 1 0 1 0 0 0 0 0 0 0 0 0 0 0
450	5	0 1 1 1 0 0 1 0 1 1 0 0 0 0 0 0 0 0 0 0
450	19	0 1 1 1 0 0 1 0 1 1 0 0 1 0 1 0 0 0 0 0
450	32	0 1 1 1 0 1 0 0 1 0 0 1 1 1 0 0 0 0 0 0
450	16	0 1 1 1 1 0 0 0 0 0 0 1 1 1 0 0 0 0 0 0
450	21	0 1 1 1 1 1 0 0 1 0 0 1 1 1 1 0 0 0 0 0
450	2	0 1 1 1 0 0 1 0 1 0 0 0 0 1 0 1 0 1 0 0
450	18	0 1 1 0 1 0 1 0 0 0 0 1 1 1 0 0 0 1 0 0
450	2	0 1 1 1 0 0 0 0 0 0 1 0 0 0 0 0 0 0 0 0
450	7	0 1 1 1 0 0 0 0 0 0 0 0 0 0 0 1 0 1 0 0
450	5	0 1 1 1 1 0 0 0 0 0 0 0 0 1 0 1 0 0 0 0
450	2	1 1 1 1 1 0 1 0 1 0 0 0 0 0 1 1 0 0 0 0
450	17	0 1 1 0 1 0 1 0 1 0 0 1 1 1 0 0 0 0 0 0
450	42	0 1 1 0 1 0 1 0 1 1 1 0 1 0 0 1 0 0 0 0
450	5	0 1 1 1 0 0 0 0 0 0 0 1 1 1 0 0 0 1 0 0
450	5	1 1 1 1 0 0 1 0 1 0 0 0 0 1 0 1 0 0 0 0
450	1	0 1 1 1 0 0 0 0 0 0 0 1 1 0 0 0 0 0 0 0
450	17	1 1 1 1 1 0 1 1 0 0 1 1 1 0 0 0 0 0 0 0
450	4	0 1 1 1 1 0 0 0 0 0 1 1 0 0 1 0 1 0 0 0
450	7	1 1 1 1 1 0 1 0 0 0 0 0 1 1 0 0 1 0 0 0
450	7	0 1 1 1 0 0 1 0 1 0 0 1 1 1 1 1 0 0 0 0
450	15	0 1 1 1 0 1 0 0 1 0 1 1 1 1 1 0 0 0 0 0
450	2	0 1 1 1 1 0 0 0 1 0 0 1 1 1 0 0 1 0 0 0
450	3	0 1 1 0 1 0 1 0 1 1 0 0 0 1 0 0 0 0 0 0
450	3	0 1 1 1 1 0 1 0 0 0 0 1 1 1 0 0 0 0 0 1
450	5	0 1 1 1 1 0 1 1 0 0 0 1 1 1 1 0 0 0 0 0
450	9	0 1 1 1 1 1 0 1 1 0 1 1 1 0 0 1 0 1 0 0
450	16	0 1 1 1 0 0 1 1 1 1 0 0 1 0 1 0 0 0 0 0
450	5	0 1 1 1 0 1 0 0 1 0 0 1 1 1 1 0 0 0 0 1
450	4	0 1 1 1 0 0 0 1 0 0 0 0 1 0 0 0 0 1 0 0
450	14	0 1 1 1 0 1 0 0 1 0 1 0 0 0 1 0 1 0 0 0
450	1	0 1 1 0 1 0 1 1 0 0 1 1 1 0 0 0 0 0 0 0
450	13	0 1 1 1 1 0 1 0 0 0 1 1 1 0 0 1 0 0 0 0
450	17	0 1 1 0 1 0 1 0 0 0 0 1 1 1 0 0 0 0 0 0
450	6	0 1 0 1 0 0 1 0 1 1 0 0 1 0 0 1 0 0 0 0
450	5	0 1 1 1 1 0 1 1 1 0 0 1 1 0 0 0 0 0 0 0
450	5	0 0 1 1 0 0 1 0 1 1 0 0 0 0 0 1 0 0 0 0
450	1	0 1 1 1 1 0 1 0 0 0 1 1 1 0 0 0 0 0 0 0
450	4	0 1 0 1 0 0 1 0 0 1 0 0 0 0 0 1 0 0 0 0
450	3	0 1 1 1 0 1 0 0 1 0 1 1 1 0 1 0 0 0 0 0
450	2	0 1 1 0 1 0 1 0 1 1 0 0 0 1 0 0 0 0 1 0
450	5	0 1 1 0 1 0 1 0 0 0 0 0 1 0 0 1 1 0 0 0
450	5	0 1 1 1 0 1 0 0 1 0 0 1 1 1 1 0 1 0 0 0
450	1	0 1 0 0 0 0 0 0 0 0 0 0 0 0 1 0 0 0 0 0
450	6	0 1 1 0 0 0 1 1 0 0 0 1 1 1 0 0 0 0 0 0
450	9	0 0 1 1 0 0 1 0 1 1 0 0 0 0 0 0 0 0 0 0
450	1	0 1 1 1 0 0 0 0 0 0 0 0 0 0 0 0 0 0 0 1
450	3	0 1 1 1 0 0 1 0 0 0 0 1 1 1 0 0 0 0 0 0
450	1	0 0 1 1 0 0 1 1 1 0 0 1 1 0 0 0 0 0 0 0
450	2	0 1 1 0 1 0 1 0 1 1 0 1 1 0 0 0 1 0 0 0
450	5	0 1 1 1 0 0 0 0 0 1 0 0 0 1 0 1 0 0 0 0
450	5	0 1 1 1 0 1 1 0 0 0 1 1 1 0 0 1 0 0 0 0
450	1	0 1 1 1 0 1 0 0 1 0 1 1 1 1 1 0 1 0 0 0
450	2	0 1 1 1 0 0 1 1 1 0 0 1 1 0 0 0 1 0 0 0
450	3	0 1 0 1 0 0 0 0 0 0 0 0 1 0 0 0 0 0 0 0
450	1	0 1 1 1 1 0 0 0 1 0 1 1 1 0 1 0 0 0 0 0
450	7	0 1 0 1 0 1 1 0 1 1 0 0 0 0 0 1 0 0 0 0
450	3	0 1 0 1 0 0 1 0 1 1 1 0 0 0 0 1 0 0 0 0
450	2	0 1 1 1 1 0 0 1 0 0 0 0 0 0 0 0 0 0 0 0
450	1	0 1 1 0 1 0 1 0 1 1 0 0 0 0 0 1 0 0 0 0
450	1	0 1 1 1 0 1 0 0 1 0 0 0 0 1 0 1 0 0 0 0
450	1	0 1 1 0 1 0 1 1 1 1 0 0 1 0 1 0 0 0 0 0
450	6	1 1 1 1 1 0 1 1 0 0 1 1 1 0 0 1 1 0 0 0
450	5	1 1 1 1 1 0 1 1 0 0 1 1 1 0 1 0 1 0 0 0
450	2	0 1 0 1 0 0 1 0 1 1 0 0 0 1 0 1 0 0 0 0
450	3	0 1 1 1 1 0 0 0 0 0 0 0 1 0 0 1 1 1 0 0
450	2	0 0 1 1 0 0 1 0 1 0 0 1 1 1 0 0 0 0 0 0
450	2	0 1 1 0 1 0 1 0 1 0 0 1 1 1 1 0 0 0 0 0
450	1	0 1 1 1 0 0 0 1 1 1 0 0 1 0 1 0 0 0 0 0
450	1	0 1 1 1 0 0 1 1 1 0 0 1 1 0 0 0 0 0 0 0
450	1	0 1 1 1 0 1 0 0 1 1 0 1 1 1 1 0 0 0 0 0
450	1	0 1 1 1 1 0 1 0 0 0 0 1 0 0 0 0 0 0 0 0
450	1	0 1 1 1 1 1 0 0 1 0 0 1 1 1 1 1 0 0 0 0
450	2	0 1 1 1 0 1 0 1 1 0 1 0 0 0 1 0 1 0 0 0
450	1	0 1 1 1 0 0 1 0 1 0 0 1 1 0 1 0 1 0 0 0
450	3	0 1 1 1 1 0 1 0 0 0 0 0 0 0 1 0 0 0 0 0
450	2	0 1 1 1 0 0 1 0 1 1 0 0 1 0 1 1 0 0 0 0
450	3	0 1 1 1 0 1 0 0 1 0 0 1 1 0 1 0 1 0 0 0
450	1	0 1 1 0 1 0 1 0 1 1 0 0 1 0 0 0 0 0 0 0
450	1	1 1 1 1 1 0 1 1 0 0 1 0 1 0 1 1 0 0 0 0
450	1	1 1 1 1 1 0 1 1 0 0 0 1 1 1 0 0 0 1 0 0
450	2	0 1 1 1 1 0 0 0 0 0 1 1 1 0 0 0 1 0 0 0
450	2	0 1 1 1 0 0 0 0 0 0 0 0 1 0 1 0 0 0 0 0
450	2	0 1 1 1 1 0 1 1 1 0 0 1 0 0 0 0 1 0 0 0
450	1	0 1 1 0 0 0 0 0 0 0 0 1 1 0 1 0 1 0 0 0
450	1	0 1 1 1 1 0 1 0 1 1 0 0 0 1 0 1 0 0 0 0
450	2	0 1 1 1 0 0 1 0 0 0 0 0 0 1 0 1 0 0 0 0
450	2	0 1 1 1 0 0 0 0 0 0 0 1 0 1 0 1 0 0 0 0
450	1	0 1 1 0 1 0 1 0 0 0 0 1 1 1 0 0 1 1 0 0
450	1	1 1 1 1 1 0 1 0 1 0 0 0 0 0 1 1 0 0 1 0
450	1	0 1 1 1 1 0 1 0 1 0 0 1 1 1 0 0 0 0 0 0
500	107	0 1 1 1 0 0 0 0 0 0 0 0 0 0 0 0 0 0 0 0
500	27	0 1 1 1 1 0 1 0 0 0 0 1 1 1 0 0 0 0 0 0
500	99	0 1 1 1 0 0 0 0 0 0 0 0 1 0 0 0 0 0 0 0
500	12	0 1 1 1 0 0 1 0 1 1 0 0 0 1 0 1 0 0 0 0
500	6	0 1 1 1 0 0 1 0 1 0 0 0 0 1 0 1 0 0 0 0
500	1	0 1 1 1 1 0 1 1 0 0 1 1 1 0 0 0 0 0 0 0
500	3	0 1 1 0 1 0 1 0 1 1 0 0 0 0 0 0 0 0 0 0
500	45	0 1 1 1 1 0 1 0 0 0 0 0 0 0 0 0 0 0 0 0
500	37	0 1 1 1 0 1 0 0 1 0 0 1 1 1 0 0 0 0 0 0
500	19	0 1 1 1 1 0 0 0 0 0 0 1 1 1 0 0 0 0 0 0
500	16	0 1 1 1 1 1 0 0 1 0 0 1 1 1 1 0 0 0 0 0
500	12	1 1 1 1 1 0 1 1 0 0 1 1 1 0 0 0 0 0 0 0
500	17	0 1 1 1 1 1 0 1 1 0 1 1 1 0 0 1 0 0 0 0
500	17	0 1 1 1 0 1 0 0 1 0 0 1 1 0 0 0 0 0 0 0
500	2	0 1 1 1 1 0 1 0 0 0 1 0 1 0 1 1 0 0 0 0
500	22	0 1 1 1 1 0 1 1 0 0 0 1 1 0 0 1 0 0 0 0
500	7	0 1 1 1 0 0 1 0 1 1 0 0 0 1 0 0 0 0 0 0
500	30	0 1 1 1 1 1 1 1 1 0 1 1 1 0 1 0 0 0 0 0
500	5	0 1 1 0 1 0 1 0 0 0 0 0 0 0 0 0 0 0 0 0
500	1	0 1 1 1 0 0 1 0 1 1 0 0 0 1 1 0 0 0 0 0
500	4	0 1 1 1 1 0 1 1 0 0 0 1 0 0 0 1 0 0 0 0
500	33	1 1 1 1 1 0 1 1 0 0 1 0 1 0 0 0 0 0 0 0
500	11	0 1 1 1 0 0 0 0 0 0 0 0 0 0 0 0 0 0 0 1
500	11	0 1 1 1 0 1 0 0 1 0 0 1 1 0 0 0 0 0 0 1
500	4	0 1 1 1 1 0 1 0 1 1 0 0 0 0 0 0 0 0 0 0
500	17	0 1 1 1 0 0 0 1 0 0 0 0 1 0 0 0 0 0 0 1
500	2	0 1 1 1 0 0 0 0 0 0 0 0 1 0 0 0 1 0 0 0
500	2	0 1 1 1 0 0 0 0 0 0 0 1 0 0 0 0 1 0 0 0
500	17	0 1 0 1 0 0 0 1 0 0 0 1 1 1 1 0 0 0 0 0
500	8	0 1 1 1 0 1 0 0 1 0 0 1 0 0 0 0 0 0 0 0
500	8	0 1 1 1 1 0 1 1 0 0 0 1 1 0 0 0 0 0 0 0
500	5	0 1 1 1 0 0 0 0 0 0 0 0 1 0 0 0 0 1 0 0
500	41	0 1 1 1 0 1 0 0 1 0 0 0 0 0 0 0 0 0 0 0
500	17	0 1 1 0 1 0 1 0 1 1 1 0 0 0 0 0 0 0 0 0
500	6	0 0 1 1 0 0 1 0 1 1 0 1 1 1 0 0 0 0 0 0
500	2	0 1 1 0 1 1 0 1 1 0 1 1 1 0 1 0 0 0 0 0
500	9	0 1 1 0 1 0 1 0 0 0 0 0 0 0 0 0 1 0 0 0
500	7	1 1 0 1 0 0 1 0 1 1 0 0 0 0 0 0 0 0 0 0
500	17	0 1 0 1 0 1 1 0 0 1 0 0 0 0 0 1 0 0 0 0
500	2	0 1 1 0 1 0 1 0 1 1 0 1 1 0 0 0 0 0 0 0
500	8	0 1 1 1 0 0 1 1 0 0 1 0 1 1 1 0 0 1 0 0
500	4	0 1 1 1 0 0 0 0 0 0 0 0 0 0 0 1 0 0 0 0
500	9	0 1 1 1 0 0 1 0 1 0 0 0 0 1 0 1 0 1 0 0
500	2	0 1 1 1 0 0 0 0 0 0 0 0 0 0 0 0 1 0 0 0
500	25	0 1 1 1 1 0 0 0 0 0 0 0 0 0 0 0 0 0 0 0
500	2	1 1 0 1 0 0 1 0 1 1 0 1 0 0 0 0 0 0 0 0
500	10	0 1 1 1 0 0 0 0 1 0 0 1 1 1 1 0 0 0 0 0
500	2	0 1 1 1 0 0 1 1 0 0 0 0 1 1 1 0 0 1 0 0
500	4	0 1 1 1 1 1 0 0 1 0 0 1 1 1 0 0 1 0 0 0
500	4	0 1 1 1 0 1 0 0 1 0 0 1 0 1 0 0 0 0 0 0
500	2	0 1 1 1 1 0 1 0 0 0 1 0 1 0 1 1 1 0 0 0
500	4	0 1 1 1 0 0 1 1 0 0 1 0 1 0 1 0 0 0 0 0
500	5	0 1 0 1 0 0 0 1 0 0 0 1 1 1 1 0 0 0 1 0
500	11	0 1 1 1 1 0 0 0 0 0 0 0 1 0 0 0 0 0 0 0
500	6	0 1 1 1 0 1 0 1 1 0 1 1 1 0 0 1 0 0 0 0
500	2	0 1 1 1 1 1 1 0 0 0 0 1 1 1 0 0 0 0 0 0
500	9	0 1 1 1 1 0 0 0 0 0 1 1 1 0 1 0 0 0 0 0
500	2	0 1 1 1 1 1 0 0 1 1 0 0 0 0 1 1 0 0 0 0
500	3	0 1 1 1 1 0 1 0 0 0 0 0 0 0 0 0 1 0 0 0
500	4	0 1 1 1 0 0 1 1 0 0 0 0 1 1 1 0 0 0 0 0
500	4	0 1 1 1 0 0 0 0 0 0 0 1 1 0 0 0 0 0 0 0
500	5	1 1 1 1 1 0 1 1 0 0 0 1 1 0 0 0 0 0 0 0
500	4	0 1 1 1 0 1 1 0 1 0 0 0 0 0 0 0 0 0 0 0
500	4	0 1 1 1 0 0 1 0 1 0 0 0 0 1 1 1 0 1 0 0
500	1	0 1 1 1 1 0 0 0 0 0 0 0 0 1 0 1 0 0 0 0
500	6	0 1 1 1 1 1 1 1 1 0 1 1 0 0 1 0 1 0 0 1
500	1	0 1 1 1 0 0 0 0 1 0 0 0 0 0 0 0 0 0 0 0
500	1	0 1 1 0 0 1 0 0 1 0 0 1 1 1 0 0 0 0 0 0
500	4	0 1 0 1 0 1 1 0 1 1 0 0 0 0 0 1 0 0 1 0
500	2	0 1 1 1 0 1 0 0 1 0 0 0 0 0 0 0 0 1 0 0
500	6	1 1 0 1 0 0 1 0 1 1 0 1 0 0 0 0 1 0 0 0
500	5	0 1 1 1 0 0 0 0 0 0 0 0 0 1 0 1 0 0 1 0
500	2	0 1 1 1 1 1 0 0 1 0 0 1 1 1 0 0 0 0 0 0
500	7	0 1 0 1 0 0 0 1 0 0 0 1 1 1 0 0 0 0 0 0
500	7	0 1 1 1 0 0 1 0 1 1 0 0 0 0 0 1 0 0 0 0
500	2	0 1 1 1 0 1 0 0 1 0 1 1 0 0 0 0 0 0 0 0
500	3	0 1 1 1 0 1 0 0 1 0 0 1 1 0 0 0 0 1 1 0
500	7	0 1 1 1 0 1 1 0 1 0 0 0 0 1 0 0 0 0 0 0
500	3	0 1 1 1 1 1 1 0 1 0 0 1 1 1 0 0 0 0 1 0
500	3	0 1 1 1 1 1 0 0 1 0 0 0 0 0 0 0 0 0 0 0
500	1	0 1 1 1 0 0 0 1 1 0 1 1 1 0 0 1 0 0 0 0
500	1	0 0 1 1 0 0 1 1 1 0 0 1 1 1 1 0 1 0 0 0
500	1	0 0 1 1 0 1 1 1 1 0 0 1 1 1 0 0 1 0 0 0
500	4	0 1 1 1 1 0 0 0 0 0 0 0 0 0 0 0 1 0 0 0
500	3	0 1 1 1 0 0 0 0 0 0 1 1 1 0 1 0 0 0 0 0
500	2	0 1 1 1 0 1 0 1 1 0 1 0 0 0 0 0 0 0 0 0
500	2	0 1 1 1 0 1 0 0 1 0 0 1 1 1 1 0 0 0 0 0
500	8	0 1 1 1 1 1 0 1 1 0 0 1 1 0 0 1 0 0 0 0
500	3	0 1 1 1 0 0 0 1 0 0 0 0 1 0 0 0 0 0 0 0
500	4	0 1 1 1 1 1 1 1 1 0 0 1 1 0 1 0 0 0 0 0
500	7	0 1 1 0 0 0 0 0 1 0 0 1 1 1 1 0 0 0 0 0
500	3	0 1 1 1 1 1 1 0 0 0 1 1 1 1 0 0 0 0 0 0
500	2	0 1 1 1 0 1 0 0 1 0 0 1 1 1 1 0 1 0 0 0
500	2	0 1 1 1 0 0 0 0 1 1 0 0 0 0 0 0 0 0 0 0
500	1	0 0 1 1 0 0 0 0 0 0 0 0 0 1 0 1 0 0 0 0
500	3	0 1 1 1 0 1 0 0 1 0 0 1 1 0 0 0 0 1 0 0
500	3	0 1 1 0 1 1 0 1 1 0 1 0 1 0 0 1 0 0 0 0
500	3	0 1 1 1 0 0 1 0 0 0 0 1 1 1 0 0 0 0 0 0
500	2	1 1 1 1 1 0 1 0 0 0 0 1 1 1 0 0 0 0 0 0
500	1	0 1 1 1 1 0 1 0 0 1 0 1 1 1 0 0 0 0 0 0
500	2	0 1 1 0 1 1 1 1 1 0 1 1 1 0 1 0 0 0 0 0
500	3	0 1 1 1 1 1 1 1 1 0 1 1 1 0 1 0 0 0 1 0
500	2	1 1 1 1 0 0 1 0 1 1 0 0 0 1 1 0 0 0 0 0
500	2	0 1 1 1 0 1 0 0 1 0 0 1 1 0 0 0 1 0 0 1
500	2	0 1 1 1 0 1 0 0 1 0 0 0 0 0 0 0 1 0 0 0
500	3	0 1 0 0 1 0 1 0 1 0 0 1 0 0 0 0 0 0 0 0
500	1	0 1 0 1 1 1 0 0 1 1 0 0 0 0 1 1 0 0 0 0
500	1	0 1 1 1 0 0 0 1 0 0 1 0 1 0 0 0 0 0 0 0
500	1	0 1 1 1 1 0 1 0 0 0 0 1 1 0 0 0 0 0 0 0
500	2	0 1 1 1 0 0 1 0 1 1 0 1 1 0 1 0 0 0 0 0
500	1	0 1 1 1 0 0 1 0 1 0 0 0 0 1 0 0 0 1 0 0
500	1	1 1 1 1 1 0 1 1 0 0 1 1 1 0 0 0 0 1 0 0
500	1	0 1 1 1 0 1 0 0 0 0 0 0 0 0 0 0 0 0 0 0
500	2	0 1 1 1 0 1 0 0 1 0 0 1 1 1 1 1 0 0 0 0
500	3	0 1 1 1 0 0 1 0 0 0 0 0 0 0 0 0 0 0 0 0
500	1	1 1 1 1 0 0 0 0 0 0 0 0 1 0 0 0 0 0 0 0
500	1	0 1 1 1 0 0 0 0 0 1 0 0 1 0 0 0 0 0 0 0
500	3	0 1 1 1 1 0 1 0 0 0 0 0 0 0 0 1 0 0 0 0
500	1	0 1 1 1 0 0 1 0 0 0 1 0 1 0 1 1 0 0 0 0
500	1	0 1 1 1 0 0 1 1 1 1 0 0 0 1 0 0 0 0 0 0
500	1	1 1 1 1 1 0 1 1 0 1 1 0 1 0 0 0 0 0 0 0
500	2	1 1 1 1 1 0 1 1 0 0 1 0 1 0 1 0 0 0 0 0
500	1	0 1 1 0 1 0 1 0 1 1 1 0 0 0 0 0 0 1 0 0
500	1	1 1 0 1 0 0 1 0 1 0 0 0 0 0 0 0 0 0 0 0
500	1	0 1 0 1 1 0 0 0 0 0 0 0 0 0 0 0 1 0 0 0
500	1	0 1 1 0 1 1 1 0 1 0 1 1 1 0 1 0 0 0 0 0
