0	250	0 0 1 0 0 0 0 0 0 0 0 0 1 0 1 0 1 0 0 0
0	250	0 0 0 0 0 0 0 0 1 0 0 0 1 0 0 0 0 0 0 0
0	250	0 1 0 1 0 0 1 1 0 0 1 0 1 1 0 0 0 0 0 1
0	250	0 0 0 0 0 0 0 0 0 0 0 0 0 0 0 0 0 0 0 1
50	1	0 0 1 0 0 0 0 0 0 0 0 0 1 0 1 0 1 0 0 0
50	321	0 1 0 1 0 0 1 1 0 0 1 0 1 1 0 0 0 0 0 1
50	88	0 1 0 1 0 0 1 1 0 0 1 0 1 1 0 0 0 0 0 0
50	53	0 1 0 1 0 0 1 1 0 0 1 0 1 1 0 1 0 0 0 1
50	65	0 1 0 1 0 0 1 1 1 0 1 0 1 1 0 0 0 0 0 1
50	6	0 1 0 1 0 0 1 1 0 0 1 1 1 1 0 0 0 0 0 1
50	5	0 0 0 1 0 0 1 1 0 0 0 0 1 1 0 0 0 0 0 1
50	14	0 1 1 1 0 0 1 1 0 0 1 0 1 1 0 0 0 0 0 1
50	7	0 1 0 1 0 0 0 0 0 1 0 0 1 0 1 0 1 0 0 0
50	3	0 1 0 1 0 0 1 1 0 0 1 0 1 1 1 0 1 0 0 0
50	16	0 0 1 1 0 0 1 1 0 0 1 0 1 1 0 1 0 0 0 1
50	13	0 1 0 1 0 0 1 1 0 0 0 0 0 0 1 0 0 0 0 1
50	42	0 0 1 0 0 0 1 1 0 0 1 0 1 1 0 0 0 0 0 0
50	19	0 0 1 0 0 0 1 1 0 0 1 0 1 1 0 0 0 0 0 1
50	4	0 0 1 1 0 0 1 1 0 0 1 0 1 1 0 0 0 0 0 1
50	6	0 1 0 1 1 0 1 1 0 0 1 0 1 1 0 0 0 0 0 1
50	8	0 1 0 1 0 0 1 1 0 0 1 0 1 1 0 0 0 0 1 1
50	2	0 1 0 1 0 0 1 1 0 0 1 0 1 1 0 0 0 0 1 0
50	18	0 1 1 1 0 0 1 1 0 0 1 0 1 1 0 1 0 0 0 1
50	4	0 0 0 0 0 1 1 1 0 0 1 0 1 1 0 0 0 0 0 1
50	9	0 1 1 1 0 0 1 1 0 0 1 0 1 1 0 0 0 0 0 0
50	6	0 1 0 0 0 0 1 1 0 0 1 0 1 1 0 0 0 0 0 1
50	36	0 0 0 1 0 0 1 1 0 0 1 0 1 1 0 0 0 0 0 1
50	10	0 1 0 1 0 0 1 1 0 0 1 0 1 0 0 0 0 0 0 1
50	10	0 1 0 1 0 0 1 1 0 0 1 0 1 1 1 0 0 0 0 1
50	4	0 1 0 1 0 0 1 1 1 1 1 0 1 1 0 0 0 0 0 1
50	2	0 1 0 1 0 0 0 1 0 0 1 0 1 1 0 0 0 0 0 1
50	6	0 1 0 1 0 0 1 0 0 0 1 0 1 1 0 0 0 0 0 1
50	20	0 1 0 1 1 0 1 1 0 0 1 0 1 1 0 1 0 0 0 1
50	4	0 0 1 0 0 0 0 0 0 0 1 0 1 1 0 0 0 0 0 1
50	5	0 1 0 1 0 0 1 1 0 0 1 1 0 0 1 0 0 0 0 1
50	19	0 1 0 1 0 0 1 1 0 0 0 0 1 1 0 0 0 0 0 1
50	12	0 1 0 1 0 0 1 1 0 0 0 0 1 1 0 1 0 0 0 1
50	26	0 1 0 1 0 1 1 1 0 0 1 0 1 1 0 1 0 0 0 1
50	1	0 1 0 1 0 1 1 1 1 0 1 0 1 1 0 0 0 0 0 1
50	7	0 1 0 1 0 0 1 1 0 0 1 0 1 1 0 0 1 0 0 1
50	5	0 1 0 1 0 0 1 1 0 0 1 0 1 1 0 1 1 0 0 1
50	4	0 1 0 1 0 0 1 0 0 1 0 0 1 0 1 0 1 0 0 0
50	4	0 0 1 0 0 0 1 1 0 0 1 0 1 1 0 1 0 0 0 1
50	6	0 1 0 1 0 0 1 1 0 0 1 0 1 0 0 0 1 0 0 0
50	16	0 0 0 0 0 1 1 1 0 0 1 0 1 1 1 0 0 0 0 1
50	2	0 1 0 1 0 0 1 0 1 0 1 0 1 1 0 0 0 0 0 0
50	3	0 1 0 1 0 0 1 1 0 0 1 0 1 1 0 1 0 0 0 0
50	3	0 1 0 1 0 0 1 1 0 0 0 0 1 0 1 0 0 0 0 1
50	6	0 1 0 1 0 0 1 1 0 0 0 0 1 1 0 0 0 0 0 0
50	5	0 1 0 1 0 0 1 1 1 0 1 0 1 1 0 0 0 0 0 0
50	1	0 1 0 1 1 0 1 1 0 1 1 0 1 1 0 0 0 0 0 1
50	1	0 1 0 1 0 0 1 1 0 0 0 0 0 1 0 0 0 0 0 1
50	4	0 1 0 1 0 1 1 1 0 0 1 0 1 1 0 1 0 0 1 1
50	3	0 1 0 1 0 0 1 1 0 0 1 0 1 1 0 0 0 1 1 0
50	1	0 1 0 1 0 0 1 1 0 1 1 0 1 1 0 1 0 0 0 1
50	3	0 0 0 0 0 0 1 1 0 0 1 0 1 1 0 0 0 0 0 0
50	4	0 1 1 1 0 0 1 1 0 0 1 1 1 1 0 0 0 0 0 0
50	7	0 1 0 1 0 0 1 1 0 0 1 0 0 1 0 1 0 0 0 0
50	4	0 1 0 0 0 0 1 1 0 0 1 0 1 1 0 1 0 0 0 1
50	3	0 1 0 1 0 0 1 1 0 0 1 0 0 1 0 1 0 0 0 1
50	5	0 1 0 1 0 1 1 1 0 0 0 0 0 0 1 0 0 0 0 1
50	2	0 0 0 1 0 0 1 1 0 0 1 0 1 1 0 1 0 0 0 1
50	3	0 1 0 1 0 0 1 1 0 0 1 0 0 1 0 0 0 0 0 1
50	3	0 0 1 1 0 0 1 1 0 0 1 1 1 1 0 1 0 0 0 1
50	2	0 0 1 0 0 0 1 1 0 0 1 0 1 0 0 0 0 0 0 1
50	1	0 0 0 1 0 0 0 1 0 0 1 0 1 1 0 0 0 0 1 1
50	2	0 1 0 1 0 0 1 1 0 0 1 0 1 1 0 0 0 1 0 1
50	2	0 0 0 1 0 0 1 1 0 0 1 0 0 1 0 0 0 0 0 1
50	3	0 1 0 1 0 0 1 0 0 0 1 0 1 0 0 0 0 0 0 1
50	2	0 1 0 1 0 0 1 1 0 1 0 0 1 1 0 0 0 0 0 1
50	1	1 1 0 1 0 0 1 1 0 0 1 0 1 1 0 0 0 0 0 1
50	1	0 1 0 1 0 1 1 1 0 0 1 0 1 1 0 0 0 0 0 1
50	2	0 1 0 1 0 0 1 0 0 0 1 0 1 1 0 1 0 0 0 1
50	2	1 1 0 1 0 0 1 1 1 0 1 0 1 1 0 0 0 0 0 1
50	4	0 0 1 0 0 0 1 1 0 0 1 0 1 1 0 0 0 1 0 0
50	1	0 0 1 0 0 0 1 1 1 0 1 0 1 1 0 0 0 0 0 0
50	1	0 0 1 0 0 0 1 1 0 0 1 0 1 1 1 0 0 0 0 1
50	1	0 1 1 1 0 0 0 1 0 0 1 0 1 1 0 0 0 0 0 1
50	1	0 0 1 0 0 0 0 0 0 0 1 1 1 1 0 0 0 0 0 1
50	2	0 1 0 1 0 0 1 0 1 0 1 0 1 1 0 0 1 0 0 0
50	2	0 1 0 1 0 0 1 1 0 1 1 0 0 1 0 1 0 0 0 1
100	165	0 1 0 1 0 0 1 1 0 0 1 0 1 1 0 0 0 0 0 1
100	234	0 1 0 1 0 0 1 1 0 0 1 0 1 1 0 0 0 0 0 0
100	38	0 1 0 1 0 0 1 1 0 0 1 0 1 1 0 1 0 0 0 1
100	4	0 1 0 1 0 0 1 1 1 0 1 0 1 1 0 0 0 0 0 1
100	7	0 0 0 1 0 0 1 1 0 0 0 0 1 1 0 0 0 0 0 1
100	1	0 0 1 0 0 0 1 1 0 0 1 0 1 1 0 0 0 0 0 0
100	3	0 1 0 1 1 0 1 1 0 0 1 0 1 1 0 0 0 0 0 1
100	60	0 1 1 1 0 0 1 1 0 0 1 0 1 1 0 0 0 0 0 0
100	3	0 1 0 1 1 0 1 1 0 0 1 0 1 1 0 1 0 0 0 1
100	7	0 1 0 1 0 0 1 1 0 0 0 0 1 1 0 0 0 0 0 1
100	35	0 1 0 1 0 0 1 1 0 0 0 0 1 1 0 0 0 0 0 0
100	33	0 1 0 1 0 0 1 1 1 0 1 0 1 1 0 0 0 0 0 0
100	10	0 1 0 1 0 1 1 1 0 0 1 0 1 1 0 0 0 0 0 0
100	9	1 1 0 1 0 0 1 1 0 0 1 0 1 1 0 0 0 0 0 0
100	30	0 0 1 0 0 1 1 1 0 0 1 0 1 1 0 0 0 0 0 0
100	7	0 1 1 1 0 0 0 1 0 0 1 0 1 1 0 0 0 0 0 1
100	2	0 0 1 0 0 0 0 1 0 0 1 0 1 0 0 0 0 0 0 1
100	7	0 0 0 1 0 0 1 1 1 0 1 0 1 1 0 0 0 0 0 1
100	6	0 1 0 0 0 0 1 1 0 0 1 0 1 1 0 0 0 0 0 0
100	3	0 1 0 1 0 1 1 1 0 0 1 0 1 1 0 0 0 0 0 1
100	16	0 1 0 1 0 0 1 1 0 0 1 0 1 1 0 0 1 0 0 0
100	6	1 1 0 1 0 0 1 1 0 0 1 0 1 1 0 0 0 0 0 1
100	8	0 1 1 0 0 0 1 1 0 0 1 0 1 1 0 0 0 0 0 1
100	55	0 1 0 1 0 0 1 1 0 1 1 0 1 1 0 0 0 0 0 1
100	5	0 0 1 0 0 1 1 1 0 0 1 0 1 1 0 0 0 0 0 1
100	3	0 1 0 1 0 0 1 1 0 0 1 1 1 1 0 0 0 0 0 1
100	3	0 1 0 1 0 0 1 1 0 0 1 0 1 1 1 0 0 0 0 0
100	10	0 1 0 1 0 0 1 1 0 0 1 0 1 1 0 0 0 0 1 0
100	2	0 1 1 1 0 0 1 1 0 0 0 0 0 0 1 0 0 0 0 1
100	12	0 1 0 0 0 0 1 1 0 0 1 0 1 1 0 1 0 0 0 1
100	1	0 1 1 1 0 0 0 1 0 0 1 0 1 1 0 0 0 0 1 0
100	20	0 0 1 1 0 0 1 1 0 0 1 0 1 0 0 0 0 0 0 1
100	1	0 1 1 0 0 0 1 1 0 0 1 0 1 1 0 0 0 0 0 0
100	5	0 1 0 1 0 0 1 1 0 0 1 0 0 1 0 0 0 0 0 0
100	3	0 1 0 1 0 1 1 1 0 0 1 0 1 1 1 0 0 0 1 0
100	9	1 1 0 1 1 0 1 1 0 0 1 0 1 1 0 0 0 0 0 0
100	6	0 1 1 1 0 0 1 1 1 0 1 0 1 1 0 0 0 0 0 1
100	4	0 1 0 1 0 0 1 1 0 0 1 0 1 1 0 0 1 0 0 1
100	9	0 0 1 0 0 1 1 1 1 0 1 0 1 1 0 0 0 0 0 0
100	8	0 1 1 1 0 0 1 1 0 0 1 0 1 1 0 0 0 1 0 0
100	6	0 1 0 1 0 0 1 0 1 0 1 0 1 1 0 0 0 0 0 0
100	13	0 1 0 1 0 1 1 1 0 1 1 0 1 1 0 0 0 0 0 1
100	12	0 1 0 1 0 0 1 1 0 0 1 0 1 1 0 0 0 1 1 0
100	8	0 1 0 1 0 0 1 1 0 0 1 0 1 1 1 1 0 0 0 0
100	7	1 1 0 1 0 1 1 1 0 0 1 0 0 1 0 0 0 0 0 0
100	1	0 0 1 0 0 0 0 1 0 0 1 0 1 0 0 0 0 1 0 0
100	7	0 1 0 1 0 0 1 1 0 0 1 0 1 0 0 0 0 0 0 1
100	2	1 1 0 1 0 0 1 1 1 0 0 0 1 1 0 0 0 1 0 0
100	5	0 1 0 1 0 0 0 1 0 0 1 0 1 1 1 0 1 0 0 1
100	5	0 1 1 1 0 0 1 1 0 0 1 0 1 1 0 0 0 0 0 1
100	3	0 1 1 0 0 0 1 1 0 0 1 0 1 0 0 0 0 0 0 1
100	2	0 1 0 1 0 0 1 1 1 0 1 0 1 0 0 0 0 0 0 0
100	5	0 0 1 0 1 1 1 1 0 0 1 0 1 1 0 0 0 0 0 0
100	2	0 1 0 0 0 0 1 1 0 0 1 0 0 1 0 1 0 0 0 1
100	1	0 1 0 1 0 0 1 1 0 1 1 0 1 1 1 0 0 0 0 0
100	1	1 1 0 1 0 1 1 0 0 0 1 0 0 1 0 0 0 0 0 0
100	4	0 1 0 1 0 0 1 1 0 0 1 0 1 1 1 0 0 0 1 0
100	1	1 1 0 1 0 0 1 1 1 0 1 0 1 1 0 0 0 0 0 1
100	6	0 1 0 1 0 0 1 1 0 0 1 0 1 1 1 0 0 0 0 1
100	2	0 0 1 0 0 0 1 0 0 0 1 0 1 1 0 0 0 0 0 0
100	3	0 1 0 1 0 0 1 1 0 0 1 0 1 0 0 0 1 0 0 0
100	4	0 1 0 0 0 0 1 1 0 1 1 0 1 1 0 0 0 0 0 1
100	1	1 1 0 1 1 0 1 1 0 0 1 0 0 1 0 0 0 0 0 1
100	2	0 0 0 1 0 0 1 1 0 1 1 0 1 1 0 0 1 0 0 1
100	2	0 1 0 1 0 0 1 1 1 1 1 0 1 0 0 0 0 0 0 1
100	2	0 1 0 1 0 0 1 1 0 0 0 0 1 1 0 0 0 0 1 0
100	5	0 1 0 1 0 0 1 1 1 0 1 0 1 1 0 0 1 0 0 0
100	3	0 0 1 0 0 1 1 1 0 0 1 0 1 0 0 0 0 0 0 0
100	1	0 0 1 1 0 0 0 1 0 0 1 0 1 1 0 0 0 0 0 1
100	2	0 1 0 0 0 0 1 1 0 0 0 0 1 1 0 0 0 0 0 0
100	1	0 1 0 1 0 0 1 0 1 0 1 0 1 1 0 0 1 0 0 0
100	2	0 1 1 1 0 0 1 1 1 0 1 0 1 1 0 0 0 0 0 0
100	4	0 1 0 1 1 0 1 1 0 0 1 0 1 1 0 0 0 0 0 0
100	2	0 1 1 1 0 0 1 1 0 0 0 0 1 1 0 0 0 0 0 1
100	2	0 1 0 1 0 0 1 1 0 0 1 0 1 1 0 0 0 0 1 1
100	6	0 1 0 1 0 0 1 1 0 0 1 1 1 1 0 0 0 0 0 0
100	3	0 1 1 1 0 0 1 0 0 0 1 0 1 1 0 0 0 0 0 0
100	1	1 1 0 1 0 0 1 0 0 0 1 0 1 0 0 0 0 0 1 0
100	3	0 1 0 1 0 0 1 1 0 1 1 0 1 1 0 0 1 0 0 1
100	1	0 1 0 1 0 0 1 0 0 0 1 0 1 1 0 0 0 0 0 0
100	3	0 1 0 1 0 0 1 1 0 0 0 0 1 0 0 0 0 0 0 0
100	1	0 1 1 0 0 0 0 1 0 0 1 0 1 1 0 0 0 0 0 1
100	1	0 1 1 0 0 0 1 1 0 0 1 0 1 1 0 0 1 0 0 1
100	1	0 1 0 1 0 0 1 1 0 1 0 0 1 1 0 0 0 0 0 1
100	1	0 1 1 1 0 0 1 1 0 0 0 0 0 0 0 0 0 0 0 1
150	93	0 1 0 1 0 0 1 1 0 0 1 0 1 1 0 0 0 0 0 1
150	143	0 1 0 1 0 0 1 1 0 0 1 0 1 1 0 0 0 0 0 0
150	3	0 1 0 1 0 0 1 1 1 0 1 0 1 1 0 0 0 0 0 1
150	43	0 1 1 1 0 0 1 1 0 0 1 0 1 1 0 0 0 0 0 0
150	14	0 1 0 1 0 0 1 1 0 0 0 0 1 1 0 0 0 0 0 0
150	45	0 1 0 1 0 0 1 1 1 0 1 0 1 1 0 0 0 0 0 0
150	22	0 0 1 0 0 1 1 1 0 0 1 0 1 1 0 0 0 0 0 0
150	4	0 1 0 1 0 1 1 1 0 0 1 0 1 1 0 0 0 0 0 1
150	12	0 1 0 1 0 0 1 1 0 0 1 0 1 1 0 0 1 0 0 0
150	10	0 0 1 0 0 1 1 1 1 0 1 0 1 1 0 0 0 0 0 0
150	18	0 1 1 1 0 0 1 1 0 0 1 0 1 1 0 0 0 0 0 1
150	7	0 1 1 1 0 0 1 1 0 0 0 0 0 0 0 0 0 0 0 1
150	46	0 1 1 1 0 0 0 1 0 0 1 0 1 1 0 0 0 0 0 0
150	7	1 0 0 1 1 0 1 1 1 0 1 0 1 1 0 0 0 0 0 0
150	10	0 1 0 1 0 0 1 1 0 0 1 0 1 0 0 0 0 0 0 0
150	6	0 1 0 1 0 0 1 0 0 0 0 0 1 1 0 0 0 0 0 0
150	16	0 1 0 1 0 0 1 1 0 0 1 0 1 1 0 0 0 1 0 0
150	68	0 1 0 1 0 0 1 1 0 0 1 0 1 1 1 0 0 0 0 0
150	2	0 1 1 1 0 0 1 1 0 0 1 0 1 1 0 0 0 1 0 0
150	14	0 1 1 1 0 0 1 1 0 0 1 0 1 1 0 1 0 0 0 0
150	15	0 1 0 0 0 0 1 1 0 0 1 0 1 0 0 0 0 1 0 0
150	14	0 1 0 1 0 0 1 0 0 0 1 0 1 1 0 0 0 0 0 1
150	12	0 1 0 1 0 0 1 1 0 0 1 0 1 1 0 1 0 0 0 0
150	12	0 1 0 1 0 0 1 1 0 0 0 0 1 1 0 1 0 0 0 0
150	2	0 1 0 1 0 0 1 1 0 0 1 0 1 0 1 0 0 0 0 0
150	2	0 0 0 1 0 0 1 1 0 0 1 0 1 1 0 0 0 0 0 1
150	9	0 1 0 1 0 0 1 0 0 0 1 0 1 1 0 0 0 0 0 0
150	8	0 0 1 0 0 0 1 1 0 0 1 0 1 0 0 0 0 0 1 0
150	16	1 1 1 1 0 1 1 1 0 0 1 1 1 1 0 0 0 0 0 0
150	3	0 1 0 1 0 1 1 1 0 0 1 0 1 1 0 1 0 0 0 1
150	1	0 0 1 0 0 1 1 1 0 0 1 0 1 1 0 0 0 1 0 0
150	33	0 1 1 1 0 0 1 1 0 0 0 0 1 0 0 0 0 0 0 1
150	3	0 1 1 0 0 1 1 1 0 0 1 0 1 1 0 0 0 0 0 0
150	5	0 1 0 1 0 0 1 1 0 1 1 0 1 0 0 0 0 0 0 1
150	2	0 0 1 0 0 1 1 1 0 0 1 0 1 1 0 0 0 0 1 0
150	9	0 1 0 1 0 0 1 1 0 0 1 1 1 1 0 0 0 0 0 1
150	4	0 1 0 1 0 0 1 1 0 1 1 1 1 1 0 0 0 0 0 1
150	6	0 1 0 1 0 0 1 1 1 0 1 0 1 1 0 0 0 0 1 0
150	1	0 1 1 1 0 0 1 1 1 0 1 0 1 1 0 0 0 0 0 1
150	11	0 1 1 1 0 0 1 1 0 0 1 0 1 1 0 0 0 1 0 1
150	26	1 1 0 1 0 0 1 1 1 0 1 0 1 1 0 0 0 0 0 1
150	1	1 1 0 1 0 0 1 0 0 0 1 0 1 1 0 0 0 0 0 0
150	14	0 1 0 1 0 0 1 1 0 0 1 0 1 0 0 0 0 0 0 1
150	11	0 1 0 1 0 0 1 1 0 0 1 0 1 0 0 0 0 0 1 0
150	6	0 1 0 1 0 0 1 1 0 0 1 0 1 1 0 0 0 1 0 1
150	6	0 1 0 0 0 0 0 1 0 0 1 0 1 0 0 0 0 1 0 0
150	3	0 1 0 0 0 0 1 1 0 0 1 0 1 1 0 0 0 0 0 1
150	2	0 1 0 1 0 0 1 1 0 0 1 0 1 1 1 0 1 0 0 0
150	13	0 1 0 1 0 0 1 1 0 0 1 0 1 0 0 0 0 1 0 0
150	29	0 1 0 1 0 0 1 1 1 0 1 0 1 1 0 0 0 0 1 1
150	3	0 1 0 1 0 0 1 1 0 1 1 0 1 0 0 0 0 0 0 0
150	4	0 1 0 0 0 0 1 1 0 0 1 0 1 1 0 0 0 0 0 0
150	12	1 1 0 1 0 0 1 1 0 0 1 0 1 1 0 0 0 0 0 0
150	3	0 1 0 1 0 0 1 1 0 0 0 0 1 1 0 0 0 0 0 1
150	2	0 1 1 1 0 1 1 1 0 0 1 0 1 1 0 0 0 0 0 1
150	4	0 1 1 1 0 0 1 1 1 0 1 0 1 0 0 0 0 0 0 1
150	2	0 0 1 0 0 1 1 1 0 0 1 0 1 1 0 0 0 0 0 1
150	13	1 1 1 1 0 1 1 1 0 0 1 0 1 1 0 0 0 0 0 1
150	5	0 1 0 1 0 0 1 1 0 1 1 0 1 1 0 0 0 0 0 1
150	2	0 1 0 1 0 0 0 1 0 0 1 0 1 1 0 0 0 0 0 1
150	4	0 1 0 1 0 0 1 1 0 0 1 0 1 1 0 0 0 0 1 0
150	7	1 0 1 0 0 1 1 1 0 0 1 0 1 1 0 0 0 0 0 0
150	5	0 1 1 1 0 0 1 1 0 0 1 0 1 1 1 1 0 0 0 0
150	2	0 1 0 1 0 0 1 0 0 1 1 0 1 1 0 0 0 0 0 0
150	3	0 1 0 1 0 0 1 1 0 0 1 1 1 1 0 0 0 0 1 1
150	5	1 0 1 1 1 0 1 1 1 0 1 1 1 1 0 0 0 0 0 0
150	1	0 1 0 1 1 0 1 1 1 0 1 0 1 1 0 0 0 0 1 1
150	4	0 1 1 1 0 0 0 1 0 0 1 0 1 1 0 0 0 0 0 1
150	1	1 1 1 1 0 0 1 1 0 0 1 1 1 1 0 0 0 0 0 0
150	7	1 1 0 1 0 0 1 1 1 0 0 0 1 1 0 0 0 0 0 1
150	3	0 1 1 1 0 1 1 1 0 0 1 0 1 1 0 0 0 0 1 1
150	1	0 1 0 1 1 0 1 1 0 0 1 1 1 1 0 0 0 0 0 1
150	9	0 0 1 0 0 1 1 1 0 0 1 0 1 1 0 1 0 0 0 1
150	2	0 1 0 1 0 0 1 1 0 0 1 0 1 1 0 1 0 0 0 1
150	2	0 1 0 1 0 0 1 1 0 0 1 0 1 1 0 0 1 0 0 1
150	1	0 1 0 1 0 0 1 1 0 1 1 0 1 1 0 0 0 0 0 0
150	3	0 1 1 1 0 0 1 1 0 0 1 0 1 1 1 0 0 0 0 0
150	2	0 1 0 1 0 0 1 1 0 0 1 1 1 1 1 0 0 0 0 1
150	1	0 1 1 1 0 0 1 1 0 0 0 0 1 1 0 0 0 0 0 1
150	4	1 0 1 0 0 1 1 1 0 0 1 1 1 1 0 0 0 0 0 0
150	1	0 1 1 0 0 1 1 1 0 0 1 0 1 1 0 0 0 0 0 1
150	1	0 0 1 0 0 1 1 1 0 1 1 0 1 1 0 0 0 0 0 0
150	1	0 1 1 1 0 0 1 1 0 0 1 0 1 1 0 0 0 0 1 0
150	2	0 1 1 1 0 0 1 0 0 0 1 0 1 1 0 0 0 0 0 1
150	5	0 1 0 1 0 0 1 1 0 0 0 0 1 1 0 1 0 0 0 1
150	1	0 0 0 1 0 0 1 1 0 0 1 0 1 1 0 0 0 0 0 0
150	2	0 1 1 1 0 0 1 1 0 0 1 0 1 1 0 0 1 0 0 0
150	1	0 1 0 1 0 0 1 1 0 0 1 1 1 1 1 0 0 0 0 0
150	2	0 1 0 1 0 0 1 1 0 0 1 0 1 0 0 1 0 0 0 0
150	2	0 0 1 0 0 0 1 1 0 0 1 0 1 0 0 0 0 1 1 0
150	1	0 1 0 1 0 1 1 1 1 0 1 0 1 1 0 0 0 0 1 0
150	1	0 1 0 1 0 0 1 1 0 1 1 1 1 1 0 0 0 0 1 1
150	1	1 0 1 1 1 1 1 1 1 0 1 1 1 1 0 0 0 0 0 0
200	43	0 1 0 1 0 0 1 1 0 0 1 0 1 1 0 0 0 0 0 1
200	42	0 1 0 1 0 0 1 1 0 0 1 0 1 1 0 0 0 0 0 0
200	12	0 1 1 1 0 0 1 1 0 0 1 0 1 1 0 0 0 0 0 0
200	27	0 1 0 1 0 0 1 1 0 0 0 0 1 1 0 0 0 0 0 0
200	40	0 1 0 1 0 0 1 1 1 0 1 0 1 1 0 0 0 0 0 0
200	38	0 1 1 1 0 0 1 1 0 0 1 0 1 1 0 0 0 0 0 1
200	37	0 1 1 1 0 0 0 1 0 0 1 0 1 1 0 0 0 0 0 0
200	6	0 1 0 1 0 0 1 1 0 0 1 0 1 0 0 0 0 0 0 0
200	20	0 1 0 1 0 0 1 1 0 0 1 0 1 1 0 0 0 1 0 0
200	54	0 1 0 1 0 0 1 1 0 0 1 0 1 1 1 0 0 0 0 0
200	80	1 1 1 1 0 1 1 1 0 0 1 1 1 1 0 0 0 0 0 0
200	2	0 1 0 1 0 0 1 1 0 1 1 0 1 0 0 0 0 0 0 1
200	3	0 1 1 1 0 0 1 1 0 0 1 0 1 1 0 0 0 1 0 1
200	28	0 0 1 0 0 1 1 1 0 0 1 0 1 1 0 0 0 0 0 1
200	11	0 1 1 1 0 0 1 1 0 0 0 0 1 1 0 0 0 0 0 1
200	10	0 1 0 1 0 0 0 1 0 0 1 0 1 1 0 0 0 0 0 0
200	9	1 0 1 0 0 1 1 1 0 0 1 0 1 1 0 0 0 1 0 1
200	5	0 0 1 1 0 0 1 1 0 0 1 0 1 1 1 0 0 0 0 0
200	14	0 1 1 1 0 0 1 1 0 0 0 0 1 1 0 0 0 0 0 0
200	19	1 1 1 1 0 0 1 1 0 0 1 0 1 1 0 0 0 0 0 0
200	9	0 1 0 1 1 0 1 1 0 0 1 0 1 0 0 0 0 0 0 1
200	4	0 1 0 1 0 0 1 1 0 0 1 0 1 1 0 0 0 0 1 0
200	3	0 1 1 0 0 0 1 1 0 0 1 0 1 1 0 0 0 0 0 1
200	5	0 1 1 1 0 0 1 1 0 0 1 0 1 0 0 0 0 0 0 1
200	3	0 1 0 1 1 0 1 1 0 0 1 0 1 1 0 0 0 0 0 0
200	20	0 1 0 1 1 0 1 1 0 0 1 0 1 1 1 0 0 0 0 0
200	6	1 1 1 1 0 1 1 1 0 0 1 1 1 0 0 0 0 0 0 0
200	13	0 1 1 0 0 0 1 1 0 0 1 0 1 1 0 0 0 0 0 0
200	4	0 1 1 0 0 1 1 1 0 0 1 0 1 1 0 0 1 1 0 1
200	10	0 1 0 1 0 1 1 1 0 0 1 1 1 1 0 0 0 0 0 0
200	22	0 1 1 1 0 1 1 1 0 0 1 1 1 1 0 0 0 0 0 0
200	7	0 1 0 1 1 0 1 1 0 0 1 0 1 1 0 0 0 0 0 1
200	4	0 0 0 1 0 0 1 1 0 0 1 0 1 1 0 0 0 0 0 0
200	7	0 1 1 1 0 0 1 1 0 0 0 0 1 0 0 0 0 0 0 1
200	2	1 1 1 1 0 0 0 1 0 0 1 0 1 1 0 0 0 0 0 0
200	10	0 1 0 1 1 0 1 1 0 0 0 0 1 1 0 0 0 0 0 0
200	8	0 1 0 1 0 0 1 1 0 0 1 0 1 1 1 0 0 0 1 0
200	14	0 1 1 0 1 1 1 1 0 0 1 0 1 1 0 0 1 1 0 1
200	2	0 1 0 1 0 1 1 1 0 0 1 0 1 1 0 0 0 0 0 0
200	13	0 0 1 0 1 1 1 1 0 0 1 0 1 1 0 0 0 0 0 1
200	5	0 1 1 1 0 1 0 1 0 0 1 0 1 1 0 0 0 0 0 0
200	2	1 1 1 1 0 0 1 1 0 0 0 0 1 1 0 0 0 0 0 0
200	7	0 1 1 1 0 0 0 1 0 0 1 0 1 1 0 1 0 1 0 0
200	20	1 1 1 1 0 0 0 1 0 0 1 0 1 1 0 0 0 0 0 1
200	20	0 1 0 1 0 0 1 1 0 0 0 0 0 1 0 0 0 0 0 0
200	27	1 1 1 1 0 0 1 1 0 0 1 0 1 1 0 0 0 0 0 1
200	6	0 1 1 0 0 1 1 1 0 0 1 0 1 1 0 0 0 0 0 0
200	9	0 1 1 1 0 0 0 1 1 0 1 0 1 1 0 0 0 0 0 0
200	6	0 1 0 1 0 0 1 1 0 0 1 1 1 1 1 0 0 0 0 0
200	5	0 1 0 1 0 0 1 1 0 0 1 0 1 1 0 0 0 1 1 0
200	15	1 1 1 1 0 0 1 1 0 0 1 0 1 0 0 0 0 0 0 1
200	4	0 1 1 1 0 0 1 1 0 0 1 0 1 1 0 0 0 1 0 0
200	3	0 1 0 1 1 0 0 1 0 0 1 0 1 1 0 0 0 0 0 0
200	9	0 1 0 1 1 1 1 1 0 0 1 0 1 1 0 0 0 0 0 0
200	1	1 1 0 1 1 0 1 1 0 0 1 0 1 1 0 0 0 0 0 1
200	7	0 0 0 1 0 0 1 1 0 0 1 0 1 1 0 0 0 0 0 1
200	9	0 1 0 1 0 0 1 1 0 1 1 0 1 1 1 0 0 0 0 0
200	13	1 1 1 1 0 0 1 1 0 1 1 0 1 1 0 0 0 0 0 0
200	9	0 1 1 1 0 0 0 1 0 0 0 0 1 0 0 0 0 0 0 1
200	9	0 1 1 1 0 1 1 1 0 0 0 1 1 1 0 0 0 0 0 0
200	1	0 1 0 1 0 0 0 1 0 0 1 0 1 1 0 0 0 0 0 1
200	3	0 1 1 1 0 1 1 1 0 0 1 1 1 1 0 1 0 0 0 0
200	5	0 1 0 1 1 0 0 1 0 0 1 0 1 1 0 0 0 0 0 1
200	7	0 1 0 1 1 0 1 1 0 0 0 0 0 1 0 0 0 0 0 0
200	2	1 1 1 0 0 0 1 1 0 1 1 0 1 1 0 0 0 0 0 0
200	1	0 1 0 1 0 1 1 1 0 0 1 0 1 1 0 0 0 0 0 1
200	4	0 1 1 1 0 1 1 1 0 0 1 0 1 0 0 0 0 0 0 1
200	1	0 1 1 1 1 0 1 1 0 0 1 0 1 1 1 0 0 0 0 1
200	8	0 1 1 1 0 0 0 1 0 0 1 0 1 1 0 0 0 0 0 1
200	4	0 1 0 1 0 0 1 1 0 1 1 0 1 1 0 0 0 0 0 0
200	4	0 1 0 1 0 0 1 1 1 0 1 0 1 1 1 0 0 0 0 0
200	6	0 1 1 1 1 0 1 1 0 0 1 0 0 1 0 0 0 0 0 1
200	2	0 1 1 0 0 1 0 1 0 0 1 0 1 1 0 0 0 0 0 0
200	2	0 1 1 1 0 1 1 1 0 0 1 0 1 1 0 0 0 0 0 1
200	8	1 1 1 1 0 1 1 1 0 0 1 1 1 1 0 0 1 0 0 0
200	3	0 0 1 0 0 1 1 1 1 0 1 0 1 1 0 0 0 0 0 1
200	3	0 1 0 1 0 0 1 1 0 0 0 0 1 1 0 0 0 0 0 1
200	1	0 1 1 1 0 0 0 1 0 0 1 0 0 1 0 0 0 0 0 0
200	3	0 1 1 1 1 0 1 1 0 0 1 0 1 1 1 0 0 0 0 0
200	2	0 1 1 1 0 1 1 0 0 0 1 1 1 1 0 0 0 0 0 0
200	4	1 1 1 1 0 0 1 1 0 1 1 1 1 1 0 0 0 0 0 0
200	3	0 1 1 1 0 1 1 1 1 0 0 1 1 1 0 0 0 0 0 0
200	4	0 1 0 1 1 0 1 1 0 0 1 0 1 1 0 1 0 0 1 1
200	2	0 1 1 0 0 0 1 1 0 0 0 0 0 1 0 0 0 0 0 0
200	2	0 1 0 1 0 0 1 1 0 0 1 0 1 1 0 0 1 1 0 0
200	1	0 1 0 1 0 0 1 1 0 0 0 0 1 1 1 0 0 0 0 0
200	4	1 1 1 1 0 1 1 1 0 0 0 1 1 1 0 0 0 0 1 0
200	1	1 1 1 1 0 0 0 1 0 0 1 0 1 1 0 0 0 1 0 1
200	1	1 1 0 1 0 0 1 1 0 0 1 1 1 1 1 0 0 0 0 0
200	6	0 1 1 1 0 0 0 1 0 0 0 0 1 0 0 0 0 0 1 1
200	1	0 0 1 1 0 0 1 1 0 0 1 0 1 1 0 0 0 1 0 0
200	5	0 1 1 0 1 1 1 1 0 0 1 0 1 1 0 0 0 0 0 1
200	3	0 0 1 1 0 0 1 1 0 0 1 0 1 1 0 0 0 1 0 1
200	3	0 1 0 1 0 0 1 1 0 0 1 0 1 1 0 0 1 0 0 0
200	1	0 1 1 1 0 0 1 1 0 0 1 0 1 1 1 0 0 0 0 0
200	1	0 1 0 1 0 0 0 1 0 0 0 0 1 1 0 0 0 0 0 0
200	1	0 0 1 1 0 0 1 1 0 0 0 0 1 1 1 0 0 0 0 0
200	1	0 1 0 1 1 0 1 1 0 0 1 0 1 1 0 0 1 0 0 1
200	7	0 1 0 1 0 0 1 1 1 0 1 0 1 1 1 0 0 0 1 0
200	2	0 1 0 1 1 1 1 1 0 0 1 1 1 1 0 0 0 0 0 0
200	3	1 1 1 0 0 0 1 1 0 1 1 0 0 1 0 0 0 0 0 0
200	3	0 1 0 1 0 0 1 1 0 0 1 1 1 1 0 0 0 0 0 0
200	1	0 1 0 1 0 0 1 1 0 0 1 0 1 1 0 0 1 1 0 1
200	2	1 1 1 1 0 0 1 1 0 0 1 0 1 1 1 0 0 0 0 0
200	2	0 1 1 1 0 0 0 1 0 0 0 0 1 0 0 0 0 0 0 0
200	1	0 1 0 1 0 1 1 1 1 0 1 0 1 1 0 0 0 0 0 0
200	3	0 1 0 1 0 0 0 1 0 0 1 0 1 1 1 0 0 0 0 0
200	2	0 1 0 1 0 0 0 1 0 0 1 0 1 1 0 0 1 0 0 0
200	1	1 1 1 1 0 1 1 1 0 0 0 0 1 1 0 0 0 0 0 0
200	2	1 1 1 1 0 0 1 1 0 1 1 0 1 1 0 0 0 0 0 1
200	2	1 1 1 1 0 0 1 1 1 0 1 0 1 1 0 0 0 0 0 1
200	3	0 1 0 1 1 0 0 1 0 0 1 0 1 1 0 0 0 0 1 0
250	17	0 1 0 1 0 0 1 1 0 0 1 0 1 1 0 0 0 0 0 0
250	8	0 1 1 1 0 0 1 1 0 0 1 0 1 1 0 0 0 0 0 0
250	50	0 1 0 1 0 0 1 1 0 0 0 0 1 1 0 0 0 0 0 0
250	14	0 1 1 1 0 0 1 1 0 0 1 0 1 1 0 0 0 0 0 1
250	3	0 1 0 1 0 0 1 1 0 0 1 0 1 1 0 0 0 1 0 0
250	25	1 1 1 1 0 1 1 1 0 0 1 1 1 1 0 0 0 0 0 0
250	9	0 1 1 1 0 0 1 1 0 0 0 0 1 1 0 0 0 0 0 0
250	96	1 1 1 1 0 0 1 1 0 0 1 0 1 1 0 0 0 0 0 0
250	8	0 1 1 0 0 0 1 1 0 0 1 0 1 1 0 0 0 0 0 0
250	29	0 1 1 1 0 1 1 1 0 0 1 1 1 1 0 0 0 0 0 0
250	41	1 1 1 1 0 0 1 1 0 0 0 0 1 1 0 0 0 0 0 0
250	30	0 1 0 1 0 0 1 1 0 0 1 1 1 1 1 0 0 0 0 0
250	2	0 1 1 1 0 0 1 1 0 0 1 0 1 1 0 0 0 1 0 0
250	5	1 1 1 1 0 1 1 1 0 0 0 1 1 1 0 0 0 0 1 0
250	13	0 1 1 1 0 1 1 1 0 0 1 0 1 1 0 0 0 0 0 0
250	37	1 1 1 1 0 0 1 1 0 0 1 0 1 1 1 0 0 0 0 0
250	32	1 1 1 1 0 0 1 1 0 1 1 0 1 1 0 0 0 0 1 0
250	7	1 1 1 1 0 0 0 1 0 0 1 0 1 1 0 0 0 0 0 0
250	12	1 1 1 1 0 0 1 1 0 0 1 1 1 1 0 0 0 0 0 0
250	10	1 1 1 1 0 0 1 1 0 1 1 0 1 0 0 0 0 0 0 1
250	19	1 1 1 1 0 0 1 1 1 0 1 1 1 1 0 0 0 0 0 0
250	9	0 1 0 1 0 0 0 1 0 0 1 0 1 1 0 0 0 0 0 0
250	12	1 1 0 1 0 0 1 1 0 0 1 1 1 1 1 0 0 0 0 0
250	5	0 1 1 1 0 0 1 1 0 1 1 0 1 1 0 0 0 0 1 0
250	2	1 1 1 1 0 0 1 1 0 1 1 0 1 1 0 0 1 0 1 0
250	11	1 1 1 1 1 0 1 1 0 0 0 0 1 1 0 0 0 0 0 1
250	69	1 1 1 1 0 1 1 1 0 0 1 0 1 1 1 0 0 0 0 0
250	2	1 1 1 1 0 0 1 1 0 1 1 0 1 1 0 0 0 0 0 0
250	1	0 1 1 1 0 1 1 1 0 0 1 0 1 1 0 0 0 1 0 0
250	16	0 1 0 1 0 0 1 1 0 0 0 0 1 1 0 1 0 0 0 0
250	2	1 1 0 1 0 0 1 1 0 0 1 0 1 1 0 0 0 0 0 0
250	6	0 1 1 1 0 0 0 0 1 0 1 0 1 1 0 0 0 0 0 0
250	6	1 1 0 1 0 0 0 1 0 0 1 1 1 1 1 0 0 0 0 0
250	13	0 1 0 1 0 0 1 1 0 1 0 0 0 1 1 0 0 0 0 0
250	33	0 1 0 1 0 0 1 1 0 0 1 0 1 1 0 0 0 0 1 0
250	7	0 1 0 1 0 1 1 1 0 0 1 0 1 1 0 0 0 0 0 0
250	4	1 1 0 1 0 0 0 1 0 0 1 0 1 1 0 0 0 0 0 0
250	12	1 1 1 1 0 1 1 1 0 0 1 0 1 1 0 0 0 0 0 0
250	4	1 1 1 1 0 0 1 1 1 0 1 1 1 1 0 0 0 0 0 1
250	8	1 1 0 1 0 1 1 1 0 0 1 1 1 1 0 0 0 0 0 0
250	9	1 1 1 0 0 0 1 1 0 0 0 0 1 1 0 0 0 0 0 0
250	5	0 1 1 1 0 1 1 1 0 0 0 0 1 1 0 0 0 1 0 0
250	2	0 0 1 1 0 0 1 1 0 1 1 0 1 1 0 0 0 0 0 0
250	1	1 1 1 1 1 0 1 1 0 0 1 0 1 1 1 0 0 0 0 0
250	3	0 1 1 1 1 0 1 1 0 0 0 0 1 1 0 0 0 0 0 0
250	6	0 1 1 1 0 0 1 1 0 1 1 0 1 1 0 0 0 0 0 0
250	2	0 1 0 1 0 0 1 1 1 0 0 0 1 1 0 0 0 0 0 0
250	15	1 1 1 1 0 0 1 0 0 0 1 0 1 1 0 0 0 0 0 0
250	8	1 1 1 1 0 0 1 1 0 0 0 1 1 1 0 0 0 0 0 0
250	2	0 1 1 0 0 1 1 1 0 0 1 1 1 1 1 0 0 0 0 0
250	11	1 1 0 1 0 0 1 1 0 0 1 1 1 0 1 0 0 0 0 0
250	20	0 1 1 1 1 0 1 1 0 1 1 0 1 1 1 0 0 0 0 0
250	1	1 1 1 1 1 1 1 1 0 0 1 1 1 1 0 1 0 0 0 0
250	13	1 1 1 1 0 0 1 1 0 0 0 0 1 1 0 0 0 0 0 1
250	8	0 1 0 1 1 1 0 1 0 0 1 1 1 1 0 0 0 0 0 0
250	3	0 1 0 1 0 0 1 1 0 0 1 1 1 1 0 1 0 0 0 0
250	32	1 1 0 1 1 0 1 1 0 0 1 1 1 1 1 0 0 0 0 0
250	18	0 1 1 1 0 0 1 1 0 0 1 0 1 0 0 0 0 0 0 1
250	7	0 1 1 1 1 0 1 1 0 0 1 0 1 1 0 0 0 1 0 0
250	1	1 1 1 1 0 0 1 1 0 1 1 0 1 1 0 0 1 0 0 0
250	1	1 1 1 0 0 0 1 1 0 1 1 0 1 1 0 0 1 0 1 0
250	1	0 1 0 1 0 0 1 0 0 0 0 0 0 1 1 0 0 0 0 0
250	3	1 1 1 1 0 0 1 1 0 0 0 0 1 1 1 0 0 0 0 0
250	1	1 1 0 1 0 0 1 1 0 0 0 0 1 1 0 0 0 1 0 0
250	7	1 1 0 1 0 0 1 1 0 0 1 0 1 1 1 0 0 0 0 0
250	4	0 1 0 1 1 1 1 1 0 0 1 1 1 1 0 0 0 0 0 0
250	5	1 1 1 1 0 0 0 1 0 0 1 0 1 1 0 0 0 0 1 0
250	4	0 1 0 1 0 0 1 1 0 0 0 0 1 1 0 1 0 1 0 0
250	1	0 1 1 1 0 1 1 1 0 0 1 0 0 1 0 1 0 0 0 0
250	5	0 1 0 1 0 0 1 1 0 0 0 0 1 1 0 0 0 0 0 1
250	4	0 0 1 1 0 0 1 1 0 0 0 0 1 1 0 0 0 0 0 0
250	2	1 1 1 1 0 0 0 1 0 0 1 0 1 1 0 0 0 0 0 1
250	4	0 1 1 1 0 1 1 1 0 1 1 1 1 1 1 0 0 0 0 0
250	2	1 1 1 1 0 1 1 1 0 1 1 0 1 1 1 0 0 0 0 0
250	2	1 1 1 1 0 0 1 1 0 0 1 0 1 1 0 0 0 0 0 1
250	4	0 1 0 1 0 0 1 1 0 0 1 1 1 1 0 0 0 0 0 0
250	3	0 1 1 1 0 0 1 1 0 0 1 0 1 1 0 0 0 0 1 0
250	4	1 1 0 1 0 0 1 1 0 0 0 0 1 1 0 0 0 0 0 0
250	3	0 0 0 1 0 0 1 1 0 0 1 1 1 1 1 0 0 0 0 0
250	4	1 1 1 1 0 0 0 1 0 0 1 0 1 1 1 0 0 0 0 0
250	4	0 1 1 1 0 0 1 1 0 0 1 1 1 1 0 0 0 0 0 0
250	3	0 1 0 1 0 0 0 1 0 0 0 0 1 1 0 0 0 0 0 0
250	3	1 1 1 1 0 0 1 1 0 0 1 0 1 1 0 0 0 1 0 0
250	2	0 1 0 1 0 1 1 1 0 0 1 1 1 1 1 0 0 0 0 0
250	5	1 0 1 1 0 0 1 1 0 0 1 1 1 1 0 0 0 0 0 0
250	1	0 1 1 1 1 0 1 1 0 0 1 0 1 0 0 0 0 0 0 1
250	2	1 1 0 1 0 0 1 1 0 0 1 1 1 1 0 0 0 0 0 1
250	3	1 1 0 1 1 0 1 1 0 0 1 1 1 0 1 0 0 0 0 0
250	4	0 1 0 1 0 0 1 1 0 0 0 0 1 0 0 0 0 0 0 0
250	4	1 1 1 0 0 1 1 1 0 0 1 1 1 1 0 0 0 0 0 0
250	1	1 1 1 1 0 0 1 1 0 1 1 0 1 0 0 0 0 0 1 1
250	2	0 1 0 1 0 0 1 1 0 0 1 1 1 1 0 0 0 0 1 0
250	1	1 1 0 1 0 0 1 1 0 0 1 1 0 0 1 0 0 0 0 0
250	4	1 1 1 1 0 0 1 1 0 0 1 1 1 1 1 0 0 0 0 0
250	1	1 1 0 1 0 0 1 1 0 0 1 0 1 1 0 0 0 0 1 0
250	3	1 1 0 1 0 0 1 1 0 0 1 0 1 1 0 0 0 0 0 1
250	1	0 1 0 1 0 1 1 1 0 0 0 0 1 1 0 0 0 0 0 0
250	4	1 1 1 1 0 1 1 1 0 0 1 1 1 1 0 0 0 0 0 1
250	1	1 1 1 1 0 0 1 1 0 0 1 0 1 1 0 0 0 0 1 0
250	1	0 1 0 1 0 0 1 1 1 0 1 1 1 1 1 0 0 0 0 0
250	2	1 1 0 1 0 1 1 1 0 0 1 1 1 1 1 0 0 0 0 0
250	6	1 1 1 1 0 0 1 1 0 1 0 0 1 1 0 0 1 0 1 0
250	1	1 1 1 0 0 1 1 1 0 0 1 0 1 1 1 0 0 0 0 0
250	1	0 1 0 1 0 0 1 0 0 0 0 0 1 1 1 0 0 0 0 0
250	1	0 1 1 1 1 1 1 1 0 0 1 0 0 1 0 1 0 0 0 0
250	1	0 1 0 0 0 0 0 1 0 0 0 0 1 1 0 0 0 0 0 0
250	2	1 1 1 1 0 1 1 1 0 1 1 0 1 1 0 0 0 0 1 0
250	2	1 1 1 1 0 1 1 1 0 0 1 0 1 1 0 0 0 0 0 1
250	3	0 0 0 1 0 0 1 1 0 0 0 0 1 1 0 0 0 0 0 0
250	1	0 1 1 0 0 0 1 1 0 0 1 0 1 1 1 0 0 0 0 0
250	1	0 1 1 1 0 1 1 1 0 0 1 1 1 1 0 0 1 0 0 0
250	2	0 1 0 0 0 0 1 1 0 0 1 1 1 1 1 0 0 0 0 0
250	1	1 1 1 1 0 0 1 1 0 0 1 0 1 1 1 0 0 1 0 0
250	1	1 1 1 1 0 1 1 1 0 0 1 0 0 1 1 0 0 0 0 0
250	1	1 1 1 1 0 1 1 0 0 0 1 0 1 1 1 0 0 0 0 0
250	1	1 1 1 1 0 1 1 0 0 0 1 0 1 1 0 0 0 0 0 0
250	1	0 1 0 1 0 0 1 1 0 0 1 1 1 0 1 0 0 0 0 0
250	2	1 1 0 1 1 0 1 1 0 0 1 1 1 1 0 0 0 0 0 0
300	45	1 1 1 1 0 1 1 1 0 0 1 1 1 1 0 0 0 0 0 0
300	115	1 1 1 1 0 0 1 1 0 0 1 0 1 1 0 0 0 0 0 0
300	8	1 1 1 1 0 0 1 1 0 0 0 0 1 1 0 0 0 0 0 0
300	11	0 1 1 1 0 1 1 1 0 0 1 0 1 1 0 0 0 0 0 0
300	40	1 1 1 1 0 0 1 1 0 0 1 0 1 1 1 0 0 0 0 0
300	5	1 1 1 1 0 0 1 1 0 0 1 1 1 1 0 0 0 0 0 0
300	47	1 1 1 1 0 0 1 1 1 0 1 1 1 1 0 0 0 0 0 0
300	22	1 1 1 1 0 1 1 1 0 0 1 0 1 1 1 0 0 0 0 0
300	29	1 1 1 1 0 0 1 1 0 1 1 0 1 1 0 0 0 0 0 0
300	10	1 1 1 1 0 0 1 0 0 0 1 0 1 1 0 0 0 0 0 0
300	10	1 1 0 1 1 0 1 1 0 0 1 1 1 1 1 0 0 0 0 0
300	2	1 1 0 1 0 0 1 1 0 0 1 0 1 1 1 0 0 0 0 0
300	16	1 1 1 0 0 1 1 1 0 0 1 1 1 1 0 0 0 0 0 0
300	21	1 1 1 1 0 1 1 1 0 0 1 1 1 1 0 0 0 0 0 1
300	4	1 1 1 1 0 0 1 1 0 0 0 1 1 1 0 0 0 0 0 1
300	17	0 1 0 1 1 1 0 1 0 0 0 1 1 1 0 0 0 0 0 0
300	1	1 1 1 1 0 0 1 1 0 1 1 0 1 1 1 0 0 0 0 0
300	14	1 1 1 1 0 0 1 1 0 0 1 0 1 1 0 0 0 1 0 0
300	7	0 1 0 1 1 0 1 1 0 0 1 0 1 1 0 0 0 0 0 0
300	4	0 1 1 1 0 1 1 1 0 0 0 1 1 1 0 0 0 0 0 0
300	32	1 1 1 1 0 1 1 1 0 1 1 0 1 1 0 0 0 0 0 0
300	6	1 1 1 1 0 1 1 1 0 0 1 0 1 1 1 0 0 0 0 1
300	49	1 1 1 1 0 1 1 1 0 0 0 0 0 1 0 0 0 0 0 0
300	41	1 1 1 1 1 0 1 1 0 0 1 0 1 1 0 0 0 0 0 0
300	1	1 1 1 1 0 0 1 0 0 1 1 0 1 1 0 0 0 0 0 0
300	5	1 1 1 1 0 0 0 1 0 0 0 0 1 1 0 0 0 0 1 0
300	2	0 1 0 1 1 1 0 1 0 0 0 1 1 1 1 0 0 0 0 0
300	14	1 1 1 1 0 1 1 1 0 0 1 1 1 0 1 0 0 0 0 0
300	11	1 1 1 1 0 0 1 1 0 0 1 0 1 1 1 0 1 0 0 0
300	3	1 1 1 1 0 0 0 1 0 0 1 1 1 1 0 0 0 0 0 0
300	29	1 1 1 1 0 1 1 1 0 1 1 1 1 1 0 0 0 0 0 0
300	4	1 1 1 1 0 0 1 0 0 0 1 0 1 1 0 0 0 1 0 0
300	3	0 1 1 1 0 1 1 1 0 0 1 1 1 1 0 0 0 0 0 0
300	7	1 1 1 1 1 0 1 1 1 0 1 1 1 1 0 0 0 0 0 0
300	3	1 0 1 1 0 1 1 1 0 0 1 0 1 1 1 0 0 0 0 1
300	1	1 1 1 1 0 1 1 0 0 0 0 0 0 1 0 0 0 0 0 0
300	1	0 1 0 1 0 0 1 1 0 0 0 0 1 1 1 0 0 1 0 0
300	6	1 1 1 1 0 0 1 1 0 0 1 0 1 1 0 0 0 1 0 1
300	7	1 1 1 1 0 0 1 1 0 0 1 0 1 1 0 1 0 0 0 0
300	2	1 1 1 1 0 1 1 1 0 0 0 1 1 1 0 0 0 0 0 0
300	10	1 1 1 0 0 1 1 1 0 0 1 1 1 0 1 0 0 0 0 1
300	3	0 1 1 1 0 1 1 1 0 0 1 0 1 0 0 0 0 0 0 0
300	6	0 1 1 1 0 1 1 1 1 0 0 1 1 1 0 0 0 0 0 0
300	7	0 1 0 1 0 0 0 1 0 0 0 0 1 0 0 0 0 0 0 0
300	1	1 1 1 1 0 1 0 1 0 0 1 0 1 1 1 0 0 0 0 0
300	6	1 1 1 1 0 1 1 1 0 1 1 0 1 1 1 0 0 0 0 1
300	11	1 1 0 1 0 0 0 1 0 0 1 1 1 1 0 0 0 0 0 0
300	2	1 1 1 1 0 0 1 0 0 0 1 0 1 1 1 0 0 0 0 0
300	2	1 1 1 1 0 0 1 1 0 1 0 1 1 1 0 0 0 0 0 1
300	19	1 1 1 1 1 1 1 1 0 0 1 0 1 1 1 0 0 0 0 1
300	22	1 1 1 1 0 1 1 1 0 0 1 1 1 1 1 0 0 1 0 0
300	4	1 1 1 0 0 1 1 1 0 0 1 0 1 0 1 0 0 0 0 1
300	5	1 1 1 0 0 0 1 1 0 0 1 0 1 1 0 0 0 0 0 0
300	5	1 1 1 0 0 1 1 1 0 1 1 1 1 1 0 0 0 0 0 0
300	7	1 1 0 1 0 0 1 1 0 0 1 1 1 1 1 0 0 0 0 0
300	23	1 1 1 0 0 0 1 1 0 0 1 0 1 1 0 1 0 0 0 0
300	7	1 1 1 1 0 0 1 1 1 0 1 1 0 1 0 0 0 0 0 0
300	4	1 1 1 1 1 0 1 1 0 0 1 1 1 1 0 0 0 0 0 0
300	1	0 1 0 1 0 1 0 1 0 0 0 0 1 0 0 0 0 0 0 0
300	1	1 1 0 1 0 1 0 1 0 0 1 0 1 1 1 0 0 0 0 0
300	4	1 1 1 0 0 1 1 1 0 0 1 1 1 1 1 0 0 0 0 0
300	2	0 1 1 0 0 1 1 1 0 1 1 1 1 1 0 0 0 0 0 0
300	6	0 1 1 1 1 0 1 1 0 0 1 0 1 0 0 0 0 0 0 0
300	2	1 0 1 1 0 0 1 1 0 0 1 0 1 1 0 0 0 1 0 0
300	2	1 1 1 1 0 0 1 1 0 0 0 0 1 1 1 0 0 1 0 0
300	1	1 1 1 1 0 0 0 1 0 0 0 0 1 1 1 0 0 0 0 0
300	18	1 1 1 1 0 0 1 0 0 0 1 0 1 1 0 0 1 0 0 0
300	2	1 1 0 1 0 0 1 1 1 0 1 1 1 1 0 0 0 0 0 0
300	3	1 1 1 1 0 0 1 0 0 0 1 0 0 1 0 0 0 0 0 0
300	1	1 1 1 1 0 0 1 0 0 0 0 0 1 1 0 0 0 0 0 0
300	6	1 0 1 1 0 1 1 1 0 1 1 0 1 1 0 0 0 0 0 0
300	10	1 1 1 1 0 0 1 1 1 1 1 1 1 1 0 0 0 0 0 0
300	3	1 1 0 0 0 0 1 1 0 0 1 0 1 1 0 1 0 0 0 0
300	4	1 1 1 1 0 1 1 1 0 0 0 1 1 1 0 0 0 0 0 1
300	4	1 1 1 1 0 1 1 1 1 0 1 1 1 1 1 0 1 0 0 0
300	3	1 1 1 1 0 1 1 1 1 0 1 1 1 1 0 0 0 0 0 1
300	4	1 0 1 0 0 1 1 1 0 0 1 0 1 0 1 0 0 0 0 1
300	1	1 1 1 1 0 0 0 1 0 0 0 0 1 1 1 0 0 0 1 0
300	9	1 1 1 1 0 0 1 1 1 0 1 0 1 1 1 0 0 0 0 1
300	1	1 1 1 1 0 1 1 1 0 0 1 0 1 1 0 0 0 0 0 0
300	3	1 1 1 1 1 0 1 1 0 0 1 0 1 1 0 0 0 1 0 1
300	3	1 1 1 1 1 0 1 1 1 0 1 0 1 1 0 0 0 0 0 0
300	3	1 1 1 0 0 1 1 1 0 0 1 1 1 1 0 0 0 0 0 1
300	1	1 1 1 1 0 0 1 1 0 0 1 0 1 1 0 0 0 0 1 0
300	12	1 1 1 1 0 0 1 1 0 0 1 0 1 0 1 0 0 0 0 0
300	5	1 1 1 1 0 0 1 1 1 0 1 1 1 1 0 0 0 0 1 0
300	8	1 1 1 1 0 1 1 1 0 1 1 1 1 0 1 0 0 0 0 0
300	5	0 1 0 1 0 0 0 1 0 0 0 0 1 0 1 0 0 0 0 0
300	1	1 1 0 1 0 0 0 0 0 0 1 1 1 1 0 0 0 0 0 0
300	2	0 1 1 1 0 1 1 1 0 0 1 1 1 0 1 0 0 0 0 0
300	5	1 1 1 0 0 1 1 1 0 0 1 1 0 1 0 0 0 0 0 0
300	1	1 1 1 1 0 0 1 1 0 0 0 0 1 1 0 1 0 0 0 0
300	1	1 0 1 1 0 0 1 1 1 0 1 1 1 1 0 0 0 0 0 0
300	2	0 1 1 1 0 1 1 1 0 0 1 0 1 1 1 0 0 0 0 0
300	9	1 1 0 1 0 0 1 1 0 1 1 0 1 1 0 0 0 0 0 0
300	2	1 1 1 1 0 1 1 1 0 0 1 1 1 1 0 1 0 0 0 1
300	2	1 1 1 1 0 0 1 1 0 1 1 1 1 1 0 0 0 0 0 0
300	1	1 1 1 0 0 0 0 1 0 0 1 0 1 1 0 0 0 0 0 0
300	1	1 1 1 1 0 1 1 0 0 1 1 0 1 1 1 0 0 0 0 1
300	1	1 1 1 1 0 0 1 1 0 0 1 1 1 1 1 0 0 1 0 0
300	10	1 1 1 0 0 0 1 1 0 0 1 0 1 1 0 1 0 1 0 0
300	2	1 1 1 1 0 0 1 1 0 0 1 0 1 1 1 0 0 0 0 1
300	1	1 0 1 1 0 1 1 0 0 0 1 0 1 1 0 0 0 0 0 0
300	1	1 1 1 1 1 0 1 1 0 0 1 0 1 1 0 1 0 0 0 0
300	2	1 1 1 1 1 1 1 1 0 0 1 1 1 1 0 0 0 0 0 0
300	5	0 1 1 1 1 1 1 1 0 0 1 0 1 1 0 0 0 0 0 0
300	3	0 1 1 1 0 1 1 1 1 0 1 0 1 1 0 0 0 0 0 0
300	1	1 1 1 1 0 0 1 1 1 0 1 0 1 1 1 0 0 1 0 1
300	1	1 1 1 1 0 0 1 1 0 0 1 1 1 1 1 0 0 0 0 0
300	1	1 1 1 1 0 0 1 1 0 0 1 1 1 0 1 0 0 0 0 0
300	1	1 1 1 1 0 1 1 1 0 1 1 0 1 1 1 0 0 1 0 0
300	2	1 1 1 1 1 0 1 1 0 0 1 1 1 1 1 0 0 1 0 0
300	1	1 1 1 1 1 1 1 1 0 0 1 0 1 1 0 0 0 0 0 0
300	1	1 1 1 1 0 1 0 1 0 0 1 1 1 1 0 0 0 0 0 0
300	1	1 1 1 1 0 0 1 1 0 0 1 0 1 1 0 0 0 1 1 0
300	1	1 1 1 1 0 1 1 1 0 0 0 0 0 0 0 0 0 0 0 0
300	1	1 1 1 0 0 1 1 1 0 0 0 0 0 1 0 0 0 0 0 0
300	1	1 1 0 1 0 1 1 1 0 0 0 0 0 1 0 0 0 0 0 0
300	3	0 1 1 1 1 0 1 1 0 0 1 0 1 1 0 0 0 0 0 0
300	1	1 1 1 1 0 1 1 1 0 1 1 0 1 1 0 0 0 0 0 1
300	1	1 1 1 1 0 1 1 1 0 1 1 0 1 0 1 0 0 0 0 1
300	2	1 1 1 1 1 1 1 1 0 0 0 0 1 1 1 0 0 0 0 1
300	1	1 1 1 0 0 1 1 1 0 0 1 0 0 1 0 0 0 0 0 0
300	1	1 1 1 1 1 0 1 1 0 0 1 0 1 1 0 1 0 0 1 0
350	74	1 1 1 1 0 1 1 1 0 0 1 1 1 1 0 0 0 0 0 0
350	59	1 1 1 1 0 0 1 1 0 0 1 0 1 1 0 0 0 0 0 0
350	64	1 1 1 1 0 0 1 1 0 0 1 0 1 1 1 0 0 0 0 0
350	19	1 1 1 1 0 0 1 1 0 0 1 1 1 1 0 0 0 0 0 0
350	17	1 1 1 1 0 0 1 1 1 0 1 1 1 1 0 0 0 0 0 0
350	11	1 1 0 1 1 0 1 1 0 0 1 1 1 1 1 0 0 0 0 0
350	41	1 1 1 1 0 1 1 1 0 1 1 0 1 1 0 0 0 0 0 0
350	13	1 1 1 1 0 1 1 1 0 0 0 0 0 1 0 0 0 0 0 0
350	13	1 1 1 1 1 0 1 1 0 0 1 0 1 1 0 0 0 0 0 0
350	56	1 1 1 1 0 0 1 0 0 1 1 0 1 1 0 0 0 0 0 0
350	5	1 1 1 1 0 0 1 1 0 0 1 0 1 1 1 0 1 0 0 0
350	3	1 1 1 1 0 0 1 1 0 1 0 1 1 1 0 0 0 0 0 1
350	5	1 1 1 1 1 1 1 1 0 0 1 0 1 1 1 0 0 0 0 1
350	12	1 1 1 1 0 1 1 1 0 0 1 1 1 1 1 0 0 1 0 0
350	4	1 1 1 0 0 1 1 1 0 0 1 1 0 1 0 0 0 0 0 0
350	11	1 1 1 1 0 0 1 1 0 0 1 0 1 1 1 0 0 0 0 1
350	18	1 1 1 1 0 0 1 1 1 0 1 0 1 1 1 0 0 0 0 0
350	1	0 1 1 1 0 1 1 1 1 0 1 0 1 0 0 0 0 0 0 0
350	5	1 1 1 1 0 1 1 1 0 0 1 1 1 0 0 0 0 0 0 1
350	8	1 1 1 1 0 0 1 0 0 0 1 0 1 1 0 1 0 0 0 0
350	12	1 1 1 1 1 0 0 1 0 0 1 0 1 1 0 0 0 0 0 0
350	9	1 1 1 1 0 0 1 1 1 0 1 1 1 1 1 0 1 0 0 0
350	16	1 0 1 0 0 1 1 1 0 0 1 1 1 0 1 0 0 0 0 1
350	3	1 1 1 1 0 0 1 1 0 1 1 1 1 1 0 0 0 0 0 0
350	4	0 1 1 1 0 0 1 1 0 0 1 0 1 1 0 0 0 1 0 0
350	3	1 1 1 1 0 1 1 1 0 0 1 1 1 0 0 0 0 0 1 1
350	2	1 1 1 1 1 1 1 1 0 0 1 0 1 1 0 0 0 1 0 0
350	10	1 1 1 1 0 0 1 1 1 0 1 0 1 1 1 1 0 0 1 0
350	2	0 1 1 1 0 0 1 1 0 0 1 0 1 1 1 0 0 0 0 1
350	14	1 1 1 1 0 1 1 1 0 0 1 0 1 0 0 0 0 0 0 0
350	3	1 1 1 1 1 1 1 1 0 0 1 0 1 1 0 0 0 0 0 0
350	21	1 1 1 1 1 1 1 1 0 1 0 1 1 1 0 0 0 0 0 0
350	3	1 1 1 1 0 0 1 0 0 1 0 0 1 0 0 0 0 0 0 0
350	4	1 1 1 1 0 1 1 0 0 0 1 1 1 1 1 0 0 1 0 0
350	7	1 1 1 1 0 0 1 1 1 0 1 1 1 1 0 0 0 0 0 1
350	11	1 1 1 0 0 0 1 1 1 0 1 0 1 1 1 0 0 0 0 1
350	23	0 1 1 1 0 0 1 1 0 0 1 1 1 1 0 0 0 0 0 0
350	12	1 1 1 1 0 1 1 1 0 0 1 0 0 1 0 0 0 0 0 0
350	3	1 1 1 1 1 1 1 1 0 0 1 1 1 1 0 0 0 0 0 0
350	7	1 1 1 1 1 0 1 1 0 0 1 0 1 1 1 0 1 0 0 0
350	8	1 1 1 1 0 1 1 1 0 0 1 1 1 0 1 0 0 0 1 1
350	9	1 0 1 0 0 1 1 1 0 0 1 1 1 0 1 0 0 0 0 0
350	4	1 1 1 1 0 0 1 1 1 0 1 0 1 0 1 0 0 0 0 1
350	14	1 1 1 1 0 0 1 0 0 1 0 0 0 1 0 0 0 0 0 0
350	5	1 0 1 1 0 0 0 1 0 0 0 0 1 1 1 1 0 0 0 0
350	18	1 1 1 0 0 1 1 1 0 0 1 1 1 0 1 0 0 0 0 1
350	5	1 1 1 1 0 0 1 0 1 1 0 0 1 0 0 0 0 0 0 0
350	20	1 1 1 1 0 0 1 1 0 0 1 1 1 0 0 0 0 0 1 0
350	4	1 1 1 1 0 1 1 1 0 0 1 1 0 0 0 0 0 0 0 1
350	3	1 1 1 1 0 1 0 1 0 0 1 1 1 1 0 0 0 0 0 0
350	5	1 1 1 1 0 0 0 1 0 0 1 0 1 1 0 0 0 0 0 0
350	8	1 1 1 1 0 1 1 1 0 1 1 0 1 0 0 0 0 0 0 0
350	4	0 1 1 0 0 0 1 1 1 0 1 0 1 1 1 0 0 0 0 0
350	2	1 1 1 1 1 0 1 1 0 0 0 0 1 1 1 0 0 0 0 1
350	2	1 1 1 1 0 0 1 1 0 0 1 0 1 1 0 0 1 0 0 0
350	4	1 1 1 1 0 0 0 1 1 0 1 1 1 1 1 0 1 0 0 0
350	6	0 1 1 1 0 1 1 1 0 0 1 1 1 1 1 0 0 1 0 0
350	2	1 1 1 1 0 0 1 0 0 1 0 0 1 1 0 1 0 0 0 0
350	11	1 1 1 1 0 1 1 1 1 0 1 1 1 1 0 0 0 0 0 0
350	5	1 1 1 0 0 0 1 1 0 0 1 0 1 1 0 0 0 1 0 0
350	6	1 1 0 1 1 0 1 1 0 0 1 1 0 1 1 0 0 0 0 1
350	4	1 1 1 1 0 1 1 1 1 0 1 0 1 1 0 0 0 1 0 0
350	5	1 1 0 1 1 0 1 0 0 0 0 0 1 1 0 1 0 0 0 0
350	2	0 1 1 1 0 1 1 1 0 1 1 0 1 0 0 0 0 0 0 0
350	3	1 1 1 1 0 0 1 1 0 0 1 1 1 1 0 0 0 0 0 1
350	21	1 1 1 1 1 0 1 1 0 0 1 0 1 1 0 1 0 0 0 0
350	2	1 1 1 1 0 0 0 1 0 0 0 0 1 1 1 0 1 0 0 0
350	6	1 1 0 1 0 0 1 1 1 0 0 0 0 1 0 0 1 0 0 1
350	13	1 1 1 1 0 0 1 1 0 0 1 0 1 1 1 1 0 0 0 0
350	4	1 1 1 1 0 0 1 0 0 1 0 0 1 1 0 0 0 0 0 0
350	1	1 1 0 1 0 0 1 1 0 0 1 0 1 1 1 0 0 0 0 0
350	3	1 1 1 1 0 0 1 1 0 0 1 0 1 1 1 0 0 1 0 0
350	23	1 1 0 1 0 0 1 0 0 1 1 0 1 1 0 0 0 0 0 0
350	2	1 1 1 1 0 0 1 0 0 1 1 0 0 1 0 0 0 0 0 0
350	7	1 1 1 1 0 0 1 0 0 1 1 0 1 0 0 0 0 0 0 0
350	12	1 1 1 1 0 1 1 1 0 0 1 0 1 1 0 0 0 0 0 0
350	2	1 0 1 1 0 0 0 0 0 1 1 0 1 1 0 0 0 0 0 0
350	5	1 1 1 1 0 1 1 1 0 0 1 0 0 1 1 0 0 0 0 0
350	2	1 1 0 1 1 0 1 1 0 1 0 1 1 1 0 0 0 0 0 0
350	3	1 1 1 1 0 1 1 1 0 1 1 0 1 1 0 0 0 0 1 0
350	6	1 1 1 1 0 1 0 1 0 0 1 1 1 1 1 0 0 1 0 0
350	3	1 1 1 1 0 1 1 1 0 0 1 1 0 0 0 0 0 0 1 1
350	4	1 0 1 0 0 1 1 1 0 0 1 0 1 0 1 0 0 0 0 0
350	3	1 1 1 1 0 1 1 1 0 0 1 1 1 1 0 1 0 0 0 0
350	2	1 1 1 1 1 1 1 1 0 0 1 1 1 1 0 0 0 1 0 0
350	2	1 1 1 1 0 0 1 0 0 1 0 1 1 1 0 0 0 0 0 0
350	1	1 1 1 1 0 0 1 1 0 0 1 0 1 0 1 0 1 0 0 0
350	4	1 1 1 1 0 0 1 1 1 0 1 0 0 1 0 0 0 0 0 0
350	7	1 1 1 1 0 1 1 1 0 0 0 0 1 1 0 0 0 0 0 0
350	1	1 1 1 1 1 0 1 1 0 0 1 0 1 1 1 0 0 0 0 0
350	2	0 1 1 1 0 0 1 1 0 0 1 0 1 1 0 0 0 0 0 0
350	2	1 1 1 1 0 1 1 1 0 0 1 1 1 1 0 0 0 1 0 0
350	4	1 1 1 1 1 0 1 1 1 0 1 1 1 1 0 0 0 0 0 0
350	4	0 1 1 1 0 0 1 1 0 0 1 1 0 1 0 0 0 0 0 0
350	2	1 1 1 1 1 0 1 1 1 0 1 0 1 1 1 0 1 0 0 0
350	3	1 0 1 0 0 1 1 1 0 0 1 1 0 0 1 0 0 0 0 0
350	1	1 1 1 1 0 1 1 1 0 0 1 0 1 1 1 1 0 0 0 0
350	7	1 1 1 0 0 0 1 1 1 0 1 0 1 1 1 0 0 0 0 0
350	2	0 1 1 1 0 1 1 1 0 0 1 1 1 1 0 0 0 0 0 0
350	1	1 1 1 1 0 1 1 0 0 1 1 0 1 1 0 0 0 0 0 0
350	2	0 1 1 1 0 1 0 1 0 0 1 1 1 1 0 0 0 0 0 0
350	3	1 0 1 1 1 0 1 1 0 0 1 0 1 1 1 0 0 0 0 0
350	2	1 1 1 1 0 0 1 0 1 0 1 0 1 1 0 0 0 1 0 0
350	2	0 1 1 0 0 0 1 1 0 1 1 0 1 1 0 0 0 0 0 0
350	2	1 1 1 0 0 0 1 1 1 0 1 1 1 1 0 0 0 1 0 0
350	3	0 1 1 1 0 0 1 0 0 1 0 1 1 1 0 0 0 0 0 0
350	1	1 1 1 1 0 0 1 1 0 0 1 1 1 1 0 0 0 1 0 0
350	2	1 0 1 1 0 1 1 1 0 0 1 0 1 0 0 0 0 0 0 0
350	1	1 1 1 1 0 0 1 0 0 0 1 1 1 1 1 0 0 1 0 0
350	1	1 1 1 1 1 0 0 1 0 0 1 0 1 0 0 0 0 0 0 0
350	1	1 1 1 1 1 0 1 1 0 1 1 0 1 0 0 0 0 0 0 0
350	2	1 1 1 1 0 0 1 0 1 0 1 0 1 1 1 0 0 0 0 1
350	3	1 1 1 1 1 0 1 1 0 0 1 1 1 0 0 0 0 0 1 0
350	2	1 1 1 1 0 1 1 1 0 0 1 1 1 1 0 0 0 0 0 1
350	1	1 0 1 1 1 0 1 1 1 0 1 1 1 1 0 0 0 0 0 0
350	2	1 1 1 1 0 1 1 1 0 0 1 1 1 1 0 0 0 0 1 0
350	3	1 1 1 1 0 0 1 1 0 0 1 0 1 1 0 0 0 1 0 0
350	3	1 1 1 1 0 0 1 1 1 0 1 0 0 1 1 0 0 0 0 0
350	4	1 1 1 1 0 1 1 1 0 0 1 1 1 1 0 0 0 0 1 1
350	1	1 1 1 1 1 1 1 1 0 1 0 1 1 1 0 0 0 0 1 0
350	1	1 1 1 0 0 1 0 1 0 0 1 1 1 1 0 0 0 0 0 0
350	2	1 0 0 1 0 0 1 0 0 1 1 0 1 1 0 0 0 0 0 0
350	1	0 1 0 1 1 0 1 1 0 0 1 1 0 1 1 0 0 1 0 1
350	1	1 1 1 1 1 1 1 1 0 0 1 1 0 0 0 0 0 0 0 1
350	1	1 1 0 1 0 0 1 1 1 0 1 1 1 0 0 0 0 0 1 0
350	3	1 0 1 1 1 0 1 1 0 0 1 0 1 1 0 0 0 0 0 0
350	2	1 1 1 1 1 1 1 1 0 0 1 0 1 1 1 0 0 0 1 1
350	3	1 1 1 0 0 1 1 1 0 0 0 1 0 1 0 0 0 0 0 0
350	1	1 1 1 1 1 0 1 1 1 0 1 1 1 1 0 0 0 0 0 1
350	1	1 1 1 1 0 1 1 1 0 0 1 0 0 1 0 0 1 0 0 0
350	1	1 1 1 1 0 1 1 1 0 0 1 1 0 0 0 0 0 1 0 1
350	1	1 1 1 1 0 0 0 1 1 0 1 0 1 1 0 0 0 0 0 0
350	1	1 1 1 1 1 0 1 1 0 0 1 0 1 1 0 1 0 0 0 1
350	2	1 1 0 0 0 0 1 0 0 1 1 0 1 1 0 0 0 0 0 0
350	1	1 1 0 1 1 0 1 1 0 1 0 1 1 1 1 0 0 0 0 0
350	3	1 1 1 1 0 0 1 0 0 1 1 0 0 1 0 0 0 1 0 0
400	36	1 1 1 1 0 1 1 1 0 0 1 1 1 1 0 0 0 0 0 0
400	75	1 1 1 1 0 0 1 1 0 0 1 0 1 1 0 0 0 0 0 0
400	39	1 1 1 1 0 0 1 1 0 0 1 0 1 1 1 0 0 0 0 0
400	7	1 1 1 1 0 0 1 1 0 0 1 1 1 1 0 0 0 0 0 0
400	10	1 1 1 1 0 0 1 1 1 0 1 1 1 1 0 0 0 0 0 0
400	11	1 1 1 1 0 1 1 1 0 1 1 0 1 1 0 0 0 0 0 0
400	26	1 1 1 1 0 0 1 0 0 1 1 0 1 1 0 0 0 0 0 0
400	34	1 1 1 1 0 0 1 1 0 0 1 0 1 1 1 0 0 0 0 1
400	6	1 1 1 1 0 0 1 1 1 0 1 0 1 1 1 0 0 0 0 0
400	8	1 1 1 1 1 0 0 1 0 0 1 0 1 1 0 0 0 0 0 0
400	7	1 1 1 1 1 1 1 1 0 0 1 0 1 1 0 0 0 0 0 0
400	74	1 1 1 1 0 0 1 0 0 1 0 0 1 0 0 0 0 0 0 0
400	14	1 1 1 1 0 1 1 1 0 1 1 0 1 0 0 0 0 0 0 0
400	13	1 1 1 1 0 0 1 0 0 1 0 0 1 1 0 0 0 0 0 0
400	9	1 1 1 1 0 0 1 0 0 1 1 0 1 0 0 0 0 0 0 0
400	14	1 0 1 1 0 1 1 1 0 0 1 0 1 0 0 0 0 0 0 0
400	2	1 0 1 1 1 0 1 1 0 0 1 0 1 1 0 0 0 0 0 0
400	3	1 1 1 1 0 1 1 1 0 0 1 1 1 0 1 0 0 0 0 1
400	14	1 1 1 1 1 0 1 0 0 0 1 1 1 0 0 0 0 0 1 0
400	11	1 1 1 0 0 1 1 1 0 0 1 1 1 0 1 0 0 0 0 0
400	2	1 1 0 1 0 0 1 0 0 1 0 0 0 1 0 0 0 0 0 0
400	19	1 1 1 1 0 0 1 1 0 0 1 0 1 0 0 0 0 0 0 0
400	7	1 1 1 1 1 1 1 1 0 1 1 1 1 0 1 0 0 0 1 0
400	3	1 1 1 1 0 1 1 1 0 1 1 0 1 0 0 1 0 0 0 0
400	12	1 1 1 1 0 0 1 0 0 1 0 0 1 0 0 0 0 0 1 0
400	25	1 1 0 1 1 0 1 1 0 0 1 1 1 0 1 0 0 0 0 0
400	41	1 1 1 1 0 0 0 0 0 1 1 0 1 1 0 0 0 0 0 0
400	2	1 1 1 1 0 0 1 0 0 1 1 0 1 1 0 0 0 0 1 0
400	5	1 1 1 1 0 1 0 1 0 1 1 0 1 0 0 0 0 0 0 0
400	12	1 1 1 1 0 1 1 1 0 0 1 0 1 0 0 0 0 0 0 0
400	3	1 1 1 0 0 0 1 1 0 0 1 0 1 1 0 0 0 0 0 0
400	14	1 1 1 1 0 0 1 1 0 0 1 1 1 0 0 0 0 0 0 0
400	9	1 0 1 1 0 0 1 1 0 0 1 1 1 1 0 0 0 0 0 0
400	21	1 1 1 1 0 1 1 1 0 0 0 0 1 0 0 0 0 0 0 0
400	5	1 1 1 1 0 0 1 1 1 0 1 1 1 0 0 0 0 0 1 0
400	10	1 1 1 1 0 0 1 1 0 0 1 1 1 1 0 0 0 0 0 1
400	17	1 1 1 1 0 1 1 1 0 0 1 0 1 1 0 0 0 0 0 0
400	4	1 1 1 1 0 0 1 1 0 0 1 1 1 1 1 0 0 0 0 1
400	7	1 1 1 1 0 0 1 1 0 0 1 0 1 0 1 0 0 0 0 1
400	3	0 1 1 1 0 0 1 0 0 1 0 0 1 0 0 0 0 0 0 0
400	1	1 1 1 1 0 0 1 1 0 0 1 0 0 1 0 0 0 0 0 0
400	3	1 1 1 0 0 1 1 1 0 0 1 0 1 0 0 0 0 0 0 0
400	6	1 1 1 1 0 0 1 0 0 0 0 0 1 0 0 0 0 0 0 0
400	7	1 1 0 1 0 0 1 0 0 1 1 0 1 1 0 0 0 0 0 1
400	1	1 1 1 1 0 0 1 0 0 1 1 0 1 0 0 0 0 0 0 1
400	8	1 1 1 1 1 1 1 1 0 1 0 1 1 0 1 0 0 0 1 0
400	14	1 1 1 1 0 0 1 1 1 0 1 1 1 0 0 0 0 0 0 0
400	4	1 1 1 1 0 0 1 1 0 0 1 0 0 1 1 0 0 0 0 1
400	3	1 1 0 1 0 0 1 0 0 1 0 0 0 0 0 0 0 0 0 0
400	2	0 0 1 0 0 1 0 1 0 0 1 0 1 0 1 0 0 0 1 0
400	10	1 0 1 1 1 0 1 0 0 1 1 0 1 1 0 0 0 0 0 0
400	2	1 1 1 1 1 0 0 1 0 0 1 0 1 1 1 0 0 0 0 0
400	1	1 1 1 1 0 1 0 1 0 0 1 1 1 1 0 0 0 0 0 0
400	2	1 1 1 1 0 1 1 1 1 0 1 1 1 1 0 0 0 0 0 0
400	11	1 1 1 1 0 0 1 1 0 0 1 0 1 0 1 0 0 0 1 0
400	2	1 0 1 1 0 0 1 1 0 0 1 0 1 0 0 0 0 0 0 0
400	20	1 1 1 1 0 1 1 0 0 1 0 0 0 0 0 0 0 0 0 0
400	2	1 1 1 1 1 1 1 1 0 1 0 1 0 0 1 0 0 0 1 0
400	10	1 1 1 1 0 1 1 1 0 0 1 1 1 1 0 1 0 0 0 0
400	2	1 1 1 1 0 0 1 1 0 0 1 0 1 1 0 0 0 0 0 1
400	8	1 1 1 1 0 0 1 0 0 1 1 0 1 0 1 0 0 0 0 0
400	3	1 1 1 1 0 0 0 1 0 0 0 0 1 1 1 0 0 0 0 0
400	9	1 1 1 1 0 0 1 0 0 1 0 0 0 1 0 0 0 0 0 1
400	18	1 1 1 1 0 0 0 0 0 1 0 0 1 1 0 0 0 0 0 0
400	7	0 1 1 1 0 0 1 0 1 1 0 0 1 0 0 0 0 0 0 0
400	6	1 1 1 1 0 1 1 0 0 0 0 0 0 0 0 0 0 0 0 0
400	6	1 1 1 1 0 0 1 1 0 0 1 0 1 1 0 0 0 1 0 0
400	1	1 1 0 1 1 0 0 1 0 0 1 0 1 1 0 0 0 0 0 0
400	2	1 1 1 1 0 0 1 1 0 1 0 0 0 1 1 0 0 0 0 0
400	6	1 1 1 1 0 1 1 1 0 1 1 0 1 0 1 0 0 0 0 1
400	9	1 1 1 0 0 1 1 1 0 0 1 1 1 1 0 0 0 0 0 0
400	3	1 1 1 1 1 1 1 1 0 1 1 1 1 1 1 0 0 0 1 0
400	2	0 1 1 1 0 1 1 1 0 0 1 1 1 1 0 0 0 0 0 0
400	13	1 1 1 1 0 1 1 1 0 0 1 1 1 1 1 0 0 0 0 0
400	12	1 1 1 1 0 0 1 1 0 0 0 0 1 1 1 0 0 0 0 0
400	3	1 1 1 1 0 0 1 0 0 1 0 0 1 1 1 0 0 0 0 1
400	6	1 0 1 1 0 1 1 1 0 0 1 1 1 0 1 0 0 0 0 0
400	3	1 1 1 1 0 0 1 1 0 0 1 0 1 1 0 0 0 0 1 0
400	1	1 1 1 1 0 0 1 1 0 0 1 1 1 1 0 1 0 0 0 0
400	8	1 1 1 1 0 1 1 1 0 0 1 0 1 0 0 1 0 0 0 0
400	1	1 1 1 1 0 1 1 1 0 0 1 0 1 0 1 0 0 0 0 0
400	5	1 1 1 1 0 1 1 1 0 0 1 0 1 0 1 0 0 0 0 1
400	3	1 1 1 1 1 0 1 1 0 0 1 0 1 1 0 0 0 1 0 0
400	3	0 1 1 0 0 1 1 1 0 0 1 1 1 1 0 0 0 0 0 0
400	3	1 1 0 1 1 0 1 0 0 1 1 0 1 1 0 0 0 0 0 0
400	5	1 1 1 1 0 1 0 1 0 1 1 1 1 1 0 0 0 0 0 0
400	3	1 0 1 1 0 0 1 1 0 0 1 0 1 0 0 0 0 0 1 0
400	5	1 1 1 1 0 1 0 1 0 1 1 0 1 0 0 1 0 0 0 0
400	3	1 1 1 0 0 1 1 1 0 0 1 0 1 0 0 1 0 0 0 0
400	2	1 0 1 1 1 0 1 1 0 1 1 0 1 1 0 0 0 0 0 0
400	1	1 1 1 1 0 0 1 0 0 1 0 0 0 0 0 0 0 0 0 0
400	3	1 1 1 1 0 1 1 1 0 0 1 0 1 1 0 0 0 1 0 0
400	6	1 1 1 1 0 0 0 0 0 1 0 0 1 0 0 0 0 0 0 0
400	6	1 1 1 1 0 1 1 1 0 0 1 1 1 0 0 0 0 0 0 0
400	4	1 1 0 0 0 1 1 1 0 0 1 0 1 0 0 0 0 0 0 0
400	7	1 1 1 1 0 0 1 1 0 1 0 0 0 1 0 0 0 0 0 0
400	9	1 1 1 1 0 1 1 1 0 0 1 0 1 1 1 0 0 0 0 0
400	3	1 1 1 1 0 1 0 1 0 0 1 0 1 0 0 1 0 0 0 0
400	1	1 1 1 1 0 0 1 0 0 0 1 0 1 1 1 0 0 0 0 0
400	1	1 1 0 1 0 0 1 0 0 1 1 0 1 1 0 0 0 0 0 0
400	1	1 1 1 1 0 0 1 1 0 0 1 0 1 1 0 1 0 0 0 0
400	1	1 0 1 1 0 1 1 1 0 0 1 0 1 0 0 0 1 0 0 0
400	2	1 1 1 1 1 0 1 0 0 0 1 0 1 0 0 0 0 0 1 0
400	2	1 1 0 1 1 0 1 1 0 0 1 1 1 0 1 0 0 0 1 0
400	2	1 1 1 1 0 0 1 1 0 0 1 0 1 0 1 0 1 0 0 1
400	5	0 1 1 0 0 1 1 1 0 0 1 1 1 1 0 0 0 1 0 0
400	3	1 1 1 1 0 0 1 1 1 0 1 1 1 1 0 1 0 0 0 0
400	1	1 0 1 1 0 1 1 1 0 0 1 0 1 1 1 0 0 0 0 0
400	1	1 1 1 1 0 1 1 1 0 0 1 0 1 1 0 1 0 0 0 0
400	1	0 1 1 0 0 1 1 1 0 0 1 1 1 0 0 0 0 0 1 0
400	1	0 1 1 1 0 0 1 1 0 0 1 0 1 1 0 0 0 0 0 0
400	1	1 1 1 1 0 0 1 1 1 0 1 0 1 1 1 0 0 0 0 1
400	2	1 1 1 1 0 1 1 0 0 1 0 0 1 0 0 0 0 0 0 0
400	3	1 0 1 1 1 1 1 1 0 0 1 0 1 0 0 0 0 0 0 0
400	1	1 1 1 0 0 1 1 1 0 0 1 1 1 0 1 0 0 0 0 1
400	2	1 1 1 1 0 1 1 1 0 0 0 0 1 0 0 1 0 0 0 0
400	2	1 0 1 1 0 1 1 1 0 0 1 1 1 1 0 1 0 0 0 0
400	2	1 1 1 1 0 0 1 1 0 1 1 1 1 1 1 0 0 0 1 0
400	1	1 1 1 0 0 1 1 1 0 0 1 1 1 1 1 0 0 0 0 0
400	2	1 0 1 1 0 0 1 1 0 0 1 0 1 1 0 0 0 0 0 0
400	1	1 1 1 1 0 0 1 0 0 1 1 0 1 1 0 1 0 0 0 0
400	1	1 1 1 1 0 0 1 1 0 0 1 0 1 1 1 1 0 0 0 1
400	3	1 1 1 1 0 0 1 0 0 0 1 0 1 1 1 0 0 0 0 1
400	1	1 1 1 1 0 0 0 1 0 0 1 0 1 1 1 0 0 0 0 1
400	5	1 1 1 1 0 0 1 0 0 1 0 0 1 0 0 1 0 0 0 0
400	3	1 1 1 1 0 0 1 0 0 1 0 0 1 0 0 0 0 1 0 0
400	1	1 1 1 1 0 0 1 1 0 1 1 0 1 0 1 0 0 0 1 0
400	3	0 1 1 1 0 0 1 1 0 0 1 0 1 1 0 0 0 1 0 0
400	1	0 1 1 1 1 1 1 1 0 1 1 1 1 1 1 0 0 0 1 0
450	4	1 1 1 1 0 0 1 1 0 0 1 0 1 1 0 0 0 0 0 0
450	8	1 1 1 1 0 0 1 1 0 0 1 0 1 1 1 0 0 0 0 0
450	7	1 1 1 1 0 0 1 1 0 0 1 1 1 1 0 0 0 0 0 0
450	56	1 1 1 1 0 0 1 0 0 1 0 0 1 0 0 0 0 0 0 0
450	59	1 1 1 1 0 0 1 0 0 1 1 0 1 0 0 0 0 0 0 0
450	9	1 0 1 1 0 1 1 1 0 0 1 0 1 0 0 0 0 0 0 0
450	8	1 1 1 1 0 0 1 0 0 1 0 0 1 0 0 0 0 0 1 0
450	1	1 1 0 1 1 0 1 1 0 0 1 1 1 0 1 0 0 0 0 0
450	6	1 1 1 1 0 0 0 0 0 1 1 0 1 1 0 0 0 0 0 0
450	8	1 1 1 1 0 1 1 1 0 0 1 0 1 0 0 0 0 0 0 0
450	5	1 1 1 1 0 0 1 1 0 0 1 1 1 0 0 0 0 0 0 0
450	8	1 1 1 1 0 1 1 1 0 0 0 0 1 0 0 0 0 0 0 0
450	8	1 1 1 1 0 0 1 1 0 0 1 0 1 0 1 0 0 0 0 1
450	52	1 1 1 1 0 0 1 0 0 0 0 0 1 0 0 0 0 0 0 0
450	4	1 1 1 1 0 0 1 1 0 0 1 0 0 1 1 0 0 0 0 1
450	12	1 1 1 1 0 1 1 0 0 1 0 0 0 0 0 0 0 0 0 0
450	54	1 1 1 1 0 0 1 0 0 1 1 0 1 0 1 0 0 0 0 0
450	19	1 1 1 1 0 0 0 0 0 1 0 0 1 1 0 0 0 0 0 0
450	13	1 1 1 1 0 0 1 1 0 0 0 0 1 1 1 0 0 0 0 0
450	9	1 1 1 1 0 0 1 0 0 0 1 0 1 1 1 0 0 0 0 0
450	49	1 1 1 1 0 0 1 0 0 1 0 0 1 0 0 0 1 0 0 0
450	16	1 1 1 1 1 0 1 0 0 0 1 1 1 0 0 0 0 0 0 0
450	15	1 1 1 1 0 0 0 0 0 0 0 0 1 1 0 0 0 0 0 0
450	8	1 1 1 1 0 0 1 0 0 0 0 0 1 0 0 0 0 0 0 1
450	36	1 1 1 1 0 1 0 1 0 0 0 0 1 0 0 0 0 0 0 0
450	10	1 0 1 0 0 1 1 1 0 0 1 0 1 0 1 0 0 0 0 0
450	1	1 1 1 1 0 0 1 1 0 1 1 0 1 0 0 0 0 0 0 0
450	6	1 1 1 1 0 0 0 0 0 1 1 0 1 1 0 0 0 1 0 0
450	7	1 1 1 1 0 1 1 0 0 1 0 0 1 0 0 0 1 0 0 0
450	12	1 1 1 1 0 0 1 1 0 0 1 0 1 0 0 0 0 0 0 0
450	4	1 0 1 1 0 1 1 1 0 1 0 0 1 0 0 0 0 0 0 0
450	19	1 1 1 1 0 0 1 0 0 0 1 0 1 0 0 0 0 0 0 0
450	15	1 1 0 1 0 0 1 0 0 0 1 0 1 1 0 0 0 0 0 0
450	2	1 1 0 1 1 1 1 1 0 1 1 1 1 0 1 0 0 0 1 0
450	4	1 1 1 1 0 0 0 1 0 0 1 0 1 0 0 0 1 0 0 0
450	10	1 1 1 1 1 0 1 0 0 1 1 1 1 0 0 0 0 0 0 0
450	1	1 1 1 1 0 0 1 0 0 0 0 0 1 0 0 0 1 0 0 0
450	3	1 1 1 1 0 0 1 0 0 0 1 0 1 1 0 0 0 0 0 0
450	16	1 1 1 1 0 1 1 1 0 0 0 0 1 0 1 0 0 0 0 0
450	12	1 0 1 1 0 1 1 1 0 0 1 0 1 1 0 0 0 0 0 0
450	26	1 1 0 1 1 1 1 1 0 1 1 1 1 0 0 0 0 0 0 0
450	5	1 1 1 1 0 0 1 0 0 0 0 0 1 1 0 0 0 0 0 0
450	5	1 1 1 1 0 0 1 0 0 1 1 0 1 1 0 0 0 0 0 1
450	10	1 1 1 1 0 0 1 1 0 1 0 1 1 0 0 1 0 0 0 0
450	2	1 1 1 1 0 1 1 1 0 0 1 0 1 0 0 0 1 0 0 0
450	33	1 1 1 1 0 0 0 0 0 0 1 0 1 0 1 0 0 0 0 0
450	9	1 1 1 1 0 1 1 1 0 0 1 0 1 0 1 0 0 0 0 1
450	23	1 1 1 1 0 1 1 0 0 0 1 0 1 0 0 0 0 0 0 0
450	2	1 1 1 1 0 0 1 0 0 1 1 0 1 0 1 0 0 1 0 0
450	2	1 1 1 1 0 0 1 0 0 1 0 0 1 0 1 0 0 0 1 0
450	21	1 1 1 1 0 1 1 0 1 1 0 0 1 0 0 0 1 0 0 0
450	5	1 1 1 1 0 0 1 0 0 1 1 0 1 0 0 0 0 1 0 0
450	1	1 1 1 1 0 0 1 0 0 0 1 0 1 0 1 0 0 0 0 0
450	7	1 0 1 1 0 0 1 0 0 0 1 0 1 0 0 0 0 0 0 0
450	5	1 1 1 0 0 0 0 0 0 0 1 0 1 0 1 0 0 0 0 0
450	2	1 1 1 1 0 0 1 1 1 0 1 1 0 0 0 0 0 0 0 0
450	20	1 1 1 1 0 1 1 1 0 0 0 0 0 0 0 0 0 0 0 0
450	2	1 1 1 1 0 0 1 0 0 1 1 1 1 0 1 0 0 0 0 0
450	3	1 1 1 0 0 0 0 0 0 1 0 0 1 1 0 0 0 0 0 0
450	2	1 1 1 1 0 0 0 0 0 1 0 0 1 0 1 0 0 0 0 0
450	7	1 1 1 1 0 0 0 0 0 0 0 0 0 0 0 0 0 0 0 0
450	22	1 1 1 1 0 0 1 0 1 1 1 0 1 0 0 0 0 0 0 0
450	3	1 1 1 1 0 0 0 0 0 1 0 0 1 1 0 0 0 0 1 0
450	9	1 1 1 1 0 0 1 0 0 1 1 0 1 1 0 0 0 0 1 0
450	1	1 1 1 1 0 0 1 1 0 0 1 0 1 0 1 0 0 0 0 0
450	2	1 0 1 1 1 0 1 0 0 1 1 0 1 0 0 0 0 1 0 0
450	12	1 1 1 1 0 1 1 0 0 1 0 0 1 0 0 0 0 0 1 0
450	1	1 1 1 1 0 0 0 1 0 0 1 0 1 0 0 0 0 0 0 0
450	1	1 1 1 1 0 0 1 0 0 1 1 1 1 1 0 0 0 0 1 0
450	5	1 1 1 1 0 0 1 1 0 0 0 1 1 0 0 0 0 0 0 0
450	11	1 1 1 1 0 0 1 0 0 1 0 0 1 0 0 0 0 1 0 0
450	1	1 0 1 0 0 1 1 1 0 0 1 0 1 0 0 0 0 0 0 0
450	2	1 1 1 1 0 0 1 1 0 0 0 0 1 0 0 0 0 0 1 0
450	3	1 1 1 1 0 1 1 0 0 0 1 1 1 0 0 0 0 0 0 0
450	3	1 1 1 1 0 0 1 0 0 1 1 1 0 1 1 1 0 0 0 0
450	5	1 1 1 1 0 1 1 0 0 1 0 0 0 0 0 1 0 0 0 0
450	3	1 0 1 1 0 1 1 1 0 1 1 0 1 1 0 0 0 0 0 0
450	4	1 1 1 1 0 0 1 1 0 1 0 0 1 0 0 1 0 0 0 0
450	1	1 1 1 1 0 0 1 0 0 0 0 1 1 0 1 0 0 0 0 0
450	8	1 0 1 1 0 0 1 1 0 0 1 0 1 1 0 0 0 0 0 0
450	13	1 1 1 1 0 0 1 0 0 1 0 0 1 0 0 1 0 0 1 0
450	1	1 1 0 1 1 1 1 1 0 1 1 1 1 0 0 0 0 0 1 0
450	1	1 1 1 1 0 0 1 0 1 0 1 1 0 0 0 0 0 0 0 0
450	5	0 1 1 1 0 0 1 0 0 1 0 0 1 0 0 0 1 0 0 0
450	3	1 1 1 1 0 0 1 0 0 0 1 0 1 0 0 0 0 0 0 1
450	4	1 1 0 1 0 0 0 0 0 0 0 0 1 0 0 0 0 0 0 0
450	3	1 1 1 1 0 0 1 1 0 1 0 1 1 0 0 0 0 0 0 0
450	2	1 1 1 1 0 1 1 0 0 0 1 0 1 0 1 0 0 0 0 0
450	3	1 1 1 1 0 0 0 1 0 0 0 0 1 0 0 0 0 0 0 0
450	3	1 1 1 1 0 0 1 0 0 1 1 1 0 0 1 0 0 0 0 0
450	5	1 1 1 1 0 1 0 0 0 0 0 0 1 1 0 0 0 0 0 0
450	2	1 1 1 1 0 0 0 0 0 1 1 0 1 0 0 0 0 0 0 0
450	1	1 1 0 1 0 0 1 0 0 0 0 0 0 0 0 0 0 0 0 0
450	1	1 1 1 1 0 1 1 1 0 0 1 0 1 0 1 0 0 1 0 0
450	2	1 1 1 1 0 0 1 0 0 1 0 0 1 0 1 0 0 0 0 0
450	6	1 1 1 1 0 1 1 0 0 1 0 0 0 0 0 0 0 0 0 1
450	4	0 1 1 1 0 0 1 0 0 1 1 0 1 0 1 0 0 0 0 0
450	8	1 1 1 1 0 0 1 0 0 1 1 0 1 1 1 0 0 0 0 0
450	1	1 1 1 1 0 0 1 0 1 1 1 0 1 0 0 0 0 0 1 0
450	2	1 1 1 1 0 0 1 1 0 1 0 0 1 0 0 1 0 0 1 0
450	1	1 1 1 1 0 0 1 0 0 1 1 0 1 0 0 0 0 0 0 1
450	1	1 1 1 1 0 0 1 1 0 0 0 0 1 1 0 0 0 0 0 0
450	1	1 0 1 1 1 0 1 0 0 1 1 1 1 0 0 0 0 0 0 0
450	3	1 1 1 0 0 1 1 0 1 1 0 0 1 0 0 0 1 0 0 0
450	1	0 1 1 1 0 1 1 0 1 1 0 0 1 0 0 0 1 0 0 0
450	3	1 1 1 0 0 0 0 0 0 0 0 0 1 0 1 0 0 0 0 0
450	4	1 0 1 1 1 0 1 0 0 1 1 0 1 0 0 0 0 0 0 0
450	3	1 1 0 1 0 0 1 0 0 0 1 0 1 0 0 0 0 0 0 0
450	2	1 1 0 1 0 0 0 0 0 0 1 0 1 0 1 0 0 0 0 0
450	3	1 1 0 1 0 0 0 0 0 0 0 0 1 1 1 0 0 0 0 0
450	1	1 1 1 1 0 1 0 0 0 0 0 0 1 0 0 0 0 0 0 0
450	2	1 1 1 1 0 0 1 0 0 1 1 0 1 0 0 0 1 0 0 0
450	1	1 1 1 1 0 0 1 0 0 1 1 0 1 1 0 0 0 0 0 0
450	1	1 1 1 1 0 0 1 0 0 1 1 1 1 0 0 0 0 0 0 0
450	1	1 1 1 1 0 0 1 0 0 0 0 0 1 0 0 0 0 0 1 0
450	1	1 1 0 1 0 0 1 0 0 1 0 0 1 0 0 0 0 0 1 0
450	2	1 0 1 1 0 0 1 0 0 0 0 0 1 0 0 0 0 0 0 0
450	1	1 1 1 0 1 0 1 0 0 0 1 1 1 0 0 0 0 0 0 0
450	4	0 1 1 1 0 1 0 1 0 0 0 0 1 0 0 0 0 0 0 0
450	1	1 1 1 1 0 0 1 1 0 1 1 1 0 1 1 1 0 0 0 0
450	3	1 0 0 1 0 1 1 1 0 0 1 0 1 1 0 0 0 0 0 0
450	1	1 1 0 1 1 1 1 1 0 1 1 1 0 0 0 0 0 0 0 0
450	1	1 1 1 1 1 0 0 0 0 0 0 0 0 0 0 0 0 0 0 0
450	1	1 1 1 1 0 0 1 0 1 1 1 0 1 1 0 0 0 0 0 0
450	1	1 0 1 1 0 0 1 1 0 0 1 0 1 1 0 0 0 1 0 0
450	1	1 0 1 1 0 0 1 1 0 0 1 0 1 1 0 0 1 0 0 0
500	22	1 1 1 1 0 0 1 0 0 1 0 0 1 0 0 0 0 0 0 0
500	30	1 1 1 1 0 0 1 0 0 1 1 0 1 0 0 0 0 0 0 0
500	6	1 1 1 1 0 0 1 1 0 0 1 0 1 0 1 0 0 0 0 1
500	105	1 1 1 1 0 0 1 0 0 0 0 0 1 0 0 0 0 0 0 0
500	12	1 1 1 1 0 1 1 0 0 1 0 0 0 0 0 0 0 0 0 0
500	27	1 1 1 1 0 0 1 0 0 1 1 0 1 0 1 0 0 0 0 0
500	21	1 1 1 1 0 0 1 0 0 1 0 0 1 0 0 0 1 0 0 0
500	2	1 1 1 1 0 0 1 0 0 0 0 0 1 0 0 0 0 0 0 1
500	14	1 1 1 1 0 1 1 0 0 1 0 0 1 0 0 0 1 0 0 0
500	59	1 1 1 1 0 0 1 0 0 0 1 0 1 0 0 0 0 0 0 0
500	4	1 1 1 1 0 1 1 1 0 0 0 0 1 0 1 0 0 0 0 0
500	8	1 1 0 1 1 1 1 1 0 1 1 1 1 0 0 0 0 0 0 0
500	63	1 1 1 1 0 0 0 0 0 0 1 0 1 0 1 0 0 0 0 0
500	2	1 1 1 1 0 1 1 1 0 0 1 0 1 0 1 0 0 0 0 1
500	26	1 1 1 1 0 0 1 0 1 1 1 0 1 0 0 0 0 0 0 0
500	5	1 1 1 1 0 0 0 1 0 0 1 0 1 0 0 0 0 0 0 0
500	1	1 1 1 1 0 0 1 1 0 1 0 1 1 0 0 0 0 0 0 0
500	10	1 1 1 1 0 0 0 0 0 1 1 0 1 0 0 0 0 0 0 0
500	17	1 1 0 1 0 0 1 0 0 1 1 0 1 0 1 0 0 0 0 0
500	6	1 1 1 0 0 1 1 0 1 1 1 0 1 0 0 0 0 0 0 0
500	13	1 1 0 1 0 0 1 0 0 0 0 0 1 0 0 0 0 0 0 0
500	1	1 1 0 1 1 0 1 0 0 0 1 1 1 0 0 0 0 0 0 0
500	19	1 1 0 1 0 0 1 0 0 0 1 0 1 0 0 0 0 0 0 0
500	38	1 1 1 1 0 1 1 0 0 0 0 0 1 0 0 0 0 0 0 0
500	47	1 1 1 1 1 1 1 0 0 0 1 1 1 0 0 0 0 0 0 0
500	8	1 1 1 1 0 1 1 1 0 0 1 0 1 0 0 0 0 0 0 0
500	5	1 1 1 1 0 0 1 0 0 0 1 1 1 0 0 0 0 0 0 0
500	1	1 1 1 1 0 0 1 0 0 1 1 0 1 1 1 0 0 0 0 0
500	6	1 1 1 1 0 0 1 0 0 0 0 0 1 0 0 1 0 0 0 1
500	5	1 1 1 1 0 0 0 0 1 0 1 1 1 0 1 0 0 0 0 0
500	2	1 1 1 1 0 0 1 0 0 0 1 0 1 0 0 0 0 0 1 1
500	19	1 0 1 1 0 1 1 0 0 1 1 0 1 0 0 0 0 0 0 0
500	12	1 1 1 1 0 1 1 0 1 1 0 0 1 0 0 0 0 0 0 0
500	17	1 1 1 1 0 0 1 0 0 0 0 1 1 0 0 0 0 0 0 0
500	2	1 1 1 1 0 1 0 1 0 0 1 0 1 0 0 0 0 0 0 0
500	3	1 1 1 1 1 0 0 0 0 0 1 0 1 1 1 0 0 0 0 0
500	27	1 1 1 1 0 0 1 0 0 0 0 0 1 0 0 1 1 0 0 1
500	3	1 1 1 1 1 0 1 1 0 0 1 1 1 0 0 0 0 0 0 0
500	11	1 1 1 1 0 0 0 0 0 1 1 0 1 0 1 0 0 0 0 0
500	2	1 1 1 1 0 0 1 1 1 1 1 0 1 0 0 0 0 0 0 0
500	18	1 1 1 1 0 0 1 1 0 0 0 0 1 0 0 0 0 0 0 0
500	13	1 1 1 0 1 0 1 0 0 0 0 0 1 0 0 0 0 0 0 0
500	8	1 1 1 1 0 0 1 0 0 0 0 0 1 0 0 0 1 0 0 0
500	15	1 1 1 1 0 0 1 0 1 0 0 0 1 0 0 0 0 0 0 0
500	10	1 1 1 1 0 1 1 0 1 1 1 0 1 0 0 0 0 0 0 0
500	2	1 0 0 1 0 0 1 0 0 0 0 0 1 0 0 0 0 0 0 0
500	4	1 1 1 1 0 0 1 0 0 1 1 0 1 0 0 0 0 0 1 1
500	5	1 0 1 1 1 0 1 0 0 0 1 1 1 0 0 0 0 0 0 0
500	3	1 1 1 1 0 1 0 1 0 0 1 0 1 0 0 0 0 0 1 0
500	8	1 0 1 1 0 0 1 0 0 0 0 0 1 0 0 0 0 0 0 0
500	14	1 1 1 1 1 0 1 0 0 0 0 0 1 0 0 0 0 0 0 0
500	2	1 1 1 1 0 1 1 0 0 1 1 0 1 0 0 0 0 0 0 0
500	9	1 1 1 1 0 0 1 1 1 1 0 1 1 0 0 0 0 0 0 0
500	9	1 1 0 1 0 0 0 0 0 0 1 0 1 0 0 0 0 0 0 0
500	1	1 1 1 1 0 0 1 0 0 0 1 1 1 1 0 0 0 0 0 0
500	5	1 1 1 1 0 0 1 0 0 0 0 1 1 0 0 0 1 0 0 0
500	9	1 1 1 1 1 0 1 0 0 1 1 0 1 0 1 0 0 0 0 0
500	4	1 1 1 1 0 0 1 0 0 0 0 0 1 0 0 1 1 0 0 0
500	2	0 1 1 1 0 0 1 0 0 0 0 0 1 0 0 0 0 0 0 0
500	3	1 1 1 1 0 0 1 0 0 1 1 0 1 0 1 0 0 0 0 1
500	5	1 1 1 1 1 0 1 0 0 0 0 0 1 0 0 0 0 0 0 1
500	2	1 1 1 1 0 0 1 1 0 1 1 0 1 0 0 0 0 0 0 0
500	2	1 1 1 1 0 1 0 0 1 1 1 0 1 0 1 0 0 0 0 0
500	3	1 0 0 1 0 0 1 0 0 0 0 0 1 0 1 0 0 0 0 0
500	23	1 1 1 1 1 1 1 0 0 1 0 0 1 0 1 0 1 0 0 0
500	18	1 1 1 1 0 0 1 0 1 0 0 0 1 1 1 0 0 0 0 0
500	2	1 1 1 1 0 1 1 0 0 0 1 1 1 0 0 0 0 0 0 0
500	1	1 1 1 1 0 0 1 0 0 0 1 1 1 0 0 0 1 0 0 0
500	1	1 1 1 1 0 1 1 1 0 0 1 0 1 1 0 0 0 0 0 0
500	6	1 1 1 1 1 0 0 0 0 0 1 0 1 0 1 0 0 0 0 0
500	9	1 0 0 1 0 0 1 0 0 1 0 0 1 0 0 0 0 0 0 0
500	1	1 1 1 1 0 1 1 1 1 1 1 0 1 0 0 0 0 0 0 0
500	16	1 1 1 1 0 0 1 0 0 0 0 0 1 0 1 0 1 0 0 0
500	3	1 1 1 1 1 1 1 0 0 0 0 1 1 0 0 0 0 0 0 0
500	2	1 1 0 1 1 0 1 0 0 0 1 0 1 0 0 0 0 0 0 0
500	3	1 0 1 1 0 1 1 0 0 1 1 0 1 0 0 0 0 0 0 1
500	3	1 1 1 1 0 1 1 0 0 1 0 1 1 0 0 0 0 0 0 0
500	2	1 1 1 1 0 0 1 0 0 1 0 0 0 0 0 0 0 0 0 0
500	2	1 1 1 1 0 0 1 0 0 1 1 1 1 0 0 0 0 0 0 0
500	7	1 1 1 1 0 0 0 0 0 0 1 0 1 0 0 0 0 0 0 0
500	2	1 1 1 0 0 1 1 0 1 1 1 1 1 0 0 0 0 0 0 0
500	2	1 1 0 1 1 0 0 0 0 0 1 1 1 0 0 0 0 0 0 0
500	10	1 1 1 1 0 0 1 0 0 0 0 0 1 0 0 1 1 0 1 1
500	2	1 0 1 1 1 0 1 0 0 0 1 1 0 0 0 0 0 0 0 0
500	3	1 0 1 1 0 1 0 0 0 1 1 0 1 0 0 0 0 0 0 1
500	2	1 1 1 1 0 0 1 0 0 0 1 0 1 0 1 0 0 0 0 0
500	2	1 1 0 1 0 0 1 0 0 0 0 1 1 0 0 0 0 0 0 0
500	2	1 1 1 1 1 1 1 0 0 0 1 1 1 0 0 0 0 0 0 1
500	2	1 1 1 1 0 0 1 0 0 0 1 1 1 0 0 0 0 0 1 1
500	1	1 1 0 1 0 0 1 0 0 1 1 0 1 0 0 0 0 0 0 0
500	4	1 0 0 1 0 0 1 0 0 0 0 0 1 0 0 0 0 0 0 1
500	1	1 0 1 1 0 0 1 0 0 1 1 0 1 0 1 0 0 0 0 0
500	2	1 1 1 1 0 0 0 0 0 0 0 0 1 0 1 0 0 0 0 0
500	5	1 1 0 1 0 0 1 0 0 0 1 0 1 0 1 0 0 0 0 0
500	2	1 1 1 1 0 1 1 0 0 0 0 0 1 0 0 0 0 1 0 0
500	1	1 1 1 1 0 0 1 0 1 0 0 0 1 0 0 1 0 0 0 0
500	2	1 1 1 1 0 1 1 0 1 1 1 0 0 0 0 0 0 0 0 0
500	1	0 1 1 1 0 1 0 0 1 1 1 0 1 0 1 0 0 0 0 0
500	5	1 1 1 1 0 0 1 0 0 0 0 0 1 1 1 0 1 0 0 0
500	3	1 1 1 1 0 0 1 0 0 0 1 0 1 0 1 0 1 0 0 0
500	3	1 0 1 1 0 0 1 0 0 0 1 0 1 0 0 0 0 0 0 0
500	1	1 1 1 1 0 0 0 0 0 0 1 0 1 0 1 0 0 0 0 1
500	1	1 0 1 1 0 1 1 0 0 1 1 0 1 0 0 0 0 0 1 0
500	1	1 0 1 1 0 0 0 0 0 1 1 0 1 0 1 0 0 0 0 0
500	3	1 1 1 1 1 0 1 0 0 0 0 1 1 0 0 0 0 0 0 0
500	1	1 1 1 1 0 0 0 0 0 1 1 0 1 0 1 0 0 0 0 1
