0	250	0 0 0 0 0 1 0 1 0 0 0 0 0 0 0 0 0 0 0 0
0	250	0 1 1 1 1 0 1 1 0 1 1 1 1 0 0 0 0 0 0 0
0	250	0 0 0 1 0 0 1 1 0 0 0 1 1 1 0 0 0 0 1 0
0	250	1 0 0 1 1 0 0 0 0 0 0 1 1 1 0 0 0 0 1 0
50	250	0 1 1 1 1 0 1 1 0 1 1 1 1 0 0 0 0 0 0 0
50	6	0 0 0 1 0 0 1 1 0 0 0 1 1 1 0 0 0 0 1 0
50	1	0 0 1 1 1 0 1 1 0 1 1 1 1 0 0 0 0 0 0 0
50	15	0 0 0 1 0 0 1 1 0 0 0 1 1 1 1 0 0 0 1 0
50	54	0 1 1 1 1 0 1 1 0 1 1 1 1 1 0 0 0 0 0 0
50	121	0 1 1 1 1 0 1 1 0 1 1 1 1 0 0 1 0 0 0 0
50	23	0 1 1 1 1 0 1 1 0 1 1 1 0 0 0 0 0 0 0 0
50	32	1 1 1 1 1 0 1 1 0 1 1 1 1 0 0 0 0 0 0 0
50	7	0 1 1 0 1 0 1 1 0 1 1 1 1 0 0 0 0 0 0 0
50	32	0 1 0 1 1 0 1 1 0 1 1 1 1 0 0 0 0 0 0 0
50	41	0 1 1 1 1 0 1 1 0 1 1 1 1 0 0 0 0 0 1 0
50	10	0 1 1 1 1 1 1 1 0 1 1 1 1 0 0 0 0 0 0 0
50	13	0 1 1 1 1 0 1 1 1 1 1 1 1 0 0 0 0 0 0 0
50	10	0 1 1 1 1 0 1 1 0 1 1 1 1 0 0 0 0 0 0 1
50	6	0 1 1 1 1 0 1 1 0 1 1 1 1 0 0 0 0 1 0 0
50	9	0 1 1 1 1 0 1 1 0 1 1 0 1 0 0 0 0 0 0 0
50	26	0 1 1 1 1 0 1 1 0 1 1 1 1 0 1 0 0 0 0 0
50	12	0 1 1 1 1 0 1 1 0 1 0 1 1 0 0 0 0 0 0 0
50	5	0 1 1 1 1 0 0 1 0 1 1 1 1 0 0 0 0 0 0 0
50	15	0 1 1 0 1 0 1 1 0 0 1 1 1 0 0 0 0 0 0 0
50	5	0 0 1 1 0 0 1 1 0 1 1 1 1 0 0 0 0 0 0 0
50	10	1 1 1 1 1 0 1 0 0 1 1 1 1 0 0 1 0 0 0 0
50	8	0 1 1 1 1 0 1 1 0 0 1 1 1 0 0 0 0 0 0 0
50	41	0 1 0 1 1 0 1 1 0 1 1 1 1 0 1 0 0 0 0 0
50	5	0 1 1 1 0 0 1 1 0 1 1 1 1 0 0 0 0 0 0 0
50	13	1 1 1 1 1 0 1 1 0 1 1 1 1 0 0 0 0 0 0 1
50	20	1 1 1 1 1 0 1 1 0 1 1 1 1 0 0 0 0 0 1 0
50	7	0 1 1 1 1 0 1 1 0 0 0 1 1 1 1 0 0 0 0 0
50	10	0 1 0 1 1 0 1 1 1 1 1 1 1 0 0 0 0 0 0 0
50	12	0 1 1 1 1 0 1 1 0 1 1 0 1 0 0 0 0 0 0 1
50	2	0 1 1 1 1 0 1 1 0 1 1 1 1 0 0 1 1 0 0 0
50	4	0 1 1 1 1 0 1 1 1 1 1 1 1 1 0 0 0 0 0 0
50	1	0 1 1 1 1 0 1 1 0 1 1 1 0 0 0 1 0 0 0 0
50	4	0 1 1 1 1 0 1 1 0 1 0 1 1 0 0 1 0 0 0 0
50	1	1 0 0 1 1 0 0 0 0 0 0 1 1 1 0 0 0 0 1 0
50	10	0 1 1 1 1 0 0 1 0 1 1 1 1 0 1 0 0 0 0 0
50	9	0 1 1 1 1 1 1 1 0 1 1 1 1 0 0 1 0 0 0 0
50	13	0 1 1 1 1 0 1 1 0 1 1 1 0 1 0 0 0 0 0 0
50	13	0 1 1 1 0 0 1 1 0 1 1 1 1 1 0 0 0 0 0 0
50	5	0 1 1 1 1 0 1 1 0 1 1 1 1 0 0 1 0 0 1 0
50	5	1 1 1 1 1 0 1 1 0 1 1 1 1 0 0 1 0 0 0 0
50	17	0 1 1 1 1 0 1 1 0 1 1 1 0 0 0 0 0 1 0 1
50	4	0 1 0 1 1 0 1 1 0 1 1 1 1 0 0 0 0 1 0 0
50	3	0 1 1 1 1 0 1 1 0 1 1 1 1 1 0 0 0 0 1 0
50	1	0 1 1 1 1 0 1 1 0 1 1 1 1 0 0 0 1 0 0 0
50	4	0 1 1 0 1 0 1 1 0 1 1 1 1 0 0 1 0 0 0 0
50	6	1 1 1 1 1 0 1 1 1 1 1 0 1 0 0 0 0 0 0 0
50	8	0 1 1 1 1 0 1 1 0 1 1 0 1 0 0 1 0 0 0 0
50	3	0 0 1 1 0 0 1 1 0 1 1 1 1 0 0 1 0 0 0 0
50	3	0 1 1 1 1 0 1 1 0 1 1 1 1 1 0 0 0 0 0 1
50	1	0 0 1 1 1 0 1 1 0 1 1 1 1 1 0 0 0 0 0 0
50	1	0 1 1 1 1 0 1 1 0 1 1 1 1 0 1 1 0 0 0 0
50	2	0 1 1 1 1 0 1 1 0 1 1 1 0 0 0 0 0 1 0 0
50	2	0 1 1 1 1 0 1 1 1 1 1 1 1 0 0 0 0 0 1 0
50	4	1 1 1 1 1 0 1 1 0 0 1 1 1 0 0 1 0 0 0 0
50	6	0 1 1 1 1 0 1 1 0 1 1 1 1 0 0 0 0 1 1 0
50	2	0 1 1 1 1 0 1 1 0 1 1 1 1 0 1 0 1 0 0 0
50	4	0 1 0 0 1 0 1 1 0 0 1 1 1 0 0 0 0 0 0 0
50	1	0 1 1 1 1 0 0 1 0 1 1 1 1 1 1 0 0 0 0 0
50	1	0 1 1 1 1 0 1 1 0 1 1 0 1 0 1 1 0 0 0 0
50	4	0 1 1 1 1 0 0 1 0 1 1 1 1 0 0 0 0 0 1 0
50	4	1 1 1 1 1 0 1 1 0 1 1 1 1 1 0 0 0 0 1 0
50	7	0 1 1 1 1 0 1 1 0 1 1 1 1 1 0 1 0 0 0 0
50	1	0 1 1 1 1 0 0 1 0 1 1 1 1 0 0 1 0 0 0 0
50	2	0 1 1 1 1 0 1 1 0 1 1 0 0 0 0 0 0 0 0 0
50	3	0 1 1 0 1 0 1 1 1 1 1 1 1 0 0 0 0 0 0 0
50	2	0 1 1 1 1 0 1 1 0 1 1 0 1 0 0 0 1 0 0 0
50	2	0 0 1 1 1 0 1 1 0 1 1 1 0 0 0 0 0 1 0 1
50	3	1 1 1 1 1 0 1 0 0 1 1 1 1 0 0 0 0 0 0 0
50	1	0 1 1 1 1 0 1 1 0 0 0 1 0 0 0 0 0 1 0 1
50	1	0 1 1 1 1 0 1 1 0 1 1 0 1 1 0 0 0 0 0 0
50	3	0 1 0 1 1 0 1 1 0 1 1 1 1 0 0 1 0 0 0 0
50	1	1 1 1 1 1 0 0 1 0 1 1 1 1 0 0 0 0 0 0 0
50	2	0 1 1 1 1 0 1 1 0 0 1 1 1 1 0 0 0 0 0 0
50	1	0 1 0 1 1 1 1 1 0 1 1 1 1 0 1 0 0 0 0 0
50	2	0 1 1 1 1 0 0 1 0 1 1 1 1 0 0 1 1 0 0 0
50	1	0 1 1 1 1 1 1 1 0 1 0 1 1 0 0 1 0 0 0 0
50	1	0 1 1 1 1 0 1 1 0 1 1 1 1 0 1 0 0 1 1 0
100	174	0 1 1 1 1 0 1 1 0 1 1 1 1 0 0 0 0 0 0 0
100	17	0 1 1 1 1 0 1 1 0 1 1 1 1 1 0 0 0 0 0 0
100	83	0 1 1 1 1 0 1 1 0 1 1 1 1 0 0 1 0 0 0 0
100	51	0 1 1 1 1 0 1 1 0 1 1 1 0 0 0 0 0 0 0 0
100	43	1 1 1 1 1 0 1 1 0 1 1 1 1 0 0 0 0 0 0 0
100	9	0 1 0 1 1 0 1 1 0 1 1 1 1 0 0 0 0 0 0 0
100	8	0 1 1 1 1 0 1 1 0 1 1 1 1 0 0 0 0 0 1 0
100	3	0 1 1 1 1 1 1 1 0 1 1 1 1 0 0 0 0 0 0 0
100	25	0 1 1 1 1 0 1 1 0 1 1 1 1 0 0 0 0 0 0 1
100	36	0 1 1 1 1 0 1 1 0 1 1 1 1 0 1 0 0 0 0 0
100	25	0 1 1 1 1 0 0 1 0 1 1 1 1 0 0 0 0 0 0 0
100	12	0 1 1 1 0 0 1 1 0 1 1 1 1 0 0 0 0 0 0 0
100	32	0 1 1 1 1 0 0 1 0 1 1 1 1 0 1 0 0 0 0 0
100	18	0 1 1 1 1 0 1 1 0 1 1 1 0 1 0 0 0 0 0 0
100	12	0 1 1 1 1 0 1 1 0 1 1 1 0 0 0 0 0 1 0 1
100	56	0 1 1 1 1 0 0 1 0 1 1 1 1 1 1 0 0 0 0 0
100	18	0 1 1 1 1 0 1 0 0 1 1 1 1 0 1 0 0 0 0 0
100	15	1 1 1 1 1 0 1 1 1 1 1 1 1 0 0 0 0 0 0 0
100	15	0 1 1 1 1 0 0 1 0 1 1 1 1 0 0 0 1 0 1 0
100	10	0 1 1 1 1 0 1 1 0 0 1 1 1 0 0 1 0 0 0 0
100	10	0 1 1 1 1 0 0 1 0 1 1 1 1 1 0 0 0 0 0 0
100	1	1 1 1 1 1 0 1 1 1 1 1 1 1 0 0 0 0 0 0 1
100	7	0 1 1 1 1 0 1 0 0 1 1 0 1 0 0 1 0 0 0 0
100	2	0 1 1 1 0 0 0 1 0 1 1 1 1 1 1 0 0 0 0 0
100	7	0 1 1 1 1 0 1 1 0 1 1 1 1 1 0 1 0 0 0 0
100	10	0 1 1 1 1 0 1 1 0 1 1 1 1 0 0 1 0 0 1 0
100	2	0 1 1 1 1 0 1 0 0 1 1 1 1 0 0 0 1 0 1 0
100	18	0 1 1 1 1 0 0 1 0 1 1 1 0 0 1 0 0 0 0 1
100	6	0 1 1 1 1 0 1 1 1 1 0 1 1 0 0 0 0 0 0 0
100	10	0 1 1 1 1 0 0 1 0 1 1 1 1 0 1 0 0 1 0 0
100	19	0 1 1 1 1 0 0 1 0 1 1 1 1 0 0 1 0 0 0 0
100	2	0 0 1 1 1 0 1 1 0 1 1 1 1 0 0 0 0 0 1 0
100	7	0 1 1 0 1 0 1 1 1 1 1 1 1 0 0 0 0 0 0 0
100	1	0 1 1 1 1 0 1 1 0 1 1 1 1 0 1 0 0 1 0 0
100	14	1 0 1 1 1 0 0 1 0 1 1 1 1 0 1 0 0 0 0 0
100	19	0 1 1 1 1 0 1 1 0 1 1 1 1 1 1 0 0 0 0 0
100	2	0 1 1 1 1 0 1 1 0 1 0 1 1 0 1 0 0 0 0 0
100	3	0 1 1 1 1 0 1 1 0 0 1 1 1 1 0 1 0 0 0 0
100	1	1 1 1 1 1 1 1 1 0 1 1 1 1 0 0 1 0 0 0 0
100	4	1 1 1 1 1 0 1 1 0 1 1 1 1 0 0 0 0 0 1 0
100	5	0 1 1 1 1 0 1 1 0 1 1 1 0 1 0 0 0 1 0 1
100	5	1 1 1 1 1 0 1 1 1 1 1 1 1 0 0 0 0 0 1 1
100	3	0 1 1 1 1 1 1 1 0 1 1 1 1 0 1 0 0 0 0 0
100	4	1 1 1 1 1 0 1 1 1 1 1 1 1 1 0 0 0 0 0 0
100	25	0 1 1 1 1 0 1 1 0 0 1 1 1 0 0 0 0 0 0 0
100	6	0 1 1 1 1 0 1 1 1 1 1 1 1 0 0 1 0 0 0 0
100	9	0 1 1 1 1 0 1 1 0 1 1 1 0 0 0 0 0 1 0 0
100	7	0 0 1 1 1 0 1 1 0 1 1 1 1 0 1 0 0 0 0 0
100	7	0 1 1 1 1 0 0 1 0 1 1 1 1 1 1 0 0 0 1 0
100	4	1 1 1 1 1 0 0 1 0 1 1 1 1 0 1 0 0 0 0 0
100	2	0 1 1 0 1 0 1 1 1 1 0 1 1 0 0 0 0 0 0 0
100	2	0 1 1 1 1 0 1 1 0 1 1 1 1 0 0 0 0 1 0 1
100	2	1 1 1 1 1 0 1 1 0 1 1 1 1 0 1 0 0 0 0 0
100	11	0 1 0 1 1 0 1 1 0 1 1 1 1 0 0 1 0 0 0 0
100	3	0 1 1 1 1 0 1 1 0 1 0 1 1 0 0 1 0 0 0 0
100	5	0 1 1 0 1 0 0 1 0 1 1 1 1 1 1 0 0 0 1 0
100	16	1 1 1 1 1 0 1 1 0 1 1 1 1 1 1 0 0 0 0 0
100	8	1 1 1 0 1 0 1 1 1 1 1 1 1 0 0 0 0 0 0 1
100	1	0 1 1 0 1 0 1 1 1 1 1 1 1 0 0 0 0 1 0 0
100	4	0 1 1 1 1 1 1 1 0 1 0 1 1 0 1 0 0 0 0 0
100	5	0 1 1 1 1 0 1 1 0 1 1 1 1 0 1 0 0 0 1 0
100	3	0 1 1 1 1 0 1 1 0 1 1 1 0 0 1 0 0 0 0 0
100	5	0 1 1 1 1 0 0 1 0 1 1 1 1 1 1 0 1 0 0 0
100	1	0 1 1 1 1 0 0 1 0 1 1 1 1 1 1 1 0 0 0 0
100	5	0 1 1 1 1 0 0 1 0 1 1 1 1 1 1 0 0 1 0 0
100	3	0 1 1 1 1 0 1 1 0 1 1 0 1 0 0 0 0 0 0 0
100	1	0 1 1 1 1 0 1 1 0 1 1 0 1 0 1 0 0 0 0 0
100	1	0 0 1 1 1 0 1 1 0 1 1 1 1 1 1 0 0 0 0 0
100	1	0 1 1 0 1 0 1 1 0 1 1 1 0 0 0 1 0 0 1 0
100	1	0 1 1 1 1 0 1 1 1 1 1 1 1 0 0 1 0 0 0 1
100	2	1 1 1 1 1 0 1 1 0 0 1 1 1 0 0 0 0 0 0 0
100	5	0 1 1 1 1 0 1 1 0 1 1 1 1 0 1 0 1 0 0 0
100	1	1 1 1 1 1 0 0 0 0 1 1 1 1 0 1 0 0 0 0 0
100	2	1 0 1 1 1 1 1 1 0 1 1 1 1 0 0 1 0 0 0 0
100	2	0 1 1 1 0 0 0 1 0 1 1 1 1 1 1 0 0 0 0 1
100	1	1 0 1 1 1 0 0 1 0 1 1 1 0 0 0 0 0 0 0 0
100	1	0 1 1 1 1 1 1 1 0 1 1 1 1 0 0 1 0 0 0 0
100	3	1 1 1 1 1 0 1 1 0 1 1 1 0 0 0 0 0 0 0 0
100	2	0 1 1 0 1 0 1 1 0 1 1 1 0 0 0 0 0 0 0 0
100	2	0 1 0 1 1 0 1 1 0 1 1 1 1 0 0 0 0 0 0 1
100	2	0 1 1 1 1 0 0 1 0 1 0 1 1 1 1 0 0 0 0 0
100	2	0 1 1 1 1 0 0 1 0 1 1 1 0 0 1 0 0 0 0 0
100	1	0 1 1 1 1 0 1 1 0 1 0 0 1 0 0 1 0 0 0 0
100	3	0 1 1 1 1 1 1 1 0 1 0 0 1 0 1 0 0 0 0 0
100	2	0 0 1 1 1 0 1 1 0 1 0 0 1 0 0 1 0 0 0 0
100	3	0 1 1 1 1 0 0 1 0 1 1 1 1 1 1 0 0 0 0 1
100	3	0 0 1 1 1 0 1 1 0 0 1 1 1 0 0 1 0 0 0 0
100	1	0 1 1 1 0 0 0 1 0 1 1 1 0 0 1 0 0 0 0 1
150	51	0 1 1 1 1 0 1 1 0 1 1 1 1 0 0 0 0 0 0 0
150	9	0 1 1 1 1 0 1 1 0 1 1 1 1 1 0 0 0 0 0 0
150	2	0 1 1 1 1 0 1 1 0 1 1 1 1 0 0 1 0 0 0 0
150	15	0 1 1 1 1 0 1 1 0 1 1 1 0 0 0 0 0 0 0 0
150	49	1 1 1 1 1 0 1 1 0 1 1 1 1 0 0 0 0 0 0 0
150	94	0 1 1 1 1 0 1 1 0 1 1 1 1 0 1 0 0 0 0 0
150	48	0 1 1 1 1 0 0 1 0 1 1 1 1 0 0 0 0 0 0 0
150	5	0 1 1 1 1 0 0 1 0 1 1 1 1 0 1 0 0 0 0 0
150	17	1 1 1 1 1 0 1 1 1 1 1 1 1 0 0 0 0 0 0 0
150	13	0 1 1 1 1 0 0 1 0 1 1 1 1 1 0 0 0 0 0 0
150	11	0 1 1 1 1 0 0 1 0 1 1 1 1 0 0 1 0 0 0 0
150	19	0 1 1 1 1 0 1 1 0 1 1 1 1 0 1 0 0 1 0 0
150	28	0 1 1 1 1 0 1 1 0 1 1 1 1 1 1 0 0 0 0 0
150	1	0 1 1 1 1 0 1 1 0 0 1 1 1 0 0 0 0 0 0 0
150	6	1 1 1 1 1 0 0 1 0 1 1 1 1 0 1 0 0 0 0 0
150	5	0 1 1 0 1 0 0 1 0 1 1 1 1 1 1 0 0 0 1 0
150	40	1 1 1 1 1 0 1 1 0 1 1 1 1 1 1 0 0 0 0 0
150	34	1 1 1 1 1 0 1 1 0 1 1 1 0 0 0 0 0 0 0 0
150	1	0 1 1 1 1 0 0 1 0 1 0 1 1 1 0 0 0 0 0 0
150	84	0 1 1 1 1 1 1 0 0 1 1 1 1 0 1 0 0 0 0 0
150	11	0 1 1 1 1 0 1 1 0 1 1 1 1 1 0 0 0 1 0 0
150	22	1 1 1 1 1 0 1 1 0 1 1 1 1 0 1 0 0 0 0 0
150	10	0 1 1 1 1 0 0 1 0 1 1 1 0 0 1 0 0 0 0 0
150	18	0 1 1 0 1 0 1 1 0 1 1 1 1 0 0 0 0 0 0 0
150	11	0 1 1 1 1 0 0 1 0 1 0 1 0 0 0 0 0 0 0 0
150	12	1 1 1 1 1 0 1 1 0 0 1 1 1 1 1 0 0 0 0 0
150	12	0 1 1 1 1 1 1 0 0 1 1 1 1 0 1 0 0 0 0 1
150	13	0 1 1 1 1 0 1 1 0 1 1 1 1 0 1 0 1 0 0 0
150	5	0 1 1 1 1 0 1 0 0 1 1 1 1 0 1 0 0 1 0 0
150	9	0 1 1 1 1 0 1 0 0 1 1 1 0 0 0 0 0 0 0 0
150	7	1 1 1 1 1 0 1 1 0 1 0 1 1 1 1 0 0 0 0 0
150	7	1 1 1 1 1 0 1 1 0 1 1 1 1 0 1 1 0 0 0 1
150	13	0 1 1 0 1 0 1 1 0 1 1 1 1 0 1 0 0 0 0 0
150	8	0 1 1 0 1 0 1 1 0 1 1 1 1 1 0 0 0 0 0 0
150	3	0 1 1 1 1 0 0 1 0 1 0 1 1 0 1 0 0 0 0 0
150	12	0 1 1 1 1 0 1 0 0 1 1 1 1 0 0 0 0 0 0 0
150	3	0 1 1 1 1 0 0 1 0 1 0 1 1 0 0 0 0 0 0 0
150	30	0 1 1 1 0 0 0 1 0 1 1 1 1 0 1 0 0 0 0 0
150	3	0 1 1 1 1 0 1 1 0 1 1 1 1 0 1 0 0 0 1 0
150	11	0 1 1 1 0 0 1 1 0 1 1 1 1 1 0 0 0 1 0 0
150	7	0 0 1 1 0 0 0 1 0 1 1 0 1 0 1 0 0 0 1 0
150	5	0 1 1 1 0 0 0 1 1 1 1 1 1 0 1 1 0 1 0 0
150	3	0 1 1 1 1 0 1 1 0 1 1 1 1 0 1 0 0 0 0 1
150	19	1 1 1 1 1 0 1 0 0 1 1 1 0 0 0 0 0 0 0 0
150	7	0 1 1 1 1 1 0 0 0 1 1 1 1 1 1 0 0 0 0 0
150	18	1 1 1 1 1 0 0 1 0 1 1 1 1 0 0 0 0 0 0 0
150	7	0 1 1 1 1 0 1 1 0 1 1 1 1 0 0 0 0 0 1 0
150	2	0 1 1 1 0 0 0 1 0 1 1 1 1 0 0 0 0 0 0 0
150	12	1 1 1 1 1 0 1 1 0 0 1 1 1 1 1 0 0 1 0 0
150	12	1 1 1 1 1 0 1 1 0 1 1 1 1 0 1 0 0 0 0 1
150	4	0 1 1 1 1 1 1 0 1 1 1 1 1 0 1 0 0 0 0 0
150	1	0 1 1 1 0 1 0 1 1 1 1 1 1 0 1 1 0 1 0 0
150	6	0 1 1 1 1 1 0 0 0 1 1 1 1 0 1 0 0 0 0 0
150	4	0 1 1 1 1 0 1 1 0 1 1 0 1 0 1 0 0 0 0 0
150	6	1 1 1 1 1 0 1 1 0 1 1 1 1 0 1 1 1 1 0 1
150	6	0 1 1 1 1 0 0 1 0 1 1 1 1 1 1 0 0 0 1 0
150	6	0 1 1 1 1 0 1 1 0 0 1 1 1 0 1 0 0 0 0 0
150	1	1 1 1 1 1 0 0 1 0 1 1 1 1 0 1 0 0 0 0 1
150	10	0 1 1 1 1 1 1 0 0 1 1 1 1 0 1 0 1 0 0 0
150	8	0 1 1 1 1 1 0 1 0 1 1 1 1 0 0 1 0 0 0 0
150	3	0 1 1 1 1 0 0 1 0 0 1 1 0 0 0 0 0 0 0 0
150	12	0 1 1 1 1 1 1 0 0 1 1 0 1 0 1 0 0 0 0 0
150	1	0 1 1 1 0 0 0 1 0 1 1 1 1 1 1 0 0 0 0 1
150	4	0 1 1 1 1 0 1 0 0 1 1 1 1 0 1 0 0 0 0 0
150	2	1 0 1 1 1 0 1 1 0 1 1 1 1 0 1 0 0 0 0 0
150	3	0 1 1 1 1 0 1 1 0 1 1 1 1 0 1 0 1 0 1 0
150	1	0 1 1 1 1 0 1 1 0 1 0 1 1 0 0 0 0 0 0 0
150	3	0 1 0 1 1 1 1 0 0 1 1 1 1 0 1 0 0 0 0 0
150	7	0 1 1 1 1 0 0 1 0 1 1 1 1 1 0 0 0 0 1 0
150	5	1 1 1 1 1 0 1 1 1 1 1 1 1 0 1 1 0 0 0 1
150	3	0 1 1 1 1 0 1 1 0 0 1 1 1 1 1 0 0 0 0 0
150	6	1 1 1 1 1 0 1 1 0 1 1 1 1 0 0 0 1 0 0 0
150	5	1 1 1 1 1 0 1 1 0 1 0 1 1 1 1 0 0 0 0 1
150	1	1 1 1 1 1 0 1 0 1 1 1 1 0 0 0 0 0 0 0 0
150	1	0 1 1 1 1 0 0 1 0 1 1 1 1 1 0 0 1 0 1 0
150	2	0 1 1 1 1 0 1 0 0 1 1 1 0 0 1 0 0 0 0 0
150	2	1 1 1 1 1 0 1 1 0 0 1 1 0 1 1 0 0 0 0 0
150	1	0 1 1 1 0 0 1 1 0 1 1 1 1 0 1 0 0 0 1 0
150	2	0 1 1 1 1 0 1 1 0 1 1 0 1 0 0 0 0 0 1 0
150	5	0 1 1 1 1 1 0 0 0 1 1 1 1 0 0 0 0 0 0 0
150	1	1 1 1 1 1 0 0 1 0 1 1 1 1 1 1 0 0 0 0 1
150	1	0 1 1 1 1 0 1 1 0 1 1 0 1 0 0 0 0 0 0 0
150	2	0 1 1 1 1 0 1 1 0 1 0 1 1 0 1 0 0 0 0 0
150	5	0 1 1 1 1 0 1 1 1 1 1 1 1 0 1 0 0 0 0 0
150	2	1 1 1 1 1 1 1 1 0 1 1 1 1 1 1 0 0 0 0 0
150	6	1 1 1 1 1 1 1 0 0 1 1 1 1 0 1 0 0 0 0 0
150	1	0 1 0 1 1 1 1 0 0 1 1 1 1 0 1 0 0 0 0 1
150	1	0 1 1 1 1 0 1 1 0 1 1 1 0 0 1 0 0 0 1 0
150	2	0 1 1 1 1 1 0 1 0 1 1 1 1 0 1 0 0 0 0 0
150	2	0 1 1 1 1 1 1 0 0 1 1 1 1 0 1 0 0 0 1 0
150	2	0 1 1 1 0 0 0 1 0 1 1 1 0 0 0 0 0 0 0 0
150	1	0 1 1 1 1 0 1 1 0 1 1 1 1 1 0 0 0 0 1 0
150	3	0 1 1 1 1 0 1 1 0 1 1 1 0 0 1 0 0 0 0 0
150	1	0 1 1 1 1 0 0 1 0 1 1 1 1 0 0 0 0 0 1 0
150	1	0 1 1 1 1 1 1 0 0 1 1 1 0 0 1 0 0 0 0 0
150	2	0 1 1 1 1 0 1 1 0 1 1 1 1 1 0 0 1 1 0 0
150	2	1 1 1 1 1 0 1 0 0 1 1 1 0 0 0 1 0 0 0 0
200	10	0 1 1 1 1 0 1 1 0 1 1 1 1 0 0 0 0 0 0 0
200	8	0 1 1 1 1 0 1 1 0 1 1 1 0 0 0 0 0 0 0 0
200	30	1 1 1 1 1 0 1 1 0 1 1 1 1 0 0 0 0 0 0 0
200	52	0 1 1 1 1 0 1 1 0 1 1 1 1 0 1 0 0 0 0 0
200	18	0 1 1 1 1 0 0 1 0 1 1 1 1 0 0 0 0 0 0 0
200	2	0 1 1 1 1 0 0 1 0 1 1 1 1 0 1 0 0 0 0 0
200	65	0 1 1 1 1 0 1 1 0 1 1 1 1 1 1 0 0 0 0 0
200	1	1 1 1 1 1 0 0 1 0 1 1 1 1 0 1 0 0 0 0 0
200	20	1 1 1 1 1 0 1 1 0 1 1 1 0 0 0 0 0 0 0 0
200	13	1 1 1 1 1 0 1 1 0 1 1 1 1 0 1 0 0 0 0 0
200	15	0 1 1 1 1 0 1 1 0 1 1 1 1 0 1 0 1 0 0 0
200	12	0 1 1 1 1 0 1 0 0 1 1 1 0 0 0 0 0 0 0 0
200	1	1 1 1 1 1 0 1 1 0 1 0 1 1 1 1 0 0 0 0 0
200	22	0 1 1 1 0 0 0 1 0 1 1 1 1 0 1 0 0 0 0 0
200	22	1 1 1 1 1 0 1 0 0 1 1 1 0 0 0 0 0 0 0 0
200	8	1 1 1 1 1 0 1 1 0 1 1 1 1 0 1 0 0 0 0 1
200	38	0 1 1 1 1 0 1 1 0 0 1 1 1 0 1 0 0 0 0 0
200	24	0 1 1 1 1 1 1 0 0 1 1 0 1 0 1 0 0 0 0 0
200	9	1 1 1 1 1 0 1 1 0 1 0 1 1 1 1 0 0 0 0 1
200	34	0 1 1 1 1 0 1 1 0 1 1 1 0 0 1 0 0 0 0 0
200	27	1 1 1 1 1 1 1 1 1 1 1 1 1 0 0 0 0 0 0 0
200	13	0 1 1 1 1 0 1 1 0 1 0 1 1 1 1 0 0 0 0 0
200	15	1 1 1 1 1 0 1 1 0 1 1 1 0 0 0 0 0 0 0 1
200	13	0 0 1 1 0 0 0 1 0 1 1 0 1 0 0 0 0 0 0 0
200	9	0 1 1 1 1 0 1 1 0 1 1 1 0 0 0 1 0 0 0 0
200	1	0 1 1 1 1 0 1 1 0 1 1 1 1 0 1 1 0 0 0 0
200	9	0 1 1 1 1 0 1 1 1 1 1 1 1 0 1 1 0 1 0 0
200	22	1 1 1 1 1 0 1 1 0 1 1 1 1 0 0 1 0 0 0 0
200	3	1 1 1 0 1 0 1 1 0 0 1 1 1 1 1 0 0 1 0 0
200	35	1 1 1 1 1 0 1 1 1 1 1 1 0 0 0 0 0 0 0 0
200	8	0 1 1 0 1 0 1 1 0 1 1 1 1 0 1 0 0 0 0 0
200	5	0 1 1 1 0 0 1 1 0 1 1 1 0 1 0 0 0 0 0 0
200	2	1 0 1 0 1 0 1 1 0 1 1 1 1 0 1 0 0 0 0 0
200	6	0 1 1 1 1 0 1 0 0 1 0 1 0 0 0 0 0 0 0 0
200	12	1 1 1 1 0 0 1 1 0 1 1 1 1 0 1 0 0 0 0 1
200	2	0 1 1 1 0 0 1 1 0 1 1 1 1 0 1 0 0 0 1 1
200	34	0 1 1 1 1 1 1 0 0 1 1 0 1 0 0 0 0 0 0 0
200	13	0 1 1 1 1 0 1 1 0 1 1 1 1 0 1 1 1 0 0 0
200	6	0 1 1 1 1 0 1 1 0 1 0 1 1 1 1 0 0 0 0 1
200	1	0 1 1 1 1 0 1 1 0 1 0 1 1 0 1 0 1 0 0 0
200	3	0 1 1 1 1 1 1 0 0 1 1 0 1 0 1 0 0 0 0 1
200	4	0 1 1 1 0 0 0 1 0 0 1 0 1 0 0 0 0 0 0 0
200	6	1 1 1 1 1 0 1 1 0 1 1 0 0 0 1 0 0 0 0 0
200	6	0 1 1 1 0 0 0 1 0 1 1 1 1 0 1 1 1 0 0 0
200	3	0 1 1 1 0 0 0 1 0 1 1 1 1 0 0 0 0 0 0 0
200	25	1 1 0 1 1 0 1 1 0 1 1 1 1 0 1 0 0 0 1 0
200	3	0 1 1 1 0 0 1 0 0 1 1 1 0 0 1 1 1 1 0 0
200	9	1 0 1 1 1 0 1 1 0 1 1 1 1 0 1 0 0 1 0 0
200	5	1 1 1 1 1 0 1 1 0 0 1 1 1 0 1 0 0 0 0 0
200	37	0 1 1 0 0 0 0 1 0 1 1 1 1 0 1 0 0 0 0 0
200	24	0 1 1 1 0 0 1 1 0 1 1 1 1 0 0 0 0 0 0 0
200	11	0 1 1 1 1 0 1 1 0 1 1 1 1 0 0 0 0 1 0 0
200	19	0 1 1 1 1 0 1 0 0 1 0 1 0 0 1 0 0 0 0 0
200	1	0 1 1 1 0 0 0 1 0 1 1 1 1 0 1 1 0 0 0 0
200	2	0 1 1 1 1 0 0 1 1 1 1 1 1 0 1 0 0 0 0 0
200	2	1 1 1 1 1 1 1 1 0 1 1 1 1 0 0 0 0 0 0 1
200	2	0 1 1 1 1 0 1 1 0 1 1 1 1 0 0 0 0 0 0 1
200	1	0 1 1 1 0 1 1 1 0 1 1 1 1 0 1 0 0 0 1 1
200	9	0 1 1 0 1 0 1 1 0 0 1 1 1 1 1 0 0 1 0 0
200	10	0 1 1 1 1 0 1 1 0 1 1 1 1 1 1 0 0 0 0 1
200	6	1 1 1 1 1 0 1 1 0 1 1 1 1 0 1 0 0 0 1 0
200	3	0 1 1 1 1 0 0 0 0 1 1 1 1 0 0 0 0 0 0 0
200	12	0 1 1 1 1 0 0 1 0 0 1 1 1 0 1 0 0 0 0 0
200	6	0 1 1 1 1 1 1 0 0 1 1 0 1 0 1 1 0 0 0 0
200	1	0 1 1 1 1 0 1 1 0 1 1 1 1 1 0 0 0 0 0 0
200	2	1 1 1 1 1 0 1 1 0 1 1 1 1 0 0 0 1 0 0 0
200	14	0 1 1 1 0 0 1 1 0 1 1 1 1 1 1 0 0 0 0 0
200	2	0 1 1 1 1 0 1 1 0 0 0 1 1 0 1 0 0 0 0 0
200	5	1 1 1 1 1 0 1 1 0 1 1 1 1 0 0 0 0 1 0 0
200	4	1 1 1 1 1 0 1 1 0 0 1 1 1 0 1 0 0 0 0 1
200	5	0 1 1 1 1 0 1 1 0 1 1 1 0 0 0 0 0 1 0 1
200	2	1 1 1 1 1 0 1 1 0 1 0 1 1 0 0 0 0 0 0 0
200	3	0 1 1 1 1 0 1 1 1 1 1 1 1 0 0 0 0 1 0 0
200	2	1 1 1 1 1 0 1 1 1 1 1 1 1 1 1 0 0 0 0 1
200	3	0 1 1 1 1 0 1 0 0 1 1 1 1 1 1 1 0 0 0 0
200	8	1 1 1 1 1 0 0 0 0 1 1 1 1 0 0 0 0 0 0 0
200	5	1 1 1 1 1 0 1 1 1 1 1 1 1 0 0 0 0 0 0 0
200	3	0 1 1 1 1 0 0 1 1 1 1 1 1 0 0 0 0 0 0 0
200	5	1 1 1 1 1 0 0 1 0 1 1 1 1 0 1 0 0 0 0 1
200	7	1 1 1 1 1 0 1 1 0 1 1 0 1 0 1 0 0 0 0 1
200	11	0 1 1 1 1 0 1 1 1 1 1 1 0 0 0 0 0 0 0 0
200	2	0 1 1 1 1 0 1 1 0 1 1 0 0 0 0 0 0 0 0 0
200	1	0 1 1 1 1 0 1 0 0 1 1 1 0 0 1 0 0 0 0 0
200	2	1 1 1 1 0 0 1 1 1 1 1 1 0 0 0 0 0 0 0 0
200	1	1 1 1 1 1 0 1 1 0 1 0 1 0 1 0 0 1 0 0 0
200	1	1 1 1 1 1 1 1 0 0 1 1 0 1 0 0 0 0 0 0 0
200	6	0 1 1 1 1 0 1 1 0 1 1 0 1 0 1 0 0 0 0 0
200	4	0 1 1 1 0 0 1 1 0 1 0 1 1 1 1 0 0 0 0 1
200	2	0 1 1 1 1 0 1 1 1 1 1 1 1 0 1 0 1 0 0 0
200	1	0 1 0 1 1 0 1 1 0 0 1 1 1 0 1 0 0 0 0 0
200	3	0 1 1 1 1 0 1 1 0 0 1 1 1 0 1 0 0 0 1 0
200	2	0 1 1 0 1 0 1 1 0 1 1 1 0 0 1 0 0 0 0 0
200	4	0 1 1 1 0 0 1 1 0 1 1 1 1 1 0 0 0 0 0 0
200	2	0 1 1 1 0 0 0 1 0 1 1 1 1 0 1 1 1 0 0 1
200	2	0 1 1 1 1 1 1 0 0 1 1 1 1 0 1 0 0 0 0 0
200	1	0 1 1 1 1 1 1 0 0 1 1 1 1 0 1 0 0 0 1 1
200	1	1 1 1 1 1 0 1 1 0 1 1 1 1 0 0 0 0 0 0 1
200	4	1 1 1 1 1 0 1 1 1 1 1 1 0 0 0 0 0 0 0 1
200	1	1 0 1 1 1 0 1 1 1 1 1 1 1 0 1 0 0 1 0 0
200	1	0 0 1 1 0 0 1 1 0 1 1 1 1 0 0 0 0 0 0 0
200	1	1 1 1 1 1 0 1 1 0 1 1 1 1 0 1 1 0 0 1 0
200	2	1 1 1 1 0 0 1 1 0 1 1 1 1 0 0 0 1 0 0 0
200	2	0 0 1 1 1 0 1 1 0 0 0 1 1 0 1 0 0 0 0 0
200	1	0 1 1 1 1 0 0 1 0 1 1 1 1 0 1 1 1 1 0 0
200	2	1 1 1 1 1 1 1 0 0 1 1 0 1 0 1 0 0 0 0 0
200	2	0 1 1 1 1 0 1 0 0 1 0 1 0 0 0 1 0 0 0 0
200	2	1 1 1 1 1 0 1 0 0 1 1 1 1 0 0 0 0 0 0 0
200	1	1 1 1 1 1 0 1 1 1 1 1 1 1 1 1 0 0 0 0 0
200	1	0 1 1 1 1 0 1 1 0 0 1 1 0 0 0 0 0 0 0 0
200	1	0 1 1 1 1 0 1 1 0 1 1 1 1 0 1 0 0 1 0 0
200	1	0 1 1 1 1 0 1 0 0 1 1 1 1 0 1 0 1 0 0 0
200	2	0 1 1 1 0 0 1 1 0 1 1 1 0 1 0 1 0 0 0 0
200	2	1 1 1 1 1 0 1 0 0 1 0 1 0 0 1 0 0 0 0 0
200	3	0 1 1 1 0 0 1 1 0 1 1 1 1 1 1 0 0 1 0 0
200	2	1 1 1 1 1 0 1 1 0 1 1 0 1 1 1 0 0 0 0 1
200	3	1 1 1 1 1 0 1 0 0 1 1 0 1 0 1 0 0 0 0 1
250	5	0 1 1 1 1 0 1 1 0 1 1 1 1 0 0 0 0 0 0 0
250	44	1 1 1 1 1 0 1 1 0 1 1 1 1 0 0 0 0 0 0 0
250	4	0 1 1 1 1 0 1 1 0 1 1 1 1 0 1 0 0 0 0 0
250	10	0 1 1 1 1 0 1 1 0 1 1 1 1 1 1 0 0 0 0 0
250	11	0 1 1 1 0 0 0 1 0 1 1 1 1 0 1 0 0 0 0 0
250	9	1 1 1 1 1 0 1 0 0 1 1 1 0 0 0 0 0 0 0 0
250	29	0 1 1 1 1 0 1 1 0 0 1 1 1 0 1 0 0 0 0 0
250	31	0 1 1 1 1 1 1 0 0 1 1 0 1 0 1 0 0 0 0 0
250	21	0 1 1 1 1 0 1 1 0 1 1 1 0 0 1 0 0 0 0 0
250	6	1 1 1 1 1 1 1 1 1 1 1 1 1 0 0 0 0 0 0 0
250	14	1 1 1 1 1 0 1 1 0 1 1 1 0 0 0 0 0 0 0 1
250	30	1 1 1 1 1 0 1 1 1 1 1 1 0 0 0 0 0 0 0 0
250	8	0 1 1 1 1 1 1 0 0 1 1 0 1 0 0 0 0 0 0 0
250	16	1 1 1 1 1 0 1 1 0 1 1 0 0 0 1 0 0 0 0 0
250	16	0 1 1 0 0 0 0 1 0 1 1 1 1 0 1 0 0 0 0 0
250	3	0 1 1 1 0 0 1 1 0 1 1 1 1 0 0 0 0 0 0 0
250	19	0 1 1 1 1 1 1 0 0 1 1 0 1 0 1 1 0 0 0 0
250	29	0 1 1 1 1 0 1 0 0 1 1 1 1 1 1 1 0 0 0 0
250	6	0 1 1 1 1 0 1 1 1 1 1 1 0 0 0 0 0 0 0 0
250	43	1 1 1 1 1 0 1 1 1 1 1 1 0 0 0 0 0 0 0 1
250	48	1 1 1 1 1 0 1 1 0 0 1 1 1 0 0 0 0 0 0 0
250	26	0 1 1 1 1 0 1 1 1 1 1 1 0 0 1 0 0 0 0 0
250	26	0 1 1 1 1 0 1 1 0 1 1 1 1 0 1 0 0 0 1 0
250	3	0 1 1 1 1 0 0 1 0 1 1 1 0 0 1 0 0 0 0 0
250	13	0 0 1 0 1 0 1 1 0 1 1 1 1 0 1 0 0 0 0 0
250	10	1 1 1 1 0 0 1 1 0 1 1 1 1 0 1 0 0 0 0 0
250	19	1 1 1 1 1 0 1 1 0 1 1 0 0 0 1 0 0 0 0 1
250	3	0 1 1 1 1 0 1 1 1 1 1 1 0 0 0 0 0 0 0 1
250	1	1 0 1 1 1 0 1 1 0 1 1 1 1 0 1 0 0 0 0 0
250	19	0 1 1 1 0 0 0 1 0 1 1 0 1 0 0 0 0 0 0 0
250	7	0 1 0 0 1 0 1 1 0 1 1 1 1 0 1 0 0 0 0 0
250	6	0 1 1 1 1 0 1 1 0 0 1 1 1 0 0 0 0 0 0 0
250	7	1 1 1 0 1 0 1 0 0 1 1 1 0 0 0 0 0 0 0 0
250	3	0 1 0 1 1 0 1 1 1 1 1 1 1 0 0 0 0 0 0 0
250	6	0 1 1 0 0 1 0 1 0 1 1 1 1 0 1 0 0 0 0 0
250	1	0 1 1 1 1 1 1 1 0 1 1 1 0 0 0 0 0 0 0 1
250	1	1 1 1 1 1 1 1 1 1 0 1 1 1 0 0 0 0 0 0 0
250	4	1 1 1 1 1 0 0 1 0 0 1 1 1 0 0 0 0 0 0 0
250	2	0 1 1 1 1 0 1 1 0 0 1 1 1 0 1 1 0 0 0 0
250	24	1 1 1 1 0 0 1 1 0 1 1 0 0 0 1 0 0 0 0 0
250	14	1 1 1 1 1 0 1 1 0 1 0 1 1 0 0 0 0 0 0 1
250	6	0 1 1 1 1 0 1 1 0 0 1 0 1 0 1 0 0 0 0 0
250	11	1 1 1 1 0 0 1 0 0 1 1 1 0 0 0 0 0 0 0 0
250	4	0 0 1 1 1 0 1 1 1 1 1 1 0 0 0 0 0 0 0 0
250	3	0 1 1 1 1 0 1 1 1 0 1 1 1 0 0 0 0 0 0 0
250	4	0 1 1 0 1 0 1 1 0 1 1 1 1 0 0 0 0 0 0 0
250	1	1 1 1 1 1 1 1 1 0 0 1 1 1 0 1 0 0 0 0 0
250	8	0 1 1 1 1 1 1 0 0 1 1 0 1 1 1 0 1 0 0 0
250	2	1 1 1 1 1 1 1 1 0 1 1 1 1 0 1 0 0 0 0 0
250	13	1 1 1 1 1 0 1 1 0 0 1 1 1 0 0 0 0 0 0 1
250	4	1 1 1 1 1 1 1 1 1 0 1 1 1 0 0 0 0 0 0 1
250	3	1 1 1 1 1 0 1 1 0 1 1 1 1 0 1 0 0 0 0 0
250	12	1 1 1 1 1 1 1 1 1 0 1 1 1 0 1 0 0 0 0 0
250	14	1 1 1 1 1 0 1 0 0 1 1 1 1 0 0 0 0 0 0 0
250	7	1 0 1 1 1 1 1 1 1 1 1 1 1 0 0 0 0 0 0 0
250	6	1 1 1 1 1 0 0 0 0 1 1 1 1 0 0 1 0 0 0 0
250	1	0 1 1 1 1 0 1 0 0 1 1 1 0 0 0 0 0 0 0 0
250	11	0 0 1 1 1 0 1 1 0 1 1 1 1 0 0 0 0 0 0 0
250	27	1 1 1 0 1 0 1 1 0 1 1 1 1 0 0 0 0 0 0 0
250	5	1 1 1 1 1 0 1 0 0 1 1 0 1 0 0 0 0 0 0 1
250	8	0 1 1 1 1 0 1 0 0 1 1 1 1 1 1 1 0 0 1 0
250	8	0 0 1 0 1 0 1 1 0 0 1 1 1 0 1 1 0 0 0 0
250	11	0 1 1 1 1 0 1 1 0 1 1 0 0 0 1 0 0 0 0 1
250	6	1 1 1 1 1 0 1 1 1 1 1 0 0 0 0 0 0 0 0 1
250	3	0 1 1 1 1 0 1 1 0 1 1 1 0 0 0 0 0 0 0 1
250	13	0 1 1 1 1 1 1 1 1 1 1 1 1 0 0 0 0 0 0 0
250	5	0 0 1 0 0 1 0 1 0 1 1 1 0 0 0 0 0 0 0 1
250	1	1 1 1 1 1 0 1 1 0 1 1 1 1 0 0 1 0 0 0 0
250	11	1 1 1 1 1 0 1 1 1 1 1 1 1 0 0 0 0 0 0 0
250	9	1 1 1 1 0 0 1 1 1 1 1 1 0 0 0 0 0 0 0 0
250	2	0 1 1 1 0 0 1 1 1 1 1 1 1 0 0 0 0 0 0 0
250	3	0 1 1 1 1 0 1 0 0 1 1 0 1 0 0 0 0 0 0 0
250	2	0 1 1 0 0 0 0 1 0 1 1 1 0 0 0 0 0 0 0 1
250	3	0 1 1 1 1 0 0 1 0 1 1 1 1 0 1 0 0 0 0 0
250	17	0 1 1 1 1 0 1 1 1 0 1 1 1 0 0 0 0 0 0 1
250	10	1 1 1 1 1 0 1 1 0 1 0 1 0 0 0 0 0 0 0 0
250	3	0 1 1 1 1 0 1 1 0 1 1 1 1 1 0 0 0 0 0 0
250	2	0 1 1 1 0 0 0 1 0 1 1 1 1 0 1 0 0 0 1 0
250	1	0 1 1 1 1 0 1 0 0 1 1 1 0 1 1 1 0 0 0 0
250	1	1 1 1 1 1 0 1 1 1 1 1 1 0 0 1 0 0 0 0 1
250	6	0 1 0 0 1 0 1 1 0 1 1 1 1 0 1 0 0 1 0 0
250	1	0 1 1 0 1 0 1 1 0 1 1 1 0 0 1 0 0 0 0 0
250	4	1 1 1 1 1 0 1 1 0 1 1 1 0 0 0 0 0 0 0 0
250	1	1 1 1 1 1 0 1 1 1 1 1 1 0 0 0 0 0 1 0 1
250	1	0 1 1 1 1 0 1 1 0 1 1 0 1 0 1 0 0 0 0 0
250	1	1 1 1 1 1 0 1 1 0 0 1 1 1 0 1 1 1 0 0 0
250	1	0 1 1 1 1 0 1 0 0 1 0 1 1 1 1 1 0 0 0 0
250	10	0 1 1 1 1 0 1 1 0 1 1 1 1 0 1 1 0 1 1 0
250	7	1 1 1 1 1 1 0 1 1 0 1 1 1 0 1 0 0 0 0 0
250	2	1 1 1 1 1 0 1 1 0 1 1 0 1 0 1 0 0 0 0 0
250	8	1 1 1 1 1 0 1 1 1 1 1 1 0 0 1 0 0 0 0 0
250	3	0 1 0 1 1 0 1 1 0 1 1 1 1 1 1 0 0 0 0 0
250	6	1 1 1 1 1 0 1 1 0 0 1 1 1 0 0 0 1 0 0 0
250	1	0 1 1 1 1 0 1 1 0 1 1 0 1 1 0 0 0 0 0 0
250	2	1 1 1 0 1 0 0 0 0 1 1 1 0 0 0 0 0 0 0 0
250	9	0 1 1 1 1 1 1 1 0 1 1 1 0 0 0 0 0 1 0 1
250	4	1 1 1 1 1 0 1 1 1 1 1 1 0 0 0 0 1 0 0 1
250	5	0 1 1 1 1 0 1 1 0 1 1 1 1 1 0 0 0 0 0 1
250	2	1 1 1 1 0 0 1 1 0 1 1 0 0 0 1 0 0 0 0 1
250	2	0 0 1 1 1 1 1 1 1 0 1 1 1 0 0 0 0 0 0 0
250	3	0 1 1 1 1 0 1 1 0 1 1 0 0 0 0 0 0 0 0 0
250	4	1 1 1 1 1 0 1 1 0 1 0 1 0 0 0 0 0 0 0 1
250	1	1 1 1 1 1 0 1 1 0 1 1 1 0 0 0 0 0 1 0 1
250	5	1 1 1 1 1 0 1 1 0 0 1 0 0 0 1 0 0 0 0 0
250	3	1 1 1 1 1 0 1 1 0 0 1 1 1 0 0 1 0 0 0 0
250	2	0 0 1 1 1 0 1 1 1 1 1 1 0 0 1 0 0 0 0 0
250	7	1 1 1 1 0 0 1 1 0 0 1 1 1 0 0 0 0 0 0 1
250	1	1 1 1 1 1 0 1 1 1 1 1 1 0 0 1 0 0 0 1 1
250	2	0 1 1 1 1 0 1 1 0 0 1 1 1 0 0 0 0 0 0 1
250	7	0 1 1 1 1 0 1 1 1 1 1 1 1 0 0 0 0 0 0 0
250	1	1 1 1 1 1 0 0 0 0 1 1 1 1 0 0 0 0 0 0 1
250	1	1 1 1 0 1 0 1 1 0 1 1 1 1 0 1 0 0 0 0 0
250	2	1 1 1 1 1 0 1 1 0 1 0 1 1 0 0 0 0 0 0 0
250	1	0 1 1 1 1 0 1 1 0 0 1 1 0 0 1 0 0 0 0 0
250	1	0 1 1 1 1 0 1 1 0 1 1 1 0 0 0 0 0 0 0 0
250	1	0 1 1 0 0 0 0 1 0 1 1 0 1 0 1 0 0 0 0 0
250	1	1 1 1 0 1 0 1 1 0 0 1 1 1 0 0 0 0 0 0 0
250	1	0 1 1 1 1 0 1 1 1 1 1 1 1 0 1 0 0 0 0 0
250	4	0 1 1 1 1 0 0 1 0 1 1 1 0 0 1 0 1 0 0 0
250	1	1 1 1 1 0 1 1 1 0 0 1 1 1 0 1 0 0 0 0 0
250	2	0 0 1 1 1 1 1 1 1 1 1 1 1 0 0 0 0 0 0 0
250	1	0 1 1 1 1 0 1 1 1 1 1 1 0 0 1 0 0 0 0 1
250	3	1 1 1 1 1 0 1 1 1 1 1 1 0 0 1 1 0 0 0 0
250	3	1 1 1 0 1 0 1 1 0 0 1 1 1 0 0 0 0 0 0 1
250	3	0 1 1 1 0 1 1 0 0 1 1 0 1 0 1 1 0 0 0 0
250	1	0 1 1 1 1 0 1 1 0 1 1 1 1 0 1 0 1 0 1 0
250	2	0 1 1 1 1 1 1 1 0 1 1 1 1 0 1 0 0 0 1 0
250	1	1 1 1 1 0 0 1 1 0 1 1 1 1 0 1 0 0 0 0 1
250	1	0 0 1 1 1 0 1 1 0 1 1 1 0 0 0 0 0 0 0 0
300	40	1 1 1 1 1 0 1 1 0 1 1 1 1 0 0 0 0 0 0 0
300	27	0 1 1 1 1 0 1 1 0 1 1 1 1 0 1 0 0 0 0 0
300	2	1 1 1 1 1 1 1 1 1 1 1 1 1 0 0 0 0 0 0 0
300	23	1 1 1 1 1 0 1 1 1 1 1 1 0 0 0 0 0 0 0 0
300	24	1 1 1 1 1 0 1 1 0 1 1 0 0 0 1 0 0 0 0 0
300	9	1 1 1 1 1 0 1 1 0 0 1 1 1 0 0 0 0 0 0 0
300	9	0 1 1 1 1 0 1 1 1 1 1 1 0 0 1 0 0 0 0 0
300	16	0 1 1 1 0 0 0 1 0 1 1 0 1 0 0 0 0 0 0 0
300	25	1 1 1 1 1 0 0 1 0 0 1 1 1 0 0 0 0 0 0 0
300	18	1 1 1 1 0 0 1 1 0 1 1 0 0 0 1 0 0 0 0 0
300	12	1 1 1 1 0 0 1 0 0 1 1 1 0 0 0 0 0 0 0 0
300	17	1 1 1 1 1 1 1 1 1 0 1 1 1 0 0 0 0 0 0 1
300	14	1 1 1 1 1 0 1 1 0 1 1 1 1 0 1 0 0 0 0 0
300	3	1 1 1 0 1 0 1 1 0 1 1 1 1 0 0 0 0 0 0 0
300	3	0 0 1 0 1 0 1 1 0 0 1 1 1 0 1 1 0 0 0 0
300	90	1 1 1 1 1 0 1 1 1 1 1 1 1 0 0 0 0 0 0 0
300	17	1 1 1 1 0 0 1 1 1 1 1 1 0 0 0 0 0 0 0 0
300	10	0 1 1 1 1 0 1 1 1 0 1 1 1 0 0 0 0 0 0 1
300	17	1 1 1 1 1 1 0 1 1 0 1 1 1 0 1 0 0 0 0 0
300	13	0 1 1 1 1 0 1 1 0 1 1 0 1 1 0 0 0 0 0 0
300	43	1 1 1 1 1 0 1 1 0 0 1 0 0 0 1 0 0 0 0 0
300	15	1 1 1 1 0 0 1 1 0 1 1 1 0 0 1 0 0 0 0 0
300	18	1 1 1 1 1 0 1 1 0 1 1 0 1 0 1 0 0 0 0 0
300	14	1 1 1 1 1 0 0 0 0 1 1 1 1 0 0 0 0 0 0 0
300	21	1 1 1 1 1 0 1 1 0 0 1 1 1 0 0 0 0 0 1 0
300	16	1 1 1 0 1 0 1 1 0 0 1 1 1 0 1 0 0 0 0 0
300	2	1 1 1 1 1 0 1 1 0 1 1 1 1 0 0 0 1 0 0 0
300	2	1 1 1 1 1 0 0 0 0 1 1 1 1 0 0 0 0 0 0 1
300	3	0 1 1 1 1 0 1 1 0 1 1 0 0 0 1 0 0 0 0 0
300	2	1 1 1 1 1 0 0 1 0 1 1 1 0 0 0 0 0 0 0 0
300	6	0 1 1 1 1 0 1 1 1 1 1 1 1 1 0 0 0 0 0 0
300	4	1 1 1 1 1 0 1 1 1 0 1 1 1 0 0 0 0 1 0 0
300	4	0 1 1 1 1 0 1 1 1 1 1 1 1 0 1 0 0 0 0 0
300	15	1 1 1 1 1 0 1 1 0 1 1 1 1 0 0 0 0 1 0 0
300	10	1 1 1 0 1 0 1 1 0 1 1 1 1 0 1 1 0 0 0 0
300	31	1 1 1 1 1 0 0 1 0 1 1 1 1 0 0 0 0 0 0 1
300	2	1 1 1 1 1 0 1 1 0 0 1 1 1 0 1 0 0 0 0 0
300	8	0 1 1 1 1 0 0 0 0 1 0 1 1 0 0 1 0 0 0 0
300	6	1 1 1 1 1 0 1 1 0 1 1 1 1 0 0 0 0 0 1 0
300	11	1 1 1 1 1 0 1 1 1 0 1 1 0 0 0 1 0 0 0 0
300	14	1 1 1 1 1 0 1 1 0 1 1 0 0 0 1 1 0 0 0 0
300	4	1 1 1 1 1 0 1 1 1 1 1 1 0 0 0 1 0 0 0 1
300	6	1 1 1 1 1 0 0 1 0 1 1 1 1 0 0 0 0 0 0 0
300	4	1 1 1 1 0 0 1 1 0 1 1 1 0 0 0 0 0 0 0 0
300	4	1 1 1 1 0 0 1 1 0 1 1 1 1 0 0 0 0 0 0 0
300	1	0 0 0 0 1 0 1 1 0 0 1 1 1 0 1 1 0 0 0 0
300	1	0 1 1 1 1 1 1 1 0 0 1 1 1 0 1 0 0 0 1 0
300	2	1 1 1 1 1 0 1 1 1 1 0 1 1 0 0 0 0 0 0 0
300	3	0 1 1 1 1 1 1 1 1 0 1 1 1 0 0 0 0 0 0 1
300	8	0 1 1 1 1 0 0 1 0 1 1 1 1 0 0 0 0 0 0 0
300	5	1 1 1 1 1 0 1 1 1 0 1 1 0 0 1 0 1 0 0 0
300	7	1 1 1 1 0 0 0 0 0 1 1 1 0 0 0 0 0 0 0 0
300	31	1 1 1 1 1 0 1 1 1 0 1 1 1 0 0 0 0 0 0 0
300	18	1 1 1 1 1 0 1 1 0 1 1 1 0 0 1 0 0 0 0 0
300	29	0 1 1 1 0 0 1 1 0 1 1 1 1 0 1 0 0 0 0 0
300	5	1 1 1 0 1 0 1 1 0 1 1 1 1 0 0 0 0 1 0 0
300	4	1 1 1 1 1 0 1 1 0 1 1 1 1 0 1 1 0 0 0 0
300	12	1 1 1 1 1 0 1 1 0 1 1 1 1 1 0 0 0 0 0 0
300	3	1 1 1 1 1 0 1 1 0 1 1 0 1 0 1 0 0 0 0 1
300	9	0 1 1 1 1 0 1 1 0 0 1 1 1 0 1 0 0 0 0 0
300	4	1 1 1 0 1 0 1 1 1 1 1 1 1 0 0 0 0 0 0 0
300	13	1 1 1 1 1 0 1 1 0 0 1 1 0 0 0 1 0 0 0 0
300	7	0 1 1 1 1 0 1 1 0 1 1 0 1 1 0 0 0 0 0 1
300	2	1 1 1 0 1 0 1 0 0 1 1 1 1 0 0 0 0 0 0 0
300	22	0 1 1 1 1 0 0 0 0 1 0 1 1 1 0 1 0 0 0 0
300	7	0 1 1 1 1 0 1 1 0 0 1 0 0 0 1 0 0 0 0 0
300	4	1 1 1 1 0 0 1 1 0 0 1 0 0 0 1 0 0 0 0 0
300	1	1 0 1 1 1 0 1 1 0 0 1 0 1 0 0 0 0 0 0 0
300	2	0 1 1 1 1 0 1 1 1 1 1 1 1 0 0 0 0 0 0 0
300	22	1 1 1 1 0 0 1 1 0 0 1 1 1 0 0 0 0 0 0 0
300	8	1 1 1 1 0 0 1 1 0 1 1 1 0 0 1 0 0 0 1 0
300	8	0 1 1 1 1 1 1 1 0 0 1 1 1 0 1 0 0 0 0 0
300	4	1 1 1 1 1 0 1 1 1 1 1 1 0 0 0 1 1 0 0 1
300	3	1 1 1 0 1 0 1 1 0 1 1 1 0 0 0 0 0 1 0 0
300	4	0 1 1 1 1 0 1 1 0 1 1 1 1 0 0 0 0 0 0 0
300	3	0 1 1 1 1 0 0 1 0 0 1 1 1 0 0 0 0 0 0 0
300	1	0 1 1 1 1 1 0 0 0 1 0 1 1 0 0 1 0 0 0 0
300	4	1 1 1 1 1 0 1 1 0 1 1 1 1 0 1 0 0 0 0 1
300	5	0 0 1 0 1 0 1 1 0 0 1 1 1 0 1 1 0 0 1 0
300	1	1 1 1 1 1 0 1 1 0 1 1 0 1 0 1 0 1 0 0 0
300	2	1 1 1 0 1 0 1 1 0 1 1 1 1 0 0 0 1 1 0 0
300	3	1 1 1 1 1 0 1 1 0 1 1 0 1 1 0 0 0 0 0 0
300	3	1 1 1 1 1 1 1 1 1 0 0 1 1 0 0 0 0 0 0 1
300	2	1 1 1 1 1 0 1 1 0 0 1 0 0 0 1 0 0 0 1 0
300	5	1 1 1 1 0 0 1 1 0 1 1 1 0 0 1 0 1 0 0 0
300	5	1 1 1 0 1 0 0 0 0 1 1 1 1 0 0 0 0 0 0 0
300	1	1 1 1 1 1 0 1 1 1 1 1 1 0 0 1 1 0 0 0 1
300	1	0 1 1 1 1 0 1 1 0 0 1 1 1 1 1 0 0 0 0 0
300	10	1 1 1 1 1 0 1 1 1 1 1 1 1 1 0 0 0 0 0 0
300	3	1 1 1 1 1 1 0 1 1 0 1 1 1 0 0 0 0 0 0 0
300	1	1 1 1 1 1 1 1 1 0 0 1 1 1 0 0 0 0 0 0 0
300	1	1 1 1 1 0 0 0 1 1 1 1 1 0 0 0 0 0 0 0 0
300	2	1 1 1 1 1 0 1 1 1 0 1 0 0 0 0 1 0 0 0 0
300	2	0 1 1 1 1 0 0 1 0 0 1 1 1 0 0 0 1 0 0 0
300	1	1 1 1 1 1 0 1 1 1 1 1 1 1 0 0 0 0 0 0 1
300	2	1 1 1 1 0 1 1 1 1 0 0 1 1 0 0 0 0 0 0 1
300	2	1 0 1 1 1 0 1 1 0 1 1 1 1 0 0 0 0 0 0 0
300	1	0 1 1 1 1 0 1 1 0 1 1 1 1 0 1 0 1 0 0 0
300	3	1 1 1 1 1 0 0 1 0 0 1 1 1 0 0 0 1 0 0 0
300	2	1 1 1 1 0 0 1 0 1 1 1 1 0 0 0 0 0 0 0 0
300	1	1 1 0 1 1 0 1 1 0 1 1 1 1 0 1 0 0 0 0 0
300	1	1 1 1 1 1 0 1 1 0 0 1 0 0 0 1 0 0 1 0 0
300	2	1 1 1 1 1 1 1 1 0 0 1 0 0 0 1 0 0 0 0 0
300	1	1 1 1 1 1 0 1 1 1 1 1 0 1 0 1 0 0 0 0 0
300	2	1 0 1 1 1 0 1 1 0 1 1 1 1 0 0 0 0 1 0 0
300	1	1 1 1 1 0 0 1 1 0 0 1 1 0 0 1 0 0 0 1 0
300	1	1 1 1 0 1 0 1 1 1 1 1 1 0 0 0 1 1 0 0 1
300	1	1 1 1 1 1 1 1 1 1 1 1 0 1 0 0 0 0 0 0 0
300	1	0 0 0 0 1 0 1 1 0 0 1 1 1 0 0 0 0 0 1 0
300	1	0 1 1 1 1 0 0 1 1 1 1 1 1 0 0 0 0 0 0 0
300	3	1 1 1 1 1 0 1 1 0 1 1 1 0 0 0 0 0 0 0 0
300	1	1 1 0 1 1 0 1 1 0 1 1 1 1 0 0 0 0 0 0 0
300	1	1 1 1 1 0 0 1 1 0 1 1 0 0 0 1 0 0 1 0 0
300	1	1 1 1 1 1 0 1 1 1 1 1 1 1 0 0 0 1 0 0 0
300	3	1 1 1 1 0 0 1 1 1 1 1 1 0 0 1 0 0 0 0 0
300	2	1 1 1 1 1 0 1 1 0 1 0 0 1 0 1 0 0 0 0 0
300	2	1 1 1 0 1 0 1 1 0 1 1 1 1 0 1 1 0 1 0 0
300	2	0 1 1 1 0 0 0 0 0 1 0 1 1 1 0 1 0 0 0 0
300	2	0 1 1 1 1 0 0 0 0 1 0 1 1 1 0 1 0 0 0 1
300	2	1 1 1 1 1 0 1 1 1 0 1 1 0 0 0 1 1 0 0 1
350	90	1 1 1 1 1 0 1 1 0 1 1 1 1 0 0 0 0 0 0 0
350	7	1 1 1 1 1 0 1 1 0 0 1 1 1 0 0 0 0 0 0 0
350	15	1 1 1 1 1 1 1 1 1 0 1 1 1 0 0 0 0 0 0 1
350	128	1 1 1 1 1 0 1 1 1 1 1 1 1 0 0 0 0 0 0 0
350	20	1 1 1 1 1 0 1 1 0 0 1 0 0 0 1 0 0 0 0 0
350	16	1 1 1 1 1 0 1 1 0 1 1 0 1 0 1 0 0 0 0 0
350	3	1 1 1 1 1 0 0 0 0 1 1 1 1 0 0 0 0 0 0 0
350	14	0 1 1 1 1 0 1 1 0 1 1 0 0 0 1 0 0 0 0 0
350	25	1 1 1 1 1 0 1 1 0 1 1 1 1 0 0 0 0 1 0 0
350	29	1 1 1 1 1 0 0 1 0 1 1 1 1 0 0 0 0 0 0 1
350	5	0 1 1 1 1 0 0 0 0 1 0 1 1 0 0 1 0 0 0 0
350	17	1 1 1 1 1 0 1 1 1 0 1 1 0 0 0 1 0 0 0 0
350	26	1 1 1 1 1 0 1 1 0 1 1 1 1 0 1 1 0 0 0 0
350	11	1 1 1 1 1 0 1 1 0 0 1 1 0 0 0 1 0 0 0 0
350	39	1 1 1 1 0 0 1 1 0 0 1 1 1 0 0 0 0 0 0 0
350	11	1 1 1 1 1 0 1 1 0 1 1 1 0 1 1 0 0 0 0 0
350	4	0 1 1 1 0 0 1 1 1 1 1 1 1 0 1 0 0 0 0 0
350	4	1 1 1 0 1 0 1 1 1 1 1 1 1 0 0 0 0 0 0 0
350	6	0 1 1 1 0 0 1 1 0 1 1 1 1 0 0 0 0 0 0 1
350	5	1 1 1 1 1 0 1 1 1 0 0 1 1 0 0 0 0 1 0 0
350	46	1 1 1 1 1 0 1 1 0 1 1 0 1 0 1 1 0 0 0 0
350	1	0 1 1 1 1 0 1 1 1 1 1 1 1 0 0 0 0 0 0 0
350	8	1 1 1 1 1 0 1 1 0 1 1 1 0 0 0 0 0 0 0 0
350	37	1 1 1 0 1 0 1 1 1 1 0 1 1 0 0 0 0 0 0 0
350	7	0 1 1 1 1 0 1 1 0 1 1 1 1 0 0 0 0 0 1 0
350	11	1 0 1 1 1 0 1 1 0 1 1 1 1 0 1 1 0 0 0 0
350	13	1 1 1 1 1 0 1 0 0 1 1 1 1 0 0 0 0 0 0 0
350	8	1 1 1 1 1 0 1 1 1 1 1 1 1 0 0 1 0 0 0 0
350	11	1 1 1 1 1 1 1 1 0 1 1 1 1 0 1 0 1 0 0 0
350	11	1 1 1 1 1 0 1 1 1 1 1 1 1 0 0 0 0 0 0 1
350	3	1 1 1 1 1 0 0 1 0 1 1 1 0 1 0 0 0 0 0 1
350	9	1 1 1 0 1 0 1 1 0 1 1 1 1 0 0 0 0 0 0 0
350	1	0 1 1 1 1 0 1 1 0 0 1 0 0 0 0 1 0 0 0 0
350	21	1 1 1 1 1 0 1 1 0 1 1 0 1 0 1 0 0 1 0 0
350	2	1 1 1 1 1 0 1 1 0 1 1 1 1 0 0 1 0 0 0 1
350	3	0 1 1 1 0 0 0 1 0 1 1 1 1 0 0 0 0 1 0 0
350	4	0 1 1 1 1 0 1 1 1 1 1 0 1 0 0 0 0 0 0 0
350	2	1 1 1 1 1 0 1 0 0 1 1 0 1 0 1 0 0 0 0 0
350	3	1 1 1 1 1 0 1 1 1 0 0 1 1 0 1 1 0 1 0 0
350	6	1 1 1 1 1 0 1 1 1 0 1 1 1 0 0 0 0 0 0 0
350	2	1 1 1 1 1 0 1 1 1 1 1 0 1 0 0 0 0 0 0 0
350	1	1 1 1 1 1 0 1 0 0 1 1 1 1 0 1 1 0 0 0 0
350	6	1 1 1 1 1 0 1 1 0 1 1 0 0 0 1 0 0 0 0 0
350	3	1 1 0 1 1 0 1 1 1 0 1 1 0 0 0 1 0 0 0 0
350	5	1 1 1 1 0 0 1 1 0 0 1 1 1 0 1 0 0 0 0 0
350	5	1 1 1 1 1 0 1 1 1 0 0 1 1 0 0 1 1 1 0 0
350	2	1 1 1 1 1 0 1 1 1 1 1 1 1 0 0 1 0 0 0 1
350	5	0 1 1 1 1 0 1 1 0 0 1 1 0 0 0 1 0 0 0 0
350	7	1 0 1 1 1 0 1 1 0 1 1 1 1 0 0 0 0 0 0 0
350	3	1 0 1 1 1 0 1 1 1 1 1 1 1 0 0 0 0 0 0 0
350	7	1 1 1 1 1 0 0 1 0 1 1 1 1 0 0 0 0 1 0 0
350	5	0 1 1 1 1 0 0 0 0 1 0 1 1 0 0 1 1 0 0 0
350	10	1 1 1 1 0 0 0 1 0 1 1 1 1 0 0 0 0 0 0 1
350	7	1 1 1 1 1 0 1 1 0 1 0 1 1 0 1 1 0 0 0 0
350	1	1 1 1 1 1 0 1 1 0 1 1 0 1 0 0 0 0 1 0 0
350	2	1 1 1 1 1 0 1 1 0 1 1 1 1 0 1 1 0 0 1 0
350	5	1 1 1 1 1 0 1 0 0 1 1 1 1 1 1 1 0 0 0 0
350	4	1 1 1 1 0 0 1 0 0 1 1 1 1 0 0 0 0 0 0 0
350	3	1 0 1 1 1 0 1 1 1 1 1 0 0 0 1 0 0 0 0 0
350	2	1 1 1 1 0 0 1 1 1 1 1 1 1 0 0 0 0 0 0 0
350	4	1 1 1 1 0 0 1 1 0 1 1 1 0 0 0 1 0 1 0 0
350	12	1 1 1 1 1 1 1 1 1 1 1 1 1 0 0 0 0 0 0 0
350	21	1 1 1 1 1 0 1 1 1 1 1 1 1 0 0 0 1 0 0 0
350	7	1 1 1 1 1 0 1 0 0 1 1 1 1 0 0 0 0 0 0 1
350	6	0 1 1 1 0 0 1 1 1 0 1 1 1 0 0 0 0 0 0 0
350	3	1 1 1 1 1 0 1 1 0 1 1 1 1 0 0 0 0 0 0 1
350	18	1 1 1 1 1 0 1 1 0 1 0 0 1 0 1 0 0 0 0 0
350	14	1 1 1 1 1 0 1 1 0 0 1 0 0 0 0 0 0 0 0 0
350	1	1 1 1 1 1 0 1 0 1 1 1 1 1 0 0 0 0 0 0 0
350	5	1 1 1 0 1 0 1 1 0 1 1 0 1 0 1 0 0 0 0 0
350	2	0 1 1 1 1 0 1 1 1 1 1 0 0 0 1 0 0 0 0 0
350	7	1 1 1 1 1 0 1 1 0 1 1 1 1 1 1 1 0 0 0 0
350	2	1 1 1 0 1 0 1 1 1 1 0 1 1 0 0 1 0 0 0 0
350	2	1 1 1 0 1 0 1 1 0 1 1 1 1 0 0 0 0 1 0 0
350	5	1 1 1 1 0 0 1 1 1 1 1 0 1 0 0 0 0 0 0 0
350	3	1 1 0 1 1 0 1 1 0 1 1 1 1 0 0 0 0 1 0 0
350	1	0 1 1 1 0 0 1 1 0 1 1 1 1 0 0 0 0 1 0 1
350	1	1 1 1 1 1 0 1 1 1 1 1 0 1 0 1 0 0 0 0 0
350	3	1 1 1 1 1 1 1 1 1 1 1 1 1 0 1 0 0 0 0 0
350	5	1 1 1 1 0 1 1 1 0 1 1 1 0 0 0 1 0 1 0 0
350	2	0 1 1 1 1 0 1 1 0 1 1 1 1 0 0 0 0 0 0 0
350	1	1 1 1 1 0 0 0 1 0 0 1 1 1 0 0 0 0 0 0 0
350	4	1 1 1 1 1 0 0 1 1 1 1 1 1 0 0 0 0 0 0 1
350	2	1 1 1 0 1 0 1 1 1 0 1 1 1 0 0 0 0 0 0 0
350	4	1 0 1 1 1 0 1 0 0 1 1 1 1 0 0 0 0 0 0 0
350	3	1 1 1 1 1 0 1 0 0 1 1 1 1 0 0 1 0 0 0 1
350	2	0 1 1 1 0 0 0 1 1 1 1 0 1 0 1 0 0 0 0 0
350	2	1 1 1 1 1 0 0 1 0 1 1 1 1 0 0 0 0 0 0 0
350	11	1 1 1 1 1 0 1 1 1 1 1 1 1 0 1 0 0 0 0 0
350	2	1 1 1 1 1 0 1 1 0 1 1 1 0 0 1 1 0 0 0 0
350	3	1 1 0 1 0 0 1 1 0 0 1 1 1 0 0 0 0 0 0 0
350	1	1 1 1 1 1 0 1 0 0 0 1 1 1 0 0 0 0 0 0 0
350	2	1 1 1 1 1 0 1 1 1 1 1 0 1 1 0 0 0 0 0 0
350	3	1 1 0 1 1 0 1 1 1 0 1 1 0 0 0 1 0 1 0 0
350	1	0 0 1 1 0 0 1 1 1 0 1 1 1 0 0 0 0 0 0 0
350	9	1 1 1 1 1 0 0 1 0 1 1 1 1 1 0 0 0 0 0 0
350	2	1 1 0 1 1 0 1 1 0 0 1 1 0 0 0 1 0 0 0 0
350	1	1 1 0 1 1 0 1 1 0 1 1 1 1 0 0 0 0 0 0 0
350	3	1 1 1 1 1 0 1 1 0 0 1 1 0 0 0 0 0 0 0 0
350	2	0 1 1 1 1 0 1 1 1 1 1 1 1 0 0 1 0 0 0 0
350	2	1 1 1 1 1 0 1 1 1 1 1 1 1 0 0 1 0 0 1 0
350	1	0 1 1 1 1 0 1 0 1 1 1 0 1 0 0 0 0 0 0 0
350	1	0 1 1 1 1 0 0 1 0 1 0 1 1 0 0 1 1 0 0 0
350	1	1 1 1 1 0 0 0 1 0 1 1 0 1 0 0 0 0 0 0 1
350	1	1 1 1 1 0 0 1 1 1 1 1 1 1 0 0 0 1 0 0 0
350	7	0 1 1 1 1 1 1 1 1 1 1 1 1 0 0 0 0 0 0 0
350	5	1 1 1 1 1 0 1 1 0 1 1 1 0 1 1 1 0 0 0 0
350	1	1 1 1 0 1 0 1 1 0 1 1 1 1 0 0 1 0 1 0 0
350	1	1 1 1 1 1 1 1 1 1 0 1 1 1 0 0 0 0 0 0 0
350	3	1 1 1 1 1 0 1 1 1 1 0 1 1 0 1 1 0 0 0 0
350	1	1 1 1 1 1 0 1 1 0 1 1 0 1 0 1 1 0 0 0 1
350	2	1 1 1 0 1 0 1 1 0 1 1 0 1 0 1 1 0 0 0 0
350	2	1 0 1 1 1 0 1 1 1 0 1 1 1 0 0 0 0 0 0 1
350	3	1 1 1 0 1 0 1 1 0 1 1 1 1 0 0 0 0 0 1 0
350	1	1 1 1 1 1 0 1 1 1 1 1 1 1 0 1 0 0 1 0 0
350	3	1 1 1 1 1 0 1 1 1 1 0 1 1 0 0 0 0 0 0 0
350	2	1 1 1 1 1 0 0 1 1 1 1 1 1 0 0 0 0 0 0 0
350	1	1 1 1 1 1 0 1 1 0 1 1 1 1 0 0 0 0 1 0 1
350	2	1 1 1 1 1 0 1 1 1 0 1 0 0 0 0 1 0 0 0 0
350	1	1 1 1 1 0 0 1 1 0 0 1 1 0 0 0 0 0 0 0 0
350	3	1 1 1 1 0 0 1 1 0 1 1 1 0 1 1 0 0 0 0 0
350	2	1 1 1 1 0 0 1 1 0 1 1 0 1 0 1 1 0 0 0 0
350	1	1 1 1 1 1 0 1 1 1 1 1 0 1 0 1 1 0 0 0 0
350	1	0 0 1 1 1 0 1 1 0 1 1 1 1 0 0 0 0 0 1 0
350	1	1 1 1 1 0 0 1 1 1 1 1 1 1 0 0 1 0 0 0 0
350	1	0 1 1 1 0 0 0 1 0 1 1 1 1 0 0 0 0 1 1 0
350	1	1 0 0 0 1 0 1 1 1 1 0 1 1 0 0 0 0 0 0 0
400	96	1 1 1 1 1 0 1 1 0 1 1 1 1 0 0 0 0 0 0 0
400	19	1 1 1 1 1 0 1 1 0 0 1 1 1 0 0 0 0 0 0 0
400	77	1 1 1 1 1 0 1 1 1 1 1 1 1 0 0 0 0 0 0 0
400	21	1 1 1 1 1 0 1 1 0 1 1 1 1 0 0 0 0 1 0 0
400	14	1 1 1 1 1 0 0 1 0 1 1 1 1 0 0 0 0 0 0 1
400	16	1 1 1 1 1 0 1 1 0 1 1 1 1 0 1 1 0 0 0 0
400	9	1 1 1 1 1 0 1 1 0 1 1 0 1 0 1 1 0 0 0 0
400	1	1 1 1 0 1 0 1 1 1 1 0 1 1 0 0 0 0 0 0 0
400	20	1 1 1 1 1 0 1 0 0 1 1 1 1 0 0 0 0 0 0 0
400	18	1 1 1 1 1 1 1 1 0 1 1 1 1 0 1 0 1 0 0 0
400	4	1 1 1 1 1 0 1 1 1 1 1 1 1 0 0 0 0 0 0 1
400	9	1 1 1 1 1 0 1 1 0 1 0 0 1 0 1 0 0 0 0 0
400	3	1 1 1 1 1 0 0 1 1 1 1 1 1 0 0 0 0 0 0 1
400	19	1 1 1 1 1 0 1 1 1 1 1 1 1 0 1 0 0 0 0 0
400	14	1 1 1 1 1 1 1 1 1 0 1 1 1 0 0 0 0 0 0 0
400	65	1 1 1 1 1 0 1 1 1 1 0 1 1 0 1 1 0 0 0 0
400	6	1 1 1 1 0 0 1 1 1 0 1 1 1 0 0 0 0 0 0 0
400	12	1 1 1 1 1 0 1 1 0 1 1 1 1 0 0 0 1 0 0 0
400	4	1 1 1 1 1 0 1 1 0 1 1 0 1 0 0 0 0 0 0 0
400	2	0 1 1 1 1 0 1 1 1 1 1 1 1 0 0 0 0 0 0 0
400	2	1 1 1 1 1 0 1 0 0 1 0 0 1 0 1 0 0 0 0 0
400	6	0 1 1 1 1 1 1 1 1 1 1 1 1 0 0 0 0 0 0 0
400	5	1 1 1 0 1 0 1 0 0 1 0 0 1 0 1 0 0 0 0 0
400	16	1 0 1 1 1 0 1 1 0 1 1 1 1 0 0 0 0 0 0 0
400	2	1 1 0 1 0 0 1 1 0 0 1 1 1 0 0 0 1 0 0 0
400	11	1 1 1 1 0 0 1 0 1 0 1 1 1 0 0 0 0 0 0 0
400	2	1 1 1 1 1 0 1 1 0 1 1 1 1 0 0 0 0 0 0 1
400	7	1 1 1 1 1 1 1 1 0 1 1 1 1 0 0 0 0 1 0 0
400	10	1 1 1 1 1 0 1 1 0 1 0 1 1 0 0 0 0 0 0 0
400	24	1 1 1 0 1 0 1 1 1 1 0 1 1 0 0 0 0 0 1 0
400	7	1 1 1 1 1 0 1 1 1 1 1 1 1 1 0 0 0 1 0 0
400	2	0 1 1 1 0 0 1 1 0 1 1 1 1 0 1 0 0 0 0 1
400	9	1 1 1 1 1 1 1 1 1 0 1 1 1 1 0 0 0 0 0 0
400	22	1 1 1 1 1 1 1 0 0 0 1 0 0 0 0 0 0 0 0 0
400	25	1 1 1 1 1 0 1 0 0 1 1 1 1 0 0 0 0 1 0 0
400	16	1 1 0 1 1 0 1 0 0 1 1 1 1 0 0 0 0 0 0 0
400	29	1 1 0 1 1 0 1 0 0 1 1 1 1 0 0 0 0 1 0 0
400	6	1 1 1 1 0 0 1 1 0 1 1 1 1 0 0 0 0 1 0 0
400	4	0 1 1 1 1 0 1 1 1 1 1 1 0 0 0 0 0 0 0 0
400	9	1 1 1 1 1 0 0 1 0 1 1 1 1 0 0 0 0 0 0 0
400	6	1 1 1 1 1 0 1 1 1 0 1 1 1 0 0 0 0 0 0 0
400	9	1 1 1 1 1 1 1 1 1 1 1 1 1 0 0 1 0 0 0 0
400	27	1 1 1 1 1 0 1 1 0 0 1 1 1 0 0 0 1 0 0 0
400	8	1 1 1 1 1 0 1 0 0 1 1 0 1 0 0 0 0 0 0 0
400	10	1 1 1 1 1 0 1 1 1 1 1 1 1 0 1 1 0 0 0 0
400	3	1 1 1 1 0 1 0 1 0 1 1 1 1 0 0 0 0 1 0 0
400	12	1 1 1 1 1 0 0 1 0 1 1 1 1 0 0 0 1 0 0 1
400	30	1 1 1 1 1 0 1 1 1 1 1 1 1 0 0 0 0 1 0 0
400	6	1 1 1 1 1 0 1 1 1 0 1 1 1 1 0 0 0 1 0 0
400	1	1 1 1 0 0 1 1 1 0 1 1 0 1 0 1 0 0 0 0 0
400	13	1 0 1 1 1 0 1 1 0 1 1 1 1 0 1 0 1 0 0 0
400	2	1 1 1 1 0 0 1 1 1 1 0 1 1 0 1 1 0 0 0 0
400	8	1 1 1 1 1 0 1 1 0 1 1 0 0 0 1 1 0 0 0 0
400	24	1 1 1 1 1 0 0 1 1 1 1 1 1 1 0 0 0 0 0 0
400	1	1 0 1 1 1 0 1 1 1 1 1 1 1 0 0 0 0 0 0 0
400	10	1 1 1 1 1 0 1 1 0 1 0 0 1 0 1 0 1 0 0 0
400	4	1 1 1 1 0 0 1 0 0 1 1 1 1 0 0 0 0 1 0 0
400	1	0 1 1 1 0 0 1 1 0 1 1 1 1 0 0 0 0 0 0 0
400	3	1 1 0 1 1 0 1 1 0 1 0 0 1 0 1 0 0 0 0 0
400	1	1 1 1 1 1 0 1 1 1 0 1 1 1 0 1 0 0 0 0 0
400	1	0 1 1 1 1 0 1 1 1 1 0 1 1 0 0 0 0 0 0 0
400	6	1 1 1 1 1 0 0 1 0 1 0 1 1 0 0 0 0 0 0 0
400	6	1 1 1 1 1 0 1 1 0 1 0 1 1 0 1 1 0 0 0 0
400	4	1 1 1 1 1 0 1 0 1 0 1 1 1 0 0 0 0 0 0 0
400	11	1 1 1 0 1 0 1 1 1 1 1 1 1 0 0 0 0 0 0 0
400	1	0 1 1 1 1 0 0 1 0 1 1 1 1 0 0 0 0 0 0 1
400	4	1 1 1 1 1 0 1 1 1 1 1 0 1 0 0 0 0 0 0 1
400	3	1 1 1 0 1 0 1 1 0 1 1 1 1 0 0 0 1 0 0 0
400	5	1 1 1 1 0 0 1 1 0 1 1 1 1 0 1 0 1 0 0 0
400	11	1 1 1 1 0 0 1 1 0 1 0 0 1 0 1 0 1 0 0 0
400	1	1 1 1 1 1 0 1 1 1 1 1 1 1 1 1 0 0 0 0 0
400	20	1 1 1 1 1 0 1 1 1 1 1 1 1 1 0 0 0 0 0 0
400	5	1 1 1 1 1 1 1 1 0 1 1 1 1 0 0 1 0 0 0 0
400	2	1 1 0 1 1 0 1 1 0 1 1 1 1 0 0 1 0 0 0 0
400	3	0 1 1 1 1 0 1 1 0 1 1 1 1 0 0 0 0 0 0 0
400	13	1 1 1 1 1 0 1 1 0 1 1 1 1 0 1 0 0 1 0 0
400	5	1 1 1 1 1 1 1 0 0 1 1 1 1 0 0 0 0 0 0 0
400	1	1 1 1 1 1 0 1 1 0 1 0 1 1 0 0 0 0 1 0 0
400	7	1 1 1 1 1 0 0 1 1 0 1 1 1 1 0 0 0 0 0 0
400	4	1 1 1 1 1 0 1 0 0 1 1 0 1 1 0 0 0 0 0 0
400	5	1 1 1 1 1 0 1 1 0 1 1 0 1 0 1 1 0 0 1 0
400	7	1 1 1 1 1 1 1 1 1 0 1 1 1 0 0 0 1 0 0 0
400	2	1 0 1 1 1 1 1 1 0 1 1 1 1 0 0 0 0 0 0 0
400	3	1 1 1 1 0 1 1 1 0 1 1 1 1 0 0 0 0 1 0 0
400	1	1 1 1 1 1 0 0 1 0 1 0 1 1 0 0 0 1 0 0 1
400	1	1 0 1 1 1 0 1 1 0 1 1 1 1 0 1 1 0 0 0 0
400	2	1 1 1 1 0 0 1 0 1 0 1 1 1 0 0 0 0 1 0 0
400	3	1 1 1 1 1 0 1 0 0 1 0 1 1 0 0 0 0 0 0 0
400	2	1 1 1 1 1 0 1 1 0 1 1 1 1 0 1 0 0 0 0 0
400	3	1 1 1 1 1 0 1 0 0 1 1 1 0 0 1 1 0 0 1 1
400	2	1 1 1 1 1 0 1 1 1 1 0 1 1 0 1 0 0 1 0 0
400	3	1 0 1 1 1 0 1 1 0 1 1 1 1 0 0 0 1 0 0 0
400	1	1 1 1 1 1 0 0 1 0 1 0 1 1 1 0 0 0 0 0 0
400	1	1 1 1 1 0 0 1 0 0 1 1 1 1 0 0 0 0 0 0 0
400	1	1 1 1 1 1 0 1 1 0 1 0 0 1 0 1 0 0 1 0 0
400	1	1 1 1 1 1 0 1 1 1 1 1 0 1 0 1 0 0 0 0 0
400	4	1 1 1 1 1 1 1 1 0 1 1 1 1 0 0 0 1 1 0 0
400	1	1 1 1 1 1 1 1 1 1 0 0 1 1 1 0 0 0 0 0 0
400	1	1 1 1 1 0 1 1 1 0 1 1 1 1 0 0 1 0 0 0 0
400	1	1 1 0 1 1 0 1 1 0 1 1 1 1 1 0 0 0 0 0 0
400	1	1 1 1 1 1 0 1 0 0 1 1 1 1 0 0 0 1 0 0 1
400	2	1 1 0 1 1 0 1 1 0 1 0 0 1 0 1 0 1 0 0 0
400	1	0 1 1 1 1 0 1 1 1 1 1 1 1 0 0 0 0 1 0 0
400	2	1 1 0 1 1 0 1 1 0 1 1 0 1 0 1 0 1 0 0 0
400	3	0 1 1 1 1 0 1 1 0 1 1 1 1 0 0 0 1 0 0 0
400	1	1 1 1 1 0 0 1 1 1 0 1 1 1 0 0 0 0 1 0 0
400	1	1 1 1 1 1 0 1 1 0 1 1 1 1 0 0 1 0 0 0 0
400	1	1 0 1 1 1 0 1 1 0 0 1 1 1 0 0 0 0 0 0 0
400	1	1 1 1 1 0 0 1 1 1 0 1 1 1 0 0 0 0 0 0 1
400	1	1 1 0 1 1 0 1 1 0 1 1 1 1 0 0 0 1 0 0 0
400	1	1 0 1 1 1 0 1 1 0 1 1 0 1 0 0 0 0 0 0 0
400	2	1 1 1 1 1 0 1 1 0 1 1 0 1 0 0 0 0 1 0 0
400	1	1 1 1 1 1 1 1 0 0 0 1 0 0 0 0 0 0 0 1 0
400	2	1 1 1 1 0 0 1 0 0 1 1 1 1 1 0 0 0 1 0 0
450	73	1 1 1 1 1 0 1 1 0 1 1 1 1 0 0 0 0 0 0 0
450	37	1 1 1 1 1 0 1 1 0 0 1 1 1 0 0 0 0 0 0 0
450	107	1 1 1 1 1 0 1 1 1 1 1 1 1 0 0 0 0 0 0 0
450	5	1 1 1 1 1 0 1 1 0 1 1 0 1 0 1 1 0 0 0 0
450	18	1 1 1 1 1 0 1 0 0 1 1 1 1 0 0 0 0 0 0 0
450	28	1 1 1 1 1 1 1 1 1 0 1 1 1 0 0 0 0 0 0 0
450	38	1 1 1 1 1 0 1 1 1 1 0 1 1 0 1 1 0 0 0 0
450	1	1 1 1 1 1 0 1 1 0 1 1 1 1 0 0 0 1 0 0 0
450	8	1 1 1 0 1 0 1 0 0 1 0 0 1 0 1 0 0 0 0 0
450	16	1 1 0 1 1 0 1 0 0 1 1 1 1 0 0 0 0 0 0 0
450	14	1 1 1 1 1 0 1 0 0 1 1 0 1 0 0 0 0 0 0 0
450	54	1 1 1 1 1 0 1 1 1 1 1 1 1 0 0 0 0 1 0 0
450	17	1 0 1 1 1 0 1 1 0 1 1 1 1 0 1 0 1 0 0 0
450	16	1 0 1 1 1 0 1 1 1 1 1 1 1 0 0 0 0 0 0 0
450	2	1 1 1 1 1 0 1 1 1 1 1 1 1 1 0 0 0 0 0 0
450	6	1 1 1 1 1 0 1 1 0 1 1 1 1 0 1 0 0 0 0 0
450	22	1 1 1 1 1 0 1 0 1 1 1 1 1 0 0 0 0 0 0 0
450	24	0 1 1 1 1 0 1 1 1 1 1 1 1 0 1 0 0 0 0 0
450	34	1 1 1 1 1 0 1 1 1 1 0 1 1 0 0 0 0 0 0 0
450	9	1 1 1 1 1 0 1 0 1 1 0 1 1 0 1 1 0 0 0 0
450	14	1 1 1 1 0 0 0 1 1 1 1 1 1 1 0 0 1 0 0 0
450	8	1 1 0 1 1 0 0 1 0 1 1 1 1 0 0 0 0 0 0 0
450	8	1 1 1 1 1 0 1 1 1 1 1 1 1 1 0 0 0 1 0 0
450	4	1 1 0 1 1 0 0 1 0 1 1 1 0 0 0 0 0 0 0 0
450	26	1 1 1 1 1 0 1 1 0 1 1 1 1 0 0 0 1 1 0 0
450	16	1 1 1 1 1 1 1 0 0 0 1 0 0 0 1 0 0 0 0 0
450	7	1 0 1 1 1 1 1 0 0 0 1 0 0 0 0 0 0 0 0 0
450	5	1 0 1 1 1 0 0 1 0 1 1 1 1 0 1 0 1 0 0 0
450	21	1 1 1 1 1 0 0 1 0 1 0 1 1 0 0 1 0 0 0 0
450	48	0 1 1 1 1 0 1 0 0 1 1 1 1 0 0 0 0 0 0 0
450	12	1 1 1 1 1 0 1 1 1 1 1 1 0 0 0 0 0 0 0 0
450	1	1 1 1 1 1 0 1 0 0 0 1 0 0 0 0 0 0 0 0 0
450	9	1 1 1 1 0 0 1 1 0 1 1 1 1 0 0 0 1 0 0 0
450	7	1 1 1 1 1 0 1 0 0 1 1 1 1 0 0 0 1 0 0 0
450	2	1 1 1 1 1 0 0 1 0 1 1 1 1 0 0 0 1 0 0 0
450	7	1 1 1 1 1 1 1 0 0 0 1 0 0 0 0 0 0 0 0 0
450	5	1 1 1 1 1 0 1 1 1 0 0 1 1 0 1 1 0 0 0 0
450	14	0 1 1 1 1 0 1 1 1 1 0 1 1 0 0 0 0 1 0 0
450	9	1 1 1 1 1 0 1 1 1 1 1 0 1 0 0 0 0 0 0 0
450	1	1 1 1 1 1 0 1 0 0 1 0 1 1 0 0 0 0 0 0 0
450	23	1 1 1 1 1 0 1 0 0 1 1 1 1 1 0 0 0 0 0 0
450	1	1 1 1 1 0 0 0 1 1 1 1 1 1 1 0 0 0 0 0 0
450	4	1 1 1 1 1 0 1 1 0 1 1 1 1 0 0 0 0 1 1 1
450	10	1 1 0 1 1 0 1 1 1 1 1 1 1 0 0 0 0 0 0 0
450	6	0 1 1 1 1 0 1 1 0 1 1 1 1 0 0 0 0 0 0 0
450	2	1 1 1 1 1 0 1 1 1 1 0 1 1 0 0 0 0 0 0 1
450	8	1 1 1 1 1 0 1 1 1 1 1 1 1 0 1 0 1 0 0 0
450	3	1 1 1 1 1 0 1 0 0 1 1 1 1 0 0 0 0 1 0 0
450	3	0 1 1 1 1 0 1 1 1 1 1 1 1 0 0 0 0 0 0 0
450	1	1 1 1 1 1 0 0 1 0 1 0 1 1 0 0 0 0 1 0 0
450	4	1 1 0 0 1 0 1 1 0 1 0 1 1 0 0 0 0 0 0 0
450	7	1 1 1 1 1 0 1 1 0 0 1 1 0 0 0 0 0 0 0 0
450	7	1 1 1 1 1 0 1 1 1 1 1 1 1 1 0 1 0 0 0 0
450	10	0 1 0 1 1 0 1 1 0 1 1 1 1 0 0 0 0 0 0 0
450	4	1 1 1 1 1 0 1 1 0 1 0 1 1 0 1 0 0 1 0 0
450	2	1 1 1 1 1 0 1 1 1 1 0 1 1 1 0 0 0 0 0 0
450	9	1 1 1 1 1 0 0 0 0 1 1 1 1 0 0 0 0 0 0 0
450	1	1 1 1 1 1 0 0 1 0 1 0 1 1 0 0 1 0 0 1 0
450	9	1 1 1 1 1 0 1 1 0 0 1 0 0 0 0 0 0 0 0 0
450	1	1 1 1 1 1 0 1 1 1 1 0 0 1 0 0 0 0 0 0 0
450	5	0 1 1 1 1 0 0 1 1 1 1 1 1 0 0 0 0 0 0 0
450	4	1 1 1 1 0 0 1 1 0 1 1 1 1 0 0 0 0 0 0 0
450	4	1 0 0 1 1 0 1 0 0 1 1 1 1 0 0 0 0 0 0 0
450	4	1 0 1 1 1 0 1 1 1 1 1 1 1 0 1 0 0 1 0 0
450	2	1 0 1 1 1 1 1 0 0 0 1 0 0 0 1 0 0 0 0 0
450	1	1 1 1 1 1 0 1 1 1 1 1 1 1 0 0 0 1 0 0 0
450	7	1 0 1 1 1 0 1 1 1 1 0 1 1 0 1 1 0 0 0 0
450	1	1 1 1 1 1 0 1 1 0 0 1 1 1 0 0 0 0 0 0 1
450	4	1 1 1 1 0 0 1 1 1 1 1 1 1 0 0 0 0 1 0 0
450	5	1 1 1 1 1 0 1 1 0 1 0 1 0 0 0 0 0 0 0 0
450	4	1 1 0 1 1 0 1 1 0 1 0 1 1 0 1 0 0 1 0 0
450	3	1 1 1 1 1 0 1 1 1 1 0 1 1 0 1 0 0 0 0 0
450	11	1 1 1 1 1 1 1 1 0 0 1 1 1 0 0 0 0 0 0 0
450	4	1 0 1 1 1 0 0 1 0 1 1 1 1 0 1 0 1 0 1 0
450	4	0 1 1 1 1 0 1 0 0 0 1 1 1 1 0 0 0 0 0 0
450	9	1 1 1 0 1 1 1 1 1 1 1 1 1 0 0 0 0 0 0 0
450	1	1 1 0 1 1 0 0 1 1 1 1 1 1 0 0 0 0 0 0 0
450	2	0 1 1 1 0 0 1 1 0 1 0 1 1 0 1 0 0 1 0 0
450	2	1 1 1 1 0 0 1 1 1 1 1 0 1 0 0 0 0 0 0 0
450	4	1 1 1 1 1 0 1 1 1 1 1 1 0 0 0 0 0 1 0 0
450	4	1 1 1 1 1 0 0 1 0 1 0 1 1 0 0 0 0 1 0 1
450	1	1 1 1 1 1 1 1 1 1 1 1 1 1 0 0 0 0 0 0 0
450	1	1 1 1 1 1 0 1 1 0 1 1 1 0 0 0 0 0 0 0 0
450	3	1 0 1 1 1 0 1 1 0 0 1 1 1 0 0 0 0 0 0 0
450	2	1 0 1 1 1 1 1 1 1 0 1 1 1 0 0 0 0 0 0 0
450	2	1 1 1 0 1 0 1 1 1 1 0 1 1 0 1 1 0 0 0 0
450	6	1 1 1 0 1 0 1 0 0 1 0 0 1 0 1 0 0 1 0 0
450	1	1 1 1 1 0 0 0 1 0 1 0 1 1 0 0 0 0 1 0 0
450	2	1 1 1 0 1 0 1 1 0 1 0 1 1 0 0 0 0 0 0 0
450	2	1 1 1 1 1 0 1 1 0 0 1 1 0 0 0 0 0 1 0 0
450	1	1 1 1 1 1 1 1 0 0 0 1 0 1 0 0 0 0 0 0 0
450	1	1 1 1 1 1 0 1 0 0 0 1 1 1 0 0 0 0 0 0 0
450	2	0 1 1 1 0 0 1 1 0 1 1 1 1 1 0 0 0 0 0 0
450	3	1 1 1 0 1 0 1 1 0 1 1 1 1 0 0 0 0 0 0 0
450	1	1 0 1 1 1 0 1 1 0 1 1 1 0 0 1 0 1 0 0 0
450	1	1 1 1 1 1 0 1 0 1 1 1 1 1 0 1 0 0 0 0 0
450	5	1 1 1 1 1 1 1 0 0 0 1 1 0 0 1 0 0 0 0 0
450	1	1 1 0 1 1 0 1 0 0 1 1 1 1 1 0 0 0 0 0 0
450	2	0 1 1 1 1 0 1 1 1 1 1 1 1 0 1 0 1 0 0 0
450	2	1 1 1 1 1 0 1 1 0 1 1 0 1 0 1 1 0 1 0 0
450	3	1 1 1 1 1 0 1 0 0 1 1 1 0 0 0 0 0 0 0 0
450	1	1 1 1 1 1 0 1 1 1 1 1 1 1 1 1 0 0 0 0 0
450	2	1 1 0 1 1 0 1 1 1 1 0 1 1 0 0 0 0 0 0 0
450	2	1 1 1 1 1 0 0 1 0 1 0 1 1 0 0 1 0 1 0 0
500	33	1 1 1 1 1 0 1 1 0 1 1 1 1 0 0 0 0 0 0 0
500	3	1 1 1 1 1 0 1 1 0 0 1 1 1 0 0 0 0 0 0 0
500	97	1 1 1 1 1 0 1 1 1 1 1 1 1 0 0 0 0 0 0 0
500	17	1 1 1 1 1 0 1 0 0 1 1 1 1 0 0 0 0 0 0 0
500	154	1 1 1 1 1 0 1 1 1 1 0 1 1 0 1 1 0 0 0 0
500	4	1 1 1 1 1 0 1 1 0 1 1 1 1 0 0 0 1 0 0 0
500	7	1 1 0 1 1 0 1 0 0 1 1 1 1 0 0 0 0 0 0 0
500	7	1 1 1 1 1 0 1 1 1 1 1 1 1 0 0 0 0 1 0 0
500	9	1 0 1 1 1 0 1 1 1 1 1 1 1 0 0 0 0 0 0 0
500	24	1 1 1 1 1 0 1 1 1 1 0 1 1 0 0 0 0 0 0 0
500	20	1 1 1 1 1 0 1 0 1 1 0 1 1 0 1 1 0 0 0 0
500	13	1 1 1 1 1 0 1 1 0 1 1 1 1 0 0 0 1 1 0 0
500	12	1 1 1 1 1 0 0 1 0 1 0 1 1 0 0 1 0 0 0 0
500	20	0 1 1 1 1 0 1 0 0 1 1 1 1 0 0 0 0 0 0 0
500	6	1 1 1 1 1 0 1 0 0 1 0 1 1 0 0 0 0 0 0 0
500	52	1 1 1 1 1 0 1 0 0 1 1 1 1 1 0 0 0 0 0 0
500	2	1 1 1 1 1 0 1 1 0 0 1 0 0 0 0 0 0 0 0 0
500	5	1 1 1 0 1 1 1 1 1 0 1 1 1 0 0 0 0 0 0 0
500	7	1 1 1 1 0 0 0 1 1 1 1 1 0 1 0 0 1 0 0 0
500	6	1 1 0 1 1 0 1 0 0 1 1 1 1 1 0 0 0 0 0 0
500	2	1 1 1 1 1 0 1 1 1 1 1 1 1 0 1 1 0 0 0 0
500	13	0 1 1 1 1 0 1 0 1 1 0 1 1 0 1 1 0 0 0 0
500	2	1 1 1 0 1 1 1 1 0 0 1 0 0 0 0 0 0 0 0 0
500	11	1 1 0 1 1 0 1 0 0 1 1 1 1 1 0 0 1 0 0 0
500	49	1 1 1 1 1 0 1 1 1 1 0 1 0 0 0 1 0 0 0 0
500	21	1 1 1 1 1 0 1 1 1 0 0 0 1 0 1 1 0 0 0 0
500	12	0 1 1 1 1 0 1 0 0 1 1 1 1 1 0 0 0 0 0 0
500	2	1 1 1 1 1 0 1 0 0 0 1 0 0 0 1 0 0 0 0 0
500	3	1 1 1 1 1 1 1 0 1 1 0 1 1 0 1 1 0 0 0 0
500	2	1 1 1 1 1 1 1 1 1 0 0 1 1 0 1 1 0 0 0 0
500	1	1 1 0 1 1 0 1 0 0 0 1 1 1 0 0 0 0 0 0 0
500	4	1 1 1 1 1 0 0 1 1 1 0 1 1 0 1 1 0 0 0 0
500	16	1 1 1 1 1 0 1 1 0 0 1 1 1 1 0 0 0 0 0 0
500	8	0 1 1 1 1 0 1 1 1 1 1 1 1 0 0 0 0 0 0 0
500	3	1 1 1 1 1 0 1 1 1 1 1 1 1 1 0 0 1 0 0 0
500	3	1 1 1 1 1 0 0 1 1 1 0 0 1 0 0 1 0 0 0 0
500	8	1 1 1 1 1 0 1 0 0 0 1 1 1 0 0 0 0 0 0 0
500	6	1 1 1 1 1 0 1 0 0 1 0 1 0 0 0 1 0 0 0 0
500	2	1 1 0 1 1 0 1 1 1 1 0 1 1 0 0 0 0 0 0 0
500	1	1 1 1 1 1 1 1 1 1 1 0 1 1 0 1 1 0 0 0 0
500	5	1 1 1 0 1 0 1 0 1 1 0 1 1 0 1 1 0 0 0 0
500	8	0 1 1 1 1 0 0 0 0 1 1 1 1 0 0 0 0 0 1 0
500	2	1 1 1 1 1 0 1 0 0 1 0 1 1 1 0 0 0 0 0 0
500	6	1 1 1 1 1 1 1 1 1 1 1 1 1 0 0 1 0 0 0 0
500	8	1 1 1 1 1 0 1 1 0 1 1 0 1 0 0 0 0 0 0 0
500	7	1 1 1 1 1 1 1 1 1 1 1 1 1 0 0 0 0 0 0 0
500	13	0 1 1 1 1 0 1 0 0 1 1 1 1 0 0 0 0 0 1 0
500	2	1 1 1 1 1 0 1 1 1 1 1 1 1 0 1 0 0 0 0 0
500	8	1 1 1 1 1 0 1 1 1 0 1 1 1 0 1 1 0 0 0 0
500	4	1 1 1 1 1 1 1 1 0 1 1 1 1 0 0 0 0 0 0 1
500	6	1 0 1 0 1 1 1 1 0 1 1 1 1 0 0 0 0 0 0 0
500	3	1 1 1 1 1 0 1 1 0 1 1 1 1 1 0 0 1 1 0 0
500	8	1 1 1 1 1 1 1 1 0 1 1 1 1 0 0 0 1 0 0 0
500	4	1 1 1 1 1 0 1 1 1 1 0 1 1 1 0 0 0 0 0 0
500	3	1 1 1 1 1 0 1 0 0 0 0 1 1 0 0 0 0 0 0 0
500	6	0 1 1 1 1 0 1 1 1 1 1 1 1 0 1 1 0 0 0 0
500	4	1 0 1 1 1 1 1 0 1 0 1 1 0 0 0 0 0 0 0 0
500	4	1 1 1 1 1 0 1 0 1 0 0 1 1 0 0 0 0 0 0 0
500	11	1 1 1 1 1 0 1 1 1 1 0 1 1 0 1 1 0 0 1 0
500	11	1 1 1 1 1 0 1 1 1 0 0 1 1 0 1 1 0 0 0 0
500	1	1 1 1 1 1 0 0 1 0 0 0 1 1 0 0 1 0 0 0 0
500	3	1 1 1 1 1 0 1 1 0 0 1 0 0 0 0 0 0 0 1 0
500	4	1 1 1 1 1 0 1 1 1 0 0 0 1 1 1 1 0 0 0 0
500	9	0 1 1 1 1 0 1 1 1 1 0 1 1 0 1 1 0 0 0 0
500	5	1 0 1 1 1 0 1 0 0 1 0 1 1 0 1 1 0 0 0 0
500	8	1 1 1 1 0 0 1 1 1 1 0 1 1 0 1 1 0 0 0 0
500	3	1 0 1 1 1 0 0 1 0 1 0 1 1 0 0 1 0 0 0 0
500	6	1 1 1 1 1 1 1 1 1 0 0 0 1 0 1 1 0 0 0 0
500	15	1 1 1 1 0 0 1 1 1 0 0 1 1 0 1 1 0 0 0 0
500	4	1 1 1 1 1 0 1 1 1 1 0 1 0 0 1 1 0 0 0 0
500	10	1 1 1 1 1 0 1 1 0 1 0 1 1 0 0 1 0 0 0 0
500	5	0 0 1 1 1 0 1 0 1 1 0 1 1 0 1 1 0 0 0 0
500	8	1 1 1 1 1 0 1 1 1 1 0 1 0 0 0 1 0 0 0 1
500	2	1 1 1 1 1 0 1 1 1 0 0 1 1 0 1 1 0 0 1 0
500	5	0 1 0 1 1 0 1 1 1 1 0 1 1 0 0 0 0 0 0 0
500	8	1 1 1 1 1 0 1 1 1 1 1 1 1 0 0 0 1 0 0 0
500	6	1 1 1 1 1 0 1 0 0 1 0 1 1 0 0 0 0 0 0 1
500	1	1 1 1 1 1 1 1 1 1 1 0 1 0 0 0 1 0 0 0 0
500	2	0 1 1 1 1 0 1 0 0 1 1 1 1 1 0 0 0 0 1 0
500	2	1 1 1 1 1 1 1 1 0 1 0 1 1 0 0 0 0 0 0 0
500	8	1 1 1 1 1 0 1 1 0 1 1 1 0 0 0 0 1 1 0 0
500	2	1 1 1 1 1 0 1 1 0 1 0 1 0 0 0 1 0 0 0 0
500	4	1 1 1 1 1 0 1 0 0 1 0 1 1 0 1 0 1 0 0 0
500	8	1 1 0 1 1 1 1 1 1 1 0 1 1 0 0 0 0 0 0 0
500	13	1 1 1 1 1 0 0 1 0 1 0 1 1 0 0 1 0 1 0 0
500	6	1 1 1 1 1 0 1 1 1 1 0 1 1 0 1 1 0 1 0 0
500	1	1 0 1 1 1 0 1 1 1 1 1 1 1 0 1 0 0 0 0 0
500	2	1 1 1 1 1 0 1 1 1 1 0 1 1 0 0 0 0 1 0 0
500	3	1 1 1 1 1 0 1 0 0 0 1 0 1 0 0 0 0 0 0 0
500	5	1 1 1 1 1 0 1 1 0 1 1 0 1 1 0 0 1 1 0 0
500	3	1 0 1 1 1 0 1 1 1 1 0 1 1 0 1 1 0 0 1 0
500	3	1 1 1 1 1 0 1 1 1 0 0 1 0 0 0 1 0 0 0 1
500	1	1 1 1 1 1 0 1 0 0 1 1 1 1 0 0 0 0 0 1 0
500	1	1 1 0 1 1 0 1 0 0 0 1 1 1 0 0 0 1 0 0 0
500	2	1 1 1 1 1 0 1 0 0 1 0 1 1 0 1 1 0 0 0 0
500	2	1 0 1 1 1 0 1 1 0 1 1 0 1 0 1 1 0 0 0 0
500	3	1 1 1 1 1 0 1 1 0 1 1 1 1 0 0 0 0 1 0 0
500	2	1 1 0 1 1 0 1 1 0 1 1 1 1 0 0 0 0 0 0 0
500	1	1 1 1 1 1 0 1 0 0 1 1 1 1 0 1 0 0 0 0 0
500	2	1 1 1 1 1 0 0 1 0 1 0 0 1 0 0 1 0 0 0 0
500	3	1 1 1 1 1 0 1 1 1 1 1 1 0 0 0 1 0 0 0 0
500	2	1 1 1 1 1 0 1 1 1 1 0 0 0 0 0 1 0 0 0 0
500	1	1 1 0 1 1 0 1 1 0 0 1 1 1 1 0 0 0 0 0 0
500	1	1 1 1 1 1 0 1 0 1 0 0 1 1 0 1 0 0 0 0 0
500	1	1 0 1 1 1 0 1 1 0 1 0 1 1 0 0 1 0 0 0 0
500	4	1 1 1 1 1 1 1 1 0 1 0 1 1 1 0 0 0 0 0 0
500	1	0 1 1 1 1 0 1 0 0 1 1 1 1 0 0 0 1 1 0 0
500	3	1 1 1 1 0 0 1 1 1 0 1 1 1 0 1 1 0 0 0 0
500	3	1 1 1 1 1 0 1 1 1 1 1 1 1 1 0 0 0 0 0 0
500	2	1 1 1 1 0 0 1 1 1 1 1 1 1 0 0 0 0 0 0 0
500	1	1 1 1 1 1 0 1 0 0 0 1 1 1 1 0 0 0 0 0 0
500	1	1 1 1 1 1 0 0 1 1 0 0 0 1 0 1 1 0 0 0 0
500	2	1 1 0 0 1 0 1 0 0 0 1 1 1 0 0 0 0 0 0 0
500	1	1 0 1 0 1 0 1 1 0 1 1 1 1 0 0 0 0 0 0 0
500	3	1 1 1 1 1 0 1 1 0 0 0 1 1 0 1 1 0 0 0 0
500	2	1 1 1 1 1 0 0 1 1 0 0 0 1 1 1 1 0 0 0 0
