0	2	0 0 1 0 0 0 1 0 0 0 0 0 0 0 0 1 0 0 1 1
0	3	0 1 0 0 0 0 0 0 0 1 0 0 0 0 0 0 1 1 0 0
0	1	0 1 0 0 1 0 0 0 1 0 0 0 0 0 0 1 0 0 1 0
0	4	0 0 0 0 1 0 0 1 1 0 0 0 0 1 0 0 0 0 0 0
20	1	0 0 1 0 0 0 1 0 0 0 0 0 0 0 0 1 0 0 1 1
20	1	0 1 0 0 0 0 0 0 0 1 0 0 0 0 0 0 1 1 0 0
20	2	0 1 0 0 1 0 0 0 1 0 0 0 0 0 0 1 0 0 1 0
20	1	0 0 0 0 1 0 0 1 1 0 0 0 0 1 0 0 0 0 0 0
20	1	0 1 0 1 1 0 0 0 1 0 0 0 0 0 0 1 0 0 1 0
20	1	0 0 1 0 0 0 1 0 0 1 0 0 0 0 0 1 0 0 1 1
20	1	0 1 0 0 1 0 0 0 1 1 0 0 0 0 0 1 0 0 1 0
20	1	0 1 0 0 0 0 1 0 0 0 0 0 0 0 0 1 0 0 1 1
20	1	0 0 0 0 1 0 0 1 1 0 0 0 0 1 0 1 0 0 0 0
40	1	0 0 1 0 0 0 1 0 0 0 0 0 0 0 0 1 0 0 1 1
40	1	0 1 0 0 1 0 0 0 1 0 0 0 0 0 0 1 0 0 1 0
40	2	0 1 0 0 1 0 0 0 1 0 0 0 0 0 0 1 0 0 1 1
40	1	0 1 0 0 1 0 0 0 1 0 0 0 0 0 1 1 0 0 1 0
40	1	0 1 0 1 1 0 0 0 1 1 0 0 0 0 0 1 0 0 1 0
40	1	0 0 1 0 1 0 0 0 1 0 0 0 0 0 0 1 0 0 1 0
40	1	0 1 0 0 1 0 0 1 1 0 0 0 0 1 0 0 0 0 0 0
40	1	1 0 1 0 0 0 1 0 1 0 0 0 0 0 0 1 0 0 1 1
40	1	0 1 0 1 0 1 0 1 0 1 0 1 0 0 0 0 1 1 0 0
60	1	0 1 0 0 0 0 0 0 0 1 0 0 0 0 0 0 1 1 0 0
60	2	0 1 0 0 1 0 0 0 1 0 0 0 0 0 0 1 0 0 1 0
60	1	0 1 0 0 1 0 0 0 1 0 0 0 0 0 1 1 0 0 1 0
60	1	0 1 0 0 1 0 0 0 1 0 0 1 0 0 0 1 0 0 1 0
60	1	0 1 0 0 0 0 0 0 1 0 0 0 0 0 1 1 0 0 1 0
60	1	1 1 0 0 0 0 0 0 0 1 0 0 0 0 0 0 1 1 1 0
60	1	0 1 0 0 1 0 0 0 0 0 1 0 0 0 0 1 1 0 1 0
60	1	1 1 0 0 1 0 0 0 1 0 0 1 0 0 0 1 0 0 1 0
60	1	1 0 1 0 0 0 1 0 0 0 0 0 1 0 0 1 0 0 1 1
80	1	0 1 0 0 1 0 0 0 1 0 0 0 0 0 0 1 0 0 1 0
80	1	0 1 0 0 1 0 0 0 1 0 0 0 0 0 1 1 0 0 1 0
80	1	0 1 0 1 1 0 0 0 1 1 0 0 0 0 0 1 0 0 1 0
80	2	0 1 0 0 1 0 0 0 0 0 0 0 0 0 1 1 0 0 1 0
80	1	0 1 0 0 1 0 0 0 1 0 0 0 0 1 0 1 0 0 1 0
80	1	0 0 0 0 1 0 0 0 1 0 0 0 0 0 1 1 0 0 1 0
80	1	0 1 0 0 0 0 0 0 1 0 1 0 0 0 0 1 0 0 1 0
80	1	0 1 0 0 1 1 1 0 1 0 0 0 0 0 0 1 0 0 1 0
80	1	1 0 0 0 1 0 1 1 1 0 0 0 0 0 0 1 0 0 1 0
100	1	0 1 0 0 1 0 1 0 0 0 0 0 0 0 1 1 0 0 1 0
100	2	1 0 1 0 0 0 1 0 0 0 0 0 0 0 1 1 0 0 1 0
100	1	0 1 0 0 1 0 0 0 1 0 1 0 0 0 0 1 0 0 1 0
100	2	1 0 1 1 1 0 1 0 0 0 0 0 1 0 0 1 0 0 1 1
100	1	0 0 1 0 0 0 1 0 0 0 0 0 0 0 1 1 0 0 1 0
100	1	1 1 0 0 1 1 1 0 1 0 0 0 0 0 1 1 0 0 1 0
100	1	1 0 1 1 1 0 1 0 0 0 0 0 1 0 0 0 0 0 1 1
100	1	1 0 0 0 1 0 1 1 1 0 0 0 0 1 0 1 0 0 1 0
120	1	0 1 0 1 1 0 0 0 1 1 0 0 0 0 0 1 0 0 1 0
120	1	0 1 0 0 1 0 1 0 1 0 0 0 0 0 1 1 0 0 1 0
120	1	0 1 0 0 1 0 1 0 0 0 0 0 0 0 1 1 0 0 1 0
120	2	0 1 0 0 1 0 1 0 1 1 0 0 0 0 1 1 0 0 1 0
120	1	1 0 1 1 1 0 1 0 0 0 0 0 1 0 0 1 0 0 1 1
120	1	0 0 0 1 1 0 0 0 1 0 0 0 0 0 1 1 0 0 1 0
120	1	0 1 0 0 1 0 1 0 1 0 0 0 0 0 0 1 0 0 1 0
120	1	0 1 0 0 1 0 1 0 1 1 0 0 1 1 1 1 0 0 1 0
120	1	1 1 0 0 0 0 1 0 1 0 0 0 0 0 1 1 0 0 1 0
140	2	0 1 0 0 1 0 1 0 0 0 0 0 0 0 1 1 0 0 1 0
140	1	0 1 0 0 1 0 0 0 1 1 0 0 0 0 1 1 0 0 1 0
140	1	0 0 1 0 0 0 1 0 0 0 0 0 0 0 1 1 0 0 1 0
140	1	1 0 1 1 0 0 1 0 0 0 0 0 0 0 1 1 0 0 1 0
140	1	0 1 0 1 1 0 0 0 1 1 0 0 0 0 1 1 0 0 1 0
140	2	1 1 0 0 1 0 0 0 0 0 0 0 0 0 1 1 0 0 0 0
140	1	1 1 0 0 1 0 0 0 1 1 0 0 0 0 0 1 0 0 1 0
140	1	0 1 0 0 1 0 1 0 0 0 0 0 0 0 1 1 0 1 1 0
160	1	0 1 0 0 1 0 1 0 0 0 0 0 0 0 1 1 0 0 1 0
160	1	0 1 0 0 1 0 0 0 1 1 0 0 0 0 1 1 0 0 1 0
160	1	1 0 1 0 0 0 1 0 0 0 0 0 0 0 1 1 0 0 1 0
160	1	1 0 1 1 1 0 1 0 0 0 0 0 1 0 0 1 0 0 1 1
160	2	0 1 0 1 1 0 0 0 1 1 0 0 0 0 1 1 0 0 1 0
160	1	1 1 0 1 1 0 1 0 0 0 0 0 0 0 1 1 0 0 1 0
160	1	1 0 1 1 1 0 1 0 0 0 0 0 1 0 1 0 0 0 1 1
160	1	0 1 0 0 1 0 1 0 1 1 0 0 0 0 0 0 0 0 1 1
160	1	1 1 0 1 0 0 0 0 0 0 0 0 0 0 1 1 0 0 1 0
180	1	1 0 1 0 0 0 1 0 0 0 0 0 0 0 1 0 0 0 1 0
180	2	1 0 1 1 1 0 1 0 0 0 0 0 1 0 0 1 0 0 1 0
180	1	0 1 0 0 1 0 1 0 0 0 0 1 0 0 1 1 0 0 1 0
180	1	1 1 0 1 1 0 0 0 0 0 0 0 0 0 0 1 0 0 1 1
180	1	1 1 0 1 1 0 0 0 0 0 0 0 0 0 0 1 0 0 0 0
180	1	0 1 0 0 1 0 0 0 0 0 0 0 1 0 1 1 0 0 1 0
180	1	1 0 1 1 0 0 1 0 0 0 1 0 0 0 1 1 0 0 1 0
180	1	0 0 0 1 1 0 0 0 1 1 0 0 0 0 1 0 0 0 1 0
180	1	1 0 0 1 1 0 0 0 0 1 1 0 0 0 0 0 0 0 1 0
200	3	1 0 1 1 1 0 1 0 0 0 0 0 1 0 0 1 0 0 1 0
200	1	1 0 0 1 1 0 0 0 1 0 0 0 0 0 1 1 0 0 1 0
200	1	1 0 0 0 0 0 1 0 0 0 0 0 0 0 1 0 0 1 1 0
200	1	0 0 1 0 1 0 1 0 0 0 0 0 0 0 1 1 0 0 1 0
200	1	0 0 1 0 1 0 1 0 0 0 0 0 0 0 1 1 0 1 1 0
200	1	0 1 0 0 1 0 1 0 1 0 0 1 0 0 1 1 0 0 1 0
200	1	1 0 0 1 1 0 1 0 0 0 0 0 1 0 0 0 0 0 1 1
200	1	1 0 0 1 1 0 0 0 0 0 0 1 1 0 0 1 0 0 1 0
220	2	1 0 1 1 1 0 1 0 0 0 0 0 1 0 0 1 0 0 1 0
220	3	1 1 0 1 1 0 1 0 0 0 0 0 0 0 0 1 0 0 1 0
220	1	1 0 0 1 1 0 0 0 0 0 0 1 0 1 1 0 0 0 1 0
220	1	1 0 1 0 1 0 0 0 0 0 0 0 0 0 1 1 0 0 1 0
220	1	1 0 0 1 1 0 1 0 0 0 0 0 0 0 1 0 0 0 1 0
220	1	1 0 1 0 1 0 0 0 0 0 0 0 1 0 1 1 0 0 1 0
220	1	1 0 1 1 1 0 1 0 0 0 0 0 1 0 0 1 0 1 1 0
240	1	1 0 1 0 0 0 1 0 0 0 0 0 1 0 1 1 0 0 1 0
240	1	1 1 0 0 1 0 1 0 1 0 0 0 0 0 1 1 0 0 1 0
240	1	1 1 1 0 0 0 0 0 0 0 0 0 0 0 0 0 0 0 1 0
240	1	1 1 1 1 1 1 0 0 0 0 0 0 1 0 0 1 0 0 1 0
240	1	1 1 1 1 0 1 0 0 0 0 0 0 1 0 1 1 0 0 1 0
240	1	1 0 0 1 1 1 1 0 0 0 1 1 1 1 0 1 0 0 1 1
240	1	1 0 0 1 1 0 1 0 0 1 0 0 0 0 0 1 0 0 1 0
240	1	0 1 0 1 1 0 1 0 0 0 0 0 1 1 0 1 0 0 1 1
240	1	1 0 1 0 0 0 1 0 0 0 0 0 1 0 0 1 0 1 1 0
240	1	1 0 0 1 1 0 1 1 0 0 0 0 0 0 0 0 0 0 1 0
260	2	1 1 0 0 1 0 1 0 1 0 0 0 0 0 1 1 0 0 1 0
260	1	1 1 0 1 1 0 0 0 0 0 0 0 0 0 0 1 0 0 1 0
260	1	1 1 1 1 1 1 1 0 0 0 0 0 0 0 0 1 0 0 1 0
260	1	1 0 1 0 0 0 1 0 0 0 0 0 0 0 1 1 1 0 1 0
260	1	1 0 1 0 1 0 0 0 1 1 0 0 0 0 1 1 0 0 0 0
260	1	1 0 1 0 1 0 0 0 0 0 0 0 1 0 1 0 0 0 1 1
260	1	1 1 0 1 1 0 0 1 0 0 0 0 0 0 1 1 0 0 1 0
260	1	1 1 0 1 1 0 0 0 1 0 0 0 0 0 0 1 0 0 1 1
260	1	0 1 0 0 1 0 1 0 1 0 0 0 0 0 1 1 0 0 1 0
280	1	1 1 0 0 1 0 1 0 0 0 0 0 1 0 0 1 0 0 1 0
280	1	1 1 0 1 1 1 1 0 0 0 0 0 0 0 0 1 0 0 1 0
280	1	1 1 1 1 0 1 0 0 0 0 0 0 1 0 1 1 0 0 1 0
280	2	1 1 1 1 1 1 1 0 1 0 0 1 0 0 0 1 0 0 1 0
280	1	1 0 0 1 1 0 0 0 0 0 0 0 0 0 0 1 0 0 1 0
280	1	1 0 1 1 1 0 1 0 0 0 0 0 1 1 0 1 0 0 1 0
280	1	1 1 0 1 1 0 1 0 0 0 0 0 1 0 0 1 0 0 1 0
280	1	1 0 1 0 0 0 1 0 0 0 0 0 1 0 0 1 0 1 1 0
280	1	1 0 1 0 0 1 0 0 0 0 0 0 0 0 1 1 1 0 0 0
300	1	1 1 1 1 0 1 0 0 0 0 0 0 1 0 1 1 0 0 1 0
300	1	1 1 1 1 1 1 0 0 1 0 0 0 1 0 0 1 0 1 1 0
300	1	1 1 0 1 0 1 1 0 0 0 0 0 0 0 0 1 0 0 1 0
300	1	1 0 1 1 1 0 1 0 0 0 0 0 1 1 0 1 0 0 1 0
300	1	1 0 1 0 0 1 1 0 0 0 1 0 0 0 1 0 1 0 1 0
300	1	1 0 1 1 1 0 1 0 1 0 0 0 1 1 0 1 0 0 1 0
300	1	1 1 0 1 1 0 0 0 0 0 0 0 1 0 1 1 0 0 1 0
300	1	1 1 0 0 0 0 0 1 0 0 0 0 0 0 1 1 0 0 1 0
300	1	1 0 1 0 1 0 1 0 1 0 0 0 0 0 1 1 0 0 1 0
300	1	1 0 1 0 1 1 1 0 0 0 0 0 1 0 0 1 1 0 1 0
320	2	1 1 1 1 1 1 0 0 1 0 0 0 1 0 0 1 0 0 1 0
320	1	1 1 1 0 1 0 1 1 0 1 0 0 0 0 1 1 0 0 1 0
320	1	1 1 1 1 1 1 0 0 0 0 0 0 0 0 0 1 0 0 1 0
320	1	1 0 1 1 1 0 1 0 0 0 0 0 1 1 0 1 0 0 1 0
320	1	1 1 1 1 1 1 1 1 0 1 0 0 0 0 1 0 0 0 1 0
320	2	1 1 1 0 0 1 0 0 0 0 0 0 1 0 1 1 0 0 1 0
320	1	1 1 1 0 0 1 0 0 0 0 0 0 1 1 0 1 0 0 1 1
320	1	1 1 1 0 1 1 0 0 1 0 0 0 1 0 0 1 0 0 1 0
340	2	1 1 1 1 0 1 0 0 0 0 0 0 1 0 1 1 0 0 1 0
340	1	1 1 1 1 1 1 0 0 0 0 0 0 1 0 1 1 0 0 1 0
340	1	1 1 1 1 1 1 1 0 0 0 0 0 1 1 0 1 0 0 1 0
340	1	1 1 1 1 1 1 0 0 1 0 0 0 0 0 1 1 0 0 0 0
340	1	1 1 1 1 1 1 1 0 0 1 0 0 0 0 0 1 0 0 1 0
340	1	1 1 1 0 1 0 1 1 0 1 0 0 0 0 1 1 1 0 1 0
340	1	1 1 1 0 1 0 1 0 1 0 0 0 0 0 0 1 0 0 1 0
340	1	1 1 1 1 1 1 0 0 1 0 1 1 0 0 1 1 0 0 1 0
340	1	1 1 1 1 0 1 1 1 0 1 0 0 0 0 1 0 0 0 1 0
360	1	1 1 1 1 1 1 0 0 1 0 0 0 1 0 0 1 0 0 1 0
360	1	1 1 1 1 1 1 0 0 0 0 0 0 0 0 0 1 0 0 1 0
360	1	1 1 1 1 1 1 0 0 1 0 0 0 0 0 1 1 0 0 0 0
360	2	1 1 0 1 0 1 1 0 0 0 0 0 1 0 0 1 0 0 1 0
360	1	1 1 0 1 1 1 0 0 0 0 0 0 1 0 1 1 0 0 1 0
360	1	1 1 1 0 1 0 0 0 0 1 1 0 0 0 1 1 0 0 1 0
360	1	1 1 1 1 0 1 0 0 0 0 0 0 1 0 0 1 0 0 1 0
360	1	1 1 1 0 1 1 0 0 0 0 0 0 1 0 0 1 0 0 1 0
360	1	1 1 1 0 1 0 0 0 1 0 0 0 1 0 0 1 0 0 1 0
380	1	1 1 1 1 1 1 1 0 1 0 0 1 0 0 0 0 0 0 1 0
380	1	1 1 1 0 1 0 0 0 0 1 0 0 0 0 1 1 0 0 1 0
380	1	1 1 1 0 1 0 1 1 1 1 0 0 0 0 1 1 0 0 1 0
380	1	1 1 1 0 1 0 0 0 1 0 0 0 1 0 0 1 0 0 1 0
380	1	1 1 1 1 1 1 1 0 0 1 0 0 0 0 0 1 1 0 1 0
380	1	1 1 1 0 1 0 1 0 1 0 0 0 0 0 1 1 0 0 1 0
380	1	1 1 1 1 1 1 0 1 0 0 0 0 0 0 0 1 0 0 1 0
380	1	1 1 0 0 1 0 0 0 0 0 0 0 0 0 1 1 0 0 1 0
380	1	1 0 1 0 1 1 1 0 0 0 0 0 1 0 0 1 0 0 1 1
380	1	1 1 1 1 1 0 0 0 1 0 0 0 1 0 0 1 0 0 1 0
400	1	1 1 1 0 1 0 0 0 0 0 0 0 0 0 1 1 0 0 1 0
400	1	1 1 1 0 1 0 0 0 0 1 0 0 0 0 1 1 0 0 1 0
400	1	1 1 1 1 1 1 0 0 1 0 0 0 0 0 1 1 0 0 1 0
400	1	1 1 1 0 1 0 1 1 1 1 0 0 0 0 1 1 0 0 1 0
400	1	1 1 1 1 1 1 0 1 0 0 0 0 0 0 0 1 0 0 1 0
400	1	1 1 1 1 0 1 1 1 0 0 0 0 1 0 1 1 0 1 1 0
400	1	1 1 1 0 1 0 0 0 1 0 1 0 0 0 0 0 0 0 1 0
400	1	1 1 1 0 1 1 0 0 1 1 0 0 1 0 0 1 0 0 1 0
400	1	1 1 1 1 1 0 1 1 1 1 0 0 0 0 1 1 0 0 1 0
400	1	1 1 1 0 1 0 0 0 0 1 0 0 0 0 1 1 1 0 1 0
420	1	1 1 1 0 1 0 0 0 0 1 0 0 0 0 1 1 0 0 1 0
420	1	1 1 1 1 1 1 0 0 1 0 0 0 0 0 0 1 0 0 1 0
420	1	1 1 1 0 1 0 0 0 0 0 0 0 1 0 0 1 0 0 0 0
420	1	1 1 1 0 1 1 1 1 0 1 0 0 1 0 0 1 0 0 1 0
420	1	1 1 1 1 1 1 0 1 1 0 0 0 0 1 0 1 0 0 1 0
420	1	1 1 1 0 1 1 0 0 1 0 0 0 0 0 1 1 0 0 1 0
420	1	1 1 1 0 1 0 0 0 0 0 0 0 1 1 0 1 0 0 0 0
420	1	1 1 1 0 1 1 1 1 0 0 0 0 1 1 0 1 0 0 0 0
420	1	1 1 1 0 1 1 0 0 1 0 0 0 0 0 1 1 1 0 1 0
420	1	1 1 0 0 1 1 0 1 0 1 0 0 1 1 0 1 0 0 1 0
440	2	1 1 1 0 1 0 0 0 0 0 0 0 1 0 0 1 0 0 0 0
440	1	1 1 1 1 1 1 0 0 0 0 0 0 0 1 1 1 1 0 0 0
440	2	1 1 1 0 1 0 1 0 0 0 0 0 0 1 0 1 0 0 1 0
440	1	1 1 1 0 1 1 1 1 0 1 0 0 1 1 0 1 0 0 1 0
440	1	1 1 1 1 1 0 0 0 0 0 0 0 0 0 0 1 0 0 0 0
440	1	1 0 1 0 1 1 0 0 1 1 0 0 1 0 0 1 0 0 1 0
440	1	1 1 1 1 1 1 1 0 0 1 0 0 1 0 0 1 0 0 0 0
440	1	1 1 1 1 0 1 0 0 0 0 0 0 1 0 1 1 0 0 0 0
460	1	1 1 1 0 1 0 0 0 0 1 0 0 0 0 1 1 0 0 1 0
460	1	1 1 1 0 1 1 1 1 0 1 0 0 1 0 0 1 0 0 1 0
460	1	1 1 1 0 1 0 0 0 0 0 0 0 1 0 0 1 0 0 1 0
460	1	1 1 1 0 1 0 0 0 0 0 0 0 1 0 0 1 1 0 0 0
460	1	1 1 1 0 1 0 0 0 0 0 1 0 1 0 0 1 0 0 0 0
460	1	0 1 1 0 1 0 0 0 0 0 0 0 1 0 0 1 0 0 0 0
460	1	1 1 1 0 1 1 1 0 0 0 0 0 1 0 0 0 0 0 1 0
460	1	1 1 1 0 1 0 0 0 0 0 0 1 1 0 0 1 0 0 0 0
460	1	1 1 1 0 1 0 0 0 0 0 1 0 0 1 0 1 0 0 1 0
460	1	1 1 1 0 1 1 1 1 0 1 1 0 1 0 0 1 0 0 1 0
480	1	1 1 1 0 1 0 0 0 0 1 0 0 0 0 1 1 0 0 1 0
480	2	1 1 1 0 1 0 0 0 0 0 0 0 1 0 0 1 0 0 0 0
480	1	1 1 1 1 1 0 0 0 0 0 0 0 1 0 0 1 0 0 0 0
480	1	1 1 1 0 1 0 0 0 0 0 1 0 0 1 0 1 0 0 1 0
480	1	1 1 0 1 0 1 0 1 1 1 0 1 0 0 0 1 0 0 0 0
480	2	1 1 1 0 1 0 0 0 0 0 0 1 0 0 0 1 0 0 0 0
480	1	1 1 1 0 1 0 0 0 0 1 0 0 1 0 0 1 0 0 1 0
480	1	1 1 1 0 1 1 0 0 0 0 0 0 0 1 0 1 0 0 1 0
500	2	1 1 1 0 1 1 1 0 0 1 0 0 1 0 0 1 0 0 0 0
500	1	1 1 1 0 1 1 0 1 0 0 0 0 1 1 0 1 0 0 1 0
500	1	1 1 1 0 1 1 0 1 1 1 0 0 1 0 0 1 0 0 0 0
500	1	1 1 1 0 1 1 0 1 1 1 0 0 0 0 0 1 0 0 1 0
500	1	1 1 1 0 1 0 0 0 0 1 0 0 0 0 0 1 0 0 1 0
500	1	1 1 1 0 1 0 0 0 0 0 1 0 0 1 0 1 0 0 0 0
500	1	1 1 0 0 1 0 0 1 1 1 0 0 0 0 0 1 1 0 0 0
500	1	1 1 1 0 1 0 0 0 0 0 0 0 1 1 0 1 0 0 1 0
500	1	1 1 1 1 1 1 0 1 0 0 0 0 1 1 0 1 0 0 1 0
