0	250	0 0 0 0 0 1 0 1 0 0 0 0 0 1 0 0 0 1 1 0
0	250	0 0 0 0 0 1 0 0 0 0 0 0 0 1 0 0 0 0 1 0
0	250	0 0 0 0 0 0 0 0 0 0 0 0 0 1 0 0 0 0 0 0
0	250	0 0 1 0 0 0 0 0 0 0 1 0 1 0 1 0 1 0 0 0
50	2	0 0 0 0 0 1 0 1 0 0 0 0 0 1 0 0 0 1 1 0
50	47	0 0 0 0 0 1 0 0 0 0 0 0 0 1 0 0 0 0 1 0
50	132	0 0 0 0 0 0 0 0 0 0 0 0 0 1 0 0 0 0 0 0
50	2	0 0 1 0 0 0 0 0 0 0 1 0 1 0 1 0 1 0 0 0
50	95	0 0 1 0 0 0 0 0 0 0 0 0 0 1 0 0 0 0 0 0
50	13	0 1 0 0 0 1 0 0 0 0 0 0 0 1 0 0 0 0 1 0
50	9	0 0 0 0 0 1 0 1 0 0 0 0 0 1 0 0 0 0 1 0
50	24	0 0 0 0 0 0 0 0 0 0 0 0 0 1 0 0 0 0 1 0
50	57	0 0 0 0 0 1 0 0 0 0 0 0 0 1 0 0 0 0 0 0
50	4	0 0 0 0 0 0 0 1 0 0 0 0 0 1 0 0 0 1 1 0
50	16	0 0 1 0 0 0 0 0 0 0 0 0 0 1 0 0 0 1 0 0
50	35	0 0 0 0 0 1 0 0 0 0 0 0 0 1 0 1 0 0 1 0
50	21	0 1 0 0 0 0 0 0 0 0 0 0 0 1 0 0 0 0 0 0
50	6	0 0 0 0 0 0 0 0 0 0 0 0 1 1 0 0 0 0 0 0
50	17	0 0 0 0 0 1 0 0 0 0 0 0 1 1 0 0 0 0 1 0
50	1	0 0 1 0 1 0 0 0 0 0 1 0 1 0 1 0 1 0 0 0
50	13	0 0 0 1 0 0 0 0 0 0 0 0 0 1 0 0 0 0 0 0
50	6	0 1 1 0 0 1 0 0 0 0 0 0 0 1 0 0 0 0 1 0
50	2	0 0 0 0 0 1 0 0 0 1 0 0 0 1 0 0 0 0 1 0
50	10	0 1 0 0 0 1 1 0 0 0 0 0 0 0 0 0 0 0 1 0
50	19	0 0 1 0 0 0 0 1 0 0 0 0 0 1 0 0 0 0 0 0
50	2	1 0 0 0 0 0 0 0 0 0 1 0 0 1 0 0 0 0 0 0
50	8	0 0 0 0 1 0 0 0 0 0 1 0 1 1 0 1 0 0 1 0
50	5	0 0 0 0 0 1 1 0 0 0 0 0 0 1 0 0 0 0 1 0
50	1	0 1 0 0 0 0 0 0 0 0 0 0 1 1 0 0 1 0 1 0
50	1	0 0 0 0 0 1 0 0 0 0 0 0 0 1 0 0 0 0 1 1
50	16	0 0 0 1 0 1 0 1 0 0 0 0 0 1 0 0 0 1 1 0
50	5	0 0 0 0 0 1 0 0 0 0 0 0 0 1 0 0 1 0 1 0
50	10	0 1 0 0 0 0 0 0 0 0 0 0 1 1 0 0 1 0 0 0
50	19	0 0 1 0 0 0 0 0 1 0 0 0 0 1 0 0 0 0 0 0
50	15	0 0 0 0 0 0 0 0 1 0 0 0 1 1 0 0 0 0 0 0
50	11	0 0 0 0 0 1 0 1 0 0 0 0 0 1 0 0 0 0 0 0
50	15	0 1 0 0 0 1 1 1 0 0 0 0 0 0 0 0 0 0 1 0
50	5	0 0 0 0 1 0 0 0 0 0 1 0 1 1 0 1 0 1 1 0
50	7	0 0 0 1 0 1 0 1 0 0 1 0 1 0 1 0 1 0 0 0
50	1	0 1 0 0 0 1 1 0 0 0 0 0 0 1 0 0 0 0 1 0
50	1	0 1 0 0 0 1 0 0 0 0 0 0 0 1 0 0 0 0 0 0
50	1	0 0 0 0 0 0 1 0 0 0 0 0 0 1 0 0 0 0 0 0
50	2	1 0 0 0 0 0 0 1 0 0 1 0 1 0 1 0 1 1 1 0
50	5	1 0 0 0 0 1 0 0 0 0 0 0 0 1 0 0 0 0 1 0
50	1	0 0 0 0 0 0 0 0 0 0 0 0 1 1 0 0 1 0 0 0
50	1	0 0 0 0 0 0 0 0 0 0 0 0 0 1 0 0 1 0 0 0
50	5	0 1 0 0 0 1 1 1 0 0 0 0 1 0 1 0 1 0 0 0
50	7	0 0 0 0 0 0 0 0 0 0 1 0 0 1 0 0 0 0 0 0
50	3	0 0 0 0 1 0 0 0 0 0 0 0 0 1 0 0 0 0 1 0
50	14	0 0 1 0 0 1 0 0 0 0 0 0 0 1 0 1 0 0 1 0
50	3	0 1 0 0 0 1 0 1 0 0 0 0 0 1 0 0 0 0 1 0
50	7	0 0 1 0 0 0 0 0 0 0 1 1 1 0 1 0 1 0 0 0
50	5	0 0 1 1 1 0 0 0 0 0 1 0 1 0 1 0 1 0 0 0
50	11	0 1 0 0 0 1 1 1 0 0 0 0 1 1 0 0 0 0 0 0
50	4	0 0 1 0 0 0 0 0 0 0 0 0 1 1 0 0 0 0 0 0
50	6	0 0 0 0 0 0 0 0 0 1 0 0 0 1 0 0 0 0 0 0
50	6	0 0 1 0 0 0 0 0 0 0 0 0 0 1 0 1 0 1 0 0
50	2	0 0 0 0 0 0 0 0 0 0 0 0 1 0 1 0 1 0 0 0
50	2	0 0 1 0 0 0 0 0 0 0 0 0 0 1 0 0 0 0 1 0
50	10	0 0 1 1 0 0 0 0 0 0 0 0 0 1 0 0 0 0 0 0
50	13	0 0 1 0 0 0 0 0 0 0 1 0 0 1 1 0 0 0 0 0
50	2	0 0 0 0 0 1 0 0 1 0 0 0 0 1 0 0 0 0 1 0
50	12	0 0 0 0 0 1 0 0 0 0 0 1 0 1 0 0 0 0 1 0
50	8	0 0 0 0 0 0 0 0 1 0 0 0 0 1 0 0 0 0 0 0
50	10	0 0 1 0 0 0 1 0 0 0 0 0 0 1 0 0 0 0 0 0
50	6	0 0 0 0 0 1 0 0 1 0 0 0 0 1 0 0 0 0 0 0
50	15	0 0 0 0 1 0 0 0 0 0 0 0 1 1 0 1 0 0 1 0
50	2	0 0 0 0 0 1 0 1 0 0 0 0 0 1 1 0 0 0 0 0
50	4	0 0 0 0 0 0 0 0 0 0 1 0 0 1 1 0 0 0 0 0
50	1	1 0 0 0 0 1 0 0 0 0 0 0 0 1 0 0 0 0 0 0
50	8	0 0 0 0 0 1 0 0 0 0 0 0 0 1 0 0 0 1 1 0
50	4	0 1 1 0 0 1 0 0 0 0 0 0 0 1 1 0 1 0 0 0
50	5	0 0 0 0 1 0 0 0 0 0 0 0 1 1 0 1 0 1 1 0
50	16	0 0 0 0 0 0 1 0 1 0 0 0 0 1 0 0 0 0 0 0
50	2	1 0 1 0 0 0 0 0 0 0 0 0 0 1 0 0 0 0 1 1
50	2	0 1 0 0 0 1 1 0 0 0 1 0 0 1 0 0 0 0 0 0
50	1	0 0 1 0 0 0 0 0 1 1 0 0 0 1 0 0 0 0 0 0
50	6	0 1 0 0 1 1 1 1 0 0 0 0 0 0 0 0 0 0 1 0
50	3	0 0 0 0 0 0 1 0 0 0 0 0 0 1 0 1 0 0 1 0
50	2	0 0 0 0 0 1 0 0 1 0 0 0 0 1 1 0 0 0 0 0
50	7	0 0 0 0 0 1 0 0 0 0 0 0 1 0 1 0 1 0 0 0
50	3	0 0 0 0 1 0 0 0 0 0 1 0 1 1 0 1 1 0 0 0
50	2	0 1 0 0 0 1 1 0 0 0 0 0 0 0 0 0 0 0 0 0
50	1	0 0 0 0 0 1 0 1 0 0 0 0 0 1 0 1 0 0 0 0
50	7	0 0 1 0 0 1 0 0 0 0 0 0 0 1 0 1 0 1 1 0
50	1	0 0 1 1 0 0 0 0 0 0 0 1 0 1 0 0 0 0 0 0
50	2	0 1 0 0 0 1 1 0 0 0 0 0 1 1 0 0 0 0 0 0
50	5	0 1 1 0 0 0 0 0 0 0 0 0 0 1 0 1 0 0 1 0
50	4	0 0 0 0 0 1 1 0 0 0 0 0 1 1 0 0 0 0 0 0
50	3	0 1 0 0 1 1 1 1 0 0 0 0 0 1 0 0 0 0 0 0
50	2	0 0 0 0 0 0 0 0 0 0 0 1 0 1 0 0 0 0 0 0
50	4	1 0 1 0 0 0 0 0 0 0 1 0 1 0 1 0 1 0 0 0
50	1	0 0 0 0 0 1 0 1 0 0 0 1 0 1 0 0 0 0 1 0
50	1	0 0 0 0 0 0 1 0 0 0 0 0 0 1 0 0 0 0 1 0
50	1	0 0 0 1 0 0 0 0 0 0 0 0 0 1 0 0 1 0 0 0
50	5	0 1 1 0 0 1 0 1 0 0 0 0 0 1 0 0 0 0 1 0
50	1	0 0 1 0 0 0 0 1 0 0 0 1 0 1 0 0 0 0 0 0
50	2	0 0 0 0 1 1 0 1 0 0 0 0 0 1 0 0 0 0 0 0
50	1	0 1 0 0 0 0 1 1 0 0 0 0 1 1 0 0 0 0 0 0
50	2	0 0 1 0 0 1 0 0 1 0 0 0 0 1 0 0 0 0 0 0
50	4	0 0 0 0 0 1 0 0 0 0 1 0 0 1 1 0 0 0 0 0
50	1	0 0 0 0 0 1 1 1 0 0 0 0 1 1 0 0 0 0 0 0
50	1	0 1 0 0 0 1 1 1 0 0 0 0 0 1 0 0 0 0 0 0
50	3	0 0 0 0 0 0 1 0 0 0 1 0 0 1 0 0 0 0 1 0
50	4	0 1 0 0 0 1 1 0 0 0 0 0 0 1 0 0 0 0 0 0
50	6	0 0 0 0 0 0 0 1 0 0 0 0 0 1 0 0 0 0 0 0
50	2	0 0 0 0 0 1 0 1 0 0 1 0 1 0 1 0 1 0 0 0
50	3	0 0 1 0 0 1 0 0 1 0 0 0 0 1 0 1 0 0 1 0
50	5	0 0 1 0 0 0 0 1 0 0 0 0 1 1 0 0 0 0 0 0
50	1	0 1 0 0 0 1 0 0 0 0 0 0 0 1 0 0 1 0 0 0
50	3	0 0 1 0 0 0 0 0 0 0 0 1 0 1 0 0 0 0 0 0
50	4	0 0 1 0 0 0 0 0 0 0 1 0 0 1 0 0 0 0 0 0
50	1	0 0 0 0 0 0 0 0 0 0 0 0 0 1 0 0 0 1 1 0
50	1	0 0 0 0 0 0 0 0 0 0 0 0 0 1 0 0 0 0 1 1
50	4	0 0 0 0 0 1 0 0 0 0 0 0 0 0 0 0 0 0 0 0
50	4	0 1 0 0 0 0 0 0 0 0 1 0 0 1 0 0 0 0 0 0
50	1	0 0 0 0 0 1 0 0 0 0 0 0 1 0 0 0 0 0 1 0
50	2	0 0 1 0 1 1 0 0 0 0 1 0 1 0 1 0 1 0 0 0
50	1	0 0 1 0 0 0 1 0 1 0 0 0 0 1 0 0 0 0 0 0
50	1	0 0 0 1 0 1 0 1 0 0 1 0 1 1 1 0 1 0 0 0
50	4	0 0 0 0 1 0 0 0 0 0 1 0 1 1 0 1 1 1 0 0
50	1	0 0 0 1 0 0 0 0 0 0 0 0 0 1 0 0 0 0 1 0
50	2	0 0 0 0 1 0 0 0 0 0 0 0 0 1 0 1 0 0 1 0
50	2	0 0 0 1 0 1 0 1 0 0 0 0 0 1 0 0 0 0 1 0
50	1	0 0 0 0 0 0 1 1 0 0 0 0 0 0 0 0 0 0 1 0
50	3	0 1 0 0 1 1 1 1 0 0 0 0 0 1 0 0 0 0 1 0
50	1	0 0 0 0 0 0 0 0 0 0 0 0 0 1 0 0 0 1 0 0
50	2	0 0 0 0 0 0 0 0 0 0 0 0 0 1 0 0 0 0 0 1
50	2	0 0 0 0 0 0 0 0 0 0 0 1 1 1 0 0 0 0 0 0
50	2	0 1 0 0 0 0 1 0 0 0 0 0 0 0 0 0 0 0 1 0
50	1	0 0 1 0 0 0 0 1 0 0 1 0 0 1 1 0 0 0 0 0
50	1	0 0 1 0 0 0 0 0 0 0 1 1 0 1 1 0 0 0 0 0
50	1	0 0 0 0 1 0 1 0 0 0 1 0 1 1 0 1 1 0 0 0
100	39	0 0 0 0 0 0 0 0 0 0 0 0 0 1 0 0 0 0 0 0
100	92	0 0 1 0 0 0 0 0 0 0 0 0 0 1 0 0 0 0 0 0
100	17	0 0 0 0 0 1 0 0 0 0 0 0 0 1 0 0 0 0 0 0
100	28	0 0 1 0 0 0 0 0 0 0 0 0 0 1 0 0 0 1 0 0
100	65	0 1 0 0 0 0 0 0 0 0 0 0 0 1 0 0 0 0 0 0
100	2	0 0 0 1 0 0 0 0 0 0 0 0 0 1 0 0 0 0 0 0
100	8	0 1 0 0 0 1 1 1 0 0 0 0 1 1 0 0 0 0 0 0
100	18	0 0 0 0 1 0 0 0 0 0 0 0 1 1 0 1 0 0 1 0
100	2	0 0 0 0 1 0 0 0 0 0 0 0 1 1 0 1 0 1 1 0
100	2	0 1 0 0 0 1 1 0 0 0 0 0 0 0 0 0 0 0 0 0
100	40	0 1 1 0 0 0 0 0 0 0 0 0 0 1 0 1 0 0 1 0
100	4	0 0 0 1 0 0 0 0 0 0 0 0 0 1 0 0 1 0 0 0
100	24	0 0 1 0 0 0 0 1 0 0 0 0 1 1 0 0 0 0 0 0
100	27	0 1 0 0 0 0 0 0 0 0 0 0 1 1 0 0 0 0 0 0
100	1	0 0 0 0 0 1 0 0 0 0 1 0 0 1 0 0 0 0 0 0
100	1	0 0 1 0 0 0 1 1 0 0 0 0 0 1 0 0 0 0 0 0
100	11	0 0 1 0 0 0 1 0 0 1 0 0 0 1 0 0 0 0 0 0
100	19	0 0 0 0 1 0 0 0 0 0 0 0 1 1 0 0 0 0 1 0
100	6	0 0 0 0 0 0 0 1 0 0 0 0 1 1 0 0 0 0 0 0
100	12	0 1 0 0 0 0 0 0 0 0 0 0 0 1 0 0 0 0 1 0
100	4	0 1 0 0 0 0 0 0 0 0 0 0 0 0 0 0 0 0 0 0
100	4	0 1 0 0 0 0 1 0 0 0 1 0 0 1 0 0 0 0 0 0
100	7	1 1 0 0 0 1 1 0 0 0 0 0 0 0 0 0 0 0 0 0
100	7	0 0 1 0 0 0 0 0 0 0 0 0 0 1 0 1 0 0 1 0
100	47	0 1 0 0 0 1 1 0 0 0 0 0 1 0 0 0 0 0 0 0
100	16	0 1 0 0 0 0 1 1 0 0 0 0 0 1 0 0 0 0 0 0
100	4	0 0 0 0 0 0 0 0 0 0 0 0 0 1 0 0 0 1 0 0
100	14	0 0 1 0 0 0 0 1 0 0 1 0 0 1 1 0 0 0 1 0
100	4	0 0 1 0 0 0 0 0 0 0 0 0 0 1 0 0 0 0 1 0
100	5	0 1 1 0 0 0 0 0 0 0 0 0 0 1 0 0 0 0 0 0
100	10	0 0 1 0 1 0 0 0 0 0 0 0 0 1 0 0 0 0 0 0
100	2	0 0 1 0 0 0 0 0 0 0 0 0 0 1 0 0 1 0 0 0
100	9	0 0 0 1 0 1 0 1 0 0 0 0 0 1 0 0 0 0 1 0
100	11	0 0 0 0 0 1 1 1 0 0 0 0 1 1 0 0 0 0 0 0
100	7	0 0 1 0 0 0 1 0 0 0 0 0 0 1 0 0 0 1 0 0
100	9	0 0 1 0 0 1 0 0 0 0 0 1 0 1 0 1 0 0 1 0
100	1	0 0 0 0 0 1 0 1 0 0 1 1 0 1 0 0 0 0 1 0
100	13	0 1 0 1 0 0 0 0 0 0 0 0 0 1 0 0 0 0 0 0
100	12	0 0 1 0 0 0 1 0 0 1 0 0 1 1 0 1 0 0 1 0
100	6	0 0 1 0 0 0 0 0 0 0 1 0 0 1 0 0 0 0 0 0
100	45	0 1 0 0 0 1 1 1 0 1 0 0 1 1 0 0 0 0 0 0
100	1	0 0 1 0 0 0 1 0 1 0 0 0 0 1 0 0 0 0 0 0
100	6	1 1 0 0 0 0 0 0 0 0 0 0 0 1 0 0 0 0 0 0
100	3	0 0 0 0 1 0 0 1 0 1 0 0 1 1 0 1 0 0 1 0
100	6	0 0 0 0 0 0 1 0 1 0 0 1 0 1 0 0 0 0 0 0
100	2	0 1 0 0 0 0 0 0 0 0 0 0 1 1 1 0 0 0 0 0
100	5	0 1 0 0 0 0 0 0 0 0 0 0 1 1 0 0 0 0 1 0
100	3	0 0 0 0 0 1 0 0 0 0 0 0 0 1 0 0 0 0 0 1
100	30	0 0 0 1 0 1 0 0 0 0 0 0 0 1 0 0 0 0 0 0
100	9	0 0 0 1 0 0 0 0 0 1 0 0 0 1 0 0 0 0 0 0
100	3	0 0 0 0 1 0 0 0 0 0 0 0 0 1 0 1 0 0 1 0
100	2	0 0 1 0 0 0 0 1 0 0 0 0 1 1 0 0 0 0 0 1
100	4	0 0 1 1 0 1 0 1 0 0 0 0 0 1 0 1 0 0 0 0
100	9	0 0 0 0 1 0 0 0 0 0 0 0 1 1 1 1 0 1 1 0
100	1	0 1 1 0 0 0 0 0 0 0 0 0 0 1 0 1 1 0 1 0
100	8	0 0 1 0 0 0 0 0 1 0 0 0 0 1 0 1 0 0 0 0
100	1	0 1 0 0 0 1 0 0 0 0 0 0 1 1 0 1 0 0 1 0
100	2	0 0 0 0 0 1 0 1 0 0 0 1 0 1 0 0 0 0 1 1
100	14	0 0 1 0 0 0 1 0 0 0 0 0 0 0 0 0 0 1 0 0
100	6	0 0 1 0 0 0 0 1 0 0 1 0 0 1 0 0 0 0 0 0
100	7	0 0 0 0 0 1 0 0 0 0 0 1 0 1 0 0 0 0 0 0
100	20	0 0 0 1 0 1 0 1 0 0 0 0 1 1 0 0 0 0 1 0
100	15	0 1 0 0 0 1 1 1 0 1 0 0 0 1 0 1 0 0 1 0
100	1	0 0 0 0 0 0 0 0 0 0 1 0 0 1 0 0 0 0 0 0
100	6	0 0 0 0 0 0 0 0 0 0 0 0 0 1 1 0 0 0 0 0
100	6	0 0 1 0 1 1 0 0 0 0 0 0 0 1 0 0 0 0 0 0
100	1	0 0 0 0 0 0 0 0 0 1 0 0 0 1 0 1 0 0 0 0
100	3	0 0 0 0 1 0 0 0 0 0 0 0 0 1 0 0 0 0 0 0
100	2	0 0 0 0 0 0 1 0 0 1 0 0 0 1 0 0 0 0 1 0
100	5	0 0 0 0 0 1 0 0 0 0 0 0 0 1 0 0 1 0 0 0
100	2	0 0 1 0 1 0 0 0 0 0 0 0 0 0 0 0 0 0 0 0
100	1	0 0 1 0 0 0 1 0 0 0 0 0 1 1 0 1 0 1 1 0
100	4	0 0 1 0 0 0 1 0 0 0 0 0 1 1 0 0 0 0 1 0
100	6	0 0 1 1 0 0 0 0 0 0 0 0 0 1 0 0 0 0 0 0
100	4	0 1 0 0 0 0 0 0 0 0 0 0 0 1 0 0 0 1 0 0
100	6	0 0 1 0 0 0 1 0 0 1 0 0 1 1 0 1 1 0 1 0
100	8	0 0 1 0 0 0 1 1 0 1 0 0 1 1 0 0 0 0 0 0
100	6	0 0 1 1 0 1 0 1 0 0 0 0 0 1 0 0 0 0 0 0
100	2	0 0 1 0 0 0 1 0 0 1 0 0 1 1 0 0 0 0 0 0
100	1	0 0 0 0 0 0 0 0 0 0 0 0 0 1 0 1 0 0 1 0
100	4	0 0 0 1 0 1 0 1 0 0 0 0 0 1 0 1 0 0 1 0
100	2	0 1 1 0 0 0 0 1 0 0 0 0 0 1 0 1 0 0 1 0
100	1	0 0 1 0 0 0 0 1 0 0 1 0 0 1 0 0 0 0 1 0
100	2	0 0 1 0 0 0 1 0 0 0 0 0 0 1 0 1 0 0 1 0
100	1	1 0 0 1 0 0 0 0 0 0 0 0 0 1 0 0 0 0 0 0
100	5	0 1 1 0 0 0 0 0 0 0 0 0 1 1 0 1 0 0 1 0
100	7	0 0 0 0 0 1 0 0 0 0 0 1 0 1 0 1 0 0 0 0
100	4	0 0 0 0 0 0 0 1 0 0 1 0 0 1 1 0 0 0 1 0
100	4	1 1 1 0 0 0 0 0 0 0 0 0 0 1 0 1 0 0 1 0
100	4	0 0 0 1 0 0 0 1 0 0 0 0 0 1 0 0 1 0 0 0
100	2	0 1 1 0 0 0 0 0 0 0 0 0 1 1 0 0 0 0 0 0
100	1	0 0 0 0 1 0 0 0 0 0 0 0 0 1 0 0 0 0 1 0
100	5	0 0 1 0 0 0 0 0 0 0 0 0 0 0 0 0 0 0 0 0
100	5	0 0 1 0 0 0 0 1 0 0 0 0 0 1 0 0 0 0 0 0
100	1	0 1 1 0 0 0 0 0 1 0 0 0 0 1 0 1 0 0 1 0
100	1	0 1 1 0 0 0 0 0 0 1 0 0 0 1 0 1 0 0 1 0
100	4	0 0 1 0 0 0 1 0 0 0 0 0 0 1 0 0 0 1 1 0
100	2	0 0 0 0 0 0 0 1 0 0 1 0 0 1 0 0 0 0 1 0
100	2	0 0 1 0 0 0 1 0 0 0 0 0 1 1 1 1 0 1 1 0
100	3	0 0 0 0 1 0 0 0 0 0 0 0 1 0 0 1 0 0 1 0
100	3	0 1 0 1 0 0 1 1 0 0 0 0 0 1 0 0 0 0 0 0
100	4	0 1 0 0 1 1 1 1 0 1 0 0 1 1 0 0 0 0 0 0
100	1	0 1 1 0 0 1 1 1 0 1 0 0 1 1 0 0 0 0 0 0
100	3	0 0 0 0 0 1 0 1 0 0 0 1 0 1 0 0 0 0 1 0
100	3	0 0 1 1 0 1 0 0 0 1 0 0 0 1 0 1 0 0 1 0
100	3	0 0 0 0 1 0 0 0 0 0 0 0 1 1 0 1 0 0 0 0
100	3	0 0 0 0 1 0 0 0 0 0 0 0 1 1 0 0 0 0 0 0
100	1	0 1 0 0 0 1 1 1 0 1 0 0 0 1 0 0 0 0 0 0
100	3	0 0 1 0 0 0 0 1 0 0 1 0 0 1 0 1 0 0 0 0
100	4	0 0 0 0 0 0 0 0 0 0 0 0 0 0 0 0 0 0 0 0
100	1	0 1 0 0 0 0 0 0 0 0 1 0 0 1 0 0 0 0 0 0
100	1	1 0 1 0 1 0 0 0 0 0 0 0 0 1 0 0 0 0 0 0
100	2	0 1 0 0 0 1 1 1 0 1 0 0 1 1 0 0 1 0 0 0
100	1	0 1 0 0 0 1 1 0 0 1 0 0 1 1 0 0 0 0 0 0
100	2	0 0 0 1 1 0 0 1 0 1 0 0 1 1 0 1 0 0 1 0
100	4	0 0 1 0 0 0 1 1 0 1 0 0 1 1 1 0 0 0 0 0
100	2	0 0 1 0 0 0 0 1 0 0 0 0 0 1 0 1 0 0 1 0
100	2	0 1 0 0 1 0 0 0 0 0 0 0 0 1 0 0 0 0 0 0
100	1	0 0 0 0 0 1 0 0 0 0 0 0 0 0 0 0 0 0 0 0
100	4	0 0 0 0 0 1 0 1 0 0 0 0 0 1 0 0 0 0 0 0
100	1	1 0 1 0 0 0 0 0 0 0 0 0 0 1 0 0 0 0 0 0
100	1	0 0 1 0 0 0 0 0 1 0 0 0 0 1 0 0 0 1 0 0
100	1	0 1 0 0 0 1 0 0 0 0 0 0 1 1 0 0 0 0 0 0
100	1	0 0 0 0 1 0 0 0 0 0 0 0 1 1 0 0 1 0 1 0
100	1	0 1 0 0 0 1 1 0 0 0 0 0 1 0 0 0 0 1 0 0
100	1	0 0 0 0 0 0 0 0 0 0 0 0 0 1 0 0 0 1 0 1
100	1	0 0 0 0 0 0 0 0 0 0 0 1 0 1 0 0 0 1 0 0
100	1	0 0 1 0 0 0 0 0 0 0 0 0 0 1 0 0 1 0 1 0
100	2	0 0 0 0 0 1 0 1 0 0 1 0 0 1 0 0 0 0 1 0
100	1	0 0 0 0 0 1 0 0 0 0 0 1 0 1 0 0 0 1 0 0
100	1	0 0 1 0 0 0 1 1 0 0 1 0 0 1 1 0 0 0 1 1
100	2	0 0 0 0 0 1 0 0 0 0 0 1 1 1 0 1 0 0 0 0
100	1	1 1 1 0 0 0 1 0 0 0 0 0 0 1 0 1 0 0 1 0
100	1	0 0 1 0 1 0 1 0 0 0 0 0 0 1 0 0 0 1 1 0
150	2	0 0 1 0 0 0 0 0 0 0 0 0 0 1 0 0 0 0 0 0
150	3	0 0 0 0 0 1 0 0 0 0 0 0 0 1 0 0 0 0 0 0
150	64	0 1 1 0 0 0 0 0 0 0 0 0 0 1 0 1 0 0 1 0
150	19	0 0 1 0 0 0 0 1 0 0 0 0 1 1 0 0 0 0 0 0
150	41	0 1 0 0 0 0 0 0 0 0 0 0 1 1 0 0 0 0 0 0
150	20	0 0 1 0 1 0 0 0 0 0 0 0 0 1 0 0 0 0 0 0
150	5	0 1 0 1 0 0 0 0 0 0 0 0 0 1 0 0 0 0 0 0
150	35	0 1 0 0 0 1 1 1 0 1 0 0 1 1 0 0 0 0 0 0
150	16	1 1 1 0 0 0 0 0 0 0 0 0 0 1 0 1 0 0 1 0
150	23	0 1 1 0 0 0 0 0 0 0 0 0 1 1 0 0 0 0 0 0
150	6	0 0 1 0 0 0 1 1 0 1 0 0 1 1 1 0 0 0 0 0
150	32	0 1 1 0 0 0 0 1 0 0 0 0 1 1 0 0 0 0 0 0
150	11	0 1 0 1 0 1 1 1 0 1 0 0 1 1 0 0 0 0 0 0
150	39	1 1 1 1 0 1 0 1 0 0 0 0 0 1 0 1 0 0 0 0
150	17	0 0 1 0 0 0 1 0 0 0 0 0 0 1 0 1 0 0 0 0
150	20	0 1 0 1 0 1 1 1 0 1 0 0 1 1 0 1 0 0 0 0
150	78	0 0 1 1 0 1 1 1 0 1 0 0 1 1 0 0 0 0 0 0
150	10	0 0 1 0 0 0 0 1 0 0 0 0 1 1 0 0 0 0 0 1
150	2	0 1 0 1 0 0 1 1 0 0 0 0 1 1 0 0 0 0 0 1
150	5	0 1 1 0 0 0 0 1 0 0 0 0 0 1 0 1 0 0 1 0
150	1	0 1 0 0 0 0 0 0 0 0 0 0 0 1 0 0 1 0 0 0
150	3	0 0 1 0 0 0 0 0 0 0 0 0 0 1 1 0 0 0 0 0
150	17	1 1 1 1 0 1 0 1 0 0 1 0 0 1 0 1 0 0 0 0
150	6	1 0 1 0 0 0 0 1 0 0 0 0 1 1 0 0 0 0 0 0
150	1	0 1 0 1 0 1 1 1 0 1 0 0 1 1 0 0 0 0 1 0
150	19	0 0 1 0 0 0 0 0 0 0 0 1 0 1 0 0 0 0 0 0
150	4	0 0 0 0 0 1 0 0 1 0 0 1 1 1 0 1 0 0 0 0
150	5	0 1 0 0 0 0 1 1 0 1 0 0 1 1 1 0 0 0 0 0
150	9	0 0 1 0 0 1 0 1 0 0 0 0 1 1 1 0 0 0 0 0
150	7	0 0 1 0 1 1 0 1 0 0 0 0 0 1 0 0 0 0 0 0
150	15	0 0 1 0 1 0 0 1 0 0 0 0 1 1 0 0 0 0 0 0
150	30	0 1 0 0 0 1 1 1 0 1 0 0 1 1 1 0 0 0 0 0
150	9	0 0 0 1 0 1 1 0 0 1 0 0 1 1 0 1 0 1 0 0
150	5	0 0 0 0 0 0 0 1 0 0 0 0 1 1 0 1 0 0 0 0
150	11	1 1 1 0 0 0 0 0 1 0 0 1 1 1 0 0 0 0 0 0
150	8	0 0 1 1 0 0 0 0 0 0 0 0 0 1 0 0 0 0 0 0
150	4	0 1 0 0 0 0 0 0 0 0 0 1 1 1 0 0 0 0 0 0
150	13	0 1 1 1 0 0 0 0 0 0 0 0 0 1 0 0 0 0 0 0
150	11	0 0 1 0 0 0 0 0 0 0 0 1 0 1 0 1 0 0 0 0
150	19	0 1 1 0 0 0 0 0 0 0 1 0 0 1 0 0 0 0 0 0
150	2	0 1 0 0 0 0 0 0 0 0 0 0 1 0 0 0 0 0 0 0
150	7	1 0 1 0 0 1 1 1 0 1 0 0 1 1 0 0 0 0 0 0
150	4	0 1 0 1 0 0 1 1 0 0 0 0 1 1 0 0 0 1 0 1
150	7	0 0 0 0 0 1 0 0 0 0 0 0 1 1 0 0 0 0 0 0
150	8	0 0 1 0 0 0 0 1 0 1 0 0 1 1 1 0 0 0 0 0
150	7	0 0 1 0 0 0 0 0 0 0 1 1 0 1 0 0 0 0 0 0
150	5	1 1 0 0 0 0 0 0 0 0 0 0 1 1 1 0 0 0 0 0
150	3	0 1 1 0 0 0 0 0 0 0 1 0 1 1 0 1 0 0 1 0
150	6	1 1 1 0 0 0 0 0 0 0 0 0 1 1 0 0 0 0 0 0
150	9	1 1 1 0 0 0 0 0 0 0 0 0 0 1 0 1 0 0 0 0
150	5	0 0 1 0 0 1 0 1 0 0 0 0 0 1 1 0 0 0 0 0
150	1	1 0 1 0 0 0 0 0 0 0 0 0 0 1 0 0 0 0 0 0
150	27	0 0 1 1 0 1 1 1 0 1 0 0 1 1 0 0 0 1 0 0
150	5	0 0 1 0 1 0 0 1 0 0 0 0 0 1 0 0 1 0 0 0
150	1	0 1 1 1 0 1 1 1 0 1 0 0 1 1 0 0 1 0 0 0
150	35	0 1 0 1 0 0 0 1 0 0 0 0 1 1 0 0 0 0 0 0
150	2	1 1 1 1 0 1 0 1 0 0 0 0 1 1 0 0 0 0 0 0
150	5	0 0 1 0 0 0 0 1 0 0 0 0 0 1 0 1 0 0 0 0
150	3	0 1 0 0 0 1 1 1 0 0 0 0 1 0 0 0 0 0 0 0
150	2	1 1 1 1 0 1 0 1 0 0 1 0 0 1 0 1 1 0 0 0
150	6	0 0 1 0 1 0 0 1 0 0 0 0 1 1 0 0 0 0 0 1
150	2	0 1 1 0 0 0 0 0 0 0 1 0 0 1 0 0 1 0 0 0
150	2	0 1 0 0 0 1 1 1 0 0 0 0 0 1 0 0 1 0 0 0
150	7	0 1 1 0 0 1 1 0 0 0 0 0 1 0 0 0 0 0 0 0
150	2	0 0 0 0 0 1 1 0 0 0 0 0 1 0 0 0 0 0 0 1
150	3	0 1 0 0 0 0 0 0 0 0 0 0 1 1 0 1 0 0 1 0
150	4	0 0 1 0 1 0 0 0 0 1 0 0 1 1 1 0 0 0 0 0
150	9	1 1 1 1 0 1 0 1 0 0 1 0 0 1 0 0 0 0 0 0
150	2	0 0 1 0 1 1 0 1 0 0 0 0 1 1 0 0 0 0 0 1
150	3	0 1 0 0 0 0 0 0 0 0 0 0 0 1 0 0 0 0 1 0
150	1	0 0 1 0 0 1 1 1 1 1 0 0 0 1 0 0 0 0 0 0
150	4	0 1 1 0 0 1 1 0 0 0 0 0 1 0 0 0 0 0 0 1
150	1	0 1 1 1 0 0 0 0 0 0 1 0 0 1 0 0 0 0 0 0
150	2	0 1 1 0 0 0 0 0 0 0 0 0 0 1 0 0 0 0 0 0
150	4	0 0 1 0 0 0 0 0 0 1 0 0 1 1 0 0 0 0 0 0
150	16	1 1 1 1 0 1 0 1 0 0 1 0 0 0 0 0 0 0 0 0
150	3	1 1 1 0 0 1 0 0 0 0 0 0 0 1 0 1 0 0 1 0
150	2	0 0 1 0 0 0 1 1 0 0 0 0 1 1 1 0 0 0 0 0
150	10	0 1 1 0 0 0 0 1 1 0 0 0 1 1 0 0 0 0 0 0
150	1	1 1 1 1 1 1 0 1 0 0 1 0 0 1 0 1 1 0 0 0
150	1	1 1 1 0 0 1 1 1 0 1 0 0 1 1 0 0 0 0 0 0
150	2	0 0 1 1 0 1 1 1 0 1 0 0 0 1 1 0 0 0 0 0
150	1	0 1 0 0 1 1 1 0 1 0 0 0 1 0 0 0 0 0 0 0
150	7	0 0 1 0 0 0 0 1 0 0 1 0 1 1 0 0 0 0 0 0
150	3	1 0 1 1 0 1 1 1 0 1 0 0 1 1 0 0 0 0 0 0
150	5	0 0 0 1 0 1 1 0 0 1 0 0 1 1 0 0 0 0 0 0
150	1	1 1 1 0 0 0 0 0 1 0 0 1 1 1 0 0 0 0 1 0
150	3	0 1 1 0 0 0 0 0 0 0 0 0 1 0 0 0 0 0 0 1
150	1	0 0 1 0 0 1 1 0 0 1 0 0 1 1 0 1 0 1 0 0
150	2	0 0 1 0 1 0 0 0 0 1 0 0 0 1 0 0 0 0 0 0
150	2	0 0 1 1 0 1 1 1 1 1 0 0 1 1 0 0 0 0 0 0
150	4	0 1 0 0 0 1 1 1 0 1 0 0 1 1 1 0 0 0 0 1
150	4	0 1 0 1 0 1 0 0 0 1 0 0 1 1 1 0 0 0 0 0
150	1	0 1 1 0 0 1 1 0 0 0 0 1 0 1 0 0 0 0 0 0
150	3	0 1 1 0 0 0 0 0 0 0 0 0 0 1 1 1 0 0 1 0
150	1	0 1 1 0 0 0 0 0 0 0 0 0 0 1 0 1 1 0 1 0
150	2	0 1 0 1 0 0 0 0 0 0 0 0 1 1 0 0 0 0 0 0
150	4	0 0 1 0 1 1 0 0 0 0 0 0 0 1 0 0 0 0 0 0
150	1	1 1 1 0 0 0 0 0 0 1 0 0 0 1 0 1 0 0 1 0
150	3	0 1 0 0 0 1 1 0 0 1 0 0 1 1 1 0 0 0 0 0
150	1	0 1 1 0 1 0 0 0 0 0 1 0 0 1 0 0 1 0 0 0
150	4	0 0 1 0 0 1 1 0 0 1 0 0 1 0 0 0 0 0 0 1
150	6	0 1 0 0 0 0 0 0 1 0 0 1 1 1 0 0 0 0 1 0
150	6	0 0 1 0 0 1 0 1 0 0 0 0 1 1 0 0 0 0 0 0
150	2	0 0 1 1 0 0 0 0 0 0 0 0 0 1 0 0 0 0 1 0
150	1	0 0 1 1 0 0 0 0 0 0 0 0 1 1 0 0 0 0 0 0
150	2	0 1 1 1 0 1 1 1 0 1 0 0 1 1 0 0 0 0 0 0
150	3	0 1 1 1 0 0 0 0 0 0 1 0 0 1 0 0 0 0 0 1
150	4	0 1 0 0 1 1 1 1 1 1 0 0 0 1 0 0 0 0 0 0
150	2	0 0 1 0 0 0 1 1 0 1 0 0 1 1 1 1 0 0 0 0
150	1	0 1 0 1 0 1 1 1 0 1 0 0 1 1 0 1 0 0 1 0
150	3	0 1 0 0 0 0 1 0 0 1 0 0 1 1 1 0 0 0 0 0
150	1	0 1 0 0 0 0 0 0 0 0 1 0 0 1 0 0 0 0 0 0
150	2	0 1 1 0 1 0 0 0 0 0 0 0 0 1 1 1 0 0 1 0
150	1	0 0 1 0 0 1 0 1 0 0 0 0 1 1 1 1 0 0 1 0
150	1	0 0 1 0 0 0 0 1 0 0 1 0 0 1 0 0 0 0 0 0
150	2	1 1 0 1 0 0 1 1 0 0 0 0 1 1 0 0 0 1 0 1
150	1	0 0 1 0 1 0 0 1 0 1 0 0 0 1 0 0 1 0 0 0
150	1	0 1 1 0 1 0 0 0 0 0 0 0 0 1 0 0 0 0 0 0
150	2	0 1 1 1 0 1 1 1 0 1 0 0 1 1 0 0 0 1 0 0
150	4	0 1 0 0 0 0 0 0 0 0 0 0 0 1 0 1 0 0 1 0
150	1	0 1 0 0 0 1 1 1 0 1 0 0 0 1 0 0 0 0 0 0
150	1	0 1 1 0 0 0 1 1 0 1 0 0 1 1 1 0 0 0 0 0
150	1	1 1 1 1 0 1 0 1 0 0 0 0 0 1 0 0 0 0 0 0
150	1	0 0 1 1 0 1 1 1 0 0 0 0 0 1 1 1 0 0 1 0
150	1	0 0 1 1 0 1 1 1 0 1 0 0 1 0 0 0 0 0 0 1
150	3	0 0 0 0 0 0 0 0 0 0 0 1 0 1 0 0 0 0 0 0
150	1	0 0 1 1 0 0 0 0 0 0 0 0 0 1 0 1 0 0 1 0
150	1	0 0 1 1 0 1 0 0 0 0 0 0 0 1 0 0 0 0 0 0
150	1	0 1 1 0 0 1 1 0 0 1 0 0 1 1 0 0 0 0 0 0
150	1	1 1 1 1 0 1 0 1 0 0 0 1 0 1 0 0 0 0 0 0
150	1	1 1 1 1 0 1 0 1 0 0 0 0 0 1 0 1 0 0 1 0
150	1	0 0 1 0 0 1 0 1 0 0 0 0 1 1 0 0 0 0 0 1
150	2	0 0 0 0 0 0 0 0 1 0 0 1 1 1 0 1 0 0 0 0
150	3	0 0 1 0 1 1 0 1 0 0 0 0 0 1 0 1 0 0 0 0
150	3	0 0 1 0 1 1 0 1 0 0 1 0 0 1 0 0 0 0 0 0
150	3	1 1 1 0 0 0 0 0 1 0 0 0 0 1 0 1 0 0 0 0
150	1	0 1 0 0 0 1 1 1 0 0 0 0 0 1 0 1 1 0 0 0
200	17	0 1 1 0 0 0 0 1 0 0 0 0 1 1 0 0 0 0 0 0
200	85	0 0 1 1 0 1 1 1 0 1 0 0 1 1 0 0 0 0 0 0
200	15	0 0 1 0 0 1 0 1 0 0 0 0 1 1 1 0 0 0 0 0
200	8	0 1 1 1 0 0 0 0 0 0 0 0 0 1 0 0 0 0 0 0
200	8	1 1 0 0 0 0 0 0 0 0 0 0 1 1 1 0 0 0 0 0
200	4	0 0 1 1 0 1 1 1 0 1 0 0 1 1 0 0 0 1 0 0
200	32	0 1 0 1 0 0 0 1 0 0 0 0 1 1 0 0 0 0 0 0
200	13	0 1 1 0 0 1 1 0 0 0 0 0 1 0 0 0 0 0 0 0
200	15	0 0 1 0 1 0 0 0 0 1 0 0 1 1 1 0 0 0 0 0
200	8	1 1 1 1 0 1 0 1 0 0 1 0 0 1 0 0 0 0 0 0
200	16	0 1 1 0 0 0 0 1 1 0 0 0 1 1 0 0 0 0 0 0
200	32	0 1 1 1 0 1 1 1 0 1 0 0 1 1 0 0 0 0 0 0
200	12	0 1 0 0 0 1 1 1 0 1 0 0 0 1 0 0 0 0 0 0
200	29	1 1 1 0 0 0 0 0 1 0 0 0 0 1 0 1 0 0 0 0
200	23	0 1 0 1 0 1 1 1 1 1 0 0 1 1 0 1 0 0 0 0
200	14	1 1 1 1 0 1 1 1 0 1 0 0 1 1 0 0 0 0 0 0
200	35	1 1 1 1 0 0 0 1 0 0 0 0 0 1 0 1 0 0 0 0
200	25	0 0 1 1 0 1 1 0 0 1 0 0 1 1 0 1 0 1 0 0
200	29	0 0 1 1 0 1 1 1 0 1 0 0 1 1 1 1 0 0 0 0
200	1	0 1 0 0 0 0 0 1 0 0 1 0 1 1 0 0 0 0 0 0
200	2	0 0 1 1 0 0 0 1 0 0 0 0 1 1 1 0 0 0 0 0
200	16	0 1 0 0 0 1 1 1 0 1 0 0 1 1 0 1 0 0 0 0
200	2	1 1 0 0 1 0 0 0 0 0 0 0 1 1 0 0 0 0 0 0
200	5	1 0 1 0 0 1 0 0 0 0 0 0 0 1 0 1 0 0 0 0
200	1	0 1 0 1 0 0 1 1 0 0 0 0 1 1 0 0 0 0 0 0
200	1	0 1 0 1 0 1 1 0 0 1 1 0 1 1 0 0 0 0 1 0
200	13	0 0 1 0 1 1 0 1 0 0 1 0 1 1 0 0 0 0 0 0
200	3	0 0 0 1 1 0 0 0 0 1 0 0 1 1 1 0 0 0 0 0
200	13	0 1 0 0 1 0 0 0 0 1 0 0 1 1 1 0 0 0 0 0
200	12	0 0 1 1 0 1 1 1 1 1 0 0 1 1 0 0 0 0 0 0
200	2	0 1 1 0 0 1 0 1 0 0 0 0 0 1 1 0 0 0 0 0
200	2	1 1 1 1 0 0 1 1 0 1 0 0 1 1 0 0 0 0 0 0
200	17	1 1 1 1 0 0 0 1 0 0 0 0 0 1 0 0 0 0 0 0
200	9	1 1 0 0 0 1 1 1 0 1 0 0 1 1 0 0 0 0 0 0
200	5	0 0 1 0 0 1 0 0 0 0 0 0 0 1 0 1 0 0 1 0
200	7	0 0 0 1 1 1 1 0 0 1 0 0 1 1 0 0 0 0 0 0
200	21	0 1 0 0 0 1 1 1 0 1 0 0 1 1 0 0 0 0 1 0
200	29	0 1 1 0 0 0 0 0 0 0 0 0 0 1 0 0 0 0 0 0
200	7	1 1 0 0 0 0 0 0 0 0 0 0 0 1 0 0 0 0 0 0
200	2	0 0 1 0 1 1 0 1 0 0 1 1 1 1 0 0 0 0 0 0
200	5	0 1 1 0 0 0 0 0 0 0 0 0 1 1 1 0 0 0 0 0
200	7	0 0 1 1 0 0 0 1 0 0 0 0 1 1 0 0 0 0 0 0
200	6	0 1 0 1 0 0 0 0 1 0 0 1 1 0 0 0 0 0 0 0
200	5	1 1 1 0 0 0 0 0 0 0 0 0 0 1 0 0 0 0 0 0
200	3	0 0 1 1 0 0 0 1 0 0 0 0 1 1 0 0 0 0 1 0
200	22	0 1 0 1 0 0 0 1 0 0 0 0 0 1 1 0 0 0 1 0
200	7	1 1 0 0 0 1 1 1 0 1 0 0 1 0 0 0 0 0 0 0
200	18	0 0 0 1 0 1 1 1 0 1 0 0 1 1 0 0 0 0 0 0
200	34	1 1 1 1 0 0 1 0 0 1 1 0 1 1 0 0 0 0 0 0
200	1	0 1 0 0 0 0 0 0 1 0 0 0 0 1 0 1 0 0 0 0
200	2	0 1 0 1 0 1 1 0 0 1 0 0 0 1 0 0 0 0 0 0
200	2	0 0 1 0 1 1 1 1 0 1 0 0 1 1 0 0 0 0 0 0
200	1	0 1 1 1 0 0 0 1 0 0 1 0 0 1 1 0 0 0 0 0
200	7	1 1 1 1 0 0 0 1 1 0 0 0 1 1 0 0 0 0 0 0
200	18	1 1 1 1 0 0 0 1 0 1 0 0 1 1 0 0 0 0 0 0
200	12	0 1 1 1 0 1 1 0 0 0 0 0 1 0 0 0 0 0 0 0
200	6	0 1 0 1 0 1 1 0 0 1 1 0 1 1 0 1 0 0 0 0
200	1	0 0 0 1 0 0 1 1 0 1 0 0 1 1 0 0 0 0 0 0
200	5	0 0 1 1 0 1 1 1 1 0 0 0 0 1 0 1 0 0 0 0
200	19	1 1 1 1 0 0 1 1 0 0 0 0 1 1 1 0 0 0 0 0
200	17	0 1 1 0 0 0 0 0 1 0 0 0 0 1 0 1 0 0 0 0
200	2	1 1 1 1 0 0 0 1 1 0 0 0 0 1 0 1 0 0 0 0
200	8	0 0 1 1 0 1 1 1 0 1 0 0 1 1 1 1 0 0 0 1
200	17	0 0 1 1 0 1 1 1 1 0 0 0 0 1 0 0 0 0 0 0
200	11	0 1 0 0 0 0 0 1 0 0 0 0 1 1 0 0 0 0 0 0
200	3	0 1 1 0 0 0 0 1 1 0 0 0 1 1 1 0 0 0 0 0
200	4	1 1 0 0 0 0 0 0 0 0 0 0 0 1 0 1 0 0 0 0
200	3	1 1 1 1 0 1 0 1 0 0 0 0 1 1 0 1 1 0 0 0
200	3	0 1 1 0 0 1 1 1 0 1 0 0 1 1 0 1 0 0 0 0
200	3	0 0 0 1 1 0 0 0 0 0 0 0 1 1 1 0 0 0 0 0
200	1	0 1 0 0 1 0 0 0 0 1 0 0 1 1 0 0 0 0 0 0
200	2	0 0 1 0 0 1 1 0 0 0 0 0 1 0 0 0 1 0 0 1
200	1	0 0 1 1 0 1 1 1 0 1 1 0 1 1 0 0 0 0 0 0
200	3	0 1 0 0 0 1 1 1 0 1 0 0 1 1 0 1 0 1 0 0
200	1	0 0 1 0 1 1 0 1 0 0 0 0 1 1 0 0 0 0 0 0
200	2	0 1 0 1 0 0 0 1 0 0 0 0 1 1 0 0 1 0 0 0
200	1	1 1 0 1 0 1 1 1 1 1 0 0 1 1 0 1 0 0 0 0
200	5	0 0 1 1 0 1 1 0 0 1 0 0 1 1 0 1 0 0 0 0
200	1	0 0 1 0 1 1 0 1 0 0 1 0 0 1 0 1 0 0 0 0
200	4	0 0 0 1 0 1 1 1 0 1 0 0 1 0 0 0 0 0 0 0
200	8	1 1 1 1 0 0 1 0 0 0 1 0 1 1 0 0 0 0 0 0
200	2	0 1 1 0 0 1 0 1 1 0 0 0 1 1 0 1 0 0 0 0
200	1	1 1 0 1 0 0 0 0 0 0 0 0 0 1 0 1 0 0 0 0
200	2	0 0 1 1 0 1 0 1 0 0 1 0 1 1 0 0 0 0 0 0
200	3	0 1 1 0 0 1 1 0 0 0 0 0 1 1 0 0 0 0 0 0
200	2	0 0 1 0 0 0 0 1 0 0 0 0 0 1 1 0 0 0 1 0
200	2	0 1 0 0 0 1 1 0 0 0 0 0 1 0 0 0 0 0 0 0
200	3	0 0 1 0 1 0 0 0 1 1 0 0 1 1 1 0 0 0 0 0
200	4	1 1 1 1 0 0 0 0 0 0 0 0 0 1 0 1 0 0 0 0
200	6	0 1 1 0 0 1 0 1 0 0 0 0 0 1 1 0 0 0 1 0
200	6	0 0 1 0 1 1 0 1 1 0 1 1 1 1 0 0 0 0 0 0
200	6	0 1 1 0 0 0 0 0 0 0 1 0 1 1 1 0 0 0 0 0
200	7	0 0 0 1 0 0 0 1 0 0 0 0 1 1 0 0 0 0 1 0
200	3	0 1 0 1 0 0 0 1 0 0 0 1 0 1 1 0 0 0 1 0
200	1	1 1 0 1 0 0 1 0 0 1 1 0 1 1 0 0 0 0 0 0
200	5	0 1 0 1 0 1 1 0 0 1 1 0 1 0 0 1 0 0 0 0
200	1	0 1 0 0 0 1 1 1 0 0 0 0 1 0 0 0 1 0 0 0
200	1	0 1 0 1 0 0 0 1 0 0 0 0 0 1 0 0 0 0 0 0
200	2	0 1 0 0 0 0 0 0 0 0 0 0 0 1 0 0 0 0 0 0
200	4	1 0 1 0 0 1 0 1 0 0 0 0 1 1 1 0 0 0 0 0
200	2	1 1 1 0 0 0 0 0 1 0 0 0 0 1 0 1 0 1 0 0
200	3	0 1 0 0 0 1 1 1 1 1 0 0 1 1 0 1 0 0 0 0
200	1	0 1 1 1 0 0 0 1 0 0 0 0 0 1 0 1 0 0 0 0
200	1	1 1 0 0 0 1 1 1 0 1 0 0 1 1 0 0 0 1 0 0
200	1	1 1 1 1 0 0 0 1 0 0 0 0 0 1 0 0 1 1 0 0
200	2	0 1 0 1 0 1 1 0 0 1 0 0 0 1 1 0 0 0 0 0
200	6	0 0 1 1 0 1 1 1 0 1 0 0 1 1 0 1 0 0 0 1
200	3	0 0 1 0 1 1 0 1 0 1 0 0 1 1 0 0 0 0 0 0
200	4	0 0 1 1 0 0 0 1 0 0 0 0 0 1 0 1 0 0 0 0
200	2	0 1 1 1 0 1 1 1 0 1 0 0 1 0 0 0 0 0 0 0
200	2	0 1 0 1 0 1 1 1 0 1 0 0 0 1 0 0 0 0 0 0
200	5	0 0 1 1 0 1 1 0 0 1 0 0 1 1 0 0 0 0 0 0
200	2	1 1 0 1 0 1 1 1 1 1 0 0 0 1 1 0 0 0 0 0
200	1	0 0 1 0 0 0 0 1 1 0 0 0 1 1 0 0 0 0 0 0
200	1	1 1 0 0 0 1 1 1 0 1 0 0 0 1 0 0 0 0 0 0
200	1	0 1 1 1 0 1 1 1 1 1 0 0 1 1 0 1 0 0 0 0
200	5	1 1 1 1 0 1 1 1 0 1 0 0 1 0 0 0 0 0 0 0
200	3	0 0 1 1 0 1 1 1 1 0 0 0 0 1 0 1 0 0 1 0
200	3	0 0 1 1 0 1 0 1 0 0 1 1 1 1 0 0 0 0 0 0
200	2	0 0 1 1 0 1 1 1 0 1 0 0 1 1 0 1 0 0 0 0
200	2	0 1 0 1 0 0 0 0 1 0 0 0 0 1 0 1 0 0 0 0
200	1	1 1 1 1 0 1 1 0 0 1 0 0 1 1 0 1 0 1 0 0
200	1	0 1 0 0 0 1 1 0 1 0 0 0 0 1 0 1 0 0 0 0
200	3	0 0 1 0 0 1 1 0 0 1 0 0 0 1 0 0 0 0 0 0
200	1	0 0 1 1 0 1 1 1 0 0 0 0 1 1 0 0 0 0 0 0
200	2	0 1 0 1 0 0 0 0 0 0 0 0 1 1 0 0 0 0 0 0
200	2	0 0 1 0 1 0 0 0 0 1 1 0 1 1 1 0 0 0 0 0
200	2	0 1 0 0 0 1 1 1 0 1 0 0 0 1 1 0 0 0 0 0
200	3	1 1 1 1 0 0 0 1 1 1 0 0 1 1 0 0 0 0 0 0
200	1	1 1 0 0 0 1 1 1 1 1 0 0 1 1 0 1 0 0 0 0
250	4	0 1 1 0 0 0 0 1 0 0 0 0 1 1 0 0 0 0 0 0
250	23	0 0 1 1 0 1 1 1 0 1 0 0 1 1 0 0 0 0 0 0
250	10	0 1 1 1 0 0 0 0 0 0 0 0 0 1 0 0 0 0 0 0
250	12	0 1 0 1 0 0 0 1 0 0 0 0 1 1 0 0 0 0 0 0
250	35	1 1 1 1 0 1 0 1 0 0 1 0 0 1 0 0 0 0 0 0
250	2	0 1 1 1 0 1 1 1 0 1 0 0 1 1 0 0 0 0 0 0
250	12	1 1 1 0 0 0 0 0 1 0 0 0 0 1 0 1 0 0 0 0
250	23	1 1 1 1 0 0 0 1 0 0 0 0 0 1 0 1 0 0 0 0
250	9	1 1 0 0 0 1 1 1 0 1 0 0 1 1 0 0 0 0 0 0
250	10	0 0 1 1 0 0 0 1 0 0 0 0 1 1 0 0 0 0 1 0
250	6	1 1 1 1 0 0 1 0 0 1 1 0 1 1 0 0 0 0 0 0
250	18	1 1 1 1 0 0 0 1 1 0 0 0 1 1 0 0 0 0 0 0
250	17	1 1 1 1 0 0 0 1 0 1 0 0 1 1 0 0 0 0 0 0
250	54	1 1 1 1 0 0 1 1 0 0 0 0 1 1 1 0 0 0 0 0
250	5	0 1 0 0 0 1 1 1 1 1 0 0 1 1 0 1 0 0 0 0
250	7	0 0 1 1 0 1 1 1 0 1 0 0 1 1 0 1 0 0 0 1
250	4	1 1 1 1 0 0 0 1 0 0 0 0 1 1 0 0 0 0 0 0
250	47	0 1 0 1 0 0 0 1 0 0 0 0 0 1 0 1 0 0 0 0
250	8	1 1 1 1 0 0 0 1 0 0 0 0 1 1 0 0 0 0 1 0
250	6	1 1 1 1 0 0 1 1 0 0 0 0 1 1 1 0 1 0 0 0
250	24	0 1 0 1 0 1 1 1 1 1 0 0 1 1 0 0 0 0 0 0
250	4	0 0 1 0 0 1 1 1 0 1 0 0 1 1 0 0 0 0 0 0
250	2	1 1 1 1 0 0 1 1 0 0 0 0 1 1 1 0 0 0 0 1
250	18	1 1 1 1 1 0 0 0 1 0 0 0 0 1 0 1 0 0 0 0
250	5	1 1 1 1 0 1 0 1 0 0 1 0 1 0 0 0 0 0 0 0
250	3	0 1 1 0 0 0 0 1 0 1 0 0 0 1 0 0 0 0 0 0
250	29	1 1 1 1 0 0 1 0 0 0 0 1 1 1 0 0 0 0 1 0
250	15	0 1 1 1 0 0 0 1 0 0 0 0 1 1 0 0 0 0 0 0
250	15	1 1 1 1 0 0 1 1 0 0 0 0 1 1 0 0 0 0 0 0
250	2	0 0 1 0 0 1 0 1 0 0 1 1 1 1 0 0 0 0 0 0
250	13	0 1 1 0 0 0 0 0 0 1 0 0 0 1 0 0 0 0 1 0
250	20	1 1 1 1 0 0 1 0 0 0 0 1 0 1 0 0 0 0 1 0
250	1	0 0 1 0 1 1 0 1 0 0 1 1 1 1 0 1 0 1 0 0
250	8	1 1 1 1 0 0 1 1 0 0 0 0 1 1 0 0 1 0 0 0
250	4	0 1 1 0 0 1 0 0 0 1 0 0 0 0 0 0 0 0 0 1
250	6	1 1 1 1 1 0 1 0 0 1 1 0 1 1 0 0 0 0 0 0
250	14	0 0 1 1 0 1 1 0 0 1 0 0 0 1 1 0 0 0 0 0
250	7	0 1 0 1 0 1 1 1 0 1 0 1 1 1 0 0 0 0 0 0
250	3	1 1 1 0 1 0 0 0 0 0 0 0 0 1 0 0 0 0 0 1
250	9	0 1 1 1 0 0 1 1 0 0 0 0 1 1 1 0 0 0 0 1
250	1	0 1 1 1 0 0 0 1 0 0 0 0 1 1 0 0 0 0 1 0
250	5	1 1 1 1 0 1 0 1 0 0 1 1 1 1 0 0 0 0 0 0
250	8	1 1 1 1 0 0 0 1 0 0 1 0 0 1 0 1 0 0 0 0
250	6	1 1 1 1 0 1 0 0 0 0 1 0 0 1 0 0 0 0 0 0
250	7	1 1 0 1 0 0 0 1 0 0 0 0 0 1 0 1 0 0 0 0
250	4	0 0 1 0 1 1 0 1 0 0 0 0 1 1 1 0 0 0 0 0
250	26	1 1 0 1 0 0 1 1 0 0 0 0 1 1 1 0 0 0 0 0
250	1	0 0 1 1 0 0 1 1 0 1 0 0 1 0 0 0 0 0 0 0
250	10	1 1 0 1 1 0 0 0 1 0 0 0 0 1 0 1 0 0 0 0
250	36	1 1 1 1 0 0 1 0 0 1 1 0 1 1 0 0 0 1 0 0
250	3	1 1 1 1 0 0 0 1 1 1 0 0 1 1 0 0 0 0 0 0
250	2	0 1 0 1 0 0 0 1 0 0 0 0 0 1 0 1 0 1 0 0
250	6	1 1 1 0 0 0 0 0 1 0 0 0 0 1 0 0 0 0 1 0
250	13	0 1 1 0 0 0 1 0 0 0 0 0 0 1 0 0 0 0 0 0
250	13	1 1 0 1 0 0 0 1 1 0 0 0 0 1 0 1 0 0 0 0
250	10	1 1 1 1 0 0 1 1 0 0 0 0 1 1 1 1 0 0 0 0
250	7	1 1 1 1 0 0 1 0 0 0 0 1 1 1 0 0 0 0 1 1
250	3	0 1 1 1 1 0 0 1 0 0 1 0 0 0 1 0 1 0 0 0
250	4	0 0 1 1 0 1 1 1 0 0 1 0 1 1 1 0 0 0 0 0
250	2	1 1 1 1 0 1 0 0 1 0 0 0 0 1 0 1 0 0 0 0
250	12	1 1 1 1 0 0 0 1 1 0 0 0 1 1 0 0 0 0 1 0
250	3	0 1 0 1 0 1 1 1 0 1 0 0 1 1 0 0 0 0 0 1
250	8	1 1 1 0 1 0 0 1 1 1 0 0 1 1 0 0 0 0 0 0
250	3	0 1 1 1 1 1 0 1 0 0 1 0 0 1 1 0 0 0 0 0
250	11	0 0 1 1 0 1 1 1 0 0 0 0 1 1 1 0 0 0 0 0
250	2	0 1 0 1 0 1 1 1 0 0 0 0 0 1 0 1 0 0 0 0
250	5	1 1 1 0 0 0 0 1 0 0 0 0 0 1 0 1 0 0 0 0
250	8	1 0 1 1 0 0 0 1 1 0 0 0 1 1 0 0 0 0 0 0
250	2	0 1 0 0 0 1 1 1 1 1 0 0 1 1 0 1 0 0 1 0
250	13	0 1 0 1 0 0 0 1 0 0 0 0 0 1 0 1 0 0 1 0
250	11	0 0 1 1 0 1 1 1 0 1 0 0 0 1 0 0 0 0 0 1
250	23	0 1 0 1 0 0 0 1 0 0 0 0 0 1 1 1 0 1 0 0
250	6	0 1 1 0 0 0 0 0 1 0 0 0 1 1 0 0 0 1 0 0
250	1	1 1 1 1 0 0 1 1 0 0 1 0 1 1 1 0 0 0 0 0
250	7	0 1 1 1 0 0 0 0 0 0 0 0 1 1 0 0 0 0 0 0
250	4	0 1 0 1 0 0 0 1 0 0 0 0 1 1 1 0 0 0 0 0
250	4	1 1 1 1 0 1 0 1 0 0 0 0 1 1 1 0 0 0 0 0
250	4	0 1 1 0 1 1 1 1 0 1 0 0 1 0 0 1 0 0 0 0
250	11	1 1 1 1 0 0 0 0 0 0 0 1 0 1 0 0 0 0 0 0
250	4	0 0 1 1 0 1 1 1 0 1 0 0 1 1 1 0 0 0 0 0
250	1	1 1 1 1 0 0 1 0 0 0 0 0 1 1 1 0 0 0 0 0
250	9	0 1 1 1 0 0 1 1 0 0 0 1 1 1 1 0 0 0 0 1
250	1	1 0 1 1 1 0 0 1 1 0 0 0 1 1 0 0 0 0 0 0
250	3	1 1 1 1 0 1 0 1 0 0 0 0 0 1 0 1 0 0 0 0
250	9	1 0 1 1 0 1 1 1 0 1 0 0 1 1 0 1 0 0 0 1
250	12	1 1 1 1 0 0 1 1 0 0 0 0 1 1 0 0 0 0 0 1
250	5	1 1 1 1 0 0 0 1 1 0 0 0 1 1 1 0 0 0 0 0
250	5	0 1 0 0 0 1 1 1 1 1 0 0 1 1 0 1 0 1 0 0
250	11	1 0 1 0 1 1 0 1 0 0 0 0 1 1 0 0 0 0 0 1
250	2	0 1 0 1 1 0 0 0 1 0 0 0 0 1 0 1 0 0 0 0
250	8	1 1 1 0 1 0 0 1 1 1 0 0 1 1 0 0 0 0 1 0
250	3	1 1 1 1 0 0 1 0 0 0 0 1 0 1 0 0 0 0 0 0
250	2	1 1 1 1 1 1 0 1 0 0 1 0 0 1 0 0 0 0 0 0
250	6	1 1 1 1 0 0 1 1 0 0 0 0 0 1 1 0 0 0 0 0
250	3	0 0 1 1 0 1 1 1 0 1 0 0 1 1 1 1 0 0 0 1
250	3	0 1 1 1 0 1 0 0 0 1 0 0 0 0 0 0 0 0 0 1
250	2	0 1 1 1 0 0 0 0 0 0 0 0 1 1 0 0 0 0 1 0
250	2	0 1 0 1 0 0 0 1 0 0 0 0 1 1 1 0 0 0 0 1
250	2	1 1 1 1 0 0 1 1 0 0 0 0 0 1 0 0 0 0 0 0
250	1	0 1 0 1 0 0 0 1 0 0 1 0 0 1 0 0 0 0 0 0
250	2	1 1 0 1 0 0 1 1 0 0 0 0 1 1 0 0 0 0 0 0
250	1	0 1 1 1 0 1 1 1 1 1 0 0 1 1 0 0 0 0 0 0
250	2	0 1 1 0 0 0 0 0 0 1 0 0 0 1 0 0 1 0 1 0
250	2	1 1 0 1 1 0 0 1 0 0 0 0 0 1 0 1 0 0 0 0
250	2	0 1 1 0 0 0 0 1 0 0 0 0 1 1 1 0 0 0 0 1
250	2	1 1 1 1 0 1 0 1 0 0 1 0 0 1 0 0 0 0 1 0
250	1	0 1 0 1 0 0 0 1 1 0 0 0 0 1 0 1 0 0 0 0
250	2	1 1 1 1 1 0 0 0 1 0 0 0 0 1 0 1 0 0 1 0
250	1	0 1 1 0 0 0 1 0 0 0 0 0 0 1 0 1 0 0 0 0
250	2	0 1 0 1 0 0 0 1 0 0 0 0 0 1 1 1 0 0 0 0
250	1	0 0 1 1 0 1 0 1 0 1 0 0 1 1 0 0 0 0 0 0
250	2	0 1 1 1 0 1 0 0 0 0 0 0 0 1 0 0 0 0 0 0
250	1	0 1 0 1 0 0 0 1 0 1 0 0 0 1 0 1 0 0 0 0
250	1	0 1 1 0 0 0 0 1 0 1 0 0 1 1 0 0 0 0 0 0
250	3	0 1 1 0 0 0 0 0 0 1 0 0 0 1 0 1 0 0 0 1
250	2	0 0 1 1 0 1 1 0 0 1 0 0 0 1 0 0 0 0 0 0
250	2	1 1 1 1 0 0 1 1 0 0 1 0 1 1 0 0 0 1 0 0
250	3	0 1 1 1 0 0 1 0 0 1 1 0 1 1 0 0 0 0 0 0
250	1	1 1 1 0 1 0 0 0 1 0 0 0 0 1 0 1 0 0 0 0
250	1	0 0 1 1 0 1 1 1 1 1 0 0 1 1 0 0 0 0 0 0
250	2	0 1 1 1 0 1 0 1 0 0 1 0 0 1 0 0 0 0 0 0
250	2	1 1 0 0 0 1 1 1 1 1 0 0 1 1 0 0 0 0 0 0
250	1	1 0 1 1 0 0 1 1 0 0 0 0 1 1 1 0 0 0 0 0
250	1	1 0 1 1 0 0 0 1 0 0 0 0 1 1 0 0 0 0 1 0
250	1	1 1 1 1 1 0 0 0 1 0 0 0 0 1 0 1 1 0 0 0
250	4	1 1 1 1 0 0 1 0 0 0 0 1 1 1 0 1 0 0 1 0
250	4	0 0 1 1 0 1 1 0 0 1 0 0 0 1 1 0 1 0 0 0
250	2	1 1 1 0 1 0 0 0 0 0 0 0 0 1 0 0 0 0 1 1
250	1	1 1 0 1 0 0 1 1 0 0 0 0 1 1 1 0 0 0 1 0
250	1	1 1 1 1 0 0 0 1 1 1 0 0 1 0 0 0 0 0 1 0
250	1	1 1 1 0 0 0 0 0 1 0 0 0 0 1 0 1 0 0 1 0
250	1	0 1 0 1 0 0 0 1 0 0 0 0 0 1 0 1 0 0 0 1
250	2	1 0 1 1 0 1 1 1 0 1 0 0 1 1 1 1 0 0 0 1
250	1	0 0 1 1 0 1 1 1 1 0 0 0 0 1 0 1 0 0 0 0
250	2	1 1 1 0 1 0 0 1 1 1 0 0 1 1 0 0 0 0 0 1
250	1	0 1 0 1 0 0 0 1 1 0 0 0 0 1 0 1 0 1 0 0
250	2	1 1 1 0 0 0 1 0 0 1 1 0 1 1 0 0 0 1 0 0
250	2	0 1 1 1 0 0 0 1 0 0 0 0 0 1 0 0 0 0 0 0
250	4	1 1 0 1 0 1 0 1 0 0 1 0 0 1 0 0 0 0 0 0
250	2	1 1 1 1 0 1 0 1 0 0 1 0 0 1 0 0 1 0 0 0
250	2	1 0 1 0 0 0 0 0 1 0 0 0 0 1 0 1 0 0 0 0
250	1	1 1 1 1 0 0 0 1 0 1 0 0 1 1 0 0 0 0 1 0
250	1	0 1 0 1 0 1 1 1 1 1 0 0 1 1 0 0 1 0 0 0
250	1	0 1 0 0 0 0 0 0 0 1 0 0 0 1 0 0 0 0 1 0
250	2	0 0 1 1 1 1 1 0 0 1 0 0 0 1 1 0 0 0 0 0
250	1	1 1 0 1 0 0 0 0 0 0 0 0 0 1 0 1 0 0 0 0
250	2	0 1 0 1 0 0 1 1 0 0 0 0 1 1 1 0 0 0 0 0
250	2	1 1 1 1 0 0 1 0 0 1 1 0 1 1 0 0 0 1 0 1
250	1	0 1 1 1 0 0 0 1 0 0 1 0 0 0 1 0 1 0 0 0
250	3	1 0 1 1 0 1 0 1 0 0 0 0 1 1 1 0 0 0 0 0
300	57	1 1 1 1 0 0 0 1 0 0 0 0 0 1 0 1 0 0 0 0
300	82	1 1 1 1 0 0 1 1 0 0 0 0 1 1 1 0 0 0 0 0
300	7	0 0 1 1 0 1 1 1 0 1 0 0 1 1 0 1 0 0 0 1
300	76	1 1 1 1 0 0 1 1 0 0 0 0 1 1 0 0 0 0 0 0
300	6	0 1 0 1 0 1 1 1 0 1 0 1 1 1 0 0 0 0 0 0
300	3	1 1 0 1 0 0 1 1 0 0 0 0 1 1 1 0 0 0 0 0
300	7	0 0 1 1 0 0 1 1 0 1 0 0 1 0 0 0 0 0 0 0
300	5	1 1 0 1 0 0 0 1 1 0 0 0 0 1 0 1 0 0 0 0
300	11	0 1 0 1 0 0 0 1 0 0 0 0 0 1 1 1 0 1 0 0
300	18	1 0 1 1 0 1 1 1 0 1 0 0 1 1 0 1 0 0 0 1
300	5	0 1 1 1 0 0 1 0 0 1 1 0 1 1 0 0 0 0 0 0
300	9	1 1 0 0 0 1 1 1 1 1 0 0 1 1 0 0 0 0 0 0
300	12	0 1 1 1 0 0 0 1 0 1 0 0 1 1 0 0 0 0 0 0
300	3	0 1 1 1 0 0 0 0 0 0 0 0 1 1 1 1 0 0 0 1
300	9	1 1 1 1 0 0 0 1 0 0 0 0 1 1 0 0 0 0 0 0
300	14	0 0 1 1 0 1 1 0 0 1 0 0 1 1 0 0 0 0 0 0
300	3	0 1 0 1 0 1 1 1 0 1 0 1 1 1 0 1 0 0 0 0
300	17	1 0 1 1 1 0 0 1 1 0 0 0 1 1 1 0 0 0 0 0
300	2	0 1 1 1 0 0 1 0 0 0 0 1 0 1 0 0 0 0 1 0
300	10	1 1 1 1 0 0 1 1 0 0 0 0 0 1 1 0 0 0 0 0
300	17	0 1 1 0 1 0 0 1 0 0 0 0 1 1 0 0 0 0 0 1
300	17	1 1 0 1 0 0 0 1 0 0 0 0 0 1 0 1 0 0 0 0
300	17	1 1 1 1 0 1 1 0 0 1 0 0 0 1 1 0 0 0 0 0
300	21	0 1 0 1 0 1 1 1 0 1 0 1 0 1 0 0 0 0 0 0
300	29	1 1 1 1 0 0 0 1 0 0 0 0 1 1 1 0 0 0 1 0
300	21	1 1 1 1 0 0 1 1 0 0 0 0 1 1 1 0 0 1 0 0
300	21	1 1 1 1 0 0 1 1 0 0 1 0 1 1 1 0 0 0 0 0
300	37	1 1 1 1 0 0 0 1 0 1 0 0 0 1 1 0 0 0 0 0
300	8	1 1 1 1 0 0 0 1 0 0 1 0 0 1 0 0 1 0 0 0
300	10	1 1 1 1 0 0 1 0 0 0 0 1 0 1 1 0 0 0 1 0
300	1	1 1 0 1 0 0 1 1 0 0 0 1 1 1 1 0 0 0 0 0
300	6	1 1 1 1 0 0 0 1 1 0 0 1 1 1 0 0 0 0 0 1
300	10	0 1 1 1 0 0 0 1 0 0 0 0 0 1 0 1 0 0 0 0
300	11	1 0 1 1 0 0 1 1 0 0 1 0 1 1 1 0 0 0 0 0
300	5	1 0 1 1 1 0 0 1 1 0 0 0 0 1 0 1 0 0 0 0
300	25	0 1 0 1 0 0 0 1 0 0 0 0 0 1 1 0 0 0 0 0
300	30	1 1 1 1 0 0 0 1 0 0 0 0 0 1 1 0 0 0 0 0
300	2	1 1 1 1 0 0 0 1 1 0 0 1 1 1 0 0 0 0 0 0
300	8	1 1 0 1 0 0 0 1 1 0 1 0 0 1 0 1 0 0 0 0
300	2	1 1 0 1 1 0 1 1 0 1 1 0 1 1 0 0 0 0 0 0
300	8	1 1 1 1 0 1 1 0 0 1 0 0 0 1 0 0 0 0 0 0
300	4	0 1 1 1 0 0 1 0 0 1 1 0 0 1 0 0 0 1 0 0
300	1	1 1 1 1 0 0 0 1 0 0 0 0 0 1 0 1 0 1 0 0
300	9	1 0 1 1 0 0 0 1 0 0 0 0 0 1 1 0 0 0 0 0
300	8	0 1 1 1 0 0 0 1 0 1 0 1 0 1 0 0 0 0 0 0
300	6	1 1 1 1 0 0 0 1 0 0 1 0 0 1 0 1 0 0 0 0
300	1	0 1 1 1 0 0 0 1 0 0 0 0 1 1 0 0 0 0 0 0
300	4	1 1 1 1 0 0 1 1 0 1 0 0 1 1 0 0 0 0 0 0
300	3	1 1 0 1 0 0 0 1 0 0 0 0 1 1 0 0 0 0 0 0
300	2	1 1 0 1 0 0 0 1 0 0 0 1 0 1 0 1 0 0 0 0
300	6	0 1 0 1 0 1 1 1 0 0 0 0 1 1 0 0 0 0 0 1
300	5	1 0 1 1 0 1 1 1 0 1 0 0 0 1 0 1 0 0 0 1
300	6	1 1 1 1 0 0 0 1 0 0 0 0 1 1 1 0 0 0 0 0
300	12	0 0 1 1 0 1 1 1 0 1 0 0 1 1 1 1 0 0 0 1
300	1	1 1 1 1 0 0 1 1 0 1 1 0 1 1 1 0 0 0 0 0
300	1	1 1 1 1 0 0 1 1 0 0 0 1 1 1 1 0 0 0 0 0
300	3	0 1 0 1 0 0 0 1 0 0 0 0 1 1 1 0 0 0 0 0
300	4	0 1 0 1 0 0 0 1 0 0 0 1 0 1 1 0 0 0 0 0
300	6	1 1 1 1 0 1 1 0 0 1 0 0 0 1 0 1 0 0 0 0
300	2	0 1 1 1 0 0 1 1 0 0 0 0 1 1 0 0 0 0 0 0
300	9	1 1 0 1 0 0 0 1 0 0 0 1 1 1 0 1 0 0 0 1
300	10	1 1 1 1 0 0 0 1 0 0 0 0 1 1 0 0 0 0 1 0
300	3	1 1 1 0 0 0 1 1 0 0 1 0 1 1 1 0 0 0 0 0
300	2	1 1 1 1 0 0 0 0 0 0 0 0 0 1 1 0 0 0 0 0
300	2	1 0 1 1 1 1 1 1 0 1 0 0 1 1 0 1 0 0 0 1
300	1	1 1 0 1 1 0 1 1 0 0 1 0 1 1 0 0 0 0 0 0
300	10	1 1 1 1 0 0 0 1 0 0 0 0 1 1 1 1 0 0 0 1
300	4	1 1 0 1 1 0 1 1 0 1 0 0 1 1 0 0 0 0 0 0
300	5	1 1 1 0 0 0 0 1 1 0 0 1 1 1 1 0 0 0 0 0
300	1	1 1 0 1 0 0 0 1 0 0 0 1 0 1 0 0 0 0 0 0
300	8	1 1 1 1 0 0 0 1 0 1 1 0 0 1 0 0 1 0 0 0
300	2	1 1 1 1 0 1 0 1 1 0 0 1 1 1 0 0 0 0 0 0
300	7	1 1 1 1 0 0 1 1 0 0 0 0 1 1 1 0 0 1 1 0
300	1	1 1 1 1 0 0 0 1 0 0 0 0 1 1 0 0 0 0 0 1
300	4	0 1 0 1 0 0 0 0 0 0 0 0 1 1 1 0 0 0 0 0
300	2	0 1 0 1 0 0 1 1 0 1 0 1 1 1 0 1 0 0 0 0
300	15	0 1 1 0 0 0 1 0 0 1 1 0 0 1 0 0 0 1 0 0
300	7	0 1 1 1 0 0 1 1 0 0 0 0 1 1 1 0 0 0 0 0
300	1	1 1 1 1 0 0 0 1 0 0 0 0 0 0 0 0 0 0 0 0
300	1	1 1 1 1 0 0 1 0 0 0 0 0 1 1 0 0 0 0 0 0
300	9	0 1 1 0 1 0 0 1 0 0 0 1 1 1 0 1 0 0 0 1
300	6	1 1 0 1 0 1 1 1 0 1 0 1 0 1 0 0 0 0 0 1
300	4	0 1 0 1 0 0 1 1 0 0 1 0 1 1 0 0 0 0 0 0
300	2	1 1 1 1 0 0 0 1 0 0 0 0 0 1 0 1 1 0 0 0
300	11	1 1 1 1 0 0 1 1 0 0 0 0 1 0 0 0 0 0 0 0
300	2	1 1 1 1 0 0 1 0 0 1 0 0 0 1 1 0 0 0 0 0
300	3	0 1 1 1 0 0 0 1 0 1 0 0 0 1 1 0 0 0 0 0
300	2	0 1 1 0 1 0 0 1 0 0 0 0 1 0 0 0 0 0 0 0
300	1	1 1 1 1 0 0 1 1 0 0 0 0 1 1 1 0 0 0 1 0
300	2	1 1 1 1 1 0 0 1 0 0 0 0 1 1 0 0 0 0 0 1
300	7	1 0 0 1 0 0 0 1 0 0 0 0 0 1 0 1 0 0 0 0
300	2	0 1 0 1 0 1 1 1 0 1 0 1 0 1 0 0 0 0 1 0
300	2	1 1 1 1 0 0 1 1 0 1 1 0 1 1 1 0 0 1 0 0
300	2	0 1 0 1 0 0 0 1 0 1 0 0 0 1 1 0 0 0 0 0
300	1	1 1 1 1 0 0 0 1 0 1 0 0 0 1 1 0 0 0 1 0
300	6	1 1 1 1 0 0 0 1 0 1 0 0 0 1 0 0 0 0 0 0
300	7	1 1 0 1 1 0 1 1 0 0 0 0 1 1 1 0 0 0 0 0
300	4	1 1 1 1 0 0 0 1 0 0 0 0 0 1 0 1 0 0 0 1
300	1	0 0 1 1 0 0 1 1 0 1 1 0 1 0 0 0 0 0 0 0
300	1	0 1 0 1 0 0 0 1 0 0 0 0 0 1 1 1 0 0 0 0
300	2	0 0 1 1 0 1 1 0 1 1 0 0 1 1 0 0 0 0 0 0
300	4	1 1 0 1 0 0 0 1 0 0 0 0 1 1 1 0 0 0 1 0
300	1	1 1 1 1 0 0 0 1 0 0 0 0 0 1 0 0 0 0 0 0
300	8	1 1 1 1 0 0 0 1 0 1 1 0 0 1 0 1 1 0 0 0
300	1	1 1 1 1 0 1 1 1 0 1 0 0 1 1 0 1 0 0 0 1
300	4	1 1 1 1 0 0 1 0 0 0 0 1 1 1 1 0 0 0 0 0
300	2	1 1 1 1 0 0 0 1 0 1 0 0 0 1 1 0 0 1 0 0
300	1	1 1 0 1 0 0 0 1 0 1 0 0 0 1 1 0 0 0 0 0
300	1	0 1 1 1 0 0 0 1 0 0 0 0 0 1 1 1 0 0 0 0
300	1	0 1 0 1 0 0 0 0 0 0 0 0 0 1 1 0 0 0 0 0
300	2	0 1 0 0 0 0 0 1 0 0 0 0 0 1 1 0 0 0 0 0
300	1	1 0 1 1 0 0 0 0 0 0 0 0 0 1 1 0 0 0 0 0
300	5	0 1 0 1 1 1 1 1 0 0 0 1 1 1 0 1 0 0 0 0
300	1	1 1 1 1 0 0 1 1 0 1 0 0 1 0 0 0 0 0 0 0
300	2	0 1 1 1 0 0 1 1 0 0 0 0 1 1 1 0 0 0 1 0
300	3	1 0 1 1 0 0 0 1 0 0 0 1 0 1 1 1 0 1 0 0
300	1	1 0 1 1 0 1 1 1 0 0 0 0 1 1 0 1 0 0 0 1
300	3	1 0 1 1 1 0 0 0 1 0 0 0 1 1 1 0 0 0 0 0
300	4	1 1 1 1 0 0 0 1 1 0 0 0 1 1 1 0 0 0 1 0
300	1	1 1 1 1 0 0 0 1 0 0 0 0 0 1 1 0 0 0 1 0
300	3	1 1 1 1 0 1 1 0 0 1 0 0 0 0 0 0 0 0 0 0
300	3	1 1 1 1 0 0 1 1 0 0 0 0 1 1 0 1 0 0 0 1
300	6	0 1 1 1 0 0 0 1 0 1 0 1 0 1 0 1 0 0 0 0
300	1	0 1 0 1 0 0 0 0 0 0 0 1 0 1 1 1 0 1 0 0
300	1	0 0 1 1 0 0 0 1 0 0 0 0 0 1 0 1 0 0 0 0
300	2	0 0 1 1 0 1 1 1 0 1 0 0 0 1 0 1 0 0 0 0
300	2	0 1 0 1 0 0 0 1 0 0 0 0 0 1 0 1 0 0 0 0
300	2	1 1 1 1 0 0 0 1 0 0 0 0 0 0 0 1 0 0 0 0
300	1	1 1 1 1 0 0 1 0 0 0 0 0 1 1 1 0 0 0 0 0
300	1	1 1 1 1 0 0 1 1 1 0 0 0 1 1 1 0 0 0 0 0
300	1	1 1 1 1 0 0 1 1 0 0 0 0 1 1 0 0 1 0 0 0
300	1	1 1 1 1 0 0 0 1 0 0 1 0 1 1 0 0 1 0 0 0
300	1	0 1 1 1 0 0 0 0 0 0 0 0 0 1 0 1 0 0 0 0
300	1	1 1 1 1 0 0 0 1 0 0 0 0 0 1 1 0 0 0 0 1
300	1	1 1 1 1 0 0 0 1 0 0 1 0 0 1 0 1 0 0 0 1
300	2	1 1 1 1 0 0 0 1 0 1 1 1 0 1 0 0 1 0 0 0
300	1	0 1 0 1 0 0 1 1 0 0 1 0 1 1 0 0 0 0 1 0
300	4	0 1 1 1 0 0 1 0 0 1 1 1 1 1 0 1 0 0 0 0
300	1	0 1 1 1 0 0 1 1 1 0 1 0 0 1 0 1 0 1 0 0
300	1	1 1 0 1 0 0 0 1 0 0 0 0 1 1 1 0 0 0 1 1
350	2	1 1 1 1 0 0 0 1 0 0 0 0 0 1 0 1 0 0 0 0
350	77	1 1 1 1 0 0 1 1 0 0 0 0 1 1 1 0 0 0 0 0
350	2	0 0 1 1 0 1 1 1 0 1 0 0 1 1 0 1 0 0 0 1
350	48	1 1 1 1 0 0 1 1 0 0 0 0 1 1 0 0 0 0 0 0
350	5	0 1 1 1 0 0 1 0 0 1 1 0 1 1 0 0 0 0 0 0
350	9	0 1 0 1 0 1 1 1 0 1 0 1 0 1 0 0 0 0 0 0
350	24	1 1 1 1 0 0 1 1 0 0 1 0 1 1 1 0 0 0 0 0
350	28	1 1 1 1 0 0 0 1 0 1 0 0 0 1 1 0 0 0 0 0
350	10	1 1 1 1 0 0 0 1 0 0 1 0 0 1 0 0 1 0 0 0
350	14	1 0 1 1 0 0 1 1 0 0 1 0 1 1 1 0 0 0 0 0
350	32	1 1 1 1 0 0 0 1 0 0 0 0 1 1 1 0 0 0 0 0
350	5	1 1 1 0 0 0 0 1 1 0 0 1 1 1 1 0 0 0 0 0
350	18	0 1 1 1 0 0 1 1 0 0 0 0 1 1 1 0 0 0 0 0
350	21	1 1 1 1 0 0 0 1 1 0 0 0 1 1 1 0 0 0 1 0
350	82	1 1 1 1 0 0 1 1 0 0 0 1 1 0 1 0 0 0 0 0
350	6	0 1 1 0 0 0 1 0 0 1 1 0 0 1 0 0 0 1 1 0
350	51	1 1 1 1 0 0 1 1 0 0 0 0 0 1 0 1 0 0 0 0
350	7	1 1 1 1 0 0 0 1 0 0 0 0 0 1 0 0 0 0 0 0
350	2	1 1 1 1 0 0 1 1 1 0 0 0 1 1 0 0 0 0 0 0
350	3	1 1 1 1 0 0 0 1 0 1 0 0 0 1 1 1 0 0 0 0
350	12	1 0 1 1 0 1 1 1 0 1 0 0 0 1 1 1 0 0 0 1
350	23	1 1 1 1 0 0 1 1 0 0 0 1 0 1 0 0 0 0 0 0
350	7	0 1 1 0 1 0 0 1 0 0 0 0 1 1 0 0 0 0 0 0
350	8	1 1 1 0 0 0 1 0 0 1 1 0 0 1 0 0 0 1 0 0
350	11	0 1 1 1 0 0 1 0 0 1 0 1 0 1 0 0 0 0 0 0
350	10	0 1 1 1 0 0 1 0 0 1 1 0 0 1 0 0 0 0 0 0
350	7	1 1 1 1 0 1 1 1 0 1 0 0 0 1 1 1 0 0 0 1
350	5	1 1 1 1 0 0 1 1 0 0 0 1 1 1 1 0 0 0 0 0
350	2	0 1 0 1 1 0 0 1 0 0 0 0 1 1 0 1 0 0 0 1
350	3	1 1 1 1 0 0 1 0 0 0 1 1 1 1 1 0 0 0 0 0
350	1	1 1 1 1 0 0 1 1 0 0 0 0 1 1 1 1 0 0 0 0
350	6	1 0 1 1 1 0 0 1 1 0 0 0 0 1 1 0 0 0 0 0
350	12	1 1 1 1 0 0 0 1 0 0 0 1 1 1 1 0 0 0 0 0
350	4	1 1 1 1 0 0 1 0 0 0 0 1 0 1 0 0 0 0 0 0
350	7	1 0 1 1 0 1 1 1 1 0 0 0 1 1 1 0 0 0 0 0
350	15	0 0 1 1 1 1 1 1 0 1 0 0 1 0 1 1 0 0 0 1
350	16	0 1 0 1 0 0 0 1 0 0 0 1 0 1 1 1 0 0 0 0
350	26	1 1 1 1 0 0 1 1 0 0 0 1 0 1 0 0 0 1 0 0
350	8	1 1 1 0 0 0 1 0 0 1 1 0 0 1 0 0 1 1 0 0
350	14	1 1 1 1 0 0 0 1 0 0 0 0 0 1 0 0 0 1 0 0
350	1	0 0 1 1 0 0 0 1 0 0 1 1 1 1 0 1 0 0 0 1
350	6	1 1 1 1 0 0 0 1 0 0 0 0 0 1 1 1 0 0 0 0
350	5	1 1 1 1 0 0 0 1 0 1 1 0 0 1 1 0 1 0 0 0
350	7	0 1 1 1 0 0 1 1 0 0 0 0 0 1 0 1 0 0 0 0
350	1	0 1 1 1 0 0 1 1 0 0 1 0 1 1 1 0 0 0 0 0
350	14	0 0 1 1 0 1 1 1 0 1 0 0 1 0 1 0 0 0 0 1
350	10	0 1 0 1 0 1 1 1 0 1 0 1 1 1 1 1 1 0 0 0
350	1	1 1 1 1 0 0 1 0 0 1 1 0 0 0 0 0 0 1 0 0
350	12	1 1 1 1 0 0 1 1 0 1 0 1 0 1 0 0 0 0 0 0
350	7	1 1 1 1 0 0 1 1 1 1 0 0 0 1 1 0 0 0 0 0
350	6	1 1 1 1 0 0 0 1 0 0 0 0 0 1 1 0 0 0 1 0
350	4	1 1 1 1 0 0 1 1 1 0 1 0 1 1 1 0 0 0 0 0
350	4	1 1 1 1 0 0 1 0 1 1 1 0 1 1 0 0 0 0 0 1
350	2	1 0 1 1 0 0 1 1 0 1 0 1 0 1 0 0 0 0 0 0
350	1	0 1 1 1 0 0 1 1 0 0 0 1 0 1 0 0 0 0 0 0
350	30	1 1 1 1 0 0 0 1 0 1 1 0 0 1 0 1 1 0 0 0
350	11	1 1 1 0 0 0 1 1 0 0 0 1 1 0 1 0 0 0 0 0
350	4	1 1 1 1 0 0 1 1 0 0 0 1 1 1 0 0 0 0 0 0
350	8	0 1 1 1 0 0 1 1 0 0 0 1 1 0 1 0 0 0 0 0
350	8	1 1 1 1 0 0 1 1 0 0 0 1 1 0 0 0 0 0 0 0
350	5	1 0 1 1 1 0 0 1 1 0 1 0 1 1 1 0 0 0 0 0
350	10	1 1 1 1 0 0 0 1 0 0 0 0 0 1 1 0 0 0 0 0
350	14	1 0 1 1 1 0 0 1 1 1 0 0 0 1 1 0 0 0 0 0
350	3	1 1 1 1 0 0 0 1 0 0 0 0 0 1 0 0 0 1 1 0
350	3	0 1 1 1 1 0 0 1 0 0 0 0 1 1 0 0 0 0 0 0
350	6	1 1 1 1 0 0 1 0 0 0 1 1 1 1 1 0 0 0 1 0
350	1	1 0 1 0 0 0 1 1 0 0 0 1 1 1 1 0 0 0 0 0
350	2	0 0 1 1 0 0 1 1 0 1 1 0 0 1 0 0 1 0 0 0
350	3	1 1 1 1 0 0 1 1 0 0 0 0 1 1 1 0 0 0 1 0
350	9	0 0 1 1 1 1 1 1 0 1 0 0 1 0 1 1 0 0 1 0
350	4	0 0 1 1 0 0 0 1 0 0 0 0 1 1 1 0 0 0 0 0
350	1	1 1 0 1 0 0 0 1 0 0 0 0 0 1 0 1 0 0 0 0
350	5	1 1 1 1 0 0 0 1 0 0 0 0 1 1 1 0 0 0 1 1
350	6	1 1 1 1 0 0 1 1 1 0 0 1 0 1 0 0 0 0 0 0
350	3	1 1 1 1 0 0 1 0 0 0 1 0 0 0 0 0 0 1 0 0
350	6	1 1 1 1 0 0 1 1 1 0 0 0 1 1 1 0 0 0 0 0
350	1	1 1 1 1 0 0 1 1 0 0 0 0 0 1 0 0 0 0 0 0
350	2	1 0 1 1 0 0 1 1 0 0 0 1 1 0 1 0 0 0 0 0
350	2	1 1 1 1 0 0 1 1 0 0 0 1 0 1 0 1 0 0 0 0
350	5	1 0 1 1 0 0 1 1 0 1 0 1 0 1 1 0 0 0 0 0
350	4	1 0 1 1 0 0 0 1 0 1 1 0 0 1 0 1 1 0 0 0
350	2	1 1 1 1 1 1 1 1 0 0 0 0 0 1 0 1 0 0 0 0
350	2	1 1 1 1 0 0 1 1 0 1 0 0 1 0 1 1 0 0 1 0
350	4	1 1 1 1 0 0 0 1 0 0 0 0 1 1 0 1 0 0 0 1
350	1	0 1 0 1 0 0 0 1 0 0 1 0 0 1 0 1 1 0 0 0
350	2	1 1 1 1 0 0 1 1 0 0 0 0 0 1 1 1 0 0 0 0
350	6	1 1 1 1 0 0 0 1 0 1 0 0 0 1 1 1 0 0 0 1
350	7	0 1 1 1 0 0 1 0 0 1 0 0 0 1 0 1 0 0 0 0
350	2	1 1 1 1 0 0 1 1 1 0 0 0 1 1 0 0 1 0 0 0
350	6	1 1 1 1 0 0 0 1 0 0 0 0 1 1 0 0 0 0 0 0
350	4	0 1 0 1 0 0 0 1 0 0 0 1 0 1 1 0 0 0 0 0
350	2	0 1 1 1 0 0 0 1 0 0 0 0 0 1 0 1 0 0 0 0
350	10	1 1 1 1 0 1 0 1 0 1 1 0 0 1 0 1 1 0 0 0
350	2	1 0 1 1 0 1 1 1 0 1 0 0 0 1 1 1 0 0 0 0
350	4	1 1 1 1 0 1 0 1 0 0 0 0 0 1 0 1 0 0 0 0
350	2	1 1 1 1 0 0 1 1 0 0 1 0 0 1 1 0 0 0 0 0
350	1	1 1 1 1 0 0 1 1 0 0 1 0 1 1 1 0 1 0 0 0
350	2	1 1 0 1 0 0 0 1 0 1 1 0 0 1 0 1 1 0 0 0
350	12	1 1 1 1 0 1 1 1 0 0 0 1 1 1 1 0 0 0 0 0
350	2	0 1 0 1 0 1 1 1 0 1 0 1 0 1 0 0 0 1 1 0
350	6	1 1 1 1 0 0 1 0 0 1 0 1 0 1 0 0 0 0 0 1
350	1	1 1 1 1 0 0 1 1 0 1 0 0 0 1 1 1 0 0 0 1
350	1	1 1 1 1 0 0 1 0 0 1 0 0 0 1 0 1 0 0 0 0
350	1	1 1 1 1 0 0 0 1 0 1 1 0 0 0 1 1 0 0 0 1
350	2	1 1 1 1 1 0 1 1 0 0 0 0 1 1 1 0 0 0 0 0
350	2	1 1 1 1 0 0 1 1 0 0 1 0 1 1 0 0 0 0 0 0
350	1	0 1 1 0 0 0 1 0 0 1 1 0 1 1 0 0 0 0 0 0
350	1	0 1 1 0 0 0 1 0 0 1 1 0 0 1 0 1 0 1 1 0
350	2	1 1 0 1 0 0 1 1 0 0 0 1 0 1 0 0 0 0 0 0
350	1	0 0 1 1 1 1 1 1 0 1 0 0 1 0 1 1 1 0 0 1
350	1	0 1 1 1 0 1 1 1 0 0 1 0 1 1 1 0 0 0 0 0
350	2	1 1 1 1 0 0 1 1 1 1 0 0 0 1 0 0 0 0 0 0
350	2	1 1 1 1 0 0 1 1 0 0 0 1 0 1 1 0 0 0 0 0
350	1	1 1 1 1 0 0 1 1 0 1 0 0 0 1 1 0 0 0 0 0
350	2	0 0 1 1 0 1 1 1 0 0 0 0 1 1 1 0 0 0 0 0
350	2	1 1 1 1 0 0 1 1 0 0 1 0 1 1 1 0 0 0 0 1
350	2	1 1 1 1 0 0 0 1 0 0 0 1 1 0 1 0 0 0 0 0
350	1	1 1 1 1 0 0 0 1 0 0 0 0 1 1 1 0 0 0 1 0
350	1	1 1 1 1 0 0 1 1 0 0 0 1 0 0 1 0 0 0 0 0
350	2	0 1 0 1 0 0 0 1 0 1 1 0 0 1 0 1 1 0 0 0
350	6	0 1 0 1 0 0 1 1 0 0 0 0 0 1 0 1 0 0 0 0
350	2	1 1 1 1 0 0 1 0 1 1 1 0 1 1 0 0 0 0 0 0
350	1	0 1 0 1 1 0 0 1 0 1 0 0 1 1 0 0 0 0 0 0
350	2	1 1 1 1 0 0 1 1 0 0 0 0 1 0 0 0 0 0 0 0
350	1	1 1 0 1 0 0 1 1 0 0 1 0 1 1 1 0 0 0 0 0
350	1	1 1 1 1 0 0 0 1 1 0 1 0 1 1 1 0 0 0 0 0
400	20	1 1 1 1 0 0 1 1 0 0 0 0 1 1 1 0 0 0 0 0
400	32	1 1 1 1 0 0 1 1 0 0 1 0 1 1 1 0 0 0 0 0
400	16	1 1 1 1 0 0 0 1 0 1 0 0 0 1 1 0 0 0 0 0
400	5	1 1 1 1 0 0 0 1 0 0 0 0 1 1 1 0 0 0 0 0
400	3	1 1 1 1 0 0 0 1 1 0 0 0 1 1 1 0 0 0 1 0
400	10	1 1 1 1 0 0 1 1 0 0 0 1 1 0 1 0 0 0 0 0
400	28	1 1 1 1 0 0 1 1 0 0 0 0 0 1 0 1 0 0 0 0
400	26	1 1 1 1 0 0 1 1 0 0 0 1 0 1 0 0 0 0 0 0
400	25	1 1 1 1 0 0 1 1 0 1 0 1 0 1 0 0 0 0 0 0
400	22	1 1 1 1 0 0 1 1 1 1 0 0 0 1 1 0 0 0 0 0
400	29	1 1 1 1 0 0 1 1 1 0 1 0 1 1 1 0 0 0 0 0
400	2	1 1 1 1 0 0 0 1 0 1 1 0 0 1 0 1 1 0 0 0
400	34	1 1 1 1 0 0 1 1 1 0 0 0 1 1 1 0 0 0 0 0
400	21	1 1 1 1 0 0 1 0 0 0 1 0 1 1 1 0 0 0 0 0
400	7	1 1 1 1 0 0 0 1 1 1 0 0 1 1 1 0 0 0 1 0
400	2	1 1 1 1 0 0 1 1 0 0 0 0 1 0 1 0 0 0 0 0
400	14	1 1 1 1 0 0 1 1 0 0 0 1 1 1 1 0 0 0 0 0
400	19	1 0 1 1 0 0 1 1 0 0 1 0 1 1 1 0 1 0 0 0
400	29	1 1 1 1 0 1 1 1 0 1 0 0 1 0 1 0 0 0 0 0
400	9	1 1 1 1 0 0 1 1 0 0 1 0 0 1 1 0 0 0 0 0
400	17	1 1 1 1 1 0 1 1 0 0 1 0 0 1 0 1 0 0 0 0
400	4	1 1 1 1 0 0 1 1 0 0 1 0 1 1 0 0 0 0 0 0
400	10	1 1 1 1 0 0 1 0 0 0 1 1 1 1 1 0 0 0 0 0
400	4	0 1 1 1 0 0 0 0 0 1 1 0 0 1 0 0 0 0 0 0
400	15	1 1 1 1 0 1 1 1 0 0 1 0 0 1 0 1 0 0 0 0
400	15	1 1 1 1 0 0 1 1 0 1 1 0 0 1 0 1 0 0 0 0
400	18	0 1 1 1 0 0 1 1 0 0 1 1 1 0 0 0 0 0 0 0
400	9	1 0 1 1 1 0 0 1 1 0 0 0 1 1 1 0 0 0 1 0
400	14	1 1 1 1 0 0 1 0 0 0 1 1 1 1 0 0 0 0 0 0
400	20	1 1 1 1 0 0 1 1 1 0 0 1 0 1 0 0 0 0 0 0
400	4	1 1 1 0 0 0 1 1 0 0 0 1 0 1 0 0 0 0 0 1
400	14	1 1 1 1 0 0 1 1 0 1 1 0 1 1 1 0 0 0 0 0
400	14	1 1 1 1 0 0 0 1 0 0 1 0 0 1 0 1 1 0 0 0
400	22	1 1 1 1 0 0 1 1 0 0 1 1 1 0 1 0 0 0 0 0
400	3	1 0 1 1 0 0 1 1 0 0 1 1 1 1 1 0 0 0 0 0
400	4	1 1 1 1 0 0 1 1 0 0 0 1 0 1 0 0 0 0 1 0
400	26	1 1 1 1 1 0 1 0 0 0 0 0 1 1 1 0 0 0 0 0
400	10	1 0 1 1 0 0 1 1 0 0 1 0 1 1 0 0 0 0 0 0
400	4	1 1 1 1 1 0 1 1 0 0 0 1 0 1 0 0 0 0 0 1
400	15	0 1 1 1 0 0 1 1 0 0 1 0 0 1 0 1 0 0 0 0
400	4	1 1 1 0 0 0 1 0 0 0 1 1 1 1 1 0 0 0 0 0
400	3	1 1 1 1 1 0 1 1 0 0 0 0 0 1 0 0 0 0 0 0
400	6	1 1 1 1 0 0 1 1 0 0 1 0 0 1 0 0 0 0 0 0
400	2	0 1 0 1 0 0 0 1 0 1 0 1 0 1 1 1 0 0 0 0
400	1	1 1 1 1 0 1 1 0 0 0 1 1 1 1 1 0 0 0 0 0
400	7	1 1 1 1 0 1 1 1 0 0 1 1 1 1 1 0 0 0 0 0
400	10	1 1 1 1 0 0 1 1 0 1 0 1 1 0 1 0 0 0 0 0
400	5	1 0 1 1 0 0 1 0 0 0 1 0 1 1 0 0 0 0 0 0
400	3	1 0 1 1 1 0 0 1 1 0 0 0 1 1 1 0 0 0 0 0
400	1	0 1 0 1 0 0 1 1 0 0 0 1 0 1 1 1 0 0 0 0
400	5	1 1 1 1 0 0 0 1 0 0 0 0 0 1 0 1 0 0 0 0
400	4	1 1 1 1 0 1 1 1 0 0 1 0 1 1 0 0 0 0 0 0
400	8	0 1 1 1 0 0 1 1 0 0 1 0 1 1 1 0 0 0 0 0
400	1	1 0 1 1 0 0 1 1 0 0 1 0 1 0 1 0 0 0 0 0
400	9	1 0 1 1 0 0 1 0 0 1 1 0 1 1 1 0 0 0 0 0
400	5	1 1 1 1 1 0 1 0 0 1 0 0 1 1 1 0 0 0 0 0
400	4	1 1 1 1 1 0 0 1 1 0 0 0 1 1 1 0 0 0 1 0
400	7	1 1 1 1 0 1 1 1 0 0 0 1 0 1 0 0 0 0 0 0
400	11	1 1 1 1 0 0 0 1 0 1 1 0 0 1 0 1 0 0 0 0
400	10	1 1 1 1 0 1 0 1 1 0 1 0 1 1 1 0 0 0 0 0
400	7	1 1 1 1 0 0 1 1 0 0 0 1 0 1 0 1 0 0 0 0
400	2	1 1 1 1 1 1 1 1 0 1 0 0 0 1 1 0 0 0 0 0
400	7	1 1 1 1 0 0 0 1 0 0 1 0 0 1 0 0 0 0 0 0
400	3	1 1 1 1 0 0 1 1 0 1 0 0 0 1 1 0 0 0 0 0
400	4	1 1 0 1 0 0 1 1 0 0 0 1 1 0 1 0 0 0 0 0
400	6	1 1 1 1 0 0 1 1 0 0 0 0 1 1 1 0 1 1 0 0
400	4	1 1 1 1 1 0 1 1 1 1 0 0 1 1 1 0 0 0 1 0
400	16	1 1 1 1 0 0 1 1 0 0 0 1 0 1 0 0 1 0 1 0
400	5	1 1 1 1 1 0 1 0 0 0 0 0 1 0 1 0 0 0 0 0
400	6	1 0 1 1 0 1 1 1 0 0 0 1 0 1 0 0 0 0 0 0
400	4	1 0 1 1 0 0 1 1 0 1 1 1 0 1 0 1 0 0 0 0
400	6	1 0 1 1 0 0 0 1 1 0 0 0 1 1 1 0 0 0 1 0
400	3	1 1 1 1 0 0 1 1 0 0 0 1 0 1 1 0 0 0 0 0
400	3	1 0 1 1 0 0 0 1 0 1 0 0 0 1 1 0 0 0 0 0
400	1	1 1 1 1 0 0 1 1 0 0 0 0 1 1 1 1 0 0 0 0
400	1	1 1 1 1 0 1 1 1 0 0 0 0 1 1 0 1 0 0 0 0
400	5	1 1 1 1 0 0 0 1 0 1 1 0 0 1 1 0 0 0 0 0
400	12	1 1 1 1 0 0 1 1 0 0 0 0 0 1 1 1 0 0 0 0
400	2	0 1 1 1 0 0 1 1 0 1 0 1 0 1 0 0 0 0 0 0
400	2	1 1 1 1 0 0 1 1 0 1 0 1 0 1 0 1 0 0 0 0
400	6	1 1 1 1 0 1 1 1 0 0 1 0 0 1 0 0 0 0 0 0
400	3	1 0 1 1 1 0 0 1 1 0 0 0 1 1 1 0 0 0 0 1
400	6	0 1 1 1 0 0 1 1 0 0 1 1 1 1 1 0 0 0 0 0
400	8	1 1 1 1 0 0 1 0 0 0 1 0 1 1 0 0 0 0 0 1
400	4	1 1 1 1 0 0 1 1 0 0 0 0 1 1 1 0 0 0 1 0
400	3	0 1 0 1 0 0 0 1 0 1 1 0 0 1 0 1 0 0 0 0
400	16	1 1 1 1 0 0 1 1 0 0 1 1 0 1 0 0 0 0 0 0
400	2	1 0 1 1 0 0 1 1 0 0 1 0 1 1 0 0 1 0 0 0
400	4	0 1 1 1 0 0 1 1 0 0 1 1 0 0 0 0 0 0 0 0
400	9	1 1 1 1 0 0 0 1 0 0 1 1 1 0 1 0 0 0 0 0
400	9	0 1 1 1 0 1 1 1 0 0 0 1 0 1 0 0 0 0 0 0
400	2	0 0 1 1 0 0 1 1 0 0 1 0 1 1 1 0 1 0 0 0
400	6	1 1 1 1 0 0 1 0 0 0 0 1 0 1 0 0 0 0 1 0
400	1	0 1 0 1 0 1 0 1 0 1 0 1 0 1 1 1 0 0 0 0
400	1	1 1 1 1 1 0 1 1 1 1 0 0 1 1 1 0 0 0 1 1
400	4	1 1 1 1 0 0 0 1 0 0 0 1 0 1 0 0 1 0 1 0
400	4	0 1 0 1 0 0 0 1 0 1 1 0 0 1 0 1 1 0 0 0
400	3	1 1 1 1 0 0 0 1 0 1 0 0 0 1 0 0 0 0 0 0
400	7	1 1 1 1 1 0 0 1 1 0 0 1 1 0 1 0 0 0 0 0
400	1	1 1 1 1 1 0 1 1 1 1 0 0 1 1 1 0 0 0 0 0
400	3	0 1 1 1 0 0 1 0 0 0 1 0 1 1 1 0 0 0 0 0
400	9	1 0 1 1 0 0 1 1 0 1 1 0 1 1 1 0 0 0 0 1
400	2	1 1 1 1 1 0 1 0 0 0 0 0 1 1 1 0 0 1 0 0
400	1	1 1 1 1 1 0 1 1 1 0 0 0 0 1 0 0 0 0 0 0
400	3	1 0 1 1 0 0 0 1 0 0 0 0 1 1 0 0 0 0 0 1
400	1	1 1 1 1 1 1 1 1 0 1 0 0 0 1 1 0 0 0 0 1
400	4	1 1 1 0 0 0 0 1 0 0 1 0 0 1 0 0 0 0 0 0
400	2	1 1 1 1 0 0 1 0 0 0 1 0 0 1 1 1 0 0 0 0
400	3	1 1 1 1 0 0 1 1 1 0 0 1 0 1 0 0 0 0 1 0
400	3	1 1 1 1 1 0 1 0 0 0 0 0 0 1 0 1 0 0 0 0
400	7	1 1 1 1 0 0 1 1 0 1 0 1 0 1 0 0 1 0 0 0
400	3	1 1 1 1 0 0 1 0 0 1 1 0 1 1 1 0 0 0 0 0
400	2	1 1 1 1 0 0 0 1 1 0 0 0 1 1 1 0 0 1 0 0
400	2	1 1 1 1 0 0 1 1 0 0 0 1 1 1 1 1 0 0 0 0
400	2	1 1 1 1 0 0 1 1 0 0 0 1 1 1 1 0 1 0 0 0
400	3	1 0 1 1 0 0 1 1 0 0 0 0 1 1 0 0 0 0 0 0
400	4	1 0 1 1 0 0 1 0 0 1 1 0 1 1 0 0 0 0 0 0
400	2	1 1 1 1 0 0 1 0 0 0 1 1 0 0 0 0 0 0 0 0
400	4	1 0 1 1 0 0 1 1 0 0 0 1 0 1 0 1 0 0 0 0
400	1	1 1 1 1 0 0 1 1 0 0 1 0 1 1 0 0 1 0 0 0
400	2	1 1 1 1 0 0 1 1 0 0 0 0 1 1 0 1 0 0 0 0
400	2	0 1 1 1 0 0 1 1 1 1 0 0 0 1 1 0 0 0 0 0
400	1	1 1 1 1 0 0 0 1 0 1 0 0 0 1 1 0 0 0 0 1
400	1	1 1 1 1 1 0 1 1 0 0 0 1 0 1 0 0 0 0 0 0
400	3	1 1 1 1 0 0 0 1 0 1 0 1 0 1 0 0 0 0 0 0
400	1	1 1 1 1 0 0 1 1 1 1 1 0 0 1 0 1 0 0 0 0
400	1	1 1 1 1 0 0 1 1 1 0 1 1 0 1 0 0 0 0 0 0
400	6	1 0 1 1 1 0 0 0 1 0 0 0 1 1 1 0 0 0 0 1
400	1	0 1 1 1 0 0 0 0 0 0 1 0 1 1 1 0 0 0 0 0
400	1	1 1 1 1 0 0 1 1 0 0 1 0 1 1 1 0 1 0 0 0
400	2	1 1 1 1 0 0 1 1 1 0 1 1 1 0 1 0 0 0 0 0
400	2	1 1 1 1 0 0 1 1 0 0 1 0 0 1 0 1 0 0 0 0
400	1	1 1 1 1 0 1 1 1 1 0 0 0 1 1 1 0 0 0 0 0
400	1	1 0 1 1 0 0 1 1 0 0 0 0 0 1 1 0 0 0 0 0
400	1	1 1 0 1 0 0 0 1 0 1 1 0 0 1 0 1 0 0 0 0
400	3	1 1 1 0 0 0 1 0 0 0 1 0 1 1 1 0 0 0 0 0
400	1	1 1 1 1 0 1 1 1 1 1 0 0 1 0 1 0 0 0 0 0
400	4	1 1 0 1 0 0 1 1 0 0 1 0 1 1 0 0 0 0 0 0
400	2	0 1 1 1 0 0 1 1 0 1 1 0 0 1 0 1 0 0 0 0
400	1	1 1 1 1 0 0 1 1 0 0 1 1 1 0 1 1 0 0 0 0
400	1	1 1 1 1 0 0 1 0 0 0 0 0 1 1 1 0 1 1 0 0
400	1	1 1 1 1 0 0 1 1 0 0 0 1 0 1 0 0 1 1 1 0
400	1	1 1 1 1 0 0 1 0 0 0 0 0 1 0 1 0 0 0 0 0
450	61	1 1 1 1 0 0 1 1 0 0 0 0 0 1 0 1 0 0 0 0
450	85	1 1 1 1 0 0 1 1 0 0 0 1 0 1 0 0 0 0 0 0
450	5	1 1 1 1 0 0 1 1 1 0 0 0 1 1 1 0 0 0 0 0
450	3	1 1 1 1 0 0 1 0 0 0 1 0 1 1 1 0 0 0 0 0
450	5	1 1 1 1 0 1 1 1 0 1 0 0 1 0 1 0 0 0 0 0
450	13	1 1 1 1 0 0 1 1 1 0 0 1 0 1 0 0 0 0 0 0
450	18	1 1 1 1 0 0 0 1 0 0 1 0 0 1 0 1 1 0 0 0
450	8	1 1 1 1 1 0 1 1 0 0 0 1 0 1 0 0 0 0 0 1
450	55	1 1 1 1 0 0 0 1 0 0 0 0 0 1 0 1 0 0 0 0
450	25	1 1 1 1 0 0 0 1 0 1 1 0 0 1 0 1 0 0 0 0
450	5	1 1 1 1 0 1 1 1 0 0 1 0 0 1 0 0 0 0 0 0
450	1	0 1 1 1 0 0 1 0 0 0 1 0 1 1 1 0 0 0 0 0
450	36	1 0 1 1 0 0 1 1 0 0 0 1 0 1 0 1 0 0 0 0
450	8	1 1 1 1 0 0 1 1 1 0 1 1 0 1 0 0 0 0 0 0
450	42	1 1 1 1 0 0 1 1 0 0 1 0 0 1 0 1 0 0 0 0
450	81	1 1 1 1 0 0 0 1 0 0 0 1 0 1 0 0 0 0 0 0
450	20	1 0 1 1 0 0 1 1 0 0 0 1 0 1 1 0 0 0 0 0
450	3	1 1 1 1 1 0 1 1 0 0 1 0 0 0 0 1 0 0 0 0
450	12	1 0 1 1 0 0 1 1 0 1 1 0 1 0 1 0 0 0 0 0
450	49	1 0 1 1 1 0 0 0 1 0 0 1 0 1 0 0 0 0 0 0
450	10	1 1 1 1 0 0 1 1 1 1 0 0 0 1 1 1 0 0 0 0
450	1	1 1 1 1 1 0 1 0 0 0 1 0 1 1 1 1 1 0 0 0
450	22	1 0 1 1 0 0 1 1 0 0 0 1 0 1 0 0 0 0 0 0
450	4	1 1 1 1 0 0 1 1 0 1 0 1 1 0 1 0 0 0 0 1
450	15	1 0 1 1 1 0 1 1 0 0 1 0 0 1 0 1 0 0 0 0
450	8	1 1 1 1 1 0 1 1 0 0 0 1 0 1 0 1 0 0 0 0
450	6	1 1 1 1 0 0 1 0 0 0 1 0 0 1 0 0 0 0 0 0
450	7	1 1 1 1 0 1 0 1 0 0 1 1 0 1 1 0 0 0 0 0
450	2	1 1 1 1 1 0 1 0 0 0 0 0 0 1 0 1 1 0 0 0
450	1	1 1 1 1 0 0 1 1 0 0 1 0 1 0 1 0 0 0 0 0
450	16	1 1 1 1 0 0 0 1 0 0 0 1 0 1 0 0 0 0 1 0
450	8	1 1 1 1 1 0 1 1 0 1 0 0 0 1 1 0 0 0 0 0
450	2	1 1 1 1 0 0 1 1 0 0 0 1 0 1 0 0 0 0 1 0
450	6	1 1 1 1 1 0 1 0 0 0 1 0 1 1 1 0 0 0 0 0
450	2	1 0 1 1 0 0 1 1 0 0 1 0 0 1 1 1 0 0 0 0
450	4	1 1 1 1 0 0 0 1 0 0 0 0 0 1 1 0 0 0 0 0
450	20	1 0 1 1 0 0 1 1 1 0 0 0 0 1 0 1 0 0 0 0
450	24	1 1 1 1 1 0 1 1 0 0 0 1 0 1 0 0 1 0 1 0
450	1	1 0 1 1 0 0 1 0 0 0 1 0 0 1 0 0 0 0 0 0
450	2	1 1 1 1 0 0 0 1 0 0 1 0 0 1 0 1 0 0 0 0
450	3	1 1 1 1 0 0 1 1 0 0 0 1 0 1 1 1 0 0 0 0
450	20	1 1 1 1 0 0 1 1 0 0 1 0 0 1 0 1 0 1 0 0
450	12	1 1 1 1 0 1 0 1 0 0 0 0 0 1 0 1 0 0 0 0
450	29	1 0 1 1 0 0 1 1 0 0 0 0 0 1 1 0 0 0 0 0
450	3	1 1 1 1 1 0 1 1 0 0 0 1 0 1 0 1 0 0 0 1
450	14	1 1 1 1 0 0 1 1 0 0 0 0 0 1 0 0 0 0 0 0
450	2	1 0 1 1 1 0 0 0 1 0 1 1 0 1 0 0 0 0 0 0
450	9	1 1 1 1 0 1 0 1 0 0 0 1 0 1 0 0 0 0 0 0
450	8	1 1 1 1 1 0 0 1 0 0 0 1 0 1 0 0 0 0 0 0
450	4	1 1 1 0 0 1 1 0 0 0 1 1 1 1 0 0 0 1 0 0
450	2	0 1 1 1 0 0 1 1 1 0 0 1 0 1 0 0 0 0 0 0
450	9	1 1 1 1 1 0 0 1 0 0 0 0 0 1 0 1 0 0 0 0
450	2	1 1 1 1 0 0 1 0 0 0 1 0 0 1 0 1 0 0 0 0
450	5	1 0 1 1 0 0 0 1 0 0 1 0 0 1 0 1 0 0 0 0
450	12	1 0 0 1 1 0 0 0 1 0 0 1 0 1 0 0 0 0 0 0
450	1	1 1 1 1 0 0 1 1 0 0 0 0 0 0 0 1 0 0 0 0
450	5	1 1 1 1 0 0 0 1 0 0 0 1 0 1 0 0 0 1 0 0
450	9	1 1 1 1 0 0 0 1 0 0 0 1 0 1 0 1 0 0 0 0
450	4	1 0 1 1 0 1 1 1 0 1 0 0 1 0 1 0 0 0 0 0
450	4	1 1 1 1 1 1 0 1 0 0 1 1 0 1 1 0 0 0 0 0
450	11	1 0 0 1 0 0 0 1 0 0 0 0 0 1 0 1 0 0 0 0
450	8	1 1 1 1 0 0 1 1 1 0 0 1 0 1 0 0 0 0 0 1
450	5	1 1 1 1 1 0 1 0 0 0 0 0 0 1 0 0 0 0 0 0
450	1	1 1 0 1 0 0 1 1 0 0 0 0 0 1 0 1 0 0 0 0
450	6	0 1 1 1 0 0 1 0 0 0 1 0 1 0 1 0 0 0 0 0
450	4	0 1 1 1 0 0 1 0 0 0 1 0 0 1 0 0 0 0 0 0
450	1	1 0 1 1 1 0 1 0 1 1 0 1 0 1 0 0 0 0 0 0
450	2	1 1 1 1 1 0 1 1 0 1 0 0 0 0 1 0 0 0 0 0
450	4	1 1 1 1 1 0 0 0 1 0 0 1 0 1 0 0 0 0 0 0
450	4	1 0 1 1 0 0 1 1 0 1 1 1 0 1 0 0 0 0 1 0
450	4	1 0 1 1 0 0 1 1 0 0 1 1 1 1 1 0 0 0 0 0
450	5	1 1 0 1 0 0 0 1 0 0 1 0 0 1 0 1 0 0 0 0
450	2	1 1 1 1 1 1 1 1 0 0 0 1 0 1 0 0 0 0 0 1
450	3	1 1 1 1 0 1 1 1 0 1 1 0 0 1 0 0 0 0 0 0
450	7	1 1 1 1 0 0 0 1 0 0 0 1 0 1 1 0 0 0 0 0
450	10	1 0 0 1 0 0 1 0 0 0 1 1 0 1 0 0 0 0 0 0
450	7	1 1 1 1 0 0 1 1 0 0 0 1 0 1 0 0 0 1 0 0
450	3	1 1 1 1 0 0 1 1 0 0 1 0 0 1 0 1 0 0 1 0
450	1	0 1 1 1 0 0 0 1 0 0 0 1 0 1 0 0 0 0 0 0
450	2	1 0 1 1 1 0 0 1 1 0 0 1 0 1 0 0 0 0 0 0
450	4	1 1 1 1 0 1 0 1 0 0 1 0 0 1 0 0 0 0 0 0
450	3	1 1 0 1 0 0 0 1 0 0 0 0 1 0 1 0 1 0 0 0
450	3	0 1 1 1 0 0 1 1 1 1 1 0 1 1 0 0 0 0 0 0
450	3	1 1 1 1 0 1 1 1 0 0 0 1 0 1 0 0 0 0 0 0
450	1	1 0 0 1 0 0 1 1 0 0 0 1 0 1 0 1 0 0 0 0
450	4	1 1 1 1 1 1 1 1 0 0 0 1 0 1 0 0 1 0 1 0
450	1	1 1 1 1 0 0 0 0 0 0 0 0 0 1 0 1 0 0 0 0
450	5	1 1 0 1 0 0 1 1 0 0 0 0 0 1 1 1 0 0 0 0
450	1	1 0 1 1 1 0 1 0 1 1 1 1 0 1 0 0 0 0 0 0
450	1	1 0 1 1 1 0 1 1 0 1 0 0 0 0 1 0 0 0 0 0
450	1	1 1 1 1 0 0 1 1 0 0 1 1 0 1 1 0 0 0 0 0
450	2	1 1 1 1 0 1 1 1 0 0 1 0 0 1 0 1 0 0 0 0
450	1	1 0 1 1 0 0 1 1 0 0 0 1 0 1 0 0 0 1 0 0
450	1	1 1 1 1 0 0 0 1 0 0 0 1 0 1 0 0 0 0 0 1
450	2	1 1 1 1 0 0 1 0 0 0 0 1 0 1 0 0 0 0 0 0
450	1	1 0 1 1 1 0 1 1 0 1 0 1 1 0 1 0 0 0 0 1
450	2	1 1 1 1 1 0 1 1 0 0 0 0 1 1 1 0 0 0 0 0
450	3	1 1 1 1 1 1 1 1 0 0 0 1 0 1 0 0 0 0 0 0
450	1	1 0 1 1 1 0 0 0 1 1 0 1 0 1 0 0 0 0 0 0
450	1	1 1 0 1 0 0 0 1 0 0 1 0 0 1 0 1 0 0 0 1
450	1	1 0 1 1 0 0 1 1 0 0 0 1 1 0 1 0 0 0 0 1
450	2	1 1 1 0 0 0 1 1 0 0 0 1 0 1 0 0 0 0 0 0
450	1	1 0 1 1 0 0 1 1 0 0 0 1 0 1 1 1 0 0 0 0
450	1	1 0 1 1 1 0 0 0 1 0 0 1 0 1 0 0 0 0 1 0
450	1	1 1 1 1 1 0 1 1 0 0 1 0 0 1 0 1 0 0 0 0
450	2	1 1 1 1 0 0 1 1 0 0 0 1 0 1 0 1 0 0 0 0
450	1	1 1 1 1 1 0 1 1 1 0 0 1 0 1 0 1 0 0 0 0
450	1	1 0 1 1 0 0 1 1 0 0 0 0 0 1 0 1 0 0 0 0
450	2	1 1 1 1 0 0 1 1 0 0 0 0 0 1 0 0 1 0 0 0
450	1	1 0 1 1 0 0 0 1 0 0 1 0 0 1 0 1 0 0 0 1
450	1	1 1 1 1 0 0 0 1 0 0 0 1 0 1 1 1 0 0 0 0
450	2	1 0 1 1 0 1 0 1 0 1 0 0 1 0 1 0 0 0 0 0
500	1	1 1 1 1 0 0 1 1 0 0 0 0 0 1 0 1 0 0 0 0
500	7	1 1 1 1 0 0 0 1 0 1 1 0 0 1 0 1 0 0 0 0
500	21	1 0 1 1 0 0 1 1 0 0 0 1 0 1 0 1 0 0 0 0
500	6	1 1 1 1 0 0 0 1 0 0 0 1 0 1 0 0 0 0 0 0
500	35	1 0 1 1 1 0 0 0 1 0 0 1 0 1 0 0 0 0 0 0
500	124	1 0 1 1 0 0 1 1 0 0 0 1 0 1 0 0 0 0 0 0
500	29	1 0 1 1 0 0 1 1 1 0 0 0 0 1 0 1 0 0 0 0
500	26	1 1 1 1 0 1 0 1 0 0 0 1 0 1 0 0 0 0 0 0
500	20	1 1 1 1 0 0 0 1 0 0 0 1 0 1 0 1 0 0 0 0
500	54	1 0 0 1 0 0 0 1 0 0 0 0 0 1 0 1 0 0 0 0
500	16	1 0 0 1 0 0 1 0 0 0 1 1 0 1 0 0 0 0 0 0
500	21	1 0 1 1 1 0 1 0 1 1 1 1 0 1 0 0 0 0 0 0
500	1	1 1 1 1 0 0 1 1 0 0 1 1 0 1 1 0 0 0 0 0
500	15	1 1 1 1 0 0 1 1 0 0 0 1 0 1 0 1 0 0 0 0
500	5	1 0 1 1 0 0 1 1 0 0 0 0 0 1 0 0 0 0 0 0
500	9	1 0 1 1 0 0 1 1 0 0 0 0 0 1 0 1 0 0 0 0
500	45	1 0 1 1 1 0 1 1 0 0 1 0 0 0 0 1 0 0 0 0
500	16	1 0 1 1 1 0 1 1 0 1 0 0 0 1 1 0 0 0 0 0
500	21	1 1 1 1 0 0 1 1 0 0 1 1 0 1 0 1 0 0 0 0
500	6	1 1 1 1 0 0 0 1 0 0 1 1 0 1 0 1 0 0 0 1
500	41	1 0 1 1 1 0 0 1 1 0 0 1 1 1 0 0 0 0 0 0
500	5	1 1 1 1 0 0 0 1 0 0 0 0 0 1 0 0 0 0 0 0
500	2	1 0 1 1 0 0 0 1 0 1 0 0 1 1 0 1 0 0 0 0
500	77	1 0 1 1 1 0 1 1 0 0 0 1 0 1 0 1 0 0 0 0
500	12	1 1 1 1 0 0 0 1 0 0 0 0 0 1 1 0 0 0 0 0
500	6	1 0 1 1 0 0 1 1 0 0 1 1 0 1 0 0 0 0 0 0
500	13	1 1 1 1 0 0 1 1 0 1 0 0 0 1 0 1 0 0 0 0
500	13	1 0 1 1 0 0 1 1 0 0 1 1 0 1 0 1 0 0 0 0
500	3	1 1 1 1 0 0 0 1 1 0 1 0 0 0 0 1 0 0 0 0
500	5	1 1 1 1 0 0 0 1 0 1 1 1 0 1 1 0 0 0 0 0
500	8	1 0 1 1 1 0 0 0 1 1 0 1 0 1 0 0 0 0 0 0
500	9	1 1 1 1 1 0 1 1 0 1 0 0 0 1 1 0 0 0 0 0
500	4	1 1 1 1 0 1 1 1 0 0 0 1 0 1 0 0 0 0 0 0
500	5	1 0 1 1 0 1 0 1 0 0 0 1 0 1 0 0 0 0 0 0
500	2	1 1 1 1 0 1 0 1 0 0 0 0 0 1 0 0 0 0 0 0
500	8	1 0 1 1 1 0 1 0 0 0 1 1 0 1 0 0 0 0 0 0
500	3	1 0 1 1 0 0 1 1 1 0 0 1 1 1 0 1 0 0 0 0
500	10	1 1 1 1 0 0 1 1 0 1 1 1 0 1 1 0 0 0 0 0
500	6	0 1 1 1 1 0 1 1 0 0 1 0 0 1 0 1 0 0 0 0
500	3	1 1 0 1 0 0 1 1 0 0 0 0 0 1 0 1 0 1 0 0
500	13	1 0 0 1 1 0 0 1 1 0 0 1 1 1 0 0 0 0 0 0
500	2	1 1 1 1 0 1 0 1 0 1 1 0 0 1 0 1 0 0 0 0
500	6	1 0 1 1 1 0 1 1 0 0 0 1 0 1 0 0 0 0 0 0
500	2	1 0 1 1 1 0 1 1 0 0 1 1 0 1 0 0 0 0 0 0
500	3	1 1 1 1 0 0 1 1 0 0 1 1 0 1 1 1 0 0 0 0
500	4	0 0 1 1 0 0 1 1 0 0 0 1 0 1 1 0 0 0 0 0
500	1	1 1 1 1 0 1 0 1 0 0 0 0 0 1 0 1 0 0 0 0
500	3	1 0 1 1 0 0 1 1 0 0 0 1 0 1 1 0 0 0 0 0
500	3	1 0 1 1 0 1 1 1 0 0 0 1 0 1 0 0 0 0 1 0
500	2	1 1 1 1 0 0 1 1 0 1 0 0 0 1 1 0 0 0 0 0
500	6	1 0 1 1 0 0 1 1 0 0 0 1 0 0 0 1 0 0 0 0
500	1	1 0 0 1 0 0 1 0 0 0 0 1 0 1 0 0 0 0 0 0
500	8	1 1 1 1 0 0 0 1 0 0 1 1 0 1 0 1 0 0 0 0
500	10	1 0 1 1 1 0 1 0 0 0 1 1 0 1 0 0 0 0 0 1
500	4	1 0 1 1 0 0 0 1 0 0 0 1 0 1 0 0 0 0 0 0
500	6	1 1 1 1 1 0 1 1 0 0 0 1 0 1 0 1 0 0 0 0
500	5	1 0 0 1 0 0 1 1 0 0 0 0 0 1 0 0 0 0 0 0
500	7	1 0 0 1 1 0 1 0 1 1 1 1 0 1 0 0 0 0 0 0
500	9	1 0 1 1 1 0 0 1 1 0 0 1 0 1 0 0 0 0 0 0
500	2	1 0 1 0 1 0 1 0 1 1 1 1 0 1 0 0 0 0 0 0
500	7	1 1 1 1 1 0 1 0 0 1 0 0 0 1 1 0 0 0 0 0
500	2	1 0 1 1 0 0 0 1 0 0 0 1 0 1 0 1 0 0 0 0
500	8	1 0 1 1 1 0 1 1 0 0 1 1 0 1 0 1 0 0 0 0
500	10	1 0 0 1 1 0 0 1 1 0 0 1 1 1 0 1 1 0 0 0
500	5	1 0 1 1 1 0 0 1 0 0 0 0 0 1 0 1 0 0 0 0
500	8	1 1 1 1 1 0 0 1 0 0 0 0 0 1 0 1 0 0 0 0
500	1	1 1 1 1 1 0 1 1 0 0 1 0 0 1 0 1 1 0 0 1
500	5	1 1 1 1 0 0 1 1 0 1 1 0 0 1 0 1 0 0 0 0
500	21	1 0 1 1 1 0 1 0 1 1 1 1 0 1 0 0 0 1 0 0
500	2	1 0 1 1 0 0 1 1 0 0 1 1 1 1 0 0 0 0 0 0
500	1	1 1 1 1 0 0 0 1 1 0 0 1 1 1 0 0 0 0 0 0
500	2	1 0 1 1 1 0 1 1 1 0 0 1 1 1 0 0 0 0 0 0
500	2	1 0 1 1 1 0 0 0 0 0 0 1 0 1 0 0 0 0 0 0
500	5	1 0 1 0 0 0 1 1 0 0 0 1 0 1 0 0 0 0 0 0
500	1	0 0 1 1 0 0 1 1 0 0 0 1 0 1 0 0 0 0 0 0
500	9	1 0 1 1 0 0 1 1 0 0 0 1 0 1 0 0 0 1 0 0
500	3	1 1 1 1 0 0 1 1 0 0 0 1 0 0 0 1 0 0 0 0
500	4	1 0 1 1 1 0 1 1 0 0 0 1 0 1 1 1 0 0 0 0
500	1	1 1 0 1 0 0 1 1 0 0 0 0 0 1 0 1 0 1 1 0
500	3	1 0 0 1 0 0 1 0 1 1 1 1 0 1 0 0 0 0 0 0
500	1	1 0 1 1 0 0 0 1 0 1 0 0 0 1 0 1 0 0 0 0
500	7	1 0 1 1 1 0 0 0 1 1 0 0 0 1 0 0 0 0 0 0
500	4	1 1 1 1 1 0 1 1 0 1 0 0 0 1 1 0 0 0 1 0
500	1	0 1 1 1 0 0 0 1 0 0 0 1 1 1 0 1 0 0 0 0
500	1	1 0 1 1 0 0 0 1 0 0 0 0 0 1 0 1 0 0 0 0
500	3	1 0 0 1 1 0 0 1 0 0 0 1 0 1 0 0 0 0 0 0
500	4	1 1 1 1 0 0 1 1 0 0 0 1 0 1 0 0 0 0 0 0
500	1	1 0 1 1 0 0 1 0 1 1 1 1 0 1 0 0 0 0 0 0
500	3	1 0 0 1 0 0 1 1 0 0 0 0 0 1 0 1 0 0 0 0
500	3	1 0 1 1 1 0 1 1 1 0 1 0 0 0 0 1 0 0 0 0
500	1	1 0 1 1 1 0 1 1 0 1 0 0 0 1 1 0 0 0 1 0
500	4	1 0 1 1 1 0 1 1 0 0 0 1 0 1 0 1 0 0 0 1
500	1	1 0 1 1 0 0 1 1 0 0 1 1 1 1 0 1 0 0 0 0
500	3	1 1 1 1 1 0 1 1 0 0 1 1 0 1 1 1 0 0 0 0
500	1	1 0 1 1 0 0 1 1 0 0 0 0 0 0 0 1 0 0 0 0
500	1	1 0 1 1 0 0 1 1 0 1 1 1 0 1 0 0 0 0 0 0
500	1	1 1 1 1 0 0 0 0 1 0 0 1 0 1 0 0 0 0 0 0
500	4	1 0 1 1 1 0 1 0 1 1 1 1 0 1 0 1 0 0 0 0
500	4	0 0 1 1 0 0 1 1 0 0 0 1 0 1 0 0 0 1 0 0
500	2	1 0 1 1 1 0 1 0 0 0 0 1 0 1 0 1 0 0 0 0
500	2	1 0 1 1 1 0 1 0 0 0 1 1 0 0 0 0 0 0 0 0
500	2	1 0 1 1 1 0 1 1 1 0 0 1 1 1 0 1 0 0 0 0
500	1	1 1 1 1 0 1 0 1 0 0 1 0 0 1 0 1 0 0 0 0
500	4	1 0 1 1 0 0 1 1 0 0 0 0 0 1 0 0 0 0 1 0
500	1	1 1 1 1 0 0 0 1 0 0 0 1 0 1 1 0 0 0 0 0
500	3	1 0 1 1 1 0 0 1 0 0 0 0 1 1 0 0 0 0 0 0
500	2	1 0 1 1 0 0 1 1 0 0 0 1 0 1 0 0 1 0 0 0
500	4	1 1 0 1 0 0 1 0 0 0 1 1 0 1 0 0 0 0 0 0
500	1	1 0 1 1 1 0 1 0 1 1 0 1 0 1 0 0 0 0 0 0
500	1	1 1 1 1 0 0 1 1 0 0 1 1 0 1 0 1 1 0 0 0
500	3	1 0 1 1 0 0 0 1 1 0 0 1 1 1 0 0 0 0 0 0
500	1	1 0 1 1 1 0 1 1 0 0 0 1 0 1 0 1 1 0 0 0
500	3	1 1 1 1 0 0 0 1 0 1 0 0 0 1 1 0 0 0 0 0
500	1	1 1 1 1 0 0 1 1 0 0 0 0 1 1 0 1 0 0 0 0
500	2	1 1 1 1 0 1 0 1 0 0 0 1 1 1 0 0 0 0 0 0
500	1	0 0 0 1 0 0 0 1 0 0 0 0 0 1 0 1 0 0 0 0
500	1	1 0 1 0 1 0 1 1 0 0 1 0 0 0 0 1 0 0 0 0
500	2	1 0 1 1 1 0 1 1 0 0 1 0 0 0 0 0 0 0 0 0
500	2	1 0 1 1 1 0 1 1 0 1 0 1 0 1 0 0 0 0 0 0
500	3	1 0 1 1 1 0 1 1 0 1 0 0 0 1 1 0 0 1 1 0
