0	12	1 0 0 0 0 0 0 0 1 0 0 0 1 0 1 0 0 1 0 0
0	15	0 0 0 1 1 0 0 0 0 0 0 0 1 0 0 0 1 0 0 1
0	17	0 1 0 1 0 0 0 0 0 0 0 1 0 0 0 0 1 0 0 0
0	6	0 0 0 0 0 1 0 0 0 0 0 0 0 0 1 0 0 1 0 0
50	12	1 0 0 0 0 0 0 0 1 0 0 0 1 0 1 0 0 1 0 0
50	1	1 0 0 0 0 0 0 0 1 0 0 0 1 0 1 0 1 0 0 0
50	1	1 0 0 0 0 0 0 0 1 0 0 0 0 0 1 0 0 1 0 0
50	2	1 0 0 0 0 0 0 0 1 0 0 0 1 0 1 1 0 1 0 0
50	5	1 0 0 0 0 0 0 0 1 0 0 0 1 0 1 0 0 1 0 1
50	1	1 1 0 0 0 0 0 0 1 0 0 0 1 0 1 0 0 1 0 0
50	1	1 0 0 1 1 0 0 0 0 0 0 0 1 0 0 0 1 0 0 1
50	2	1 0 0 0 0 0 0 0 1 0 0 0 1 1 1 0 0 1 0 0
50	2	1 0 0 1 0 0 0 0 1 0 0 0 1 1 1 0 0 1 0 0
50	1	1 0 0 1 1 0 0 0 0 0 0 0 1 0 0 0 1 1 0 1
50	1	1 1 1 0 0 0 0 0 0 0 0 1 0 0 0 0 1 0 0 0
50	2	1 0 0 1 0 1 0 0 0 0 0 1 0 0 0 0 1 0 0 1
50	1	0 0 0 1 1 0 0 0 1 1 0 0 1 0 0 0 1 0 0 0
50	1	1 0 0 1 0 1 0 0 1 0 0 0 1 0 1 0 0 1 0 0
50	2	1 0 0 0 1 0 0 0 0 0 0 0 0 0 0 0 1 0 0 1
50	3	1 0 0 1 1 1 0 0 0 0 0 1 0 0 0 0 1 0 0 1
50	1	1 0 0 0 1 0 0 0 1 0 0 0 1 0 1 0 0 1 0 0
50	1	1 0 0 0 0 0 0 0 1 1 0 0 1 0 1 1 0 1 0 0
50	1	1 0 0 0 0 0 0 0 1 0 0 0 1 0 1 0 1 1 0 0
50	2	1 0 0 1 1 0 0 0 0 0 0 1 1 0 0 0 1 0 0 1
50	1	1 0 0 0 1 1 0 0 0 0 0 0 0 0 1 0 1 1 0 0
50	1	1 0 0 0 0 0 1 0 1 0 1 0 1 0 1 0 0 1 0 1
50	2	1 0 0 0 0 0 0 0 1 0 0 0 0 0 1 0 0 1 0 1
50	1	1 0 0 0 0 0 0 1 1 0 0 0 1 0 1 0 0 0 0 0
50	1	1 0 0 1 0 0 0 0 1 0 0 0 1 0 1 1 0 1 0 0
50	1	1 0 1 0 0 0 0 0 1 1 1 1 1 0 1 0 0 1 0 0
100	2	1 0 0 0 0 0 0 0 1 0 0 0 1 0 1 0 0 1 0 0
100	2	1 0 0 0 0 0 0 0 1 0 0 0 1 0 1 1 0 1 0 0
100	1	1 0 0 0 0 0 0 0 1 0 0 0 1 0 1 0 0 1 0 1
100	3	1 0 1 0 0 0 0 0 1 0 0 1 1 0 1 0 0 1 0 0
100	2	1 0 0 0 0 0 0 0 1 0 0 0 1 0 1 0 0 0 0 0
100	1	1 0 0 1 1 0 0 0 0 0 0 1 1 0 0 0 1 0 0 1
100	2	1 0 1 0 0 0 0 0 1 0 0 1 1 0 0 0 0 1 0 1
100	1	1 0 0 0 0 0 0 0 1 0 0 1 1 0 0 0 1 0 0 1
100	2	1 0 1 0 0 0 0 0 1 0 0 0 1 0 0 0 0 1 0 1
100	1	1 1 1 0 0 0 0 0 1 0 0 1 1 0 0 0 0 1 0 1
100	3	1 0 0 0 0 0 0 0 1 0 1 0 1 0 1 0 0 0 0 1
100	2	1 0 0 0 0 0 0 0 1 0 0 1 1 0 0 0 0 1 0 1
100	2	1 0 1 0 0 0 0 0 0 0 0 1 1 0 0 0 0 1 0 1
100	1	1 1 1 0 0 0 0 0 1 0 0 0 1 0 0 0 0 1 0 1
100	2	1 0 0 0 0 0 0 0 1 1 1 0 1 0 1 1 0 0 0 0
100	1	1 0 0 0 0 0 0 0 1 0 0 1 0 0 0 0 1 0 0 1
100	1	1 0 0 0 0 0 0 0 1 0 0 1 0 0 1 0 0 1 0 0
100	3	1 1 1 1 0 0 0 0 1 0 0 0 1 0 0 0 0 1 0 1
100	1	1 0 0 0 0 0 0 1 1 0 0 0 1 0 1 0 0 1 0 0
100	1	1 0 1 0 0 0 0 0 1 0 0 1 1 0 0 1 0 1 0 0
100	2	1 0 1 1 0 1 0 0 0 0 0 1 0 0 0 0 1 0 0 1
100	1	1 1 0 0 0 0 0 0 0 0 0 1 1 0 0 0 0 1 0 1
100	1	1 0 0 1 1 0 0 0 0 1 0 1 1 0 0 0 1 0 0 1
100	1	1 0 0 0 1 0 0 0 1 0 0 0 0 0 1 0 0 1 1 0
100	1	0 0 1 0 0 0 0 0 1 0 0 0 1 0 1 0 0 1 0 0
100	1	1 0 1 0 0 0 0 0 1 0 0 1 1 0 1 0 1 0 0 1
100	1	1 0 0 0 0 0 1 0 1 0 0 1 1 0 0 0 0 1 0 1
100	1	1 0 1 0 0 0 0 0 1 0 0 0 1 0 1 1 0 1 0 1
100	1	1 0 0 0 0 0 0 0 1 0 0 1 1 0 1 0 0 1 0 0
100	1	1 0 0 1 1 0 1 0 0 0 0 1 1 0 0 0 0 1 0 1
100	1	1 0 0 0 1 0 1 0 1 0 0 1 1 0 0 0 0 1 0 1
100	1	1 0 0 1 1 0 0 0 0 0 0 1 1 0 0 0 1 1 0 1
100	1	1 0 0 0 0 0 0 0 1 0 1 0 0 0 1 0 0 0 0 0
100	1	0 0 0 0 1 0 0 0 1 0 0 0 1 0 1 0 0 1 0 1
100	1	1 0 0 1 1 0 1 0 1 1 0 0 1 0 1 1 0 1 0 0
150	6	1 0 1 0 0 0 0 0 1 0 0 1 1 0 0 0 0 1 0 1
150	1	1 0 0 0 0 0 0 0 1 0 0 1 1 0 0 0 0 1 0 1
150	4	1 1 1 1 0 0 0 0 1 0 0 0 1 0 0 0 0 1 0 1
150	1	1 0 0 0 0 0 0 0 1 0 0 1 1 0 1 0 0 1 0 0
150	2	1 1 1 0 1 0 0 0 1 0 0 0 1 0 0 0 0 1 0 1
150	3	1 1 1 0 0 0 0 0 1 0 0 1 1 0 0 0 1 0 0 1
150	1	1 1 0 0 0 0 0 0 1 0 0 0 1 0 0 0 0 1 0 1
150	1	1 1 1 1 0 0 0 0 1 0 0 0 1 0 1 0 0 1 0 1
150	1	1 0 1 0 1 0 0 0 1 0 0 0 0 0 1 0 0 1 0 1
150	2	1 0 0 1 0 1 0 0 0 0 0 1 0 0 1 0 1 0 0 1
150	1	1 0 0 0 0 0 0 0 1 0 0 1 1 0 0 0 1 0 0 1
150	1	1 0 1 0 0 0 0 0 1 0 0 1 1 0 0 0 0 1 1 1
150	5	1 1 1 1 0 0 0 0 1 1 0 0 1 0 0 0 0 1 0 1
150	1	0 0 1 0 0 0 0 0 1 0 1 1 1 0 0 0 0 1 0 1
150	1	1 1 1 1 0 0 0 0 1 0 0 0 1 1 0 0 0 1 0 1
150	1	1 0 1 1 0 1 0 0 0 0 0 1 1 0 0 0 1 0 0 1
150	2	1 0 1 1 0 1 0 1 0 0 0 1 0 0 0 0 1 0 0 1
150	2	1 0 0 1 1 0 0 0 0 0 0 1 1 1 0 0 1 0 0 1
150	1	1 0 1 0 0 0 0 0 1 0 0 1 1 0 1 0 1 0 0 1
150	1	1 1 0 0 0 0 0 0 1 0 0 0 1 0 0 1 0 1 0 1
150	1	1 1 1 1 1 0 0 1 0 0 0 1 1 0 0 0 1 0 1 1
150	3	1 0 1 1 0 0 0 0 1 0 0 0 1 0 0 0 0 1 0 1
150	1	1 0 1 1 1 0 0 0 0 0 0 1 1 0 0 0 1 0 0 1
150	1	1 0 1 0 0 0 0 0 1 1 0 1 1 0 0 0 0 1 0 1
150	1	1 0 0 1 0 0 0 0 1 0 0 1 1 0 0 0 0 0 0 1
150	1	1 0 1 0 1 1 0 0 1 0 0 0 1 0 1 0 0 1 0 1
150	1	1 1 1 0 1 0 0 0 1 0 0 0 0 0 0 0 1 0 0 1
150	1	1 1 1 0 0 0 0 0 1 0 0 1 0 0 1 0 0 0 0 1
150	1	1 0 1 1 0 1 0 0 0 0 0 1 1 0 1 0 1 1 0 1
150	1	1 0 1 1 0 1 0 1 0 0 0 1 0 0 0 0 0 1 0 1
200	2	1 0 0 1 1 0 0 0 0 0 0 0 1 0 0 0 1 0 0 1
200	7	1 1 1 1 0 0 0 0 1 0 0 0 1 0 0 0 0 1 0 1
200	1	1 0 1 0 0 0 0 0 1 0 0 0 1 0 1 1 0 1 0 1
200	2	1 0 1 1 1 0 0 0 0 0 0 1 1 0 0 0 1 0 0 1
200	1	1 1 0 1 0 0 0 0 1 0 0 1 1 0 0 0 0 0 0 1
200	2	1 0 0 1 0 1 0 0 0 0 0 1 0 0 1 0 0 1 0 1
200	1	1 1 1 1 0 0 0 0 1 0 0 1 1 0 0 0 0 0 0 1
200	1	1 1 0 1 0 0 0 0 1 0 0 1 1 0 0 0 0 1 0 1
200	3	1 1 1 0 0 0 0 0 1 0 0 0 0 0 0 0 0 0 0 1
200	1	1 1 1 1 0 0 0 0 1 0 0 1 1 0 0 0 0 1 0 1
200	1	1 0 0 0 0 1 0 0 1 0 0 1 0 0 0 0 1 0 0 1
200	3	1 0 1 0 0 0 1 0 1 0 0 1 1 0 0 0 0 1 0 1
200	1	1 0 1 1 0 0 0 0 1 0 0 1 1 0 0 0 0 1 0 1
200	1	1 0 0 1 0 1 0 0 0 0 0 1 1 0 1 0 1 0 0 1
200	2	1 0 1 1 0 1 0 0 1 0 0 0 1 0 0 0 0 1 0 1
200	3	1 1 1 1 0 1 0 0 1 0 0 0 0 0 1 0 0 0 0 1
200	1	1 1 1 0 0 0 0 0 1 0 0 0 0 1 0 0 0 1 0 1
200	2	1 1 0 1 0 0 0 0 1 0 1 1 1 0 0 0 0 0 0 1
200	2	1 0 0 1 0 1 0 0 0 0 0 1 1 0 1 1 0 1 0 1
200	1	1 1 1 1 0 1 0 0 1 0 0 1 1 0 1 1 0 1 0 1
200	1	1 1 0 0 0 0 0 0 1 0 0 1 0 0 1 0 0 0 0 1
200	1	1 0 1 1 0 1 0 0 1 0 0 1 1 0 0 0 0 0 0 1
200	1	1 0 1 1 0 1 0 0 1 0 0 0 0 0 0 0 0 0 0 1
200	1	1 0 0 1 0 0 0 0 1 0 0 1 1 0 0 0 0 1 0 1
200	1	1 0 1 1 0 1 0 0 1 0 0 1 1 0 1 1 0 0 0 1
200	1	1 0 1 1 0 0 0 0 1 0 0 0 1 1 0 0 0 1 0 1
200	1	1 0 1 1 0 0 0 0 1 0 0 1 1 0 0 0 1 0 0 1
200	1	1 1 1 1 0 0 0 0 0 0 0 1 1 0 0 0 0 1 0 1
200	1	1 1 0 1 0 0 0 0 0 0 0 1 1 1 0 0 0 1 0 1
200	1	1 0 1 1 0 1 0 1 1 0 0 1 1 0 0 0 0 0 0 1
200	1	1 0 1 1 0 0 0 0 1 0 0 0 1 0 0 0 0 1 1 1
200	1	1 0 1 1 0 0 0 0 1 0 1 1 1 0 0 0 0 1 0 1
250	3	1 1 1 1 0 0 0 0 1 0 0 0 1 0 0 0 0 1 0 1
250	3	1 0 1 1 0 1 0 0 0 0 0 1 1 0 1 0 0 0 0 1
250	2	1 0 1 1 0 0 0 0 1 0 0 0 1 0 0 0 0 0 0 1
250	6	1 1 1 1 0 0 0 0 1 0 0 1 1 1 0 0 1 0 0 1
250	2	1 1 1 1 0 0 0 0 1 0 0 0 0 0 0 0 0 0 0 1
250	2	1 0 1 1 0 1 0 0 1 0 0 1 1 0 1 1 0 0 0 1
250	2	1 0 1 1 0 1 0 0 1 0 0 1 1 0 1 0 0 0 0 1
250	1	1 0 1 1 0 0 0 0 1 0 0 0 1 1 0 0 0 1 0 1
250	2	1 1 1 1 0 0 1 0 1 0 1 0 1 1 0 1 0 1 0 1
250	1	1 1 1 1 0 0 1 0 1 0 0 1 1 0 0 0 0 1 0 1
250	1	1 1 1 1 0 0 0 0 1 0 0 0 1 0 0 0 0 0 0 1
250	2	1 1 1 1 0 0 0 0 1 0 0 0 0 0 0 0 1 0 0 1
250	1	1 0 1 1 0 0 1 0 1 0 0 0 1 0 0 0 0 0 0 1
250	1	1 0 1 1 0 1 0 0 1 0 0 0 0 0 0 0 1 0 0 1
250	1	1 1 0 1 0 1 0 0 1 0 0 1 1 0 0 0 0 0 0 1
250	1	1 1 0 1 1 0 0 0 1 0 1 1 1 0 0 0 0 0 0 1
250	1	1 1 1 1 0 0 1 0 0 0 0 0 1 1 0 1 0 0 0 1
250	1	1 1 1 1 0 0 1 1 1 0 0 0 1 1 0 1 0 0 0 1
250	1	1 1 1 0 0 0 0 0 1 0 0 0 1 0 0 0 0 1 0 1
250	1	1 1 1 0 0 1 0 0 1 0 0 1 1 0 1 1 0 0 0 1
250	1	1 1 1 1 0 0 0 0 1 0 0 1 1 1 0 0 1 1 0 1
250	1	1 0 1 0 0 0 1 0 1 0 0 1 1 0 1 1 0 1 0 1
250	1	1 0 1 1 0 1 0 0 0 1 0 1 1 0 1 0 0 0 0 0
250	1	1 0 1 1 0 0 0 0 1 0 0 1 1 1 0 0 1 0 0 1
250	1	1 1 1 1 0 1 0 0 0 0 0 1 1 0 0 0 0 1 0 1
250	1	1 1 0 1 0 0 0 0 1 0 0 0 1 0 0 0 0 1 0 1
250	2	1 1 1 1 0 0 1 0 1 1 0 0 1 1 0 1 0 0 0 1
250	1	1 1 0 1 0 1 1 0 1 0 0 1 1 0 0 0 0 0 0 1
250	1	1 1 0 1 0 1 0 0 1 0 0 1 1 1 0 0 1 0 0 1
250	1	1 1 1 1 0 0 0 0 1 1 0 0 0 0 0 0 1 0 0 1
250	1	1 1 1 0 1 1 0 0 1 0 0 0 1 0 0 0 0 1 0 1
250	1	1 1 1 1 1 0 0 0 1 0 0 0 1 1 0 0 0 1 0 1
250	1	1 1 1 1 0 0 0 0 1 0 1 0 1 0 0 0 0 0 0 1
250	1	1 1 0 1 0 0 0 0 1 0 0 1 1 0 0 0 1 0 0 1
300	2	1 0 1 1 0 0 0 0 1 0 0 0 1 0 0 0 0 0 0 1
300	1	1 1 1 1 0 0 1 1 1 0 0 0 1 1 0 1 0 0 0 1
300	1	1 0 1 1 0 0 0 0 1 0 0 1 1 0 0 0 0 1 1 1
300	1	1 1 1 1 0 0 0 0 1 1 0 0 0 0 0 0 1 0 0 1
300	2	1 1 0 1 0 1 0 0 1 0 0 1 1 0 0 1 0 0 0 1
300	1	1 1 1 1 0 1 0 0 0 0 0 1 1 0 0 0 0 0 0 1
300	3	1 0 1 1 0 1 0 0 1 0 0 1 1 0 0 0 0 0 0 1
300	1	1 1 1 1 0 1 0 0 1 0 0 0 0 0 1 1 0 0 0 1
300	2	1 1 1 1 0 0 1 1 1 0 0 1 1 0 1 1 0 0 0 1
300	2	1 1 1 1 0 1 0 0 0 0 0 1 1 1 1 0 0 0 0 1
300	1	1 0 0 1 0 1 0 0 0 0 0 1 1 0 0 1 0 1 0 1
300	1	1 0 1 0 0 0 0 0 1 0 1 1 1 0 0 0 0 0 0 1
300	1	1 1 1 1 0 0 1 0 1 0 1 1 0 0 0 0 0 0 0 1
300	1	1 0 0 1 0 1 0 0 0 0 0 1 1 0 0 0 0 0 0 1
300	2	1 1 1 0 1 1 1 1 1 0 0 1 1 1 0 0 0 0 0 1
300	1	1 1 1 1 0 1 0 0 0 0 0 0 1 0 0 0 0 0 0 1
300	2	1 1 1 1 0 0 0 1 0 1 1 0 1 0 1 1 0 0 0 1
300	1	1 1 1 1 0 1 0 0 0 0 0 1 1 0 0 1 0 0 0 1
300	2	1 1 1 1 1 0 1 0 1 0 1 0 1 1 1 1 0 0 0 1
300	1	1 0 0 1 1 0 1 0 0 0 0 1 1 0 1 0 0 0 0 1
300	1	1 1 1 1 0 1 0 0 0 1 0 1 1 1 1 0 0 0 0 1
300	2	1 1 1 1 0 0 0 1 0 0 0 1 1 0 1 1 0 0 0 1
300	1	1 0 1 1 0 1 0 0 0 0 1 1 1 0 0 0 1 0 0 1
300	2	1 0 1 1 0 1 0 0 1 0 0 0 0 0 1 1 0 0 0 1
300	1	1 1 1 1 0 1 0 0 1 0 1 1 1 0 0 0 0 0 0 1
300	1	1 1 1 0 0 1 0 0 0 0 0 1 1 1 1 0 0 0 0 1
300	1	1 1 1 1 0 0 1 0 1 0 1 1 0 0 0 0 0 0 0 0
300	1	1 1 1 1 0 0 0 0 1 0 0 1 1 1 0 0 0 0 0 1
300	1	1 0 0 1 1 1 0 0 0 0 0 1 1 0 0 0 0 0 0 1
300	1	1 1 1 1 0 0 0 1 1 0 0 0 1 1 0 1 0 0 0 1
300	1	1 1 1 1 1 0 0 0 1 0 1 1 0 0 0 0 0 0 0 1
300	1	1 0 0 1 1 0 1 0 0 0 0 1 1 0 1 1 0 1 0 1
300	1	1 1 1 1 0 0 0 1 0 1 0 1 1 0 1 1 0 0 0 1
300	1	1 0 1 1 0 1 0 0 0 0 0 1 1 1 1 0 0 0 0 1
300	1	1 1 1 1 0 0 0 0 1 0 0 0 0 1 0 0 1 0 0 0
300	1	1 1 1 1 0 0 1 0 0 0 1 0 1 1 0 0 0 1 1 1
300	1	1 1 0 1 1 0 1 0 0 0 0 0 1 1 1 0 0 0 0 1
300	1	1 0 1 1 0 1 0 0 1 0 0 1 1 1 1 1 0 0 0 1
300	1	1 0 0 1 0 1 0 0 0 0 0 1 0 0 0 0 1 0 0 1
350	1	1 1 1 1 0 0 1 1 1 0 0 1 1 0 1 1 0 0 0 1
350	2	1 1 1 1 0 0 1 0 1 0 1 1 0 0 0 0 0 0 0 1
350	4	1 0 1 1 0 1 0 0 0 1 0 1 1 0 1 1 0 1 0 1
350	3	1 1 1 1 0 0 1 0 1 0 1 1 0 0 0 0 0 0 0 0
350	1	1 0 0 1 0 1 0 0 1 0 0 0 1 0 0 0 0 0 0 1
350	2	1 1 1 1 0 1 0 0 1 0 0 0 1 0 1 0 0 0 0 0
350	1	1 1 1 1 0 1 0 1 1 0 0 0 0 0 1 0 0 1 0 1
350	1	1 1 1 1 0 0 1 1 0 1 0 1 1 0 1 0 0 0 0 1
350	1	1 0 1 1 1 1 0 0 0 1 0 1 1 0 1 1 0 1 0 1
350	3	1 0 1 1 0 1 0 0 1 0 1 1 0 0 0 0 0 0 0 0
350	1	1 1 1 1 0 0 0 1 0 1 1 0 1 0 1 0 0 0 0 0
350	2	1 1 1 0 0 0 0 0 1 0 1 1 1 1 0 1 0 0 0 1
350	1	1 1 1 1 0 1 0 1 0 1 0 1 1 1 1 0 0 0 0 1
350	1	1 1 1 1 0 1 1 0 0 0 1 0 1 1 0 1 0 0 0 1
350	2	1 1 1 1 0 0 0 0 0 0 1 0 1 1 1 0 0 0 0 1
350	1	1 0 1 1 0 1 0 0 1 0 0 0 1 0 0 0 0 0 0 1
350	1	1 0 1 1 0 1 1 0 0 0 1 0 1 1 0 1 0 0 0 1
350	1	1 1 1 1 0 0 1 0 0 1 1 0 1 1 0 1 0 0 1 1
350	2	1 1 1 1 0 1 1 0 1 0 1 1 0 0 0 0 0 0 0 1
350	2	0 1 1 1 0 0 0 0 1 0 1 1 0 0 0 0 0 0 0 0
350	3	1 0 1 1 0 1 0 0 1 0 1 1 0 0 1 0 0 0 0 0
350	3	1 0 1 1 1 0 0 0 0 0 0 1 1 1 0 1 0 0 0 1
350	1	1 0 1 1 0 1 0 0 0 1 0 0 1 1 0 1 0 0 0 1
350	1	1 1 1 1 0 0 0 0 0 0 0 1 1 0 0 0 1 0 0 1
350	1	1 1 1 1 0 1 0 0 0 0 0 1 1 1 1 0 0 0 0 0
350	1	1 0 0 1 0 1 0 0 1 1 0 0 1 0 0 0 0 0 0 1
350	1	1 0 1 1 1 0 0 0 0 0 0 1 1 0 0 1 0 0 0 1
350	1	1 1 1 1 0 0 1 0 1 0 1 0 0 1 0 1 0 0 0 1
350	1	1 1 1 1 0 0 0 0 1 0 0 1 1 1 0 0 1 0 0 0
350	1	1 0 1 1 0 0 0 0 1 0 1 1 0 1 0 0 0 0 0 0
350	1	1 0 1 1 0 1 0 0 0 1 0 1 1 0 0 0 0 0 0 1
350	1	1 1 1 1 0 0 0 1 0 1 1 0 1 0 1 0 1 0 0 0
350	1	1 1 1 0 0 0 1 1 0 0 1 0 1 0 0 1 0 0 0 1
400	1	1 1 1 1 0 0 1 0 1 0 1 1 0 0 0 0 0 0 0 1
400	2	1 1 1 0 0 0 0 0 1 0 1 1 1 0 0 0 0 0 0 0
400	4	1 1 1 1 0 0 1 1 0 0 1 0 1 1 0 1 0 0 0 1
400	2	1 1 1 1 0 0 1 1 0 1 0 1 1 0 1 0 0 0 0 1
400	2	1 1 1 0 0 0 0 0 0 0 1 1 1 1 0 1 0 0 0 1
400	2	1 1 1 1 0 0 1 0 0 1 0 1 1 0 1 0 0 0 0 1
400	1	1 0 1 1 0 1 1 0 0 0 1 0 1 1 0 1 0 0 0 1
400	1	1 1 1 1 1 0 0 0 1 0 0 1 1 0 0 1 0 0 0 0
400	4	1 1 1 1 0 0 0 1 0 0 1 0 1 0 1 1 0 0 0 0
400	2	1 1 1 0 0 1 0 0 0 1 0 1 1 0 1 0 0 0 0 1
400	1	1 1 1 1 0 0 1 0 1 1 1 0 1 0 1 0 0 0 0 0
400	1	1 1 1 1 1 0 0 0 0 0 1 0 1 1 1 1 0 0 0 1
400	1	1 1 1 1 1 0 1 0 0 1 1 0 1 1 0 1 0 0 1 1
400	1	1 1 1 1 0 0 1 1 0 0 0 0 1 1 0 1 0 0 0 1
400	1	1 0 1 1 0 1 0 0 0 1 0 1 0 0 1 0 0 0 0 1
400	1	1 1 1 1 0 0 0 1 0 0 1 0 1 1 0 1 1 0 0 1
400	2	1 1 1 1 1 1 0 0 0 1 0 1 1 1 1 1 0 0 0 1
400	1	1 1 1 1 0 0 1 0 0 1 1 0 1 1 0 1 0 0 0 1
400	2	1 0 1 1 0 1 0 0 0 1 0 1 1 0 1 0 0 0 0 0
400	1	1 0 1 1 0 0 1 0 0 1 0 1 1 0 1 0 1 0 0 1
400	1	1 1 1 1 0 0 1 0 0 1 0 1 1 0 1 0 0 0 0 0
400	1	1 0 1 1 0 1 1 0 0 0 1 1 0 1 1 0 0 0 0 1
400	1	1 1 1 1 0 0 1 1 0 0 1 0 1 0 1 1 0 0 0 0
400	1	1 1 1 1 1 0 1 0 1 0 1 0 1 1 0 1 0 0 0 1
400	1	1 1 1 1 0 0 0 1 1 0 0 1 0 0 0 0 0 0 0 0
400	1	1 1 1 1 1 0 1 0 1 0 0 1 1 0 1 0 0 0 0 1
400	1	1 1 1 1 0 0 1 0 1 0 1 0 0 0 0 0 0 0 0 1
400	2	1 0 1 1 0 0 1 0 0 0 1 0 1 1 0 1 1 0 0 1
400	1	1 1 1 1 0 0 0 1 0 0 0 1 1 0 1 0 0 0 0 1
400	1	1 1 1 1 0 0 0 1 0 0 1 0 1 0 0 0 0 0 0 0
400	1	1 1 1 1 0 0 0 1 0 0 1 1 1 0 1 0 0 0 0 0
400	1	1 0 1 1 0 1 0 0 0 0 1 1 1 1 0 1 1 0 0 0
400	1	1 1 1 0 0 1 0 1 0 1 0 1 1 0 1 0 0 0 0 1
400	1	1 1 1 1 0 0 0 0 1 0 0 1 1 0 0 0 0 0 0 0
400	1	1 1 1 1 1 0 1 0 0 1 1 0 1 1 0 1 0 0 0 1
400	1	1 1 0 1 0 0 1 0 0 1 0 1 1 0 1 0 0 0 0 0
450	1	1 1 1 1 0 0 1 0 0 0 1 0 1 1 0 1 0 0 0 1
450	1	1 1 1 1 1 1 0 0 0 1 0 1 1 1 1 1 0 0 0 1
450	2	1 1 1 1 0 0 1 0 0 1 0 1 1 0 1 0 0 0 0 0
450	1	1 1 1 1 0 0 1 1 0 0 1 0 1 0 1 1 0 0 0 0
450	3	1 1 1 1 0 0 1 1 0 0 0 0 1 0 1 1 0 0 0 0
450	2	1 1 1 1 0 0 1 1 0 0 0 0 1 1 0 1 0 1 0 1
450	1	1 1 1 1 0 0 1 1 0 0 0 0 1 1 1 1 0 0 0 0
450	1	1 1 1 1 0 0 1 1 0 1 0 1 1 0 1 0 0 0 0 0
450	1	1 1 1 1 0 0 1 0 0 1 0 1 1 0 1 1 0 0 0 0
450	3	1 1 1 0 0 1 0 0 0 1 0 1 1 0 1 0 0 0 0 0
450	1	1 1 1 1 0 0 1 1 1 0 0 0 1 0 1 0 0 0 0 0
450	1	1 1 1 1 1 1 0 0 0 0 0 1 1 1 1 1 0 0 0 1
450	1	1 1 1 1 0 0 1 1 0 0 1 0 1 1 0 1 0 0 0 0
450	3	1 1 1 1 0 0 1 1 0 1 0 1 0 0 1 0 0 0 0 0
450	1	1 1 1 1 0 1 1 0 0 1 0 1 1 0 1 1 0 0 0 0
450	1	1 1 1 1 1 0 0 0 0 1 0 1 1 1 1 1 0 0 0 1
450	1	1 1 0 1 0 0 0 1 0 0 1 0 1 0 1 1 0 0 0 0
450	3	1 1 1 1 0 0 0 1 0 1 0 1 1 0 1 0 0 0 0 1
450	4	0 1 1 1 0 0 1 1 0 0 0 0 1 1 1 1 0 0 0 0
450	2	1 1 1 1 0 0 1 1 0 1 0 1 0 0 1 0 0 0 0 1
450	1	1 1 1 1 1 1 1 0 0 1 0 1 0 0 1 0 0 0 0 1
450	1	1 1 1 1 0 0 1 1 0 0 0 0 1 0 1 1 1 0 0 0
450	1	1 0 1 1 0 1 0 0 1 0 0 1 1 1 0 1 0 0 0 1
450	2	1 1 1 1 0 0 1 0 0 1 0 1 1 1 1 1 0 0 0 0
450	1	1 1 1 0 0 0 0 1 0 0 1 0 1 0 1 1 0 0 0 0
450	1	1 1 1 1 0 0 1 1 0 0 0 0 1 0 1 1 0 1 0 0
450	1	1 1 1 1 0 0 1 1 0 0 0 1 1 1 1 1 0 0 0 0
450	1	1 1 1 1 0 0 1 1 0 1 0 1 1 0 1 1 0 0 0 1
450	1	1 1 1 1 0 1 0 0 1 0 0 1 1 0 1 1 0 0 0 0
450	1	1 1 1 1 1 1 0 0 0 1 0 1 1 0 1 1 0 0 0 1
450	1	1 0 1 1 0 1 0 0 1 0 0 1 1 1 1 0 0 0 0 0
450	1	1 1 1 1 0 0 1 1 1 0 1 0 0 0 1 0 0 0 0 0
450	1	1 1 1 1 0 0 0 1 0 1 0 1 1 0 1 1 0 0 0 1
450	1	1 1 1 0 0 0 1 0 0 1 0 1 1 0 1 1 0 0 0 1
450	1	1 1 1 1 1 0 1 1 0 1 0 1 1 0 1 0 0 0 1 1
500	1	1 1 1 1 0 0 1 1 0 0 1 0 1 0 1 1 0 0 0 0
500	10	1 1 1 1 0 0 1 1 0 0 0 0 1 1 1 1 0 0 0 0
500	1	1 1 1 1 0 0 1 1 0 0 0 0 1 1 0 1 0 0 0 0
500	2	1 1 1 1 0 0 1 1 0 1 0 1 0 0 1 0 0 0 0 1
500	2	1 1 1 1 0 0 1 1 0 0 0 0 1 0 1 1 0 1 0 0
500	1	1 1 1 1 0 0 1 1 0 0 0 1 1 1 1 1 0 0 0 0
500	1	1 1 1 1 0 0 1 1 0 0 0 1 1 0 1 0 0 0 0 0
500	2	1 1 1 1 0 0 1 0 0 0 1 0 1 0 1 1 0 0 0 0
500	1	1 1 1 1 0 0 1 1 1 0 1 0 1 1 1 1 0 0 0 0
500	1	1 1 1 1 0 0 0 1 0 0 1 0 1 0 1 1 0 0 0 1
500	1	1 1 1 1 0 0 1 1 0 0 0 1 0 0 1 0 0 0 0 0
500	6	1 1 0 1 0 0 1 1 0 0 0 0 1 1 0 1 0 0 0 0
500	1	1 1 1 1 0 0 1 1 0 0 0 0 1 1 1 1 0 1 0 0
500	1	1 1 1 0 0 1 0 0 0 0 1 1 1 0 1 0 0 0 0 0
500	1	1 1 1 1 0 0 1 0 0 0 0 1 1 1 1 1 0 0 0 0
500	1	1 1 1 1 0 0 1 1 0 0 0 0 1 0 1 1 0 0 1 0
500	2	1 1 0 1 0 0 1 1 0 1 0 1 1 0 1 0 0 0 0 0
500	1	1 1 1 1 1 0 1 1 0 0 0 0 1 1 0 1 0 0 0 0
500	1	1 0 1 0 0 0 0 0 0 0 0 1 1 1 1 1 0 0 0 0
500	1	1 1 1 1 0 0 1 1 0 0 0 0 1 1 1 1 0 0 0 1
500	1	1 1 1 1 0 0 1 1 0 1 1 1 1 0 1 0 0 0 0 0
500	1	1 1 1 1 0 0 1 0 1 1 0 1 1 1 1 1 0 0 0 1
500	1	1 1 0 1 0 0 1 1 0 0 0 1 1 0 1 0 0 0 0 0
500	1	1 1 0 1 0 0 1 1 0 0 0 0 1 1 1 1 0 0 0 0
500	1	1 1 1 1 1 0 1 1 0 0 1 0 1 1 1 0 0 0 0 0
500	1	1 1 1 1 0 0 1 1 0 1 0 1 1 1 1 1 0 0 0 0
500	1	1 1 1 0 0 0 1 1 0 0 1 0 1 0 0 1 0 0 0 0
500	1	1 1 1 1 0 0 1 0 0 0 1 1 0 0 1 1 0 0 0 0
500	2	1 1 1 0 1 1 0 0 0 0 0 1 1 1 1 1 0 0 0 0
500	1	1 1 1 1 0 0 1 0 1 0 0 1 1 0 0 0 0 0 0 0
500	1	1 1 0 1 0 0 1 1 0 0 1 1 0 0 1 0 0 0 0 0
