0	9	0 1 0 0 0 0 0 1 1 1 0 1 0 0 0 1 0 0 0 1
0	6	1 0 0 0 0 1 0 0 0 0 0 0 0 0 0 0 0 0 0 0
0	3	0 1 0 0 1 0 0 0 0 0 0 1 1 0 1 1 0 1 1 0
0	2	0 0 0 0 0 1 1 0 0 0 0 0 0 0 0 0 1 1 0 0
10	1	0 1 0 0 0 0 0 1 1 1 0 1 0 0 0 1 0 0 0 1
10	5	1 0 0 0 0 1 0 0 0 0 0 0 0 0 0 0 0 0 0 0
10	4	0 1 0 0 1 0 0 0 0 0 0 1 1 0 1 1 0 1 1 0
10	4	0 0 0 0 0 1 1 0 0 0 0 0 0 0 0 0 1 1 0 0
10	1	1 0 0 0 0 1 0 0 0 0 0 0 0 0 0 0 1 1 0 0
10	2	0 1 0 0 1 0 0 0 0 0 0 1 1 0 1 1 0 1 0 0
10	1	0 1 0 0 1 0 0 0 0 0 0 1 0 0 0 1 0 0 0 1
10	1	0 1 0 0 1 0 0 0 0 0 0 0 0 0 0 0 1 1 0 0
10	1	1 0 0 0 0 1 0 0 0 0 1 0 0 0 0 0 0 0 0 0
20	1	1 0 0 0 0 1 0 0 0 0 0 0 0 0 0 0 0 0 0 0
20	4	0 1 0 0 1 0 0 0 0 0 0 1 1 0 1 1 0 1 1 0
20	1	1 0 0 0 0 1 0 0 0 0 0 0 1 0 0 0 0 0 0 0
20	1	0 0 0 0 1 0 0 0 0 0 0 1 1 0 1 1 0 1 1 0
20	1	0 0 0 0 0 0 1 0 0 0 0 0 0 0 0 0 1 1 0 0
20	1	0 1 0 0 1 0 0 0 0 0 0 1 1 0 1 1 0 1 0 0
20	1	0 1 0 0 0 0 1 0 0 0 0 0 0 0 0 0 1 1 0 0
20	1	0 1 0 0 1 0 0 0 0 0 0 1 0 0 0 1 0 0 0 1
20	1	0 1 0 0 1 0 0 0 0 0 0 1 1 1 1 1 0 1 1 0
20	1	0 0 0 0 0 1 1 0 0 0 0 1 1 0 1 1 0 1 1 0
20	1	0 0 0 0 0 0 0 0 0 0 0 1 1 0 1 1 0 1 1 0
20	1	0 1 1 0 1 0 0 0 0 0 0 1 0 0 0 1 0 0 0 1
20	1	1 1 0 0 0 0 0 1 1 1 0 1 1 0 1 1 0 1 1 0
20	1	1 0 0 0 0 1 1 0 0 0 0 0 0 0 0 0 0 0 0 0
20	1	1 0 0 0 0 1 0 0 1 0 0 0 0 0 0 0 0 0 0 0
20	1	0 1 0 0 0 0 0 1 1 1 0 1 0 0 0 1 1 1 0 0
20	1	0 1 0 0 1 0 0 0 0 0 0 0 0 0 0 0 1 0 0 0
30	1	1 0 0 0 0 1 0 0 0 0 0 0 0 0 0 0 0 0 0 0
30	5	0 1 0 0 1 0 0 0 0 0 0 1 1 0 1 1 0 1 1 0
30	1	0 0 0 0 0 1 1 0 0 0 0 0 0 0 0 0 1 1 0 0
30	1	0 1 0 0 1 0 0 0 0 0 0 1 1 0 1 1 0 1 0 0
30	2	0 1 0 0 0 0 1 0 0 0 0 0 0 0 0 0 1 1 0 0
30	1	0 1 0 0 1 0 0 0 0 0 0 1 0 0 0 1 0 0 0 1
30	1	0 1 0 0 1 0 0 0 0 0 0 1 1 0 1 1 0 1 1 1
30	1	1 0 0 0 0 1 0 0 0 1 0 0 0 0 0 0 0 0 0 0
30	1	0 0 0 0 0 0 0 0 0 0 0 1 1 0 1 1 0 1 1 0
30	1	0 1 0 0 1 0 0 0 1 1 0 1 0 0 0 1 0 0 0 1
30	1	0 0 0 0 0 1 0 0 0 0 0 0 1 0 0 0 0 0 0 0
30	1	1 0 0 0 0 1 0 0 0 0 0 0 1 0 0 1 0 0 0 0
30	1	1 0 0 0 0 1 1 0 0 0 0 0 0 0 0 0 1 1 1 0
30	1	0 1 0 0 1 0 0 0 0 0 0 0 0 0 0 0 0 0 0 0
30	1	0 1 0 0 0 1 0 0 0 1 0 0 0 0 0 0 0 0 0 0
40	2	1 0 0 0 0 1 0 0 0 0 0 0 0 0 0 0 0 0 0 0
40	3	0 1 0 0 1 0 0 0 0 0 0 1 1 0 1 1 0 1 1 0
40	1	0 0 0 0 0 1 1 0 0 0 0 0 0 0 0 0 1 1 0 0
40	1	1 0 0 0 0 1 0 0 0 0 0 0 1 0 0 0 0 0 0 0
40	1	1 0 0 0 0 1 0 0 0 0 0 0 0 0 0 0 0 1 0 0
40	1	0 1 0 0 1 0 0 0 0 0 0 1 1 0 1 1 0 1 0 0
40	1	0 1 0 0 0 0 1 0 0 0 0 0 0 0 0 0 1 1 0 0
40	1	0 1 0 0 1 0 0 0 0 0 0 1 1 0 1 1 0 1 1 1
40	1	1 0 0 0 0 1 0 0 0 0 0 0 0 0 1 1 0 1 1 0
40	1	0 1 0 0 1 0 0 0 0 0 0 0 1 0 1 1 0 1 1 0
40	1	0 1 0 0 0 0 0 0 0 0 0 1 1 0 1 1 0 1 1 0
40	1	0 0 0 0 0 0 0 0 0 0 0 1 1 0 1 1 0 1 1 0
40	1	0 0 0 0 0 1 0 0 0 0 0 0 0 0 0 0 0 0 0 0
40	1	0 1 1 0 1 0 0 0 0 0 0 1 0 0 0 1 0 0 0 1
40	1	0 0 0 0 0 1 1 0 0 0 0 1 0 0 0 1 0 0 0 1
40	1	1 0 0 0 0 1 0 0 0 0 0 0 0 0 0 0 0 0 0 1
40	1	1 1 0 0 1 0 0 0 0 0 0 1 0 0 0 0 0 0 0 0
50	2	1 0 0 0 0 1 0 0 0 0 0 0 0 0 0 0 0 0 0 0
50	1	0 1 0 0 1 0 0 0 0 0 0 1 1 0 1 1 0 1 1 0
50	1	0 1 0 0 1 0 0 0 0 0 0 1 1 0 1 1 0 1 1 1
50	1	1 0 0 0 0 1 0 0 0 0 0 0 0 0 1 1 0 1 1 0
50	1	0 1 0 0 0 0 0 0 0 0 0 1 1 0 1 1 0 1 1 0
50	1	1 1 0 0 1 0 0 0 0 0 0 1 1 0 1 0 0 1 1 0
50	1	1 0 0 0 0 1 0 0 1 0 0 0 0 0 0 0 0 0 0 0
50	1	1 1 0 0 0 0 0 1 1 1 0 1 1 0 1 1 0 1 0 0
50	1	1 0 0 0 0 1 0 0 0 0 0 0 1 1 0 0 1 0 0 0
50	1	0 1 0 1 1 0 0 0 0 0 0 1 0 0 1 1 0 1 0 0
50	2	0 1 0 0 0 1 0 0 0 0 0 0 1 0 0 0 0 0 0 0
50	1	0 1 0 0 1 0 0 0 0 0 0 1 1 1 1 1 0 1 1 0
50	1	1 1 0 1 0 1 0 0 0 0 0 1 0 0 0 0 0 0 0 0
50	2	0 1 0 0 1 1 0 0 0 0 0 0 1 0 0 0 0 0 0 0
50	1	1 0 0 0 0 1 0 0 0 1 0 0 0 0 0 0 0 0 0 1
50	1	1 0 0 0 0 1 0 0 0 0 0 1 1 0 1 1 0 1 1 1
50	1	0 1 0 0 0 0 0 0 0 0 0 0 1 0 1 1 0 1 1 0
60	1	1 0 0 0 0 1 0 0 0 0 0 0 0 0 0 0 0 0 0 0
60	2	0 1 0 0 1 0 0 0 0 0 0 1 1 0 1 1 0 1 1 1
60	1	0 1 0 0 0 0 0 0 0 0 0 1 1 0 1 1 0 1 1 0
60	1	0 0 0 0 0 1 0 0 0 0 0 0 0 0 0 0 0 0 0 0
60	1	0 1 1 0 1 0 0 0 0 0 0 1 0 0 0 1 0 0 0 1
60	1	1 1 0 0 0 0 0 1 1 1 0 1 1 0 1 1 0 1 0 0
60	2	0 1 0 0 1 1 0 0 0 0 0 0 1 0 0 0 0 0 0 0
60	1	1 0 0 0 0 1 0 0 0 0 0 1 0 0 1 0 0 0 0 0
60	2	0 1 1 0 1 0 0 1 0 0 0 0 0 0 0 1 0 0 0 1
60	1	0 1 0 0 0 0 1 0 0 0 0 1 1 0 1 1 0 1 1 0
60	2	0 0 0 0 0 1 1 0 0 0 0 0 1 0 1 1 0 1 1 1
60	1	0 1 0 0 1 0 0 0 0 0 0 1 1 0 1 1 1 1 1 1
60	1	0 1 0 1 1 0 0 0 1 0 0 1 0 0 1 1 0 1 0 0
60	1	1 1 0 0 1 0 0 0 0 0 0 1 0 0 0 0 0 0 0 1
60	1	1 0 0 0 0 1 0 0 0 0 0 0 0 0 0 1 0 1 0 1
60	1	0 0 1 0 1 0 1 0 0 0 0 1 0 0 0 1 0 0 0 1
70	1	1 0 0 0 0 1 0 0 0 0 0 0 1 0 0 0 0 0 0 0
70	1	0 1 0 0 1 0 0 0 0 0 0 1 1 0 1 1 0 1 1 1
70	1	1 0 0 0 0 1 0 0 0 1 0 0 0 0 0 0 0 0 0 0
70	1	0 0 0 0 0 1 0 0 0 1 0 1 0 0 0 1 0 0 0 1
70	1	0 1 0 0 1 1 0 0 0 0 0 0 1 0 0 0 0 0 0 0
70	1	1 1 0 1 0 1 0 0 0 0 0 1 0 0 0 0 0 0 0 1
70	1	0 1 0 0 1 0 0 0 0 1 0 1 1 0 1 1 0 1 1 0
70	2	0 1 0 0 1 0 1 0 0 0 0 1 1 0 1 1 0 1 1 1
70	1	0 1 1 0 1 0 0 1 0 0 0 1 0 0 0 0 0 0 0 1
70	1	0 1 1 0 1 0 0 1 0 0 0 1 0 0 0 0 0 0 1 0
70	1	1 0 0 0 0 1 0 0 0 0 1 1 1 0 1 1 0 1 1 0
70	1	1 0 0 0 0 1 0 0 0 0 0 0 0 0 1 0 0 0 0 0
70	1	0 1 0 0 0 0 0 0 0 1 0 1 1 0 1 0 0 1 1 0
70	1	0 0 0 0 0 1 1 0 0 0 0 0 1 0 1 0 0 1 1 1
70	1	1 0 0 0 0 1 0 0 0 0 0 0 1 0 0 0 0 0 0 1
70	1	0 1 0 0 1 1 0 0 1 0 0 0 1 0 0 1 0 1 1 1
70	1	0 1 0 0 1 0 1 0 0 0 0 1 0 0 1 1 0 1 1 1
70	1	1 1 0 1 0 1 0 0 0 0 0 1 0 0 1 1 0 0 0 1
70	1	0 1 0 1 0 1 0 1 0 0 0 0 0 1 0 0 0 0 0 0
80	2	1 0 0 0 0 1 0 0 0 0 0 0 0 0 0 0 0 0 0 0
80	1	0 1 0 0 1 0 0 0 0 0 0 1 1 0 1 1 0 1 1 1
80	1	0 1 0 0 1 0 0 0 0 1 0 1 1 0 1 1 0 1 1 0
80	1	0 1 0 0 1 0 1 0 0 0 0 1 1 0 1 1 0 1 1 1
80	1	1 1 0 0 1 1 0 0 1 0 0 0 1 0 1 0 0 1 0 0
80	2	0 1 0 0 1 1 0 0 0 0 0 0 0 0 0 0 0 0 0 1
80	1	1 0 0 0 0 1 0 0 0 0 0 0 0 0 1 0 0 0 0 0
80	1	1 0 0 0 0 1 0 0 0 0 0 0 1 0 0 0 0 0 0 1
80	1	0 1 0 0 1 0 0 0 0 1 0 1 1 1 1 1 0 1 1 1
80	3	1 1 0 1 0 1 0 0 0 0 0 1 0 0 1 1 0 0 0 1
80	1	0 1 0 0 1 1 0 0 0 0 0 1 1 0 1 1 0 1 1 0
80	3	1 1 0 0 1 0 1 0 0 0 0 1 1 0 1 1 0 1 1 1
80	1	1 0 0 0 1 0 0 0 0 0 0 0 1 0 1 1 0 1 1 0
80	1	1 1 0 0 1 1 0 0 1 0 0 0 1 0 1 1 0 1 0 0
90	1	0 1 0 0 1 0 0 0 0 0 0 1 1 0 1 1 0 1 1 0
90	1	0 1 0 0 1 0 0 0 0 0 0 1 1 0 1 1 0 1 1 1
90	1	1 0 0 0 0 1 0 0 0 1 0 0 0 0 0 0 0 0 0 0
90	2	0 0 0 0 0 1 1 0 0 0 0 1 0 0 0 1 0 0 0 1
90	1	0 1 0 0 1 0 0 0 0 0 0 1 1 0 1 1 0 1 0 1
90	1	0 1 0 0 0 1 0 0 0 1 0 1 0 0 0 1 0 0 0 1
90	1	0 1 0 0 1 1 0 0 0 0 0 0 0 0 0 0 0 0 0 1
90	1	0 1 0 0 1 0 0 1 0 0 0 1 1 0 1 1 0 1 1 0
90	1	0 1 0 0 0 1 1 0 0 0 0 1 0 0 0 1 0 0 0 1
90	3	1 0 0 0 0 1 0 0 0 0 0 0 1 0 0 0 0 0 0 1
90	1	0 1 0 1 0 1 0 0 0 0 0 1 0 0 0 0 0 0 0 1
90	1	1 0 0 0 0 1 0 0 0 0 0 0 1 0 0 0 0 0 0 0
90	1	0 1 1 0 1 0 1 0 0 0 0 1 1 0 1 1 0 1 1 1
90	1	1 0 0 0 0 1 0 0 0 0 1 1 1 0 1 0 0 1 1 0
90	1	1 1 0 0 1 1 0 0 0 0 0 0 1 0 1 0 0 0 0 1
90	1	1 1 0 0 0 1 0 1 0 0 0 0 0 0 1 1 0 0 0 1
90	1	0 1 0 0 1 1 0 0 0 0 0 1 0 0 1 0 0 0 0 0
100	1	0 1 0 0 1 0 0 0 0 0 0 1 1 0 1 1 0 1 1 0
100	1	0 1 0 0 1 1 0 0 0 0 0 0 1 0 0 0 0 0 0 0
100	1	0 1 0 0 1 0 1 0 0 0 0 1 1 0 1 1 0 1 1 1
100	1	0 1 0 0 0 1 1 0 0 0 0 1 0 0 1 1 0 0 0 1
100	1	0 1 0 0 1 0 0 0 0 0 0 1 1 0 1 1 0 1 0 1
100	1	1 1 0 0 0 1 0 0 0 0 0 1 0 0 0 1 0 0 0 1
100	2	1 1 0 1 0 1 0 0 0 0 0 1 0 0 1 1 0 0 0 1
100	1	0 1 0 1 0 1 0 1 0 0 0 0 0 1 0 0 0 0 0 0
100	1	1 0 0 0 0 1 0 0 0 0 0 0 1 0 0 0 0 0 0 0
100	1	1 1 0 0 0 1 0 0 0 1 0 0 0 0 0 0 0 0 0 0
100	1	0 0 0 0 0 1 0 0 0 0 0 1 1 0 1 1 1 1 1 1
100	2	0 0 1 0 0 1 1 0 0 0 0 1 0 0 0 1 0 0 0 1
100	1	0 0 1 0 0 0 0 0 0 1 0 1 0 0 0 1 0 0 0 1
100	1	0 1 0 0 1 0 0 0 0 0 0 1 1 0 1 1 0 1 0 0
100	1	1 0 0 1 0 1 0 0 0 0 0 1 0 0 1 1 0 0 0 1
100	1	0 1 0 1 0 1 0 0 0 1 0 1 0 0 1 1 0 0 0 1
100	1	0 1 0 1 1 1 0 0 0 0 0 1 0 0 1 1 0 0 0 1
100	1	0 0 0 0 0 1 0 0 0 0 0 0 1 0 1 0 0 1 1 1
110	1	0 1 0 0 1 0 0 0 0 1 0 1 1 0 1 1 0 1 1 0
110	1	0 1 0 0 0 1 1 0 0 0 0 1 0 0 1 1 0 0 0 1
110	1	1 0 0 0 0 1 0 0 1 0 0 1 0 0 0 0 0 0 0 1
110	1	0 1 0 0 1 0 0 0 0 0 0 1 1 0 1 1 0 1 0 1
110	2	0 1 0 0 0 1 0 0 0 1 0 1 0 0 0 1 0 0 0 1
110	1	1 1 0 0 0 1 0 0 0 0 0 1 0 0 0 1 0 0 0 1
110	1	1 1 0 1 0 1 0 0 0 0 0 1 0 0 1 1 0 0 0 1
110	1	1 0 0 0 0 1 0 0 0 0 0 1 0 0 0 1 1 0 0 1
110	2	1 1 0 1 0 1 0 0 0 0 0 0 0 0 1 1 0 0 0 1
110	1	0 1 0 1 0 1 0 0 0 0 0 1 0 0 1 1 0 0 0 1
110	2	0 0 0 0 0 1 1 0 0 0 0 1 0 0 1 1 0 0 0 1
110	1	1 1 0 1 0 1 0 0 0 0 0 1 0 0 0 1 0 0 0 1
110	1	0 1 0 1 0 1 1 0 0 0 0 1 0 0 0 1 0 0 1 1
110	1	0 1 0 1 0 1 1 0 0 0 0 1 0 0 1 0 0 0 0 1
110	1	0 1 0 1 0 1 0 0 0 1 0 1 1 0 1 1 0 0 0 1
110	1	1 1 0 0 1 0 0 1 0 0 0 0 0 0 0 1 0 0 0 1
110	1	0 1 0 1 0 0 0 0 0 1 0 1 1 0 1 0 0 1 1 0
120	1	1 1 0 1 0 1 0 0 0 0 0 1 0 0 0 0 0 0 0 1
120	1	0 1 0 0 0 1 1 0 0 0 0 1 0 0 1 1 0 0 0 1
120	2	0 1 0 0 0 1 0 0 0 1 0 1 0 0 0 1 0 0 0 1
120	1	1 0 0 0 0 1 0 0 0 0 1 1 1 0 1 1 0 1 1 0
120	2	1 1 0 0 0 1 0 0 0 0 0 1 0 0 0 1 0 0 0 1
120	3	1 1 0 1 0 1 0 0 0 0 0 1 0 0 1 1 0 0 0 1
120	1	1 1 0 1 0 1 0 0 0 0 0 0 0 0 1 1 0 0 0 1
120	1	0 1 0 1 0 1 0 0 0 0 0 1 0 0 1 1 0 0 0 1
120	1	0 0 0 0 0 1 0 0 0 0 0 1 1 0 1 0 0 1 1 1
120	1	1 0 0 0 1 0 0 0 0 0 0 1 0 0 0 0 0 0 0 1
120	1	1 0 0 0 0 1 0 0 0 0 0 0 0 0 1 0 0 0 0 1
120	1	0 1 0 1 0 1 0 0 0 0 0 1 0 0 1 1 0 1 0 1
120	1	0 1 0 1 0 1 0 0 0 0 0 1 0 1 1 1 0 0 0 1
120	1	0 0 1 0 0 0 0 0 0 1 0 1 0 0 1 1 0 1 1 1
120	1	0 0 0 0 0 1 1 0 1 0 0 1 0 0 1 1 0 0 0 1
120	1	1 1 0 1 1 1 0 0 0 0 0 0 0 0 1 1 0 0 0 1
130	1	0 1 0 0 1 0 0 0 0 0 0 1 1 0 1 1 0 1 0 1
130	1	1 0 0 0 0 1 0 0 0 0 1 1 1 0 1 1 0 1 1 0
130	1	1 1 0 0 0 1 0 0 0 0 0 1 0 0 0 1 0 0 0 1
130	2	1 1 0 1 0 1 0 0 0 0 0 1 0 0 1 1 0 0 0 1
130	3	1 1 0 1 0 1 0 0 0 0 0 0 0 0 1 1 0 0 0 1
130	1	0 1 0 1 0 1 0 0 0 0 0 1 0 0 1 1 0 0 0 1
130	1	0 1 1 0 1 0 1 1 0 0 0 0 0 0 0 1 0 0 0 1
130	2	0 1 0 1 0 1 1 0 0 0 0 1 0 0 1 1 0 0 0 1
130	1	1 1 0 1 0 1 0 0 0 0 0 1 0 0 0 1 0 0 0 1
130	1	0 1 0 1 0 1 1 0 0 0 0 1 0 0 0 1 0 0 1 1
130	1	0 1 0 0 1 0 0 0 1 0 0 1 1 0 1 1 0 1 0 1
130	1	0 1 0 1 0 1 0 0 0 0 0 1 0 1 1 1 0 0 0 1
130	1	0 1 0 1 0 1 0 0 0 0 0 0 0 0 1 1 0 0 0 1
130	1	0 1 0 1 0 1 0 0 0 0 0 0 0 0 1 0 0 0 0 1
130	1	0 1 0 0 1 1 1 0 0 0 0 1 0 0 1 1 0 0 0 1
130	1	0 1 1 1 0 1 0 0 0 0 0 1 0 1 1 1 0 0 0 1
140	1	1 1 0 0 0 1 0 0 0 0 0 1 0 0 0 1 0 0 0 1
140	2	1 1 0 1 0 1 0 0 0 0 0 0 0 0 1 1 0 0 0 1
140	1	0 1 0 1 0 1 1 0 0 0 0 1 0 0 1 1 0 0 0 1
140	1	1 1 0 1 0 1 0 0 0 0 0 1 0 0 0 1 0 0 0 1
140	2	0 1 0 1 0 1 0 0 0 0 0 1 0 1 1 1 0 0 0 1
140	1	1 1 0 1 0 1 0 1 0 0 0 0 0 0 0 1 0 0 0 1
140	1	1 0 0 0 0 1 0 0 0 0 0 1 0 0 1 1 0 0 1 1
140	1	1 1 0 1 0 1 0 0 0 0 0 0 0 0 1 0 0 0 0 1
140	2	0 1 0 1 0 1 1 0 0 0 0 1 0 0 1 1 0 0 0 0
140	1	1 1 1 1 0 1 0 0 0 0 0 0 0 0 1 1 0 0 0 1
140	3	1 1 0 1 0 1 1 0 0 0 0 1 0 0 1 1 0 0 0 1
140	1	0 1 0 0 0 1 1 0 0 0 0 1 0 0 1 0 0 0 0 1
140	1	1 0 0 0 0 1 0 0 0 0 0 1 0 0 0 1 0 0 0 1
140	1	1 1 0 0 1 1 0 0 0 0 0 1 0 0 1 1 0 0 0 1
140	1	0 1 0 1 0 1 0 0 0 0 0 1 0 1 1 1 0 0 0 0
150	2	1 1 0 1 0 1 0 0 0 0 0 1 0 0 1 1 0 0 0 1
150	2	0 1 0 1 0 1 0 0 0 0 0 1 0 1 1 1 0 0 0 1
150	1	0 1 1 0 1 0 0 1 0 1 0 0 0 0 0 1 0 0 1 1
150	1	1 0 0 0 0 1 0 0 0 0 0 1 0 0 1 1 0 0 1 1
150	1	1 1 0 1 0 1 0 0 0 0 0 0 0 0 1 0 0 0 0 1
150	1	1 1 1 1 0 1 0 0 0 0 0 0 0 0 1 1 0 0 0 1
150	2	1 1 0 1 0 1 1 0 0 0 0 1 0 0 1 1 0 0 0 1
150	2	0 1 0 0 0 1 1 0 0 0 0 1 0 0 1 0 0 0 0 1
150	1	1 1 0 1 0 1 0 0 1 0 0 1 0 0 1 1 0 0 0 1
150	1	1 1 0 1 0 1 0 0 0 0 1 0 0 0 0 1 0 0 0 1
150	3	1 1 0 1 0 1 0 1 0 0 0 0 0 0 1 0 0 0 0 1
150	1	0 0 0 0 0 1 1 0 0 0 1 1 0 0 1 1 0 0 0 1
150	1	1 1 0 1 1 1 0 0 0 0 0 0 0 0 1 0 0 0 0 1
150	1	1 1 0 1 0 1 0 0 0 0 0 1 0 0 1 1 0 1 0 1
160	2	1 1 0 1 0 1 0 0 0 0 0 1 0 0 1 1 0 0 0 1
160	4	1 1 0 1 0 1 0 0 0 0 0 0 0 0 1 1 0 0 0 1
160	1	0 1 0 1 0 1 0 0 0 0 0 1 0 0 1 1 0 0 0 1
160	1	0 1 0 1 0 1 1 0 0 0 0 1 0 0 1 1 0 0 0 1
160	3	1 1 0 1 0 1 1 0 0 0 0 1 0 0 1 1 0 0 0 1
160	1	1 1 1 0 1 0 0 1 0 0 0 0 0 0 1 1 0 0 0 1
160	1	1 1 0 1 0 1 0 1 0 0 0 0 0 0 1 0 0 0 0 1
160	1	1 0 0 1 0 1 0 0 0 0 0 1 0 0 1 1 0 0 0 1
160	1	1 1 0 0 0 1 0 0 0 0 0 0 0 0 1 1 0 0 0 1
160	1	1 1 0 1 0 1 0 0 0 0 0 0 0 0 0 1 0 0 0 1
160	1	1 1 0 1 0 1 0 0 0 0 0 1 0 0 1 1 0 1 0 1
160	1	1 1 0 0 1 1 0 0 0 0 0 1 0 1 1 1 0 0 0 1
160	1	0 1 0 0 1 1 0 0 0 0 0 0 0 0 1 1 0 0 0 1
160	1	0 1 0 1 0 1 1 0 0 0 0 1 0 0 0 0 0 0 0 1
170	2	1 1 0 1 0 1 0 0 0 0 0 1 0 0 1 1 0 0 0 1
170	2	1 1 0 1 0 1 0 0 0 0 0 0 0 0 1 1 0 0 0 1
170	1	0 1 0 1 0 1 0 0 0 0 0 1 0 0 1 1 0 0 0 1
170	1	1 1 0 0 0 1 1 0 0 0 0 1 0 0 1 1 0 0 0 1
170	1	1 1 0 0 1 1 0 0 0 0 0 1 0 0 1 1 0 0 0 1
170	1	1 1 1 0 1 0 0 1 0 0 0 0 0 0 1 1 0 0 0 1
170	1	1 1 0 1 0 1 1 0 0 0 0 1 0 0 0 1 0 0 0 1
170	2	1 1 0 1 0 1 0 0 0 0 0 0 0 0 0 1 0 0 0 1
170	1	1 0 0 1 0 1 0 0 0 0 0 0 0 0 1 1 0 0 0 1
170	1	1 1 0 1 0 1 0 0 0 0 1 1 1 0 1 0 0 0 0 1
170	1	1 1 0 1 0 1 1 0 0 0 0 1 0 0 1 1 0 0 1 1
170	1	1 0 1 1 0 1 0 0 0 0 0 0 0 0 1 0 0 0 0 1
170	1	1 1 0 1 0 1 0 0 0 0 0 0 0 0 1 0 1 0 0 1
170	1	1 1 0 1 0 1 0 0 0 0 0 0 0 1 1 0 0 0 0 1
170	1	1 1 0 1 0 1 1 0 0 0 0 1 0 0 1 0 0 0 0 1
170	1	1 1 0 1 0 1 0 0 0 0 0 0 0 0 1 0 0 0 0 0
170	1	1 1 0 1 0 1 0 0 1 0 0 0 0 0 1 1 0 0 0 1
180	3	1 1 0 1 0 1 0 0 0 0 0 1 0 0 1 1 0 0 0 1
180	2	1 1 0 1 0 1 0 0 0 0 0 0 0 0 1 1 0 0 0 1
180	1	0 1 0 1 0 1 0 0 0 0 0 1 0 0 1 1 0 0 0 1
180	1	1 0 0 1 0 1 0 0 0 0 0 1 0 0 1 1 0 0 0 1
180	2	1 1 0 1 0 1 0 0 0 0 0 1 0 1 1 1 0 0 0 1
180	2	1 1 0 1 0 1 0 0 0 0 0 0 0 0 0 1 0 0 0 1
180	3	1 1 0 1 0 1 1 0 0 0 0 0 0 0 1 1 0 0 0 1
180	1	1 0 1 1 0 1 0 0 0 0 0 0 0 0 1 1 0 0 0 1
180	1	1 1 1 1 1 1 0 0 0 0 0 0 0 0 1 1 0 0 1 1
180	1	1 1 0 0 0 1 0 0 0 0 0 0 0 0 0 1 0 0 0 1
180	1	1 1 0 1 0 1 0 1 0 0 0 0 0 0 1 1 0 0 0 1
180	1	1 1 0 0 1 1 1 0 0 0 0 1 0 0 1 1 0 1 0 1
180	1	1 1 0 0 0 1 0 0 1 0 0 0 0 0 1 1 0 0 0 1
190	3	1 1 0 1 0 1 0 0 0 0 0 1 0 0 1 1 0 0 0 1
190	1	1 1 0 1 0 1 0 0 0 0 0 0 0 0 1 1 0 0 0 1
190	1	1 1 0 1 0 1 0 0 0 0 0 0 0 0 1 0 0 0 0 1
190	1	1 1 0 0 0 1 1 0 0 0 0 1 0 0 1 1 0 0 0 1
190	3	1 1 0 1 0 1 1 0 0 0 0 1 0 0 1 1 0 0 0 1
190	1	1 0 0 1 0 1 0 0 0 0 0 1 0 0 1 1 0 0 0 1
190	1	1 0 0 1 0 1 0 0 0 0 0 0 0 0 1 1 0 0 0 1
190	1	1 1 0 1 0 1 0 1 0 0 1 0 0 0 1 1 0 0 0 1
190	1	1 0 0 1 0 1 0 0 0 0 0 0 0 0 0 1 0 0 0 1
190	1	1 1 0 1 0 1 0 1 0 0 0 0 0 0 1 1 0 0 0 1
190	1	1 1 0 0 0 1 0 0 0 1 0 1 0 0 1 1 0 0 0 1
190	1	1 1 0 1 0 1 1 0 0 0 0 0 0 0 1 0 0 0 0 1
190	1	1 1 1 0 0 1 1 0 0 0 0 1 0 0 1 1 0 0 0 1
190	1	1 1 0 0 0 1 1 1 0 0 0 0 0 0 1 0 0 0 0 1
190	1	1 1 0 0 0 1 0 1 0 0 0 0 0 0 0 1 0 0 0 1
190	1	1 0 0 1 0 1 0 0 0 0 0 0 1 0 0 1 0 0 0 1
200	1	1 1 0 1 0 1 0 0 0 0 0 1 0 0 1 1 0 0 0 1
200	2	1 1 0 1 0 1 0 0 0 0 0 0 0 0 1 1 0 0 0 1
200	1	1 1 0 1 0 1 0 1 0 0 0 0 0 0 0 1 0 0 0 1
200	1	1 1 1 1 0 1 0 0 0 0 0 0 0 0 1 1 0 0 0 1
200	2	1 0 0 1 0 1 0 0 0 0 0 1 0 0 1 1 0 0 0 1
200	2	1 1 0 1 0 1 0 0 0 0 1 1 0 0 1 1 0 0 0 1
200	1	1 0 0 1 0 1 0 0 0 0 0 0 0 0 0 1 0 0 0 1
200	1	1 1 0 0 0 1 0 0 0 0 0 0 0 0 0 1 0 0 0 1
200	1	1 1 0 1 0 1 0 0 0 0 0 1 0 0 1 1 0 0 0 0
200	1	0 1 0 1 0 1 0 0 0 0 0 1 0 0 1 0 0 0 0 1
200	1	1 1 1 0 0 1 1 0 0 0 0 1 0 0 1 1 0 0 0 1
200	1	1 1 1 1 1 1 0 0 0 0 0 0 0 0 1 1 0 0 1 0
200	1	1 1 1 0 0 1 1 0 0 0 0 1 0 0 1 0 0 0 0 1
200	1	1 1 0 0 0 1 0 0 0 0 0 0 0 0 1 0 0 0 1 1
200	1	1 1 0 1 0 1 1 0 0 1 0 0 0 0 0 1 0 0 0 1
200	1	1 1 1 1 0 1 1 0 0 0 0 1 0 0 1 0 0 0 0 1
200	1	1 1 0 1 1 1 0 1 0 0 0 0 0 0 1 0 0 0 0 1
210	2	1 1 0 1 0 1 0 0 0 0 0 0 0 0 1 1 0 0 0 1
210	2	0 1 0 1 0 1 0 0 0 0 0 1 0 0 1 1 0 0 0 1
210	2	1 1 0 1 0 1 0 0 0 0 0 0 0 0 1 0 0 0 0 1
210	1	1 1 1 1 0 1 0 0 0 0 0 0 0 0 1 1 0 0 0 1
210	2	1 0 0 1 0 1 0 0 0 0 0 1 0 0 1 1 0 0 0 1
210	2	1 1 0 1 0 1 1 1 0 0 0 1 0 0 1 1 0 0 0 1
210	1	1 1 0 1 0 1 1 0 0 1 0 1 0 0 1 1 0 0 0 1
210	1	1 1 1 0 0 1 1 0 0 0 0 1 0 0 1 0 0 0 0 1
210	1	1 1 0 1 0 1 0 0 0 0 0 0 0 0 0 0 1 0 0 1
210	2	0 1 0 1 0 1 0 0 0 0 1 1 0 0 1 1 0 0 0 1
210	1	1 1 0 0 0 1 1 0 0 0 0 1 1 0 1 1 0 0 0 1
210	1	1 1 0 1 0 1 0 0 0 0 0 1 0 0 1 1 0 1 1 1
210	1	1 1 0 1 0 1 1 0 0 0 0 0 0 0 1 0 0 0 0 1
210	1	1 1 0 1 0 1 0 0 0 0 0 0 1 0 0 1 0 0 0 1
220	1	1 1 0 1 0 1 0 0 0 0 0 0 0 0 1 1 0 0 0 1
220	2	0 1 0 1 0 1 0 0 0 0 0 1 0 0 1 1 0 0 0 1
220	2	1 1 0 1 0 1 0 1 0 0 0 0 0 0 0 1 0 0 0 1
220	2	1 1 0 1 0 1 0 0 0 0 0 0 0 0 1 0 0 0 0 1
220	1	1 0 0 1 0 1 0 0 0 0 0 1 0 0 1 1 0 0 0 1
220	1	1 1 0 1 0 1 0 0 0 0 0 0 0 0 0 1 0 0 0 1
220	1	1 0 1 1 0 1 0 0 0 0 0 0 0 0 1 1 0 0 0 1
220	1	1 0 0 1 0 1 0 0 0 0 0 0 0 0 0 1 0 0 0 1
220	1	1 1 0 1 0 1 0 0 0 0 0 1 0 0 1 1 0 0 0 0
220	1	1 1 0 1 0 1 0 0 0 0 0 0 0 0 0 0 0 0 0 1
220	1	1 1 0 1 0 1 0 1 1 1 0 0 0 0 0 1 0 0 0 1
220	1	1 1 0 1 0 1 0 0 0 0 0 0 1 0 1 0 0 0 0 1
220	1	1 0 0 1 0 1 0 0 0 0 0 1 0 0 0 1 0 0 0 1
220	1	1 1 0 1 0 1 0 1 0 1 0 1 0 0 0 1 0 0 0 1
220	1	1 1 0 1 0 1 0 0 0 0 0 1 0 0 1 1 0 0 1 1
220	1	1 1 1 0 0 1 1 1 0 0 0 1 0 0 1 0 0 0 0 0
220	1	1 1 1 1 1 1 0 0 0 0 0 0 0 0 1 1 0 0 0 1
230	2	1 1 0 1 0 1 0 0 0 0 0 0 0 0 1 1 0 0 0 1
230	2	1 1 0 1 0 1 0 1 0 0 0 0 0 0 0 1 0 0 0 1
230	2	1 1 0 1 0 1 0 0 0 0 0 0 0 0 1 0 0 0 0 1
230	1	1 1 0 1 0 1 0 0 0 0 0 0 0 0 0 1 0 0 0 1
230	1	1 1 1 1 1 1 0 0 0 0 0 1 0 0 0 1 0 0 0 1
230	1	1 1 0 1 0 1 0 0 0 0 0 0 0 0 0 0 0 0 0 1
230	1	1 1 0 1 0 1 1 0 0 0 0 1 0 0 1 1 1 0 0 1
230	1	1 1 1 0 0 1 1 1 0 0 1 1 0 0 1 0 0 0 0 1
230	1	1 1 1 0 0 1 1 1 0 0 0 1 0 0 1 1 0 0 1 1
230	1	1 1 0 0 0 1 1 0 0 0 0 1 0 0 1 1 1 0 0 1
230	1	1 0 1 1 1 1 0 0 0 0 0 1 0 0 0 1 0 0 0 1
230	1	1 1 0 1 0 1 0 0 0 0 0 0 0 0 1 0 0 0 0 0
230	1	1 1 0 1 0 1 0 0 0 0 0 1 0 0 0 1 0 0 0 1
230	1	1 1 0 1 0 1 0 0 0 0 0 0 0 0 1 0 0 1 0 1
230	1	1 1 1 1 0 1 0 0 1 0 0 0 0 0 1 1 0 0 0 1
230	1	1 1 0 1 1 1 0 0 0 0 0 0 0 1 1 1 0 0 0 1
230	1	1 1 0 1 0 1 0 0 0 0 0 1 0 0 1 1 1 0 0 1
240	1	1 1 0 1 0 1 0 0 0 0 0 0 0 0 1 1 0 0 0 1
240	1	1 1 0 1 0 1 0 0 0 0 0 0 0 0 1 0 0 0 0 1
240	1	1 1 1 1 0 1 0 0 0 0 0 0 0 0 1 1 0 0 0 1
240	2	1 0 0 1 0 1 0 0 0 0 0 1 0 0 1 1 0 0 0 1
240	1	1 1 0 1 0 1 0 0 0 0 0 0 0 0 0 1 0 0 0 1
240	2	1 0 1 1 0 1 0 0 0 0 0 0 0 0 1 1 0 0 0 1
240	1	1 1 0 1 0 1 0 0 0 0 0 1 0 0 1 1 0 0 0 0
240	1	1 1 0 1 0 1 1 0 0 0 0 1 1 0 1 1 0 0 0 1
240	1	1 1 0 1 0 1 0 0 0 0 0 1 0 0 1 1 0 1 1 1
240	2	1 0 0 1 0 1 0 0 0 0 0 1 0 0 0 1 0 0 0 1
240	1	1 1 1 1 0 1 0 0 0 0 1 0 0 0 1 1 0 0 0 1
240	1	1 0 0 1 0 1 0 0 0 0 0 0 0 1 0 1 0 0 0 1
240	1	1 1 1 1 0 1 0 0 0 0 0 1 0 0 0 1 0 0 0 1
240	1	0 1 1 1 0 1 0 0 0 1 0 0 0 0 1 1 0 0 0 1
240	1	1 0 0 1 0 1 1 0 0 0 0 1 0 0 1 1 0 0 0 1
240	1	0 1 1 1 0 1 0 0 0 0 0 0 0 0 1 0 0 0 0 1
240	1	1 0 1 1 1 1 0 0 0 0 0 1 0 0 1 1 0 0 0 1
250	1	1 1 0 1 0 1 0 1 0 0 0 0 0 0 0 1 0 0 0 1
250	1	1 1 0 1 0 1 0 0 0 0 0 0 0 0 1 0 0 0 0 1
250	1	1 1 0 1 0 1 1 0 0 0 0 1 0 0 1 1 0 0 0 1
250	2	1 0 0 1 0 1 0 0 0 0 0 1 0 0 1 1 0 0 0 1
250	1	1 0 1 1 0 1 0 0 0 0 0 0 0 0 1 1 0 0 0 1
250	1	1 0 0 1 0 1 0 0 0 0 0 1 0 0 0 1 0 0 0 1
250	1	1 1 1 1 0 1 0 0 0 0 1 0 0 0 1 1 0 0 0 1
250	1	1 1 0 1 0 1 0 0 0 0 0 0 0 0 1 0 0 0 0 0
250	1	1 1 1 1 0 1 0 0 0 0 0 1 0 0 0 1 0 0 0 1
250	1	0 1 1 0 0 1 0 0 0 0 0 1 0 0 1 1 0 0 0 1
250	1	1 1 1 1 0 1 0 0 1 0 0 0 0 0 0 1 0 0 0 1
250	2	1 1 1 1 0 1 0 0 1 0 0 0 0 0 1 1 0 0 0 0
250	1	1 0 1 1 1 1 0 0 0 0 0 1 0 0 1 1 0 0 0 1
250	1	1 0 0 1 1 1 0 0 0 0 0 0 0 0 0 0 0 1 0 0
250	1	1 1 0 0 0 1 0 0 0 0 0 0 0 1 0 0 0 0 0 1
250	1	1 0 1 1 0 1 0 0 0 0 0 1 0 0 0 1 0 0 0 1
250	1	1 0 1 1 0 1 0 0 0 0 0 0 0 0 1 1 1 0 0 1
250	1	1 0 1 1 0 1 0 0 0 0 0 0 0 0 1 0 0 0 0 1
260	1	1 1 0 1 0 1 0 0 0 0 0 1 0 0 1 1 0 0 0 1
260	1	1 1 0 1 0 1 0 0 0 0 0 1 0 0 1 1 0 1 1 1
260	1	1 0 0 1 0 1 0 0 0 0 0 1 0 0 0 1 0 0 0 1
260	2	1 1 1 1 0 1 0 0 0 0 1 0 0 0 1 1 0 0 0 1
260	1	1 1 1 1 0 1 0 0 0 0 0 1 0 0 0 1 0 0 0 1
260	2	0 1 1 1 0 1 0 0 0 0 0 0 0 0 1 0 0 0 0 1
260	2	1 1 1 1 0 1 0 0 1 0 0 0 0 0 0 1 0 0 0 1
260	1	1 0 1 1 1 1 0 0 0 0 0 1 0 0 1 1 0 0 0 1
260	1	0 1 1 1 0 1 0 0 0 1 0 0 0 1 1 1 0 0 0 1
260	1	1 0 1 1 1 1 0 0 0 0 0 0 0 0 1 1 0 0 0 1
260	1	1 0 1 1 1 1 0 0 0 0 0 0 0 1 0 0 0 0 0 1
260	2	1 0 1 1 0 1 0 0 0 0 0 1 0 0 0 1 0 0 0 1
260	1	1 1 0 1 0 1 0 0 1 0 0 1 0 0 1 1 0 0 0 0
260	1	0 1 1 0 0 1 0 0 0 1 0 1 0 0 1 1 0 1 0 1
260	1	1 1 0 0 1 1 0 0 0 1 0 1 0 0 0 1 0 0 0 0
260	1	1 1 0 1 0 1 1 0 0 1 0 1 0 0 1 1 0 0 0 1
270	1	1 1 0 1 0 1 0 0 0 0 0 0 0 0 1 0 0 0 0 1
270	1	1 0 0 1 0 1 0 0 0 0 0 1 0 0 1 1 0 0 0 1
270	1	1 1 1 0 0 1 1 0 0 0 0 1 0 0 1 1 0 0 0 1
270	1	1 0 0 1 0 1 0 0 0 0 0 1 0 0 0 1 0 0 0 1
270	2	1 1 1 1 0 1 0 0 0 0 1 0 0 0 1 1 0 0 0 1
270	1	1 0 1 1 0 1 0 0 0 0 0 1 0 0 0 1 0 0 0 1
270	1	1 1 1 0 1 1 1 1 0 0 1 1 0 0 1 0 0 0 0 1
270	1	1 1 1 1 0 1 0 0 1 0 0 0 0 0 1 1 0 0 0 1
270	2	1 1 0 1 0 1 0 1 0 0 0 0 0 0 1 1 0 0 0 1
270	1	0 1 1 1 0 1 0 0 0 0 0 0 0 1 0 1 0 0 0 1
270	1	1 1 1 0 0 0 0 0 0 0 1 0 0 0 1 1 0 0 0 1
270	1	0 1 0 1 0 1 0 0 0 0 0 1 0 0 1 1 0 0 1 1
270	1	1 1 0 1 0 1 1 0 0 0 0 0 0 1 1 1 0 0 0 1
270	1	0 1 1 1 0 1 0 0 0 0 1 0 0 0 0 1 0 0 0 1
270	1	1 1 0 0 1 1 0 0 0 1 0 1 0 0 0 1 0 0 0 1
270	1	0 1 0 1 0 1 0 0 0 0 1 0 0 0 0 1 0 0 0 1
270	1	1 1 0 1 0 1 1 0 0 0 0 0 0 1 1 0 0 0 0 1
270	1	1 1 0 1 0 0 1 0 0 0 0 0 0 1 1 1 0 0 0 1
280	1	1 1 0 0 0 1 1 0 0 0 0 1 0 0 1 1 0 0 0 1
280	1	1 0 0 1 0 1 0 0 0 0 0 1 0 0 1 1 0 0 0 1
280	1	1 0 1 1 0 1 0 0 0 0 0 0 0 0 1 1 0 0 0 1
280	1	1 1 1 1 0 1 0 0 0 0 1 0 0 0 1 1 0 0 0 1
280	1	1 1 0 0 1 1 0 0 0 0 0 1 0 0 1 1 0 0 0 0
280	1	0 1 1 0 0 1 0 0 0 0 0 1 0 0 1 1 0 0 0 1
280	1	1 1 0 1 1 1 0 0 0 0 0 0 0 0 1 1 0 0 0 1
280	1	0 1 1 1 0 1 0 0 0 1 0 0 0 1 1 1 0 0 0 1
280	1	1 1 1 0 1 1 1 1 0 0 1 1 0 0 1 0 0 0 0 1
280	1	0 1 0 1 0 1 1 0 0 1 0 1 1 0 1 1 0 1 0 1
280	1	1 1 0 0 0 1 0 0 0 0 0 1 0 0 1 1 0 0 0 1
280	1	0 1 1 1 0 1 0 0 0 0 0 0 0 1 0 1 0 0 0 1
280	1	1 0 0 1 0 1 0 0 0 0 0 0 1 0 1 0 0 0 0 0
280	1	0 1 0 1 0 0 0 0 0 0 1 1 0 0 0 1 0 0 0 1
280	1	1 1 0 0 0 1 0 0 0 0 0 0 0 0 1 0 0 0 0 1
280	1	1 1 0 1 0 1 1 0 0 0 0 1 0 0 1 0 0 0 0 1
280	1	0 1 0 0 0 1 0 0 0 0 0 1 0 0 1 0 0 0 0 1
280	1	1 1 1 1 0 1 0 0 0 0 0 1 1 0 1 0 0 0 0 1
280	1	0 1 1 1 0 1 0 1 0 1 0 0 0 1 1 1 0 0 0 1
280	1	1 1 0 1 0 0 0 0 0 0 0 0 0 0 1 0 1 0 0 1
290	1	1 0 0 1 0 1 0 0 0 0 0 1 0 0 1 1 0 0 0 1
290	1	1 1 0 0 1 1 0 0 0 0 0 1 0 0 1 1 0 0 0 0
290	1	1 1 1 1 0 1 0 0 0 0 0 1 0 0 0 1 0 0 0 1
290	1	1 1 1 1 0 1 0 0 1 0 0 0 0 0 0 1 0 0 0 1
290	1	1 1 1 1 0 1 0 0 1 0 0 0 0 0 1 1 0 0 0 0
290	1	1 0 1 1 0 1 0 1 0 0 0 0 0 0 1 1 0 0 0 1
290	1	1 0 0 1 0 1 0 0 0 0 0 1 0 0 0 1 0 0 1 1
290	1	0 1 0 1 0 1 0 0 0 0 0 0 0 1 1 0 0 0 0 1
290	1	1 1 1 1 1 1 0 0 0 0 0 0 0 0 1 1 0 0 0 1
290	1	1 0 0 1 0 1 0 0 0 0 0 0 0 0 1 1 0 0 0 1
290	1	1 1 0 0 0 1 0 0 0 0 0 0 0 0 1 0 0 1 0 1
290	1	1 1 0 1 0 1 1 0 0 0 0 0 0 1 1 1 0 0 0 1
290	1	0 1 0 1 0 0 0 0 0 0 1 1 0 0 0 1 0 0 0 1
290	2	1 1 1 1 0 1 0 0 0 0 1 1 0 0 1 0 0 0 0 1
290	1	1 1 0 0 0 1 0 0 0 0 0 0 0 0 1 1 0 0 0 1
290	1	1 1 1 0 1 1 0 0 0 0 0 0 0 0 1 1 0 0 0 1
290	1	0 1 1 1 1 1 1 0 0 1 0 0 0 0 1 1 0 1 1 0
290	1	1 1 1 0 0 1 0 0 0 0 0 0 0 1 1 1 0 0 0 1
290	1	1 1 1 1 0 1 0 0 0 0 1 1 0 1 1 0 1 0 0 1
300	1	1 1 1 1 0 1 0 0 0 0 1 0 0 0 1 1 0 0 0 1
300	1	1 1 1 1 0 1 0 0 1 0 0 0 0 0 0 1 0 0 0 1
300	1	0 1 1 1 0 1 0 0 0 1 0 0 0 1 1 1 0 0 0 1
300	1	1 0 1 1 0 1 0 1 0 0 0 0 0 0 1 1 0 0 0 1
300	1	1 1 1 1 0 1 0 0 0 0 0 0 0 0 1 0 0 0 0 1
300	1	0 1 0 1 0 1 0 0 0 0 0 0 0 1 1 0 0 0 0 1
300	1	1 1 0 1 0 1 0 0 0 0 1 0 0 0 1 1 0 0 0 1
300	1	0 1 1 1 0 1 0 0 0 0 0 0 0 1 0 1 0 0 0 1
300	1	1 1 1 0 0 0 0 0 0 0 1 0 0 0 1 1 0 0 0 1
300	1	1 0 1 1 1 0 0 0 0 0 0 1 0 0 1 1 0 0 0 1
300	2	0 1 0 1 0 0 0 0 0 0 1 1 0 0 0 1 0 0 0 1
300	1	1 1 1 1 1 1 0 0 0 0 0 1 0 0 1 1 0 0 0 1
300	1	1 1 1 1 0 1 0 0 0 0 1 0 0 0 0 1 0 0 0 1
300	1	1 0 1 1 0 1 0 0 0 0 0 0 0 1 1 1 0 0 1 1
300	2	1 1 0 1 0 1 1 0 0 1 0 1 0 0 1 1 0 0 0 0
300	1	1 1 1 1 0 1 0 0 0 0 0 1 0 0 1 1 0 0 0 0
300	1	1 1 0 1 0 1 0 0 0 0 0 0 0 0 1 0 0 0 0 1
300	1	1 1 0 1 0 1 0 0 0 0 0 0 0 1 1 0 0 0 0 1
310	1	1 1 0 1 0 1 0 0 0 0 0 0 0 0 1 1 0 0 0 1
310	1	1 1 1 1 0 1 0 0 1 0 0 0 0 0 1 1 0 0 0 1
310	2	0 1 1 1 0 1 0 0 0 0 0 0 0 1 0 1 0 0 0 1
310	1	1 1 0 1 0 1 1 0 0 0 0 1 0 0 1 1 1 0 1 1
310	1	1 1 1 1 1 1 0 0 0 0 0 1 0 0 1 1 0 0 0 1
310	1	1 1 1 0 0 0 0 0 0 0 0 0 0 0 1 1 0 0 0 1
310	1	1 0 1 1 0 1 0 0 1 0 0 0 0 0 1 1 0 0 0 1
310	1	1 1 1 1 0 1 0 1 0 0 0 0 0 0 0 1 0 0 0 1
310	1	1 1 0 1 0 1 0 1 0 1 0 0 0 1 1 1 0 0 0 1
310	1	1 1 1 1 0 1 0 0 0 0 0 1 0 0 1 1 0 0 0 0
310	1	1 1 1 0 0 1 0 0 0 0 0 0 0 1 1 1 0 0 0 1
310	1	1 1 1 1 0 1 0 0 0 1 1 1 0 0 1 1 0 0 0 0
310	1	0 1 1 1 0 1 0 0 1 0 0 0 0 0 1 1 0 0 0 0
310	1	1 1 1 1 0 1 0 0 1 0 0 0 1 0 1 1 0 0 0 0
310	1	0 1 0 1 1 1 0 0 0 0 0 0 0 1 1 0 0 0 0 1
310	1	0 1 1 1 0 1 0 0 0 0 0 1 0 0 0 1 0 0 1 1
310	1	1 1 1 1 0 1 0 0 0 1 0 0 0 1 1 1 0 0 0 1
310	1	1 1 1 1 0 1 0 1 1 0 0 1 1 0 1 0 0 0 0 1
310	1	1 1 1 0 0 0 0 0 0 0 0 1 0 0 0 1 0 1 1 1
320	1	1 1 1 0 0 1 1 0 0 0 0 1 0 0 1 1 0 0 0 1
320	1	1 1 1 1 0 1 0 0 0 0 1 0 0 0 1 1 0 0 0 1
320	1	1 0 1 1 0 1 0 0 0 0 1 0 0 0 1 1 0 0 0 1
320	3	1 0 1 1 0 1 0 0 1 0 0 0 0 0 1 1 0 0 0 1
320	1	1 1 1 1 0 1 0 0 0 0 0 1 0 0 1 1 0 1 0 1
320	1	1 1 1 0 0 1 0 0 0 0 0 0 0 1 1 1 0 0 0 1
320	1	1 1 1 1 0 1 0 1 0 0 0 1 1 0 1 0 0 0 0 1
320	1	1 1 1 1 0 1 0 0 1 0 0 0 1 0 1 1 0 0 0 0
320	1	1 1 1 1 0 1 0 0 1 0 1 0 0 0 0 1 0 0 1 1
320	1	1 0 1 1 0 1 0 0 0 0 0 1 0 0 0 1 0 0 0 0
320	1	1 1 1 1 0 1 0 0 0 0 0 0 0 0 1 1 0 0 0 0
320	2	1 0 1 1 0 1 0 0 0 0 1 0 0 0 0 1 0 0 0 1
320	2	1 1 1 0 0 1 0 0 0 0 1 0 0 0 0 1 0 0 0 1
320	1	1 1 1 0 0 0 0 0 0 0 0 0 0 0 1 1 0 0 0 0
320	1	1 0 1 1 1 1 0 0 0 0 0 1 1 0 1 1 0 0 0 1
320	1	1 1 1 0 0 0 0 0 0 0 0 0 0 1 1 1 0 0 0 1
330	1	1 1 1 1 1 1 0 0 0 0 0 1 0 0 0 1 0 0 0 1
330	1	1 1 1 1 0 1 0 0 0 0 1 0 0 0 1 1 0 0 0 1
330	1	1 1 1 1 1 1 0 0 0 0 0 1 0 0 1 1 0 0 0 1
330	2	1 1 1 1 0 1 0 1 0 0 0 1 1 0 1 0 0 0 0 1
330	2	0 1 1 1 0 1 0 0 1 0 0 0 0 0 1 1 0 0 0 0
330	1	1 1 1 1 0 1 0 0 0 0 0 0 0 0 1 1 0 0 0 1
330	1	0 1 1 1 0 1 0 0 0 0 0 1 0 0 0 1 0 0 1 1
330	1	1 1 1 1 0 1 0 0 0 1 0 0 0 1 1 1 0 0 0 1
330	1	1 1 1 0 0 0 1 0 0 0 0 1 0 0 0 1 0 0 0 1
330	1	1 0 1 1 0 1 0 0 1 1 0 0 0 0 1 1 0 0 0 1
330	1	1 1 1 1 0 1 0 0 0 0 1 1 0 0 0 1 0 1 1 1
330	1	1 0 1 1 0 1 0 0 0 0 0 0 0 1 0 1 0 0 0 0
330	1	1 1 1 1 0 1 0 0 1 0 0 0 1 0 1 1 0 0 0 1
330	1	1 1 1 1 0 1 0 0 0 0 1 1 1 0 1 1 0 0 0 0
330	1	1 1 1 1 0 1 0 0 0 0 1 1 0 0 1 1 0 0 0 1
330	1	0 1 1 1 0 1 0 0 1 0 0 1 0 0 1 1 0 0 0 0
330	1	1 1 1 1 0 1 0 1 0 0 1 0 0 0 1 1 0 0 0 1
330	1	0 1 1 0 0 0 0 0 0 0 0 1 0 0 1 1 0 0 0 0
340	1	1 1 0 1 0 1 0 0 0 0 1 0 0 0 1 1 0 0 0 1
340	1	1 1 1 1 0 1 0 0 0 0 0 1 1 0 1 0 0 0 0 1
340	1	1 1 1 1 0 1 0 1 0 0 0 0 0 0 0 1 0 0 0 1
340	1	1 1 1 1 0 1 0 1 0 0 0 1 1 0 1 0 0 0 0 1
340	2	0 1 1 1 0 1 0 0 1 0 0 0 0 0 1 1 0 0 0 0
340	1	1 1 1 0 1 1 0 0 0 0 0 1 0 0 0 1 0 0 1 0
340	2	1 1 1 1 0 1 0 1 0 0 0 1 0 0 0 1 0 0 0 1
340	2	1 0 1 1 0 1 0 0 1 1 0 1 0 0 1 1 0 0 0 1
340	1	1 1 1 1 0 1 0 0 0 0 1 1 0 0 1 1 0 0 0 1
340	1	0 1 1 1 0 1 0 0 1 0 0 1 0 0 1 1 0 0 0 0
340	1	1 1 1 1 0 1 0 1 0 0 1 0 0 0 1 1 0 0 0 1
340	1	1 1 0 1 0 1 0 0 0 0 1 1 0 0 1 1 0 0 0 1
340	1	1 1 1 1 0 1 0 0 0 1 0 0 0 0 1 1 0 0 0 1
340	1	1 1 1 1 1 1 0 0 0 0 0 1 1 0 1 1 0 0 0 0
340	1	0 1 1 1 0 1 0 0 0 0 0 0 0 0 1 1 0 0 0 0
340	1	0 1 0 1 0 1 0 1 0 0 0 1 1 0 1 0 0 0 0 1
340	1	1 1 1 0 0 1 0 0 0 0 0 1 0 0 1 1 0 0 0 1
350	1	1 1 1 0 0 0 0 0 0 0 1 0 0 0 1 1 0 0 0 1
350	1	1 1 1 1 0 1 0 0 0 0 1 1 0 0 1 0 0 0 0 1
350	1	1 1 1 1 0 1 0 1 0 0 0 1 1 0 1 0 0 0 0 1
350	1	0 1 1 1 0 1 0 0 1 0 0 0 0 0 1 1 0 0 0 0
350	1	1 0 1 1 0 1 0 0 1 1 0 0 0 0 1 1 0 0 0 1
350	1	1 0 1 1 0 1 0 0 0 0 0 0 0 1 0 1 0 0 0 0
350	4	1 1 1 1 0 1 0 1 0 0 0 1 0 0 0 1 0 0 0 1
350	1	1 1 1 1 1 1 0 0 0 0 0 1 1 0 1 1 0 0 0 1
350	2	1 1 1 1 0 1 0 0 0 0 1 1 0 0 1 1 0 0 0 1
350	1	1 1 1 1 0 1 1 0 1 0 0 0 1 0 1 1 0 0 0 0
350	1	1 1 1 0 0 1 0 0 0 0 1 0 0 0 0 1 0 1 0 1
350	1	0 0 1 1 0 1 0 1 0 0 1 1 0 0 1 1 0 0 0 1
350	1	1 1 0 1 0 1 0 1 0 0 0 1 1 0 1 0 0 0 0 1
350	1	1 1 1 1 0 0 0 0 1 1 0 1 0 0 1 1 0 0 0 1
350	1	1 1 1 1 0 1 1 0 0 0 1 1 0 0 1 1 0 0 0 1
350	1	1 0 1 1 0 1 0 0 1 1 1 1 0 0 1 1 0 0 0 1
360	1	1 1 1 0 0 0 0 0 0 0 1 0 0 0 1 1 0 0 0 1
360	1	1 1 1 1 0 1 0 0 0 0 0 1 1 0 1 0 0 0 0 1
360	2	1 1 1 1 0 1 0 0 0 0 0 0 0 1 1 1 0 0 0 1
360	2	1 1 1 0 1 1 0 0 0 0 0 1 0 0 0 1 0 0 0 1
360	2	1 1 1 1 0 1 0 1 0 0 0 1 0 0 0 1 0 0 0 1
360	3	1 1 1 1 0 1 0 0 0 0 1 1 0 0 1 1 0 0 0 1
360	1	0 1 1 1 0 1 0 0 1 0 0 1 0 0 1 1 0 0 0 0
360	1	1 1 1 1 0 1 1 0 1 0 0 0 1 0 1 1 0 0 0 0
360	1	0 0 1 1 0 1 0 0 0 0 0 0 0 1 0 1 0 0 0 1
360	2	1 0 1 1 0 1 0 0 1 1 0 0 0 1 0 1 0 0 0 0
360	1	1 1 1 0 0 0 0 0 0 0 0 0 0 0 1 1 0 1 0 1
360	1	1 1 1 0 0 1 0 0 0 0 1 0 0 0 1 1 0 0 0 1
360	1	0 1 1 1 0 0 0 0 1 0 0 1 0 1 0 1 0 0 0 0
360	1	0 1 0 1 0 1 0 1 0 1 0 0 0 1 1 1 0 1 0 1
370	1	1 1 1 1 0 1 0 0 0 0 0 1 1 0 1 0 0 0 0 1
370	4	1 1 1 1 0 1 0 1 0 0 0 1 1 0 1 0 0 0 0 1
370	1	1 1 1 1 0 1 0 0 1 0 0 0 1 0 1 1 0 0 0 0
370	2	1 1 1 1 0 1 0 1 0 0 0 1 0 0 0 1 0 0 0 1
370	1	1 1 1 1 0 1 0 0 0 0 1 0 0 0 1 0 0 0 0 1
370	1	1 1 1 1 0 1 0 0 0 0 1 1 1 0 0 1 0 1 1 1
370	1	1 1 1 1 0 1 0 0 1 0 0 0 0 0 0 1 0 0 0 1
370	1	0 1 1 1 0 1 0 0 1 0 0 1 0 0 1 1 0 0 0 0
370	1	1 0 1 1 0 1 0 0 1 1 0 1 0 0 1 1 0 1 0 1
370	2	0 1 1 1 0 1 0 0 1 0 0 0 0 1 1 1 0 0 0 1
370	1	0 1 1 1 0 1 1 0 0 1 0 0 0 1 0 1 0 0 0 0
370	1	1 1 1 0 1 1 0 0 1 1 0 0 0 0 1 1 0 0 0 1
370	1	1 0 0 1 0 1 0 0 1 0 0 0 0 0 1 1 0 0 0 1
370	1	0 1 1 1 0 1 0 0 0 0 0 0 0 1 0 1 0 0 0 1
370	1	1 1 1 1 0 1 0 1 0 0 0 1 1 0 1 0 0 1 0 1
380	1	1 1 1 1 0 1 0 1 0 0 0 0 0 0 0 1 0 0 0 1
380	1	1 1 1 1 0 1 0 0 0 0 0 0 0 1 1 1 0 0 0 1
380	2	1 1 1 1 0 1 0 1 0 0 0 1 1 0 1 0 0 0 0 1
380	1	0 1 1 1 0 1 0 0 1 0 0 0 0 0 1 1 0 0 0 0
380	1	1 1 1 1 0 1 0 1 0 0 0 1 0 0 0 1 0 0 0 1
380	1	1 1 1 1 0 1 0 0 0 0 1 1 0 0 1 1 0 0 0 1
380	3	1 1 1 1 0 1 0 0 1 0 0 0 0 0 0 1 0 0 0 1
380	1	1 1 1 1 0 1 0 0 1 0 0 0 0 0 1 1 0 0 0 0
380	1	1 1 1 0 0 0 0 0 0 0 0 1 0 0 1 1 0 0 0 1
380	1	1 1 1 1 0 1 1 0 0 1 0 0 0 0 1 1 1 0 0 0
380	1	1 1 1 1 0 1 0 0 0 0 1 1 0 0 1 0 0 0 1 1
380	1	1 1 1 1 0 1 0 0 0 0 1 1 1 0 0 0 0 0 0 1
380	2	0 1 1 1 0 1 0 0 0 0 0 0 0 0 1 1 0 0 0 0
380	1	1 1 1 1 0 1 0 1 1 0 0 0 1 0 1 1 0 0 0 1
380	1	1 1 1 1 0 0 0 1 0 0 0 1 0 0 0 1 0 0 0 0
380	1	1 1 1 1 0 1 0 1 0 0 0 1 1 0 1 1 0 0 0 0
390	2	1 1 1 1 0 1 0 1 0 0 0 1 1 0 1 0 0 0 0 1
390	1	1 0 1 1 0 1 0 0 0 0 0 0 0 1 0 1 0 0 0 0
390	1	1 1 1 1 0 1 0 1 0 0 0 1 0 0 0 1 0 0 0 1
390	2	1 1 1 1 0 1 0 0 1 0 0 0 0 0 0 1 0 0 0 1
390	1	1 1 1 0 0 0 0 0 0 0 0 0 0 0 1 1 1 0 0 0
390	1	1 1 1 1 0 1 0 0 0 0 0 0 0 0 1 1 0 0 0 0
390	1	1 1 1 1 0 1 0 0 0 0 1 1 0 0 1 0 0 0 1 1
390	1	1 1 1 1 0 1 0 1 0 0 1 1 0 0 1 1 0 0 0 1
390	1	1 1 1 1 0 1 0 0 1 0 1 0 0 0 0 1 0 0 0 1
390	2	1 1 0 1 0 1 0 0 0 0 1 1 0 0 1 0 0 0 1 0
390	1	1 1 1 1 0 1 0 1 0 0 0 1 1 0 1 0 1 0 0 1
390	1	1 1 1 1 0 1 0 0 0 0 0 0 0 1 1 1 0 0 0 0
390	1	1 1 1 1 0 1 1 0 0 0 0 0 0 1 0 1 0 0 0 1
390	1	1 1 1 1 0 1 1 1 0 0 0 1 1 0 1 0 0 0 0 1
390	1	1 1 1 0 1 1 0 0 0 0 0 0 0 1 0 1 1 1 0 0
390	1	0 1 1 0 0 1 0 0 1 0 0 0 0 0 1 1 0 0 0 0
390	1	1 1 0 1 0 1 0 1 0 0 0 1 0 0 0 1 0 0 0 1
400	1	1 1 1 1 0 1 0 1 0 0 0 0 0 0 0 1 0 0 0 1
400	1	1 1 1 0 1 1 0 0 0 0 0 1 0 0 0 1 0 0 0 1
400	2	1 1 1 1 0 1 0 1 1 0 0 0 0 0 0 1 0 0 0 1
400	1	1 1 1 1 0 1 0 0 1 0 0 0 0 0 0 1 0 0 0 1
400	1	1 1 1 0 0 0 0 0 0 0 0 0 0 0 1 1 1 0 0 0
400	1	1 0 1 0 0 1 0 1 0 0 0 1 0 0 0 1 0 0 0 1
400	1	1 1 1 1 0 1 1 1 0 0 0 1 1 0 1 0 0 1 0 1
400	1	1 1 1 1 0 1 0 1 0 0 0 1 1 0 1 0 1 0 0 1
400	1	1 1 1 0 0 0 0 0 0 0 0 0 0 0 1 1 0 0 0 0
400	1	1 1 0 1 0 1 0 1 1 0 0 0 0 0 1 1 0 0 0 0
400	1	1 1 1 1 0 1 0 0 1 0 0 0 1 0 0 1 0 0 0 1
400	1	0 1 1 1 1 1 0 0 0 0 0 1 0 0 0 1 0 0 0 1
400	1	1 0 1 1 0 1 0 0 1 0 0 0 0 0 0 1 0 0 0 1
400	1	1 0 1 0 0 1 0 0 0 0 1 0 0 1 1 0 0 0 0 1
400	1	1 1 1 1 0 1 0 1 0 0 0 1 1 0 0 0 0 1 0 1
400	1	1 0 1 0 0 1 0 0 0 0 1 0 0 1 1 1 0 0 0 0
400	2	1 1 1 1 0 1 0 1 0 1 0 1 0 0 0 1 0 0 0 1
400	1	1 1 1 0 0 1 0 1 0 0 0 1 1 0 0 0 0 1 0 1
410	1	1 1 1 1 0 1 0 1 0 0 0 0 0 0 0 1 0 0 0 1
410	1	1 1 1 1 0 1 0 0 0 0 1 1 0 0 1 1 0 0 0 1
410	2	1 1 1 1 0 1 0 0 1 0 0 0 0 0 0 1 0 0 0 1
410	1	1 1 1 0 0 0 0 0 0 0 0 0 0 0 1 1 1 0 0 0
410	1	1 1 1 1 0 1 0 0 0 0 0 0 0 1 0 1 0 0 0 0
410	2	1 1 1 1 0 1 0 0 0 0 0 0 0 0 0 1 0 0 0 1
410	2	1 1 1 1 0 1 0 1 0 0 1 1 0 0 1 1 0 0 0 1
410	1	0 1 1 0 1 1 1 0 0 0 0 1 0 0 0 1 0 0 0 1
410	3	1 1 1 1 0 1 1 0 0 0 0 0 0 1 0 1 0 0 0 1
410	1	1 0 1 1 1 1 0 1 0 1 0 0 0 1 1 1 0 0 0 1
410	1	1 1 1 1 0 0 0 1 1 0 0 0 0 0 0 1 0 0 0 1
410	1	1 1 1 1 0 1 0 0 0 0 1 1 1 0 1 0 0 0 0 1
410	1	1 1 1 1 0 1 0 1 0 0 0 1 0 0 0 1 0 0 0 0
410	1	1 1 1 1 0 0 0 1 1 1 0 0 0 0 1 1 0 0 0 1
410	1	1 1 1 1 0 1 0 0 0 0 1 1 0 0 1 0 0 0 1 1
420	1	1 1 1 1 0 1 0 0 0 0 1 1 0 0 1 1 0 0 0 1
420	2	1 1 1 1 0 1 0 0 1 0 0 0 0 0 0 1 0 0 0 1
420	1	1 1 1 1 0 1 0 0 0 0 0 0 0 1 0 1 0 0 0 0
420	1	1 1 1 1 0 1 1 0 0 0 0 0 0 1 0 1 0 0 0 1
420	2	1 1 1 1 0 0 0 1 1 0 0 0 0 0 0 1 0 0 0 1
420	1	1 1 1 1 0 1 0 0 1 0 0 0 1 0 0 1 1 0 0 0
420	1	1 1 1 1 0 1 0 1 0 0 0 1 0 0 0 1 0 0 0 0
420	1	1 1 1 1 0 1 0 0 0 0 0 1 0 0 1 0 0 0 0 1
420	1	1 1 1 1 0 0 0 1 0 0 0 1 0 0 1 1 0 0 0 0
420	1	1 1 0 1 0 1 0 0 1 0 0 0 0 0 0 1 0 0 0 1
420	1	1 1 1 1 0 1 0 1 0 1 0 1 0 0 1 1 0 0 0 1
420	1	1 1 1 1 0 0 0 1 0 0 0 1 0 0 0 1 0 0 1 0
420	1	1 1 1 1 0 1 1 0 0 1 0 0 0 1 0 1 0 0 0 0
420	1	1 1 1 1 0 1 1 0 0 1 0 1 0 1 0 1 1 0 0 0
420	1	1 1 1 1 0 1 1 1 0 0 0 0 0 0 0 1 0 0 0 1
420	1	1 1 1 1 0 0 0 1 0 0 0 0 0 0 0 1 0 0 0 1
420	1	1 1 1 1 0 1 0 1 0 0 0 0 0 1 0 1 0 0 0 0
420	1	1 1 1 1 0 1 0 0 1 0 1 0 1 0 0 1 1 0 0 0
430	1	1 1 1 1 0 1 0 1 0 0 0 1 0 0 0 1 0 0 0 1
430	2	1 1 1 1 0 1 0 0 1 0 0 0 0 0 0 1 0 0 0 1
430	1	1 1 1 1 0 1 1 0 0 1 0 1 0 1 0 1 0 0 0 0
430	1	1 1 1 1 0 1 1 1 0 0 0 1 1 0 1 0 0 0 0 1
430	2	1 1 1 1 0 1 0 0 1 0 0 0 1 0 0 1 1 0 0 0
430	1	1 1 1 1 0 1 0 1 0 1 0 1 0 0 0 1 0 0 0 1
430	1	1 1 1 1 0 1 0 1 0 0 0 1 0 0 0 1 0 0 0 0
430	1	1 1 1 1 0 1 0 0 0 0 1 1 1 0 1 0 0 0 0 0
430	1	1 1 1 1 0 0 0 1 0 0 0 1 0 0 1 1 0 0 0 0
430	2	1 1 1 1 0 1 0 0 0 0 0 1 0 0 0 1 0 0 0 0
430	1	1 1 1 1 0 1 0 0 0 0 0 0 1 1 0 1 0 0 0 0
430	1	1 1 1 1 0 1 1 1 0 0 0 0 0 0 0 1 0 0 0 1
430	1	1 1 1 1 0 1 0 1 0 0 0 1 0 0 0 1 0 0 1 0
430	1	1 1 1 0 0 0 0 1 0 0 0 1 0 0 1 1 0 0 0 1
430	1	1 1 1 1 0 1 0 0 1 0 0 1 1 0 0 1 1 0 0 0
430	1	1 1 0 1 0 0 0 1 0 0 0 1 0 0 0 1 0 0 1 0
430	1	1 1 1 1 0 1 0 0 0 0 1 0 0 0 1 1 0 1 0 1
440	2	1 1 1 1 0 1 0 0 1 0 0 0 0 0 0 1 0 0 0 1
440	1	1 1 1 1 0 1 1 0 0 1 0 1 0 1 0 1 0 0 0 0
440	1	1 1 1 1 0 1 1 0 0 0 1 0 0 0 0 1 0 0 0 1
440	2	1 1 1 1 0 1 1 0 0 0 0 0 0 1 0 1 0 0 0 1
440	2	1 1 1 1 0 1 0 0 1 0 0 0 1 0 0 1 1 0 0 0
440	1	1 1 1 1 0 0 0 1 0 0 0 1 0 0 0 1 0 0 1 0
440	1	1 1 1 1 0 1 0 0 0 0 0 0 1 1 0 1 0 0 0 0
440	1	1 1 1 1 0 0 0 1 1 0 0 1 0 0 0 1 0 0 0 0
440	1	1 1 1 1 0 1 0 0 0 0 0 1 0 1 1 1 0 0 0 0
440	1	1 1 1 1 0 0 0 1 0 0 1 0 0 0 0 1 0 0 0 1
440	1	1 1 1 1 0 0 1 1 0 0 0 1 0 0 0 1 0 0 1 0
440	1	1 1 1 1 0 1 0 0 1 0 0 0 1 0 0 1 1 0 0 1
440	1	1 0 1 1 0 0 0 0 1 0 0 0 1 1 0 1 1 0 0 0
440	1	1 1 1 1 0 1 0 0 0 0 0 0 0 1 0 0 0 0 0 0
440	1	1 1 1 1 1 1 0 0 1 0 0 0 0 0 0 1 0 0 0 0
440	1	1 1 1 1 0 1 0 1 0 0 0 0 0 1 0 1 0 0 0 0
440	1	1 1 1 1 0 0 0 1 1 0 0 1 0 0 1 1 0 0 0 0
450	1	1 1 1 1 0 1 0 0 1 0 0 0 0 0 0 1 0 0 0 1
450	1	1 1 1 1 0 1 0 0 0 0 0 0 0 0 0 1 0 0 0 1
450	1	1 1 1 1 0 1 1 0 0 1 0 1 0 1 0 1 0 0 0 0
450	2	1 1 1 1 0 0 0 1 0 0 0 1 0 0 0 1 0 0 1 0
450	1	1 1 1 1 0 1 1 0 0 0 0 0 0 0 0 1 0 0 0 1
450	1	1 1 1 1 0 1 0 0 0 0 0 0 1 1 0 1 0 0 0 0
450	1	1 1 1 1 0 0 0 1 0 0 1 0 0 0 0 1 0 0 0 1
450	1	1 1 1 1 0 1 0 0 1 0 0 0 1 0 0 1 1 0 0 1
450	1	1 1 1 1 0 1 1 0 0 0 0 0 0 1 0 1 0 0 0 0
450	1	1 0 1 1 0 0 0 1 0 0 0 1 1 0 0 1 0 0 0 0
450	1	1 1 1 1 0 1 0 1 0 1 0 1 0 0 0 1 0 0 1 0
450	1	0 1 1 1 0 1 0 0 1 0 0 0 0 0 0 1 0 0 0 1
450	1	1 1 1 1 0 0 0 1 0 0 0 0 0 1 0 1 0 0 0 1
450	1	1 1 0 1 0 1 0 1 1 0 0 0 1 0 0 1 1 0 0 0
450	1	1 1 1 1 0 1 0 0 1 0 0 0 0 0 0 1 0 0 1 1
450	1	1 1 1 1 0 1 1 1 0 0 0 1 1 0 0 0 0 0 0 1
450	1	1 0 1 1 0 1 0 0 1 0 0 0 1 0 0 1 1 0 0 1
450	1	1 1 1 1 0 1 0 0 0 0 0 1 0 0 0 1 0 0 0 1
450	1	1 1 1 1 1 1 0 0 1 1 0 0 1 0 0 1 0 0 0 0
460	1	1 1 1 1 0 1 0 0 0 0 0 0 0 0 0 1 0 0 0 1
460	1	1 1 1 1 0 1 1 0 0 1 0 1 0 1 0 1 0 0 0 0
460	2	1 1 1 1 0 1 0 0 1 0 0 0 1 0 0 1 1 0 0 0
460	1	1 1 1 1 0 0 0 1 0 0 1 0 0 0 0 1 0 0 0 1
460	1	1 1 1 1 0 1 0 0 0 0 0 0 0 1 0 0 0 0 0 0
460	1	1 1 1 1 0 1 0 0 0 0 1 1 1 0 0 0 0 0 0 0
460	1	1 0 1 1 1 1 1 0 0 0 1 0 0 0 0 1 0 0 0 1
460	1	1 1 1 1 0 0 0 0 1 0 0 0 1 0 0 1 1 0 0 0
460	1	0 1 1 1 0 1 1 0 0 0 0 0 1 0 0 1 0 0 0 1
460	1	1 1 1 1 0 0 0 1 0 0 1 0 0 1 0 0 0 0 0 0
460	1	1 1 0 1 0 1 0 0 1 0 0 0 0 1 0 1 1 0 0 1
460	2	0 1 1 1 0 0 0 0 1 0 0 0 1 1 0 1 0 0 0 0
460	1	0 1 1 1 0 1 1 0 0 1 0 1 0 1 0 1 0 0 0 0
460	1	1 1 1 1 0 0 0 0 0 0 0 0 1 1 0 1 0 0 1 0
460	1	1 1 1 1 0 0 0 1 0 0 0 0 0 1 0 0 0 0 0 0
460	1	1 1 1 1 0 1 0 0 0 0 1 0 1 0 0 0 0 0 0 0
460	1	1 0 1 1 1 0 0 1 0 0 0 1 1 0 0 1 1 0 0 0
460	1	1 1 1 1 0 1 0 0 0 0 1 0 1 1 0 1 0 1 0 0
470	1	1 1 1 1 0 1 0 0 1 0 0 0 1 0 0 1 1 0 0 0
470	1	1 1 1 1 0 1 1 0 0 0 0 0 0 0 0 1 0 0 0 1
470	1	1 0 1 1 0 0 0 1 0 0 0 1 1 0 0 1 0 0 0 0
470	1	1 1 1 1 0 1 0 0 1 0 0 0 1 1 0 1 0 0 0 0
470	1	1 1 1 1 0 1 1 0 1 1 1 1 0 1 0 1 0 0 0 0
470	1	0 1 1 1 0 1 1 0 0 1 0 1 0 1 0 1 0 0 0 0
470	1	1 1 1 1 0 1 0 0 0 0 0 0 0 1 0 0 1 0 0 0
470	1	1 1 1 1 1 1 0 0 1 0 0 0 1 0 0 1 1 0 0 0
470	2	0 1 1 1 0 1 0 0 1 0 0 0 1 0 1 1 1 0 0 0
470	2	1 1 1 1 0 0 0 0 0 0 0 0 1 1 0 1 0 0 1 0
470	1	1 1 1 1 0 0 0 1 0 0 1 0 0 1 0 1 0 0 0 0
470	1	0 1 1 1 0 0 1 1 0 0 0 1 0 0 0 1 0 0 1 0
470	1	1 1 1 1 0 1 1 0 0 0 1 0 0 1 0 0 0 0 0 0
470	1	1 1 1 1 0 0 0 0 0 0 0 1 1 1 0 1 0 0 1 0
470	1	1 1 1 1 0 1 0 0 0 0 1 1 0 1 0 1 0 0 0 0
470	1	1 1 1 1 0 1 1 0 1 1 1 1 0 1 0 1 0 0 1 0
470	1	1 1 1 1 0 0 1 1 0 1 0 1 0 0 0 1 0 0 1 0
470	1	1 1 1 1 0 1 0 0 0 0 0 1 0 1 0 1 0 1 0 0
480	2	1 1 1 1 0 1 1 0 0 1 0 1 0 1 0 1 0 0 0 0
480	2	1 1 1 1 0 1 0 0 1 0 0 0 1 0 0 1 1 0 0 0
480	1	1 1 1 1 0 1 1 0 0 0 0 0 0 1 0 1 0 0 0 0
480	1	1 1 1 1 0 1 0 0 0 0 1 1 1 1 1 0 0 0 0 0
480	1	1 0 1 1 0 0 0 1 0 0 0 0 0 0 0 1 0 0 0 1
480	1	1 1 1 1 0 1 1 0 0 0 0 0 0 1 0 0 0 0 0 0
480	1	1 1 1 1 0 1 1 0 0 0 0 0 0 0 0 1 1 0 0 1
480	1	1 1 1 1 0 1 0 0 0 0 1 0 1 0 0 0 0 0 0 0
480	1	1 1 1 1 0 1 1 0 0 1 0 1 0 0 0 1 0 0 0 0
480	1	1 1 1 0 0 1 0 0 0 0 0 0 1 1 0 1 0 0 0 0
480	1	0 1 1 1 0 1 0 0 0 1 0 1 0 1 0 1 0 0 0 0
480	2	1 1 1 1 0 1 0 1 0 0 0 0 0 1 0 0 0 0 0 0
480	1	1 1 0 1 0 1 0 0 1 0 0 1 0 1 0 1 0 0 1 0
480	1	1 1 1 1 1 1 0 0 0 0 1 0 1 1 0 1 0 0 0 0
480	1	1 1 1 1 0 1 0 1 1 1 1 0 1 0 0 1 0 0 0 0
480	1	1 1 1 1 0 1 0 0 0 0 1 0 1 0 0 1 1 0 0 0
480	1	1 1 1 1 0 0 0 1 0 0 0 0 0 0 0 1 0 0 0 1
490	4	1 1 1 1 0 1 1 0 0 0 0 0 0 1 0 1 0 0 0 0
490	2	1 0 1 1 0 0 0 1 0 0 0 1 1 0 0 1 0 0 0 0
490	1	1 1 1 1 0 1 0 0 1 1 0 0 1 0 0 1 0 0 0 0
490	1	1 1 1 1 0 1 0 0 1 0 0 0 1 1 0 1 0 0 0 0
490	2	0 1 1 1 0 1 0 0 0 0 0 1 0 1 0 1 0 1 0 0
490	3	1 1 1 1 0 1 0 1 1 1 1 0 1 0 0 1 0 0 0 0
490	2	1 1 1 1 0 1 1 1 0 0 0 1 0 0 0 1 0 0 0 0
490	1	0 1 1 1 0 1 0 0 0 0 1 1 0 1 0 1 0 0 0 0
490	1	1 0 1 1 0 0 0 0 0 0 0 0 0 1 0 0 0 0 0 0
490	1	1 1 1 1 0 1 1 0 0 0 0 1 0 1 0 1 0 0 0 1
490	2	0 1 1 1 0 0 0 1 0 0 0 1 1 0 0 1 1 0 0 0
500	1	1 1 1 1 0 1 1 0 0 1 0 1 0 1 0 1 0 0 0 0
500	3	1 1 1 1 0 1 0 0 0 0 0 0 0 1 0 1 0 0 1 0
500	1	1 1 1 1 0 1 0 0 0 0 1 1 1 0 0 0 0 0 0 0
500	1	1 1 1 1 0 1 0 0 1 1 0 0 1 0 0 1 0 0 0 0
500	1	1 0 1 1 0 1 1 0 0 0 0 0 0 1 0 1 0 0 0 0
500	1	1 1 1 1 0 1 0 1 1 1 1 0 1 0 0 1 0 0 0 0
500	2	1 1 1 1 0 1 1 1 0 0 0 1 0 0 0 1 0 0 0 0
500	1	1 0 1 1 0 0 0 0 0 0 0 0 0 1 0 0 0 0 0 0
500	1	1 1 1 1 0 0 0 1 0 0 0 0 0 0 0 1 0 0 0 1
500	2	1 1 1 1 0 1 0 1 1 1 1 0 1 0 0 0 0 0 0 0
500	1	1 1 1 1 0 1 0 0 1 0 0 0 1 0 0 1 0 0 0 0
500	1	1 0 1 1 0 1 0 0 0 0 0 0 0 1 0 0 0 0 0 0
500	1	1 1 1 1 0 1 0 0 0 0 1 0 0 1 0 1 0 0 0 0
500	1	1 1 1 1 0 1 0 1 0 0 1 0 0 1 0 1 0 0 0 0
500	1	1 1 1 1 0 0 0 0 0 0 1 1 1 1 1 0 0 0 0 0
500	1	1 0 1 1 0 1 0 0 0 0 1 0 0 1 0 1 0 0 0 0
