0	250	0 0 0 0 0 0 0 1 0 0 0 0 1 0 0 0 0 1 0 0
0	250	0 0 0 1 0 0 1 0 0 0 1 0 0 0 1 0 1 0 1 0
0	250	0 0 0 0 0 0 0 1 1 0 0 1 1 0 0 0 0 0 0 0
0	250	0 0 0 0 0 0 1 0 0 0 0 1 1 0 0 0 1 0 0 0
50	68	0 0 0 0 0 0 0 1 0 0 0 0 1 0 0 0 0 1 0 0
50	123	0 0 0 0 0 0 0 1 1 0 0 1 1 0 0 0 0 0 0 0
50	15	0 0 0 0 0 0 1 0 0 0 0 1 1 0 0 0 1 0 0 0
50	13	0 0 0 0 0 0 0 1 0 0 0 0 1 0 0 0 1 0 0 0
50	21	0 0 0 0 0 0 0 1 0 0 0 0 1 0 0 0 0 0 0 0
50	10	0 0 0 0 0 0 0 0 0 0 0 1 1 0 0 0 1 0 0 0
50	10	0 0 0 0 0 0 1 0 0 0 0 1 1 0 0 0 0 0 0 0
50	10	0 0 0 0 0 0 0 1 1 0 0 1 1 0 0 1 0 0 0 0
50	21	0 0 0 0 0 0 0 1 0 0 0 0 1 0 0 0 1 0 0 1
50	6	0 0 0 0 0 0 0 0 1 0 0 1 1 0 0 0 0 0 0 0
50	18	0 0 0 0 0 0 0 1 1 0 0 1 1 0 1 0 0 0 0 0
50	39	0 0 0 0 0 0 0 1 0 0 0 1 1 0 0 0 0 0 0 0
50	13	0 0 0 0 0 1 0 1 0 0 0 0 1 0 0 0 0 1 0 0
50	3	0 1 0 0 0 0 0 1 1 0 0 1 1 0 0 0 0 0 0 0
50	21	0 0 1 0 0 0 0 1 1 0 0 1 1 0 0 0 0 0 0 0
50	37	0 0 0 1 0 0 1 0 0 0 0 0 1 0 0 0 0 1 0 0
50	3	0 0 0 0 0 0 0 1 1 0 0 1 1 0 1 0 1 0 1 0
50	11	0 0 0 0 0 0 0 1 0 0 0 0 1 0 0 0 1 1 0 0
50	7	0 0 0 0 0 0 1 0 0 0 0 0 1 0 0 0 0 1 0 0
50	53	0 0 0 0 0 0 1 1 1 0 0 1 1 0 0 0 0 0 0 0
50	17	0 1 0 0 0 0 0 1 0 0 0 0 1 0 0 0 0 1 0 0
50	15	0 0 1 0 0 1 0 1 1 0 0 1 1 0 0 0 0 0 0 0
50	1	1 0 0 0 0 0 0 1 1 1 0 1 1 0 0 0 0 0 0 0
50	18	0 0 0 0 0 0 0 1 0 0 0 0 1 0 0 0 0 1 0 1
50	1	0 0 0 0 0 0 1 0 0 0 0 1 1 0 1 0 1 0 0 0
50	59	0 0 0 0 0 0 0 1 1 0 0 0 0 0 0 0 0 0 0 0
50	11	0 0 0 0 0 0 0 1 1 0 1 1 1 0 1 0 0 0 0 0
50	4	0 0 1 0 0 0 1 0 0 0 0 0 1 0 0 0 0 1 0 0
50	9	0 0 0 0 0 0 1 1 1 0 0 0 1 0 0 0 0 0 0 0
50	6	0 0 0 1 0 0 0 1 1 0 0 1 1 0 0 0 0 0 0 0
50	10	0 0 1 0 0 0 0 0 1 0 0 1 1 0 0 0 0 0 0 0
50	8	0 1 0 1 0 0 1 1 0 0 0 0 1 0 0 0 0 1 0 0
50	18	0 0 1 0 0 0 0 1 0 0 0 0 1 0 0 0 1 0 0 0
50	6	0 0 0 0 0 0 0 1 1 0 0 0 1 0 0 1 0 0 0 0
50	18	0 0 0 0 1 0 0 1 0 0 0 0 1 0 1 0 0 1 0 0
50	5	0 1 0 0 0 0 0 1 0 0 0 1 1 0 1 0 0 0 0 0
50	4	0 0 0 1 0 0 1 0 0 0 0 1 0 0 0 0 0 0 0 0
50	3	0 0 0 1 0 0 1 1 1 0 0 1 1 0 0 0 0 0 0 0
50	4	0 0 0 0 0 0 0 1 0 0 1 0 1 0 0 0 0 1 0 0
50	2	0 0 0 0 0 0 0 1 0 0 1 1 1 0 0 0 0 0 0 0
50	6	0 0 0 0 0 0 1 1 0 0 0 1 1 0 0 0 0 0 0 0
50	2	0 0 0 1 1 0 0 1 0 0 0 0 1 0 0 0 0 1 0 0
50	16	0 0 0 0 0 0 0 1 1 0 0 1 1 0 0 0 0 0 1 0
50	16	0 0 0 0 0 1 0 1 1 0 0 1 1 0 0 0 0 0 0 0
50	3	0 0 0 0 0 1 0 1 0 0 0 1 1 0 0 0 0 0 0 0
50	3	0 0 0 0 0 0 1 1 1 0 0 0 1 0 0 0 0 1 0 0
50	13	0 0 0 0 0 0 0 1 0 0 0 0 1 0 1 0 0 1 0 0
50	4	0 0 0 0 1 0 0 1 1 0 0 1 1 0 1 1 0 0 0 0
50	4	0 0 0 0 0 0 0 1 0 0 0 1 1 0 0 0 0 1 0 0
50	4	0 0 0 0 0 0 1 1 1 0 0 1 1 0 0 1 0 0 0 0
50	5	0 0 0 0 0 0 0 0 0 0 0 0 1 0 0 0 1 1 0 0
50	2	0 1 0 0 0 0 1 0 0 0 0 0 1 0 0 0 0 1 0 0
50	3	0 0 0 0 0 0 0 1 0 0 0 0 1 1 0 0 0 1 0 0
50	4	0 0 0 0 1 0 0 0 0 0 0 1 1 0 0 0 1 0 0 0
50	1	0 0 0 0 1 0 0 1 1 0 0 1 1 0 1 0 0 0 0 0
50	4	0 0 0 1 0 1 1 0 0 0 0 0 1 0 1 0 0 1 0 0
50	4	0 0 1 0 0 0 0 1 0 0 0 0 1 0 0 0 0 1 0 0
50	2	0 0 1 0 0 0 0 1 1 0 1 1 1 0 0 0 0 0 0 0
50	5	0 0 0 0 0 0 1 1 1 0 0 1 0 0 0 0 0 0 0 0
50	1	0 0 0 0 0 0 0 1 0 0 1 1 1 0 0 0 0 1 0 0
50	6	0 0 0 0 0 0 0 1 0 1 0 0 1 0 0 0 0 1 0 0
50	3	0 0 0 0 1 0 0 1 0 0 0 0 1 0 0 0 1 0 0 1
50	10	1 0 0 0 0 0 1 1 1 0 0 0 1 0 0 0 0 1 0 0
50	17	1 0 0 0 0 0 1 0 1 0 0 1 1 0 0 0 0 0 0 0
50	3	0 0 0 1 0 0 0 1 1 0 0 1 1 0 1 0 0 0 0 0
50	19	0 1 0 0 0 1 0 1 0 0 0 1 1 0 1 0 0 0 0 0
50	3	0 0 0 0 1 0 0 1 0 0 0 0 1 0 0 0 0 0 0 0
50	2	0 0 0 0 0 0 0 0 0 0 0 1 1 0 0 0 0 0 0 0
50	1	0 0 0 0 0 0 1 1 1 0 0 1 1 1 0 0 0 0 0 0
50	1	0 0 0 0 0 0 1 1 1 0 1 1 1 0 1 0 0 0 0 0
50	6	0 0 0 0 0 0 1 1 0 0 0 0 1 1 0 0 0 1 0 0
50	1	0 0 1 0 0 0 0 1 0 0 0 0 1 1 0 0 0 1 0 0
50	4	1 0 0 0 0 0 0 1 0 0 0 0 1 0 0 0 0 1 0 0
50	5	0 0 0 0 0 0 0 1 0 0 1 0 1 0 0 0 1 0 0 0
50	6	0 0 1 0 0 0 1 0 0 0 0 1 1 0 0 0 0 0 0 0
50	8	0 1 0 0 0 0 0 1 0 0 0 0 1 0 0 0 1 0 0 1
50	6	0 0 0 0 0 0 0 1 0 0 0 1 1 0 0 1 0 0 0 0
50	5	0 1 1 0 0 0 0 1 1 0 0 1 1 0 0 0 0 0 0 0
50	2	0 0 0 1 0 0 0 1 0 0 0 0 1 0 0 0 0 1 0 1
50	1	0 0 0 0 0 1 1 0 0 0 0 1 1 0 1 0 1 0 0 0
50	5	0 1 0 1 0 0 0 1 0 0 0 0 1 0 0 0 0 1 0 0
50	6	1 0 0 0 1 0 1 0 1 0 0 1 1 0 0 0 0 0 0 0
50	3	1 0 0 0 0 0 0 1 1 0 0 1 1 0 0 0 0 0 0 0
50	2	0 0 0 1 1 0 1 0 0 0 0 0 1 0 0 0 0 1 0 0
50	1	0 0 0 0 0 0 1 1 1 0 0 1 1 0 0 0 0 0 1 0
50	2	0 0 1 0 0 1 0 1 1 0 0 1 1 0 1 0 0 0 0 0
50	4	1 0 0 0 0 0 0 1 1 0 0 0 0 0 0 0 0 0 0 0
50	2	0 0 1 0 1 0 0 0 1 0 0 1 1 0 0 0 0 0 0 0
50	2	0 0 0 0 1 0 0 1 0 0 0 0 1 0 1 0 1 1 0 0
50	6	0 0 1 0 0 0 0 0 1 0 1 1 1 0 0 0 0 0 0 0
50	1	0 0 0 0 0 0 1 0 0 0 0 0 1 0 0 0 1 0 0 0
50	1	0 0 0 0 0 0 0 1 1 0 1 1 1 0 0 0 0 0 0 0
50	3	0 0 0 0 1 0 0 1 1 0 0 1 1 0 0 0 0 0 0 0
50	2	0 0 0 0 1 0 0 1 1 0 0 1 1 0 1 1 0 1 0 0
50	4	0 0 0 0 0 0 1 0 0 0 0 1 1 1 0 0 1 0 0 0
50	3	0 0 0 0 0 0 0 1 0 0 0 1 1 0 0 0 1 0 0 0
50	2	0 1 0 0 0 0 1 1 1 0 0 1 1 0 0 0 0 0 0 0
50	1	0 0 1 0 0 1 0 1 1 0 0 1 0 0 0 0 0 0 0 0
50	4	0 0 0 0 0 0 0 1 0 0 0 0 1 0 0 1 0 1 0 1
50	3	0 0 0 0 0 1 1 0 0 0 0 1 1 0 0 0 1 0 0 0
50	1	0 0 0 0 0 0 0 1 0 0 0 0 1 0 0 1 1 0 0 1
50	1	0 1 0 1 0 0 1 0 0 0 0 0 1 0 0 0 0 1 0 0
50	2	0 1 0 0 0 1 0 1 0 0 0 0 1 0 0 0 0 1 0 0
50	1	0 0 0 0 0 0 0 1 0 0 0 0 1 0 0 0 1 1 0 1
50	1	0 0 1 0 0 0 0 1 1 0 0 0 0 0 0 0 0 0 0 0
50	3	0 0 0 0 0 0 1 1 1 0 0 1 1 0 0 1 0 0 1 0
50	1	0 0 0 1 0 1 1 0 0 0 0 0 1 0 1 0 0 1 1 0
50	1	1 0 0 1 0 0 1 0 1 0 0 1 1 0 0 0 0 0 0 0
100	9	0 0 0 0 0 0 0 1 0 0 0 0 1 0 0 0 0 1 0 0
100	17	0 0 0 0 0 0 0 1 1 0 0 1 1 0 0 0 0 0 0 0
100	3	0 0 0 0 0 0 1 0 0 0 0 1 1 0 0 0 1 0 0 0
100	8	0 0 0 0 0 0 0 1 0 0 0 0 1 0 0 0 0 0 0 0
100	31	0 0 0 0 0 0 1 0 0 0 0 1 1 0 0 0 0 0 0 0
100	5	0 0 0 0 0 0 0 1 0 0 0 0 1 0 0 0 1 0 0 1
100	4	0 0 0 0 0 0 0 1 0 0 0 1 1 0 0 0 0 0 0 0
100	46	0 0 1 0 0 0 0 1 1 0 0 1 1 0 0 0 0 0 0 0
100	5	0 0 0 1 0 0 1 0 0 0 0 0 1 0 0 0 0 1 0 0
100	13	0 0 0 0 0 0 1 1 1 0 0 1 1 0 0 0 0 0 0 0
100	17	0 0 0 0 0 0 0 1 0 0 0 0 1 0 0 0 0 1 0 1
100	6	0 0 0 0 0 0 0 1 1 0 0 0 0 0 0 0 0 0 0 0
100	3	0 0 1 0 0 0 1 0 0 0 0 0 1 0 0 0 0 1 0 0
100	16	0 1 0 0 0 0 0 1 0 0 0 1 1 0 1 0 0 0 0 0
100	1	0 0 0 0 0 0 0 1 0 1 0 0 1 0 0 0 0 1 0 0
100	4	0 1 0 0 0 0 0 1 0 0 0 0 1 0 0 0 1 0 0 1
100	28	0 0 0 0 0 0 1 1 1 1 0 1 0 0 0 0 0 0 0 0
100	16	1 0 0 0 0 0 0 1 0 0 0 1 1 0 0 0 0 0 0 0
100	17	0 1 1 0 0 0 0 1 1 0 0 1 1 1 0 0 0 0 0 0
100	14	0 1 1 0 0 0 0 1 1 0 0 1 1 1 0 1 0 0 0 0
100	42	0 1 0 1 0 0 1 1 0 0 0 1 1 0 0 0 0 0 0 0
100	9	0 0 0 0 1 0 1 0 0 0 0 1 1 0 0 0 1 0 0 0
100	8	0 0 0 0 0 1 1 0 0 0 0 1 1 0 0 0 1 0 0 0
100	34	0 0 0 1 0 0 0 0 0 0 0 0 1 0 0 0 0 1 0 0
100	5	0 1 1 0 0 0 0 1 0 0 0 0 1 0 0 0 1 0 0 1
100	22	0 1 0 1 0 0 1 1 0 0 0 1 1 0 1 0 0 0 0 0
100	1	0 0 0 1 0 0 1 1 1 0 0 1 1 0 0 0 0 0 0 0
100	4	0 1 0 1 0 0 0 1 0 0 0 1 1 0 0 0 0 0 0 0
100	8	0 0 0 0 0 0 1 0 0 0 0 1 1 1 0 0 0 1 0 0
100	3	0 0 0 0 0 0 1 1 1 1 0 1 0 0 0 0 1 0 0 0
100	20	0 0 1 0 0 0 0 1 1 0 0 1 1 0 1 0 0 0 0 0
100	8	0 0 0 0 0 0 1 1 1 0 0 1 1 0 0 0 1 0 0 0
100	7	0 0 0 0 0 1 0 1 0 0 0 0 1 0 0 0 0 0 0 0
100	22	0 0 0 1 0 0 0 1 1 0 0 1 1 0 0 0 0 0 0 0
100	1	0 0 0 0 0 0 1 1 0 0 0 1 1 0 0 0 0 1 0 1
100	4	0 0 0 0 0 0 1 0 1 0 0 0 1 0 0 0 0 1 0 0
100	6	0 1 0 1 0 0 1 0 0 0 0 0 1 0 0 0 0 0 0 1
100	1	1 0 0 1 0 0 1 0 0 0 0 1 1 1 0 0 1 0 0 0
100	3	0 1 0 1 0 0 0 1 0 1 0 1 1 0 0 0 0 0 0 0
100	5	0 0 1 0 0 0 0 1 0 0 0 1 1 0 0 0 0 0 0 0
100	1	0 0 0 0 0 0 1 1 1 0 0 0 1 0 0 0 0 0 1 0
100	2	1 0 0 0 0 0 0 1 0 0 1 1 1 0 0 0 0 0 0 0
100	5	1 0 0 0 0 0 0 1 0 0 0 1 1 0 0 1 0 0 0 0
100	12	0 1 1 1 0 0 1 0 0 0 0 1 1 0 0 0 0 0 0 1
100	1	1 0 0 0 0 0 0 1 0 0 0 0 1 0 0 0 1 0 0 0
100	6	0 1 0 0 0 0 1 1 1 0 0 1 0 0 0 0 0 0 0 0
100	4	0 1 0 1 0 0 1 1 0 0 0 1 0 0 0 0 0 0 0 0
100	1	1 0 0 0 1 0 1 0 1 0 0 0 1 0 0 0 0 0 0 0
100	19	1 0 1 0 0 0 0 1 0 0 0 0 1 0 0 0 1 1 1 0
100	14	0 1 0 1 0 0 0 1 0 0 0 0 1 0 0 1 0 1 0 1
100	15	1 0 0 0 0 0 0 1 1 0 0 1 1 0 0 0 0 0 0 0
100	2	0 1 0 1 0 0 1 0 0 0 0 0 1 0 0 0 1 0 0 1
100	20	0 0 1 0 0 0 1 0 0 0 0 0 1 0 0 0 0 1 0 1
100	4	0 1 0 0 0 0 0 1 0 0 0 1 1 0 0 0 1 0 0 1
100	2	0 0 0 0 0 1 1 1 1 0 0 1 1 0 0 0 1 0 0 0
100	12	0 1 1 0 0 0 0 1 1 0 0 0 1 0 0 0 1 1 1 0
100	4	0 0 0 0 0 0 1 1 0 0 0 0 1 0 0 0 1 0 0 1
100	2	0 0 0 1 0 0 1 0 1 0 0 0 1 0 0 0 0 0 0 0
100	1	0 0 1 0 0 0 0 1 1 0 0 1 1 1 0 0 0 0 0 0
100	9	0 0 0 0 0 0 1 1 1 0 1 1 1 0 0 0 0 0 0 0
100	2	0 0 1 0 0 0 1 1 0 0 0 1 1 0 0 0 0 0 0 0
100	8	1 0 1 0 0 0 0 1 0 0 0 1 1 0 0 0 0 0 0 0
100	6	0 1 1 0 0 0 0 1 1 0 1 1 1 1 0 0 0 0 0 0
100	9	0 1 0 1 0 0 1 1 0 1 0 1 1 0 0 0 0 0 0 0
100	9	0 1 1 1 0 0 1 0 0 0 0 0 1 0 0 0 0 1 0 0
100	15	0 1 0 0 0 0 0 1 1 0 0 1 1 0 0 0 0 0 0 0
100	14	1 0 0 1 0 0 0 0 0 0 0 0 1 0 0 0 0 1 0 0
100	27	0 1 0 1 0 0 0 1 1 0 0 1 1 0 0 0 0 0 0 0
100	7	0 0 0 0 0 0 0 1 0 0 0 0 1 0 0 0 1 1 0 1
100	11	0 0 1 0 0 0 0 1 0 0 0 0 1 0 0 0 1 0 0 1
100	9	0 1 0 1 0 0 1 1 0 0 0 0 1 0 0 1 0 1 0 1
100	1	0 1 1 0 0 0 0 1 0 0 0 0 1 0 0 0 0 0 0 1
100	2	0 0 1 0 0 0 0 1 0 0 0 0 1 0 0 0 0 0 0 0
100	3	0 0 0 0 0 1 0 1 0 0 0 0 1 0 0 0 0 1 0 1
100	1	0 0 0 0 0 0 1 1 1 0 0 1 1 1 0 0 1 0 0 0
100	7	0 0 0 0 0 0 0 1 1 0 0 1 1 0 0 0 1 0 0 1
100	3	0 0 0 0 0 0 1 1 1 0 0 1 1 0 0 0 1 0 0 1
100	2	0 0 0 1 0 0 0 1 0 0 1 0 1 0 0 0 1 0 0 1
100	5	0 0 1 0 0 0 0 1 1 0 0 1 1 1 0 0 1 0 0 0
100	9	0 0 0 0 0 0 0 1 1 0 0 1 1 0 0 0 0 1 0 0
100	13	0 0 0 0 0 0 0 0 0 0 0 0 1 0 0 0 0 1 0 0
100	8	0 1 0 1 0 0 0 1 0 0 0 1 1 0 0 0 1 0 0 1
100	15	1 0 1 1 0 0 0 0 0 0 0 0 1 0 0 0 0 1 0 0
100	4	1 0 0 0 0 0 1 1 1 1 0 1 0 0 0 0 0 0 0 0
100	6	0 0 0 1 0 0 0 0 0 0 0 1 1 0 0 0 0 0 0 0
100	2	0 0 1 0 0 0 0 1 0 0 0 1 1 0 0 0 1 0 0 0
100	3	0 1 0 1 0 0 0 1 0 1 0 1 1 0 1 0 0 0 0 0
100	3	0 1 1 1 0 0 1 0 0 0 1 0 1 0 0 0 1 0 0 1
100	4	0 0 0 1 0 0 0 0 0 0 0 0 1 0 0 1 0 1 0 0
100	5	0 0 0 1 0 0 0 1 1 0 0 1 1 0 0 0 1 0 0 0
100	7	0 0 0 0 0 0 0 1 0 1 0 0 1 0 0 0 0 0 0 1
100	3	1 1 0 1 0 0 0 1 0 0 0 0 1 0 0 1 0 1 0 1
100	9	0 0 1 0 0 0 0 1 1 0 0 0 1 0 0 0 0 0 0 0
100	6	0 0 0 0 0 0 0 1 0 0 1 0 1 0 0 1 1 0 0 1
100	14	0 0 1 0 0 1 0 1 1 0 0 1 1 0 1 0 0 0 0 0
100	7	1 0 1 0 0 0 0 1 0 0 0 1 1 0 0 1 0 0 0 0
100	2	0 0 0 0 0 0 1 0 1 0 0 1 1 1 0 0 0 0 0 0
100	5	0 0 0 0 0 0 1 1 0 0 0 1 1 0 1 0 0 0 0 0
100	1	0 0 1 0 0 0 0 1 0 0 0 0 1 0 0 0 1 1 1 0
100	5	0 1 0 0 0 0 0 1 0 0 0 0 1 0 0 0 0 0 0 0
100	3	0 0 1 1 0 0 0 1 1 0 0 1 1 0 0 0 0 0 0 0
100	2	0 0 0 0 0 0 1 1 1 0 0 1 1 0 1 0 0 0 0 0
100	5	0 0 0 0 0 0 0 1 1 1 0 1 0 0 0 0 0 0 0 0
100	2	0 1 0 1 0 1 1 0 0 0 0 0 1 0 0 0 0 0 0 1
100	3	0 0 0 0 0 0 1 1 1 0 1 1 1 0 0 0 0 1 0 0
100	6	0 0 0 0 0 1 0 1 0 0 0 1 1 0 0 0 0 1 0 1
100	2	0 1 1 0 0 0 1 1 1 0 0 1 1 0 0 0 0 0 0 0
100	1	0 1 0 1 0 0 1 0 0 0 0 1 1 0 0 0 0 0 0 0
100	4	1 0 1 0 0 1 0 1 0 0 0 0 1 0 0 0 1 1 1 0
100	1	0 0 0 0 1 0 0 1 1 0 0 1 1 0 0 0 0 0 0 0
100	3	0 0 0 1 0 0 0 1 0 0 0 0 1 0 0 0 0 1 0 1
100	8	1 0 0 0 0 1 0 1 0 0 0 1 1 0 0 0 0 0 0 0
100	3	0 1 1 0 0 0 0 1 0 0 0 1 1 1 0 0 0 0 0 0
100	5	0 0 0 0 0 0 0 0 0 0 0 1 1 0 0 0 0 0 0 0
100	3	0 0 0 0 0 0 0 1 0 0 0 0 1 0 0 0 1 0 0 0
100	3	0 0 0 0 0 0 1 0 0 0 0 1 1 0 0 0 0 0 0 1
100	1	0 0 1 0 0 0 0 1 0 0 0 1 1 0 0 0 0 1 0 0
100	2	0 0 0 0 0 0 0 1 1 1 0 1 1 0 0 0 0 1 0 1
100	4	0 0 0 0 0 1 0 1 1 0 0 1 1 0 0 0 0 0 0 0
100	1	0 0 1 0 0 0 1 1 1 1 0 1 0 0 0 0 0 0 0 0
100	1	0 0 0 0 0 0 1 1 1 1 0 1 0 1 0 0 0 0 0 0
100	2	0 0 0 1 0 0 0 0 0 0 0 0 1 0 1 0 0 1 0 0
100	1	0 0 1 0 0 0 0 0 1 0 0 1 1 1 0 0 0 0 0 0
100	3	1 0 0 0 0 0 1 0 1 0 0 1 1 1 0 0 0 0 0 0
100	3	0 1 0 0 0 0 0 1 0 0 0 0 1 0 0 0 0 0 0 1
100	3	0 1 1 1 0 0 1 0 0 0 0 1 1 1 0 0 1 0 0 0
100	4	0 0 0 0 0 0 0 0 1 0 0 1 1 0 0 0 0 0 0 0
100	1	0 1 0 1 0 0 1 1 1 0 0 1 1 0 0 0 0 0 0 0
100	1	0 1 0 1 0 0 0 1 0 1 0 1 1 0 0 0 1 0 0 1
100	2	0 1 1 1 0 0 1 1 0 0 1 0 1 0 0 0 1 0 0 1
100	1	0 1 1 0 0 0 1 1 1 0 0 1 1 0 0 0 0 0 0 1
100	1	0 0 0 0 0 0 0 1 0 0 0 1 1 1 0 1 0 0 0 0
100	1	0 0 0 1 0 0 1 0 0 0 0 1 1 0 0 0 0 0 0 1
100	3	1 0 0 0 0 0 1 1 1 0 0 1 1 0 0 0 0 0 0 0
100	2	0 1 0 0 0 0 1 1 1 0 0 0 1 0 0 0 1 0 0 1
100	1	1 0 1 0 0 0 0 1 0 0 0 0 1 0 0 0 0 1 0 1
100	1	1 0 1 0 0 0 0 1 0 0 0 0 1 0 1 0 0 0 0 0
100	2	0 1 1 0 0 0 0 1 1 0 1 1 0 0 0 0 0 0 0 0
100	3	0 1 1 0 0 0 0 1 0 0 0 1 1 0 0 0 0 1 0 1
100	1	1 0 0 0 0 0 1 1 1 0 0 0 1 0 0 0 0 0 1 0
100	1	0 0 0 0 0 0 0 0 0 0 0 0 1 0 0 0 0 1 0 1
100	1	0 0 0 0 0 0 1 0 0 0 0 1 1 0 0 0 0 1 0 0
100	5	0 0 1 0 0 0 0 1 1 0 0 1 1 0 0 1 0 0 0 0
100	1	0 0 0 0 0 0 1 1 1 1 0 1 0 0 0 0 0 0 0 1
100	1	0 1 1 0 0 0 1 1 1 0 0 1 1 1 0 0 0 0 0 0
100	1	0 1 0 0 0 0 1 1 0 0 0 1 1 0 1 0 0 0 0 0
100	3	0 0 0 1 0 0 1 1 1 0 0 1 1 0 0 0 0 1 0 0
100	2	0 1 0 1 0 0 1 0 0 0 0 0 1 0 0 1 0 1 0 1
100	1	1 0 0 1 0 0 0 1 0 0 1 0 1 0 0 0 1 0 0 1
100	1	0 0 1 0 0 0 0 1 0 0 0 1 1 0 0 1 0 1 0 0
150	21	0 0 0 1 0 0 1 0 0 0 0 0 1 0 0 0 0 1 0 0
150	17	0 0 0 0 0 0 1 1 1 1 0 1 0 0 0 0 0 0 0 0
150	36	0 1 1 0 0 0 0 1 1 0 0 1 1 1 0 1 0 0 0 0
150	20	0 1 0 1 0 0 1 1 0 0 0 1 1 0 0 0 0 0 0 0
150	16	0 0 0 1 0 0 0 0 0 0 0 0 1 0 0 0 0 1 0 0
150	1	0 1 0 1 0 0 1 1 0 0 0 1 1 0 1 0 0 0 0 0
150	14	0 1 0 1 0 0 1 0 0 0 0 0 1 0 0 0 0 0 0 1
150	26	0 1 1 1 0 0 1 0 0 0 0 1 1 0 0 0 0 0 0 1
150	7	0 1 0 1 0 0 1 0 0 0 0 0 1 0 0 0 1 0 0 1
150	17	0 0 1 0 0 0 1 0 0 0 0 0 1 0 0 0 0 1 0 1
150	9	0 1 1 0 0 0 0 1 1 0 1 1 1 1 0 0 0 0 0 0
150	2	0 1 0 1 0 0 1 1 0 1 0 1 1 0 0 0 0 0 0 0
150	8	0 1 1 1 0 0 1 0 0 0 0 0 1 0 0 0 0 1 0 0
150	26	0 0 0 0 0 0 1 1 0 0 0 1 1 0 1 0 0 0 0 0
150	2	0 0 0 0 0 1 0 1 0 0 0 1 1 0 0 0 0 1 0 1
150	30	1 0 0 1 0 0 0 1 0 0 1 0 1 0 0 0 1 0 0 1
150	24	0 1 1 1 0 0 1 0 0 0 0 1 1 0 0 0 0 0 0 0
150	9	1 1 1 0 0 0 0 1 1 0 0 1 1 1 0 0 0 0 0 0
150	3	0 1 1 1 0 0 1 1 0 0 0 1 1 0 1 0 0 0 0 0
150	6	0 1 1 1 0 0 1 1 0 1 0 1 1 0 0 0 0 0 0 0
150	13	0 1 1 0 0 1 0 1 1 0 0 1 1 0 1 0 0 0 0 0
150	20	1 1 0 0 0 0 1 1 0 0 0 1 1 0 1 0 0 0 0 0
150	11	0 1 0 1 0 0 1 0 0 0 0 0 1 0 0 0 0 1 0 0
150	5	1 0 1 0 0 0 0 1 1 0 0 1 1 0 0 0 0 0 0 0
150	15	1 0 0 1 0 0 0 1 0 0 1 1 1 0 0 0 1 0 0 1
150	9	0 1 1 1 0 0 1 1 0 0 0 1 1 0 0 0 0 0 0 0
150	6	0 0 0 1 0 0 0 0 0 0 0 0 1 0 0 1 0 0 0 0
150	13	0 0 0 0 0 0 1 1 0 0 0 1 1 0 1 0 1 0 0 0
150	17	0 1 1 0 0 0 1 1 1 0 0 0 1 0 0 0 0 0 1 0
150	3	0 0 0 0 0 0 1 1 1 0 0 0 1 0 1 0 0 0 1 0
150	11	0 1 1 1 0 0 1 1 0 0 0 1 1 1 0 0 0 0 0 0
150	1	0 1 0 1 0 0 1 1 0 0 1 1 0 0 0 0 0 1 0 1
150	7	0 0 0 1 0 0 0 0 1 0 0 1 1 0 0 0 0 0 0 0
150	3	0 1 1 1 0 0 1 0 0 0 0 1 0 0 0 0 0 0 0 1
150	1	0 1 1 1 1 0 1 0 0 0 0 0 1 0 0 0 0 1 0 0
150	6	0 1 1 1 0 0 1 1 0 0 0 0 0 0 0 0 0 0 0 1
150	6	1 1 1 0 0 0 1 1 1 0 0 0 1 0 0 0 0 0 1 0
150	26	0 1 1 0 0 1 0 1 1 0 0 0 1 0 1 0 0 0 0 0
150	6	0 1 1 0 0 1 0 1 1 0 0 0 1 0 0 0 0 0 1 0
150	1	0 1 0 0 0 0 0 0 1 0 0 0 1 0 0 0 1 0 0 1
150	5	0 1 1 1 0 1 1 0 0 0 0 1 1 0 0 0 0 0 0 1
150	37	0 1 1 0 0 0 0 1 1 0 0 1 1 0 1 1 0 0 0 0
150	6	0 0 1 0 0 0 0 1 1 0 0 1 1 0 1 0 0 1 0 1
150	3	0 0 1 0 1 0 1 1 1 0 0 1 1 1 1 0 0 1 0 0
150	9	0 0 0 0 0 0 0 0 0 0 0 1 1 0 1 0 1 0 0 1
150	5	1 0 0 1 0 0 1 0 0 0 0 1 1 0 0 0 0 1 0 0
150	7	0 0 0 1 0 0 0 0 0 0 0 0 1 0 0 1 0 1 0 0
150	6	0 0 1 0 0 0 1 0 0 0 0 0 1 0 0 0 1 0 0 1
150	14	0 1 0 1 0 0 0 0 0 0 0 0 1 0 0 0 0 0 0 1
150	2	0 1 1 0 0 0 1 0 0 0 0 1 1 0 0 0 0 0 0 0
150	3	0 0 1 0 0 0 0 1 1 0 0 1 1 0 0 0 0 1 1 1
150	2	1 1 0 0 0 1 1 1 0 0 0 1 1 0 1 0 0 0 0 0
150	3	0 0 0 1 0 0 1 1 0 0 0 1 1 0 0 0 0 0 0 0
150	1	0 1 0 1 0 0 1 1 0 0 0 1 0 0 0 0 1 0 0 0
150	2	0 0 0 1 0 0 1 1 0 0 1 0 1 0 0 0 0 0 0 0
150	24	0 1 1 0 0 0 0 1 1 0 1 1 1 1 0 0 0 0 0 1
150	10	0 1 1 1 0 0 1 0 0 0 0 1 1 0 1 0 0 0 0 0
150	16	0 1 1 0 0 0 0 1 1 0 0 1 1 0 0 0 0 0 0 0
150	9	0 1 1 1 0 0 1 0 0 0 0 0 1 0 0 0 0 1 0 1
150	12	1 0 0 1 0 0 0 1 0 0 1 0 1 0 0 1 1 0 0 1
150	10	0 1 1 0 0 1 0 1 1 0 0 1 1 0 1 1 0 0 0 0
150	8	1 0 0 1 0 0 1 0 0 0 0 0 1 0 0 0 0 1 0 0
150	13	1 1 0 0 0 0 1 1 0 0 0 1 1 0 0 0 0 0 0 0
150	4	0 0 1 0 0 0 0 1 1 0 0 1 1 0 0 0 0 0 0 1
150	3	0 0 0 1 0 0 0 0 1 0 0 1 0 0 0 0 0 0 0 0
150	3	0 0 0 0 0 1 0 1 0 0 0 1 1 1 0 0 0 0 0 0
150	11	0 0 0 0 0 0 1 0 0 0 0 0 1 0 0 0 0 1 0 0
150	8	0 1 1 0 0 1 0 1 1 0 0 1 1 0 0 0 0 1 0 0
150	3	0 1 1 0 0 0 0 1 1 0 0 1 1 0 0 0 1 0 0 1
150	1	0 1 0 1 0 0 1 0 0 0 0 0 1 0 0 0 0 1 0 1
150	8	1 1 1 0 0 0 1 0 1 0 0 0 1 0 0 0 0 0 1 0
150	6	0 0 0 1 0 0 1 1 1 0 1 0 1 0 0 0 1 0 0 1
150	1	0 0 0 0 0 0 1 1 0 0 0 1 1 1 0 0 0 0 0 0
150	3	0 0 0 0 0 0 1 1 1 0 0 1 1 0 0 0 0 0 0 0
150	2	1 0 0 1 0 0 0 1 0 0 1 1 1 0 0 0 1 0 0 0
150	16	0 1 1 1 1 0 1 1 0 1 0 1 1 0 0 0 0 0 0 0
150	8	0 0 0 0 0 0 0 0 0 1 0 1 1 0 1 0 0 0 1 1
150	5	0 1 1 1 0 1 1 0 0 0 0 1 0 0 0 0 1 0 0 1
150	12	0 1 0 1 0 0 0 1 0 0 0 1 1 0 1 0 0 0 0 0
150	5	1 1 1 0 1 0 0 1 1 0 0 1 1 1 0 0 0 0 0 0
150	5	1 0 0 1 0 0 1 1 0 0 1 0 1 0 0 0 0 0 0 1
150	2	0 1 0 1 0 0 1 0 0 0 1 1 1 0 0 0 0 0 0 0
150	6	0 0 0 0 0 0 0 1 0 0 0 1 1 0 0 0 1 1 0 1
150	11	0 0 0 0 0 0 1 1 0 0 0 1 1 0 0 0 0 0 0 1
150	1	1 0 0 1 0 0 0 1 0 0 1 0 1 0 0 1 1 0 0 0
150	2	0 0 0 1 0 0 1 0 0 0 0 0 1 0 0 0 0 0 0 0
150	1	1 0 0 0 0 0 1 1 1 1 0 0 1 0 0 0 0 1 1 0
150	7	0 1 1 0 0 1 0 1 1 0 0 0 1 0 0 0 0 0 1 1
150	2	1 0 1 1 0 0 0 1 0 1 1 0 1 0 0 1 1 0 0 1
150	4	0 1 1 0 0 1 0 1 1 0 0 1 0 0 0 0 0 0 0 0
150	3	0 0 0 0 0 0 1 1 0 1 0 1 0 0 0 0 0 0 0 0
150	2	0 1 0 1 0 0 1 0 0 0 0 1 1 0 0 0 0 0 0 1
150	10	0 1 1 1 0 0 1 0 0 0 0 0 1 1 0 0 0 1 0 1
150	1	1 1 1 0 0 0 0 1 0 0 1 0 1 0 0 0 1 0 0 1
150	6	0 0 0 1 0 0 0 1 0 0 1 0 1 0 0 0 1 0 0 1
150	2	0 1 1 1 0 0 0 0 0 0 0 0 1 0 0 0 0 1 0 0
150	1	0 0 1 1 0 0 1 1 0 1 0 1 1 0 0 0 0 0 0 0
150	1	1 1 1 0 0 1 0 1 1 0 0 1 1 0 1 0 0 0 0 0
150	2	0 1 1 0 1 0 0 1 1 0 0 1 1 0 1 1 0 0 0 0
150	3	0 0 0 0 0 0 1 1 1 0 1 0 1 0 0 0 1 0 0 1
150	2	0 1 1 0 0 0 0 0 0 0 0 0 1 0 0 0 0 1 0 0
150	3	0 1 1 1 0 0 0 0 0 0 0 0 1 0 0 0 0 0 0 1
150	1	0 1 1 0 0 1 0 1 1 0 1 1 1 1 0 0 0 0 0 0
150	1	0 0 0 0 0 0 1 1 1 0 0 1 0 0 0 0 0 0 1 0
150	2	0 0 1 1 0 0 0 1 0 0 1 1 1 0 0 0 1 0 0 1
150	4	0 1 1 1 0 0 0 0 0 0 0 0 1 0 0 0 0 1 0 1
150	10	1 1 1 1 1 0 1 1 0 1 0 1 1 0 0 0 0 0 0 0
150	1	0 1 1 1 0 0 1 0 0 0 0 0 1 0 0 1 0 0 0 0
150	1	0 1 1 1 0 0 0 1 1 0 0 1 1 1 0 1 0 0 0 0
150	3	0 1 1 0 0 1 0 1 1 0 0 0 1 0 0 0 0 0 0 1
150	4	0 0 1 0 0 0 1 0 0 0 1 1 1 0 0 0 0 1 0 1
150	1	0 1 1 1 0 0 1 0 1 0 0 0 1 0 0 0 0 1 0 0
150	3	0 1 1 1 0 0 1 0 0 0 0 1 1 1 0 0 0 0 0 0
150	1	0 1 1 0 0 0 0 1 1 0 0 1 1 1 1 1 0 0 0 0
150	3	0 1 0 1 0 0 0 1 1 0 0 1 1 1 0 0 0 0 0 1
150	1	0 0 0 0 0 0 1 0 0 0 0 0 1 0 0 0 0 1 0 1
150	2	0 1 0 0 0 0 0 0 0 0 0 0 1 0 0 0 0 1 0 0
150	1	0 1 1 0 0 0 1 1 1 0 0 0 1 0 0 0 0 1 0 0
150	5	0 1 1 0 0 0 0 1 1 0 0 1 1 0 1 1 0 0 0 1
150	2	0 0 0 1 0 0 1 0 0 0 0 1 1 1 0 0 0 0 0 0
150	1	0 1 0 0 0 0 0 0 1 0 0 0 1 0 0 1 1 0 0 0
150	1	0 1 1 1 0 0 1 0 0 1 0 1 1 0 0 0 0 0 0 1
150	2	1 0 0 0 0 0 0 1 0 0 1 0 1 0 0 0 1 0 0 1
150	1	0 1 1 0 0 0 1 0 1 0 0 0 1 0 0 0 0 0 1 0
150	3	0 1 1 1 1 0 1 0 0 0 0 0 1 0 0 0 0 0 0 0
150	2	0 1 0 0 0 0 0 0 0 0 0 0 1 0 0 0 1 0 0 1
150	3	0 0 1 0 0 0 0 1 1 0 0 0 1 0 0 0 0 0 0 1
150	3	0 0 0 0 0 0 0 1 1 0 1 1 0 0 0 0 0 0 0 0
150	2	0 1 1 1 0 0 0 1 0 0 0 1 1 0 1 0 0 0 0 0
150	4	0 0 1 0 0 0 1 0 0 0 1 1 0 0 0 0 0 1 0 1
150	1	0 1 0 1 0 0 1 1 0 1 0 1 1 0 0 0 0 1 0 0
150	1	1 0 0 1 0 0 0 1 0 0 0 1 1 0 1 0 0 0 0 0
150	2	0 1 1 1 0 0 0 0 0 0 0 1 1 0 1 0 1 0 0 1
150	1	0 0 0 0 0 0 1 1 0 0 0 1 1 0 0 0 0 1 0 0
150	1	0 0 0 1 0 0 1 0 0 0 0 0 1 0 0 0 1 1 0 0
150	1	0 0 0 1 0 0 1 1 1 1 0 1 0 0 0 0 0 0 0 0
150	1	0 1 1 0 0 0 0 1 1 0 0 0 1 1 0 1 0 0 0 0
150	1	0 1 0 1 0 0 1 1 0 0 1 1 1 0 0 0 0 0 0 0
150	1	0 1 0 1 0 1 1 1 0 0 0 1 1 0 0 0 0 0 0 0
150	1	0 0 0 1 0 0 1 0 0 0 0 0 1 0 0 0 0 0 0 1
150	1	1 1 0 1 0 0 1 0 0 0 0 0 1 0 0 0 1 0 0 1
150	3	0 1 1 0 0 0 0 1 1 0 1 0 1 1 0 0 0 0 0 0
150	4	0 0 0 0 0 0 1 1 1 0 0 1 1 0 1 0 0 0 0 0
150	2	0 1 1 1 0 0 0 1 1 0 0 1 1 0 0 0 0 0 0 0
150	5	0 1 1 0 0 1 0 1 1 0 0 1 1 0 1 1 0 1 0 0
150	2	0 0 1 0 0 0 1 1 1 0 0 1 1 0 0 0 0 0 0 1
150	4	0 0 0 0 0 0 1 1 1 0 0 1 1 0 0 0 1 0 0 0
150	1	0 0 0 0 0 0 0 0 0 0 0 0 1 0 0 0 0 1 0 0
150	2	0 1 0 1 0 0 0 1 1 0 0 1 1 0 0 0 0 0 0 0
150	1	0 1 1 1 0 0 0 1 0 0 1 1 1 0 0 0 1 0 0 1
150	1	0 1 1 1 0 0 1 0 0 0 0 1 1 0 0 0 0 1 0 1
150	2	0 1 1 1 0 0 1 0 0 0 0 0 1 0 0 1 0 1 0 0
150	2	1 1 0 0 0 1 0 1 1 0 0 1 1 0 1 0 0 0 0 0
150	1	0 1 0 1 0 0 0 0 0 0 0 0 1 0 0 1 0 1 0 0
150	2	0 0 0 0 0 0 1 1 0 0 0 1 1 0 1 0 1 0 0 1
150	1	1 1 1 1 1 0 1 1 0 1 0 1 1 0 0 0 0 1 0 0
150	1	0 1 1 0 1 0 0 1 1 0 0 1 1 1 0 1 0 0 0 0
150	2	0 1 0 0 0 0 1 1 0 0 0 1 1 0 0 0 0 0 0 0
150	3	0 1 1 1 0 1 1 1 0 1 0 1 1 0 0 0 0 0 0 0
150	1	1 1 0 0 1 0 1 1 0 0 0 1 1 0 1 0 0 0 0 0
150	1	1 1 0 0 0 0 1 1 0 0 0 1 0 0 1 0 0 0 0 0
150	5	0 1 1 1 0 0 0 1 0 0 0 1 1 0 0 0 0 0 0 0
150	1	0 1 1 1 0 0 1 1 0 0 0 1 1 1 0 0 0 1 0 0
150	1	0 1 0 1 0 0 0 0 0 0 0 0 1 0 0 0 0 0 1 1
150	4	0 0 1 0 1 0 0 1 1 0 0 1 1 0 0 0 0 1 1 1
150	3	0 0 0 0 0 0 1 0 1 0 0 1 1 0 0 0 0 0 0 0
150	2	0 0 1 1 1 0 1 1 0 1 0 1 1 0 0 0 0 0 0 0
150	1	0 1 1 0 0 1 0 1 1 0 0 0 1 1 0 0 0 0 1 1
150	2	1 1 1 1 1 0 1 1 0 1 0 1 1 0 0 0 1 0 0 0
150	1	0 1 1 1 0 1 1 0 1 0 0 0 1 0 0 0 0 1 0 0
150	2	1 1 1 1 0 0 1 0 0 0 0 1 1 0 0 0 0 0 0 1
200	11	0 1 1 0 0 0 0 1 1 0 0 1 1 1 0 1 0 0 0 0
200	7	0 1 1 1 0 0 1 0 0 0 0 1 1 0 0 0 0 0 0 0
200	80	0 1 1 1 0 0 1 1 0 1 0 1 1 0 0 0 0 0 0 0
200	29	0 1 1 0 0 1 0 1 1 0 0 1 1 0 1 0 0 0 0 0
200	23	0 1 0 1 0 0 1 0 0 0 0 0 1 0 0 0 0 1 0 0
200	5	0 0 1 0 0 0 0 1 1 0 0 1 1 0 1 0 0 1 0 1
200	6	0 1 1 0 0 1 0 1 1 0 0 1 1 0 1 1 0 0 0 0
200	2	1 0 0 1 0 0 0 1 0 0 1 0 1 0 0 1 1 0 0 0
200	12	0 1 1 1 0 0 0 0 0 0 0 0 1 0 0 0 0 0 0 1
200	65	1 1 1 1 1 0 1 1 0 1 0 1 1 0 0 0 0 0 0 0
200	4	0 0 0 1 0 0 0 1 0 0 1 0 0 0 0 0 1 0 0 1
200	5	0 1 0 1 0 1 0 1 1 0 0 1 1 0 0 0 0 1 0 0
200	35	0 1 1 1 0 0 0 1 1 0 0 1 1 0 1 1 0 0 0 1
200	16	0 1 1 1 0 1 1 1 0 0 1 1 1 0 0 0 0 0 0 0
200	3	1 1 0 0 0 0 1 1 0 0 0 1 1 1 0 0 0 0 0 0
200	26	1 1 1 0 0 0 0 1 1 0 0 1 1 0 1 1 0 0 0 0
200	27	1 1 1 1 1 0 1 1 0 1 0 1 1 0 0 0 0 0 0 1
200	4	0 0 0 1 0 0 1 1 1 0 0 1 1 1 0 1 0 0 0 0
200	12	1 1 0 0 0 0 1 0 1 0 0 0 1 0 0 0 0 0 1 0
200	8	0 1 1 0 0 0 0 1 1 0 0 1 1 0 1 0 0 0 1 1
200	20	1 1 1 0 0 0 0 1 1 0 0 1 1 0 1 0 1 0 0 1
200	5	0 1 1 0 0 0 0 1 1 0 0 1 1 0 1 1 0 0 0 1
200	55	1 1 1 0 0 0 0 1 1 0 0 1 1 0 1 0 0 0 0 1
200	9	0 1 0 1 0 1 1 1 0 0 1 1 1 0 0 0 0 0 0 0
200	27	0 0 0 1 0 0 1 0 1 0 0 1 1 1 0 1 0 0 0 0
200	7	0 1 1 1 0 0 1 0 0 0 0 0 1 0 0 0 0 0 0 0
200	8	0 1 1 0 0 1 0 1 1 0 1 1 1 0 1 1 0 0 0 0
200	5	1 0 0 1 0 1 0 1 0 0 1 1 1 0 0 0 1 0 0 1
200	7	0 0 1 0 0 0 0 1 1 0 0 1 1 0 0 0 0 1 0 1
200	23	0 1 1 0 0 0 0 1 1 0 0 1 1 0 1 1 0 0 0 0
200	6	1 1 1 0 0 0 1 1 1 0 0 1 1 1 0 1 0 0 0 1
200	2	1 1 1 1 1 0 1 1 0 1 0 1 1 0 0 0 1 0 0 0
200	7	1 1 1 1 1 0 1 1 0 1 1 1 1 0 0 0 0 0 0 1
200	25	1 1 0 0 0 0 1 1 1 0 0 1 1 0 0 0 0 0 0 0
200	5	0 1 1 0 0 0 0 1 1 0 0 1 1 0 1 1 1 0 0 1
200	16	1 1 1 0 0 0 1 1 1 0 0 0 0 0 1 1 0 1 0 0
200	1	0 1 1 0 0 0 1 0 0 1 0 1 1 0 0 0 0 0 0 0
200	4	0 1 1 0 0 1 0 0 1 0 0 1 1 0 1 0 0 0 0 0
200	14	1 0 0 1 0 1 1 1 0 0 1 0 1 0 0 0 0 0 0 1
200	7	1 1 1 1 1 0 1 1 1 1 0 1 1 0 0 0 0 0 0 0
200	28	0 1 1 0 0 1 0 1 1 1 0 1 1 0 1 1 0 0 0 0
200	1	0 1 1 1 0 0 0 0 0 0 0 0 1 0 0 0 1 0 0 1
200	2	1 1 1 0 0 0 1 1 0 0 0 0 0 0 1 1 0 0 0 0
200	2	0 0 0 1 0 0 0 1 0 0 1 1 1 0 0 0 0 0 0 0
200	16	1 1 1 0 0 0 1 1 1 0 0 1 1 0 1 0 0 0 0 1
200	1	1 1 1 0 0 0 0 1 1 0 0 1 1 0 0 0 0 0 0 0
200	11	0 1 1 0 0 0 0 1 1 0 0 1 1 0 0 0 0 1 0 1
200	1	0 0 0 1 0 0 0 1 0 0 1 0 0 0 0 0 1 0 0 0
200	2	0 1 1 0 0 0 0 1 0 0 0 1 1 0 0 0 0 1 1 1
200	7	0 1 1 0 0 0 0 1 1 0 1 1 1 0 1 1 1 0 0 1
200	5	1 0 0 1 0 0 0 1 1 0 0 1 1 0 1 0 0 0 1 1
200	6	0 0 0 0 0 0 1 1 1 0 0 1 1 1 0 1 0 0 0 1
200	8	0 1 1 0 0 1 0 1 1 0 1 1 1 0 0 0 0 0 0 1
200	2	1 1 1 1 1 0 1 1 0 1 1 1 1 0 1 1 1 0 0 0
200	1	1 1 1 0 0 1 0 1 1 0 0 1 1 0 1 0 0 0 0 0
200	3	0 1 1 1 0 1 1 1 0 0 1 1 1 0 1 0 1 0 0 1
200	2	0 1 0 1 0 1 1 1 0 0 1 1 1 0 0 0 0 0 0 1
200	21	1 1 1 0 1 1 0 1 0 0 0 1 1 0 1 1 0 0 0 0
200	2	0 1 1 1 0 0 1 0 0 0 0 0 1 0 0 0 0 1 0 1
200	37	1 1 1 1 0 0 1 1 1 0 0 1 1 0 1 1 1 0 0 0
200	1	1 1 1 1 1 0 0 1 1 0 0 1 1 0 1 0 0 0 1 1
200	1	1 0 0 1 0 1 0 1 0 0 0 1 1 0 0 0 0 0 0 0
200	7	1 1 1 1 1 0 1 0 0 1 0 1 1 0 0 0 0 0 0 0
200	2	0 1 1 0 0 0 0 1 1 0 0 1 1 0 1 0 0 0 0 1
200	3	1 1 1 0 0 0 1 1 1 0 0 1 0 0 1 0 0 0 0 1
200	6	0 0 1 0 0 0 0 1 1 0 0 1 1 0 1 0 0 1 0 0
200	7	0 1 1 0 0 0 0 1 1 1 0 1 1 0 1 1 1 0 0 1
200	5	0 1 0 1 0 0 0 1 0 0 1 0 0 0 0 0 1 0 1 1
200	3	1 1 1 0 0 0 1 1 0 1 0 1 1 0 0 0 0 0 0 0
200	2	1 1 1 0 0 0 1 1 0 0 0 1 1 0 0 0 0 0 0 1
200	4	0 1 0 0 0 1 0 1 1 0 0 1 1 0 1 0 0 0 0 0
200	4	1 1 1 1 1 0 1 1 1 0 0 1 1 0 1 0 0 0 0 0
200	16	1 1 1 0 1 0 1 1 0 1 0 1 1 0 0 0 0 0 0 1
200	1	1 1 1 1 1 0 1 1 0 1 0 1 1 0 0 1 1 0 0 0
200	4	0 0 1 1 0 0 0 1 0 0 1 0 1 0 0 1 1 0 0 0
200	3	1 1 0 0 0 0 1 0 1 0 0 0 1 0 0 0 1 0 0 1
200	9	1 1 1 1 1 0 0 1 1 0 0 1 1 0 1 0 1 0 0 1
200	2	1 1 1 1 0 0 1 0 0 0 0 1 1 0 0 0 0 0 0 1
200	10	0 0 0 1 0 0 0 1 0 0 1 0 0 0 0 0 0 0 0 1
200	1	0 1 0 1 0 0 0 0 0 0 0 0 1 0 0 0 1 1 0 0
200	3	1 0 1 0 0 0 1 1 0 0 0 0 0 0 1 1 0 0 0 0
200	1	1 1 0 0 0 0 1 1 0 0 0 1 1 1 0 0 1 0 0 0
200	1	0 0 1 1 0 0 1 0 1 0 0 1 1 1 0 1 0 0 0 0
200	1	0 1 1 1 0 0 1 1 1 0 0 1 1 0 1 1 1 0 0 0
200	5	1 1 1 0 0 0 1 0 1 0 0 1 1 0 1 0 0 0 0 0
200	2	0 1 1 0 1 0 1 1 0 1 0 1 1 0 0 0 0 0 0 1
200	5	1 1 1 1 1 0 1 1 0 1 1 1 1 1 0 1 0 0 0 0
200	1	0 1 1 1 0 0 0 0 0 0 0 0 1 1 0 0 0 0 0 1
200	3	1 1 1 0 0 0 0 1 1 0 0 1 1 0 0 0 1 0 0 1
200	5	1 0 0 1 0 1 1 1 0 0 1 0 1 0 1 0 0 0 0 1
200	4	1 1 1 1 1 0 0 1 1 1 0 1 1 0 1 0 0 0 1 1
200	8	0 1 1 0 0 0 0 1 1 0 0 1 1 0 0 0 0 0 0 1
200	3	0 0 0 1 0 0 1 0 1 0 0 1 1 1 0 1 0 0 0 1
200	3	0 1 1 1 0 0 1 1 1 1 0 1 1 0 0 0 0 0 0 0
200	2	0 1 1 1 1 0 1 1 0 1 0 1 1 0 0 0 0 0 0 0
200	2	0 1 1 0 0 1 0 1 1 0 0 1 1 0 1 1 0 0 1 0
200	2	1 1 1 0 0 0 0 1 1 0 0 1 1 0 1 0 1 0 1 1
200	4	1 1 1 0 0 0 0 1 1 0 0 1 1 1 1 0 0 0 0 1
200	1	0 1 0 1 0 1 0 0 0 0 1 0 1 0 0 0 0 0 0 1
200	4	1 0 1 1 1 0 1 1 0 1 1 1 1 0 0 0 0 0 0 1
200	1	1 1 1 1 1 0 1 1 0 1 1 1 0 0 0 0 0 0 0 1
200	3	1 0 0 1 0 1 0 1 0 0 1 0 1 0 0 0 0 0 0 1
200	4	1 1 1 1 0 0 1 1 1 0 0 1 1 0 1 1 1 1 0 0
200	1	1 0 1 0 0 0 0 1 1 0 0 1 1 0 1 1 0 1 0 0
200	2	0 1 1 0 0 0 0 1 1 0 0 1 1 0 1 1 1 0 0 0
200	4	0 1 1 1 0 0 1 1 0 1 0 1 0 0 0 0 0 0 0 0
200	3	0 1 1 1 0 0 0 1 0 0 0 0 1 0 0 0 0 0 0 1
200	1	1 1 1 1 1 0 1 1 0 0 0 1 1 0 0 0 0 0 0 0
200	3	0 1 1 1 0 1 1 1 0 0 1 1 0 0 0 0 0 0 0 0
200	3	1 1 0 0 0 1 1 1 0 0 0 1 1 1 0 0 0 0 0 0
200	1	1 1 1 1 1 0 1 0 0 1 0 1 1 0 0 0 0 0 0 1
200	1	1 1 1 0 0 0 0 1 1 0 0 1 0 0 0 1 0 0 0 0
200	3	0 1 0 1 0 0 0 1 0 0 1 0 0 1 0 0 1 0 1 1
200	2	1 1 1 0 1 0 0 1 0 1 0 1 1 0 0 0 0 0 0 1
200	2	1 1 1 1 1 0 1 1 1 0 0 1 1 1 0 1 0 0 0 0
200	2	1 1 1 0 0 0 0 1 1 0 0 1 1 0 1 0 0 1 0 0
200	2	1 1 1 0 0 0 1 1 1 0 0 1 1 0 0 0 0 0 0 0
200	1	1 1 1 1 1 0 1 1 1 1 0 1 1 0 1 0 0 0 0 1
200	1	0 1 1 0 0 1 0 1 1 1 0 1 1 1 0 1 0 0 0 0
200	2	0 1 1 1 0 1 1 1 0 1 0 1 1 0 0 0 0 0 0 0
200	1	0 1 0 1 0 0 1 1 0 1 0 1 1 0 0 0 0 0 0 0
200	1	0 1 1 1 0 0 1 0 0 1 0 1 1 0 0 0 0 0 0 0
200	3	1 1 1 1 1 0 1 1 0 1 0 1 1 1 0 0 0 0 0 0
200	1	1 1 1 0 1 0 1 1 0 1 0 1 1 0 0 0 0 0 0 0
200	3	0 1 1 0 0 0 0 1 1 0 0 1 0 0 1 1 0 0 0 1
200	2	0 0 0 1 0 0 1 0 1 1 0 1 1 1 0 1 0 0 0 0
200	4	1 1 1 1 1 0 0 1 1 0 0 1 1 0 1 0 1 0 1 1
200	1	0 0 1 1 0 0 1 0 1 0 0 1 1 1 0 1 1 0 0 0
250	6	0 1 1 1 0 0 1 1 0 1 0 1 1 0 0 0 0 0 0 0
250	13	0 1 1 0 0 1 0 1 1 0 0 1 1 0 1 0 0 0 0 0
250	22	0 1 0 1 0 0 1 0 0 0 0 0 1 0 0 0 0 1 0 0
250	7	0 1 0 1 0 1 0 1 1 0 0 1 1 0 0 0 0 1 0 0
250	7	1 1 1 0 0 0 0 1 1 0 0 1 1 0 1 1 0 0 0 0
250	10	0 1 1 0 0 0 0 1 1 0 0 1 1 0 1 1 0 0 0 1
250	15	0 0 0 1 0 0 1 0 1 0 0 1 1 1 0 1 0 0 0 0
250	20	0 1 1 0 0 1 0 1 1 1 0 1 1 0 1 1 0 0 0 0
250	17	1 1 1 0 0 0 1 1 1 0 0 1 1 0 1 0 0 0 0 1
250	54	1 1 1 1 1 0 0 1 1 0 0 1 1 0 1 0 1 0 0 1
250	24	1 1 1 0 0 0 1 0 1 0 0 1 1 0 1 0 0 0 0 0
250	10	1 1 1 0 0 0 0 1 1 0 0 1 1 0 1 0 1 0 1 1
250	35	0 1 1 1 0 0 0 1 0 0 0 0 1 0 0 0 0 0 0 1
250	20	1 1 1 1 1 0 1 1 1 0 0 1 1 0 1 0 0 0 0 1
250	30	1 1 1 0 0 0 1 1 0 1 0 1 1 0 0 0 0 0 0 1
250	19	0 1 1 0 0 0 1 0 0 1 0 1 1 0 0 0 0 0 0 1
250	3	1 1 1 0 0 0 1 1 1 1 0 1 1 0 0 0 0 0 0 0
250	5	0 1 1 0 0 1 0 1 0 0 0 1 1 0 1 1 0 0 0 0
250	6	0 1 1 1 0 0 1 0 0 1 0 1 1 0 0 0 0 0 0 0
250	33	1 1 1 1 1 0 1 1 1 0 0 0 0 0 1 0 0 1 0 0
250	28	0 1 1 1 0 0 0 1 0 0 0 0 1 0 1 0 0 0 0 1
250	8	1 1 1 1 0 0 1 1 1 0 0 1 1 1 1 1 1 0 0 0
250	1	0 1 0 1 0 0 1 1 0 1 0 1 1 0 1 0 0 0 0 0
250	2	0 0 0 0 0 0 1 1 1 0 0 1 1 0 0 0 0 0 0 0
250	14	1 1 1 0 0 0 1 0 1 0 0 1 0 0 1 0 0 0 0 0
250	18	1 1 1 1 1 0 1 0 0 1 0 1 1 0 0 0 0 0 0 1
250	14	0 0 0 1 0 0 1 1 0 1 0 1 1 0 0 0 0 0 0 0
250	9	1 1 1 0 0 0 0 1 1 0 0 1 1 1 1 1 0 0 0 0
250	63	0 1 1 1 0 0 0 0 0 1 0 1 1 0 0 0 0 0 0 0
250	6	0 1 1 1 1 0 1 1 1 0 0 1 1 0 1 0 0 0 0 1
250	9	0 1 1 1 0 0 0 0 0 0 0 1 1 0 1 1 0 0 0 0
250	6	1 1 1 0 1 1 0 1 0 0 0 1 1 0 0 0 0 0 0 1
250	27	0 1 1 1 0 0 1 1 1 0 0 1 1 0 1 1 1 0 0 1
250	12	0 1 1 1 0 0 0 0 0 1 0 1 1 0 1 0 0 0 0 1
250	1	0 1 1 1 0 0 0 1 0 1 0 1 1 0 0 0 0 0 0 0
250	5	1 1 1 0 0 0 0 1 1 0 0 1 1 0 1 1 0 0 0 1
250	4	1 1 1 1 1 0 1 1 1 0 0 1 1 0 1 0 0 0 0 0
250	1	0 1 1 1 0 0 0 1 0 0 0 0 1 0 0 0 0 0 1 0
250	6	0 1 1 0 0 1 0 1 0 0 0 0 1 0 0 0 0 0 0 1
250	17	1 1 1 0 1 0 1 1 1 0 0 1 1 0 1 0 0 0 0 1
250	24	1 1 1 1 0 0 1 1 1 0 0 0 0 0 1 0 0 1 0 1
250	6	0 1 1 0 0 1 0 1 1 0 0 1 1 0 1 1 0 0 0 0
250	9	0 1 1 1 0 0 0 1 0 0 1 0 1 0 1 0 0 0 0 1
250	26	0 1 1 1 0 0 0 1 0 0 0 0 1 0 0 0 0 0 0 0
250	8	1 1 1 1 0 0 1 0 0 1 0 1 1 0 0 0 0 0 0 0
250	6	0 1 0 1 0 0 1 1 1 0 0 1 1 0 1 0 0 0 0 1
250	5	0 1 1 1 0 1 1 0 0 1 0 1 1 0 0 0 0 0 0 0
250	3	1 1 1 1 0 0 1 1 1 0 0 1 1 0 1 1 0 1 0 0
250	4	1 1 0 1 0 0 0 1 1 0 0 1 1 0 1 1 0 0 0 0
250	14	0 1 1 0 1 0 1 1 0 1 0 1 0 0 0 0 0 0 0 1
250	1	0 1 1 1 0 0 1 0 0 0 0 1 1 0 0 0 0 0 0 0
250	6	0 1 1 1 1 0 1 1 0 1 0 1 1 0 1 0 0 0 0 0
250	5	0 1 1 0 0 0 0 1 0 0 0 0 1 0 0 0 0 0 0 0
250	4	1 1 1 0 1 0 0 1 1 0 0 1 1 0 1 1 0 0 0 0
250	1	1 1 1 1 1 0 1 1 1 0 0 1 1 0 1 1 0 0 0 0
250	6	1 1 1 1 0 0 1 1 0 1 0 1 1 0 0 0 0 0 0 0
250	11	1 1 1 1 0 0 1 1 1 0 0 1 1 0 1 0 0 0 0 1
250	7	1 1 1 1 1 0 0 1 1 0 0 1 1 0 1 0 0 0 0 1
250	2	0 1 1 1 0 1 0 1 1 0 0 1 1 0 1 0 0 0 0 0
250	3	0 0 0 0 0 0 1 1 1 0 0 1 1 0 1 1 0 0 0 0
250	7	0 0 0 1 0 0 1 1 1 0 0 1 1 0 1 0 0 0 0 0
250	8	0 1 1 1 0 1 0 1 0 0 0 0 1 0 1 0 0 0 0 1
250	1	0 1 1 0 0 0 0 1 1 0 0 0 1 0 1 1 0 0 0 1
250	5	0 1 1 0 1 0 1 0 0 1 0 1 1 0 0 0 0 0 1 1
250	6	0 0 1 1 0 0 1 1 0 1 0 1 1 1 0 0 0 0 0 1
250	1	0 1 1 0 0 0 0 1 1 0 0 1 1 0 1 0 0 0 0 0
250	9	1 1 1 1 0 1 0 1 1 1 0 1 1 0 1 1 0 0 0 0
250	5	1 1 1 1 0 0 1 1 1 0 0 0 0 0 1 0 0 1 0 0
250	5	1 1 1 1 1 0 1 1 1 0 0 1 1 0 1 1 0 1 0 0
250	2	1 1 1 1 1 0 1 1 1 0 0 1 1 0 1 1 1 0 0 0
250	7	1 1 1 1 1 0 0 1 1 0 0 1 1 0 1 1 1 0 0 1
250	9	0 1 1 1 1 0 0 1 1 0 0 1 1 0 1 0 0 0 0 0
250	1	0 0 0 1 1 1 1 1 0 1 0 1 1 0 0 0 0 0 0 0
250	5	1 1 1 1 0 0 1 1 1 0 0 1 1 0 1 1 1 0 0 1
250	9	1 1 1 1 0 0 1 1 1 0 0 1 1 0 1 1 0 0 0 1
250	4	1 1 1 1 1 0 1 1 1 0 0 1 0 0 1 0 0 1 0 0
250	3	1 1 1 1 0 0 0 1 0 0 0 0 1 0 0 0 0 0 0 0
250	4	1 1 1 1 0 0 1 0 0 0 0 0 1 0 0 0 0 1 0 0
250	2	0 1 1 1 0 0 0 1 0 0 0 1 1 0 1 0 0 0 0 0
250	1	1 1 1 1 1 0 0 1 0 1 0 1 1 0 0 0 0 0 0 0
250	3	0 1 1 1 1 0 0 1 0 0 0 0 1 0 0 0 0 0 0 1
250	7	1 1 1 1 0 0 1 0 0 1 0 1 1 0 0 0 0 0 0 1
250	1	0 1 1 0 1 0 1 1 0 1 0 1 0 0 1 0 0 0 0 1
250	5	0 1 1 1 0 0 0 1 1 0 0 1 1 0 1 0 0 0 0 1
250	9	0 1 1 0 0 0 1 1 1 0 0 1 1 0 0 0 0 0 0 0
250	1	0 1 1 1 0 0 0 1 0 1 1 0 1 0 1 0 0 0 0 1
250	1	1 1 1 0 0 0 0 1 1 0 0 1 1 0 1 1 1 0 0 1
250	9	0 1 1 0 0 0 0 1 0 1 0 1 1 0 0 0 0 0 0 1
250	3	0 1 1 1 0 0 1 1 1 0 0 1 1 0 1 0 0 0 0 1
250	1	0 1 1 0 1 0 0 1 1 0 0 1 1 0 1 0 0 0 0 0
250	7	1 1 1 1 0 0 1 1 1 0 0 1 1 0 1 1 0 1 0 1
250	4	0 1 1 0 0 1 0 1 1 0 0 1 1 0 1 0 1 0 0 0
250	4	1 1 1 0 1 0 0 1 1 0 0 1 1 0 1 0 1 0 0 1
250	11	1 1 1 1 1 0 1 0 0 1 0 1 1 0 0 0 0 1 0 1
250	2	1 1 1 1 0 0 0 0 0 1 0 1 0 0 0 0 0 0 0 0
250	10	0 1 1 1 0 1 0 1 1 0 0 1 1 0 1 1 0 0 0 0
250	4	0 1 1 1 0 0 0 0 0 0 0 1 1 0 1 1 0 0 0 1
250	1	0 1 0 1 0 0 1 0 0 0 0 1 1 0 1 1 1 0 0 1
250	1	1 1 1 1 0 0 1 0 0 1 0 1 1 0 1 1 0 0 0 0
250	1	0 1 1 0 0 1 0 1 0 0 0 1 1 0 1 1 0 0 1 0
250	1	0 1 1 0 0 1 0 1 0 0 0 0 1 0 1 1 0 0 0 0
250	2	0 1 1 1 0 0 1 1 1 0 0 1 1 0 1 0 1 0 0 1
250	1	0 1 1 1 0 0 0 1 0 0 0 0 1 0 0 1 0 0 0 0
250	1	0 1 1 0 1 0 1 1 1 0 0 1 1 0 1 0 0 0 0 1
250	2	1 1 1 0 0 0 1 1 0 0 0 0 1 0 0 0 0 0 0 1
250	4	0 1 1 1 0 1 1 0 0 1 0 1 1 0 0 0 0 0 0 1
250	1	1 1 1 1 1 1 0 1 1 0 0 1 1 0 1 0 1 0 0 1
250	6	1 1 1 0 0 0 0 1 1 0 0 1 0 0 1 0 1 0 1 1
250	2	0 1 1 1 0 0 0 1 0 0 0 0 1 1 0 0 0 0 0 1
250	2	1 1 1 0 1 0 1 1 0 1 0 1 1 0 0 0 0 0 0 1
250	3	0 1 1 0 0 1 0 1 0 0 0 1 1 0 1 0 0 0 0 0
250	4	1 1 1 1 1 0 1 1 1 0 0 1 1 1 1 1 1 0 0 0
250	1	1 1 1 0 1 0 1 1 1 0 0 1 1 1 1 0 0 0 0 1
250	4	1 1 1 1 0 0 1 1 1 0 0 1 0 0 1 0 0 0 0 1
250	4	1 1 1 0 0 0 1 1 0 1 0 1 1 0 0 0 0 0 0 0
250	2	1 1 1 1 1 0 1 1 1 1 0 1 1 0 0 0 0 0 0 0
250	4	0 1 1 1 0 0 0 1 1 0 0 1 1 0 1 1 1 0 0 1
250	3	0 1 1 1 0 0 0 0 0 1 0 1 1 0 1 1 0 0 0 0
250	2	1 1 1 0 1 1 0 1 0 0 0 1 1 0 1 1 0 0 0 0
250	1	1 1 1 1 0 0 0 1 1 0 0 1 1 0 1 1 0 0 0 1
250	1	0 1 1 0 0 1 0 1 1 1 0 1 1 1 1 1 0 0 0 0
250	1	1 1 1 1 0 0 1 1 1 0 0 1 1 1 1 1 1 1 0 0
250	1	1 1 1 0 1 0 1 0 0 1 0 1 1 0 0 0 0 0 0 1
250	1	1 1 1 0 0 0 1 1 1 0 0 1 1 1 1 1 0 0 0 0
250	1	1 1 1 0 1 1 0 1 0 0 0 1 0 0 0 0 0 0 0 1
250	2	1 1 0 0 1 1 0 1 0 0 0 1 1 0 0 0 0 0 0 1
250	1	0 1 1 0 0 1 0 1 1 0 0 1 1 0 1 1 0 0 0 1
250	1	0 0 1 1 0 0 0 1 0 0 1 0 1 0 1 0 0 0 0 1
250	1	0 1 1 1 0 0 0 1 0 0 0 0 1 0 0 0 0 1 0 0
250	1	1 1 0 1 0 0 0 1 1 1 0 1 1 0 1 1 0 0 0 0
250	2	0 1 1 1 1 0 0 1 1 1 0 1 1 0 1 0 0 0 0 0
300	3	1 1 1 0 0 0 1 1 1 0 0 1 1 0 1 0 0 0 0 1
300	16	1 1 1 1 1 0 0 1 1 0 0 1 1 0 1 0 1 0 0 1
300	22	1 1 1 0 0 0 1 0 1 0 0 1 1 0 1 0 0 0 0 0
300	36	1 1 1 1 1 0 1 1 1 0 0 1 1 0 1 0 0 0 0 1
300	6	0 1 1 0 0 0 1 0 0 1 0 1 1 0 0 0 0 0 0 1
300	7	0 1 1 1 0 0 1 0 0 1 0 1 1 0 0 0 0 0 0 0
300	6	1 1 1 1 1 0 1 1 1 0 0 0 0 0 1 0 0 1 0 0
300	7	1 1 1 0 0 0 0 1 1 0 0 1 1 1 1 1 0 0 0 0
300	10	0 1 1 1 0 0 0 0 0 1 0 1 1 0 0 0 0 0 0 0
300	45	1 1 1 0 1 1 0 1 0 0 0 1 1 0 0 0 0 0 0 1
300	3	0 1 1 1 0 0 0 0 0 1 0 1 1 0 1 0 0 0 0 1
300	10	1 1 1 1 0 0 1 1 1 0 0 0 0 0 1 0 0 1 0 1
300	8	0 1 1 1 0 0 0 1 0 0 0 0 1 0 0 0 0 0 0 0
300	13	0 1 1 1 1 0 1 1 0 1 0 1 1 0 1 0 0 0 0 0
300	20	1 1 1 1 1 0 0 1 1 0 0 1 1 0 1 0 0 0 0 1
300	4	0 1 1 1 0 1 1 0 0 1 0 1 1 0 0 0 0 0 0 1
300	1	1 1 1 0 0 0 1 1 0 1 0 1 1 0 0 0 0 0 0 0
300	10	1 1 1 1 1 0 0 1 1 0 0 1 1 0 0 0 0 0 0 0
300	5	1 1 1 0 1 0 1 1 1 0 0 0 1 0 1 0 0 0 0 1
300	11	1 1 1 1 1 0 0 1 1 0 0 1 1 0 1 1 0 0 0 1
300	6	1 1 1 0 0 0 0 1 1 0 0 1 1 1 1 1 0 0 0 1
300	6	1 1 1 0 0 0 1 1 0 1 1 1 1 0 0 0 0 0 0 1
300	7	1 1 1 1 1 0 1 0 0 1 1 1 1 0 0 0 0 0 0 1
300	7	1 1 1 0 0 1 0 1 1 0 0 1 0 0 1 0 1 0 1 1
300	9	1 0 1 1 0 0 1 1 1 0 0 0 0 0 1 0 0 0 0 1
300	19	0 0 0 1 1 1 0 1 1 0 0 1 1 0 1 0 0 0 0 1
300	1	0 1 1 1 0 0 0 1 1 0 0 0 1 0 0 0 0 0 0 0
300	70	1 1 1 1 1 0 1 1 0 1 0 1 1 0 0 0 0 0 0 1
300	3	0 1 1 1 0 0 1 1 1 0 0 1 1 0 1 1 1 1 0 1
300	2	0 1 1 0 0 0 1 0 0 1 0 1 1 0 0 0 0 0 0 0
300	19	0 1 1 1 1 0 1 1 0 0 0 1 1 0 0 0 0 1 0 0
300	5	0 1 1 0 0 0 1 1 1 0 0 1 1 0 1 0 0 0 0 1
300	15	0 0 0 1 1 1 0 0 0 1 1 1 1 0 0 0 0 0 0 0
300	11	1 1 1 1 1 1 1 1 0 1 1 1 1 0 0 0 0 0 0 0
300	9	1 1 1 1 1 0 0 1 1 0 0 1 1 1 1 0 0 0 0 1
300	1	1 1 1 0 0 0 1 0 1 0 0 1 1 0 1 1 1 0 0 1
300	33	1 1 1 1 1 0 1 1 1 0 0 1 1 0 0 0 0 0 0 0
300	5	1 1 1 0 1 0 0 1 1 0 0 0 1 0 1 1 1 0 0 1
300	23	0 1 0 1 1 1 0 1 1 0 0 0 1 0 1 0 0 0 0 1
300	2	1 0 1 1 0 0 1 1 0 1 0 1 1 0 0 0 0 0 0 1
300	10	1 1 1 1 1 0 1 1 0 1 0 1 1 0 1 1 0 0 0 1
300	7	0 1 1 1 1 0 1 0 0 1 0 1 1 0 0 0 0 0 0 0
300	4	0 1 1 1 0 1 1 0 0 1 0 0 1 0 0 0 0 0 0 1
300	2	1 1 1 1 1 0 0 0 1 0 0 1 1 0 1 0 1 0 0 1
300	13	1 1 1 1 0 0 1 1 1 0 0 1 1 0 1 1 0 0 0 1
300	2	1 1 1 1 1 0 1 0 0 1 0 1 1 0 0 0 0 0 0 0
300	15	0 1 1 0 0 1 0 1 1 1 0 1 1 0 1 1 0 0 0 1
300	10	1 1 1 1 1 0 1 1 1 0 0 0 0 0 1 0 0 1 0 1
300	5	1 1 1 0 0 0 0 1 1 0 0 1 0 0 1 0 1 0 1 1
300	3	1 1 1 0 0 0 0 1 1 0 1 1 1 1 1 1 0 0 0 0
300	33	1 1 1 0 1 0 0 1 0 1 0 1 1 0 1 0 0 0 0 0
300	6	1 1 1 0 0 0 0 1 1 0 0 1 1 0 0 0 0 0 0 1
300	2	0 1 0 1 1 1 0 1 1 0 0 1 1 0 1 0 0 0 0 1
300	1	0 1 1 0 1 0 0 1 1 0 0 1 1 0 1 0 0 1 0 0
300	5	0 1 1 1 0 0 0 1 1 0 0 1 0 1 0 1 0 0 0 0
300	7	0 1 1 0 0 1 0 0 0 1 0 1 1 0 1 0 0 0 0 0
300	4	0 1 1 1 0 0 1 0 0 1 1 1 1 0 0 0 0 0 0 0
300	20	0 1 1 0 0 0 1 0 1 1 0 1 1 0 0 0 0 0 0 1
300	1	1 1 1 1 1 0 0 1 1 0 1 1 1 0 0 0 0 0 0 0
300	2	1 1 1 1 1 0 1 1 0 1 0 1 1 0 1 0 0 1 0 1
300	3	1 1 1 1 1 0 0 1 0 1 0 1 1 0 0 0 0 0 0 0
300	6	1 1 1 0 1 1 0 1 0 0 0 1 1 0 0 0 0 1 0 1
300	10	1 1 1 1 1 0 1 1 1 0 0 1 1 0 1 1 0 0 0 1
300	2	0 1 0 1 1 1 0 1 1 1 0 0 1 0 1 0 0 0 0 1
300	1	0 0 0 1 1 1 1 1 0 1 1 1 1 0 0 0 1 0 0 1
300	15	1 1 1 1 1 0 0 1 1 0 0 1 1 0 1 1 0 0 0 0
300	3	1 1 1 1 0 0 1 1 1 0 0 1 1 0 1 1 0 0 0 0
300	6	1 1 1 1 1 0 1 1 0 1 0 1 0 0 0 0 0 0 0 1
300	1	0 1 1 0 0 0 1 0 0 1 0 1 1 0 1 0 0 0 0 1
300	3	0 1 1 1 1 0 1 1 1 0 0 1 1 0 1 0 0 0 0 1
300	1	1 1 1 1 0 0 1 1 1 0 0 1 1 0 1 0 0 1 0 1
300	4	0 1 1 1 0 0 0 0 0 0 0 1 1 0 1 1 0 0 0 1
300	3	1 1 1 0 0 0 1 0 0 1 0 1 1 0 0 0 0 0 0 1
300	11	0 1 1 1 0 0 0 1 0 0 0 0 1 0 0 0 0 0 0 1
300	6	1 1 1 1 0 0 1 1 0 1 0 1 1 1 0 0 0 0 0 1
300	7	1 1 1 0 1 0 1 1 0 1 0 1 1 0 0 0 0 0 0 1
300	4	0 1 1 0 0 0 1 0 0 1 0 1 1 0 1 0 0 1 0 1
300	5	1 1 1 1 1 0 1 0 0 0 0 1 1 0 0 0 0 0 0 0
300	23	1 1 1 1 0 0 0 0 0 1 0 1 1 0 1 0 0 0 0 1
300	5	0 0 1 1 0 1 1 0 0 1 0 1 1 0 0 0 0 0 0 1
300	2	1 1 1 1 1 0 1 1 0 1 1 1 1 0 0 0 0 0 0 1
300	12	0 1 1 1 0 0 1 0 0 1 0 1 1 0 1 0 0 0 0 1
300	5	1 1 1 1 1 0 0 1 0 0 0 1 1 0 1 0 0 0 0 1
300	1	0 0 0 1 0 1 0 1 1 0 0 1 1 0 1 0 0 0 0 1
300	3	1 1 1 1 0 0 1 1 0 1 0 1 1 0 0 0 0 0 0 1
300	2	0 1 1 1 1 1 1 0 0 1 0 1 0 0 1 0 0 0 0 1
300	3	0 1 1 0 0 0 1 0 0 1 0 1 1 0 1 1 1 0 0 1
300	12	0 1 1 1 0 0 0 0 1 0 0 1 1 0 1 1 0 0 0 1
300	6	1 1 1 1 1 0 1 1 0 1 0 1 1 0 0 0 0 0 0 0
300	1	1 1 1 0 1 0 0 1 0 1 1 1 1 0 0 0 0 0 0 1
300	3	1 1 1 1 1 1 0 1 1 0 0 0 1 0 1 0 0 0 0 1
300	1	1 1 1 1 0 0 1 0 0 1 0 1 1 0 0 0 0 0 0 1
300	7	1 1 0 1 1 0 0 1 1 0 0 1 1 0 1 0 0 0 0 1
300	2	1 1 1 1 1 0 0 1 1 0 0 0 1 0 1 0 1 0 0 0
300	18	0 1 1 1 1 0 1 1 0 1 0 1 1 0 1 0 0 0 0 1
300	12	1 1 0 1 1 1 0 0 0 1 0 1 1 0 0 0 0 0 0 0
300	1	1 1 1 0 1 0 0 1 0 1 0 0 0 0 1 0 0 1 0 1
300	9	1 1 1 1 1 0 1 1 0 1 0 1 1 0 1 0 0 0 0 1
300	2	1 1 1 0 0 1 0 1 1 0 0 1 0 0 1 0 1 0 0 1
300	2	1 1 1 1 1 1 1 1 1 0 0 1 1 0 1 1 0 0 0 1
300	5	1 1 1 1 1 0 0 1 1 0 0 0 1 0 1 0 0 0 0 1
300	4	0 1 1 1 1 1 0 1 1 0 0 0 1 0 1 0 0 0 0 0
300	2	0 0 0 1 1 1 0 1 1 0 0 0 1 0 1 0 0 0 0 1
300	1	0 1 1 0 0 0 1 1 1 0 0 1 1 0 1 1 0 0 0 1
300	7	0 1 1 1 0 0 0 1 0 1 0 1 1 0 0 0 0 1 0 1
300	8	1 1 1 1 1 0 1 1 1 0 0 1 1 0 0 0 0 0 0 1
300	2	0 1 1 1 1 0 1 1 0 0 0 1 1 0 0 0 0 1 0 1
300	8	0 1 1 1 1 0 1 1 0 0 0 1 1 0 1 1 0 0 0 1
300	10	0 1 1 0 1 1 0 1 0 0 0 1 1 0 0 0 0 0 0 1
300	3	0 1 1 0 1 0 1 1 0 1 0 1 1 0 1 0 0 0 0 0
300	5	0 1 1 0 1 0 0 1 0 1 0 1 1 0 1 0 0 0 0 0
300	2	1 1 1 0 0 0 0 1 0 1 0 1 1 0 1 0 0 0 0 0
300	2	1 1 1 0 1 0 0 1 0 1 0 1 1 0 0 0 0 0 0 0
300	6	0 1 1 1 1 0 1 1 0 1 0 1 1 0 0 0 0 0 0 1
300	4	0 1 1 0 0 1 0 1 1 0 0 1 1 0 1 0 0 1 0 1
300	4	1 1 1 0 0 0 1 0 1 0 0 0 1 0 1 0 0 0 0 0
300	1	1 1 1 1 1 0 1 1 1 0 0 1 1 0 1 0 1 0 0 1
300	1	0 1 1 1 0 0 0 1 0 0 0 0 1 0 0 0 0 0 1 0
300	3	1 1 1 1 1 0 0 1 1 1 0 1 1 0 1 1 0 0 0 1
300	3	1 1 1 0 1 0 0 1 0 1 0 1 1 0 1 0 0 0 1 0
300	2	0 1 1 1 0 1 1 0 0 1 0 1 0 1 0 0 0 0 0 1
300	2	0 1 1 1 0 0 1 0 0 1 0 1 1 0 1 0 1 0 0 1
300	2	0 1 1 0 0 0 0 1 0 1 0 1 1 0 0 0 0 1 0 1
300	3	1 1 1 1 0 0 1 1 1 0 0 0 0 0 1 0 0 1 0 0
300	1	1 1 1 1 1 0 1 1 1 0 0 0 0 0 1 0 1 0 0 0
300	4	1 1 1 1 1 0 1 1 0 1 0 1 1 0 1 0 0 0 0 0
300	3	0 1 1 1 1 1 0 0 0 1 1 1 1 0 0 0 0 0 0 0
300	1	1 1 1 0 1 1 1 1 1 0 0 0 1 0 1 0 0 0 0 1
300	3	1 1 0 1 1 1 1 1 0 1 1 1 1 0 0 0 0 0 0 0
300	2	1 1 1 1 1 0 1 1 1 0 0 1 1 0 0 1 0 0 0 0
300	1	0 1 1 0 0 0 1 0 1 1 0 1 1 0 1 0 0 0 0 1
300	1	0 1 1 0 0 1 1 0 0 1 0 1 1 0 1 0 0 1 0 1
300	1	1 1 1 0 0 1 1 1 0 1 1 1 1 0 0 0 1 0 0 1
300	3	0 0 0 1 1 1 0 1 1 0 0 1 1 0 0 0 0 0 0 0
300	2	1 1 1 1 0 0 1 1 1 0 0 1 1 0 0 0 0 1 0 1
300	1	0 1 1 0 0 1 0 1 0 0 0 1 1 0 0 0 0 0 0 1
300	1	0 1 1 0 0 1 0 1 1 1 0 1 1 0 1 0 0 0 0 1
300	2	1 1 1 0 1 0 0 1 0 1 0 1 1 0 1 0 0 0 0 1
300	2	1 1 1 0 1 0 1 1 0 1 0 1 1 0 1 1 0 0 0 1
300	3	1 1 1 1 1 0 1 1 0 1 1 1 1 0 0 0 0 0 0 0
300	1	1 1 1 0 1 0 0 1 0 1 0 1 1 0 1 1 0 0 0 0
300	2	1 1 1 0 1 1 0 1 0 0 0 1 1 1 0 0 0 1 0 1
300	2	0 0 0 1 1 1 1 1 0 1 1 1 1 0 1 0 1 0 0 1
300	3	0 0 1 1 0 0 0 0 1 0 0 1 1 0 1 1 0 0 0 1
350	13	1 1 1 0 1 1 0 1 0 0 0 1 1 0 0 0 0 0 0 1
350	5	1 1 1 1 0 0 1 1 1 0 0 0 0 0 1 0 0 1 0 1
350	1	1 1 1 1 1 0 0 1 1 0 0 1 1 0 1 0 0 0 0 1
350	45	1 1 1 1 1 0 1 1 0 1 0 1 1 0 0 0 0 0 0 1
350	1	0 1 1 0 0 0 1 0 1 1 0 1 1 0 0 0 0 0 0 1
350	21	1 1 1 1 1 0 0 1 0 1 0 1 1 0 0 0 0 0 0 0
350	1	1 1 1 1 0 0 0 0 0 1 0 1 1 0 1 0 0 0 0 1
350	1	0 1 1 1 1 0 1 1 0 1 0 1 1 0 1 0 0 0 0 1
350	59	1 1 1 1 1 0 0 1 1 0 0 0 1 0 1 0 0 0 0 1
350	11	1 1 1 1 1 0 0 1 1 1 0 1 1 0 1 1 0 0 0 1
350	8	1 1 0 1 1 1 1 1 0 1 1 1 1 0 0 0 0 0 0 0
350	12	0 1 1 0 0 0 1 0 1 1 0 1 1 0 1 0 0 0 0 1
350	23	0 1 0 1 1 1 0 1 1 0 0 0 1 0 1 0 0 0 0 0
350	1	1 1 1 0 1 0 1 1 0 1 0 1 1 0 1 0 0 0 0 0
350	48	1 1 1 1 1 0 1 1 0 1 0 0 1 0 0 0 0 0 0 0
350	10	1 1 1 0 1 0 0 1 1 0 0 0 1 0 1 0 0 0 0 1
350	9	1 1 1 1 0 0 1 1 0 1 0 1 1 0 0 0 0 0 0 1
350	4	1 1 1 1 1 0 0 0 0 0 0 1 1 0 0 0 0 0 0 0
350	2	0 1 1 1 1 0 1 1 0 1 0 1 1 0 0 0 0 1 0 0
350	11	1 1 1 1 1 0 0 1 0 0 1 1 1 0 0 0 0 0 0 0
350	23	1 1 0 1 0 1 1 1 0 1 1 1 1 0 0 0 0 0 0 0
350	3	1 1 1 1 1 0 1 1 0 1 0 1 0 0 0 0 0 0 0 0
350	46	1 1 1 1 1 1 1 1 1 0 0 1 1 0 1 0 0 0 0 1
350	38	1 1 1 1 1 1 0 1 0 0 0 1 1 0 0 0 0 0 0 0
350	3	1 1 1 0 1 1 0 1 0 0 0 1 1 0 1 0 0 0 0 1
350	9	1 1 1 1 1 1 0 1 1 0 0 1 1 0 0 0 0 0 0 1
350	6	1 1 1 1 1 0 0 1 1 0 0 0 1 0 1 0 0 0 0 0
350	14	1 1 1 1 1 0 1 0 0 1 0 1 1 0 1 1 0 0 0 0
350	14	1 1 1 1 1 1 0 1 1 1 0 0 1 0 1 0 0 0 0 0
350	8	1 1 1 1 1 0 0 1 1 1 0 0 1 0 1 0 0 0 0 0
350	3	1 1 1 1 0 1 0 1 0 0 0 1 1 1 0 0 0 0 0 1
350	12	1 1 0 1 0 1 1 1 0 1 1 1 1 0 0 0 0 0 0 1
350	14	0 1 0 1 1 1 0 1 1 0 0 0 1 0 1 0 0 0 1 0
350	2	0 1 1 1 0 0 1 1 0 0 0 1 1 0 0 0 0 0 0 1
350	3	1 1 1 0 1 0 1 1 0 1 0 1 1 0 1 0 0 0 0 1
350	16	1 1 1 1 1 0 1 1 0 1 0 1 0 0 0 0 0 0 0 1
350	6	1 1 1 0 0 0 0 1 1 0 1 1 1 0 0 0 0 0 0 0
350	8	1 1 1 1 1 0 0 1 0 0 0 1 1 0 0 0 0 0 0 1
350	2	1 1 1 1 1 0 0 1 1 0 1 1 1 1 0 0 0 0 0 0
350	1	0 1 1 1 1 0 1 1 0 1 0 0 1 0 1 0 0 0 0 1
350	9	1 1 1 1 1 0 0 0 1 0 0 1 1 0 1 0 0 0 0 1
350	37	1 1 1 1 1 0 1 1 0 1 0 0 1 0 0 1 0 0 0 0
350	1	1 1 1 0 1 0 1 1 1 0 0 1 1 0 0 0 0 0 0 1
350	10	0 0 0 1 1 1 0 0 0 1 0 1 1 0 1 0 0 0 0 0
350	16	1 1 1 1 1 0 1 0 1 1 0 1 1 0 0 0 0 0 0 1
350	10	0 1 1 1 1 0 0 1 1 0 1 1 1 1 0 0 0 0 0 0
350	41	1 1 0 0 1 0 1 1 0 1 0 1 1 0 1 0 0 0 0 0
350	12	1 1 1 1 1 0 1 1 0 1 0 1 1 0 0 0 0 0 0 0
350	9	1 1 0 1 1 0 0 1 1 0 0 0 1 0 1 0 0 0 0 1
350	13	1 1 1 1 1 0 0 1 0 0 0 1 1 0 1 0 0 0 0 1
350	9	1 1 1 1 1 0 0 1 0 1 0 1 0 0 0 0 0 0 0 1
350	12	0 1 1 0 0 0 1 0 1 1 0 1 1 0 0 0 0 0 0 0
350	15	1 1 1 1 1 0 1 1 1 0 1 1 0 0 0 0 0 0 0 0
350	5	1 1 1 1 1 0 1 1 0 1 0 1 0 0 1 0 0 0 0 0
350	20	1 1 1 1 1 0 1 0 1 1 0 1 1 0 1 0 0 0 0 1
350	5	1 1 0 1 0 1 0 1 1 1 0 0 1 0 1 0 0 0 0 0
350	2	1 1 0 1 1 1 0 1 1 0 0 1 1 0 0 0 0 0 0 1
350	1	1 1 1 0 1 0 0 1 0 0 0 0 1 0 0 0 0 0 0 0
350	2	1 1 1 1 1 0 1 0 0 0 0 0 1 0 1 0 0 0 0 0
350	17	1 1 1 1 1 0 0 1 1 0 0 1 1 0 1 0 0 0 1 0
350	3	1 1 1 0 1 1 0 1 1 0 0 1 1 0 0 0 0 0 0 1
350	4	1 1 0 1 1 1 1 0 0 1 1 1 1 0 0 0 0 0 0 0
350	3	1 1 0 1 0 1 1 1 0 1 1 1 0 0 0 0 0 0 0 1
350	15	1 1 1 1 1 0 1 1 0 1 0 0 1 1 0 1 0 0 0 0
350	9	1 1 1 1 1 0 0 1 0 0 0 0 1 0 1 0 0 0 0 0
350	8	1 1 1 1 1 0 0 1 0 1 0 0 1 0 0 1 0 0 0 1
350	1	1 1 1 1 0 0 1 1 0 1 0 1 0 0 0 0 0 0 0 1
350	2	1 1 1 1 1 0 0 1 0 1 0 1 0 0 0 0 0 0 0 0
350	3	1 1 0 1 1 1 1 1 0 1 1 1 0 0 0 0 0 0 0 0
350	5	0 1 0 1 1 0 1 1 0 1 0 0 0 0 1 0 0 0 0 0
350	1	1 0 1 1 1 1 0 1 1 0 0 1 1 0 0 0 0 0 0 1
350	1	0 1 1 1 1 0 1 1 0 1 0 1 1 0 0 0 0 0 0 0
350	4	1 1 1 1 1 0 1 1 0 0 0 0 0 0 1 0 0 1 0 1
350	16	1 1 1 0 1 0 1 1 0 1 0 0 1 0 0 0 0 0 0 0
350	9	1 1 0 1 0 1 1 1 0 1 0 1 1 0 0 0 0 0 0 0
350	3	1 1 0 1 1 1 1 1 0 1 0 1 1 0 0 0 0 0 0 1
350	1	1 1 0 1 1 1 0 1 1 0 0 0 1 0 1 0 0 0 0 1
350	4	1 1 1 1 1 0 0 1 1 1 0 1 1 0 0 0 0 0 0 0
350	10	1 1 1 1 1 0 1 0 0 1 0 0 1 0 0 0 0 0 0 0
350	4	1 1 1 1 1 0 0 1 0 1 0 1 1 0 1 0 0 0 0 0
350	1	1 1 1 1 1 1 0 1 1 0 0 1 1 0 0 0 0 0 0 0
350	8	1 1 0 1 1 0 0 1 0 1 0 1 0 0 0 0 0 0 0 1
350	2	1 1 1 1 1 0 0 1 1 1 0 0 0 0 1 0 0 1 0 1
350	2	1 1 1 1 1 0 1 1 0 1 0 0 1 0 0 0 0 0 0 1
350	1	1 1 1 1 1 0 0 0 1 0 0 1 1 0 1 1 0 0 0 1
350	3	1 1 1 0 0 1 0 1 1 1 0 1 1 0 0 0 0 0 0 1
350	3	1 1 1 0 1 0 1 1 0 1 0 1 1 0 0 0 0 1 0 0
350	9	1 1 1 1 0 0 1 0 1 1 0 1 1 0 1 0 0 0 0 1
350	2	0 1 1 1 1 1 0 1 1 0 0 0 1 0 1 0 0 0 0 0
350	3	1 1 1 1 1 0 0 1 1 0 0 0 1 1 1 0 0 0 0 0
350	1	1 1 1 1 1 0 0 0 1 0 0 1 1 0 1 0 0 1 0 1
350	1	1 1 1 1 1 0 0 1 1 0 0 1 1 0 1 1 0 0 1 0
350	1	1 1 1 1 1 0 1 1 1 0 1 1 1 0 1 0 0 0 0 1
350	6	1 1 0 1 0 1 1 1 0 1 0 1 1 0 0 0 0 0 0 1
350	8	1 1 1 1 1 1 0 1 1 0 0 1 1 0 1 0 0 0 0 1
350	1	1 0 1 1 1 0 1 1 1 0 1 1 0 0 0 0 0 0 0 0
350	4	1 1 1 1 1 0 1 1 0 1 1 1 1 0 0 0 0 0 0 0
350	4	1 1 1 1 1 0 0 1 0 0 0 0 1 0 0 1 0 0 0 0
350	5	1 1 0 1 0 1 1 1 0 1 1 1 1 0 0 0 1 0 0 1
350	1	1 1 1 1 1 0 1 1 0 1 0 1 0 1 0 0 0 0 0 1
350	2	1 1 1 1 1 0 0 1 0 0 0 0 1 0 1 0 1 0 0 0
350	3	0 0 0 1 1 1 0 0 0 1 0 1 1 0 0 0 0 0 0 0
350	1	1 1 1 1 1 0 1 1 0 1 0 1 1 0 0 0 0 0 1 1
350	6	1 1 1 1 0 0 0 1 0 1 0 1 1 0 0 0 0 0 0 0
350	2	1 1 1 1 1 1 0 1 0 0 0 1 0 0 0 0 0 0 0 0
350	2	1 1 0 1 1 1 0 0 1 0 0 1 1 0 0 0 0 0 0 1
350	2	1 1 1 1 1 0 0 1 1 0 0 1 1 1 0 0 0 1 0 1
350	2	0 1 0 1 1 1 0 1 1 0 0 0 1 0 1 0 0 0 0 1
350	2	1 1 0 0 1 0 1 1 0 1 0 1 1 0 0 0 0 0 0 0
350	1	0 0 1 0 0 0 1 0 1 1 0 1 1 0 1 0 0 0 0 1
350	1	1 1 1 1 1 1 1 1 0 1 0 0 1 0 0 0 0 0 0 0
350	1	1 1 1 1 1 1 1 1 1 0 0 1 1 0 1 1 0 0 0 1
350	2	0 1 1 1 1 1 0 1 0 0 0 1 1 0 0 0 0 0 0 0
350	1	1 1 1 1 1 0 1 1 0 1 0 0 1 0 0 1 1 0 0 0
350	5	0 1 1 1 1 0 0 1 1 0 1 1 0 1 0 0 0 0 0 0
350	1	1 1 0 0 0 0 1 1 0 1 0 1 1 0 1 0 0 0 0 0
350	1	1 1 1 1 1 0 0 1 0 1 0 1 1 0 0 0 0 0 0 1
350	2	0 1 0 1 1 1 1 0 0 1 0 1 1 0 1 1 0 0 0 0
350	2	1 1 1 1 1 1 0 1 1 1 0 0 1 0 1 0 0 0 0 1
350	2	1 1 0 1 1 0 0 1 1 0 0 0 1 0 1 0 0 0 0 0
350	2	1 0 1 1 1 0 0 1 1 1 0 1 1 0 1 0 0 0 0 0
350	1	1 1 0 1 1 1 0 0 1 0 0 1 1 0 0 1 0 0 0 0
350	1	1 1 1 1 1 0 0 1 0 0 0 0 1 0 1 0 0 0 0 1
350	2	1 0 1 1 1 0 0 1 1 0 0 0 1 0 1 0 0 0 0 1
350	4	1 1 1 1 1 0 0 0 1 1 0 1 1 0 1 1 0 0 0 1
350	1	1 1 1 1 1 0 1 1 0 1 1 0 1 0 0 0 0 0 0 0
350	1	1 1 0 1 0 1 1 1 0 0 1 1 1 0 0 0 0 0 0 0
350	2	1 1 1 0 1 0 1 1 0 1 0 1 1 0 1 1 0 0 0 1
350	2	1 1 1 1 1 0 1 1 0 1 0 0 0 0 0 0 0 0 0 1
350	3	1 1 1 1 1 0 1 1 0 1 0 0 1 0 0 1 0 1 0 0
350	2	0 1 0 1 1 0 0 1 0 1 0 1 0 0 0 0 0 0 0 1
350	1	1 1 0 1 0 1 1 1 0 1 0 1 1 0 1 0 0 0 0 1
350	2	0 0 0 1 1 1 0 0 0 1 0 1 1 0 0 0 0 1 0 0
400	16	1 1 1 1 1 0 1 1 0 1 0 1 1 0 0 0 0 0 0 1
400	35	1 1 1 1 1 0 0 1 1 0 0 0 1 0 1 0 0 0 0 1
400	21	1 1 0 1 1 1 1 1 0 1 1 1 1 0 0 0 0 0 0 0
400	63	1 1 1 1 1 1 0 1 0 0 0 1 1 0 0 0 0 0 0 0
400	46	1 1 1 1 1 1 0 1 1 1 0 0 1 0 1 0 0 0 0 0
400	3	0 1 0 1 1 1 0 1 1 0 0 0 1 0 1 0 0 0 1 0
400	43	1 1 1 1 1 0 1 1 0 1 0 0 1 0 0 1 0 0 0 0
400	4	1 1 1 1 1 0 0 1 0 1 0 1 0 0 0 0 0 0 0 1
400	17	1 1 0 1 0 1 0 1 1 1 0 0 1 0 1 0 0 0 0 0
400	18	1 1 1 1 1 0 1 1 0 1 0 0 1 1 0 1 0 0 0 0
400	4	1 1 0 1 1 1 1 1 0 1 1 1 0 0 0 0 0 0 0 0
400	21	1 1 1 1 1 0 1 0 0 1 0 0 1 0 0 0 0 0 0 0
400	50	1 1 0 1 1 0 0 1 1 0 0 0 1 0 1 0 0 0 0 0
400	17	1 1 0 1 1 1 0 0 1 0 0 1 1 0 0 1 0 0 0 0
400	2	1 1 1 1 1 0 0 0 1 1 0 1 1 0 1 0 0 0 0 1
400	4	1 1 0 1 1 1 0 1 1 1 0 0 1 0 1 0 0 0 0 0
400	6	1 1 1 1 1 0 0 1 1 0 0 1 1 0 1 0 0 0 0 0
400	31	1 1 0 1 1 1 0 1 1 0 0 1 0 0 1 0 0 0 0 1
400	11	1 1 1 1 1 0 0 1 1 0 0 0 1 0 1 0 0 0 0 0
400	10	1 1 1 1 1 1 0 1 1 0 0 0 1 0 1 0 0 0 0 0
400	7	1 1 0 1 1 0 0 1 1 0 0 0 0 0 0 0 0 0 0 1
400	22	1 1 1 1 1 0 0 1 0 1 1 1 1 0 0 0 0 0 0 0
400	9	1 1 1 1 1 1 0 1 0 0 0 1 1 0 0 1 0 0 0 0
400	17	1 1 1 1 1 1 0 1 0 1 0 1 1 0 1 0 0 0 0 1
400	9	1 1 0 1 1 1 0 1 1 1 0 0 1 1 0 1 0 0 0 0
400	11	0 1 1 1 0 0 0 1 1 1 0 0 1 0 1 0 0 0 0 1
400	11	1 1 1 1 1 0 0 1 0 1 0 0 1 0 0 0 0 0 0 0
400	1	1 1 0 1 0 1 0 1 1 1 0 0 1 0 1 0 0 1 0 1
400	6	1 1 1 1 1 0 0 1 0 1 0 1 0 1 0 0 0 0 0 0
400	4	1 1 1 1 1 0 0 1 0 0 0 1 1 0 0 0 0 1 0 0
400	19	1 1 1 1 0 1 1 1 0 1 1 1 1 0 0 0 0 0 0 1
400	3	1 1 0 1 0 1 0 1 1 1 0 1 1 0 1 0 0 0 0 1
400	7	0 1 0 1 1 0 0 1 1 0 0 0 1 0 1 0 0 0 0 0
400	10	1 1 1 1 1 1 0 1 1 1 0 0 1 1 1 0 0 0 0 0
400	2	1 1 0 1 1 1 1 1 1 1 0 0 1 0 1 0 0 0 0 0
400	2	0 1 1 1 1 0 0 1 1 1 0 0 1 0 0 1 0 0 0 0
400	8	1 1 0 1 1 0 0 1 1 0 0 0 1 0 1 0 0 0 0 1
400	2	1 1 0 1 1 1 1 0 0 1 0 0 1 0 1 0 0 0 0 0
400	13	1 1 0 1 1 1 1 1 0 1 1 1 1 0 0 1 0 0 0 0
400	10	1 1 0 1 1 0 0 1 1 0 0 0 0 0 1 0 0 0 0 0
400	3	1 1 0 1 1 1 1 1 0 1 1 1 1 0 0 0 0 1 0 0
400	7	1 0 1 1 1 1 0 1 1 1 0 0 1 0 1 0 0 0 1 0
400	16	1 1 0 1 0 1 0 1 1 0 0 0 1 0 1 0 0 0 0 0
400	7	1 1 0 1 1 0 0 1 1 0 0 0 1 0 1 0 1 0 0 0
400	4	1 1 1 1 1 1 0 1 1 0 0 0 0 0 1 0 0 0 0 0
400	1	1 1 1 1 1 0 1 1 0 1 0 0 1 0 0 0 0 0 0 1
400	1	0 1 0 1 1 1 1 1 0 1 1 1 0 0 0 0 0 0 0 0
400	5	1 1 0 1 1 1 0 0 1 1 0 1 1 0 0 1 0 0 0 0
400	18	1 1 0 1 0 1 0 1 1 1 0 1 1 1 1 0 0 0 0 1
400	1	1 1 0 1 1 1 0 1 0 0 0 1 1 0 0 0 0 0 0 0
400	6	1 1 1 1 1 0 1 1 1 1 1 0 0 0 0 1 0 0 0 0
400	2	1 1 1 1 1 1 0 1 0 1 0 0 1 0 1 0 0 0 0 0
400	3	1 1 0 1 1 1 1 0 0 1 1 1 1 0 0 0 0 0 0 0
400	20	1 1 0 1 1 0 0 1 1 1 0 0 1 0 0 1 0 0 0 0
400	20	1 1 1 1 1 0 0 1 1 0 0 0 1 0 0 0 0 0 0 0
400	8	1 1 1 1 1 1 0 1 0 1 0 0 1 0 0 0 0 0 0 0
400	10	0 1 0 1 1 0 0 1 1 0 0 0 1 0 1 0 0 0 0 1
400	4	1 1 0 1 1 0 1 1 1 1 0 0 0 0 1 0 0 0 0 1
400	13	1 1 1 1 1 0 1 0 0 1 0 0 1 0 0 0 0 0 0 1
400	2	1 1 1 1 1 0 0 1 0 1 1 1 1 0 0 0 0 0 0 1
400	8	1 1 0 1 0 0 0 1 1 0 0 0 1 0 1 0 0 0 0 1
400	6	1 1 1 1 0 1 1 1 1 0 0 0 1 0 1 0 0 0 0 0
400	2	1 1 0 1 1 1 1 1 1 0 0 0 1 0 1 0 0 0 0 0
400	1	1 1 0 1 0 1 0 1 0 0 0 1 1 0 0 0 0 0 0 0
400	13	1 1 1 1 1 0 0 1 0 1 1 0 1 0 0 0 0 0 0 0
400	3	0 1 0 1 1 0 0 1 1 1 0 0 1 0 0 1 0 0 0 0
400	4	1 1 1 1 1 1 0 1 0 0 0 1 1 0 0 0 0 0 0 1
400	3	1 1 1 1 1 0 1 0 0 1 0 0 1 1 0 1 0 0 0 0
400	3	1 1 0 1 1 0 1 1 1 1 0 0 1 0 0 0 0 0 0 0
400	12	0 1 1 1 1 0 0 1 0 1 0 0 1 0 0 0 0 0 0 0
400	7	1 1 0 1 1 1 1 1 1 1 1 0 1 0 1 0 0 0 0 0
400	3	1 1 1 0 1 0 1 1 0 1 0 0 1 0 0 0 0 0 0 1
400	9	1 1 1 1 0 1 1 1 0 1 1 1 1 0 0 0 0 0 0 0
400	3	1 1 1 1 1 0 0 1 1 0 0 0 1 1 0 1 0 0 0 0
400	2	0 1 0 1 1 0 0 1 1 0 0 0 1 0 0 0 0 0 0 0
400	4	1 1 0 1 0 1 0 1 1 1 0 1 1 1 1 0 0 1 0 1
400	1	1 1 1 1 1 0 1 1 0 0 0 1 1 0 0 0 0 0 0 0
400	7	1 1 0 1 0 1 0 1 1 0 0 0 1 0 1 0 0 1 0 1
400	6	1 1 0 1 1 1 0 1 1 1 0 0 1 0 0 1 0 0 0 0
400	1	1 1 1 1 1 1 0 1 0 0 0 1 0 0 1 0 0 0 0 1
400	1	1 1 1 1 1 0 0 1 0 1 1 1 1 0 1 0 0 0 0 0
400	5	1 1 1 1 1 0 0 1 0 0 0 1 1 0 1 0 0 0 0 0
400	6	1 1 0 1 0 1 0 1 0 1 1 1 1 0 0 0 0 0 0 1
400	5	1 1 0 1 0 1 0 1 1 0 0 0 1 0 1 1 0 0 0 0
400	8	1 1 1 1 1 1 0 1 0 0 1 1 1 0 0 0 0 0 0 0
400	5	1 1 1 1 1 1 0 1 0 0 0 0 1 0 1 0 1 0 0 0
400	1	1 1 1 1 1 0 0 1 0 0 0 1 1 1 1 0 0 0 0 0
400	4	0 1 0 1 1 1 0 1 0 1 0 1 1 0 1 0 0 0 0 1
400	11	1 1 0 1 1 0 1 1 1 1 1 0 0 0 0 1 0 0 0 0
400	12	1 1 0 1 1 1 0 1 1 1 0 1 0 0 1 0 0 0 0 1
400	2	0 1 1 1 0 1 0 1 1 1 0 0 1 0 1 0 0 0 0 0
400	4	1 1 1 1 1 1 1 1 1 0 0 1 1 0 1 0 0 0 0 1
400	4	0 1 0 1 1 0 0 1 0 0 0 0 1 0 1 0 0 0 0 1
400	3	1 1 1 1 1 0 1 0 0 1 0 1 1 0 0 0 0 0 0 1
400	5	0 1 1 1 1 0 0 1 1 0 0 0 1 0 1 0 0 0 0 1
400	3	1 1 0 1 0 1 0 1 1 1 0 0 1 0 1 0 0 0 1 0
400	1	1 1 0 1 1 1 0 1 0 1 0 1 1 0 1 0 0 0 0 1
400	1	1 0 1 1 1 1 1 1 1 0 0 1 1 0 1 0 0 1 0 1
400	2	1 1 0 1 1 1 1 1 1 1 1 0 1 0 1 0 0 0 1 0
400	5	1 1 1 1 1 0 0 1 1 0 0 0 1 1 0 1 1 0 0 0
400	2	1 1 1 1 1 0 1 1 0 1 0 0 1 1 1 0 0 0 0 1
400	1	1 1 1 1 1 1 0 1 0 0 0 0 1 0 1 0 0 0 0 0
400	2	1 1 1 1 1 0 1 0 0 1 0 0 1 0 0 1 0 0 0 0
400	4	1 1 0 1 1 0 0 1 1 1 0 0 1 0 1 0 0 0 0 0
400	6	1 1 0 1 1 1 0 1 1 1 0 0 1 1 0 1 0 0 0 1
400	1	1 1 1 1 1 0 0 1 0 1 0 0 1 0 0 0 0 1 0 0
400	1	0 1 0 1 1 0 0 1 1 0 1 0 1 0 1 0 0 0 0 0
400	2	1 1 1 1 0 1 1 1 1 0 0 1 1 0 0 0 0 0 0 1
400	4	1 1 1 1 1 1 0 1 1 0 0 0 1 0 0 0 0 0 0 0
400	1	1 1 1 1 1 0 1 0 0 1 0 0 1 1 0 0 0 0 0 1
400	5	1 1 0 1 0 1 0 1 1 0 0 0 1 0 1 0 1 0 0 0
400	3	1 1 1 1 1 1 0 1 1 0 0 0 1 1 0 1 0 0 0 0
400	2	1 1 1 1 1 0 1 1 1 1 0 0 1 0 0 0 0 0 0 0
400	1	1 1 1 1 1 1 0 1 1 1 0 0 1 0 0 0 0 0 0 0
400	2	0 1 1 1 1 0 0 0 1 1 0 1 1 0 1 0 0 0 0 1
400	2	0 1 1 1 0 0 0 1 1 1 0 0 1 0 0 0 0 0 0 1
400	4	1 1 0 1 0 1 1 1 1 1 0 1 1 1 1 0 0 0 0 1
400	3	1 1 0 1 1 0 0 1 1 0 0 0 1 0 1 0 1 0 0 1
400	1	1 1 0 1 1 0 0 1 1 0 0 0 1 0 0 0 0 0 0 1
400	1	1 1 0 1 1 1 0 1 1 0 0 1 0 0 1 0 0 0 0 0
400	1	1 1 1 1 1 0 0 1 1 0 1 0 1 0 1 0 0 0 0 0
400	1	1 1 1 1 1 0 0 1 1 0 0 0 0 0 0 0 0 0 0 1
400	1	1 1 0 1 1 0 1 1 1 0 0 0 1 0 1 0 0 0 0 0
400	1	0 1 1 1 1 0 0 1 1 0 0 0 0 0 0 0 0 0 0 1
400	1	1 1 1 1 1 1 0 1 1 0 0 0 1 0 1 0 0 1 0 1
400	2	1 1 1 1 1 0 0 1 1 1 0 0 1 0 1 0 0 0 0 0
400	1	1 1 1 1 1 0 0 1 1 0 0 0 1 0 1 0 0 1 0 0
400	3	1 1 0 1 1 0 0 1 1 0 0 0 0 0 0 0 1 0 0 1
400	1	1 1 1 1 1 0 0 1 1 1 0 0 1 1 1 0 0 0 0 0
400	1	0 1 0 1 1 0 0 1 1 0 0 0 1 0 1 0 1 0 0 0
400	2	1 1 1 1 1 0 1 0 1 1 0 0 1 0 0 0 0 0 0 1
400	4	1 1 1 1 1 1 0 1 0 0 1 1 0 0 0 0 0 0 0 0
400	1	1 1 0 1 1 1 1 1 1 1 1 0 0 0 0 1 0 0 0 0
450	28	1 1 0 1 1 0 0 1 1 0 0 0 1 0 1 0 0 0 0 0
450	12	1 1 0 1 1 1 0 0 1 0 0 1 1 0 0 1 0 0 0 0
450	13	1 1 1 1 1 0 0 1 0 1 0 1 0 1 0 0 0 0 0 0
450	5	1 1 0 1 1 1 1 1 1 1 0 0 1 0 1 0 0 0 0 0
450	3	1 1 0 1 0 1 0 1 1 0 0 0 1 0 1 0 0 0 0 0
450	1	1 1 1 1 1 1 0 1 1 0 0 0 0 0 1 0 0 0 0 0
450	7	1 1 0 1 1 1 1 1 1 0 0 0 1 0 1 0 0 0 0 0
450	13	1 1 1 1 0 1 1 1 0 1 1 1 1 0 0 0 0 0 0 0
450	8	1 1 0 1 0 1 0 1 0 1 1 1 1 0 0 0 0 0 0 1
450	9	1 1 0 1 0 1 0 1 1 1 0 1 1 0 1 0 0 0 0 0
450	14	1 1 1 1 1 0 0 1 1 0 0 1 1 0 0 1 0 0 0 0
450	16	1 1 0 1 1 0 0 1 0 1 1 0 1 0 0 0 0 0 0 0
450	36	1 1 1 1 1 0 0 1 0 1 1 1 1 0 1 0 0 0 0 0
450	65	1 1 0 1 1 0 0 1 0 1 0 0 1 0 0 0 0 0 0 0
450	5	1 1 1 1 1 0 0 1 0 0 0 1 1 0 0 1 0 0 0 0
450	1	1 1 0 1 1 0 0 1 1 0 0 0 1 0 0 0 0 0 0 0
450	16	1 1 0 1 1 1 0 1 0 1 1 1 1 0 0 0 0 0 0 1
450	4	1 1 1 1 1 1 0 1 0 0 0 1 1 0 0 0 0 0 0 1
450	13	1 1 0 1 1 1 0 1 1 0 0 0 1 0 1 0 0 0 1 0
450	4	1 1 0 1 0 1 0 1 0 1 1 0 1 0 1 0 0 0 0 1
450	24	1 1 1 1 1 0 0 1 1 1 1 1 1 0 1 0 0 0 0 0
450	22	1 1 0 1 0 0 0 1 1 0 0 0 1 0 1 0 0 0 0 0
450	14	1 1 0 1 1 1 1 1 0 0 0 1 1 0 0 1 0 0 0 0
450	2	1 1 0 1 1 0 0 1 0 0 0 1 1 0 0 0 0 0 0 0
450	6	1 1 0 0 1 0 0 1 0 1 0 0 1 0 0 0 0 0 0 0
450	6	1 1 0 1 1 0 0 1 1 1 1 0 1 1 0 1 0 0 0 1
450	23	1 1 1 1 1 1 0 1 0 0 0 1 1 0 0 1 0 0 0 1
450	5	1 1 0 1 1 0 0 0 0 1 1 1 1 0 0 0 0 0 0 0
450	12	1 1 1 1 1 0 0 1 0 1 1 0 1 0 1 0 0 0 0 0
450	1	1 1 0 1 1 0 0 1 1 0 0 0 1 0 1 0 0 1 0 0
450	1	1 1 0 1 0 1 0 1 1 0 0 0 1 0 0 0 0 0 0 0
450	8	1 1 0 1 1 1 0 1 0 1 1 0 1 0 0 0 0 0 0 0
450	24	1 1 1 1 0 1 1 1 0 1 1 0 0 0 0 1 0 0 0 1
450	2	1 1 0 1 1 0 0 1 0 1 0 1 0 1 0 0 0 0 0 0
450	8	1 0 1 1 1 1 0 1 0 0 0 1 1 0 0 1 0 0 0 0
450	15	1 1 0 1 1 0 0 1 1 0 0 1 1 0 0 0 0 0 0 0
450	13	1 1 1 1 1 0 0 1 0 1 1 0 1 0 0 1 0 0 0 0
450	10	1 1 0 1 1 0 0 1 0 1 1 1 1 0 1 0 0 0 0 0
450	13	1 0 1 1 1 1 0 1 0 1 1 0 1 0 0 0 0 0 0 0
450	6	1 0 1 1 0 1 1 1 0 1 1 1 1 0 0 0 0 0 0 0
450	3	1 1 0 1 1 1 0 1 1 0 0 0 1 0 1 0 0 1 0 0
450	10	1 1 0 1 1 0 0 1 1 0 0 0 1 0 1 0 0 0 1 0
450	2	1 1 0 1 1 1 0 1 1 0 0 1 0 0 1 0 0 0 1 1
450	19	1 1 0 1 0 1 0 0 0 1 1 0 1 0 1 0 0 0 0 0
450	7	1 1 0 1 1 0 0 1 1 1 0 0 1 0 1 0 0 0 0 0
450	4	1 1 1 1 1 0 0 1 1 0 0 0 1 0 1 0 0 0 0 0
450	3	1 1 1 1 0 0 1 1 0 1 1 0 0 0 0 1 0 0 0 1
450	10	1 1 0 1 1 0 0 1 0 1 0 1 0 1 1 0 0 0 0 0
450	4	1 1 0 0 1 1 1 1 0 1 0 1 1 0 0 0 0 0 0 0
450	12	1 1 0 1 1 0 0 1 1 0 0 0 0 0 1 0 0 0 0 0
450	20	1 1 1 1 1 0 0 1 0 0 0 1 1 0 0 1 0 1 0 0
450	9	1 1 0 1 1 1 1 1 0 0 0 1 1 0 0 0 0 0 0 0
450	3	1 1 0 1 1 0 0 1 1 1 1 0 0 1 0 1 0 0 0 1
450	10	1 1 1 1 1 0 0 1 1 1 0 1 0 1 0 0 0 0 0 0
450	2	1 1 0 1 1 1 0 1 1 1 0 0 1 0 1 0 0 0 0 0
450	11	1 1 0 1 1 1 0 1 1 0 0 1 1 0 0 1 0 0 0 0
450	26	1 1 0 1 0 1 0 1 0 1 1 1 1 0 0 0 0 0 0 0
450	2	1 1 0 1 0 1 0 1 1 1 0 1 1 0 0 0 0 0 0 0
450	1	1 1 0 1 1 1 0 1 0 0 0 1 0 0 1 0 0 0 0 1
450	12	1 1 0 1 1 1 1 1 1 0 0 0 1 0 1 0 0 0 1 0
450	8	1 1 0 1 1 0 0 1 0 0 0 0 1 0 0 0 0 0 0 0
450	4	1 0 1 1 1 0 0 1 1 1 1 1 1 0 1 0 0 0 0 0
450	5	1 1 0 1 0 1 0 1 1 0 0 0 1 0 0 1 0 0 0 0
450	9	1 1 1 1 0 1 1 0 0 1 1 0 0 0 0 1 0 0 0 0
450	1	1 1 1 1 1 0 0 1 0 0 0 1 1 0 1 0 0 0 1 1
450	2	1 1 0 0 0 1 1 1 0 1 1 0 1 0 0 0 0 0 0 1
450	12	1 1 0 1 1 1 0 1 1 0 1 1 1 0 1 0 0 0 0 0
450	3	1 1 0 1 1 0 0 1 0 0 0 1 1 1 0 1 0 0 0 0
450	5	1 1 0 1 1 0 0 1 1 0 0 1 1 0 1 0 0 0 0 0
450	8	1 1 0 1 1 0 0 1 0 1 0 0 1 1 0 0 0 0 0 0
450	3	1 0 1 1 1 0 0 1 0 0 0 1 1 0 0 1 0 0 0 0
450	3	1 1 0 1 1 0 0 1 1 1 0 0 1 0 1 0 0 0 1 0
450	3	1 1 1 1 1 0 0 1 0 1 1 1 1 0 1 0 0 1 0 0
450	13	1 1 0 1 1 0 0 1 0 1 0 0 1 0 0 0 0 1 0 0
450	11	1 1 0 1 1 1 0 1 1 0 0 0 1 0 0 1 0 0 0 0
450	7	1 1 0 1 1 1 1 1 0 1 0 0 1 0 0 0 0 0 0 0
450	6	1 1 0 1 1 1 1 1 0 1 1 1 1 0 1 0 0 0 0 0
450	3	1 1 1 1 0 1 1 1 0 1 1 1 0 0 0 1 0 0 0 0
450	2	1 1 1 1 1 0 0 1 0 1 1 1 1 0 0 0 0 0 0 0
450	1	1 1 0 1 1 1 0 1 1 0 0 0 1 0 0 0 0 0 0 0
450	17	1 1 1 1 1 0 0 1 0 1 0 0 1 0 0 0 0 0 0 0
450	14	1 1 1 1 1 0 0 1 1 1 1 1 1 0 1 0 1 0 0 0
450	18	1 1 0 1 0 1 0 0 0 1 1 0 1 0 1 1 0 0 0 0
450	5	1 1 1 1 0 1 1 1 0 1 0 0 0 0 1 0 0 0 0 1
450	2	1 1 1 1 1 0 0 1 0 1 1 1 1 0 1 0 0 0 1 0
450	3	1 1 1 1 1 1 0 1 0 0 0 1 0 1 0 0 0 0 0 0
450	7	1 1 1 1 1 0 0 1 1 1 1 1 1 0 0 0 0 1 0 0
450	2	1 1 0 1 1 1 0 1 1 0 0 1 0 0 0 0 0 0 0 0
450	2	1 0 1 1 1 0 0 1 1 0 0 1 1 0 0 1 0 0 0 0
450	4	1 1 0 1 1 1 0 1 0 1 1 0 1 0 0 1 0 0 0 0
450	10	1 1 0 1 1 1 0 1 1 0 1 1 1 0 0 1 0 0 0 0
450	7	1 1 0 1 1 0 0 1 1 0 0 0 1 0 1 0 0 0 1 1
450	9	1 1 1 1 1 0 0 1 0 0 1 1 1 0 1 0 0 0 0 0
450	4	1 1 0 1 1 1 0 1 1 1 0 0 1 0 1 0 0 0 1 0
450	6	1 1 0 1 1 1 1 1 0 0 0 1 1 0 0 1 0 0 0 1
450	6	1 1 0 1 0 1 1 1 0 0 0 1 1 0 0 1 0 0 0 0
450	4	0 1 0 1 0 1 0 1 1 0 0 0 1 1 1 0 0 0 0 0
450	5	1 0 1 1 1 1 0 1 0 0 0 1 0 0 0 1 0 0 0 0
450	2	1 1 0 1 1 1 0 1 1 0 0 1 0 0 0 0 0 1 0 1
450	7	1 1 0 1 0 0 0 1 0 1 1 1 1 0 1 0 0 1 0 0
450	2	1 1 0 1 0 1 1 1 0 1 1 1 1 0 0 0 0 0 0 0
450	1	1 1 1 1 0 1 0 1 1 0 0 0 1 0 1 0 0 0 0 0
450	1	1 1 0 1 1 1 1 1 1 0 0 1 1 0 1 0 0 0 0 0
450	3	1 1 1 1 0 1 1 1 0 1 1 1 1 0 0 0 0 0 0 1
450	6	1 1 0 0 1 0 0 1 1 0 0 0 1 0 0 0 0 0 0 0
450	4	1 1 0 1 0 1 0 1 0 1 1 1 1 1 0 0 0 0 0 0
450	4	1 1 0 1 1 0 0 1 1 1 0 1 1 0 0 1 0 0 0 0
450	5	1 1 0 1 1 1 0 1 1 0 1 0 1 0 0 1 0 0 0 0
450	3	1 1 0 1 1 0 0 1 0 1 0 0 1 0 0 0 0 0 1 1
450	1	1 1 0 1 1 0 1 1 0 1 1 0 0 0 0 1 0 0 0 1
450	4	1 1 0 1 1 0 0 1 0 1 1 1 1 0 0 0 0 0 0 0
450	4	1 1 0 1 0 1 0 1 0 1 1 0 1 0 1 0 0 0 0 0
450	1	1 1 0 1 0 1 0 1 0 1 1 1 0 1 0 0 0 0 0 0
450	1	1 1 0 1 1 0 0 1 0 0 0 0 1 0 1 0 0 0 0 0
450	5	1 1 1 1 1 0 0 1 0 1 1 1 0 1 0 0 0 0 0 0
450	2	1 1 0 1 1 0 0 1 0 1 0 0 1 0 0 1 0 0 0 0
450	6	1 1 0 1 1 0 0 1 0 1 1 0 1 0 1 0 0 0 0 1
450	1	1 1 1 1 0 1 1 1 0 0 0 0 1 0 0 1 0 0 0 0
450	1	1 1 1 1 0 1 1 1 0 1 1 0 0 0 0 1 0 0 0 0
450	1	1 1 0 1 1 0 0 1 0 1 0 1 0 0 1 0 0 0 0 0
450	1	1 1 0 1 1 1 0 1 0 0 0 1 0 0 1 0 0 0 0 0
450	2	1 1 0 1 0 1 0 0 0 1 0 0 1 0 0 0 0 1 0 0
450	2	1 0 1 1 0 1 0 1 0 1 1 1 1 0 0 0 0 0 0 0
450	1	0 1 0 1 1 0 0 1 1 0 0 0 1 0 1 0 0 0 1 0
450	4	1 1 1 1 1 0 0 1 1 1 1 1 0 1 0 0 0 0 0 0
450	3	1 1 0 1 1 1 0 1 0 0 0 0 1 0 0 0 0 0 0 0
450	1	1 1 1 1 0 1 0 1 0 1 1 1 0 1 0 0 0 0 0 0
450	2	1 1 0 1 1 0 0 1 0 1 1 0 0 0 0 1 0 0 0 1
450	1	1 1 1 1 1 1 1 1 0 1 1 0 0 0 0 1 0 0 0 1
450	3	1 1 1 1 1 1 0 1 1 0 1 1 1 0 1 0 0 0 0 0
450	1	1 1 1 1 0 1 0 0 0 1 1 0 1 0 1 1 0 0 0 0
450	3	1 0 1 1 0 1 1 1 0 1 0 0 1 0 0 0 0 0 0 0
450	1	1 0 0 1 1 1 1 1 1 1 0 0 1 0 1 0 0 0 0 0
450	1	1 0 0 1 1 1 0 1 1 0 1 1 1 0 0 1 0 0 0 0
450	2	1 1 0 1 1 1 0 1 1 0 0 1 1 0 0 0 0 0 0 1
450	1	1 1 1 1 1 0 0 1 0 1 1 0 1 0 0 0 0 0 0 0
450	1	1 1 0 1 1 1 0 0 0 1 1 1 1 0 0 0 0 0 0 1
450	2	1 1 0 1 0 1 0 0 0 1 1 0 1 0 1 0 0 0 0 1
450	2	0 1 0 1 1 0 0 1 0 1 0 0 1 1 0 0 0 0 0 0
450	2	1 1 0 1 1 0 0 1 1 1 0 0 1 1 1 0 0 0 1 0
450	1	1 1 0 1 1 0 1 1 0 1 0 0 1 0 0 0 0 1 0 0
450	1	1 1 1 1 1 1 0 1 0 1 0 0 1 0 0 0 0 0 0 0
450	1	1 1 0 1 1 1 0 1 0 1 1 0 1 0 1 1 0 0 0 0
450	2	1 1 1 1 1 0 0 1 0 1 1 1 0 1 0 0 0 1 0 0
450	1	1 1 0 1 1 0 0 1 1 1 0 0 1 0 1 0 0 0 1 1
450	1	1 0 1 0 1 1 0 1 0 0 0 1 0 0 0 1 0 0 0 0
500	21	1 1 0 1 1 0 0 1 1 0 0 0 1 0 1 0 0 0 0 0
500	18	1 1 0 1 0 1 0 1 1 1 0 1 1 0 1 0 0 0 0 0
500	43	1 1 0 1 1 0 0 1 0 1 1 0 1 0 0 0 0 0 0 0
500	50	1 1 0 1 1 0 0 1 0 1 0 0 1 0 0 0 0 0 0 0
500	17	1 1 0 1 1 1 0 1 1 0 0 0 1 0 1 0 0 0 1 0
500	49	1 1 0 1 0 0 0 1 1 0 0 0 1 0 1 0 0 0 0 0
500	3	1 1 0 1 1 0 0 0 0 1 1 1 1 0 0 0 0 0 0 0
500	32	1 1 0 1 1 1 0 1 0 1 1 0 1 0 0 0 0 0 0 0
500	4	1 1 0 1 1 0 0 1 1 0 0 0 1 0 1 0 0 0 1 0
500	12	1 1 0 1 1 1 1 1 0 0 0 1 1 0 0 0 0 0 0 0
500	32	1 1 0 1 1 1 0 1 1 0 0 1 1 0 0 1 0 0 0 0
500	23	1 1 0 1 1 0 0 1 0 0 0 0 1 0 0 0 0 0 0 0
500	5	1 1 0 1 1 1 0 1 1 0 1 1 1 0 1 0 0 0 0 0
500	37	1 1 0 1 1 0 0 1 0 1 0 0 1 1 0 0 0 0 0 0
500	12	1 1 0 1 1 1 1 1 0 1 1 1 1 0 1 0 0 0 0 0
500	4	1 1 1 1 1 0 0 1 1 1 1 1 1 0 1 0 1 0 0 0
500	15	1 1 0 1 1 1 0 1 1 1 0 0 1 0 1 0 0 0 1 0
500	10	1 0 1 1 1 1 0 1 0 0 0 1 0 0 0 1 0 0 0 0
500	8	1 1 0 0 1 0 0 1 1 0 0 0 1 0 0 0 0 0 0 0
500	7	1 1 0 1 0 1 0 1 1 1 0 0 1 0 1 0 0 0 0 0
500	16	1 1 0 1 1 1 0 1 1 0 0 0 1 0 0 0 0 0 0 0
500	4	1 1 1 1 0 0 0 1 1 0 0 0 1 0 1 0 0 0 0 0
500	19	1 1 0 1 1 1 0 1 0 1 1 0 1 0 0 1 1 0 0 0
500	39	1 1 0 1 0 0 1 1 1 0 0 0 1 0 1 0 0 0 0 0
500	3	1 1 0 1 0 1 1 0 0 1 1 0 1 0 1 1 0 0 0 0
500	14	1 1 0 1 1 0 1 1 1 0 0 0 1 0 1 0 0 0 0 0
500	31	1 1 0 1 1 1 1 1 0 1 0 0 1 0 1 0 0 0 0 0
500	26	1 1 0 1 1 1 0 1 0 1 1 0 1 0 0 0 0 0 1 0
500	30	1 1 0 1 0 1 1 1 0 0 0 0 1 0 0 0 0 0 0 0
500	3	1 1 0 1 0 1 0 0 0 1 0 0 1 0 1 1 0 0 0 0
500	6	1 1 0 1 1 0 1 1 1 0 0 1 1 0 1 0 0 0 0 0
500	4	1 1 0 1 1 1 0 1 0 1 1 0 1 0 0 0 0 0 0 1
500	3	1 1 1 1 1 1 0 1 1 0 0 0 1 0 1 0 0 0 1 0
500	18	1 1 0 1 0 1 1 1 1 0 0 0 1 0 1 0 0 0 1 0
500	15	1 1 0 1 0 0 0 1 1 1 0 1 1 0 1 0 0 0 0 0
500	33	1 1 0 1 1 1 1 1 0 1 1 0 1 0 0 0 0 0 0 0
500	13	1 1 0 0 1 0 0 1 1 0 0 1 1 0 0 0 0 0 0 0
500	9	1 1 0 1 0 1 1 1 0 1 0 0 1 1 0 0 0 0 0 0
500	2	1 1 0 1 1 0 0 1 1 0 0 1 1 0 0 1 0 0 0 0
500	16	1 1 0 1 1 1 1 1 0 1 1 0 1 0 0 0 0 0 1 0
500	8	1 1 0 1 0 1 1 1 0 0 0 0 1 0 1 1 0 0 0 0
500	4	1 1 0 1 1 0 0 1 1 0 0 1 1 0 1 0 0 0 0 0
500	7	1 1 0 1 1 0 0 1 1 1 1 0 1 0 1 1 0 0 0 0
500	6	1 1 0 1 0 0 1 1 0 0 0 0 1 0 0 0 0 0 0 0
500	16	1 1 0 1 1 0 1 1 1 0 0 0 1 0 0 0 0 0 0 0
500	1	1 1 0 1 0 1 0 1 0 1 1 0 1 0 0 0 0 0 0 0
500	1	1 1 1 1 1 1 0 1 1 0 0 0 1 0 0 0 0 0 0 0
500	14	1 1 0 1 0 1 1 1 1 0 0 0 1 0 1 0 0 0 0 0
500	4	1 0 0 1 1 1 0 1 1 1 0 1 1 0 1 0 0 0 0 0
500	22	1 1 0 1 1 1 1 1 0 0 0 1 1 0 0 1 0 0 0 0
500	6	1 1 0 1 0 0 0 1 0 1 0 0 1 0 0 0 0 0 0 0
500	3	1 1 0 1 1 0 0 1 0 1 0 0 1 0 0 1 0 0 0 0
500	7	1 1 0 1 1 1 1 1 0 1 0 0 0 0 0 0 0 0 0 0
500	2	1 1 0 1 1 1 0 1 1 0 0 0 1 0 0 1 0 0 0 1
500	6	1 1 0 1 1 1 1 1 0 0 0 0 1 0 0 0 0 0 1 0
500	11	1 1 0 1 0 1 0 1 1 0 0 0 1 0 1 0 0 0 0 0
500	1	1 1 0 1 1 0 0 1 1 1 0 0 1 0 1 0 0 0 1 0
500	18	1 1 0 1 0 1 0 1 0 1 1 1 1 0 0 1 0 0 0 0
500	14	1 1 0 1 1 0 0 1 0 0 0 0 1 0 0 0 0 0 0 1
500	2	1 1 0 1 1 1 1 0 0 1 0 0 1 0 0 0 0 0 0 0
500	3	1 1 0 1 1 1 0 1 1 0 0 0 1 0 1 0 0 0 1 1
500	6	1 1 0 1 0 1 0 1 1 0 0 0 1 0 1 0 0 0 1 0
500	3	1 1 0 1 1 0 0 1 1 1 1 0 1 1 1 1 0 0 0 0
500	4	1 1 0 1 1 1 0 1 1 0 0 1 1 0 1 0 0 0 0 0
500	3	1 1 0 1 0 1 1 1 1 1 1 0 1 0 1 1 0 0 0 0
500	3	1 1 0 1 0 1 0 1 1 0 0 0 1 0 0 0 0 0 0 0
500	2	1 0 0 1 1 1 0 1 1 0 0 0 1 0 0 0 0 0 0 0
500	5	1 1 0 1 0 1 1 0 0 1 0 0 1 0 1 1 0 0 0 0
500	1	1 1 1 0 1 0 0 1 0 1 0 0 1 0 1 0 0 0 0 0
500	10	1 1 0 1 0 1 0 1 1 1 0 1 1 0 0 0 0 0 0 0
500	9	1 1 0 1 0 0 0 1 1 0 0 0 1 1 1 0 0 0 0 0
500	5	1 1 0 1 1 1 0 1 0 1 1 0 1 0 1 0 0 0 0 0
500	4	1 1 0 1 1 1 1 1 0 0 1 1 1 0 0 0 0 0 0 0
500	5	1 1 0 0 1 1 1 1 0 1 0 0 1 0 1 0 0 0 0 0
500	2	1 1 0 0 0 1 0 1 1 0 0 0 1 0 1 0 0 0 1 0
500	1	1 1 0 0 1 0 0 0 0 1 1 0 1 0 0 0 0 0 0 1
500	1	1 1 0 1 1 1 0 1 1 0 1 1 1 0 0 1 0 0 0 0
500	2	1 1 0 0 1 0 0 1 1 0 1 0 1 0 0 0 0 0 0 0
500	3	1 1 0 1 0 1 0 1 1 1 0 0 1 0 0 1 0 0 0 0
500	1	1 1 0 1 0 0 0 1 1 0 0 1 0 0 0 1 0 0 0 0
500	1	1 1 0 1 1 1 0 1 0 1 0 0 1 0 1 0 0 0 0 0
500	1	1 1 0 1 0 0 0 1 1 0 0 0 1 0 1 0 0 0 1 0
500	1	1 1 0 0 1 1 0 1 1 0 0 0 1 0 1 0 0 0 0 0
500	2	1 1 0 1 0 1 1 1 0 1 0 0 1 1 0 0 0 0 1 0
500	3	0 1 0 1 1 1 0 1 0 1 1 0 1 0 0 0 0 0 0 0
500	6	1 1 0 1 1 1 0 1 1 1 0 1 1 0 0 1 0 0 0 0
500	1	1 0 0 1 0 0 1 1 1 0 0 0 1 0 1 0 0 0 0 0
500	7	1 1 0 1 0 1 1 0 0 0 0 0 1 0 0 0 0 0 0 0
500	1	1 1 0 1 1 0 0 1 1 0 0 1 1 0 1 0 0 0 1 0
500	1	1 1 0 1 1 0 0 1 0 0 1 0 1 0 0 0 0 0 0 1
500	1	1 1 0 1 1 0 0 1 0 1 0 0 1 0 1 0 0 0 0 0
500	2	1 1 0 1 1 1 0 1 0 1 1 1 1 0 0 0 0 0 0 0
500	1	1 1 0 1 1 1 1 1 1 0 0 0 1 0 1 0 0 0 0 0
500	2	1 1 0 1 1 1 1 1 0 1 0 0 0 0 0 0 0 0 0 1
500	2	1 1 1 0 1 0 0 1 0 1 0 1 0 1 0 0 0 0 0 0
500	1	1 1 0 1 0 0 0 1 1 0 0 0 1 0 1 0 1 0 0 0
500	1	1 1 0 1 1 1 1 1 0 0 0 0 1 0 1 0 0 0 0 0
500	1	1 1 0 1 1 0 1 1 1 0 0 1 1 0 1 0 0 0 1 0
500	2	1 1 0 1 1 1 0 1 1 1 1 0 1 0 0 0 0 0 0 1
500	2	1 1 0 1 1 1 1 1 0 1 1 0 1 0 0 1 0 0 0 0
500	1	1 1 0 1 1 0 0 1 1 1 1 0 1 0 1 1 0 0 1 0
500	1	1 1 0 1 1 1 1 1 0 0 0 1 1 0 0 1 1 0 0 0
500	2	1 1 0 1 1 1 0 1 1 0 0 1 0 0 0 1 0 0 0 0
500	1	1 1 0 1 1 0 0 1 0 1 0 0 1 1 0 0 0 0 1 0
500	1	1 1 0 0 1 0 0 1 1 0 0 0 1 0 0 1 0 0 0 0
500	1	1 1 0 1 1 1 1 1 0 1 0 0 1 0 0 0 0 0 0 0
500	1	1 1 0 1 0 1 0 1 0 0 0 0 1 0 1 1 0 0 0 0
500	1	1 1 0 1 0 0 0 1 1 0 0 1 1 0 0 1 0 0 0 0
500	1	1 1 0 0 0 1 0 1 1 0 0 0 1 0 1 0 0 0 0 0
500	3	1 1 0 1 1 1 0 1 1 0 0 1 1 1 0 1 0 0 0 0
500	2	1 1 0 1 0 1 0 1 1 1 0 0 1 0 0 0 0 0 0 0
500	1	1 1 0 1 1 1 0 1 1 1 0 0 1 0 0 0 0 0 0 0
500	1	1 1 0 0 0 0 1 1 1 0 0 0 1 0 1 0 0 0 0 0
500	1	1 1 0 1 0 1 1 0 1 0 0 0 1 0 1 0 0 0 1 0
500	2	0 1 0 1 0 0 0 1 1 1 0 1 1 0 1 0 0 0 0 0
500	1	1 1 0 1 1 1 1 1 1 1 1 0 1 0 0 0 0 0 0 0
500	1	1 1 0 1 1 1 1 0 0 1 1 0 1 0 0 0 0 0 0 0
500	3	1 1 1 1 1 1 1 1 0 1 1 0 1 0 0 0 0 0 0 0
500	2	1 1 0 1 0 1 1 0 0 1 0 0 1 1 0 0 0 0 0 0
500	1	0 1 0 1 0 1 1 1 1 0 0 0 1 0 1 0 0 0 0 0
500	1	1 1 0 0 0 1 0 1 0 1 1 1 1 0 0 1 0 0 0 0
