0	9	1 0 0 0 1 0 0 1 1 0 0 1 0 0 0 0 0 0 0 0
0	13	0 0 1 0 1 0 1 0 1 0 0 1 0 0 0 1 1 0 0 0
0	14	1 0 0 0 0 0 1 0 0 0 1 0 0 0 1 0 0 0 0 0
0	14	1 0 1 0 0 0 0 0 0 0 0 1 0 1 0 0 0 0 0 1
50	1	0 0 1 0 1 0 1 0 1 0 0 1 0 0 0 1 1 0 0 0
50	12	1 0 0 0 0 0 1 0 0 0 1 0 0 0 1 0 0 0 0 0
50	2	1 0 0 0 0 0 1 0 0 0 1 0 0 0 1 0 0 0 0 1
50	4	1 0 0 0 0 0 1 1 0 0 1 0 0 0 1 0 0 0 0 0
50	1	1 0 1 0 0 0 1 0 0 0 1 0 0 0 1 0 0 0 0 0
50	1	1 0 0 0 0 1 1 0 0 0 1 0 0 0 1 0 0 0 0 0
50	1	1 0 0 0 0 0 1 0 0 0 1 0 0 0 1 0 0 0 1 0
50	1	1 0 0 0 0 0 1 0 0 0 1 0 0 1 1 0 0 0 0 0
50	4	0 0 1 0 1 0 1 0 0 0 0 1 0 0 0 1 1 0 0 0
50	1	1 0 0 0 0 0 1 0 0 0 1 0 0 0 0 1 1 0 0 0
50	1	1 0 0 0 1 0 0 0 1 0 1 0 0 0 1 0 0 0 0 0
50	2	1 0 1 0 0 1 1 0 0 0 1 0 0 1 1 0 0 0 0 0
50	3	1 0 0 0 0 0 1 0 1 0 0 1 0 0 1 1 0 0 0 0
50	1	0 0 1 0 0 0 1 0 0 0 0 1 0 0 1 1 0 0 0 0
50	2	0 0 1 0 1 0 0 0 0 0 0 1 0 0 0 1 1 0 0 0
50	2	1 0 0 0 0 0 1 0 0 0 0 1 0 0 1 1 0 0 0 0
50	4	1 1 0 1 0 0 1 0 0 0 1 0 0 0 1 1 0 0 0 0
50	1	1 0 0 0 0 1 1 0 0 0 1 0 0 0 1 1 0 0 0 1
50	1	1 0 1 0 0 0 0 0 0 0 1 0 0 0 1 0 0 0 0 0
50	1	1 0 0 0 0 0 1 1 0 0 1 0 0 0 1 0 1 0 0 0
50	2	1 0 0 0 0 1 1 0 0 0 1 0 0 0 1 0 0 0 0 1
50	2	1 0 0 0 0 0 1 0 1 0 1 0 0 0 1 0 1 0 1 0
100	4	1 0 0 0 0 0 1 0 0 0 1 0 0 0 1 0 0 0 0 0
100	10	1 0 1 0 0 1 1 0 0 0 1 0 0 1 1 0 0 0 0 0
100	2	1 0 0 0 0 0 0 0 0 0 1 0 0 0 1 0 0 0 0 0
100	2	1 0 0 1 0 0 1 0 0 0 1 0 0 0 1 1 0 0 0 0
100	2	1 1 0 1 0 0 1 0 0 0 1 0 0 0 1 1 0 0 0 0
100	2	1 0 1 0 0 0 0 0 0 0 1 0 0 0 1 0 0 0 0 0
100	2	1 0 1 0 0 0 1 0 0 0 1 0 0 0 1 0 0 0 1 0
100	2	1 0 0 0 0 1 1 0 0 0 1 1 0 0 1 0 0 0 0 0
100	1	0 1 0 1 0 0 1 0 0 0 1 0 0 0 0 1 1 0 0 0
100	2	1 0 1 0 0 1 1 0 0 0 1 0 0 0 1 0 0 0 0 0
100	1	1 0 0 1 0 0 1 0 0 1 1 0 0 0 1 1 0 0 0 0
100	1	1 0 1 0 0 1 1 0 0 0 1 1 0 1 1 0 0 0 0 0
100	2	1 0 0 0 0 0 1 0 1 0 0 0 0 0 1 1 0 0 0 0
100	4	1 0 1 0 0 1 1 0 1 0 1 0 0 1 1 0 0 0 0 0
100	2	1 0 1 0 0 0 1 0 0 0 1 0 0 0 0 0 1 0 0 0
100	1	1 0 0 0 0 0 1 0 0 0 1 0 0 0 1 1 0 0 0 0
100	1	0 1 0 1 0 0 1 0 1 0 1 0 0 0 0 1 1 0 0 0
100	1	1 0 0 0 0 0 1 0 0 1 1 0 0 0 0 1 1 0 0 0
100	1	1 0 1 0 0 1 1 0 0 0 1 0 0 1 1 1 0 0 0 0
100	1	1 0 1 0 0 0 1 0 0 0 1 0 0 0 1 1 0 0 1 0
100	1	1 1 0 0 0 0 1 0 0 0 1 0 0 1 1 0 0 0 0 0
100	1	0 0 1 0 0 0 1 1 0 1 1 0 0 0 1 0 0 0 0 0
100	1	1 0 0 1 0 0 0 0 0 0 0 1 0 0 0 1 1 0 0 0
100	1	1 0 0 0 0 1 1 1 0 0 1 0 0 0 1 0 0 0 0 0
100	2	1 0 1 0 0 1 1 1 0 0 1 1 0 1 1 0 0 0 0 0
150	2	1 0 0 0 0 0 1 0 0 0 1 0 0 0 1 0 0 0 0 0
150	11	1 0 1 0 0 1 1 0 0 0 1 0 0 1 1 0 0 0 0 0
150	1	1 0 0 0 1 0 0 0 0 0 1 0 0 0 1 0 0 0 0 0
150	1	1 0 1 0 0 1 1 0 0 0 1 0 0 0 1 0 0 0 0 0
150	1	1 0 0 1 0 0 0 0 0 0 0 1 0 0 0 1 0 0 0 0
150	1	1 0 1 0 0 1 1 0 0 0 1 1 0 1 1 0 0 0 0 0
150	1	1 0 0 0 0 0 1 0 0 0 1 0 0 0 1 1 0 0 0 0
150	1	1 0 1 0 0 1 1 0 0 0 1 0 0 1 1 0 0 0 0 1
150	2	1 0 1 0 0 1 1 0 0 0 1 0 0 1 1 1 0 0 0 0
150	1	1 0 1 0 0 0 1 1 0 0 1 0 0 0 1 0 0 0 0 0
150	1	1 0 1 0 0 0 1 0 0 0 1 1 0 1 1 0 0 0 0 0
150	3	1 0 1 0 0 0 1 0 0 0 1 0 0 0 1 0 0 0 0 0
150	3	1 0 0 0 1 0 0 0 0 0 1 0 0 1 1 0 0 0 0 0
150	3	1 0 0 0 1 0 1 0 0 0 1 0 0 1 1 0 0 0 0 0
150	1	1 1 1 0 0 1 1 0 0 0 1 0 0 1 1 0 0 0 0 0
150	1	1 0 1 0 0 1 1 0 0 0 0 0 1 1 1 0 0 0 0 0
150	1	1 0 1 0 1 1 1 0 0 0 1 0 0 1 1 0 0 0 0 0
150	2	1 0 1 0 0 1 1 0 0 0 1 0 0 1 0 1 0 0 0 0
150	1	1 0 1 0 0 0 1 0 0 0 1 0 0 1 1 0 0 0 0 0
150	1	1 0 1 1 0 1 1 0 0 0 1 0 0 1 1 0 0 0 0 0
150	2	1 0 1 0 0 1 1 0 0 1 1 0 0 0 1 1 0 0 0 0
150	1	1 1 1 0 0 1 1 0 0 0 1 0 0 1 1 1 0 0 0 0
150	3	1 0 1 0 0 0 1 0 0 0 1 0 0 1 1 1 0 0 0 1
150	1	0 0 0 1 0 0 0 0 0 0 1 0 0 1 1 0 0 0 0 0
150	1	1 0 0 1 0 0 0 0 0 0 0 1 0 0 0 1 0 0 0 1
150	1	1 1 1 0 0 1 1 1 0 0 1 0 0 1 1 0 0 0 0 0
150	1	1 0 1 0 0 0 1 0 0 0 1 0 0 1 1 1 0 1 0 0
150	1	1 1 0 0 0 0 0 0 0 0 0 1 0 0 0 1 0 0 0 0
200	2	1 0 1 0 0 1 1 0 0 0 1 0 0 1 1 0 0 0 0 0
200	1	1 0 1 0 0 1 1 0 0 0 1 0 0 0 1 0 0 0 0 0
200	3	1 0 1 0 0 1 1 0 0 0 1 0 0 1 1 1 0 0 0 0
200	1	1 0 1 0 0 0 1 0 0 0 1 0 0 0 1 0 0 0 0 0
200	1	1 1 0 1 0 0 0 0 0 0 0 1 0 0 0 1 0 0 0 0
200	1	1 0 1 0 0 1 1 0 0 1 1 0 0 0 1 1 0 0 0 0
200	2	1 1 1 0 0 0 1 0 0 0 1 0 0 0 1 0 0 0 0 0
200	1	1 0 0 1 0 0 1 1 0 0 1 0 0 1 1 1 0 0 0 0
200	2	1 1 1 0 0 1 1 0 0 0 1 1 0 1 1 0 0 0 0 0
200	4	1 1 1 0 1 0 1 0 0 0 1 0 0 1 1 0 0 0 0 0
200	1	1 0 1 0 0 1 1 0 0 0 1 0 0 0 0 1 0 0 0 0
200	1	1 1 0 1 0 0 0 0 0 0 1 0 0 1 1 0 0 0 0 0
200	2	1 1 1 0 1 1 1 0 0 0 1 0 0 1 1 0 0 0 0 0
200	2	1 0 1 0 0 1 1 1 0 1 1 0 0 1 1 0 0 0 0 0
200	1	1 1 1 0 0 1 1 0 0 1 1 0 0 0 1 1 0 0 0 0
200	1	1 1 1 0 0 1 0 1 0 1 1 0 0 1 1 0 0 0 0 0
200	1	1 1 1 0 0 1 1 1 0 1 1 0 0 1 1 0 0 0 0 1
200	2	1 0 1 0 0 0 1 0 0 0 1 0 1 1 1 0 0 0 0 0
200	1	1 0 1 1 1 0 1 0 0 0 1 0 0 0 1 1 0 0 0 0
200	1	1 1 1 0 0 0 1 1 0 0 1 0 0 0 1 0 0 0 0 0
200	2	1 0 1 0 0 1 1 0 1 0 1 0 0 1 0 1 0 0 0 0
200	3	1 1 1 0 1 0 1 0 0 0 1 0 0 0 1 0 0 0 0 0
200	1	1 1 1 0 1 0 1 0 0 0 1 0 0 1 0 0 0 0 0 0
200	1	1 1 1 0 0 1 1 0 0 1 1 0 0 1 1 0 0 0 0 0
200	1	1 0 0 0 0 1 1 0 0 0 1 0 0 1 1 0 0 0 0 0
200	1	1 0 1 0 0 1 1 0 1 0 1 0 0 0 1 1 0 0 0 0
200	1	1 0 1 0 0 0 0 0 0 0 1 0 1 1 1 1 0 0 0 0
200	1	1 1 1 0 0 0 1 1 0 1 1 0 0 0 1 0 0 0 0 0
200	1	1 1 1 0 0 0 0 0 0 1 1 0 0 0 1 1 0 0 0 0
200	1	1 0 1 0 0 0 1 0 0 0 0 1 0 1 1 1 1 0 0 0
200	1	1 0 1 0 0 1 1 1 0 0 1 0 1 0 1 0 0 0 0 0
200	1	1 0 1 0 1 1 1 0 0 0 1 0 0 0 0 1 0 0 0 0
200	1	1 0 0 1 0 0 0 0 0 0 0 0 0 1 1 0 0 0 0 0
200	1	1 1 0 1 0 0 0 0 0 0 1 1 0 1 1 0 0 0 0 0
200	1	1 0 1 0 0 1 1 1 0 1 1 0 0 1 1 0 0 0 0 1
200	1	1 1 0 1 0 0 1 0 0 0 1 0 0 1 1 0 0 0 0 0
250	2	1 0 1 0 0 1 1 0 0 0 1 0 0 1 1 1 0 0 0 0
250	1	1 1 1 0 0 0 1 0 0 0 1 0 0 0 1 0 0 0 0 0
250	1	1 0 0 1 0 0 1 1 0 0 1 0 0 1 1 1 0 0 0 0
250	4	1 1 1 0 1 0 1 0 0 0 1 0 0 1 1 0 0 0 0 0
250	4	1 1 1 0 1 1 1 0 0 0 1 0 0 1 1 0 0 0 0 0
250	4	1 0 1 0 0 1 1 1 0 0 1 0 1 0 1 1 0 0 0 0
250	1	1 0 1 0 0 1 1 0 1 0 1 0 0 0 1 1 0 0 0 0
250	1	1 1 1 0 0 0 0 0 0 1 1 0 0 0 1 1 0 0 0 0
250	1	1 0 0 1 0 0 1 1 0 0 1 0 0 0 1 0 0 0 0 0
250	2	1 1 1 1 1 0 1 0 0 0 1 0 0 0 0 0 0 0 0 0
250	1	1 1 1 1 1 0 1 0 0 0 1 0 0 1 0 0 0 0 0 0
250	1	1 1 1 0 0 0 1 0 1 0 1 0 0 0 1 1 0 0 0 0
250	1	1 1 1 1 0 1 1 0 0 0 1 0 0 1 1 0 0 0 0 0
250	2	1 0 0 0 1 0 1 0 0 0 1 0 0 1 0 0 0 0 0 0
250	1	1 0 0 0 1 1 1 0 0 0 1 0 0 1 1 0 0 0 0 0
250	1	1 0 1 0 0 1 1 0 1 0 1 0 1 1 0 1 0 0 0 0
250	2	0 0 1 0 0 0 1 0 1 0 1 0 0 1 0 1 0 0 0 0
250	1	1 0 1 0 0 0 1 0 0 0 1 0 0 0 1 1 0 0 0 0
250	1	1 1 1 0 1 1 1 0 0 1 1 0 0 1 1 0 0 0 0 0
250	1	1 1 1 0 1 1 0 0 0 0 1 0 0 1 1 0 0 0 0 0
250	2	1 1 1 1 0 0 1 1 0 0 1 0 0 1 1 1 0 0 0 0
250	1	1 1 1 0 1 1 1 0 0 0 1 0 0 1 1 0 1 0 0 0
250	2	1 1 1 1 0 0 1 1 1 0 1 0 0 1 1 0 0 0 0 0
250	1	1 1 1 0 0 0 1 0 1 0 0 0 0 0 1 0 0 0 0 0
250	2	1 1 1 0 0 0 0 0 0 0 0 1 1 0 0 1 0 0 0 0
250	1	1 0 1 0 0 1 0 0 0 0 1 1 1 1 1 1 0 0 0 0
250	1	1 0 1 0 0 1 1 1 0 0 1 0 0 0 0 0 0 0 0 0
250	1	1 0 0 0 0 1 1 0 1 0 1 0 1 0 0 1 0 0 0 0
250	1	1 1 1 0 0 1 1 0 0 1 1 0 0 0 1 1 0 0 0 0
250	2	1 0 0 0 1 1 1 0 0 0 1 0 0 0 1 0 0 0 1 1
250	1	0 0 1 0 0 1 1 0 0 0 1 1 0 1 1 0 0 0 0 0
250	1	1 1 1 1 0 0 1 0 0 0 1 0 0 0 1 0 0 0 0 0
250	1	1 0 1 1 0 0 1 0 0 0 1 0 0 1 0 0 1 0 0 0
300	2	1 1 1 0 1 0 1 0 0 0 1 0 0 1 1 0 0 0 0 0
300	1	1 1 1 1 1 0 1 0 0 0 1 0 0 0 0 0 0 0 0 0
300	2	1 0 1 0 0 1 1 1 0 0 1 0 0 1 0 0 0 0 0 0
300	1	1 0 1 1 0 1 1 0 0 0 1 0 0 0 1 0 0 0 0 0
300	1	1 1 1 1 0 1 1 0 0 0 1 0 0 1 1 0 0 0 0 0
300	1	1 0 1 0 0 1 1 0 0 0 1 0 0 0 1 0 0 0 0 0
300	4	1 0 1 0 0 1 0 0 0 0 1 1 1 1 1 0 0 0 0 0
300	1	1 1 1 0 0 1 1 1 0 0 1 0 0 0 1 1 0 0 0 0
300	1	1 0 1 0 0 1 1 1 1 0 1 0 0 1 1 1 0 0 0 0
300	1	1 1 1 1 1 0 0 0 0 1 1 0 0 1 1 0 0 0 0 0
300	2	1 1 1 1 1 1 1 0 0 0 1 0 0 1 1 0 0 0 0 0
300	1	1 1 1 1 0 0 1 1 0 0 1 0 0 0 1 0 0 0 0 0
300	1	1 1 1 1 1 0 1 0 1 0 1 0 0 0 0 0 0 0 0 0
300	4	1 0 1 1 0 1 1 1 0 0 1 0 0 1 0 0 0 0 0 0
300	1	1 1 1 0 1 0 1 0 0 0 1 0 1 1 1 0 0 0 0 0
300	1	1 1 1 0 0 1 1 0 0 0 1 0 0 1 1 0 0 0 0 0
300	1	1 1 1 1 0 1 1 1 0 0 1 0 1 1 0 0 0 0 0 0
300	3	1 1 1 0 1 0 1 1 0 0 1 0 0 1 1 0 0 0 0 0
300	1	1 0 1 0 0 1 1 1 1 0 1 0 0 0 1 1 0 0 0 0
300	1	1 0 1 1 0 1 0 0 0 1 1 1 0 1 1 0 0 0 0 0
300	1	1 1 1 0 1 0 1 1 0 0 1 0 0 1 0 0 0 0 0 0
300	1	1 1 1 0 0 1 1 1 0 0 1 0 0 0 1 1 0 1 0 0
300	1	1 1 1 0 1 0 0 0 0 0 1 1 0 0 1 0 0 0 0 0
300	1	1 1 1 0 1 0 0 0 0 0 1 0 0 0 0 0 0 0 0 0
300	1	1 1 1 0 0 0 0 0 1 1 1 0 0 0 1 0 0 0 0 0
300	2	1 1 1 1 0 0 1 1 0 0 1 1 0 1 0 0 0 0 0 0
300	1	1 0 1 1 0 1 1 1 0 0 1 0 0 1 1 0 0 0 0 0
300	1	1 0 1 0 0 0 0 0 0 1 0 1 1 1 1 0 0 0 0 0
300	1	0 0 1 0 0 1 1 1 1 0 1 0 0 1 1 1 0 0 0 0
300	1	1 1 1 0 1 0 1 1 0 0 1 0 0 1 1 1 0 0 0 0
300	1	1 0 1 1 0 1 1 1 0 0 1 0 0 1 0 0 1 0 0 0
300	1	1 1 1 1 0 0 1 0 0 0 1 1 0 0 1 0 0 0 0 0
300	1	1 0 1 0 0 1 0 1 0 0 1 1 1 1 1 0 0 0 0 0
300	1	1 1 1 1 0 0 1 1 0 1 1 1 0 1 1 0 0 0 0 0
300	1	1 0 1 0 0 0 0 0 1 1 1 0 0 0 1 1 0 0 0 0
300	1	1 1 1 0 1 1 1 1 0 0 1 0 0 1 0 0 0 0 0 0
300	1	1 0 1 0 1 0 0 0 0 0 1 1 0 0 1 0 0 0 0 0
300	1	1 1 0 0 0 0 0 0 1 1 1 0 0 0 1 0 0 0 0 0
350	2	1 0 1 1 0 1 1 0 0 0 1 0 0 0 1 0 0 0 0 0
350	2	1 1 1 1 1 0 0 0 0 1 1 0 0 1 1 0 0 0 0 0
350	1	1 1 1 1 0 0 1 1 0 0 1 0 0 0 1 0 0 0 0 0
350	1	1 1 1 1 1 0 1 0 1 0 1 0 0 0 0 0 0 0 0 0
350	1	1 1 1 0 1 0 1 1 0 0 1 0 0 1 1 0 0 0 0 0
350	1	1 0 1 1 0 1 1 1 0 0 1 0 0 1 1 0 0 0 0 0
350	1	1 1 1 0 1 0 1 1 0 0 1 0 0 1 1 1 0 0 0 0
350	4	1 1 1 1 1 0 0 0 0 1 1 0 0 1 1 0 0 1 0 0
350	2	1 0 1 1 0 1 1 0 0 0 1 0 0 0 1 1 0 0 0 0
350	1	1 0 1 0 0 1 1 1 0 0 1 0 0 1 0 1 0 0 0 0
350	1	1 1 1 0 0 0 0 0 1 1 1 0 1 0 1 1 0 0 0 0
350	1	1 0 1 1 0 1 1 1 0 0 1 1 1 1 0 0 0 0 0 0
350	3	1 1 1 1 0 0 1 0 1 0 1 0 0 0 0 0 0 0 0 0
350	2	1 0 1 0 1 0 1 1 0 0 1 0 0 1 1 0 0 0 0 0
350	1	1 1 1 1 1 0 0 0 0 1 1 0 0 1 1 1 0 0 0 0
350	2	1 1 1 1 1 0 1 0 1 0 1 0 0 0 0 0 0 0 0 1
350	1	0 1 1 1 1 0 1 1 1 0 1 0 0 0 0 0 0 0 0 1
350	1	1 0 1 1 0 1 1 1 0 0 1 0 0 0 1 1 0 0 0 0
350	1	1 0 1 1 1 1 1 0 0 0 1 0 0 1 1 0 0 0 0 0
350	1	1 1 1 1 1 0 1 0 1 1 1 0 0 0 0 0 0 0 0 0
350	2	1 1 1 0 0 0 0 0 1 1 1 0 0 0 1 1 0 0 0 0
350	1	1 1 1 1 1 0 0 0 0 0 1 0 0 0 1 0 0 0 0 0
350	1	1 0 1 1 0 1 1 0 0 0 1 0 0 0 1 1 0 1 0 0
350	1	1 1 1 1 1 0 1 0 1 0 1 0 0 1 1 1 0 0 0 0
350	1	1 1 1 1 0 0 1 1 0 0 1 1 0 0 1 1 0 0 0 0
350	1	1 0 1 1 1 1 1 0 0 0 1 0 0 1 1 0 0 0 1 0
350	1	1 1 1 1 1 0 0 0 0 0 1 0 0 1 1 0 0 0 0 0
350	1	1 0 1 1 1 0 0 0 0 0 1 0 0 1 1 0 0 0 0 0
350	1	1 0 1 1 0 1 1 1 0 0 1 0 0 0 0 0 0 0 0 0
350	2	0 1 1 0 1 0 1 0 1 0 1 0 0 1 1 0 0 0 1 0
350	1	1 1 1 1 1 0 0 0 0 1 1 0 0 1 0 0 0 0 0 0
350	1	1 1 1 0 0 0 1 1 1 0 1 0 0 1 0 0 1 0 0 0
350	1	1 0 1 0 0 1 1 0 0 0 1 0 0 1 1 1 0 0 0 0
350	1	1 1 1 1 1 0 0 0 0 1 1 0 1 1 1 1 0 0 0 0
350	1	1 1 1 0 0 0 0 0 1 1 1 0 1 0 1 1 0 0 1 0
350	1	1 1 1 1 0 0 1 0 0 0 1 0 0 0 1 0 0 0 0 0
350	1	0 1 1 1 1 0 0 0 0 1 1 0 0 1 1 0 1 0 0 0
350	1	1 1 1 1 1 0 0 0 0 0 1 0 0 1 1 1 0 0 0 0
400	2	1 0 1 1 0 1 1 0 0 0 1 0 0 0 1 0 0 0 0 0
400	1	1 1 1 1 1 0 0 0 0 1 1 0 0 1 1 0 0 0 0 0
400	1	1 1 1 1 0 0 1 1 0 0 1 0 0 0 1 1 0 0 0 0
400	1	1 1 1 1 0 0 1 0 1 0 1 0 0 0 0 0 0 0 0 0
400	3	1 0 1 1 1 0 1 0 1 0 1 0 0 0 0 0 0 0 0 0
400	2	1 0 1 0 0 0 1 1 1 0 1 1 0 1 1 1 0 0 0 0
400	3	1 0 1 1 1 0 1 0 1 0 1 0 0 1 1 1 0 0 0 0
400	1	1 1 1 1 1 0 0 0 0 1 1 0 1 1 1 1 0 0 0 0
400	3	1 1 1 1 1 0 1 0 1 1 1 0 0 1 1 0 0 0 0 0
400	1	1 0 1 1 0 1 0 0 1 1 1 0 0 0 1 1 0 0 0 0
400	2	1 0 1 0 1 0 1 0 1 0 1 0 0 0 0 0 0 0 0 0
400	1	1 1 1 1 1 0 1 0 0 1 1 0 0 1 1 0 0 0 0 0
400	1	1 0 1 1 1 0 1 0 1 0 1 0 0 1 1 0 0 0 0 0
400	2	1 0 1 0 0 0 0 1 0 0 1 0 0 1 1 0 0 0 0 0
400	1	1 1 1 1 0 1 1 0 0 0 1 0 0 0 1 0 0 0 0 0
400	3	1 0 1 1 0 0 0 1 1 0 1 1 0 1 1 1 0 0 0 0
400	1	1 0 1 1 0 0 1 0 1 1 1 0 0 0 0 0 0 1 0 0
400	1	1 1 1 1 0 0 1 1 0 0 1 0 0 0 1 1 0 1 0 0
400	1	1 1 1 1 1 0 1 1 1 0 1 1 0 1 1 1 0 0 0 0
400	1	1 0 1 1 1 0 1 0 0 0 1 1 0 1 1 1 0 0 0 0
400	2	1 1 1 1 1 0 0 0 0 1 1 0 0 1 1 0 0 0 0 1
400	1	1 0 1 1 0 1 0 0 1 1 1 0 0 0 1 0 0 0 0 0
400	2	1 1 0 1 1 0 1 0 0 1 1 0 0 1 1 0 0 0 0 0
400	1	1 1 1 1 0 0 1 1 0 0 1 0 0 1 1 0 0 0 0 0
400	1	1 0 1 1 1 0 1 0 0 0 1 0 0 0 1 0 0 0 0 0
400	1	0 0 1 1 1 0 1 0 1 0 1 0 0 0 0 0 0 0 0 0
400	1	1 1 1 1 0 0 1 0 1 0 1 1 0 1 1 0 0 0 0 0
400	1	1 0 1 1 1 0 1 0 1 0 1 0 1 1 1 0 0 0 0 0
400	1	1 0 1 1 1 0 1 1 0 0 1 0 0 0 1 0 0 0 0 0
400	1	1 0 1 1 1 0 1 1 1 1 1 0 0 0 0 1 0 0 0 0
400	1	1 0 1 1 1 0 0 1 1 0 1 1 0 1 1 1 0 0 0 0
400	1	1 1 1 1 1 0 1 0 1 1 1 0 0 1 1 0 0 0 0 1
400	1	1 0 1 0 0 0 0 0 0 0 1 0 0 1 1 1 0 0 0 0
400	1	1 1 1 1 1 0 1 1 0 0 1 0 0 0 1 0 0 0 0 0
400	1	1 1 1 1 1 0 0 0 1 1 1 0 0 1 1 0 0 1 0 0
400	1	1 0 1 0 0 0 1 1 1 0 1 1 0 1 1 0 0 0 0 0
450	1	1 0 1 1 0 1 1 0 0 0 1 0 0 0 1 0 0 0 0 0
450	4	1 0 1 1 1 0 1 0 1 0 1 0 0 0 0 0 0 0 0 0
450	7	1 0 1 1 1 0 1 0 1 0 1 0 0 1 1 1 0 0 0 0
450	1	1 0 1 0 1 0 1 0 1 0 1 0 0 0 0 0 0 0 0 0
450	2	1 0 1 1 0 0 0 1 1 0 1 0 0 1 1 1 0 0 0 0
450	3	1 0 1 1 1 0 1 0 1 0 1 0 1 1 1 0 0 0 0 0
450	4	1 0 1 1 0 0 1 0 1 0 1 0 0 0 0 0 0 1 0 0
450	1	1 0 1 1 1 0 1 1 0 0 1 0 0 0 1 0 0 0 0 0
450	1	1 0 1 1 0 0 1 0 1 0 1 1 0 0 0 0 0 1 0 0
450	1	0 1 1 1 1 0 1 0 1 0 1 0 0 0 0 1 0 0 0 0
450	1	1 0 1 1 1 1 0 0 1 0 1 0 0 0 0 0 1 0 0 0
450	2	1 0 1 1 1 0 1 0 1 0 1 0 0 0 0 0 0 1 0 0
450	1	1 1 1 1 0 0 1 0 0 0 1 0 0 0 1 0 0 1 0 0
450	1	1 0 1 1 1 0 1 0 1 0 1 0 0 0 0 1 0 0 0 0
450	1	1 0 1 1 1 1 1 0 0 1 1 0 1 1 1 0 0 1 0 0
450	2	1 1 1 1 0 0 1 1 0 0 1 1 0 0 0 0 0 1 0 0
450	1	1 1 1 1 1 0 1 0 1 0 1 0 0 0 0 1 0 0 0 1
450	2	1 0 1 0 1 0 1 0 1 1 1 0 0 1 1 1 0 0 0 1
450	1	1 0 1 0 0 1 1 0 0 0 1 0 0 0 1 0 0 0 0 0
450	2	1 1 1 1 0 0 1 0 1 0 1 0 1 1 0 0 0 0 0 0
450	3	1 0 1 1 1 1 1 0 1 0 1 0 0 1 1 1 0 0 0 0
450	2	1 0 1 1 1 0 0 1 1 0 1 0 0 1 1 1 0 0 0 0
450	1	1 1 1 1 1 1 1 0 0 0 1 0 0 1 1 0 0 0 0 0
450	1	1 0 1 1 0 0 0 1 1 0 1 0 1 1 1 0 0 1 0 0
450	1	1 1 1 1 0 0 1 1 0 0 1 1 0 1 1 0 1 0 1 0
450	1	1 0 1 1 0 1 1 0 0 0 1 0 0 1 1 1 0 1 0 0
450	1	1 0 1 1 1 1 1 0 0 0 1 0 0 0 0 0 0 1 0 0
450	1	1 0 1 1 1 0 1 0 1 0 1 1 0 1 1 1 0 0 0 0
500	17	1 0 1 1 1 0 1 0 1 0 1 0 0 1 1 1 0 0 0 0
500	1	1 0 1 1 1 0 1 0 1 0 1 0 1 1 1 0 0 0 0 0
500	2	1 0 1 1 1 0 0 0 0 0 1 0 0 1 1 1 0 0 0 0
500	2	1 0 1 1 1 0 1 1 1 0 1 1 0 1 1 1 0 0 0 0
500	2	1 0 1 1 0 0 1 0 1 0 1 0 0 1 1 1 0 0 0 0
500	1	1 0 1 0 0 1 1 0 0 0 1 0 0 0 1 1 0 0 0 0
500	3	1 0 1 1 0 0 1 0 1 0 1 0 0 0 1 0 0 0 0 1
500	1	1 0 1 1 1 0 0 0 1 0 1 0 0 1 1 1 0 0 0 0
500	1	1 0 1 1 0 0 0 0 0 0 1 0 0 1 1 1 0 0 0 0
500	1	1 0 1 1 1 0 1 0 1 0 1 0 1 1 0 0 0 0 0 0
500	1	1 0 1 0 1 0 1 0 1 0 1 0 0 1 1 1 0 0 0 0
500	1	1 0 1 1 1 0 1 0 1 0 1 0 0 1 1 0 1 0 0 0
500	1	1 0 1 0 1 0 1 0 1 1 1 0 0 0 1 0 0 0 0 0
500	2	1 0 1 1 0 0 0 0 0 0 1 0 0 0 1 0 0 0 0 0
500	2	1 0 1 1 1 0 1 0 1 0 1 0 0 1 1 1 0 0 0 1
500	2	1 0 1 1 1 0 0 0 0 0 1 1 1 0 1 0 0 0 0 0
500	1	1 0 1 1 1 0 1 0 1 0 1 0 0 0 1 0 0 0 0 0
500	1	1 0 1 1 1 0 1 0 1 0 1 0 0 0 1 1 0 0 0 0
500	1	0 0 1 1 1 0 1 0 1 0 1 0 1 1 1 1 0 0 0 0
500	1	0 0 1 1 1 0 0 1 1 0 1 0 0 1 1 1 0 0 0 0
500	1	1 1 1 1 1 1 1 0 1 0 1 0 0 1 1 1 0 0 0 0
500	1	1 0 1 1 1 0 0 0 1 0 1 0 0 0 1 0 0 0 0 0
500	1	1 0 1 1 1 0 1 0 1 1 1 0 0 1 1 1 0 0 0 1
500	1	1 1 1 1 1 0 0 0 0 0 1 1 0 0 1 0 0 0 0 0
500	1	1 0 1 1 0 0 0 0 0 0 1 0 0 0 1 1 0 0 0 0
500	1	1 0 0 1 1 0 0 0 0 0 1 0 0 1 1 1 0 0 0 0
