0	11	0 1 0 1 0 1 0 1 0 0 0 1 0 0 0 0 0 1 0 0
0	12	0 0 0 0 0 0 1 1 0 1 0 0 0 0 0 0 0 0 0 0
0	14	1 0 0 0 0 1 1 1 0 0 0 0 0 0 0 0 0 0 0 0
0	13	0 0 1 0 1 0 1 1 0 0 1 1 0 0 0 0 0 0 0 0
20	5	0 1 0 1 0 1 0 1 0 0 0 1 0 0 0 0 0 1 0 0
20	10	1 0 0 0 0 1 1 1 0 0 0 0 0 0 0 0 0 0 0 0
20	9	0 0 1 0 1 0 1 1 0 0 1 1 0 0 0 0 0 0 0 0
20	2	0 1 0 1 0 1 0 1 0 1 0 1 0 0 0 0 0 1 0 0
20	2	1 1 0 1 0 1 0 1 0 0 0 1 0 0 0 0 0 1 0 0
20	3	1 1 0 0 0 1 1 1 0 0 0 0 0 0 0 0 0 0 0 0
20	1	0 0 1 0 1 0 1 1 0 0 1 1 0 0 0 0 0 1 0 0
20	1	0 1 0 1 0 1 0 1 0 0 1 1 0 0 0 0 0 1 0 0
20	1	1 0 0 0 0 1 1 1 0 0 0 0 1 0 0 0 0 0 0 0
20	1	0 0 0 0 0 0 1 1 0 0 0 0 0 0 0 0 0 0 0 0
20	1	0 1 0 1 0 1 0 1 0 1 0 0 0 0 0 0 0 0 0 0
20	1	1 0 0 0 0 1 0 1 0 0 0 0 0 0 0 0 0 0 0 0
20	1	0 0 0 0 0 1 1 1 0 0 0 0 0 0 0 0 0 0 0 0
20	1	0 0 0 1 0 1 0 1 0 0 0 1 0 0 0 0 0 1 0 0
20	1	0 0 1 0 0 1 0 1 0 0 0 1 0 0 0 0 0 1 0 0
20	2	1 0 0 0 0 1 1 1 0 0 0 0 0 0 0 1 0 1 0 0
20	1	0 1 0 1 0 1 1 1 0 0 0 0 0 0 0 0 0 0 0 0
20	1	0 1 0 1 1 0 1 1 0 0 1 1 0 0 0 0 0 1 0 0
20	1	0 0 1 0 1 0 1 1 0 1 1 1 0 0 0 0 0 0 0 0
20	3	0 1 1 0 1 0 1 1 0 0 1 1 0 0 0 1 0 0 0 0
20	1	1 1 0 0 0 0 1 1 0 0 0 0 0 0 0 0 0 0 0 0
20	1	0 0 1 0 0 0 1 1 0 0 1 1 0 0 0 0 0 0 0 0
40	9	0 1 0 1 0 1 0 1 0 0 0 1 0 0 0 0 0 1 0 0
40	12	1 0 0 0 0 1 1 1 0 0 0 0 0 0 0 0 0 0 0 0
40	3	0 0 1 0 1 0 1 1 0 0 1 1 0 0 0 0 0 0 0 0
40	4	1 1 0 1 0 1 0 1 0 0 0 1 0 0 0 0 0 1 0 0
40	1	0 1 0 1 1 1 0 1 0 0 0 1 0 0 0 0 0 1 0 0
40	1	0 0 0 1 0 1 0 1 0 0 0 1 0 0 0 0 0 1 0 0
40	3	0 1 0 1 0 1 0 1 0 0 0 1 0 0 0 0 0 0 0 0
40	1	0 1 0 1 0 1 1 1 0 0 0 0 0 0 0 0 0 0 0 0
40	1	0 0 1 0 1 0 1 1 0 0 1 1 0 0 0 1 0 1 0 0
40	1	0 0 1 0 1 0 1 1 0 0 1 1 0 1 0 0 0 0 0 0
40	1	1 0 0 0 0 1 1 1 0 0 1 1 0 0 0 0 0 0 0 0
40	3	0 1 0 1 0 1 0 1 0 0 0 1 0 0 0 0 0 1 1 0
40	1	0 0 0 0 0 0 1 1 0 0 0 1 0 0 0 0 0 1 0 0
40	1	0 1 0 1 0 0 0 1 0 0 0 1 0 0 0 0 0 1 0 0
40	2	1 1 0 0 1 0 1 1 0 0 1 1 0 0 1 0 0 0 0 0
40	1	0 1 0 1 0 1 0 1 1 0 0 1 0 0 0 0 0 1 0 0
40	1	0 0 0 0 0 0 1 1 0 0 1 1 0 0 0 0 0 1 0 0
40	1	0 1 0 1 0 1 0 1 0 0 0 0 0 0 0 0 0 0 0 1
40	1	1 1 0 1 0 1 0 1 1 0 0 1 0 0 0 0 0 1 0 0
40	1	1 1 0 1 1 0 1 1 0 0 1 1 0 0 0 0 0 0 0 0
40	1	0 1 0 1 0 1 1 1 0 0 1 1 0 0 0 0 0 0 0 0
60	3	0 1 0 1 0 1 0 1 0 0 0 1 0 0 0 0 0 1 0 0
60	2	1 0 0 0 0 1 1 1 0 0 0 0 0 0 0 0 0 0 0 0
60	2	0 0 1 0 1 0 1 1 0 0 1 1 0 0 0 0 0 0 0 0
60	1	0 1 0 1 0 1 0 1 0 1 0 1 0 0 0 0 0 1 0 0
60	2	1 1 0 1 0 1 0 1 0 0 0 1 0 0 0 0 0 1 0 0
60	1	0 0 1 0 0 1 0 1 0 0 0 1 0 0 0 0 0 1 0 0
60	1	0 1 0 1 1 0 1 1 0 0 1 1 0 0 0 0 0 0 0 0
60	3	0 1 0 1 0 1 0 1 0 0 0 1 0 0 0 0 0 0 0 0
60	1	0 1 1 0 1 0 1 1 0 0 1 1 0 0 0 1 0 0 0 0
60	4	0 0 1 0 0 0 1 1 0 0 1 1 0 0 0 0 0 1 0 0
60	1	1 1 0 1 0 1 0 1 0 0 0 1 0 0 0 1 0 1 0 0
60	1	0 0 1 0 1 0 1 1 0 0 1 1 0 0 0 1 0 1 0 0
60	1	0 1 1 0 0 1 1 1 0 0 0 0 0 0 0 0 0 0 0 0
60	1	0 0 1 0 1 0 1 1 0 0 1 1 0 1 0 0 0 0 0 0
60	1	0 1 0 1 0 1 0 1 0 0 0 1 0 0 0 0 0 1 1 0
60	2	0 1 1 1 0 1 1 1 0 0 0 0 0 0 0 0 0 0 0 0
60	2	0 1 0 1 1 1 0 1 0 0 0 1 0 0 0 0 0 1 1 0
60	1	1 0 0 0 0 1 0 1 0 0 0 1 0 0 0 0 0 1 0 0
60	1	1 0 0 0 0 1 1 1 0 0 0 0 0 0 0 0 0 0 0 1
60	1	1 0 0 0 0 1 1 1 0 0 0 1 0 0 0 0 0 1 0 0
60	3	1 1 0 1 0 1 0 1 0 0 0 1 0 0 0 0 0 0 0 0
60	2	0 1 0 1 0 1 1 1 0 0 1 1 0 1 0 0 0 0 0 0
60	1	0 1 0 0 0 1 1 1 0 0 0 1 0 0 0 0 0 1 0 1
60	1	0 0 0 0 1 0 1 1 0 0 1 1 0 0 0 0 0 0 0 0
60	1	1 0 0 0 0 0 0 1 0 0 0 0 0 0 0 0 1 0 0 0
60	1	0 1 1 1 0 1 0 1 0 0 0 0 0 0 0 0 0 1 0 0
60	1	0 0 1 0 1 0 1 1 0 0 0 1 0 0 0 0 0 0 0 0
60	1	0 1 0 1 0 1 0 1 0 0 1 1 0 0 0 0 0 0 0 0
60	1	0 1 1 0 1 0 1 1 0 0 1 1 0 0 0 0 0 1 0 0
60	2	0 0 1 1 1 0 1 1 0 0 1 1 0 0 0 0 0 1 0 0
60	1	0 1 0 1 1 1 0 1 0 0 1 1 0 0 0 0 0 1 0 0
60	1	1 1 0 1 0 1 0 1 0 0 0 0 0 0 1 0 0 0 0 0
60	1	0 1 1 1 0 1 0 0 0 0 0 1 0 0 0 0 0 1 0 0
60	1	0 0 1 0 1 0 1 0 0 0 1 1 0 0 0 0 0 0 0 0
80	3	0 1 0 1 0 1 0 1 0 0 0 1 0 0 0 0 0 1 0 0
80	2	1 0 0 0 0 1 1 1 0 0 0 0 0 0 0 0 0 0 0 0
80	1	0 0 1 0 1 0 1 1 0 0 1 1 0 0 0 0 0 0 0 0
80	2	1 1 0 1 0 1 0 1 0 0 0 1 0 0 0 0 0 1 0 0
80	2	0 1 0 1 0 1 0 1 0 0 0 1 0 0 0 0 0 0 0 0
80	1	0 1 1 0 1 0 1 1 0 0 1 1 0 0 0 1 0 0 0 0
80	2	1 1 0 1 0 1 0 1 0 0 0 1 0 0 0 1 0 1 0 0
80	1	0 1 0 1 0 1 0 1 0 0 0 1 0 0 0 0 0 1 1 0
80	4	0 1 1 1 0 1 1 1 0 0 0 0 0 0 0 0 0 0 0 0
80	1	0 1 0 1 0 1 1 1 0 0 0 0 0 1 0 0 0 0 0 0
80	1	1 1 0 1 0 1 0 1 0 0 0 1 0 0 0 0 0 0 0 0
80	1	0 1 1 0 1 0 1 1 0 0 1 1 0 0 0 0 0 0 0 0
80	1	0 1 0 1 0 1 1 1 0 0 1 1 0 1 0 0 0 0 0 0
80	1	0 1 0 1 0 1 0 1 0 1 0 1 0 0 0 0 0 0 0 0
80	6	0 1 0 0 0 1 0 1 0 0 0 1 0 0 0 0 0 0 0 0
80	1	0 1 0 1 0 0 0 1 0 0 0 1 0 0 0 0 0 0 0 0
80	1	0 0 0 0 1 0 1 1 0 0 1 1 0 0 0 0 0 0 0 0
80	1	0 1 0 1 0 1 1 1 0 0 0 1 0 0 0 0 0 0 0 0
80	1	0 0 1 0 0 1 1 1 0 0 0 0 0 0 1 0 0 0 0 1
80	1	0 1 1 0 1 0 1 1 0 0 1 1 0 0 0 0 0 1 0 0
80	1	0 1 1 1 0 1 1 1 0 1 0 0 0 0 0 0 0 0 0 0
80	1	1 0 0 0 0 1 0 1 0 0 1 1 0 0 0 0 0 1 0 0
80	1	0 1 0 0 0 1 0 1 0 0 0 1 1 0 0 0 0 1 0 0
80	1	1 1 0 1 0 0 1 1 0 0 1 1 0 0 0 0 0 0 0 0
80	1	1 0 0 0 0 1 1 1 0 0 1 1 0 0 0 0 0 1 0 0
80	1	0 1 0 0 0 1 0 1 0 0 0 1 0 0 1 0 0 0 0 0
80	1	0 1 0 0 0 1 0 1 0 0 0 1 0 1 0 0 0 1 0 0
80	1	1 1 0 1 0 1 0 1 0 0 0 1 1 0 0 0 0 1 0 0
80	2	0 0 1 0 1 0 1 1 0 0 0 1 0 0 0 0 0 0 0 0
80	1	0 1 0 1 0 1 0 1 0 0 0 1 0 0 0 1 0 0 0 0
80	1	0 1 0 1 1 1 0 1 0 0 0 1 0 0 0 0 0 0 1 0
80	1	0 1 1 0 0 0 1 1 0 0 0 1 0 0 0 0 0 0 0 0
80	1	1 0 0 0 0 1 0 0 0 0 0 1 0 0 0 0 0 1 0 0
80	1	1 0 0 0 0 1 0 1 0 0 1 1 1 0 0 0 0 1 0 0
80	1	0 0 1 0 1 0 1 0 0 1 1 1 0 0 1 0 0 0 0 0
100	1	0 1 0 1 0 1 0 1 0 0 0 1 0 0 0 0 0 1 0 0
100	2	1 0 0 0 0 1 1 1 0 0 0 0 0 0 0 0 0 0 0 0
100	3	1 1 0 1 0 1 0 1 0 0 0 1 0 0 0 0 0 1 0 0
100	1	0 1 0 1 0 1 0 1 0 0 0 1 0 0 0 0 0 0 0 0
100	2	0 1 1 0 1 0 1 1 0 0 1 1 0 0 0 1 0 0 0 0
100	2	0 1 1 1 0 1 1 1 0 0 0 0 0 0 0 0 0 0 0 0
100	2	1 1 0 1 0 1 0 1 0 0 0 1 0 0 0 0 0 0 0 0
100	1	0 1 1 0 1 0 1 1 0 0 1 1 0 0 0 0 0 0 0 0
100	2	0 1 0 1 0 1 1 1 0 0 1 1 0 1 0 0 0 0 0 0
100	6	0 1 0 0 0 1 0 1 0 0 0 1 0 0 0 0 0 0 0 0
100	1	0 1 1 1 0 1 1 1 0 1 0 0 0 0 0 0 0 0 0 0
100	1	0 1 0 0 0 1 0 1 0 0 0 0 0 0 0 0 0 0 0 0
100	1	0 0 1 0 1 0 1 1 0 1 1 1 0 0 1 0 0 0 0 0
100	1	0 1 0 1 0 1 1 1 0 0 0 1 0 0 0 0 0 1 0 0
100	2	0 1 1 1 0 1 0 1 0 0 0 1 0 0 0 0 0 0 0 0
100	1	0 1 1 0 0 0 1 1 0 0 0 1 0 0 0 0 0 1 0 0
100	4	0 1 1 1 0 0 1 1 0 0 1 1 0 0 0 0 0 0 0 0
100	1	0 1 0 1 0 1 1 1 0 0 1 1 0 0 0 0 0 0 0 0
100	1	1 1 0 1 0 1 0 1 0 0 0 1 0 0 0 0 0 1 1 0
100	2	0 1 0 0 0 0 0 1 0 0 0 1 0 0 0 0 0 0 0 0
100	1	0 1 1 1 0 1 0 1 0 0 1 1 0 0 0 0 0 1 0 0
100	1	0 1 1 0 0 0 1 1 0 0 0 1 0 0 1 0 0 1 0 0
100	1	0 1 0 1 0 0 0 1 0 0 0 1 0 0 0 0 0 0 1 0
100	1	0 1 0 1 0 1 1 1 0 0 1 1 0 0 1 0 0 0 0 0
100	2	0 1 1 1 0 1 1 1 0 0 1 0 0 0 0 0 0 0 0 0
100	2	1 1 1 1 0 1 0 1 0 0 0 1 0 0 0 0 0 0 0 0
100	1	0 1 0 0 0 1 0 0 0 0 0 1 0 0 0 0 0 0 0 0
100	1	0 1 0 1 0 0 0 1 0 0 0 1 0 1 0 0 0 0 0 0
100	1	0 1 1 1 1 1 0 1 0 1 0 1 0 0 0 0 0 0 0 0
100	1	0 1 1 0 1 0 1 1 0 0 0 1 0 0 1 0 0 0 0 0
100	1	1 1 0 1 0 1 0 1 0 0 0 1 0 0 0 0 0 0 0 1
120	1	0 1 0 1 0 1 0 1 0 0 0 1 0 0 0 0 0 1 0 0
120	2	0 0 1 0 1 0 1 1 0 0 1 1 0 0 0 0 0 0 0 0
120	1	1 1 0 1 0 1 0 1 0 0 0 1 0 0 0 0 0 1 0 0
120	3	0 1 1 1 0 1 1 1 0 0 0 0 0 0 0 0 0 0 0 0
120	2	1 1 0 1 0 1 0 1 0 0 0 1 0 0 0 0 0 0 0 0
120	1	0 1 1 0 1 0 1 1 0 0 1 1 0 0 0 0 0 0 0 0
120	1	0 1 0 1 0 1 1 1 0 0 1 1 0 1 0 0 0 0 0 0
120	3	0 1 0 0 0 1 0 1 0 0 0 1 0 0 0 0 0 0 0 0
120	1	0 1 1 1 0 1 1 1 0 1 0 0 0 0 0 0 0 0 0 0
120	2	0 1 0 0 0 1 0 1 0 0 0 0 0 0 0 0 0 0 0 0
120	2	1 1 0 1 0 0 1 1 0 0 1 1 0 0 0 0 0 0 0 0
120	1	0 1 1 1 0 1 0 1 0 0 0 1 0 0 0 0 0 0 0 0
120	1	0 1 0 1 0 1 1 1 0 0 1 1 0 0 0 0 0 0 0 0
120	1	0 0 1 0 1 0 1 1 0 0 1 1 0 0 0 0 1 0 0 0
120	1	0 1 0 1 0 0 0 1 0 0 0 1 0 0 0 0 0 1 0 0
120	1	1 1 1 1 0 1 0 1 0 0 0 1 0 0 0 0 0 0 0 0
120	4	1 1 0 1 0 1 1 1 0 0 1 1 0 1 0 0 0 0 1 0
120	1	0 1 0 1 0 1 1 1 0 0 0 1 0 0 0 0 0 0 0 0
120	1	0 1 1 0 1 0 1 1 0 1 1 1 0 0 1 0 0 0 0 0
120	1	0 1 1 1 0 1 0 1 0 0 0 1 0 1 0 0 0 1 0 0
120	2	1 1 0 1 0 0 1 1 0 0 1 1 0 0 0 0 0 0 1 0
120	2	0 0 0 0 0 1 0 1 0 0 0 1 0 0 0 0 0 0 0 0
120	1	1 0 1 0 1 0 1 1 0 1 1 1 0 0 1 0 0 0 0 0
120	1	0 1 0 1 0 1 0 1 0 0 0 0 0 0 0 0 0 0 0 0
120	1	1 1 0 0 0 1 0 1 0 0 0 1 0 0 0 0 0 1 0 0
120	1	0 1 1 1 0 1 1 1 0 1 0 0 1 0 0 0 0 0 0 0
120	1	1 1 0 1 0 0 0 1 0 0 0 1 0 1 0 0 0 0 0 0
120	1	0 0 1 0 1 0 1 1 0 0 0 1 0 0 1 0 0 0 0 0
120	1	0 1 0 1 0 0 1 1 0 0 1 0 0 0 0 0 0 0 0 0
120	1	0 1 1 0 1 0 1 1 0 1 1 1 0 0 1 0 1 0 0 0
120	1	1 1 0 1 0 1 0 1 0 0 0 1 0 0 0 0 0 0 1 0
120	1	0 1 1 1 0 1 1 1 0 0 1 1 0 1 0 0 0 0 1 0
120	1	0 0 1 0 1 0 1 1 0 1 1 1 0 0 0 0 1 0 0 0
120	1	0 1 1 1 0 1 1 1 1 1 0 0 0 0 0 0 0 0 0 0
120	1	0 1 0 1 0 1 0 1 1 0 0 1 0 0 1 0 0 0 0 0
120	1	1 1 0 1 0 1 1 1 0 0 1 1 0 1 0 0 0 0 0 0
120	1	1 1 0 1 0 1 0 1 1 0 0 1 0 0 1 0 0 0 0 0
140	1	0 0 1 0 1 0 1 1 0 0 1 1 0 0 0 0 0 0 0 0
140	4	1 1 0 1 0 1 0 1 0 0 0 1 0 0 0 0 0 0 0 0
140	1	0 1 1 0 1 0 1 1 0 0 1 1 0 0 0 0 0 0 0 0
140	3	0 1 1 1 0 1 1 1 0 1 0 0 0 0 0 0 0 0 0 0
140	1	0 1 0 0 0 1 0 1 0 0 0 0 0 0 0 0 0 0 0 0
140	1	0 1 1 0 0 1 0 1 0 0 0 1 0 0 0 0 0 0 0 0
140	1	1 1 0 1 0 1 0 1 0 0 0 1 0 0 0 0 0 1 1 0
140	2	0 1 0 0 0 0 0 1 0 0 0 1 0 0 0 0 0 0 0 0
140	1	0 1 0 1 0 1 1 1 0 0 1 1 0 1 0 0 0 0 1 0
140	5	1 1 0 1 1 1 0 1 0 0 0 1 0 0 0 0 0 0 0 0
140	2	0 1 1 1 0 1 0 1 0 0 0 1 0 1 0 0 0 1 0 0
140	2	1 1 0 1 0 0 1 1 0 0 1 1 0 1 0 0 0 0 1 0
140	1	1 0 1 0 1 0 1 1 0 1 1 1 0 0 1 0 0 0 0 0
140	1	0 1 0 1 0 1 0 1 0 0 0 0 0 0 0 0 0 0 0 0
140	2	1 1 0 1 0 1 1 1 0 1 1 1 0 0 1 0 0 0 0 0
140	1	0 1 0 1 0 1 1 1 0 0 1 1 0 0 1 0 0 0 1 0
140	1	1 1 0 1 0 0 1 1 0 0 1 1 0 0 0 0 0 1 0 0
140	1	0 1 1 1 0 0 1 1 0 1 1 1 0 0 0 0 0 0 0 0
140	1	0 1 1 1 0 0 1 1 0 0 0 1 0 0 1 0 0 1 0 0
140	7	0 1 1 0 0 1 0 1 0 0 0 0 0 0 0 0 0 0 0 0
140	2	0 1 1 1 0 1 0 1 0 0 1 1 0 1 0 0 0 0 0 0
140	1	0 1 0 1 0 1 1 1 0 0 0 1 0 1 0 0 0 0 1 0
140	1	0 1 1 1 0 1 1 1 0 0 0 1 0 0 0 0 0 0 0 0
140	1	0 1 1 1 0 1 0 1 1 1 0 1 0 0 0 0 0 0 0 0
140	1	1 0 0 1 0 1 0 1 0 1 0 1 0 0 0 0 0 0 0 0
140	1	0 1 0 1 0 0 1 1 0 0 1 1 0 0 0 0 0 0 0 0
140	1	0 1 0 1 0 0 1 1 0 0 1 1 0 0 0 1 0 0 0 0
140	1	1 0 0 0 0 1 1 1 1 0 0 0 0 0 0 0 0 0 0 0
140	1	1 0 0 1 0 1 1 1 0 1 1 1 0 0 1 0 0 0 0 0
140	1	1 1 0 1 0 0 0 1 0 0 0 1 0 0 0 0 0 0 1 0
160	2	0 1 1 1 0 1 1 1 0 1 0 0 0 0 0 0 0 0 0 0
160	1	1 1 0 1 0 0 1 1 0 0 1 1 0 0 0 0 0 0 0 0
160	1	0 1 0 0 0 0 0 1 0 0 0 1 0 0 0 0 0 0 0 0
160	2	0 1 1 1 0 1 0 1 0 1 0 1 0 0 0 0 0 0 0 0
160	12	1 1 0 1 1 1 0 1 0 0 0 1 0 0 0 0 0 0 0 0
160	1	0 1 1 1 0 1 0 1 0 0 0 1 0 1 0 0 0 1 0 0
160	1	0 1 1 1 0 1 0 1 0 1 0 0 0 0 0 0 0 0 0 0
160	1	1 1 0 1 0 1 1 1 0 1 1 1 0 0 1 0 0 0 0 0
160	1	1 1 0 1 0 0 1 1 0 0 1 1 0 0 0 0 0 1 0 0
160	1	1 1 0 1 1 0 0 1 1 0 0 1 0 0 0 0 0 0 0 0
160	1	0 1 0 0 0 1 0 1 0 0 1 1 0 0 0 0 0 0 1 0
160	3	1 1 1 1 0 1 0 1 0 0 0 1 0 0 0 0 0 0 0 0
160	1	0 1 0 1 1 0 0 1 0 0 0 1 0 0 0 0 0 0 1 0
160	1	0 1 0 1 0 1 1 1 0 0 0 0 0 0 0 0 0 0 0 0
160	1	1 1 0 1 1 1 1 1 0 0 0 1 0 0 0 0 0 0 1 0
160	1	1 1 0 1 1 0 0 1 0 1 1 1 0 0 1 0 0 0 0 0
160	3	1 1 1 1 0 1 1 1 0 0 0 1 0 0 0 0 0 0 0 0
160	1	0 1 1 1 0 1 1 1 0 0 1 1 0 0 0 0 0 1 0 0
160	1	0 1 0 0 0 1 1 1 0 0 0 1 0 0 0 0 0 0 0 0
160	1	1 1 1 0 0 1 0 1 0 0 0 0 0 0 0 0 0 0 0 0
160	1	0 1 1 0 1 0 1 1 0 0 1 1 0 0 0 0 0 0 1 1
160	1	1 1 1 1 1 1 0 1 0 0 0 1 0 0 0 0 0 0 0 0
160	2	1 1 0 1 1 1 0 1 0 0 0 1 0 0 1 0 0 0 0 0
160	1	0 0 0 1 0 0 1 1 0 0 1 1 0 0 0 0 0 0 0 0
160	1	1 1 0 1 1 1 0 1 0 0 0 1 0 0 0 0 0 0 0 1
160	1	0 1 1 1 0 0 1 1 0 0 0 0 0 0 0 0 0 1 1 0
160	1	0 1 1 0 0 1 1 1 0 0 0 1 0 0 0 0 0 0 0 0
160	1	1 0 1 0 1 0 1 1 0 0 0 0 1 0 0 0 0 0 1 0
160	1	1 1 1 1 0 1 0 1 0 0 0 1 0 1 0 0 1 0 1 0
160	1	1 0 0 1 0 0 1 1 0 0 1 1 0 0 0 0 0 0 0 0
160	1	0 1 1 1 0 1 0 1 0 0 0 1 0 1 0 0 0 0 0 1
160	1	0 1 0 0 0 1 0 1 0 0 1 1 0 1 0 0 0 0 0 0
180	3	0 1 1 1 0 1 1 1 0 1 0 0 0 0 0 0 0 0 0 0
180	2	0 1 1 1 0 1 0 1 0 0 0 1 0 0 0 0 0 0 0 0
180	4	0 1 1 1 0 1 0 1 0 1 0 1 0 0 0 0 0 0 0 0
180	2	1 1 0 1 1 1 0 1 0 0 0 1 0 0 0 0 0 0 0 0
180	1	1 1 0 1 0 0 1 1 0 0 1 1 0 0 0 0 0 0 1 0
180	2	0 1 1 1 0 0 1 1 0 0 0 1 0 0 0 0 0 0 0 0
180	1	1 1 0 1 1 0 0 1 0 1 1 1 0 0 1 0 0 0 0 0
180	3	1 1 1 1 0 1 1 1 0 0 0 1 0 0 0 0 0 0 0 0
180	1	0 1 1 0 1 0 1 1 0 0 1 1 0 0 0 0 0 0 1 0
180	1	0 1 1 1 0 1 0 1 0 0 1 1 0 1 0 1 0 0 0 0
180	1	1 1 1 1 0 1 0 0 0 0 0 1 0 0 0 0 0 0 0 0
180	2	0 1 1 1 1 0 0 1 0 0 0 1 0 0 0 0 0 0 1 0
180	1	1 1 1 1 0 1 1 1 0 0 0 1 0 0 0 0 0 1 0 0
180	1	1 1 0 1 1 1 0 1 0 0 0 1 1 0 0 0 0 0 0 0
180	2	1 1 1 1 0 1 1 1 0 0 1 1 0 1 1 0 0 0 0 0
180	1	1 1 1 1 0 1 1 1 0 0 0 1 0 0 0 0 0 0 1 0
180	2	1 1 0 1 0 1 1 1 0 0 0 0 0 0 0 0 0 0 0 0
180	1	1 1 0 1 0 0 0 1 0 0 0 1 0 0 0 0 0 0 0 0
180	1	1 1 0 0 0 0 1 1 0 0 0 1 0 0 0 0 0 0 0 0
180	2	1 1 0 1 1 1 0 1 0 0 0 1 0 1 0 1 0 0 0 0
180	2	0 1 1 0 0 0 0 1 0 0 0 1 0 0 0 0 0 0 0 0
180	1	1 1 1 1 0 1 1 1 0 0 0 0 0 0 0 0 0 0 0 0
180	1	0 1 0 0 1 1 1 1 0 1 0 1 0 0 0 0 0 0 0 0
180	1	1 1 0 1 1 0 0 1 0 0 0 1 0 1 0 1 0 0 0 0
180	1	1 1 0 1 1 1 1 1 0 0 0 1 0 1 0 0 0 1 0 0
180	1	0 1 1 1 0 1 1 1 0 0 1 1 0 0 0 0 0 0 0 0
180	1	1 1 0 1 0 0 1 1 0 0 1 0 0 1 0 0 0 0 1 0
180	1	1 1 0 1 0 1 1 1 1 1 1 1 0 1 1 1 0 0 0 0
180	1	0 1 1 1 0 1 1 1 0 0 0 1 1 0 1 0 0 0 1 0
180	1	1 1 1 1 0 1 0 0 0 0 0 1 0 0 0 0 0 0 0 1
180	1	1 1 0 1 1 1 0 1 1 0 0 1 0 0 0 0 0 0 1 0
180	1	0 1 0 1 0 1 1 0 0 0 0 1 0 0 0 0 0 0 0 0
180	1	1 1 0 1 1 1 0 1 0 0 0 1 0 0 1 0 0 0 0 1
180	1	0 0 0 0 1 1 1 1 0 1 0 1 0 0 0 0 0 0 0 0
180	1	1 1 1 1 1 1 0 1 1 0 0 1 0 0 0 0 0 0 0 1
200	1	1 1 0 1 0 0 1 1 0 0 1 1 0 0 0 0 0 0 1 0
200	3	1 1 0 1 0 0 1 1 0 0 1 1 0 1 0 0 0 0 1 0
200	1	0 1 0 1 0 1 1 1 0 0 0 0 0 0 0 0 0 0 0 0
200	2	1 1 0 1 1 1 1 1 0 0 0 1 0 0 0 0 0 0 1 0
200	1	1 1 1 1 0 1 1 1 0 0 0 1 0 0 0 0 0 0 0 0
200	1	1 1 0 1 1 1 0 1 1 0 0 1 0 0 0 0 0 0 0 0
200	4	0 1 1 1 0 1 0 1 0 0 1 1 0 1 0 1 0 0 0 0
200	2	1 1 0 1 1 1 0 1 0 0 0 1 1 0 0 0 0 0 0 0
200	2	0 1 0 1 1 1 0 1 0 0 0 1 0 0 0 0 0 0 0 0
200	4	1 1 1 1 0 1 1 1 0 0 0 0 0 0 0 0 0 0 0 0
200	1	1 1 0 1 0 0 1 1 0 0 1 0 0 1 0 0 0 0 1 0
200	4	1 1 1 1 0 1 1 1 0 1 0 0 0 0 0 0 0 0 0 0
200	2	1 1 0 1 1 0 0 1 0 0 0 1 0 0 0 0 0 0 1 0
200	1	1 1 0 0 0 1 1 1 0 1 0 0 0 0 0 0 0 0 0 0
200	1	1 1 1 1 1 1 0 1 1 0 0 1 0 0 0 0 0 0 0 1
200	1	1 1 0 1 1 1 1 1 0 0 0 1 0 0 0 0 0 0 1 1
200	1	1 1 0 1 1 1 0 1 0 0 1 1 0 0 0 0 0 0 0 0
200	1	1 1 0 1 0 0 1 1 0 0 0 1 0 0 0 0 0 0 1 0
200	1	0 1 1 1 0 1 0 1 0 1 1 1 0 0 0 0 0 0 0 0
200	1	0 1 1 1 0 1 0 1 0 0 1 1 0 1 0 0 0 0 0 0
200	1	1 1 0 1 0 0 0 1 0 0 0 1 0 0 1 0 0 0 0 0
200	1	0 1 1 1 0 0 1 0 0 0 1 1 0 0 0 0 0 0 0 0
200	1	1 1 0 1 0 0 1 1 0 1 1 1 0 0 0 0 0 0 1 0
200	1	0 1 0 1 1 1 1 1 0 0 0 1 0 0 0 0 0 0 1 0
200	1	0 1 0 0 1 1 0 1 0 0 1 1 0 0 0 0 0 0 0 0
200	1	1 0 0 1 1 1 0 1 0 0 0 1 0 0 0 0 0 0 0 0
200	1	1 1 0 1 1 1 0 1 0 0 0 1 0 0 0 0 0 0 1 0
200	1	0 1 1 1 0 0 0 1 0 0 1 1 0 1 0 1 0 0 0 0
200	1	0 1 1 1 0 1 0 1 0 1 1 0 0 0 0 0 0 0 0 1
200	1	1 1 1 1 0 1 1 1 0 1 0 0 0 0 0 0 0 1 0 0
200	1	1 1 0 0 0 0 1 1 0 0 0 1 1 0 0 0 0 0 0 1
200	1	0 1 1 1 0 1 0 1 0 0 0 1 0 0 0 1 0 0 0 0
200	1	1 1 0 1 1 0 0 1 0 1 0 1 0 0 0 1 0 0 0 0
200	1	0 1 1 1 0 1 0 1 0 0 1 1 0 1 0 0 0 0 1 1
200	1	1 0 0 1 1 1 1 1 0 0 0 0 0 0 1 0 0 0 1 0
220	2	0 1 1 1 0 1 1 1 0 0 0 0 0 0 0 0 0 0 0 0
220	1	1 1 0 1 1 1 0 1 0 0 0 1 0 0 0 0 0 0 0 0
220	1	1 1 0 1 0 0 1 1 0 0 1 1 0 1 0 0 0 0 1 0
220	1	1 1 1 1 0 1 1 1 0 0 0 1 0 0 0 0 0 0 0 0
220	1	1 1 0 1 0 0 0 1 0 0 0 1 0 0 0 0 0 0 0 0
220	1	0 1 0 1 1 1 0 1 0 0 0 1 0 0 0 0 0 0 0 0
220	1	1 1 0 1 1 0 0 1 0 0 0 1 0 0 0 0 0 0 1 0
220	1	1 1 0 0 0 1 1 1 0 1 0 0 0 0 0 0 0 0 0 0
220	1	0 1 1 1 0 1 0 1 0 1 0 1 0 0 0 1 0 0 0 0
220	3	1 1 1 1 0 1 0 1 0 0 0 1 0 0 0 0 0 0 0 0
220	1	0 1 0 1 0 1 0 1 0 0 1 1 0 1 0 0 0 0 1 0
220	2	1 1 0 1 1 1 0 1 0 0 1 1 0 0 0 0 0 0 0 0
220	1	1 1 0 1 0 0 1 1 0 0 0 1 0 0 0 0 0 0 1 0
220	2	1 1 0 1 1 1 1 1 0 0 0 1 1 0 0 0 0 0 1 0
220	2	1 1 0 1 1 1 0 1 0 0 0 1 0 0 1 0 0 0 0 0
220	2	0 1 1 1 1 1 1 1 0 0 0 1 0 0 0 0 0 0 0 0
220	3	1 1 0 1 0 1 0 1 0 0 0 1 0 0 0 0 0 0 0 0
220	1	1 1 1 1 0 1 1 1 0 0 0 0 1 0 0 0 0 0 0 0
220	2	1 1 0 1 1 1 0 1 0 0 1 1 0 1 0 0 0 0 1 0
220	1	1 1 0 0 0 0 0 1 0 0 1 1 0 1 0 0 1 0 0 0
220	1	0 1 1 1 1 0 0 1 0 0 1 1 0 1 0 1 0 0 1 0
220	1	1 1 1 1 1 1 0 1 1 1 0 1 0 0 0 0 0 0 0 1
220	1	1 1 1 1 0 1 0 1 0 0 1 1 0 1 0 1 0 0 0 0
220	2	0 1 1 1 0 1 1 1 0 1 1 1 0 0 0 1 0 0 0 0
220	1	0 1 1 1 0 1 1 1 0 0 0 1 0 0 0 0 0 0 1 0
220	2	1 1 1 1 1 1 0 1 0 0 1 1 0 0 0 0 0 0 1 0
220	1	0 1 1 1 1 1 0 1 1 0 0 1 0 0 0 0 0 0 0 0
220	1	0 1 1 1 0 1 1 1 0 0 0 0 0 1 0 0 0 0 0 0
220	2	1 1 1 1 1 1 1 1 0 1 0 0 1 0 0 0 0 0 0 0
220	1	1 1 1 1 0 1 1 1 1 1 1 0 1 0 1 1 0 0 0 0
220	3	1 1 1 1 1 1 1 0 0 0 0 0 0 0 1 0 0 0 0 0
220	1	1 1 1 1 0 1 1 0 1 1 1 0 1 0 1 1 0 0 0 0
220	1	1 1 1 1 1 1 0 1 0 0 1 1 0 0 1 0 0 0 1 0
220	1	1 1 0 1 0 1 1 1 0 1 1 1 0 1 0 1 0 0 0 0
220	1	0 1 1 1 0 1 0 1 0 0 0 1 0 1 0 1 0 0 1 0
240	1	1 1 0 1 0 0 0 1 0 0 0 1 0 0 0 0 0 0 0 0
240	1	1 1 1 1 0 1 1 1 0 0 0 0 0 0 0 0 0 0 0 0
240	1	1 1 1 1 0 1 1 1 0 1 0 0 0 0 0 0 0 0 0 0
240	1	1 1 1 1 1 1 0 1 1 0 0 1 0 0 0 0 0 0 0 1
240	1	0 1 1 1 0 1 0 1 0 1 0 1 0 0 0 1 0 0 0 0
240	2	1 1 0 1 1 1 0 1 0 0 1 1 0 0 0 0 0 0 0 0
240	3	1 1 1 1 0 1 1 1 0 0 0 0 1 0 0 0 0 0 0 0
240	1	1 1 0 1 1 1 0 1 0 0 1 1 0 1 0 0 0 0 1 0
240	1	1 0 0 1 0 0 1 1 0 0 1 1 0 1 0 0 0 0 1 0
240	2	1 1 0 1 1 1 1 1 0 0 1 1 1 0 0 0 0 0 0 0
240	1	1 1 0 1 1 1 0 1 0 0 1 1 0 0 0 0 0 0 1 0
240	1	0 1 1 1 0 1 1 1 0 0 0 0 0 1 0 0 0 0 0 0
240	1	1 1 1 1 1 1 1 1 0 1 0 0 1 0 0 0 0 0 0 0
240	2	1 1 0 1 0 1 0 1 1 0 0 1 0 0 0 0 0 0 0 0
240	1	1 1 1 1 1 1 0 1 0 0 1 1 0 0 1 0 0 0 1 0
240	3	1 1 1 1 0 1 1 1 1 0 0 1 0 0 0 0 0 0 0 0
240	1	1 1 0 1 0 1 0 1 0 0 0 1 1 0 0 0 0 0 0 0
240	1	0 1 1 1 1 1 1 0 0 0 0 0 0 0 1 0 0 0 0 0
240	3	1 1 1 1 0 1 1 1 1 0 1 1 0 0 0 0 0 0 0 0
240	2	1 1 0 1 0 0 1 1 0 0 0 1 1 0 0 0 0 0 1 0
240	1	0 1 0 1 0 1 1 1 1 0 0 0 0 0 0 0 0 0 0 1
240	2	1 1 1 1 1 1 1 0 0 0 0 0 0 0 0 0 0 0 0 0
240	1	1 1 1 1 1 1 1 1 0 0 0 1 1 0 0 0 0 0 1 0
240	4	1 1 1 0 0 1 0 1 0 0 0 1 0 0 0 0 0 0 0 0
240	1	0 1 1 1 0 1 1 1 1 0 0 0 0 1 0 0 0 0 0 0
240	1	1 1 0 1 1 1 0 1 0 1 0 1 0 1 0 1 0 0 1 0
240	1	1 1 0 1 0 1 0 1 0 0 1 1 0 0 0 0 0 0 0 0
240	1	1 1 0 1 1 1 1 1 0 0 0 1 0 0 0 0 0 0 1 1
240	1	0 1 1 1 1 1 1 0 0 0 0 0 0 0 1 0 0 1 0 0
240	1	1 0 1 1 0 1 1 1 0 0 0 1 0 0 0 0 0 0 0 0
240	1	1 1 1 1 0 1 1 1 0 0 0 1 0 0 0 0 0 1 0 0
240	1	1 1 1 1 1 1 0 1 0 0 1 1 0 0 0 0 0 0 1 0
240	1	1 1 1 1 0 1 1 1 0 0 0 1 0 0 0 0 0 0 0 0
240	1	0 1 1 1 0 1 1 1 0 0 0 0 0 0 0 0 0 0 1 0
240	1	1 1 1 1 0 1 1 1 0 0 0 0 0 0 0 0 0 1 0 0
240	1	1 1 0 1 1 0 0 1 0 0 0 1 0 0 0 0 1 0 0 0
260	1	0 1 1 1 0 1 1 1 0 0 0 0 0 0 0 0 0 0 0 0
260	2	1 1 0 1 0 0 1 1 0 0 1 1 0 1 0 0 0 0 1 0
260	5	1 1 1 1 0 1 1 1 0 1 0 0 0 0 0 0 0 0 0 0
260	2	1 1 0 1 1 1 0 1 0 0 1 1 0 0 0 0 0 0 0 0
260	1	1 1 0 1 0 0 1 0 0 0 0 1 0 0 0 0 0 0 1 0
260	2	1 1 0 1 1 1 0 1 0 0 1 1 0 0 0 0 0 0 1 0
260	1	0 1 1 1 0 1 1 1 0 0 0 1 0 0 0 0 0 0 1 0
260	2	0 1 1 1 0 1 1 1 0 0 0 0 0 1 0 0 0 0 0 0
260	4	1 1 1 1 0 1 1 1 1 0 0 1 0 0 0 0 0 0 0 0
260	2	1 1 0 1 0 0 0 1 0 0 0 1 0 0 0 0 1 0 0 0
260	1	1 1 1 1 0 1 1 1 1 0 1 1 0 0 0 0 0 0 0 0
260	1	1 1 1 0 0 1 0 1 0 0 0 1 0 0 0 0 0 0 0 0
260	1	1 1 0 1 1 1 0 1 0 1 0 1 0 1 0 1 0 0 1 0
260	5	1 1 1 1 1 1 1 0 0 0 0 0 0 0 1 1 0 0 0 0
260	1	1 1 1 1 1 1 0 1 0 0 1 1 0 0 0 0 0 0 1 0
260	1	1 1 0 1 1 1 0 1 1 0 1 1 0 0 0 0 0 0 1 0
260	2	1 1 1 1 0 0 1 1 1 0 0 1 0 0 0 0 0 0 0 0
260	2	0 1 1 1 1 1 0 0 0 1 1 1 0 0 0 0 0 0 0 0
260	1	1 0 1 1 0 1 1 0 0 0 0 0 0 1 0 0 0 0 0 0
260	1	1 1 1 1 0 1 1 0 0 0 0 0 0 0 0 0 0 0 0 0
260	1	1 1 1 1 0 0 1 1 1 0 0 1 0 1 0 0 0 0 0 0
260	1	1 1 1 1 1 1 1 0 0 0 0 0 0 1 1 0 0 1 0 0
260	1	1 1 1 1 0 1 1 1 1 0 0 1 0 0 0 0 1 0 0 0
260	1	0 1 0 1 0 0 0 1 0 0 0 1 0 0 0 0 0 0 0 0
260	1	0 1 1 1 1 1 0 0 0 0 0 0 0 1 0 0 0 0 0 0
260	2	1 1 1 0 0 1 0 1 0 0 1 1 0 0 1 0 0 0 1 0
260	2	1 1 1 1 1 1 1 1 0 1 0 0 0 0 0 0 0 0 0 0
260	1	0 1 1 1 0 1 1 0 0 0 0 1 0 1 0 0 0 0 0 0
260	1	1 1 1 1 0 1 1 1 1 1 0 1 0 0 0 0 0 0 0 0
260	1	1 1 1 1 1 1 0 1 1 0 0 1 0 1 0 0 0 0 0 1
280	3	0 1 1 1 0 1 1 1 0 0 0 0 0 0 0 0 0 0 0 0
280	1	0 1 1 1 0 1 1 1 0 0 0 1 0 0 0 0 0 0 0 0
280	4	1 1 1 1 0 1 1 1 0 0 0 0 0 0 0 0 0 0 0 0
280	2	1 1 1 1 0 1 1 1 0 1 0 0 0 0 0 0 0 0 0 0
280	1	1 1 1 1 0 1 1 1 0 0 0 0 1 0 0 0 0 0 0 0
280	1	1 1 0 1 1 1 0 1 0 0 1 1 0 0 0 0 0 0 1 0
280	4	0 1 1 1 0 1 1 1 0 0 0 1 0 0 0 0 0 0 1 0
280	3	1 1 1 1 0 1 1 1 1 0 0 1 0 0 0 0 0 0 0 0
280	2	0 1 1 1 0 1 1 0 0 0 0 0 0 1 0 0 0 0 0 0
280	1	1 1 1 0 0 1 0 1 0 0 0 1 0 0 0 0 0 0 0 0
280	1	1 1 0 1 1 1 0 1 1 0 1 1 0 0 0 0 0 0 1 0
280	5	0 1 1 1 1 1 0 0 0 1 1 1 0 0 0 0 0 0 0 0
280	1	1 1 1 1 0 0 1 1 1 0 0 1 1 0 0 0 0 0 0 0
280	2	0 0 1 1 0 1 1 1 1 0 0 1 0 0 0 0 0 0 0 0
280	1	0 1 1 1 0 1 1 0 0 0 0 0 1 1 0 0 0 0 0 0
280	3	0 1 1 1 0 1 1 1 0 0 0 1 0 0 0 0 0 1 1 0
280	1	1 1 1 1 0 1 1 1 1 0 1 1 1 0 0 0 0 0 0 0
280	1	1 0 0 1 0 1 0 1 0 0 1 1 0 0 1 0 0 0 1 0
280	2	1 1 0 1 1 1 1 1 0 0 1 1 0 1 0 0 0 0 1 0
280	2	0 1 1 1 0 1 1 0 0 0 0 0 0 0 0 0 0 0 0 0
280	1	1 1 1 1 0 1 0 1 0 1 0 0 1 0 0 0 0 0 0 0
280	1	1 1 1 1 0 1 1 0 1 0 0 1 0 0 0 0 0 0 0 0
280	1	1 1 1 1 1 1 1 1 0 0 0 0 0 0 0 0 0 0 0 0
280	1	1 1 1 1 0 1 1 1 1 0 1 1 1 0 0 1 0 0 0 0
280	1	1 1 1 1 0 1 1 0 0 1 0 0 1 0 0 0 0 0 0 0
280	1	1 1 1 1 0 1 1 0 0 1 0 1 0 0 0 0 0 0 0 1
280	1	0 1 1 1 0 1 1 1 1 0 0 1 1 1 0 0 0 0 0 0
280	1	0 1 0 1 1 1 1 1 0 0 1 1 1 0 0 0 0 0 0 0
280	1	1 1 1 1 0 1 0 1 0 0 1 1 0 0 1 0 0 0 1 0
300	2	0 1 1 1 0 1 1 1 0 0 0 0 0 0 0 0 0 0 0 0
300	1	1 1 1 1 0 1 1 1 0 0 0 0 0 0 0 0 0 0 0 0
300	3	1 1 1 1 0 1 1 1 0 1 0 0 0 0 0 0 0 0 0 0
300	1	1 1 1 1 0 1 1 1 0 0 0 0 1 0 0 0 0 0 0 0
300	2	0 1 1 1 0 1 1 1 0 0 0 1 0 0 0 0 0 0 1 0
300	1	1 1 1 0 0 1 0 1 0 0 0 1 0 0 0 0 0 0 0 0
300	2	1 1 0 1 1 1 0 1 1 0 1 1 0 0 0 0 0 0 1 0
300	3	1 1 1 1 0 0 1 1 1 0 0 1 0 1 0 0 0 0 0 0
300	1	0 0 1 1 0 1 1 1 1 0 0 1 0 0 0 0 0 0 0 0
300	4	1 1 1 1 0 1 1 1 1 0 1 1 1 0 0 0 0 0 0 0
300	1	1 0 0 1 0 1 0 1 0 0 1 1 0 0 1 0 0 0 1 0
300	1	1 1 1 1 1 1 1 1 1 0 0 0 0 0 1 1 0 0 0 1
300	6	1 1 1 1 0 1 0 0 0 1 0 1 0 0 0 0 0 0 1 0
300	1	1 1 1 1 1 1 1 0 0 0 0 0 0 0 0 0 0 0 0 0
300	2	1 1 1 1 0 1 1 0 0 1 0 0 1 0 0 0 0 0 0 0
300	1	0 1 1 1 0 1 1 0 1 0 0 0 0 0 0 0 0 0 0 0
300	3	1 1 1 0 0 1 0 1 1 0 0 1 0 0 0 0 0 0 0 0
300	1	1 1 1 1 0 1 1 1 0 0 0 0 0 0 0 0 0 0 1 0
300	1	0 1 1 1 0 1 1 1 1 0 0 1 0 0 0 0 0 0 0 0
300	1	1 1 1 1 0 1 1 1 1 0 0 1 0 0 0 0 1 0 0 1
300	1	0 1 1 1 0 1 1 1 0 1 0 0 0 0 0 1 0 0 0 0
300	1	0 1 0 0 1 1 0 0 0 0 0 0 0 1 0 0 0 0 0 0
300	1	1 1 1 1 0 1 1 0 0 0 0 0 0 0 0 0 1 0 0 0
300	1	1 1 1 1 0 1 1 1 1 0 0 0 1 0 0 0 1 0 0 0
300	1	1 1 1 1 0 1 0 0 0 0 1 1 0 0 1 1 0 0 1 0
300	1	1 0 1 0 1 1 0 1 0 0 0 1 0 0 1 0 0 0 1 0
300	1	1 0 0 1 0 1 0 1 1 0 1 1 0 0 1 0 0 0 1 0
300	1	1 1 1 1 0 1 0 0 0 0 0 0 0 0 1 0 0 0 0 1
300	1	1 1 1 1 1 1 1 0 0 0 0 0 0 0 0 0 1 0 0 0
300	1	1 1 0 1 1 1 1 1 0 0 1 1 1 0 0 0 0 1 0 0
300	1	1 1 1 0 0 0 1 1 1 0 0 1 0 1 0 0 0 0 0 0
300	1	1 1 1 1 1 1 1 0 0 1 0 0 0 0 0 0 0 0 0 0
320	1	0 1 1 1 0 1 1 1 0 0 0 0 0 0 0 0 0 0 0 0
320	3	1 1 1 1 0 1 1 1 0 0 0 0 0 0 0 0 0 0 0 0
320	3	1 1 1 1 0 1 1 1 0 1 0 0 0 0 0 0 0 0 0 0
320	1	0 1 1 1 0 1 1 1 0 0 0 1 0 0 0 0 0 0 1 0
320	3	1 1 1 1 0 1 1 1 0 0 0 0 1 0 0 0 0 1 0 0
320	4	0 1 1 1 0 1 1 0 1 0 0 0 0 1 0 0 0 0 0 0
320	1	1 1 1 1 0 0 1 1 1 0 0 1 0 1 0 0 0 0 0 0
320	1	0 0 1 1 0 1 1 1 1 0 0 1 0 0 0 0 0 0 0 0
320	2	1 1 1 1 0 1 1 1 1 0 0 1 0 0 0 0 1 0 0 0
320	1	0 1 1 0 0 1 0 1 0 0 0 1 0 0 0 0 0 0 0 0
320	1	1 1 0 1 1 1 1 1 1 0 1 1 0 0 0 0 0 0 1 0
320	1	1 1 1 1 0 1 0 0 0 1 0 1 0 0 0 0 0 0 1 0
320	1	1 1 1 1 0 1 1 1 0 0 0 1 0 0 0 0 0 0 0 0
320	2	1 1 1 1 0 1 1 0 0 1 0 0 1 0 0 0 0 0 0 0
320	1	1 1 1 0 0 1 0 1 1 0 0 1 0 0 0 0 0 0 0 0
320	1	1 1 1 0 0 1 0 1 0 0 0 1 0 0 0 1 0 0 0 0
320	4	1 1 1 1 0 1 1 1 1 0 0 1 0 0 0 0 1 0 0 1
320	2	1 1 1 1 0 1 1 0 0 0 0 0 0 0 0 0 1 0 0 0
320	2	0 1 1 1 1 0 0 0 0 1 1 1 1 0 0 0 0 0 0 0
320	1	1 1 1 1 1 1 1 0 0 1 0 0 0 0 0 0 0 0 0 0
320	1	1 1 1 1 0 1 1 1 1 1 0 1 0 0 0 0 0 0 0 0
320	3	1 1 1 1 0 0 1 1 1 0 1 1 1 0 0 0 0 0 0 0
320	2	1 1 1 0 0 1 1 1 0 1 0 0 0 0 0 0 0 0 0 0
320	1	0 1 1 1 1 1 1 0 0 1 0 0 0 0 0 0 0 0 0 0
320	1	1 1 1 1 0 1 1 0 0 1 0 0 1 0 0 0 0 1 0 0
320	1	1 1 1 1 0 1 1 0 0 1 0 0 1 0 0 0 0 0 0 1
320	1	1 1 1 1 1 0 1 1 1 0 1 1 1 0 0 0 0 0 0 0
320	1	0 1 1 0 0 1 0 1 1 0 0 1 0 0 0 0 0 0 0 0
320	1	0 1 1 1 1 0 0 0 0 1 1 1 1 0 0 0 0 0 1 0
320	1	1 1 1 0 0 1 1 1 0 0 0 1 0 0 1 1 0 0 0 1
320	1	1 1 0 1 0 0 1 1 1 0 0 1 0 1 0 0 0 1 0 0
340	5	1 1 1 1 0 1 1 1 0 0 0 0 0 0 0 0 0 0 0 0
340	1	1 1 1 1 0 1 1 1 1 0 0 1 0 0 0 0 0 0 0 0
340	4	1 1 1 1 0 1 1 0 0 1 0 0 1 0 0 0 0 0 0 0
340	3	1 1 1 0 0 1 0 1 1 0 0 1 0 0 0 0 0 0 0 0
340	1	0 1 1 1 0 1 1 0 0 0 1 0 0 1 0 0 0 0 0 0
340	2	1 1 1 1 0 1 1 1 1 0 0 1 0 0 0 0 1 0 0 1
340	1	0 1 1 1 1 0 0 0 0 1 1 1 1 0 0 0 0 0 0 0
340	1	1 1 1 1 0 1 1 0 0 1 0 1 0 0 0 0 0 0 1 0
340	7	1 1 1 1 0 1 1 1 0 1 0 0 1 0 0 0 0 0 0 0
340	1	1 0 0 1 0 1 0 1 1 0 0 1 0 0 1 0 0 0 1 0
340	1	1 1 1 1 1 0 1 0 0 1 0 0 0 0 0 0 0 0 0 0
340	2	0 1 1 1 1 1 0 0 0 1 1 1 1 0 0 0 0 0 0 0
340	1	1 1 1 1 0 1 1 1 0 0 0 1 0 1 0 0 0 0 0 0
340	4	1 1 1 1 0 1 1 1 0 0 0 0 1 0 0 0 0 0 0 0
340	1	1 1 1 1 1 1 1 0 0 1 0 0 1 0 0 0 0 0 0 0
340	1	1 1 1 1 0 1 1 0 0 1 0 0 1 0 0 1 0 0 0 0
340	3	1 1 1 1 1 1 1 0 0 0 1 0 0 1 0 0 0 0 0 0
340	2	1 0 0 1 0 1 0 1 0 0 1 1 0 0 1 1 0 0 1 0
340	1	1 1 1 1 1 1 1 0 0 0 0 0 0 0 1 0 0 0 0 0
340	1	1 1 1 0 0 1 1 1 0 1 0 0 0 1 0 0 0 0 0 0
340	1	1 1 1 1 0 1 1 1 0 1 0 1 0 0 0 0 0 0 0 0
340	1	1 1 1 1 1 1 1 0 0 1 1 0 0 1 0 0 0 0 0 0
340	1	0 1 1 1 0 1 1 0 0 0 0 0 0 0 0 0 0 0 1 0
340	1	1 1 1 1 0 1 1 1 1 0 1 1 1 0 1 0 0 0 0 0
340	1	1 1 1 1 1 1 1 0 0 1 0 0 0 0 0 0 1 0 0 0
340	1	1 1 0 1 0 1 1 1 1 0 0 1 0 0 0 0 0 0 0 1
340	1	1 0 0 1 0 1 0 1 0 0 1 1 0 1 1 0 0 0 1 0
360	1	1 1 1 1 0 1 1 1 0 0 0 0 0 0 0 0 0 0 0 0
360	1	1 1 1 1 0 1 1 1 0 1 0 0 0 0 0 0 0 0 0 0
360	2	1 1 1 1 0 1 1 1 1 0 0 1 0 0 0 0 0 0 0 0
360	3	1 1 1 1 0 1 0 0 0 1 0 1 0 0 0 0 0 0 1 0
360	1	1 1 1 1 0 1 1 0 0 1 0 0 1 0 0 0 0 0 0 0
360	1	0 1 1 1 1 0 0 0 0 1 1 1 1 0 0 0 0 0 0 0
360	2	1 1 1 1 1 1 1 0 0 1 0 0 0 0 0 0 0 0 0 0
360	3	1 1 1 1 0 0 1 1 1 0 1 1 1 0 0 0 0 0 0 0
360	1	1 1 1 1 1 1 0 1 0 0 0 1 0 0 0 0 0 0 0 0
360	1	0 1 1 1 1 0 0 0 0 1 1 1 1 0 0 0 0 0 1 0
360	4	0 1 1 1 1 1 0 0 0 1 1 1 1 0 0 0 0 0 0 0
360	1	1 1 1 1 0 0 1 0 1 0 0 1 1 1 1 0 0 0 1 0
360	1	1 1 1 1 0 1 1 1 0 0 0 0 1 0 0 0 0 0 0 0
360	1	1 1 1 1 1 1 1 0 0 1 0 0 1 0 0 0 0 0 0 0
360	1	1 1 1 0 0 1 0 1 0 0 0 1 0 0 1 1 0 0 0 0
360	1	1 1 1 1 0 1 1 1 0 1 0 1 0 0 0 0 0 0 0 0
360	2	1 1 0 1 1 1 1 0 0 1 0 0 0 0 0 0 0 0 0 0
360	1	1 1 1 0 0 1 0 1 0 0 0 1 0 0 1 0 0 0 1 0
360	3	0 1 1 1 1 0 1 0 0 1 1 1 1 0 0 0 0 0 0 0
360	1	1 1 1 0 0 1 0 1 0 0 0 1 0 1 0 1 0 0 0 0
360	1	1 1 1 1 0 1 1 1 0 1 0 1 1 0 0 0 0 0 0 0
360	1	1 0 1 1 0 1 1 1 1 0 1 1 0 0 0 0 0 0 0 0
360	3	1 1 1 1 0 1 1 1 0 1 0 0 1 0 0 1 0 0 0 0
360	1	1 1 1 1 0 1 0 1 0 0 0 0 0 0 0 0 0 0 0 0
360	1	1 0 1 1 1 1 1 0 0 1 0 0 0 0 0 0 0 0 0 0
360	1	1 1 1 1 0 1 1 1 1 1 0 1 0 0 0 0 0 0 0 0
360	1	1 1 1 0 0 1 1 1 1 0 0 1 0 0 0 0 0 0 0 0
360	1	1 1 1 1 0 1 1 1 1 0 0 1 0 0 1 0 0 0 0 0
360	1	1 1 1 1 0 1 1 1 0 0 0 0 0 0 0 0 0 0 1 0
360	1	1 1 1 1 0 0 1 1 1 0 1 1 1 0 0 0 0 0 1 0
360	1	1 0 0 1 0 1 0 1 1 0 0 0 0 0 1 0 0 0 1 0
360	1	1 0 1 1 0 1 1 1 1 0 1 1 1 0 1 1 0 0 0 0
360	1	1 0 0 1 1 1 1 0 0 0 0 0 1 0 0 0 0 0 0 0
360	1	1 1 1 1 0 1 1 1 1 1 0 0 0 0 0 1 0 0 0 0
360	1	1 1 1 1 1 0 1 1 1 0 1 1 1 0 0 0 0 0 0 0
360	1	0 1 1 1 1 1 0 0 0 1 1 0 0 0 0 0 1 0 0 0
380	1	1 1 1 1 0 1 1 1 0 0 0 0 0 0 0 0 0 0 0 0
380	2	1 1 1 1 0 1 1 1 1 0 0 1 0 0 0 0 0 0 0 0
380	1	1 1 1 0 0 1 0 1 1 0 0 1 0 0 0 0 0 0 0 0
380	5	1 1 1 1 1 1 1 0 0 1 0 0 0 0 0 0 0 0 0 0
380	4	1 1 1 1 0 1 1 1 0 1 0 0 1 0 0 0 0 0 0 0
380	2	1 1 1 1 0 0 1 1 1 0 1 1 1 0 0 0 0 0 0 0
380	2	1 1 1 1 0 1 0 0 0 1 0 1 0 0 0 0 0 0 0 0
380	1	1 1 1 1 1 1 1 0 0 1 0 0 0 0 0 0 1 0 0 0
380	1	1 0 1 1 0 1 1 1 1 0 1 1 0 0 0 0 0 0 0 0
380	2	1 1 1 1 0 1 1 1 0 1 0 0 1 0 0 1 0 0 0 0
380	2	1 1 1 1 0 1 1 1 0 0 0 1 0 0 0 0 0 0 0 0
380	1	1 0 1 1 1 1 1 0 0 1 0 0 0 0 0 0 0 0 0 0
380	2	1 1 1 1 0 0 0 0 1 0 0 1 0 0 0 0 0 0 0 0
380	2	1 1 1 0 0 1 1 1 0 0 0 0 1 0 0 0 0 0 0 0
380	1	0 1 1 1 1 0 1 0 0 1 1 1 1 0 0 0 0 0 1 0
380	1	1 1 0 1 0 1 1 1 1 0 0 1 0 0 0 0 0 0 0 0
380	1	1 1 1 1 0 1 1 0 1 0 0 1 0 0 0 0 0 0 0 0
380	1	0 1 1 1 0 1 1 1 0 1 0 0 0 0 0 0 0 0 0 0
380	2	1 1 1 1 0 1 1 1 0 1 0 0 0 0 1 0 0 0 0 0
380	2	1 1 1 1 0 1 1 1 0 1 0 1 1 0 0 0 0 0 0 0
380	1	0 1 1 1 0 1 1 1 0 0 0 0 0 0 0 1 0 0 0 0
380	1	1 1 1 1 0 1 1 1 1 0 0 0 0 0 1 0 0 0 0 0
380	2	1 1 1 0 0 1 1 1 1 0 1 1 1 0 0 0 0 0 0 0
380	1	1 1 1 1 1 0 1 1 1 0 1 1 0 0 0 0 0 0 1 0
380	2	1 1 1 1 0 1 1 0 0 1 0 1 0 0 0 0 0 0 1 1
380	1	1 1 1 0 1 1 0 1 1 0 0 1 0 0 0 0 0 0 0 0
380	2	0 1 1 1 0 0 1 0 1 0 0 1 1 1 1 0 0 0 1 0
380	1	0 1 1 1 0 1 1 1 0 0 1 0 0 0 0 0 0 0 0 0
380	1	1 1 1 1 0 1 1 1 1 0 0 1 1 0 0 1 0 0 0 1
380	1	1 0 0 1 0 1 0 1 0 0 0 1 0 0 1 0 0 1 1 0
380	1	1 1 1 1 1 0 1 0 1 1 0 1 0 0 0 1 0 0 0 0
400	1	1 1 1 1 0 1 1 1 0 0 0 0 0 0 0 0 0 0 0 0
400	3	1 1 1 1 0 1 1 1 1 0 0 1 0 0 0 0 0 0 0 0
400	6	1 1 1 1 1 1 1 0 0 1 0 0 0 0 0 0 0 0 0 0
400	1	1 1 1 1 0 1 1 1 0 1 0 0 1 0 0 0 0 0 0 0
400	3	1 1 1 1 0 1 1 0 0 1 0 0 1 0 0 0 0 1 0 0
400	2	1 1 1 0 0 1 0 1 0 0 0 1 0 0 1 1 0 0 0 0
400	2	1 1 1 1 0 1 1 1 0 0 0 1 0 0 0 0 0 0 0 0
400	1	1 1 1 1 0 0 0 0 1 0 0 1 0 0 0 0 0 0 0 0
400	4	0 1 1 1 1 1 0 0 0 1 1 0 0 0 0 0 0 0 0 0
400	1	1 1 1 1 0 1 0 1 0 0 0 1 0 0 0 0 0 0 0 0
400	1	1 1 1 1 0 1 1 1 0 1 0 0 1 0 0 0 0 1 0 0
400	1	1 1 1 1 0 1 0 1 0 1 0 1 1 0 0 0 0 0 0 0
400	3	1 1 1 1 1 1 1 0 0 0 0 0 0 1 0 0 0 0 0 0
400	1	1 0 1 1 0 1 1 1 0 1 0 0 0 0 0 0 0 0 0 0
400	1	1 1 1 1 0 0 1 0 0 1 0 1 0 0 0 0 0 0 0 0
400	1	1 0 0 1 0 1 0 1 1 0 0 0 0 0 1 0 0 0 0 0
400	2	1 1 1 1 0 1 1 1 1 1 0 0 1 0 0 0 0 0 0 0
400	2	1 0 1 1 1 1 1 1 0 0 0 0 0 0 0 0 0 0 0 0
400	1	0 0 0 1 0 1 0 1 0 0 0 0 0 0 0 0 0 0 0 0
400	2	1 1 1 1 1 0 1 0 1 1 0 1 0 0 0 0 0 0 0 0
400	1	1 0 0 1 1 1 1 0 0 0 0 0 0 0 1 0 0 0 1 0
400	1	1 1 1 1 0 0 1 1 1 0 0 1 0 0 0 0 0 0 0 0
400	2	1 1 1 1 1 1 1 1 0 0 0 0 0 0 0 0 0 0 0 0
400	1	1 1 1 0 0 1 1 1 0 1 0 0 1 0 0 0 0 0 0 0
400	1	1 1 0 1 0 1 0 0 1 0 0 1 0 0 0 0 0 0 0 0
400	1	1 1 1 1 0 1 1 1 0 1 0 0 0 1 0 0 0 0 0 1
400	1	1 1 1 1 1 1 1 0 0 1 0 0 0 0 0 1 0 0 0 0
400	1	1 1 1 1 0 1 1 0 0 0 0 0 1 0 0 0 0 0 0 0
400	1	1 1 1 1 0 1 0 0 1 1 0 1 0 0 0 0 0 0 0 0
400	1	1 1 1 1 1 1 0 0 0 1 0 1 0 0 0 0 0 0 0 0
420	2	1 1 1 1 0 1 1 1 1 0 0 1 0 0 0 0 0 0 0 0
420	1	1 1 1 1 1 1 1 0 0 1 0 0 0 0 0 0 0 0 0 0
420	3	1 1 1 1 0 1 1 0 0 1 0 0 1 0 0 0 0 1 0 0
420	2	1 1 1 0 0 1 0 1 0 0 0 1 0 0 1 0 0 0 1 0
420	4	1 1 1 1 0 0 0 0 1 0 0 1 0 0 0 0 0 0 0 0
420	4	0 1 1 1 1 1 0 0 0 1 1 0 0 0 0 0 0 0 0 0
420	2	1 1 1 1 0 1 1 1 0 1 0 0 0 0 1 0 0 0 0 0
420	1	1 1 1 1 0 1 0 1 0 0 0 1 0 0 0 0 0 0 0 0
420	1	1 1 1 1 0 1 1 1 0 1 0 0 1 0 0 0 0 1 0 0
420	1	1 1 1 1 0 1 0 1 0 1 0 1 1 0 0 0 0 0 0 0
420	2	1 1 1 1 1 1 1 0 0 0 0 0 0 1 0 0 0 0 0 0
420	2	1 1 1 1 0 1 1 0 1 1 0 0 1 0 0 0 0 0 0 0
420	2	1 1 1 1 1 0 1 0 1 1 0 1 0 0 0 0 0 0 0 0
420	1	1 1 1 1 0 0 1 1 1 0 0 1 0 0 0 0 0 0 0 0
420	1	1 1 1 1 0 1 1 1 0 1 0 1 1 0 0 0 0 0 0 1
420	1	1 1 1 1 1 1 1 0 0 0 0 0 0 0 0 0 0 0 0 0
420	1	1 0 1 1 0 1 0 1 0 0 0 0 0 0 0 0 0 0 0 0
420	1	1 1 1 0 0 1 0 1 0 0 0 1 0 1 1 1 0 0 1 0
420	2	1 1 1 1 0 1 0 0 0 1 0 1 0 0 0 0 1 0 0 0
420	2	1 1 1 1 1 1 0 1 0 1 0 0 0 0 0 0 0 0 0 0
420	1	1 1 1 1 0 1 1 1 0 1 0 1 1 0 0 0 0 0 0 0
420	2	1 1 1 1 1 1 1 0 0 1 0 0 1 0 0 0 0 1 0 0
420	1	1 1 1 0 0 1 0 1 0 1 0 1 0 0 0 0 0 0 0 0
420	1	1 1 1 1 0 0 1 0 0 0 0 1 0 0 0 0 0 0 0 0
420	1	1 1 1 1 0 1 1 0 1 0 0 1 0 0 0 0 0 0 0 0
420	1	1 1 1 1 1 0 0 1 0 1 0 0 0 0 0 0 0 0 0 0
420	1	1 0 0 1 1 1 1 0 0 0 0 0 0 0 1 0 0 0 0 0
420	1	0 1 1 1 1 1 0 0 0 1 1 0 1 0 0 0 0 0 0 0
420	1	1 0 0 0 1 1 1 0 0 0 0 0 0 0 1 0 0 0 1 0
420	1	1 1 1 1 0 0 1 0 0 1 0 1 0 0 1 0 1 0 0 0
420	1	1 1 1 0 0 1 0 1 1 0 0 0 1 1 1 0 0 0 0 0
420	1	1 1 1 1 0 1 1 0 0 1 1 0 0 0 0 0 0 0 0 0
420	1	1 1 1 1 0 1 0 1 1 0 0 1 0 0 0 0 0 0 0 0
440	1	1 1 1 1 0 1 1 1 1 0 0 1 0 0 0 0 0 0 0 0
440	1	1 1 1 1 0 1 0 1 0 0 0 0 0 0 0 0 0 0 0 0
440	1	1 1 1 1 0 0 0 0 1 0 0 1 0 0 0 0 0 0 0 0
440	1	1 1 1 1 0 1 0 1 0 1 0 1 1 0 0 0 0 0 0 0
440	2	0 1 1 1 1 1 0 0 0 1 1 0 0 0 0 1 0 0 0 0
440	1	1 1 1 1 0 0 1 0 0 1 0 1 0 0 0 0 0 0 0 0
440	5	1 1 1 1 0 1 0 1 0 0 0 0 0 0 1 0 0 0 0 0
440	1	1 1 1 1 0 1 1 0 1 1 0 0 1 0 0 0 0 0 0 0
440	4	1 1 1 1 1 0 1 0 1 1 0 1 0 0 0 0 0 0 0 0
440	1	1 1 1 1 0 0 1 1 1 0 0 1 0 0 0 0 0 0 0 0
440	1	1 1 1 1 0 1 1 1 1 0 0 1 1 0 0 0 0 0 0 0
440	1	1 1 1 1 0 1 1 0 0 1 0 1 0 1 0 0 0 0 0 0
440	2	1 1 1 1 0 1 1 0 0 1 0 0 0 0 0 0 0 0 0 0
440	2	1 1 1 1 0 0 1 0 0 0 0 1 0 0 0 0 0 0 0 0
440	1	1 1 1 1 0 1 0 0 0 1 0 0 1 0 0 0 0 1 0 0
440	1	0 1 1 0 0 1 0 1 0 0 0 1 0 0 0 0 0 0 1 1
440	1	1 1 1 1 1 1 0 0 1 1 0 1 0 0 0 1 0 0 0 0
440	1	1 1 1 1 0 1 1 1 0 1 0 1 0 0 0 0 0 0 0 0
440	1	1 1 1 1 0 1 1 1 1 0 0 1 0 0 0 0 1 0 0 0
440	1	1 1 1 0 0 1 1 1 0 1 0 1 0 0 0 0 0 0 0 0
440	1	1 1 1 0 1 1 0 1 1 0 0 0 1 1 1 0 0 0 0 0
440	1	1 0 1 1 1 1 1 0 0 1 0 1 0 0 0 0 0 0 0 0
440	1	1 1 1 1 0 1 0 1 0 0 0 1 0 0 1 0 0 0 0 0
440	1	1 1 1 1 0 1 1 0 1 1 0 1 0 0 0 0 1 0 0 0
440	2	1 1 1 1 1 1 0 1 0 0 0 0 0 0 1 0 0 0 0 0
440	1	1 1 1 1 1 0 0 1 0 1 1 0 0 0 0 0 0 0 0 0
440	1	1 1 1 1 0 1 1 1 0 1 0 1 1 0 1 0 0 0 0 1
440	1	1 1 1 1 1 1 0 1 0 0 0 0 0 0 0 0 0 0 0 0
440	1	1 1 1 1 0 0 0 1 0 1 0 1 0 0 0 0 1 0 0 0
440	1	1 0 1 1 1 1 1 0 1 0 0 0 1 0 0 0 1 0 0 0
440	1	1 0 1 1 0 1 1 1 1 0 0 1 0 0 0 0 0 0 0 0
440	1	1 1 1 1 0 1 0 0 1 1 0 0 1 0 0 0 0 0 0 0
440	1	1 1 1 1 1 1 0 1 0 1 0 1 1 0 0 0 0 0 0 0
440	1	0 1 1 1 1 1 0 0 0 0 1 0 0 0 0 0 0 0 0 0
440	1	1 1 1 1 0 0 0 1 0 1 0 1 1 0 0 0 0 0 0 0
440	1	1 1 1 1 1 1 0 0 0 1 1 0 0 1 0 1 0 0 0 0
440	1	0 1 1 1 0 1 0 1 0 0 0 0 0 0 1 0 0 0 0 0
440	1	1 1 1 0 0 1 0 1 0 1 0 1 0 0 0 0 0 0 1 0
440	1	1 0 1 1 1 1 0 1 0 0 0 0 0 0 1 0 0 0 0 0
460	1	1 1 1 1 0 1 1 1 1 0 0 1 0 0 0 0 0 0 0 0
460	4	1 1 1 1 0 1 1 0 0 1 0 0 1 0 0 0 0 1 0 0
460	2	1 1 1 1 0 1 0 1 0 0 0 0 0 0 1 0 0 0 0 0
460	1	1 1 1 1 0 0 1 1 1 0 0 1 0 0 0 0 0 0 0 0
460	4	1 1 1 1 0 1 1 0 0 1 0 1 0 1 0 0 0 0 0 0
460	3	1 1 1 1 0 1 1 0 0 1 0 0 0 0 0 0 0 0 0 0
460	2	1 1 1 1 1 1 1 0 0 1 0 0 1 0 0 0 0 1 0 0
460	2	1 1 1 1 0 0 1 0 0 0 0 1 0 0 0 0 0 0 0 0
460	1	1 1 1 1 1 1 1 1 0 1 0 0 0 0 1 0 0 0 0 0
460	1	1 1 1 1 1 1 0 0 1 1 0 1 0 0 0 1 0 0 0 0
460	1	1 1 1 1 1 1 0 0 0 1 0 0 1 0 0 0 0 1 0 0
460	1	1 0 1 1 0 1 0 1 0 1 0 0 0 0 0 0 0 0 0 0
460	1	1 0 1 1 1 1 1 0 0 0 0 0 1 0 0 0 1 0 0 0
460	1	1 1 1 1 1 1 0 1 1 0 0 0 0 0 1 0 0 0 0 0
460	1	1 1 1 1 0 1 0 0 1 1 0 0 1 0 0 0 0 0 0 0
460	2	1 1 1 1 1 0 0 1 1 0 0 0 0 0 1 0 0 0 0 0
460	1	0 1 1 1 1 1 0 0 0 0 1 0 0 0 0 0 0 0 0 0
460	1	1 1 1 1 0 1 1 1 0 1 0 0 0 0 0 0 0 0 0 0
460	1	1 1 1 1 0 1 1 0 1 1 0 0 1 0 0 0 0 0 1 0
460	1	1 1 1 1 0 1 0 1 0 1 0 0 1 0 0 0 0 0 0 0
460	2	1 1 1 1 1 1 0 0 0 1 1 0 0 1 0 1 0 0 0 0
460	1	1 1 1 1 0 1 0 0 1 0 0 0 0 0 1 0 0 0 0 0
460	1	1 1 1 1 0 1 0 1 0 0 0 0 1 0 1 0 0 0 0 0
460	1	1 1 1 1 0 1 1 0 1 1 0 0 0 0 0 0 0 0 0 1
460	1	1 1 1 1 0 1 1 0 0 1 0 0 1 0 1 0 0 0 0 0
460	1	1 1 1 1 0 1 1 1 1 1 0 1 0 0 0 0 1 0 0 0
460	1	1 1 1 1 0 1 1 1 0 1 0 1 0 0 1 0 0 0 0 0
460	1	1 1 1 1 1 1 0 0 0 1 0 0 0 0 1 0 0 0 0 0
460	2	1 1 1 1 0 1 1 0 0 1 0 1 0 0 0 0 0 0 0 0
460	1	1 1 1 1 0 1 1 0 0 1 0 0 0 0 0 0 1 0 0 0
460	1	1 1 1 1 0 1 1 0 1 1 0 1 0 0 0 0 0 1 0 0
460	1	1 1 1 1 1 0 1 0 0 1 0 0 0 0 0 0 0 0 0 0
460	1	1 1 1 1 0 1 0 1 0 0 0 0 0 0 1 1 0 0 0 0
460	2	1 1 1 1 0 1 0 1 0 0 0 0 0 0 1 0 0 1 0 0
460	1	1 1 1 1 0 1 1 0 0 1 0 0 1 0 1 0 0 0 1 0
480	1	1 1 1 1 1 1 1 0 0 1 0 0 0 0 0 0 0 0 0 0
480	2	1 1 1 1 1 1 1 0 0 0 0 0 0 1 0 0 0 0 0 0
480	1	1 1 1 1 1 0 1 0 1 1 0 1 0 0 0 0 0 0 0 0
480	7	1 1 1 1 0 1 1 0 0 1 0 0 0 0 0 0 0 0 0 0
480	2	1 1 1 1 1 1 1 0 0 1 0 0 1 0 0 0 0 1 0 0
480	1	1 1 1 1 0 0 1 0 0 0 0 1 0 0 0 0 0 0 0 0
480	1	1 1 1 1 1 1 0 0 0 1 0 0 1 0 0 0 0 1 0 0
480	1	1 1 1 0 0 1 1 1 0 1 0 1 0 0 0 0 0 0 0 0
480	1	1 1 1 1 0 1 1 1 0 1 0 0 0 0 0 0 0 0 0 0
480	1	1 1 1 1 0 1 0 1 0 1 0 0 1 0 0 0 0 0 0 0
480	1	1 1 1 1 1 1 0 0 0 1 1 0 0 1 0 1 0 0 0 0
480	1	1 1 1 1 0 1 0 1 0 1 0 1 1 0 0 0 0 0 0 1
480	1	1 1 1 1 0 1 1 0 1 1 0 0 0 0 0 0 0 0 0 1
480	2	1 1 1 1 0 0 1 1 0 1 0 1 0 0 1 0 0 0 0 0
480	1	1 1 1 1 0 0 0 1 0 0 0 0 0 0 1 0 0 0 0 0
480	1	1 1 1 1 1 1 1 0 0 1 0 0 0 0 1 0 0 0 0 0
480	1	1 1 1 1 0 1 0 0 0 0 0 0 1 0 1 0 0 0 0 0
480	3	1 1 1 1 1 0 1 0 0 0 0 0 0 1 0 0 0 0 0 0
480	3	1 1 1 1 1 1 1 0 1 0 0 1 0 0 0 0 0 0 0 0
480	4	1 1 1 1 0 1 0 0 0 1 0 1 0 0 0 0 0 0 0 0
480	1	1 1 1 1 1 1 1 0 0 1 1 0 0 0 1 0 0 0 0 0
480	2	1 1 1 1 0 1 0 0 1 1 0 0 0 0 0 0 0 0 0 1
480	2	1 1 1 1 0 1 1 0 0 1 1 0 1 0 0 0 0 1 0 0
480	1	1 1 1 0 0 1 0 1 0 1 0 1 0 0 0 1 0 0 0 0
480	2	1 1 1 1 0 1 0 1 0 1 0 0 0 0 0 0 0 1 0 0
480	1	1 1 1 1 1 1 0 0 1 1 0 0 0 0 1 0 0 0 0 0
480	1	1 1 1 1 0 1 1 0 1 1 0 0 1 0 0 0 0 0 0 0
480	1	1 1 1 1 0 0 1 0 1 0 0 1 0 0 0 0 0 0 0 0
480	1	1 1 1 1 0 0 1 1 0 1 0 1 1 0 0 0 0 0 0 0
480	1	1 1 1 1 1 1 1 0 1 0 0 1 0 0 0 1 0 0 0 0
480	1	1 1 1 1 0 1 1 0 0 0 0 1 0 1 1 0 0 0 0 0
500	2	1 1 1 1 1 1 1 0 0 1 0 0 0 0 0 0 0 0 0 0
500	4	1 1 1 1 1 1 1 0 0 0 0 0 0 1 0 0 0 0 0 0
500	1	1 1 1 1 1 0 1 0 1 1 0 1 0 0 0 0 0 0 0 0
500	2	1 1 1 1 0 1 1 0 0 1 0 1 0 1 0 0 0 0 0 0
500	2	1 1 1 1 0 1 1 0 0 1 0 0 0 0 0 0 0 0 0 0
500	10	1 1 1 1 0 0 1 0 0 0 0 1 0 0 0 0 0 0 0 0
500	2	1 1 1 1 1 1 0 0 0 1 1 0 0 1 0 1 0 0 0 0
500	1	1 1 1 1 0 1 1 0 0 1 0 0 1 0 1 0 0 0 0 0
500	1	1 1 1 1 0 1 1 0 0 0 0 1 0 0 1 0 0 0 0 0
500	1	1 1 1 1 0 1 0 0 0 1 0 0 0 0 0 0 0 0 0 0
500	1	1 1 1 1 0 0 0 1 0 0 0 0 0 0 1 0 0 0 0 0
500	1	1 1 1 1 1 1 1 0 0 1 0 0 0 0 1 0 0 0 0 0
500	2	1 1 1 1 1 1 1 0 0 1 0 0 0 0 0 0 0 1 0 0
500	3	1 1 1 1 0 1 0 0 0 1 0 1 0 0 0 0 0 0 0 0
500	1	1 1 1 1 0 1 1 0 1 1 0 0 0 0 0 0 0 0 0 0
500	2	1 1 1 1 1 1 0 1 0 1 1 0 0 1 0 1 0 0 0 0
500	1	1 1 1 1 1 1 1 0 0 1 0 1 0 0 0 0 0 0 0 0
500	1	1 1 1 1 0 0 1 0 0 0 0 1 0 0 1 0 0 0 0 0
500	1	1 1 1 1 0 1 1 0 0 1 0 1 0 0 0 0 0 0 0 0
500	1	1 1 1 1 0 1 1 0 1 1 0 1 0 0 0 0 0 0 0 0
500	1	1 1 1 1 0 0 1 0 1 0 0 1 0 0 0 0 0 0 1 0
500	1	1 1 1 1 0 0 0 0 0 1 0 1 0 0 0 0 0 0 0 0
500	1	1 1 1 1 1 1 0 1 0 0 0 0 1 0 1 0 0 0 0 0
500	1	1 1 1 1 0 1 1 0 0 1 0 1 0 1 0 1 0 0 0 0
500	1	1 1 1 1 1 1 1 0 0 1 0 0 0 1 0 1 0 0 0 0
500	1	1 1 0 1 1 1 0 0 1 1 0 1 0 0 0 1 0 0 0 1
500	1	1 1 1 1 1 1 0 1 0 0 0 1 0 0 0 0 0 1 0 1
500	1	1 1 1 1 0 1 0 1 0 0 0 0 1 0 1 0 0 0 0 0
500	1	1 1 1 1 0 1 1 0 0 1 0 0 0 0 0 1 0 0 0 0
500	1	1 1 1 1 0 0 0 0 0 1 0 0 0 1 0 0 0 0 0 0
