0	23	0 0 0 0 0 0 0 0 0 0 1 0 0 0 0 0 0 0 0 0
0	23	0 1 0 0 0 0 0 1 0 0 0 0 0 1 0 1 0 1 0 0
0	23	1 0 1 1 0 0 0 0 1 1 0 0 0 0 0 0 1 0 0 0
0	31	0 1 1 0 0 0 0 0 0 0 1 1 0 0 1 0 0 0 0 0
20	1	0 0 0 0 0 0 0 0 0 0 1 0 0 0 0 0 0 0 0 0
20	7	0 1 0 0 0 0 0 1 0 0 0 0 0 1 0 1 0 1 0 0
20	45	1 0 1 1 0 0 0 0 1 1 0 0 0 0 0 0 1 0 0 0
20	2	0 1 1 0 0 0 0 0 0 0 1 1 0 0 1 0 0 0 0 0
20	4	0 1 1 1 0 0 0 0 1 1 0 0 0 0 0 0 1 0 0 0
20	4	1 0 1 1 0 0 0 1 1 1 0 0 0 0 0 0 1 0 0 0
20	1	0 1 1 1 0 0 0 0 0 0 1 1 0 0 1 0 0 0 0 0
20	1	1 0 1 1 0 0 0 0 1 1 0 0 0 0 0 0 1 0 1 0
20	1	1 0 1 1 0 0 0 0 0 1 0 0 0 0 0 0 1 0 0 0
20	4	1 0 1 1 0 0 0 0 1 1 0 0 0 0 1 0 1 0 0 0
20	2	1 0 1 1 1 0 0 0 1 1 0 0 0 0 0 0 1 0 0 0
20	1	1 0 1 1 0 0 0 1 0 0 0 0 0 1 0 1 0 1 0 0
20	2	1 1 1 1 0 0 0 0 1 1 0 0 0 0 0 0 1 0 0 0
20	1	1 0 1 0 0 0 0 0 0 0 1 1 0 0 1 0 0 0 0 0
20	1	0 0 0 0 0 0 0 1 0 0 0 0 0 1 0 1 0 1 0 0
20	1	0 1 0 0 0 0 0 1 0 0 0 0 0 0 1 0 1 0 0 0
20	1	1 0 1 0 0 0 0 0 1 1 0 0 0 0 0 0 1 0 0 0
20	2	1 0 1 1 0 0 0 0 1 1 0 0 0 0 1 0 0 0 0 0
20	3	0 1 0 1 0 0 0 0 1 1 0 0 0 0 0 0 1 0 0 0
20	2	1 0 1 1 1 0 0 0 1 1 0 0 0 1 0 0 1 0 0 0
20	1	0 1 0 0 0 0 0 0 1 1 0 0 0 0 0 0 1 0 0 0
20	2	1 0 1 1 0 0 0 0 0 0 1 0 0 0 0 0 1 0 0 0
20	2	1 1 1 1 0 0 0 0 1 1 0 0 0 0 0 1 0 1 0 0
20	1	0 1 0 0 1 0 0 1 0 0 0 0 0 1 0 1 0 1 0 0
20	1	0 1 0 0 0 0 0 0 1 1 0 0 0 0 0 0 1 1 0 0
20	1	0 1 0 0 0 0 0 0 0 0 0 0 0 1 0 1 0 1 0 0
20	1	1 1 1 1 0 0 0 1 1 1 0 0 0 0 0 0 1 0 0 0
20	1	1 0 1 1 0 0 0 0 1 1 0 0 0 0 0 0 0 0 1 0
20	2	1 0 1 1 1 0 0 0 1 1 0 0 0 0 0 0 1 0 0 1
20	1	0 1 1 0 0 0 0 1 0 0 1 1 0 0 0 0 1 0 0 0
20	1	1 1 1 1 1 0 0 0 1 1 0 0 0 0 0 0 1 0 0 0
40	5	0 1 0 0 0 0 0 1 0 0 0 0 0 1 0 1 0 1 0 0
40	30	1 0 1 1 0 0 0 0 1 1 0 0 0 0 0 0 1 0 0 0
40	2	0 1 1 1 0 0 0 0 1 1 0 0 0 0 0 0 1 0 0 0
40	1	1 0 1 1 0 0 0 1 1 1 0 0 0 0 0 0 1 0 0 0
40	8	1 0 1 1 0 0 0 0 1 1 0 0 0 0 0 0 1 0 1 0
40	1	0 1 0 0 0 0 0 1 1 0 0 0 0 1 0 1 0 1 0 0
40	3	1 0 1 1 0 0 0 0 1 1 0 0 0 0 1 0 1 0 0 0
40	2	1 0 1 1 1 0 0 0 1 1 0 0 0 0 0 0 1 0 0 0
40	3	1 0 1 1 0 1 0 1 1 1 0 0 0 0 0 0 1 0 0 0
40	2	1 1 1 1 0 0 0 0 1 1 0 0 0 0 0 0 1 0 0 0
40	1	1 0 1 1 0 0 0 0 1 1 0 0 0 0 1 0 0 0 0 0
40	1	0 1 0 0 0 0 0 1 0 0 0 0 0 1 0 1 0 1 0 1
40	1	0 1 1 1 0 0 0 0 1 1 1 1 0 0 1 0 0 1 0 0
40	1	1 1 1 1 0 0 0 1 1 1 0 0 0 0 0 0 1 0 0 0
40	3	1 0 1 1 0 0 0 0 1 1 0 0 0 0 0 0 1 1 0 0
40	1	1 0 1 1 0 0 0 0 1 1 0 0 0 0 1 0 1 0 0 1
40	1	1 1 0 0 0 0 0 1 1 0 0 0 0 1 0 1 0 1 0 0
40	2	1 0 1 1 0 0 0 0 1 1 0 1 0 0 0 0 1 0 0 0
40	1	1 0 1 1 0 1 0 0 1 1 0 0 0 0 1 0 0 0 0 0
40	4	1 0 0 1 0 0 0 0 1 1 0 0 0 0 0 0 1 0 0 0
40	1	1 0 1 1 0 0 0 0 1 1 0 0 0 0 0 0 1 0 0 1
40	2	1 0 1 1 0 0 0 0 1 1 1 0 0 0 0 0 1 0 0 0
40	3	1 0 1 1 0 1 0 1 1 1 0 0 0 0 0 0 0 0 0 0
40	1	1 1 1 1 0 0 0 0 1 1 0 0 0 0 0 0 1 0 1 0
40	1	0 1 0 1 0 0 0 0 1 1 0 0 0 0 0 1 1 0 0 0
40	1	0 1 1 1 0 0 0 0 1 1 0 0 0 0 1 0 1 0 0 0
40	1	1 0 1 1 0 1 1 1 1 1 0 0 0 0 0 0 1 0 0 0
40	2	1 0 1 1 0 0 0 1 0 0 0 0 0 1 0 1 0 1 0 0
40	1	1 0 1 1 0 1 0 1 1 1 0 0 0 0 0 0 1 0 0 1
40	1	0 1 0 0 0 0 0 1 0 0 0 0 0 0 0 0 0 0 0 0
40	1	1 0 1 1 0 0 0 0 1 1 0 0 0 0 0 0 1 1 1 0
40	1	1 0 1 1 0 1 0 1 1 1 0 0 0 0 0 0 1 0 1 0
40	2	1 0 1 1 0 0 0 0 1 1 1 1 0 0 0 0 1 0 0 0
40	4	1 0 1 1 0 0 0 0 1 1 1 0 0 1 0 0 1 0 0 0
40	1	0 1 1 1 0 0 0 0 1 0 0 0 0 1 0 1 0 1 0 0
40	1	0 0 1 1 0 0 0 0 1 1 0 0 0 0 0 0 0 0 0 0
40	1	0 1 1 1 0 0 1 0 1 1 0 0 0 0 0 0 1 0 0 0
40	1	1 0 1 1 0 1 0 0 1 1 0 0 0 0 1 0 1 0 0 0
40	1	0 0 1 1 0 1 0 1 1 1 0 0 0 0 0 0 0 0 0 0
60	1	0 1 0 0 0 0 0 1 0 0 0 0 0 1 0 1 0 1 0 0
60	22	1 0 1 1 0 0 0 0 1 1 0 0 0 0 0 0 1 0 0 0
60	1	0 1 1 1 0 0 0 0 1 1 0 0 0 0 0 0 1 0 0 0
60	1	1 0 1 1 0 0 0 1 1 1 0 0 0 0 0 0 1 0 0 0
60	5	1 0 1 1 0 0 0 0 1 1 0 0 0 0 0 0 1 0 1 0
60	1	1 0 1 1 0 0 0 0 1 1 0 0 0 0 0 0 0 0 0 0
60	3	1 0 1 1 0 0 0 0 1 1 0 0 0 0 1 0 1 0 0 0
60	5	1 0 1 1 1 0 0 0 1 1 0 0 0 0 0 0 1 0 0 0
60	4	1 0 1 1 0 1 0 1 1 1 0 0 0 0 0 0 1 0 0 0
60	1	0 1 1 1 0 0 0 0 1 1 1 1 0 0 1 0 0 1 0 0
60	3	1 1 1 1 0 0 0 1 1 1 0 0 0 0 0 0 1 0 0 0
60	1	1 0 1 1 0 0 0 0 1 1 0 0 0 1 0 0 1 0 1 0
60	1	0 1 1 1 0 0 0 0 1 1 0 0 0 0 0 0 1 0 1 0
60	3	1 0 1 1 0 0 0 0 1 1 0 0 0 0 1 0 1 0 0 1
60	3	1 0 1 1 0 0 0 0 1 1 0 1 0 0 0 0 1 0 0 0
60	2	1 0 0 1 0 0 0 0 1 1 0 0 0 0 0 0 1 0 0 0
60	1	1 0 1 1 0 0 0 0 1 1 0 0 0 0 0 0 1 0 0 1
60	1	1 0 1 1 0 0 0 0 1 1 1 0 0 0 0 0 1 0 0 0
60	3	1 0 1 1 0 1 0 1 1 1 0 0 0 0 0 0 0 0 0 0
60	4	1 1 1 1 0 0 0 0 1 1 0 0 0 0 0 0 1 0 1 0
60	2	1 0 1 0 0 1 0 1 1 1 1 0 0 0 0 0 1 0 0 0
60	1	1 0 1 1 0 0 0 0 1 1 0 0 0 0 0 0 1 1 1 0
60	3	1 0 1 1 0 0 0 0 1 1 0 0 0 0 0 0 0 1 0 0
60	4	1 1 0 1 0 0 0 0 1 1 0 0 0 0 0 0 1 0 0 0
60	1	0 0 1 1 0 0 0 0 1 1 0 0 0 0 0 0 1 0 0 0
60	1	1 0 1 1 0 0 0 0 0 1 0 0 0 0 0 0 1 0 0 0
60	1	1 0 1 1 0 0 0 0 0 1 0 0 0 0 0 0 1 0 1 0
60	1	1 0 1 1 0 0 0 1 1 1 0 1 0 0 0 0 1 0 0 0
60	1	1 0 1 1 1 0 0 0 1 1 0 0 0 0 0 0 1 0 1 0
60	2	0 0 1 1 0 0 0 0 1 1 0 0 0 0 0 0 1 0 1 0
60	1	1 0 1 0 0 0 0 0 1 1 0 0 0 0 1 0 1 0 0 0
60	2	1 0 1 1 0 0 0 0 1 1 0 0 0 0 1 0 1 0 1 0
60	1	0 1 0 0 0 0 0 1 1 0 0 0 0 1 0 0 1 0 1 0
60	2	0 1 1 1 0 1 0 1 1 1 0 0 0 0 0 0 1 0 0 0
60	1	0 0 1 1 0 0 0 0 1 1 0 0 0 1 0 0 1 0 1 0
60	1	1 0 1 1 0 0 0 0 1 1 0 1 0 0 0 0 0 1 0 0
60	1	0 0 1 1 0 0 0 0 1 1 1 0 0 1 0 0 1 0 0 0
60	1	0 1 0 0 0 0 0 1 1 0 0 0 0 1 0 0 1 1 1 0
60	1	1 0 1 1 0 0 0 0 1 0 1 0 0 1 0 0 1 0 0 0
60	1	1 0 1 1 0 0 0 1 1 0 0 1 0 0 0 0 1 0 0 0
60	1	1 0 1 1 0 0 0 0 1 1 0 0 1 0 0 0 1 0 0 0
60	1	1 0 1 1 0 0 1 0 1 1 0 0 0 0 0 0 1 0 0 0
60	2	1 0 1 1 1 0 1 0 1 1 0 0 0 0 0 0 1 0 0 0
60	1	0 0 1 1 0 0 0 0 1 1 0 0 0 1 0 0 1 0 0 0
80	14	1 0 1 1 0 0 0 0 1 1 0 0 0 0 0 0 1 0 0 0
80	1	1 0 1 1 0 0 0 1 1 1 0 0 0 0 0 0 1 0 0 0
80	1	0 1 0 1 0 0 0 0 1 1 0 0 0 0 0 0 1 0 0 0
80	1	1 1 1 1 0 0 0 1 1 1 0 0 0 0 0 0 1 0 0 0
80	3	1 0 1 1 0 0 0 0 1 1 0 0 0 0 0 0 1 1 0 0
80	1	1 0 1 1 0 0 0 0 1 1 0 0 0 1 0 0 1 0 1 0
80	1	1 0 1 1 0 0 0 0 1 1 0 0 0 0 1 0 1 0 0 1
80	3	1 0 1 1 0 0 0 0 1 1 0 1 0 0 0 0 1 0 0 0
80	4	1 0 0 1 0 0 0 0 1 1 0 0 0 0 0 0 1 0 0 0
80	3	1 0 1 1 0 0 0 0 1 1 0 0 0 0 0 0 1 0 0 1
80	3	1 0 1 1 0 1 0 1 1 1 0 0 0 0 0 0 0 0 0 0
80	4	1 1 1 1 0 0 0 0 1 1 0 0 0 0 0 0 1 0 1 0
80	2	1 0 1 0 0 1 0 1 1 1 1 0 0 0 0 0 1 0 0 0
80	1	1 0 1 1 0 0 0 0 1 1 0 0 0 0 0 0 1 1 1 0
80	1	1 0 1 1 0 0 0 0 1 1 0 0 0 0 0 0 0 1 0 0
80	1	1 1 0 1 0 0 0 0 1 1 0 0 0 0 0 0 1 0 0 0
80	2	0 0 1 1 0 0 0 0 1 1 0 0 0 0 0 0 1 0 0 0
80	2	1 0 1 1 0 0 0 0 0 1 0 0 0 0 0 0 1 0 0 0
80	4	1 0 1 1 0 0 0 0 0 1 0 0 0 0 0 0 1 0 1 0
80	1	0 0 1 1 0 0 0 0 1 1 0 0 0 0 0 0 1 0 1 0
80	1	1 1 1 1 0 0 0 0 1 1 0 0 0 0 0 0 1 0 0 0
80	1	1 0 1 1 0 0 0 0 1 1 0 1 0 0 0 0 0 1 0 0
80	2	1 0 1 1 0 0 1 0 1 1 0 0 0 0 0 0 1 0 0 0
80	1	1 0 1 0 0 1 0 1 1 1 1 0 0 0 1 0 1 0 0 0
80	1	0 1 1 1 0 0 0 0 1 1 0 0 0 0 1 0 1 0 1 0
80	4	1 0 1 1 0 0 0 0 1 1 0 0 1 0 0 0 1 0 1 0
80	2	1 0 1 1 0 0 0 0 1 0 0 0 0 0 0 0 1 0 0 0
80	3	1 0 1 1 0 0 0 0 1 1 0 0 0 0 0 1 0 1 0 0
80	2	1 1 1 1 0 0 0 0 1 1 0 0 0 0 0 0 0 0 0 0
80	2	1 1 1 1 0 0 0 0 1 1 0 0 0 0 0 0 1 0 0 1
80	1	0 1 0 0 0 0 1 0 1 0 1 0 0 1 1 1 0 0 0 0
80	1	1 1 1 0 0 0 0 0 1 1 0 0 0 0 0 0 1 0 0 0
80	1	1 0 1 1 0 0 0 0 1 1 0 1 1 0 0 0 1 1 1 0
80	1	1 1 0 1 0 0 0 0 1 0 1 0 0 1 1 1 0 0 0 0
80	1	1 1 1 1 0 0 0 0 1 1 0 0 0 0 0 0 0 1 0 0
80	1	1 0 1 1 0 0 0 0 1 1 1 0 0 0 0 0 1 0 0 1
80	1	1 0 1 1 0 0 0 1 1 1 0 0 0 0 0 0 0 0 0 0
80	1	1 1 1 1 0 0 0 0 0 1 0 0 0 0 0 0 1 0 1 0
80	1	1 0 1 1 1 0 0 0 1 1 0 0 0 0 1 0 1 0 0 0
80	1	1 1 1 1 0 0 1 0 1 1 0 0 0 0 0 0 1 0 0 0
80	1	1 0 1 1 0 0 0 0 0 1 0 1 0 0 0 0 1 0 1 0
80	1	1 0 1 0 0 0 0 0 1 1 0 0 0 0 0 0 1 0 1 0
80	1	1 1 1 1 0 1 0 1 1 1 0 0 0 1 0 0 1 0 0 0
80	2	1 1 1 1 0 0 0 0 1 1 0 0 0 0 0 0 1 1 1 0
80	1	1 0 1 1 0 0 0 0 1 1 0 0 0 0 0 0 0 0 0 0
80	1	0 1 1 1 0 0 0 0 1 1 1 0 0 0 0 0 1 0 0 1
80	1	1 0 1 1 0 0 0 0 1 0 0 0 0 0 0 0 1 0 0 1
80	1	1 0 1 1 0 0 0 0 1 1 0 0 1 0 1 0 1 0 1 0
80	3	1 0 1 1 0 0 0 0 1 1 0 1 1 0 0 0 1 0 1 0
80	1	0 1 1 1 0 0 0 0 1 0 0 0 0 0 0 0 0 0 0 0
80	1	1 0 1 1 0 0 0 0 0 1 0 0 0 1 0 0 1 0 1 0
80	2	1 0 1 1 1 1 1 1 1 1 0 0 0 0 0 0 0 0 0 0
80	1	0 1 1 1 0 0 0 0 0 1 0 0 0 0 0 0 1 0 1 0
80	1	1 0 1 0 0 0 0 0 1 1 0 0 0 0 0 0 1 0 0 0
100	4	1 0 1 1 0 0 0 0 1 1 0 0 0 0 0 0 1 0 0 0
100	6	1 0 1 1 0 0 0 0 1 1 0 0 0 0 0 0 1 0 1 0
100	3	1 0 1 1 0 0 0 0 1 1 0 0 0 0 1 0 1 0 0 0
100	1	0 1 0 1 0 0 0 0 1 1 0 0 0 0 0 0 1 0 0 0
100	1	1 0 1 1 0 0 0 0 1 1 0 0 0 0 0 0 1 1 0 0
100	2	1 0 1 1 0 0 0 0 1 1 0 1 0 0 0 0 1 0 0 0
100	2	1 1 1 1 0 0 0 0 1 1 0 0 0 0 0 0 1 0 1 0
100	3	1 0 1 1 0 0 0 0 0 1 0 0 0 0 0 0 1 0 1 0
100	2	0 0 1 1 0 0 0 0 1 1 0 0 0 0 0 0 1 0 1 0
100	2	1 1 1 1 0 0 0 0 1 1 0 0 0 0 0 0 1 0 0 0
100	2	1 0 1 0 0 1 0 1 1 1 1 0 0 0 1 0 1 0 0 0
100	1	1 0 1 1 0 0 0 0 1 1 0 0 1 0 0 0 1 0 1 0
100	4	1 1 1 1 0 0 0 0 1 1 0 0 0 0 0 0 0 0 0 0
100	1	1 0 1 1 0 1 0 1 0 1 0 0 0 0 0 0 0 0 0 0
100	6	0 1 1 1 0 0 0 1 1 1 0 0 0 0 0 0 0 0 0 0
100	1	1 0 1 1 1 1 0 1 1 1 0 0 0 0 0 0 0 0 0 0
100	2	1 1 1 1 0 0 1 1 1 1 0 0 0 0 0 0 1 0 0 0
100	1	1 0 1 1 0 0 0 0 1 1 1 0 0 0 0 0 1 0 0 1
100	1	1 0 1 1 0 0 0 0 0 1 0 0 0 0 0 1 1 0 0 0
100	1	1 0 1 1 0 0 0 1 1 1 0 0 0 0 0 0 0 0 0 0
100	5	1 1 1 1 0 0 0 0 0 1 0 0 0 0 0 0 1 0 1 0
100	5	1 1 1 1 0 0 0 0 1 1 0 0 0 1 0 0 1 1 0 0
100	2	1 1 1 1 0 0 1 0 1 1 0 0 0 0 0 0 1 0 0 0
100	2	1 0 1 1 0 0 0 0 0 1 0 1 0 0 0 0 1 0 1 0
100	1	1 1 1 1 0 0 0 0 1 1 0 0 0 0 0 1 1 0 0 1
100	1	1 0 1 1 0 0 0 0 1 1 0 0 0 0 0 0 0 0 0 0
100	3	1 0 1 1 0 0 0 0 1 1 0 1 1 0 0 0 1 0 1 0
100	1	0 1 1 1 0 0 0 0 1 1 0 0 0 1 0 0 1 0 1 0
100	1	1 0 1 1 0 1 0 1 1 0 0 0 0 0 0 0 0 0 0 0
100	1	1 0 1 1 0 0 0 0 1 1 0 1 0 0 0 0 1 0 1 0
100	1	1 1 1 1 0 1 0 1 1 1 0 0 0 0 0 0 0 0 0 0
100	3	1 1 0 1 0 0 0 0 1 1 0 0 0 0 0 0 0 0 0 0
100	1	1 0 1 1 0 0 0 0 1 1 0 0 0 0 0 1 1 0 0 0
100	2	1 0 1 1 0 0 0 1 1 1 0 0 0 0 0 0 0 1 0 0
100	1	1 0 1 1 1 0 0 0 1 1 0 0 0 0 0 0 1 1 0 0
100	1	1 0 1 1 0 0 1 0 1 1 0 0 1 0 0 0 0 1 0 0
100	4	1 1 1 1 0 0 1 0 1 1 0 0 0 1 0 0 1 0 0 0
100	1	1 0 1 1 1 1 0 1 1 1 0 0 0 0 0 0 1 0 0 0
100	2	1 0 1 1 0 0 0 0 0 1 0 0 0 0 0 0 1 0 0 1
100	1	1 0 1 1 0 0 0 0 1 1 1 0 0 0 0 0 1 0 0 0
100	2	1 1 1 1 0 0 0 0 1 1 0 0 0 0 0 1 0 0 0 0
100	1	1 1 1 1 0 0 0 0 1 1 0 0 0 0 1 0 0 0 0 0
100	1	1 0 1 0 0 1 0 1 1 1 0 0 0 0 1 0 1 0 0 0
100	1	1 0 1 1 1 1 0 1 1 1 0 0 0 0 0 0 0 0 1 0
100	1	0 1 0 1 0 0 0 0 1 1 0 0 0 1 1 0 0 0 1 0
100	1	1 0 1 0 0 0 0 1 1 1 0 0 0 0 0 0 0 0 0 0
100	1	1 0 1 1 0 0 0 0 0 1 0 0 0 0 0 0 0 0 0 0
100	1	1 1 0 1 0 0 0 0 1 1 1 0 0 0 0 0 1 0 0 0
100	1	0 1 1 1 0 0 0 0 1 1 0 0 0 0 1 0 0 0 0 0
100	1	1 1 1 1 0 0 1 1 0 1 0 0 0 0 0 0 1 0 1 0
100	2	1 0 1 1 0 0 0 0 0 1 0 0 0 1 0 0 1 0 1 0
100	1	0 0 1 1 0 0 0 0 1 1 0 0 0 0 1 0 0 0 0 0
100	1	1 1 1 1 0 0 0 0 1 1 0 1 0 0 0 0 1 0 0 0
120	3	1 0 1 1 0 0 0 0 1 1 0 0 0 0 0 0 1 0 1 0
120	1	1 1 1 1 0 0 0 0 1 1 0 0 0 0 0 0 1 0 1 0
120	1	1 0 1 1 0 0 0 0 0 1 0 0 0 0 0 0 1 0 0 0
120	1	0 0 1 1 0 0 0 0 1 1 0 0 0 0 0 0 1 0 1 0
120	1	1 0 1 1 0 0 0 0 1 1 0 1 0 0 0 0 0 1 0 0
120	3	1 0 1 1 0 0 0 0 1 1 0 0 1 0 0 0 1 0 1 0
120	1	1 0 1 1 0 0 0 0 1 1 0 0 0 0 0 1 0 1 0 0
120	11	1 1 1 1 0 0 0 0 1 1 0 0 0 0 0 0 0 0 0 0
120	4	0 1 1 1 0 0 0 1 1 1 0 0 0 0 0 0 0 0 0 0
120	1	1 0 1 1 1 1 0 1 1 1 0 0 0 0 0 0 0 0 0 0
120	5	1 0 1 1 0 0 0 0 0 1 0 1 0 0 0 0 1 0 1 0
120	3	1 0 1 1 0 0 0 0 1 1 0 0 0 0 0 0 0 0 0 0
120	2	0 1 1 1 0 0 0 0 1 1 0 0 0 1 0 0 1 0 1 0
120	3	1 1 0 1 0 0 0 0 1 1 0 0 0 0 0 0 0 0 0 0
120	5	1 0 1 1 0 0 0 1 1 1 0 0 0 0 0 0 0 1 0 0
120	4	1 0 1 1 1 1 0 1 1 1 0 0 0 0 0 0 1 0 0 0
120	1	1 0 1 1 0 0 0 0 0 1 0 0 0 0 0 0 1 0 0 1
120	2	1 0 1 0 0 1 0 1 1 1 0 0 0 0 1 0 1 0 0 0
120	3	1 0 1 1 1 1 0 1 1 1 0 0 0 0 0 0 0 0 1 0
120	1	1 1 1 1 0 1 0 1 1 1 0 0 0 0 0 1 0 0 0 0
120	1	1 0 1 1 0 0 0 0 0 1 0 0 0 1 0 0 1 0 1 0
120	2	0 1 1 1 1 0 0 0 1 0 0 0 0 0 0 0 1 1 0 0
120	3	0 1 1 1 0 0 0 1 1 1 1 0 0 0 0 0 0 0 0 0
120	1	0 1 0 1 0 0 0 0 1 1 0 0 0 1 1 0 0 0 1 1
120	1	1 0 1 1 0 0 0 0 1 1 0 1 1 0 0 0 1 0 0 0
120	3	1 1 0 1 0 0 0 0 1 1 0 0 0 0 0 0 1 0 1 0
120	1	1 1 0 1 0 0 0 0 1 1 0 0 0 0 0 0 0 0 0 1
120	1	1 0 1 1 0 1 0 1 1 1 1 0 0 0 0 1 0 0 0 0
120	2	1 1 1 0 0 0 0 0 1 1 0 0 0 1 1 0 0 0 1 0
120	2	1 0 1 1 0 0 0 0 0 1 0 1 0 0 0 0 1 1 0 0
120	1	1 0 1 1 0 1 0 1 1 1 0 0 0 0 0 0 1 0 0 0
120	2	0 1 0 1 0 0 0 0 1 1 0 0 0 0 0 0 0 0 0 0
120	4	0 1 1 1 0 0 0 0 1 1 0 0 0 0 0 0 1 0 1 0
120	2	1 1 0 1 0 0 0 0 0 1 0 0 0 0 0 0 1 0 1 0
120	2	1 0 1 1 0 0 0 0 1 1 0 0 0 0 0 1 0 0 0 0
120	1	1 0 1 1 0 0 0 0 0 1 0 0 0 1 0 1 1 0 1 0
120	1	0 1 0 1 0 0 0 1 1 1 0 0 0 1 1 0 0 0 1 0
120	1	1 1 1 1 0 0 0 1 0 1 0 1 0 0 0 0 1 0 1 0
120	1	1 0 1 1 0 0 0 0 1 1 0 0 0 0 0 0 0 0 1 0
120	2	1 1 1 1 0 0 0 0 1 1 0 0 0 1 0 1 1 0 1 0
120	1	1 0 1 1 0 0 0 1 1 1 0 1 0 0 0 0 0 1 0 0
120	1	1 1 1 1 1 1 0 1 1 1 0 0 0 1 0 0 1 0 0 0
120	1	1 1 1 1 1 0 0 0 1 1 0 0 0 0 0 0 0 0 0 0
120	1	0 1 1 1 0 0 0 1 1 1 0 1 0 0 0 0 1 0 1 0
120	2	1 0 1 1 0 0 0 1 1 1 0 1 0 0 0 0 0 0 0 0
120	1	1 0 1 1 0 0 0 1 1 1 0 0 0 1 0 0 1 0 1 0
120	1	0 1 0 1 0 0 0 1 1 1 0 0 0 0 0 0 1 1 0 0
120	1	0 1 1 1 0 0 0 0 1 1 0 0 0 0 0 1 1 0 1 0
120	1	1 1 1 1 0 0 0 0 0 1 0 0 0 0 0 1 1 0 1 0
140	5	1 0 1 1 0 0 0 0 1 1 0 0 0 0 0 0 1 0 1 0
140	4	1 1 1 1 0 0 0 0 1 1 0 0 0 0 0 0 1 0 1 0
140	2	0 0 1 1 0 0 0 0 1 1 0 0 0 0 0 0 1 0 1 0
140	1	1 1 1 1 0 0 0 0 1 1 0 0 0 0 0 0 0 0 0 0
140	1	0 1 1 1 0 0 0 1 1 1 0 0 0 0 0 0 0 0 0 0
140	5	1 0 1 1 0 0 0 0 1 1 0 0 0 0 0 0 0 0 0 0
140	5	0 1 1 1 0 0 0 0 1 1 0 0 0 1 0 0 1 0 1 0
140	1	1 0 1 1 0 0 0 1 1 1 0 0 0 0 0 0 0 1 0 0
140	6	1 0 1 1 1 1 0 1 1 1 0 0 0 0 0 0 1 0 0 0
140	1	1 0 1 1 0 0 0 1 0 1 0 1 0 0 0 0 1 0 1 0
140	1	1 0 1 1 1 1 0 1 1 1 0 0 0 0 0 0 0 0 1 0
140	2	1 1 1 1 0 0 0 0 1 0 0 0 0 0 0 0 0 0 0 0
140	2	1 1 0 1 0 0 0 0 1 1 0 0 0 0 0 0 0 0 0 1
140	5	1 1 0 1 0 0 0 0 1 1 0 1 0 0 0 0 1 0 1 0
140	3	1 1 1 0 0 0 0 0 1 1 0 0 0 1 1 0 0 0 1 0
140	1	1 0 1 1 0 0 0 0 0 1 0 1 0 0 0 0 1 1 0 0
140	4	0 1 1 1 0 0 0 0 1 1 0 0 0 0 0 0 1 0 1 0
140	1	1 1 0 1 0 0 0 0 0 1 0 0 0 0 0 0 1 0 1 0
140	1	1 0 1 1 0 0 0 0 1 1 0 0 0 0 0 1 0 0 0 0
140	1	0 1 0 1 0 0 0 1 1 1 0 0 0 1 1 0 0 0 1 0
140	1	1 1 1 1 0 0 0 0 0 1 0 1 0 0 0 0 1 0 1 0
140	2	1 0 1 1 0 0 0 0 1 1 0 0 0 0 0 0 0 0 1 0
140	1	1 0 1 1 0 0 0 1 1 1 0 1 0 0 0 0 0 0 0 0
140	1	1 1 1 1 0 0 0 0 0 1 0 0 0 0 0 1 1 0 1 0
140	1	1 1 1 1 0 0 0 0 0 1 0 0 0 0 0 0 1 0 0 0
140	1	1 0 1 1 0 0 0 1 1 1 0 0 0 0 0 0 0 0 0 0
140	1	1 1 0 1 0 0 0 0 1 1 0 0 0 0 0 0 1 0 1 1
140	1	1 0 1 1 0 0 0 0 1 1 0 0 0 0 0 0 1 1 1 0
140	6	0 1 1 1 0 0 0 1 1 1 0 0 0 0 0 0 0 0 1 0
140	2	1 0 1 1 0 0 0 0 1 1 0 1 0 0 0 0 0 0 0 0
140	2	1 1 1 1 0 1 0 0 0 1 0 1 0 0 0 0 1 0 1 0
140	1	1 1 0 1 0 0 0 0 1 1 0 0 0 0 0 0 1 1 1 0
140	1	1 1 1 1 0 0 1 0 1 1 0 0 0 0 0 0 0 0 1 0
140	2	1 0 1 1 0 0 0 0 1 0 0 0 0 0 0 0 1 0 1 0
140	1	1 1 1 1 0 0 0 1 1 1 0 0 0 0 0 0 0 0 0 0
140	1	0 1 1 1 0 0 0 0 1 1 0 0 0 1 0 0 1 1 0 0
140	1	1 0 1 0 0 0 0 0 1 1 0 0 1 0 0 0 1 0 1 0
140	1	1 0 1 1 0 0 0 0 1 0 1 0 1 0 0 0 1 0 1 0
140	3	1 0 1 1 0 0 0 0 1 1 0 0 0 1 0 1 1 0 1 0
140	1	1 0 1 1 0 0 0 1 0 1 0 0 0 0 0 0 0 1 0 0
140	1	1 1 1 0 0 0 1 0 1 1 0 0 0 1 1 0 0 0 1 0
140	1	1 1 1 1 0 0 0 1 1 1 0 0 0 0 0 0 0 0 0 1
140	1	1 1 1 1 1 0 0 0 1 1 0 0 0 0 0 0 0 0 0 0
140	1	0 1 1 1 0 0 0 0 1 0 0 0 0 0 0 0 1 0 1 0
140	1	1 1 1 1 0 0 0 0 1 1 0 0 0 0 1 0 0 1 0 0
140	1	0 0 1 1 0 0 0 0 1 1 0 0 0 0 0 1 0 0 1 0
140	1	1 1 1 1 1 1 0 1 1 1 0 0 0 0 0 1 0 0 1 0
140	1	0 1 1 1 0 0 0 0 1 1 0 0 0 0 0 0 0 0 0 0
140	1	1 1 1 1 0 0 0 1 1 1 0 0 0 0 0 1 0 0 0 1
140	1	1 1 1 1 0 0 0 1 1 0 0 0 0 0 0 0 0 1 0 0
140	1	1 1 1 1 0 0 0 0 0 1 0 0 0 0 0 1 0 0 1 0
140	1	1 1 1 1 0 0 0 0 1 1 0 0 0 0 0 0 0 0 1 0
140	1	1 0 1 1 1 1 0 1 1 1 0 0 0 1 1 0 0 0 1 0
140	1	0 1 1 0 0 0 0 1 1 1 0 0 0 0 0 0 1 0 1 0
140	1	1 1 0 1 0 0 0 1 1 1 0 0 0 0 0 0 0 0 0 1
140	1	1 1 1 1 0 1 0 1 1 1 0 0 0 0 1 0 1 0 0 0
140	1	0 1 1 1 0 0 0 0 1 1 0 0 0 0 0 1 0 0 0 0
160	1	1 0 1 1 0 0 0 0 1 1 0 0 0 0 0 0 1 0 1 0
160	5	1 1 1 1 0 0 0 0 1 1 0 0 0 0 0 0 1 0 1 0
160	4	0 0 1 1 0 0 0 0 1 1 0 0 0 0 0 0 1 0 1 0
160	2	1 1 1 1 0 0 0 0 1 1 0 0 0 0 0 0 0 0 0 0
160	4	1 0 1 1 0 0 0 0 1 1 0 0 0 0 0 0 0 0 0 0
160	1	0 1 1 1 0 0 0 0 1 1 0 0 0 1 0 0 1 0 1 0
160	1	1 0 1 1 1 1 0 1 1 1 0 0 0 0 0 0 1 0 0 0
160	2	1 0 1 1 1 1 0 1 1 1 0 0 0 0 0 0 0 0 1 0
160	2	1 1 0 1 0 0 0 0 1 1 0 1 0 0 0 0 1 0 1 0
160	2	1 1 1 0 0 0 0 0 1 1 0 0 0 1 1 0 0 0 1 0
160	4	0 1 1 1 0 0 0 0 1 1 0 0 0 0 0 0 1 0 1 0
160	3	1 1 1 1 0 0 0 0 1 1 0 0 0 1 0 1 1 0 1 0
160	4	1 0 1 1 0 0 0 1 1 1 0 1 0 0 0 0 0 0 0 0
160	1	0 1 1 1 0 0 0 1 1 1 0 0 0 0 0 0 0 0 1 0
160	2	1 0 1 1 0 0 0 0 1 1 0 1 0 0 0 0 0 0 0 0
160	1	0 1 1 1 0 0 0 1 1 1 0 0 0 0 0 0 1 0 1 0
160	7	0 1 1 0 0 0 0 1 1 1 0 0 0 0 0 0 0 0 0 0
160	3	1 0 1 1 1 0 0 1 1 1 0 0 0 0 0 0 0 1 0 0
160	2	1 0 1 1 0 0 0 0 1 0 0 0 0 0 0 0 1 0 1 0
160	2	0 1 1 1 0 0 0 1 1 1 0 0 0 0 0 0 0 0 1 1
160	1	1 0 1 1 0 0 0 0 1 0 1 0 1 0 0 0 1 0 1 0
160	1	1 0 1 1 0 0 0 0 1 1 0 0 0 1 0 1 1 0 1 0
160	1	1 1 1 1 0 0 0 1 1 1 0 0 0 0 0 1 0 0 0 1
160	1	1 0 1 1 0 0 0 0 1 1 0 1 0 0 0 0 1 1 0 0
160	1	0 1 1 1 0 0 0 1 1 1 0 0 0 1 0 0 1 0 1 0
160	4	1 0 1 1 0 0 0 0 0 1 0 0 0 0 0 1 0 0 1 0
160	1	0 1 1 0 0 0 0 0 1 1 0 0 0 1 1 0 0 0 1 0
160	2	1 1 0 1 0 0 0 0 1 1 0 0 0 0 0 1 0 1 0 0
160	3	1 0 1 1 0 0 0 0 0 1 0 1 0 0 0 0 1 1 1 0
160	1	0 1 1 1 0 1 0 0 1 1 0 0 0 0 0 0 1 0 1 0
160	3	1 1 1 1 0 0 0 1 1 0 0 0 0 0 0 0 0 0 1 0
160	1	1 1 1 1 0 0 0 0 1 1 0 1 0 0 0 0 1 0 1 0
160	2	1 1 1 0 0 0 0 0 1 1 0 1 0 1 1 0 0 0 1 0
160	1	0 1 1 1 0 0 0 0 1 1 0 0 0 1 0 0 0 1 0 0
160	1	0 1 0 1 0 1 0 1 1 1 0 0 0 1 1 0 0 0 1 0
160	2	1 1 1 1 0 0 1 0 1 1 0 0 0 0 0 0 1 0 1 0
160	1	1 0 1 1 0 0 0 0 1 1 1 1 1 0 0 0 0 0 0 0
160	2	1 0 1 1 1 1 0 1 1 1 1 0 0 0 0 0 1 0 0 0
160	2	0 1 0 1 0 0 0 0 1 1 0 0 0 0 0 0 1 0 1 0
160	1	1 1 1 1 0 0 0 0 1 0 1 0 0 0 0 0 0 0 0 0
160	2	0 0 1 1 0 0 0 1 1 1 0 0 0 0 0 0 0 0 1 1
160	1	0 1 1 1 1 1 0 1 1 1 0 0 0 0 0 0 1 0 0 0
160	1	1 0 0 1 0 0 0 0 1 1 0 0 0 0 0 0 0 0 0 0
160	1	1 0 1 1 0 0 0 0 1 1 0 1 0 1 0 0 1 0 1 0
160	1	1 1 1 1 0 0 0 1 1 1 0 1 0 0 0 0 0 0 0 0
160	1	1 1 1 1 0 0 1 0 1 1 0 0 0 0 0 0 1 0 0 0
160	1	1 1 1 1 1 1 0 1 1 0 0 0 0 1 0 0 0 0 0 0
160	1	0 1 1 0 0 0 0 1 1 1 0 1 0 0 0 0 1 0 1 0
160	1	1 1 0 1 0 1 0 0 1 1 0 1 0 0 0 0 1 0 1 0
160	1	0 1 1 1 0 0 0 0 1 1 0 0 0 0 0 1 1 0 1 0
160	1	0 0 1 1 0 0 0 1 1 1 0 1 0 0 0 0 0 0 0 0
160	1	1 1 1 1 0 0 0 0 1 1 0 0 0 0 0 0 0 0 1 0
160	1	1 1 1 1 0 0 0 1 1 0 0 0 0 1 0 0 0 0 1 0
160	1	0 1 1 1 0 1 0 1 1 1 0 0 0 1 1 0 0 0 1 0
180	8	1 1 1 1 0 0 0 0 1 1 0 0 0 0 0 0 1 0 1 0
180	2	1 1 1 1 0 0 0 0 1 1 0 0 0 0 0 0 0 0 0 0
180	1	0 1 1 1 0 0 0 1 1 1 0 0 0 0 0 0 0 0 0 0
180	2	1 0 1 1 0 0 0 0 1 1 0 0 0 0 0 0 0 0 0 0
180	2	1 0 1 1 0 0 0 0 1 1 0 1 0 0 0 0 1 0 1 0
180	1	1 1 1 1 0 0 0 0 1 1 0 0 0 1 0 1 1 0 1 0
180	2	1 0 1 1 0 0 0 1 1 1 0 1 0 0 0 0 0 0 0 0
180	5	0 1 1 1 0 0 0 1 1 1 0 0 0 0 0 0 0 0 1 0
180	3	1 0 1 1 0 0 0 0 1 1 0 1 0 0 0 0 0 0 0 0
180	1	0 1 1 0 0 0 0 1 1 1 0 0 0 0 0 0 0 0 0 0
180	1	1 0 1 1 1 0 0 1 1 1 0 0 0 0 0 0 0 1 0 0
180	5	1 1 1 1 0 0 0 1 1 1 0 0 0 0 0 0 0 0 0 0
180	2	1 0 1 1 0 0 0 0 1 1 0 0 0 1 0 1 1 0 1 0
180	2	0 1 1 1 0 0 0 0 1 1 0 0 0 0 0 0 0 0 0 0
180	1	1 1 1 1 0 0 0 1 1 1 0 0 0 0 0 1 0 0 0 1
180	2	1 0 1 1 0 0 0 1 1 1 0 0 0 0 0 1 0 0 0 0
180	1	1 1 0 1 0 0 0 0 1 1 0 0 0 0 0 1 0 1 0 0
180	3	0 1 1 1 0 1 0 0 1 1 0 0 0 0 0 0 1 0 1 0
180	1	1 1 1 1 0 0 0 1 1 0 0 0 0 0 0 0 0 0 1 0
180	4	1 1 1 1 0 0 1 0 1 1 0 0 0 0 0 0 1 0 1 0
180	2	1 0 1 1 0 0 0 0 1 1 1 1 1 0 0 0 0 0 0 0
180	1	0 1 1 0 0 0 0 0 1 1 0 0 0 0 0 0 1 0 1 0
180	2	1 1 1 1 0 1 0 0 1 1 0 0 0 0 0 0 0 0 0 0
180	2	1 0 1 1 0 0 0 0 1 1 1 0 0 0 0 0 0 0 0 0
180	1	1 1 1 1 0 0 0 0 1 0 0 0 0 0 0 0 1 0 1 0
180	3	0 0 1 1 0 0 0 1 1 1 0 1 0 0 0 0 0 0 0 0
180	1	0 1 1 1 0 1 0 1 1 1 0 0 0 0 0 0 0 0 0 0
180	1	1 1 1 1 0 0 0 0 1 1 1 0 0 0 1 0 1 0 1 0
180	1	1 0 0 1 1 1 0 1 1 1 0 0 0 0 0 0 0 1 0 0
180	1	1 1 1 1 0 0 0 0 1 1 0 0 1 0 0 0 1 0 1 0
180	2	1 1 1 1 0 0 0 0 1 1 0 1 0 0 0 1 1 0 1 0
180	1	1 0 1 1 1 0 0 0 1 1 0 0 0 0 0 0 1 0 1 0
180	1	1 1 1 1 0 0 0 0 1 1 1 0 0 1 0 1 1 0 1 0
180	1	0 1 1 0 0 0 0 1 1 1 0 1 0 0 0 0 0 0 0 0
180	1	1 0 1 1 0 0 1 0 1 1 0 0 0 0 0 0 1 0 1 0
180	1	1 0 1 1 0 0 0 0 1 1 0 1 0 0 1 0 0 0 1 0
180	1	1 1 0 1 0 0 0 1 0 1 0 1 0 0 0 0 1 1 1 0
180	1	0 1 1 1 0 0 0 0 1 1 0 0 1 0 0 0 0 0 0 0
180	2	1 1 1 1 0 0 0 1 1 0 0 0 0 0 0 1 0 0 0 1
180	1	0 1 1 1 0 0 0 0 1 1 0 0 0 0 1 0 1 0 1 0
180	4	0 0 1 1 0 0 0 1 1 1 0 1 0 0 0 0 0 1 0 0
180	1	1 0 1 1 1 0 0 0 1 1 0 1 0 0 0 0 0 0 0 0
180	1	1 0 1 1 1 0 0 0 1 1 0 1 0 0 1 0 1 0 1 0
180	1	1 1 1 1 0 0 1 0 1 1 0 1 0 0 1 0 1 0 1 0
180	2	0 1 1 1 0 1 0 0 1 1 0 0 0 0 0 1 1 0 1 0
180	1	0 0 1 1 0 0 0 0 1 1 0 0 0 0 0 0 0 0 0 0
180	1	0 1 1 1 1 0 0 1 1 1 0 0 0 0 1 0 0 1 0 0
180	1	0 0 1 1 0 0 0 0 0 1 0 1 0 0 0 0 1 1 1 0
180	2	1 1 1 1 0 1 0 0 1 1 0 1 0 0 0 0 1 1 1 0
180	1	1 1 1 1 0 0 0 1 1 1 0 1 0 0 0 0 0 0 0 0
180	1	0 1 1 1 0 0 0 0 1 1 0 1 0 0 0 0 1 0 1 0
180	1	1 1 1 1 0 1 1 0 1 1 0 0 0 0 0 0 1 0 1 0
180	2	1 1 1 1 1 0 0 1 1 1 0 0 0 0 0 0 0 1 0 0
180	1	1 1 1 1 1 0 1 0 1 1 0 0 0 1 0 0 1 0 1 0
180	1	1 1 0 1 1 0 0 0 1 1 1 0 0 0 0 1 0 1 0 0
180	1	1 1 1 1 0 0 0 0 1 1 0 0 0 0 0 0 0 0 1 0
180	1	1 0 1 1 0 0 0 0 1 1 1 1 1 0 1 0 0 0 0 0
180	1	0 1 1 1 0 1 0 0 0 1 0 0 0 0 0 0 1 0 1 0
200	7	1 1 1 1 0 0 0 0 1 1 0 0 0 0 0 0 1 0 1 0
200	3	1 1 1 1 0 0 0 0 1 1 0 0 0 0 0 0 0 0 0 0
200	2	1 0 1 1 0 0 0 0 1 1 0 0 0 0 0 0 0 0 0 0
200	7	0 1 1 1 0 0 0 0 1 1 0 0 0 0 0 0 1 0 1 0
200	1	1 0 1 1 0 0 0 0 1 1 0 1 0 0 0 0 1 0 1 0
200	2	1 0 1 1 0 0 0 1 1 1 0 1 0 0 0 0 0 0 0 0
200	2	1 0 1 1 0 0 0 0 1 1 0 1 0 0 0 0 0 0 0 0
200	2	1 1 1 1 0 0 0 1 1 1 0 0 0 0 0 0 0 0 0 0
200	4	1 0 1 1 0 0 0 0 1 1 0 0 0 1 0 1 1 0 1 0
200	3	1 0 1 1 0 0 0 1 1 1 0 0 0 0 0 1 0 0 0 0
200	2	1 1 1 1 0 0 0 0 1 1 0 0 0 0 0 1 1 0 1 0
200	4	1 1 0 1 0 0 0 0 1 1 0 0 0 0 0 0 0 0 0 0
200	1	1 1 1 1 0 1 0 0 1 1 0 0 0 0 0 0 0 0 0 0
200	1	1 0 1 1 0 0 0 0 1 1 1 0 0 0 0 0 0 0 0 0
200	1	0 0 1 1 0 0 0 1 1 1 0 1 0 0 0 0 0 0 0 0
200	3	0 1 1 1 0 1 0 1 1 1 0 0 0 0 0 0 0 0 0 0
200	4	0 1 1 1 0 0 0 0 0 1 0 1 0 0 0 0 1 1 1 0
200	2	1 0 1 1 0 0 1 0 1 1 0 0 0 0 0 0 1 0 1 0
200	2	1 1 0 1 0 0 0 1 0 1 0 1 0 0 0 0 1 1 1 0
200	2	1 1 1 1 0 0 0 0 1 1 0 0 0 0 0 0 1 0 1 1
200	1	0 1 1 1 0 0 0 0 1 1 0 0 0 0 1 0 1 0 1 0
200	3	0 1 1 1 0 1 0 0 1 1 0 0 0 0 0 1 1 0 1 0
200	2	1 1 1 1 0 1 0 0 1 1 0 1 0 0 0 0 1 1 1 0
200	2	1 0 1 1 0 0 0 0 1 0 0 1 0 0 0 0 1 0 1 0
200	2	1 1 1 1 0 1 0 0 1 1 0 0 1 0 0 0 1 0 1 0
200	1	1 1 1 1 0 0 0 0 1 1 0 0 0 0 0 0 0 0 0 1
200	1	1 1 1 1 0 0 0 1 1 1 0 0 0 0 0 1 0 0 0 0
200	1	1 1 1 0 0 0 0 1 1 1 0 0 0 0 0 0 0 0 0 0
200	2	0 1 0 1 0 0 0 1 1 1 0 0 0 1 0 0 1 0 1 0
200	3	0 0 1 1 0 0 0 0 1 1 0 0 0 1 0 1 1 0 1 0
200	2	1 1 1 1 0 0 0 1 1 1 0 0 0 0 0 0 0 0 1 0
200	1	1 1 1 1 0 0 0 0 1 1 0 1 0 0 0 0 0 0 0 0
200	1	1 0 1 1 0 0 0 0 1 1 0 0 0 0 0 0 0 1 0 0
200	1	1 1 1 1 0 0 0 0 1 1 0 0 1 0 0 0 1 0 1 1
200	3	1 0 1 1 0 0 1 0 1 1 0 1 0 0 1 0 0 0 1 0
200	2	1 1 0 1 0 0 0 0 1 1 0 0 0 0 0 0 0 0 0 1
200	2	1 0 1 1 0 0 0 1 1 1 0 0 0 0 0 1 0 1 0 0
200	2	1 1 1 1 0 1 0 0 1 1 0 1 0 0 0 0 0 0 0 0
200	1	1 1 1 1 0 0 0 1 1 1 0 1 0 0 0 1 0 0 1 0
200	1	1 1 0 0 0 0 0 0 1 1 0 0 0 0 0 0 0 0 0 0
200	1	1 0 1 1 0 1 0 0 1 1 1 1 1 0 1 0 0 0 0 0
200	1	0 0 1 1 0 1 0 0 1 1 1 1 1 0 0 0 0 0 0 0
200	1	1 0 1 1 0 0 1 0 1 1 0 0 0 1 0 0 1 0 1 0
200	1	1 1 0 1 0 0 0 0 1 1 0 0 0 0 0 1 0 0 0 0
200	2	0 1 0 1 0 0 0 1 0 1 0 1 0 0 0 0 1 1 1 0
200	1	1 1 1 1 0 0 0 0 1 1 0 0 0 0 0 1 0 0 0 0
200	1	1 0 1 1 0 1 0 0 1 1 1 1 1 0 0 0 1 0 1 0
200	1	0 1 1 1 0 0 0 1 1 1 0 1 0 1 0 0 0 0 0 0
200	1	0 0 1 1 0 0 0 1 1 1 1 1 0 0 0 0 0 1 0 0
200	1	1 1 1 1 0 0 0 1 1 1 1 0 0 0 1 0 0 0 0 0
220	1	1 1 1 1 0 0 0 0 1 1 0 0 0 0 0 0 1 0 1 0
220	1	0 1 1 1 0 0 0 0 1 1 0 0 0 0 0 0 1 0 1 0
220	1	1 0 1 1 0 0 0 0 1 1 0 1 0 0 0 0 1 0 1 0
220	1	1 0 1 1 0 0 0 1 1 1 0 1 0 0 0 0 0 0 0 0
220	2	1 0 1 1 0 0 0 0 1 1 0 1 0 0 0 0 0 0 0 0
220	7	1 1 1 1 0 0 0 1 1 1 0 0 0 0 0 0 0 0 0 0
220	4	1 0 1 1 0 0 0 0 1 1 0 0 0 1 0 1 1 0 1 0
220	3	1 0 1 1 0 0 0 1 1 1 0 0 0 0 0 1 0 0 0 0
220	2	1 1 1 1 0 0 1 0 1 1 0 0 0 0 0 0 1 0 1 0
220	10	1 1 1 1 0 0 0 0 1 1 0 0 0 0 0 1 1 0 1 0
220	1	1 1 0 1 0 0 0 0 1 1 0 0 0 0 0 0 0 0 0 0
220	1	0 0 1 1 0 0 0 1 1 1 0 1 0 0 0 0 0 0 0 0
220	2	1 1 1 1 0 0 0 0 1 1 0 0 1 0 0 0 1 0 1 0
220	1	1 0 1 1 0 0 1 0 1 1 0 0 0 0 0 0 1 0 1 0
220	6	0 1 1 1 0 0 0 0 1 1 0 0 0 0 1 0 1 0 1 0
220	5	1 1 1 1 1 0 0 0 1 0 0 0 0 0 0 0 1 0 1 0
220	6	1 1 1 1 0 0 1 0 1 1 0 1 0 0 1 0 1 0 1 0
220	1	0 1 1 1 0 1 0 0 1 1 0 0 0 0 0 1 1 0 1 0
220	1	1 1 1 1 0 1 0 0 1 1 0 0 1 0 0 0 1 0 1 0
220	2	1 1 1 1 0 0 0 0 1 1 0 0 0 0 0 1 0 0 1 0
220	3	1 1 1 1 0 1 0 0 1 1 0 0 0 0 0 0 1 0 1 0
220	1	1 1 1 1 0 0 0 0 1 1 0 0 1 0 0 0 1 0 1 1
220	1	1 0 1 1 0 0 1 0 1 1 0 1 0 0 1 0 0 0 1 0
220	2	1 0 1 1 0 0 0 1 1 1 0 0 0 0 0 0 0 0 0 0
220	1	1 0 1 1 0 0 0 1 1 1 0 0 0 0 0 1 0 0 1 0
220	1	1 1 1 1 0 0 1 0 1 1 0 1 0 0 0 0 1 0 1 0
220	1	1 1 0 1 0 0 0 0 1 1 0 1 0 0 0 1 0 0 1 0
220	1	1 1 0 1 0 0 0 0 1 1 0 0 0 0 0 0 1 0 1 0
220	1	1 1 1 1 0 0 0 1 0 1 0 0 0 0 0 0 0 0 0 0
220	1	1 0 1 0 0 0 0 1 1 1 0 0 0 0 0 1 0 0 0 0
220	1	0 1 1 1 0 0 0 0 1 1 1 0 0 0 0 0 1 0 1 0
220	2	1 1 1 1 0 0 0 1 1 1 0 0 0 1 0 0 1 0 1 0
220	1	1 1 1 1 0 0 0 0 1 1 0 0 0 0 0 0 1 1 1 1
220	1	1 1 1 1 0 1 0 0 1 1 0 0 1 0 0 0 1 0 1 1
220	3	1 1 1 1 0 0 1 1 1 1 0 0 0 0 0 1 0 0 0 0
220	2	1 0 1 1 0 0 0 1 0 1 0 1 0 0 0 0 1 1 1 0
220	1	0 1 1 1 0 0 0 0 1 1 0 0 0 0 0 0 1 0 1 1
220	2	1 0 1 1 0 0 0 0 1 0 0 1 0 0 0 0 0 0 0 0
220	1	1 0 1 1 1 0 0 0 1 1 0 1 0 0 0 0 0 0 0 1
220	1	1 0 1 1 0 0 0 1 1 1 0 0 0 1 0 0 1 0 1 0
220	1	0 1 1 1 0 0 0 1 1 1 0 0 0 0 0 0 0 0 0 0
220	1	0 0 1 1 0 1 0 1 1 1 0 1 0 0 0 0 0 0 0 0
220	1	1 1 1 1 0 0 1 0 1 1 0 1 0 0 0 1 1 0 1 0
220	1	1 1 1 1 0 0 0 1 0 1 0 0 1 0 0 0 0 0 0 0
220	1	1 1 1 1 0 0 0 0 1 1 0 1 0 0 1 0 1 0 1 0
220	2	0 1 1 1 0 0 0 0 1 1 0 0 0 0 1 0 0 0 0 0
220	1	1 1 1 1 0 0 0 0 0 1 0 0 0 0 0 1 1 0 1 0
220	1	0 1 1 1 0 0 1 0 1 1 0 1 0 0 0 1 0 0 1 0
220	1	0 1 1 1 0 0 0 0 1 1 0 0 0 0 0 0 0 0 0 0
220	1	0 1 0 1 0 0 0 0 1 1 0 0 0 0 0 0 0 0 0 0
220	1	0 1 1 1 0 0 1 0 1 1 0 0 0 0 0 0 1 1 1 1
220	1	1 0 1 0 0 0 0 0 1 0 0 1 0 0 0 0 0 0 0 0
220	1	0 0 1 1 0 0 0 0 1 0 0 1 0 0 0 0 0 0 0 0
240	2	1 1 1 1 0 0 0 0 1 1 0 0 0 0 0 0 1 0 1 0
240	1	1 0 1 1 0 0 0 0 1 1 0 1 0 0 0 0 0 0 0 0
240	10	1 1 1 1 0 0 0 1 1 1 0 0 0 0 0 0 0 0 0 0
240	4	1 0 1 1 0 0 0 1 1 1 0 0 0 0 0 1 0 0 0 0
240	1	1 1 1 1 0 0 1 0 1 1 0 0 0 0 0 0 1 0 1 0
240	3	1 1 1 1 0 0 0 0 1 1 0 0 0 0 0 1 1 0 1 0
240	3	0 0 1 1 0 0 0 1 1 1 0 1 0 0 0 0 0 0 0 0
240	1	1 1 1 1 0 0 0 0 1 1 0 0 1 0 0 0 1 0 1 0
240	3	1 1 1 1 0 0 0 0 1 1 0 0 0 0 0 0 1 0 1 1
240	3	1 1 1 1 1 0 0 0 1 0 0 0 0 0 0 0 1 0 1 0
240	2	1 1 1 1 0 0 1 0 1 1 0 1 0 0 1 0 1 0 1 0
240	1	1 1 1 1 0 0 0 0 1 1 0 0 0 0 0 1 0 0 1 0
240	1	1 1 1 1 0 0 1 0 1 1 0 0 0 1 0 1 1 0 1 0
240	3	1 1 0 0 0 0 0 0 1 1 0 0 0 0 0 0 0 0 0 0
240	1	1 0 1 1 0 0 0 1 1 1 0 0 0 0 0 0 0 0 0 0
240	3	1 1 0 1 0 0 0 0 1 1 0 0 0 0 0 0 1 0 1 0
240	2	1 1 1 1 0 0 0 1 1 1 0 0 0 1 0 0 1 0 1 0
240	2	1 0 1 1 1 0 0 1 1 1 0 0 0 1 0 1 0 0 0 0
240	1	1 1 1 1 0 0 0 0 1 1 0 0 0 1 0 1 1 0 1 0
240	1	0 1 1 1 0 0 1 0 1 1 0 1 0 0 0 1 0 0 1 0
240	4	0 1 1 1 0 0 0 0 1 1 0 0 0 0 0 0 0 0 0 0
240	1	1 1 0 1 0 0 0 1 1 1 0 0 0 0 0 0 0 0 0 0
240	1	0 1 1 0 0 0 0 0 1 1 1 0 0 0 0 0 1 0 1 0
240	1	1 0 1 1 0 0 0 1 1 1 0 1 0 0 0 0 0 1 0 0
240	7	1 1 1 1 0 0 0 0 0 1 0 0 0 0 0 1 0 0 1 0
240	4	1 1 1 1 0 0 0 0 1 1 0 0 0 0 0 0 0 0 0 0
240	1	1 1 1 1 0 0 0 1 1 1 0 1 1 0 0 0 0 0 0 0
240	2	1 1 1 1 0 0 0 1 1 1 0 0 0 0 0 1 0 0 0 0
240	1	1 1 1 1 0 0 0 0 1 1 0 1 0 0 1 0 1 0 1 1
240	1	1 0 1 1 0 0 1 0 1 1 0 1 0 1 0 0 1 0 1 0
240	1	1 0 1 1 0 0 0 1 1 1 0 1 0 1 0 1 1 0 1 0
240	1	1 1 1 1 0 0 0 0 0 1 0 0 0 1 0 1 0 0 0 0
240	1	0 1 1 1 0 0 0 0 0 0 1 0 0 0 0 0 1 0 1 0
240	2	1 1 1 1 1 0 0 0 1 1 0 0 0 0 0 0 1 0 1 0
240	2	1 1 1 1 0 1 0 1 1 1 0 0 0 0 0 1 0 0 1 0
240	2	1 1 1 1 0 0 0 1 1 1 0 0 0 1 0 1 1 0 1 0
240	1	0 1 1 1 0 0 0 0 1 0 0 0 0 1 0 1 0 0 0 0
240	1	0 1 1 1 0 0 0 0 0 0 1 0 0 0 1 1 0 0 1 0
240	1	1 0 1 1 0 0 1 0 1 1 0 1 0 1 1 0 0 0 1 0
240	1	1 1 1 1 0 0 0 0 1 1 0 0 0 1 0 1 1 1 1 0
240	1	1 0 1 1 1 0 0 1 1 1 0 0 0 0 0 0 0 0 0 0
240	1	1 1 0 1 0 0 0 0 1 1 0 0 0 0 0 1 1 0 1 0
240	1	1 1 1 1 0 0 0 0 1 1 0 0 1 0 0 0 1 0 0 0
240	1	1 1 1 1 0 0 0 0 1 1 0 0 0 0 1 1 0 0 1 0
240	1	1 1 0 1 0 0 0 1 1 1 0 0 0 1 0 0 1 0 1 0
240	1	1 1 1 1 0 0 0 0 0 1 0 0 0 1 0 0 1 0 1 0
240	1	1 0 1 1 0 0 0 0 1 1 0 0 0 0 0 0 1 0 1 0
240	1	0 1 1 1 0 0 0 0 1 1 0 0 0 0 0 1 1 0 1 0
240	1	1 1 1 1 0 0 0 0 1 1 0 1 0 0 0 1 0 0 1 0
240	3	1 1 0 0 0 0 0 0 1 1 0 0 0 1 0 0 0 0 0 0
240	1	1 1 1 1 0 0 0 0 0 1 0 1 0 0 0 1 0 0 1 0
240	1	1 0 1 1 1 0 0 1 1 1 0 0 0 1 0 1 0 0 1 0
240	1	0 1 1 1 0 0 0 0 1 1 0 0 1 0 0 0 1 0 0 0
240	1	1 1 1 1 0 0 0 0 1 1 0 1 0 0 1 1 0 0 0 1
260	3	1 1 1 1 0 0 0 0 1 1 0 0 0 0 0 0 1 0 1 0
260	6	1 1 1 1 0 0 0 1 1 1 0 0 0 0 0 0 0 0 0 0
260	2	1 0 1 1 0 0 0 1 1 1 0 0 0 0 0 1 0 0 0 0
260	3	1 1 1 1 0 0 0 0 1 1 0 0 0 0 0 1 1 0 1 0
260	5	1 1 1 1 0 0 0 0 1 1 0 0 1 0 0 0 1 0 1 0
260	1	1 1 1 1 0 0 0 0 1 1 0 0 0 0 0 0 1 0 1 1
260	2	1 1 1 1 1 0 0 0 1 0 0 0 0 0 0 0 1 0 1 0
260	3	1 1 1 1 0 0 0 0 1 1 0 0 0 0 0 1 0 0 1 0
260	3	1 1 1 1 0 0 1 0 1 1 0 0 0 1 0 1 1 0 1 0
260	2	1 0 1 1 0 0 0 1 1 1 0 0 0 0 0 0 0 0 0 0
260	1	1 1 1 1 0 0 0 1 1 1 0 1 0 0 0 1 0 0 0 0
260	1	0 1 1 1 0 0 1 0 1 1 0 1 0 0 0 1 0 0 1 0
260	3	0 1 1 1 0 0 0 0 1 1 0 0 0 0 0 0 0 0 0 0
260	3	1 1 1 1 0 0 0 0 1 1 0 0 0 0 0 0 0 0 0 0
260	1	1 1 1 1 0 0 0 1 1 1 0 1 1 0 0 0 0 0 0 0
260	1	1 1 1 1 1 0 0 0 1 1 0 0 0 0 0 0 1 0 1 0
260	3	1 1 1 1 0 1 0 1 1 1 0 0 0 0 0 1 0 0 1 0
260	4	1 1 1 1 0 0 0 0 1 1 0 0 0 1 0 0 1 0 1 0
260	1	1 1 1 1 0 0 0 1 1 1 0 0 0 1 0 1 1 0 1 0
260	3	0 1 1 1 0 0 0 0 1 0 0 0 0 1 0 1 0 0 0 0
260	1	1 1 1 1 0 0 0 1 1 1 0 0 0 1 0 0 0 0 0 0
260	1	1 1 1 1 0 0 1 1 1 0 0 0 0 0 0 1 0 0 0 0
260	1	1 1 1 1 0 0 0 0 0 1 0 0 0 0 0 1 0 0 1 1
260	3	1 1 1 1 0 0 0 0 0 1 1 0 0 1 0 1 0 0 0 0
260	1	1 0 1 1 0 0 0 0 0 1 0 0 0 0 0 1 0 0 1 0
260	1	1 0 1 1 0 0 0 0 1 1 0 1 0 1 0 0 1 0 1 0
260	1	1 1 1 1 0 1 0 0 1 1 0 0 0 0 0 1 0 0 1 0
260	1	1 1 1 1 1 0 0 0 1 1 0 0 0 0 0 0 0 0 0 0
260	2	1 1 1 1 0 0 1 0 1 1 0 0 0 1 0 0 1 0 1 0
260	1	1 1 1 1 0 0 0 1 0 1 0 1 1 0 0 0 0 0 0 0
260	1	0 1 1 1 0 0 0 0 1 1 0 0 1 0 0 1 0 0 1 0
260	4	1 1 1 1 0 0 1 1 1 1 0 1 0 1 0 0 1 0 1 0
260	2	1 1 1 1 0 0 0 0 1 0 0 0 0 0 0 0 1 0 1 0
260	3	1 1 1 1 0 0 0 0 0 0 0 0 0 0 0 1 0 0 1 0
260	1	1 1 1 1 0 0 1 0 1 0 0 1 0 0 1 1 1 0 1 0
260	1	0 1 1 1 0 0 0 0 1 0 0 0 0 0 0 0 1 0 0 0
260	2	1 1 1 1 0 0 0 0 1 1 0 1 0 0 1 0 0 0 0 0
260	1	1 1 0 1 0 0 0 1 1 1 0 0 0 1 0 0 0 0 0 0
260	2	0 1 1 1 0 0 0 1 1 1 0 0 0 1 0 0 1 0 1 0
260	2	1 1 1 0 0 0 1 0 1 1 0 1 0 0 1 0 1 0 1 0
260	1	1 0 1 1 0 0 0 0 1 1 0 0 0 0 0 1 0 0 0 0
260	1	1 1 1 1 0 0 0 1 1 1 0 1 0 1 0 1 1 0 1 0
260	1	1 1 1 1 0 0 1 1 1 0 0 0 1 0 0 1 0 0 0 0
260	2	1 1 1 1 0 0 0 0 0 1 1 1 0 1 0 1 0 0 0 0
260	2	1 1 0 1 0 1 0 1 1 1 0 0 0 1 0 0 0 0 0 0
260	2	1 1 0 1 1 0 0 0 1 0 0 0 0 0 0 0 1 0 1 0
260	1	1 1 1 1 0 0 1 0 1 1 0 1 0 1 0 0 1 0 1 0
260	1	1 1 1 1 0 0 0 0 1 1 0 0 0 1 0 1 1 0 1 0
260	2	0 1 1 1 0 0 1 0 1 0 0 0 0 0 0 1 0 0 1 0
260	1	1 1 1 1 0 0 0 0 0 1 1 1 0 1 0 1 0 0 0 1
260	1	1 1 1 1 0 0 1 0 1 0 0 0 0 1 0 1 1 0 1 1
260	1	1 1 1 1 0 0 0 1 1 1 0 0 0 1 0 1 0 0 1 0
260	1	1 0 1 1 1 0 1 1 1 1 0 0 0 1 0 1 0 0 0 0
280	1	1 1 1 1 0 0 0 0 1 1 0 0 0 0 0 0 1 0 1 0
280	5	1 1 1 1 0 0 0 1 1 1 0 0 0 0 0 0 0 0 0 0
280	1	1 1 1 1 0 0 0 0 1 1 0 0 0 0 0 1 1 0 1 0
280	1	1 1 1 1 0 0 0 0 1 1 0 0 1 0 0 0 1 0 1 0
280	1	1 1 1 1 0 0 0 0 1 1 0 0 0 0 0 0 1 0 1 1
280	4	1 1 1 1 0 0 0 0 1 1 0 0 0 0 0 1 0 0 1 0
280	2	1 1 1 1 0 0 1 0 1 1 0 0 0 1 0 1 1 0 1 0
280	4	1 0 1 1 0 0 0 1 1 1 0 0 0 0 0 0 0 0 0 0
280	2	1 1 1 1 0 0 0 1 1 1 0 0 0 1 0 0 1 0 1 0
280	2	1 1 1 1 0 0 0 0 0 1 0 0 0 0 0 1 0 0 1 0
280	1	1 1 1 1 0 0 0 0 1 1 0 0 0 0 0 0 0 0 0 0
280	2	1 1 1 1 0 0 0 1 1 1 0 1 1 0 0 0 0 0 0 0
280	3	1 1 1 1 0 0 1 0 1 1 0 1 1 0 1 1 1 0 1 0
280	3	1 1 1 1 0 0 0 1 1 1 0 0 1 0 0 0 1 0 0 0
280	4	1 1 1 1 0 0 0 1 1 1 0 0 0 1 0 0 0 0 0 0
280	1	1 1 1 1 1 0 0 0 1 1 0 0 0 0 0 0 0 0 0 0
280	2	1 1 1 1 0 0 0 1 0 1 0 1 1 0 0 0 0 0 0 0
280	2	1 1 1 1 0 0 1 1 1 1 0 1 0 1 0 0 1 0 1 0
280	6	1 1 1 1 0 0 0 0 0 1 0 0 0 0 0 0 1 0 1 0
280	1	1 1 1 1 0 0 0 0 1 0 0 0 0 0 0 0 1 0 1 0
280	3	1 1 1 1 0 0 0 1 1 1 0 0 1 0 0 0 1 0 1 0
280	2	1 1 1 0 0 0 1 0 1 1 0 1 0 0 1 0 1 0 1 0
280	4	1 1 1 1 0 0 0 0 0 1 0 0 1 0 0 0 1 0 1 0
280	1	1 1 1 1 0 0 0 0 1 0 0 0 0 0 0 1 0 0 1 0
280	2	1 1 0 1 0 1 0 1 1 1 0 0 0 1 0 0 0 0 0 0
280	1	0 1 1 1 0 0 0 0 1 1 0 0 0 0 0 1 0 0 0 0
280	1	1 0 1 1 0 0 0 0 0 1 0 0 0 0 0 1 0 0 0 0
280	2	1 1 0 1 0 0 0 1 1 0 0 0 0 0 0 0 1 0 1 0
280	3	1 1 1 1 0 0 0 0 1 1 0 1 0 0 0 0 0 0 0 0
280	1	1 1 0 1 0 0 0 0 1 1 0 0 0 0 0 1 0 0 1 0
280	1	1 1 1 0 0 0 0 0 1 1 0 0 0 0 0 0 0 0 0 0
280	2	1 1 1 1 0 0 0 0 0 0 1 0 0 0 0 1 0 0 1 0
280	3	0 1 1 1 0 0 0 0 1 1 0 0 0 0 0 1 0 0 1 0
280	3	0 1 1 1 0 0 1 0 1 1 0 0 0 0 0 0 0 0 0 0
280	1	1 1 1 1 0 0 0 1 1 1 0 0 0 1 0 0 1 1 1 0
280	1	1 1 1 1 0 0 0 0 1 0 0 0 0 0 0 0 0 0 0 0
280	1	1 0 1 1 0 0 0 1 0 1 0 0 0 0 0 1 0 0 1 1
280	2	1 1 1 1 0 0 0 0 1 1 0 1 0 0 0 1 0 0 1 0
280	3	1 1 1 1 1 0 1 0 1 1 0 0 0 0 0 0 0 0 0 0
280	1	1 0 1 1 0 0 0 1 1 1 0 0 0 0 0 1 0 0 0 1
280	2	1 1 1 1 0 0 0 0 1 1 1 1 0 0 0 0 0 0 0 0
280	1	1 0 1 1 0 0 0 1 0 1 0 1 1 0 0 0 0 0 0 0
280	1	0 1 1 1 0 0 1 0 1 1 0 0 0 0 0 0 1 0 1 1
280	3	1 1 1 1 0 0 0 0 1 1 0 1 0 0 0 0 0 0 1 0
280	2	1 1 1 1 0 0 0 1 0 1 0 0 1 0 0 0 1 0 0 0
280	1	1 1 1 1 1 0 0 1 1 1 0 0 0 0 0 0 0 0 0 0
280	1	1 1 1 1 1 0 0 0 1 1 0 0 0 0 0 0 0 1 0 0
280	1	1 1 1 1 0 0 1 1 1 1 0 0 0 0 0 0 0 0 0 0
280	1	1 0 1 1 0 0 0 1 1 1 1 0 0 0 0 1 0 0 0 1
280	1	1 0 1 1 0 0 0 1 1 1 0 0 0 0 1 1 0 0 0 1
300	1	1 1 1 1 0 0 0 0 1 1 0 0 0 0 0 0 1 0 1 0
300	10	1 1 1 1 0 0 0 1 1 1 0 0 0 0 0 0 0 0 0 0
300	1	1 1 1 1 0 0 0 0 1 1 0 0 0 0 0 0 1 0 1 1
300	6	1 1 1 1 0 0 0 0 1 1 0 0 0 0 0 1 0 0 1 0
300	3	1 1 1 1 0 0 0 0 1 1 0 0 0 0 0 0 0 0 0 0
300	2	1 1 1 1 0 0 1 0 1 1 0 1 1 0 1 1 1 0 1 0
300	9	1 1 1 1 0 1 0 1 1 1 0 0 0 0 0 1 0 0 1 0
300	1	1 1 1 1 0 0 0 1 1 1 0 0 1 0 0 0 1 0 0 0
300	1	1 1 1 1 0 0 0 1 1 1 0 0 0 1 0 0 0 0 0 0
300	2	1 1 1 1 0 0 0 1 0 1 0 1 1 0 0 0 0 0 0 0
300	2	1 1 1 1 0 0 0 0 0 1 0 0 0 0 0 0 1 0 1 0
300	3	1 1 1 1 0 0 0 1 1 1 0 0 1 0 0 0 1 0 1 0
300	2	1 1 1 1 0 0 0 0 1 1 0 1 0 1 0 0 1 0 1 0
300	1	1 1 0 1 0 1 0 1 1 1 0 0 0 1 0 0 0 0 0 0
300	2	1 1 1 1 0 1 0 0 1 1 0 0 0 0 0 1 0 0 0 0
300	3	1 1 1 1 0 0 1 1 1 1 0 0 0 1 0 0 0 0 0 0
300	4	1 1 1 1 0 0 0 0 0 0 1 0 0 0 0 1 0 0 1 0
300	4	0 1 1 1 0 0 1 0 1 1 0 0 0 0 0 0 0 0 0 0
300	1	1 1 1 1 1 0 1 0 1 1 0 0 0 0 0 0 0 0 0 0
300	1	1 1 1 1 0 0 0 1 1 1 1 1 0 0 0 0 0 0 0 0
300	2	1 1 1 1 0 0 0 0 1 1 0 0 1 0 0 1 0 0 1 0
300	3	1 1 1 1 1 0 0 1 1 1 0 0 0 0 0 0 0 0 0 0
300	3	1 1 1 1 0 0 0 0 1 1 0 1 0 1 0 0 0 0 0 0
300	2	1 0 1 1 0 0 0 0 1 1 0 0 0 0 0 1 0 0 1 0
300	1	0 1 1 0 0 0 0 0 1 0 0 0 0 0 0 0 1 0 1 0
300	2	1 0 1 1 0 0 0 0 1 1 0 0 1 0 0 0 1 0 0 0
300	1	1 1 0 1 0 1 0 1 1 1 0 1 1 0 0 0 0 0 0 0
300	1	1 0 1 1 0 0 0 1 0 1 0 1 1 0 0 0 0 0 0 0
300	3	1 1 1 1 0 0 1 0 1 1 0 0 0 0 0 1 0 0 1 0
300	4	1 1 1 1 0 0 0 0 0 1 0 0 0 0 0 1 0 0 1 0
300	2	1 1 1 1 0 0 1 0 1 1 0 0 1 1 0 1 1 0 0 0
300	1	1 1 1 1 0 0 0 1 1 1 0 0 0 0 0 1 0 0 1 0
300	1	1 1 0 1 0 0 1 1 1 1 0 0 0 1 0 0 0 0 0 0
300	2	1 0 1 1 0 0 0 0 1 1 0 0 0 0 0 0 0 0 0 0
300	2	1 1 1 1 0 1 0 1 1 1 0 0 0 1 0 0 0 0 0 0
300	1	1 1 1 1 0 0 0 0 1 1 0 0 1 0 0 0 0 0 0 0
300	1	1 0 1 1 0 0 0 0 1 1 0 0 0 1 0 1 0 0 1 0
300	2	0 0 1 1 0 0 0 1 1 1 0 0 0 0 0 0 0 0 0 0
300	1	1 1 1 1 0 0 0 1 1 1 0 0 0 0 0 0 0 1 0 0
300	2	1 1 1 1 0 0 1 0 1 1 0 1 1 0 0 1 0 0 1 0
300	1	1 1 1 1 0 0 0 0 1 0 1 0 0 1 0 1 1 0 1 0
300	1	1 0 1 1 0 1 0 0 1 1 0 1 0 0 0 0 1 0 1 0
300	1	1 1 1 1 0 0 0 1 1 0 0 0 0 0 0 1 0 0 1 0
300	1	1 1 0 1 0 0 0 0 1 1 0 1 0 0 0 1 0 0 0 0
320	6	1 1 1 1 0 0 0 1 1 1 0 0 0 0 0 0 0 0 0 0
320	4	1 1 1 1 0 0 0 0 1 1 0 0 0 0 0 1 0 0 1 0
320	2	0 1 1 1 0 0 0 0 1 1 0 0 0 0 0 0 0 0 0 0
320	3	1 1 1 1 0 0 0 0 1 1 0 0 0 0 0 0 0 0 0 0
320	1	1 1 1 1 0 0 0 1 1 1 0 1 1 0 0 0 0 0 0 0
320	1	1 1 1 1 0 0 1 0 1 1 0 1 1 0 1 1 1 0 1 0
320	4	1 1 1 1 0 1 0 1 1 1 0 0 0 0 0 1 0 0 1 0
320	2	1 1 1 1 0 0 0 1 0 1 0 1 1 0 0 0 0 0 0 0
320	5	1 1 1 1 0 0 0 1 1 1 0 0 1 0 0 0 1 0 1 0
320	3	1 1 1 1 0 1 0 0 1 1 0 0 0 0 0 1 0 0 0 0
320	2	1 1 1 1 0 0 0 0 1 1 0 1 0 0 0 0 0 0 0 0
320	1	1 1 1 1 0 0 0 0 0 0 1 0 0 0 0 1 0 0 1 0
320	1	0 1 1 1 0 0 1 0 1 1 0 0 0 0 0 0 0 0 0 0
320	2	1 1 1 1 0 0 0 1 1 1 1 1 0 0 0 0 0 0 0 0
320	1	1 1 1 1 0 0 0 1 1 1 0 0 1 0 0 0 0 0 0 0
320	2	1 1 1 1 0 0 0 0 0 1 0 0 0 0 0 1 0 0 1 0
320	1	1 1 1 1 0 0 1 0 1 1 0 0 1 1 0 1 1 0 0 0
320	1	1 1 1 1 0 0 0 1 1 1 0 0 0 0 0 1 0 0 1 0
320	1	0 1 1 1 0 0 0 1 1 1 0 0 0 0 0 0 0 0 0 0
320	3	1 0 1 1 0 0 0 0 1 1 0 0 0 0 0 0 0 0 0 0
320	4	1 1 1 1 0 0 0 1 1 1 0 0 0 0 0 0 1 0 0 0
320	4	1 1 1 1 0 1 0 1 1 1 0 0 0 1 0 0 0 0 0 0
320	2	1 1 1 1 0 0 1 0 1 1 0 1 1 0 0 1 0 0 1 0
320	2	1 1 1 1 0 0 1 0 1 0 0 0 0 0 0 0 0 0 0 0
320	3	1 1 1 1 0 0 0 1 1 1 0 0 0 0 1 0 0 0 0 0
320	1	1 1 0 1 0 0 0 0 1 1 0 1 0 0 0 1 0 0 0 0
320	1	1 1 1 1 0 0 0 1 1 0 1 1 0 0 0 0 0 0 0 0
320	1	0 1 1 1 0 0 0 0 1 1 1 0 0 0 0 1 0 0 1 0
320	2	1 1 1 1 0 0 1 0 1 1 0 0 0 0 0 0 0 0 0 0
320	1	1 1 1 1 1 0 1 0 1 1 0 0 0 0 0 0 0 0 1 0
320	1	1 1 1 1 0 0 0 0 1 1 0 0 0 0 0 0 0 0 0 1
320	1	0 1 1 1 0 0 1 1 1 1 0 0 0 0 0 0 0 0 0 0
320	1	0 0 1 1 0 0 0 0 0 1 0 0 0 0 0 1 0 0 1 0
320	2	1 1 1 1 0 1 0 1 0 1 0 0 0 1 0 0 0 0 0 0
320	1	1 1 1 0 0 0 0 1 1 1 0 0 0 0 0 0 0 0 0 0
320	1	1 1 1 1 0 1 0 1 1 1 0 0 0 0 0 0 0 0 0 0
320	1	1 1 1 1 0 0 0 1 1 1 0 0 0 0 0 0 0 0 1 0
320	2	1 1 1 1 1 0 1 0 0 1 0 0 0 0 0 0 0 0 0 0
320	1	1 1 1 1 0 1 0 1 0 1 0 0 0 1 0 1 0 0 1 0
320	2	1 1 1 1 0 0 1 0 1 1 0 0 0 0 0 0 0 0 1 0
320	1	1 1 1 1 0 0 0 1 1 1 0 1 1 0 0 1 0 0 0 0
320	1	1 1 1 1 0 0 1 1 0 1 0 1 1 1 0 1 0 0 1 0
320	1	1 1 1 1 0 0 1 0 0 1 0 0 0 0 0 0 0 0 0 0
320	2	0 1 1 1 0 0 0 1 1 0 1 1 0 0 0 0 0 0 0 0
320	2	1 1 0 1 0 0 0 0 1 1 0 0 0 0 0 0 1 0 0 0
320	1	1 1 1 0 0 0 1 0 1 0 0 0 0 0 0 0 0 0 0 0
320	1	1 1 1 1 0 1 0 1 1 1 0 0 1 0 0 0 0 0 0 0
320	1	0 1 1 1 0 0 0 0 1 1 1 0 0 0 0 0 0 0 0 0
320	1	1 1 0 1 0 0 1 0 1 1 0 0 1 0 1 1 1 0 1 0
320	3	1 1 1 1 0 0 0 0 1 1 0 1 1 1 0 0 0 0 0 0
320	1	1 1 1 1 0 1 0 1 1 1 0 0 0 1 0 0 0 1 0 0
320	1	1 1 1 1 0 0 1 0 1 1 0 0 0 0 0 1 0 0 1 0
320	1	1 1 1 1 0 0 1 1 1 1 0 1 1 0 0 0 0 0 0 0
320	1	0 1 1 1 0 0 0 1 1 1 1 0 0 0 0 0 0 0 0 0
320	1	1 1 0 1 0 0 0 0 1 1 0 1 0 1 0 0 0 0 0 0
320	1	1 1 0 1 0 0 0 0 1 1 1 0 0 0 0 1 0 0 1 0
340	2	1 1 1 1 0 0 0 1 1 1 0 0 0 0 0 0 0 0 0 0
340	4	1 1 1 1 0 0 0 0 1 1 0 0 0 0 0 1 0 0 1 0
340	1	0 1 1 1 0 0 0 0 1 1 0 0 0 0 0 0 0 0 0 0
340	5	1 1 1 1 0 0 0 0 1 1 0 0 0 0 0 0 0 0 0 0
340	1	1 1 1 1 0 0 0 1 1 1 0 1 1 0 0 0 0 0 0 0
340	1	1 1 1 1 0 0 0 0 0 0 1 0 0 0 0 1 0 0 1 0
340	3	0 1 1 1 0 0 1 0 1 1 0 0 0 0 0 0 0 0 0 0
340	4	1 1 1 1 0 0 0 0 0 1 0 0 0 0 0 1 0 0 1 0
340	5	1 0 1 1 0 0 0 0 1 1 0 0 0 0 0 0 0 0 0 0
340	1	1 1 1 1 0 0 0 1 1 1 0 0 0 0 0 0 1 0 0 0
340	1	1 1 1 1 0 1 0 1 1 1 0 0 0 1 0 0 0 0 0 0
340	1	1 1 1 1 0 0 0 0 1 1 0 0 1 0 0 0 0 0 0 0
340	4	1 1 1 1 0 0 1 0 1 1 0 1 1 0 0 1 0 0 1 0
340	1	1 1 1 1 0 0 0 1 1 1 0 0 0 0 1 0 0 0 0 0
340	3	1 1 1 1 0 0 1 0 1 1 0 0 0 0 0 0 0 0 0 0
340	1	0 1 1 1 0 0 1 1 1 1 0 0 0 0 0 0 0 0 0 0
340	5	1 1 1 1 0 0 0 0 1 1 0 0 0 0 0 0 0 0 1 0
340	1	1 1 1 1 0 0 0 1 0 1 0 1 1 1 0 1 0 0 1 0
340	1	1 1 1 1 0 0 0 1 1 1 0 0 0 0 0 0 0 0 1 0
340	1	1 1 1 1 0 1 0 1 0 1 0 0 0 1 0 1 0 0 1 0
340	3	1 1 1 1 0 0 1 0 1 0 0 1 1 0 1 1 0 0 0 0
340	3	1 1 1 1 0 0 1 1 0 1 0 1 1 1 0 1 0 0 1 0
340	1	1 1 1 1 0 1 0 1 1 1 0 0 0 0 0 1 1 0 1 0
340	1	0 1 0 1 0 0 0 0 1 1 1 0 0 0 0 1 0 0 1 0
340	2	1 1 1 1 0 1 0 1 1 0 1 1 0 0 0 0 0 0 0 0
340	1	1 1 1 1 0 0 0 1 1 1 0 0 0 0 0 0 0 1 0 0
340	1	1 1 1 0 0 0 0 0 1 1 0 0 1 0 0 0 0 0 0 0
340	3	1 1 1 1 0 0 0 1 1 1 0 0 1 1 0 1 0 0 0 0
340	1	1 1 1 1 0 0 1 0 1 0 0 1 1 0 1 0 0 1 0 0
340	1	1 1 1 1 0 0 0 0 1 1 0 0 0 0 0 1 1 0 1 0
340	1	1 1 1 1 0 1 0 1 1 1 0 1 0 0 0 1 0 0 0 0
340	1	1 1 1 1 0 0 1 0 0 1 0 0 0 0 0 0 0 0 1 0
340	1	1 1 1 0 0 0 0 0 1 1 0 0 0 0 0 0 0 0 1 0
340	1	1 1 1 1 0 0 1 0 1 1 0 1 1 0 0 0 0 0 1 0
340	2	1 1 1 1 0 0 0 0 1 1 0 0 0 1 0 0 0 0 1 0
340	2	1 1 1 1 0 0 1 0 1 0 0 1 1 0 0 1 0 0 1 0
340	1	1 1 1 1 0 0 0 1 1 1 0 0 0 0 1 0 0 0 0 1
340	1	1 1 1 1 0 0 0 1 1 1 0 0 0 1 0 1 0 0 1 0
340	1	1 1 1 1 0 0 0 0 0 0 1 0 0 0 0 0 0 0 0 0
340	1	1 1 1 1 0 1 0 1 1 1 0 0 1 0 0 0 1 0 1 0
340	2	1 1 1 1 0 0 1 1 1 1 0 1 1 0 0 1 0 0 1 0
340	2	1 0 1 1 0 0 0 0 1 0 0 0 1 0 0 0 1 0 1 0
340	2	1 1 1 1 0 0 0 1 1 1 0 0 0 1 0 0 0 0 0 0
340	2	0 1 1 1 0 0 0 0 1 1 0 0 0 0 1 0 0 0 0 0
340	1	1 0 1 1 0 1 0 1 1 0 1 1 0 0 0 0 0 0 0 0
340	1	1 1 1 1 0 0 0 0 0 1 0 0 0 0 0 1 0 0 0 0
340	2	1 1 1 1 0 0 1 0 1 1 0 1 1 0 0 0 0 0 0 0
340	2	1 1 1 0 0 0 0 0 1 1 0 0 0 0 1 0 0 0 0 0
340	1	1 1 1 1 0 0 0 0 1 0 0 0 1 0 0 0 0 0 0 0
340	1	1 1 1 1 0 0 1 0 1 1 0 1 1 0 0 1 1 0 1 0
340	1	1 1 1 1 0 0 1 1 0 1 0 1 1 1 1 1 0 0 1 0
340	1	1 1 1 1 0 0 0 0 1 0 0 0 1 0 0 0 1 0 1 0
340	1	1 0 1 1 0 0 0 0 1 1 0 1 1 0 0 0 0 0 1 0
340	1	0 0 1 1 0 0 1 0 1 1 0 1 1 0 0 0 0 0 1 0
340	2	1 1 1 1 0 0 1 0 1 1 0 0 0 0 0 1 0 0 1 0
340	1	1 1 1 1 0 0 0 0 1 1 0 0 0 0 0 0 0 1 1 0
340	1	1 1 0 1 0 0 0 1 1 1 0 0 0 0 0 0 0 0 0 0
340	1	1 1 1 1 0 0 1 0 1 1 0 1 1 1 0 1 0 0 0 0
360	5	1 1 1 1 0 0 0 1 1 1 0 0 0 0 0 0 0 0 0 0
360	3	1 1 1 1 0 0 0 0 1 1 0 0 0 0 0 1 0 0 1 0
360	3	1 1 1 1 0 0 0 0 1 1 0 0 0 0 0 0 0 0 0 0
360	2	1 1 1 1 0 0 0 1 1 1 0 1 1 0 0 0 0 0 0 0
360	3	1 1 1 1 0 0 0 0 0 0 1 0 0 0 0 1 0 0 1 0
360	1	1 1 1 1 0 0 0 0 0 1 0 0 0 0 0 1 0 0 1 0
360	2	1 1 1 1 0 0 0 0 1 1 0 0 1 0 0 0 0 0 0 0
360	6	1 1 1 1 0 0 1 0 1 1 0 0 0 0 0 0 0 0 0 0
360	1	1 1 1 1 0 0 0 0 1 1 0 0 0 0 0 0 0 0 1 0
360	1	1 1 1 1 0 0 0 0 1 1 0 0 0 0 1 0 0 0 0 0
360	3	1 1 1 1 0 0 1 0 1 0 0 1 1 0 1 1 0 0 0 0
360	5	1 1 1 1 0 0 0 0 0 0 1 1 0 0 0 1 0 0 1 0
360	2	1 1 1 1 0 1 0 1 1 1 0 0 0 0 0 1 1 0 1 0
360	2	1 1 1 1 0 1 0 1 1 0 1 1 0 0 0 0 0 0 0 0
360	1	1 1 1 0 0 0 0 1 1 1 0 1 1 0 0 0 0 0 0 0
360	1	1 1 1 1 0 0 0 0 1 0 0 0 0 0 0 0 0 0 0 0
360	1	1 1 1 1 0 0 0 1 1 1 0 0 1 1 0 1 0 0 0 0
360	2	1 1 1 1 0 0 0 0 1 1 0 0 0 0 0 1 1 0 1 0
360	1	0 1 1 1 0 0 1 0 1 1 1 0 0 0 0 1 1 0 1 0
360	2	1 1 1 1 0 0 1 0 1 1 0 1 1 0 0 0 0 0 1 0
360	1	1 1 1 1 1 0 0 1 1 1 0 0 0 0 0 0 1 0 0 0
360	1	1 1 1 1 0 0 0 1 1 1 0 0 1 0 1 0 0 0 0 0
360	6	1 0 1 1 0 1 0 1 1 0 1 1 0 0 0 0 0 0 0 0
360	1	1 1 1 1 0 0 0 0 0 1 0 0 0 0 0 1 0 0 0 0
360	2	1 1 1 1 0 0 1 0 1 1 0 0 0 0 0 0 0 0 1 0
360	1	1 1 1 1 1 0 0 0 1 1 0 0 0 0 0 1 0 0 1 0
360	4	1 1 1 0 0 0 0 0 0 0 1 1 0 0 0 1 0 0 1 0
360	1	1 1 1 0 0 0 0 0 1 1 0 0 0 0 0 0 0 0 0 0
360	1	1 1 1 1 0 0 1 0 1 0 0 1 1 1 0 1 0 0 1 0
360	1	1 1 1 1 0 0 1 0 1 0 1 1 0 0 1 1 0 0 0 0
360	2	0 1 1 1 0 0 0 0 1 1 0 0 1 0 0 0 0 0 0 0
360	1	0 1 1 1 0 0 0 0 1 0 0 0 0 0 1 0 0 0 0 0
360	2	1 1 1 1 0 1 0 1 1 1 0 0 0 0 0 1 1 0 0 0
360	1	1 1 0 1 0 0 1 0 1 1 0 1 1 0 0 1 0 0 0 0
360	5	1 1 1 1 0 0 1 0 1 0 1 1 1 0 1 1 0 1 0 0
360	2	1 1 1 1 0 0 1 0 1 1 0 1 1 0 0 0 0 0 0 0
360	1	1 1 0 1 0 0 0 0 1 1 0 0 0 0 0 0 0 0 1 0
360	1	1 0 1 1 0 0 0 0 0 1 0 1 1 0 0 1 0 0 1 0
360	1	1 1 1 1 0 0 1 0 1 1 0 1 1 0 1 1 0 0 0 0
360	1	1 1 1 1 0 0 0 1 0 0 1 0 0 0 0 1 0 0 1 0
360	5	1 1 1 1 0 0 0 1 1 0 1 1 0 0 0 0 0 0 0 0
360	1	1 1 1 1 0 0 0 0 1 1 1 0 0 0 0 0 0 0 1 0
360	1	1 1 1 1 0 0 0 0 1 0 1 1 0 0 1 1 0 0 0 0
360	1	1 1 1 1 0 1 0 1 1 1 0 0 0 0 0 0 0 0 0 0
360	1	1 1 1 1 0 0 0 0 1 1 1 0 0 0 1 0 0 0 0 0
360	1	1 1 1 1 0 0 1 0 1 0 1 1 0 0 1 1 1 0 0 0
360	2	1 1 0 1 0 0 1 0 1 1 0 1 1 0 0 0 0 0 0 0
360	1	1 1 1 1 0 0 0 1 0 1 0 1 1 0 0 0 0 0 0 0
360	2	1 1 1 1 0 1 0 1 1 1 0 0 0 1 0 1 1 0 0 0
360	1	1 1 1 1 0 1 0 0 1 1 1 0 0 0 0 1 0 1 0 0
360	1	1 1 1 1 0 0 1 0 1 0 0 0 0 0 0 0 0 0 0 0
380	5	1 1 1 1 0 0 0 1 1 1 0 0 0 0 0 0 0 0 0 0
380	3	1 1 1 1 0 0 0 0 1 1 0 0 0 0 0 1 0 0 1 0
380	1	1 1 1 1 0 0 0 0 1 1 0 0 0 0 0 0 0 0 0 0
380	1	1 1 1 1 0 0 0 0 0 0 1 0 0 0 0 1 0 0 1 0
380	2	1 1 1 1 0 0 1 0 1 1 0 1 1 0 0 1 0 0 1 0
380	2	1 1 1 1 0 0 1 0 1 1 0 0 0 0 0 0 0 0 0 0
380	2	1 1 1 1 0 0 0 0 0 0 1 1 0 0 0 1 0 0 1 0
380	3	1 1 1 1 0 1 0 1 1 0 1 1 0 0 0 0 0 0 0 0
380	1	1 1 1 1 0 0 0 1 1 0 0 1 1 0 0 0 0 0 0 0
380	6	1 1 1 1 0 0 0 1 1 1 0 0 1 1 0 1 0 0 0 0
380	1	1 1 1 1 0 0 1 0 1 1 0 1 1 0 0 0 0 0 1 0
380	1	1 1 1 1 0 0 1 0 1 0 0 1 1 0 0 1 0 0 1 0
380	2	1 1 1 0 0 0 0 0 0 0 1 1 0 0 0 1 0 0 1 0
380	3	0 1 1 1 0 0 0 0 1 1 0 0 1 0 0 0 0 0 0 0
380	4	1 1 1 1 0 0 1 0 1 1 0 1 1 0 0 0 0 0 0 0
380	2	1 1 1 1 0 0 0 0 1 1 1 0 0 0 0 0 0 0 1 0
380	4	1 1 1 1 0 1 0 1 1 1 0 0 0 0 0 0 0 0 0 0
380	4	1 1 1 1 0 0 1 0 1 0 1 0 1 0 1 1 0 1 0 0
380	2	1 0 1 1 0 0 0 1 1 1 0 0 1 1 0 1 0 0 0 0
380	1	1 1 1 1 0 1 0 1 1 1 0 0 0 1 0 1 1 0 0 0
380	3	1 1 1 1 0 0 0 0 1 0 0 0 0 0 1 0 0 0 0 0
380	3	1 1 1 1 0 0 1 0 1 1 0 0 0 0 0 0 0 0 0 1
380	1	1 1 1 1 0 1 0 1 1 1 0 0 1 0 0 0 0 0 0 0
380	3	1 1 1 1 0 0 1 0 1 0 0 0 1 0 0 1 0 0 1 0
380	6	0 1 1 1 0 0 0 0 1 0 1 0 0 0 1 0 0 0 0 0
380	1	1 1 1 1 0 0 1 0 1 1 0 1 1 1 1 0 0 0 0 0
380	5	1 1 1 1 0 1 0 1 1 0 1 1 0 0 0 0 0 0 0 1
380	3	1 1 1 1 1 0 0 1 1 1 0 0 1 0 0 0 1 0 0 0
380	1	1 1 1 1 0 0 1 1 1 1 0 0 0 1 0 0 0 0 0 0
380	6	1 1 1 1 0 0 0 1 1 0 0 1 1 0 0 0 0 0 1 0
380	1	0 1 1 1 0 0 0 0 1 0 1 0 0 0 0 0 0 0 0 0
380	1	1 1 1 1 0 0 0 1 1 1 0 0 0 1 0 0 0 0 0 0
380	1	1 1 1 1 0 0 1 0 1 1 0 1 1 0 1 0 0 0 0 0
380	1	1 1 1 1 1 0 1 0 1 0 0 1 1 0 1 1 0 0 1 0
380	1	1 1 1 1 0 0 1 0 1 0 1 1 1 0 1 1 0 0 0 0
380	1	0 1 1 1 0 0 0 1 1 0 1 1 0 0 0 0 0 0 0 0
380	1	1 1 1 1 0 0 1 0 1 1 0 0 1 0 1 0 0 0 0 0
380	1	1 0 1 1 0 0 1 0 1 1 0 1 1 0 0 0 0 0 1 0
380	1	1 0 0 1 0 0 0 0 1 1 0 0 0 0 0 0 1 0 0 0
380	1	0 1 1 1 0 1 0 1 1 0 0 0 0 0 1 0 0 1 0 0
380	1	1 1 1 0 0 0 1 0 1 1 0 1 1 0 1 0 0 0 0 0
380	1	1 1 1 1 0 0 0 0 0 1 0 0 0 0 0 0 0 0 0 1
380	1	1 1 1 1 0 0 1 0 1 0 0 0 1 0 0 0 0 0 0 0
380	1	1 1 1 0 0 0 0 1 1 0 0 0 0 0 0 1 0 0 1 0
380	1	1 1 1 1 1 0 0 1 1 1 0 0 1 1 0 0 1 0 0 0
380	1	1 1 1 1 0 0 1 0 1 0 0 1 1 0 0 1 0 1 0 0
380	1	0 1 1 1 0 0 0 0 1 1 1 0 1 0 0 0 0 0 0 0
380	1	1 1 1 0 1 0 0 1 1 1 0 0 1 1 0 0 1 0 0 0
400	3	1 1 1 1 0 0 0 1 1 1 0 0 0 0 0 0 0 0 0 0
400	1	1 1 1 1 0 0 0 0 1 1 0 0 0 0 0 1 0 0 1 0
400	1	1 1 1 1 0 0 0 0 1 1 0 0 0 0 0 0 0 0 0 0
400	4	1 1 1 1 0 0 1 0 1 1 0 0 0 0 0 0 0 0 0 0
400	3	1 1 1 1 0 0 1 0 1 0 0 1 1 0 1 1 0 0 0 0
400	7	1 1 1 1 0 1 0 1 1 0 1 1 0 0 0 0 0 0 0 0
400	1	1 1 1 1 0 0 0 1 1 0 0 1 1 0 0 0 0 0 0 0
400	2	1 1 1 1 0 0 0 1 1 1 0 0 1 1 0 1 0 0 0 0
400	1	0 1 1 1 0 0 0 0 1 1 0 0 1 0 0 0 0 0 0 0
400	5	1 1 1 1 0 0 1 0 1 1 0 1 1 0 0 0 0 0 0 0
400	1	1 1 0 1 0 0 0 0 1 1 0 0 0 0 0 0 0 0 1 0
400	2	1 1 1 1 0 0 0 0 1 1 1 0 0 0 0 0 0 0 1 0
400	1	1 1 1 1 0 1 0 1 1 1 0 0 1 0 0 0 0 0 0 0
400	1	1 1 1 1 0 0 1 0 1 0 1 1 1 0 1 1 1 0 1 0
400	3	0 1 1 1 0 0 0 0 1 0 1 0 0 0 1 0 0 0 0 0
400	2	1 1 1 1 0 0 0 1 1 0 0 1 1 0 0 0 0 0 1 0
400	6	1 1 1 0 0 0 1 0 0 0 1 1 0 0 0 1 0 0 1 0
400	1	1 1 1 1 0 0 0 1 1 1 0 0 0 1 0 0 0 0 0 0
400	3	0 1 1 1 0 1 0 1 1 0 0 0 0 0 1 0 0 1 0 0
400	1	1 1 1 1 0 0 0 1 1 0 0 1 1 0 0 0 1 0 0 0
400	3	1 1 1 1 0 0 0 1 0 0 1 1 0 0 0 1 0 0 1 0
400	2	1 1 1 1 1 0 0 1 1 1 0 0 1 1 0 0 1 0 0 0
400	3	1 1 1 0 0 0 0 1 1 1 0 0 1 1 0 1 0 0 0 0
400	1	1 1 1 1 0 0 0 0 1 0 1 0 0 0 1 0 0 0 0 0
400	5	1 1 0 1 0 1 0 1 1 0 0 0 0 0 1 0 0 0 0 0
400	1	0 1 1 1 0 0 1 0 1 0 0 0 1 0 0 0 0 0 0 0
400	3	1 1 1 1 0 0 0 1 0 0 1 0 0 0 0 1 0 0 1 0
400	2	0 1 1 1 0 0 0 0 1 0 1 0 0 0 1 0 0 1 0 0
400	1	1 1 1 1 0 0 0 1 1 0 0 1 1 0 1 1 0 0 0 0
400	1	1 1 1 1 0 0 1 0 1 0 1 0 1 0 1 0 0 1 0 0
400	1	1 1 1 1 0 0 0 1 1 1 0 0 1 1 0 0 0 1 0 0
400	2	1 1 1 1 0 0 0 1 1 1 0 0 0 0 0 0 0 0 1 0
400	1	0 1 1 1 0 0 0 0 1 0 1 0 0 0 1 0 0 0 0 1
400	1	1 0 1 1 0 0 0 1 1 1 1 0 0 0 0 0 0 0 0 0
400	1	1 0 1 1 1 0 1 0 1 1 0 1 1 0 0 0 0 0 1 0
400	1	1 1 1 1 0 0 0 0 1 1 0 0 1 0 0 0 1 0 0 0
400	1	1 1 1 1 0 1 0 1 1 0 1 1 0 0 0 0 0 0 1 0
400	1	1 1 1 1 0 0 1 0 1 0 1 0 1 0 1 1 0 0 0 0
400	2	1 1 1 1 0 1 0 1 1 1 0 0 0 0 1 0 0 1 0 0
400	1	0 1 1 1 0 1 0 1 1 1 0 0 1 0 0 0 0 0 0 0
400	1	1 1 1 1 0 0 1 0 1 1 0 1 0 0 0 0 0 0 0 0
400	1	1 1 0 1 1 1 0 1 1 1 0 0 1 0 0 0 1 0 0 0
400	1	1 1 1 1 0 0 0 1 1 1 0 1 1 0 1 0 1 0 1 1
400	1	1 1 1 1 0 0 0 1 1 1 0 0 1 0 0 0 0 0 1 0
400	1	1 1 1 1 0 0 0 1 1 0 0 0 1 0 0 1 0 0 1 0
400	1	1 1 1 1 0 1 0 1 1 0 1 1 0 0 0 0 1 0 0 0
400	2	0 1 1 1 0 0 0 0 0 0 1 0 0 0 1 0 0 0 0 0
400	2	1 1 1 1 0 1 0 1 1 0 1 1 0 0 0 1 0 0 0 0
400	2	0 1 1 1 0 0 0 0 1 1 1 0 0 0 0 0 0 0 1 0
400	1	1 1 1 1 0 0 1 0 1 0 1 0 0 0 1 0 0 1 0 0
400	1	1 1 1 1 0 0 1 1 1 0 0 1 1 0 0 1 0 0 1 0
400	1	0 1 1 1 0 0 0 1 1 1 0 0 1 1 0 1 0 0 0 0
400	1	1 1 1 1 0 0 0 1 1 1 0 0 1 0 1 0 0 0 1 0
400	1	1 1 1 0 0 0 0 1 1 1 0 0 1 1 0 1 0 0 1 0
420	5	1 1 1 1 0 0 0 0 1 1 0 0 0 0 0 1 0 0 1 0
420	5	1 1 1 1 0 0 1 0 1 1 0 0 0 0 0 0 0 0 0 0
420	5	1 1 1 1 0 0 0 0 0 0 1 1 0 0 0 1 0 0 1 0
420	3	1 1 1 1 0 1 0 1 1 0 1 1 0 0 0 0 0 0 0 0
420	1	1 1 1 1 0 0 0 1 1 1 0 0 1 1 0 1 0 0 0 0
420	1	1 1 1 1 0 0 1 0 1 0 1 1 1 0 1 1 1 0 1 0
420	1	1 1 1 0 0 0 1 0 0 0 1 1 0 0 0 1 0 0 1 0
420	2	1 1 1 1 1 0 0 1 1 1 0 0 1 1 0 0 1 0 0 0
420	1	1 1 1 0 0 0 0 1 1 1 0 0 1 1 0 1 0 0 0 0
420	3	1 1 1 1 0 0 0 0 1 0 1 0 0 0 1 0 0 0 0 0
420	1	0 1 1 1 0 0 1 0 1 0 0 0 1 0 0 0 0 0 0 0
420	2	0 1 1 1 0 0 0 0 1 0 1 0 0 0 1 0 0 1 0 0
420	2	1 1 1 1 0 0 1 0 1 0 1 0 1 0 1 0 0 1 0 0
420	4	1 1 1 1 0 1 1 0 1 0 0 0 0 0 0 1 0 0 1 0
420	1	1 1 1 1 0 0 0 0 1 1 0 0 0 0 0 1 0 0 0 0
420	1	1 0 1 1 0 0 0 1 1 1 1 0 0 0 0 0 0 0 0 0
420	7	1 1 1 1 0 0 0 1 1 0 1 0 0 0 1 0 0 0 0 0
420	3	1 1 1 1 0 1 0 1 1 0 1 1 0 0 0 0 0 0 1 0
420	3	1 1 1 1 0 1 0 1 1 0 1 1 0 0 1 0 0 0 0 0
420	1	1 1 1 1 0 0 1 0 1 1 0 1 0 0 0 0 0 0 0 0
420	1	1 1 1 0 0 0 0 1 1 0 0 1 1 0 0 0 1 0 0 0
420	3	1 1 1 1 0 1 0 1 1 0 1 1 0 0 0 1 0 0 0 0
420	3	1 1 1 0 0 0 0 1 1 1 0 0 1 0 0 1 0 0 0 0
420	1	0 1 1 1 0 0 0 0 0 0 1 0 0 0 1 0 0 1 0 0
420	4	1 1 1 1 0 0 1 0 1 0 1 1 1 0 1 0 0 1 0 0
420	2	1 1 0 1 1 0 0 1 1 0 1 1 0 0 1 0 0 0 0 0
420	1	1 1 1 1 0 0 0 1 1 1 0 0 1 1 0 0 0 0 0 1
420	3	1 1 1 1 0 0 1 0 1 0 1 1 1 0 0 0 0 0 0 0
420	1	1 1 1 1 0 0 1 0 1 0 1 0 0 0 1 0 0 0 0 0
420	1	1 1 1 1 0 0 0 0 0 1 1 1 0 0 0 1 0 0 1 0
420	2	1 1 1 1 0 0 1 0 1 0 0 0 0 0 0 1 0 0 1 1
420	1	1 1 1 1 1 0 0 1 1 0 1 0 0 1 1 0 0 0 0 0
420	1	1 1 1 1 0 0 1 0 0 1 0 1 1 0 0 0 0 0 0 0
420	1	1 1 1 1 0 0 0 1 1 1 0 0 0 0 0 1 0 0 0 0
420	1	1 1 1 1 0 0 0 1 1 0 0 1 1 0 0 0 0 1 1 0
420	1	0 1 1 1 0 0 0 0 1 0 1 0 0 0 0 0 0 0 0 0
420	1	1 1 1 1 0 0 0 0 1 1 0 0 0 0 1 1 0 0 0 0
420	2	1 1 1 1 0 1 0 1 1 1 0 1 0 0 0 0 0 1 0 0
420	1	1 1 1 1 0 1 0 1 1 0 1 1 0 0 0 1 0 0 1 0
420	2	1 1 1 1 0 0 1 0 1 0 0 0 1 1 0 1 0 0 0 0
420	1	1 1 1 1 0 1 0 1 1 0 1 1 0 0 0 0 0 0 0 1
420	2	1 1 1 1 0 0 0 0 0 0 1 1 1 0 1 1 0 0 1 0
420	1	1 1 1 1 0 0 0 1 0 0 1 0 0 0 0 0 0 0 0 0
420	1	1 1 1 1 0 0 1 0 1 0 1 1 1 0 0 1 0 0 0 0
420	1	1 1 1 1 0 0 1 0 1 0 1 1 0 0 0 1 0 0 0 0
420	2	0 1 1 1 0 0 1 0 0 0 0 0 1 0 0 0 0 0 0 0
420	1	1 1 0 1 0 0 0 0 0 1 1 1 0 0 0 1 0 0 1 0
420	1	1 1 1 1 0 0 0 0 1 0 1 0 0 0 1 0 0 1 0 0
420	1	1 1 1 1 0 1 0 0 1 0 1 1 0 0 0 1 0 0 0 0
420	1	1 1 1 1 0 0 1 0 1 0 1 1 1 0 0 0 0 1 0 0
420	1	1 1 0 1 1 0 0 1 1 0 1 1 0 0 1 0 0 1 0 0
420	1	1 1 1 1 0 0 0 1 1 1 1 1 0 0 1 0 0 0 1 0
420	1	1 0 1 1 0 0 0 1 1 0 0 1 1 0 0 0 0 1 1 0
440	5	1 1 1 1 0 0 0 0 1 1 0 0 0 0 0 1 0 0 1 0
440	11	1 1 1 1 0 1 0 1 1 0 1 1 0 0 0 0 0 0 0 0
440	1	0 1 1 1 0 0 0 0 1 0 1 0 0 0 1 0 0 0 0 0
440	1	1 1 1 1 0 0 0 0 1 0 1 0 0 0 1 0 0 0 0 0
440	3	0 1 1 1 0 0 0 0 1 0 1 0 0 0 1 0 0 1 0 0
440	1	1 1 1 1 0 0 0 1 1 0 1 0 0 0 1 0 0 0 0 0
440	1	1 1 1 1 0 1 0 1 1 0 1 1 0 0 1 0 0 0 0 0
440	2	1 1 1 1 0 1 0 1 1 0 1 1 0 0 0 1 0 0 0 0
440	11	1 1 1 0 0 0 0 1 1 1 0 0 1 0 0 1 0 0 0 0
440	2	1 1 1 1 0 0 0 0 0 0 1 1 1 0 1 1 0 0 0 0
440	1	1 1 1 0 0 0 0 1 1 1 0 0 1 1 0 0 0 0 0 0
440	1	1 1 1 1 0 0 1 0 1 0 1 1 1 0 0 0 0 0 0 0
440	2	0 1 1 1 0 0 1 0 1 1 0 1 0 0 0 0 0 0 0 0
440	1	1 1 1 1 0 1 0 1 1 0 1 1 0 0 0 1 0 0 1 0
440	1	1 1 1 1 0 0 0 0 0 0 1 1 1 0 1 1 0 0 1 0
440	1	1 1 1 1 0 0 1 0 0 0 1 1 1 0 1 1 1 0 0 0
440	2	1 1 1 1 0 0 0 0 1 1 0 0 0 0 0 1 0 1 1 0
440	3	1 1 1 1 0 0 0 0 1 1 0 0 1 0 0 1 0 0 1 0
440	1	1 1 1 1 0 0 0 0 1 0 1 1 1 0 1 0 1 0 1 0
440	2	1 1 1 1 0 0 0 0 1 0 1 0 0 0 0 0 0 0 0 0
440	1	1 1 1 1 0 0 0 0 0 0 1 1 1 0 1 0 0 0 0 0
440	1	1 1 1 1 0 1 0 1 1 0 1 1 1 0 0 0 0 0 0 0
440	1	1 1 1 1 0 1 1 0 1 0 0 0 0 0 1 1 0 0 1 0
440	1	1 0 1 1 0 1 0 1 1 0 1 1 0 0 0 1 0 0 0 0
440	2	1 1 1 1 0 0 1 0 1 0 0 0 1 0 0 0 0 0 0 0
440	2	1 0 1 1 0 0 0 0 0 0 1 1 1 0 1 1 0 0 0 0
440	1	1 0 1 1 0 0 0 1 1 1 1 0 1 0 0 0 0 0 0 0
440	2	1 1 1 1 0 0 0 0 1 0 1 1 1 0 1 1 0 0 0 0
440	1	1 1 0 1 0 0 0 1 1 1 0 0 1 1 0 0 0 0 0 1
440	1	1 1 1 1 0 0 1 0 1 0 0 1 1 1 0 1 0 0 0 0
440	2	1 1 1 1 0 1 1 0 1 0 0 0 0 0 1 1 0 0 0 0
440	2	1 1 1 1 0 0 0 1 0 0 1 1 0 0 0 1 0 0 1 0
440	1	1 1 1 1 0 1 1 1 1 0 1 1 0 0 0 0 0 0 0 0
440	3	1 1 1 0 0 0 1 0 1 0 0 0 1 1 0 1 0 0 0 0
440	1	1 1 1 1 0 1 0 1 1 0 1 1 0 0 1 1 0 1 0 0
440	3	1 1 1 1 0 0 1 0 0 0 1 1 1 0 0 1 1 0 0 0
440	1	1 1 1 1 0 0 1 0 1 0 0 0 0 0 1 1 0 0 0 0
440	1	1 1 0 1 0 0 1 0 0 0 1 1 1 0 1 1 0 0 0 0
440	1	1 0 1 1 0 1 0 0 1 0 1 1 0 0 0 1 0 0 0 0
440	1	1 1 1 1 0 0 0 1 1 0 1 1 1 0 1 1 0 0 0 0
440	1	1 1 1 1 0 1 0 1 1 0 1 1 0 0 1 1 0 0 0 0
440	1	1 0 1 1 0 0 0 0 0 0 1 1 0 0 0 1 0 0 1 1
440	1	1 0 1 1 0 0 0 1 1 1 0 0 1 0 0 1 0 0 0 0
440	2	1 1 1 1 0 1 0 0 0 0 1 1 1 0 1 1 0 0 0 0
440	1	1 1 1 0 0 1 0 1 1 0 1 1 0 0 0 1 0 0 0 0
440	1	1 1 1 1 0 0 0 0 1 0 0 0 0 0 0 1 0 0 0 1
440	1	1 1 1 1 0 0 1 0 1 1 0 1 0 0 0 0 0 0 1 0
440	1	1 1 1 0 0 0 0 1 1 1 0 0 1 1 0 0 1 0 0 0
440	1	0 1 1 1 0 0 1 0 0 0 1 1 0 0 0 0 0 0 0 0
440	1	0 0 1 1 0 1 0 1 1 0 1 1 0 0 0 1 0 0 0 0
440	1	1 1 0 1 0 1 0 1 1 0 0 1 0 0 0 0 0 0 0 0
440	1	1 1 1 1 0 0 0 0 1 0 0 0 0 0 0 1 0 0 0 0
440	1	1 1 1 1 0 0 1 0 1 1 0 0 0 0 0 0 0 0 1 0
440	1	1 1 0 1 1 0 0 0 0 0 1 1 1 0 1 1 0 0 0 0
440	1	1 1 1 1 0 0 1 0 1 1 0 0 0 0 0 1 0 0 1 0
440	1	1 1 1 1 0 0 0 1 1 1 0 0 1 1 0 0 0 0 0 0
440	1	0 1 1 1 0 0 1 0 1 0 1 1 1 0 0 0 0 0 0 0
460	8	1 1 1 1 0 1 0 1 1 0 1 1 0 0 0 0 0 0 0 0
460	1	0 1 1 1 0 0 0 0 1 0 1 0 0 0 1 0 0 0 0 0
460	2	1 1 1 1 0 0 0 0 1 0 1 0 0 0 1 0 0 0 0 0
460	1	0 1 1 1 0 0 0 0 1 0 1 0 0 0 1 0 0 1 0 0
460	2	1 1 1 1 0 1 0 1 1 0 1 1 0 0 0 1 0 0 0 0
460	5	1 1 1 0 0 0 0 1 1 1 0 0 1 0 0 1 0 0 0 0
460	3	1 1 1 1 0 0 0 0 0 0 1 1 1 0 1 1 0 0 0 0
460	2	1 1 1 1 0 1 0 1 1 0 1 1 0 0 0 1 0 0 1 0
460	1	1 1 1 1 0 1 0 1 1 0 1 1 0 0 0 1 0 0 0 1
460	2	1 1 1 1 0 0 0 0 1 1 0 0 1 0 0 1 0 0 1 0
460	1	1 1 1 1 0 1 0 1 1 0 1 1 1 0 0 0 0 0 0 0
460	1	1 1 1 1 0 1 1 0 1 0 0 0 0 0 1 1 0 0 1 0
460	1	1 1 1 1 0 1 0 1 1 0 0 1 0 0 0 0 0 0 0 0
460	1	1 0 1 1 0 0 0 0 0 0 1 1 1 0 1 1 0 0 0 0
460	1	0 1 1 1 0 1 0 1 1 0 1 1 0 0 1 0 0 1 0 0
460	2	1 1 1 1 0 0 1 1 1 0 1 0 0 0 1 0 0 0 0 0
460	1	1 1 0 1 0 0 0 1 1 1 0 0 1 1 0 0 0 0 0 1
460	1	1 1 1 1 0 0 1 0 1 0 0 1 1 1 0 1 0 0 0 0
460	1	1 1 1 1 0 0 0 0 1 0 0 0 0 0 1 1 0 0 0 0
460	1	0 1 1 1 0 1 0 1 1 1 0 1 1 0 0 0 0 0 0 0
460	1	1 1 1 0 0 0 1 0 1 0 0 0 1 1 0 1 0 0 0 0
460	2	1 1 1 1 0 1 0 1 1 1 1 1 0 0 0 0 0 0 0 0
460	2	1 1 1 1 0 1 0 0 1 0 1 1 0 0 0 0 0 0 0 0
460	7	1 1 1 1 0 0 0 0 1 1 0 0 0 0 0 1 0 0 0 0
460	1	1 1 1 0 0 1 0 1 1 0 1 1 0 0 0 1 0 0 0 0
460	2	1 1 1 1 1 0 0 0 0 0 1 1 1 0 1 1 0 0 0 0
460	1	1 1 1 1 0 1 0 1 1 0 0 1 0 0 0 1 0 0 0 0
460	1	0 1 1 1 0 0 1 0 1 0 1 1 1 0 0 0 0 0 0 0
460	2	1 1 1 1 0 0 0 1 1 0 1 1 0 0 0 0 0 0 0 0
460	1	1 1 1 0 0 0 0 1 1 1 0 0 1 0 0 0 0 0 0 0
460	1	1 1 1 1 0 0 0 0 1 1 0 0 0 0 0 1 1 1 1 0
460	1	1 1 0 1 0 1 0 1 1 1 1 1 0 0 0 0 0 0 0 0
460	1	1 1 1 1 0 1 0 1 1 1 0 0 1 0 0 1 0 0 0 0
460	1	1 1 1 1 0 0 1 0 0 1 0 0 0 0 0 0 0 0 1 0
460	1	1 1 1 1 0 0 0 1 1 1 0 1 1 1 0 0 0 0 0 0
460	4	1 1 1 0 0 0 1 0 1 0 0 1 0 0 0 1 0 0 0 0
460	2	1 1 1 1 0 1 0 1 1 0 1 0 0 0 0 0 0 0 0 0
460	4	1 1 1 1 0 1 0 1 0 0 1 1 0 0 0 0 0 0 0 0
460	1	1 1 1 1 0 1 0 1 1 1 1 0 0 0 0 0 1 0 0 0
460	1	0 1 1 1 0 1 0 1 1 0 1 1 0 0 0 0 0 0 0 0
460	1	0 1 1 1 0 1 1 0 1 0 0 0 0 0 0 1 0 0 1 0
460	2	1 1 1 1 0 0 0 0 0 1 1 1 1 0 1 1 0 0 0 0
460	1	1 1 1 1 0 1 0 0 1 1 1 0 0 0 0 0 0 0 0 0
460	1	1 1 1 1 0 0 0 0 1 0 1 1 1 0 0 1 0 0 1 0
460	1	1 1 1 1 0 1 1 1 1 0 1 1 0 0 0 1 0 0 0 0
460	1	1 1 1 1 0 0 0 1 1 1 0 0 1 0 0 1 0 0 0 0
460	1	1 1 1 1 0 0 1 0 0 0 1 1 1 0 0 1 0 0 1 0
460	1	1 1 1 1 0 0 1 0 1 0 1 0 1 0 0 0 0 0 0 0
460	1	1 1 1 1 0 0 0 0 0 0 1 1 1 0 1 1 1 0 0 0
460	1	1 1 1 1 0 0 1 1 1 0 1 0 1 0 1 0 0 0 0 0
460	2	1 1 1 1 0 0 0 0 1 0 1 0 0 0 1 0 0 1 0 0
460	2	1 1 1 1 0 0 0 0 0 0 1 1 1 0 1 1 0 0 0 1
460	1	0 1 1 1 0 0 0 0 1 1 0 0 0 0 0 1 0 0 0 0
460	1	1 1 1 1 0 1 0 1 1 0 1 1 0 0 0 1 0 1 0 1
460	1	0 1 1 1 0 0 0 1 1 1 0 0 1 0 0 1 0 0 0 0
460	1	1 1 1 1 1 0 0 0 1 1 1 0 0 0 0 0 0 0 0 1
460	1	1 1 1 1 0 0 1 0 0 0 1 1 0 1 0 1 0 0 1 0
460	1	1 1 1 1 0 0 1 0 0 0 1 1 0 0 0 0 0 0 0 0
460	1	1 1 0 1 0 0 0 0 1 0 0 0 0 0 0 1 0 0 1 0
460	1	1 1 0 1 0 0 0 0 1 1 0 0 0 0 0 1 0 0 0 0
460	1	1 1 1 1 1 1 0 1 1 1 0 1 1 0 0 1 0 0 0 0
460	1	1 1 1 0 0 0 0 1 1 1 0 0 0 0 0 1 0 0 0 0
480	4	0 1 1 1 0 0 0 0 1 0 1 0 0 0 1 0 0 1 0 0
480	4	1 1 1 1 0 1 0 1 1 0 1 1 0 0 0 1 0 0 0 0
480	1	1 1 1 0 0 0 0 1 1 1 0 0 1 0 0 1 0 0 0 0
480	6	1 1 1 1 0 0 0 0 0 0 1 1 1 0 1 1 0 0 0 0
480	3	1 1 1 1 0 1 0 1 1 0 1 1 0 0 0 1 0 0 0 1
480	4	1 1 1 1 0 0 0 0 1 1 0 0 1 0 0 1 0 0 1 0
480	3	0 1 1 1 0 0 1 0 1 0 1 0 1 0 0 0 0 0 0 0
480	4	1 1 1 1 0 1 0 1 1 1 1 0 0 0 0 0 0 0 0 0
480	1	1 1 1 1 0 1 0 1 1 0 1 1 1 0 0 0 0 0 0 0
480	3	0 1 1 1 0 1 0 1 1 0 1 1 0 0 1 0 0 1 0 0
480	2	1 1 1 1 0 0 1 1 1 0 1 0 0 0 1 0 0 0 0 0
480	1	1 1 1 1 0 1 0 1 1 1 1 1 0 0 0 0 0 0 0 0
480	2	1 1 1 1 0 0 1 0 1 0 0 0 0 0 1 1 0 0 0 0
480	4	1 1 1 1 0 0 1 0 1 1 0 0 1 1 0 1 0 0 0 0
480	3	1 1 1 1 0 1 0 1 1 0 0 1 0 0 0 1 0 0 0 0
480	2	0 1 1 1 0 0 1 0 1 0 1 1 1 0 0 1 0 0 0 0
480	1	1 1 1 1 0 1 0 1 1 0 1 0 0 0 0 0 0 0 0 0
480	1	1 1 0 1 0 0 0 1 1 1 0 0 1 1 0 1 0 0 0 0
480	1	1 1 1 1 0 0 0 0 0 1 1 1 1 0 1 1 0 0 0 0
480	4	1 1 1 1 0 1 1 1 1 0 1 1 0 0 0 1 0 0 0 0
480	2	1 1 1 1 0 0 1 0 1 0 0 1 0 0 0 1 0 0 0 0
480	3	1 1 1 1 0 1 0 1 1 1 1 0 0 0 0 1 0 0 0 0
480	1	1 1 0 1 0 0 0 1 1 0 1 1 0 0 0 1 0 0 0 0
480	1	1 1 1 1 0 1 0 1 1 0 1 1 1 0 1 1 0 0 0 0
480	1	1 1 1 1 0 0 0 0 1 0 1 0 0 0 1 0 0 1 0 0
480	4	1 1 1 1 1 0 0 0 1 1 1 0 0 0 0 0 0 0 0 1
480	1	1 1 1 1 0 0 0 0 1 0 1 1 1 0 0 0 0 0 0 0
480	2	1 1 1 1 0 1 0 1 1 0 0 1 0 0 0 1 0 0 1 0
480	1	1 1 1 1 0 0 1 1 1 1 1 0 0 0 1 0 0 0 0 0
480	3	1 1 1 0 0 0 0 1 1 1 1 1 0 0 0 0 0 0 0 1
480	6	0 0 1 1 0 0 1 0 1 0 1 0 1 0 0 0 0 0 0 0
480	3	1 1 1 1 0 1 0 1 1 0 1 0 0 0 1 0 0 0 0 0
480	2	1 1 1 1 0 1 1 1 1 0 1 0 0 0 1 0 0 0 0 0
480	3	1 1 0 1 1 1 0 1 1 0 0 1 0 0 0 1 0 0 0 0
480	1	1 1 1 1 0 1 0 1 0 0 1 1 0 0 0 1 0 0 0 0
480	1	1 1 1 1 0 1 1 0 1 0 0 0 0 0 0 1 0 0 0 0
480	2	1 1 1 1 0 0 1 1 1 0 1 0 0 1 1 0 0 0 0 0
480	1	1 1 1 1 0 0 1 1 1 1 1 0 0 1 1 0 0 0 0 0
480	1	0 1 1 1 0 1 0 1 1 0 1 1 1 0 0 0 0 0 0 0
480	1	1 1 1 1 0 1 0 1 1 1 1 1 0 0 0 1 0 0 0 1
480	1	0 1 1 1 0 1 1 0 1 0 1 0 1 0 0 0 0 0 0 0
480	2	1 1 1 1 1 0 0 0 0 0 1 1 0 0 1 1 0 0 1 0
480	1	1 1 1 1 0 1 1 1 1 0 1 1 0 0 1 1 0 0 0 0
480	1	1 1 1 1 0 0 0 0 0 0 1 1 1 0 0 1 0 0 0 1
480	1	1 1 1 1 0 1 1 1 1 0 1 0 0 0 0 0 0 0 0 0
500	2	1 1 1 1 0 1 0 1 1 0 1 1 0 0 0 0 0 0 0 0
500	2	1 1 1 1 0 0 0 0 1 0 1 0 0 0 1 0 0 0 0 0
500	6	1 1 1 1 0 1 0 1 1 0 1 1 0 0 0 1 0 0 0 0
500	7	1 1 1 1 0 0 0 0 0 0 1 1 1 0 1 1 0 0 0 0
500	3	0 1 1 1 0 0 1 0 1 0 1 0 1 0 0 0 0 0 0 0
500	2	1 1 1 1 0 1 0 1 1 0 1 1 1 0 0 0 0 0 0 0
500	1	1 0 1 1 0 0 0 0 0 0 1 1 1 0 1 1 0 0 0 0
500	3	0 1 1 1 0 1 0 1 1 0 1 1 0 0 1 0 0 1 0 0
500	6	1 1 1 1 0 0 1 1 1 0 1 0 0 0 1 0 0 0 0 0
500	1	1 1 1 1 0 1 0 1 1 1 1 1 0 0 0 0 0 0 0 0
500	6	1 1 1 1 0 1 0 1 1 0 0 1 0 0 0 1 0 0 0 0
500	1	0 1 1 1 0 0 1 0 1 0 1 1 1 0 0 1 0 0 0 0
500	7	1 1 1 1 0 0 1 0 1 0 0 1 0 0 0 1 0 0 0 0
500	3	1 1 0 1 0 0 0 1 1 0 1 1 0 0 0 1 0 0 0 0
500	1	1 1 1 1 0 1 0 1 1 0 1 1 1 0 1 1 0 0 0 0
500	1	1 1 0 1 0 1 0 1 1 0 0 1 0 0 0 1 0 0 0 0
500	1	1 1 1 1 0 1 1 0 1 0 0 0 0 0 1 1 0 0 0 0
500	1	1 1 1 1 0 1 0 1 1 0 1 0 0 0 1 0 0 0 0 0
500	1	1 1 1 1 0 1 1 0 1 1 0 0 1 0 0 0 0 0 0 0
500	3	1 1 1 1 0 1 1 1 1 0 1 0 0 0 1 0 0 0 0 0
500	1	1 1 1 1 0 1 0 1 1 1 1 0 0 0 1 0 0 0 0 0
500	2	1 1 1 1 0 0 1 1 1 0 1 0 0 1 1 0 0 0 0 0
500	2	0 1 1 1 0 1 0 1 1 0 1 1 1 0 0 0 0 0 0 0
500	1	1 1 1 1 0 0 1 1 1 0 1 1 0 0 1 0 0 0 0 0
500	1	1 1 1 1 0 1 0 1 1 1 1 0 0 0 1 1 0 0 0 0
500	1	1 1 1 1 0 1 1 1 1 0 1 0 0 0 0 0 0 0 0 0
500	1	1 1 1 1 0 1 0 1 1 0 0 1 0 0 1 1 0 0 0 0
500	1	1 1 1 1 0 0 1 1 1 0 1 0 0 0 1 1 0 0 0 0
500	1	1 1 1 0 0 0 0 0 0 0 1 1 1 0 1 1 0 0 0 0
500	1	1 1 0 0 0 1 0 1 1 0 1 1 0 0 0 1 0 0 0 0
500	3	0 1 1 1 0 1 1 1 1 0 1 1 0 0 0 1 0 0 0 0
500	2	1 1 1 1 0 1 0 1 1 0 0 1 0 1 0 1 0 0 0 0
500	1	0 1 1 1 0 1 1 1 1 0 1 1 0 0 0 1 1 0 0 0
500	3	1 0 1 1 0 0 1 0 1 0 0 1 0 0 0 1 0 0 0 0
500	1	0 1 1 1 0 0 1 1 1 0 1 1 0 0 0 1 1 0 0 0
500	3	1 1 1 1 0 1 0 0 1 0 1 1 0 0 0 1 0 0 0 0
500	1	1 1 1 1 0 0 0 1 1 0 1 1 0 0 0 1 0 0 0 0
500	1	1 1 1 1 0 1 1 1 1 0 1 1 1 0 0 0 0 0 0 0
500	2	1 1 1 1 1 1 0 1 1 0 1 0 0 0 0 0 0 0 0 0
500	1	1 1 0 1 0 1 0 1 1 0 1 1 0 0 0 1 0 0 0 0
500	2	0 1 1 1 0 0 1 1 1 0 1 1 1 0 0 1 0 0 0 0
500	2	0 1 1 1 0 1 0 1 1 0 1 1 1 0 0 0 1 0 0 0
500	1	1 1 1 1 0 0 0 0 0 0 1 0 1 0 1 0 0 0 0 0
500	2	1 1 1 1 0 0 1 0 1 0 1 1 1 0 0 1 0 0 0 0
500	1	1 0 1 1 0 1 1 0 1 1 0 0 1 0 0 0 0 0 0 0
500	2	1 1 1 1 0 1 0 1 1 1 0 0 0 0 0 1 0 0 1 0
500	1	1 1 1 1 0 0 0 0 0 0 1 0 0 0 1 0 0 0 1 0
500	1	0 1 1 1 0 0 1 1 1 0 1 1 1 0 0 0 0 0 0 0
