0	250	1 0 0 0 1 1 0 0 0 0 0 1 0 1 0 0 0 0 0 0
0	250	0 0 0 0 1 0 0 1 0 0 0 0 0 0 1 0 1 0 0 0
0	250	0 0 0 0 0 0 0 1 0 0 0 0 0 0 0 1 1 0 0 0
0	250	0 1 0 1 0 0 0 0 0 0 0 0 0 1 0 0 0 0 1 0
50	71	1 0 0 0 1 1 0 0 0 0 0 1 0 1 0 0 0 0 0 0
50	143	0 0 0 0 1 0 0 1 0 0 0 0 0 0 1 0 1 0 0 0
50	1	0 0 0 0 1 0 0 1 0 0 0 0 0 0 0 1 1 0 0 0
50	17	0 0 0 0 0 0 0 1 0 0 0 0 0 0 1 0 1 0 0 0
50	5	0 0 0 0 0 0 0 1 0 0 0 0 0 0 0 0 1 0 0 0
50	11	0 1 0 1 0 0 0 0 0 0 0 0 0 0 1 0 1 0 0 0
50	10	0 0 0 0 1 0 0 1 0 0 1 0 0 0 1 0 1 0 0 0
50	20	0 0 0 0 1 0 0 1 0 0 0 1 0 1 0 0 0 0 0 0
50	24	0 0 0 0 1 1 0 1 0 0 0 0 0 0 1 0 1 0 0 0
50	6	1 0 0 0 1 0 0 1 0 0 0 0 0 0 1 0 1 0 0 0
50	4	1 0 0 0 1 1 0 0 0 0 0 1 0 1 0 0 0 0 1 0
50	38	0 0 0 0 1 0 0 1 0 0 0 0 0 0 1 0 1 0 1 0
50	10	0 0 0 0 1 0 0 1 1 0 0 0 0 0 0 1 1 0 0 0
50	5	0 0 0 0 1 0 0 1 0 0 0 0 0 0 1 1 1 0 0 0
50	14	0 0 0 0 1 0 0 1 0 1 0 0 0 0 1 0 1 0 0 0
50	40	0 0 0 0 1 0 0 1 0 0 0 1 0 0 1 0 1 0 0 0
50	16	0 1 0 0 1 0 0 1 0 0 0 0 0 0 0 1 1 0 0 0
50	3	0 0 0 0 1 0 0 1 0 0 0 1 0 1 0 0 0 0 1 0
50	8	0 1 0 1 0 0 0 1 0 0 0 0 0 0 1 0 1 0 0 0
50	25	1 0 0 0 1 1 1 0 0 0 0 0 0 0 0 1 1 0 0 0
50	9	1 0 0 0 1 1 0 0 0 0 0 0 0 0 0 0 1 0 0 0
50	6	1 0 1 0 1 1 0 0 0 0 0 1 0 1 0 0 0 0 0 0
50	1	0 0 0 0 1 0 0 1 0 0 0 1 1 1 0 0 0 0 0 0
50	14	0 1 0 0 1 0 0 1 0 0 0 0 0 0 1 0 1 0 0 0
50	19	1 0 0 0 1 1 0 0 0 0 0 0 0 0 1 0 1 0 0 0
50	12	0 0 0 0 1 0 0 1 0 0 0 0 0 0 1 0 0 0 0 0
50	11	0 0 0 0 1 0 0 1 0 0 0 0 0 1 0 0 0 0 0 0
50	1	0 0 1 0 0 0 0 1 0 0 0 0 0 0 1 0 1 0 0 0
50	5	0 1 0 1 0 0 0 0 0 0 1 0 0 0 1 0 1 0 0 0
50	1	1 0 0 0 1 1 0 0 0 0 0 1 0 1 0 1 0 0 0 0
50	9	1 0 0 0 1 1 0 0 0 0 0 1 0 1 1 0 1 0 0 0
50	2	0 0 0 0 1 0 0 1 0 0 0 0 0 0 1 0 1 0 0 1
50	7	1 0 0 0 0 0 0 1 0 0 0 0 0 0 1 0 1 0 0 0
50	10	0 0 0 0 0 1 0 0 0 0 0 0 0 0 0 1 1 0 0 0
50	8	1 0 0 0 1 1 0 0 0 0 0 1 0 0 1 0 1 0 0 0
50	3	1 1 0 0 1 1 0 0 0 0 0 1 0 1 0 0 0 0 0 0
50	5	1 0 0 0 1 1 1 0 0 0 0 1 0 1 0 0 0 0 0 0
50	2	1 0 0 0 1 1 0 0 0 0 0 1 0 0 0 1 0 0 0 0
50	8	0 1 0 1 0 0 0 1 0 0 0 0 0 1 1 0 1 0 0 0
50	7	1 0 0 0 1 1 0 0 0 0 1 0 0 0 1 0 1 0 0 0
50	19	1 0 0 0 1 1 0 0 1 0 0 1 0 1 0 0 1 0 0 0
50	19	0 1 0 0 0 0 0 1 0 0 0 0 0 0 1 0 1 0 0 0
50	10	0 1 0 1 0 0 0 0 0 0 1 0 0 0 1 0 1 0 0 1
50	39	1 0 0 0 1 1 0 0 0 0 0 0 0 1 0 0 1 0 0 0
50	11	1 0 0 0 0 1 0 0 0 0 1 0 0 0 1 0 1 0 0 1
50	1	0 0 0 0 1 0 0 1 0 0 0 0 0 0 0 0 1 0 0 0
50	2	1 0 0 1 0 0 0 0 0 0 1 0 0 0 1 0 1 0 0 0
50	1	0 0 0 0 1 0 0 1 1 0 0 0 0 0 1 0 1 0 0 0
50	13	0 0 0 0 1 1 0 0 0 0 1 1 0 1 0 0 0 0 0 0
50	2	1 0 0 0 1 0 0 1 0 0 1 0 0 0 1 0 1 0 0 0
50	1	1 0 0 0 1 1 0 0 0 0 0 1 0 1 0 1 0 0 1 0
50	14	0 1 0 0 1 0 0 1 1 0 0 0 0 0 0 0 1 0 0 0
50	13	1 1 0 0 1 1 0 0 1 0 0 1 0 1 0 0 1 0 0 0
50	5	1 0 0 0 1 0 0 0 0 0 0 1 0 1 0 0 0 0 0 0
50	3	0 0 0 0 1 0 0 1 1 0 0 0 0 0 0 1 1 0 0 1
50	3	0 0 0 0 0 0 0 1 0 1 0 0 0 0 1 0 1 0 0 0
50	9	0 0 0 0 1 1 0 0 0 0 1 0 0 1 0 0 0 0 0 0
50	5	1 0 0 0 1 1 0 0 0 0 0 1 0 1 0 0 1 0 0 0
50	6	0 0 0 0 1 0 0 1 0 0 0 1 0 1 0 0 1 0 0 0
50	6	0 0 0 0 1 0 0 1 0 1 0 0 0 0 1 0 1 0 1 0
50	1	0 1 0 0 1 0 0 1 0 0 0 0 0 0 0 1 0 0 0 0
50	1	0 1 0 1 0 0 0 0 0 0 1 0 0 0 1 0 0 0 0 0
50	3	1 0 0 0 0 1 0 0 0 0 1 0 0 0 1 0 1 0 0 0
50	4	1 0 0 0 1 1 0 1 0 0 0 1 0 1 0 0 0 0 0 0
50	5	0 1 0 0 1 0 0 1 1 0 0 0 0 0 0 1 1 0 0 0
50	2	0 1 0 1 0 0 1 1 0 0 0 0 0 0 1 0 1 0 0 0
50	1	0 0 0 0 1 1 0 0 0 0 0 0 0 0 0 0 1 0 0 0
50	6	0 1 0 0 0 0 0 1 1 0 0 0 0 0 1 0 1 0 0 0
50	6	0 0 0 0 0 0 0 0 0 0 0 0 0 0 0 0 1 0 0 0
50	3	1 0 1 0 1 1 0 0 0 0 0 1 0 1 0 1 0 0 0 0
50	2	0 1 0 0 0 0 0 1 0 0 0 0 0 0 1 0 1 0 0 1
50	1	0 0 0 0 1 0 0 0 0 0 0 1 0 1 0 0 1 0 0 0
50	19	0 0 0 0 0 1 0 0 0 0 0 0 0 0 1 0 1 0 0 0
50	15	1 0 0 0 1 1 0 0 1 0 0 0 0 0 1 0 1 0 0 0
50	3	0 0 0 0 1 0 1 1 0 0 0 0 0 0 1 0 1 0 0 0
50	6	0 0 0 0 1 0 0 1 0 1 0 1 1 1 0 0 0 0 0 0
50	9	1 0 0 0 1 1 1 0 0 0 0 1 0 0 1 0 1 0 0 0
50	9	1 0 0 0 1 1 0 0 0 0 0 1 0 0 0 1 1 0 0 0
50	1	0 0 0 0 1 0 1 1 0 0 0 1 0 0 1 0 1 0 0 0
50	8	1 0 0 0 0 0 0 1 0 0 0 0 0 0 1 0 1 1 0 0
50	4	1 0 0 0 1 1 0 0 0 0 0 1 1 0 0 1 1 0 0 0
50	3	0 0 0 0 1 0 0 0 0 0 0 0 0 0 1 0 1 0 0 0
50	1	1 1 0 0 1 0 0 1 0 0 0 0 0 0 1 0 1 0 0 0
50	3	0 0 0 0 1 1 0 1 0 0 1 0 0 0 1 0 1 0 0 0
50	2	0 0 0 0 1 0 0 1 0 0 0 1 0 0 1 0 0 0 0 0
50	1	1 0 0 0 0 1 0 0 0 0 0 0 0 0 1 0 1 0 0 0
50	5	0 1 0 0 1 0 0 1 1 0 0 1 0 0 0 1 1 0 0 0
50	3	0 0 0 0 1 1 0 0 0 0 0 0 0 1 0 0 1 0 0 0
50	6	1 0 0 0 1 1 0 0 0 0 0 1 0 0 1 0 1 0 1 0
50	3	1 0 0 0 1 1 0 0 0 0 0 1 0 0 1 0 0 0 0 0
50	6	0 0 0 1 1 0 0 1 0 0 0 0 0 0 1 0 1 0 0 0
50	2	0 0 0 0 1 0 0 1 1 0 0 1 0 0 0 1 1 0 0 0
50	3	0 0 0 0 1 0 1 1 0 1 0 0 0 0 1 0 1 0 0 0
50	3	1 1 0 0 1 1 0 0 0 1 0 1 0 1 0 0 0 0 0 0
50	2	1 0 0 0 1 0 0 1 0 0 1 1 0 0 1 0 1 0 0 0
50	1	1 0 0 0 1 1 0 0 0 0 1 1 0 1 0 0 1 0 0 0
50	3	0 0 0 1 0 0 0 0 0 0 1 0 0 0 1 0 1 0 0 1
50	5	1 0 0 0 0 0 0 0 0 0 1 0 0 0 1 0 1 0 0 1
50	2	0 1 0 1 1 0 0 1 0 0 0 0 0 0 1 0 1 0 0 0
50	2	0 0 0 0 0 1 0 0 0 0 0 1 0 0 1 0 1 0 0 0
50	3	1 1 0 0 1 1 0 0 0 0 0 0 0 0 0 1 1 0 0 1
50	2	1 0 0 0 1 1 0 0 0 0 0 1 0 1 0 0 0 0 0 1
50	3	1 0 0 0 1 1 0 0 0 0 0 1 1 1 0 0 0 0 0 0
50	1	0 0 0 1 1 1 0 1 0 0 0 0 0 0 1 0 1 0 0 0
50	1	1 0 0 0 1 1 0 0 0 1 0 1 0 1 0 0 0 0 1 0
50	1	1 0 0 0 1 1 0 0 1 0 0 1 0 1 0 0 1 1 0 0
50	2	1 0 0 1 0 0 0 0 0 1 1 0 0 0 1 0 1 0 0 0
50	2	1 0 0 0 1 1 0 0 0 0 1 0 0 1 0 0 0 0 0 0
50	1	0 0 0 0 0 0 0 0 0 0 0 1 0 0 0 0 1 0 0 0
50	1	0 1 0 0 0 0 0 0 0 0 0 0 0 0 0 0 1 0 0 0
50	3	1 0 0 0 0 0 0 1 0 0 1 0 0 0 1 0 0 0 0 0
50	1	1 0 0 0 1 0 0 0 1 0 0 0 0 0 0 0 1 0 0 0
50	3	1 0 0 0 1 1 0 0 0 0 0 0 0 1 0 0 0 0 0 0
50	1	0 0 0 0 1 0 0 1 0 0 0 1 0 0 0 0 0 0 0 0
50	3	0 0 0 0 1 0 0 1 0 0 0 1 0 0 1 0 1 0 0 1
50	1	0 1 0 0 1 0 0 0 0 0 0 0 0 0 1 0 1 0 0 0
50	1	0 1 0 0 1 0 1 1 0 0 0 0 0 0 1 0 1 0 0 0
50	2	0 0 0 0 1 0 0 1 1 0 0 0 0 1 0 0 0 0 0 0
50	1	1 0 0 0 0 0 0 1 0 1 0 0 0 0 1 0 1 0 0 0
50	2	0 1 0 0 1 0 0 1 1 0 0 0 0 0 0 1 1 0 1 0
50	1	0 1 0 1 0 0 0 0 1 0 0 1 0 1 0 0 0 0 0 0
50	3	1 0 0 0 1 1 0 0 0 0 0 1 0 0 1 1 0 0 0 0
50	3	1 1 0 0 1 1 0 0 0 1 0 1 0 1 0 0 0 0 0 1
100	26	0 0 0 0 1 0 0 1 0 0 0 0 0 0 1 0 1 0 0 0
100	2	0 0 0 0 0 0 0 1 0 0 0 0 0 0 1 0 1 0 0 0
100	4	0 0 0 0 1 0 0 1 0 0 0 1 0 1 0 0 0 0 0 0
100	3	0 0 0 0 1 1 0 1 0 0 0 0 0 0 1 0 1 0 0 0
100	63	0 1 0 1 0 0 0 1 0 0 0 0 0 0 1 0 1 0 0 0
100	20	1 0 0 0 1 1 1 0 0 0 0 0 0 0 0 1 1 0 0 0
100	19	1 0 0 0 1 1 0 0 0 0 0 1 0 0 1 0 1 0 0 0
100	45	0 1 0 0 0 0 0 1 0 0 0 0 0 0 1 0 1 0 0 0
100	86	0 1 0 1 0 0 0 0 0 0 1 0 0 0 1 0 1 0 0 1
100	6	1 0 0 0 1 1 0 0 0 0 0 0 0 1 0 0 1 0 0 0
100	7	1 0 0 0 1 1 1 0 0 0 0 1 0 0 1 0 1 0 0 0
100	3	0 0 0 0 1 1 0 0 0 0 0 0 0 1 0 0 1 0 0 0
100	24	0 1 0 0 1 0 0 1 1 0 0 0 0 0 0 1 1 0 1 0
100	10	0 0 0 0 0 1 0 0 0 0 0 0 1 0 1 0 1 0 0 0
100	16	0 1 0 0 1 1 0 0 0 0 0 1 0 0 1 0 0 0 0 0
100	18	0 1 0 0 0 0 0 1 0 0 1 0 0 0 1 0 1 0 0 0
100	7	1 0 1 0 1 1 0 0 0 0 0 1 0 0 1 0 1 0 1 0
100	10	1 0 0 0 1 1 1 0 0 0 1 0 0 0 0 1 1 0 0 0
100	4	0 1 0 1 0 0 0 1 1 0 0 0 0 0 1 0 1 0 0 0
100	6	0 0 0 0 1 0 0 1 0 0 1 0 0 0 1 0 1 0 0 0
100	7	1 0 0 0 1 1 1 0 0 0 0 0 1 0 0 1 1 0 0 0
100	16	0 0 0 0 1 1 1 0 0 0 0 0 0 0 0 1 1 0 0 0
100	8	0 0 0 0 1 0 0 1 0 1 1 0 0 0 1 0 1 0 0 0
100	7	0 0 0 0 0 0 0 0 0 0 0 0 0 0 1 0 1 0 0 0
100	2	1 0 0 0 1 1 1 0 0 0 0 1 1 0 0 1 1 0 0 0
100	8	0 0 0 1 0 0 0 0 0 0 1 0 0 0 1 0 1 0 0 1
100	4	0 1 0 0 0 1 0 0 0 0 0 0 0 1 0 0 0 0 0 0
100	2	0 1 0 1 0 0 0 0 0 0 1 0 0 0 1 0 1 0 1 1
100	64	0 1 0 1 0 1 0 0 0 0 1 0 0 0 1 0 1 0 0 1
100	4	0 1 0 1 0 0 0 0 0 0 1 0 0 0 1 0 1 0 0 0
100	3	1 0 1 1 0 0 0 1 0 0 1 0 0 0 1 0 1 0 0 0
100	8	1 0 0 0 0 1 0 1 0 0 0 1 0 0 1 0 1 0 0 0
100	10	0 0 0 0 1 1 1 0 0 0 0 0 0 0 1 0 1 0 0 0
100	12	0 1 0 1 0 0 0 0 0 0 0 0 0 0 1 0 1 0 0 0
100	3	0 0 0 0 1 0 0 1 0 0 1 0 1 0 1 0 1 0 0 0
100	6	1 0 0 0 0 0 0 1 0 0 0 1 0 0 1 0 1 0 0 0
100	5	1 0 0 0 1 0 1 0 0 0 0 0 0 0 1 0 1 0 0 0
100	9	1 0 0 0 1 1 1 0 0 1 1 0 0 0 0 1 1 0 0 0
100	30	1 0 0 0 1 1 1 0 0 0 1 0 0 0 0 1 1 0 0 1
100	7	1 0 0 0 1 1 0 0 0 0 0 1 0 0 1 1 1 0 0 0
100	2	0 0 0 0 1 0 0 1 1 0 0 0 0 0 1 0 1 0 1 1
100	5	0 1 0 1 1 0 0 0 0 0 1 0 0 0 1 0 1 0 0 1
100	4	0 0 0 0 0 1 0 0 0 0 0 0 0 0 1 0 1 1 0 0
100	7	1 0 0 0 1 1 1 0 0 0 0 0 0 1 0 1 1 0 0 0
100	3	0 0 0 0 1 1 0 1 0 0 1 1 0 0 1 0 1 0 0 0
100	3	1 0 0 0 1 1 0 0 0 0 0 1 0 0 1 0 1 0 0 1
100	11	1 0 0 0 1 1 1 0 0 0 0 0 0 0 0 1 1 1 0 0
100	9	1 0 0 0 1 1 1 0 0 1 1 0 0 0 0 1 1 1 0 0
100	2	0 0 0 0 1 0 0 1 1 0 0 0 0 0 1 0 1 0 0 0
100	4	1 0 0 0 1 1 1 0 0 1 0 0 0 0 0 1 1 0 0 0
100	5	1 0 0 0 1 1 0 0 0 1 0 0 0 1 0 0 1 0 0 0
100	3	0 0 0 0 1 1 1 0 0 0 0 1 0 0 0 1 1 0 0 0
100	10	0 1 0 0 0 1 0 0 0 0 1 0 0 0 1 0 1 0 0 1
100	4	1 0 0 0 1 0 1 0 0 0 0 0 1 0 0 1 1 0 0 1
100	14	1 0 0 0 1 1 1 1 0 0 1 0 0 0 1 0 1 0 0 0
100	6	1 0 0 0 1 0 0 0 0 0 0 0 0 0 1 1 1 1 0 0
100	16	0 1 0 1 1 1 1 0 0 0 0 0 1 0 0 1 1 0 0 0
100	9	1 0 0 0 1 0 0 0 0 0 1 0 0 0 1 0 1 0 0 1
100	6	0 0 0 0 1 1 0 1 0 0 1 1 0 0 1 0 1 0 0 1
100	1	1 0 0 0 1 1 1 0 0 0 0 0 0 0 0 0 1 0 0 0
100	3	0 1 0 0 0 0 0 1 0 0 0 1 0 0 1 0 1 0 0 0
100	6	0 1 1 1 0 0 0 0 0 0 1 1 0 0 1 0 1 0 0 1
100	1	0 0 0 0 1 0 0 1 0 0 1 1 0 1 0 0 0 0 0 0
100	1	1 0 0 0 1 0 1 0 0 0 1 0 0 0 0 1 1 0 0 0
100	2	0 0 0 0 1 0 0 1 0 0 1 0 0 0 1 1 1 0 0 0
100	19	0 0 0 1 0 0 0 0 0 0 1 0 0 0 1 0 0 0 0 1
100	1	0 0 0 0 1 1 0 0 0 0 0 0 0 0 1 0 1 0 0 0
100	3	1 0 0 0 1 1 1 0 0 0 0 0 0 0 0 1 0 0 0 0
100	5	1 0 0 0 1 1 0 0 0 0 0 0 1 1 0 0 1 0 0 0
100	10	0 1 0 1 1 0 0 1 0 0 0 0 0 0 0 0 1 0 0 0
100	10	0 0 0 0 0 1 0 0 0 0 0 0 0 0 1 0 0 1 0 0
100	6	1 0 0 0 1 1 0 0 0 0 0 0 0 1 0 0 1 0 1 0
100	8	1 0 0 1 1 1 1 0 0 0 0 0 0 0 0 1 1 0 0 0
100	1	0 1 0 0 1 0 0 1 0 0 0 0 0 0 1 0 1 0 0 0
100	1	1 1 0 0 1 1 0 0 0 0 0 0 0 1 0 0 1 0 0 0
100	3	0 0 0 0 1 0 0 1 0 0 1 0 0 0 0 0 1 0 0 0
100	3	0 0 0 1 0 0 0 0 0 0 0 0 0 0 1 0 1 0 0 1
100	5	0 1 0 1 0 1 0 0 0 0 1 0 0 0 0 0 1 0 0 1
100	7	1 0 1 1 0 0 0 1 0 0 1 0 0 1 1 0 1 0 0 0
100	2	0 0 0 0 1 0 0 1 0 0 0 0 1 0 1 0 1 0 0 0
100	7	0 0 0 0 0 0 0 0 0 0 1 0 0 0 1 0 1 0 0 1
100	5	0 1 0 1 0 1 0 0 0 0 1 0 0 0 1 0 1 0 0 0
100	9	0 1 0 0 1 1 0 0 0 1 0 0 0 1 0 0 1 0 0 0
100	4	0 1 0 0 1 1 0 1 0 0 1 0 0 0 1 0 1 0 0 1
100	10	1 0 0 1 0 0 0 0 0 0 1 0 0 0 1 0 1 0 0 1
100	2	1 0 0 0 1 1 0 0 0 1 0 0 0 0 1 0 1 0 0 0
100	11	1 0 0 0 1 1 1 0 0 0 0 1 1 0 1 1 1 0 0 0
100	1	1 0 1 0 1 0 1 0 0 0 0 0 0 0 0 1 1 0 0 0
100	5	0 1 0 1 0 0 0 0 0 0 1 0 0 0 1 0 1 1 0 1
100	2	0 0 0 0 0 0 0 1 0 0 0 1 0 1 1 0 1 0 0 0
100	3	0 1 0 0 0 0 0 1 0 0 0 0 1 1 1 0 1 0 0 0
100	9	1 0 0 0 1 1 1 0 0 0 1 0 0 1 0 0 1 0 0 0
100	2	1 0 0 0 1 1 1 0 0 0 0 0 0 0 1 0 1 0 0 1
100	3	1 0 1 0 1 1 1 0 0 0 0 1 0 0 1 0 1 0 0 0
100	2	0 1 0 1 0 1 0 0 0 0 1 1 0 0 1 0 1 0 0 1
100	6	1 0 0 0 0 1 1 0 0 1 1 0 0 0 0 1 1 0 0 0
100	2	0 0 0 0 1 0 0 1 0 0 0 0 1 0 1 0 1 0 0 1
100	1	0 1 0 1 0 0 0 0 0 0 1 1 0 0 1 0 0 0 0 1
100	2	1 0 0 0 0 0 0 1 0 0 0 1 0 0 1 0 1 0 0 1
100	9	1 0 0 0 1 1 0 0 0 0 0 1 0 0 1 0 1 0 1 0
100	8	1 0 0 0 1 1 1 0 0 1 0 0 0 0 0 1 1 0 0 1
100	1	0 1 1 1 0 0 0 1 0 0 0 0 0 0 1 0 1 0 0 0
100	6	0 1 0 1 0 1 0 0 0 0 1 0 0 0 1 1 1 0 0 1
100	2	1 0 0 0 1 1 0 0 0 1 0 1 0 0 1 1 1 0 0 0
100	4	0 0 0 0 1 1 1 0 0 0 0 0 0 0 0 1 1 1 0 0
100	3	1 0 0 0 1 0 1 1 0 0 1 0 0 0 0 1 1 0 0 0
100	1	0 1 0 0 1 1 1 0 0 0 1 0 0 0 0 1 1 0 0 1
100	3	1 0 0 0 1 1 1 0 0 0 0 0 0 1 0 0 1 1 0 0
100	1	0 0 0 0 1 1 0 0 0 0 0 1 0 0 1 0 0 0 0 0
100	5	1 0 0 0 1 1 1 0 0 0 0 0 0 0 0 0 1 0 0 1
100	4	0 0 0 0 1 0 0 1 0 0 1 1 0 0 1 0 1 0 0 0
100	2	1 0 0 0 1 0 1 0 0 0 0 0 0 1 0 0 1 0 0 0
100	2	0 0 0 0 1 0 0 1 0 0 0 0 0 0 1 0 1 0 0 1
100	3	0 1 1 0 1 1 0 0 0 0 0 1 0 0 1 0 0 0 0 0
100	6	0 1 0 1 1 1 1 0 1 0 0 0 1 0 0 1 1 0 0 0
100	1	0 0 0 1 1 0 0 1 0 0 1 1 0 1 0 0 0 0 0 0
100	2	0 0 0 0 0 1 0 0 0 0 0 0 1 0 1 0 1 0 0 1
100	1	1 0 0 0 1 1 1 0 0 0 1 0 0 1 0 0 1 1 0 0
100	2	0 1 0 1 0 0 0 1 0 0 0 0 0 0 0 0 1 0 0 0
100	1	0 1 0 0 0 0 0 0 0 0 0 0 0 0 1 0 1 0 0 0
100	2	0 1 0 0 0 0 0 1 1 0 0 0 0 0 1 0 1 0 0 0
100	1	1 0 0 0 1 1 1 0 0 0 0 0 0 1 0 0 1 0 0 0
100	1	1 0 0 0 0 0 1 0 0 0 0 0 1 0 0 1 1 0 0 1
100	3	0 0 0 1 0 0 0 0 0 0 1 0 0 0 1 1 0 0 0 1
100	1	1 0 0 0 1 0 0 1 0 0 0 1 0 0 0 0 0 0 0 0
100	1	0 1 0 0 1 1 0 0 0 1 0 0 0 1 0 0 1 1 0 0
100	2	0 1 0 1 0 0 0 0 0 0 1 0 0 0 0 1 1 0 0 0
100	1	0 0 0 1 0 0 0 1 0 0 0 0 0 0 1 0 1 0 0 0
100	1	0 1 0 1 1 1 1 0 0 0 0 0 1 0 0 1 1 0 0 1
100	1	0 1 0 1 0 1 0 0 0 0 1 0 0 0 0 0 1 0 0 0
100	1	1 0 0 1 0 1 1 0 0 0 0 0 0 0 0 1 1 1 0 0
100	1	0 1 0 1 0 1 0 0 0 0 1 1 0 0 0 1 1 0 0 0
100	4	1 0 0 0 1 0 0 1 0 0 0 0 0 0 1 0 1 0 0 0
100	1	1 0 0 0 1 1 0 0 0 0 0 0 0 0 1 0 1 0 0 0
100	1	0 1 0 1 0 0 0 0 0 0 1 0 0 0 1 1 1 0 0 1
100	1	0 1 0 1 0 0 0 0 0 0 1 0 1 0 1 0 1 0 0 1
100	1	0 1 0 0 1 0 0 1 1 0 0 0 0 0 0 1 1 0 1 1
100	1	0 0 0 0 1 1 1 0 0 0 0 0 0 1 0 1 1 0 0 0
100	3	0 1 0 1 0 0 0 0 0 0 0 0 0 1 1 0 1 0 0 0
100	1	1 0 0 0 1 1 1 0 0 1 1 0 0 0 0 1 1 1 0 1
100	1	1 0 0 0 1 1 1 0 0 1 0 0 0 0 1 1 1 0 0 1
100	2	0 1 0 0 1 1 0 1 0 1 0 0 0 1 0 0 1 1 0 0
150	162	0 1 0 1 0 0 0 0 0 0 1 0 0 0 1 0 1 0 0 1
150	4	0 1 0 0 0 0 0 1 0 0 1 0 0 0 1 0 1 0 0 0
150	8	1 0 1 0 1 1 0 0 0 0 0 1 0 0 1 0 1 0 1 0
150	98	0 1 0 1 0 1 0 0 0 0 1 0 0 0 1 0 1 0 0 1
150	10	0 1 0 1 0 0 0 0 0 0 1 0 0 0 1 0 1 0 0 0
150	14	1 0 0 0 1 1 1 0 0 0 1 0 0 0 0 1 1 0 0 1
150	2	0 1 0 1 1 1 1 0 0 0 0 0 1 0 0 1 1 0 0 0
150	3	0 1 0 0 0 0 0 1 0 0 0 0 1 1 1 0 1 0 0 0
150	21	1 0 0 0 1 1 1 0 0 0 0 0 0 0 1 0 1 0 0 1
150	3	0 1 0 0 0 0 0 1 1 0 0 0 0 0 1 0 1 0 0 0
150	9	0 1 1 0 0 0 0 1 0 0 0 0 0 0 1 0 1 0 0 0
150	5	0 1 0 0 0 0 0 1 0 0 0 0 0 0 1 0 1 0 0 1
150	36	0 1 0 1 0 0 0 0 0 0 0 0 0 0 1 0 1 0 0 1
150	35	1 0 0 0 1 1 1 0 0 0 1 1 1 0 1 1 1 0 0 0
150	3	1 0 1 1 0 0 0 1 0 0 1 0 0 0 1 0 1 0 0 0
150	16	0 1 0 1 1 1 1 0 0 0 0 0 1 0 0 1 1 0 0 1
150	18	0 1 0 1 1 0 0 0 0 0 0 0 0 0 1 0 1 0 0 1
150	14	0 1 1 1 0 0 0 0 0 0 1 0 0 0 1 0 1 0 0 1
150	25	1 0 0 1 1 0 0 0 0 0 0 0 0 0 1 0 1 0 0 0
150	12	1 0 0 0 1 0 1 0 0 0 0 0 0 0 1 0 1 0 0 1
150	5	1 0 0 0 1 1 1 0 0 0 1 0 0 0 1 0 1 0 0 1
150	21	0 1 0 1 0 0 0 0 0 0 1 0 0 1 1 0 1 0 0 1
150	6	0 1 0 1 0 0 0 0 0 0 1 1 0 0 1 0 1 0 0 1
150	28	0 1 0 1 0 1 1 0 0 0 1 0 0 0 1 0 1 0 0 1
150	39	0 1 0 1 0 1 1 0 0 0 1 0 0 0 1 0 1 0 0 0
150	6	0 1 0 1 0 1 0 0 0 0 1 0 0 0 1 0 1 1 0 1
150	6	1 0 0 0 1 1 1 0 0 0 1 1 0 1 0 1 1 0 0 1
150	2	0 0 0 0 1 0 0 1 1 0 0 0 0 0 0 1 1 0 1 0
150	25	0 1 0 0 0 1 0 0 0 0 1 0 0 0 1 0 1 0 0 1
150	3	0 0 0 0 0 0 0 1 0 0 0 0 0 0 1 0 1 0 0 0
150	2	0 0 0 1 1 1 1 0 0 0 0 0 1 0 0 1 1 0 0 0
150	3	1 0 1 0 1 1 0 0 0 0 0 0 1 0 0 1 1 0 0 0
150	14	0 1 0 1 0 0 0 0 0 0 0 0 0 0 1 0 1 0 0 0
150	6	1 0 0 0 1 1 1 0 0 0 1 0 1 0 1 0 1 0 0 1
150	6	0 1 0 0 1 0 0 1 1 0 0 0 0 0 0 1 1 0 1 1
150	10	0 1 0 0 0 0 0 0 0 0 1 0 0 0 1 0 1 0 0 0
150	3	0 1 0 0 0 0 0 1 0 0 1 0 0 0 1 0 0 0 0 0
150	7	1 1 0 0 1 1 0 0 0 1 0 0 0 1 0 0 1 0 0 0
150	16	0 1 0 1 0 1 1 0 0 0 1 0 1 0 1 0 1 0 0 1
150	3	0 1 0 1 0 1 1 0 0 0 1 1 1 0 1 1 1 0 0 0
150	17	1 0 0 1 0 0 0 0 0 0 0 0 0 0 1 0 1 0 0 1
150	5	1 1 0 1 0 0 0 0 0 1 1 0 0 0 1 0 1 0 0 1
150	1	1 1 0 1 0 1 0 0 0 0 1 0 1 0 1 0 1 0 0 1
150	10	0 1 0 0 0 0 0 1 0 1 1 0 0 0 1 0 1 0 0 0
150	2	0 0 0 0 1 1 1 0 0 0 0 0 0 0 1 0 1 0 0 1
150	1	1 0 0 1 1 1 1 0 0 0 0 0 1 0 0 1 1 0 0 1
150	1	1 0 0 0 1 1 1 0 0 1 1 0 0 0 0 1 0 0 0 0
150	1	1 0 0 0 0 0 0 1 0 0 0 0 0 0 1 0 1 0 0 0
150	6	1 0 0 1 0 0 0 0 0 0 0 0 0 0 1 0 1 0 0 0
150	1	1 0 0 1 1 1 0 0 0 0 0 1 0 1 1 1 1 0 0 1
150	9	0 1 0 0 1 0 0 1 1 0 0 0 0 0 1 0 1 0 0 0
150	5	0 1 0 0 0 0 0 1 0 0 1 0 0 1 1 1 1 0 0 1
150	8	1 0 0 1 0 1 0 0 0 0 0 0 0 0 1 0 1 0 0 1
150	3	1 0 0 1 0 1 0 0 0 0 1 0 0 0 1 0 1 0 0 1
150	1	0 0 0 1 1 1 1 0 0 0 0 0 1 0 0 1 1 0 0 1
150	1	0 1 0 0 0 0 0 1 0 0 1 1 0 0 1 1 1 0 0 1
150	6	1 0 0 1 0 0 0 0 0 0 1 0 0 0 1 0 1 0 0 1
150	11	0 1 0 1 0 0 0 1 0 0 1 0 0 0 1 0 1 0 0 1
150	3	0 0 0 1 1 1 1 0 0 0 0 0 0 0 0 1 1 0 1 0
150	1	0 1 0 1 0 0 0 0 1 0 1 0 0 0 1 0 1 0 0 0
150	14	1 1 0 0 1 1 1 0 0 0 1 0 0 0 1 0 1 0 0 1
150	3	0 1 0 1 0 0 0 0 0 0 1 0 1 0 1 0 1 0 0 1
150	7	0 1 0 1 0 0 0 1 0 0 1 0 0 0 1 0 1 0 0 0
150	3	0 1 0 1 1 0 0 0 0 0 1 0 0 0 1 0 1 0 0 0
150	5	1 1 0 0 1 1 0 0 0 0 1 0 0 0 1 0 1 0 0 1
150	6	0 1 0 1 1 0 0 0 0 0 1 0 0 1 1 0 1 0 0 1
150	1	0 1 0 1 0 0 0 0 0 0 0 0 0 0 0 0 1 0 0 1
150	7	1 0 1 0 1 1 1 0 0 0 1 0 0 0 0 1 0 0 0 0
150	5	1 1 0 1 0 1 0 0 0 0 0 0 0 0 1 0 1 0 0 1
150	1	1 0 0 1 1 0 0 0 0 0 1 0 0 0 1 0 1 0 0 1
150	18	1 0 0 1 0 0 0 1 0 0 0 0 0 0 1 0 1 0 0 0
150	11	0 1 0 1 0 0 1 0 0 0 1 0 1 0 1 0 1 0 0 1
150	4	0 1 1 0 0 0 0 1 0 0 0 0 0 0 1 0 1 0 0 1
150	3	0 1 0 1 1 0 0 0 1 0 1 0 0 0 1 0 1 0 0 0
150	1	0 1 0 1 0 0 0 1 0 1 1 0 0 0 1 1 1 0 0 1
150	5	0 1 0 1 0 0 0 0 0 0 1 0 0 0 1 0 0 0 0 1
150	3	0 1 0 1 0 0 1 0 0 0 1 0 0 0 1 0 1 0 0 1
150	1	0 1 0 1 0 0 0 0 0 0 1 0 0 0 0 0 1 0 0 1
150	5	0 1 0 1 0 1 0 0 0 0 0 0 0 0 1 0 1 0 0 1
150	1	1 0 0 0 1 1 1 0 1 0 1 0 0 0 1 0 1 0 0 1
150	2	0 1 0 0 0 1 0 0 0 0 1 0 0 0 1 0 1 0 0 0
150	3	0 1 0 0 0 0 0 1 0 0 1 0 0 0 1 0 0 0 1 0
150	8	0 0 0 1 0 0 0 0 0 0 0 0 0 0 1 0 1 0 0 1
150	2	1 0 0 0 1 1 1 0 0 0 1 1 1 0 1 0 1 0 0 1
150	6	1 0 1 1 0 0 0 1 0 0 1 0 0 0 1 0 1 0 0 1
150	1	0 0 0 0 1 1 1 0 0 0 1 0 0 0 0 1 1 0 0 1
150	1	1 1 0 1 0 0 0 0 0 0 0 0 0 0 0 0 1 0 0 1
150	1	0 1 0 1 0 0 0 0 0 0 1 0 0 0 1 0 1 1 0 1
150	4	0 1 0 1 0 1 0 0 0 0 1 0 0 0 1 0 1 0 1 1
150	1	1 0 0 0 0 0 1 0 0 0 0 0 0 0 1 0 1 0 0 1
150	5	0 1 0 1 0 1 1 0 1 0 1 0 0 0 1 0 1 0 0 0
150	1	1 0 0 0 1 1 1 0 0 0 1 1 0 1 0 1 1 1 0 1
150	1	0 1 0 0 0 1 0 0 0 0 1 0 0 0 1 0 1 1 0 1
150	9	0 1 0 1 1 1 1 0 0 0 1 1 0 1 0 1 1 0 0 1
150	3	0 1 0 1 1 1 1 0 0 0 1 0 0 0 0 1 1 0 0 1
150	3	1 0 1 0 1 0 0 0 0 0 0 1 0 0 1 0 1 0 1 0
150	1	1 1 1 1 0 0 0 1 0 0 1 0 0 0 1 0 1 0 0 0
150	3	1 0 0 1 1 0 0 0 0 0 1 0 0 0 1 0 1 0 0 0
150	2	0 1 0 0 0 1 1 0 0 0 1 0 0 0 1 0 1 0 0 0
150	1	1 0 0 1 1 1 1 0 0 0 0 0 1 0 0 1 1 0 1 0
150	2	1 0 0 0 1 1 1 0 0 0 1 0 0 0 0 1 1 0 0 0
150	1	0 1 0 0 1 1 1 0 0 0 0 1 0 0 1 0 1 0 1 0
150	1	0 1 0 1 1 1 1 0 0 0 1 0 0 0 1 0 1 0 0 1
150	3	1 0 1 0 1 1 1 0 0 0 1 0 0 0 1 0 1 0 0 1
150	2	1 1 0 1 0 1 0 0 0 0 1 0 0 0 1 0 1 0 0 1
150	1	0 1 0 1 0 1 0 0 0 0 1 1 0 0 1 0 1 0 0 1
150	2	1 0 0 0 1 1 1 0 0 0 1 0 1 0 1 1 1 0 0 0
150	3	0 1 1 1 0 0 0 0 0 0 1 0 0 0 1 0 1 0 0 0
150	1	0 1 0 1 1 0 0 0 0 0 1 0 1 0 1 0 1 0 0 1
150	3	0 1 0 1 0 0 0 0 0 0 0 1 0 0 1 0 1 0 1 0
150	1	1 0 0 0 1 1 1 0 0 0 1 0 0 0 1 0 1 0 0 0
150	1	1 0 0 1 1 0 0 0 0 0 1 1 1 0 1 1 1 0 0 0
150	2	0 1 0 0 0 0 0 1 0 0 1 0 1 0 1 0 1 0 0 1
150	1	1 0 0 1 0 0 0 0 0 0 0 0 1 0 0 1 1 0 0 0
150	1	0 1 0 1 0 0 0 0 0 0 0 0 1 0 1 0 1 0 0 1
150	1	0 1 0 1 0 1 1 0 0 0 1 0 0 0 0 0 1 0 0 0
150	1	0 1 0 0 0 1 0 0 0 0 1 0 0 0 1 1 1 0 0 1
150	1	0 1 0 1 0 1 1 0 0 0 1 0 1 0 1 0 1 0 1 1
150	1	0 1 0 0 1 0 1 1 1 0 0 0 0 0 1 0 1 0 0 0
150	2	1 0 1 0 1 1 1 1 0 0 1 0 0 0 0 1 0 0 0 0
150	2	1 0 1 0 1 1 1 0 0 0 1 1 1 0 1 0 1 0 0 1
150	1	0 0 0 0 0 0 1 0 0 0 0 0 0 0 1 0 1 0 0 1
150	2	0 1 0 1 1 1 0 0 0 0 1 0 0 0 0 1 1 0 0 1
200	88	0 1 0 1 0 0 0 0 0 0 1 0 0 0 1 0 1 0 0 1
200	25	0 1 0 1 0 1 0 0 0 0 1 0 0 0 1 0 1 0 0 1
200	3	0 1 0 1 0 0 0 0 0 0 1 0 0 0 1 0 1 0 0 0
200	26	0 1 0 1 0 0 0 0 0 0 0 0 0 0 1 0 1 0 0 1
200	23	1 0 1 1 0 0 0 1 0 0 1 0 0 0 1 0 1 0 0 0
200	32	0 1 0 1 1 1 1 0 0 0 0 0 1 0 0 1 1 0 0 1
200	1	0 1 0 1 1 0 0 0 0 0 0 0 0 0 1 0 1 0 0 1
200	21	0 1 1 1 0 0 0 0 0 0 1 0 0 0 1 0 1 0 0 1
200	18	0 1 0 1 0 0 0 0 0 0 1 0 0 1 1 0 1 0 0 1
200	25	0 1 0 1 0 1 1 0 0 0 1 0 0 0 1 0 1 0 0 1
200	25	0 1 0 1 0 1 0 0 0 0 1 0 0 0 1 0 1 1 0 1
200	21	1 0 0 1 0 0 0 0 0 0 0 0 0 0 1 0 1 0 0 1
200	11	1 0 0 1 0 0 0 0 0 0 1 0 0 0 1 0 1 0 0 1
200	27	0 1 0 1 0 0 0 1 0 0 1 0 0 0 1 0 1 0 0 1
200	30	0 1 0 1 0 0 1 0 0 0 1 0 1 0 1 0 1 0 0 1
200	39	0 1 1 0 0 0 0 1 0 0 0 0 0 0 1 0 1 0 0 1
200	13	1 0 1 1 0 0 0 1 0 0 1 0 0 0 1 0 1 0 0 1
200	19	0 1 0 1 0 0 0 0 0 0 1 0 0 1 1 1 1 0 0 0
200	68	0 1 1 1 0 1 1 0 0 0 1 0 0 0 1 0 1 0 0 1
200	10	0 1 0 1 0 0 0 1 0 0 1 0 0 1 1 0 1 0 0 1
200	10	1 0 0 1 1 1 1 0 0 0 1 1 1 0 1 1 1 0 0 0
200	8	0 1 0 1 0 0 1 0 0 0 1 0 0 0 1 0 1 0 0 1
200	2	0 1 0 1 0 0 0 1 0 0 1 0 0 0 1 0 0 0 0 1
200	3	0 1 0 1 0 0 0 0 0 1 0 0 0 0 1 0 1 0 0 0
200	13	0 1 0 1 0 0 0 0 0 0 1 0 0 0 1 1 1 0 0 1
200	36	1 1 1 0 1 1 1 0 0 0 1 0 0 0 1 0 1 0 0 1
200	14	0 1 0 1 0 1 1 0 0 0 1 0 0 0 1 0 0 0 0 1
200	3	0 1 0 1 0 0 0 0 0 0 1 0 1 0 1 0 1 0 0 1
200	9	0 1 0 1 0 1 1 0 0 0 1 0 0 0 1 1 1 0 0 1
200	6	1 0 0 1 0 0 0 1 0 0 0 0 0 0 1 0 0 0 0 1
200	8	0 1 1 0 0 1 1 0 0 0 1 0 0 0 1 0 1 0 0 1
200	10	0 1 0 1 0 1 0 0 0 0 1 0 0 0 1 0 0 0 0 1
200	1	0 1 0 1 0 1 1 0 0 0 1 0 1 0 1 1 1 0 0 1
200	5	0 1 0 1 0 1 0 0 0 0 1 0 0 0 1 0 1 0 0 0
200	5	0 1 0 1 1 1 1 0 0 0 0 0 0 0 1 0 1 0 0 1
200	3	1 1 0 0 1 1 1 1 0 1 1 0 0 0 1 0 1 0 0 1
200	4	1 1 0 1 0 0 0 1 0 0 1 0 0 0 1 0 0 0 0 1
200	4	0 1 0 1 0 1 0 1 0 0 0 0 0 0 1 0 1 0 0 1
200	1	1 1 0 1 0 0 0 0 0 0 1 0 0 0 1 0 1 0 0 1
200	2	0 1 1 1 0 1 1 0 0 0 1 0 0 0 1 0 1 0 1 1
200	1	0 1 0 1 0 0 0 0 0 0 0 0 0 0 1 0 1 0 1 1
200	5	0 1 0 1 0 0 0 0 0 0 1 0 0 0 1 1 0 0 0 1
200	18	0 1 1 1 0 0 0 0 0 0 1 1 0 0 1 0 1 0 0 1
200	6	1 1 0 1 0 0 0 1 0 0 1 0 0 0 1 0 0 0 0 0
200	11	0 1 0 1 0 0 0 1 0 1 1 0 0 0 1 0 0 0 0 1
200	3	1 0 0 1 0 0 0 1 0 0 0 0 0 0 1 0 0 1 0 1
200	5	0 1 0 0 0 0 0 0 0 0 0 0 0 0 1 0 1 0 0 1
200	5	1 0 0 1 0 0 0 0 0 0 1 0 0 0 1 0 1 0 0 0
200	7	0 1 1 1 0 1 1 0 0 0 1 0 0 0 1 1 1 0 0 1
200	7	0 1 1 1 1 1 1 0 0 0 1 0 0 0 1 0 1 0 0 1
200	39	1 0 1 1 0 0 0 1 0 0 1 0 0 0 1 0 0 0 0 1
200	4	1 1 0 1 0 0 0 0 1 0 1 0 0 0 1 0 1 0 0 1
200	2	0 1 1 1 0 0 1 1 0 0 1 0 0 0 1 0 1 0 0 1
200	2	1 1 1 1 0 0 0 0 0 0 1 0 0 0 1 0 1 0 0 1
200	8	0 1 0 1 0 0 1 1 0 0 1 0 1 0 1 0 1 0 0 1
200	3	0 1 1 1 0 1 1 0 0 1 1 0 0 0 1 0 1 0 0 1
200	11	0 1 1 0 0 0 0 1 0 0 0 0 0 0 1 0 1 1 0 1
200	1	0 1 1 0 0 1 1 0 0 0 1 1 0 0 1 0 1 0 0 1
200	5	0 1 0 1 0 1 1 0 0 0 1 0 0 1 1 0 1 0 0 1
200	3	0 1 0 0 0 1 0 0 0 0 1 0 0 0 1 0 1 1 0 1
200	9	0 1 0 0 0 1 0 0 0 0 1 0 0 0 1 0 1 0 1 1
200	2	1 0 0 1 1 1 1 1 0 0 1 1 1 0 1 1 1 0 0 0
200	11	0 1 0 1 0 1 1 0 1 0 1 0 0 0 1 0 0 0 0 1
200	5	0 1 0 1 1 1 1 0 0 0 0 0 1 0 0 0 1 0 0 1
200	3	0 1 0 1 0 0 0 0 1 0 0 0 0 0 1 0 1 0 0 1
200	2	0 1 1 1 0 1 1 0 1 0 1 0 0 0 1 1 1 0 0 1
200	14	1 0 1 1 0 0 0 1 0 1 1 0 0 0 1 0 0 0 0 1
200	2	0 1 0 1 0 0 0 1 0 0 0 0 0 0 1 0 1 0 0 1
200	1	0 1 1 1 0 0 0 1 0 0 1 0 0 0 1 0 1 0 0 0
200	1	1 0 1 1 0 0 0 0 0 0 1 0 0 0 1 0 1 0 0 0
200	4	1 0 0 1 1 1 1 0 0 0 1 1 1 0 1 0 0 0 0 1
200	2	0 1 0 0 0 0 0 0 0 0 1 0 0 0 1 0 1 0 0 1
200	3	0 1 0 1 0 1 1 0 0 0 1 0 0 0 1 0 1 1 0 1
200	1	0 1 0 1 0 0 1 1 0 0 1 0 0 0 1 0 1 0 0 1
200	7	1 0 0 1 0 0 0 0 0 0 1 0 1 0 1 0 1 0 0 0
200	3	0 1 0 1 1 1 1 0 0 0 0 0 1 0 1 1 1 0 0 0
200	6	1 0 0 1 1 1 1 0 0 0 1 0 0 1 1 1 1 0 0 0
200	4	0 0 0 1 0 0 0 0 0 0 1 0 0 0 1 0 1 0 0 1
200	5	0 0 1 0 0 0 0 1 0 0 0 0 0 0 1 0 1 0 0 1
200	4	0 1 0 1 0 0 0 0 0 0 1 0 1 0 1 1 1 0 0 1
200	2	1 1 0 1 0 0 0 0 0 0 1 0 1 0 1 0 1 0 0 1
200	3	1 0 1 1 0 0 0 1 0 0 1 0 0 0 1 0 0 0 0 0
200	3	0 1 0 0 0 1 1 0 1 0 1 0 0 0 1 0 0 0 0 1
200	1	1 0 1 1 0 0 1 0 0 0 1 0 0 0 1 0 0 0 0 1
200	3	0 1 1 1 0 1 1 0 0 0 1 0 0 0 1 1 0 0 0 1
200	7	0 1 0 1 0 0 0 0 0 1 0 0 0 0 1 0 1 0 0 1
200	5	0 1 0 1 0 1 1 0 0 0 1 0 0 0 1 0 1 0 0 0
200	4	0 1 0 1 0 1 0 0 0 0 1 0 1 0 1 0 1 1 0 1
200	3	1 1 0 0 1 1 1 1 0 1 1 0 0 0 1 0 1 0 1 1
200	3	0 1 1 1 0 0 0 0 0 0 0 0 0 0 1 0 1 0 0 1
200	2	1 0 0 1 1 1 1 1 0 0 1 0 0 0 1 0 1 0 0 0
200	1	0 1 1 0 0 0 0 1 0 0 1 0 0 0 1 0 1 0 0 0
200	5	0 1 0 1 0 0 0 1 1 0 1 0 0 0 1 0 1 0 0 1
200	2	1 1 1 0 1 1 1 0 0 1 1 0 0 0 1 0 1 0 0 1
200	4	1 1 1 1 0 0 0 0 0 0 1 1 0 0 1 0 1 0 0 1
200	2	0 1 0 1 0 1 0 0 0 0 1 0 0 1 1 0 1 0 0 1
200	1	0 1 0 0 0 0 0 0 0 0 0 0 0 0 1 0 1 0 0 0
200	4	0 1 0 1 0 0 0 0 0 0 0 0 0 0 0 0 1 0 0 1
200	4	0 1 0 1 0 1 0 0 0 0 1 1 0 0 1 0 1 1 0 1
200	2	1 0 0 1 0 1 0 0 0 0 1 0 0 0 1 0 1 0 0 1
200	2	1 1 1 0 1 1 1 0 0 0 1 0 0 0 1 0 1 0 1 1
200	1	1 1 1 0 1 1 0 0 0 0 1 0 0 0 1 0 1 0 0 1
200	1	0 1 0 1 0 1 1 0 0 0 1 0 1 0 1 1 1 0 1 1
200	2	1 0 1 1 0 0 0 1 0 0 1 0 1 0 1 0 0 0 0 1
200	5	0 0 1 1 0 0 0 1 0 0 1 0 0 0 1 0 0 0 0 1
200	1	1 0 0 1 0 0 0 0 0 0 0 0 0 0 1 1 1 0 0 1
200	1	1 0 0 1 1 1 1 0 0 0 1 1 1 0 1 1 1 0 0 1
200	3	1 1 1 0 1 1 1 0 0 0 1 0 0 0 1 0 0 0 0 1
200	1	0 1 0 1 0 1 1 0 0 0 1 0 1 0 1 0 1 0 0 1
200	2	1 1 0 1 0 0 0 0 0 0 0 0 0 0 1 0 1 0 0 1
200	2	0 1 0 0 0 1 0 0 0 0 1 0 0 0 1 0 0 0 0 1
200	1	0 1 0 1 0 1 0 0 0 0 1 0 1 0 1 0 1 0 0 0
200	1	0 1 0 1 0 0 0 0 0 0 1 0 0 0 1 0 1 1 0 1
200	2	0 1 0 1 0 0 0 0 0 1 1 0 0 0 1 0 1 0 0 1
200	1	0 1 1 1 0 1 0 0 0 0 1 0 0 0 1 0 1 0 0 1
200	1	0 1 0 1 0 0 0 0 0 0 1 0 0 1 1 0 1 0 1 1
200	1	0 1 0 1 0 1 0 0 0 0 1 0 0 0 1 0 1 1 1 1
200	4	0 0 1 1 0 1 1 0 0 0 1 0 0 0 1 0 1 0 0 1
250	19	0 1 0 1 0 0 0 0 0 0 1 0 0 0 1 0 1 0 0 1
250	16	1 0 1 1 0 0 0 1 0 0 1 0 0 0 1 0 1 0 0 0
250	23	0 1 0 1 1 1 1 0 0 0 0 0 1 0 0 1 1 0 0 1
250	20	0 1 1 1 0 0 0 0 0 0 1 0 0 0 1 0 1 0 0 1
250	4	0 1 0 1 0 1 1 0 0 0 1 0 0 0 1 0 1 0 0 1
250	1	0 1 0 1 0 0 0 1 0 0 1 0 0 0 1 0 1 0 0 1
250	14	0 1 1 0 0 0 0 1 0 0 0 0 0 0 1 0 1 0 0 1
250	105	0 1 1 1 0 1 1 0 0 0 1 0 0 0 1 0 1 0 0 1
250	14	0 1 0 1 0 0 0 1 0 0 1 0 0 1 1 0 1 0 0 1
250	10	0 1 0 1 0 1 1 0 0 0 1 0 0 0 1 0 0 0 0 1
250	29	0 1 1 1 0 0 0 0 0 0 1 1 0 0 1 0 1 0 0 1
250	32	0 1 1 1 0 1 1 0 0 0 1 0 0 0 1 1 1 0 0 1
250	6	0 1 0 1 0 1 1 0 0 0 1 0 0 1 1 0 1 0 0 1
250	20	1 0 1 1 0 0 0 1 0 1 1 0 0 0 1 0 0 0 0 1
250	3	0 1 0 0 0 1 1 0 1 0 1 0 0 0 1 0 0 0 0 1
250	16	0 1 0 1 0 0 0 0 0 1 1 0 0 0 1 0 1 0 0 1
250	11	1 1 0 0 1 1 1 0 0 0 1 0 0 0 1 0 1 0 0 1
250	60	1 1 0 0 1 1 1 0 0 0 1 0 0 0 1 1 1 0 0 1
250	10	0 1 0 1 1 1 1 0 0 0 1 0 0 0 1 1 1 0 0 1
250	2	0 1 1 1 0 1 1 0 0 0 0 0 0 0 0 0 0 0 0 1
250	12	0 1 1 1 0 1 1 0 0 0 1 0 0 1 1 0 1 0 0 1
250	12	1 1 0 1 0 0 0 1 0 0 1 0 0 0 1 1 0 0 0 1
250	8	1 0 1 1 0 0 0 0 0 0 1 0 0 0 1 0 1 0 0 1
250	3	0 1 0 1 1 1 1 0 0 0 0 0 1 0 1 1 0 0 0 1
250	9	0 1 0 1 0 0 1 1 0 0 1 0 0 1 1 0 1 0 0 1
250	12	0 1 0 1 0 1 1 0 0 1 1 0 0 0 1 0 1 0 0 1
250	12	1 1 0 0 1 1 1 1 0 1 1 0 0 1 1 0 1 0 0 1
250	1	0 1 1 1 0 0 0 0 0 0 1 0 0 0 1 1 0 0 0 1
250	1	0 1 1 1 0 1 1 0 0 0 1 0 0 0 1 0 0 0 0 1
250	15	0 1 0 1 0 1 0 1 0 0 0 0 0 0 1 0 1 0 0 1
250	11	1 0 0 0 1 1 0 1 0 0 1 0 0 0 1 1 1 0 0 0
250	24	1 1 0 0 1 1 1 1 0 0 1 0 0 1 1 0 1 0 0 1
250	14	0 1 1 1 0 1 1 0 0 0 1 0 0 0 0 0 1 0 0 1
250	2	0 1 1 1 0 0 0 0 0 0 1 1 1 0 1 0 1 0 0 1
250	2	0 1 1 1 0 1 0 0 0 0 1 0 0 0 1 1 1 0 0 1
250	7	0 1 0 1 1 1 1 0 0 0 1 1 1 0 0 1 1 0 0 1
250	2	1 0 0 1 0 0 1 0 0 0 1 0 1 0 1 0 1 0 0 1
250	12	1 0 1 1 0 0 0 0 0 0 1 0 0 1 1 0 1 0 0 1
250	6	0 1 0 1 0 0 0 1 0 0 1 0 0 0 1 0 0 0 0 1
250	5	0 1 0 1 0 0 1 1 0 0 1 0 0 0 1 0 1 0 0 1
250	12	0 1 0 1 1 0 0 1 1 0 1 0 0 0 1 1 1 0 0 1
250	5	1 0 1 1 0 0 0 1 0 0 1 0 0 0 1 0 1 0 0 1
250	18	0 1 1 1 1 1 1 0 0 0 1 1 1 0 1 0 1 0 0 1
250	16	0 0 1 1 0 1 1 0 0 0 1 0 0 0 1 0 1 0 0 1
250	9	1 0 0 0 1 1 0 1 0 0 1 0 0 0 1 0 1 0 0 1
250	4	0 0 1 1 0 0 0 0 0 0 1 0 0 0 1 0 1 0 0 1
250	2	1 0 0 1 0 0 0 0 0 0 1 1 0 0 1 0 1 1 0 1
250	22	0 1 1 1 0 1 1 0 0 0 1 0 0 1 0 0 1 0 0 1
250	8	0 1 1 1 0 1 1 0 0 0 0 0 0 0 1 0 1 0 0 1
250	17	0 1 1 0 1 1 1 1 0 1 1 0 0 0 1 1 1 0 0 1
250	8	1 0 0 1 0 0 0 1 0 0 1 0 0 0 1 0 1 0 0 0
250	14	1 0 1 1 1 0 0 1 0 0 1 1 0 0 1 0 1 0 0 1
250	2	0 1 0 1 1 0 1 0 0 0 1 0 0 0 1 1 1 0 0 1
250	3	0 0 0 1 1 1 1 0 0 0 1 1 1 0 0 1 1 0 0 1
250	4	0 1 1 1 0 1 1 0 0 1 1 0 0 0 1 1 0 0 0 1
250	3	0 1 0 1 0 1 1 0 0 0 1 0 0 0 1 0 1 0 0 0
250	6	1 1 0 0 1 1 1 1 0 0 0 0 0 0 0 0 0 0 0 1
250	9	0 1 0 1 0 1 0 0 0 0 1 0 0 0 1 0 1 0 0 1
250	9	0 1 0 1 1 1 1 1 0 0 1 1 0 0 1 1 1 0 0 1
250	1	0 1 1 1 0 0 0 1 1 0 1 0 0 1 1 0 0 0 0 1
250	3	0 1 1 1 1 0 0 0 0 0 1 0 0 0 0 0 1 0 0 1
250	2	0 0 0 1 1 1 1 0 0 1 1 1 1 0 0 1 1 0 0 1
250	16	1 1 0 0 1 1 1 1 0 1 1 0 0 1 1 1 1 0 0 1
250	10	1 0 1 1 0 0 0 0 0 0 0 0 1 0 1 1 1 0 0 1
250	2	1 1 1 1 0 0 0 0 0 0 1 0 0 0 1 0 1 0 0 1
250	1	0 1 1 1 0 1 1 0 0 0 1 0 0 0 1 0 1 1 0 1
250	4	0 1 0 1 1 0 0 1 1 0 1 0 0 0 1 1 0 0 0 1
250	1	0 1 1 1 0 1 1 0 0 0 1 1 0 0 0 0 0 0 0 1
250	4	1 0 0 1 0 0 1 1 1 0 1 0 0 0 1 1 1 0 0 1
250	3	0 1 0 1 0 0 1 0 0 0 1 0 0 0 1 0 1 0 0 1
250	16	0 1 0 1 0 1 1 0 1 0 1 0 0 1 1 0 1 0 0 1
250	9	0 1 1 1 0 0 0 0 0 0 1 0 0 0 1 0 1 0 0 0
250	9	0 1 1 1 0 1 1 0 0 0 0 0 1 0 1 1 0 0 0 1
250	1	0 1 1 1 0 1 1 0 0 0 1 0 0 0 1 1 0 0 0 1
250	7	0 1 1 1 0 0 0 0 0 0 0 0 0 0 1 0 1 0 0 1
250	9	0 1 1 1 0 1 1 0 0 0 1 0 0 0 1 0 1 0 0 0
250	8	1 1 0 0 1 1 1 1 0 1 1 0 0 0 1 0 1 0 0 0
250	2	0 1 1 1 0 0 0 0 0 0 1 0 0 0 1 0 0 0 0 1
250	1	0 1 1 1 0 0 0 0 0 0 0 0 1 0 1 1 1 0 0 1
250	4	0 1 1 1 0 0 0 0 0 0 1 0 0 1 0 0 1 0 0 1
250	1	0 1 0 1 1 1 1 0 0 0 1 0 0 1 1 0 1 0 0 1
250	1	0 1 0 1 0 1 1 0 0 0 1 0 1 0 1 1 1 0 0 0
250	1	0 1 0 1 1 1 1 0 0 0 0 0 0 0 1 0 1 0 0 1
250	18	1 0 0 1 0 0 0 0 0 0 1 0 0 1 1 0 1 0 0 1
250	3	0 1 1 1 0 1 1 1 0 0 1 0 0 0 1 0 1 0 0 0
250	1	1 0 1 1 0 0 0 1 0 1 1 0 0 0 1 0 1 0 0 0
250	6	0 1 1 1 0 1 1 0 1 0 1 0 0 0 1 1 1 0 0 1
250	7	1 0 1 1 0 0 0 0 0 0 1 0 0 0 1 0 0 0 0 1
250	3	1 1 0 1 1 0 0 1 1 0 1 0 0 0 1 1 1 0 0 1
250	1	0 1 0 1 0 0 0 1 0 1 1 0 0 1 1 1 1 0 1 1
250	1	1 1 0 0 1 0 0 1 0 0 1 0 0 0 1 1 0 0 0 1
250	1	0 1 1 0 0 0 0 0 0 0 0 0 0 0 1 1 0 0 0 1
250	1	0 1 0 1 1 1 1 1 0 0 1 0 0 1 1 0 1 0 0 1
250	2	1 0 1 1 0 0 0 1 0 0 1 0 0 0 1 1 1 0 0 1
250	1	1 0 0 1 0 0 1 0 0 0 1 0 0 0 1 1 1 0 0 1
250	3	0 1 1 1 0 1 1 0 1 0 1 0 0 0 1 0 1 0 0 1
250	3	0 1 1 1 0 1 1 0 0 0 1 0 1 0 1 0 1 0 0 1
250	2	0 1 1 1 0 1 1 0 0 0 1 1 0 0 1 0 1 0 0 1
250	3	0 1 1 0 0 1 1 0 1 0 1 0 0 0 1 0 0 0 0 1
250	1	1 1 0 1 1 1 1 0 0 0 0 0 1 0 1 1 0 0 0 1
250	2	1 1 0 0 0 0 0 1 0 0 1 0 0 0 1 0 1 0 0 0
250	4	0 1 0 1 0 0 1 1 0 0 1 0 1 0 1 0 1 0 0 1
250	2	0 1 0 1 1 0 0 1 1 0 1 0 0 0 1 0 1 0 0 1
250	5	0 0 1 1 0 1 1 0 0 0 1 0 0 1 0 0 1 0 0 1
250	1	0 1 0 1 1 1 1 1 0 0 1 1 0 0 1 0 1 0 0 1
250	1	0 1 1 1 0 1 1 1 0 0 1 1 0 0 0 0 0 0 0 1
250	4	1 1 0 1 0 1 1 0 1 0 1 0 0 1 1 0 1 0 0 1
250	1	1 1 0 1 0 0 0 1 0 0 1 0 0 1 1 0 1 0 0 1
250	1	0 1 1 1 0 1 0 1 1 0 1 0 0 0 1 1 0 0 0 1
250	3	1 1 0 0 1 1 1 1 0 1 1 0 0 0 1 0 1 0 0 1
250	2	1 0 1 1 0 0 0 1 0 0 1 0 0 1 1 0 1 0 0 0
250	4	1 1 0 0 1 1 1 0 0 0 1 0 0 0 0 1 1 0 0 1
250	3	0 0 0 1 0 1 1 0 0 1 1 0 0 0 1 0 1 0 0 1
250	1	0 0 0 1 0 1 0 1 0 0 0 0 0 0 1 0 1 0 0 1
250	4	0 1 1 1 0 1 1 0 0 0 1 0 0 0 0 0 1 0 0 0
250	2	0 1 0 1 0 0 0 0 0 0 1 0 0 0 1 1 1 0 0 1
250	2	0 1 1 1 0 0 0 0 0 0 1 1 0 0 1 0 0 0 0 1
250	2	0 1 0 1 1 1 1 0 0 1 1 0 0 0 1 0 1 0 0 0
250	1	1 1 0 1 0 0 0 1 0 0 1 0 0 0 1 1 1 0 0 1
250	2	0 1 1 1 1 1 1 0 0 0 1 1 1 0 1 1 0 0 0 1
250	1	1 1 0 0 1 1 1 1 0 1 1 0 0 1 1 0 0 0 0 1
250	1	1 0 0 1 0 0 0 0 0 0 1 0 0 1 1 1 0 0 0 1
250	2	0 1 0 1 0 0 0 0 0 0 1 0 0 0 1 0 0 0 0 1
250	4	1 0 1 0 0 0 0 1 0 0 1 0 0 0 1 0 1 0 0 0
250	2	1 1 1 1 0 1 1 0 0 0 1 0 0 0 1 0 1 0 0 1
250	1	0 1 1 1 1 1 1 0 0 0 1 0 0 0 1 0 1 0 0 1
250	2	0 1 0 0 0 1 1 0 0 0 1 0 0 0 1 0 0 0 0 1
250	1	0 1 1 1 0 0 0 0 0 0 0 1 0 0 1 0 1 0 0 1
250	1	0 1 1 1 0 1 1 0 0 0 1 0 0 0 1 1 1 0 1 1
250	2	1 0 1 1 0 0 0 1 0 1 1 0 1 0 1 0 0 0 0 1
250	2	1 1 0 0 1 1 1 1 0 0 0 0 0 1 1 0 1 0 0 1
250	2	0 1 0 1 1 0 0 1 1 0 1 0 0 1 1 1 1 0 0 1
250	1	0 0 0 1 1 1 1 0 0 0 1 0 1 0 0 1 1 0 0 1
250	1	0 1 0 0 0 1 1 0 1 0 1 0 0 1 1 0 1 0 0 1
250	1	1 0 0 0 1 1 1 1 0 1 1 0 0 0 1 0 1 0 0 1
300	16	1 0 1 1 0 0 0 1 0 0 1 0 0 0 1 0 1 0 0 0
300	26	0 1 1 1 0 1 1 0 0 0 1 0 0 0 1 0 1 0 0 1
300	21	0 1 1 1 0 0 0 0 0 0 1 1 0 0 1 0 1 0 0 1
300	29	0 1 1 1 0 1 1 0 0 0 1 0 0 0 1 1 1 0 0 1
300	56	1 0 1 1 0 0 0 1 0 1 1 0 0 0 1 0 0 0 0 1
300	8	0 1 0 1 1 1 1 0 0 0 1 0 0 0 1 1 1 0 0 1
300	4	0 1 1 1 0 0 0 0 0 0 1 0 0 0 1 1 0 0 0 1
300	4	0 1 1 1 0 1 0 0 0 0 1 0 0 0 1 1 1 0 0 1
300	12	1 0 1 1 0 0 0 1 0 0 1 0 0 0 1 0 1 0 0 1
300	26	0 1 1 1 1 1 1 0 0 0 1 1 1 0 1 0 1 0 0 1
300	4	1 0 0 1 0 0 0 0 0 0 1 1 0 0 1 0 1 1 0 1
300	10	0 1 1 1 0 1 1 0 0 0 1 0 0 1 0 0 1 0 0 1
300	20	0 1 1 1 0 0 0 0 0 0 0 0 1 0 1 1 1 0 0 1
300	6	1 0 1 1 0 0 0 0 0 0 1 0 0 0 1 0 0 0 0 1
300	6	1 0 1 1 0 0 0 0 0 1 1 0 0 0 1 0 0 0 0 1
300	5	0 1 0 1 1 1 1 0 0 0 0 0 1 0 1 1 1 0 0 1
300	5	0 1 1 1 1 0 0 0 0 0 1 0 0 0 1 0 1 0 0 1
300	9	0 0 1 0 0 0 0 1 0 0 1 0 0 0 1 0 1 0 0 0
300	7	0 1 1 1 0 1 0 0 0 0 1 1 0 0 1 0 1 0 0 1
300	13	0 1 1 1 0 0 0 1 0 0 1 1 0 0 1 0 1 0 0 1
300	1	0 1 0 1 0 0 0 0 0 0 1 0 0 0 1 0 0 0 0 1
300	16	1 1 0 0 1 1 1 0 0 1 1 0 0 0 0 1 1 0 0 1
300	7	0 1 1 1 0 1 1 0 0 0 1 0 1 1 1 0 1 0 0 1
300	45	0 1 1 1 0 0 1 0 0 0 1 1 0 0 1 0 1 0 0 1
300	8	1 1 1 1 1 1 1 0 0 1 1 0 0 0 1 1 1 0 0 1
300	9	1 0 1 1 0 1 0 0 0 0 1 0 0 0 1 0 0 0 0 1
300	4	1 0 0 1 0 0 0 0 0 0 1 1 0 0 1 0 1 0 0 1
300	4	1 0 1 1 0 0 0 1 0 0 1 0 1 0 1 0 1 0 0 0
300	8	0 1 0 1 0 1 1 0 1 0 1 0 0 1 1 0 1 0 1 1
300	12	0 1 1 1 0 1 1 0 0 0 1 1 0 1 1 0 1 0 0 1
300	6	1 0 1 1 1 0 0 0 0 0 0 0 1 0 1 1 1 0 0 1
300	15	0 1 0 0 0 0 0 0 0 0 1 0 0 1 1 1 0 0 0 1
300	7	0 1 1 1 0 0 0 0 0 0 0 0 1 0 1 0 1 0 0 1
300	1	1 0 0 0 1 1 0 0 0 0 0 0 1 0 1 0 1 0 0 1
300	13	1 1 0 1 1 1 1 1 0 1 1 0 0 0 1 0 1 0 0 1
300	7	1 0 1 1 0 0 0 1 0 1 1 0 0 0 1 0 1 0 0 1
300	14	1 0 1 1 0 0 0 1 0 1 1 0 0 0 1 0 0 0 0 0
300	3	0 1 0 1 0 1 0 1 1 0 0 0 0 0 1 0 1 0 0 1
300	3	0 1 1 1 0 1 1 0 0 0 1 1 0 0 0 0 1 0 0 1
300	2	1 0 0 1 0 0 1 0 0 0 1 1 0 0 1 0 1 1 0 1
300	9	0 1 1 1 1 1 1 0 0 0 1 1 0 0 1 0 1 0 0 1
300	1	0 1 0 1 0 1 1 0 0 0 1 0 0 0 1 1 1 0 0 1
300	14	1 0 1 1 0 0 0 1 0 0 1 0 1 0 1 1 1 0 0 1
300	2	0 1 0 1 1 1 1 0 0 0 0 1 1 0 0 1 1 0 0 1
300	1	1 1 1 1 0 1 1 0 0 0 1 0 0 0 1 1 1 0 0 1
300	2	1 1 1 0 1 1 1 0 0 1 1 0 0 0 0 1 1 0 0 1
300	6	0 0 1 0 0 0 1 1 0 0 1 0 0 0 1 0 1 0 0 0
300	16	1 0 1 0 0 0 0 1 0 0 1 0 0 0 1 0 1 0 0 0
300	4	1 0 0 1 1 0 0 0 0 0 1 0 0 1 1 0 1 0 0 1
300	4	0 0 1 0 0 0 0 1 1 0 1 0 0 0 1 0 1 0 0 0
300	15	1 1 0 1 0 0 0 0 0 0 1 0 0 0 1 0 0 0 0 1
300	2	0 0 1 0 1 1 1 0 0 0 0 0 1 0 1 1 1 0 0 1
300	25	0 1 0 1 0 0 0 1 0 0 1 0 0 0 1 0 0 0 0 1
300	28	1 1 1 1 1 1 1 0 0 1 1 0 0 0 1 1 1 0 0 0
300	22	1 1 0 1 0 0 0 0 0 0 1 0 1 1 1 0 1 0 0 1
300	8	1 0 1 1 1 0 0 1 0 1 1 0 0 0 1 0 0 0 0 1
300	6	1 1 0 1 0 0 0 1 0 0 0 0 0 1 1 1 0 0 0 1
300	5	0 1 0 1 1 1 1 0 0 0 1 0 0 0 1 0 0 0 0 1
300	20	1 1 1 1 0 1 1 0 0 0 1 1 0 1 1 0 1 0 0 1
300	1	1 1 0 0 1 1 1 0 0 1 1 0 1 0 0 1 1 0 0 1
300	7	0 1 1 1 0 0 0 0 0 0 0 0 1 0 1 1 0 0 0 1
300	6	1 1 0 0 1 1 1 0 0 1 1 0 0 0 0 1 0 0 0 1
300	16	1 0 1 1 0 0 0 1 0 1 1 0 0 0 1 0 1 0 1 1
300	3	1 0 0 1 0 0 0 0 0 0 1 1 0 0 1 1 1 0 0 1
300	10	0 1 1 1 0 1 0 0 0 0 1 0 0 0 1 0 1 0 0 1
300	2	1 1 0 1 0 1 1 0 1 0 1 0 0 1 1 0 0 0 0 1
300	6	0 1 1 0 0 0 0 0 0 0 1 0 0 1 1 1 0 0 0 1
300	1	1 1 1 1 0 1 0 0 0 0 1 0 0 0 1 0 1 0 0 0
300	1	1 0 1 1 0 0 0 1 0 1 1 0 0 0 0 0 0 0 0 1
300	14	1 1 1 1 0 1 1 0 0 0 1 0 1 1 1 0 1 0 0 1
300	6	1 1 0 1 0 1 1 0 0 0 1 0 0 0 1 1 1 0 0 1
300	1	1 0 1 1 0 1 1 0 0 0 1 0 0 0 1 1 1 0 0 1
300	8	1 0 1 1 0 0 1 1 0 1 1 0 0 0 1 1 0 0 0 1
300	10	0 0 1 1 0 1 0 0 0 0 1 0 0 0 1 1 1 0 0 1
300	2	1 0 1 1 1 0 0 0 0 0 1 0 0 1 1 0 1 0 0 1
300	1	1 0 1 1 0 0 1 0 0 0 1 1 0 0 1 0 1 0 0 1
300	3	0 1 1 1 0 1 1 0 0 0 1 1 0 0 0 1 1 0 0 1
300	6	0 1 0 1 0 0 0 0 0 0 1 1 0 0 1 0 1 0 0 1
300	30	1 0 1 1 0 0 0 1 0 1 1 0 0 0 1 0 0 0 1 1
300	7	0 1 1 1 0 0 1 0 0 0 1 0 0 0 1 0 1 0 0 1
300	3	1 0 1 1 0 1 1 0 0 1 1 0 0 0 1 1 1 0 0 1
300	2	0 1 1 1 1 0 0 0 0 0 1 0 0 0 1 0 0 0 0 1
300	2	1 1 0 0 0 0 0 1 1 0 1 0 0 0 1 0 1 0 0 0
300	1	1 0 0 1 0 0 0 1 0 1 1 0 0 0 1 0 0 0 0 1
300	9	0 1 0 1 0 0 0 1 0 0 1 0 0 0 1 1 1 0 0 1
300	6	0 1 1 1 0 1 1 1 0 0 1 0 0 0 1 0 1 0 0 1
300	7	0 1 1 1 0 0 1 0 0 0 0 0 1 0 1 1 1 0 0 1
300	8	0 1 1 1 0 1 1 0 0 0 1 1 0 1 1 1 1 0 0 1
300	2	1 1 1 1 1 0 0 0 0 0 0 0 1 0 1 1 1 0 0 1
300	1	1 0 1 1 0 0 0 0 0 0 0 1 1 0 1 1 1 0 0 1
300	3	0 1 1 1 0 0 0 0 0 0 1 0 1 0 1 1 1 0 0 1
300	2	0 1 0 1 1 1 1 0 0 0 0 0 1 0 1 1 1 0 1 1
300	6	1 1 0 1 0 1 0 0 0 0 1 0 1 1 1 0 1 0 0 1
300	3	0 1 1 1 0 0 0 0 0 0 1 1 0 0 1 0 1 0 0 0
300	2	0 0 0 1 0 0 1 0 0 0 1 1 0 0 1 0 1 1 0 1
300	5	0 1 1 1 1 1 1 0 0 0 1 1 1 0 1 1 1 0 0 1
300	2	0 0 1 0 0 0 0 1 0 0 1 0 0 0 1 0 0 0 0 1
300	4	0 1 1 1 0 1 0 0 1 0 1 1 0 0 1 0 1 0 0 1
300	2	0 1 1 1 0 0 1 0 0 0 0 0 1 0 1 0 1 0 0 1
300	7	0 1 1 1 0 0 1 0 0 0 1 1 0 0 0 0 1 0 0 1
300	3	1 1 1 0 1 1 1 0 0 1 1 0 0 0 1 1 1 0 0 0
300	12	0 1 1 1 1 0 0 0 0 1 1 0 0 0 1 1 1 0 0 0
300	3	1 1 0 1 0 0 0 1 0 0 1 0 0 0 1 0 1 0 0 0
300	4	1 0 1 1 1 1 1 0 0 0 1 1 1 0 1 0 1 0 0 1
300	3	1 0 1 1 0 0 0 1 1 0 1 0 0 0 1 0 1 0 0 0
300	2	0 1 1 1 0 1 1 0 0 0 1 0 1 0 1 1 1 0 0 1
300	3	0 1 1 1 0 0 1 0 0 0 1 1 1 0 1 0 1 0 0 1
300	1	1 1 0 1 0 1 1 0 1 0 1 0 1 1 1 0 0 0 0 1
300	2	1 1 1 0 1 1 1 0 0 1 1 0 0 0 1 1 1 1 0 0
300	2	0 1 1 1 0 1 1 0 0 0 1 0 0 0 1 0 0 0 0 1
300	1	1 0 0 1 0 0 0 1 0 0 1 0 0 0 1 0 1 0 0 0
300	1	1 0 1 1 0 0 0 1 0 0 1 0 1 0 1 0 1 0 0 1
300	5	0 0 1 0 1 1 1 0 0 0 1 1 1 0 1 0 1 0 0 1
300	1	0 1 0 1 0 0 0 0 0 0 1 1 0 0 1 0 0 0 0 1
300	4	1 1 0 1 1 0 0 0 0 0 1 0 0 1 1 0 1 0 0 1
300	1	0 1 1 1 0 0 0 0 0 0 1 0 0 0 0 1 0 0 0 1
300	1	0 1 1 1 1 1 1 0 0 0 1 1 1 0 1 1 0 0 1 1
300	8	0 1 1 1 0 1 1 0 0 0 1 0 1 1 0 0 1 0 0 1
300	2	0 1 1 1 0 0 1 1 0 0 1 1 0 0 1 0 1 0 0 1
300	3	1 1 0 1 1 1 1 1 0 1 1 0 0 1 1 0 1 0 0 1
300	2	0 1 1 1 0 1 1 0 1 0 1 1 0 1 1 1 1 0 0 1
300	1	0 0 1 0 0 0 0 1 0 1 1 0 0 0 1 0 1 0 0 1
300	3	1 0 0 1 0 0 1 0 0 0 0 0 1 0 1 1 1 0 0 1
300	5	1 0 1 1 0 0 1 0 0 0 1 0 0 0 1 0 1 0 0 1
300	2	0 1 1 1 0 1 0 0 1 1 1 0 0 0 1 0 1 0 1 1
300	3	1 0 1 1 1 0 0 1 0 0 1 0 0 0 1 0 1 0 0 1
300	3	0 1 1 1 1 1 1 0 0 0 1 0 0 1 0 0 1 0 0 1
300	1	0 1 1 1 0 0 1 0 0 0 1 1 0 1 1 0 1 0 0 1
300	1	1 0 1 1 1 0 0 0 0 0 0 0 0 0 1 1 1 0 0 1
300	4	1 0 0 1 0 0 0 1 0 1 1 0 0 0 1 0 0 0 0 0
300	1	1 0 1 1 0 0 1 1 0 1 1 0 0 1 1 1 0 0 0 1
300	2	0 1 0 1 0 0 0 0 0 0 1 1 0 0 1 0 1 0 0 0
300	1	0 1 1 1 0 1 1 0 0 0 1 0 0 1 1 0 1 0 0 1
300	4	1 1 1 1 0 1 1 0 0 0 1 0 0 0 1 0 0 0 0 1
300	2	0 1 0 1 0 0 0 1 0 0 1 0 0 1 1 1 0 0 0 1
300	1	0 1 1 1 0 0 1 0 0 0 1 0 1 0 1 1 1 0 0 1
300	1	0 0 1 1 0 0 0 1 0 0 1 0 0 0 1 0 1 0 0 0
300	6	1 0 1 1 0 0 0 1 1 1 1 0 0 0 1 0 0 0 0 1
300	1	0 0 1 1 0 1 1 0 0 0 1 0 0 1 0 0 1 0 0 1
300	1	0 1 1 1 0 1 1 0 0 0 1 0 1 1 1 0 1 1 0 1
300	1	1 0 1 1 1 1 0 0 0 0 0 0 1 0 1 1 1 0 0 1
300	2	1 1 0 1 0 0 0 0 0 1 1 0 0 0 1 0 0 0 0 1
300	1	1 1 1 1 1 1 1 0 0 0 1 0 0 0 1 1 1 0 0 0
300	2	1 1 1 1 0 1 1 0 0 0 1 1 0 1 1 0 0 0 0 1
300	1	1 0 1 1 0 0 1 0 0 0 1 1 0 0 1 1 1 0 0 1
300	2	1 0 1 1 0 0 0 0 0 0 0 1 1 0 1 1 1 0 1 1
300	2	1 0 1 1 0 0 0 1 1 0 1 0 1 0 1 0 1 0 0 0
300	2	0 1 1 1 0 1 1 0 1 1 1 1 0 1 1 1 1 0 0 1
350	6	1 0 1 1 0 0 0 1 0 0 1 0 0 0 1 0 1 0 0 0
350	2	0 1 1 1 0 1 1 0 0 0 1 0 0 0 1 0 1 0 0 1
350	37	0 1 1 1 0 0 0 0 0 0 1 1 0 0 1 0 1 0 0 1
350	16	1 0 1 1 0 0 0 1 0 1 1 0 0 0 1 0 0 0 0 1
350	4	1 0 1 1 0 0 0 1 0 0 1 0 0 0 1 0 1 0 0 1
350	28	1 1 1 1 1 1 1 0 0 1 1 0 0 0 1 1 1 0 0 1
350	5	1 0 1 1 1 0 0 0 0 0 0 0 1 0 1 1 1 0 0 1
350	10	0 1 1 1 0 0 0 0 0 0 0 0 1 0 1 1 0 0 0 1
350	15	0 1 1 0 0 0 0 0 0 0 1 0 0 1 1 1 0 0 0 1
350	33	1 1 1 1 0 1 1 0 0 0 1 0 1 1 1 0 1 0 0 1
350	1	0 1 0 1 0 0 0 0 0 0 1 1 0 0 1 0 1 0 0 1
350	9	1 1 0 1 0 1 0 0 0 0 1 0 1 1 1 0 1 0 0 1
350	1	1 0 1 1 0 0 0 1 1 1 1 0 0 0 1 0 0 0 0 1
350	3	0 1 1 1 0 0 0 1 0 0 1 1 0 1 1 0 1 0 0 1
350	56	0 0 1 1 0 0 0 1 0 1 1 0 0 0 1 0 0 0 0 1
350	66	0 1 1 1 0 1 1 0 0 0 1 0 0 0 1 0 1 0 0 0
350	15	0 1 1 1 0 1 1 0 1 1 1 1 0 1 1 1 1 0 0 0
350	2	0 1 1 1 1 1 1 0 0 0 1 1 0 1 1 0 1 0 0 1
350	14	0 1 1 0 1 0 0 0 0 0 1 0 0 1 1 1 0 0 0 1
350	1	1 0 1 1 0 0 0 1 0 1 0 0 0 0 1 0 0 0 0 1
350	3	1 0 1 1 0 0 0 1 0 1 1 0 1 0 1 1 0 0 0 0
350	3	1 0 1 1 0 0 0 1 0 0 1 0 0 0 1 0 0 0 0 1
350	8	0 1 1 1 0 1 1 0 0 0 1 0 1 0 1 1 1 0 0 1
350	19	0 0 1 1 0 0 0 0 0 0 1 0 0 0 1 1 0 0 0 1
350	3	1 0 0 1 1 0 0 0 0 0 1 0 0 1 0 0 1 0 0 0
350	5	1 1 1 1 1 1 1 0 0 1 1 1 0 0 1 1 1 0 0 0
350	2	0 1 0 1 1 0 0 0 0 0 1 0 0 1 1 0 1 0 0 1
350	8	1 1 0 0 0 0 0 0 0 0 1 0 0 0 1 1 0 1 0 1
350	3	1 0 1 1 0 0 0 1 0 0 1 1 0 1 1 0 1 0 0 1
350	6	0 1 1 1 0 0 0 0 0 0 0 0 1 0 1 0 1 0 0 1
350	9	1 0 1 1 0 0 0 1 0 1 1 0 0 0 1 0 0 0 1 0
350	7	1 1 0 1 1 0 1 1 0 1 1 0 0 0 1 1 1 0 0 1
350	1	0 1 1 1 0 1 1 0 0 0 1 0 1 1 0 0 1 0 0 0
350	3	1 0 1 1 0 0 0 1 1 1 1 0 0 0 1 0 1 0 0 0
350	1	0 1 1 1 0 1 1 0 0 0 1 1 0 0 0 1 1 1 0 1
350	11	1 0 1 1 0 1 0 1 1 1 1 0 0 0 1 0 0 0 0 1
350	4	0 1 1 1 0 1 1 0 0 1 1 1 0 0 1 1 1 0 0 1
350	2	1 1 0 1 0 0 0 0 0 0 1 0 0 0 1 0 1 0 0 1
350	1	1 1 1 1 0 0 0 1 0 0 1 0 0 1 1 0 1 0 0 1
350	1	0 1 1 1 0 0 0 1 0 0 0 0 1 0 1 1 0 0 0 1
350	4	0 1 0 1 0 0 0 0 0 0 1 0 1 1 1 0 1 0 0 1
350	36	1 0 1 1 0 0 0 0 0 1 1 0 0 0 1 0 0 0 0 1
350	14	0 1 1 1 1 1 1 0 0 1 1 0 0 0 1 0 1 0 0 1
350	4	0 1 1 1 0 0 0 0 0 0 1 1 0 0 1 0 0 0 0 1
350	8	0 1 1 0 0 0 0 0 0 0 1 0 0 0 1 1 0 1 0 1
350	1	1 0 1 1 1 0 0 0 0 0 0 0 0 0 1 1 1 0 0 1
350	9	0 1 1 1 0 1 1 0 0 0 1 1 0 0 0 0 0 0 0 1
350	2	1 1 1 0 0 1 1 0 0 1 1 1 0 1 1 0 1 0 0 1
350	9	0 1 1 1 0 0 0 0 0 0 1 1 1 1 1 0 1 0 0 1
350	23	1 1 1 1 0 1 1 0 0 0 1 0 1 1 1 0 1 0 0 0
350	16	1 1 0 1 1 1 1 1 0 1 1 1 0 0 1 0 0 0 0 1
350	7	1 1 1 1 0 0 0 0 0 0 1 1 0 0 1 0 1 1 0 1
350	25	0 1 1 1 0 1 1 0 0 0 0 0 1 0 1 1 1 0 0 1
350	6	0 1 1 1 0 0 0 0 0 0 1 0 0 0 1 1 0 0 0 1
350	8	1 0 1 0 0 0 0 0 0 0 1 0 0 1 1 1 0 0 0 1
350	7	1 0 1 1 0 0 0 1 1 1 1 0 0 1 1 0 0 0 0 1
350	3	1 1 0 0 0 1 1 0 0 0 0 0 0 0 1 0 1 0 0 1
350	8	0 1 1 1 0 1 1 1 0 1 1 1 0 0 1 1 1 0 0 1
350	2	0 1 1 0 0 0 0 0 0 0 1 0 1 0 1 1 1 0 0 1
350	20	1 0 0 1 0 1 0 0 0 0 1 0 1 1 1 0 1 0 0 1
350	3	0 1 1 1 0 1 1 0 0 0 1 0 1 1 1 0 1 0 0 1
350	6	1 1 0 1 1 1 1 1 0 1 1 0 1 0 1 0 1 0 1 0
350	3	1 0 1 1 0 1 1 0 1 0 1 1 0 1 1 0 1 0 0 1
350	8	1 1 0 1 0 1 0 0 0 0 1 0 0 0 1 1 0 0 0 1
350	9	0 1 1 1 0 1 1 0 0 0 1 0 0 1 1 1 0 0 0 1
350	5	0 1 1 1 0 0 0 1 0 0 1 1 0 1 1 0 1 0 1 1
350	4	1 1 1 0 1 1 1 0 0 1 1 1 0 0 1 1 1 0 0 0
350	17	1 1 1 0 0 1 1 0 0 0 1 1 0 1 1 0 1 0 0 0
350	2	1 1 1 1 0 1 1 0 0 0 1 0 0 0 1 0 1 0 0 1
350	4	0 1 1 0 0 1 1 0 0 0 1 0 1 1 0 0 1 0 0 0
350	2	1 0 0 1 1 0 0 0 0 0 1 0 0 0 1 0 0 0 1 0
350	3	0 1 1 1 0 0 0 1 0 0 1 1 0 1 1 0 0 0 0 1
350	4	1 1 1 1 0 0 1 0 0 0 1 0 1 1 1 0 1 0 0 1
350	21	0 0 1 1 1 0 0 1 0 1 1 0 0 0 1 0 0 0 0 1
350	10	1 1 0 0 0 0 0 1 0 1 1 0 0 0 1 0 0 0 1 1
350	10	1 1 0 1 0 1 0 0 0 0 1 0 1 0 1 1 1 0 0 1
350	3	0 1 1 1 0 0 0 0 0 0 0 0 1 0 1 0 1 0 0 0
350	5	1 1 0 1 1 0 0 0 0 0 1 0 0 0 1 0 0 0 1 0
350	3	0 1 1 1 0 0 0 0 0 0 1 0 1 0 1 1 0 0 0 1
350	3	1 1 1 0 1 0 0 0 0 0 1 0 0 1 1 1 0 0 0 1
350	8	1 1 0 1 1 1 1 1 0 1 1 1 0 0 1 0 0 0 1 1
350	4	0 1 1 1 0 1 1 0 0 0 0 0 0 0 1 1 1 0 0 1
350	6	1 1 1 1 0 0 0 0 0 0 1 1 0 0 1 0 1 0 0 1
350	9	1 1 1 1 1 1 1 0 0 1 1 0 0 0 1 0 0 0 1 1
350	7	0 1 1 1 0 1 1 0 0 0 1 0 1 0 1 0 1 0 0 0
350	12	1 0 1 1 0 0 0 1 1 1 1 0 1 0 1 0 1 0 0 0
350	2	0 1 1 0 0 0 0 0 0 0 1 0 0 0 1 0 1 0 0 0
350	1	0 1 1 1 1 0 0 0 0 0 1 1 0 0 1 0 0 0 0 1
350	8	1 1 1 0 0 1 1 0 0 0 1 0 0 0 1 0 1 0 0 0
350	6	0 1 1 1 0 0 0 0 0 0 1 1 0 0 1 0 1 1 0 1
350	9	0 1 1 1 0 1 1 0 0 0 1 0 0 0 1 1 1 0 0 0
350	3	1 1 1 0 1 1 1 0 0 0 1 1 0 1 1 0 1 0 0 1
350	2	1 1 1 1 1 1 1 0 0 1 1 0 0 0 1 0 0 1 0 1
350	1	1 1 1 1 1 1 1 0 0 0 1 0 1 1 1 0 1 0 0 0
350	8	0 1 1 0 0 0 0 0 0 0 1 0 1 0 1 0 1 0 0 1
350	3	1 0 1 1 0 0 1 1 0 0 1 0 0 0 1 0 1 0 0 0
350	5	1 1 1 1 1 1 1 0 0 1 1 0 0 0 0 1 1 0 0 1
350	1	0 0 1 1 1 0 0 0 0 0 0 0 1 0 1 1 1 0 0 1
350	6	0 1 1 1 0 0 0 1 0 0 1 1 0 1 1 0 1 1 0 1
350	5	1 1 0 1 1 0 1 1 0 1 1 0 0 0 0 1 1 0 0 1
350	5	0 1 0 1 0 0 0 1 0 0 1 1 0 1 1 0 0 0 0 1
350	1	0 0 0 1 0 0 0 0 0 0 1 0 0 0 1 1 1 0 0 1
350	1	1 1 0 1 0 1 0 0 0 0 1 0 1 0 1 1 0 0 0 1
350	3	1 1 1 1 0 1 1 0 0 1 1 0 0 0 1 0 0 0 0 0
350	3	1 0 1 1 0 1 1 0 0 1 1 1 0 0 1 1 1 0 0 1
350	1	0 1 1 1 0 0 0 0 0 1 1 0 0 0 1 0 0 0 0 1
350	5	0 1 1 0 0 0 0 0 0 0 1 1 0 0 1 1 0 0 0 1
350	3	0 1 1 1 0 1 1 1 0 1 0 0 0 0 1 0 0 0 0 1
350	2	0 1 1 1 1 1 1 0 0 0 1 0 0 0 1 0 1 0 0 0
350	1	1 0 1 1 1 0 0 0 0 0 0 0 0 0 1 1 1 0 0 0
350	5	1 1 1 1 1 0 0 0 0 0 1 1 0 0 1 0 1 1 0 1
350	3	0 1 1 1 0 0 1 0 0 0 0 0 1 0 1 1 1 0 0 1
350	4	0 1 1 0 1 1 1 0 0 0 1 0 1 1 0 0 1 0 0 0
350	3	1 1 1 1 0 1 1 0 0 0 1 0 0 0 1 1 1 0 0 1
350	3	0 0 1 1 0 0 0 1 0 1 1 0 1 0 1 1 0 0 0 1
350	1	0 1 1 1 0 1 1 0 0 0 1 0 0 0 1 1 1 0 0 1
350	2	1 1 1 1 1 1 1 0 0 1 0 0 0 0 1 1 1 0 0 1
350	2	0 1 1 1 1 1 1 0 1 1 1 1 0 1 1 1 1 0 0 0
350	1	0 1 1 1 0 1 0 1 0 1 1 0 0 0 1 0 0 0 0 1
350	3	1 0 1 1 0 0 1 0 0 0 1 0 0 0 1 0 1 0 0 0
350	2	0 1 1 1 0 0 0 0 0 0 0 0 1 0 1 1 1 0 0 1
350	4	1 1 1 1 0 1 1 0 0 0 1 0 0 0 1 1 0 1 0 1
350	3	1 1 1 1 0 1 1 0 0 0 1 0 1 1 1 0 0 0 0 1
350	1	0 0 1 1 0 0 0 0 0 0 1 0 0 0 1 1 0 1 0 1
350	3	1 1 1 1 1 1 1 0 0 1 1 1 0 0 1 1 1 0 0 1
350	2	0 1 0 1 1 0 0 0 0 0 1 0 0 0 1 1 0 1 0 1
350	3	0 1 1 1 0 1 1 0 0 0 1 0 0 0 1 1 0 1 0 1
350	4	0 1 1 0 0 0 1 0 0 0 1 1 0 1 1 0 1 0 0 1
350	1	1 0 1 1 0 1 1 1 0 1 1 0 1 0 1 0 1 0 1 0
350	1	0 0 1 1 1 0 0 1 0 1 1 0 0 0 1 0 1 0 0 0
350	5	1 1 1 1 0 1 1 0 0 1 1 0 0 0 1 0 0 0 0 1
350	3	1 0 1 1 0 0 0 1 1 1 1 0 1 0 1 0 0 0 0 1
350	3	1 0 1 1 0 0 0 1 0 0 1 1 0 1 1 0 0 0 0 1
350	3	1 0 1 1 0 1 0 1 0 1 1 0 0 0 1 0 0 0 1 0
350	2	0 1 1 1 0 1 0 0 0 0 1 1 0 0 0 0 0 0 0 1
350	1	1 1 1 0 0 1 1 1 0 1 1 1 0 1 1 0 1 0 0 1
350	1	0 1 1 1 0 1 1 1 0 1 0 1 0 0 1 1 1 0 0 1
350	2	0 1 1 0 0 1 1 0 0 0 0 0 1 1 0 0 1 0 0 0
350	1	0 1 1 1 1 1 1 0 0 1 1 0 1 0 1 0 1 0 0 0
350	1	0 1 1 1 0 1 1 0 0 0 1 1 0 0 0 0 0 0 0 0
350	3	1 0 0 1 0 1 0 0 0 0 1 0 0 0 1 0 0 0 0 1
350	1	1 1 1 1 0 0 1 0 0 0 1 0 1 0 1 1 1 0 0 1
350	1	0 1 1 1 0 1 1 0 0 0 1 0 0 0 1 0 0 0 0 1
350	2	1 1 1 1 0 1 1 0 0 1 1 0 1 1 0 0 1 0 0 0
350	3	0 1 1 1 0 1 1 0 0 0 1 1 0 0 1 0 0 0 0 1
350	1	1 0 1 1 0 0 0 1 0 1 1 0 0 1 1 0 0 0 0 1
350	1	0 1 1 1 1 0 0 0 0 0 0 0 1 0 1 1 0 0 0 1
350	2	1 1 1 1 0 1 1 1 0 0 1 0 1 1 1 0 1 0 0 1
350	2	0 1 1 1 0 0 0 1 1 0 1 1 0 1 1 0 1 0 0 1
350	1	0 0 1 1 0 0 0 1 0 1 1 0 0 0 1 1 0 0 0 1
350	3	0 1 1 1 0 1 1 0 1 0 1 0 0 0 1 0 1 0 0 0
350	2	0 1 1 1 0 0 1 0 0 0 1 0 0 0 1 0 1 0 0 0
350	1	1 0 1 1 0 0 0 1 0 1 0 0 0 0 1 0 0 0 1 1
350	3	1 0 1 1 0 1 0 0 0 1 1 0 0 0 1 0 0 0 0 1
350	1	1 0 1 1 0 0 0 0 0 1 1 0 1 0 1 0 0 0 0 1
350	1	1 1 1 1 1 1 1 0 0 1 1 0 0 0 1 0 1 0 0 1
350	1	0 1 1 1 0 0 0 0 0 0 1 1 1 1 0 0 1 0 0 1
350	1	0 1 0 1 1 1 1 1 0 1 1 1 0 0 1 0 0 0 0 1
350	1	0 1 1 1 0 1 1 0 0 0 0 0 1 0 1 1 0 0 0 1
350	2	0 0 1 1 1 0 0 1 0 1 1 0 0 0 1 0 1 0 0 1
350	1	1 1 1 1 1 1 1 0 1 1 1 0 0 0 1 0 0 0 1 1
350	1	0 0 1 1 0 0 0 1 1 1 1 0 0 0 1 0 0 0 0 1
400	7	0 1 1 0 0 0 0 0 0 0 1 0 0 1 1 1 0 0 0 1
400	17	1 1 1 1 0 1 1 0 0 0 1 0 1 1 1 0 1 0 0 1
400	7	0 0 1 1 0 0 0 1 0 1 1 0 0 0 1 0 0 0 0 1
400	5	1 1 1 1 1 1 1 0 0 1 1 1 0 0 1 1 1 0 0 0
400	19	1 0 1 1 0 0 0 0 0 1 1 0 0 0 1 0 0 0 0 1
400	5	0 1 1 1 0 0 0 0 0 0 1 1 0 0 1 0 0 0 0 1
400	15	1 1 1 1 0 1 1 0 0 0 1 0 1 1 1 0 1 0 0 0
400	2	0 1 1 1 0 1 1 0 0 0 1 0 0 1 1 1 0 0 0 1
400	4	1 1 1 0 0 1 1 0 0 0 1 1 0 1 1 0 1 0 0 0
400	3	1 0 0 1 1 0 0 0 0 0 1 0 0 0 1 0 0 0 1 0
400	19	1 0 1 1 0 0 0 1 1 1 1 0 1 0 1 0 1 0 0 0
400	5	1 1 0 1 1 0 1 1 0 1 1 0 0 0 0 1 1 0 0 1
400	10	0 1 0 1 0 0 0 1 0 0 1 1 0 1 1 0 0 0 0 1
400	32	1 1 1 1 0 1 1 0 0 0 1 0 0 0 1 1 0 0 0 1
400	20	1 1 1 1 0 0 0 0 0 1 1 0 0 0 1 0 0 0 0 1
400	10	1 1 1 1 0 0 0 1 0 1 1 0 0 0 1 0 0 0 1 0
400	6	1 0 1 1 0 1 1 0 1 0 1 1 0 1 1 0 1 0 0 0
400	4	1 1 1 1 1 1 1 0 0 1 1 1 0 0 1 0 0 0 1 1
400	25	1 0 1 1 0 1 0 1 1 1 1 1 0 1 1 1 1 0 0 0
400	1	1 1 1 1 0 1 1 1 0 0 1 0 1 1 1 0 1 1 0 1
400	26	0 1 1 1 0 1 0 0 0 1 1 0 0 0 1 0 1 0 0 0
400	1	1 1 0 0 0 0 1 1 0 1 1 0 0 0 1 0 0 0 1 1
400	12	0 1 1 1 0 1 1 0 0 0 1 0 1 1 1 0 1 0 0 1
400	14	1 1 1 1 1 1 1 0 0 1 1 0 0 0 1 1 1 0 0 0
400	10	1 1 1 1 0 0 0 1 1 1 1 0 0 0 1 0 1 0 0 0
400	21	0 1 1 1 0 0 0 0 0 0 1 0 0 0 1 1 0 1 0 1
400	1	1 0 1 1 0 0 1 1 1 1 1 0 0 1 1 0 0 0 0 1
400	2	1 1 1 1 0 1 1 0 0 0 1 0 0 1 1 1 0 0 0 1
400	3	1 0 1 1 0 0 0 1 0 1 0 0 0 0 1 1 1 0 0 1
400	2	1 1 0 0 0 0 0 1 0 1 1 0 0 0 1 1 0 0 1 1
400	2	1 1 1 0 0 1 1 1 0 0 1 1 0 1 1 0 1 0 0 0
400	7	0 1 1 1 0 0 0 1 1 1 1 0 0 1 1 0 0 0 0 1
400	1	1 1 1 0 1 1 1 0 0 1 1 1 0 0 1 1 1 0 0 0
400	3	1 1 1 1 0 0 0 1 0 0 1 1 0 1 1 0 0 0 0 1
400	21	1 1 1 1 0 0 0 0 0 0 1 1 0 0 1 0 0 0 1 0
400	9	1 1 1 0 0 1 1 0 0 0 1 1 0 1 1 0 1 1 0 0
400	9	0 0 1 1 0 0 0 1 0 1 1 0 0 1 1 1 0 0 0 1
400	6	1 1 1 1 1 0 1 1 0 1 1 0 0 0 1 1 1 0 0 0
400	6	0 1 1 1 0 1 1 0 0 0 1 0 1 1 0 0 1 0 0 1
400	11	1 1 1 1 0 1 0 0 0 0 1 0 1 1 1 0 1 0 0 1
400	1	1 1 1 1 0 1 1 0 0 0 1 0 1 0 1 0 1 0 0 1
400	3	0 1 1 0 1 0 1 0 0 0 1 0 0 1 1 1 0 0 0 1
400	9	0 1 1 1 0 1 0 1 1 0 1 0 1 1 1 0 1 0 0 1
400	3	0 1 1 1 0 1 1 1 0 0 1 0 0 1 1 1 0 0 0 1
400	2	1 1 1 1 0 1 1 0 0 1 1 0 0 0 1 1 1 0 0 0
400	21	1 1 0 0 0 0 1 1 0 1 1 0 0 0 1 0 0 0 0 1
400	3	0 0 1 1 0 0 0 0 0 0 1 0 0 0 1 1 0 1 0 1
400	35	1 1 1 1 0 0 1 1 1 1 1 0 0 1 1 0 0 0 0 0
400	3	0 1 0 1 0 0 0 1 1 1 1 0 0 1 1 0 0 0 0 1
400	7	1 1 1 1 0 1 0 0 0 1 1 0 1 1 1 1 1 0 0 1
400	1	0 1 1 1 0 1 1 0 0 0 1 0 1 0 1 0 1 0 0 0
400	6	1 1 1 1 0 0 0 1 0 1 1 0 0 0 1 0 0 0 0 1
400	4	0 1 1 1 1 1 1 0 0 1 1 0 1 0 1 1 0 1 0 1
400	4	1 1 1 1 0 1 1 0 0 1 1 0 1 1 1 0 1 0 0 1
400	13	1 1 1 1 0 1 1 0 0 1 1 0 0 0 1 0 1 0 0 0
400	1	1 1 0 0 0 0 1 0 0 1 1 1 0 0 1 1 1 0 0 0
400	7	1 1 1 1 1 1 1 0 0 1 1 0 0 0 1 0 0 0 0 1
400	13	1 1 1 1 0 1 0 0 0 1 1 0 0 0 1 0 1 0 0 0
400	7	1 0 1 1 0 0 0 1 1 1 1 0 0 1 1 0 0 0 0 1
400	2	1 1 0 0 0 1 1 0 0 0 1 0 1 0 1 1 1 0 0 1
400	1	1 1 1 1 0 1 0 0 0 1 1 0 1 1 0 0 1 0 0 1
400	10	1 1 1 0 0 1 1 0 0 0 1 0 1 1 1 0 1 0 0 0
400	8	1 1 0 1 0 1 1 0 0 0 1 0 1 0 1 0 1 0 0 1
400	1	0 0 1 1 0 0 0 1 0 1 1 0 0 1 1 0 0 0 0 1
400	15	1 1 1 1 0 1 1 0 0 1 1 0 0 0 1 1 1 1 0 1
400	6	0 0 1 1 0 0 0 1 0 1 1 0 0 0 1 0 1 0 0 1
400	18	1 1 1 1 0 1 1 1 0 0 1 1 0 1 1 0 0 0 0 1
400	4	0 1 1 1 0 0 0 0 0 0 1 0 1 0 1 1 1 0 0 1
400	1	1 0 1 1 0 0 1 0 0 1 1 0 0 0 1 0 0 0 0 1
400	4	1 1 1 0 0 1 1 0 0 0 1 0 0 1 1 0 1 0 0 0
400	12	0 1 1 1 1 1 1 0 1 1 1 1 0 1 1 1 1 0 0 0
400	28	1 1 1 1 0 0 1 1 1 1 1 0 0 0 1 0 1 0 0 0
400	5	1 1 1 1 0 1 1 0 0 1 1 0 0 0 1 1 1 0 0 1
400	4	1 1 1 1 0 0 1 0 1 1 1 0 0 1 1 0 0 0 0 0
400	4	0 1 1 1 0 0 0 0 0 1 1 0 0 0 1 1 0 0 0 1
400	2	1 0 1 1 0 0 0 0 0 1 1 0 1 0 1 1 1 0 0 1
400	5	1 0 1 1 0 1 1 1 0 1 1 0 0 1 1 1 0 0 0 1
400	1	1 1 1 1 0 1 1 0 0 0 1 0 0 1 1 0 1 0 0 0
400	2	1 1 1 1 0 1 0 0 0 0 1 0 0 0 1 1 0 0 0 1
400	4	1 1 1 1 1 1 1 0 0 1 1 1 0 1 1 1 1 0 0 0
400	14	1 0 1 1 0 0 0 1 1 1 1 0 1 0 1 1 0 0 0 1
400	5	0 1 1 1 0 1 1 0 1 0 0 0 1 0 1 1 1 0 0 1
400	5	1 1 1 0 0 1 1 0 0 0 1 0 0 0 0 1 1 1 0 1
400	2	1 1 1 0 0 0 1 1 0 0 1 1 0 1 1 0 1 0 0 0
400	11	0 1 1 1 0 1 1 1 0 1 1 0 0 1 1 1 0 0 0 1
400	4	0 1 1 1 1 0 1 0 0 0 1 0 0 1 1 1 0 0 1 1
400	3	0 1 1 1 0 0 1 1 1 1 1 0 0 1 1 0 0 0 0 0
400	7	0 1 1 0 0 1 1 0 0 0 1 0 1 1 1 0 1 0 0 0
400	3	0 0 1 1 0 0 0 0 0 1 1 1 0 0 1 0 0 0 1 1
400	2	1 1 0 1 0 1 1 0 0 1 1 1 0 1 1 0 1 0 0 1
400	1	0 0 1 1 0 1 0 0 0 1 1 0 0 0 1 0 1 0 0 0
400	7	1 0 1 1 0 0 0 0 0 0 0 0 1 0 1 1 0 0 0 0
400	3	1 1 1 1 0 1 1 1 0 0 1 1 0 0 0 1 1 0 0 1
400	7	1 1 1 1 0 0 1 1 1 1 1 0 0 0 1 1 0 1 0 1
400	20	1 1 1 1 0 0 1 1 1 1 1 0 0 1 1 0 0 0 1 0
400	8	0 1 1 1 0 0 0 0 0 0 1 0 0 0 1 0 1 0 0 0
400	1	1 0 1 1 0 0 0 0 0 0 1 0 1 1 1 0 1 0 0 0
400	8	1 1 1 1 0 0 0 1 0 1 1 1 0 1 1 1 1 0 0 0
400	5	0 1 1 1 0 1 1 0 0 0 1 0 0 1 1 1 0 1 0 1
400	10	1 1 1 1 1 0 0 0 0 1 1 0 0 0 1 0 0 0 0 1
400	1	1 0 1 1 0 1 1 0 1 0 0 1 0 1 1 0 1 0 0 0
400	10	1 1 0 0 0 0 1 1 1 1 1 0 0 0 1 0 0 0 0 1
400	6	0 1 1 1 0 0 0 0 0 1 1 0 0 0 1 0 0 0 1 1
400	4	0 0 1 1 0 0 0 1 0 1 1 0 0 1 1 0 1 0 0 1
400	2	0 1 1 1 1 1 1 0 0 1 1 1 0 1 1 1 1 0 0 0
400	1	0 1 1 0 1 0 1 0 0 0 1 0 0 1 1 1 0 1 0 1
400	4	1 1 0 1 0 0 1 1 1 1 1 0 0 1 1 0 0 0 0 0
400	2	1 1 1 1 0 0 1 1 1 1 0 0 0 1 1 0 0 0 0 0
400	1	0 1 1 1 0 0 0 0 0 0 1 0 0 1 1 1 0 0 0 1
400	4	0 0 1 1 0 1 1 0 1 0 1 1 0 1 1 0 1 0 0 0
400	13	0 1 1 1 0 1 0 0 0 1 1 0 0 0 1 0 0 0 0 1
400	7	1 0 0 1 0 0 0 1 1 1 1 0 1 0 1 0 1 0 0 0
400	4	0 1 0 1 0 0 0 1 0 0 1 1 0 1 1 0 1 0 0 1
400	8	1 1 1 1 0 1 0 1 0 1 1 0 0 0 1 0 0 0 1 0
400	11	1 1 1 0 0 1 0 1 0 0 1 1 0 1 1 0 1 0 0 0
400	10	1 1 1 1 1 0 1 1 0 1 0 0 0 0 1 1 1 0 0 0
400	11	1 1 1 1 0 0 1 1 1 1 1 1 0 1 1 0 0 0 0 0
400	1	1 1 1 0 0 1 1 0 0 0 1 1 0 1 1 0 0 0 0 1
400	3	0 1 1 1 0 1 0 0 0 1 1 0 1 1 1 1 1 0 0 1
400	5	0 1 1 1 1 0 1 0 0 1 1 0 0 1 1 0 0 0 0 0
400	4	1 1 1 1 0 0 1 1 1 1 1 0 0 1 1 0 1 0 0 0
400	1	1 1 1 1 0 1 1 0 1 0 1 0 1 1 1 0 1 0 0 1
400	2	0 1 1 1 0 1 0 1 1 0 0 0 1 1 1 0 1 0 0 1
400	6	1 0 1 1 0 1 1 0 1 0 0 1 0 1 1 0 0 0 0 0
400	1	1 1 1 1 1 1 0 1 0 1 1 0 0 0 1 0 0 0 0 1
400	1	1 0 1 1 0 0 0 0 0 1 1 0 0 0 1 0 0 0 0 0
400	4	1 1 1 1 0 1 1 1 1 1 1 0 0 0 1 1 0 1 0 1
400	2	1 0 1 1 0 0 0 1 1 1 1 0 1 1 1 0 0 0 0 0
400	3	1 1 0 1 1 0 1 1 0 1 1 0 0 0 0 1 0 1 0 1
400	3	1 1 1 1 0 0 0 0 0 1 1 0 0 0 1 1 0 0 0 1
400	3	1 1 1 1 0 1 0 0 0 1 1 0 1 0 1 1 1 0 0 1
400	1	1 1 1 1 0 0 1 0 0 0 1 0 1 1 1 0 1 0 0 1
400	3	1 1 1 1 0 1 1 0 0 0 1 0 0 0 0 1 0 0 0 1
400	3	0 0 1 1 0 0 0 1 0 1 1 0 0 1 1 1 0 0 1 1
400	2	0 1 1 1 0 1 0 1 1 1 1 0 1 1 1 0 1 0 0 1
400	5	1 0 1 1 0 0 0 1 1 1 1 0 0 1 1 0 0 0 0 0
400	6	1 1 1 1 0 0 1 1 1 1 0 0 0 0 1 0 1 0 0 0
400	4	1 1 1 1 0 1 1 1 0 0 1 1 0 0 1 0 0 0 1 0
400	2	1 1 1 1 0 1 1 0 0 1 1 1 0 0 1 0 0 0 1 0
400	1	0 1 1 1 0 1 0 0 0 1 1 0 0 0 1 0 0 0 1 1
400	4	1 1 0 0 0 0 0 0 0 0 1 1 0 0 1 0 0 0 1 0
400	3	0 0 1 1 0 0 0 1 0 1 1 0 0 1 1 0 0 0 1 1
400	2	0 1 1 1 0 1 1 0 0 0 1 1 0 1 1 1 1 0 0 0
400	1	0 1 1 0 0 0 0 0 0 0 1 0 0 1 1 1 0 1 0 1
400	1	0 1 1 0 0 0 0 0 0 0 1 0 0 0 1 1 0 0 0 1
400	2	1 1 1 1 0 0 0 0 0 1 1 0 0 0 1 0 1 0 0 1
400	2	1 0 1 1 0 0 0 1 0 1 0 0 0 0 1 1 1 0 1 1
400	3	0 0 1 1 0 0 0 1 0 0 1 0 0 0 1 0 1 0 0 1
400	1	1 1 1 0 0 0 1 0 1 1 1 0 0 1 1 0 0 0 0 0
400	1	1 0 1 1 0 1 1 0 0 1 1 0 0 1 1 1 0 0 0 1
400	1	0 1 1 1 1 1 1 0 1 0 0 0 1 0 1 1 1 0 0 1
400	3	1 1 1 1 0 0 1 1 1 1 1 1 0 0 1 1 0 1 0 1
400	2	0 1 1 1 1 1 1 0 0 1 1 0 0 1 1 0 0 0 0 0
400	2	1 0 0 1 1 0 0 0 0 0 1 0 0 1 1 1 0 1 0 1
400	1	1 1 0 1 1 0 1 1 0 1 1 0 0 0 0 1 0 0 0 1
400	2	1 0 1 1 0 1 0 1 1 1 1 0 0 0 1 1 1 1 0 1
400	1	1 1 1 1 0 0 0 1 1 1 1 1 0 0 1 0 0 0 1 0
400	2	1 1 1 1 1 1 0 1 0 1 1 0 0 1 1 0 1 0 0 1
400	2	1 1 0 1 0 1 1 0 0 0 1 0 0 0 1 0 1 0 0 0
400	1	1 1 1 1 0 0 1 1 1 1 1 0 0 0 1 0 1 0 0 1
400	1	1 1 1 1 1 0 1 1 0 1 0 0 0 1 1 0 0 0 1 0
400	4	1 1 1 1 0 1 1 0 0 0 0 0 1 1 1 0 1 0 0 1
400	1	1 1 1 1 0 1 1 0 0 0 1 0 0 0 1 1 0 1 0 1
400	3	1 1 1 1 0 1 1 1 0 0 1 0 0 0 1 1 0 0 0 1
450	30	1 1 1 1 0 1 1 0 0 0 1 0 1 1 1 0 1 0 0 1
450	1	1 0 1 1 0 0 0 0 0 1 1 0 0 0 1 0 0 0 0 1
450	13	1 0 1 1 0 0 0 1 1 1 1 0 1 0 1 0 1 0 0 0
450	12	1 1 1 1 0 1 1 0 0 0 1 0 0 0 1 1 0 0 0 1
450	18	1 1 1 1 0 0 0 0 0 1 1 0 0 0 1 0 0 0 0 1
450	32	0 1 1 1 0 1 0 0 0 1 1 0 0 0 1 0 1 0 0 0
450	3	1 1 1 1 0 0 0 0 0 0 1 1 0 0 1 0 0 0 1 0
450	10	1 1 1 1 0 0 1 1 1 1 1 0 0 1 1 0 0 0 0 0
450	8	1 1 1 1 0 1 0 0 0 1 1 0 1 1 1 1 1 0 0 1
450	5	1 0 1 1 0 0 0 1 1 1 1 0 0 1 1 0 0 0 0 1
450	19	1 1 1 1 0 0 1 1 1 1 1 0 0 0 1 0 1 0 0 0
450	7	1 1 1 1 0 0 1 1 1 1 1 0 0 1 1 0 0 0 1 0
450	5	1 1 0 1 0 0 1 1 1 1 1 0 0 1 1 0 0 0 0 0
450	2	1 0 0 1 0 0 0 1 1 1 1 0 1 0 1 0 1 0 0 0
450	38	0 1 1 1 1 0 1 0 0 1 1 0 0 1 1 0 0 0 0 0
450	12	1 0 1 1 0 1 1 0 1 0 0 1 0 1 1 0 0 0 0 0
450	22	1 1 1 1 0 1 1 0 0 0 1 0 0 0 0 1 0 0 0 1
450	49	1 1 1 1 0 0 1 1 0 1 1 0 0 1 1 0 0 0 0 0
450	7	1 0 1 1 0 0 0 0 0 1 0 0 1 0 1 1 0 0 0 0
450	13	1 1 1 1 0 1 0 1 1 1 1 1 0 1 1 1 1 0 0 0
450	27	1 1 1 1 0 1 0 0 0 0 1 0 0 0 1 0 1 0 0 0
450	7	1 1 1 1 0 0 1 0 0 1 1 0 0 0 1 1 0 0 1 1
450	2	1 1 1 1 0 0 1 0 1 1 1 0 0 1 1 1 0 1 1 1
450	47	1 1 1 1 0 1 1 1 1 1 1 0 1 0 1 0 0 0 0 0
450	4	1 0 1 1 0 1 0 1 0 1 0 0 0 0 1 1 1 0 0 1
450	7	1 0 1 1 0 0 0 1 0 1 1 1 0 1 1 0 1 0 0 0
450	15	1 0 0 1 0 0 0 0 0 1 0 0 1 0 1 1 0 0 0 0
450	3	1 1 1 1 0 0 0 0 0 0 1 1 1 0 1 0 1 0 0 0
450	9	1 1 1 1 0 0 0 0 0 0 1 1 0 1 1 0 0 0 0 0
450	12	1 0 1 1 0 1 1 1 1 1 1 1 0 1 1 1 1 0 0 0
450	2	1 1 1 1 0 0 1 0 1 1 1 0 0 0 1 0 0 0 1 0
450	21	1 1 1 1 0 0 0 0 0 0 1 1 0 1 1 0 0 0 1 0
450	11	0 1 1 1 0 1 1 1 0 1 1 0 1 1 1 1 0 0 0 1
450	2	1 1 1 1 0 1 1 1 0 1 1 0 0 1 0 1 0 0 0 1
450	12	0 1 1 1 0 1 1 1 1 1 1 0 1 0 1 0 0 0 0 0
450	6	0 1 1 1 0 0 0 0 0 0 1 1 1 0 1 1 0 0 0 0
450	12	1 0 1 1 0 1 1 0 1 0 0 1 0 1 1 1 0 0 0 0
450	8	1 1 1 1 0 1 1 0 1 1 1 0 1 0 1 1 0 0 0 1
450	8	1 1 1 1 0 1 1 0 0 0 1 0 1 1 1 0 1 0 0 0
450	14	1 1 1 0 0 1 1 0 0 0 1 0 0 0 1 1 0 0 0 1
450	3	1 0 1 1 1 0 0 1 1 1 1 0 1 0 1 0 1 0 0 0
450	12	1 0 1 1 0 0 0 1 1 1 1 0 0 0 1 0 0 0 0 0
450	9	1 1 1 1 0 0 1 0 0 1 1 0 0 0 1 1 0 0 0 0
450	1	0 1 1 1 0 1 0 0 0 1 1 0 0 0 1 0 0 0 1 0
450	2	1 1 1 1 0 0 0 0 0 1 1 0 0 0 1 0 1 0 0 0
450	22	1 1 1 1 0 1 1 1 0 0 1 1 0 1 1 1 0 0 0 1
450	9	1 1 0 1 0 0 1 1 1 1 1 0 0 1 1 0 0 0 0 1
450	9	1 1 1 1 0 1 0 0 0 1 1 0 0 0 1 0 0 0 1 0
450	2	1 0 1 1 0 1 0 1 0 1 0 0 0 0 1 1 0 0 0 0
450	21	1 1 1 1 0 1 1 1 0 1 1 0 1 0 1 1 0 0 0 0
450	9	1 1 0 1 0 1 1 0 0 0 1 0 1 0 1 0 0 0 1 0
450	12	1 1 1 1 0 0 0 1 0 1 1 1 1 1 1 0 1 0 0 0
450	2	1 1 1 1 0 1 1 0 0 0 1 0 1 1 1 0 1 0 1 0
450	5	1 0 1 1 0 0 0 1 1 1 0 0 1 0 1 0 1 0 1 0
450	2	1 1 1 1 1 0 0 0 0 1 1 0 0 0 1 0 1 0 0 0
450	11	1 1 1 1 0 0 1 1 0 0 1 0 1 1 1 0 1 0 0 1
450	3	1 1 1 1 0 1 0 0 0 0 1 0 0 1 1 0 1 0 0 0
450	6	1 1 1 1 0 1 1 1 1 1 1 0 1 1 1 0 0 0 0 0
450	3	1 0 1 1 1 0 0 1 1 1 1 0 1 1 1 0 1 0 0 0
450	6	0 1 1 1 0 0 0 1 1 1 1 1 0 1 1 1 1 0 0 0
450	5	1 1 1 1 0 1 1 0 0 0 1 0 0 0 1 0 0 0 0 0
450	26	1 1 1 1 1 0 1 1 0 1 1 0 0 1 1 0 0 0 0 0
450	12	1 1 1 1 0 0 1 0 0 0 1 0 0 0 1 1 0 0 1 1
450	1	1 1 1 0 0 0 1 1 1 1 1 0 1 1 1 0 0 0 0 0
450	11	1 1 1 1 0 1 0 1 1 1 1 0 0 0 1 0 0 0 0 0
450	1	1 0 1 0 0 1 1 1 1 1 1 1 0 1 1 1 1 0 0 0
450	12	0 1 1 0 0 1 1 1 1 1 1 0 1 0 1 0 0 0 0 0
450	3	1 1 1 1 0 0 1 1 0 0 1 1 1 0 1 0 1 0 1 0
450	11	1 0 1 1 0 0 1 1 1 1 1 0 1 0 1 0 1 0 0 0
450	1	1 1 1 1 0 0 0 0 0 0 1 1 0 1 1 0 1 0 1 0
450	2	1 0 1 1 0 0 0 1 1 1 1 0 0 1 1 0 0 0 1 0
450	5	1 1 1 1 0 0 1 0 0 1 1 0 0 0 1 0 0 0 1 0
450	6	1 1 1 1 0 1 1 1 1 1 1 0 0 1 1 0 0 0 0 0
450	15	1 1 1 1 0 1 1 0 0 1 1 0 1 0 1 1 0 0 0 1
450	3	1 1 1 1 0 0 1 0 1 1 1 0 0 0 1 1 0 0 0 0
450	9	1 1 1 1 0 0 1 1 1 1 1 0 1 1 1 0 0 0 0 0
450	2	1 1 1 1 0 1 0 0 0 1 1 0 0 1 1 0 0 0 0 0
450	11	1 0 1 1 0 0 0 0 0 0 1 0 0 0 1 0 1 0 0 0
450	10	1 1 1 1 0 1 1 1 1 1 1 1 1 0 1 0 0 0 0 0
450	1	1 1 1 1 0 1 1 1 0 0 1 1 0 1 1 0 1 0 0 0
450	3	1 1 1 0 0 1 1 1 1 1 1 0 1 0 1 0 0 0 0 0
450	7	1 1 1 1 0 0 0 0 0 1 0 0 1 0 1 1 0 0 0 0
450	4	1 1 1 1 0 0 1 0 0 1 1 0 1 0 1 1 0 0 0 1
450	9	1 1 1 1 0 0 1 0 0 1 1 0 0 0 1 0 0 0 0 1
450	4	0 1 1 1 0 0 1 1 0 1 1 0 0 1 1 0 0 0 0 0
450	2	1 0 1 1 0 0 0 0 0 0 1 1 1 0 1 0 1 0 0 0
450	3	0 1 1 1 0 1 1 0 0 0 1 1 0 1 1 0 1 0 0 0
450	6	1 0 1 1 0 0 0 1 1 1 1 0 0 1 1 0 0 0 0 0
450	1	1 1 1 1 0 1 1 1 0 1 1 0 0 1 1 0 0 0 0 0
450	3	1 0 1 1 1 0 0 1 1 1 1 0 0 0 1 1 0 0 0 1
450	3	1 0 1 1 0 1 0 1 1 1 1 0 1 0 1 0 0 0 0 0
450	1	1 0 1 1 0 0 0 0 0 1 0 0 1 0 0 1 0 0 0 0
450	13	1 1 1 1 0 1 1 1 1 1 1 1 1 1 1 0 0 0 0 0
450	2	1 1 1 1 0 1 1 0 0 0 1 0 1 0 1 0 0 0 0 0
450	7	1 1 1 1 0 1 1 1 1 1 1 0 0 1 1 0 0 0 0 1
450	10	1 1 1 1 0 0 1 1 0 1 1 0 0 1 1 0 1 0 0 0
450	1	1 1 1 1 0 1 1 1 1 0 1 1 0 1 1 1 0 0 0 1
450	3	1 1 1 1 0 1 1 1 0 0 1 0 0 1 1 1 0 0 0 1
450	1	0 1 1 1 0 1 1 1 0 1 1 0 0 1 0 1 0 0 0 0
450	5	1 1 1 1 0 0 1 1 1 1 1 1 0 1 1 1 0 0 0 1
450	5	1 1 1 1 0 0 1 1 0 1 1 0 1 0 1 0 0 0 0 0
450	3	1 1 1 1 0 1 1 1 0 1 1 0 1 0 1 1 0 0 0 1
450	2	1 0 1 1 0 1 1 0 1 1 1 1 0 1 1 1 1 0 0 0
450	4	0 1 0 1 0 1 0 0 0 1 1 0 0 0 1 0 0 0 1 0
450	4	1 1 1 1 0 1 1 1 1 1 1 0 1 1 1 1 0 0 0 0
450	1	1 0 1 1 1 0 0 1 1 1 1 0 0 0 1 1 0 0 1 1
450	4	0 1 1 1 0 1 0 0 0 1 1 0 0 0 1 0 0 0 0 0
450	1	1 1 1 1 0 1 1 1 1 1 1 0 0 0 1 0 1 0 0 0
450	1	0 1 1 1 1 0 0 1 1 1 1 0 1 0 1 0 1 0 0 0
450	8	1 0 1 1 1 0 0 1 1 1 1 0 1 0 1 0 1 1 0 0
450	1	1 1 1 1 0 0 0 0 0 0 1 1 0 1 1 0 1 0 0 0
450	2	1 1 1 1 0 0 1 1 0 1 1 0 0 0 1 0 0 0 0 1
450	1	0 1 1 1 0 0 1 1 1 1 1 0 0 0 1 0 1 0 0 0
450	1	1 1 1 1 1 0 0 0 1 1 1 0 1 0 1 0 0 0 0 0
450	1	1 1 1 1 0 0 0 0 0 0 1 0 0 0 1 0 1 0 0 0
450	3	1 0 1 1 0 1 0 1 1 1 1 0 0 0 1 0 0 0 0 0
450	1	0 1 1 0 0 1 0 0 0 1 1 0 0 0 1 0 0 0 1 0
450	1	1 1 1 1 0 1 1 1 0 1 1 1 1 0 1 1 0 0 0 0
450	2	1 1 1 1 1 0 0 0 0 1 1 0 0 0 1 0 0 0 0 0
450	1	1 1 1 1 0 0 1 1 1 0 1 0 1 1 1 0 0 0 0 0
450	1	1 0 1 1 0 0 1 1 0 1 1 0 0 1 1 0 1 0 0 0
450	1	1 1 1 1 1 0 0 0 0 0 1 0 0 0 1 0 1 0 0 1
450	1	1 1 1 1 0 0 1 1 1 1 1 1 0 1 0 1 0 0 0 1
450	1	1 0 1 1 1 1 1 1 1 1 1 0 0 1 1 0 0 0 0 0
450	1	0 1 1 1 0 1 0 0 0 1 1 0 0 1 1 0 0 0 0 0
450	1	1 1 1 1 0 0 1 1 1 1 1 0 1 1 1 0 1 0 0 0
450	1	1 1 0 1 0 0 1 1 1 1 1 0 0 0 0 1 0 0 0 1
450	2	1 1 1 1 0 1 1 1 0 0 1 1 1 0 1 1 0 0 0 0
450	1	1 1 1 1 0 0 0 0 0 1 1 1 1 0 1 0 0 0 0 0
450	1	1 1 1 0 0 0 1 1 1 1 1 0 0 0 1 0 1 0 0 0
450	1	1 0 1 1 0 0 0 0 1 1 1 0 1 0 1 0 1 0 0 0
450	2	1 0 1 1 0 0 0 1 1 1 1 0 1 0 1 0 1 1 0 0
450	1	1 1 1 1 0 0 1 1 1 1 0 0 0 1 1 0 0 0 0 0
450	1	1 1 1 1 0 0 1 1 1 1 1 0 0 0 1 1 1 0 0 0
450	1	1 1 1 1 0 0 1 1 1 1 1 0 0 1 1 0 0 0 1 1
450	2	0 1 1 1 1 0 1 0 1 1 1 0 0 1 1 0 0 0 0 0
450	1	1 1 1 1 0 1 0 1 0 0 1 0 0 0 1 0 1 0 0 0
450	3	1 0 0 1 0 0 0 0 0 0 0 0 1 0 1 1 0 0 0 0
450	1	1 1 1 1 0 0 0 0 1 0 1 1 0 1 1 0 0 0 1 0
450	1	1 1 1 0 0 1 1 0 0 0 1 0 0 1 1 1 0 0 0 1
450	1	1 1 1 1 0 0 1 0 0 1 1 0 0 0 1 1 0 0 0 1
450	2	0 1 1 1 0 0 0 0 1 1 1 1 0 1 1 1 1 0 0 0
450	1	1 1 1 1 1 0 1 0 0 1 1 0 0 1 1 0 0 0 0 0
450	1	0 1 1 0 0 1 1 1 1 1 1 0 0 0 1 0 0 0 0 0
450	1	0 0 1 1 0 0 1 1 1 1 1 0 1 0 1 0 1 0 0 0
450	1	1 1 1 1 0 1 1 1 1 1 1 1 0 0 1 0 0 0 0 0
450	1	1 1 1 1 0 1 1 1 1 1 0 0 1 1 1 1 0 0 0 0
450	1	1 1 1 1 0 0 0 0 0 1 1 1 0 1 1 0 1 0 0 0
500	10	1 1 1 1 0 0 0 0 0 1 1 0 0 0 1 0 0 0 0 1
500	1	0 1 1 1 0 1 0 0 0 1 1 0 0 0 1 0 1 0 0 0
500	18	1 1 1 1 0 0 1 1 1 1 1 0 0 0 1 0 1 0 0 0
500	5	1 1 1 1 0 0 1 1 0 1 1 0 0 1 1 0 0 0 0 0
500	6	1 1 1 1 0 1 0 0 0 0 1 0 0 0 1 0 1 0 0 0
500	11	1 1 0 1 0 1 1 0 0 0 1 0 1 0 1 0 0 0 1 0
500	3	1 0 1 1 1 0 0 1 1 1 1 0 1 1 1 0 1 0 0 0
500	6	1 1 1 1 0 0 1 0 0 0 1 0 0 0 1 1 0 0 1 1
500	13	1 1 1 1 0 1 1 1 1 1 1 1 1 0 1 0 0 0 0 0
500	18	1 1 1 1 0 0 0 0 0 1 0 0 1 0 1 1 0 0 0 0
500	2	0 1 1 1 0 1 1 1 0 1 1 0 0 1 0 1 0 0 0 0
500	68	1 1 1 1 0 0 1 1 0 1 1 0 1 0 1 0 0 0 0 0
500	69	1 1 1 1 1 0 0 0 0 1 1 0 0 0 1 0 0 0 0 0
500	21	1 0 1 1 1 1 1 1 1 1 1 0 0 1 1 0 0 0 0 0
500	2	1 1 1 1 0 1 1 0 1 1 1 0 1 0 1 0 0 0 0 0
500	1	1 1 1 1 0 1 1 0 0 1 1 0 1 1 1 0 0 0 0 1
500	6	1 1 1 1 0 0 1 0 0 1 1 0 0 1 1 0 0 0 0 0
500	26	1 1 1 1 0 0 0 1 0 0 1 1 0 0 1 0 0 0 1 0
500	3	0 1 1 1 1 0 1 0 0 1 1 0 0 1 1 1 0 0 0 0
500	7	1 1 0 1 0 1 1 1 1 1 1 1 1 0 1 0 0 0 0 0
500	10	1 1 1 1 0 1 1 1 0 1 1 0 0 1 0 1 0 0 0 0
500	3	1 1 1 1 0 0 1 0 0 1 1 0 1 0 1 1 0 0 0 0
500	7	1 0 1 1 0 1 1 1 1 1 1 1 1 0 1 0 0 0 0 0
500	18	1 1 1 1 0 0 0 0 0 1 1 0 0 0 1 0 0 1 0 1
500	7	1 1 1 1 0 0 1 0 1 1 1 0 0 0 1 0 0 1 1 0
500	3	1 0 0 1 0 1 1 0 1 0 0 1 0 1 1 1 0 0 0 0
500	2	1 0 1 1 0 0 1 1 1 1 0 0 0 1 1 0 1 0 0 0
500	15	1 1 1 1 0 1 1 1 1 1 1 0 0 1 1 0 0 0 0 0
500	6	1 1 1 1 1 0 1 0 0 1 1 0 0 1 1 1 0 0 0 0
500	6	1 1 1 1 0 0 1 1 1 1 1 0 0 1 1 0 0 0 0 0
500	5	1 1 1 1 1 0 1 0 0 1 1 0 0 0 1 0 0 0 0 0
500	7	1 1 1 0 1 1 1 0 1 1 1 0 1 0 1 1 0 0 0 0
500	31	0 1 1 1 0 1 1 1 1 1 1 0 0 0 1 0 1 0 0 0
500	5	1 1 1 1 0 0 0 0 0 1 0 1 1 0 1 1 0 0 0 0
500	7	1 0 1 1 0 1 1 1 1 1 1 1 1 1 1 0 0 0 0 0
500	8	1 1 1 1 0 0 1 0 0 1 1 0 0 1 1 0 0 0 1 0
500	3	1 1 1 1 0 0 1 1 0 1 1 0 0 1 1 1 0 0 0 0
500	5	1 1 1 1 0 0 0 0 1 1 1 0 0 0 1 0 0 0 0 0
500	7	1 1 1 1 0 0 0 0 0 1 1 0 0 0 1 0 0 0 0 0
500	2	1 1 1 1 0 1 1 0 0 1 1 0 0 0 1 0 1 0 0 0
500	16	1 0 1 1 1 1 1 1 1 1 1 0 1 0 1 0 0 0 0 0
500	5	1 1 1 1 1 1 0 0 0 1 1 0 0 0 1 0 0 0 0 0
500	7	1 1 1 1 1 1 1 0 1 1 1 0 0 0 1 0 0 1 0 1
500	24	1 1 1 1 1 0 0 0 0 1 0 0 0 0 1 0 0 0 0 0
500	9	1 1 1 0 0 0 1 1 1 1 1 0 0 1 1 0 0 0 0 1
500	3	1 1 1 1 0 0 1 0 0 1 1 0 0 0 1 0 1 0 0 0
500	14	1 1 1 1 0 1 1 0 1 1 1 0 1 0 1 0 0 1 0 0
500	4	1 0 1 1 1 1 1 0 1 1 1 0 1 1 1 0 0 0 0 0
500	4	1 1 1 1 0 1 1 0 0 1 1 0 1 0 1 1 0 0 0 0
500	10	1 1 1 1 0 0 0 0 0 1 0 0 1 0 1 0 1 0 0 0
500	16	1 1 1 1 1 0 0 0 0 1 0 1 0 0 1 0 0 0 0 0
500	17	1 1 0 1 0 1 1 1 1 1 1 0 0 1 1 1 0 0 0 0
500	1	0 1 1 1 1 0 1 0 0 1 1 0 0 1 0 0 0 0 0 0
500	2	1 0 0 1 1 1 1 1 1 1 1 0 0 1 1 0 0 0 0 0
500	7	1 1 1 1 0 0 1 1 1 1 1 0 0 1 1 0 1 0 0 0
500	12	1 1 1 1 0 1 0 0 0 0 1 1 0 0 1 0 1 0 0 0
500	1	1 1 0 1 0 0 1 1 1 1 1 1 1 0 1 0 0 0 0 0
500	3	1 0 1 1 0 0 1 1 1 1 0 0 1 1 1 0 1 0 0 0
500	4	1 1 1 1 0 0 0 0 1 1 0 0 1 0 1 1 0 0 0 0
500	6	1 1 1 1 0 1 1 0 1 1 1 0 1 1 1 0 0 0 0 0
500	5	1 1 1 1 0 1 0 0 0 1 1 0 1 0 1 0 1 0 0 0
500	12	1 1 1 1 0 1 0 1 1 1 1 0 0 0 1 0 1 0 0 0
500	1	1 1 0 1 0 1 1 1 1 1 1 1 1 1 1 0 0 0 0 0
500	14	0 1 1 1 0 1 1 1 0 1 1 0 0 0 0 1 0 0 0 0
500	9	1 1 1 1 0 0 1 1 0 0 1 1 0 0 1 0 0 0 1 0
500	7	1 1 1 1 0 0 0 0 0 1 1 0 1 0 1 1 0 0 0 0
500	3	1 1 0 1 0 1 1 1 0 1 1 1 1 0 1 0 0 0 0 0
500	16	1 1 1 1 1 1 1 0 1 1 1 0 1 0 1 0 0 0 0 0
500	1	1 1 1 1 0 0 1 1 1 1 1 0 1 0 1 0 1 0 0 0
500	2	1 0 1 1 1 1 1 1 1 1 1 0 0 1 1 1 0 0 0 0
500	4	1 1 1 1 0 0 1 1 0 1 1 0 1 0 1 0 0 1 0 0
500	15	1 0 1 1 1 1 1 1 1 1 1 0 0 0 1 0 0 0 0 0
500	5	1 1 1 0 0 1 1 1 0 0 1 1 1 0 1 1 0 0 0 1
500	11	1 1 1 1 1 1 0 0 0 1 1 0 0 0 1 0 0 0 1 0
500	6	1 1 1 1 1 0 0 0 0 1 0 0 1 0 1 0 0 0 0 0
500	28	1 1 1 1 1 0 0 0 0 1 0 1 0 0 1 0 0 1 0 0
500	2	1 1 1 0 0 0 1 0 0 1 1 0 0 0 1 1 0 0 0 1
500	1	0 1 1 1 1 1 1 1 1 1 1 0 0 1 1 0 0 0 0 0
500	15	1 1 1 1 0 0 1 1 0 1 0 0 1 0 1 0 0 0 0 0
500	2	1 1 1 1 0 0 1 1 1 1 1 0 1 0 1 0 0 0 0 0
500	2	1 0 0 1 0 1 0 0 1 0 0 1 0 1 1 1 0 0 0 0
500	5	1 0 1 1 0 1 1 1 1 1 1 1 1 1 0 0 0 0 0 0
500	8	1 1 1 1 0 1 1 1 0 1 1 0 1 0 1 1 0 0 0 0
500	2	1 1 1 1 0 1 1 0 0 1 1 0 1 0 1 1 1 0 0 0
500	15	1 1 0 1 0 1 1 0 1 1 1 0 0 1 1 1 0 0 0 0
500	1	1 1 1 1 1 0 1 0 0 1 1 0 0 1 1 1 0 1 0 0
500	1	1 0 1 1 0 1 1 1 1 1 1 1 1 1 1 0 1 0 0 0
500	3	1 1 1 1 0 0 1 1 0 1 1 0 1 0 1 0 1 0 0 0
500	3	1 1 1 1 1 0 0 0 0 1 1 0 0 1 1 0 0 0 0 0
500	6	1 1 1 1 1 0 1 0 0 1 1 0 1 0 1 1 0 0 0 0
500	3	0 1 1 1 0 0 1 1 0 1 1 0 0 1 0 1 0 0 0 0
500	3	1 0 1 1 0 0 0 1 0 0 1 1 0 0 1 0 0 0 1 0
500	3	1 1 1 1 0 0 0 0 0 1 1 0 0 0 0 0 0 1 0 1
500	2	1 1 1 1 1 0 1 0 0 1 1 0 0 0 1 0 1 0 0 0
500	5	1 0 1 1 0 1 1 1 1 1 0 1 1 1 1 0 0 0 0 0
500	1	0 1 1 1 1 0 1 0 0 1 0 0 0 1 0 0 0 0 0 0
500	4	1 1 1 1 0 0 0 0 0 1 1 0 0 0 1 0 0 1 1 0
500	7	1 0 0 1 0 1 1 0 1 1 1 0 1 0 1 0 0 1 0 0
500	6	1 1 1 1 0 1 1 1 1 1 1 0 0 1 1 0 0 0 1 0
500	2	1 0 1 1 1 0 0 1 1 1 1 0 1 1 1 0 1 0 0 1
500	5	1 1 1 1 1 0 0 0 0 1 1 0 0 0 1 1 0 0 0 0
500	2	1 1 0 1 0 1 1 1 1 1 1 0 0 1 1 0 0 0 0 0
500	2	1 1 1 1 1 0 0 0 0 1 0 1 1 0 1 0 0 0 0 0
500	1	1 0 1 1 0 0 1 1 0 1 1 1 1 0 1 1 0 0 0 0
500	2	1 1 1 1 0 1 1 0 1 1 1 0 1 1 0 0 0 0 0 0
500	14	1 0 1 1 1 1 1 1 1 1 1 1 0 0 1 0 0 0 0 0
500	2	1 1 1 1 0 0 1 1 1 0 1 1 0 0 1 0 0 0 1 0
500	2	1 1 1 1 0 0 1 0 0 1 1 0 1 0 1 0 0 0 0 0
500	7	1 1 1 1 0 0 0 0 0 1 0 0 1 0 1 1 1 0 0 0
500	8	1 1 1 1 0 1 1 1 0 1 1 1 1 0 1 1 0 0 0 0
500	2	0 1 1 1 0 1 1 1 1 1 1 0 1 0 1 0 0 0 0 0
500	3	1 1 1 1 0 0 0 0 0 1 1 0 0 0 1 0 1 0 0 1
500	4	1 1 1 1 0 1 0 0 0 1 0 0 1 0 1 1 0 0 0 0
500	1	1 1 1 1 0 1 1 1 0 1 1 0 1 0 1 0 0 0 0 0
500	1	1 1 1 1 0 0 1 0 0 1 1 0 0 0 0 0 1 0 0 0
500	3	1 1 1 1 1 1 0 0 0 1 0 1 0 0 1 0 0 0 0 0
500	2	1 0 0 1 0 0 1 1 1 1 1 1 1 0 1 0 0 0 0 0
500	2	1 1 1 1 1 0 1 1 1 1 1 0 0 0 1 0 1 0 0 1
500	1	0 1 1 1 0 1 0 1 0 1 1 0 0 1 1 0 0 0 0 0
500	5	1 1 1 1 0 0 0 1 0 0 1 1 0 0 1 0 0 0 0 0
500	9	1 1 1 0 0 0 1 1 1 1 1 0 1 1 1 0 0 0 0 0
500	2	1 1 1 1 0 1 1 0 0 1 1 0 0 1 1 0 0 0 0 0
500	1	1 1 1 1 0 1 1 0 0 1 1 0 1 0 1 0 0 0 0 0
500	1	1 1 1 1 0 0 0 0 0 1 1 1 1 0 1 0 0 0 0 0
500	1	1 1 1 1 1 1 1 0 1 1 1 0 0 0 1 0 0 0 1 0
500	1	1 1 1 1 0 0 1 0 0 1 0 0 0 0 1 0 1 0 0 0
500	2	1 0 1 1 1 0 1 1 1 1 0 0 1 1 1 0 1 0 0 0
500	2	1 1 1 1 1 0 0 0 0 1 1 1 1 0 1 0 0 0 0 0
500	2	1 1 1 1 0 0 1 0 0 1 1 0 0 0 0 0 1 0 0 1
500	1	1 1 1 0 0 0 1 0 0 1 1 0 0 1 1 1 0 0 0 0
500	3	0 1 1 1 0 1 0 0 0 0 1 1 0 0 1 0 1 0 0 0
500	2	1 0 1 1 0 0 1 1 1 1 0 0 0 1 1 0 0 0 0 0
500	2	1 0 1 1 0 1 1 1 0 1 1 1 1 1 1 0 0 0 0 0
500	4	1 1 1 0 0 0 1 0 0 1 1 0 0 0 1 0 1 0 0 0
500	1	1 1 1 1 1 0 0 0 0 1 0 1 0 0 0 0 0 0 0 0
500	1	1 1 0 1 0 1 0 1 1 1 1 0 0 0 1 0 1 0 0 0
500	2	1 1 1 1 0 0 0 0 0 1 1 0 0 0 1 1 0 1 1 0
500	1	1 0 1 1 0 1 1 1 1 1 1 1 0 0 1 0 0 0 0 0
500	1	1 0 1 1 1 1 1 1 0 1 1 1 0 0 1 0 0 0 0 0
500	1	1 1 1 1 0 0 1 0 1 1 1 0 1 0 1 0 0 1 0 0
500	5	1 1 1 1 0 1 1 1 1 1 1 0 0 0 1 0 1 0 0 0
500	2	1 1 1 1 0 0 1 1 0 1 1 0 0 0 1 1 0 0 0 1
500	2	1 1 1 1 1 0 0 0 0 1 1 0 0 1 1 0 0 0 0 1
500	2	1 0 0 1 0 1 1 0 0 1 1 0 0 0 1 0 0 0 0 0
500	3	1 1 1 1 0 1 1 0 1 1 1 0 0 1 1 1 0 0 0 0
500	1	0 1 1 1 0 1 1 1 0 0 1 1 0 0 1 0 1 0 0 0
500	3	1 1 1 1 0 0 0 0 0 1 1 0 0 0 1 0 0 0 1 0
500	2	1 1 1 1 0 1 1 1 0 1 1 1 1 0 1 1 0 1 0 0
500	1	1 1 1 1 0 1 0 0 0 1 1 0 1 0 1 0 0 0 1 0
500	1	1 1 1 1 0 0 0 0 0 1 1 0 0 0 1 0 0 0 1 1
500	2	0 1 0 1 0 0 1 1 1 1 1 1 1 0 1 0 0 0 0 0
500	1	1 0 1 1 0 1 1 0 1 1 1 0 1 1 1 0 0 0 0 0
500	1	1 0 1 1 1 1 1 0 1 1 1 0 0 1 1 1 0 0 0 0
500	1	1 0 1 1 1 0 1 1 1 1 1 0 0 0 1 0 0 0 0 0
500	1	1 0 1 1 0 1 1 1 1 1 1 0 0 0 1 0 0 0 0 0
500	1	1 1 1 1 1 1 0 0 0 1 1 0 0 0 1 0 0 0 1 1
500	1	1 1 1 1 0 0 1 1 1 1 1 0 1 0 0 0 0 0 0 0
500	2	1 0 0 1 0 0 1 0 1 1 1 0 1 0 1 0 0 1 0 0
