0	24	0 0 0 0 0 0 0 1 0 1 1 0 1 0 0 0 1 0 0 0
0	23	0 0 0 0 0 1 0 1 0 1 0 0 0 0 0 1 0 0 0 0
0	22	0 1 1 0 1 1 0 0 0 0 0 0 0 0 0 0 0 1 0 0
0	31	0 0 0 0 1 0 0 0 1 0 0 0 0 1 0 0 0 0 1 1
50	8	0 0 0 0 0 1 0 1 0 1 0 0 0 0 0 1 0 0 0 0
50	11	0 0 0 0 1 0 0 0 1 0 0 0 0 1 0 0 0 0 1 1
50	2	0 1 0 0 1 0 0 0 1 0 0 0 0 1 0 0 0 0 1 1
50	3	0 0 1 0 0 1 0 1 0 1 0 0 0 0 0 1 0 0 0 0
50	1	0 0 0 0 0 0 0 1 0 1 1 0 0 0 0 1 0 0 0 0
50	3	0 1 0 0 0 1 0 1 0 1 0 0 0 0 0 1 0 0 0 0
50	2	0 0 0 0 0 1 0 1 0 1 0 0 0 0 1 1 0 0 0 0
50	3	0 0 0 0 1 0 0 0 1 0 0 0 0 1 0 0 0 0 0 0
50	2	0 0 1 0 0 1 0 1 0 1 0 0 0 1 0 0 0 0 1 1
50	1	0 1 0 0 1 0 0 1 1 0 0 0 0 1 0 0 0 0 1 1
50	1	0 0 0 0 1 1 0 0 1 0 0 0 0 1 0 0 0 0 1 1
50	2	0 0 0 0 0 0 0 1 0 0 0 0 0 0 0 0 0 1 0 0
50	1	1 0 1 0 0 1 0 1 1 0 0 0 0 1 0 0 1 0 1 1
50	1	0 1 1 0 1 1 0 0 0 0 0 0 0 0 1 1 0 0 0 0
50	1	0 0 1 0 1 0 0 0 1 0 0 0 0 1 0 0 0 0 1 1
50	2	0 0 0 0 1 0 0 0 1 0 0 0 0 1 0 1 0 0 0 0
50	2	0 0 0 1 0 0 0 1 0 1 0 0 0 0 0 1 0 0 0 0
50	2	0 0 0 0 0 0 0 1 0 0 1 0 0 0 0 0 0 1 0 0
50	1	0 0 0 0 0 0 0 1 0 0 0 0 0 0 0 1 0 1 0 0
50	1	0 0 0 1 1 0 0 0 1 0 0 0 0 1 0 0 0 0 1 1
50	2	0 1 0 0 0 1 0 1 0 1 0 0 0 0 0 0 0 0 0 0
50	1	0 0 1 0 0 1 1 1 0 1 1 0 0 0 0 0 1 0 0 0
50	2	0 0 0 1 0 0 0 1 0 0 0 0 0 0 0 0 0 0 1 1
50	1	0 1 1 0 1 1 1 1 0 0 0 0 0 0 0 0 0 0 0 0
50	1	0 0 1 0 0 0 0 1 0 1 0 0 0 1 0 0 0 0 1 1
50	1	1 0 1 0 0 1 0 1 1 0 0 0 0 1 0 0 0 0 0 0
50	1	0 0 0 0 0 0 0 1 1 1 0 0 0 0 0 1 1 0 0 0
50	1	0 0 0 0 0 1 0 1 0 1 0 0 0 0 0 1 0 0 0 1
50	1	0 0 0 0 0 0 0 1 0 1 0 0 0 0 0 1 0 0 0 0
50	1	0 1 0 0 0 1 0 1 0 1 1 0 0 0 0 1 0 0 0 0
50	2	0 0 0 0 0 1 1 1 0 1 0 0 0 0 0 0 0 0 0 0
50	1	0 0 0 0 0 1 0 1 0 0 0 0 0 0 0 1 0 0 0 0
50	1	0 0 0 0 0 1 0 1 0 1 1 0 1 0 0 1 1 0 0 0
50	1	0 0 0 0 1 0 0 0 1 0 0 1 0 1 0 0 0 0 1 1
50	1	0 0 0 0 0 0 0 1 1 1 1 0 1 0 0 0 1 0 0 1
50	3	0 0 0 1 1 0 0 0 1 0 0 0 0 1 0 0 0 0 0 0
50	1	1 0 1 0 0 1 1 1 1 0 0 0 0 1 0 0 0 0 0 1
50	1	0 0 0 1 0 1 0 1 0 1 0 0 0 0 0 1 0 0 0 0
50	2	0 0 0 0 1 0 0 0 1 0 0 0 0 1 0 1 0 0 1 1
50	1	0 1 1 0 1 1 0 1 0 1 0 0 0 1 0 0 0 0 1 1
50	2	0 0 0 0 1 0 0 0 1 0 0 0 0 1 0 0 0 1 0 0
50	1	0 1 1 0 0 1 0 1 0 1 0 0 0 0 0 1 0 0 0 0
50	1	1 0 1 0 0 1 0 1 1 0 0 0 0 1 1 0 0 0 0 1
50	1	0 0 1 0 0 0 0 1 0 1 1 0 0 1 0 0 0 0 1 1
50	1	0 0 1 0 0 0 0 1 0 1 0 0 0 0 0 1 0 0 0 0
50	2	0 0 0 0 0 1 0 0 1 0 0 0 0 1 1 0 0 0 1 1
50	2	0 1 0 0 0 0 0 1 1 0 0 0 0 1 0 0 0 0 1 1
50	1	0 1 1 0 1 1 0 1 0 0 0 0 0 0 0 0 0 1 0 0
50	1	0 1 0 0 0 1 0 1 1 0 0 0 0 1 0 0 0 0 1 1
50	1	0 0 0 0 0 0 0 1 0 0 0 0 0 0 0 1 0 0 0 0
50	1	0 0 0 0 0 1 0 1 0 1 0 0 0 0 0 1 1 0 0 0
50	1	0 0 0 0 1 0 0 0 1 0 0 0 0 1 1 0 0 0 1 1
50	2	0 1 0 0 0 1 0 1 0 1 0 0 0 0 0 1 1 0 0 0
50	1	0 0 1 0 0 1 0 1 0 1 0 0 0 1 0 1 0 0 0 0
50	1	0 0 0 0 1 0 0 0 0 0 0 1 1 1 0 0 0 0 1 0
50	1	0 0 0 0 0 0 0 1 0 0 0 0 0 1 1 0 0 1 0 0
50	2	0 1 0 0 0 0 0 0 1 0 0 0 0 1 0 0 0 0 1 1
50	1	0 0 0 0 1 0 0 1 1 0 0 0 1 1 0 0 0 0 0 1
50	1	0 0 0 1 0 0 0 1 0 0 0 0 0 0 0 0 0 1 0 0
100	2	0 0 1 0 0 1 0 1 0 1 1 0 1 0 0 0 1 0 0 0
100	2	1 0 1 0 0 1 0 1 1 0 0 0 0 1 0 0 0 0 0 1
100	1	0 0 0 1 1 0 0 0 1 0 0 0 0 1 0 0 0 0 1 1
100	1	0 1 1 0 1 1 1 1 0 0 0 0 0 0 0 0 0 0 0 0
100	4	1 0 1 0 0 1 0 1 1 0 0 0 0 1 0 0 0 0 0 0
100	13	0 0 0 1 1 0 0 0 1 0 0 0 0 1 0 0 0 0 0 0
100	2	0 0 0 0 0 0 0 1 0 1 0 0 0 1 0 1 0 0 0 0
100	2	0 0 0 1 0 0 0 1 0 0 0 0 0 0 0 0 0 0 0 0
100	2	0 0 1 0 0 1 0 1 1 0 0 0 0 1 0 0 0 0 0 0
100	3	0 0 1 0 0 1 0 1 1 1 0 0 0 1 0 1 0 0 0 0
100	1	0 1 0 0 0 0 0 1 0 1 0 0 0 1 0 1 1 0 0 0
100	1	0 0 0 0 0 0 0 1 0 1 0 0 0 1 0 0 0 0 0 0
100	1	0 0 1 0 1 1 0 1 0 1 1 0 1 0 0 0 1 0 0 1
100	5	1 0 1 0 0 1 0 1 0 1 0 0 0 1 0 0 0 0 0 0
100	4	1 0 1 0 0 1 0 1 0 1 0 0 0 1 0 1 0 0 0 0
100	3	0 1 0 1 0 0 0 0 1 0 0 0 0 1 0 0 0 0 0 0
100	1	0 1 0 0 0 0 0 1 0 1 0 0 0 1 0 0 0 0 0 0
100	1	1 0 1 0 0 1 1 1 1 1 0 0 0 1 1 0 0 0 0 1
100	3	1 0 1 0 0 1 0 1 0 1 0 0 0 0 0 0 0 0 0 0
100	3	1 0 1 0 1 1 0 1 0 1 1 0 0 0 0 1 0 0 0 0
100	2	1 0 1 0 0 1 1 1 1 0 0 0 0 1 0 0 0 0 0 0
100	1	1 0 0 1 1 1 0 0 1 0 1 0 0 1 0 0 0 0 1 1
100	2	0 0 1 0 0 0 1 1 1 0 0 0 0 1 0 0 0 0 0 0
100	2	1 0 1 0 0 1 1 1 1 1 0 0 0 1 1 0 0 1 0 0
100	1	0 1 0 0 0 0 0 1 0 1 1 0 0 1 0 1 1 0 0 0
100	2	1 0 1 0 0 1 1 1 1 0 1 0 0 1 0 0 0 0 0 0
100	2	1 0 1 0 0 1 0 1 1 1 0 0 0 1 0 1 0 0 0 0
100	2	0 0 1 1 1 0 0 0 1 0 0 0 0 1 0 0 0 0 0 0
100	1	0 1 0 0 0 1 1 1 0 1 0 0 0 0 0 1 0 0 0 0
100	1	0 0 1 0 0 0 0 0 1 0 0 0 0 1 0 0 0 0 0 0
100	1	0 1 0 1 0 0 0 0 1 0 0 0 0 1 0 0 1 0 1 0
100	1	1 0 1 0 0 1 0 1 1 0 0 0 1 1 0 0 0 0 0 0
100	1	0 0 0 0 0 0 1 1 0 1 0 0 0 1 0 1 0 0 0 0
100	2	1 0 0 1 0 0 0 1 0 0 0 0 0 0 0 0 0 0 0 0
100	1	0 0 1 0 0 1 0 1 1 1 0 0 0 1 0 1 1 0 0 0
100	1	1 0 1 0 0 1 1 1 0 1 0 0 0 0 0 1 0 0 0 0
100	1	1 1 0 0 1 0 0 1 0 0 0 0 0 0 1 0 0 0 0 0
100	1	1 0 0 1 1 1 0 0 1 0 1 0 0 1 0 0 0 0 1 0
100	1	1 0 1 0 0 1 0 1 0 1 0 0 0 0 0 1 0 1 1 1
100	1	0 0 1 0 0 1 1 1 1 1 0 0 0 1 0 1 0 1 0 0
100	1	1 0 0 0 0 1 1 1 0 1 0 1 0 1 0 0 0 0 0 1
100	1	1 0 0 0 0 0 1 1 0 1 0 0 0 1 0 1 0 0 0 0
100	2	0 1 0 1 0 0 0 1 1 0 0 0 0 1 0 0 1 0 1 0
100	1	0 0 0 0 0 1 0 1 0 1 1 0 1 0 0 1 1 0 0 1
100	1	1 0 0 1 0 1 0 0 1 0 1 0 0 1 0 0 0 0 1 1
100	2	0 1 0 1 0 0 0 0 1 1 0 0 0 1 0 0 1 0 0 0
100	1	0 0 1 0 0 1 0 1 1 0 0 0 0 0 0 0 0 0 0 0
100	2	0 0 1 1 1 0 0 0 1 0 0 0 0 1 0 0 0 0 1 0
100	1	1 0 1 0 0 0 1 1 0 1 0 0 0 1 0 1 0 0 0 0
100	1	0 0 0 0 1 0 0 1 0 0 0 0 0 1 0 0 0 0 0 1
100	1	0 0 1 0 0 1 0 1 0 1 0 0 0 0 0 0 0 0 0 0
100	1	1 1 1 0 1 1 0 1 0 1 1 0 0 0 0 1 0 0 0 0
100	1	0 0 1 0 0 1 0 1 0 1 1 0 0 1 0 1 0 0 1 0
100	1	1 0 1 1 0 1 0 1 1 0 0 0 0 1 0 0 0 0 0 0
100	1	1 0 0 0 0 0 0 0 0 1 0 0 0 1 0 1 0 0 0 0
150	1	1 0 1 0 0 1 0 1 1 0 0 0 0 1 0 0 0 0 0 0
150	1	1 0 1 0 0 1 0 1 0 1 0 0 0 1 0 0 0 0 0 0
150	3	1 0 1 0 0 1 1 1 1 0 0 0 0 1 0 0 0 0 0 0
150	3	1 0 1 0 0 1 1 1 1 0 1 0 0 1 0 0 0 0 0 0
150	2	1 0 0 0 0 0 0 1 0 1 0 0 0 1 0 1 0 0 0 0
150	1	0 0 1 0 0 1 0 1 0 1 0 0 0 1 0 0 0 0 0 0
150	3	1 0 1 1 0 1 0 1 1 0 0 0 0 1 0 0 0 0 0 0
150	1	1 0 1 1 0 1 1 1 1 0 0 0 0 1 0 0 0 0 0 0
150	2	1 0 0 1 1 0 0 0 1 0 0 0 0 1 0 0 0 0 0 0
150	1	1 0 1 0 0 0 1 1 1 0 0 0 0 1 0 0 0 0 0 0
150	2	1 1 1 0 0 1 0 1 0 1 0 0 0 1 0 1 0 0 0 0
150	8	1 0 1 1 0 1 1 0 1 0 0 0 0 1 0 0 0 0 0 0
150	1	1 0 1 0 0 1 0 1 1 1 1 0 0 1 0 1 0 0 0 0
150	4	0 0 1 0 0 0 0 1 0 1 0 0 0 1 0 0 0 0 0 0
150	1	1 1 1 1 0 1 0 1 1 1 0 0 0 1 0 1 0 0 1 0
150	2	1 1 0 1 1 0 0 1 0 1 0 0 0 1 1 1 0 0 0 0
150	3	0 1 0 1 1 0 0 0 1 0 0 0 0 1 0 0 0 0 0 1
150	4	0 1 1 1 0 1 0 1 1 1 0 0 0 1 0 0 0 0 0 0
150	1	1 1 1 1 0 1 0 1 0 1 0 0 0 1 0 1 0 0 1 0
150	4	1 0 1 0 0 1 0 1 1 1 0 0 0 1 0 0 0 0 0 0
150	1	0 0 0 1 0 1 0 1 0 1 0 0 0 1 0 0 0 0 0 0
150	2	1 0 1 0 0 1 0 1 1 1 0 0 0 1 0 0 0 0 0 1
150	1	0 1 1 1 1 1 0 1 1 1 0 0 0 1 0 1 0 0 1 0
150	1	1 0 0 1 0 0 1 1 0 0 0 0 0 0 0 0 0 0 0 0
150	1	1 0 1 1 0 1 0 1 1 0 0 0 1 1 0 0 0 0 0 0
150	1	1 0 1 0 0 1 0 1 1 1 0 1 0 1 0 1 0 0 0 0
150	5	1 1 1 1 0 1 0 1 1 1 0 0 0 1 0 0 0 0 0 0
150	1	0 1 0 1 1 0 0 1 1 0 1 0 0 1 0 1 0 0 1 0
150	2	0 0 1 1 0 1 1 1 1 0 0 0 0 1 0 1 0 0 0 0
150	3	1 0 1 0 0 1 0 1 1 0 1 0 0 1 0 0 0 0 0 0
150	1	1 0 1 0 0 1 1 1 1 0 0 0 0 1 0 0 0 1 0 0
150	2	0 0 1 1 0 1 0 1 1 0 1 0 0 1 0 0 0 0 0 0
150	1	1 0 1 0 1 1 0 1 0 0 0 0 0 1 0 0 0 0 0 0
150	2	0 1 0 1 0 0 0 0 1 0 0 0 0 0 0 0 0 0 0 0
150	1	1 1 1 0 1 1 0 1 0 1 0 0 0 1 0 1 0 0 0 0
150	4	0 0 1 1 0 1 0 1 1 1 0 0 0 1 0 1 0 0 0 0
150	2	1 0 1 0 0 1 0 1 1 0 0 0 0 1 1 0 0 0 0 0
150	2	1 1 0 1 0 1 0 1 0 1 0 0 0 1 0 0 0 0 0 0
150	1	1 1 1 0 0 1 0 1 1 0 0 0 0 1 0 0 0 0 0 0
150	1	0 1 0 1 0 1 0 1 1 1 0 0 0 1 0 0 0 0 0 0
150	1	1 0 1 1 0 0 0 1 1 0 0 0 0 1 0 1 0 0 0 0
150	4	1 1 1 0 0 1 0 1 1 0 0 1 0 1 0 0 0 0 0 0
150	1	0 0 0 1 1 0 1 1 0 1 0 0 0 1 1 1 0 0 0 0
150	1	0 0 1 0 0 1 0 1 0 1 1 0 0 1 0 0 0 0 0 0
150	1	1 0 1 1 0 1 1 1 1 1 0 0 0 1 0 0 0 0 0 0
150	1	1 0 1 0 0 1 1 1 0 0 0 0 0 1 0 0 0 1 0 0
150	1	1 0 1 0 1 0 0 1 0 1 0 0 0 1 0 0 1 0 0 0
150	1	0 1 1 1 0 1 0 0 1 1 0 0 0 1 0 0 0 0 0 0
150	1	0 1 1 0 0 1 0 1 1 0 0 0 0 1 0 0 0 0 0 0
150	1	0 0 1 0 0 1 1 1 0 1 0 0 0 1 0 0 0 0 0 0
150	1	1 0 1 0 0 0 1 1 0 0 0 0 0 1 0 0 0 0 0 0
150	1	0 1 0 1 1 0 0 1 0 0 1 0 0 1 0 1 0 0 1 0
150	2	0 1 0 1 1 1 0 1 1 0 1 0 0 1 0 1 0 0 1 0
200	1	1 1 1 0 0 1 0 1 0 1 0 0 0 1 0 1 0 0 0 0
200	3	1 0 1 1 0 1 1 0 1 0 0 0 0 1 0 0 0 0 0 0
200	1	1 1 0 1 0 0 0 1 0 0 0 0 0 0 0 1 0 0 0 0
200	1	0 0 1 1 0 1 0 1 1 1 0 0 0 1 0 0 0 0 0 0
200	1	0 1 1 1 0 1 0 1 1 1 0 0 0 1 0 0 0 0 0 0
200	5	1 0 1 0 0 1 0 1 1 1 0 1 0 1 0 1 0 0 0 0
200	1	0 0 1 0 0 1 0 1 1 0 0 0 0 0 0 0 0 0 0 0
200	1	0 1 0 1 1 0 0 1 1 0 1 0 0 1 0 1 0 0 1 0
200	1	1 1 1 1 0 1 0 1 1 1 0 0 0 1 0 0 0 0 1 0
200	3	1 0 1 1 0 1 1 1 1 0 0 0 1 1 1 0 0 0 0 0
200	3	1 1 0 1 0 1 0 1 0 1 0 0 0 1 0 0 0 0 0 0
200	1	1 1 0 1 1 0 0 1 1 1 1 0 0 1 0 1 0 0 0 0
200	7	1 1 1 1 0 1 0 1 1 1 0 0 0 1 0 1 0 0 0 0
200	4	0 0 0 1 1 0 0 1 1 1 0 1 0 1 0 1 0 0 0 0
200	1	1 1 1 0 0 1 0 1 0 1 0 0 0 1 0 0 0 0 0 0
200	3	0 1 0 1 0 0 0 1 1 0 1 0 0 1 0 1 0 0 1 0
200	1	0 1 0 1 0 0 0 0 1 0 0 0 0 1 0 1 0 1 0 0
200	3	1 0 1 0 0 0 0 1 0 1 0 0 0 1 0 1 0 0 0 0
200	1	0 1 1 1 0 1 0 1 1 1 0 0 0 1 1 0 0 0 0 0
200	1	1 1 1 1 0 1 0 1 0 1 0 0 0 1 0 1 0 0 0 0
200	1	0 1 1 0 0 1 0 1 1 0 0 0 0 1 0 1 0 0 0 0
200	1	0 0 1 1 0 1 0 1 1 0 1 0 0 0 0 0 0 0 0 0
200	1	1 1 0 0 0 1 0 1 1 0 0 0 0 1 0 0 0 0 0 0
200	2	1 1 1 1 0 0 0 1 0 0 0 0 0 0 0 1 0 0 0 0
200	1	1 0 1 1 0 0 0 1 1 0 0 1 0 1 0 1 0 0 0 0
200	1	1 1 0 1 0 0 0 1 1 0 0 0 0 1 0 0 0 0 0 1
200	3	0 1 1 0 0 0 0 1 0 0 0 0 0 0 0 1 0 0 0 0
200	1	1 0 1 0 0 0 1 1 1 0 1 1 0 1 0 0 0 1 0 0
200	1	0 1 0 1 1 0 0 1 1 0 1 0 0 1 0 1 0 0 0 0
200	1	1 1 1 0 0 0 0 1 0 1 0 0 0 0 0 0 0 0 0 0
200	1	1 0 1 1 0 1 1 1 0 1 0 0 0 1 0 0 0 0 0 1
200	1	1 1 1 1 0 0 0 0 1 0 0 0 0 1 0 0 0 0 0 0
200	1	0 0 1 1 0 1 1 0 1 0 0 0 0 1 0 0 0 0 0 0
200	1	1 0 1 1 0 1 0 1 1 0 0 0 0 1 0 1 0 0 0 0
200	1	0 0 1 1 0 1 0 1 1 1 0 1 0 1 0 1 0 0 0 0
200	3	1 1 1 1 0 1 0 1 1 1 0 0 0 1 0 1 0 0 0 1
200	1	1 0 1 1 0 1 1 0 1 0 1 0 0 1 0 1 0 0 0 0
200	1	1 0 1 0 0 1 0 1 1 0 0 0 0 0 0 0 0 0 0 0
200	1	1 1 0 1 0 0 0 1 0 0 0 0 0 0 0 1 0 0 0 1
200	1	0 1 0 1 0 1 1 0 1 1 0 0 1 1 1 0 0 0 0 0
200	1	0 0 0 1 0 1 0 1 1 1 0 1 0 1 0 1 0 0 0 0
200	1	1 1 0 1 0 0 0 1 1 1 0 0 0 1 0 0 0 0 0 0
200	2	1 1 0 1 1 0 0 1 1 0 1 0 0 1 0 0 0 0 0 0
200	1	1 0 1 0 0 1 0 1 1 0 0 1 0 0 1 0 0 0 0 0
200	1	1 1 0 1 0 0 0 0 1 0 0 0 0 1 0 0 0 0 0 0
200	1	1 1 1 1 0 1 0 1 1 1 0 0 0 1 1 0 0 0 1 0
200	1	0 0 0 1 1 0 0 0 1 0 0 0 0 0 0 0 0 0 1 0
200	1	0 1 0 1 0 1 1 0 1 1 0 0 1 1 1 0 1 0 0 0
200	1	1 0 1 1 0 1 0 1 1 1 0 0 0 1 0 0 0 0 1 0
200	1	0 0 0 1 1 0 0 1 1 1 0 1 0 1 0 1 0 0 0 1
200	2	1 1 1 0 0 0 0 1 1 1 0 0 0 0 0 0 0 0 0 0
200	1	1 0 0 1 0 1 0 1 0 1 0 0 0 1 0 1 0 0 0 0
200	1	0 1 0 1 1 0 0 0 1 0 0 0 0 0 0 0 0 0 0 1
200	1	1 0 1 1 0 1 1 1 1 0 0 0 1 1 0 1 0 0 0 0
200	1	0 1 1 1 0 1 0 1 1 1 0 0 1 1 0 1 0 0 0 0
200	1	1 1 1 1 0 1 0 1 0 1 0 0 1 1 0 1 0 0 0 0
200	1	1 0 1 0 0 0 1 1 1 0 0 1 0 1 0 0 0 1 0 0
200	1	1 0 1 1 0 1 0 1 1 1 0 0 0 1 0 1 0 0 0 0
200	1	0 0 1 1 0 1 0 1 1 0 1 0 0 0 0 1 0 0 0 0
200	2	1 0 1 0 0 0 1 1 1 0 1 1 0 1 0 1 0 0 0 0
200	1	1 1 1 1 0 0 0 1 0 1 0 0 0 1 0 1 0 0 0 0
200	1	1 1 1 1 0 1 0 0 1 1 0 0 0 1 0 0 0 0 0 1
200	1	1 1 1 1 0 1 0 1 1 1 0 1 0 1 0 1 0 0 0 0
200	1	0 1 0 1 0 0 0 0 1 0 0 1 0 1 1 0 0 0 0 0
200	1	1 1 1 1 0 1 0 0 1 0 0 0 0 1 0 1 0 1 0 0
200	1	0 1 0 1 1 0 0 1 1 0 0 0 0 1 1 0 0 0 0 0
200	1	0 1 0 1 1 0 0 1 1 1 0 0 0 1 0 1 0 0 0 0
200	1	1 1 1 1 0 1 0 1 0 1 0 0 0 1 0 1 0 0 0 1
200	1	0 1 0 1 0 0 0 0 1 0 0 1 1 1 0 0 0 0 0 0
250	4	0 1 1 1 0 1 0 1 1 1 0 0 0 1 0 0 0 0 0 0
250	1	1 0 1 0 0 1 0 1 1 1 0 1 0 1 0 1 0 0 0 0
250	4	1 1 0 1 0 1 0 1 0 1 0 0 0 1 0 0 0 0 0 0
250	6	1 1 1 1 0 1 0 1 0 1 0 0 0 1 0 1 0 0 0 0
250	5	1 1 1 1 0 1 0 1 0 1 0 0 0 1 0 0 0 0 0 0
250	2	1 1 0 1 1 0 0 1 1 0 1 0 0 1 0 0 0 0 0 0
250	1	1 1 1 1 0 1 0 1 0 1 0 0 0 0 0 0 0 0 0 0
250	2	0 1 1 1 0 1 0 1 1 1 0 0 1 1 0 1 0 0 0 0
250	4	1 1 1 1 0 1 0 1 0 1 0 0 1 1 0 1 0 0 0 0
250	1	0 1 1 1 0 1 1 0 1 0 0 0 0 1 0 0 0 0 0 0
250	1	1 1 1 1 0 0 0 1 0 1 0 0 0 0 0 0 0 0 0 0
250	1	1 1 1 1 0 1 0 1 0 1 0 0 0 1 1 1 0 0 0 0
250	3	1 1 1 1 0 1 0 1 1 0 0 0 1 1 0 1 0 0 0 0
250	1	0 1 0 1 1 1 0 1 0 1 0 0 0 1 0 0 0 0 0 0
250	4	1 1 1 0 0 1 0 1 0 1 0 1 0 0 0 0 0 0 0 0
250	1	1 1 1 1 0 1 1 0 1 0 0 0 0 1 0 1 0 0 0 0
250	1	1 1 1 1 0 0 0 1 0 1 0 0 0 1 1 1 0 0 0 0
250	4	1 1 1 1 0 1 0 1 1 0 0 0 1 1 0 0 0 0 0 0
250	2	1 1 0 1 1 0 0 1 0 1 0 0 0 1 0 1 0 0 0 0
250	2	1 1 1 1 0 1 1 1 0 1 0 0 0 1 0 1 0 0 0 0
250	1	1 1 1 1 0 1 0 1 0 1 0 1 0 1 0 1 0 0 0 0
250	3	1 1 1 1 0 1 0 1 1 1 0 0 1 1 0 1 0 0 0 0
250	2	1 1 0 1 0 1 1 0 1 1 0 0 1 1 1 0 0 0 0 0
250	1	1 1 1 1 0 0 0 1 0 1 0 0 0 0 1 1 0 0 0 0
250	2	1 1 0 1 0 0 0 1 0 1 0 0 0 0 0 0 1 0 0 0
250	1	1 1 1 1 0 1 0 1 0 1 0 0 0 0 1 1 0 0 0 0
250	1	0 1 1 1 0 1 0 1 1 1 0 0 0 1 1 1 0 0 0 0
250	1	1 1 1 0 0 1 0 1 0 1 0 1 0 0 0 1 0 0 0 0
250	1	1 0 1 0 0 1 0 1 0 1 0 0 0 1 0 1 0 0 0 0
250	1	1 1 1 0 0 1 0 1 0 1 0 0 0 0 0 0 0 0 0 0
250	1	1 0 0 1 1 0 0 1 1 0 1 0 0 1 0 0 0 0 0 0
250	2	1 1 0 1 1 0 0 1 1 0 0 0 0 1 0 0 0 0 0 0
250	3	1 0 1 1 1 1 1 0 1 0 0 0 0 1 0 1 0 0 0 0
250	1	0 1 1 1 0 0 0 1 0 1 0 0 0 0 0 0 0 0 0 0
250	2	0 1 1 1 0 1 0 1 0 1 0 1 0 0 0 1 0 0 0 0
250	1	1 1 1 1 0 1 1 0 1 0 0 0 1 1 0 1 0 0 0 0
250	1	1 1 0 1 1 1 0 1 0 1 0 1 0 1 0 1 0 0 0 0
250	1	1 1 1 1 0 1 0 1 0 1 0 0 1 1 0 0 0 0 0 0
250	2	1 1 1 1 0 1 0 1 0 1 1 0 0 1 0 0 0 0 0 0
250	1	1 1 1 1 0 0 0 1 1 1 0 1 0 1 0 1 0 0 0 0
250	1	1 1 1 0 0 1 0 1 0 1 0 1 0 1 1 1 0 0 0 0
250	1	1 1 1 1 0 0 0 1 0 1 0 0 0 1 1 0 0 0 0 1
250	3	0 1 0 1 0 1 0 1 0 1 0 0 0 1 0 0 0 0 0 0
250	1	0 1 0 0 1 1 0 1 0 1 0 0 0 1 1 1 0 0 0 0
250	1	0 1 0 1 1 0 0 1 0 1 0 0 0 1 1 1 0 0 0 0
250	1	1 1 1 1 0 1 0 1 1 1 0 0 0 1 1 1 0 0 0 0
250	1	1 1 0 1 0 0 0 1 0 1 0 0 0 1 1 1 0 0 0 0
250	1	1 1 1 1 0 0 1 1 0 1 0 0 0 1 0 1 0 0 0 0
250	1	1 1 0 1 1 0 0 1 0 1 0 0 0 1 1 1 0 0 0 0
250	1	1 1 1 1 0 0 0 1 1 1 0 0 0 1 1 1 0 0 0 0
250	1	1 1 0 1 0 1 0 1 1 1 0 0 0 1 0 1 0 0 0 0
250	1	1 1 1 1 0 1 0 1 0 1 0 0 0 0 0 1 0 0 0 0
250	1	0 1 1 1 0 1 0 1 0 1 0 1 0 0 0 1 1 0 0 0
250	1	0 1 1 1 0 1 0 1 0 1 0 1 0 1 0 1 0 0 0 0
250	2	1 1 0 1 0 1 0 1 0 1 0 0 0 0 1 1 0 0 1 0
250	1	1 1 1 1 0 0 0 1 0 1 0 0 1 1 0 1 0 0 0 0
250	2	1 1 1 1 0 0 0 1 0 1 0 0 0 1 1 0 0 0 1 1
300	9	1 1 1 1 0 1 0 1 0 1 0 0 0 1 0 0 0 0 0 0
300	1	1 1 1 1 0 1 0 1 0 1 0 0 0 0 0 0 0 0 0 0
300	4	1 1 1 1 0 1 0 1 0 1 0 0 1 1 0 1 0 0 0 0
300	2	1 1 1 0 0 0 0 1 1 1 0 0 1 0 0 0 0 0 0 0
300	4	1 1 0 1 0 1 0 1 0 1 0 0 0 1 0 1 0 0 0 0
300	2	1 1 1 0 0 1 0 1 0 1 0 0 0 0 0 0 0 0 0 0
300	1	1 0 0 1 1 0 0 1 1 0 1 0 0 1 0 0 0 0 0 0
300	3	1 1 0 1 1 0 0 1 1 0 0 0 0 1 0 0 0 0 0 0
300	2	1 1 1 1 0 1 0 1 0 0 0 0 0 1 1 1 0 0 0 0
300	3	1 1 0 1 0 1 0 1 1 1 0 0 0 1 0 1 0 0 0 0
300	1	1 1 1 1 0 0 1 0 0 1 0 0 0 1 0 0 0 0 0 0
300	1	1 1 0 1 0 0 0 0 0 1 0 0 0 1 1 1 0 0 0 0
300	2	1 1 0 1 1 0 0 1 0 1 0 1 0 1 1 1 0 0 0 0
300	1	1 0 1 1 0 0 0 1 1 1 0 0 1 0 1 1 0 0 0 0
300	3	1 1 1 1 0 1 0 1 0 1 0 1 0 0 0 0 0 0 0 0
300	3	1 1 1 1 0 1 0 1 0 1 0 1 0 1 1 1 0 0 0 0
300	1	1 1 1 1 0 1 0 1 0 1 0 0 0 1 0 1 0 1 0 0
300	3	1 0 0 1 0 1 0 1 0 1 1 0 0 1 0 0 0 0 0 0
300	1	1 1 1 1 0 0 0 1 1 1 0 1 0 0 0 1 0 0 0 0
300	7	1 1 0 1 0 1 0 1 0 1 0 0 0 0 1 1 0 0 0 0
300	1	0 1 1 1 0 1 0 1 1 1 0 0 1 1 0 0 0 0 0 0
300	2	1 1 1 1 0 1 0 1 0 1 0 1 0 0 0 0 0 0 0 1
300	2	1 1 0 1 0 1 0 1 0 1 0 1 0 0 0 1 0 0 0 0
300	4	1 1 0 1 1 0 0 1 0 1 0 0 0 1 1 1 0 0 0 0
300	4	0 1 1 1 0 1 0 1 1 1 0 0 1 1 0 1 0 0 0 0
300	2	1 1 1 1 0 0 0 1 0 1 0 0 0 1 0 0 0 0 0 0
300	1	1 1 1 1 0 0 0 1 1 1 0 0 1 1 0 1 0 0 0 0
300	2	1 1 1 0 0 0 0 1 1 1 0 0 1 0 0 0 0 0 1 0
300	1	1 1 0 1 1 1 0 1 0 1 0 1 0 1 1 1 0 0 0 0
300	2	1 1 0 1 1 0 0 1 0 1 0 0 0 1 0 0 0 0 0 0
300	4	1 1 1 1 0 0 1 0 0 1 0 0 0 1 0 1 0 0 0 0
300	2	1 1 1 1 0 1 0 1 0 1 0 0 0 1 0 0 0 0 0 1
300	3	1 1 1 1 0 0 1 0 0 0 0 1 0 1 0 0 0 0 0 0
300	2	1 0 0 1 1 0 0 1 1 0 0 0 0 1 0 0 0 0 0 0
300	3	0 1 1 1 0 0 1 1 1 1 0 0 0 1 1 1 0 0 0 0
300	1	1 1 1 1 0 1 0 1 1 1 0 0 1 1 1 1 0 0 0 0
300	1	1 1 0 1 0 1 0 1 1 1 0 0 1 1 0 1 0 0 0 0
300	1	1 1 1 1 0 1 0 1 0 0 0 0 0 1 0 0 0 0 0 0
300	1	1 0 0 1 0 1 0 0 0 1 1 0 0 1 0 0 0 0 0 0
300	1	1 1 0 1 0 1 0 1 0 1 0 0 0 0 1 1 0 1 0 0
300	2	1 1 0 1 1 1 0 1 0 1 0 1 0 1 1 1 0 0 1 0
300	1	1 1 0 1 1 0 0 1 0 1 0 0 0 1 1 0 0 0 0 0
300	1	1 1 0 1 0 1 0 1 0 1 0 0 0 1 1 0 0 0 0 0
300	1	1 1 0 0 0 1 0 1 0 1 0 0 0 1 0 1 0 0 0 0
300	1	1 1 0 1 0 0 0 1 0 1 0 0 1 1 0 0 0 0 0 0
350	2	1 1 1 1 0 1 0 1 0 1 0 0 1 1 0 1 0 0 0 0
350	2	1 1 0 1 0 0 0 0 0 1 0 0 0 1 1 1 0 0 0 0
350	4	1 1 0 1 0 1 0 1 0 1 0 0 0 0 1 1 0 0 0 0
350	4	1 1 0 1 1 0 0 1 0 1 0 0 0 1 1 1 0 0 0 0
350	2	1 1 1 1 0 0 0 1 1 1 0 0 1 1 0 1 0 0 0 0
350	1	1 1 0 1 0 0 0 1 0 1 0 1 0 0 0 0 0 0 0 0
350	1	1 1 1 1 0 1 0 1 0 1 0 0 1 1 0 0 0 0 0 0
350	2	1 1 1 1 0 1 0 1 0 1 0 0 0 1 0 1 0 0 0 0
350	2	1 1 0 1 0 1 0 1 0 1 0 0 0 1 0 0 0 0 0 0
350	3	1 1 0 1 0 1 0 0 0 1 0 1 0 0 0 1 0 0 0 0
350	1	1 1 1 1 0 0 0 1 1 1 1 1 0 0 0 1 0 0 0 0
350	3	1 1 0 1 0 1 0 0 0 1 0 0 0 0 0 0 0 0 0 0
350	1	1 1 1 1 0 1 0 1 0 1 0 1 0 1 0 0 0 0 0 0
350	1	1 1 1 1 1 1 0 1 0 1 0 0 0 1 1 0 0 0 0 0
350	1	1 1 0 1 0 1 0 1 0 1 0 1 0 1 1 1 0 0 0 0
350	2	1 1 1 1 0 1 1 1 0 1 0 0 0 1 0 0 0 0 0 0
350	3	1 1 0 1 0 1 0 1 0 1 0 0 1 1 0 0 0 0 0 0
350	1	1 1 0 1 1 0 0 1 0 1 0 0 0 1 1 1 0 0 1 0
350	4	1 1 0 1 0 1 0 0 0 1 0 0 0 1 1 1 0 0 0 0
350	1	1 1 0 1 0 1 0 1 1 1 0 0 0 1 0 1 0 0 1 0
350	3	1 0 0 1 0 1 0 1 0 1 1 0 0 1 0 1 0 0 0 0
350	11	0 1 1 1 0 1 0 1 1 1 0 1 0 0 0 1 0 0 0 0
350	1	1 1 1 1 0 1 0 1 0 1 0 1 0 0 0 0 0 0 0 0
350	1	1 1 1 0 0 1 0 1 0 1 0 0 0 1 0 0 0 0 0 0
350	1	1 1 1 1 0 1 0 0 0 1 1 0 1 1 0 1 0 0 0 0
350	2	1 1 0 1 1 0 0 1 0 1 0 0 0 1 1 0 0 0 1 0
350	3	0 1 0 1 0 1 0 1 0 1 0 0 1 0 1 1 0 0 0 0
350	1	1 1 0 1 0 1 0 1 0 1 0 0 0 0 1 1 0 0 1 0
350	2	1 1 0 1 0 1 0 0 0 1 0 1 1 0 0 1 0 0 0 0
350	1	1 1 0 1 0 0 0 0 0 1 0 0 0 1 1 0 0 0 0 0
350	1	1 1 0 1 0 1 0 0 0 1 0 1 0 0 0 0 0 0 0 0
350	2	1 1 0 1 0 1 0 1 1 1 0 0 1 1 0 1 0 0 0 0
350	1	1 1 1 1 0 1 0 1 0 1 0 0 0 1 1 0 0 0 0 0
350	1	1 1 0 1 1 0 0 1 0 1 0 0 0 1 1 1 0 1 0 0
350	3	1 1 0 1 0 1 1 0 0 1 0 1 0 0 0 1 0 0 0 0
350	1	1 1 1 1 0 1 0 1 0 1 0 0 0 0 1 0 0 0 0 0
350	1	1 1 1 1 0 0 0 1 1 1 0 0 0 0 1 1 0 0 0 0
350	1	1 1 0 1 0 0 0 1 0 1 0 1 0 0 1 1 0 0 0 0
350	1	1 1 0 1 0 1 0 1 0 1 0 0 0 1 0 0 0 0 1 0
350	5	1 1 0 1 0 1 0 1 1 1 0 0 0 0 0 1 0 0 0 0
350	4	1 1 1 1 0 0 0 1 0 1 0 1 1 1 0 0 0 0 0 0
350	1	1 1 0 1 0 1 0 1 0 1 0 1 0 1 0 1 0 0 0 0
350	2	1 1 0 1 1 0 0 0 0 1 0 0 0 1 1 0 0 0 0 0
350	1	1 1 0 1 1 0 0 1 0 1 0 0 0 1 1 0 0 0 0 0
350	1	1 0 0 1 1 0 0 1 0 1 0 0 0 1 1 1 0 0 0 0
350	1	1 1 0 1 1 0 0 1 0 1 0 1 0 1 1 1 0 0 0 0
350	1	1 1 1 0 0 1 0 1 0 1 0 0 0 1 1 1 0 0 0 0
350	1	0 1 1 1 0 0 0 1 0 1 0 1 0 0 0 1 0 0 0 0
350	1	1 1 0 1 1 0 0 1 0 0 0 0 0 1 1 1 0 0 0 0
350	2	0 1 0 1 0 1 0 1 1 1 0 0 1 1 0 1 0 0 0 0
350	1	1 1 1 1 0 0 0 1 1 0 1 1 0 0 0 1 0 0 0 1
400	8	1 1 0 1 0 1 0 1 0 1 0 0 0 0 1 1 0 0 0 0
400	5	1 1 0 1 0 1 0 0 0 1 0 1 0 0 0 1 0 0 0 0
400	15	1 1 0 1 0 1 0 0 0 1 0 0 0 0 0 0 0 0 0 0
400	1	1 1 1 1 0 1 0 0 0 1 1 0 1 1 0 1 0 0 0 0
400	3	1 1 0 1 0 1 0 1 0 1 0 0 1 1 0 1 0 0 0 0
400	5	1 1 0 1 0 1 0 0 0 1 0 1 1 0 0 1 0 0 0 0
400	2	1 1 0 1 0 1 0 1 1 1 0 0 0 0 0 1 0 0 0 0
400	3	1 1 1 1 1 1 0 1 0 1 0 0 0 0 1 1 0 0 0 1
400	1	1 1 0 1 0 1 0 1 1 1 0 0 0 0 0 0 0 0 0 0
400	1	0 1 1 1 1 1 0 0 1 1 0 1 0 0 0 1 1 0 0 0
400	1	1 1 0 1 0 1 0 1 1 1 0 1 0 1 0 0 0 0 0 0
400	2	1 1 1 1 0 1 0 0 0 1 0 0 0 0 0 0 0 0 0 0
400	3	1 1 0 1 0 1 0 1 1 1 0 1 0 0 0 1 0 0 0 0
400	1	1 1 0 1 0 0 0 1 0 0 0 1 0 0 1 1 0 0 0 0
400	4	1 1 0 1 0 1 0 1 0 1 0 0 0 0 0 0 0 0 1 0
400	2	1 1 0 1 0 1 0 0 0 1 0 0 0 1 0 1 0 0 0 0
400	4	1 1 0 1 0 0 0 1 1 1 0 1 0 0 0 1 0 0 0 0
400	1	1 1 0 1 0 0 0 1 0 1 0 1 0 0 1 1 0 0 0 1
400	3	1 0 0 1 0 0 0 1 0 1 0 1 0 0 0 1 0 0 0 0
400	2	1 1 0 1 0 1 0 0 0 1 0 1 1 0 0 0 0 0 0 0
400	1	1 1 0 1 0 1 0 1 0 1 1 0 0 0 0 1 0 0 0 0
400	1	1 1 0 1 1 1 1 0 0 1 0 1 0 0 0 1 0 0 0 0
400	2	1 1 0 1 0 1 0 0 0 1 0 0 0 0 0 1 0 0 0 0
400	1	1 1 0 1 0 1 0 1 0 1 0 0 0 0 1 1 0 1 0 0
400	2	0 1 0 1 0 1 0 1 0 1 0 0 0 0 0 0 0 0 0 0
400	3	1 1 0 1 0 1 0 0 0 1 0 0 1 0 0 0 0 0 0 0
400	1	1 1 0 1 0 1 0 1 1 1 0 0 0 0 1 0 0 0 0 0
400	1	1 1 0 1 0 1 0 1 0 1 0 0 0 0 1 1 0 0 0 1
400	1	0 1 1 1 0 1 0 1 0 1 0 1 1 0 0 1 0 0 0 0
400	1	1 1 0 1 0 1 1 1 1 1 0 1 0 0 0 1 0 0 0 0
400	1	1 1 0 1 0 1 0 1 1 1 0 1 1 0 0 1 0 0 0 0
400	2	1 1 0 1 1 0 0 1 0 1 0 0 0 1 0 1 0 0 0 0
400	1	1 1 0 1 0 1 1 0 0 1 0 0 0 0 1 1 0 1 0 0
400	3	1 1 0 1 0 1 0 1 0 1 0 0 1 0 1 1 0 0 0 0
400	2	1 1 0 1 1 1 0 0 1 1 0 1 0 1 0 1 0 0 0 0
400	1	1 1 0 1 0 1 0 1 1 1 0 0 1 1 0 1 0 0 0 0
400	1	1 1 0 1 0 1 0 1 1 1 0 1 0 0 1 1 0 0 0 0
400	1	1 1 1 1 0 1 0 1 0 1 1 1 0 0 0 1 0 0 0 0
400	1	1 1 0 1 0 1 0 0 0 1 0 0 0 0 1 0 1 0 0 0
400	1	1 0 0 1 0 1 0 0 0 1 1 0 0 1 0 1 1 0 0 0
400	1	1 0 0 1 0 0 1 1 0 1 0 1 0 0 0 1 0 0 0 0
400	1	1 1 0 1 0 1 0 0 1 1 0 0 0 0 0 0 0 0 0 0
400	1	1 1 0 1 1 1 0 1 0 1 0 0 0 0 1 1 0 0 0 0
400	1	1 1 0 1 0 0 0 0 0 1 0 1 0 0 1 1 0 0 0 0
400	1	1 0 0 1 1 0 0 1 0 1 0 1 0 0 1 1 0 0 0 0
450	3	1 1 0 1 0 1 0 1 0 1 0 0 0 0 1 1 0 0 0 0
450	6	1 1 0 1 0 1 0 0 0 1 0 0 0 0 0 0 0 0 0 0
450	2	1 1 0 1 0 1 1 0 0 1 0 1 0 0 0 1 0 0 0 0
450	2	1 1 0 1 0 1 0 1 1 1 0 0 0 0 0 1 0 0 0 0
450	3	1 1 0 1 0 1 0 1 1 1 0 0 0 0 1 1 0 0 0 0
450	1	1 1 0 1 0 1 0 1 1 1 0 1 0 0 0 1 0 0 0 0
450	1	1 1 0 1 0 0 0 1 1 1 0 1 0 0 0 1 0 0 0 0
450	1	1 1 0 1 0 1 0 0 0 1 0 1 1 0 0 0 0 0 0 0
450	5	1 1 0 1 0 1 0 0 0 1 0 1 0 0 0 0 0 0 0 0
450	3	1 1 0 1 0 1 1 0 0 1 0 1 0 0 0 0 0 0 0 0
450	6	1 1 0 1 0 1 0 0 0 1 0 0 1 0 0 0 0 0 0 0
450	2	1 1 0 1 0 1 0 1 1 1 0 0 0 0 1 0 0 0 0 0
450	3	1 1 0 1 0 0 0 1 0 1 0 0 1 0 1 1 0 0 0 0
450	1	1 1 0 1 0 1 0 0 0 1 0 0 1 0 0 1 0 1 0 0
450	1	1 1 0 1 0 0 0 1 0 1 1 1 0 0 1 1 0 0 1 0
450	1	1 1 0 1 0 1 0 0 0 1 0 0 0 0 1 1 0 0 0 0
450	1	1 1 0 1 0 1 0 0 0 1 0 1 0 1 0 0 0 0 0 0
450	4	1 1 0 1 1 1 0 1 0 1 0 1 0 0 0 0 0 0 1 0
450	3	1 1 0 1 0 0 0 1 0 1 0 0 0 0 1 1 0 0 0 0
450	3	1 1 0 1 0 1 0 1 0 1 1 0 0 0 0 0 0 0 0 0
450	4	1 1 0 1 0 1 0 1 1 1 1 1 0 0 0 1 0 0 0 0
450	3	1 1 0 1 0 1 0 0 0 1 0 0 1 0 1 1 0 0 0 0
450	2	1 1 1 1 0 1 0 0 0 1 0 0 0 0 0 0 0 0 0 0
450	1	1 1 0 1 1 1 0 0 0 1 0 0 0 1 1 0 1 1 0 0
450	1	1 1 0 1 0 1 1 1 0 1 0 0 1 0 1 1 0 0 0 0
450	2	1 1 0 1 0 1 0 1 0 1 0 0 1 0 0 0 0 0 0 0
450	1	1 1 0 1 0 1 1 0 0 0 0 1 0 0 0 1 0 0 0 0
450	2	1 1 0 0 0 1 1 0 0 1 0 1 0 0 0 0 0 0 0 0
450	7	1 1 0 1 0 0 0 1 0 1 1 1 0 0 0 1 0 0 0 0
450	1	1 1 0 1 0 1 0 0 0 1 0 0 0 0 1 1 1 0 0 0
450	1	1 1 0 1 0 1 0 0 0 1 0 1 0 0 1 1 0 0 0 0
450	1	1 1 0 1 1 1 0 1 0 1 0 0 0 0 0 0 1 0 0 0
450	1	1 1 0 1 0 1 1 0 0 1 0 1 1 0 0 0 0 0 0 0
450	1	1 0 0 1 0 1 0 0 0 1 0 0 1 0 0 1 1 0 0 0
450	1	1 1 0 1 0 1 1 0 0 1 0 1 0 0 1 0 0 0 0 0
450	1	1 1 1 1 1 1 0 1 0 1 0 1 0 0 1 1 0 0 0 0
450	1	1 1 0 1 0 0 0 1 0 1 0 0 0 0 0 1 0 0 1 0
450	1	1 1 0 1 1 1 0 1 1 1 0 1 0 0 0 1 0 0 0 0
450	1	1 1 0 1 0 1 0 0 0 1 0 0 1 0 0 1 0 0 1 0
450	1	1 1 0 1 0 0 0 0 0 1 0 1 1 0 0 0 1 0 0 1
450	1	1 1 0 1 1 1 0 0 0 1 0 0 1 0 0 1 0 1 0 0
450	2	1 0 0 1 0 1 0 0 0 1 0 0 1 0 0 1 0 0 0 0
450	1	0 1 0 1 1 1 0 1 0 1 0 1 0 0 1 1 0 0 0 0
450	1	1 1 0 1 0 0 0 0 0 1 0 1 1 0 0 0 0 0 1 0
450	1	1 1 0 1 1 0 0 0 0 1 0 0 0 1 1 0 0 1 0 0
450	1	1 1 0 1 0 1 0 0 0 1 0 1 1 0 0 0 0 0 1 0
450	1	1 1 0 1 1 1 0 1 0 1 0 0 0 0 1 1 0 0 0 0
450	1	1 1 0 1 0 1 0 1 1 1 0 0 1 0 1 1 0 0 0 0
450	1	1 1 0 1 1 1 0 1 1 1 0 1 0 0 0 0 0 0 1 0
450	1	1 1 0 1 0 1 0 1 0 1 1 0 0 1 0 0 0 0 0 0
450	2	1 1 0 1 0 1 0 1 0 1 0 0 1 0 0 0 0 0 0 1
450	1	1 1 0 1 0 0 0 1 0 1 0 1 0 0 1 1 0 0 0 0
500	2	1 1 0 1 0 1 0 1 0 1 0 0 0 0 1 1 0 0 0 0
500	1	1 1 0 1 0 1 0 1 1 1 0 0 0 0 1 1 0 0 0 0
500	1	1 1 0 1 0 1 0 0 0 1 0 1 1 0 0 0 0 0 0 0
500	1	1 1 0 1 0 1 0 0 0 1 0 1 0 0 0 0 0 0 0 0
500	2	1 1 0 1 0 1 1 0 0 1 0 1 0 0 0 0 0 0 0 0
500	2	1 1 0 1 0 0 0 1 0 1 0 0 0 0 1 1 0 0 0 0
500	5	1 1 0 1 0 1 0 0 0 1 0 0 1 0 1 1 0 0 0 0
500	3	1 1 0 1 0 0 0 1 0 1 1 1 0 0 0 1 0 0 0 0
500	3	1 1 0 1 0 1 0 1 0 1 0 0 0 0 0 0 0 0 0 0
500	2	1 1 0 1 0 1 0 0 0 1 0 0 0 0 1 0 0 0 0 0
500	1	1 1 0 1 0 1 1 0 0 1 0 1 0 0 0 0 0 0 1 0
500	3	1 1 0 0 0 1 0 1 0 1 0 0 0 0 0 0 0 0 0 0
500	2	1 0 0 1 0 1 0 1 0 1 0 1 1 0 0 0 0 0 1 0
500	3	1 1 0 1 1 1 0 0 0 1 0 1 0 0 0 0 0 0 0 0
500	1	1 1 0 1 0 1 0 1 0 1 1 1 0 0 0 1 1 0 0 0
500	2	1 1 0 1 1 1 0 1 0 1 0 1 0 0 0 0 0 0 0 0
500	1	1 1 0 1 0 1 0 1 1 1 0 0 1 0 0 0 0 0 0 0
500	1	1 1 0 1 0 1 0 1 0 1 0 0 0 0 1 0 0 0 0 0
500	1	1 1 0 1 0 1 0 1 1 1 0 1 0 0 1 1 0 0 0 0
500	1	0 1 0 1 0 1 0 0 0 1 0 1 1 0 0 0 0 0 0 0
500	1	1 1 0 1 0 1 0 1 0 1 0 1 0 0 1 1 0 0 0 0
500	3	1 1 0 1 1 1 0 0 1 1 0 1 0 0 0 0 0 0 0 0
500	5	0 1 1 1 0 1 1 0 0 1 0 1 0 0 0 1 0 0 0 0
500	2	1 1 0 1 0 1 0 0 0 1 0 1 1 0 1 0 0 0 0 0
500	1	1 1 0 1 0 1 0 1 1 1 0 0 0 0 0 0 0 0 0 0
500	1	1 1 0 0 0 1 1 0 0 1 0 1 0 0 0 0 0 0 0 0
500	5	1 1 0 1 0 1 0 0 0 1 0 0 0 0 0 0 0 0 0 0
500	3	1 1 0 1 0 0 1 0 1 1 0 0 0 0 1 1 0 0 0 0
500	1	1 0 0 1 1 1 0 1 0 1 0 1 0 0 1 1 0 0 0 0
500	1	0 1 0 1 0 1 1 0 0 1 0 1 0 0 0 0 0 0 0 0
500	2	1 1 0 1 0 1 0 1 1 1 0 0 0 0 0 0 0 0 1 0
500	1	0 0 0 1 0 1 0 1 0 1 0 1 1 0 0 0 0 0 1 0
500	1	1 1 1 1 1 1 0 1 0 1 0 1 0 0 0 1 0 0 0 0
500	2	1 1 0 1 0 0 0 1 0 1 0 0 0 0 1 1 0 0 1 0
500	1	1 1 0 1 0 1 0 0 0 1 0 0 1 0 0 1 0 0 1 0
500	1	1 1 0 1 0 1 0 0 0 1 0 1 1 0 0 1 0 0 0 0
500	2	1 1 0 1 0 1 0 1 0 1 0 1 0 0 0 0 0 0 1 0
500	2	1 0 0 1 0 1 0 1 0 1 0 1 0 0 1 0 0 0 0 0
500	3	1 1 1 1 0 1 0 1 1 1 0 0 0 0 1 1 0 0 0 0
500	1	1 1 0 1 0 0 0 1 1 1 0 0 0 0 1 0 0 0 1 0
500	1	1 1 0 1 1 1 0 0 1 1 0 0 1 0 0 0 0 0 0 0
500	1	1 1 0 1 0 1 1 0 0 1 0 0 0 0 0 0 0 0 0 0
500	1	0 0 0 1 0 1 0 1 0 1 0 1 1 0 0 0 0 0 0 0
500	2	1 1 0 1 0 1 0 0 0 1 0 0 0 0 1 1 0 0 0 0
500	1	1 0 0 1 0 0 0 1 0 1 0 0 0 0 1 1 0 0 0 0
500	1	1 1 0 1 1 1 0 1 0 1 1 1 0 0 0 1 0 0 0 0
500	1	1 0 0 1 0 1 1 0 0 1 1 0 1 0 1 1 0 0 0 0
500	2	1 1 0 1 0 1 1 0 0 1 0 1 0 0 0 0 1 0 0 0
500	1	1 1 0 0 1 1 1 0 0 1 0 1 0 0 0 0 0 0 0 0
500	1	0 1 0 1 1 1 1 0 0 1 0 1 0 0 0 0 0 0 0 0
500	1	1 1 0 1 1 1 0 1 1 1 0 1 0 1 0 0 0 0 0 0
500	1	1 1 0 1 0 1 1 0 0 1 0 1 0 0 0 0 0 1 0 1
500	1	1 0 0 1 0 1 0 0 0 1 0 0 1 0 1 1 0 0 0 0
500	1	1 1 0 1 0 0 0 1 0 0 1 1 0 0 0 1 0 0 0 0
500	1	1 1 0 1 0 0 0 1 1 0 0 0 0 0 1 0 0 0 1 0
500	1	1 1 0 1 0 0 0 0 0 1 1 0 1 0 1 1 0 0 0 1
500	1	1 1 0 1 0 1 0 1 0 0 0 0 0 0 1 0 0 0 0 0
500	1	1 1 0 1 0 1 0 0 0 1 0 0 0 0 0 1 0 0 0 0
500	1	1 1 0 1 0 1 0 1 1 1 0 0 0 0 1 0 0 0 0 0
500	1	1 1 0 1 0 1 1 0 0 1 0 1 0 0 0 1 0 0 0 0
500	1	1 1 0 1 1 1 1 1 0 1 0 1 0 0 0 0 0 0 0 0
