0	250	0 1 0 0 0 0 0 0 0 0 0 0 1 0 0 0 1 0 0 0
0	250	0 0 0 1 0 1 1 1 0 0 0 0 0 0 0 1 0 0 0 0
0	250	1 1 0 1 0 0 0 0 0 1 0 0 0 0 0 0 0 1 0 0
0	250	0 0 0 1 0 0 0 0 0 0 0 0 0 0 0 0 0 0 0 0
50	189	0 0 0 1 0 1 1 1 0 0 0 0 0 0 0 1 0 0 0 0
50	3	1 1 0 1 0 0 0 0 0 1 0 0 0 0 0 0 0 1 0 0
50	8	0 1 0 1 0 0 0 0 0 1 0 0 0 0 0 0 0 1 0 0
50	11	0 0 0 1 0 1 1 1 0 0 0 0 0 0 1 1 0 0 0 0
50	36	0 0 0 1 0 1 1 1 0 0 0 0 0 0 0 0 0 0 0 0
50	29	1 1 0 1 0 1 1 1 0 0 0 0 0 0 0 1 0 0 0 0
50	16	0 0 0 1 0 1 1 1 0 0 0 0 0 1 0 1 0 0 0 0
50	24	0 1 0 1 0 1 1 1 0 0 0 0 0 0 0 1 0 0 0 0
50	12	0 0 0 1 0 1 1 1 1 0 0 0 0 0 0 1 0 0 0 0
50	17	0 0 0 1 0 1 1 1 0 0 0 1 0 0 0 1 0 0 0 0
50	9	0 0 0 1 0 1 1 1 0 0 0 0 0 0 0 0 0 1 0 0
50	45	1 1 0 1 0 1 1 1 0 0 0 0 0 0 0 0 0 0 0 0
50	16	0 0 0 1 0 0 0 0 0 0 0 0 1 0 0 0 0 0 0 0
50	16	1 0 0 1 0 1 1 1 0 0 0 0 0 0 0 1 0 0 0 0
50	35	1 1 0 1 0 1 1 1 0 1 0 0 0 0 0 1 0 0 0 0
50	22	0 1 0 0 0 0 1 1 0 0 0 0 0 0 0 1 0 0 0 0
50	118	1 1 0 1 0 1 1 1 0 0 0 0 0 0 0 0 0 1 0 0
50	8	0 0 1 1 0 1 1 1 0 0 0 0 0 0 0 0 0 0 0 0
50	3	0 0 0 1 0 1 1 1 0 0 0 0 0 0 0 1 0 1 0 1
50	30	0 0 1 1 0 1 1 1 0 0 0 0 0 0 0 1 0 0 0 0
50	5	1 1 0 1 1 0 0 0 0 1 0 0 0 0 0 0 0 1 0 1
50	7	0 1 0 1 0 0 0 0 0 1 0 0 0 0 0 0 0 1 0 1
50	5	0 0 0 1 0 1 1 1 0 1 0 0 0 0 0 0 0 1 0 1
50	21	0 1 0 1 0 1 1 1 0 1 0 0 0 0 0 1 0 0 0 0
50	7	1 1 0 1 0 1 1 1 0 0 0 0 0 1 0 1 0 0 0 0
50	3	0 0 0 1 0 1 1 1 0 0 0 0 0 0 0 0 0 1 0 1
50	9	0 0 0 1 0 1 0 0 0 1 0 0 0 0 0 0 0 0 0 0
50	35	1 1 0 1 0 1 1 1 0 0 0 0 1 0 0 1 0 0 0 0
50	5	0 0 0 1 0 0 1 1 0 0 0 0 0 0 0 0 1 0 0 0
50	19	0 0 0 1 0 1 1 1 0 1 0 0 0 0 0 1 0 0 0 0
50	16	1 1 0 1 0 1 1 1 1 0 0 0 0 0 0 1 0 1 0 0
50	6	1 1 0 1 0 1 1 1 0 0 0 0 0 0 0 1 0 0 1 0
50	10	1 1 0 1 1 0 0 0 0 1 0 0 0 0 1 0 0 1 0 0
50	3	0 0 0 1 0 1 1 1 0 0 0 0 0 0 1 0 0 0 0 0
50	3	1 1 0 1 0 1 1 1 0 1 0 0 0 1 0 1 0 0 0 0
50	16	1 1 1 1 0 1 1 1 0 1 0 0 0 0 0 1 0 0 0 0
50	1	1 1 0 1 0 1 1 1 0 0 0 0 0 0 0 0 0 1 0 1
50	11	0 0 1 1 0 1 1 1 1 0 0 0 0 0 0 1 0 0 0 0
50	1	0 0 0 0 1 1 1 1 0 0 0 0 0 0 0 1 0 0 0 0
50	27	1 1 0 1 0 1 1 1 1 0 0 0 0 0 0 1 0 0 0 0
50	2	1 1 0 1 0 1 1 1 0 1 0 0 1 0 0 0 0 0 0 0
50	1	0 0 0 1 0 1 1 1 0 0 0 0 1 1 0 1 0 0 0 0
50	1	0 0 0 1 0 0 1 1 0 0 0 1 0 0 0 1 0 0 0 0
50	2	1 1 0 1 0 1 1 1 0 1 0 1 0 0 0 1 0 0 0 0
50	1	1 1 0 1 0 1 1 1 1 0 0 0 0 0 0 0 0 1 0 0
50	2	0 0 0 1 0 1 1 0 0 0 0 0 0 1 0 1 1 0 0 0
50	2	0 1 0 1 0 1 1 1 0 0 0 0 0 1 0 1 0 0 0 0
50	2	1 1 0 1 0 1 1 1 0 1 0 0 0 0 0 0 0 0 1 0
50	3	0 0 0 1 0 1 1 1 0 1 0 0 0 0 0 0 0 0 0 0
50	6	1 1 1 1 0 1 1 1 0 0 0 0 0 0 0 1 0 0 0 0
50	2	1 1 0 1 0 1 1 1 1 0 0 0 0 1 0 1 0 1 0 0
50	3	1 1 0 1 0 1 1 1 0 1 1 0 0 0 0 0 0 0 0 0
50	5	1 1 0 1 0 1 1 0 0 0 0 0 0 0 0 0 0 1 0 0
50	8	1 1 0 1 0 0 0 0 0 0 0 0 0 0 0 1 0 0 0 1
50	2	1 0 0 1 0 1 1 1 0 0 0 0 0 0 0 0 0 0 0 0
50	3	0 0 0 1 0 0 1 1 0 0 0 0 0 0 0 1 0 0 0 0
50	1	1 0 0 1 0 1 1 1 0 0 0 0 0 1 0 1 0 0 0 0
50	4	1 1 0 1 0 0 1 1 0 1 0 0 0 1 0 1 0 0 0 0
50	3	1 1 0 1 0 0 1 1 0 0 0 0 0 0 0 1 0 0 0 0
50	18	0 0 0 1 0 1 1 1 0 0 0 0 1 0 0 1 0 0 0 0
50	4	0 0 1 1 0 1 1 1 0 0 0 0 0 1 0 1 0 0 0 0
50	2	1 0 0 1 0 0 1 1 0 0 0 0 0 0 0 1 0 0 0 0
50	3	0 1 0 0 0 0 1 1 1 0 0 0 0 0 0 1 0 0 0 0
50	2	1 0 0 1 0 0 0 0 0 0 0 0 0 0 0 0 0 0 0 0
50	2	1 1 0 1 0 1 1 1 0 0 0 1 0 0 0 1 0 0 0 0
50	1	1 1 0 1 1 1 1 1 0 0 0 0 0 0 0 0 0 0 0 0
50	3	1 1 0 1 0 1 1 1 0 0 0 0 0 0 0 0 0 1 1 0
50	1	0 0 0 1 0 1 1 1 0 1 0 0 0 0 1 0 0 1 0 1
50	1	0 0 0 1 0 1 1 1 0 0 0 0 0 1 0 1 0 1 1 0
50	5	0 0 0 1 0 1 1 1 0 1 0 0 1 0 0 1 0 0 0 0
50	3	1 1 0 1 1 0 0 0 0 1 0 0 0 0 0 0 0 0 0 0
50	1	0 1 0 1 0 1 1 1 0 0 0 0 0 0 0 0 0 1 0 0
50	3	1 1 0 1 1 1 1 1 0 0 0 0 0 0 0 0 0 1 0 0
50	6	0 0 0 1 0 1 1 1 0 0 0 0 0 0 0 1 1 0 0 0
50	6	0 0 0 0 0 1 1 1 0 0 0 0 0 0 0 0 0 0 0 0
50	1	1 1 0 1 0 1 1 1 0 0 0 0 0 0 0 1 0 1 0 0
50	3	0 0 1 1 0 0 1 1 1 0 0 0 0 0 0 1 0 0 0 0
50	3	0 1 0 1 0 0 1 1 0 1 0 0 0 1 0 1 0 0 0 0
50	2	0 1 1 1 0 1 1 1 0 0 0 0 0 1 0 1 0 0 0 0
50	2	0 0 0 1 0 1 1 1 0 0 0 0 0 0 0 1 0 0 0 1
50	2	0 0 0 1 0 1 1 1 0 0 0 1 0 0 0 0 0 0 0 0
50	1	1 1 1 1 0 1 1 1 0 1 0 0 0 0 0 1 0 1 0 0
50	1	0 0 0 1 0 1 1 1 0 0 0 0 0 0 1 0 0 1 0 0
50	2	0 1 1 0 0 0 1 1 0 0 0 0 0 0 0 1 0 0 0 0
50	2	0 1 0 0 0 0 1 1 0 0 0 0 0 0 0 1 0 1 0 0
50	2	0 0 1 1 0 1 1 1 0 0 0 0 0 0 0 1 0 0 0 1
50	2	0 0 1 1 0 1 1 1 0 0 0 0 0 0 0 1 1 0 0 0
50	1	1 1 0 1 1 0 0 0 0 0 0 0 0 0 0 0 0 1 0 1
50	3	0 0 1 1 0 1 1 1 1 0 0 0 0 0 0 0 0 0 0 0
50	1	1 1 0 1 0 1 1 1 1 0 0 0 0 0 0 1 1 0 0 0
50	1	0 0 0 1 0 0 1 1 0 0 0 0 1 0 0 1 0 0 0 0
100	12	0 0 0 1 0 1 1 1 0 0 0 0 0 0 0 1 0 0 0 0
100	4	0 0 0 1 0 1 1 1 0 0 0 0 0 0 1 1 0 0 0 0
100	50	1 1 0 1 0 1 1 1 0 0 0 0 0 0 0 1 0 0 0 0
100	64	0 1 0 1 0 1 1 1 0 0 0 0 0 0 0 1 0 0 0 0
100	20	1 1 0 1 0 1 1 1 0 0 0 0 0 0 0 0 0 0 0 0
100	23	1 0 0 1 0 1 1 1 0 0 0 0 0 0 0 1 0 0 0 0
100	13	1 1 0 1 0 1 1 1 0 1 0 0 0 0 0 1 0 0 0 0
100	4	0 1 0 0 0 0 1 1 0 0 0 0 0 0 0 1 0 0 0 0
100	4	1 1 0 1 0 1 1 1 0 0 0 0 0 0 0 0 0 1 0 0
100	119	1 1 1 1 0 1 1 1 0 1 0 0 0 0 0 1 0 0 0 0
100	55	1 1 0 1 0 1 1 1 1 0 0 0 0 0 0 1 0 0 0 0
100	15	1 1 1 1 0 1 1 1 0 0 0 0 0 0 0 1 0 0 0 0
100	5	1 0 0 1 0 1 1 1 0 0 0 0 0 0 0 0 0 0 0 0
100	4	1 1 0 1 0 0 1 1 0 0 0 0 0 0 0 1 0 0 0 0
100	9	0 0 0 1 0 1 1 1 0 0 0 0 1 0 0 1 0 0 0 0
100	6	0 0 0 1 0 1 1 1 0 1 0 0 1 0 0 1 0 0 0 0
100	36	1 1 0 1 0 0 0 0 0 0 0 0 0 0 1 1 0 0 0 1
100	2	0 1 0 1 1 1 1 1 0 0 0 0 0 0 0 1 0 0 0 0
100	2	0 1 0 1 0 1 1 1 0 1 0 0 0 0 1 1 0 0 0 0
100	6	1 0 0 1 0 1 1 1 0 0 0 0 0 0 0 0 0 1 0 0
100	2	1 1 0 1 1 0 0 0 0 1 0 0 0 0 1 0 0 0 0 0
100	14	1 1 0 1 0 1 1 1 0 1 0 0 0 0 0 1 0 1 0 0
100	15	1 1 0 1 1 1 1 1 0 1 0 0 0 0 0 1 0 0 0 0
100	5	0 1 0 1 0 1 0 1 0 0 0 0 0 0 0 1 0 0 0 0
100	6	0 1 0 1 0 1 1 1 0 0 0 0 0 0 0 1 0 1 0 0
100	1	1 1 0 1 1 1 1 1 1 0 0 0 0 0 0 1 0 0 0 0
100	29	1 1 1 1 0 1 1 1 1 0 0 0 0 0 0 1 0 0 0 0
100	4	1 0 0 1 0 1 1 1 1 0 0 0 0 0 0 1 0 0 0 0
100	1	1 0 0 1 0 1 1 1 0 0 0 0 0 0 0 0 0 1 1 0
100	6	1 1 0 0 0 0 1 1 0 0 0 0 0 0 1 1 0 0 0 0
100	1	1 0 0 1 0 1 1 1 0 0 0 0 0 1 0 0 0 1 0 0
100	11	0 0 1 1 1 1 1 1 0 0 0 0 0 0 0 1 0 0 0 0
100	7	1 1 1 1 0 1 1 1 0 1 0 0 0 0 0 1 1 0 0 0
100	2	1 1 1 1 0 1 1 1 0 0 0 1 0 0 0 1 0 0 0 0
100	9	1 1 0 1 0 1 1 1 0 0 0 0 0 0 0 1 0 1 0 0
100	3	1 1 0 1 0 1 1 1 0 0 0 0 0 0 0 0 0 1 0 1
100	8	0 0 0 1 0 1 1 1 0 0 0 0 0 0 0 0 0 1 0 1
100	20	1 0 0 1 0 1 1 1 1 0 0 0 1 0 0 1 0 0 0 0
100	11	1 1 1 1 0 1 1 1 0 0 0 1 0 0 0 0 0 0 0 0
100	12	1 1 1 0 0 1 1 1 0 0 0 0 0 0 0 0 0 0 0 0
100	3	1 1 0 1 0 1 1 1 0 1 0 1 0 0 0 1 0 0 0 0
100	11	1 1 0 1 0 1 1 1 0 0 0 0 0 0 0 0 0 1 1 0
100	30	1 1 0 1 0 1 1 1 0 0 0 0 1 0 0 0 0 1 0 0
100	11	1 1 1 1 0 1 1 1 1 0 0 1 0 0 0 1 0 0 0 0
100	1	1 0 1 1 0 0 1 1 0 0 0 0 0 0 0 0 0 1 0 0
100	10	1 1 0 1 0 1 1 1 0 1 0 0 0 0 0 1 1 0 0 0
100	10	1 1 1 1 0 1 1 1 0 1 0 0 1 0 0 1 0 0 0 0
100	9	1 1 0 1 0 0 0 0 0 0 0 0 0 0 0 0 0 0 0 0
100	3	1 1 1 0 0 1 1 1 0 0 0 0 0 0 0 1 0 0 0 1
100	21	1 1 1 1 0 0 1 1 0 0 0 1 0 0 0 1 0 0 0 0
100	9	1 1 0 1 0 1 1 1 1 0 0 0 1 0 1 1 0 0 0 0
100	16	1 0 0 1 0 1 1 1 0 0 0 0 0 0 1 0 0 0 0 0
100	4	1 1 0 1 1 0 0 1 0 1 0 0 0 0 0 1 0 0 0 0
100	13	1 0 1 1 0 1 1 1 1 0 0 1 0 0 0 1 0 0 0 0
100	22	1 1 0 1 0 0 1 1 0 0 0 0 0 0 1 1 0 0 0 0
100	5	1 1 0 1 0 1 1 1 0 0 0 0 0 0 1 0 1 1 0 0
100	5	0 0 0 1 0 1 1 1 0 0 0 0 1 0 1 1 0 0 0 0
100	11	1 1 0 1 0 0 1 1 0 0 0 0 0 0 0 0 0 0 0 0
100	1	1 0 0 1 1 1 1 1 0 1 0 0 0 0 0 1 0 0 0 0
100	2	1 1 0 1 0 0 1 1 1 0 0 0 0 0 0 1 0 0 0 0
100	3	1 1 0 1 0 0 0 0 0 0 0 0 0 0 1 0 0 0 0 1
100	4	1 1 0 1 0 1 1 1 0 0 1 0 0 0 0 0 0 0 0 1
100	5	0 0 0 1 0 1 1 1 0 0 0 0 0 0 0 0 0 0 1 0
100	4	1 1 1 1 1 1 1 1 0 1 0 0 0 0 0 1 0 0 0 0
100	6	0 0 0 1 0 1 1 1 1 0 0 0 0 0 0 1 0 0 0 0
100	7	1 0 0 1 1 1 1 1 0 0 0 0 0 0 1 1 0 0 0 0
100	1	0 1 0 1 0 1 1 1 1 0 0 0 0 0 0 1 0 0 0 0
100	7	1 1 1 1 0 1 1 1 0 1 0 1 0 0 0 1 0 0 0 0
100	3	0 0 1 1 0 1 1 1 0 0 0 0 0 0 0 1 0 0 0 1
100	2	1 1 1 1 0 1 1 1 0 0 0 1 0 0 0 0 0 1 0 0
100	2	1 1 1 1 0 1 1 1 0 1 0 0 0 0 0 1 0 1 0 0
100	1	1 0 0 1 0 0 1 1 0 0 0 0 0 0 0 1 0 0 0 1
100	3	0 0 0 1 1 1 1 1 0 1 0 0 0 0 0 1 0 0 0 1
100	3	1 1 1 1 0 1 1 1 0 0 0 0 0 0 0 0 0 0 0 0
100	4	1 1 1 1 0 1 1 1 0 0 0 0 1 0 1 1 0 0 0 0
100	6	1 0 0 1 0 1 1 1 0 1 0 0 0 0 0 1 0 0 0 0
100	4	1 1 1 1 0 1 1 1 0 1 0 0 0 0 0 1 0 0 0 1
100	2	1 1 0 1 0 1 1 1 1 0 0 1 0 0 0 1 0 0 0 0
100	2	1 1 1 1 0 1 1 1 1 0 0 0 0 0 0 1 0 0 0 1
100	5	1 1 0 1 0 0 0 1 0 0 0 0 0 0 0 1 0 1 0 0
100	7	1 1 0 1 0 1 1 1 0 0 0 0 0 0 0 1 1 0 0 0
100	3	1 1 1 1 0 0 0 1 0 0 0 1 0 0 0 1 0 0 0 0
100	1	1 1 0 1 0 1 1 1 0 0 0 0 0 0 0 1 0 1 1 0
100	1	0 1 0 1 0 1 1 1 1 0 0 0 1 0 0 1 0 0 0 1
100	3	0 1 0 1 0 1 1 1 0 0 0 1 0 0 0 1 0 0 0 0
100	3	1 1 0 1 0 0 0 0 1 1 0 0 0 0 0 0 0 1 0 0
100	3	1 1 0 1 0 1 1 1 0 1 0 0 0 0 1 1 0 0 0 0
100	2	0 1 1 1 0 1 1 1 0 0 0 0 0 0 0 1 0 0 0 0
100	5	1 1 0 1 1 1 1 1 0 1 0 0 0 0 0 0 0 0 0 0
100	4	1 0 0 1 0 1 1 1 0 0 0 0 1 0 0 1 0 0 0 0
100	2	1 0 0 1 0 1 1 1 1 0 0 0 1 1 0 1 0 0 0 0
100	6	1 1 1 1 1 1 0 1 0 1 0 0 0 0 0 1 0 0 0 0
100	1	0 0 0 1 0 1 1 1 1 0 0 0 1 0 0 1 0 1 0 0
100	7	0 0 0 1 0 1 1 1 0 0 0 0 0 0 0 1 0 0 0 1
100	1	0 0 0 1 0 1 1 1 0 1 0 0 0 0 0 1 1 0 0 0
100	2	1 1 0 1 1 1 1 1 0 0 0 0 0 0 0 0 0 1 0 0
100	3	1 1 1 1 0 1 1 1 1 0 0 0 0 0 1 1 0 0 0 1
100	3	0 0 0 0 0 1 1 1 0 0 0 0 0 0 1 1 0 0 0 0
100	3	1 1 1 1 0 1 1 1 0 1 1 0 0 0 0 1 0 0 0 0
100	3	1 1 0 1 1 0 1 1 0 0 0 0 0 0 0 1 0 0 0 0
100	1	1 1 0 1 0 0 1 1 0 0 0 0 1 0 0 1 1 1 0 0
100	5	0 0 0 1 0 1 1 1 0 0 0 0 1 0 1 1 0 0 1 0
100	2	1 1 1 1 0 1 1 1 0 0 0 0 1 0 0 1 0 0 0 0
100	1	1 1 0 1 0 0 0 0 0 0 0 0 0 0 0 1 0 0 0 0
100	1	0 0 1 1 0 0 1 1 0 0 0 1 0 0 0 1 0 0 0 0
100	2	1 0 1 1 0 0 1 1 0 0 0 0 0 0 1 1 0 0 0 1
100	2	0 0 0 1 0 1 1 1 0 1 0 0 0 0 0 1 0 0 0 0
100	2	0 0 0 1 0 1 1 1 0 0 0 0 0 1 0 1 0 0 0 0
100	4	1 1 1 1 0 0 1 1 0 1 0 0 0 0 0 1 0 0 0 0
100	2	1 1 1 1 0 1 1 1 1 1 0 0 0 0 0 1 0 0 0 0
100	2	1 1 0 1 0 1 1 1 1 0 0 0 0 0 0 0 0 0 0 0
100	1	1 1 1 1 0 1 1 1 0 0 1 0 0 0 0 1 0 0 0 0
100	1	1 1 1 1 0 1 0 1 0 1 0 0 1 0 0 1 0 0 0 0
100	2	1 0 0 1 0 0 1 1 0 0 0 0 0 0 0 0 0 0 0 0
100	1	0 1 0 1 0 1 1 1 0 0 0 0 0 0 0 1 0 0 0 1
100	2	0 1 0 1 0 1 1 1 0 0 0 0 0 0 1 1 0 0 0 0
100	1	1 1 0 1 0 1 1 1 1 0 1 0 0 0 0 1 0 0 0 0
100	1	1 1 0 1 0 0 0 0 0 0 0 1 0 0 1 1 0 0 0 1
100	2	0 1 0 1 0 0 1 1 0 1 0 0 0 0 1 1 0 0 0 0
100	2	1 0 0 1 0 1 1 1 0 1 0 0 0 0 0 1 0 1 0 0
100	1	1 1 0 1 0 1 0 1 0 1 0 0 0 0 0 1 0 1 0 0
100	2	1 1 0 1 1 1 1 1 1 0 0 0 0 0 0 1 0 0 0 1
100	1	1 0 0 1 0 1 1 1 0 0 0 0 0 0 0 0 0 0 1 0
100	1	1 0 1 1 0 1 1 1 0 0 0 1 0 0 0 0 0 0 0 0
100	1	1 1 1 1 0 1 1 1 0 0 0 0 0 0 0 0 0 1 1 0
100	1	1 1 0 0 0 1 1 1 0 0 0 0 1 0 0 0 0 1 0 0
100	1	1 1 0 1 0 0 0 0 0 1 0 0 0 0 0 0 0 0 0 0
100	1	1 1 0 1 0 1 1 1 0 0 0 0 0 1 1 0 1 1 0 0
150	5	0 0 0 1 0 1 1 1 0 0 0 0 0 0 0 1 0 0 0 0
150	23	1 1 0 1 0 1 1 1 0 0 0 0 0 0 0 1 0 0 0 0
150	48	0 1 0 1 0 1 1 1 0 0 0 0 0 0 0 1 0 0 0 0
150	10	1 1 0 1 0 1 1 1 0 1 0 0 0 0 0 1 0 0 0 0
150	14	1 1 0 1 0 1 1 1 0 0 0 0 0 0 0 0 0 1 0 0
150	186	1 1 1 1 0 1 1 1 0 1 0 0 0 0 0 1 0 0 0 0
150	14	1 1 0 1 0 1 1 1 1 0 0 0 0 0 0 1 0 0 0 0
150	67	1 1 1 1 0 1 1 1 0 0 0 0 0 0 0 1 0 0 0 0
150	30	1 1 0 1 0 0 0 0 0 0 0 0 0 0 1 1 0 0 0 1
150	23	1 1 1 1 0 1 1 1 1 0 0 0 0 0 0 1 0 0 0 0
150	39	1 1 1 1 0 1 1 1 1 0 0 1 0 0 0 1 0 0 0 0
150	15	1 1 1 1 0 0 1 1 0 0 0 1 0 0 0 1 0 0 0 0
150	2	1 1 0 1 0 1 1 1 0 0 0 0 0 0 0 1 0 1 1 0
150	7	1 1 1 1 1 1 0 1 0 1 0 0 0 0 0 1 0 0 0 0
150	24	1 0 1 1 0 0 1 1 0 0 0 0 0 0 1 1 0 0 0 0
150	35	1 1 1 0 0 1 1 1 0 1 0 0 0 0 0 1 0 0 0 0
150	7	1 0 0 1 0 1 1 1 0 0 0 0 1 0 0 1 0 0 0 0
150	7	0 1 1 1 0 1 1 1 0 1 0 0 0 0 0 1 0 0 0 0
150	11	1 1 1 1 0 0 1 1 1 0 0 1 0 0 0 1 0 0 0 0
150	11	1 1 1 1 0 1 1 1 0 1 0 0 0 1 1 1 0 0 0 0
150	13	1 1 1 1 0 1 1 1 1 0 0 1 1 0 0 1 0 0 0 0
150	5	1 1 0 1 0 1 0 1 0 0 0 0 0 0 0 1 0 1 0 0
150	4	1 1 1 1 1 1 1 1 0 1 0 0 0 0 0 1 0 0 0 0
150	9	1 1 1 1 1 1 1 1 1 0 0 1 0 0 0 1 0 0 0 0
150	10	0 1 1 1 0 1 1 1 1 0 0 0 0 0 0 1 0 0 0 0
150	8	1 1 1 1 0 1 1 1 0 1 0 0 0 0 0 1 1 0 0 0
150	14	1 1 1 1 0 1 1 1 0 0 1 0 0 0 0 1 0 0 0 0
150	10	1 1 1 1 1 1 0 1 0 1 0 0 0 0 0 1 1 0 0 0
150	8	0 1 0 1 0 1 1 1 1 0 0 0 0 0 0 1 0 0 0 0
150	2	1 1 1 1 0 1 1 1 0 0 0 0 0 0 0 1 1 0 0 0
150	11	1 1 1 1 0 1 1 1 0 0 0 0 0 0 0 0 0 0 0 0
150	3	0 1 0 1 0 0 1 1 0 1 0 0 0 0 0 1 0 0 0 0
150	4	1 1 0 1 0 1 1 1 1 0 0 0 1 0 1 0 0 0 1 0
150	12	1 1 0 1 0 0 1 1 0 0 0 1 0 0 0 1 0 0 0 0
150	9	1 1 1 1 0 1 1 1 0 1 0 0 0 0 1 1 0 0 0 0
150	4	1 1 0 1 0 1 1 1 0 0 0 1 0 0 0 1 0 0 0 0
150	3	1 1 1 1 0 1 1 1 1 0 0 1 1 0 0 1 0 0 1 0
150	12	1 1 1 1 1 1 1 1 1 0 0 0 0 0 0 1 0 0 0 0
150	1	1 1 1 1 0 1 1 0 1 0 0 1 1 0 0 0 0 1 0 0
150	3	1 1 1 1 0 1 1 1 0 1 0 1 0 0 0 1 0 0 0 0
150	17	1 1 1 0 0 1 1 1 1 0 0 1 0 0 0 1 0 0 0 0
150	11	1 1 1 1 0 1 1 1 1 0 0 1 0 0 0 0 0 0 0 0
150	4	1 1 0 1 0 0 0 0 0 0 0 0 0 0 1 1 0 0 0 0
150	13	1 0 1 0 0 1 1 1 0 1 0 0 0 0 0 1 0 0 0 0
150	14	1 1 1 1 0 1 1 1 0 1 0 0 0 0 0 1 0 0 0 1
150	5	1 1 1 1 0 1 1 1 0 1 0 1 0 1 1 1 0 0 0 0
150	24	1 1 1 1 0 0 1 1 0 1 0 0 0 0 0 1 0 0 0 0
150	2	0 0 0 1 0 1 1 1 0 0 0 0 0 0 1 1 0 0 0 0
150	7	1 1 1 1 0 1 1 1 1 0 1 0 0 0 0 1 0 0 0 0
150	4	1 1 0 1 0 1 1 1 0 0 0 0 0 0 1 1 0 0 0 0
150	3	1 1 1 1 0 1 1 1 0 1 0 0 0 0 0 1 0 1 0 0
150	18	1 1 1 1 0 0 1 1 1 0 0 1 1 0 0 1 0 0 0 0
150	1	1 1 1 1 1 1 0 1 0 1 0 0 0 0 1 1 0 0 0 0
150	7	0 0 0 1 0 1 1 1 0 0 0 0 0 1 0 1 0 0 0 0
150	8	1 1 0 1 1 1 1 1 0 0 0 0 0 0 0 0 0 1 0 0
150	9	1 1 1 1 0 1 1 1 1 0 0 0 0 1 0 1 0 0 0 0
150	4	1 1 1 1 0 1 0 1 0 1 0 0 0 0 1 1 0 0 0 0
150	5	1 1 0 1 0 1 1 1 1 0 1 0 0 0 0 1 0 0 0 0
150	1	1 1 1 1 0 1 1 1 1 0 0 1 1 0 1 1 0 0 0 0
150	6	1 1 1 1 0 0 0 0 0 0 0 0 0 0 0 1 0 0 0 0
150	3	0 1 0 1 0 1 1 1 0 0 0 0 0 0 0 0 0 1 0 0
150	1	1 1 1 1 0 0 1 1 0 0 0 0 0 0 1 1 0 0 0 0
150	4	1 1 1 0 0 1 1 1 1 0 0 0 0 0 0 0 0 0 0 0
150	1	1 1 1 1 0 0 1 1 1 0 0 1 0 0 1 1 0 0 0 0
150	6	1 1 0 1 1 1 1 1 0 0 0 0 0 0 0 0 0 0 0 0
150	1	1 1 1 1 1 1 1 1 0 1 0 0 0 0 0 1 0 0 1 0
150	4	1 1 1 1 0 1 1 1 0 1 0 0 0 0 0 1 0 1 0 1
150	2	0 1 1 1 0 1 1 1 1 0 0 1 0 0 0 1 0 0 0 0
150	5	0 1 1 1 0 0 1 1 0 1 0 0 0 0 0 1 0 0 0 0
150	3	1 1 0 1 0 0 0 0 0 0 0 0 0 0 0 1 0 0 0 0
150	2	1 0 0 1 0 1 1 1 0 0 0 0 1 0 0 1 0 0 1 0
150	5	1 1 1 1 0 1 1 1 1 0 0 1 0 0 0 1 0 1 1 0
150	4	0 1 0 1 1 1 1 1 0 1 0 0 0 0 0 1 0 0 1 0
150	5	1 1 0 1 0 1 1 1 0 1 0 0 0 0 0 0 0 1 0 0
150	3	1 1 1 1 0 0 1 1 0 0 0 0 0 0 0 1 0 0 0 0
150	5	1 1 1 1 0 1 1 1 0 0 0 1 1 0 0 1 0 0 0 0
150	6	1 1 1 1 1 1 0 1 0 1 0 0 0 1 0 0 0 0 0 0
150	1	1 1 1 1 0 1 1 0 1 0 1 1 1 0 0 0 0 1 0 0
150	4	1 1 1 0 0 1 1 1 1 0 0 1 0 0 0 0 0 0 0 0
150	4	1 1 0 1 0 0 0 1 0 0 0 0 0 0 0 1 0 0 0 0
150	5	1 1 1 0 0 1 1 1 0 1 0 0 0 0 0 0 0 0 0 0
150	7	1 1 1 1 0 1 1 0 0 1 0 0 0 0 0 1 0 0 0 0
150	1	1 1 0 1 0 1 1 1 1 0 0 0 0 0 0 0 0 1 0 0
150	2	1 1 1 1 0 0 0 0 0 0 0 0 0 0 1 1 0 0 0 0
150	5	1 1 1 1 0 1 1 1 0 0 0 0 0 0 0 1 0 0 1 0
150	1	1 0 1 1 0 0 1 1 0 1 0 0 0 1 0 0 0 0 0 0
150	1	0 1 1 1 0 0 1 1 0 0 0 0 0 0 1 1 0 0 0 0
150	2	0 1 1 1 0 1 1 1 0 1 0 1 0 0 0 1 0 0 0 0
150	1	1 1 1 0 0 0 1 1 0 1 0 0 0 0 0 1 0 0 0 0
150	2	1 0 0 1 0 1 1 1 0 0 0 0 1 1 0 1 0 0 0 0
150	1	1 1 1 1 0 1 0 1 0 1 0 0 0 1 1 1 0 0 0 0
150	1	1 1 1 1 0 1 1 1 1 1 0 0 0 0 0 1 0 1 0 0
150	1	0 1 0 1 0 1 1 1 0 1 0 0 0 0 0 1 0 0 0 0
150	2	1 1 0 1 0 0 0 0 0 0 0 0 0 0 0 0 0 1 0 0
150	2	1 1 1 0 1 1 0 1 0 1 0 0 0 0 0 1 1 0 0 0
150	2	0 1 1 1 0 1 1 1 1 0 0 0 0 0 0 1 1 0 0 0
150	2	1 1 1 1 0 1 1 1 0 0 0 0 0 0 0 0 0 1 0 0
150	2	1 1 0 1 0 1 1 1 1 0 0 0 0 0 1 1 0 0 0 0
150	2	1 1 0 1 0 0 0 0 0 0 1 0 0 0 1 1 0 0 0 1
150	1	1 1 1 1 0 1 1 1 0 1 0 0 0 0 0 1 1 0 0 1
150	2	1 1 1 1 1 1 0 1 0 1 0 1 0 1 0 1 0 0 0 0
200	16	1 1 0 1 0 1 1 1 0 1 0 0 0 0 0 1 0 0 0 0
200	2	1 1 0 1 0 1 1 1 0 0 0 0 0 0 0 0 0 1 0 0
200	88	1 1 1 1 0 1 1 1 0 1 0 0 0 0 0 1 0 0 0 0
200	17	1 1 1 1 0 1 1 1 0 0 0 0 0 0 0 1 0 0 0 0
200	20	1 1 1 1 0 1 1 1 1 0 0 0 0 0 0 1 0 0 0 0
200	1	1 1 1 1 1 1 0 1 0 1 0 0 0 0 0 1 0 0 0 0
200	2	1 1 1 1 0 0 1 1 1 0 0 1 0 0 0 1 0 0 0 0
200	18	1 1 1 1 1 1 1 1 1 0 0 1 0 0 0 1 0 0 0 0
200	3	0 1 0 1 0 1 1 1 1 0 0 0 0 0 0 1 0 0 0 0
200	7	1 1 1 1 0 1 1 1 0 0 0 0 0 0 0 0 0 0 0 0
200	20	1 1 1 1 1 1 1 1 1 0 0 0 0 0 0 1 0 0 0 0
200	1	1 1 1 1 0 1 1 1 0 1 0 0 0 0 0 1 0 0 0 1
200	70	1 1 1 1 0 0 1 1 0 1 0 0 0 0 0 1 0 0 0 0
200	7	1 1 1 1 0 1 1 1 0 1 0 0 0 0 0 1 0 1 0 0
200	10	1 1 1 1 0 0 1 1 0 0 0 0 0 0 0 1 0 0 0 0
200	38	1 1 1 1 0 1 1 1 0 0 0 1 1 0 0 1 0 0 0 0
200	2	1 1 1 1 0 1 1 0 0 1 0 0 0 0 0 1 0 0 0 0
200	1	1 1 1 1 0 1 1 1 0 0 0 0 0 0 0 0 0 1 0 0
200	8	1 1 1 1 0 0 1 1 0 1 0 0 0 0 0 1 0 0 0 1
200	26	1 1 1 1 0 1 1 1 0 0 0 1 0 0 0 1 0 0 0 0
200	1	0 1 0 1 0 0 1 1 0 0 0 0 0 0 0 1 0 0 0 0
200	9	1 1 1 1 0 1 1 1 1 1 1 0 0 0 0 1 0 0 0 0
200	7	1 1 1 1 0 1 1 1 1 0 0 0 0 0 0 1 0 1 0 0
200	26	1 1 1 1 1 1 1 1 0 0 0 1 1 0 0 1 0 0 0 0
200	7	1 0 1 1 0 1 1 1 1 0 0 1 0 0 0 1 0 0 0 0
200	30	1 1 1 1 0 1 1 1 0 1 0 0 0 1 0 1 0 0 0 0
200	6	1 1 1 1 0 0 1 1 0 1 0 0 0 0 0 0 0 0 0 0
200	9	1 0 1 1 1 1 1 1 1 0 0 0 0 0 0 1 1 0 0 0
200	15	1 1 0 1 1 1 1 1 0 0 0 0 0 0 0 1 0 0 0 0
200	2	1 1 1 1 0 1 0 1 1 0 0 1 1 0 0 1 0 0 0 0
200	20	1 1 1 1 1 1 1 1 1 0 0 1 1 0 0 1 0 0 0 0
200	3	1 1 1 1 0 0 0 0 0 1 0 1 0 0 0 1 0 0 0 0
200	9	0 1 1 1 0 1 1 1 0 1 1 0 0 0 0 1 0 1 0 0
200	11	1 1 0 1 0 1 1 1 0 0 0 0 0 0 0 1 0 0 0 0
200	35	1 1 1 1 0 1 0 1 0 1 0 0 0 0 0 1 0 0 0 0
200	12	1 1 1 0 0 1 1 1 0 0 1 0 0 0 0 1 0 0 0 0
200	5	1 1 0 1 0 1 1 1 0 0 0 0 0 0 0 0 0 0 0 0
200	21	0 1 1 1 0 1 1 1 0 0 0 1 1 0 0 1 0 0 0 0
200	24	1 1 0 1 0 1 1 1 0 1 0 0 0 1 0 1 0 0 0 0
200	22	1 1 1 1 0 0 1 1 0 1 1 0 0 0 0 1 0 0 0 0
200	5	1 1 1 0 0 1 1 1 0 0 1 0 0 1 0 1 1 0 0 0
200	10	1 1 1 1 1 1 1 1 1 1 1 0 0 0 0 1 0 0 0 0
200	8	1 1 0 1 1 1 0 1 0 1 0 0 0 0 0 1 0 0 0 0
200	13	1 0 1 1 0 1 1 1 1 1 1 0 0 0 0 1 0 0 0 0
200	2	1 1 1 1 0 0 1 1 0 0 0 0 0 0 0 0 0 0 0 0
200	1	1 0 1 1 0 1 1 1 0 1 0 0 0 0 0 1 0 0 0 0
200	4	1 1 1 1 0 0 0 0 0 1 0 1 0 0 1 1 0 0 0 1
200	10	1 1 0 1 1 0 1 1 0 0 0 0 0 0 0 0 0 0 0 0
200	6	1 1 1 1 0 1 1 1 0 0 0 1 1 0 0 0 0 0 0 0
200	13	1 1 1 1 1 1 1 1 0 0 0 0 0 0 0 1 0 0 0 0
200	4	1 1 1 1 0 1 1 1 0 0 0 0 1 0 0 1 0 0 0 0
200	12	1 1 0 1 0 1 1 1 0 0 0 0 0 0 1 0 0 0 0 0
200	2	0 1 0 0 0 1 1 1 1 0 0 0 0 0 1 1 0 0 0 0
200	8	1 1 1 1 1 1 1 1 0 0 0 1 0 0 0 1 0 0 0 0
200	2	1 0 1 1 1 1 1 1 1 0 0 0 0 0 0 1 0 0 0 0
200	10	1 1 0 1 0 1 1 1 1 1 0 0 0 0 0 1 0 0 0 0
200	7	1 1 1 1 0 1 1 1 0 0 0 1 1 1 0 1 0 0 0 0
200	6	1 1 1 1 0 1 0 0 0 1 0 1 0 0 0 1 0 1 0 0
200	19	1 1 1 1 0 0 1 1 0 0 0 1 1 0 0 1 0 0 0 0
200	13	0 1 1 1 1 1 1 1 0 0 0 1 0 0 0 1 0 0 0 0
200	10	1 1 1 0 1 0 0 0 0 1 0 1 0 0 0 1 0 0 0 0
200	1	1 0 0 1 0 1 1 1 0 1 0 0 0 0 0 1 0 0 0 0
200	1	1 1 1 1 0 0 1 1 0 1 0 0 0 0 0 1 0 1 0 0
200	6	0 1 1 1 1 1 1 1 0 0 0 1 1 0 0 1 0 0 0 0
200	1	1 1 1 1 1 1 1 1 1 0 1 1 0 1 0 1 0 0 0 0
200	5	1 1 1 0 0 1 1 1 0 1 0 0 0 0 0 1 0 0 0 0
200	7	1 1 1 1 0 1 1 1 1 1 0 0 0 0 0 1 0 0 0 0
200	1	1 1 1 1 0 1 1 1 0 1 0 0 0 0 0 0 0 0 0 0
200	15	1 1 1 1 0 0 1 1 1 1 0 0 0 0 0 1 0 0 0 0
200	3	1 1 0 1 0 1 1 1 1 0 0 1 1 0 0 1 0 0 0 0
200	1	1 1 1 1 0 1 1 1 0 1 0 1 0 0 0 1 0 0 0 0
200	1	1 1 1 1 0 1 1 0 0 0 0 0 0 0 0 0 0 0 0 0
200	5	1 1 1 1 0 1 1 1 0 1 0 1 1 0 0 1 0 0 0 0
200	1	1 1 1 1 0 1 1 1 0 0 1 0 0 1 0 1 1 0 0 0
200	1	1 1 1 1 0 1 0 1 0 0 0 0 0 0 0 1 1 0 0 0
200	1	0 1 1 1 1 1 1 1 0 1 1 0 0 0 0 1 0 1 0 0
200	9	0 1 1 1 0 1 1 1 0 0 0 1 1 1 0 1 0 0 0 0
200	3	1 1 1 1 0 0 1 1 0 0 0 1 0 0 0 1 0 0 0 0
200	1	0 1 1 1 0 1 1 1 0 1 0 0 0 0 0 1 0 1 0 0
200	2	1 1 1 1 1 1 1 1 0 1 0 0 0 1 0 1 0 0 0 0
200	1	1 1 1 1 0 1 1 1 0 1 0 0 0 0 0 1 1 0 0 0
200	3	1 1 1 1 0 1 0 1 1 0 0 0 0 0 0 1 0 0 0 0
200	2	1 1 1 1 0 0 0 1 1 0 0 1 0 0 0 1 0 0 0 0
200	8	1 1 0 1 1 1 1 1 0 1 0 0 0 0 0 1 0 0 0 0
200	3	1 1 1 1 0 1 1 1 0 0 0 1 1 0 0 1 0 1 0 0
200	4	0 1 1 1 1 1 1 1 1 0 0 1 1 0 0 1 0 0 0 0
200	4	1 1 1 1 0 0 1 1 0 1 1 0 0 1 0 1 0 0 0 0
200	2	1 1 1 1 0 0 1 0 0 0 0 1 1 0 0 1 0 0 0 0
200	6	1 1 1 1 0 0 1 1 0 1 0 0 0 0 1 1 0 0 0 0
200	2	1 1 1 0 0 1 1 1 0 1 0 0 0 0 0 1 0 0 0 1
200	4	0 1 1 1 0 0 1 1 0 1 0 0 0 0 0 1 0 0 0 0
200	10	1 1 0 1 0 0 1 1 0 0 0 0 0 0 0 1 0 0 0 0
200	1	1 0 1 1 1 1 1 1 1 0 0 1 1 0 0 1 0 0 0 0
200	7	0 1 1 1 0 1 1 1 0 0 0 1 1 1 1 1 0 0 0 0
200	1	1 1 0 1 0 1 1 1 0 0 0 0 1 0 0 1 0 1 0 0
200	1	1 1 1 1 0 1 1 1 1 0 1 0 0 0 0 1 0 0 0 0
200	8	1 1 1 0 0 1 0 1 0 1 0 0 0 0 0 1 0 0 0 0
200	3	1 1 1 0 0 0 1 1 0 1 1 0 0 0 0 1 0 0 0 0
200	5	1 1 0 1 1 1 1 1 1 1 1 0 0 0 0 1 0 0 0 0
200	1	1 1 1 1 0 0 1 1 1 1 0 0 0 1 0 1 0 0 0 0
200	3	0 1 1 1 0 0 1 1 0 1 0 0 0 1 0 1 0 0 0 0
200	1	1 1 0 1 0 1 1 1 0 1 0 0 0 0 1 0 0 0 0 0
200	3	1 1 1 1 0 0 1 1 0 1 0 1 1 0 0 1 0 0 0 0
200	3	1 1 1 1 0 0 1 1 1 0 0 1 1 0 0 1 0 0 0 0
200	4	1 0 1 1 0 1 1 1 0 0 0 1 0 0 0 1 0 0 0 0
200	1	1 0 1 0 1 1 1 1 1 0 0 0 0 0 0 1 1 0 0 0
200	2	0 0 1 1 0 1 1 1 0 1 1 0 0 0 0 1 1 1 0 0
200	4	1 1 1 1 0 1 1 1 0 0 0 0 0 0 1 0 0 0 0 0
200	1	1 1 0 1 0 1 1 1 0 1 0 1 1 0 0 1 0 0 0 0
200	3	1 1 1 1 0 1 1 1 0 0 0 1 0 0 0 1 0 1 0 0
200	2	1 1 1 1 0 0 1 1 0 1 0 0 0 0 1 0 0 0 0 0
200	2	0 1 1 0 0 1 1 1 0 0 0 1 1 0 0 1 0 0 0 0
200	1	1 1 1 0 0 1 1 1 0 1 1 0 0 1 0 1 1 0 0 0
200	8	1 1 1 1 0 1 1 1 0 1 0 1 0 0 0 0 0 0 0 0
200	1	1 1 1 1 0 0 0 1 1 0 0 1 1 0 0 1 0 0 0 0
200	3	1 1 1 1 0 1 1 1 1 0 0 1 0 0 0 1 0 0 0 0
200	4	0 1 1 1 0 1 0 1 0 1 0 0 0 0 0 1 0 0 0 0
200	1	1 1 1 0 0 1 0 1 0 0 0 1 1 0 0 1 0 0 0 0
200	2	1 1 1 1 0 0 1 1 1 1 0 1 0 0 0 1 0 0 0 0
200	2	1 1 1 1 1 0 1 1 1 0 0 0 0 0 0 1 0 0 0 0
200	1	1 1 1 1 0 0 0 1 0 1 0 0 0 0 0 1 0 0 0 0
200	1	1 1 1 1 1 0 1 1 0 0 0 1 1 0 0 1 0 0 0 0
200	1	0 1 1 1 0 1 1 1 0 1 0 0 0 1 0 1 0 0 0 0
200	3	1 1 1 1 0 1 1 1 0 1 1 0 0 1 0 1 0 0 0 0
200	1	1 1 0 1 1 1 1 1 0 0 0 0 0 0 1 1 0 0 0 0
200	1	1 1 1 1 0 0 1 1 0 1 1 0 0 0 0 1 0 0 1 0
200	1	0 1 1 1 0 1 1 1 0 1 0 0 0 0 0 0 0 1 0 0
200	2	1 1 1 1 1 1 1 1 0 0 0 0 0 0 0 1 1 0 0 0
200	1	1 1 1 1 0 0 1 1 0 1 0 1 0 0 0 1 0 0 0 0
250	73	1 1 1 1 0 1 1 1 0 1 0 0 0 0 0 1 0 0 0 0
250	51	1 1 1 1 0 0 1 1 0 1 0 0 0 0 0 1 0 0 0 0
250	20	1 1 1 1 0 0 1 1 0 0 0 0 0 0 0 1 0 0 0 0
250	25	1 1 1 1 0 1 1 1 0 0 0 1 1 0 0 1 0 0 0 0
250	3	1 1 1 1 0 0 1 1 0 1 0 0 0 0 0 1 0 0 0 1
250	4	1 1 1 1 0 1 1 1 0 0 0 1 0 0 0 1 0 0 0 0
250	29	1 1 1 1 1 1 1 1 1 0 0 1 1 0 0 1 0 0 0 0
250	39	1 1 1 1 0 1 0 1 0 1 0 0 0 0 0 1 0 0 0 0
250	7	1 1 0 1 1 0 1 1 0 0 0 0 0 0 0 0 0 0 0 0
250	12	1 1 1 1 1 1 1 1 0 0 0 0 0 0 0 1 0 0 0 0
250	3	1 1 1 1 1 1 1 1 0 0 0 1 0 0 0 1 0 0 0 0
250	25	1 1 1 1 0 1 1 1 0 0 0 1 1 1 0 1 0 0 0 0
250	3	1 1 1 1 0 0 1 1 0 0 0 1 1 0 0 1 0 0 0 0
250	6	1 1 1 0 1 0 0 0 0 1 0 1 0 0 0 1 0 0 0 0
250	17	1 1 1 1 0 0 1 1 1 1 0 0 0 0 0 1 0 0 0 0
250	14	0 1 1 1 0 1 0 1 0 1 0 0 0 0 0 1 0 0 0 0
250	9	1 1 1 1 1 1 1 1 0 0 0 0 0 0 0 0 0 0 0 0
250	20	0 1 1 1 0 1 1 1 0 0 0 0 0 0 0 0 0 0 0 0
250	3	0 1 1 1 0 1 1 1 0 1 1 0 0 0 0 1 0 1 1 0
250	13	1 1 1 1 1 1 1 1 0 1 0 0 0 0 0 1 0 1 0 0
250	9	1 0 1 1 0 1 1 1 0 0 1 0 0 0 0 1 0 0 0 0
250	8	1 1 1 1 0 0 1 0 0 1 0 1 1 0 0 1 0 0 0 0
250	9	1 0 1 1 1 1 1 1 0 0 0 0 0 0 0 1 0 0 0 0
250	10	1 0 1 1 0 1 1 1 0 0 0 0 0 0 0 1 0 0 0 0
250	1	1 1 0 1 1 0 1 1 0 0 0 0 0 0 0 0 1 0 0 0
250	8	1 1 1 1 1 1 1 1 0 1 0 0 0 0 0 1 0 0 0 0
250	11	1 1 0 1 1 0 1 1 0 0 0 0 0 0 0 1 0 0 0 1
250	15	1 1 1 1 0 1 1 1 0 1 0 0 0 0 0 0 0 0 0 0
250	32	1 1 1 1 0 0 1 1 0 0 0 0 0 1 0 1 0 0 0 0
250	3	0 1 1 1 0 1 1 1 0 1 0 1 1 0 0 1 1 0 0 0
250	3	1 1 1 1 1 1 1 1 0 0 0 0 0 0 1 0 0 0 1 0
250	14	1 1 1 1 0 1 1 1 0 1 0 0 0 0 0 1 0 1 0 1
250	4	1 1 1 1 0 1 0 1 0 1 0 0 0 0 0 1 1 0 0 0
250	13	1 1 1 1 0 1 0 1 0 0 0 1 0 0 0 1 0 0 0 0
250	22	1 1 0 0 1 0 1 1 1 0 0 0 0 0 0 0 0 0 0 1
250	16	1 1 1 1 0 0 1 1 0 1 0 0 0 1 0 1 0 0 0 0
250	6	1 1 1 1 0 1 1 1 0 1 0 0 1 0 0 1 0 1 0 0
250	2	1 1 1 1 0 0 1 1 0 0 0 0 0 0 0 0 0 0 0 1
250	1	1 1 0 1 1 0 1 1 0 0 0 0 0 0 0 0 0 0 0 1
250	10	1 1 1 1 0 1 1 1 1 0 0 1 1 1 0 1 0 0 0 0
250	3	1 1 1 1 0 1 1 1 0 1 0 0 0 1 0 1 0 0 1 0
250	1	1 1 1 1 1 0 1 1 0 1 0 0 0 0 0 1 0 0 0 1
250	11	1 0 1 1 0 1 1 1 0 0 0 0 0 0 0 0 0 0 0 1
250	3	1 1 1 1 0 0 1 1 0 0 0 1 1 1 0 1 0 0 0 1
250	1	1 1 1 1 0 0 1 1 0 0 0 0 0 0 0 0 0 0 0 0
250	3	1 1 1 1 0 1 0 1 0 1 0 0 0 0 0 0 0 0 0 0
250	8	1 0 1 1 0 1 1 1 0 0 0 1 0 0 0 1 0 0 0 0
250	8	1 1 1 1 1 1 1 1 1 1 0 0 0 0 0 1 0 0 0 0
250	21	0 1 1 1 1 1 0 1 0 1 0 0 0 0 0 1 0 0 0 0
250	14	1 1 1 1 0 1 1 1 0 0 0 0 0 0 0 1 0 0 0 1
250	8	1 1 1 0 0 0 1 1 0 0 0 0 0 0 0 1 0 0 0 0
250	9	1 1 0 1 1 0 0 1 0 0 0 0 0 0 0 1 0 0 0 1
250	6	1 1 1 1 0 1 1 1 1 0 0 1 0 0 0 1 0 1 0 0
250	1	1 1 1 0 0 1 0 1 0 1 0 0 0 0 0 1 0 0 0 0
250	5	0 1 1 1 1 1 1 1 0 1 0 0 0 0 0 1 0 0 0 0
250	3	1 1 1 0 0 1 1 1 0 1 0 0 0 0 0 1 0 0 0 0
250	1	1 0 1 1 0 1 1 1 0 0 0 1 1 0 0 1 0 0 0 0
250	13	1 1 1 1 1 1 1 1 0 1 0 1 0 0 0 1 0 0 0 0
250	8	1 1 0 1 1 0 1 1 0 0 0 1 1 0 0 1 0 0 0 0
250	3	1 1 1 1 1 1 1 1 0 0 0 0 0 1 0 0 0 0 0 0
250	40	1 1 1 1 0 1 0 1 0 1 0 0 0 0 1 1 1 0 0 0
250	2	0 1 1 0 0 1 0 1 0 0 0 1 1 1 0 1 0 0 0 0
250	7	1 1 1 1 0 1 1 1 0 1 0 0 0 0 0 1 0 0 0 1
250	15	1 1 1 1 0 1 1 1 0 0 0 0 0 0 0 0 0 0 0 0
250	10	1 1 1 1 0 0 1 1 0 1 0 0 0 0 0 0 0 0 0 0
250	3	1 1 1 1 0 0 0 1 0 0 0 1 1 0 0 1 0 0 0 0
250	1	0 1 1 1 0 1 1 1 0 1 0 1 1 1 0 1 1 0 0 0
250	1	1 1 1 1 0 0 1 1 0 1 0 0 1 1 0 1 0 0 0 0
250	1	1 1 1 1 0 0 1 1 0 1 0 0 0 1 0 1 0 1 0 0
250	9	1 1 1 1 1 1 1 1 1 0 0 1 0 0 0 1 0 0 0 0
250	3	1 1 1 1 0 1 0 1 0 1 0 0 0 0 0 1 0 1 0 0
250	12	0 1 1 1 0 1 1 1 0 0 0 0 0 0 0 1 0 0 0 0
250	5	1 1 1 1 0 0 0 1 0 1 0 0 0 0 0 1 0 0 0 0
250	7	1 1 1 1 0 1 1 1 1 0 0 1 1 0 0 1 0 0 0 0
250	5	1 0 1 1 0 0 1 1 0 0 0 1 1 0 0 1 0 0 0 0
250	1	1 1 1 1 0 0 1 0 0 1 0 1 1 0 1 1 0 0 0 0
250	22	1 1 1 1 0 1 0 1 1 0 0 1 1 1 0 1 0 0 0 0
250	5	1 1 1 1 1 1 1 1 1 0 0 1 1 0 0 1 0 0 0 1
250	8	1 1 1 1 0 1 1 1 0 1 0 0 0 1 0 1 0 0 0 0
250	1	1 1 1 1 0 0 1 1 0 0 1 0 0 0 0 0 0 0 0 0
250	3	1 1 1 1 1 1 1 1 0 1 0 0 0 0 0 0 0 0 0 0
250	1	1 1 1 1 0 0 1 1 0 1 0 0 0 0 1 1 0 0 0 0
250	11	1 1 1 1 0 0 1 1 1 1 0 0 0 0 0 1 1 0 0 0
250	5	0 1 1 1 0 0 1 1 1 1 0 0 0 0 0 1 0 0 0 0
250	1	1 1 1 1 1 0 0 1 1 0 0 0 0 0 0 0 0 0 0 1
250	7	0 1 1 1 1 1 1 1 0 1 1 0 0 0 0 1 1 0 0 0
250	8	1 0 1 1 0 1 1 1 0 0 0 0 0 0 0 1 0 0 0 1
250	4	1 1 0 1 1 0 1 1 0 0 0 1 0 0 0 0 0 0 0 0
250	4	1 1 1 1 1 1 1 1 0 0 0 1 1 1 0 1 0 0 0 0
250	2	1 0 1 1 0 1 1 1 0 0 0 1 1 0 0 1 1 0 0 0
250	4	1 1 1 1 1 1 1 1 0 0 0 1 1 0 0 1 0 0 0 0
250	2	1 1 1 1 0 1 1 1 0 1 0 0 0 0 0 1 0 1 0 0
250	1	1 1 1 1 0 1 1 1 0 1 0 0 1 0 0 1 0 0 0 0
250	2	1 1 1 1 0 1 1 1 0 1 0 0 0 0 1 1 1 0 0 0
250	3	1 1 1 1 0 1 0 1 0 1 0 1 0 0 0 1 0 0 0 0
250	3	0 1 1 1 0 1 1 1 0 1 0 0 0 0 0 1 0 0 0 0
250	4	1 1 1 1 0 0 1 1 0 1 1 0 0 0 0 1 0 0 0 0
250	9	1 1 1 1 1 1 1 1 0 1 0 0 0 0 1 1 0 1 0 0
250	4	1 0 1 0 0 1 1 1 0 0 1 0 0 0 0 1 0 0 0 0
250	1	1 1 1 1 0 0 1 0 0 1 1 1 1 0 1 1 0 0 0 0
250	2	1 1 1 1 0 1 1 0 0 1 0 0 0 0 0 1 0 0 0 0
250	1	1 1 1 1 0 0 1 1 0 1 0 0 1 0 0 1 0 0 0 0
250	3	1 1 1 1 0 0 1 0 0 1 0 0 0 0 0 1 0 0 0 0
250	3	0 1 1 1 0 0 1 1 0 0 0 0 0 0 0 0 0 0 0 0
250	3	1 1 1 1 0 1 1 1 0 1 0 0 0 0 0 1 1 1 0 1
250	2	1 1 0 1 1 0 1 1 0 0 0 0 0 0 1 0 0 0 0 1
250	1	1 1 1 1 0 1 1 1 0 1 0 0 0 0 1 1 0 0 0 1
250	1	1 1 1 1 0 0 1 1 1 1 0 0 0 0 0 0 1 0 0 0
250	2	1 0 1 1 1 1 1 1 0 0 0 0 0 0 0 0 0 0 0 0
250	2	1 1 1 1 0 1 1 1 0 0 0 1 1 1 0 1 1 0 0 0
250	5	1 1 1 1 0 0 1 1 1 1 0 0 0 0 0 1 0 1 0 0
250	4	1 1 1 1 1 1 1 1 1 0 0 0 0 0 0 0 0 0 0 0
250	2	0 1 1 1 0 1 0 1 0 0 0 0 0 0 0 0 0 0 0 0
250	1	1 1 1 1 0 1 0 1 0 0 0 1 0 0 0 1 1 0 0 0
250	2	1 1 1 1 1 1 1 1 0 0 0 0 0 1 0 0 0 0 0 1
250	2	1 1 1 1 0 1 0 1 0 1 1 0 0 0 1 1 1 0 0 0
250	1	1 1 1 1 1 0 1 1 1 0 0 1 0 0 0 1 0 0 0 0
250	2	0 1 1 1 0 0 1 1 1 1 0 0 0 0 1 1 0 0 0 0
250	1	1 1 0 1 1 0 1 1 0 0 0 1 0 0 0 1 0 0 0 0
250	1	1 1 1 1 1 1 1 1 0 1 1 0 0 0 0 1 1 0 0 0
250	3	1 1 1 1 0 1 1 1 0 0 0 0 0 0 0 1 0 0 0 0
250	1	1 1 0 1 0 1 0 1 0 1 0 0 0 0 0 1 0 0 0 0
250	1	1 1 1 1 0 0 1 1 1 1 0 0 0 0 0 0 0 0 0 0
250	1	0 1 1 1 0 0 1 0 0 1 0 1 1 0 0 1 0 0 0 0
250	2	1 0 1 1 0 1 0 1 0 0 0 1 0 0 0 1 0 0 0 0
250	2	1 1 1 1 0 0 1 1 1 0 0 1 1 1 0 1 0 0 0 0
250	2	1 1 1 1 0 1 1 1 0 0 0 0 0 0 0 0 0 0 0 1
250	2	1 1 1 1 0 0 0 1 0 0 0 1 1 0 0 0 0 0 0 0
250	1	0 1 1 1 0 1 1 1 0 0 0 0 1 0 0 1 0 0 0 0
250	3	1 1 1 1 1 1 1 1 1 0 0 1 1 0 0 1 0 0 1 1
250	1	1 1 1 1 1 1 1 1 0 1 0 1 1 1 0 1 0 0 0 0
300	10	1 1 1 1 0 1 1 1 0 1 0 0 0 0 0 1 0 0 0 0
300	12	1 1 1 1 0 1 1 1 0 0 0 1 1 0 0 1 0 0 0 0
300	38	1 1 1 1 1 1 1 1 1 0 0 1 1 0 0 1 0 0 0 0
300	16	1 1 1 1 0 1 1 1 0 0 0 1 1 1 0 1 0 0 0 0
300	6	1 1 1 1 1 1 1 1 0 1 0 0 0 0 0 1 0 1 0 0
300	1	1 1 1 1 0 0 1 0 0 1 0 1 1 0 0 1 0 0 0 0
300	9	1 0 1 1 0 1 1 1 0 0 0 0 0 0 0 1 0 0 0 0
300	43	1 1 1 1 0 1 1 1 0 1 0 0 0 0 0 0 0 0 0 0
300	21	1 1 1 1 0 0 1 1 0 1 0 0 0 1 0 1 0 0 0 0
300	7	1 1 1 1 1 1 1 1 1 1 0 0 0 0 0 1 0 0 0 0
300	27	0 1 1 1 1 1 0 1 0 1 0 0 0 0 0 1 0 0 0 0
300	32	1 1 1 1 0 1 1 1 0 0 0 0 0 0 0 1 0 0 0 1
300	3	1 1 1 1 0 1 0 1 0 1 0 0 0 0 1 1 1 0 0 0
300	19	1 1 1 1 0 1 1 1 0 0 0 0 0 0 0 0 0 0 0 0
300	2	1 1 1 1 0 0 0 1 0 1 0 0 0 0 0 1 0 0 0 0
300	12	1 1 1 1 0 1 0 1 1 0 0 1 1 1 0 1 0 0 0 0
300	22	1 1 1 1 1 1 1 1 0 0 0 1 1 1 0 1 0 0 0 0
300	75	0 1 1 1 0 1 0 1 0 0 0 0 0 0 0 0 0 0 0 0
300	38	1 0 1 1 0 1 0 1 0 0 0 1 0 0 0 1 0 0 0 0
300	2	1 1 1 1 0 0 1 1 0 0 0 0 0 0 0 1 1 0 0 0
300	6	1 1 0 1 1 0 1 1 0 0 0 0 0 0 0 0 0 1 0 0
300	7	0 1 1 1 0 1 0 1 0 1 0 0 0 0 1 1 1 0 0 0
300	5	0 1 1 1 0 1 1 1 0 1 0 0 0 0 0 1 0 1 0 0
300	17	1 1 1 1 0 1 1 1 0 0 0 0 0 0 0 1 0 0 0 0
300	14	1 1 1 1 1 0 1 1 0 1 0 0 0 0 0 0 0 1 0 0
300	5	1 1 1 1 0 1 1 1 0 1 0 0 0 0 0 1 1 0 0 0
300	6	1 1 1 1 0 0 1 1 0 1 0 1 1 1 1 1 0 0 0 0
300	2	1 1 1 1 1 1 1 1 0 1 0 0 0 0 0 1 0 1 0 1
300	5	1 1 1 1 0 1 0 1 1 0 1 1 1 1 0 1 0 0 0 0
300	5	1 1 0 1 1 1 0 1 0 0 0 0 0 0 0 1 0 0 0 0
300	25	1 1 1 1 1 0 0 1 0 1 0 0 0 0 0 1 0 1 0 0
300	22	1 1 0 1 1 1 1 1 0 0 0 0 0 0 0 0 0 0 0 0
300	31	1 1 0 1 1 0 1 1 0 0 0 1 1 0 1 1 0 0 0 0
300	5	1 1 1 1 0 1 1 1 0 1 0 0 0 0 0 1 1 1 0 0
300	2	1 1 0 1 1 0 0 1 0 0 0 1 1 0 0 1 0 0 0 0
300	24	1 1 1 1 0 0 1 1 1 0 0 0 0 0 0 1 1 0 0 0
300	22	1 1 1 1 0 0 1 1 0 1 0 0 0 0 1 1 1 0 0 0
300	2	1 1 1 1 0 1 0 1 0 1 0 0 0 0 0 1 1 0 0 0
300	13	1 1 1 1 1 1 0 1 0 0 0 0 0 0 0 1 0 0 0 0
300	8	0 1 1 1 0 1 1 1 0 0 0 0 1 0 0 1 0 0 0 0
300	3	1 1 1 1 0 0 1 1 0 1 0 0 0 0 0 0 0 0 0 0
300	9	0 0 1 1 0 1 1 1 0 0 0 1 1 1 0 1 0 1 0 0
300	9	1 1 0 1 1 1 1 1 0 1 0 0 0 0 1 1 1 0 0 0
300	2	0 1 1 1 0 1 1 1 0 0 0 0 0 0 0 0 0 0 0 1
300	2	1 1 0 0 0 1 0 1 1 0 0 1 0 0 1 1 0 0 0 0
300	12	1 1 1 1 0 0 1 0 0 1 0 1 1 1 0 1 0 0 0 0
300	12	1 1 1 1 0 0 1 1 0 0 0 1 1 0 0 1 0 0 0 0
300	6	1 0 1 1 0 1 0 1 0 0 1 1 0 0 0 1 0 0 0 0
300	4	1 1 0 1 0 0 1 1 0 0 0 0 0 0 0 0 0 0 0 0
300	2	1 1 1 1 0 0 1 1 0 0 0 1 0 0 0 1 1 0 0 0
300	1	1 1 1 1 0 0 1 1 1 0 0 0 0 0 1 1 1 0 0 0
300	7	0 1 1 1 0 1 1 1 0 0 0 0 0 0 0 0 0 0 0 0
300	5	1 0 1 1 0 1 0 1 0 1 0 0 0 0 0 1 0 0 0 0
300	2	0 1 1 1 0 1 1 1 1 1 1 0 0 0 0 1 0 0 0 0
300	5	1 1 0 1 1 1 0 1 0 0 0 0 0 0 0 1 0 0 0 1
300	19	1 1 1 1 1 0 0 1 0 1 0 0 0 0 0 1 0 0 0 0
300	2	1 1 1 1 0 0 1 1 1 1 0 0 1 0 0 1 1 0 0 0
300	2	1 1 1 1 0 0 1 0 0 1 1 1 1 0 0 1 0 0 0 0
300	3	1 1 1 1 1 1 1 1 0 1 0 0 0 1 0 1 0 1 0 1
300	1	1 1 1 1 0 1 0 1 0 0 0 0 1 0 0 1 0 0 0 0
300	7	1 1 0 1 1 1 0 1 1 0 0 0 0 0 0 1 0 0 0 0
300	20	0 1 1 1 1 1 0 1 0 0 0 1 1 1 0 1 0 0 0 0
300	1	1 1 0 1 1 1 0 1 0 0 0 1 1 0 0 1 0 0 0 0
300	3	1 1 1 1 0 0 1 1 0 1 0 0 0 1 0 1 0 0 0 1
300	5	0 1 1 1 0 1 0 1 0 0 0 0 0 0 0 0 0 0 0 1
300	6	1 1 1 1 0 0 1 1 0 0 0 1 1 0 0 1 0 0 0 1
300	9	1 1 1 1 0 0 0 1 1 0 0 0 0 0 1 1 1 0 0 0
300	13	1 0 0 1 1 0 1 1 0 0 0 1 1 0 1 1 0 0 0 0
300	12	0 1 1 1 1 1 0 1 0 1 0 0 0 0 0 0 0 0 0 0
300	9	0 1 0 1 1 1 0 1 0 1 0 0 0 0 0 1 0 0 0 0
300	4	1 1 1 1 0 0 1 0 0 1 0 0 0 0 0 1 1 0 0 0
300	5	1 1 1 1 0 1 1 1 0 0 0 0 0 1 0 1 0 0 0 0
300	3	1 1 1 1 0 1 1 1 1 0 0 1 1 0 1 1 1 0 0 0
300	3	0 0 1 1 0 1 1 1 0 0 0 0 0 0 0 0 0 0 0 0
300	3	1 1 1 1 0 0 1 1 1 1 0 0 0 1 0 1 0 0 0 0
300	4	1 1 1 1 1 1 1 0 0 1 0 0 0 0 0 1 0 1 0 1
300	4	1 1 1 1 1 1 1 1 0 0 0 0 0 0 0 1 0 0 0 0
300	1	1 1 1 1 0 1 1 1 0 1 0 0 0 0 0 1 0 0 0 1
300	6	0 1 1 1 1 1 1 1 0 0 0 0 0 0 0 0 0 0 0 0
300	2	1 1 1 1 1 1 0 1 0 1 0 0 0 0 0 1 0 1 0 0
300	2	1 1 1 1 0 1 1 0 0 0 0 0 0 0 0 1 0 0 0 1
300	2	1 0 1 1 0 1 0 1 0 0 0 1 0 0 0 1 0 1 0 0
300	14	1 1 1 1 1 0 1 1 0 1 0 0 0 0 0 0 1 1 0 0
300	11	1 1 0 1 1 1 0 1 0 0 0 1 0 0 0 1 0 0 0 0
300	1	1 1 1 1 0 1 1 0 0 1 0 1 1 1 0 1 0 0 0 0
300	5	1 1 1 1 1 1 0 1 0 1 0 0 0 0 0 1 0 0 0 1
300	2	0 1 1 1 0 1 1 1 0 0 0 1 1 1 0 1 0 0 0 0
300	1	1 1 1 1 1 0 1 0 0 1 0 1 1 0 0 1 0 0 0 0
300	2	1 1 1 0 0 1 1 1 0 1 0 0 0 0 0 0 0 0 0 0
300	7	0 1 1 1 1 1 0 1 0 1 1 0 0 0 0 1 0 0 0 0
300	1	0 1 1 1 0 1 1 1 0 1 0 0 0 0 0 1 1 0 0 0
300	5	0 1 1 1 0 1 0 1 0 0 0 1 1 0 1 1 0 0 0 0
300	1	1 1 1 1 1 0 1 1 0 1 0 0 0 0 0 1 0 1 0 0
300	2	1 1 1 1 1 0 1 1 0 1 0 1 0 0 0 0 0 0 0 0
300	8	1 1 1 1 0 0 1 1 0 0 0 0 0 0 1 1 1 0 0 0
300	2	1 1 1 1 0 0 1 1 0 0 0 0 0 0 0 0 0 0 0 0
300	4	1 1 1 1 0 0 1 0 0 1 1 1 1 0 0 1 0 0 0 1
300	1	1 1 1 1 1 1 0 1 0 0 0 1 1 1 0 1 0 0 0 0
300	1	1 1 1 1 1 1 1 1 0 1 0 0 0 0 0 0 0 1 0 0
300	4	1 1 1 1 0 0 1 1 0 1 0 0 0 1 0 1 0 1 0 0
300	1	1 1 1 1 0 1 0 1 0 1 0 0 0 0 1 1 0 0 0 0
300	4	1 0 1 1 0 1 0 1 0 0 0 1 0 0 1 1 0 0 0 0
300	2	1 1 0 1 1 0 0 1 0 0 0 1 0 0 0 1 0 0 0 0
300	1	1 1 1 1 0 1 1 1 0 1 0 0 0 1 0 1 0 1 0 1
300	1	1 1 1 1 0 0 0 0 1 0 0 0 0 0 1 1 1 0 0 0
300	2	1 1 1 1 0 0 1 1 0 1 0 0 0 0 0 1 1 0 0 0
300	1	0 1 1 1 1 1 0 1 0 1 0 0 1 0 0 1 0 0 0 1
300	1	0 1 1 1 1 0 1 1 0 1 0 1 1 1 1 1 0 0 0 0
300	2	1 1 0 1 1 0 0 1 0 0 0 1 1 0 0 1 0 1 0 0
300	2	1 1 1 1 0 0 1 1 1 0 0 0 0 0 0 1 0 0 0 0
300	1	1 1 0 1 1 1 0 1 0 1 0 0 0 0 0 1 0 0 0 0
300	2	1 1 1 1 0 0 1 1 0 1 0 0 0 0 0 0 0 1 0 0
300	4	1 1 1 1 1 1 1 1 0 1 0 0 0 0 0 1 0 0 0 1
300	4	1 1 1 1 0 1 1 1 0 1 0 0 0 1 0 1 0 0 0 1
300	1	1 1 1 1 0 1 1 1 0 1 0 0 0 0 0 1 0 1 0 0
300	1	1 1 0 1 1 1 0 1 0 1 0 0 0 0 0 0 0 1 0 0
300	1	1 1 1 1 0 0 1 1 0 1 0 1 1 1 1 1 0 1 0 0
300	3	1 1 1 1 0 1 1 1 0 0 0 0 0 0 0 1 1 1 0 0
300	1	1 1 0 1 1 1 0 1 0 0 0 0 0 0 1 1 0 0 0 1
300	3	0 1 1 1 1 1 0 1 0 0 0 1 1 1 0 1 0 0 0 1
300	1	0 1 1 1 1 1 0 1 0 0 0 0 0 0 0 0 0 0 0 0
300	1	1 1 1 1 0 0 1 0 0 1 0 0 0 0 0 1 1 0 0 1
300	3	1 1 1 1 0 0 1 0 0 1 1 1 0 0 0 1 0 0 0 1
300	1	1 1 1 1 0 1 0 1 1 0 0 1 0 0 1 1 0 0 0 0
300	1	1 1 1 1 0 0 1 1 0 1 0 0 0 0 0 1 0 0 0 0
300	2	1 1 1 1 0 1 1 1 0 0 0 1 0 0 0 1 0 0 0 0
300	1	1 1 1 1 0 1 1 1 0 0 0 0 0 0 0 0 0 0 0 1
300	1	1 0 1 1 0 0 1 1 0 0 0 0 0 0 1 1 1 0 0 0
300	1	1 1 1 1 0 0 1 1 0 1 0 0 0 1 0 0 0 0 0 0
300	3	1 1 0 1 1 1 0 1 0 0 0 0 0 0 1 1 1 0 0 0
300	2	1 1 0 1 1 0 1 1 0 0 0 0 1 0 0 1 0 0 0 0
300	1	0 1 1 1 1 0 1 1 0 1 0 0 0 0 0 0 0 1 0 0
300	1	1 1 0 1 1 1 1 1 0 1 0 0 0 0 0 1 0 0 0 0
300	1	1 1 0 1 1 1 0 1 0 0 0 0 0 0 0 0 0 0 0 0
300	1	1 1 1 1 0 0 1 1 0 0 0 1 1 0 1 1 0 0 0 0
300	1	0 1 1 1 1 1 1 1 1 0 0 1 1 0 0 1 0 0 0 0
300	1	1 1 1 1 0 1 0 1 0 0 0 1 0 0 0 1 0 0 0 0
300	1	1 1 1 1 1 0 1 1 0 1 0 0 0 1 0 0 0 1 0 0
300	1	1 1 1 1 0 0 1 1 0 1 0 1 1 1 1 1 0 0 1 0
300	2	1 1 0 1 1 1 1 1 0 1 0 0 0 0 0 0 0 0 0 0
300	2	1 1 1 0 0 0 1 1 0 1 0 0 0 0 1 1 1 0 0 0
300	2	1 1 0 1 0 0 1 1 0 0 0 1 1 0 0 1 0 0 0 0
300	3	0 1 1 1 1 1 0 1 0 0 0 1 1 1 0 1 0 1 0 0
300	1	1 1 0 1 1 1 0 1 0 0 0 1 1 0 0 1 1 0 0 0
300	2	1 1 1 1 0 1 0 1 0 1 1 0 0 0 1 1 0 0 0 0
350	36	1 1 1 1 0 1 1 1 0 1 0 0 0 0 0 0 0 0 0 0
350	11	1 1 1 1 1 1 1 1 0 0 0 1 1 1 0 1 0 0 0 0
350	36	1 1 0 1 1 0 1 1 0 0 0 1 1 0 1 1 0 0 0 0
350	17	1 1 1 1 0 0 1 1 0 1 0 0 0 0 0 0 0 0 0 0
350	5	1 1 1 1 0 0 1 1 0 0 0 1 1 0 0 1 0 0 0 0
350	11	1 0 0 1 1 0 1 1 0 0 0 1 1 0 1 1 0 0 0 0
350	50	0 1 0 1 1 1 0 1 0 1 0 0 0 0 0 1 0 0 0 0
350	1	1 1 1 1 0 1 1 1 0 1 0 0 0 0 0 1 0 1 0 0
350	9	1 1 1 1 0 0 1 1 0 1 0 0 0 1 0 0 0 0 0 0
350	11	1 1 1 1 0 0 0 1 1 0 0 0 0 0 1 1 0 0 0 0
350	3	0 1 1 1 0 0 1 1 0 1 0 0 0 0 0 1 0 1 0 0
350	21	1 1 1 1 0 1 0 1 0 1 0 0 0 0 0 1 0 0 0 0
350	82	1 1 1 1 0 1 1 1 1 0 0 1 1 1 0 1 0 0 0 0
350	13	1 1 1 1 0 0 1 1 0 1 0 0 0 0 0 1 0 0 0 0
350	20	0 1 1 1 0 1 1 1 0 1 0 0 0 0 0 0 0 0 0 0
350	3	0 1 1 1 0 1 1 1 0 1 0 0 0 1 0 1 0 0 0 0
350	9	0 1 1 1 1 1 1 1 1 0 0 1 1 0 0 1 0 0 0 0
350	1	0 1 1 1 0 0 1 1 1 0 0 0 0 0 0 1 1 0 1 0
350	3	1 1 1 1 0 1 0 1 0 0 0 1 1 1 0 1 0 0 0 0
350	19	1 0 0 1 1 0 1 1 0 1 1 0 0 1 0 1 0 0 0 0
350	29	1 1 1 1 0 0 1 1 0 1 0 0 0 1 0 1 0 0 1 0
350	12	0 1 1 1 0 1 0 1 0 0 0 1 1 0 0 1 0 0 0 0
350	3	1 1 0 1 0 1 1 1 0 1 0 0 0 0 0 0 0 0 0 1
350	4	1 1 1 1 0 0 1 1 0 1 0 0 1 0 1 1 0 0 0 0
350	3	1 1 1 1 0 1 0 0 0 1 0 1 0 0 0 0 0 0 0 0
350	13	1 1 1 1 0 1 1 1 0 1 0 0 0 0 0 0 1 0 0 0
350	5	1 0 0 1 1 0 1 1 0 0 0 1 1 0 1 1 0 1 0 0
350	25	0 1 1 1 1 1 1 1 0 0 0 0 0 0 0 0 0 0 0 0
350	20	1 1 1 1 0 1 1 1 0 1 0 0 0 0 1 1 0 0 0 0
350	16	1 1 1 1 1 0 1 1 0 1 1 0 0 1 0 1 0 0 0 0
350	16	1 1 0 1 1 1 0 1 0 1 0 0 1 1 0 1 0 0 0 0
350	6	1 0 1 1 0 0 1 1 0 1 0 0 0 0 0 0 0 0 0 0
350	5	1 0 1 1 0 1 0 1 0 0 0 0 0 0 0 0 0 0 0 0
350	11	1 1 1 1 0 1 0 1 0 0 0 0 0 0 0 1 1 0 0 0
350	14	1 1 1 1 0 1 1 1 0 1 0 0 0 1 0 0 0 0 0 0
350	12	0 1 0 1 1 0 1 1 0 0 1 1 1 0 1 1 0 0 0 0
350	4	0 1 1 1 1 0 1 1 1 0 1 0 0 0 0 1 1 0 0 0
350	2	1 1 1 1 0 1 1 1 0 0 0 0 0 0 0 0 1 0 0 0
350	10	1 0 1 1 0 0 1 1 0 1 0 0 0 1 0 1 0 0 0 0
350	25	0 1 1 1 0 0 1 1 0 1 0 0 0 0 1 1 0 0 0 0
350	9	1 1 0 1 1 0 1 1 0 1 0 0 0 0 1 1 1 0 0 0
350	4	1 1 1 1 0 0 0 1 0 1 0 0 0 0 0 1 0 0 0 0
350	2	0 1 1 1 0 1 1 1 0 0 0 1 1 0 1 1 0 0 0 0
350	6	1 1 0 1 0 0 0 1 1 0 0 0 0 0 1 1 0 0 0 0
350	9	0 1 1 1 0 1 0 1 0 0 0 0 0 0 0 1 0 0 0 0
350	1	0 1 1 1 0 1 1 1 0 0 0 1 1 0 1 1 1 0 0 0
350	7	1 0 1 1 1 1 1 1 1 0 0 1 1 1 0 1 0 0 0 0
350	14	1 1 1 1 0 1 1 0 0 1 0 1 0 0 0 0 0 0 0 0
350	1	0 1 1 1 0 0 1 1 1 0 1 0 0 0 0 1 0 1 0 0
350	4	0 1 1 1 0 0 1 1 0 0 0 0 0 0 0 1 0 1 0 0
350	2	1 1 1 1 0 1 0 0 0 0 0 1 0 0 0 0 0 0 0 0
350	4	0 1 1 0 0 1 1 1 0 1 0 0 0 1 0 1 0 0 0 0
350	5	1 1 0 1 1 0 1 1 0 0 0 0 0 0 0 0 0 0 0 0
350	2	1 1 1 1 0 0 1 1 0 0 1 1 1 0 1 1 0 0 0 0
350	3	1 1 1 1 0 0 1 1 0 1 0 0 1 0 0 0 0 0 0 0
350	9	1 1 0 1 1 1 1 1 0 1 1 0 0 1 0 1 0 0 0 0
350	1	1 1 1 1 0 0 1 1 0 1 0 0 1 0 1 1 1 0 0 0
350	4	1 1 1 1 0 1 0 1 0 1 0 0 0 0 0 0 0 0 0 0
350	6	1 1 0 1 1 0 1 1 0 0 0 0 1 0 1 1 0 0 0 0
350	1	1 1 0 1 1 1 0 0 0 1 0 0 1 1 0 1 0 0 0 0
350	4	1 0 1 1 0 1 0 1 0 0 0 1 0 0 0 0 0 0 0 0
350	3	0 1 1 1 0 1 0 1 1 0 0 0 0 0 0 1 0 1 0 0
350	9	1 1 0 1 1 1 1 1 0 1 1 0 0 0 0 0 1 0 0 0
350	3	1 1 0 1 1 0 1 1 0 1 0 0 0 0 1 1 0 0 0 0
350	18	1 1 1 1 1 1 1 1 1 0 0 0 1 0 0 1 0 0 0 0
350	6	1 0 1 1 0 0 1 1 0 1 0 0 0 1 0 0 0 0 0 0
350	1	0 1 0 1 1 1 0 1 0 1 0 0 0 0 1 0 0 0 0 0
350	6	1 1 1 1 0 1 0 1 0 0 0 1 1 0 1 1 1 0 0 0
350	19	0 1 1 1 1 1 0 1 0 1 0 0 0 0 0 1 0 0 0 0
350	5	1 1 0 1 1 1 0 1 0 1 0 0 1 1 0 0 0 0 0 0
350	4	0 1 1 1 1 1 1 1 0 0 0 0 0 0 1 1 0 0 0 0
350	10	0 1 0 1 1 1 0 1 0 1 0 0 0 0 0 0 0 0 0 0
350	9	1 0 0 0 1 0 1 1 0 1 1 0 0 1 0 1 0 0 0 0
350	9	1 1 1 1 0 0 1 1 0 1 0 0 0 1 0 1 0 1 1 0
350	7	1 1 1 0 0 1 1 0 0 1 0 1 0 0 0 0 0 0 0 0
350	7	1 1 0 1 1 0 1 0 0 0 0 0 1 0 1 1 0 0 0 0
350	13	0 1 0 1 1 1 1 1 0 0 0 0 0 0 0 0 0 0 0 0
350	5	1 1 1 1 0 0 1 1 0 1 0 1 1 0 0 1 0 0 0 0
350	7	0 1 0 1 1 1 0 1 0 1 0 0 0 1 0 1 0 0 0 0
350	7	1 1 0 1 1 1 0 1 0 1 1 0 1 1 0 1 0 0 0 0
350	16	1 1 1 1 0 0 1 1 0 1 0 0 0 0 1 1 0 0 0 0
350	1	0 1 1 1 1 0 1 1 1 0 1 0 0 0 0 1 0 0 0 0
350	8	1 1 0 1 0 1 1 1 0 1 0 0 0 0 0 0 0 0 0 0
350	2	1 1 1 1 0 0 1 1 0 1 0 0 1 0 1 1 0 0 1 0
350	3	0 1 1 1 1 1 1 1 0 0 0 0 0 0 0 1 0 0 0 0
350	11	0 1 0 1 1 0 1 1 0 0 1 1 1 0 1 0 0 0 0 0
350	3	0 1 1 1 1 1 1 1 1 0 0 0 0 0 1 1 0 0 0 0
350	4	1 0 0 1 1 0 1 1 0 1 0 0 1 0 1 1 0 0 0 0
350	2	1 1 1 1 0 0 1 1 1 0 0 1 1 1 0 1 0 0 0 0
350	2	1 0 1 1 1 1 1 1 0 0 1 0 0 1 0 1 0 0 0 0
350	6	0 1 1 1 1 1 1 1 0 0 0 0 0 0 0 0 0 0 0 1
350	6	1 1 0 1 0 0 0 1 1 0 0 0 0 0 0 1 0 0 0 0
350	11	1 0 0 1 1 0 1 1 0 0 0 0 1 0 1 1 0 0 0 0
350	3	1 1 1 1 0 0 0 1 1 0 0 0 0 0 0 0 0 1 0 0
350	2	1 1 0 1 1 0 1 1 0 0 0 1 1 0 1 1 0 1 0 0
350	3	1 1 1 1 0 1 0 1 0 0 0 0 0 0 0 1 0 0 0 0
350	1	1 1 1 1 1 0 1 1 0 0 0 1 1 0 1 1 0 0 0 0
350	2	1 1 1 1 0 1 0 1 0 0 1 1 1 0 1 1 0 0 0 0
350	1	1 0 0 1 1 0 1 1 0 0 0 0 1 0 0 0 0 0 0 0
350	2	0 1 0 1 1 1 0 1 0 1 0 0 1 0 0 1 0 0 0 0
350	3	1 1 1 1 0 1 1 1 1 0 0 1 1 1 0 1 0 0 1 0
350	2	1 1 0 1 0 0 1 1 0 1 0 0 0 0 0 1 0 0 0 0
350	1	1 1 1 1 1 0 1 1 0 1 1 0 0 1 0 1 1 0 0 0
350	1	0 1 0 1 1 0 1 1 0 0 1 1 1 0 1 1 0 1 0 0
350	2	1 1 0 1 1 0 1 1 0 0 1 1 1 0 1 1 0 0 0 0
350	5	1 1 0 1 1 1 1 1 1 1 1 0 0 1 0 1 0 0 0 0
350	3	1 0 0 1 0 1 0 1 0 0 0 1 0 0 0 0 0 0 0 0
350	1	1 1 1 1 1 0 1 1 1 0 0 1 1 1 0 1 0 0 0 0
350	1	1 1 0 1 1 0 1 1 0 0 0 1 1 0 1 0 0 0 0 0
350	6	0 1 0 1 1 1 1 1 0 1 0 0 0 0 0 0 0 0 0 0
350	3	0 1 1 1 1 0 1 1 0 1 0 0 0 0 0 0 0 0 0 0
350	5	1 1 0 1 1 1 1 1 0 1 0 0 0 0 0 1 0 0 0 0
350	3	1 1 0 1 1 0 1 1 0 0 0 1 1 0 1 1 0 0 0 1
350	2	1 1 1 1 0 1 1 1 0 1 0 1 0 0 1 1 0 0 0 0
350	4	1 1 1 1 1 1 0 1 1 0 0 1 1 0 0 0 0 0 0 0
350	1	0 1 1 0 1 1 1 1 0 1 0 0 0 1 0 1 0 0 0 0
350	2	1 0 1 1 0 1 0 0 0 0 0 1 0 0 0 0 0 0 0 0
350	1	1 0 1 1 0 1 1 1 0 0 0 1 0 0 0 0 0 0 0 0
350	2	1 1 1 1 0 1 0 1 0 0 0 0 0 0 0 0 0 0 0 0
350	1	1 0 0 1 1 0 1 0 0 0 0 0 1 0 1 1 0 0 0 0
350	1	1 1 0 1 1 1 0 1 0 0 1 1 1 0 1 1 0 0 0 0
350	1	1 0 1 1 1 1 1 1 1 0 0 1 1 0 1 1 0 0 0 0
350	2	0 1 1 1 1 1 0 1 0 1 0 0 0 1 0 1 0 0 0 0
350	1	0 1 1 1 0 1 1 1 0 1 0 1 0 0 0 0 0 0 0 0
350	4	1 0 0 1 1 0 1 1 0 1 1 0 1 1 0 1 0 0 0 0
350	1	1 0 1 1 0 1 0 0 0 1 0 1 0 0 0 0 0 0 0 0
350	4	1 1 1 1 0 1 1 1 0 0 0 0 0 1 0 0 0 0 0 0
350	1	0 1 0 1 1 0 1 1 0 0 1 1 1 0 1 1 1 0 0 0
350	1	1 1 1 1 0 0 0 1 0 1 0 0 0 0 0 1 0 1 0 0
350	1	0 1 1 1 0 1 0 1 0 0 0 0 1 0 0 1 0 0 0 0
350	1	1 1 1 1 0 0 1 1 0 1 0 1 1 0 0 1 1 0 0 0
350	2	1 0 1 1 0 1 1 1 0 0 0 1 0 0 1 0 0 0 0 0
400	45	1 1 1 1 0 1 1 1 0 1 0 0 0 0 0 0 0 0 0 0
400	12	1 1 0 1 1 0 1 1 0 0 0 1 1 0 1 1 0 0 0 0
400	23	1 1 1 1 0 0 1 1 0 1 0 0 0 0 0 0 0 0 0 0
400	67	0 1 0 1 1 1 0 1 0 1 0 0 0 0 0 1 0 0 0 0
400	7	0 1 1 1 1 1 1 1 0 0 0 0 0 0 0 0 0 0 0 0
400	8	0 1 1 1 1 0 1 1 1 0 1 0 0 0 0 1 1 0 0 0
400	3	0 1 1 1 0 0 1 1 0 1 0 0 0 0 1 1 0 0 0 0
400	9	1 1 0 1 0 0 0 1 1 0 0 0 0 0 1 1 0 0 0 0
400	12	1 1 1 1 1 1 1 1 1 0 0 0 1 0 0 1 0 0 0 0
400	12	0 1 1 1 1 1 0 1 0 1 0 0 0 0 0 1 0 0 0 0
400	12	1 0 0 0 1 0 1 1 0 1 1 0 0 1 0 1 0 0 0 0
400	19	1 1 1 1 0 0 1 1 1 0 0 1 1 1 0 1 0 0 0 0
400	6	0 1 0 1 1 1 0 1 0 0 0 0 0 0 0 0 0 0 0 0
400	19	1 1 1 1 0 0 1 1 0 1 0 1 0 0 0 0 0 0 0 0
400	65	0 1 0 1 1 0 0 1 0 1 0 0 0 0 0 1 0 0 0 0
400	20	0 1 0 1 1 1 1 1 0 0 0 1 1 1 0 1 0 0 0 0
400	4	1 1 0 1 1 0 1 1 0 0 0 1 1 0 1 0 0 0 0 0
400	8	1 1 1 1 0 0 1 1 0 0 0 1 1 0 0 0 0 0 0 0
400	16	0 1 0 1 0 0 0 1 1 0 0 0 0 0 1 1 0 0 0 0
400	4	1 1 1 1 0 1 0 1 0 0 0 1 1 1 1 1 1 0 0 0
400	3	1 1 1 1 0 1 1 1 0 1 0 0 0 0 0 0 1 0 1 0
400	20	0 1 1 1 0 0 1 1 0 0 0 1 1 0 1 1 1 0 0 0
400	20	0 1 0 1 1 1 1 1 1 0 0 1 1 1 0 1 0 0 0 0
400	3	1 1 1 1 0 1 1 1 0 1 1 0 0 0 0 0 1 0 0 0
400	1	1 1 1 0 0 0 1 1 0 0 0 1 1 0 0 0 0 0 0 0
400	13	1 1 1 1 0 0 0 1 0 1 0 0 0 0 1 0 0 0 0 0
400	6	0 1 0 1 1 1 0 1 0 1 1 0 1 1 0 1 0 0 0 0
400	26	0 1 0 1 1 1 0 1 0 1 0 0 1 0 0 1 0 0 0 0
400	31	0 1 0 1 1 1 1 1 1 0 0 0 0 0 1 1 0 0 0 0
400	30	0 1 0 1 1 1 1 1 0 0 0 0 1 0 0 0 0 0 0 0
400	18	0 1 1 1 0 0 1 1 0 1 0 0 0 0 0 0 0 0 0 0
400	4	1 1 1 1 1 1 1 1 0 1 1 0 0 1 0 1 1 0 0 0
400	24	0 1 0 1 1 1 0 1 0 1 0 0 0 0 0 1 0 0 0 1
400	9	1 1 0 1 0 1 1 1 0 0 0 0 0 0 0 1 0 0 0 0
400	8	1 1 0 1 1 1 1 1 0 1 1 0 0 0 0 1 0 0 0 0
400	8	0 1 1 1 0 0 1 1 0 1 0 0 0 0 0 1 0 0 0 0
400	14	0 1 0 1 1 1 1 1 0 1 0 0 0 0 1 0 1 0 0 0
400	9	1 1 0 1 1 0 1 1 0 0 0 0 0 0 0 1 0 0 0 0
400	10	0 1 0 1 1 1 0 1 0 0 0 0 0 0 0 1 0 0 0 0
400	6	0 1 0 1 0 0 1 1 0 1 0 0 0 0 1 1 0 0 0 0
400	1	0 1 1 1 0 0 0 1 0 1 0 0 0 0 1 0 0 0 0 0
400	14	0 1 0 1 0 0 0 1 0 1 0 0 0 0 1 1 0 0 0 1
400	1	0 1 0 1 1 1 1 1 0 1 0 0 0 0 0 0 1 0 1 0
400	5	1 1 0 1 1 1 1 1 0 1 1 0 1 1 0 1 0 0 0 0
400	11	1 1 1 1 0 0 1 1 0 0 0 1 0 0 0 0 0 0 0 0
400	4	0 1 1 1 0 0 1 1 0 1 0 0 0 0 1 0 0 0 0 0
400	3	1 1 1 1 0 0 1 1 0 1 0 0 1 0 0 0 0 0 0 0
400	5	1 1 1 1 0 1 0 1 0 1 1 0 0 0 0 1 0 0 0 0
400	3	0 1 0 1 1 1 0 1 0 1 0 1 0 0 0 1 0 0 0 0
400	7	0 1 1 1 0 1 0 1 0 1 0 0 0 0 0 1 0 0 0 0
400	4	1 1 1 1 0 0 1 1 0 1 0 0 0 0 0 1 0 0 0 0
400	9	0 1 1 1 0 0 1 1 0 0 0 0 0 0 0 0 0 0 0 0
400	31	0 1 1 1 0 0 1 1 0 0 0 1 1 0 0 1 0 0 0 0
400	3	1 1 0 1 0 0 1 1 0 1 0 0 0 0 0 0 0 0 0 0
400	10	1 1 1 1 0 1 1 1 0 1 1 0 0 1 0 0 1 0 0 0
400	8	0 1 0 1 1 1 1 1 0 1 1 0 0 1 0 1 0 0 0 0
400	13	0 1 0 1 1 1 1 1 0 0 0 0 0 0 0 1 0 0 0 0
400	6	0 1 1 1 1 0 1 1 1 0 1 0 1 0 0 1 1 0 0 0
400	6	1 1 0 1 1 0 1 1 0 0 0 1 1 0 1 0 0 0 1 0
400	10	0 1 0 1 1 0 1 1 1 0 0 1 1 0 1 1 0 0 0 1
400	23	0 1 0 1 1 1 1 1 0 1 0 0 0 0 0 0 1 0 0 0
400	2	0 1 0 1 1 1 0 1 0 0 0 1 1 0 0 0 0 0 0 0
400	1	1 1 1 1 0 1 0 1 0 0 0 1 1 1 1 1 0 0 0 0
400	3	0 1 0 1 0 0 1 1 0 0 0 1 1 1 1 1 1 0 0 0
400	1	1 1 1 1 0 1 0 1 0 1 1 0 0 0 1 1 0 0 0 0
400	2	0 1 1 1 0 0 1 1 0 1 0 0 0 0 0 1 0 0 0 1
400	5	0 1 0 1 0 0 1 1 0 1 0 0 0 0 0 1 0 0 0 0
400	15	0 1 0 1 1 1 1 1 0 1 0 0 0 0 1 0 0 0 0 0
400	3	1 1 1 1 0 1 1 1 0 1 0 0 0 0 0 0 1 0 0 0
400	6	0 1 0 1 1 1 1 1 0 1 0 0 0 1 1 0 1 0 0 0
400	1	0 1 0 1 1 1 0 1 0 0 0 0 0 1 0 1 1 0 0 0
400	5	0 1 0 1 1 0 0 1 0 1 0 0 0 0 1 0 1 0 0 0
400	2	0 0 0 1 1 1 0 1 0 1 0 0 0 0 0 1 0 0 0 0
400	3	1 1 0 1 1 1 1 1 0 0 0 1 1 0 1 0 0 0 0 0
400	1	1 1 0 1 1 1 1 1 0 1 1 0 1 1 1 1 0 0 0 0
400	1	0 1 0 1 1 1 0 0 0 1 0 0 0 0 0 1 0 0 0 0
400	2	1 1 0 1 1 1 1 1 0 0 0 1 1 1 0 1 0 0 0 0
400	15	1 1 0 1 1 0 1 1 1 0 0 1 1 0 1 0 0 0 0 0
400	1	1 1 1 1 0 1 0 1 1 1 0 1 1 0 1 1 0 0 0 0
400	9	0 1 0 1 0 0 1 1 0 1 0 0 0 0 0 1 0 1 0 0
400	2	0 1 1 1 1 1 1 1 0 1 1 0 0 0 0 1 0 0 0 0
400	2	1 1 1 1 0 0 1 1 1 0 0 0 0 0 1 1 0 0 0 0
400	2	1 1 0 1 1 1 1 1 0 1 1 0 0 0 0 1 0 0 0 1
400	2	0 0 1 1 0 1 1 1 0 1 0 0 0 0 0 0 0 0 0 0
400	3	0 1 1 1 0 0 1 1 0 1 0 0 0 0 1 1 1 0 0 0
400	1	1 1 1 1 0 0 1 1 1 1 0 1 1 1 0 1 0 0 0 0
400	1	1 1 0 1 0 1 1 1 0 0 0 1 0 0 0 1 0 0 0 0
400	5	1 1 1 1 0 0 0 1 0 1 0 0 0 0 1 1 0 0 0 1
400	4	1 1 1 1 1 0 1 1 0 1 0 1 0 0 0 0 0 0 0 0
400	2	0 1 0 1 1 1 1 0 0 0 0 1 1 1 0 1 0 0 0 0
400	1	0 1 0 1 1 1 1 1 1 0 0 1 1 0 0 1 0 0 0 0
400	2	1 1 0 1 1 1 1 1 0 0 0 0 0 0 0 1 0 0 0 0
400	5	0 1 0 1 1 1 0 1 0 0 0 1 1 1 0 1 0 0 0 0
400	6	1 1 0 1 1 1 1 1 0 1 0 0 0 0 0 0 0 0 0 0
400	1	1 0 0 1 0 0 1 1 0 0 0 1 1 0 1 1 1 0 0 0
400	1	0 1 0 1 0 0 0 1 1 0 0 0 0 0 0 0 1 0 0 0
400	6	0 1 0 1 1 1 1 1 0 1 1 0 1 1 1 1 0 0 0 0
400	2	0 1 0 1 0 0 1 1 0 0 0 0 0 0 0 1 0 0 0 0
400	6	0 1 0 1 1 1 1 1 0 1 0 0 0 0 1 0 0 0 0 1
400	1	1 1 1 1 0 1 1 1 0 1 0 0 1 0 0 0 0 0 0 0
400	1	1 1 1 0 0 0 1 1 0 0 0 1 1 0 0 0 0 1 0 0
400	3	1 1 0 1 1 1 1 1 0 0 0 0 1 0 0 0 0 0 0 0
400	5	0 1 1 1 0 1 1 1 0 1 0 0 0 0 1 0 0 0 0 0
400	1	0 1 0 1 0 1 0 1 0 0 0 1 1 1 0 1 0 0 0 0
400	6	1 1 1 1 0 1 1 1 0 1 1 0 0 0 0 0 0 0 0 0
400	2	0 1 0 1 1 0 0 1 0 1 0 0 0 0 0 1 0 1 0 0
400	1	1 1 0 1 1 0 1 1 0 0 0 1 1 0 0 0 0 0 0 0
400	1	1 1 0 1 0 1 1 1 0 0 0 0 0 0 0 1 0 1 0 0
400	1	1 1 1 1 0 0 0 1 0 1 0 1 1 0 0 0 0 0 0 0
400	3	0 1 0 1 1 1 1 1 0 1 1 0 0 1 1 0 1 0 0 0
400	2	1 1 0 1 1 0 1 1 0 0 0 1 1 0 1 1 1 0 0 0
400	5	0 1 0 1 0 0 0 1 0 1 0 0 0 0 1 1 0 0 0 0
400	3	0 1 1 1 1 0 1 1 1 0 1 0 0 0 0 1 1 0 1 0
400	2	0 1 0 1 1 1 1 1 0 0 0 0 1 0 0 0 0 0 0 1
400	6	0 0 0 1 0 0 0 1 0 1 0 0 0 0 1 1 0 0 0 1
400	1	0 1 0 1 1 1 1 1 1 1 0 0 0 1 1 0 1 0 0 0
400	1	0 1 0 1 1 1 1 1 0 1 1 0 0 0 0 1 0 0 0 1
400	1	0 1 1 1 1 0 1 1 1 0 0 1 1 0 1 1 0 0 0 1
400	1	1 1 1 1 0 0 1 1 1 0 0 1 1 0 0 0 0 0 0 0
400	1	1 1 1 1 1 1 1 1 0 1 0 0 0 0 0 0 1 0 0 0
400	1	0 1 0 1 1 1 1 1 0 0 0 1 1 0 1 0 0 0 1 0
400	1	1 1 1 1 0 1 1 1 0 1 1 0 0 1 0 1 0 0 0 1
400	1	1 1 0 1 0 0 0 1 1 0 0 0 0 0 1 1 1 0 0 0
400	1	0 1 1 1 0 0 1 1 0 0 0 0 1 0 1 1 1 0 0 0
400	2	0 1 0 1 1 1 1 1 0 1 0 0 0 1 0 0 1 0 0 0
400	2	1 1 0 1 1 1 1 1 0 1 1 0 1 0 0 1 0 0 0 1
400	1	0 1 0 1 1 1 1 0 0 0 0 1 1 1 0 1 0 1 0 0
450	19	0 1 0 1 1 1 0 1 0 1 0 0 0 0 0 1 0 0 0 0
450	2	0 1 1 1 1 1 0 1 0 1 0 0 0 0 0 1 0 0 0 0
450	7	1 0 0 0 1 0 1 1 0 1 1 0 0 1 0 1 0 0 0 0
450	8	1 1 1 1 0 0 1 1 1 0 0 1 1 1 0 1 0 0 0 0
450	56	0 1 0 1 1 0 0 1 0 1 0 0 0 0 0 1 0 0 0 0
450	4	0 1 0 1 1 1 1 1 1 0 0 1 1 1 0 1 0 0 0 0
450	24	0 1 0 1 1 1 1 1 1 0 0 0 0 0 1 1 0 0 0 0
450	16	0 1 0 1 1 1 1 1 0 0 0 0 1 0 0 0 0 0 0 0
450	3	0 1 0 1 1 1 0 1 0 0 0 0 0 0 0 1 0 0 0 0
450	4	0 1 0 1 0 0 0 1 0 1 0 0 0 0 1 1 0 0 0 1
450	60	0 1 0 1 1 1 1 1 0 0 0 0 0 0 0 1 0 0 0 0
450	124	0 1 0 1 0 0 1 1 0 1 0 0 0 0 0 1 0 0 0 0
450	9	0 1 0 1 0 0 0 1 1 0 0 0 0 0 0 0 1 0 0 0
450	9	0 1 0 1 1 1 0 1 0 1 0 0 0 0 1 1 0 0 0 0
450	18	0 1 1 1 1 1 1 1 1 0 0 0 0 0 0 0 0 0 0 0
450	4	0 1 0 1 0 1 1 1 0 0 0 1 1 1 0 1 0 0 0 0
450	28	0 0 0 1 0 0 1 1 0 0 0 1 1 0 0 1 0 0 0 0
450	15	0 0 0 1 0 0 0 1 1 0 0 0 0 0 0 0 1 0 0 0
450	15	0 1 0 1 0 0 0 1 0 1 0 0 0 0 0 1 0 0 0 0
450	1	0 1 0 1 0 0 0 1 0 1 0 0 0 1 1 1 0 0 0 1
450	9	0 1 0 1 1 0 0 1 0 1 0 0 0 1 1 1 0 0 0 0
450	2	0 1 0 1 1 1 1 1 1 0 0 0 0 0 1 1 0 1 0 0
450	12	0 1 0 0 0 0 1 1 0 1 0 0 0 0 0 1 0 0 0 0
450	6	0 1 1 1 0 1 1 1 1 1 0 1 1 0 1 1 0 0 0 0
450	15	0 1 0 1 1 1 1 1 0 1 1 0 1 1 0 1 0 0 0 0
450	19	0 1 0 1 1 1 1 1 0 1 0 0 0 0 0 1 0 0 0 0
450	1	0 1 0 1 1 1 1 1 1 0 0 0 0 0 0 1 0 0 0 0
450	1	0 1 0 1 1 1 1 1 0 0 0 1 1 1 0 1 0 0 0 0
450	3	0 1 0 1 1 1 1 1 1 0 0 0 0 0 0 0 0 0 0 0
450	7	0 1 1 1 1 1 1 1 1 0 0 0 0 0 0 0 1 0 0 0
450	9	0 1 0 1 1 1 0 1 1 0 0 1 1 1 0 1 0 0 0 0
450	10	0 1 0 1 1 1 0 1 0 1 0 1 0 0 0 1 0 0 0 0
450	5	1 1 1 0 0 1 1 1 0 0 0 0 0 0 0 0 0 0 0 0
450	2	1 1 0 1 1 1 0 1 0 1 0 0 0 0 1 1 0 0 0 0
450	8	1 1 1 1 1 1 1 1 0 1 0 0 0 0 0 1 0 0 0 0
450	14	0 1 0 1 1 1 1 1 1 0 1 0 0 0 0 0 0 0 0 0
450	2	1 1 1 1 1 1 1 1 0 0 1 1 1 0 0 1 0 1 0 0
450	13	0 1 0 1 0 0 0 1 1 0 0 0 1 1 0 1 0 0 0 0
450	45	0 1 0 1 1 1 1 1 0 0 0 1 1 0 0 0 0 0 0 0
450	1	1 0 0 1 0 1 1 1 0 0 0 0 0 0 0 1 0 0 0 0
450	20	0 1 0 1 0 0 0 1 1 0 0 0 0 0 0 1 1 0 0 0
450	5	0 1 0 1 1 0 0 1 0 1 0 0 1 0 1 0 0 0 0 0
450	24	0 1 0 1 1 1 0 1 0 1 0 1 0 0 1 1 0 0 0 0
450	12	0 1 0 1 1 1 1 1 0 0 0 0 0 1 1 0 1 0 0 0
450	13	0 1 0 1 1 1 0 1 0 1 1 0 0 0 0 0 0 0 0 0
450	3	0 1 0 1 1 0 0 1 0 1 0 0 0 0 0 1 1 0 0 0
450	8	1 1 0 1 0 1 1 1 1 0 0 0 0 0 0 1 0 0 0 1
450	1	0 1 0 1 1 0 0 1 0 1 0 0 0 0 0 1 0 0 1 0
450	4	0 1 0 1 0 0 1 1 0 1 0 0 0 0 0 1 0 1 0 0
450	6	0 1 0 1 0 1 1 1 0 1 0 0 0 0 0 1 0 0 0 0
450	17	0 1 0 1 0 0 1 1 0 1 0 0 0 0 0 0 0 0 0 0
450	6	0 1 0 1 1 1 1 1 1 0 0 0 0 0 1 0 0 0 0 0
450	9	0 1 0 1 0 1 0 1 0 1 1 0 0 0 0 1 0 0 0 1
450	2	1 0 0 1 0 1 0 1 0 0 0 0 0 0 0 1 0 0 0 0
450	11	0 1 0 1 1 1 1 1 1 0 0 1 1 1 0 1 0 0 1 0
450	8	0 1 0 1 0 1 1 1 0 1 1 1 0 0 0 1 0 0 0 0
450	10	1 1 0 0 0 1 1 1 0 0 0 0 0 0 0 0 0 0 0 0
450	9	1 1 1 1 0 0 1 1 0 0 0 1 0 0 0 0 0 0 0 0
450	5	1 1 1 1 0 0 1 1 1 1 0 0 1 0 0 0 0 0 0 0
450	5	1 1 1 1 0 0 1 1 1 0 0 1 1 0 0 1 0 0 0 0
450	3	1 1 1 1 0 0 1 1 1 0 0 1 1 1 1 1 0 0 0 0
450	3	1 1 0 1 0 0 0 1 1 0 0 0 0 0 0 0 1 0 0 0
450	7	1 1 0 1 1 0 0 1 0 1 0 0 0 0 1 1 0 0 0 0
450	1	0 1 0 1 1 0 0 0 0 1 0 0 1 0 1 0 0 0 0 0
450	8	0 1 0 1 1 1 0 1 1 0 0 1 1 0 0 1 0 0 0 0
450	8	0 1 0 1 0 0 0 1 1 0 0 0 0 0 0 0 0 0 0 0
450	1	0 1 0 1 1 1 0 1 0 1 0 0 0 1 1 1 0 0 0 0
450	2	0 1 1 1 1 1 1 1 1 0 0 0 0 0 0 1 1 1 0 0
450	2	0 1 0 1 1 1 1 1 0 0 0 0 0 0 0 1 0 1 0 1
450	7	0 1 0 1 1 0 0 1 0 0 0 0 0 0 0 1 0 0 0 0
450	7	0 1 0 1 1 1 0 1 1 0 0 1 1 1 0 1 0 0 0 1
450	2	0 1 0 1 0 1 0 1 0 1 1 0 0 0 0 0 1 0 0 0
450	3	0 0 0 1 1 0 0 1 0 1 0 0 0 0 0 1 0 0 0 0
450	4	0 1 1 1 0 1 1 1 1 0 0 0 0 0 0 0 0 0 0 0
450	4	0 1 0 1 1 1 1 1 0 0 1 1 1 0 0 0 0 0 0 0
450	12	1 1 0 1 1 1 1 1 0 0 0 1 1 0 0 0 0 0 0 0
450	5	0 1 0 1 0 0 1 1 1 1 0 0 1 0 0 0 0 0 0 0
450	4	0 1 0 1 0 0 1 1 0 1 0 0 1 0 0 0 0 0 0 0
450	4	0 1 0 1 1 0 0 1 0 1 0 0 0 0 0 1 0 0 0 1
450	2	0 1 0 1 1 1 1 1 0 0 0 0 1 0 0 1 0 0 0 0
450	3	0 0 1 1 0 0 0 1 1 0 0 0 0 0 0 0 1 0 0 0
450	1	0 1 0 1 1 0 0 0 0 1 1 1 0 1 0 1 0 0 0 0
450	1	1 1 0 1 1 0 0 1 0 1 0 0 0 1 1 1 0 0 0 0
450	3	1 1 1 1 0 0 1 1 0 1 1 1 0 0 0 1 0 0 0 0
450	3	0 1 0 1 0 1 1 1 0 0 0 0 0 1 1 0 1 0 0 0
450	4	0 0 0 1 0 0 1 1 0 0 0 1 1 0 0 0 0 0 0 0
450	3	0 1 1 1 0 1 1 1 1 1 0 1 1 0 1 1 1 0 0 0
450	3	0 1 0 1 1 1 0 1 0 0 0 1 1 0 0 0 0 0 0 0
450	5	1 1 0 1 0 0 0 1 1 0 0 0 0 0 0 1 0 0 0 0
450	1	0 1 0 1 0 0 1 1 0 1 0 0 0 0 0 1 1 0 0 0
450	2	0 1 0 1 1 1 0 0 0 1 0 0 0 0 1 1 0 0 0 0
450	1	0 1 0 1 0 0 0 1 1 0 0 0 1 1 0 1 0 1 0 0
450	2	0 0 0 1 1 1 1 1 0 0 0 1 1 0 0 0 0 0 0 0
450	2	0 1 0 1 1 1 1 1 0 0 0 1 0 0 0 0 0 0 0 0
450	1	0 1 0 1 1 0 0 1 1 0 0 1 1 1 0 1 0 0 0 1
450	1	0 0 0 1 0 0 1 1 0 0 0 0 0 0 0 0 0 0 0 0
450	2	0 1 0 1 0 1 1 1 0 0 0 0 0 0 0 0 0 0 0 0
450	1	1 1 0 1 1 0 0 1 0 1 0 0 0 0 0 1 0 0 0 0
450	1	0 0 0 1 1 1 0 1 0 1 0 0 0 0 1 1 0 0 0 0
450	2	0 1 1 1 1 1 1 1 1 1 0 1 1 0 1 1 0 0 0 0
450	3	1 1 0 1 1 1 0 1 1 1 0 0 0 0 1 1 0 0 0 0
450	3	0 1 0 1 1 1 1 1 0 0 0 0 1 1 1 0 1 0 0 0
450	3	0 1 0 1 1 1 0 1 0 1 1 0 1 0 0 0 0 0 0 0
450	10	0 1 0 1 0 0 1 1 0 1 0 0 0 0 0 1 1 1 0 0
450	5	0 1 0 1 1 1 1 0 1 0 0 0 0 0 0 1 1 0 0 0
450	1	1 1 1 1 0 1 1 1 0 0 0 0 0 0 0 1 0 0 0 0
450	2	1 1 0 0 1 1 1 1 0 0 0 0 0 0 0 1 0 0 0 0
450	1	0 1 0 0 1 1 1 1 0 0 0 0 0 0 0 1 0 0 0 0
450	1	0 1 0 1 0 0 0 1 1 0 0 0 0 0 0 0 1 0 0 1
450	1	0 1 0 1 0 0 0 1 1 0 0 0 0 0 0 0 1 0 1 0
450	2	0 1 1 1 0 0 0 1 1 0 0 0 0 0 0 0 1 0 0 0
450	1	0 1 0 1 1 1 1 1 1 0 1 0 0 0 0 0 0 0 1 0
450	2	0 1 0 1 0 1 1 1 1 1 0 0 1 0 0 0 0 0 0 0
450	1	0 1 0 1 0 0 1 1 0 1 0 0 0 0 0 1 0 0 0 1
450	2	0 1 0 1 0 0 1 1 0 1 0 1 1 1 0 1 0 0 0 0
450	2	0 1 0 1 0 0 0 1 1 1 0 0 0 0 0 1 0 0 0 0
450	1	0 0 0 1 0 0 1 1 0 0 0 1 0 0 0 0 0 0 0 0
450	4	0 1 1 1 0 1 1 1 1 1 0 0 0 0 0 1 0 0 0 0
450	1	0 1 0 1 0 1 1 1 1 0 0 0 0 0 0 1 0 0 0 1
450	2	0 1 0 1 1 1 0 1 0 0 0 0 1 0 0 0 0 0 0 0
450	2	1 1 1 0 0 1 1 1 0 0 0 0 0 0 0 0 1 0 0 0
450	2	0 0 0 1 1 0 1 1 0 0 0 1 1 1 0 1 0 0 0 0
450	1	0 1 0 1 0 0 1 1 0 0 0 1 1 0 0 1 0 0 0 0
450	3	1 1 1 1 0 0 1 0 1 0 0 1 1 1 0 1 0 0 0 0
450	1	0 1 1 1 1 0 0 1 0 1 0 0 0 0 0 1 0 0 0 0
450	2	0 1 0 1 0 1 1 1 1 0 0 0 0 0 1 1 0 0 0 0
450	2	0 1 0 1 1 1 1 1 1 0 0 0 0 0 1 1 1 0 0 0
450	1	0 1 0 1 1 1 1 1 0 0 0 0 1 0 1 0 0 0 0 0
450	5	0 1 0 1 1 1 1 1 0 0 0 1 0 0 0 1 0 0 0 0
450	1	1 1 0 1 1 1 1 1 0 0 0 0 0 0 0 1 0 0 0 0
450	1	0 1 0 1 0 0 1 1 0 0 0 0 0 0 0 1 0 0 0 0
450	2	0 1 1 1 1 1 1 0 1 0 0 0 0 0 0 0 0 0 0 0
450	1	0 0 0 0 0 0 1 1 0 0 0 1 1 0 0 1 0 0 0 0
450	3	1 0 0 1 0 1 1 1 0 0 0 0 0 0 0 1 0 0 0 1
450	2	0 1 0 1 0 0 0 0 1 0 0 0 0 0 0 1 1 0 0 0
450	2	1 1 0 1 1 1 0 1 0 1 1 0 0 0 0 0 0 0 0 0
450	1	0 0 0 1 1 1 1 1 0 0 1 1 1 0 0 0 0 0 0 0
450	1	1 1 0 1 1 1 1 1 0 0 0 1 1 0 0 0 0 1 0 0
500	8	0 1 0 1 1 1 0 1 0 1 0 0 0 0 0 1 0 0 0 0
500	54	0 1 0 1 1 0 0 1 0 1 0 0 0 0 0 1 0 0 0 0
500	1	0 1 0 1 1 1 1 1 0 0 0 0 1 0 0 0 0 0 0 0
500	4	0 1 0 1 0 0 0 1 0 1 0 0 0 0 1 1 0 0 0 1
500	69	0 1 0 1 1 1 1 1 0 0 0 0 0 0 0 1 0 0 0 0
500	69	0 1 0 1 0 0 1 1 0 1 0 0 0 0 0 1 0 0 0 0
500	1	0 1 0 1 1 1 1 1 1 0 1 0 0 0 0 0 0 0 0 0
500	23	0 1 0 1 0 0 0 1 1 0 0 0 1 1 0 1 0 0 0 0
500	33	0 1 0 1 1 1 1 1 0 0 0 1 1 0 0 0 0 0 0 0
500	65	0 1 0 1 1 1 1 1 0 0 0 0 1 0 0 1 0 0 0 0
500	2	0 1 0 1 1 0 0 0 0 1 1 1 0 1 0 1 0 0 0 0
500	18	0 1 1 1 1 1 1 1 1 0 0 0 0 0 0 1 0 0 0 0
500	9	0 1 0 1 1 0 0 1 0 0 0 0 0 0 0 0 0 0 0 0
500	2	0 1 0 1 1 1 1 1 0 0 0 0 1 0 1 0 0 0 0 0
500	6	0 1 0 1 0 1 1 1 0 1 0 1 0 0 1 1 0 0 0 0
500	22	0 1 0 1 0 0 0 1 0 1 0 1 0 0 0 1 0 0 0 0
500	27	0 0 0 1 1 1 0 1 0 1 0 0 0 0 0 1 0 0 0 0
500	5	0 1 0 1 1 1 1 1 0 0 0 0 1 0 1 0 0 0 1 0
500	2	0 1 0 1 1 1 1 1 1 1 1 0 0 0 0 0 0 0 0 0
500	1	0 1 0 1 0 0 0 1 1 0 0 0 0 0 0 0 0 0 0 1
500	1	0 1 0 1 1 1 1 1 0 0 0 0 1 0 0 1 0 0 1 0
500	7	0 1 0 1 1 0 1 1 1 1 1 0 0 0 0 0 0 0 0 0
500	5	0 1 0 1 1 0 0 0 0 1 0 1 1 0 0 1 0 0 0 0
500	6	0 1 0 1 1 0 0 0 0 1 0 1 1 1 0 1 0 0 0 0
500	14	0 1 0 1 1 0 1 1 0 1 0 0 0 0 0 1 0 0 0 0
500	2	0 1 0 1 1 0 0 1 0 1 0 0 1 0 0 1 0 0 0 1
500	13	0 0 0 1 1 1 1 1 0 0 0 1 1 0 0 0 0 0 0 0
500	25	0 1 0 1 1 0 1 1 0 0 0 0 0 0 0 0 0 0 0 0
500	5	0 1 0 1 1 0 0 0 0 1 1 1 1 0 0 0 0 0 0 0
500	11	0 1 0 1 1 1 0 1 0 0 0 1 1 0 0 0 0 0 0 0
500	3	0 1 0 1 1 1 1 1 0 0 1 1 1 0 0 0 0 0 0 0
500	12	0 1 0 1 1 0 0 1 0 0 0 1 0 1 0 1 0 0 0 0
500	13	0 1 0 1 0 0 1 1 0 0 0 0 0 0 0 1 0 0 0 0
500	5	0 1 0 1 0 0 1 1 0 0 0 1 1 0 0 1 0 0 0 0
500	3	0 1 1 1 1 1 1 1 0 0 0 1 1 0 0 0 1 0 0 0
500	19	0 1 0 1 1 1 0 1 0 1 0 0 0 1 0 1 0 0 0 0
500	3	0 1 0 1 1 1 0 1 0 0 0 0 0 0 0 1 0 0 0 0
500	5	0 1 0 0 0 0 1 1 0 1 0 0 0 0 1 1 0 0 0 1
500	5	0 1 0 1 1 1 0 1 0 0 0 0 0 0 0 0 0 0 0 0
500	28	0 1 0 1 1 0 1 1 0 0 0 0 0 0 0 0 0 1 0 0
500	8	0 1 0 1 1 0 1 1 0 0 0 0 1 0 0 0 0 0 0 0
500	7	0 0 0 1 1 1 0 1 0 1 0 0 0 1 0 1 0 0 0 0
500	7	1 1 0 1 0 0 1 1 0 1 0 0 0 0 0 1 0 0 0 0
500	3	0 0 0 1 1 1 0 1 0 1 0 0 1 0 0 1 0 0 0 0
500	13	0 1 0 1 0 0 1 1 1 0 0 0 0 0 0 1 1 0 0 0
500	23	0 1 0 1 1 0 1 1 0 0 0 0 1 0 1 0 0 0 1 0
500	49	0 1 0 1 0 1 1 1 0 1 0 0 1 0 0 1 0 0 0 0
500	2	0 1 0 1 1 0 0 1 0 1 0 0 0 0 0 1 1 0 0 0
500	1	0 1 0 1 0 0 1 1 0 0 0 0 1 0 0 1 0 0 0 0
500	19	0 1 0 1 1 1 1 1 0 1 0 0 0 0 0 1 0 0 0 0
500	2	0 1 0 1 0 0 1 1 1 1 0 1 0 1 0 1 0 0 0 0
500	5	0 1 0 0 1 1 1 1 0 0 0 0 0 0 0 1 0 0 0 0
500	1	0 1 0 1 0 0 0 1 1 0 0 1 1 1 0 1 1 0 0 0
500	1	0 1 0 0 0 0 1 1 0 1 0 0 0 0 0 1 0 0 0 0
500	5	1 1 0 1 0 0 1 1 0 0 0 1 1 0 0 0 0 0 0 0
500	8	0 1 0 1 1 0 0 1 0 1 0 0 0 0 0 0 0 0 0 0
500	8	0 1 0 1 1 0 1 1 0 0 1 0 0 0 0 0 0 0 0 0
500	1	1 0 0 1 0 0 1 1 0 1 0 0 0 0 0 1 0 0 0 0
500	5	1 0 0 1 1 1 0 1 0 1 0 0 1 0 0 1 0 0 0 0
500	2	0 1 0 1 1 0 0 1 0 0 0 0 1 0 0 0 0 0 0 0
500	3	0 1 0 1 0 1 0 1 0 1 0 1 0 0 1 1 0 0 0 0
500	2	0 1 0 1 1 0 0 1 0 1 0 1 1 0 0 1 0 0 0 0
500	5	0 1 0 1 1 1 0 1 0 1 0 0 0 1 1 0 0 0 0 0
500	4	0 0 0 1 0 0 1 1 0 1 0 1 1 0 0 0 0 0 0 0
500	6	1 1 0 1 1 1 0 1 0 1 0 0 0 0 1 1 0 0 0 1
500	7	0 1 0 1 0 1 1 0 0 1 0 1 1 0 0 1 0 0 0 1
500	6	0 0 0 1 1 1 0 1 0 0 0 0 0 0 0 1 0 0 0 0
500	2	0 1 0 1 1 1 1 1 0 0 0 0 1 0 1 0 1 0 0 0
500	2	0 1 0 1 0 1 1 1 0 1 0 1 0 1 1 1 0 0 0 0
500	4	0 1 0 0 1 1 1 1 1 0 0 0 1 0 0 1 0 0 0 0
500	5	0 1 0 1 0 0 0 0 0 1 0 1 1 0 0 1 0 0 0 0
500	6	1 1 1 1 0 1 0 1 0 1 1 0 0 0 0 0 0 0 0 0
500	4	0 1 0 1 1 1 0 1 0 1 0 0 1 0 0 1 0 0 0 1
500	12	0 1 0 1 1 1 1 1 0 1 0 0 1 0 0 1 0 0 0 0
500	2	0 1 0 1 0 0 0 1 0 1 0 1 0 0 1 1 0 0 0 1
500	4	0 1 0 0 1 0 0 0 0 1 1 1 0 1 0 1 0 0 0 0
500	3	0 1 0 1 1 0 0 1 1 0 0 0 0 0 0 0 0 0 0 0
500	2	0 1 0 1 1 1 1 1 1 0 1 0 1 0 0 1 0 0 0 0
500	2	0 1 0 1 1 1 0 1 0 0 1 1 1 0 0 0 0 0 0 0
500	2	0 1 0 1 0 0 0 1 0 1 0 0 0 0 0 0 0 0 0 0
500	11	0 1 0 1 1 0 0 1 1 0 0 0 1 1 0 1 0 0 0 0
500	2	0 1 0 1 0 0 0 1 1 0 0 0 0 0 0 1 0 0 0 0
500	1	0 1 0 1 1 0 0 1 0 0 0 0 0 0 0 0 0 0 0 1
500	5	0 1 0 1 1 0 0 1 0 0 0 0 0 1 0 1 0 0 0 0
500	2	0 1 0 1 0 0 1 1 0 0 0 0 0 0 1 1 0 0 0 1
500	1	0 1 0 1 1 1 1 1 1 0 0 0 1 0 0 1 0 0 0 1
500	2	0 0 0 1 0 1 0 1 0 1 0 0 0 0 0 1 0 0 0 0
500	2	0 1 0 1 1 0 1 1 0 0 0 1 1 0 0 0 0 0 0 0
500	3	0 1 0 1 1 0 1 0 0 0 0 0 1 0 1 0 0 0 1 0
500	7	0 1 0 1 1 1 1 1 1 0 0 0 0 0 0 1 0 0 0 1
500	3	0 1 0 1 1 1 1 1 0 0 0 0 0 0 1 0 0 0 1 0
500	3	0 1 0 1 1 1 1 1 0 0 0 1 0 0 1 1 0 0 0 0
500	8	1 1 0 1 1 1 1 1 0 0 0 0 0 0 0 1 0 0 0 0
500	5	0 1 0 1 1 1 1 1 1 0 1 0 0 0 1 0 0 0 0 0
500	1	0 1 0 1 1 1 0 1 0 0 0 1 0 0 0 1 0 0 0 0
500	9	0 1 0 1 1 0 0 1 0 1 0 0 0 1 0 0 0 0 0 0
500	1	0 1 0 1 1 1 1 1 0 1 0 1 0 0 1 1 0 0 0 0
500	2	0 1 0 1 1 0 0 1 0 1 1 0 0 0 0 1 0 0 0 0
500	3	0 1 0 1 0 0 1 1 1 1 0 0 0 0 0 1 0 0 0 0
500	1	0 0 0 1 0 0 0 1 1 0 0 0 1 1 0 1 0 0 0 0
500	2	0 1 0 1 0 0 0 1 1 1 0 0 1 1 0 1 0 0 0 0
500	2	0 1 0 1 1 1 0 1 0 0 0 0 1 0 0 1 0 0 0 0
500	3	1 1 0 1 1 0 1 1 0 0 0 0 0 0 0 0 0 1 0 0
500	4	0 1 0 1 0 1 1 1 0 1 0 1 1 1 1 1 0 0 0 0
500	3	0 1 1 1 1 1 1 1 0 0 0 1 0 1 0 1 0 0 0 0
500	2	0 1 0 1 0 1 1 1 0 0 0 1 1 0 0 0 0 0 0 0
500	4	0 1 0 1 0 0 1 1 1 0 0 0 0 0 0 1 0 0 0 0
500	1	0 1 0 1 0 1 1 0 0 1 0 1 1 0 0 0 0 0 1 0
500	2	0 0 0 1 1 0 0 1 0 1 0 0 0 0 0 1 0 0 0 0
500	1	0 1 0 1 1 1 1 1 0 0 0 1 0 0 0 1 0 0 0 0
500	2	0 1 0 1 1 1 1 1 0 0 0 0 0 0 0 1 0 1 0 0
500	5	0 1 1 1 1 1 1 1 0 0 0 1 1 0 0 0 0 0 0 0
500	1	0 1 1 1 1 1 1 1 1 0 1 0 0 0 0 1 0 0 0 0
500	4	0 0 0 1 1 1 1 1 0 0 0 1 1 0 1 0 0 0 0 0
500	2	1 1 0 1 0 0 1 1 0 1 0 0 0 0 0 0 0 0 0 0
500	4	1 1 0 1 0 0 1 1 1 0 0 1 1 0 0 0 0 0 0 0
500	2	0 1 0 1 1 1 0 1 0 1 0 0 1 0 0 1 0 0 0 0
500	1	0 1 0 1 1 0 1 1 0 0 0 1 1 0 0 1 0 0 0 0
500	2	0 1 0 1 1 1 1 1 0 0 0 0 0 0 0 0 0 0 0 0
500	2	0 1 0 1 0 0 1 1 0 0 0 1 1 0 0 0 0 0 0 0
500	2	0 1 0 1 1 0 0 0 0 1 0 1 1 1 1 1 0 0 0 0
500	2	1 1 0 1 0 0 1 1 0 0 0 1 1 0 0 0 0 1 0 0
500	1	0 1 0 1 1 1 1 1 0 0 0 0 0 0 0 1 1 0 0 0
500	3	0 1 0 1 0 0 0 1 1 0 0 1 1 1 0 1 0 0 0 0
500	1	0 1 1 1 1 1 1 1 1 0 0 0 0 0 0 1 0 1 0 0
500	3	0 1 1 1 1 1 1 1 0 0 0 0 0 0 0 1 0 0 0 0
500	1	0 1 0 1 0 0 0 1 1 0 1 0 0 0 0 0 0 0 0 1
500	1	0 1 0 1 1 0 1 1 0 0 0 0 0 0 0 0 0 1 1 0
500	1	1 1 0 1 1 0 1 1 0 0 0 0 1 0 1 0 0 0 1 0
500	5	0 1 0 1 1 0 0 1 0 0 0 0 0 0 0 1 1 0 0 0
