0	250	0 1 0 1 0 0 0 1 0 0 0 0 0 1 0 0 1 0 0 1
0	250	1 0 0 0 0 0 0 1 1 0 0 0 0 0 0 0 0 0 1 0
0	250	1 0 1 1 0 1 0 0 1 0 0 0 0 0 0 0 1 1 0 0
0	250	0 1 0 0 0 0 0 1 0 0 1 0 0 0 0 0 0 0 0 0
50	10	1 0 0 0 0 0 0 1 1 0 0 0 0 0 0 0 0 0 1 0
50	151	1 0 1 1 0 1 0 0 1 0 0 0 0 0 0 0 1 1 0 0
50	10	0 1 0 0 0 0 0 1 0 0 1 0 0 0 0 0 0 0 0 0
50	15	1 0 1 1 0 1 0 0 1 0 0 0 0 0 0 0 0 0 1 0
50	39	0 1 1 0 0 0 0 1 0 0 1 0 0 0 0 0 0 0 0 0
50	6	1 0 0 0 0 0 0 1 1 0 0 0 0 0 0 0 0 0 0 0
50	4	0 1 0 0 0 0 0 1 0 0 1 1 0 0 0 0 0 0 0 0
50	2	1 0 0 0 0 0 0 1 1 0 0 0 0 0 0 0 1 1 0 0
50	16	1 0 1 1 0 1 0 0 1 0 0 0 0 0 0 0 0 0 0 0
50	25	1 0 1 1 0 0 0 1 0 0 1 1 0 0 0 0 0 0 0 0
50	8	1 0 1 1 0 1 1 0 1 0 0 0 0 0 0 0 1 1 0 0
50	47	1 1 1 1 0 1 0 0 1 0 0 0 0 0 0 0 0 0 1 0
50	3	0 1 0 0 0 0 0 1 0 0 1 0 0 1 0 0 0 0 0 0
50	20	0 1 0 1 0 0 0 1 0 0 0 1 0 1 0 0 1 0 0 1
50	32	1 0 1 1 0 1 0 0 1 0 0 0 0 0 0 1 1 1 0 0
50	6	0 1 0 1 0 0 0 1 0 0 1 0 0 0 0 1 1 0 0 0
50	2	0 1 0 1 0 0 0 1 0 0 0 0 0 0 0 0 0 0 0 0
50	73	1 0 1 1 0 1 0 1 0 0 0 0 0 0 0 0 1 1 0 0
50	7	1 0 1 1 0 0 0 1 1 0 1 0 0 0 0 0 0 0 0 0
50	12	1 1 1 1 0 1 0 0 1 0 0 0 0 0 0 0 1 1 0 0
50	22	0 0 1 1 0 1 0 0 1 0 0 0 0 0 0 0 1 1 0 0
50	7	0 1 1 0 0 0 0 1 0 0 1 0 0 0 0 0 0 0 0 1
50	3	1 0 1 1 0 1 0 0 1 0 0 0 0 0 1 0 0 0 0 0
50	1	1 0 0 0 0 0 0 1 1 0 0 0 0 0 0 1 1 0 0 0
50	1	0 1 0 0 0 0 0 0 0 0 1 0 0 0 1 0 0 0 1 0
50	10	1 0 1 1 0 1 0 0 1 0 0 0 0 0 0 0 0 1 0 0
50	13	1 0 1 1 0 1 0 0 1 0 0 0 1 0 0 0 1 1 0 0
50	8	1 0 1 1 1 1 0 0 1 1 0 0 0 0 0 0 1 1 0 0
50	6	0 1 0 0 0 0 0 1 0 0 1 0 0 0 0 0 0 1 0 0
50	3	0 1 1 0 0 0 0 1 0 0 1 0 0 0 0 0 0 0 1 0
50	1	1 0 1 1 0 1 0 1 0 0 0 0 0 0 0 0 1 1 0 1
50	16	0 1 0 1 0 0 0 1 0 0 1 1 0 1 0 0 1 0 0 1
50	10	1 0 1 1 0 0 0 1 0 0 1 0 0 0 0 0 0 0 0 0
50	13	1 1 1 1 0 1 0 0 1 0 0 0 0 0 1 0 0 0 1 0
50	8	1 1 1 1 0 0 0 0 1 0 0 0 0 0 0 0 0 0 1 0
50	1	0 1 0 0 0 0 0 1 0 0 1 1 0 1 0 0 0 0 0 0
50	1	0 1 0 0 1 0 0 1 0 0 1 0 0 1 0 0 0 0 0 0
50	28	1 0 1 1 0 1 0 0 1 1 0 0 0 0 0 0 1 1 0 0
50	3	1 0 1 0 0 0 0 1 1 0 0 0 0 0 0 1 0 0 1 0
50	4	0 1 0 0 0 0 0 1 0 0 1 0 0 1 0 0 0 0 1 0
50	10	1 1 1 1 0 1 0 0 1 0 0 0 0 0 0 0 1 1 1 0
50	20	1 0 1 1 0 0 0 1 1 0 0 0 0 0 0 0 0 0 1 0
50	18	0 1 0 0 0 0 0 1 0 0 1 0 0 0 1 0 0 0 0 0
50	4	0 1 0 0 0 0 0 1 0 0 1 0 0 1 1 0 0 0 0 0
50	2	1 0 1 1 1 1 0 1 0 0 0 0 0 0 0 0 1 1 0 0
50	4	0 1 0 1 0 1 0 1 0 0 0 0 0 0 1 0 1 1 0 0
50	1	0 1 0 1 0 0 0 1 0 0 0 1 0 1 0 0 1 0 0 0
50	2	1 0 1 0 0 0 0 1 1 0 1 0 0 0 0 0 0 0 0 0
50	5	1 0 1 1 0 1 1 0 1 0 0 0 0 0 1 0 0 0 1 0
50	7	0 1 0 1 0 0 0 1 1 0 0 0 0 0 0 0 0 0 1 0
50	3	0 1 1 1 0 0 0 1 0 0 0 1 0 1 0 0 1 0 0 1
50	7	0 0 0 1 0 0 0 1 0 0 1 0 0 0 0 1 1 0 0 0
50	5	1 0 1 1 0 0 0 1 0 1 1 1 0 0 0 0 0 0 0 0
50	1	1 0 1 1 0 0 0 0 0 0 1 0 0 0 1 0 0 0 1 0
50	8	0 1 0 1 0 1 0 1 0 0 0 1 0 1 0 0 1 0 0 1
50	3	0 0 1 1 0 1 0 1 0 0 0 0 0 0 0 0 1 1 0 0
50	2	0 1 1 0 1 1 0 1 0 0 0 0 0 0 0 0 1 1 0 0
50	2	1 0 1 1 0 0 0 1 1 0 1 0 0 0 0 0 1 1 0 0
50	6	1 0 1 1 0 1 1 0 1 0 0 0 0 0 0 1 1 1 0 0
50	7	1 0 1 1 0 1 0 0 1 0 1 0 0 0 0 1 1 1 0 0
50	9	1 0 1 1 0 1 1 1 0 0 0 0 0 0 0 0 1 1 0 0
50	1	0 1 0 0 1 0 0 1 0 0 1 0 0 1 0 0 0 0 1 0
50	1	1 0 1 1 0 1 0 1 0 1 0 0 1 0 0 0 1 1 0 0
50	1	1 1 1 0 0 0 0 1 0 0 1 0 0 0 0 0 0 0 0 0
50	6	1 0 1 1 0 1 0 0 1 0 0 0 0 0 1 0 1 1 0 0
50	3	0 1 0 1 0 0 0 1 0 0 1 0 0 0 1 0 0 0 0 0
50	2	1 0 0 0 0 0 0 1 0 0 1 0 0 0 1 0 0 0 0 0
50	2	1 0 1 1 1 1 0 1 0 0 1 1 0 1 0 0 0 0 0 0
50	5	1 0 1 1 0 1 0 1 1 0 0 0 0 0 0 0 0 0 1 0
50	1	1 0 1 1 0 1 0 1 0 0 0 0 0 1 0 0 1 1 0 0
50	3	1 0 1 1 0 0 0 1 1 0 1 0 0 0 1 0 0 0 0 0
50	5	1 0 1 1 0 1 0 0 1 1 0 0 1 0 0 0 1 1 0 0
50	4	1 0 1 1 0 1 0 0 1 1 0 0 0 1 0 0 0 0 1 0
50	3	1 0 1 1 0 1 0 1 0 0 1 0 0 0 0 0 1 1 1 0
50	2	1 0 1 1 0 0 0 1 0 0 1 0 0 1 0 0 0 0 0 0
50	2	1 0 1 1 0 0 0 1 1 0 1 0 0 0 0 1 1 0 0 0
50	9	1 1 1 1 0 1 0 0 1 0 0 0 0 0 0 0 0 1 0 0
50	16	1 1 1 1 0 1 0 1 0 0 0 0 0 0 0 0 1 1 0 0
50	3	0 1 0 0 1 0 0 1 0 0 1 1 0 0 0 0 0 0 0 0
50	4	1 0 1 1 0 1 0 0 0 0 0 0 0 0 0 1 1 1 0 0
50	3	1 0 1 0 0 0 0 1 1 1 1 0 0 0 0 0 0 0 0 0
50	24	0 1 1 1 0 0 0 1 1 0 0 0 0 0 0 0 0 0 1 0
50	7	1 1 1 1 0 0 0 0 1 0 1 0 0 0 0 0 0 0 1 0
50	2	1 0 1 1 0 1 0 0 1 0 0 0 0 0 0 0 1 1 0 1
50	1	1 1 0 0 0 0 0 0 0 0 1 0 0 0 1 0 0 0 1 0
50	1	0 0 1 1 0 1 0 0 1 0 0 0 0 0 0 1 1 1 0 0
50	6	1 0 1 0 0 0 0 0 0 0 1 0 0 0 1 0 0 0 1 0
50	8	1 0 1 1 0 0 0 1 0 0 1 0 0 0 1 0 0 0 0 0
50	2	1 0 1 1 0 1 0 0 1 1 0 0 0 0 0 0 0 0 1 0
50	6	1 0 0 1 1 1 0 0 1 1 0 0 0 0 0 0 1 1 0 0
50	2	0 1 0 0 0 0 0 1 0 0 1 1 0 1 0 0 1 0 0 0
50	3	1 0 1 1 1 1 0 1 0 0 0 0 0 0 0 1 1 1 0 1
50	1	1 0 1 1 0 1 0 1 0 1 0 0 0 1 0 0 1 1 0 0
50	2	1 0 1 1 0 0 0 1 0 0 1 0 0 0 0 1 1 0 0 0
50	1	1 0 1 0 0 1 0 0 1 0 0 1 0 0 0 0 0 0 0 0
50	1	1 0 1 1 0 1 0 0 0 0 0 0 0 0 0 0 0 0 1 0
50	3	1 0 1 1 0 0 0 1 0 0 0 0 0 0 0 0 1 1 0 0
50	3	0 1 0 1 0 0 0 0 0 0 1 1 0 1 0 0 1 0 0 1
50	2	0 1 1 0 0 0 0 1 0 0 0 0 0 0 0 0 1 0 0 1
50	2	0 0 1 1 0 1 0 1 0 0 0 0 0 0 1 0 1 1 0 0
50	2	1 0 1 1 0 1 0 0 1 0 0 0 0 0 1 0 1 1 1 0
50	2	1 0 1 1 1 1 0 0 0 0 0 0 0 0 0 1 1 1 0 0
50	2	1 0 1 1 0 1 0 0 0 0 1 0 0 0 1 0 0 0 0 0
50	2	1 1 1 1 0 1 0 0 1 0 1 0 0 1 0 0 0 0 0 0
50	4	1 1 1 1 0 1 0 0 1 0 0 0 0 0 1 0 0 1 0 0
50	2	0 1 1 1 0 0 0 1 1 0 0 0 0 0 0 0 1 1 0 0
50	2	0 1 1 0 0 0 0 1 0 0 1 0 0 0 0 0 0 1 0 0
50	6	1 0 0 0 0 0 0 1 1 0 0 0 1 0 0 0 0 0 0 0
50	6	0 1 0 0 0 0 0 1 0 1 1 1 0 0 0 0 0 0 0 0
50	1	0 0 1 1 0 0 0 1 0 0 1 1 0 0 0 0 0 0 0 0
50	1	0 0 0 1 0 0 0 1 0 0 0 1 0 1 0 0 1 0 0 1
50	4	1 0 1 1 1 1 0 0 1 0 0 0 0 0 0 1 1 1 0 0
50	1	1 0 1 1 0 1 1 0 1 1 0 0 0 0 1 0 0 0 1 0
50	1	0 1 0 1 0 0 0 1 1 0 0 0 0 0 1 0 0 0 1 0
50	2	0 1 1 1 0 0 0 1 0 0 0 0 0 1 0 0 1 0 0 1
50	2	1 0 1 1 0 0 0 0 1 0 0 0 0 0 0 1 1 0 0 0
50	2	1 0 1 1 0 1 1 1 0 0 0 0 0 0 0 1 1 1 0 0
50	2	1 1 1 0 0 0 0 1 0 0 1 0 0 0 1 0 0 0 0 0
50	1	0 1 1 1 0 0 0 1 0 0 0 0 0 0 0 0 0 0 1 0
50	2	1 0 1 1 0 0 0 1 1 0 1 0 0 0 1 0 1 0 0 0
50	1	1 0 1 1 0 1 0 0 1 0 0 0 0 0 0 0 1 0 0 1
50	2	0 1 1 1 0 1 0 0 1 0 0 0 0 0 0 0 0 0 1 0
50	1	0 0 1 1 0 1 0 0 1 0 0 0 0 0 0 0 0 0 1 0
50	1	0 1 1 0 0 0 0 1 0 0 1 0 0 0 0 0 1 1 1 0
50	2	1 1 1 1 0 1 0 1 1 0 1 0 0 0 0 0 0 0 0 0
50	2	0 1 0 0 0 0 0 1 0 0 1 0 0 0 0 1 0 0 1 0
50	1	0 1 1 1 0 0 0 1 1 0 0 0 0 0 0 0 0 1 0 0
50	3	0 1 0 1 0 0 0 0 0 0 1 1 0 0 0 0 0 0 0 0
50	1	1 0 1 1 0 1 0 0 1 0 0 0 0 0 0 0 1 1 1 0
50	2	0 1 0 0 0 0 0 1 0 0 1 0 1 0 0 0 0 0 0 0
50	1	0 1 0 1 0 0 0 1 1 0 0 1 0 1 0 0 1 0 0 1
50	1	1 0 1 1 0 1 0 0 1 1 0 0 0 0 0 1 1 1 0 0
50	1	0 1 0 1 0 0 0 1 0 0 1 0 1 0 0 1 1 0 0 0
50	1	0 1 0 1 0 0 0 1 0 0 0 0 0 0 0 0 0 0 0 1
50	3	1 0 1 1 0 1 0 1 0 0 0 0 1 0 0 0 1 1 0 0
50	2	0 1 1 0 0 0 0 1 0 1 1 0 0 0 0 0 0 0 1 0
50	2	1 0 1 1 1 1 1 0 1 0 0 0 0 0 0 1 1 1 0 0
100	2	1 0 1 1 0 1 0 0 1 0 0 0 0 0 0 0 1 1 0 0
100	2	1 0 1 1 0 1 0 0 1 0 0 0 0 0 0 0 0 0 1 0
100	70	1 0 1 1 0 0 0 1 0 0 1 1 0 0 0 0 0 0 0 0
100	6	1 1 1 1 0 1 0 0 1 0 0 0 0 0 0 0 0 0 1 0
100	10	1 1 1 1 0 1 0 0 1 0 0 0 0 0 0 0 1 1 0 0
100	10	1 1 1 1 0 1 0 0 1 0 0 0 0 0 1 0 0 0 1 0
100	21	1 0 1 1 0 1 0 0 1 1 0 0 0 0 0 0 1 1 0 0
100	6	1 0 1 1 0 0 0 1 0 1 1 1 0 0 0 0 0 0 0 0
100	12	1 0 1 1 0 1 0 0 1 0 0 0 0 0 1 0 1 1 0 0
100	12	1 1 1 1 0 1 0 0 1 0 0 0 0 0 0 0 0 1 0 0
100	31	0 1 1 1 0 0 0 1 1 0 0 0 0 0 0 0 0 0 1 0
100	10	1 0 1 1 0 0 0 1 0 0 1 0 0 0 1 0 0 0 0 0
100	30	0 1 1 1 0 1 0 0 1 0 0 0 0 0 0 0 0 0 1 0
100	31	1 0 1 1 0 1 0 1 0 0 0 0 1 0 0 0 1 1 0 0
100	2	1 0 1 1 0 0 0 1 1 1 0 0 0 0 0 0 0 0 1 0
100	22	0 1 1 0 0 0 0 1 0 0 0 0 0 0 0 0 0 0 1 0
100	1	1 0 1 1 0 1 0 1 0 0 0 0 0 0 0 0 0 0 0 0
100	11	1 0 1 1 1 1 0 0 1 0 0 0 0 0 0 0 1 1 0 0
100	42	1 0 1 1 0 1 0 1 0 1 0 0 0 1 0 1 0 0 1 0
100	24	1 1 1 0 0 0 0 1 0 0 1 0 0 1 0 0 0 0 1 0
100	4	1 0 1 1 0 0 0 1 1 0 0 0 0 0 0 0 1 1 0 0
100	16	1 0 1 1 0 0 0 1 0 1 1 0 0 0 0 0 0 0 1 0
100	8	1 0 1 0 0 1 0 0 1 0 0 0 0 0 0 0 1 1 0 0
100	2	1 0 1 1 0 1 0 1 0 0 0 0 0 0 1 0 0 1 0 0
100	15	1 1 1 1 0 1 0 1 0 0 0 0 0 0 0 0 0 0 1 0
100	30	0 1 1 1 1 0 0 1 1 0 0 0 0 0 0 1 0 0 0 0
100	3	1 1 1 1 1 1 0 0 1 0 0 0 0 0 0 0 0 0 1 1
100	15	1 0 1 1 0 1 0 1 0 0 1 0 0 0 0 1 1 1 0 0
100	12	1 0 1 1 0 0 0 1 0 0 1 1 0 1 0 0 1 0 0 0
100	1	0 1 1 1 0 0 0 1 1 0 0 1 0 0 0 0 0 0 1 0
100	5	1 0 1 0 0 0 0 1 1 0 0 0 0 0 0 0 0 0 1 0
100	13	0 0 1 1 0 1 0 0 1 0 0 0 0 0 0 0 0 0 1 0
100	16	1 0 1 1 0 0 0 1 0 0 1 1 0 0 0 0 0 0 1 0
100	43	1 0 1 1 0 0 0 1 0 0 0 0 0 0 1 0 0 1 0 0
100	20	1 0 1 1 0 0 0 1 0 0 0 0 0 0 1 0 0 0 1 0
100	17	1 1 1 1 0 0 0 1 0 0 0 1 0 1 0 0 1 0 0 1
100	4	0 1 1 0 0 0 0 1 1 0 1 0 0 0 0 1 1 1 0 0
100	4	1 0 1 1 0 1 0 0 1 1 0 0 0 0 0 1 1 1 0 0
100	12	0 1 1 1 0 0 0 1 0 0 1 0 0 0 0 0 0 0 0 0
100	9	1 1 1 1 0 0 0 0 1 0 0 0 0 0 0 0 1 1 0 1
100	12	1 1 1 1 0 0 0 1 0 0 1 0 0 0 1 0 0 0 0 0
100	4	1 1 1 1 0 0 0 1 0 0 0 1 0 1 0 0 1 0 1 0
100	8	1 1 1 1 0 1 0 0 1 0 0 0 0 0 1 1 0 0 1 0
100	13	1 0 1 1 0 0 0 1 1 1 0 0 0 0 1 0 0 0 1 0
100	11	0 1 1 1 0 0 0 1 0 0 1 1 1 0 0 0 1 1 0 0
100	7	1 0 1 1 0 1 1 1 1 0 0 0 0 0 1 0 0 0 1 0
100	42	1 0 1 1 0 1 0 0 1 0 0 0 0 0 1 0 0 0 1 0
100	12	1 0 1 1 0 1 0 0 1 0 0 0 0 0 1 1 0 0 1 0
100	3	1 0 1 1 0 1 0 1 1 1 0 0 0 0 0 0 0 0 1 0
100	2	0 1 1 1 1 0 0 1 0 1 1 0 0 0 0 1 1 1 0 0
100	22	1 0 1 1 0 1 0 1 0 1 0 0 0 1 1 1 0 0 1 0
100	1	1 1 1 1 1 1 0 0 1 0 0 0 0 0 0 1 0 0 1 1
100	1	1 1 1 1 0 1 0 0 1 0 0 1 0 0 0 0 0 0 1 0
100	1	1 0 1 1 1 1 0 1 0 0 0 0 0 0 0 0 0 0 1 0
100	1	1 0 1 1 0 1 0 1 0 0 1 0 0 0 0 0 0 0 0 0
100	2	1 0 1 1 0 0 0 1 0 0 1 1 0 0 0 0 0 1 0 0
100	7	1 0 1 1 0 0 1 1 1 0 0 0 0 0 0 0 1 1 0 0
100	8	1 0 1 1 0 0 0 1 0 0 0 0 0 0 0 1 1 0 0 0
100	2	1 0 1 0 0 0 0 1 1 0 1 0 0 0 0 1 1 1 0 0
100	4	1 0 1 1 0 0 0 1 0 0 1 1 0 0 0 0 0 1 1 0
100	1	1 0 1 1 0 1 0 0 1 0 0 0 1 0 1 1 0 0 1 0
100	3	0 1 1 0 0 0 0 1 0 0 0 1 0 0 0 0 0 0 1 0
100	9	1 0 1 0 0 1 0 0 1 0 0 0 0 0 1 0 0 0 1 0
100	1	1 0 1 1 0 0 0 1 0 0 0 0 0 0 0 0 0 0 1 0
100	8	1 1 1 1 0 1 0 1 0 1 0 0 0 1 1 1 0 0 1 0
100	5	1 0 1 1 0 1 0 1 0 1 0 0 0 0 1 0 0 0 1 0
100	2	1 0 0 1 0 0 0 1 0 0 1 0 0 0 1 0 0 0 0 0
100	1	1 0 1 1 0 0 0 1 0 0 1 0 0 0 1 1 1 1 0 0
100	2	1 0 1 1 0 1 0 1 0 0 0 0 0 0 0 0 1 0 0 1
100	10	1 0 1 1 1 0 0 1 0 0 1 1 0 0 0 0 0 0 0 0
100	4	1 0 0 1 0 1 0 0 1 0 0 0 0 0 1 0 1 1 0 0
100	1	1 0 1 1 0 0 1 1 0 0 0 0 0 0 0 0 1 1 0 0
100	5	1 0 1 1 0 1 0 1 0 1 0 0 0 0 0 0 0 0 1 0
100	4	1 1 1 1 0 0 0 1 0 0 1 1 0 0 0 0 0 0 0 0
100	1	1 0 1 0 0 0 0 1 1 0 0 0 0 0 0 0 1 0 0 0
100	2	1 0 1 1 0 1 0 0 1 0 0 0 0 1 0 0 1 0 0 0
100	8	1 1 1 1 0 1 0 1 1 0 0 0 0 0 0 0 0 0 1 0
100	4	1 1 1 1 0 1 0 1 0 0 0 0 0 0 0 0 0 0 1 1
100	8	1 0 1 1 0 1 0 1 0 1 0 0 0 1 0 1 1 1 0 0
100	18	0 1 1 1 0 0 0 1 1 0 0 0 0 0 0 0 0 0 0 0
100	5	1 0 1 0 0 1 1 1 0 0 0 0 0 1 0 0 1 1 0 0
100	6	1 0 1 1 0 1 0 1 0 1 0 1 0 1 0 1 0 0 1 0
100	2	1 1 1 1 0 0 0 1 0 0 0 1 0 1 0 0 0 0 0 1
100	7	0 1 1 1 1 0 0 1 0 1 1 0 0 0 1 1 1 1 0 0
100	2	1 0 1 1 1 0 0 1 0 0 1 1 0 0 1 0 0 0 0 0
100	1	0 1 1 1 0 1 0 0 1 0 0 0 0 0 0 0 0 1 0 0
100	3	1 0 1 1 0 1 0 1 0 0 0 0 0 0 0 0 0 1 1 0
100	2	1 1 1 1 1 1 0 0 1 0 0 0 0 0 0 0 0 0 1 0
100	2	0 1 1 1 1 1 0 0 1 0 0 0 0 0 0 0 0 0 1 0
100	4	1 0 1 0 1 1 0 0 1 0 0 0 0 0 0 0 1 1 0 0
100	1	1 0 1 1 0 1 0 1 1 1 0 0 0 1 0 1 0 0 1 0
100	1	0 1 1 0 1 0 0 1 0 1 1 0 0 0 0 1 1 1 0 0
100	6	0 0 1 1 0 1 0 1 0 1 0 0 0 1 1 1 0 0 1 0
100	2	0 0 1 1 0 0 0 1 0 0 0 0 0 0 0 0 0 0 0 0
100	1	1 1 1 1 0 1 0 0 1 1 1 0 0 0 0 1 1 1 0 0
100	4	1 0 0 1 0 0 0 1 0 0 1 1 0 0 0 0 0 0 0 0
100	2	1 1 1 1 0 1 0 0 1 0 0 0 0 0 0 0 1 1 0 1
100	6	1 0 1 1 0 1 0 1 0 1 0 0 1 0 1 0 0 0 1 0
100	1	1 0 1 1 0 0 1 1 0 0 0 0 0 0 1 0 1 1 0 0
100	1	1 1 1 1 0 1 0 1 0 0 0 1 0 0 0 0 0 0 1 1
100	1	0 1 1 1 0 1 0 1 0 0 1 1 0 0 0 0 0 0 0 0
100	1	1 0 1 1 0 0 0 1 0 0 1 0 0 0 1 0 0 0 1 0
100	5	1 0 1 1 0 0 0 1 1 1 0 0 0 0 0 0 0 1 0 0
100	1	1 0 1 1 0 0 0 1 0 0 1 1 0 1 0 0 1 1 1 0
100	2	1 0 1 1 0 0 0 0 1 0 0 0 0 0 0 0 0 0 1 0
100	3	1 0 1 1 0 0 1 1 0 0 1 0 0 0 1 0 1 0 0 0
100	2	0 0 1 1 0 1 0 0 1 0 0 0 0 0 0 0 1 1 0 0
100	2	1 0 1 1 0 0 0 1 0 0 1 1 1 0 0 0 0 0 0 0
100	4	1 0 1 1 0 0 0 1 0 1 1 1 0 1 0 0 1 0 0 0
100	9	1 0 1 1 1 0 0 1 1 1 0 0 0 0 1 0 0 0 1 0
100	4	1 0 1 1 0 1 1 0 1 0 0 0 0 0 1 0 0 0 1 0
100	1	0 1 1 1 0 1 0 0 1 0 0 0 0 0 0 0 0 0 0 0
100	2	1 0 1 1 0 1 0 1 0 0 1 1 0 0 0 0 0 0 0 0
100	1	0 1 1 1 1 0 0 1 1 0 1 0 0 0 1 0 0 0 0 0
100	1	1 0 0 1 0 1 0 0 1 0 0 0 0 0 0 0 0 0 1 0
100	1	1 0 1 0 0 1 0 0 1 1 0 0 0 0 0 0 1 1 0 0
100	1	1 0 1 1 0 1 0 1 0 0 1 0 0 0 0 1 0 1 0 0
100	2	1 0 1 1 0 0 0 1 0 1 0 0 0 0 1 0 0 1 0 0
100	1	1 0 1 1 0 0 0 1 0 0 0 0 0 0 1 1 0 0 1 0
100	1	0 1 1 1 1 0 0 1 0 1 1 0 0 0 1 1 1 0 0 0
100	1	1 0 1 1 0 0 0 0 1 0 0 0 0 0 0 0 1 1 0 0
100	2	1 0 1 1 0 0 0 1 0 0 1 1 0 0 0 0 1 1 0 0
100	1	1 0 1 1 0 0 0 1 1 0 0 0 0 0 0 0 0 0 1 0
100	1	1 0 1 1 0 0 0 1 0 0 1 1 0 1 0 1 0 0 1 0
100	1	1 0 1 1 0 1 0 1 0 0 0 0 1 0 0 0 1 0 0 1
100	1	1 1 1 0 0 0 0 1 0 0 1 0 0 1 0 0 0 0 0 0
100	2	1 1 1 0 0 0 0 1 0 0 0 0 0 0 1 0 0 0 1 0
100	1	1 0 1 0 1 1 0 0 1 0 0 0 0 0 1 0 0 0 1 0
100	1	0 0 1 1 0 0 0 1 0 0 1 1 0 0 0 0 0 0 0 0
100	2	1 0 1 1 0 1 0 0 1 1 0 0 0 1 0 0 1 1 0 0
100	1	0 1 0 1 0 1 0 0 1 0 0 0 0 0 0 0 0 0 1 0
100	1	0 1 1 0 1 0 0 1 0 0 0 0 0 0 0 0 0 0 1 0
100	2	0 1 1 1 1 0 0 1 1 0 0 0 0 0 1 1 0 0 0 0
100	2	1 1 1 1 1 1 0 0 1 0 0 0 0 0 0 0 0 0 0 1
100	2	0 1 1 0 0 0 0 1 1 0 1 0 0 0 0 1 0 1 0 0
100	1	1 1 0 1 0 0 0 1 0 0 1 0 0 0 1 0 0 0 0 0
100	2	1 1 1 1 1 0 0 1 0 0 1 0 0 0 1 0 0 0 0 0
100	4	1 0 1 1 0 1 0 1 0 1 0 0 0 1 1 1 1 0 1 0
100	1	0 0 1 1 0 0 0 1 1 0 0 1 0 0 0 0 0 0 0 0
100	1	1 1 1 1 0 0 0 1 0 1 1 1 0 0 0 0 0 1 1 0
100	2	1 0 1 1 0 0 1 1 1 0 1 0 0 0 1 0 1 0 0 0
150	4	1 0 1 1 0 1 0 0 1 0 0 0 0 0 0 0 0 0 1 0
150	12	1 0 1 1 0 0 0 1 0 0 1 1 0 0 0 0 0 0 0 0
150	7	1 0 1 1 0 1 0 0 1 1 0 0 0 0 0 0 1 1 0 0
150	7	0 1 1 0 0 0 0 1 0 0 0 0 0 0 0 0 0 0 1 0
150	14	1 0 1 1 0 0 0 1 0 0 1 1 0 0 0 0 0 0 1 0
150	19	0 1 1 1 0 0 0 1 0 0 1 0 0 0 0 0 0 0 0 0
150	27	1 1 1 1 0 1 0 0 1 0 0 0 0 0 1 1 0 0 1 0
150	2	1 0 1 1 0 1 0 0 1 0 0 0 0 0 1 0 0 0 1 0
150	17	1 0 1 1 0 1 0 0 1 0 0 0 0 0 1 1 0 0 1 0
150	30	1 0 1 1 0 1 0 1 0 1 0 0 0 1 1 1 0 0 1 0
150	1	1 1 1 1 0 1 0 1 0 1 0 0 0 1 1 1 0 0 1 0
150	5	0 1 1 1 0 0 0 1 1 0 0 0 0 0 0 0 0 0 0 0
150	2	0 1 1 1 1 0 0 1 0 1 1 0 0 0 1 1 1 1 0 0
150	17	1 0 1 1 0 0 0 1 0 0 1 1 1 0 0 0 0 0 0 0
150	28	0 1 1 1 0 0 0 1 0 0 1 0 0 0 1 0 1 1 0 0
150	4	0 1 1 1 0 0 0 1 0 0 0 0 0 0 0 0 0 0 0 0
150	63	0 1 1 1 0 0 0 1 1 0 0 0 0 0 0 1 0 0 0 0
150	11	1 0 1 1 0 1 0 1 0 1 0 0 0 0 1 1 1 0 1 0
150	19	1 0 1 1 0 0 0 0 0 0 0 0 0 0 0 1 1 0 0 0
150	5	1 0 1 1 0 1 0 1 0 1 1 1 0 1 0 0 0 0 0 0
150	24	1 0 1 1 0 1 0 1 0 0 0 0 0 1 1 1 0 0 1 0
150	4	0 1 1 1 0 0 0 1 1 0 0 0 0 0 1 0 0 0 1 0
150	25	1 0 1 1 0 1 0 1 0 0 1 0 1 0 0 0 0 0 0 0
150	9	1 0 1 1 0 0 0 1 1 0 0 0 0 0 0 0 0 0 1 0
150	6	1 0 1 1 0 1 0 0 1 0 0 0 0 1 1 1 0 0 1 0
150	13	0 1 1 1 0 1 0 0 1 1 0 0 0 0 0 0 1 1 0 0
150	26	0 1 1 1 1 0 0 1 1 0 0 0 0 0 0 1 0 0 0 1
150	4	1 0 1 0 0 0 0 1 0 0 0 0 0 0 0 0 0 0 1 0
150	62	1 1 1 1 0 1 0 1 0 1 0 1 0 1 0 1 0 0 1 0
150	2	1 0 1 1 0 1 0 1 1 1 0 0 0 0 1 0 0 0 1 0
150	11	1 0 1 1 0 1 0 0 0 1 0 0 0 1 0 1 0 0 1 0
150	10	1 1 1 1 0 0 0 1 1 0 0 0 0 0 0 0 0 0 0 0
150	20	1 1 1 1 0 1 0 0 1 0 0 0 0 1 1 1 0 0 1 0
150	2	1 0 1 1 0 1 0 0 1 0 0 0 0 0 0 0 1 1 0 1
150	10	1 0 1 1 1 0 0 1 0 0 1 1 0 0 0 0 0 0 0 0
150	2	1 0 1 1 0 0 0 1 1 1 0 1 0 1 0 0 0 1 0 1
150	4	1 0 1 1 0 1 0 1 0 0 0 0 1 0 0 1 0 0 1 0
150	8	1 0 1 1 0 1 0 0 1 0 0 0 0 0 1 0 1 0 1 0
150	59	1 1 1 1 0 0 0 1 1 0 0 0 0 0 0 0 0 0 1 0
150	8	1 0 1 1 0 0 1 1 0 0 1 1 0 0 0 0 0 0 1 0
150	2	1 0 1 1 0 0 0 1 0 0 1 1 0 1 0 1 1 0 1 0
150	24	1 0 1 1 0 1 0 1 0 1 0 0 0 0 0 1 0 0 0 0
150	1	1 1 1 1 0 0 0 1 0 1 0 1 0 1 0 0 1 0 0 0
150	1	0 1 1 1 1 0 0 1 0 0 1 0 0 1 1 0 0 0 0 0
150	5	1 0 1 1 0 0 0 1 0 0 0 0 0 0 0 1 0 0 0 1
150	3	0 1 1 1 0 0 0 1 0 0 1 1 1 1 0 0 1 1 0 0
150	9	1 0 1 0 0 1 0 0 1 0 0 0 0 1 1 0 0 0 1 0
150	24	1 1 1 1 0 0 0 1 1 1 0 1 0 1 0 0 0 1 0 0
150	13	1 0 1 1 0 1 1 1 0 1 0 0 0 1 0 1 0 1 1 0
150	10	0 1 1 1 0 0 0 1 1 0 0 0 0 0 0 1 0 0 1 1
150	7	0 1 1 0 0 0 0 1 0 1 0 0 0 0 0 0 0 0 1 0
150	1	1 0 1 1 0 0 0 1 1 1 0 1 0 0 0 0 0 1 1 0
150	3	1 1 1 1 0 0 0 1 1 0 0 0 0 0 0 1 0 0 0 0
150	5	1 0 1 0 0 1 0 1 0 1 0 0 0 1 1 1 0 0 1 0
150	5	0 1 1 1 0 0 0 1 1 1 0 0 0 0 0 1 0 0 0 0
150	18	1 1 1 1 0 1 0 1 0 1 0 1 0 1 1 0 0 0 1 0
150	3	1 0 1 1 0 1 0 1 1 1 0 0 0 1 1 1 0 0 1 0
150	1	1 0 1 1 0 1 0 0 1 1 0 0 0 0 1 0 0 0 1 0
150	8	1 0 1 1 0 0 1 1 0 0 1 0 0 0 1 1 1 1 0 0
150	5	0 1 1 0 0 1 0 1 0 1 0 0 0 0 1 1 1 0 1 0
150	10	1 1 1 1 1 0 0 1 1 0 0 0 0 0 1 0 0 0 0 0
150	10	1 0 1 1 0 0 0 1 1 0 0 0 0 0 0 1 0 0 0 0
150	1	1 1 1 1 1 0 0 0 1 0 0 0 0 0 1 0 0 0 1 0
150	4	1 0 1 0 0 0 0 1 0 0 1 1 0 0 0 0 0 0 1 0
150	2	0 1 1 1 1 0 0 0 1 0 0 0 0 0 0 1 0 0 0 1
150	11	1 1 1 1 1 0 0 1 0 0 1 0 1 0 1 0 0 0 0 0
150	5	1 0 1 1 0 1 0 0 1 1 0 0 0 0 0 0 0 0 1 0
150	5	0 1 1 1 0 1 0 1 1 0 0 0 0 0 0 1 0 0 0 0
150	4	0 1 0 1 0 0 0 1 1 0 0 0 0 0 0 1 0 0 0 0
150	3	1 0 1 1 0 1 0 0 0 0 0 0 0 0 1 1 0 1 1 0
150	2	1 1 1 1 0 1 0 0 1 0 1 0 0 0 1 1 0 0 1 0
150	2	1 0 1 1 0 1 0 1 0 1 0 1 0 1 1 1 0 0 1 0
150	1	0 1 1 1 0 0 0 1 0 0 1 0 0 0 1 0 1 1 0 1
150	2	1 1 1 1 1 1 0 0 1 0 0 0 0 1 1 1 0 0 1 0
150	1	0 0 1 1 0 0 0 1 0 0 1 1 1 0 0 1 1 0 0 0
150	5	0 1 1 1 0 0 0 1 0 0 1 0 0 0 1 1 1 0 1 0
150	5	1 1 1 1 0 1 0 0 1 1 0 1 0 1 0 0 0 1 0 0
150	1	1 0 1 1 1 0 0 1 0 0 1 1 0 0 0 0 0 0 1 0
150	2	0 1 1 1 0 0 0 0 0 0 1 1 1 0 0 0 1 1 0 0
150	8	1 1 1 1 1 0 0 1 1 1 0 0 0 0 0 1 0 0 0 0
150	12	0 1 1 1 0 1 0 1 0 1 0 0 0 0 0 0 0 0 0 0
150	5	1 0 1 1 0 0 0 0 0 1 0 0 0 0 0 1 1 0 0 0
150	1	1 0 1 1 0 0 0 1 0 0 0 1 0 0 0 1 0 0 0 1
150	3	1 1 1 1 1 1 0 1 1 0 0 0 0 1 1 1 0 0 1 0
150	8	1 0 1 1 0 1 0 1 0 0 1 0 0 1 1 0 0 0 0 0
150	4	1 0 1 1 0 0 0 1 1 0 0 0 0 0 1 1 0 0 1 0
150	1	1 0 1 1 0 1 0 0 1 1 0 0 0 0 0 0 1 1 1 0
150	1	0 1 1 1 0 0 0 1 1 0 0 0 0 0 1 1 0 0 0 0
150	2	1 0 1 1 0 1 0 1 0 1 0 0 0 0 1 1 1 0 1 1
150	1	1 1 1 1 0 1 0 1 0 1 1 1 0 1 0 1 0 0 1 0
150	13	1 0 1 1 0 1 1 1 0 1 1 0 0 1 0 1 0 1 1 0
150	1	1 1 1 0 0 0 0 1 0 1 0 0 0 0 0 0 0 0 1 0
150	1	0 0 1 0 0 1 0 1 0 1 0 0 0 1 1 1 0 0 1 0
150	5	1 0 1 1 0 0 0 1 1 0 0 0 0 0 0 1 0 0 1 0
150	5	0 1 0 1 0 0 0 1 1 0 0 0 0 0 0 1 0 0 1 0
150	1	0 1 1 0 0 0 0 1 0 0 0 0 0 0 1 0 0 0 1 0
150	4	0 1 1 1 0 0 0 1 0 0 0 0 1 0 0 0 0 0 0 0
150	4	1 1 1 1 0 1 0 1 0 0 0 0 0 1 1 1 0 0 1 0
150	3	1 0 1 1 1 0 0 1 0 0 1 1 0 0 0 0 1 0 0 0
150	3	1 1 1 1 1 0 0 1 1 0 0 0 0 1 1 0 0 0 0 0
150	3	0 1 1 1 1 0 0 1 0 0 1 0 1 0 1 0 0 0 0 0
150	2	1 1 1 1 0 1 0 0 1 0 0 1 0 1 0 1 0 0 1 0
150	1	0 1 1 1 0 0 0 1 1 0 0 0 0 1 1 1 0 0 1 0
150	4	1 0 1 1 0 1 0 1 0 0 0 0 0 0 1 1 0 0 1 0
150	5	1 0 1 1 0 1 0 1 0 0 1 0 0 0 0 0 0 0 1 0
150	4	1 1 1 1 0 0 0 1 1 0 1 1 0 0 0 0 0 0 0 0
150	2	1 0 1 0 0 1 0 0 1 1 0 0 0 0 0 0 1 1 0 0
150	3	0 0 1 1 0 1 0 1 0 1 0 0 0 1 1 1 0 0 1 0
150	1	1 0 1 1 0 1 0 1 1 1 0 0 0 0 1 1 1 0 1 0
150	1	1 0 1 1 1 1 0 1 0 1 0 0 0 0 1 1 1 0 1 0
150	1	1 1 1 1 0 1 0 1 0 0 0 1 0 1 0 1 0 0 1 0
150	1	1 0 1 1 0 1 0 1 0 1 0 0 0 0 1 1 1 0 0 0
150	1	1 1 1 1 0 0 0 0 0 1 0 0 0 0 0 1 1 0 0 0
150	4	1 1 1 1 1 0 0 1 0 0 1 1 0 0 0 0 0 0 1 0
150	2	1 1 1 1 1 0 0 1 0 0 1 0 1 0 0 1 0 0 0 0
150	1	1 0 1 1 0 1 0 0 1 1 0 0 0 0 0 0 0 0 0 0
150	2	1 0 1 1 0 1 1 1 0 0 1 1 1 0 0 0 1 1 0 0
150	1	1 1 1 1 0 1 0 0 1 0 0 1 0 0 1 1 0 0 1 0
150	1	1 0 1 1 0 0 0 1 0 0 1 1 1 0 0 0 0 1 0 0
150	1	1 0 1 1 0 1 0 1 0 0 0 0 0 0 0 0 0 0 1 0
150	3	1 0 1 1 0 1 1 1 0 1 0 0 1 1 0 1 0 1 1 0
150	3	1 0 1 0 0 0 1 1 0 0 1 0 0 0 1 1 1 1 0 0
150	1	0 1 1 1 0 0 0 1 0 0 1 1 0 0 1 0 1 1 0 1
150	2	1 1 1 1 1 0 0 1 1 1 0 0 1 0 0 1 0 0 0 0
150	3	1 1 1 1 0 1 0 1 0 1 1 1 0 1 0 0 0 0 1 0
150	7	0 1 1 1 0 0 0 1 1 0 0 0 1 1 1 1 0 0 1 0
150	1	1 1 1 1 0 1 0 1 1 0 0 0 0 0 0 0 0 0 1 0
150	2	1 1 1 1 0 1 0 1 0 1 0 0 0 0 0 1 0 0 0 1
150	1	1 1 1 1 0 0 0 1 1 1 0 1 0 1 0 0 0 0 0 0
150	1	1 1 1 1 1 0 0 1 0 0 1 0 1 1 0 1 0 1 1 0
150	2	1 0 1 1 0 0 0 1 0 0 1 0 0 0 0 0 0 0 1 0
150	1	0 1 1 1 0 0 0 1 0 0 1 1 0 0 0 0 0 0 0 0
150	2	0 1 1 1 0 0 0 1 1 0 1 0 0 0 0 0 0 0 0 0
150	2	0 1 1 1 0 0 0 0 1 0 0 0 0 0 1 0 0 0 1 0
150	1	1 0 1 1 0 1 0 0 0 1 0 0 0 0 0 1 0 0 1 0
150	2	1 1 1 1 0 0 0 1 0 1 0 1 1 1 0 0 1 0 0 0
150	2	1 1 0 1 0 0 1 1 1 0 0 0 0 0 0 0 0 0 0 0
150	1	1 1 1 1 1 1 0 1 0 0 1 0 1 0 1 0 0 0 0 0
150	2	0 0 1 1 0 1 0 1 0 1 0 0 0 0 0 1 1 0 0 0
150	2	1 0 1 1 0 1 0 0 1 1 0 0 0 0 0 1 0 0 1 0
150	2	0 0 1 1 0 0 0 0 0 1 0 0 0 0 0 1 1 0 0 0
150	3	1 0 1 0 0 0 0 1 1 0 0 0 0 0 0 1 0 0 1 0
200	6	1 0 1 1 0 1 0 1 0 1 0 0 0 1 1 1 0 0 1 0
200	50	1 0 1 1 0 0 0 1 0 0 1 1 1 0 0 0 0 0 0 0
200	28	0 1 1 1 0 0 0 1 1 0 0 0 0 0 0 1 0 0 0 0
200	7	1 0 1 1 0 1 0 1 0 0 1 0 1 0 0 0 0 0 0 0
200	2	0 1 1 1 1 0 0 1 1 0 0 0 0 0 0 1 0 0 0 1
200	24	1 1 1 1 0 0 0 1 1 1 0 1 0 1 0 0 0 1 0 0
200	14	1 1 1 1 1 0 0 1 0 0 1 0 1 0 1 0 0 0 0 0
200	66	0 1 1 1 0 1 0 1 1 0 0 0 0 0 0 1 0 0 0 0
200	15	0 1 1 1 0 0 0 1 0 0 1 0 0 0 1 1 1 0 1 0
200	20	0 1 1 1 0 1 0 1 0 1 0 0 0 0 0 0 0 0 0 0
200	2	1 0 1 0 0 0 0 1 0 0 0 0 0 0 0 0 0 1 1 0
200	15	1 0 1 1 0 1 0 1 0 1 0 0 0 0 1 1 0 0 1 0
200	2	0 1 1 1 0 0 0 1 1 0 0 0 0 0 0 1 1 0 0 0
200	8	1 0 1 1 0 0 0 1 0 0 1 0 0 1 1 0 0 0 0 0
200	27	0 1 1 0 0 0 0 1 0 0 1 1 0 0 0 0 0 0 0 0
200	2	0 1 1 1 1 0 0 1 0 0 1 0 1 0 1 0 0 1 0 0
200	10	1 0 1 1 0 1 0 0 1 1 0 0 0 1 0 1 0 0 1 0
200	1	0 1 1 1 0 0 0 1 1 0 1 0 0 0 0 1 0 0 1 1
200	3	0 1 1 1 0 0 0 1 1 0 1 1 0 0 0 0 0 0 1 0
200	1	1 0 1 1 0 1 0 1 0 1 1 1 0 1 0 0 0 1 0 0
200	2	1 0 1 1 0 0 0 1 0 0 1 1 1 0 0 0 0 0 1 0
200	8	0 1 1 1 0 0 0 1 0 1 0 1 1 1 0 0 1 0 0 0
200	6	0 1 1 0 0 0 0 1 1 0 0 0 0 0 0 1 0 0 1 1
200	15	1 1 1 1 0 1 0 0 1 0 0 0 0 1 0 0 0 0 0 0
200	10	1 0 1 1 0 0 0 0 0 0 0 0 0 0 1 1 0 0 1 0
200	30	1 0 1 0 0 1 0 1 0 1 0 0 0 0 1 1 0 0 1 0
200	19	1 1 1 1 0 0 0 1 1 0 0 0 0 1 1 0 0 0 1 0
200	11	1 1 1 1 0 0 0 1 0 0 1 1 1 0 0 0 0 0 0 0
200	5	1 1 1 1 0 0 0 1 1 0 0 1 0 0 0 1 0 0 0 0
200	6	1 1 1 1 1 1 0 1 0 0 1 1 0 1 1 1 0 0 1 0
200	26	1 0 1 1 0 0 0 1 1 0 0 0 0 0 0 1 0 0 0 1
200	28	0 1 1 1 0 0 0 1 1 0 0 0 0 0 1 1 0 0 1 0
200	1	1 1 1 1 0 1 0 1 0 0 1 0 0 0 0 0 0 0 1 0
200	6	0 1 1 1 0 0 0 1 1 0 0 0 0 0 0 1 0 0 0 1
200	2	1 0 1 1 0 0 0 1 0 1 1 1 1 0 0 0 0 0 0 0
200	12	0 1 1 1 0 0 0 0 0 0 1 0 0 0 0 0 1 1 0 0
200	12	0 1 1 1 0 0 0 1 1 0 1 0 0 0 0 0 0 0 1 1
200	22	1 1 1 1 0 0 0 1 1 0 0 0 0 0 1 0 0 0 1 0
200	10	1 0 1 1 0 0 0 0 0 0 0 0 0 1 0 1 0 0 1 0
200	12	1 0 1 1 0 0 0 1 0 0 0 1 0 0 0 0 0 0 1 0
200	20	1 1 1 1 0 0 0 1 0 1 1 1 1 0 0 0 0 0 0 0
200	1	1 1 1 1 0 1 0 1 0 0 0 1 0 1 0 1 0 0 1 0
200	1	1 1 1 1 0 1 0 0 0 0 1 0 0 0 0 1 1 0 0 0
200	3	1 1 1 1 0 1 0 0 1 0 1 0 0 1 1 0 0 0 1 0
200	14	0 1 1 1 0 1 0 1 1 0 0 1 0 0 0 1 0 0 0 0
200	4	0 1 1 1 0 0 0 1 0 0 1 1 0 0 0 0 0 0 1 0
200	6	0 1 1 1 0 0 0 1 0 0 1 1 0 0 0 0 1 0 1 1
200	1	1 0 1 1 0 0 0 1 1 0 1 1 0 0 0 0 0 0 1 0
200	11	0 1 1 0 1 0 0 1 1 0 0 0 0 0 0 1 0 0 0 1
200	2	1 0 1 1 0 0 0 1 1 0 1 0 0 0 0 1 1 0 1 1
200	5	0 1 1 1 0 0 0 1 1 1 0 1 0 1 0 0 0 1 0 0
200	3	0 1 1 0 0 0 0 1 0 0 1 1 0 0 1 0 0 0 0 0
200	7	1 1 0 1 0 0 0 1 1 0 0 1 0 0 0 1 1 0 0 0
200	17	0 1 1 1 0 1 0 0 1 0 0 0 0 1 0 0 0 0 0 0
200	3	1 0 1 1 0 1 0 1 0 1 0 0 0 1 1 0 0 1 1 0
200	31	1 0 1 1 0 0 1 1 0 0 1 1 1 0 0 0 0 0 0 0
200	3	1 1 1 1 0 1 0 0 1 0 0 0 0 0 0 0 0 0 0 0
200	5	0 1 1 1 0 0 0 1 0 0 1 0 0 0 0 0 1 1 1 0
200	1	1 0 1 1 0 1 0 1 1 1 1 1 0 1 0 0 0 1 0 0
200	2	1 0 1 1 0 0 0 1 0 0 1 1 1 0 0 1 0 0 0 0
200	7	1 0 1 1 0 1 0 1 0 1 0 0 0 0 1 1 1 0 1 0
200	8	0 0 1 1 0 0 0 1 0 1 0 1 1 1 0 0 1 0 0 0
200	11	0 1 1 1 0 0 0 1 0 0 1 0 0 0 1 1 1 0 0 0
200	5	0 1 1 1 0 1 0 0 1 1 0 0 0 1 0 1 0 0 1 0
200	1	1 0 1 1 0 0 0 1 0 1 0 1 1 1 0 0 1 0 0 0
200	8	0 0 1 1 0 1 0 0 1 1 0 0 0 1 0 1 0 0 1 0
200	1	0 1 1 1 0 0 0 1 1 0 1 0 0 1 0 1 1 0 1 1
200	2	1 1 1 1 0 0 0 1 1 1 0 1 0 0 0 0 0 0 0 0
200	5	1 1 1 1 0 0 0 1 0 0 1 0 1 0 1 0 0 0 0 0
200	6	1 0 1 1 0 0 0 1 1 0 0 1 0 0 0 1 0 0 0 0
200	4	0 0 1 0 0 1 0 1 0 1 0 0 0 0 1 1 0 0 1 0
200	5	0 1 1 1 0 0 0 1 1 0 0 0 0 0 0 1 0 0 1 1
200	9	1 1 1 1 0 1 0 0 1 0 0 0 0 0 0 1 0 0 0 0
200	1	0 1 1 1 0 1 0 1 0 0 1 0 0 1 1 0 0 0 0 0
200	3	1 1 1 1 1 0 0 1 1 0 0 0 0 0 0 1 0 0 0 1
200	7	0 1 1 1 0 1 0 1 1 0 0 0 0 0 0 1 1 0 0 0
200	1	1 1 1 1 0 0 0 1 1 1 1 1 0 1 0 0 0 1 0 0
200	13	1 1 1 1 0 0 0 0 1 1 0 1 0 1 0 0 0 1 0 0
200	2	1 0 1 1 0 1 0 0 1 1 0 1 0 1 0 1 0 0 1 0
200	1	1 1 1 0 0 0 0 1 1 0 0 0 0 1 1 0 0 0 1 0
200	1	0 1 1 1 0 0 0 0 1 0 0 0 0 1 0 1 0 0 1 0
200	12	0 1 1 1 0 0 0 1 0 0 1 1 0 0 0 1 1 0 1 1
200	1	0 1 1 0 0 0 0 1 1 0 0 0 0 0 1 0 0 1 0 0
200	8	0 1 1 1 0 1 0 1 1 0 0 0 0 0 0 0 0 0 0 0
200	2	0 1 1 1 0 0 0 1 1 0 1 1 0 0 0 0 1 1 1 0
200	2	1 1 1 1 0 1 0 0 1 0 0 0 0 0 0 0 0 1 1 0
200	3	1 0 1 1 0 0 0 0 0 1 0 0 0 1 0 1 0 0 1 0
200	10	1 0 1 0 0 1 0 1 0 0 1 0 0 1 1 0 0 0 0 0
200	5	0 1 1 1 0 1 0 0 1 1 0 0 0 1 0 0 0 0 1 0
200	6	1 0 1 1 0 0 0 1 0 0 1 0 1 1 1 0 0 0 0 0
200	3	1 1 1 1 1 1 0 1 0 0 1 1 0 1 1 1 0 0 0 0
200	3	1 0 1 1 0 0 0 1 0 1 0 1 0 0 0 0 0 0 1 0
200	3	1 0 1 1 0 0 0 1 1 0 1 0 0 0 0 1 1 1 1 1
200	2	1 1 1 1 0 0 0 1 0 0 1 0 0 0 1 0 0 0 0 0
200	5	0 1 1 1 1 0 0 1 0 1 0 0 0 0 0 0 0 0 0 0
200	3	1 0 1 1 0 0 0 1 1 0 0 0 0 0 0 1 0 0 0 0
200	2	1 1 1 1 0 0 0 1 0 0 1 1 0 0 0 1 1 0 0 0
200	5	0 1 1 1 0 0 0 1 1 1 0 0 0 0 0 1 0 0 0 1
200	3	1 1 1 1 0 1 0 1 0 1 0 0 0 0 1 0 0 0 1 0
200	7	1 1 1 1 1 0 0 1 0 0 1 0 1 0 0 0 0 1 0 0
200	3	1 1 1 1 0 0 0 1 1 0 0 0 0 0 0 0 0 0 1 0
200	1	0 1 1 1 0 1 0 0 1 0 0 0 0 1 0 0 0 0 0 1
200	2	1 0 1 1 0 1 0 1 0 0 0 0 0 0 0 1 0 0 0 1
200	1	0 1 1 1 0 0 0 1 0 0 1 0 0 0 1 0 0 0 0 0
200	1	1 1 1 1 0 0 0 1 1 0 0 0 0 0 0 1 0 0 0 0
200	1	1 1 1 1 0 0 0 1 0 0 1 1 1 0 0 1 1 0 0 0
200	4	1 1 1 0 0 0 0 1 0 0 1 1 0 0 1 0 0 0 0 0
200	9	1 1 1 1 0 1 0 1 1 0 0 0 0 1 0 0 0 0 0 0
200	2	0 0 1 1 0 1 0 1 1 1 1 1 0 1 0 0 0 1 0 0
200	1	0 1 1 1 0 1 0 0 1 1 0 0 0 1 0 1 1 0 1 0
200	1	1 0 1 1 0 0 0 1 1 0 0 0 0 0 1 0 0 0 1 1
200	6	1 0 1 1 0 0 0 1 0 1 0 1 0 1 0 0 0 0 1 0
200	1	1 0 1 1 0 1 0 0 1 1 0 0 0 1 0 1 1 0 0 0
200	1	1 0 1 1 0 0 0 0 0 0 0 0 0 0 1 0 1 1 1 0
200	1	1 1 1 1 0 0 0 1 0 1 0 1 1 1 0 0 1 0 0 1
200	4	1 1 1 1 0 0 0 1 1 1 0 1 0 1 0 0 0 1 1 0
200	2	0 1 1 0 0 0 0 1 1 0 1 0 0 0 0 0 0 0 1 1
200	2	0 1 1 0 0 0 0 1 0 0 0 1 0 0 0 1 0 0 0 0
200	2	0 1 1 0 0 0 0 1 0 1 0 0 0 0 1 1 0 0 1 0
200	3	1 0 1 1 0 1 0 1 1 0 0 1 0 0 0 1 0 0 0 0
200	5	0 1 1 0 1 0 0 1 1 0 0 0 0 0 0 1 0 0 1 0
200	1	1 1 1 1 1 0 0 1 0 0 1 0 1 0 1 0 0 1 1 1
200	2	1 0 1 1 0 0 0 1 1 0 0 1 0 0 0 1 1 0 0 0
200	1	0 1 0 1 0 0 0 1 1 0 0 0 0 0 0 1 0 0 0 0
200	4	0 1 0 1 0 1 0 1 0 1 0 0 0 0 0 0 0 0 0 0
200	4	0 1 1 1 1 1 0 1 0 1 0 0 0 0 0 0 0 0 0 0
200	3	0 1 1 1 0 0 0 1 1 0 0 0 0 1 0 1 1 0 0 0
200	4	1 1 1 1 0 1 0 0 1 1 0 0 0 1 0 1 0 0 1 0
200	2	1 1 1 0 0 1 0 1 0 1 0 0 0 0 1 1 0 0 1 0
200	2	1 0 1 1 0 0 1 1 1 0 0 0 0 0 0 1 0 0 0 1
200	2	0 1 1 1 0 0 0 1 1 0 0 0 0 0 1 1 0 0 0 0
200	2	1 1 1 1 0 0 0 1 1 0 0 0 0 0 1 0 0 0 0 0
200	3	0 1 1 0 1 0 0 1 0 0 0 0 0 0 0 1 0 0 0 1
200	1	0 1 1 1 0 0 0 1 0 1 0 1 0 1 0 0 0 1 0 0
200	3	1 1 1 1 0 1 0 0 1 0 0 0 0 0 0 0 1 0 0 0
200	2	1 0 0 1 0 1 0 1 0 1 0 0 0 0 1 1 1 0 1 0
200	2	1 1 1 1 0 0 0 0 0 0 1 0 0 0 0 0 1 1 0 0
200	1	0 1 1 1 0 1 0 1 0 1 0 1 0 1 0 0 0 0 1 0
200	1	0 1 1 1 0 1 0 1 1 0 0 0 0 0 0 1 0 0 0 1
200	1	0 1 1 1 0 0 0 1 0 0 1 0 1 1 1 0 0 0 0 0
200	3	0 1 1 1 0 1 0 1 1 0 0 0 0 1 1 0 0 0 1 0
200	2	1 0 1 1 0 1 0 0 1 1 0 0 0 1 0 1 0 0 0 0
200	1	0 1 1 1 0 0 0 0 1 0 1 0 0 1 1 0 0 0 1 0
200	1	0 1 1 1 0 0 0 1 1 0 0 0 0 0 0 0 0 0 0 0
200	2	0 1 1 1 0 0 0 1 0 0 1 1 1 0 0 0 0 0 0 0
200	2	0 1 1 1 0 0 0 1 1 0 0 0 0 0 1 0 0 0 1 0
200	2	0 0 1 1 0 1 0 1 0 1 0 0 0 1 1 1 0 0 1 0
200	2	0 0 1 1 0 1 0 0 1 1 0 0 0 1 0 1 1 0 1 1
200	1	1 0 1 1 0 1 0 1 1 0 0 0 0 0 0 1 0 0 0 0
200	2	1 1 1 1 0 0 0 1 0 0 1 1 0 0 0 1 0 0 0 0
200	2	0 1 1 1 0 0 1 1 0 0 1 1 1 0 0 0 0 0 0 0
200	1	1 0 1 1 0 0 0 1 1 0 1 1 1 0 0 0 0 0 0 0
200	2	0 1 1 1 0 1 0 1 1 1 0 0 0 0 0 1 0 0 0 0
200	2	0 1 1 1 0 1 0 1 0 1 0 0 0 0 0 0 0 0 0 1
200	2	1 0 1 1 0 0 0 1 1 0 0 0 1 0 0 1 0 0 0 1
200	1	0 1 1 1 0 0 0 1 1 0 1 0 0 0 0 0 0 1 1 1
200	1	1 1 1 1 0 0 0 1 1 1 1 1 1 0 0 0 0 0 0 0
200	1	0 1 1 1 0 1 0 1 1 0 0 1 0 0 0 1 1 0 0 0
200	1	0 1 1 1 0 0 0 1 1 1 0 1 0 1 0 0 0 0 0 0
200	1	1 1 1 1 0 0 1 1 0 0 1 1 1 0 0 0 0 0 0 0
200	1	0 0 1 1 0 1 0 1 1 0 0 0 0 0 0 1 1 0 0 0
200	1	1 1 1 1 0 0 0 1 0 0 1 0 0 0 1 0 0 1 0 0
250	21	1 1 1 1 0 0 0 1 1 1 0 1 0 1 0 0 0 1 0 0
250	11	1 1 1 1 1 0 0 1 0 0 1 0 1 0 1 0 0 0 0 0
250	49	0 1 1 1 0 1 0 1 1 0 0 0 0 0 0 1 0 0 0 0
250	18	1 1 1 1 0 0 0 1 1 0 0 0 0 1 1 0 0 0 1 0
250	24	1 1 1 1 0 0 0 1 0 0 1 1 1 0 0 0 0 0 0 0
250	25	1 1 1 1 0 0 0 1 0 1 1 1 1 0 0 0 0 0 0 0
250	41	0 1 1 1 0 1 0 1 1 0 0 1 0 0 0 1 0 0 0 0
250	53	1 0 1 1 0 0 1 1 0 0 1 1 1 0 0 0 0 0 0 0
250	2	1 1 1 1 0 0 0 1 1 1 0 1 0 0 0 0 0 0 0 0
250	21	1 1 1 1 0 1 0 1 0 1 0 0 0 0 1 0 0 0 1 0
250	4	1 1 1 1 1 0 0 1 0 0 1 0 1 0 0 0 0 1 0 0
250	3	0 1 1 1 0 0 0 1 1 0 0 0 0 0 1 1 0 0 0 0
250	3	0 1 1 1 0 0 0 1 0 1 0 1 0 1 0 0 0 1 0 0
250	9	0 1 1 1 0 1 0 1 1 1 0 0 0 0 0 1 0 0 0 0
250	16	1 1 1 1 0 0 0 1 1 0 0 0 0 1 1 0 0 1 1 0
250	15	0 1 1 1 0 1 0 1 1 0 0 1 0 1 1 0 0 0 1 0
250	7	1 0 1 1 0 0 0 1 0 1 0 1 0 0 0 0 0 0 1 0
250	12	1 1 1 1 0 0 0 1 0 0 1 1 1 0 0 0 0 0 1 0
250	19	1 0 1 1 0 0 0 1 0 0 1 0 0 1 1 0 0 0 1 0
250	11	1 1 1 1 0 0 0 1 0 0 0 0 0 0 1 0 0 0 1 0
250	18	1 1 1 1 0 0 0 1 0 1 1 0 0 0 1 0 0 0 1 0
250	4	1 1 1 1 1 0 0 1 1 1 0 0 0 0 1 1 0 1 0 0
250	1	0 1 1 1 0 1 0 1 1 0 0 0 0 0 0 0 0 0 0 0
250	22	1 1 1 1 0 0 0 1 0 1 0 1 0 1 0 0 0 1 0 0
250	21	1 1 1 1 1 0 0 1 1 0 0 0 0 0 0 0 0 0 0 0
250	61	1 1 1 1 0 1 0 0 1 0 0 0 1 1 0 1 0 0 0 0
250	9	1 1 1 1 0 0 0 1 1 0 0 0 0 0 1 1 0 0 1 0
250	26	1 1 1 1 1 0 0 1 0 0 1 0 1 0 0 0 0 0 0 0
250	12	1 1 1 1 0 0 0 1 1 0 0 0 0 0 0 1 0 0 0 0
250	17	1 0 1 1 0 1 0 1 0 0 1 1 1 0 0 1 0 0 0 0
250	3	1 1 1 1 0 0 0 1 1 0 0 1 0 0 0 0 0 0 0 0
250	8	1 1 1 1 0 0 0 1 1 0 0 1 0 1 1 0 0 0 1 0
250	1	0 1 1 1 0 0 0 1 1 0 0 0 0 0 0 1 0 0 0 1
250	10	1 1 1 1 0 1 0 1 0 1 1 1 1 0 0 0 0 0 0 0
250	3	1 1 1 1 0 0 0 1 1 0 0 0 0 0 0 0 0 0 0 0
250	12	1 1 1 1 0 0 0 1 1 0 1 0 0 1 1 0 0 0 1 0
250	9	1 0 1 1 0 0 0 1 0 1 1 1 1 0 1 0 0 0 0 1
250	25	0 1 1 1 0 1 0 1 1 0 1 0 0 0 0 0 0 0 0 0
250	7	1 1 1 1 0 0 0 1 0 1 0 0 0 0 0 1 0 0 0 0
250	6	1 0 1 1 0 0 0 1 0 0 1 1 1 0 0 0 0 0 0 0
250	14	1 1 1 1 0 1 0 1 1 0 0 1 0 0 0 1 0 0 0 0
250	8	0 1 1 1 0 0 0 1 0 0 1 1 1 0 0 0 0 0 1 0
250	4	0 0 1 1 0 1 0 1 1 0 0 0 0 0 0 1 0 0 0 0
250	3	1 1 1 1 1 0 0 1 1 0 0 0 0 0 1 0 0 0 1 0
250	4	0 1 1 1 1 1 0 1 1 0 0 1 0 1 1 0 0 0 1 0
250	23	0 1 1 1 1 0 0 1 1 0 0 0 0 0 0 0 0 0 0 0
250	5	0 1 1 1 1 1 0 1 1 0 0 0 0 0 0 1 0 0 0 0
250	27	0 1 1 1 0 0 0 1 1 0 0 0 0 0 0 1 0 0 0 0
250	6	0 1 1 1 0 1 0 1 1 0 0 0 0 0 0 0 1 0 0 0
250	2	0 1 1 1 0 0 0 1 0 1 0 0 0 0 0 1 0 0 0 0
250	4	0 1 1 0 1 0 0 1 0 0 1 0 1 0 0 0 0 1 0 0
250	4	1 1 1 1 1 0 0 1 0 0 1 0 0 0 0 1 0 0 0 0
250	6	0 1 1 1 0 1 0 1 0 1 0 0 0 0 1 0 0 0 1 0
250	8	1 1 1 1 0 1 0 0 1 0 0 0 1 1 1 0 0 0 1 0
250	13	1 0 1 1 0 0 0 1 1 0 0 1 0 0 0 1 0 0 0 0
250	4	1 1 1 1 0 1 0 1 1 0 0 0 0 0 0 1 0 0 1 0
250	4	1 1 1 0 1 0 0 1 0 0 1 0 0 0 0 1 0 0 0 0
250	5	0 1 1 1 0 1 0 1 0 1 0 0 0 0 0 1 0 0 0 0
250	3	0 0 1 1 0 1 0 1 1 1 0 0 0 0 0 1 0 0 0 0
250	3	1 1 1 1 0 1 0 0 0 0 0 0 1 1 0 1 0 0 0 0
250	6	1 1 1 1 1 0 0 1 0 0 1 0 1 0 1 1 0 0 0 0
250	4	1 1 1 0 0 1 0 1 0 0 1 0 1 0 0 0 0 0 1 0
250	1	0 1 1 1 0 1 0 1 1 1 0 0 1 0 0 1 0 0 0 0
250	8	1 1 1 1 0 0 0 1 1 0 1 1 1 0 0 0 0 0 0 0
250	11	1 1 1 1 0 0 0 1 1 0 0 0 0 1 1 1 0 0 1 0
250	3	1 0 1 1 0 1 0 1 0 0 1 1 0 0 0 1 0 0 0 0
250	2	0 1 1 1 0 0 0 1 1 1 0 0 0 1 1 0 0 0 1 0
250	10	0 1 1 1 0 1 0 1 1 0 0 1 0 1 1 0 0 0 0 0
250	12	0 1 1 1 0 1 0 1 1 1 0 0 0 0 0 0 0 0 0 0
250	2	1 1 1 1 1 0 0 1 0 1 0 0 0 0 0 1 0 0 0 0
250	5	1 1 1 1 0 0 0 1 1 0 1 0 0 1 0 1 0 0 0 0
250	16	1 1 1 1 1 0 0 1 0 0 1 1 1 0 0 0 0 0 0 0
250	17	1 1 1 1 1 0 0 1 0 0 1 0 0 0 0 0 0 0 0 0
250	3	0 1 1 1 0 1 0 1 1 0 0 1 0 0 0 1 0 0 1 0
250	2	0 1 1 1 0 0 1 1 1 0 0 0 0 0 0 1 0 0 0 0
250	4	0 1 1 1 0 1 0 1 0 1 1 1 1 0 1 0 0 0 0 1
250	3	0 1 1 1 0 1 0 1 1 0 1 0 1 0 0 0 0 1 0 0
250	2	0 1 1 1 1 0 0 1 0 0 1 0 1 0 0 1 0 0 0 0
250	1	1 0 1 1 0 0 1 1 0 0 1 1 1 0 0 0 0 1 0 0
250	7	1 0 1 1 0 0 1 1 0 0 1 1 1 0 0 0 1 0 0 0
250	2	0 1 1 1 1 1 0 1 1 1 0 0 0 0 0 1 0 0 0 0
250	2	1 0 0 1 0 1 0 1 0 0 1 1 1 0 0 1 0 0 0 0
250	7	1 1 1 1 0 1 0 1 1 0 0 0 0 0 0 0 0 0 0 0
250	14	1 1 1 1 1 0 0 1 0 0 0 1 0 1 1 0 0 0 0 0
250	2	0 1 1 1 0 1 0 1 1 0 0 0 0 1 0 1 0 0 0 0
250	3	1 1 1 1 0 1 0 1 1 0 0 0 0 0 1 1 0 0 1 0
250	3	1 0 1 1 0 1 0 1 1 0 0 0 0 0 0 1 0 0 1 0
250	2	0 1 1 1 0 0 0 1 0 0 1 0 1 0 0 0 0 0 0 0
250	1	0 1 1 1 0 1 0 1 0 0 0 0 0 0 0 1 0 0 0 0
250	3	1 0 0 1 0 0 1 1 0 0 1 1 1 0 0 0 0 0 0 0
250	5	1 1 1 1 1 0 1 1 0 0 1 0 1 0 0 0 0 1 0 0
250	8	1 1 1 1 0 0 0 1 1 0 1 0 0 0 0 1 0 0 0 0
250	1	0 1 1 1 1 1 0 1 1 0 0 1 1 1 1 0 0 0 1 0
250	1	1 1 1 1 1 0 0 0 1 0 0 0 0 1 1 0 0 1 1 0
250	1	1 1 1 1 0 0 0 1 1 1 0 1 0 1 0 0 0 0 1 0
250	4	1 1 1 1 0 0 0 1 1 0 0 0 0 1 1 0 0 1 0 0
250	1	1 1 1 1 0 1 0 0 1 0 0 0 1 0 0 1 0 0 0 0
250	2	0 1 1 1 0 1 0 1 0 1 1 1 1 0 0 0 0 0 0 0
250	2	0 1 1 1 0 1 0 1 0 0 1 0 0 1 1 0 0 0 1 0
250	4	1 1 1 1 0 0 0 1 1 1 0 1 0 0 0 0 0 0 1 0
250	1	0 1 1 1 0 0 0 1 0 0 1 1 1 0 0 1 0 0 0 0
250	2	1 0 1 1 0 0 1 1 0 1 1 1 1 0 0 0 0 0 0 0
250	1	1 1 1 1 0 0 0 1 0 0 1 1 1 1 0 0 0 0 1 0
250	1	1 1 1 1 0 0 0 1 0 0 0 0 0 0 1 1 0 0 1 0
250	1	1 1 1 1 0 0 0 1 0 1 1 0 1 0 1 0 0 0 1 0
250	1	0 1 1 1 0 1 0 1 0 1 0 0 0 0 1 1 0 0 0 0
250	1	1 0 0 1 0 1 0 1 0 0 1 1 0 0 0 1 0 0 0 0
250	3	1 1 1 1 0 1 0 0 1 0 0 0 1 1 1 0 0 0 0 0
250	1	1 1 1 1 0 1 0 1 0 0 0 0 0 0 1 0 0 0 1 0
250	2	1 1 1 1 0 0 0 1 0 0 1 0 0 1 1 0 0 0 1 0
250	1	0 1 1 1 0 1 0 0 1 0 0 0 1 1 0 1 0 0 0 0
250	2	1 1 1 1 0 1 0 1 0 1 1 1 1 0 0 1 0 0 0 0
250	2	0 1 1 1 0 0 0 1 1 0 1 0 0 0 0 1 0 0 0 0
250	1	0 1 0 1 0 0 0 1 1 0 0 0 0 0 0 1 0 0 0 0
250	1	0 1 1 1 0 1 0 1 1 0 1 0 0 1 0 1 0 0 0 0
250	3	1 0 1 0 0 0 1 1 0 0 1 1 1 0 0 0 1 0 0 0
300	44	1 1 1 1 0 0 0 1 0 1 1 1 1 0 0 0 0 0 0 0
300	16	0 1 1 1 0 1 0 1 1 0 0 1 0 0 0 1 0 0 0 0
300	4	1 0 1 1 0 0 1 1 0 0 1 1 1 0 0 0 0 0 0 0
300	16	1 1 1 1 0 1 0 1 0 1 0 0 0 0 1 0 0 0 1 0
300	57	0 1 1 1 0 1 0 1 1 0 0 0 0 0 0 0 0 0 0 0
300	81	1 1 1 1 1 0 0 1 1 0 0 0 0 0 0 0 0 0 0 0
300	29	1 1 1 1 1 0 0 1 0 0 1 0 1 0 0 0 0 0 0 0
300	49	1 1 1 1 0 1 0 1 0 1 1 1 1 0 0 0 0 0 0 0
300	10	0 1 1 1 1 0 0 1 1 0 0 0 0 0 0 0 0 0 0 0
300	26	1 1 1 1 1 0 0 1 0 0 1 0 1 0 1 1 0 0 0 0
300	20	1 1 1 1 0 0 0 1 1 0 0 0 0 1 1 1 0 0 1 0
300	13	1 1 1 1 0 0 0 1 1 0 1 0 0 1 0 1 0 0 0 0
300	15	1 1 1 1 0 0 0 1 1 0 0 0 0 1 0 0 0 0 0 0
300	11	1 1 1 1 0 0 0 1 1 1 0 1 0 1 0 0 0 0 0 0
300	11	1 1 1 1 0 0 0 1 1 0 1 0 0 1 0 1 1 0 0 0
300	4	1 1 1 1 0 1 0 1 1 0 1 0 0 0 0 0 0 0 0 0
300	19	1 1 1 1 1 0 0 1 1 1 1 0 0 0 1 0 0 0 1 0
300	4	1 1 1 1 0 0 0 1 0 0 1 0 1 0 0 0 0 0 0 0
300	18	1 1 1 1 0 0 0 1 1 0 1 0 0 0 0 0 0 0 0 0
300	11	1 1 1 1 0 0 0 1 1 0 0 0 0 0 0 0 0 0 0 0
300	12	1 1 1 1 0 0 0 1 0 1 1 0 0 0 0 1 1 0 0 0
300	1	1 0 1 1 0 1 0 1 1 0 0 1 0 0 0 0 0 0 1 0
300	5	1 1 1 1 0 1 0 0 0 0 0 0 0 1 0 1 0 0 0 0
300	2	1 1 1 1 0 0 0 1 1 0 0 1 0 0 0 0 0 0 0 0
300	1	1 1 1 1 0 0 0 1 1 0 0 0 0 1 1 0 1 0 1 0
300	32	1 0 1 1 0 0 0 1 1 0 0 0 0 1 1 0 0 0 1 0
300	3	0 1 1 1 0 0 0 1 0 0 1 1 1 0 0 1 1 0 0 0
300	2	1 0 1 1 0 0 0 1 1 1 0 1 1 0 0 0 0 1 1 0
300	1	1 1 1 1 0 1 0 1 0 0 1 1 1 1 1 0 0 0 1 0
300	34	1 0 0 1 0 1 0 1 1 0 0 1 0 0 0 0 0 0 1 0
300	10	1 1 1 0 0 0 0 1 0 0 1 1 1 0 0 1 0 1 0 0
300	4	1 1 1 1 1 0 0 1 1 0 0 0 0 0 1 0 0 0 0 0
300	2	1 0 1 1 1 1 0 1 1 1 0 0 0 0 0 1 0 0 0 0
300	6	1 1 1 1 1 0 0 1 0 0 1 0 1 0 0 0 0 0 0 1
300	8	1 0 1 1 0 0 0 1 0 1 1 0 0 0 0 1 0 0 0 0
300	30	1 1 1 1 0 0 1 1 1 1 0 0 0 1 1 1 0 0 0 0
300	3	1 1 1 1 0 1 0 1 0 1 0 0 0 0 1 0 0 1 1 0
300	10	1 1 1 1 0 1 0 1 0 1 1 1 1 0 0 0 0 1 0 0
300	10	1 1 1 1 0 0 0 1 0 1 1 1 1 0 0 1 0 0 0 0
300	18	1 1 1 1 0 0 0 1 1 1 0 1 0 1 0 1 0 0 0 0
300	1	1 1 1 1 0 1 0 1 1 1 0 1 0 1 0 0 0 0 0 0
300	5	1 1 1 1 0 0 1 1 1 0 0 0 0 1 1 1 0 0 1 0
300	12	1 1 1 1 0 1 0 1 0 1 0 0 0 0 1 0 0 0 0 0
300	11	1 1 1 1 0 0 0 1 1 1 1 1 1 1 0 0 0 0 0 0
300	2	1 1 1 1 0 0 0 0 1 1 0 1 0 1 0 1 0 0 0 0
300	3	1 1 1 1 0 0 0 1 1 0 0 1 0 0 0 0 0 0 1 0
300	1	1 1 1 0 1 0 0 1 0 0 1 1 1 0 0 0 0 0 0 0
300	4	1 1 1 1 1 0 0 1 1 1 0 0 0 0 1 0 0 0 1 0
300	3	0 1 1 1 0 1 0 1 1 0 0 0 0 1 0 0 0 0 0 0
300	5	1 1 1 1 1 0 0 1 1 0 1 0 1 0 0 0 0 0 0 0
300	17	1 1 0 1 0 0 0 1 1 0 0 0 0 0 0 0 0 0 0 0
300	3	1 1 1 1 0 0 1 1 1 0 0 0 0 1 1 0 0 0 0 0
300	5	1 0 1 1 1 0 0 0 1 0 0 0 0 0 0 0 0 0 0 0
300	11	1 1 1 1 1 0 0 1 1 0 0 0 0 0 1 0 0 0 1 0
300	10	1 1 1 1 0 0 0 1 1 1 1 0 0 0 0 0 0 0 0 0
300	6	1 1 1 1 0 1 1 1 0 1 0 0 0 0 1 0 0 0 1 0
300	1	1 1 1 1 0 0 0 1 0 1 0 0 0 0 1 0 0 0 1 0
300	1	1 1 1 1 1 1 0 1 0 1 1 1 1 0 0 0 0 1 0 0
300	2	1 0 1 0 0 0 0 1 1 0 0 0 0 1 0 0 0 0 0 0
300	5	1 1 1 1 0 1 1 1 0 1 0 0 0 0 1 0 0 0 0 0
300	4	1 1 1 1 1 1 0 1 0 0 1 0 1 0 1 1 0 0 0 0
300	2	1 1 1 1 0 1 0 1 0 0 1 0 1 0 0 0 0 0 0 0
300	7	0 1 1 1 0 1 0 1 1 0 0 1 1 0 0 1 1 0 0 0
300	3	0 1 1 1 0 1 0 1 1 0 0 1 0 0 0 0 0 0 0 0
300	2	1 1 1 1 0 0 0 1 1 1 1 0 0 1 0 0 0 0 0 0
300	16	1 1 1 1 0 0 0 0 0 1 1 1 1 0 0 0 0 0 0 0
300	3	1 1 1 1 0 0 0 1 0 1 1 1 0 0 0 0 0 0 0 0
300	4	0 1 1 1 0 1 0 1 1 0 0 0 1 0 0 0 0 0 0 0
300	11	1 1 1 1 0 1 0 0 1 1 0 0 1 1 0 1 0 0 0 0
300	3	1 1 1 0 0 0 0 1 1 0 0 0 0 1 0 0 0 0 0 0
300	3	1 1 1 1 0 0 0 1 1 0 1 1 0 1 0 1 0 1 0 0
300	6	1 0 1 1 0 0 0 1 1 0 0 1 0 0 0 0 1 0 1 0
300	6	0 1 1 1 0 1 0 1 1 0 0 0 0 0 1 0 0 0 1 0
300	9	0 1 1 1 0 0 0 1 1 0 1 0 1 0 0 0 0 0 0 0
300	1	1 1 1 1 0 0 0 1 1 1 1 1 1 0 0 0 0 0 0 0
300	4	1 1 1 1 1 0 0 1 0 0 1 1 1 0 1 1 0 0 0 0
300	5	1 1 1 1 0 0 0 1 1 0 1 0 0 1 0 0 0 0 0 0
300	1	1 1 1 1 1 0 0 1 0 1 0 0 0 0 1 0 0 0 1 0
300	4	1 1 1 1 1 0 0 1 0 0 0 0 0 0 0 0 0 0 0 0
300	1	1 1 1 1 1 0 1 1 0 0 1 0 1 0 1 1 0 0 0 0
300	3	1 1 1 1 0 0 0 1 1 0 0 0 0 1 0 1 0 0 0 0
300	2	0 1 1 1 1 1 0 1 1 1 0 0 1 0 0 1 0 0 0 0
300	2	1 1 1 1 0 0 0 1 1 1 1 0 0 0 0 0 1 0 0 0
300	1	1 0 1 1 0 1 0 1 0 1 1 1 1 0 0 0 0 1 0 0
300	4	1 1 1 1 1 0 0 1 1 1 0 1 0 1 0 0 0 0 0 0
300	2	1 1 1 1 0 0 0 1 0 1 1 0 1 0 0 0 0 0 0 0
300	3	1 1 1 1 0 1 1 1 0 1 0 0 0 0 0 1 1 0 0 0
300	7	1 1 1 1 0 0 0 1 0 1 0 1 1 0 0 0 0 0 0 0
300	3	1 1 1 1 1 1 0 1 0 1 0 0 0 0 1 0 0 0 1 0
300	2	0 1 1 1 0 1 0 1 1 0 1 0 0 0 0 0 0 0 0 0
300	2	1 1 0 1 0 0 0 1 1 0 1 0 0 0 0 0 0 0 0 0
300	1	1 0 1 1 0 1 0 1 1 0 0 1 0 0 0 0 0 0 1 1
300	3	1 1 1 1 0 1 0 1 0 0 0 1 0 0 0 0 0 0 0 0
300	2	1 1 1 1 0 0 1 1 1 1 0 1 0 0 0 0 0 0 1 0
300	7	1 1 1 1 0 0 0 1 1 0 0 0 0 1 1 0 0 0 0 0
300	4	1 1 1 1 1 0 0 1 1 0 1 0 1 0 0 0 0 0 1 0
300	2	1 1 1 1 1 0 0 1 0 1 1 1 1 0 0 0 0 0 0 0
300	2	1 1 1 1 1 0 0 1 1 1 0 0 0 1 1 1 0 0 0 0
300	2	1 1 1 1 0 0 0 1 1 0 1 1 1 0 0 0 0 0 0 0
300	3	1 1 1 1 0 0 1 1 1 1 0 0 1 1 0 1 0 0 0 0
300	3	1 1 1 1 1 0 1 1 0 0 1 0 1 0 0 0 0 0 0 0
300	4	1 1 1 1 0 0 0 1 0 0 1 0 1 0 1 1 0 0 0 0
300	2	1 1 1 1 0 1 0 1 1 0 1 0 0 1 0 0 0 0 0 0
300	4	1 1 1 1 0 0 0 1 1 0 1 0 1 0 0 0 0 0 0 0
300	1	1 0 1 1 0 0 0 1 1 0 0 0 0 1 1 0 0 1 1 0
300	1	0 1 1 1 0 1 0 1 0 0 1 1 1 0 0 1 1 0 0 0
300	5	1 1 0 1 0 0 0 1 1 0 0 0 0 0 0 0 0 0 0 1
300	1	1 1 1 0 1 0 0 1 1 0 0 0 0 1 0 0 0 0 0 0
300	2	0 1 1 1 0 0 0 1 1 0 0 0 0 0 1 0 0 0 1 0
300	2	0 1 1 1 0 1 0 1 1 0 0 1 0 0 1 0 0 0 1 0
300	2	0 1 1 1 0 1 0 1 0 1 1 1 1 0 0 0 0 0 0 0
300	2	1 1 1 1 0 0 0 1 1 0 1 0 0 1 0 1 1 0 1 0
300	1	1 1 1 1 0 1 0 1 1 0 0 0 0 0 1 0 0 0 1 0
300	2	1 1 1 1 0 0 0 1 0 1 1 0 0 0 0 1 0 0 0 0
300	2	1 1 1 1 0 0 1 1 1 0 0 0 0 0 0 0 0 0 0 0
300	2	1 1 1 1 0 0 0 1 0 1 0 0 1 1 1 0 0 0 1 0
300	4	1 1 1 1 0 0 0 1 1 1 0 0 0 0 0 0 0 0 0 0
300	1	0 1 1 1 0 1 0 0 1 0 0 0 0 0 0 0 0 0 0 0
300	4	1 0 0 1 0 1 0 1 1 0 0 0 0 0 0 0 0 0 1 0
300	4	1 1 1 1 0 0 0 1 1 1 0 0 0 0 1 0 0 0 1 0
300	7	1 1 1 1 0 0 0 1 1 1 1 0 0 0 0 0 0 1 0 0
300	1	0 1 1 1 0 1 0 1 1 0 0 1 1 0 0 1 1 0 0 1
300	1	1 1 1 1 1 0 0 1 0 0 1 1 1 0 1 1 0 0 0 1
300	2	1 1 1 1 1 0 0 0 0 1 0 0 0 0 1 0 0 0 1 0
300	2	1 1 1 1 1 0 0 1 1 0 0 0 0 0 0 0 0 0 1 0
300	2	1 1 1 1 1 0 0 1 1 0 1 1 1 0 0 0 0 1 0 0
300	3	1 1 1 1 0 1 0 1 1 0 0 1 0 0 0 1 0 0 0 0
300	1	1 1 1 0 0 0 0 1 1 0 0 0 0 1 0 0 0 0 1 0
300	2	1 1 1 1 0 0 0 1 0 1 1 1 1 0 0 0 0 0 1 0
300	1	1 1 0 1 0 0 0 1 0 1 1 1 1 0 0 0 0 0 0 0
300	1	0 1 1 1 0 1 0 1 1 1 0 1 0 0 0 1 0 0 0 0
300	1	1 1 1 1 1 0 0 1 1 0 0 0 0 0 0 0 0 1 0 0
300	4	1 1 1 1 1 0 0 1 0 0 1 0 0 0 1 1 0 0 0 0
300	1	1 1 1 1 0 1 0 1 0 0 1 0 0 0 0 0 0 0 0 0
300	1	1 0 1 1 0 0 0 1 0 0 0 0 0 1 1 0 0 0 1 0
300	1	1 0 1 1 0 0 0 1 1 0 0 0 0 1 1 0 0 0 0 0
300	1	0 1 1 0 0 1 0 1 1 0 0 0 0 1 0 0 0 0 0 0
300	2	1 1 1 1 0 0 0 1 1 1 1 0 0 0 0 0 0 0 1 0
300	2	1 1 1 1 1 0 0 1 0 0 1 1 1 1 1 1 0 0 0 0
300	1	1 1 1 1 1 0 0 1 1 1 0 1 0 1 1 0 0 0 0 0
300	1	1 0 1 1 0 1 0 1 1 0 0 1 1 0 0 0 0 0 1 1
300	1	1 1 1 1 0 1 0 1 1 0 1 0 0 1 0 0 1 0 0 0
350	31	1 1 1 1 0 0 0 1 0 1 1 1 1 0 0 0 0 0 0 0
350	29	1 1 1 1 1 0 0 1 1 0 0 0 0 0 0 0 0 0 0 0
350	32	1 1 1 1 1 0 0 1 0 0 1 0 1 0 0 0 0 0 0 0
350	13	1 1 1 1 0 1 0 1 0 1 1 1 1 0 0 0 0 0 0 0
350	5	1 1 1 1 0 0 0 1 1 0 1 0 0 0 0 0 0 0 0 0
350	16	1 1 1 1 0 1 0 1 0 1 1 1 1 0 0 0 0 1 0 0
350	15	1 1 1 1 0 0 0 1 1 1 0 1 0 1 0 1 0 0 0 0
350	23	1 1 1 1 0 1 0 1 1 1 0 1 0 1 0 0 0 0 0 0
350	18	1 1 1 1 0 1 0 1 0 1 0 0 0 0 1 0 0 0 0 0
350	6	1 1 1 1 1 0 0 1 1 0 1 0 1 0 0 0 0 0 0 0
350	8	1 1 1 1 0 1 1 1 0 1 0 0 0 0 1 0 0 0 1 0
350	17	1 1 1 1 1 0 0 1 0 0 0 0 0 0 0 0 0 0 0 0
350	26	1 1 1 1 0 0 0 1 1 0 0 0 0 1 1 0 0 0 0 0
350	36	1 1 1 1 0 0 0 1 0 1 1 0 0 0 0 1 0 0 0 0
350	8	1 1 1 1 1 0 0 1 0 0 1 1 1 1 1 1 0 0 0 0
350	2	0 1 1 1 0 0 0 1 0 0 1 1 0 0 0 0 0 0 0 0
350	82	1 1 1 1 0 0 0 0 0 1 1 1 0 1 0 1 0 0 0 0
350	21	1 1 1 1 1 0 1 1 0 0 1 1 0 0 1 1 0 0 0 0
350	15	0 1 1 0 1 0 0 1 1 0 0 0 1 0 0 0 0 0 0 0
350	7	1 0 0 1 0 1 0 1 1 1 0 1 0 0 0 0 0 0 0 0
350	3	1 0 1 1 0 1 0 1 1 0 0 0 0 1 1 1 0 0 0 0
350	21	1 1 1 1 1 0 0 1 1 1 0 0 0 0 1 0 0 0 0 0
350	8	1 1 1 1 0 0 0 0 1 1 0 1 0 1 0 1 0 0 0 0
350	4	1 1 1 1 0 0 0 1 1 1 0 1 0 1 1 1 0 0 0 0
350	4	1 0 0 1 0 1 0 1 1 1 0 1 0 0 1 0 0 0 1 0
350	14	1 1 1 1 0 0 0 1 1 0 0 0 0 0 1 0 0 0 1 0
350	7	1 1 1 1 0 0 1 0 1 1 0 0 0 1 1 1 0 0 0 0
350	19	1 1 1 1 1 0 0 1 1 0 0 0 1 0 0 0 0 0 0 0
350	25	1 1 1 1 0 0 0 1 0 1 1 0 0 0 0 0 0 0 0 0
350	3	1 1 1 1 0 1 0 1 0 1 1 0 1 0 0 0 0 1 0 0
350	4	1 0 1 1 0 0 0 0 1 1 1 1 0 1 0 1 0 0 0 0
350	1	1 0 1 1 1 0 0 1 1 0 0 0 0 0 0 0 0 0 0 0
350	79	1 1 1 1 0 1 0 1 1 0 0 0 0 0 0 0 0 0 0 0
350	6	1 1 1 1 0 0 0 0 0 1 1 1 0 1 0 1 0 0 0 1
350	3	1 1 1 0 1 0 0 1 1 0 0 0 0 0 0 0 0 0 0 0
350	5	1 1 1 1 0 1 0 1 0 1 1 0 0 0 0 1 0 0 0 0
350	5	1 0 1 1 1 0 0 1 0 0 1 0 0 1 1 0 0 0 1 0
350	6	1 0 1 1 0 0 0 1 1 1 0 1 0 1 0 1 0 0 0 0
350	1	1 1 1 1 0 0 0 1 0 1 1 0 0 0 0 0 0 0 1 0
350	3	0 1 1 1 0 0 1 0 1 1 0 0 0 1 1 0 0 0 0 0
350	4	1 1 1 1 0 1 0 1 0 1 1 1 1 0 0 0 0 1 0 1
350	1	1 1 1 1 1 0 0 1 1 0 0 0 0 0 1 0 0 0 0 0
350	22	1 1 1 1 0 0 0 0 1 1 1 1 0 1 0 1 0 0 0 0
350	27	1 1 1 1 0 0 0 0 1 1 0 1 0 1 1 0 0 0 0 0
350	8	1 1 1 1 1 0 0 1 1 0 1 1 1 1 1 1 0 0 0 0
350	3	0 1 1 1 0 1 0 1 0 1 1 0 1 0 0 0 0 1 0 0
350	9	1 1 1 1 0 1 0 1 0 1 1 1 0 1 0 1 0 0 0 0
350	5	1 1 1 0 0 0 0 0 0 1 1 1 1 0 0 0 0 0 1 0
350	9	1 1 1 1 1 0 0 1 0 1 1 1 1 0 0 0 0 0 1 0
350	11	1 1 1 1 0 1 0 1 1 1 0 1 0 1 0 1 0 0 0 0
350	4	1 1 1 1 0 0 0 0 0 1 1 1 0 1 1 1 0 0 0 0
350	3	1 1 1 1 0 0 1 1 1 1 0 1 0 0 0 0 0 0 0 0
350	1	1 1 1 1 0 1 0 1 1 1 0 1 0 1 1 1 0 0 0 0
350	5	1 1 1 1 0 0 0 0 0 1 0 1 0 1 0 1 0 0 0 0
350	12	1 1 1 1 0 1 0 1 0 1 0 0 0 0 0 0 0 0 0 0
350	20	1 1 1 1 0 0 0 0 0 1 1 1 1 0 0 0 0 1 0 0
350	2	1 1 1 1 0 0 0 0 0 1 1 0 0 1 0 1 0 0 0 1
350	4	1 1 1 1 1 0 0 1 1 0 1 0 0 0 0 0 0 0 0 0
350	15	1 0 1 1 0 0 0 1 0 1 1 0 0 0 0 1 0 0 0 0
350	3	1 0 1 1 0 0 0 0 1 1 1 1 0 1 0 0 0 0 0 0
350	22	1 1 1 1 0 0 0 0 1 1 0 1 0 1 1 0 0 0 0 1
350	5	1 1 1 1 1 0 0 1 1 0 0 0 0 0 0 0 0 0 0 1
350	5	1 1 1 1 1 0 0 0 1 1 0 1 0 1 0 1 0 0 0 0
350	5	0 1 1 1 1 0 0 1 0 0 0 0 0 0 0 0 0 0 0 0
350	1	1 1 1 1 1 0 0 1 0 0 0 0 1 0 0 0 0 0 0 0
350	3	0 1 1 0 1 0 0 1 1 0 0 0 1 0 0 0 0 1 0 0
350	5	1 1 1 1 0 1 0 0 0 1 1 1 1 0 1 0 0 0 0 0
350	5	1 1 1 1 0 1 0 1 0 0 1 0 1 0 1 1 0 0 0 0
350	5	0 1 1 1 0 0 0 1 1 1 0 1 0 1 0 1 0 0 0 0
350	2	1 1 1 1 0 1 0 1 1 1 0 1 0 1 0 0 0 0 0 1
350	4	0 1 1 1 0 0 0 0 0 0 1 1 0 0 0 0 0 0 0 0
350	3	1 1 1 1 0 1 0 1 1 1 0 1 0 0 0 1 0 0 0 0
350	1	1 1 1 1 1 0 0 1 0 1 1 0 0 0 0 0 0 0 0 0
350	4	1 1 1 1 1 0 0 0 0 0 1 0 1 0 0 0 0 0 0 0
350	2	1 1 1 1 1 0 0 1 0 0 0 1 1 1 1 1 0 0 0 0
350	2	1 1 1 1 1 0 0 1 1 1 0 0 0 0 1 0 1 0 0 0
350	5	1 1 1 1 0 0 0 1 1 1 0 1 1 1 1 1 0 0 0 0
350	9	1 0 1 1 1 1 0 1 1 0 0 0 1 0 0 0 0 0 0 0
350	1	1 1 1 1 1 1 0 1 0 0 0 1 1 1 1 1 0 0 0 0
350	5	1 1 1 1 0 0 0 0 0 1 0 1 0 0 0 0 0 0 1 0
350	1	1 1 1 1 0 0 0 1 1 1 0 1 0 1 0 0 0 1 0 0
350	1	1 1 1 1 1 0 0 1 0 0 1 0 0 1 0 0 0 0 0 0
350	2	1 1 1 1 0 0 0 0 0 1 1 1 0 1 0 1 0 0 1 0
350	2	1 1 1 1 1 0 0 1 1 0 0 0 1 0 0 0 0 0 0 1
350	9	0 1 0 1 1 0 0 1 0 0 0 0 0 0 0 0 0 0 0 0
350	6	1 1 1 1 0 1 1 1 0 1 0 0 0 0 1 1 0 0 0 0
350	3	1 1 1 1 1 0 0 1 1 1 0 0 0 1 0 1 0 0 0 0
350	1	0 1 1 1 0 0 0 1 0 1 1 1 1 0 0 0 0 0 0 0
350	3	1 1 1 1 0 1 1 1 1 1 0 0 0 0 1 0 0 0 1 0
350	6	1 1 1 1 0 0 0 1 1 0 0 0 0 1 1 0 0 0 0 1
350	9	1 0 0 0 0 0 0 1 1 1 0 1 0 0 0 0 0 0 1 0
350	4	1 0 1 1 0 0 0 1 0 1 0 1 0 1 0 1 0 0 0 0
350	1	1 1 1 1 0 0 0 0 0 1 1 1 0 0 0 0 0 1 0 0
350	1	1 1 1 1 0 0 0 1 1 0 0 0 0 0 0 0 0 0 0 1
350	1	1 1 1 1 1 1 0 1 1 0 0 0 1 0 0 0 0 0 0 0
350	8	1 1 1 1 0 0 0 1 1 0 1 0 0 1 1 0 0 0 0 0
350	2	0 1 1 1 0 0 0 0 0 1 1 1 0 1 0 1 0 0 0 0
350	1	1 0 1 1 0 1 0 1 1 1 0 1 0 0 0 0 0 0 0 0
350	3	1 1 1 1 0 0 0 1 0 1 1 0 0 0 1 0 0 0 0 0
350	1	1 1 1 1 1 0 1 1 1 0 0 0 0 0 0 0 0 0 0 1
350	2	1 1 1 1 0 0 0 1 1 0 0 0 0 0 0 0 0 0 0 0
350	2	1 1 1 1 0 1 0 1 1 1 0 1 0 0 0 0 0 0 0 0
350	1	1 1 1 1 0 1 1 1 0 1 0 0 0 0 1 0 0 0 0 0
350	2	1 1 1 1 0 0 0 1 0 1 1 1 0 1 0 1 0 0 0 0
350	2	1 1 0 1 0 1 0 1 1 1 0 1 1 0 1 0 0 0 1 0
350	1	1 0 1 1 0 0 0 1 1 1 0 0 0 0 1 0 0 0 0 0
350	1	1 1 1 1 0 0 0 0 1 1 1 0 0 0 0 1 0 0 0 0
350	4	1 1 1 1 1 0 0 1 0 0 0 0 0 0 0 0 0 0 0 1
350	1	0 1 1 1 0 0 0 1 1 1 0 1 0 1 0 0 0 0 0 0
350	2	0 1 1 1 0 0 0 1 0 1 1 0 0 0 0 1 0 0 0 0
350	3	1 1 1 1 0 0 0 1 1 1 1 0 0 0 0 1 0 0 0 0
350	1	1 1 1 1 1 0 0 1 0 0 1 1 1 1 0 1 0 0 0 0
350	2	1 1 1 1 0 0 0 0 0 1 1 0 0 1 0 1 0 0 0 0
350	2	1 1 1 1 0 1 0 1 0 1 1 1 1 0 0 1 0 0 0 0
350	1	1 1 1 1 0 1 0 1 0 1 1 1 1 1 1 0 0 0 0 1
350	1	1 1 1 1 1 0 0 1 1 0 1 0 1 0 1 1 0 0 0 0
350	1	1 1 1 1 0 0 0 0 0 0 0 0 0 0 0 0 0 0 0 0
350	1	1 1 1 1 0 0 0 1 1 1 0 1 0 0 0 0 0 0 0 0
350	2	0 1 1 1 0 0 0 1 0 1 1 0 0 0 0 1 0 0 1 0
350	1	1 1 1 1 1 0 0 1 1 0 0 1 0 0 0 0 0 0 0 0
350	4	1 1 0 1 0 1 0 1 0 1 1 1 1 0 0 0 0 1 0 0
350	1	1 1 1 1 1 0 0 1 0 0 0 0 0 1 0 0 0 0 0 0
350	1	1 1 1 1 0 0 0 1 0 1 1 0 0 0 0 0 0 1 0 0
350	1	1 1 0 0 1 0 0 1 1 0 0 0 0 0 0 0 0 0 0 0
350	2	0 1 1 0 1 0 0 0 1 0 0 0 1 0 0 0 0 1 0 0
400	10	1 1 1 1 1 0 0 1 0 0 1 0 1 0 0 0 0 0 0 0
400	6	1 1 1 1 0 0 0 1 1 0 1 0 0 0 0 0 0 0 0 0
400	23	1 1 1 1 0 0 0 0 0 1 1 1 0 1 0 1 0 0 0 0
400	4	1 1 1 1 0 0 0 1 1 0 0 0 0 0 1 0 0 0 1 0
400	2	1 1 1 1 0 0 0 1 0 1 1 0 0 0 0 0 0 0 0 0
400	50	1 1 1 1 0 1 0 1 1 0 0 0 0 0 0 0 0 0 0 0
400	37	1 1 1 1 0 0 0 0 1 1 0 1 0 1 1 0 0 0 0 0
400	26	1 1 1 1 0 0 0 0 0 1 0 1 0 1 0 1 0 0 0 0
400	19	1 1 1 1 1 0 0 1 1 0 1 0 0 0 0 0 0 0 0 0
400	5	0 1 1 1 1 0 0 1 0 0 0 0 0 0 0 0 0 0 0 0
400	18	1 0 1 1 1 1 0 1 1 0 0 0 1 0 0 0 0 0 0 0
400	2	1 1 1 1 1 0 0 1 1 1 0 0 0 1 0 1 0 0 0 0
400	14	1 1 1 1 0 0 0 1 1 0 0 0 0 0 0 0 0 0 0 0
400	9	1 1 1 1 0 1 0 1 0 0 1 1 0 1 0 1 0 0 0 0
400	5	1 1 1 1 0 1 0 1 0 1 0 0 1 0 1 0 0 0 0 0
400	9	1 1 1 1 0 1 1 1 0 1 0 0 0 0 1 0 0 0 0 0
400	3	1 1 1 1 1 0 1 0 0 0 1 1 0 0 1 1 0 0 0 0
400	19	1 0 1 1 0 0 0 0 0 1 1 1 0 1 0 0 0 0 0 0
400	14	1 1 1 1 0 0 0 1 0 0 0 0 0 1 1 0 0 0 0 0
400	7	1 1 1 1 1 0 0 1 0 0 0 0 1 0 0 0 0 0 1 0
400	16	1 1 1 1 0 0 0 1 1 1 1 1 0 1 1 1 0 0 0 0
400	62	1 1 1 1 0 0 0 0 1 1 1 1 0 0 0 0 0 0 0 0
400	9	1 1 1 1 0 1 0 1 1 0 0 0 0 1 1 0 0 0 1 0
400	10	1 1 1 1 1 1 0 1 1 0 0 0 0 0 1 0 0 0 0 0
400	14	1 1 1 1 0 0 1 0 1 1 0 1 0 1 1 1 0 0 0 0
400	16	1 1 1 1 0 0 1 0 1 0 0 0 0 1 1 1 0 0 0 0
400	2	1 1 1 1 0 1 1 1 0 1 0 0 0 0 1 0 0 0 0 1
400	10	1 1 1 1 0 1 0 1 0 0 1 0 0 1 0 1 0 0 0 0
400	4	1 1 1 1 0 1 1 1 0 1 0 0 0 1 1 1 0 0 0 0
400	12	1 1 1 1 0 0 0 0 0 1 0 1 0 1 1 0 0 0 0 0
400	8	1 1 1 1 0 0 0 0 1 1 0 0 0 1 1 0 0 0 0 0
400	6	0 1 1 0 1 0 0 1 1 0 0 0 1 0 0 0 0 0 1 0
400	18	1 1 1 0 0 0 0 0 1 1 1 1 0 0 0 0 0 0 0 0
400	20	1 1 0 1 0 0 0 0 0 1 1 1 0 1 0 1 0 0 0 0
400	17	1 1 1 1 0 0 0 1 0 1 1 1 0 0 0 0 0 0 0 0
400	12	1 1 1 1 0 0 1 0 0 1 1 1 0 0 1 0 0 0 0 0
400	9	1 1 1 1 1 0 1 0 1 0 1 1 0 0 1 1 0 0 0 0
400	28	1 1 1 1 0 0 0 0 1 1 0 1 1 1 1 0 0 0 0 0
400	11	1 1 1 1 0 0 0 0 0 1 0 1 0 1 0 0 0 0 0 0
400	4	1 0 1 1 1 0 0 1 0 0 0 0 0 1 1 0 0 0 0 0
400	3	1 1 1 1 0 0 0 1 1 0 0 0 0 0 1 0 0 1 0 0
400	1	1 1 1 1 0 0 1 0 1 1 0 0 0 1 1 0 0 0 0 0
400	3	1 1 1 1 0 0 0 1 1 0 0 1 0 0 0 0 0 0 0 0
400	14	1 1 1 1 0 0 0 1 1 0 0 0 0 0 0 0 1 1 0 0
400	28	1 1 1 1 1 0 0 0 1 0 0 1 0 1 1 0 0 0 0 0
400	29	1 1 1 1 0 0 0 0 0 1 1 1 0 1 0 0 0 0 0 0
400	1	0 1 1 1 0 0 0 0 0 1 1 1 0 1 0 1 0 0 0 0
400	3	1 1 1 1 0 1 0 0 1 1 1 1 0 1 0 1 0 0 0 0
400	25	1 1 1 1 0 1 0 0 0 0 0 0 0 0 0 0 0 1 0 0
400	7	1 1 1 1 0 1 0 1 1 0 0 0 0 0 1 0 0 0 1 0
400	18	0 1 1 1 0 0 0 0 0 0 1 1 0 1 1 0 0 0 0 0
400	1	1 1 1 1 1 0 1 0 0 0 0 0 1 0 0 0 0 0 1 0
400	2	1 1 1 1 0 0 0 1 0 1 1 1 0 1 0 0 0 0 0 0
400	2	1 1 1 1 0 0 0 1 0 1 1 1 0 1 1 1 0 1 0 0
400	3	1 1 1 1 0 0 1 0 1 1 0 1 0 0 0 1 0 0 0 0
400	10	1 1 1 1 0 0 0 0 0 0 1 1 0 0 0 0 0 1 0 0
400	24	1 1 1 1 0 0 0 1 1 0 0 1 0 1 0 1 0 0 0 0
400	1	0 1 1 1 0 0 0 1 1 0 0 0 0 0 0 0 0 0 0 0
400	6	1 1 1 1 0 1 0 1 1 0 1 0 0 0 0 0 0 0 1 0
400	2	1 1 1 1 1 0 0 1 1 0 1 0 0 0 0 0 0 0 1 0
400	10	1 1 1 0 0 0 0 0 1 1 1 0 1 0 0 0 0 0 0 0
400	2	1 1 1 1 1 0 1 1 0 0 1 1 0 0 1 0 0 0 0 0
400	5	0 1 1 1 0 0 0 0 0 0 0 1 0 0 0 0 0 1 0 0
400	1	1 1 1 1 0 0 0 1 1 1 0 0 0 0 0 0 1 1 0 0
400	4	1 1 1 1 0 0 0 0 1 1 1 1 0 1 0 1 0 0 0 0
400	10	1 1 1 1 0 0 1 0 1 1 0 0 0 0 1 0 0 0 0 0
400	16	1 1 1 1 1 0 0 1 1 0 0 0 0 0 0 0 0 0 0 0
400	1	1 1 1 1 0 0 0 1 0 1 1 1 0 0 0 0 1 0 0 0
400	3	1 1 1 1 0 1 0 0 0 0 0 0 1 0 0 0 0 0 0 0
400	1	1 1 1 1 0 0 0 0 0 0 1 1 0 1 1 0 0 0 0 0
400	1	1 1 1 1 0 0 0 0 0 1 0 1 0 1 0 1 0 1 0 0
400	8	1 1 1 1 0 0 0 0 0 1 1 1 0 0 0 0 0 0 0 0
400	11	1 1 1 1 0 0 0 0 0 1 1 1 0 1 0 1 0 0 1 0
400	1	1 1 1 1 0 0 0 0 0 1 0 1 0 1 0 0 0 0 0 1
400	2	1 1 1 1 1 0 0 0 0 1 1 1 0 1 0 1 0 0 0 0
400	3	1 1 1 1 0 0 0 1 1 1 0 1 0 1 1 0 0 0 0 0
400	7	1 1 1 1 1 0 1 1 0 0 1 0 0 0 1 1 0 0 0 0
400	2	1 1 1 0 0 0 0 0 1 1 1 0 1 0 0 0 0 1 0 0
400	5	1 1 1 1 0 0 1 0 1 0 1 0 1 0 0 0 0 1 0 0
400	8	0 1 1 0 1 0 0 1 1 1 1 1 0 0 0 0 0 0 0 0
400	6	1 1 1 1 0 0 1 0 0 1 0 1 0 1 1 0 0 1 0 0
400	2	0 1 1 1 0 0 0 1 0 0 0 1 0 0 0 0 0 1 0 0
400	8	1 1 1 1 1 0 0 1 0 0 0 0 0 0 0 0 0 0 0 0
400	9	0 1 1 1 0 0 0 0 0 0 1 1 0 1 1 0 0 0 1 0
400	4	1 1 1 1 0 0 0 0 0 1 0 1 0 0 0 1 0 0 0 0
400	3	1 1 1 1 0 1 1 1 0 1 0 0 0 0 1 0 0 1 0 0
400	4	1 0 1 1 0 0 0 0 1 1 1 1 0 1 0 0 0 0 0 0
400	2	1 1 1 1 0 0 0 1 0 0 0 0 0 1 1 0 0 0 1 0
400	2	0 1 1 1 1 0 0 0 0 0 1 1 0 1 1 0 0 0 0 0
400	6	1 1 1 1 0 0 1 0 1 0 0 1 0 0 1 0 0 0 0 0
400	3	1 1 1 1 1 0 0 1 0 0 1 1 1 0 0 0 0 0 0 0
400	4	1 0 1 1 0 0 0 0 0 1 0 1 0 1 0 1 0 0 0 0
400	7	1 1 1 1 0 0 0 1 0 1 0 1 0 1 1 0 0 0 0 0
400	7	1 1 0 1 0 0 0 0 1 1 1 1 0 1 0 1 0 0 0 0
400	4	0 1 1 1 0 0 0 1 1 1 0 0 0 0 0 0 0 0 0 0
400	4	0 1 0 1 0 0 0 0 0 1 1 1 0 0 0 0 0 1 0 0
400	2	0 1 1 1 0 0 0 1 1 0 1 0 0 0 0 0 0 0 0 0
400	1	1 1 1 1 0 0 0 0 1 1 0 1 0 1 1 0 0 0 1 0
400	1	1 1 1 1 0 0 0 0 1 0 1 1 0 0 0 0 0 0 0 0
400	2	1 1 0 1 0 1 0 1 0 0 1 0 0 1 0 1 0 0 0 0
400	2	1 1 1 1 0 0 0 0 1 1 1 1 0 1 0 0 0 0 0 0
400	2	1 1 1 1 0 0 0 1 1 0 0 1 0 0 0 0 0 1 0 0
400	2	1 1 1 1 0 1 0 0 0 0 0 0 0 0 0 0 0 0 0 0
400	4	1 1 1 1 0 0 0 0 0 0 0 0 0 0 0 0 1 1 0 0
400	3	1 1 1 1 0 0 0 1 1 1 1 1 0 1 1 1 0 0 1 0
400	2	1 1 1 1 0 1 0 1 0 0 1 0 1 1 0 1 0 0 0 0
400	7	1 1 1 1 0 0 0 1 1 1 0 0 0 0 0 0 0 1 0 0
400	4	1 1 1 0 0 0 1 1 1 1 1 1 0 0 0 0 0 0 0 0
400	2	0 1 1 1 0 0 0 0 0 0 1 0 0 1 0 1 0 0 0 0
400	2	1 0 1 1 0 0 0 1 0 1 1 1 0 1 0 0 0 0 0 0
400	2	1 1 1 0 0 1 0 1 1 0 0 0 0 0 0 0 0 0 0 0
400	2	1 1 1 1 1 0 0 0 1 1 0 1 1 1 1 0 0 0 0 0
400	1	1 1 1 1 1 0 0 0 0 0 0 1 0 1 1 0 0 0 0 0
400	2	1 1 1 1 0 0 0 0 0 1 1 1 0 1 0 0 1 0 0 0
400	1	0 1 1 1 0 1 0 0 0 0 1 1 0 1 1 0 0 0 0 0
400	1	1 1 1 1 0 0 1 0 1 1 0 0 1 0 1 0 0 0 0 0
400	1	1 1 1 1 1 0 0 1 1 0 0 0 0 0 1 0 0 0 0 0
400	1	1 1 0 1 1 0 1 1 0 0 1 0 0 0 1 1 0 0 0 0
400	1	1 1 0 1 0 0 0 0 1 1 1 1 0 1 0 1 0 0 0 1
400	1	1 1 1 1 0 0 0 0 0 1 1 1 0 1 0 1 0 1 0 0
400	1	1 0 1 1 0 0 0 0 0 1 1 1 0 1 0 0 0 0 1 0
400	2	1 1 1 1 1 1 0 1 1 0 0 0 1 0 0 0 0 0 0 0
400	1	1 1 1 0 0 0 0 0 1 1 1 1 0 1 1 1 0 0 0 0
400	1	1 1 1 1 0 0 0 0 0 1 0 1 0 1 1 0 0 0 1 0
400	3	1 1 1 1 0 0 0 1 1 0 0 0 0 0 1 0 0 0 0 0
400	1	1 1 1 1 0 0 0 0 0 1 1 1 0 1 1 1 0 0 0 0
400	1	1 1 1 1 0 1 0 0 0 1 0 0 1 0 1 0 0 0 0 0
400	2	0 1 1 1 0 0 0 0 0 0 0 1 0 0 0 0 0 0 0 0
400	1	1 1 0 1 0 1 0 1 1 0 0 0 0 0 0 0 0 0 0 0
400	2	1 1 1 1 0 1 0 1 1 0 0 0 0 0 0 0 1 0 0 0
400	1	1 0 1 1 0 0 0 0 0 1 1 1 0 0 0 0 0 0 0 0
400	2	1 1 1 1 0 0 0 0 1 1 1 1 0 0 0 0 0 0 1 0
400	1	1 1 1 1 0 0 0 1 1 1 1 1 0 0 0 0 0 0 0 0
400	3	1 1 1 1 0 0 0 0 1 1 0 1 1 1 1 0 0 1 0 0
450	6	1 1 1 1 0 0 0 0 0 1 1 1 0 1 0 1 0 0 0 0
450	120	1 1 1 1 0 0 0 0 1 1 0 1 0 1 1 0 0 0 0 0
450	29	1 1 1 1 0 0 0 0 0 1 0 1 0 1 0 1 0 0 0 0
450	3	1 0 1 1 1 1 0 1 1 0 0 0 1 0 0 0 0 0 0 0
450	17	1 1 1 1 0 1 0 1 0 0 1 1 0 1 0 1 0 0 0 0
450	25	1 1 1 1 0 0 0 1 0 0 0 0 0 1 1 0 0 0 0 0
450	30	1 1 1 1 0 0 0 0 1 1 1 1 0 0 0 0 0 0 0 0
450	35	1 1 0 1 0 0 0 0 0 1 1 1 0 1 0 1 0 0 0 0
450	1	1 1 1 1 0 0 0 1 0 1 1 1 0 0 0 0 0 0 0 0
450	25	1 1 1 1 1 0 0 0 1 0 0 1 0 1 1 0 0 0 0 0
450	9	1 1 1 1 0 0 0 0 0 1 1 1 0 1 0 0 0 0 0 0
450	14	1 1 1 1 0 1 0 0 1 1 1 1 0 1 0 1 0 0 0 0
450	24	0 1 1 1 0 0 0 0 0 0 1 1 0 1 1 0 0 0 0 0
450	14	1 1 1 1 0 0 0 0 0 0 1 1 0 0 0 0 0 1 0 0
450	1	1 1 1 1 0 0 1 0 0 1 0 1 0 1 1 0 0 1 0 0
450	3	1 1 1 1 0 0 0 0 1 1 0 1 0 1 1 0 0 0 0 1
450	9	1 1 1 1 0 0 0 0 0 0 1 1 0 0 0 0 0 1 0 1
450	19	0 1 1 1 0 0 0 0 1 1 0 1 0 1 1 0 0 0 0 0
450	27	0 1 1 1 1 0 0 0 0 0 1 1 0 0 1 0 0 0 0 0
450	4	1 1 1 0 0 0 0 0 0 1 1 1 0 0 0 0 0 0 0 0
450	2	0 0 1 1 0 0 0 0 0 1 1 1 0 1 0 0 0 0 0 0
450	4	1 1 1 1 0 0 0 0 0 0 1 0 0 1 0 1 0 0 0 0
450	26	1 1 1 1 0 1 0 0 1 1 1 1 0 0 0 0 0 0 0 0
450	4	1 1 1 1 0 1 0 1 0 0 0 0 0 0 0 0 0 0 0 0
450	3	0 1 1 1 0 0 0 0 0 0 0 1 0 1 1 0 0 0 0 0
450	5	0 1 1 1 0 0 0 0 0 1 1 1 0 0 0 0 0 0 0 0
450	14	1 1 1 1 0 0 0 1 0 0 1 0 1 0 0 0 0 0 0 1
450	30	1 1 1 1 0 0 0 0 1 1 0 1 0 1 1 0 0 1 0 0
450	27	1 1 1 1 0 0 0 0 0 1 0 1 0 1 1 0 0 0 0 1
450	7	1 1 1 1 0 0 0 1 0 0 1 0 1 0 0 0 0 0 1 0
450	7	1 1 0 1 0 0 0 0 1 1 1 1 0 1 0 0 0 0 0 0
450	5	0 1 1 1 0 0 0 0 0 0 1 1 0 0 0 0 0 0 0 0
450	5	1 1 1 1 0 1 1 1 1 0 1 1 0 0 0 0 0 0 0 0
450	24	1 1 1 1 0 1 0 1 0 0 1 1 0 1 1 0 0 0 0 0
450	18	0 1 1 1 0 0 1 0 0 0 1 1 0 1 1 0 0 0 0 0
450	26	1 1 1 1 1 0 0 0 0 1 1 1 0 0 0 0 0 0 0 0
450	22	1 1 1 1 0 0 0 0 1 1 0 1 0 0 1 0 0 0 0 0
450	26	1 1 1 1 1 0 1 0 1 1 0 1 1 1 1 0 0 0 0 0
450	3	1 1 1 1 1 0 0 1 0 1 1 0 0 1 0 1 0 0 0 0
450	9	1 1 1 1 0 0 0 0 0 1 1 1 1 1 0 0 0 0 0 0
450	1	1 1 1 1 1 0 0 1 0 0 0 1 0 1 1 0 0 0 0 0
450	3	1 1 1 0 0 0 0 0 0 1 1 1 0 1 0 0 0 0 0 0
450	8	0 1 1 1 0 0 0 0 0 0 1 1 0 1 1 0 0 0 0 1
450	9	0 1 1 1 0 0 0 0 1 0 1 0 0 1 0 1 0 0 0 0
450	3	1 1 1 1 0 0 0 1 1 0 0 0 0 0 0 0 0 0 0 0
450	20	0 1 1 1 0 0 0 0 0 0 1 1 0 1 1 0 1 0 0 0
450	7	1 1 1 0 0 0 0 0 0 0 1 1 0 0 0 0 0 1 0 0
450	13	0 1 1 1 0 1 0 0 1 1 0 1 0 1 1 0 0 0 0 0
450	5	1 1 1 1 0 0 0 0 0 0 1 1 0 1 0 1 0 0 0 0
450	1	1 1 1 1 1 0 0 0 0 0 0 1 0 1 1 0 0 0 0 0
450	5	1 1 1 1 0 0 1 1 0 0 1 0 1 0 0 0 0 0 1 0
450	1	1 1 1 1 1 0 1 0 1 1 0 0 0 0 1 0 0 0 0 1
450	8	1 1 1 1 0 0 0 0 0 0 1 0 1 0 0 0 0 0 0 1
450	5	1 1 1 1 0 0 0 0 1 1 0 0 0 0 0 0 0 0 0 0
450	5	1 1 1 1 0 0 0 1 0 0 1 1 0 1 0 1 0 0 0 0
450	2	1 0 1 1 1 0 0 1 0 0 0 1 0 1 0 0 0 0 0 0
450	2	1 1 1 1 0 1 0 0 1 1 1 1 0 1 0 1 0 0 0 1
450	2	1 1 1 1 0 0 0 0 1 1 0 0 1 0 0 0 0 0 0 0
450	1	1 1 1 1 0 1 0 1 0 1 1 1 0 1 0 1 0 0 0 0
450	1	1 1 1 1 0 0 0 0 1 1 1 1 0 0 1 0 1 0 0 0
450	5	1 1 1 1 0 1 0 0 1 1 0 1 0 1 0 1 0 0 0 0
450	2	1 1 1 1 0 1 0 1 0 0 1 1 0 1 0 0 0 0 0 0
450	4	0 1 1 1 0 0 0 1 1 0 0 1 0 1 0 1 0 0 0 0
450	1	1 1 1 1 0 0 1 1 1 0 1 1 0 0 0 0 0 0 0 0
450	6	1 1 1 1 1 0 0 0 0 0 1 1 0 0 1 0 0 0 0 0
450	4	1 1 1 1 0 0 0 0 1 1 1 0 1 0 0 0 0 0 0 0
450	1	0 1 1 1 0 0 0 0 0 0 1 0 1 1 0 1 0 0 0 0
450	8	1 1 1 1 0 0 0 0 0 1 0 1 0 1 1 0 0 0 0 0
450	3	1 1 1 1 0 0 0 0 1 0 1 0 0 1 0 1 0 0 0 0
450	4	1 1 1 0 0 1 0 0 1 1 1 1 0 1 0 1 0 0 1 0
450	10	1 1 1 1 0 0 0 1 1 0 0 0 1 0 0 0 0 0 0 0
450	11	1 1 1 1 0 0 0 0 1 0 1 1 0 1 1 0 0 0 0 0
450	1	1 1 1 1 0 0 0 1 0 0 1 0 1 0 0 0 0 0 0 0
450	4	0 1 1 1 0 0 0 0 0 0 1 1 1 1 1 0 0 0 0 1
450	1	1 1 1 0 0 0 0 1 0 0 1 1 0 0 0 0 0 1 0 0
450	7	1 1 1 1 0 0 0 1 0 0 1 0 0 1 0 1 0 0 0 0
450	1	1 1 1 1 0 1 0 0 1 1 1 1 0 0 0 0 0 1 0 0
450	16	1 1 1 1 0 1 0 1 0 0 0 1 0 1 0 1 0 0 0 0
450	5	1 1 1 1 1 0 1 0 1 1 0 1 1 1 1 1 0 0 0 0
450	1	1 1 1 0 1 0 0 0 1 0 0 1 0 1 1 0 0 0 0 0
450	6	0 1 1 1 0 1 0 0 1 1 1 1 0 1 0 1 0 0 0 0
450	2	1 1 1 1 1 1 0 1 0 1 1 0 0 1 0 1 0 0 0 0
450	1	0 1 1 1 0 0 0 0 0 0 1 1 1 1 1 0 0 0 0 0
450	10	1 1 1 1 0 0 0 0 1 1 0 1 0 0 0 0 0 0 1 0
450	7	1 0 1 1 1 0 0 1 0 0 1 1 0 1 0 0 0 0 0 0
450	2	1 1 1 1 0 0 0 0 1 1 0 1 0 1 1 0 0 0 1 0
450	8	1 1 0 1 0 0 0 0 0 0 0 0 0 1 1 0 0 0 0 0
450	4	1 1 1 1 1 1 1 0 1 1 0 1 0 1 1 0 0 0 0 0
450	2	1 1 1 1 0 0 0 1 0 0 0 0 0 0 0 0 0 0 0 0
450	7	1 1 1 1 1 0 0 0 1 0 0 0 0 1 1 0 0 0 0 0
450	2	0 1 1 1 0 1 0 0 1 1 1 1 0 1 1 0 0 0 0 0
450	1	0 1 1 1 1 0 0 0 0 0 1 1 0 1 1 0 0 0 0 0
450	6	1 1 1 1 0 0 0 0 1 0 0 1 0 1 1 0 0 0 0 0
450	1	1 1 1 1 0 1 0 0 1 1 1 1 0 1 1 1 0 0 0 0
450	2	0 0 1 1 1 0 0 0 0 0 1 1 0 0 1 0 0 0 0 0
450	2	1 1 1 1 0 0 0 1 0 0 1 1 1 0 0 0 0 0 0 1
450	3	1 1 1 1 0 0 0 0 1 1 1 1 0 0 1 0 0 0 0 0
450	8	1 1 1 1 0 0 0 0 0 0 1 1 0 1 1 0 1 0 1 0
450	4	1 1 1 1 0 0 0 0 0 0 1 1 0 1 1 0 1 0 0 0
450	4	1 1 0 1 0 0 0 0 0 1 1 1 0 0 0 1 0 0 0 0
450	3	0 1 1 1 0 0 0 0 1 1 0 1 0 1 1 0 1 0 0 0
450	1	1 1 1 1 0 1 0 1 0 0 0 0 0 0 0 0 0 0 1 0
450	1	1 1 1 1 0 1 0 0 0 0 1 1 0 1 1 0 0 0 0 0
450	1	1 1 0 1 0 0 0 0 1 1 1 1 0 1 0 0 0 0 0 1
450	2	1 1 1 1 0 0 1 0 0 0 1 1 0 1 1 0 0 0 0 0
450	2	1 1 1 1 0 0 0 0 1 1 0 1 0 1 0 0 0 0 0 0
450	2	1 1 1 1 0 0 0 1 0 0 0 0 0 0 1 0 0 0 0 0
450	1	1 1 1 1 0 1 0 0 0 1 1 1 0 1 0 1 0 0 0 0
450	5	1 1 1 1 1 1 0 0 1 1 1 1 0 0 0 0 0 0 0 0
450	2	0 1 1 1 0 0 0 0 1 1 0 1 0 1 1 0 0 1 0 0
450	1	1 1 1 1 0 0 0 0 0 1 0 1 0 0 1 0 0 0 0 1
450	1	1 1 1 1 1 0 0 0 0 1 0 1 0 0 0 0 0 0 0 0
450	3	1 1 1 1 0 0 1 0 1 1 0 0 0 0 1 0 0 0 0 1
450	1	0 1 1 1 0 0 0 0 0 0 1 1 0 0 1 0 0 0 0 0
450	3	1 1 1 1 0 0 0 1 1 1 0 1 0 1 1 0 0 0 0 0
450	1	1 1 1 1 1 0 0 0 1 0 0 1 0 1 1 0 0 0 1 0
450	2	1 1 1 0 0 0 0 0 0 1 1 1 0 0 0 0 1 0 0 0
450	2	1 1 1 1 0 0 0 1 0 0 1 1 0 1 1 0 0 0 0 0
450	2	1 1 1 1 0 0 0 0 1 1 1 1 0 0 0 0 1 0 0 0
450	1	1 0 1 1 0 0 0 1 0 0 1 0 1 0 0 0 0 0 0 0
450	2	1 1 1 1 0 0 0 0 0 1 0 1 0 0 0 0 0 0 1 0
500	54	1 1 1 1 0 0 0 0 1 1 0 1 0 1 1 0 0 0 0 0
500	11	1 1 1 1 0 0 0 1 0 0 0 0 0 1 1 0 0 0 0 0
500	26	1 1 1 1 0 0 0 0 1 1 1 1 0 0 0 0 0 0 0 0
500	71	1 1 1 1 0 0 0 0 0 1 1 1 0 1 0 0 0 0 0 0
500	1	0 1 1 1 0 0 0 0 0 0 1 1 0 1 1 0 0 0 0 0
500	77	0 1 1 1 1 0 0 0 0 0 1 1 0 0 1 0 0 0 0 0
500	11	1 1 1 1 0 1 0 0 1 1 1 1 0 0 0 0 0 0 0 0
500	20	1 1 1 1 0 0 0 0 1 1 0 1 0 1 1 0 0 1 0 0
500	5	1 1 1 1 0 0 0 0 0 1 0 1 0 1 1 0 0 0 0 1
500	4	0 1 1 1 0 0 1 0 0 0 1 1 0 1 1 0 0 0 0 0
500	44	1 1 1 1 1 0 0 0 0 1 1 1 0 0 0 0 0 0 0 0
500	25	1 1 1 1 0 0 0 0 1 1 0 1 0 0 1 0 0 0 0 0
500	2	0 1 1 1 0 0 0 0 0 0 1 1 0 1 1 0 1 0 0 0
500	11	1 1 1 0 0 0 0 0 0 0 1 1 0 0 0 0 0 1 0 0
500	1	1 1 1 1 1 0 0 0 0 0 1 1 0 0 1 0 0 0 0 0
500	5	1 1 1 1 0 0 0 0 0 1 0 1 0 1 1 0 0 0 0 0
500	23	1 1 1 1 0 0 0 0 1 0 1 1 0 1 1 0 0 0 0 0
500	19	0 1 1 1 0 0 0 0 0 0 1 1 0 0 1 0 0 0 0 0
500	12	1 1 1 1 0 0 0 0 0 0 1 1 0 1 1 0 0 0 0 0
500	24	1 1 1 1 1 0 1 0 1 1 0 1 1 1 0 0 0 0 0 0
500	3	1 1 1 1 0 1 0 0 1 0 1 1 0 0 0 0 0 0 0 0
500	3	1 1 1 1 1 0 0 0 1 1 0 1 0 1 1 0 0 1 0 0
500	17	1 1 1 1 0 1 0 0 0 1 1 1 0 0 0 0 0 0 0 0
500	20	1 1 1 1 1 0 0 0 0 1 0 1 0 0 0 0 0 0 0 0
500	3	0 1 1 1 1 0 0 0 1 1 0 1 0 1 1 0 0 0 0 0
500	17	1 1 1 1 0 0 0 0 1 0 1 1 0 1 1 0 0 0 0 1
500	1	0 1 1 1 0 0 0 0 0 1 0 1 0 1 1 0 0 0 0 1
500	9	1 1 1 1 0 0 0 0 1 1 0 1 1 0 0 0 0 0 0 0
500	12	1 1 1 0 0 0 0 0 0 0 1 1 0 0 0 0 0 0 0 0
500	4	0 1 1 1 0 1 1 0 1 1 0 1 0 0 1 0 0 0 0 0
500	4	1 1 1 1 0 0 1 0 1 1 0 1 1 1 1 0 0 0 0 1
500	4	1 0 1 1 0 0 0 0 1 1 0 1 0 1 1 0 0 0 0 0
500	22	1 1 1 1 0 1 1 0 1 0 1 1 0 0 0 0 0 0 0 0
500	8	1 1 1 1 0 0 0 0 0 1 1 1 0 0 1 0 0 0 0 0
500	14	1 1 1 1 0 0 0 0 0 1 1 1 0 1 1 0 0 0 0 0
500	29	0 1 1 1 0 0 0 0 1 0 0 1 0 1 1 0 0 1 0 0
500	9	1 1 1 1 1 0 0 0 0 0 1 1 0 1 1 0 1 0 0 0
500	1	1 1 1 1 0 0 0 0 1 1 0 1 0 1 0 0 0 0 0 0
500	2	1 1 1 1 0 0 0 0 1 1 0 1 0 0 0 0 0 0 0 0
500	4	1 1 1 1 0 1 0 0 1 1 0 1 0 1 1 0 0 1 0 0
500	1	1 1 1 1 0 0 0 0 0 0 1 1 0 1 1 0 1 0 0 0
500	33	1 1 1 1 0 0 0 0 0 0 1 1 0 0 1 0 0 0 0 0
500	3	1 1 1 1 1 0 0 0 0 1 1 1 0 0 1 0 0 0 0 0
500	19	0 1 1 1 1 0 0 0 1 0 1 1 0 1 1 0 0 0 0 0
500	3	1 1 0 1 1 0 0 0 1 1 0 1 0 1 1 0 0 0 0 0
500	20	1 1 1 1 0 1 0 0 0 0 1 1 0 1 1 0 1 0 1 0
500	1	1 1 1 1 0 0 0 0 1 0 0 1 0 0 1 0 0 0 0 0
500	3	1 1 1 1 0 0 0 0 0 1 0 1 1 1 0 0 0 0 0 0
500	5	0 1 1 1 1 1 0 0 1 0 1 1 0 1 1 0 0 0 0 0
500	16	0 1 1 1 1 0 0 0 0 0 1 1 0 1 1 0 0 0 0 0
500	4	1 1 1 1 0 0 0 0 1 1 0 1 1 0 0 0 1 0 0 0
500	16	0 1 1 1 0 0 0 0 1 0 0 1 0 1 1 0 0 0 0 0
500	3	1 1 1 1 0 0 0 0 0 1 1 1 0 0 0 0 0 0 0 0
500	1	0 1 1 1 0 0 0 0 1 1 0 1 0 1 1 0 0 0 0 0
500	5	0 1 1 1 0 0 0 0 0 0 1 1 0 1 0 0 0 0 0 0
500	6	1 1 1 1 0 0 0 0 1 1 1 1 0 1 1 0 0 0 0 0
500	8	1 1 1 1 0 0 0 0 0 1 0 1 0 0 0 1 0 0 0 0
500	4	1 1 1 1 0 0 1 0 0 0 1 1 0 0 1 0 0 0 0 0
500	7	0 1 1 1 1 0 0 0 0 0 1 1 0 1 1 0 1 0 0 0
500	2	1 1 1 1 0 0 0 0 1 1 1 1 0 1 1 0 0 0 0 1
500	9	1 1 1 1 1 0 0 0 0 1 1 1 0 0 0 0 0 1 0 0
500	2	1 1 1 0 0 0 0 0 0 0 1 0 0 0 0 0 0 0 0 0
500	7	1 1 1 1 0 0 0 0 1 1 1 1 0 0 1 0 0 0 0 0
500	17	1 1 1 1 0 0 0 0 1 0 1 1 1 1 0 0 0 0 0 0
500	7	1 1 1 1 1 0 1 0 1 0 1 1 0 0 0 0 0 0 0 0
500	17	1 1 0 1 0 0 0 0 1 1 0 1 0 0 1 0 0 0 0 0
500	3	1 1 1 1 0 0 0 0 1 1 0 1 1 0 0 0 1 0 0 1
500	1	1 1 1 1 0 0 0 0 1 1 0 1 1 1 1 0 0 0 0 0
500	4	0 1 1 1 1 0 0 0 0 0 0 1 0 0 1 0 0 0 0 0
500	7	0 1 0 1 0 0 0 0 0 0 1 1 0 1 1 0 0 0 0 0
500	1	1 1 1 1 0 1 0 0 1 1 1 0 0 0 0 0 1 0 0 0
500	1	1 1 1 0 0 0 0 0 0 1 0 1 0 1 1 0 0 0 0 1
500	1	1 1 0 1 0 0 0 0 1 0 1 1 0 1 1 0 0 0 0 1
500	2	1 1 1 1 0 0 0 0 1 0 0 1 0 0 0 0 0 0 0 0
500	6	1 1 1 1 0 0 0 0 1 0 1 1 0 0 1 0 0 0 0 0
500	1	0 1 1 1 0 0 1 0 1 1 0 1 1 1 1 0 0 0 0 1
500	6	1 1 1 1 0 0 0 0 0 1 0 1 0 1 1 0 1 0 0 1
500	8	1 1 1 1 1 0 1 0 1 1 0 1 1 1 0 1 0 0 0 0
500	2	0 1 1 1 0 0 0 0 1 1 1 1 0 0 0 0 0 0 0 0
500	6	1 1 1 1 0 0 0 0 1 0 0 1 0 1 1 0 0 1 0 0
500	1	0 1 1 1 0 0 0 0 1 0 0 1 0 1 1 0 0 0 0 1
500	1	0 1 1 1 1 0 0 0 0 0 1 1 0 0 1 0 0 0 0 1
500	2	1 1 1 1 0 0 0 0 1 1 0 0 0 1 1 0 0 1 0 0
500	2	1 1 1 1 0 0 1 0 1 1 0 1 0 0 1 0 0 0 0 0
500	1	1 1 1 1 0 1 0 0 0 1 1 1 0 0 0 0 0 1 0 0
500	9	0 1 1 1 0 1 0 0 0 1 1 1 0 0 0 0 0 0 0 0
500	2	1 1 1 1 1 0 0 0 0 1 0 1 0 1 0 0 0 0 0 0
500	3	1 1 1 1 1 0 0 0 0 1 1 1 0 1 0 0 0 0 0 0
500	4	1 1 1 1 0 0 0 0 0 0 1 1 0 1 0 0 0 0 0 0
500	3	1 1 1 0 0 0 0 0 0 1 1 1 0 1 0 0 0 0 0 0
500	2	0 1 1 1 1 0 0 0 0 0 1 0 0 0 1 0 0 0 0 0
500	1	1 1 1 1 0 1 0 0 0 1 1 1 0 0 0 0 1 0 0 0
500	9	0 1 1 0 0 0 0 0 0 0 1 1 0 1 0 0 0 0 0 0
500	1	0 1 1 1 0 0 0 0 1 1 0 1 0 0 1 0 0 0 0 0
500	2	0 1 1 1 1 0 1 0 0 0 1 1 0 0 1 0 0 0 0 0
500	3	0 1 1 1 0 0 0 0 0 1 1 1 0 0 1 0 0 0 0 0
500	4	1 0 1 1 0 1 0 0 1 0 1 1 0 0 0 0 0 0 0 0
500	2	1 1 1 0 0 1 0 0 0 0 1 1 0 1 1 0 1 0 1 0
500	3	1 1 1 1 0 0 0 1 1 0 1 1 0 1 1 0 0 0 0 0
500	1	1 1 1 1 0 1 0 0 0 1 1 1 0 0 0 1 0 0 0 0
500	2	1 1 1 1 0 1 0 0 1 1 0 1 0 1 1 0 1 1 0 0
500	1	1 1 1 0 0 0 0 0 0 0 1 1 0 0 1 0 0 0 0 0
500	4	0 1 1 0 0 0 0 0 1 0 0 1 0 1 1 0 0 0 0 0
500	3	0 1 1 1 1 1 0 0 0 0 1 0 0 0 1 0 0 0 0 0
500	2	1 1 1 1 0 0 0 1 0 0 0 1 0 1 1 0 0 0 0 0
500	1	1 1 1 0 0 0 0 0 0 0 1 1 0 1 1 0 0 1 0 0
500	3	1 1 1 1 0 1 1 0 1 0 1 1 0 0 1 0 0 0 0 0
500	2	1 1 1 1 0 1 0 0 0 0 0 1 0 1 1 0 0 0 0 0
500	2	1 1 1 1 0 1 0 0 0 0 1 1 0 1 1 0 1 0 0 0
500	2	0 1 1 1 0 1 0 0 1 1 1 1 0 0 0 0 0 0 0 0
500	1	1 1 1 1 0 0 0 0 0 1 0 1 0 1 0 0 0 0 0 0
500	1	1 1 1 1 0 0 0 0 1 1 1 1 0 0 0 0 0 0 0 1
500	5	0 1 1 1 0 0 1 0 0 0 1 1 0 1 1 0 0 0 0 1
500	1	1 1 1 1 0 0 0 0 1 0 1 1 0 1 0 0 0 0 0 0
500	2	1 1 1 1 1 0 1 0 1 1 0 1 1 1 0 0 0 0 0 1
500	2	1 1 1 1 0 0 0 0 0 1 1 1 0 1 1 0 1 0 0 0
500	1	1 1 1 1 0 1 0 0 0 0 1 1 1 1 1 0 1 0 1 0
500	3	1 1 1 1 0 0 0 0 0 1 0 1 0 1 0 1 0 0 0 0
500	1	1 1 1 1 1 0 1 0 1 1 0 1 1 1 0 1 0 0 1 0
500	2	0 1 1 0 0 0 0 0 0 1 1 1 0 0 1 0 0 0 0 0
500	3	0 1 1 1 0 0 0 0 0 1 1 1 0 0 1 1 0 0 0 0
