0	250	1 0 1 0 1 0 0 0 0 0 0 0 1 0 0 0 0 0 0 0
0	250	0 0 0 0 0 1 0 0 0 0 0 0 0 0 0 0 0 1 1 1
0	250	0 0 0 1 1 1 0 0 0 0 1 1 0 0 0 0 0 0 0 0
0	250	0 0 0 0 0 0 0 0 0 0 0 0 1 0 0 1 1 0 1 0
50	1	1 0 1 0 1 0 0 0 0 0 0 0 1 0 0 0 0 0 0 0
50	376	0 0 0 1 1 1 0 0 0 0 1 1 0 0 0 0 0 0 0 0
50	133	0 0 1 1 1 1 0 0 0 0 1 1 0 0 0 0 0 0 0 0
50	7	0 0 0 1 1 1 0 0 0 0 1 1 0 0 1 0 0 0 0 0
50	54	0 0 0 1 1 1 0 0 0 0 0 1 0 0 0 0 0 0 0 0
50	9	0 0 0 1 1 1 0 1 0 0 1 1 0 0 0 0 0 0 0 0
50	70	0 0 0 1 1 1 0 0 0 0 1 1 0 0 0 0 0 0 1 0
50	10	0 0 0 1 1 1 0 0 0 0 1 1 0 1 0 0 0 0 0 0
50	21	0 0 0 1 1 1 1 0 0 1 1 1 0 0 0 0 0 0 0 0
50	30	0 0 0 1 1 1 0 0 0 0 1 1 0 0 0 1 0 0 0 0
50	1	0 0 0 1 0 1 0 0 0 0 1 1 0 0 0 0 0 0 0 0
50	6	1 0 0 0 0 0 0 0 0 0 0 0 1 1 0 1 1 0 1 0
50	15	0 0 0 1 1 1 0 0 0 0 1 1 0 0 0 0 0 1 0 0
50	10	0 0 0 1 1 0 0 0 0 0 1 1 1 0 0 0 0 0 0 0
50	7	0 0 0 1 1 1 0 0 0 0 1 1 0 0 0 0 0 0 0 1
50	3	1 0 0 0 1 1 0 0 0 0 1 1 0 1 0 0 0 0 0 0
50	19	1 0 0 1 1 1 0 0 0 0 1 1 0 0 0 0 0 0 0 0
50	13	0 0 0 1 0 1 0 1 0 0 1 1 0 0 0 0 0 0 0 0
50	1	0 1 1 1 1 1 0 0 0 0 1 1 0 0 0 0 0 0 0 0
50	4	0 0 0 1 1 0 0 0 0 0 1 1 0 0 0 0 0 0 0 0
50	21	0 0 0 1 0 1 0 0 0 0 1 1 1 0 0 0 0 0 0 0
50	8	0 0 0 1 1 1 0 0 0 0 1 1 1 0 0 0 0 0 0 0
50	3	0 0 0 1 1 1 0 0 0 1 1 1 0 0 0 0 0 0 0 0
50	1	0 0 0 1 1 1 0 0 0 0 1 0 0 0 0 0 0 0 0 0
50	18	0 0 0 1 1 1 0 0 0 0 1 1 0 0 0 1 0 1 0 0
50	12	0 0 1 1 1 1 0 0 0 0 1 1 0 0 0 0 0 0 1 0
50	3	0 0 0 1 1 1 0 0 0 0 0 1 0 0 0 0 0 0 1 0
50	4	0 0 0 0 0 1 0 0 0 0 1 1 0 0 0 0 0 0 0 0
50	3	0 0 0 1 1 1 1 0 0 0 1 1 0 0 0 0 1 0 1 0
50	16	0 0 0 1 1 1 0 0 1 0 1 1 0 0 0 0 0 0 0 0
50	6	1 0 0 1 1 1 0 0 0 0 1 1 0 0 0 0 0 0 1 0
50	3	0 0 0 1 1 1 0 1 0 0 1 1 0 0 1 0 0 0 0 0
50	9	1 0 1 0 1 0 0 0 0 0 1 1 0 0 0 0 0 0 0 0
50	5	0 0 0 1 1 1 0 0 0 0 1 1 0 0 0 0 1 0 1 0
50	6	0 0 1 0 1 0 0 0 0 0 1 1 0 0 0 0 0 0 0 0
50	8	0 0 0 1 1 1 0 0 0 0 1 1 0 0 0 0 1 0 0 0
50	12	0 1 0 1 1 1 0 0 0 0 1 1 0 0 0 0 0 0 0 0
50	8	0 0 0 0 1 1 0 0 0 0 1 1 0 0 0 0 0 0 0 0
50	11	0 0 0 1 1 1 0 1 0 0 1 1 0 0 1 0 0 1 0 0
50	1	0 0 0 0 1 1 0 0 0 0 1 1 1 0 0 0 0 1 0 0
50	7	0 0 0 1 0 1 0 0 0 0 1 1 0 0 0 1 0 0 0 0
50	1	0 0 0 1 1 0 0 0 0 1 1 1 1 0 0 0 0 0 0 0
50	1	0 0 1 1 1 1 0 0 0 0 1 1 0 0 0 0 0 1 0 0
50	7	0 0 0 1 1 1 1 0 0 0 1 1 0 0 0 0 0 0 1 0
50	1	0 0 0 1 1 1 0 0 0 1 1 1 0 0 0 0 1 0 0 0
50	5	0 0 0 1 1 1 0 0 0 0 0 1 0 0 0 0 1 0 0 0
50	3	0 0 1 1 1 0 0 0 0 0 1 1 0 0 0 0 0 0 0 0
50	1	0 0 0 1 1 1 1 1 0 1 1 1 0 0 0 0 0 0 0 0
50	1	0 0 0 1 1 1 0 0 0 0 1 1 0 0 0 1 0 0 0 1
50	2	0 0 0 1 1 1 0 0 1 0 1 1 0 0 1 0 0 0 0 0
50	5	0 0 0 1 1 1 1 1 1 0 1 1 0 0 0 0 0 0 0 0
50	1	0 0 1 1 1 1 0 0 0 0 1 1 0 0 0 0 0 0 0 1
50	2	0 0 0 1 1 1 0 0 0 0 1 0 0 0 0 1 0 0 0 0
50	3	0 1 0 1 1 0 0 0 0 0 1 1 1 0 0 0 0 0 0 0
50	4	0 0 0 1 1 1 1 0 0 0 1 1 0 0 1 0 1 0 1 0
50	1	0 0 0 1 1 1 1 0 0 0 1 1 0 0 0 0 0 0 0 0
50	3	0 0 0 1 0 1 0 0 0 0 1 1 0 0 0 0 0 0 1 0
50	1	0 1 0 1 1 1 1 0 0 1 1 1 0 0 0 0 0 0 0 0
50	2	0 0 1 0 1 0 0 0 0 0 1 1 0 0 0 0 0 1 0 0
50	1	1 0 0 1 1 1 0 0 0 0 1 1 0 0 0 0 1 0 0 0
100	102	0 0 0 1 1 1 0 0 0 0 1 1 0 0 0 0 0 0 0 0
100	125	0 0 1 1 1 1 0 0 0 0 1 1 0 0 0 0 0 0 0 0
100	14	0 0 0 1 1 1 0 0 0 0 0 1 0 0 0 0 0 0 0 0
100	10	0 0 0 1 1 1 0 0 0 0 1 1 0 0 0 0 0 0 1 0
100	16	0 0 0 1 1 1 0 0 0 0 1 1 0 1 0 0 0 0 0 0
100	13	0 0 0 1 0 1 0 0 0 0 1 1 0 0 0 0 0 0 0 0
100	41	0 0 0 1 1 1 0 0 0 0 1 1 0 0 0 0 0 1 0 0
100	22	1 0 0 1 1 1 0 0 0 0 1 1 0 0 0 0 0 0 0 0
100	7	0 0 0 1 1 1 0 0 0 0 1 1 1 0 0 0 0 0 0 0
100	13	0 0 0 1 1 1 0 0 0 0 1 1 0 0 0 1 0 1 0 0
100	9	0 0 1 1 1 1 0 0 0 0 1 1 0 0 0 0 0 0 1 0
100	28	0 0 0 1 1 1 0 0 1 0 1 1 0 0 0 0 0 0 0 0
100	5	0 0 0 1 1 1 0 0 0 0 1 1 0 0 0 0 1 0 1 0
100	20	0 0 0 1 1 1 0 0 0 0 0 1 0 0 0 0 1 0 0 0
100	28	0 0 1 1 1 0 0 0 0 0 1 1 0 0 0 0 0 0 0 0
100	13	0 0 1 1 1 1 1 0 0 0 1 1 0 0 0 0 0 0 0 0
100	31	0 0 1 1 1 1 0 0 0 0 1 1 0 0 0 0 1 0 0 0
100	4	0 0 0 1 1 1 0 0 0 0 0 1 0 0 0 1 1 0 0 0
100	21	1 0 1 1 1 1 0 0 0 0 1 1 0 0 0 0 0 0 0 0
100	25	0 0 0 1 1 1 0 0 0 0 0 1 0 0 0 0 1 0 1 0
100	13	0 1 0 1 0 1 0 0 0 0 1 1 0 0 0 0 0 0 0 0
100	14	1 0 0 1 1 1 0 0 0 0 0 1 0 0 0 0 0 0 0 0
100	4	0 0 0 1 1 0 0 0 0 0 1 1 0 0 0 0 0 0 0 0
100	4	0 0 1 1 1 1 0 0 0 0 1 1 0 0 0 0 0 1 0 0
100	20	0 0 0 1 1 1 0 0 0 0 0 1 1 0 0 0 1 0 0 0
100	6	0 0 0 1 1 1 0 0 0 0 0 1 0 0 1 1 1 0 0 0
100	9	0 0 0 1 1 1 1 0 0 0 1 1 0 0 0 0 0 0 0 0
100	5	0 1 0 1 1 1 0 1 0 0 1 1 0 0 0 0 0 0 1 0
100	9	0 0 0 1 0 1 0 0 0 0 1 1 1 0 0 0 0 1 0 0
100	20	0 0 1 1 1 1 0 0 0 0 1 1 0 0 1 0 0 0 0 0
100	8	0 0 0 1 1 1 0 0 0 0 1 1 0 1 0 1 0 0 0 0
100	5	0 0 0 1 1 1 1 0 0 1 1 1 0 0 0 0 0 1 0 0
100	8	0 0 1 1 1 1 1 0 0 0 1 1 0 0 1 0 0 0 0 0
100	6	0 0 0 1 1 1 0 0 0 0 0 1 0 0 0 1 0 0 0 0
100	5	0 0 1 1 1 1 0 0 0 0 1 0 0 0 0 0 0 0 0 0
100	15	0 0 0 1 0 1 0 0 0 0 1 1 0 0 0 0 1 0 0 0
100	1	0 1 0 1 1 1 0 0 1 0 1 1 0 0 0 0 0 0 0 0
100	5	0 0 1 0 1 1 1 0 0 0 1 1 0 0 0 0 0 0 0 0
100	10	0 1 0 1 0 1 0 0 0 1 1 1 0 0 0 0 0 0 0 0
100	1	0 1 0 1 1 1 0 0 1 0 1 1 0 0 0 0 0 0 1 0
100	13	0 0 1 1 0 1 0 0 0 0 1 1 0 1 0 0 0 0 0 0
100	20	0 1 1 1 1 0 0 0 0 0 1 1 0 0 0 0 0 0 0 0
100	5	0 0 1 1 1 1 0 0 0 0 1 1 0 0 1 0 1 0 0 0
100	12	1 0 1 1 1 1 0 0 0 0 1 0 0 0 0 0 0 0 0 0
100	6	0 0 0 1 1 1 0 0 0 0 0 0 0 0 0 0 1 0 0 0
100	21	0 1 0 1 0 1 0 0 0 0 1 1 0 0 0 0 1 0 0 0
100	3	0 0 0 1 1 1 0 0 0 0 1 1 0 0 0 0 0 0 0 1
100	13	1 0 1 1 1 1 0 0 0 0 1 1 1 0 0 0 0 1 0 0
100	9	0 0 1 1 1 0 0 0 1 0 1 1 0 0 0 0 0 0 0 0
100	9	0 0 1 1 1 1 0 0 0 0 1 1 0 0 0 1 0 0 0 0
100	2	0 0 0 1 1 1 0 0 0 0 0 0 0 0 0 0 1 0 1 0
100	7	0 0 1 1 1 1 0 0 0 0 0 1 0 0 1 1 1 0 0 0
100	4	0 0 1 1 1 1 0 0 1 0 1 1 0 0 0 0 0 0 1 0
100	6	0 1 0 1 1 1 0 0 0 0 1 1 0 0 0 0 0 0 0 0
100	12	0 0 1 1 1 1 1 0 1 0 1 1 0 0 1 0 0 0 0 0
100	3	0 1 0 1 0 1 0 0 0 1 1 1 0 0 1 0 0 0 0 0
100	2	0 0 1 1 1 0 0 1 0 0 1 1 0 0 0 0 0 0 0 0
100	2	0 0 0 1 1 1 0 0 1 0 1 1 0 1 0 0 0 0 0 0
100	2	0 0 0 1 1 1 0 0 1 1 1 1 0 0 0 0 0 0 0 0
100	5	0 0 1 1 1 0 0 0 0 0 1 1 0 0 0 0 1 0 0 0
100	5	1 0 1 1 1 1 0 0 0 0 1 1 0 0 1 0 0 0 0 0
100	9	0 0 0 1 1 1 0 1 0 0 0 0 0 0 0 0 1 0 0 0
100	4	0 0 1 1 1 1 0 0 0 0 1 1 1 0 0 0 1 1 0 0
100	2	0 0 1 1 0 1 0 0 0 0 1 1 0 0 0 0 0 0 0 0
100	2	0 0 0 1 1 1 0 0 0 0 1 1 1 0 0 0 1 0 0 0
100	2	0 0 1 1 1 1 0 0 0 0 1 1 0 0 1 0 0 1 0 0
100	3	0 0 1 1 1 1 0 1 0 0 1 1 0 0 0 0 0 1 0 0
100	2	0 0 0 1 1 1 1 0 0 0 1 1 0 0 1 0 0 0 0 0
100	4	0 1 0 1 1 1 0 1 0 0 1 1 0 0 0 0 0 0 0 0
100	1	0 0 0 1 0 1 0 0 0 0 1 1 0 0 1 0 0 0 0 0
100	2	0 0 0 1 1 1 0 0 0 0 1 1 0 0 0 0 1 0 0 0
100	9	0 0 1 0 1 1 0 0 0 0 1 1 0 0 0 0 0 0 0 0
100	1	0 0 0 1 1 1 0 0 1 0 1 1 0 0 0 0 0 0 1 1
100	1	0 0 0 1 1 1 1 0 0 0 0 1 0 0 1 1 1 0 0 0
100	2	0 1 0 1 1 1 0 0 0 0 1 1 0 0 0 0 1 0 0 0
100	1	0 0 1 1 1 1 0 0 0 0 1 1 0 0 0 1 0 0 1 0
100	2	1 0 0 1 0 1 0 0 0 0 1 1 0 0 0 0 1 0 0 0
100	5	0 0 1 1 1 1 0 0 0 0 1 1 1 1 0 0 1 1 0 0
100	10	0 0 1 1 1 1 1 0 0 0 1 1 0 0 0 1 0 1 0 0
100	7	0 0 0 1 1 1 0 0 0 0 0 1 0 0 0 0 0 0 0 1
100	1	0 0 0 1 0 1 0 0 0 0 0 1 0 0 0 0 1 0 0 0
100	3	0 0 1 1 1 0 0 0 0 0 1 1 0 1 0 0 0 0 0 0
100	2	1 0 1 1 1 1 0 0 0 0 1 1 0 0 0 0 0 0 1 0
100	4	0 1 1 1 1 1 0 0 0 0 1 1 0 0 0 1 0 0 0 0
100	1	1 0 1 1 1 1 0 0 0 0 1 1 1 0 0 0 1 0 0 0
100	2	0 0 1 1 1 1 0 0 0 0 1 1 0 1 1 0 0 0 0 0
100	2	0 0 1 1 0 1 0 0 0 0 1 1 0 0 0 0 1 0 0 0
100	3	0 0 0 1 0 0 0 0 0 0 1 1 0 0 0 0 1 0 0 0
100	1	0 0 1 1 1 0 0 1 0 0 1 1 0 0 0 0 1 0 0 0
100	1	0 0 0 1 0 1 0 0 0 1 1 1 0 0 0 0 1 0 0 0
100	4	0 0 1 1 1 1 0 0 0 0 1 1 0 0 0 0 0 0 0 1
100	5	0 0 1 1 1 1 0 0 0 0 0 1 0 0 0 0 0 0 0 0
100	1	0 0 0 1 0 1 0 0 0 0 0 1 0 0 0 0 1 0 1 0
100	3	0 0 0 1 1 1 0 0 0 0 0 1 1 0 1 0 1 0 0 0
100	1	0 0 0 1 1 0 0 0 0 0 0 1 0 0 1 1 1 0 0 0
100	3	0 0 1 1 1 1 0 1 0 0 1 0 0 0 0 0 0 0 0 0
100	1	0 0 1 1 1 0 0 0 0 0 1 1 1 0 0 0 1 0 0 0
100	2	0 1 0 1 1 0 0 0 0 0 1 1 0 0 0 0 0 0 0 0
100	1	0 0 0 1 1 1 0 0 0 0 1 0 0 0 0 0 0 0 0 0
100	1	0 0 1 1 1 1 0 0 1 0 1 1 0 0 0 0 0 0 0 0
100	4	0 0 1 1 1 1 0 0 0 0 0 1 0 0 0 0 1 0 0 0
100	2	0 1 0 1 1 0 0 1 0 0 1 1 0 0 0 0 0 0 1 0
100	2	0 0 0 1 0 1 0 0 0 0 1 1 0 0 0 0 1 0 1 0
100	2	0 1 0 1 0 1 0 0 1 0 1 1 0 0 0 0 0 0 0 0
100	1	0 0 1 1 1 0 0 0 1 0 1 1 0 0 1 0 0 0 0 0
100	2	0 0 1 1 1 0 0 0 0 0 0 1 0 1 0 0 0 0 0 0
150	22	0 0 0 1 1 1 0 0 0 0 1 1 0 0 0 0 0 0 0 0
150	27	0 0 1 1 1 1 0 0 0 0 1 1 0 0 0 0 0 0 0 0
150	1	0 0 0 1 0 1 0 0 0 0 1 1 0 0 0 0 0 0 0 0
150	4	0 0 0 1 1 1 0 0 0 0 1 1 0 0 0 0 0 1 0 0
150	2	0 0 0 1 1 1 0 0 0 0 1 1 1 0 0 0 0 0 0 0
150	11	0 0 1 1 1 0 0 0 0 0 1 1 0 0 0 0 0 0 0 0
150	50	0 0 1 1 1 1 0 0 0 0 1 1 0 0 0 0 1 0 0 0
150	5	0 0 0 1 1 1 0 0 0 0 0 1 0 0 0 1 1 0 0 0
150	33	1 0 1 1 1 1 0 0 0 0 1 1 0 0 0 0 0 0 0 0
150	5	0 0 0 1 1 1 0 0 0 0 0 1 0 0 0 0 1 0 1 0
150	11	0 1 0 1 0 1 0 0 0 0 1 1 0 0 0 0 0 0 0 0
150	29	0 0 1 1 1 1 0 0 0 0 1 1 0 0 1 0 0 0 0 0
150	5	0 0 1 1 1 0 0 0 1 0 1 1 0 0 0 0 0 0 0 0
150	13	0 1 0 1 1 1 0 1 0 0 1 1 0 0 0 0 0 0 0 0
150	11	0 1 0 1 1 1 0 0 0 0 1 1 0 0 0 0 1 0 0 0
150	61	0 0 1 1 1 0 0 1 0 0 1 1 0 0 0 0 1 0 0 0
150	11	0 1 1 1 1 1 0 0 0 0 1 1 0 0 0 0 0 0 0 0
150	7	0 0 1 1 1 1 0 0 0 0 1 1 1 0 0 0 0 0 0 0
150	3	0 0 0 1 1 1 0 0 1 0 1 1 0 0 0 0 0 0 0 1
150	8	1 0 1 1 1 1 0 0 0 0 1 1 0 0 0 1 0 0 0 0
150	3	0 0 1 1 0 1 0 0 0 0 1 1 0 1 0 0 0 0 1 0
150	22	0 1 1 1 1 0 0 1 0 0 1 1 0 1 0 0 0 0 0 0
150	75	1 1 1 1 1 1 0 0 0 0 1 1 0 0 0 0 0 0 0 0
150	18	1 0 0 1 1 1 0 0 0 0 1 1 0 0 0 1 1 0 0 0
150	2	0 0 0 1 1 1 0 0 0 0 1 1 0 0 0 0 1 0 0 0
150	5	0 1 1 1 1 1 0 0 0 0 1 1 0 0 0 1 0 0 0 1
150	1	0 0 0 1 1 1 0 0 0 0 1 1 0 0 0 0 0 0 1 0
150	2	0 1 0 1 0 1 0 0 0 0 1 1 0 0 0 0 0 0 1 0
150	3	1 0 1 1 0 1 0 0 0 0 1 1 0 1 0 0 0 0 1 0
150	4	0 0 1 1 0 1 0 1 0 0 1 1 0 0 0 0 0 0 0 0
150	1	0 0 1 1 1 1 1 0 0 0 1 1 0 0 1 1 0 0 0 0
150	10	0 1 0 1 1 1 0 0 1 0 1 1 0 0 0 0 0 0 0 0
150	4	1 0 0 1 1 1 0 0 0 0 1 0 0 0 0 0 0 0 0 0
150	21	0 0 0 1 1 1 0 0 0 0 0 1 0 0 0 1 0 0 0 0
150	23	0 1 1 1 1 1 0 0 0 0 1 1 0 0 0 0 1 0 0 0
150	1	0 0 0 1 1 0 0 0 0 0 0 1 0 0 0 1 1 0 0 0
150	12	1 0 1 1 1 1 0 0 1 0 1 1 0 0 0 0 0 0 0 0
150	5	0 1 0 1 0 1 0 0 0 0 1 1 0 0 0 0 0 0 0 1
150	9	1 1 1 1 1 1 1 0 0 0 1 1 0 0 0 0 0 0 0 0
150	10	0 1 0 1 1 1 0 1 0 0 1 0 0 0 0 0 0 0 0 0
150	3	0 1 0 1 1 1 0 0 0 0 0 1 0 0 1 1 1 0 0 0
150	1	0 1 0 1 1 1 0 1 0 0 1 1 0 1 0 1 0 0 1 0
150	12	0 1 0 1 1 1 0 0 0 0 1 1 1 0 0 0 0 0 0 0
150	2	0 0 0 1 1 1 0 1 0 0 0 1 0 0 0 0 0 0 0 0
150	2	0 1 1 1 1 0 0 1 0 0 1 1 0 0 0 0 1 0 0 0
150	23	0 1 1 1 1 1 1 0 0 0 1 1 0 0 0 0 0 0 0 0
150	7	1 0 1 1 1 1 0 1 0 0 1 1 0 1 0 0 0 0 0 1
150	4	0 0 1 1 1 0 0 0 1 0 1 1 0 1 0 0 0 0 0 0
150	2	0 0 1 1 0 1 1 0 0 0 1 0 0 0 0 0 0 0 0 0
150	13	0 0 1 1 1 1 0 0 0 0 1 1 0 0 1 0 1 0 0 0
150	38	1 1 1 1 1 1 0 0 0 0 1 1 1 0 0 0 0 0 0 0
150	13	0 0 1 1 1 0 0 0 0 0 1 1 0 0 0 0 1 0 0 0
150	14	0 0 1 1 1 1 0 0 0 0 1 1 1 0 0 0 1 0 0 0
150	12	0 1 1 0 1 0 0 1 0 0 1 1 0 1 0 0 0 0 0 0
150	3	0 1 0 1 1 1 0 0 0 0 1 1 0 0 0 0 0 0 0 0
150	6	0 1 0 1 0 1 0 0 1 0 1 1 0 0 0 0 0 0 0 0
150	8	0 0 1 1 1 0 0 0 1 0 1 1 0 0 0 0 0 0 0 1
150	23	1 0 0 1 1 1 0 0 1 0 1 1 0 0 0 1 1 0 0 0
150	1	0 0 0 1 1 1 0 0 0 0 0 1 0 0 1 0 1 0 0 0
150	7	0 0 1 1 1 0 0 1 0 0 1 1 0 0 1 0 1 0 0 0
150	11	0 0 1 1 1 1 0 1 0 0 1 1 0 1 0 0 0 0 1 0
150	2	0 1 1 1 1 0 0 0 0 0 1 1 0 0 0 0 0 0 0 1
150	15	0 1 1 1 0 1 0 1 0 0 1 1 0 0 0 0 0 0 0 0
150	1	0 1 1 1 1 0 1 1 0 0 1 1 0 0 0 0 0 0 0 0
150	2	0 0 1 1 1 1 0 0 0 1 1 1 0 0 0 0 0 0 0 0
150	16	1 1 1 1 1 1 1 0 0 0 1 1 0 1 0 0 0 0 0 0
150	4	1 0 1 1 0 1 0 0 0 0 1 1 0 1 0 0 0 0 0 0
150	3	0 0 1 1 1 1 0 0 0 0 1 1 0 0 0 0 0 0 0 1
150	6	0 0 1 1 1 0 0 1 0 0 1 1 0 1 0 0 0 0 0 0
150	6	1 0 1 1 1 1 0 0 0 0 1 1 0 0 0 0 1 0 0 0
150	1	1 0 0 1 1 1 0 0 0 0 1 0 0 0 0 0 0 0 1 0
150	1	0 0 0 1 1 1 0 0 0 0 0 1 0 0 0 0 0 0 0 0
150	2	1 1 0 1 1 1 0 0 1 0 1 1 0 0 0 0 0 0 0 0
150	2	1 0 0 1 1 1 0 0 0 0 1 1 0 1 0 0 0 0 0 0
150	3	0 0 1 1 1 1 0 0 0 0 1 0 0 0 0 0 0 0 0 0
150	15	0 0 1 1 1 1 0 0 0 0 1 1 1 1 0 0 0 0 0 0
150	2	1 0 1 1 1 1 0 1 0 0 1 1 0 0 0 1 0 0 0 0
150	7	0 1 1 1 1 1 0 0 0 0 1 1 1 0 0 0 1 0 0 0
150	2	0 0 1 1 1 0 0 0 0 0 1 1 0 0 0 0 0 0 0 1
150	2	0 0 0 1 1 1 0 0 1 0 1 1 0 0 0 0 1 0 0 0
150	1	1 1 1 1 1 1 0 0 0 0 1 1 0 0 0 0 0 0 0 1
150	3	1 0 1 1 1 0 0 0 0 0 1 1 0 0 1 0 0 0 0 0
150	5	0 0 1 1 1 1 0 0 0 0 1 1 0 0 0 1 0 0 0 0
150	2	0 0 0 1 1 1 0 0 1 0 1 1 0 0 0 0 0 1 0 0
150	1	1 0 0 1 1 1 0 0 0 0 1 1 1 0 0 0 0 0 0 0
150	2	0 1 0 1 1 1 0 0 0 1 1 1 0 0 0 0 1 0 0 0
150	9	0 0 1 1 1 0 0 1 0 0 1 1 1 0 0 0 1 0 0 0
150	7	0 0 0 0 1 1 0 0 0 0 1 0 0 0 0 0 0 0 0 0
150	4	1 0 1 0 1 1 0 1 0 0 1 1 0 1 0 0 0 0 0 1
150	7	0 0 1 1 1 1 1 0 0 0 1 1 0 0 1 0 1 0 0 0
150	6	0 0 1 1 1 0 0 1 0 0 1 1 0 0 1 0 1 0 0 1
150	6	0 0 1 1 1 1 1 0 0 0 1 1 0 1 0 0 0 0 0 0
150	3	1 0 1 1 0 1 0 0 1 0 1 1 0 0 0 0 0 0 0 0
150	3	0 1 0 1 1 1 0 0 1 0 1 1 0 0 0 0 1 0 0 0
150	2	1 1 1 1 1 1 0 0 0 0 1 1 0 0 1 1 0 0 0 0
150	2	0 0 1 1 1 0 0 1 0 0 1 1 0 0 0 0 1 1 0 0
150	3	0 1 0 0 1 1 0 0 0 0 1 1 0 0 0 0 0 0 0 0
150	2	0 0 1 1 1 1 0 0 0 1 0 1 0 0 0 0 0 0 0 0
150	1	1 0 0 1 1 1 1 0 0 0 1 0 0 0 0 0 0 0 1 0
150	1	0 0 1 1 1 0 0 0 0 0 1 1 0 0 1 0 0 0 0 0
150	3	0 0 1 1 1 1 0 0 0 0 1 1 0 1 0 0 0 0 0 0
150	1	0 1 0 1 1 1 0 0 0 0 0 1 0 0 0 1 1 0 0 0
150	4	1 0 0 1 1 1 0 0 1 0 1 1 0 0 0 1 0 0 0 0
150	7	0 1 0 1 1 1 0 0 0 0 0 1 0 0 0 0 1 0 0 0
150	2	0 1 1 1 0 1 0 0 0 0 1 1 0 0 0 0 1 0 0 0
150	1	0 1 0 1 0 1 0 0 0 0 1 1 0 0 1 0 0 0 0 1
150	3	0 1 1 1 0 1 0 1 0 0 1 1 0 0 0 0 0 0 0 1
150	5	1 1 1 1 1 1 0 0 0 0 1 1 0 0 0 0 1 0 0 0
150	2	1 0 1 1 1 0 0 0 0 0 1 1 0 0 0 0 0 0 0 0
150	1	0 0 1 1 1 0 0 1 0 0 1 1 0 0 0 0 0 0 0 0
150	5	1 1 0 1 1 1 0 0 0 0 1 1 0 0 0 1 1 0 0 0
150	6	1 0 1 1 0 1 0 0 0 0 1 0 0 1 0 0 0 0 1 0
150	1	0 1 0 1 1 1 0 0 1 0 1 1 0 0 0 0 0 1 0 0
150	3	1 1 1 1 0 1 0 0 0 0 1 1 0 0 0 0 0 0 0 1
150	1	1 0 0 1 1 1 0 0 0 0 0 1 0 0 0 1 1 0 0 0
150	4	0 0 0 1 1 0 0 1 0 0 1 1 0 0 0 0 1 0 0 0
150	3	0 1 0 1 1 0 0 0 1 0 1 1 0 0 0 0 0 0 0 0
150	1	1 0 1 1 1 1 0 1 0 0 1 1 0 1 0 0 0 0 1 1
150	1	1 1 1 1 1 1 0 0 0 0 1 1 1 1 0 0 0 0 0 0
150	3	0 0 1 1 1 1 0 1 0 1 1 1 0 1 0 0 0 0 1 0
150	2	0 1 1 1 1 0 1 1 0 0 1 1 0 0 0 0 0 0 0 1
150	1	0 0 0 1 1 1 0 0 0 0 1 1 0 1 0 0 0 0 0 0
150	2	0 1 1 1 1 1 0 0 0 0 0 1 0 0 0 1 1 0 0 0
150	1	0 0 0 1 1 1 0 0 0 0 1 1 0 1 0 0 0 0 1 0
150	2	0 0 1 1 1 1 0 0 0 0 1 0 0 0 0 0 1 0 0 0
150	1	1 0 1 1 0 1 0 0 0 0 1 1 0 1 0 0 1 0 0 0
150	1	0 1 1 1 1 1 1 0 0 0 1 0 0 0 1 0 0 0 0 0
150	2	1 1 0 1 0 1 0 0 0 0 1 1 0 0 0 0 0 0 0 1
150	3	1 0 1 0 1 1 0 1 0 0 1 1 0 0 0 0 0 0 0 0
150	2	1 1 1 1 0 1 0 1 0 0 1 1 0 0 0 0 0 0 0 0
150	1	0 0 1 1 1 0 0 1 0 0 1 1 0 0 0 1 1 0 0 0
150	2	1 1 1 1 1 1 0 0 0 0 1 1 0 0 0 0 0 0 1 0
150	2	0 1 0 1 1 1 0 0 1 1 1 1 0 0 0 0 0 0 0 0
150	1	1 0 1 1 1 1 0 0 1 0 1 1 0 0 0 0 0 0 0 1
150	1	1 1 1 0 1 1 0 0 0 0 1 1 1 0 0 0 0 0 0 0
150	1	1 1 1 1 1 1 0 0 0 0 1 1 1 0 0 0 0 0 1 0
150	1	1 0 1 1 1 1 0 0 0 0 1 1 1 0 0 0 1 0 0 0
200	25	0 0 1 1 1 1 0 0 0 0 1 1 0 0 0 0 0 0 0 0
200	7	0 0 1 1 1 1 0 0 0 0 1 1 0 0 0 0 1 0 0 0
200	7	1 0 1 1 1 1 0 0 0 0 1 1 0 0 0 0 0 0 0 0
200	45	0 0 1 1 1 0 0 1 0 0 1 1 0 0 0 0 1 0 0 0
200	8	1 1 1 1 1 1 0 0 0 0 1 1 0 0 0 0 0 0 0 0
200	5	0 1 1 1 1 1 0 0 0 0 1 1 0 0 0 0 1 0 0 0
200	20	1 1 1 1 1 1 0 0 0 0 1 1 1 0 0 0 0 0 0 0
200	31	0 0 1 1 1 1 0 0 0 0 1 1 1 0 0 0 1 0 0 0
200	2	1 1 1 1 1 1 1 0 0 0 1 1 0 1 0 0 0 0 0 0
200	2	1 0 1 1 0 1 0 0 0 0 1 1 0 1 0 0 0 0 0 0
200	36	0 0 1 1 1 0 0 1 0 0 1 1 1 0 0 0 1 0 0 0
200	18	1 1 1 1 1 1 0 0 0 0 1 1 0 0 0 0 1 0 0 0
200	32	0 0 1 1 1 0 0 1 0 0 1 1 0 0 0 0 0 0 0 0
200	19	1 1 1 1 1 0 1 0 0 0 1 1 0 1 0 0 0 0 0 0
200	11	1 1 1 1 1 1 0 0 0 0 0 1 0 0 0 1 0 0 0 0
200	7	0 0 1 1 1 1 0 0 1 0 1 1 0 0 0 0 1 0 0 0
200	4	0 1 1 1 1 0 0 1 0 0 1 1 0 0 0 0 0 0 0 0
200	4	0 0 1 1 1 1 0 0 0 0 1 1 0 1 0 0 0 0 0 0
200	13	0 0 1 1 1 1 0 0 0 0 1 1 1 0 0 0 0 0 0 0
200	31	0 1 1 1 1 0 0 1 0 0 1 1 0 1 0 1 0 0 0 0
200	64	1 1 1 1 1 1 0 0 0 0 0 1 0 0 0 0 0 0 0 0
200	11	0 0 1 1 1 1 0 0 1 0 1 1 0 0 0 1 1 0 0 0
200	12	0 1 1 1 0 1 0 0 0 0 0 1 0 0 0 0 1 0 0 0
200	7	0 1 1 1 1 1 1 0 0 0 1 1 0 1 0 0 0 0 0 0
200	2	1 0 1 1 1 0 0 1 0 0 1 1 0 0 0 0 1 0 0 0
200	16	0 1 1 1 0 1 0 1 0 0 0 1 0 0 0 0 0 0 0 1
200	8	0 1 1 1 1 0 1 1 0 0 1 1 0 1 0 1 0 1 0 0
200	7	1 1 1 1 1 1 0 0 1 0 0 1 0 0 0 0 0 0 0 0
200	20	1 0 1 1 1 0 0 0 0 0 0 1 0 0 0 0 0 0 0 0
200	9	0 0 1 1 1 0 1 1 0 0 1 1 0 1 0 0 0 0 0 0
200	7	1 1 1 1 1 1 0 0 1 0 1 1 0 0 0 0 1 0 0 0
200	3	0 1 1 1 0 1 0 0 0 0 0 1 0 0 0 0 0 0 0 1
200	5	0 0 1 1 0 0 0 1 0 0 1 1 0 0 0 0 0 0 0 0
200	37	1 0 1 1 1 1 0 0 0 0 1 1 0 0 0 0 1 0 0 0
200	24	1 1 1 1 1 1 0 0 0 0 0 1 1 0 0 0 0 0 0 0
200	1	0 1 1 1 1 1 0 0 1 0 0 1 0 0 0 0 0 0 0 0
200	5	1 0 1 1 1 0 0 1 0 0 1 1 1 0 0 0 0 0 0 0
200	10	0 0 1 1 1 0 0 1 0 0 1 1 1 0 0 1 1 0 0 0
200	30	0 1 1 1 0 1 0 0 0 0 1 1 0 0 0 0 1 0 0 0
200	12	1 1 1 1 1 1 1 1 0 1 1 1 0 0 0 0 0 0 0 0
200	3	1 0 1 1 1 1 0 0 0 0 1 1 1 0 0 0 0 0 0 0
200	18	1 1 1 1 1 0 1 1 0 0 1 1 0 0 0 0 0 0 0 0
200	4	0 0 1 1 1 1 0 0 0 0 0 1 0 0 0 0 0 0 0 1
200	3	0 0 1 1 1 0 1 1 0 0 1 1 0 0 0 0 1 0 0 0
200	10	1 1 1 1 1 1 0 0 0 0 1 0 1 0 0 0 0 0 0 0
200	6	0 0 1 1 1 0 0 1 0 0 1 1 0 0 0 0 1 0 0 1
200	10	1 0 1 1 0 1 0 0 0 0 0 1 0 0 0 0 0 0 0 0
200	1	0 0 1 1 1 0 1 0 0 0 1 1 0 1 0 0 0 0 0 0
200	8	0 0 1 1 1 0 1 1 0 0 1 1 0 0 0 0 0 0 0 0
200	14	1 1 1 1 1 1 0 0 1 0 1 1 1 0 0 0 0 0 0 0
200	10	0 1 0 1 1 1 0 1 0 0 1 1 0 1 1 0 1 0 0 0
200	2	0 0 0 1 1 0 0 1 0 0 1 1 0 0 0 0 1 0 0 0
200	3	1 0 0 1 1 0 0 0 0 0 1 1 0 0 1 1 1 0 0 0
200	22	1 0 1 1 1 1 0 0 0 0 1 1 1 0 0 1 1 0 0 0
200	2	0 0 1 1 1 1 0 0 0 0 0 1 1 0 0 0 0 0 0 1
200	6	1 0 1 1 0 1 0 0 0 0 1 1 0 0 0 1 1 0 0 0
200	2	0 0 1 1 1 1 1 0 0 0 1 1 0 0 0 0 0 0 0 0
200	15	0 0 1 1 1 1 0 0 1 0 1 1 0 0 0 0 0 0 0 0
200	4	1 0 1 1 1 0 0 1 0 0 1 1 0 0 0 1 1 0 0 0
200	4	1 0 1 1 1 0 0 1 0 1 1 1 1 0 0 0 1 0 0 0
200	2	1 1 1 1 1 1 0 0 0 0 1 0 1 0 1 0 0 0 0 0
200	3	0 0 1 1 1 1 0 1 0 0 1 1 0 1 0 1 1 0 0 0
200	1	1 1 1 1 1 1 1 1 0 0 1 1 0 0 0 0 1 0 0 0
200	4	0 1 1 1 0 1 0 0 0 0 1 1 0 0 0 1 1 0 0 0
200	2	1 0 1 1 1 1 0 0 0 1 1 1 1 0 0 0 0 0 0 0
200	4	1 0 1 1 1 0 0 0 1 0 1 1 1 0 0 0 1 0 0 0
200	4	1 1 1 1 0 0 0 1 0 0 1 1 0 0 0 0 0 0 0 0
200	6	1 0 0 1 1 0 0 1 1 0 1 1 1 0 0 0 1 0 0 0
200	5	0 0 1 1 0 1 0 0 0 0 1 1 0 0 0 1 1 0 0 0
200	1	1 0 1 1 1 0 0 0 0 0 0 1 0 0 0 0 0 0 1 0
200	1	0 0 1 1 0 1 0 0 0 0 0 1 0 0 0 0 0 0 0 1
200	2	0 0 1 1 0 0 0 1 0 1 1 1 0 0 0 0 0 0 0 0
200	3	0 1 0 1 1 1 0 1 1 0 1 1 0 1 1 0 1 0 0 0
200	14	0 0 1 1 0 1 0 0 1 0 1 1 0 0 0 0 0 0 0 1
200	3	0 0 1 1 1 1 0 0 0 0 0 1 0 0 0 1 1 0 0 0
200	16	0 0 1 1 1 0 0 1 0 0 1 1 1 0 0 0 1 1 0 0
200	5	0 0 1 1 1 0 0 1 0 0 1 1 1 1 0 0 1 0 0 0
200	8	0 1 1 1 0 1 0 0 0 1 0 1 0 0 0 0 1 0 0 0
200	1	0 0 1 1 1 0 0 0 0 0 1 1 0 0 0 0 1 0 0 0
200	3	1 1 1 1 1 1 0 0 0 0 0 1 0 0 0 0 0 0 0 1
200	6	0 0 1 1 0 0 1 1 0 0 1 1 0 0 0 0 0 0 0 0
200	1	1 1 1 1 1 1 0 1 0 0 0 1 1 0 0 0 0 0 0 0
200	3	0 0 0 1 1 1 0 1 0 0 1 1 0 1 1 0 1 0 0 0
200	4	1 0 1 1 0 1 0 0 0 0 1 1 0 0 0 1 1 0 0 1
200	3	1 1 1 1 0 0 0 1 0 0 1 1 0 0 0 0 1 0 0 0
200	3	1 1 1 1 1 1 0 1 0 0 1 1 0 0 0 0 0 0 0 0
200	2	0 1 1 1 0 1 0 0 0 0 1 1 0 1 0 0 0 0 0 0
200	1	0 1 1 1 1 1 0 0 0 0 0 1 0 0 0 0 0 0 0 0
200	2	1 0 1 1 1 1 0 0 0 0 1 1 0 1 0 0 0 0 0 0
200	4	0 0 1 1 0 0 0 0 0 0 0 1 0 0 0 1 1 0 0 0
200	1	1 1 1 1 1 1 0 1 0 0 0 1 0 0 0 0 0 0 0 0
200	5	1 0 1 1 1 0 0 0 0 0 0 1 0 0 0 0 1 0 0 0
200	6	0 0 1 1 1 1 0 0 0 0 1 1 1 0 0 0 0 0 0 1
200	2	1 1 1 1 1 0 0 1 0 0 1 1 0 0 0 0 0 0 0 0
200	5	1 1 1 1 1 0 1 0 0 0 1 1 1 0 0 0 1 0 0 0
200	1	0 1 1 1 1 0 0 1 0 0 1 1 0 0 0 0 1 0 0 0
200	3	1 0 1 1 0 1 0 0 1 0 1 1 0 0 0 0 0 0 0 1
200	2	1 1 1 1 1 1 1 0 0 0 0 1 0 1 0 0 0 0 0 0
200	4	1 1 1 1 1 1 0 0 0 0 0 1 0 0 0 0 0 0 1 0
200	2	1 1 0 1 1 1 0 0 1 0 1 1 1 0 0 0 0 0 0 0
200	3	1 0 1 1 1 1 0 1 0 0 1 1 0 0 0 1 1 0 0 0
200	3	0 0 1 1 0 1 0 0 0 0 1 1 0 0 0 1 1 1 0 0
200	3	1 1 1 1 1 1 0 0 0 0 1 1 0 0 0 1 1 0 0 0
200	1	0 0 1 1 1 0 0 0 0 0 1 1 1 0 0 0 0 0 0 0
200	6	0 0 1 1 0 1 0 1 0 0 0 1 0 0 0 0 0 0 0 1
200	2	1 1 1 1 1 1 0 0 0 0 1 0 1 0 0 0 1 0 0 0
200	3	0 1 1 1 1 0 0 1 1 0 1 1 0 1 0 1 0 0 0 0
200	1	0 0 1 1 1 0 1 1 0 0 0 1 0 1 0 0 0 0 0 0
200	1	1 1 1 1 1 1 0 0 1 0 1 1 0 0 0 0 1 1 0 0
200	2	1 1 0 1 1 1 1 1 0 1 1 1 0 0 0 0 0 0 0 0
200	1	0 0 1 1 1 1 1 1 0 0 1 1 0 0 0 0 0 0 0 0
200	4	1 0 0 1 1 0 0 1 0 0 1 1 1 0 0 0 1 0 0 0
200	4	0 0 1 1 1 1 0 0 0 0 0 1 0 0 0 0 0 0 0 0
200	2	1 1 1 1 1 1 0 0 0 0 0 1 1 0 0 0 1 0 0 0
200	1	0 1 1 1 0 1 0 0 1 0 1 1 1 0 0 0 0 0 0 0
200	1	1 0 1 1 1 1 0 0 1 0 1 1 0 0 0 0 0 0 0 0
200	1	0 0 0 1 1 0 0 1 0 0 1 1 0 0 0 0 0 0 0 0
200	6	0 0 1 1 1 0 0 1 0 0 1 0 1 0 0 1 0 0 0 0
200	3	1 0 1 1 0 1 0 0 0 0 1 0 0 1 0 0 0 0 0 0
200	2	0 0 1 1 1 1 0 1 0 0 1 1 0 0 0 0 0 0 0 0
200	3	0 0 1 1 0 1 0 0 1 0 1 1 0 0 0 0 1 0 0 0
200	1	0 0 1 1 1 1 1 1 0 0 1 1 0 0 0 0 1 0 0 0
200	1	1 1 1 1 1 1 0 0 0 0 1 0 1 0 0 0 0 0 0 1
200	3	0 1 1 1 1 1 0 0 1 0 1 1 1 0 0 0 0 0 0 0
200	2	0 0 1 1 0 1 0 1 0 0 1 1 0 1 0 1 1 0 0 0
200	3	0 1 1 1 0 1 0 0 1 0 1 1 0 0 0 1 1 0 0 0
200	1	0 0 1 1 0 0 0 1 0 1 0 1 0 0 0 0 0 0 0 0
200	2	1 1 1 1 0 1 0 0 0 0 1 1 0 1 0 0 0 0 0 0
200	2	1 1 1 1 1 0 0 1 0 0 1 1 1 0 0 0 1 0 0 0
200	1	0 0 1 1 1 0 1 0 0 0 1 1 0 0 0 1 1 0 0 0
200	2	0 1 1 1 1 1 0 0 0 0 1 1 1 0 0 0 1 0 0 0
200	1	1 0 1 1 0 1 0 0 0 0 1 1 0 0 0 0 1 0 0 0
200	2	0 1 1 1 1 1 0 0 1 0 1 1 1 0 0 0 1 0 0 0
200	1	0 0 1 1 1 1 0 0 0 0 1 1 0 0 0 0 1 1 0 0
200	2	1 1 1 1 1 1 0 0 0 0 0 1 0 1 0 0 0 0 0 0
200	2	1 1 1 1 1 1 1 0 0 0 0 1 0 0 0 0 0 0 0 0
200	1	0 1 1 1 0 1 0 1 0 0 0 1 0 0 0 0 0 0 1 1
200	2	0 0 1 1 1 0 0 0 0 0 0 1 0 0 0 0 0 0 0 0
200	3	1 1 1 1 1 1 0 0 1 0 0 1 1 0 0 0 0 0 0 0
200	1	0 1 1 1 0 1 0 1 0 0 1 1 0 0 0 0 1 0 0 0
200	2	1 1 1 0 1 1 0 0 1 0 1 1 1 0 0 0 0 0 0 0
250	30	0 0 1 1 1 0 0 1 0 0 1 1 1 0 0 0 1 0 0 0
250	5	0 0 1 1 1 0 0 1 0 0 1 1 0 0 0 0 0 0 0 0
250	42	1 1 1 1 1 0 1 0 0 0 1 1 0 1 0 0 0 0 0 0
250	35	1 1 1 1 1 1 0 0 0 0 0 1 0 0 0 0 0 0 0 0
250	26	1 1 1 1 1 1 0 0 1 0 0 1 0 0 0 0 0 0 0 0
250	11	1 1 1 1 1 1 0 0 1 0 1 1 0 0 0 0 1 0 0 0
250	66	1 0 1 1 1 1 0 0 0 0 1 1 0 0 0 0 1 0 0 0
250	11	1 1 1 1 1 1 0 0 0 0 1 0 1 0 0 0 0 0 0 0
250	7	1 1 1 1 0 0 0 1 0 0 1 1 0 0 0 0 1 0 0 0
250	7	0 0 1 1 0 0 0 1 0 1 0 1 0 0 0 0 0 0 0 0
250	5	0 0 1 1 1 1 0 0 0 0 1 1 1 0 0 0 1 0 1 0
250	10	1 0 1 1 1 1 0 1 0 0 1 1 1 0 0 0 0 0 0 0
250	9	1 0 1 1 0 1 0 0 0 0 1 1 0 0 0 0 0 0 0 0
250	27	1 1 1 1 0 1 0 0 0 0 0 1 0 0 0 0 0 0 0 1
250	7	1 0 1 1 1 0 0 1 0 0 0 0 0 0 0 0 0 0 0 0
250	23	0 1 1 1 1 1 0 0 0 0 1 1 0 0 0 1 1 0 0 0
250	7	0 1 1 1 0 1 0 0 0 1 0 1 0 0 0 0 0 0 0 0
250	7	1 1 1 1 1 0 0 1 0 0 1 1 0 1 0 1 0 0 0 0
250	8	1 1 0 1 1 1 1 0 1 0 1 1 1 0 0 0 0 0 0 0
250	6	0 1 1 1 1 1 1 1 0 0 1 0 0 0 0 0 0 0 1 0
250	11	1 0 1 1 1 1 0 0 0 0 1 1 1 0 0 0 0 0 0 0
250	14	0 1 1 1 1 1 0 0 1 0 1 1 0 0 0 0 1 0 0 0
250	7	0 0 1 1 1 0 0 0 0 0 1 1 0 0 0 0 0 0 0 0
250	30	1 1 1 1 1 1 0 0 1 0 0 1 0 0 0 0 0 0 1 0
250	4	1 1 1 1 1 1 0 0 0 0 1 1 0 0 0 0 1 0 0 0
250	5	0 1 1 1 1 1 0 0 0 0 0 1 0 0 0 0 0 0 0 0
250	1	1 1 0 1 1 1 0 0 0 0 0 1 0 0 0 0 0 0 0 0
250	11	1 1 1 1 1 1 0 0 1 0 1 1 0 0 1 0 0 0 0 0
250	4	1 0 0 1 1 0 0 1 0 0 1 1 1 0 0 0 0 0 0 0
250	2	0 0 1 0 1 1 0 0 0 0 1 1 0 0 0 0 1 0 0 0
250	4	1 1 1 1 1 0 0 0 1 0 1 1 0 0 0 0 0 0 0 0
250	14	1 0 1 1 1 0 1 1 0 0 1 0 0 1 0 0 0 0 0 0
250	3	0 0 1 1 1 0 0 1 0 0 1 1 1 0 0 0 0 0 0 0
250	9	1 1 1 1 1 1 0 1 0 0 1 1 1 0 0 0 1 0 0 0
250	21	1 0 1 1 1 1 0 0 0 0 0 1 0 0 0 0 0 0 0 0
250	5	1 0 1 1 1 1 0 1 0 0 1 1 0 0 0 0 0 0 0 0
250	3	0 1 1 1 1 0 0 0 1 0 1 1 0 0 0 0 0 0 0 0
250	7	0 1 1 1 0 1 0 0 0 0 1 1 0 0 0 0 0 0 0 0
250	16	0 0 1 1 1 0 0 0 0 0 1 1 0 1 0 1 0 0 0 0
250	15	1 1 1 1 1 1 0 1 0 0 1 1 0 1 0 0 0 0 0 0
250	6	1 1 0 1 1 1 1 0 1 0 1 0 1 0 1 1 0 0 0 0
250	3	0 1 1 1 0 1 0 0 0 1 0 1 0 0 0 1 0 0 0 0
250	2	1 0 1 1 1 1 0 0 0 0 1 1 0 0 1 0 0 0 0 0
250	11	1 1 1 1 1 0 1 1 0 0 1 0 1 0 0 0 0 0 0 0
250	30	1 1 1 1 1 1 0 0 0 0 1 1 0 0 1 0 0 0 0 0
250	21	1 1 0 1 1 0 1 0 0 0 1 1 0 0 0 0 0 0 0 0
250	10	1 0 1 1 0 0 0 0 0 0 1 0 1 0 0 0 0 0 0 0
250	16	1 0 1 1 1 1 0 1 0 0 1 1 1 0 0 0 0 0 1 0
250	2	1 1 1 1 1 0 0 1 0 0 1 1 0 1 0 1 1 0 0 0
250	1	1 1 1 1 1 1 0 1 0 0 1 1 0 0 0 0 0 0 0 0
250	12	1 0 0 1 1 1 1 0 1 0 1 1 1 0 0 0 0 0 0 0
250	1	0 1 1 1 0 1 0 0 0 0 1 1 0 1 0 0 0 0 0 0
250	12	0 1 1 1 1 1 1 0 0 0 0 1 0 0 0 0 0 0 0 0
250	7	1 1 1 1 1 1 0 1 1 0 1 1 0 0 1 0 0 0 0 0
250	13	0 1 1 1 1 0 0 1 0 0 1 1 1 1 0 1 0 0 0 0
250	8	1 1 1 1 0 0 1 1 0 0 1 1 1 0 0 1 1 0 0 0
250	6	0 1 1 1 1 1 0 1 0 0 1 1 1 0 0 0 1 0 0 0
250	9	1 1 1 1 1 0 0 0 0 0 1 1 0 1 0 1 0 0 0 0
250	8	1 1 1 1 1 1 0 1 0 0 1 1 1 0 0 0 0 0 0 0
250	3	0 1 1 1 1 1 0 0 0 0 1 1 0 1 0 0 0 0 0 0
250	4	1 1 1 1 1 1 0 0 0 0 0 0 0 0 0 0 0 0 0 0
250	13	1 1 1 1 1 1 0 0 0 0 1 1 0 0 0 0 0 0 0 0
250	4	1 0 1 1 0 1 0 1 0 0 1 0 1 0 0 0 0 0 0 0
250	1	0 1 1 1 1 1 1 1 0 0 1 0 0 0 1 0 0 0 1 0
250	8	0 1 1 1 0 1 0 0 0 0 0 1 0 0 0 0 0 0 0 0
250	5	0 0 1 1 1 0 1 1 0 0 1 1 1 0 0 0 1 1 0 0
250	4	1 1 1 1 1 1 0 1 0 0 1 0 0 1 0 0 0 0 0 0
250	3	1 1 1 1 0 1 0 0 0 0 1 1 0 0 0 0 0 0 0 0
250	16	1 0 1 1 1 1 0 0 1 0 1 1 0 0 0 1 0 0 0 0
250	4	0 0 1 1 1 1 0 0 0 0 1 1 0 0 0 0 0 0 0 1
250	2	1 0 1 1 1 1 0 0 0 1 1 1 0 0 1 0 0 0 0 0
250	5	1 1 1 1 0 1 0 0 0 1 0 1 0 0 0 0 1 0 0 0
250	6	1 0 1 1 1 1 0 1 0 1 1 1 1 0 0 0 1 0 0 0
250	2	1 0 1 1 0 1 0 0 0 0 1 1 0 0 0 0 1 0 0 0
250	11	1 1 1 1 1 1 0 0 0 0 0 1 0 0 0 0 0 0 1 1
250	4	1 1 1 1 1 0 0 0 1 0 1 1 0 1 0 0 0 0 0 0
250	4	1 0 1 1 1 1 0 0 0 0 1 1 0 0 0 0 1 1 0 0
250	2	0 0 1 1 1 0 0 0 1 0 1 1 0 0 0 0 0 0 0 0
250	9	1 1 1 1 1 1 0 0 0 0 1 1 0 0 0 0 0 0 1 0
250	1	1 0 1 1 0 1 0 0 1 0 1 1 0 0 0 1 0 0 0 0
250	4	0 0 1 1 1 0 0 0 0 0 1 0 1 0 0 0 0 0 0 0
250	4	1 0 1 1 1 1 0 0 0 0 1 1 0 0 0 0 1 0 1 0
250	1	1 0 1 1 1 1 0 0 0 1 1 1 0 0 0 0 1 0 0 0
250	1	0 0 1 1 1 0 1 0 0 0 1 1 0 0 0 0 0 0 0 0
250	4	0 0 1 1 1 0 0 0 0 0 0 1 0 0 0 0 0 0 0 0
250	5	0 1 1 1 0 1 0 0 0 0 1 1 1 0 0 0 0 0 0 0
250	5	1 0 1 1 1 1 0 1 0 0 1 1 0 0 0 0 1 0 0 0
250	2	1 1 1 1 1 1 0 0 1 0 0 1 0 0 0 1 0 0 0 0
250	7	1 0 1 1 1 1 0 0 0 0 1 1 1 0 0 0 1 0 0 0
250	5	1 1 1 1 1 1 0 0 0 0 0 0 1 0 0 0 0 0 0 0
250	1	1 1 1 1 0 1 0 0 0 0 0 1 0 0 0 0 0 0 0 0
250	4	0 1 0 1 1 1 0 0 0 0 1 1 0 0 0 1 1 0 0 0
250	2	1 0 1 1 1 1 1 0 0 0 1 1 1 0 0 0 0 0 0 0
250	3	1 0 1 1 1 0 0 0 0 0 1 1 0 0 0 0 0 0 0 0
250	2	1 1 1 1 1 0 0 1 0 0 1 1 1 0 1 1 1 0 0 0
250	13	1 1 0 1 1 1 1 0 1 0 0 0 1 0 1 1 0 0 0 0
250	4	0 1 1 1 1 1 0 0 0 0 1 1 0 1 0 0 0 0 0 1
250	6	0 0 1 1 1 0 0 0 0 0 0 1 0 0 0 0 0 0 0 1
250	1	0 0 1 1 1 1 0 0 0 0 1 1 0 0 0 0 0 0 0 0
250	3	1 0 1 1 1 1 0 0 0 0 1 1 1 1 0 1 0 0 0 0
250	1	0 1 1 1 0 1 0 0 0 0 0 1 0 0 0 0 0 0 1 0
250	5	0 0 1 1 1 0 0 1 0 0 1 0 1 0 0 0 1 0 0 0
250	2	0 1 1 1 1 1 0 0 0 0 1 1 0 0 0 1 1 0 1 0
250	3	1 1 1 1 1 1 0 0 1 0 1 1 0 0 0 0 0 0 0 0
250	4	0 1 1 1 0 1 0 0 0 1 0 1 1 0 0 1 0 0 0 0
250	1	1 0 1 1 0 0 0 0 0 0 1 0 1 0 0 0 0 0 0 1
250	5	1 0 1 1 1 1 0 1 0 0 1 0 1 0 0 0 0 0 1 0
250	2	0 0 0 1 0 0 0 0 0 0 1 1 1 0 0 1 1 0 0 0
250	2	0 1 1 1 1 0 0 0 1 0 0 1 0 0 0 1 0 0 0 0
250	3	0 0 1 1 1 1 0 0 0 0 1 1 1 0 0 0 1 0 0 0
250	1	0 0 1 1 1 0 0 1 0 0 1 1 1 0 0 0 1 1 0 0
250	5	1 0 1 1 1 0 1 0 0 0 1 1 0 1 0 0 0 0 0 0
250	6	0 0 0 1 1 1 0 0 0 0 1 1 1 0 0 0 1 0 1 0
250	1	0 1 1 0 0 1 0 0 0 1 0 1 0 0 0 1 0 0 0 0
250	4	1 0 1 1 1 1 0 0 0 0 1 1 0 1 1 0 0 0 0 0
250	1	1 1 1 1 1 1 0 0 0 0 0 1 0 0 1 0 0 0 0 0
250	2	1 1 1 1 1 0 0 0 1 0 1 1 1 0 0 0 0 0 0 0
250	1	1 1 1 1 1 0 1 0 0 0 1 0 0 1 0 0 0 0 0 0
250	3	1 1 1 1 1 1 0 0 1 0 1 0 0 0 0 0 1 0 0 0
250	2	1 0 1 0 1 1 0 0 0 0 1 1 0 0 0 0 1 0 0 0
250	1	1 0 0 1 1 0 0 1 0 0 0 0 0 0 0 0 0 0 0 0
250	4	1 0 1 1 1 1 0 0 0 0 1 1 1 0 0 0 0 0 0 1
250	1	0 1 1 1 1 1 0 0 1 0 0 1 0 0 0 0 0 0 1 0
250	3	1 1 1 1 1 0 0 1 0 0 1 1 1 1 0 1 1 0 0 0
250	1	1 0 1 1 1 0 1 1 0 0 1 0 0 0 0 0 0 0 0 0
250	1	0 1 1 1 0 1 0 0 0 1 0 1 0 1 0 1 0 0 0 0
250	2	0 1 1 1 1 0 0 1 0 0 1 1 1 1 0 1 1 0 0 0
250	2	1 1 1 1 1 0 0 0 1 0 1 1 0 1 1 0 0 0 0 0
250	1	1 1 1 1 1 1 0 0 1 0 1 1 0 1 0 0 0 0 0 0
250	3	1 0 0 1 0 1 1 1 1 0 1 1 1 0 0 0 0 0 0 0
250	1	0 0 1 1 0 1 0 0 0 0 1 1 0 0 0 0 0 0 0 0
250	4	1 1 1 1 1 0 1 0 0 0 1 1 0 0 1 0 0 0 0 0
250	1	1 0 1 1 1 1 0 1 0 0 1 1 1 0 0 0 1 0 0 0
250	1	1 0 1 1 1 0 0 1 0 0 0 0 0 0 0 0 0 0 0 1
250	2	1 1 1 1 0 0 1 1 0 0 1 0 1 0 0 0 0 0 0 0
250	1	1 0 1 1 0 0 0 0 0 0 1 1 0 0 0 0 0 0 0 0
250	4	1 0 1 1 0 1 0 0 0 1 0 1 0 0 0 1 0 0 0 0
250	1	0 0 1 1 1 0 0 1 0 0 1 1 1 1 0 0 1 0 0 0
250	1	0 0 1 1 1 0 1 1 0 0 1 1 1 0 0 0 1 0 0 0
250	1	1 1 1 1 1 0 1 0 0 0 1 1 0 1 1 0 0 0 0 0
250	1	1 1 1 1 1 0 1 0 0 0 1 1 0 1 0 1 0 0 0 0
250	2	1 1 1 1 1 1 1 0 0 0 1 0 1 0 0 0 0 0 0 0
250	3	1 0 0 1 1 1 1 0 1 1 1 1 1 0 0 0 0 0 0 0
250	1	1 0 1 0 1 1 0 0 1 0 1 1 0 0 0 1 0 0 0 0
250	2	0 0 1 0 1 0 0 1 0 0 1 0 1 0 0 0 1 0 0 0
300	6	0 0 1 1 1 0 0 1 0 0 1 1 1 0 0 0 1 0 0 0
300	9	1 1 1 1 0 0 0 1 0 0 1 1 0 0 0 0 1 0 0 0
300	10	0 1 1 1 1 1 0 0 0 0 1 1 0 0 0 1 1 0 0 0
300	3	0 1 1 1 0 1 0 0 0 1 0 1 0 0 0 0 0 0 0 0
300	3	1 1 1 1 1 1 0 0 0 0 1 1 0 0 0 0 1 0 0 0
300	13	1 1 1 1 1 0 0 0 1 0 1 1 0 0 0 0 0 0 0 0
300	17	1 0 1 1 1 0 1 1 0 0 1 0 0 1 0 0 0 0 0 0
300	17	1 1 1 1 1 0 1 1 0 0 1 0 1 0 0 0 0 0 0 0
300	21	1 1 1 1 1 1 0 0 0 0 1 1 0 0 1 0 0 0 0 0
300	7	1 1 1 1 1 0 0 0 0 0 1 1 0 1 0 1 0 0 0 0
300	25	0 0 1 1 1 1 0 0 0 0 1 1 0 0 0 0 0 0 0 1
300	10	0 0 1 1 1 0 0 0 0 0 0 1 0 0 0 0 0 0 0 0
300	23	1 1 1 1 1 1 0 0 0 0 0 0 1 0 0 0 0 0 0 0
300	3	0 1 1 1 1 1 0 0 0 0 1 1 0 0 0 0 0 0 0 0
300	7	1 1 1 1 1 0 1 0 0 0 1 1 0 1 0 0 0 1 0 0
300	3	1 1 1 1 1 0 0 1 0 0 0 1 0 0 0 0 0 0 1 1
300	1	1 0 1 1 0 1 0 0 0 1 0 1 0 0 0 1 1 0 0 0
300	18	1 1 1 1 1 1 0 0 0 0 1 1 0 0 0 1 1 0 0 0
300	1	1 1 1 1 1 0 0 0 0 0 1 1 0 0 0 1 1 0 0 0
300	27	1 1 1 1 1 0 0 0 1 0 0 1 0 0 0 0 0 0 0 0
300	93	1 1 1 1 1 0 1 1 0 0 1 0 1 1 0 0 0 0 0 0
300	3	1 0 1 1 1 0 0 0 0 0 1 1 0 0 0 1 1 0 0 0
300	3	0 1 1 1 0 1 0 1 0 1 0 1 0 0 0 0 0 1 0 0
300	4	1 1 1 1 1 1 0 0 1 0 0 1 0 0 1 0 0 0 0 0
300	17	1 1 1 1 1 0 0 0 0 0 1 1 1 0 0 0 0 0 0 0
300	6	1 1 1 1 1 1 1 0 0 0 0 0 1 0 0 0 1 0 0 0
300	6	1 0 1 1 1 1 0 0 1 0 0 1 0 0 0 0 0 0 0 0
300	37	1 1 1 1 1 1 1 0 0 0 0 0 1 0 0 0 0 0 0 0
300	5	1 1 1 0 1 1 0 1 0 0 1 1 0 1 0 0 0 0 0 0
300	3	0 1 1 1 1 1 0 0 0 0 1 1 0 0 1 0 0 0 0 0
300	29	1 1 1 1 1 0 1 1 0 0 1 0 1 0 0 1 0 0 0 0
300	7	1 1 1 1 1 0 0 1 0 0 1 1 0 0 1 0 0 0 0 0
300	3	1 0 1 1 0 0 1 1 0 0 1 0 0 1 0 0 1 0 0 0
300	14	1 1 1 1 0 1 0 0 0 1 0 1 1 0 0 0 0 0 0 0
300	6	1 1 1 1 0 1 0 0 0 0 1 1 0 0 0 1 1 1 0 0
300	5	1 0 1 1 0 0 1 1 0 0 1 1 1 0 0 1 1 0 0 0
300	15	1 1 1 0 1 0 1 0 0 1 1 1 0 1 0 0 0 0 0 0
300	15	1 1 1 1 1 1 0 1 0 0 0 0 1 0 0 0 0 0 0 0
300	5	1 0 1 1 1 1 1 1 1 0 1 1 1 1 0 0 0 0 0 0
300	2	1 0 1 1 1 1 0 0 1 0 1 1 1 0 0 0 0 0 1 0
300	4	1 0 1 1 1 1 0 0 0 0 0 1 1 0 0 0 1 0 0 0
300	14	0 1 1 1 1 1 0 0 0 0 1 1 0 1 0 0 0 1 0 0
300	4	1 1 1 1 1 0 1 0 1 0 1 1 0 1 0 0 0 1 0 0
300	16	1 1 1 1 1 0 0 0 1 0 1 1 0 1 0 0 0 0 0 0
300	13	1 0 1 1 1 1 0 0 0 0 0 1 1 0 0 0 0 1 0 0
300	3	1 1 1 1 1 0 0 0 0 1 0 1 1 0 0 0 0 0 0 0
300	9	1 1 1 1 1 0 1 0 0 0 1 1 0 1 0 0 1 0 0 0
300	3	1 1 1 1 1 1 0 1 0 0 1 1 1 0 0 0 0 0 0 0
300	1	0 0 1 1 1 1 0 1 0 0 1 1 0 0 0 1 1 0 0 0
300	2	0 0 1 1 1 0 0 1 0 0 1 1 1 0 0 1 0 0 0 0
300	3	0 1 1 1 1 0 0 0 1 0 0 1 0 0 0 0 0 0 0 0
300	16	0 1 1 1 0 1 1 0 0 1 0 1 0 0 0 0 0 0 0 0
300	8	1 0 1 1 1 0 0 1 0 0 1 0 0 1 0 0 0 0 0 0
300	2	1 0 1 1 1 0 0 1 0 0 1 1 0 0 0 0 0 0 1 1
300	6	1 1 1 1 1 1 1 0 0 0 1 1 1 0 0 0 1 0 0 0
300	7	1 1 1 0 1 1 0 0 0 0 1 1 0 0 0 1 1 0 0 0
300	11	1 1 1 1 0 1 1 0 0 1 0 1 0 0 0 0 0 0 0 0
300	1	1 0 1 1 1 0 0 0 1 0 1 1 0 0 0 0 0 0 0 0
300	18	1 1 1 1 1 1 0 0 0 0 1 0 1 0 0 1 0 0 0 0
300	5	0 1 1 1 1 1 0 0 0 1 1 1 0 1 0 0 0 1 0 0
300	24	1 1 1 1 1 1 0 0 0 0 0 1 1 0 0 0 1 0 0 0
300	2	1 1 0 1 1 1 0 1 0 0 1 1 1 0 0 0 0 0 0 0
300	3	1 1 1 1 1 1 1 1 0 0 1 0 1 0 0 1 0 0 0 0
300	5	1 0 1 1 0 0 1 1 0 0 1 1 1 0 0 1 1 1 0 0
300	1	0 0 1 1 1 0 0 0 0 0 0 0 1 0 1 0 0 0 0 0
300	11	1 1 1 1 1 1 0 0 0 0 0 1 1 0 0 0 0 0 0 0
300	22	1 1 1 1 1 0 0 1 0 0 1 0 1 0 0 1 0 0 0 0
300	1	0 1 1 1 1 0 0 0 1 0 1 1 0 0 0 0 0 0 0 0
300	3	0 0 1 1 0 0 0 1 0 0 0 1 0 0 0 0 0 0 1 1
300	15	1 1 1 1 1 0 1 1 1 0 1 1 1 0 0 0 0 0 0 0
300	8	0 0 1 1 1 1 0 0 0 0 1 1 0 0 0 1 0 0 0 1
300	4	1 1 1 1 1 0 1 0 0 0 1 1 0 1 0 1 0 1 0 0
300	3	0 1 1 1 1 1 0 1 0 0 1 1 0 1 0 0 0 1 0 0
300	3	1 1 1 1 1 0 0 1 0 0 0 1 1 0 0 0 1 0 0 0
300	6	1 1 1 1 1 0 0 0 0 0 1 1 0 1 0 0 0 0 0 0
300	5	1 1 1 1 1 0 0 1 0 0 1 1 0 0 0 0 0 0 0 0
300	3	0 0 1 1 1 1 0 0 0 0 1 1 0 0 0 0 1 0 0 1
300	1	1 0 1 1 0 0 1 1 0 0 1 1 1 0 0 0 0 0 1 0
300	1	0 0 1 0 0 0 1 1 1 0 1 1 1 0 0 0 0 0 0 0
300	9	1 1 1 1 1 1 1 1 0 0 0 0 1 0 0 0 0 0 0 0
300	5	1 1 1 1 0 0 0 1 0 0 0 1 0 0 0 1 0 0 1 1
300	7	0 1 1 1 0 1 0 0 0 0 1 1 0 1 0 0 0 1 0 0
300	2	1 1 1 1 0 0 0 1 0 0 0 1 0 0 0 0 1 0 0 0
300	9	1 1 1 1 1 0 1 1 0 0 1 1 1 0 0 1 0 0 0 0
300	5	1 1 1 1 1 1 0 0 0 0 1 1 1 0 0 0 1 0 0 0
300	2	1 0 0 1 1 0 0 0 1 0 0 1 0 0 0 0 0 0 0 0
300	1	1 0 1 0 1 0 1 1 0 0 1 0 1 1 0 0 0 0 0 0
300	3	1 0 1 1 1 1 0 0 1 0 1 1 1 0 0 0 0 0 0 0
300	1	1 1 1 0 1 1 0 1 0 0 0 0 1 0 0 0 0 0 0 0
300	8	1 1 1 1 0 1 0 0 0 0 1 1 1 0 0 0 1 0 0 0
300	4	1 1 0 1 1 1 0 0 1 0 0 1 0 0 1 0 0 0 0 0
300	1	1 1 1 0 1 1 1 0 0 0 1 1 0 0 0 0 0 0 0 0
300	9	1 0 1 1 1 0 0 0 0 0 0 1 0 1 0 1 0 0 0 0
300	6	1 1 1 0 1 1 0 1 0 0 1 1 0 0 0 0 0 0 0 0
300	1	1 1 0 1 1 0 1 1 0 0 1 0 1 0 0 0 0 0 0 0
300	3	1 0 1 1 0 0 1 1 0 1 1 1 1 0 0 1 1 1 0 0
300	2	1 1 1 1 0 0 0 1 1 0 0 1 0 0 0 1 0 0 1 1
300	4	1 1 1 1 1 0 0 1 0 0 1 0 0 1 0 0 0 0 0 0
300	9	1 1 1 1 1 1 0 0 0 0 1 1 0 0 1 0 1 0 0 0
300	1	1 1 1 1 1 0 1 0 0 0 1 1 0 1 0 0 0 1 1 0
300	6	1 1 1 0 1 0 1 0 0 1 1 1 0 1 1 0 0 0 0 0
300	2	0 1 1 1 1 1 0 0 0 0 1 1 0 1 0 0 1 1 0 0
300	8	1 1 1 1 1 0 0 0 0 0 1 0 1 0 0 1 0 0 0 0
300	1	1 1 1 1 1 0 1 1 0 0 1 1 0 0 0 0 0 0 0 0
300	2	1 1 1 1 1 1 0 0 0 1 0 1 0 0 0 1 1 0 0 0
300	11	1 1 1 1 1 0 1 0 0 0 1 1 0 1 0 0 0 1 0 1
300	5	1 1 1 1 1 0 0 0 1 0 0 1 1 0 0 0 0 0 0 0
300	3	1 0 1 1 1 1 1 0 0 0 0 0 1 0 0 0 1 0 0 0
300	1	0 1 1 1 1 0 1 1 0 0 1 0 1 0 0 1 0 0 0 0
300	1	0 0 1 1 1 1 0 1 0 0 0 1 0 0 0 1 1 0 0 0
300	1	1 1 1 1 1 0 1 1 0 0 0 1 0 0 0 1 1 0 0 0
300	5	1 0 1 1 1 0 0 1 0 0 1 0 1 1 0 0 0 1 0 0
300	2	1 1 1 1 0 1 1 0 0 0 1 1 0 1 0 0 0 1 0 0
300	2	1 1 1 1 1 1 0 0 1 0 0 1 0 0 0 0 0 0 0 0
300	1	1 1 1 1 1 1 0 0 0 0 1 1 0 0 1 0 0 0 0 1
300	2	1 1 1 1 1 1 0 0 0 0 1 1 0 0 1 0 0 1 0 0
300	1	1 1 1 1 1 0 1 1 0 0 1 0 1 1 1 0 0 0 0 0
300	1	1 1 1 1 0 0 0 0 0 0 1 1 1 0 0 0 0 0 0 0
300	2	1 1 1 1 1 0 0 0 0 1 1 1 1 0 0 0 0 0 0 0
300	2	1 1 1 1 1 1 1 0 0 0 0 0 1 0 0 1 1 0 0 0
300	2	1 0 1 1 1 1 1 0 0 0 0 0 1 0 0 0 0 0 0 0
300	5	1 1 1 0 1 1 1 0 0 0 1 1 0 1 0 0 0 0 0 0
300	3	0 0 1 1 1 1 0 0 0 0 1 0 1 0 0 1 0 0 0 0
300	4	0 0 1 1 1 0 0 0 0 0 0 1 0 1 0 1 0 0 0 0
300	4	1 1 1 1 1 1 0 0 0 0 0 1 1 0 0 0 0 1 0 0
300	2	1 1 1 1 1 0 1 1 0 0 1 1 0 1 0 0 0 1 0 0
300	1	1 1 1 1 1 1 1 0 0 0 1 1 0 0 0 0 0 0 0 0
300	1	0 1 1 1 0 1 1 0 0 1 0 1 0 1 0 1 0 0 1 0
300	4	0 1 1 1 0 1 1 0 0 1 0 1 0 0 0 0 1 0 0 1
300	3	1 1 1 1 0 1 0 0 0 1 0 1 0 0 0 0 0 0 0 0
300	3	1 0 1 1 1 0 1 1 0 0 1 0 1 0 0 1 0 0 0 0
300	3	1 1 1 1 1 0 0 1 0 0 1 0 1 0 0 0 0 0 0 0
300	1	1 1 1 0 1 1 1 0 0 0 1 1 1 0 0 1 0 0 0 0
300	1	1 1 1 1 1 1 0 1 1 0 0 0 1 0 0 0 0 0 0 0
300	1	1 1 1 1 1 1 0 0 0 0 0 1 1 0 0 0 1 0 0 1
300	2	0 1 1 1 1 1 0 0 0 0 1 1 0 0 0 1 0 0 0 1
300	1	1 1 1 1 1 1 0 1 0 1 0 0 1 1 0 0 0 0 0 0
300	4	1 1 1 1 1 1 0 0 0 1 0 1 1 0 0 1 1 0 0 0
300	3	1 1 1 1 0 1 0 0 0 0 1 1 0 1 0 0 0 1 0 0
300	1	1 1 1 0 1 0 1 0 0 1 1 1 0 0 0 0 0 0 0 0
300	2	1 1 1 0 1 0 1 0 0 0 0 1 0 1 0 1 0 0 0 0
300	4	1 0 1 1 1 1 0 0 0 0 0 1 1 0 0 0 0 0 0 0
300	3	1 0 1 1 1 1 0 1 0 0 1 0 1 0 0 1 0 0 0 0
300	1	1 1 1 1 1 1 0 1 0 0 1 1 0 1 0 0 0 0 0 0
300	2	1 0 1 1 1 0 0 0 1 0 0 1 0 0 0 0 0 0 0 0
300	1	1 1 1 1 1 0 0 0 1 0 0 1 0 0 0 0 0 0 0 1
300	1	1 1 0 1 1 1 1 0 0 0 0 0 1 0 0 0 0 0 0 0
300	1	0 1 1 1 0 1 1 0 0 1 0 1 1 0 0 0 0 0 0 0
300	1	1 0 1 1 1 0 0 1 0 0 1 0 0 1 0 0 0 1 0 0
300	1	1 1 1 1 1 1 0 0 0 0 1 0 1 0 0 0 0 0 0 0
300	2	1 1 1 1 1 1 0 0 0 0 0 1 1 0 1 0 1 0 0 0
300	1	0 1 0 1 1 0 0 0 1 0 1 1 0 0 0 0 0 0 0 0
300	3	1 0 1 1 0 0 1 1 0 1 1 1 1 0 0 0 0 0 1 0
300	2	1 1 1 0 1 1 1 1 0 0 0 0 1 0 0 0 0 0 0 0
300	2	1 1 1 1 1 1 1 1 0 1 0 0 1 0 0 0 0 0 0 0
300	1	0 1 1 1 0 1 0 0 0 0 1 1 0 1 0 0 0 1 1 0
300	1	1 1 1 0 1 1 0 1 0 0 1 1 1 0 0 0 0 0 0 0
300	1	1 1 1 0 0 0 1 0 0 0 1 1 0 1 0 0 0 0 0 0
300	1	1 1 1 1 1 0 1 1 0 0 1 1 1 1 1 0 0 0 0 0
350	27	1 1 1 1 1 0 0 0 1 0 1 1 0 0 0 0 0 0 0 0
350	15	1 1 1 1 1 0 1 1 0 0 1 0 1 0 0 0 0 0 0 0
350	14	1 1 1 1 1 1 0 0 0 0 1 1 0 0 1 0 0 0 0 0
350	22	1 1 1 1 1 0 1 1 0 0 1 0 1 1 0 0 0 0 0 0
350	20	1 1 1 1 1 0 0 0 0 0 1 1 1 0 0 0 0 0 0 0
350	27	1 0 1 1 1 1 0 0 1 0 0 1 0 0 0 0 0 0 0 0
350	128	1 1 1 1 1 1 1 0 0 0 0 0 1 0 0 0 0 0 0 0
350	19	1 1 1 1 1 0 1 1 0 0 1 0 1 0 0 1 0 0 0 0
350	53	1 1 1 1 1 0 0 0 0 1 0 1 1 0 0 0 0 0 0 0
350	16	1 1 1 1 1 1 1 1 0 0 0 0 1 0 0 0 0 0 0 0
350	4	1 1 1 1 1 0 0 1 0 0 1 0 0 1 0 0 0 0 0 0
350	17	1 1 1 1 1 0 0 0 0 0 1 1 0 0 0 1 1 0 0 0
350	11	1 1 1 1 1 0 1 1 0 0 1 0 0 1 0 0 0 0 0 0
350	58	1 0 1 1 1 0 0 1 0 0 1 0 1 0 0 1 0 0 0 0
350	17	1 1 1 1 1 0 0 0 1 0 1 1 0 1 0 0 0 0 0 1
350	2	1 1 1 1 1 0 0 0 0 0 0 1 0 1 0 0 0 0 0 0
350	1	1 0 1 1 1 0 1 0 0 0 0 0 1 0 0 0 0 0 0 0
350	3	1 0 1 1 1 1 0 0 1 0 1 0 1 1 0 0 0 0 0 0
350	6	1 1 1 1 1 0 1 0 0 1 1 1 0 1 0 0 1 0 0 0
350	2	1 1 0 1 1 0 1 1 0 0 1 0 1 1 0 0 0 0 0 0
350	4	1 1 1 1 1 1 0 0 1 0 0 0 0 0 0 0 0 0 0 0
350	7	1 1 1 1 1 0 0 0 1 0 1 1 1 0 0 0 0 0 0 0
350	41	1 1 1 1 1 0 1 1 0 0 0 0 1 0 0 1 0 0 0 0
350	9	1 1 1 1 1 0 0 0 0 0 1 1 0 0 0 1 0 0 0 0
350	4	0 1 1 1 0 1 1 0 0 0 1 1 0 1 0 0 0 1 0 0
350	25	1 1 1 1 1 1 1 0 0 0 0 0 1 0 0 1 0 0 0 0
350	21	1 1 1 1 1 0 0 0 1 0 0 0 1 0 0 0 0 0 0 0
350	2	1 0 1 1 1 1 1 0 0 0 0 0 1 0 0 1 0 0 0 0
350	7	1 0 1 1 1 0 1 0 0 1 0 0 1 0 0 0 0 0 0 0
350	1	1 1 1 1 1 0 1 0 0 0 1 1 0 1 0 0 0 0 0 0
350	14	1 1 1 1 1 1 1 0 0 0 1 0 1 0 0 1 0 0 0 1
350	17	1 1 1 1 1 0 1 0 0 0 1 0 1 0 0 1 0 0 0 0
350	5	1 1 1 1 1 0 1 1 0 0 1 0 1 0 0 1 1 0 0 0
350	7	1 1 1 1 1 0 0 0 1 0 1 1 0 1 0 0 0 0 0 0
350	6	1 1 1 1 1 0 1 1 0 0 1 0 1 0 0 1 0 0 1 0
350	9	1 1 1 1 1 0 0 0 0 0 0 1 0 1 0 1 0 0 0 0
350	10	1 1 1 1 1 0 1 1 0 0 1 0 0 0 0 1 0 0 0 0
350	35	1 1 1 1 1 0 1 0 0 0 0 0 1 0 0 0 0 0 0 0
350	23	1 1 1 1 1 0 0 1 0 0 1 0 0 0 0 1 0 0 0 0
350	16	1 1 1 1 1 0 0 0 1 1 1 0 0 0 0 0 0 0 0 0
350	4	1 0 1 0 1 0 1 0 0 0 0 0 1 0 0 0 0 0 0 0
350	1	1 1 1 1 1 0 1 1 1 0 1 0 1 0 0 1 0 0 0 0
350	9	1 1 0 1 1 0 0 0 1 0 1 0 0 0 0 0 0 0 0 0
350	10	1 1 1 1 1 1 0 0 0 0 0 1 0 1 0 1 0 0 0 0
350	18	1 1 1 0 1 0 1 1 0 0 1 0 1 1 0 0 0 0 0 0
350	3	1 1 1 1 1 0 0 0 0 0 1 1 1 0 0 1 0 0 0 0
350	29	1 0 1 1 1 0 1 1 0 0 1 0 1 0 0 0 0 0 0 0
350	7	1 1 1 1 1 0 0 0 1 0 1 0 1 0 0 1 0 0 0 0
350	14	1 1 1 1 1 0 0 1 0 0 1 0 1 0 0 1 0 1 0 0
350	6	1 1 1 1 1 0 1 0 1 0 0 0 1 0 0 0 0 0 0 0
350	7	1 1 1 1 1 1 1 1 0 0 0 1 1 0 0 1 0 0 0 0
350	4	1 1 1 1 1 1 1 1 0 0 1 0 1 0 0 1 0 0 0 0
350	1	1 0 1 1 1 0 0 1 0 0 1 0 0 0 0 1 0 0 0 0
350	1	1 1 1 1 1 1 1 0 0 0 0 1 1 0 0 1 0 0 0 0
350	8	1 1 1 1 1 0 1 1 0 0 0 1 0 1 0 1 0 0 0 0
350	2	0 1 1 1 1 0 0 0 1 0 1 1 0 0 0 0 0 0 0 0
350	3	1 1 1 1 1 0 0 1 0 0 1 0 0 1 0 0 0 1 0 0
350	6	1 1 1 1 1 0 0 0 0 0 1 1 0 0 0 0 1 0 0 0
350	2	1 1 1 1 1 0 1 1 0 0 1 0 1 0 0 0 0 1 0 0
350	5	1 1 1 1 1 0 0 1 0 0 1 0 0 1 1 0 0 0 0 0
350	1	1 1 1 0 1 1 1 0 0 0 0 0 1 0 0 0 0 0 0 0
350	3	1 0 1 1 1 0 0 0 0 1 0 1 1 0 0 0 0 0 0 0
350	7	1 1 1 1 1 0 0 1 0 0 1 0 0 0 0 0 0 0 0 0
350	8	1 0 1 1 1 0 0 1 0 0 0 0 1 0 0 1 0 0 0 0
350	3	1 1 1 1 1 1 1 0 0 1 0 0 1 0 0 1 0 0 0 0
350	2	1 1 1 1 1 0 1 1 0 0 1 0 1 0 0 1 0 1 1 0
350	1	1 1 0 1 1 0 1 1 0 0 1 0 0 0 1 0 0 0 0 0
350	5	1 1 1 1 1 0 0 1 0 0 1 0 1 0 0 1 0 0 0 0
350	1	1 1 1 1 1 0 1 1 0 0 1 0 0 0 0 0 0 0 0 0
350	2	1 1 1 1 1 1 1 0 0 0 0 0 1 0 0 0 0 0 0 1
350	3	1 1 1 1 1 0 1 1 0 0 0 1 0 0 0 0 0 0 0 0
350	2	1 1 0 1 1 0 0 0 1 0 1 0 0 0 0 0 1 0 0 0
350	1	1 1 1 1 1 0 0 0 0 0 1 1 0 0 1 1 0 0 0 0
350	3	1 0 1 1 1 0 1 1 0 1 0 0 1 0 0 0 0 0 0 0
350	2	1 1 1 1 1 0 0 0 1 1 1 0 0 0 0 0 0 1 0 0
350	5	1 0 1 0 1 0 1 0 0 0 0 1 1 0 0 0 0 0 0 0
350	6	1 0 1 1 1 1 0 0 0 0 1 0 1 0 0 1 0 0 1 0
350	1	1 1 1 1 1 0 0 0 0 0 1 0 1 0 0 1 0 0 0 0
350	3	1 1 1 1 1 0 0 1 0 0 1 0 1 0 0 0 0 0 0 0
350	7	1 1 1 1 1 0 1 1 0 0 1 1 1 0 0 1 0 0 0 0
350	1	1 1 1 0 1 0 0 0 0 1 0 1 1 0 0 0 0 0 0 0
350	2	1 1 1 1 1 0 0 0 1 0 1 1 0 1 0 1 0 0 0 0
350	2	1 1 1 1 1 1 0 0 0 0 0 1 0 1 0 0 0 1 0 0
350	2	1 1 1 0 1 1 1 0 0 0 0 0 1 1 0 0 0 0 0 0
350	2	1 1 1 1 1 1 1 0 0 0 0 0 0 1 0 0 1 0 0 0
350	4	1 1 1 1 1 0 1 1 0 0 0 0 1 0 0 0 0 0 0 0
350	1	1 1 1 1 1 0 1 0 0 0 0 0 1 0 0 1 0 0 0 0
350	1	1 1 1 1 1 0 1 1 1 0 1 0 1 0 0 0 0 0 0 0
350	1	1 1 1 1 0 0 1 1 0 0 1 0 1 1 0 0 0 0 0 0
350	1	1 0 1 1 1 0 1 1 0 0 1 0 1 0 0 1 0 0 0 0
350	2	1 1 1 1 1 0 1 1 0 0 0 0 1 0 0 1 1 0 0 0
350	2	0 1 1 1 1 0 1 1 0 0 0 0 1 0 0 1 0 0 0 0
350	2	1 1 1 1 1 0 1 1 0 0 1 0 0 0 0 1 1 0 0 0
350	1	1 0 1 1 1 0 1 0 0 0 1 0 1 0 0 1 1 0 0 0
350	2	1 0 1 1 0 0 1 1 0 0 1 0 1 1 0 0 0 0 0 0
350	9	1 1 1 1 1 0 1 1 0 1 0 0 1 0 0 0 0 0 0 0
350	2	1 0 1 1 1 1 0 0 1 0 1 0 1 1 0 0 1 0 0 0
350	3	1 1 1 1 1 1 1 0 0 0 1 0 0 0 0 1 0 0 0 1
350	2	1 1 0 1 1 0 1 0 0 0 0 0 1 0 0 0 0 0 0 0
350	3	1 1 0 0 1 0 0 0 1 0 1 0 0 0 0 0 0 0 0 0
350	2	1 1 1 1 1 0 0 0 0 0 0 0 1 0 0 1 0 0 0 0
350	1	0 1 1 1 1 0 1 0 0 0 0 0 1 0 0 1 0 0 0 0
350	1	0 1 1 1 0 1 1 1 0 0 1 0 1 1 0 0 0 0 0 0
350	2	1 1 0 1 1 1 1 0 0 0 0 0 1 0 0 0 0 0 0 0
350	1	1 1 1 1 1 0 1 1 0 1 1 0 0 0 0 0 0 0 0 0
350	3	1 1 1 1 1 1 0 0 0 0 0 1 0 0 1 0 0 0 0 0
350	1	1 1 1 1 1 0 1 1 0 1 1 0 1 0 0 1 0 0 0 0
350	1	1 1 1 1 1 1 0 0 0 1 0 1 1 0 0 0 0 0 0 0
350	2	1 1 1 1 1 0 0 0 1 0 1 1 0 1 0 0 0 0 1 1
350	2	1 1 1 1 1 0 0 0 1 0 1 1 0 0 0 0 0 0 0 1
350	2	1 0 1 1 0 1 0 0 1 0 1 0 1 1 0 0 0 0 0 0
350	1	1 1 0 1 1 0 1 1 0 1 1 0 1 1 0 0 0 0 0 0
350	1	1 1 1 1 1 1 0 0 1 1 1 0 0 0 0 0 0 0 0 0
350	2	1 1 1 1 1 1 1 1 0 0 0 1 1 0 1 1 0 0 0 0
350	1	1 1 1 1 0 0 0 1 0 0 1 0 0 1 0 0 0 1 0 0
350	1	1 1 1 1 1 1 1 0 0 1 0 0 1 0 0 1 0 1 0 0
400	15	1 1 1 1 1 0 1 1 0 0 1 0 1 1 0 0 0 0 0 0
400	21	1 1 1 1 1 1 1 0 0 0 0 0 1 0 0 0 0 0 0 0
400	7	1 0 1 1 1 0 0 1 0 0 1 0 1 0 0 1 0 0 0 0
400	38	1 1 1 1 1 0 1 1 0 0 0 0 1 0 0 1 0 0 0 0
400	51	1 1 1 1 1 1 1 0 0 0 0 0 1 0 0 1 0 0 0 0
400	19	1 1 1 1 1 0 1 0 0 0 1 0 1 0 0 1 0 0 0 0
400	22	1 1 1 1 1 0 0 0 1 0 1 1 0 1 0 0 0 0 0 0
400	2	1 1 1 1 1 0 1 1 0 0 1 0 0 0 0 1 0 0 0 0
400	54	1 1 1 1 1 0 1 0 0 0 0 0 1 0 0 0 0 0 0 0
400	6	1 1 1 1 1 0 0 1 0 0 1 0 0 0 0 1 0 0 0 0
400	33	1 0 1 1 1 0 1 1 0 0 1 0 1 0 0 0 0 0 0 0
400	13	1 1 1 1 1 0 0 1 0 0 1 0 1 0 0 1 0 1 0 0
400	11	1 1 1 1 1 0 1 1 0 0 0 1 0 1 0 1 0 0 0 0
400	5	1 1 1 1 1 0 0 1 0 0 1 0 1 0 0 1 0 0 0 0
400	29	1 1 1 1 1 1 1 0 0 0 0 0 1 0 0 0 0 0 0 1
400	20	1 1 1 1 1 0 0 1 0 0 1 0 1 0 0 0 0 0 0 0
400	51	1 1 1 1 1 0 1 1 0 0 0 0 1 0 0 0 0 0 0 0
400	30	1 1 1 1 1 1 1 0 0 0 0 0 0 0 0 0 0 0 0 0
400	2	1 0 1 1 1 1 1 1 0 0 0 0 1 0 0 0 0 0 0 0
400	1	1 1 1 1 1 0 0 0 0 0 0 1 0 0 0 0 0 0 0 0
400	9	1 1 1 1 1 1 1 0 0 0 1 0 1 0 0 0 0 0 0 0
400	5	1 1 1 1 1 1 1 0 0 0 0 0 1 0 1 0 0 0 0 0
400	23	1 1 1 1 1 0 1 1 0 0 1 1 1 1 0 0 0 0 0 0
400	1	1 0 1 1 1 1 1 0 0 0 0 0 1 0 0 1 0 0 0 0
400	3	1 1 1 0 1 0 1 0 0 0 0 0 1 0 0 0 0 0 0 0
400	11	1 0 1 1 1 1 0 0 0 0 1 0 1 0 0 1 0 0 0 0
400	13	1 1 1 1 1 0 1 1 0 0 0 0 1 0 1 1 0 0 0 0
400	20	1 1 1 1 1 0 0 1 0 0 0 0 1 0 0 1 0 0 0 0
400	38	1 1 1 1 1 0 1 0 0 0 0 0 1 0 0 1 0 0 0 0
400	16	1 1 1 1 1 0 0 1 0 0 0 1 1 0 0 1 0 0 0 0
400	8	1 1 1 1 1 0 1 0 0 0 0 0 1 0 0 0 0 0 1 0
400	10	1 1 1 1 1 0 0 1 0 0 1 0 0 0 0 1 0 1 0 0
400	6	1 1 1 1 1 1 1 0 0 0 0 0 1 0 0 0 0 0 1 1
400	2	1 1 1 1 1 0 1 1 1 0 0 0 1 0 0 1 0 1 0 0
400	3	1 1 1 1 1 0 1 1 0 0 1 0 0 0 0 1 1 0 0 0
400	10	0 1 1 1 1 0 1 0 0 0 0 0 1 0 0 1 0 0 0 0
400	3	1 1 1 1 1 0 1 1 0 0 0 0 1 0 1 0 0 0 0 0
400	7	1 1 1 0 1 0 1 0 0 0 0 0 1 1 0 0 0 0 0 0
400	1	1 1 1 1 1 0 1 0 0 1 0 0 1 0 0 1 0 0 0 0
400	30	1 1 1 1 1 1 1 0 1 0 0 0 0 0 1 0 0 0 0 0
400	15	1 1 1 1 1 0 1 1 0 0 0 0 0 0 0 1 0 0 0 0
400	14	1 1 1 1 1 0 1 1 0 0 0 1 1 0 0 1 0 0 0 0
400	2	1 1 1 1 1 1 1 0 0 0 1 0 1 0 0 0 0 0 0 1
400	1	1 0 1 1 1 1 1 1 0 0 0 0 1 0 1 0 0 0 0 0
400	7	1 1 1 1 1 0 0 0 1 1 0 0 1 0 0 0 0 0 0 0
400	4	1 1 1 1 1 0 1 1 0 0 0 1 0 1 0 1 0 0 0 1
400	4	1 1 1 1 1 1 1 0 0 0 0 1 1 0 0 0 0 0 0 0
400	3	1 1 1 1 1 0 1 1 0 0 0 1 1 0 0 0 0 0 0 0
400	2	1 1 1 1 1 0 0 0 0 0 0 1 0 0 0 1 0 0 0 0
400	13	1 1 1 1 1 1 0 0 0 0 0 0 1 0 0 0 0 0 0 0
400	1	1 1 1 1 0 1 1 1 0 0 0 0 1 0 0 1 0 1 1 0
400	19	1 1 1 1 1 1 1 1 0 0 0 0 1 0 1 1 0 0 0 0
400	7	1 1 1 1 1 0 0 0 0 0 1 1 0 0 0 1 0 0 0 1
400	14	1 1 1 1 1 0 1 1 0 0 1 0 1 0 0 0 0 0 0 0
400	11	1 1 1 0 1 0 1 1 0 0 0 0 1 0 0 1 0 0 0 0
400	2	1 1 1 1 1 1 1 0 0 0 1 0 1 0 0 1 0 0 0 0
400	9	1 1 1 1 1 1 1 1 0 0 0 0 1 0 0 0 0 0 0 0
400	4	0 1 1 1 1 1 1 0 1 0 1 1 0 1 0 0 0 0 0 0
400	2	1 1 1 1 0 1 1 1 0 0 1 0 1 0 0 1 0 1 1 0
400	8	1 1 1 1 1 1 1 0 0 0 0 0 0 0 0 0 1 0 0 0
400	3	1 1 1 1 1 0 1 1 1 0 0 0 0 0 0 1 0 1 0 0
400	4	1 1 1 0 1 0 0 0 1 0 0 0 1 1 0 0 0 0 0 0
400	10	0 1 1 1 1 0 1 0 0 0 0 0 1 0 0 0 0 0 0 0
400	2	1 1 1 1 1 0 0 0 1 0 0 0 1 1 0 0 0 0 0 1
400	7	1 0 1 1 1 1 1 1 0 0 0 0 1 0 1 1 0 0 0 0
400	1	1 0 1 1 1 1 0 0 0 0 1 0 1 0 0 1 1 0 0 0
400	3	1 1 1 1 1 0 0 1 0 0 0 1 1 0 0 1 1 0 0 0
400	2	1 1 0 1 1 1 1 0 0 0 0 1 1 0 0 0 0 0 0 1
400	3	1 1 1 1 1 1 1 0 0 0 0 0 0 0 0 1 0 0 0 0
400	4	1 1 1 1 1 1 1 0 0 0 0 0 1 0 0 1 0 1 0 0
400	1	1 1 1 1 1 0 1 1 0 0 0 0 1 0 0 0 0 1 0 0
400	6	1 0 1 0 1 0 1 0 0 0 0 0 1 0 0 0 0 0 0 0
400	3	1 1 1 1 1 1 1 0 0 0 0 1 1 0 0 1 0 0 0 0
400	4	1 1 1 1 1 0 1 0 0 0 1 1 0 1 0 0 0 0 0 0
400	7	1 1 1 1 1 1 1 0 0 0 0 0 1 1 0 0 0 0 0 0
400	3	1 1 1 1 1 0 0 0 1 0 1 1 0 1 1 0 0 0 0 0
400	1	1 1 1 1 1 1 1 0 0 0 0 0 0 0 0 0 0 0 0 1
400	2	1 1 1 1 1 0 0 1 0 0 1 0 0 1 0 1 0 1 0 0
400	1	1 1 1 1 1 0 0 0 1 0 0 0 1 1 0 0 1 0 0 1
400	10	1 1 1 1 1 1 1 0 0 0 0 1 0 0 0 1 0 0 0 0
400	7	1 1 1 1 1 0 1 1 0 0 1 0 1 0 0 1 0 1 0 0
400	2	1 1 1 1 1 0 1 1 0 0 0 1 0 1 0 1 0 0 1 0
400	8	0 1 1 1 1 1 1 0 0 0 0 0 1 0 0 1 0 0 0 0
400	8	1 1 1 1 0 0 1 0 0 0 1 0 1 0 0 1 0 0 0 0
400	1	1 1 1 1 1 0 0 1 0 0 1 0 1 0 0 1 0 1 1 0
400	1	1 1 1 1 1 0 0 1 0 0 1 1 1 1 0 0 0 0 0 0
400	3	1 1 1 1 1 0 0 1 0 0 1 0 0 0 0 1 0 1 1 0
400	2	1 1 1 1 1 1 1 0 0 1 0 0 0 0 0 0 0 0 0 0
400	2	1 0 1 1 1 0 1 1 0 0 1 1 0 0 0 0 0 0 0 0
400	13	1 1 1 1 1 0 0 0 1 0 1 1 0 0 0 0 0 0 0 0
400	4	1 1 1 1 1 1 1 0 0 0 0 0 1 0 1 1 0 0 0 0
400	1	1 1 1 1 1 0 0 1 0 0 0 1 1 0 0 0 0 0 0 0
400	9	1 1 1 1 1 0 0 1 1 0 0 0 1 1 0 0 0 0 0 0
400	1	1 1 1 1 1 0 0 0 1 1 0 0 1 1 0 0 0 0 0 0
400	2	1 1 1 1 1 0 1 0 0 0 0 1 0 1 0 1 0 0 0 1
400	4	1 1 1 1 1 1 1 0 0 0 1 0 0 0 0 0 1 0 0 0
400	1	1 1 1 1 1 0 1 1 0 0 1 1 1 0 0 0 0 0 0 0
400	3	1 0 1 1 1 0 1 1 0 0 1 1 0 1 0 0 0 0 0 0
400	1	1 1 1 1 0 1 1 0 0 0 0 0 1 0 0 1 0 0 0 0
400	3	1 1 1 1 1 0 0 0 1 0 1 1 0 1 0 0 0 1 0 0
400	2	1 1 1 1 1 0 0 1 0 0 1 0 1 0 0 1 1 1 0 0
400	1	1 1 1 1 1 0 0 1 0 0 1 1 1 0 0 0 0 0 0 0
400	3	1 1 1 1 0 1 1 0 0 0 1 0 1 0 1 0 0 0 0 0
400	3	0 1 1 1 1 0 1 0 0 0 0 0 1 0 0 1 0 0 1 0
400	2	1 1 1 1 1 1 1 0 1 0 1 0 0 0 1 0 0 0 0 0
400	1	1 1 1 1 1 0 1 1 0 0 1 1 1 0 0 1 0 0 0 0
400	5	0 1 1 1 1 1 1 0 0 1 0 0 1 0 0 1 0 0 0 0
400	1	0 1 1 1 1 0 0 1 0 0 0 1 1 0 0 1 0 0 0 1
400	5	0 1 1 1 1 0 0 1 0 0 1 0 1 0 0 1 0 1 0 0
400	2	1 1 1 1 1 0 0 0 1 0 0 0 1 1 0 1 0 0 0 0
400	1	1 1 1 1 1 1 1 0 0 0 0 0 1 0 0 0 0 1 0 0
400	1	1 0 1 1 1 0 1 0 0 0 0 0 1 0 0 0 0 0 0 0
400	1	1 1 1 1 1 0 1 0 0 0 0 1 1 0 0 0 0 0 0 0
400	1	1 1 1 0 1 0 1 1 0 0 1 0 0 0 0 1 1 0 0 0
400	1	1 1 1 0 1 0 0 0 0 0 0 1 0 0 0 1 0 0 0 0
400	1	1 1 1 1 1 0 0 0 1 0 1 0 0 0 0 0 0 0 0 0
400	1	1 1 1 1 1 1 1 0 1 0 0 0 1 1 0 0 0 0 0 0
400	3	1 1 1 1 1 1 1 1 0 0 0 0 1 0 0 1 0 0 0 0
400	2	1 1 1 1 1 1 0 0 0 0 1 0 1 0 0 1 0 0 0 0
400	2	1 1 1 1 1 1 1 0 0 0 0 0 1 0 0 1 0 1 1 1
400	1	1 1 1 1 1 0 1 0 0 0 1 1 0 1 0 1 0 0 0 0
400	2	1 1 1 1 1 1 0 0 0 0 0 0 1 0 0 1 0 0 0 0
400	1	1 1 1 1 1 1 1 0 0 0 0 0 1 0 0 1 0 0 1 0
400	2	1 1 1 1 1 1 1 1 0 0 1 0 0 0 0 1 0 0 0 0
400	1	1 1 1 1 0 0 1 0 0 0 0 0 1 0 0 0 0 0 0 0
400	1	1 1 1 1 1 1 1 0 0 0 0 0 1 1 0 0 0 0 0 1
400	3	1 1 1 1 1 0 0 1 0 1 1 0 1 0 0 0 0 0 0 0
400	1	1 1 1 1 1 0 0 1 0 1 1 0 0 0 0 1 0 1 0 0
400	2	1 1 0 1 0 1 1 1 0 0 0 0 1 0 0 1 0 1 1 0
400	2	1 1 1 1 0 0 1 1 0 0 1 0 1 0 0 0 0 0 0 0
400	1	1 1 1 0 1 0 1 1 1 0 0 0 0 0 0 1 0 1 0 0
450	66	1 1 1 1 1 1 1 0 0 0 0 0 1 0 0 0 0 0 0 0
450	4	1 1 1 1 1 0 1 1 0 0 0 0 1 0 0 1 0 0 0 0
450	49	1 1 1 1 1 1 1 0 0 0 0 0 1 0 0 1 0 0 0 0
450	20	1 1 1 1 1 0 1 0 0 0 1 0 1 0 0 1 0 0 0 0
450	19	1 1 1 1 1 0 1 1 0 0 1 0 0 0 0 1 0 0 0 0
450	7	1 1 1 1 1 0 1 0 0 0 0 0 1 0 0 0 0 0 0 0
450	4	1 1 1 1 1 1 1 0 0 0 0 0 1 0 0 0 0 0 0 1
450	44	1 1 1 1 1 0 1 1 0 0 0 0 1 0 0 0 0 0 0 0
450	11	1 1 1 1 1 1 1 0 0 0 0 0 0 0 0 0 0 0 0 0
450	9	1 1 1 1 1 1 1 0 0 0 1 0 1 0 0 0 0 0 0 0
450	18	1 1 1 1 1 0 1 0 0 0 0 0 1 0 0 1 0 0 0 0
450	12	0 1 1 1 1 0 1 0 0 0 0 0 1 0 0 1 0 0 0 0
450	70	1 1 1 1 1 1 1 0 1 0 0 0 0 0 1 0 0 0 0 0
450	3	1 1 1 1 1 0 0 0 1 1 0 0 1 0 0 0 0 0 0 0
450	82	1 1 1 1 1 0 1 1 0 0 1 0 1 0 0 0 0 0 0 0
450	2	1 1 1 1 1 0 1 1 0 0 1 0 1 0 0 1 0 1 0 0
450	20	1 1 1 1 1 1 1 0 0 1 0 0 0 0 0 0 0 0 0 0
450	4	0 1 1 1 1 0 0 1 0 0 1 0 1 0 0 1 0 1 0 0
450	2	1 1 1 1 1 1 1 0 1 0 1 0 1 0 0 0 0 0 0 0
450	14	1 1 1 1 1 1 1 0 1 0 0 0 0 0 0 0 0 0 0 0
450	3	1 1 1 1 1 0 0 1 0 0 1 0 1 1 0 0 0 0 0 0
450	31	1 1 1 1 1 1 1 1 0 0 1 0 0 1 0 1 0 0 0 0
450	1	0 1 1 1 0 0 1 0 0 0 1 0 1 0 0 1 0 0 0 0
450	2	1 1 1 1 0 1 1 0 0 1 1 0 1 0 1 0 0 0 0 0
450	1	1 1 1 1 1 1 1 0 0 0 0 0 1 0 0 0 0 0 1 0
450	17	1 1 1 1 1 0 1 0 0 0 0 1 1 0 0 1 0 0 0 0
450	29	1 1 1 1 1 1 1 0 0 0 1 0 1 0 0 1 0 0 0 0
450	1	1 1 1 1 1 1 1 0 0 0 0 0 0 0 0 0 0 0 1 0
450	32	1 1 1 1 1 0 1 0 1 0 0 0 1 0 0 1 0 0 0 0
450	10	1 1 1 1 1 0 1 1 0 0 1 0 1 0 1 0 0 0 0 0
450	1	1 1 1 0 0 0 1 0 0 0 1 0 1 0 0 1 0 0 0 0
450	35	1 0 1 1 1 0 1 1 0 0 1 0 1 0 0 0 0 1 0 0
450	1	1 1 1 1 1 0 1 0 0 0 0 0 1 0 1 0 0 0 0 0
450	6	1 1 1 1 0 1 1 0 1 0 0 0 0 0 1 0 0 0 0 0
450	1	1 1 1 1 1 0 0 1 0 0 1 0 1 0 0 0 0 0 1 0
450	20	0 1 1 1 1 0 1 1 0 0 0 0 1 0 1 1 0 0 0 0
450	24	1 1 1 1 1 1 1 0 1 0 0 0 1 0 1 0 0 0 0 0
450	12	1 1 1 1 1 1 1 0 0 0 0 0 0 0 0 1 0 0 0 0
450	9	1 1 1 1 1 0 0 1 0 0 0 0 1 0 0 0 0 0 0 0
450	1	1 1 1 1 1 0 1 0 0 0 0 1 1 0 0 0 0 0 0 0
450	9	1 1 1 1 1 1 1 0 0 0 0 0 1 0 1 0 0 0 0 0
450	3	1 1 1 1 1 1 1 0 0 0 0 0 1 0 0 1 1 0 0 0
450	11	1 1 1 1 1 1 0 0 1 0 0 0 0 0 0 0 0 0 0 0
450	3	1 1 1 1 1 0 1 0 1 1 0 0 1 0 0 0 0 1 0 0
450	5	1 1 1 1 1 1 1 0 0 0 0 0 1 0 1 1 0 0 0 1
450	7	1 1 0 1 1 0 1 0 0 0 1 0 1 0 0 1 0 0 0 0
450	2	1 1 1 1 1 0 1 1 1 0 0 0 1 0 0 0 0 0 0 0
450	3	1 1 1 1 1 0 1 1 0 0 1 0 1 0 0 1 0 0 0 0
450	4	1 1 1 1 1 0 1 1 0 0 1 1 0 0 0 0 0 0 0 1
450	5	1 1 1 0 1 1 1 0 0 0 0 0 1 0 0 1 0 0 0 0
450	1	1 1 1 1 1 1 1 0 0 0 0 0 1 0 0 1 0 0 0 1
450	20	1 1 1 1 1 0 0 0 0 0 1 0 1 0 0 1 0 0 0 0
450	1	1 1 1 1 1 0 1 0 0 0 0 0 1 0 0 1 0 0 0 1
450	2	0 1 1 1 1 0 1 0 0 0 0 0 0 0 0 1 0 0 0 0
450	12	1 1 1 1 1 0 1 1 0 1 1 0 1 0 0 0 0 0 0 0
450	1	0 1 1 1 1 0 0 1 0 0 1 0 1 0 0 1 0 0 0 0
450	4	1 1 1 1 1 0 1 1 1 0 0 0 1 0 1 0 0 0 0 0
450	4	1 1 1 1 1 1 1 0 0 0 0 0 1 0 0 1 0 0 1 0
450	2	1 1 1 0 1 0 1 0 1 0 0 0 1 0 0 1 0 0 0 0
450	1	1 1 1 1 1 1 1 0 1 0 0 0 0 0 1 0 0 0 0 1
450	2	1 1 1 1 1 1 1 0 1 0 0 0 0 0 1 0 0 1 0 0
450	1	1 1 1 1 1 0 0 0 1 1 0 0 1 0 0 1 0 0 0 0
450	1	1 1 1 1 1 0 1 0 0 0 0 1 1 0 0 1 1 0 0 0
450	1	1 1 0 1 0 0 1 0 0 0 1 0 1 0 0 1 0 0 0 0
450	4	1 1 1 1 1 0 1 1 0 0 0 0 1 1 0 0 0 0 0 1
450	2	1 1 1 1 1 1 1 1 0 0 1 0 1 0 0 1 0 0 0 0
450	4	1 1 0 1 1 0 0 0 0 0 1 0 1 0 0 1 0 0 0 0
450	3	1 1 1 1 1 1 1 0 1 1 0 0 0 0 1 0 0 0 0 0
450	1	1 1 1 1 1 0 1 0 1 0 0 0 0 0 1 0 0 0 0 0
450	5	1 1 1 1 1 0 1 0 1 0 0 0 1 0 1 1 0 0 0 0
450	8	1 0 1 1 1 0 0 1 0 0 1 1 1 1 0 0 0 0 0 0
450	5	1 1 1 0 1 0 0 1 0 0 1 1 1 1 0 0 0 0 0 0
450	1	1 1 1 1 1 1 1 0 1 0 0 0 0 0 1 1 0 0 0 0
450	7	1 1 1 1 1 1 1 1 1 0 0 0 0 0 1 0 0 0 0 0
450	4	1 1 1 1 0 1 1 0 1 0 0 0 1 0 1 0 0 0 0 0
450	2	1 1 1 1 1 1 1 0 1 0 1 0 1 0 1 0 0 0 0 0
450	3	1 1 1 1 1 1 1 0 0 0 0 1 1 0 0 1 0 0 0 0
450	5	1 1 1 1 1 1 1 1 0 0 1 0 0 1 0 0 0 0 0 1
450	11	1 1 1 1 1 1 1 1 0 0 1 0 0 1 0 0 0 0 0 0
450	2	1 1 1 1 1 1 1 0 0 0 0 0 1 0 0 1 0 1 0 0
450	2	1 1 1 1 1 1 1 1 0 0 0 0 1 0 0 1 0 0 0 0
450	2	1 1 1 1 1 1 1 0 0 0 0 0 1 0 0 0 0 0 1 1
450	15	1 1 1 1 1 0 1 0 0 0 0 0 1 0 0 0 0 0 0 1
450	2	1 1 1 1 1 0 1 0 0 0 1 0 1 0 0 0 0 0 0 0
450	4	1 1 1 1 0 0 1 1 0 0 1 0 1 0 0 0 0 0 0 0
450	8	1 1 1 1 1 0 1 1 0 0 1 0 1 1 0 0 0 0 0 0
450	6	1 1 1 1 1 1 1 0 1 1 0 0 0 0 0 0 0 0 0 0
450	4	1 1 1 1 1 1 1 1 1 0 1 0 0 1 0 1 0 0 0 0
450	7	1 1 1 1 0 1 1 0 1 0 0 0 0 0 1 0 1 0 0 0
450	2	1 1 1 1 1 1 0 1 0 0 0 0 1 0 0 0 0 0 0 0
450	1	1 1 1 1 0 1 1 0 1 0 0 0 0 0 0 1 0 0 0 0
450	4	1 1 1 0 1 1 1 0 0 0 0 0 0 0 0 1 0 0 0 0
450	4	1 1 1 1 1 1 1 0 0 1 0 0 1 0 0 0 0 0 0 1
450	3	1 1 1 1 1 0 0 0 0 0 1 0 1 1 0 0 0 0 0 0
450	3	1 1 1 1 0 1 1 0 0 1 1 1 1 0 1 0 0 0 0 0
450	7	1 1 1 1 1 1 0 0 0 0 0 0 0 0 0 0 0 0 1 0
450	3	1 0 1 0 0 0 1 0 0 0 1 0 1 0 0 1 0 0 0 0
450	3	1 1 1 1 1 0 1 1 0 0 1 0 1 0 0 0 0 1 0 0
450	1	0 1 1 0 1 0 0 0 0 0 1 0 1 0 0 1 0 0 0 0
450	2	1 1 1 1 1 0 1 1 0 0 1 0 0 0 1 0 0 0 0 0
450	3	1 1 1 1 1 1 1 0 1 0 0 0 0 0 0 1 0 1 0 0
450	1	1 1 1 1 1 1 1 1 0 0 1 0 1 0 0 0 0 0 0 0
450	3	1 1 1 1 1 1 0 0 0 0 0 0 1 0 0 0 0 0 0 0
450	3	1 1 1 1 1 0 1 1 0 1 0 0 1 0 0 0 0 0 0 0
450	3	1 1 1 1 1 1 1 1 0 1 1 0 0 1 0 1 0 0 0 0
450	2	1 1 1 1 1 0 1 1 0 0 1 0 1 0 1 1 0 0 0 0
450	1	1 1 1 1 1 0 1 0 0 0 0 0 1 1 1 0 0 0 0 0
450	4	1 1 1 1 1 0 0 1 0 1 0 0 1 0 0 0 0 0 0 0
450	1	1 1 1 1 1 1 1 0 0 0 0 0 1 0 0 1 1 0 0 1
450	1	0 1 1 1 1 1 1 0 1 0 1 0 1 0 1 0 0 0 0 0
450	1	1 1 1 1 1 0 0 0 0 0 1 0 1 0 0 1 0 0 1 0
450	3	1 1 1 1 1 1 1 0 0 1 0 0 1 0 0 0 0 0 0 0
450	1	1 1 1 1 1 0 1 1 0 0 0 0 1 0 0 0 0 0 1 0
450	1	1 1 1 1 1 0 0 1 0 0 1 0 1 0 0 0 0 0 0 0
450	1	1 1 1 1 1 0 1 1 0 0 1 0 1 0 0 0 0 0 1 0
450	1	1 1 1 1 1 0 1 1 0 0 1 0 1 1 0 1 0 1 0 0
450	1	1 1 1 1 1 0 1 0 0 0 0 1 1 0 0 1 0 0 0 1
450	2	1 1 1 1 1 1 1 0 0 0 1 0 1 0 0 1 0 0 0 1
450	2	0 1 1 1 1 1 1 1 0 0 0 0 1 0 1 1 0 0 0 0
450	1	1 1 1 1 1 1 1 0 1 0 0 0 1 0 0 0 0 0 0 0
450	2	1 1 1 1 1 1 1 1 0 0 0 0 0 0 0 1 0 0 0 0
450	1	1 1 1 1 1 0 1 1 1 0 0 0 1 1 0 0 0 0 0 0
450	2	1 0 1 1 1 0 0 1 0 0 1 1 0 1 0 0 0 0 0 0
450	2	1 1 1 1 1 1 1 1 0 0 0 1 1 0 0 1 0 0 0 0
450	2	1 1 1 1 1 0 1 0 0 0 0 0 1 0 0 0 1 0 0 1
450	2	1 0 1 1 1 1 0 0 0 0 0 0 0 0 0 0 0 0 1 0
450	1	1 1 1 1 1 1 1 1 0 0 0 0 1 0 0 1 1 0 0 1
500	9	1 1 1 1 1 0 1 1 0 0 0 0 1 0 0 0 0 0 0 0
500	20	1 1 1 1 1 0 1 0 0 0 0 0 1 0 0 1 0 0 0 0
500	82	1 1 1 1 1 1 1 0 1 0 0 0 0 0 1 0 0 0 0 0
500	107	1 1 1 1 1 0 1 1 0 0 1 0 1 0 0 0 0 0 0 0
500	44	1 1 1 1 1 1 1 1 0 0 1 0 0 1 0 1 0 0 0 0
500	6	1 1 1 1 1 1 1 0 0 0 1 0 1 0 0 1 0 0 0 0
500	10	1 1 1 1 1 0 1 0 1 0 0 0 1 0 0 1 0 0 0 0
500	4	0 1 1 1 1 0 1 1 0 0 0 0 1 0 1 1 0 0 0 0
500	6	1 1 1 1 1 0 1 1 0 0 1 0 1 0 0 1 0 0 0 0
500	18	1 1 1 1 1 1 1 1 0 0 1 0 1 0 0 1 0 0 0 0
500	7	1 1 1 1 1 1 1 1 1 0 1 0 0 1 0 1 0 0 0 0
500	11	1 1 1 1 1 1 0 0 0 0 0 0 0 0 0 0 0 0 1 0
500	30	0 1 1 1 1 1 1 0 1 0 1 0 1 0 1 0 0 0 0 0
500	16	1 1 0 1 1 0 1 1 0 0 1 0 0 0 0 1 0 0 0 0
500	15	1 1 1 1 1 1 1 1 0 0 1 0 0 0 0 1 0 0 0 0
500	4	1 1 1 1 1 0 0 0 0 0 1 0 1 0 0 0 0 0 0 0
500	8	1 1 1 1 1 1 1 1 0 0 0 0 1 0 1 0 0 0 0 0
500	3	1 1 1 1 1 0 0 0 0 1 0 0 1 0 0 0 0 0 0 0
500	4	1 0 1 1 1 1 1 1 1 0 1 0 0 1 0 1 0 0 0 0
500	3	1 1 1 1 1 1 1 0 1 0 0 0 1 0 0 0 0 0 0 1
500	17	1 1 1 1 1 1 1 0 1 0 1 0 1 0 1 0 0 0 0 0
500	4	1 1 1 1 1 0 1 1 0 0 1 0 0 1 0 0 0 0 0 0
500	15	1 1 1 1 1 1 1 0 1 0 0 0 1 0 0 1 0 0 0 0
500	5	1 1 1 1 1 1 1 0 1 0 0 0 0 1 1 0 0 0 0 0
500	8	1 1 1 1 1 1 0 1 0 0 1 0 0 1 0 0 0 0 0 1
500	14	1 1 1 1 1 0 0 0 1 0 0 0 1 0 0 0 0 0 0 0
500	11	1 1 1 1 1 1 1 1 0 0 1 0 1 0 0 0 0 0 0 0
500	8	1 1 1 1 1 1 1 0 1 0 0 0 1 0 1 1 0 0 0 0
500	22	1 1 1 1 1 1 1 1 0 0 0 0 0 0 1 0 0 0 0 0
500	2	1 1 1 1 0 1 1 0 0 0 0 0 1 0 1 0 0 0 0 0
500	3	1 1 0 1 1 0 1 1 0 0 1 0 0 0 0 0 0 0 1 0
500	25	1 0 1 1 1 0 0 0 1 1 0 0 1 0 0 0 0 0 0 0
500	1	1 1 1 1 1 1 1 1 1 0 1 0 1 0 0 1 0 0 0 0
500	16	1 1 1 1 1 1 1 1 0 0 0 0 1 0 1 1 0 0 0 0
500	23	1 1 1 1 0 0 1 1 0 0 0 0 1 0 0 0 0 0 0 0
500	50	1 1 1 1 1 1 1 1 1 0 0 0 0 0 1 0 0 0 0 0
500	2	1 1 1 1 1 0 1 1 0 0 1 1 1 0 0 0 0 1 0 0
500	20	1 0 1 1 1 0 1 1 0 0 1 0 0 0 0 0 0 0 0 0
500	5	1 1 1 1 1 0 1 1 0 0 1 0 0 0 1 0 0 0 0 0
500	2	1 1 1 1 1 1 1 0 1 0 0 0 0 1 1 0 1 0 0 0
500	6	1 1 1 1 1 1 1 0 0 0 0 0 0 1 0 1 0 0 0 0
500	3	1 1 1 1 1 1 1 0 0 0 1 0 0 0 1 1 0 0 0 0
500	2	1 1 1 1 1 1 1 0 0 1 0 0 1 0 0 0 0 0 0 0
500	12	1 1 1 1 1 1 0 1 0 0 1 0 0 1 0 1 0 0 0 0
500	1	1 1 1 0 1 0 1 0 0 0 0 0 1 0 0 1 0 0 0 0
500	29	1 1 1 1 1 1 1 0 0 0 1 0 1 0 0 0 0 0 0 0
500	11	1 1 1 1 1 1 1 1 0 0 0 0 1 0 0 0 0 0 1 1
500	14	0 1 1 1 1 1 1 0 1 0 0 0 1 0 1 0 0 0 0 0
500	8	1 1 1 0 1 1 1 0 1 0 0 0 1 0 1 1 0 0 0 0
500	2	1 1 1 1 1 1 1 0 1 0 0 0 0 0 1 0 0 0 0 1
500	11	1 1 1 0 1 1 1 1 1 0 1 0 0 1 0 1 0 0 0 0
500	3	1 1 1 1 1 1 1 0 0 0 0 0 0 1 1 0 0 0 0 0
500	7	1 0 1 1 1 0 0 0 0 0 1 0 1 1 0 0 0 1 0 0
500	2	1 1 1 1 1 1 1 0 0 0 1 0 1 1 0 0 0 0 0 0
500	1	1 1 1 1 0 0 1 1 0 0 0 1 1 0 0 0 0 0 0 0
500	2	1 1 1 1 1 0 0 0 0 0 1 0 1 0 1 1 0 0 0 0
500	10	1 1 1 1 1 0 0 0 0 1 0 0 0 0 0 0 0 0 0 0
500	5	1 1 1 1 0 1 1 1 0 0 1 0 1 0 0 0 0 0 0 0
500	5	1 0 1 1 0 1 1 0 0 0 0 0 1 0 1 0 0 0 0 0
500	3	1 1 1 1 1 0 1 0 0 0 1 0 1 0 0 1 0 0 0 0
500	23	1 1 1 1 1 1 1 1 1 0 1 0 0 1 0 0 0 0 0 0
500	1	1 1 1 1 1 1 1 0 1 0 0 1 0 1 1 0 0 0 0 0
500	2	0 1 1 1 1 1 1 1 1 0 1 0 1 0 0 1 0 0 0 0
500	5	1 1 1 1 1 0 1 1 0 0 1 0 1 0 0 0 0 0 0 1
500	3	1 1 1 1 1 1 1 1 0 0 1 1 0 1 0 1 0 0 0 0
500	1	1 1 1 1 1 1 0 0 0 0 1 0 0 1 0 0 0 0 0 1
500	4	1 1 1 1 1 1 0 0 1 0 0 0 1 0 0 0 0 0 0 0
500	4	1 1 0 1 1 1 1 1 0 0 0 0 1 0 0 0 0 0 1 1
500	18	1 1 1 1 1 1 0 0 0 1 0 0 0 0 0 0 0 0 0 0
500	3	1 1 1 1 1 1 1 0 0 1 0 0 0 0 0 0 0 0 0 0
500	13	1 1 1 1 1 1 0 0 0 1 0 0 1 0 0 0 0 0 0 0
500	1	1 1 1 1 1 1 1 0 0 0 1 0 1 0 0 1 0 1 0 0
500	5	1 1 1 1 1 1 1 0 1 1 0 0 0 0 1 0 0 0 0 0
500	5	1 0 1 1 1 1 1 1 1 0 0 0 0 1 0 1 0 0 0 0
500	2	1 1 1 1 1 0 1 1 0 0 1 0 1 0 1 1 0 0 0 0
500	1	1 1 1 1 1 1 1 0 1 0 1 0 0 0 0 0 0 0 1 0
500	4	1 0 1 1 1 1 1 1 0 0 0 0 0 0 1 0 0 0 0 0
500	5	1 1 1 1 1 1 0 0 0 0 0 0 1 0 0 0 1 0 0 0
500	1	0 1 1 1 0 0 1 1 0 0 0 0 1 0 0 0 0 0 0 0
500	9	1 1 1 1 1 1 1 1 0 0 1 0 0 0 1 0 0 0 0 0
500	3	1 1 1 1 0 0 1 1 0 0 1 0 1 0 1 0 0 0 0 0
500	2	1 1 1 1 0 0 1 1 0 0 0 0 1 0 1 0 0 0 0 0
500	5	1 1 1 1 1 1 1 0 0 0 0 0 1 0 1 0 0 0 0 0
500	12	0 1 1 1 1 0 1 1 0 0 1 0 1 0 0 0 0 0 0 0
500	5	1 1 1 1 1 1 1 1 0 0 1 0 1 1 0 0 0 0 0 0
500	2	1 1 1 1 1 0 1 1 0 0 1 0 0 0 0 1 0 0 0 0
500	1	0 1 1 1 1 1 1 0 1 0 0 0 0 0 0 0 0 0 0 0
500	1	1 0 1 1 1 0 0 0 0 0 1 0 1 0 0 1 0 0 0 0
500	3	1 1 1 1 1 1 1 0 1 0 0 1 0 0 1 0 0 0 0 0
500	4	1 1 1 1 0 1 1 0 1 0 0 0 0 0 1 0 0 0 0 0
500	8	1 1 1 1 1 0 1 1 0 0 1 0 1 0 0 0 1 0 0 0
500	2	1 1 0 1 1 1 0 1 0 0 1 0 0 1 0 0 0 0 0 1
500	1	1 1 1 1 0 0 0 1 0 0 0 1 1 0 0 0 0 0 0 0
500	1	1 0 1 1 1 1 1 1 1 0 1 0 0 1 0 0 0 0 0 0
500	3	1 1 1 1 1 0 1 1 0 0 1 0 0 1 0 1 0 0 0 0
500	3	0 0 1 1 1 0 0 0 1 1 0 0 1 0 0 0 0 0 0 0
500	2	1 1 1 1 1 1 0 0 0 0 0 0 0 0 0 0 0 0 1 1
500	2	0 1 1 1 1 1 1 0 0 0 0 0 1 0 0 1 0 0 0 0
500	1	1 1 1 0 1 0 1 1 0 0 1 0 0 0 1 0 0 0 0 0
500	2	1 1 1 1 1 1 0 0 0 0 0 0 0 0 0 1 0 0 1 0
500	2	1 1 1 1 1 1 0 1 0 0 0 0 1 0 1 0 0 0 0 0
500	5	1 1 1 1 1 1 1 0 1 0 1 0 1 0 0 0 0 0 0 0
500	1	1 1 1 1 1 0 1 1 1 0 0 0 0 0 1 0 0 0 0 0
500	3	1 1 1 1 0 1 1 0 1 0 0 0 0 0 1 1 0 0 0 0
500	2	1 1 1 1 1 0 1 0 0 0 0 0 1 0 0 0 0 0 0 0
500	1	0 1 1 1 1 1 1 0 1 0 0 0 1 0 0 1 0 0 0 0
500	1	1 1 1 1 1 1 0 0 0 0 1 0 0 1 0 0 0 0 0 0
500	1	1 0 1 1 1 1 1 1 1 0 0 0 0 0 0 0 0 0 1 0
500	1	1 1 1 1 0 0 1 0 0 0 0 0 1 0 0 1 0 0 0 0
500	1	1 1 1 1 1 0 1 0 0 0 1 0 0 1 0 0 0 0 0 0
500	3	1 1 1 1 0 1 1 0 1 0 0 0 0 1 1 0 0 0 0 0
500	1	0 1 1 1 1 1 1 1 0 0 1 0 1 0 0 0 0 0 0 0
500	1	1 1 0 1 1 1 1 1 0 0 0 0 0 0 1 0 0 0 0 0
500	1	1 1 1 1 1 1 1 1 1 0 0 0 0 0 1 0 0 0 1 0
500	3	1 1 1 1 1 1 1 1 1 0 0 0 0 1 1 0 0 0 0 0
500	1	1 1 1 1 1 1 1 0 0 1 0 0 1 0 0 0 0 0 1 0
500	2	0 1 1 1 1 1 1 0 1 0 0 0 0 0 0 1 0 0 0 0
