0	2	0 0 0 1 1 0 0 0 1 1 0 1 0 0 0 0 0 0 0 0
0	1	0 0 0 1 0 1 0 0 1 0 1 0 0 0 0 0 0 1 0 0
0	4	0 0 0 0 0 1 0 1 0 1 0 0 1 0 0 0 0 0 0 0
0	3	1 0 1 0 0 0 0 0 0 0 0 0 0 0 0 1 0 0 0 1
20	6	0 0 0 1 1 0 0 0 1 1 0 1 0 0 0 0 0 0 0 0
20	2	0 0 0 1 0 1 0 0 1 0 1 0 0 0 0 0 0 1 0 0
20	2	0 0 0 1 1 0 0 0 1 1 0 1 1 0 0 0 0 0 0 0
40	5	0 0 0 1 1 0 0 0 1 1 0 1 0 0 0 0 0 0 0 0
40	1	0 0 0 1 1 0 1 0 1 1 0 1 0 0 0 0 0 0 0 0
40	1	0 0 0 1 1 0 0 0 1 1 0 1 0 0 0 1 0 0 0 0
40	1	1 0 1 1 0 0 1 0 1 0 1 0 0 0 0 0 0 1 0 0
40	1	0 0 0 1 1 1 0 0 1 1 0 1 0 0 0 0 0 1 0 0
40	1	0 0 0 1 1 0 0 0 1 1 0 1 0 0 0 0 0 0 1 0
60	2	0 0 0 1 1 0 0 0 1 1 0 1 0 0 0 0 0 0 0 0
60	1	0 0 0 1 1 0 0 0 1 1 0 1 1 0 0 0 0 0 0 0
60	2	0 0 0 1 1 0 0 1 1 1 0 1 0 0 0 0 0 0 0 0
60	1	0 0 0 1 0 1 0 0 1 1 0 1 0 0 0 0 0 0 1 0
60	1	0 0 0 1 1 0 0 0 1 1 0 1 0 0 0 1 0 0 0 0
60	1	0 0 0 1 1 0 1 0 1 1 0 1 0 0 0 0 0 1 0 0
60	1	0 0 0 1 1 0 0 1 1 1 0 1 1 0 0 0 1 0 0 0
60	1	0 0 0 1 1 0 0 0 1 1 0 1 0 1 0 0 0 0 0 0
80	2	0 0 0 1 1 0 1 0 1 1 0 1 0 0 0 0 0 0 0 0
80	1	0 0 0 1 1 0 0 1 1 1 0 1 0 0 0 0 0 0 0 0
80	1	1 0 0 1 1 0 0 0 1 1 1 1 0 0 0 0 0 0 0 0
80	1	0 0 0 1 1 0 0 1 1 1 0 1 0 0 0 0 0 1 0 0
80	1	0 0 1 1 1 0 1 0 1 1 0 1 0 0 0 0 0 0 0 0
80	1	0 0 1 1 0 1 1 0 1 1 0 1 0 0 0 0 0 0 0 0
80	1	0 0 0 1 1 0 0 0 1 1 1 1 0 0 0 0 0 0 0 1
80	1	0 1 0 1 1 1 0 1 1 1 0 1 0 0 0 0 1 0 0 1
80	1	0 0 0 1 1 0 1 0 1 1 0 1 0 0 0 1 0 0 0 0
100	2	0 0 0 1 1 0 0 1 1 1 0 1 0 0 0 0 0 0 0 0
100	1	0 0 0 1 1 0 0 1 1 1 0 1 0 0 0 0 0 1 0 0
100	2	0 0 1 1 1 0 1 0 1 1 1 1 1 0 0 0 1 0 0 0
100	1	0 0 0 1 0 1 0 0 1 0 0 0 0 0 0 0 0 0 0 0
100	1	0 0 0 1 1 1 0 1 1 0 1 0 0 0 0 0 0 1 0 0
100	1	0 0 0 1 1 1 1 0 1 0 1 0 0 0 0 0 0 0 0 0
100	1	0 0 0 1 0 1 0 1 1 0 1 0 0 0 0 0 0 1 0 0
100	1	0 0 0 1 0 1 1 0 1 1 1 1 0 0 0 0 0 0 1 0
120	1	0 0 0 1 1 0 1 0 1 1 0 1 0 0 0 0 0 0 0 0
120	1	0 0 0 1 1 0 0 1 1 1 0 1 0 0 0 0 0 0 0 0
120	1	0 0 0 1 1 0 0 0 1 1 0 1 0 0 0 0 0 1 0 0
120	1	1 0 0 1 0 1 0 0 1 0 1 0 0 0 0 0 0 0 0 0
120	1	0 0 0 1 1 0 0 1 1 1 0 0 1 0 0 0 0 0 0 0
120	1	0 0 0 1 1 0 0 1 1 1 0 1 0 1 0 0 0 0 0 0
120	1	1 0 0 1 1 0 0 1 1 1 0 1 0 0 0 0 1 0 0 0
120	1	1 0 0 1 1 0 0 1 1 1 0 1 0 0 0 0 0 0 0 0
120	1	0 1 0 1 1 0 0 1 1 1 0 0 1 1 0 0 0 0 0 0
120	1	0 1 0 1 1 0 0 1 1 1 1 0 1 0 0 0 0 0 0 0
140	1	0 0 0 1 1 0 0 1 1 1 0 1 0 0 0 0 0 0 0 0
140	1	0 0 1 1 0 1 1 0 1 1 0 1 0 0 0 0 0 0 0 0
140	1	0 1 1 1 1 0 1 1 1 1 0 1 0 1 0 1 0 0 0 0
140	2	0 1 1 1 1 0 1 1 1 1 0 1 0 0 0 1 0 0 0 0
140	1	0 0 0 1 1 0 0 1 1 0 0 1 0 0 0 1 0 0 0 0
140	1	0 0 1 1 1 0 1 0 1 0 0 1 0 1 0 0 0 0 0 0
140	1	0 0 1 1 1 0 1 1 1 1 0 1 1 1 0 0 0 0 0 0
140	1	1 0 0 1 0 0 0 1 1 1 0 1 0 0 0 0 0 0 0 0
140	1	0 1 1 1 1 0 1 1 1 1 0 1 0 0 0 1 0 0 0 1
160	1	0 0 1 1 1 0 1 1 1 1 0 1 0 0 0 0 0 0 0 0
160	1	0 0 0 1 1 0 0 1 1 0 0 1 0 0 0 0 0 0 0 0
160	1	0 1 0 1 1 0 0 1 1 1 1 1 0 0 0 0 0 0 0 0
160	1	1 0 0 1 0 0 0 1 1 1 0 1 0 0 0 0 0 0 0 0
160	1	0 0 1 1 1 0 1 1 1 1 0 1 0 0 0 1 0 0 0 0
160	1	0 1 0 1 1 0 0 1 1 1 1 0 1 0 0 0 0 0 0 0
160	1	0 1 1 1 1 0 0 1 1 1 0 0 1 0 0 0 0 0 0 0
160	1	0 1 0 1 0 0 1 1 1 0 0 1 0 0 0 0 0 0 0 0
160	1	0 0 1 1 0 1 1 1 1 1 0 1 1 0 0 0 0 0 0 0
160	1	0 0 0 1 1 0 1 0 1 0 0 1 0 1 0 0 0 0 0 0
180	1	0 0 0 1 1 0 0 1 1 1 0 0 1 0 0 0 0 0 0 0
180	2	0 1 1 1 1 0 1 1 1 1 0 1 0 0 0 1 0 0 0 0
180	1	0 0 0 1 0 0 1 1 1 1 0 1 0 0 0 0 0 0 0 0
180	1	0 0 1 1 1 0 0 1 1 1 0 0 0 1 0 1 0 0 0 0
180	1	0 0 0 1 1 0 0 1 1 1 0 1 1 0 0 0 0 0 1 0
180	1	0 1 0 1 0 1 1 0 1 1 1 1 0 0 0 0 0 0 0 0
180	1	0 1 1 1 1 0 1 1 1 1 0 1 0 1 0 0 0 0 0 0
180	1	0 1 0 1 1 1 0 1 0 1 0 1 1 0 0 0 0 0 0 0
180	1	0 0 1 1 1 0 0 1 1 1 0 1 0 0 0 0 0 0 0 0
200	1	0 1 1 1 1 1 0 1 1 1 0 1 1 0 0 0 0 0 0 0
200	1	0 1 0 1 0 1 0 1 1 1 0 1 0 0 0 0 0 0 0 0
200	1	0 0 1 1 0 1 1 0 1 1 1 1 0 0 0 0 0 0 1 0
200	1	0 1 1 1 1 1 1 1 1 1 0 1 0 0 0 1 0 0 0 0
200	1	0 0 1 1 0 1 1 0 1 1 0 1 0 0 0 1 0 0 0 1
200	1	0 1 0 1 1 0 0 1 1 0 0 1 0 0 0 0 1 0 0 0
200	1	0 0 1 1 0 1 1 1 1 1 0 0 0 0 0 1 0 0 0 0
200	1	0 1 0 1 1 0 1 1 1 1 1 0 1 0 0 0 0 0 0 0
200	1	0 0 1 1 0 0 0 1 1 1 1 1 0 0 0 1 0 0 0 0
200	1	0 0 1 1 1 0 0 1 1 1 1 1 0 0 1 0 0 0 0 0
220	1	0 0 1 1 0 1 1 0 1 1 1 1 0 0 0 0 0 0 0 0
220	1	0 1 1 1 1 0 0 1 1 0 0 1 0 0 0 1 1 0 0 0
220	1	0 0 0 1 0 1 0 1 1 1 1 1 0 0 0 0 0 0 0 0
220	1	0 1 1 1 1 0 1 1 1 1 0 1 0 0 1 0 0 0 0 0
220	1	0 0 1 1 0 0 0 1 1 1 1 1 0 0 0 0 0 0 0 0
220	1	0 1 1 1 1 0 0 1 1 1 0 1 1 0 0 0 0 0 0 0
220	1	0 1 1 1 1 1 1 1 1 1 1 1 0 0 0 0 0 0 0 0
220	1	0 0 1 0 0 1 1 0 1 1 0 1 0 0 0 1 0 0 0 0
220	1	0 1 1 1 1 1 0 1 1 1 0 1 0 0 0 0 0 0 0 0
220	1	0 0 1 1 0 1 1 0 1 1 1 0 0 0 0 0 0 0 0 0
240	1	0 0 1 1 0 1 1 0 1 1 0 1 0 0 0 0 0 0 0 0
240	2	0 1 1 1 1 1 1 1 1 1 0 1 0 0 0 0 0 0 0 0
240	1	1 0 1 1 0 1 1 0 1 1 1 1 0 0 0 0 0 1 0 0
240	1	0 1 1 1 1 1 1 1 1 1 1 1 0 0 0 0 0 0 0 0
240	1	0 1 1 1 1 1 0 1 1 1 0 1 0 0 0 0 0 0 0 0
240	1	0 1 1 1 0 0 0 1 0 1 1 1 0 0 0 0 0 0 0 0
240	1	1 1 1 1 1 0 0 1 1 1 0 1 1 0 0 0 0 0 0 0
240	1	0 0 1 1 0 0 0 1 1 1 0 1 0 1 0 1 0 0 0 0
240	1	0 0 1 1 0 1 1 1 1 1 0 1 0 0 0 0 0 0 0 0
260	1	0 0 1 1 0 1 1 0 1 1 0 1 0 0 0 0 0 0 0 0
260	1	0 1 0 1 1 1 0 1 1 1 0 1 1 0 0 0 0 0 0 0
260	1	0 1 1 1 1 1 0 1 1 1 0 1 1 0 0 0 0 0 0 0
260	1	0 1 1 1 1 1 1 1 1 1 0 1 0 0 0 1 0 0 0 0
260	1	0 1 1 1 1 0 1 1 1 1 0 1 0 1 1 0 0 0 0 0
260	1	0 1 1 1 0 0 0 1 0 1 1 1 0 0 0 1 0 0 0 0
260	1	0 1 1 1 0 0 1 1 1 1 0 1 0 0 0 0 0 0 0 0
260	1	0 1 1 1 0 1 1 0 1 1 0 1 0 1 0 0 0 0 0 0
260	1	0 0 1 1 0 1 1 0 1 1 1 1 0 0 0 0 0 0 0 0
260	1	0 1 0 1 1 0 0 0 1 1 0 1 1 0 0 0 0 0 0 0
280	4	0 1 1 1 1 1 1 1 1 1 0 1 0 0 0 0 0 0 0 0
280	1	0 1 1 1 0 1 1 0 1 1 1 1 0 0 0 0 0 0 0 0
280	1	0 1 1 1 1 1 1 1 1 1 0 1 0 0 1 0 0 0 0 0
280	1	0 0 0 1 1 0 0 1 1 1 0 1 0 0 0 0 0 0 0 0
280	1	0 1 1 0 0 0 0 1 0 1 1 1 0 0 0 0 0 0 0 0
280	1	0 0 1 1 0 0 1 0 0 1 0 1 0 0 1 0 0 0 0 0
280	1	1 1 1 1 1 1 0 1 1 1 0 1 1 0 0 0 0 0 0 0
300	3	0 1 1 1 1 1 1 1 1 1 0 1 0 0 0 0 0 0 0 0
300	1	0 1 1 1 0 1 1 0 1 1 1 1 0 0 0 0 0 0 0 0
300	1	0 1 1 1 1 0 1 1 1 1 0 1 0 0 1 0 0 0 0 0
300	1	0 1 1 1 1 1 1 1 1 0 0 1 0 0 0 0 1 0 0 0
300	1	1 0 1 1 1 1 1 1 1 1 0 1 1 0 0 0 0 0 0 1
300	2	0 0 1 1 1 0 1 1 1 1 0 1 1 0 0 0 0 0 0 0
300	1	0 1 1 1 0 1 1 1 1 1 0 1 1 1 0 1 0 0 0 0
320	1	0 1 1 1 1 1 1 1 1 1 0 1 0 0 0 0 0 0 0 0
320	1	0 1 1 1 1 0 0 1 1 1 0 1 1 0 0 0 0 0 0 0
320	1	0 1 1 1 1 1 1 1 1 1 1 1 0 0 0 0 0 0 0 0
320	1	0 1 0 1 1 1 0 1 1 1 0 1 1 0 0 1 0 0 0 0
320	1	0 1 1 1 1 0 1 1 1 1 0 1 0 0 1 0 0 0 0 0
320	1	1 0 1 1 1 0 1 1 1 1 0 0 0 0 0 1 0 0 0 0
320	1	1 1 1 1 0 1 1 0 1 1 1 1 0 0 0 0 0 0 0 0
320	1	1 1 1 1 1 1 1 1 1 1 0 1 0 0 0 0 0 0 0 0
320	1	0 1 1 1 1 0 1 1 1 1 0 0 0 0 1 0 0 0 0 0
320	1	1 1 1 1 1 0 1 1 1 1 0 1 0 0 1 0 0 0 0 0
340	1	1 1 1 1 1 0 0 1 1 1 1 1 0 0 0 0 0 0 0 0
340	1	0 1 0 1 1 1 0 1 1 1 0 1 1 0 0 1 0 0 0 0
340	1	0 1 1 1 1 0 1 1 1 1 0 1 0 0 1 0 0 0 0 0
340	1	0 1 1 1 1 0 0 1 1 1 0 1 1 0 1 0 0 0 0 0
340	1	1 1 1 1 1 1 1 1 1 1 1 1 0 0 0 0 0 0 0 0
340	1	1 1 1 1 0 0 0 1 1 1 1 1 1 1 0 0 0 0 0 1
340	1	1 1 1 1 1 0 1 1 1 1 0 1 0 1 0 1 0 0 0 0
340	1	0 1 1 1 1 0 1 1 1 0 0 0 0 0 1 0 0 0 0 0
340	1	1 0 1 1 0 0 0 1 0 1 1 1 1 1 0 1 0 0 1 0
340	1	1 1 1 1 0 0 0 1 1 1 0 1 1 0 0 0 0 0 0 0
360	1	1 1 1 1 1 0 1 1 1 1 0 1 0 0 1 0 0 0 0 0
360	1	1 1 1 1 1 0 1 1 1 1 0 1 0 0 0 0 0 0 0 0
360	1	1 1 1 1 0 0 0 1 1 1 0 1 0 0 0 0 0 0 0 0
360	1	1 0 1 1 1 0 0 1 1 1 0 1 1 0 0 0 0 0 0 1
360	1	1 1 1 1 0 0 0 1 1 1 1 1 1 1 0 0 0 0 0 0
360	1	1 1 1 1 0 1 0 0 1 1 1 1 0 1 0 1 0 0 0 0
360	1	1 1 1 1 0 0 0 1 1 1 1 1 1 1 0 1 0 0 0 1
360	1	1 1 1 1 0 0 0 1 1 0 1 1 1 1 0 1 0 0 0 0
360	1	1 1 1 1 0 0 0 1 0 1 0 1 0 0 1 1 0 0 0 0
360	1	1 1 1 1 0 0 0 1 1 1 1 0 0 1 0 0 0 0 0 0
380	1	1 1 1 1 1 1 1 1 1 1 1 1 0 0 0 0 0 0 0 0
380	1	1 1 1 1 0 0 0 1 0 1 1 1 0 0 0 1 0 0 0 0
380	1	1 1 1 1 1 0 1 1 1 1 0 1 0 0 1 0 0 0 0 0
380	2	1 1 1 1 0 1 0 1 1 1 1 1 0 1 0 1 0 0 0 0
380	1	1 1 1 1 0 0 0 1 1 1 0 1 0 0 0 0 0 0 0 0
380	1	1 1 1 1 0 0 0 1 1 1 1 1 1 1 0 1 0 0 0 1
380	1	0 1 1 1 0 1 0 1 1 1 1 1 0 1 0 1 0 0 0 0
380	1	1 1 0 1 0 0 1 0 1 1 1 1 0 0 1 1 1 0 0 0
380	1	1 1 1 1 0 0 1 1 1 1 1 1 0 0 0 0 0 0 0 0
400	1	1 1 1 1 1 0 0 1 1 1 1 1 0 0 0 0 0 0 0 0
400	1	1 1 1 1 0 0 0 1 1 1 0 1 0 1 0 1 0 0 0 0
400	1	0 1 1 1 0 1 0 1 1 1 1 1 0 1 0 1 0 0 0 0
400	1	1 1 1 1 0 1 0 1 1 1 1 1 0 1 0 0 0 0 0 0
400	2	1 0 1 1 0 1 1 0 1 1 1 1 0 0 0 0 0 0 0 0
400	1	0 1 1 1 0 1 1 0 1 1 1 1 0 0 0 0 0 1 0 0
400	1	1 0 1 1 0 0 0 0 1 1 1 1 1 0 0 0 0 0 0 0
400	1	1 1 1 1 1 1 0 0 1 1 1 1 1 1 0 1 0 0 0 0
400	1	1 1 1 1 0 1 0 1 1 1 0 1 0 0 0 0 0 0 1 0
420	1	1 1 1 1 1 0 0 1 1 1 1 1 0 0 0 0 0 0 0 0
420	1	1 1 1 1 0 0 0 1 1 1 0 1 0 1 0 1 0 0 0 0
420	1	1 0 1 1 0 0 0 0 1 1 0 1 0 0 1 1 0 0 0 0
420	1	1 1 1 1 0 0 0 1 1 1 1 0 0 0 0 1 0 0 0 0
420	2	1 1 1 1 1 0 0 1 1 1 1 0 0 0 0 0 0 0 0 0
420	1	1 1 1 1 0 0 0 0 0 1 1 1 1 1 0 1 0 0 0 0
420	1	1 1 1 1 0 1 0 1 0 1 1 1 0 1 0 1 0 0 0 0
420	2	1 1 1 0 0 1 0 1 1 1 1 1 0 1 0 0 0 0 0 0
440	1	1 1 1 1 1 0 0 1 1 0 1 1 1 1 0 1 0 0 0 0
440	3	1 1 1 1 1 0 0 0 1 0 1 1 1 0 0 0 0 0 0 0
440	1	1 1 1 1 1 1 0 0 1 1 1 1 1 1 0 1 0 0 0 0
440	1	1 1 1 1 0 0 0 0 1 1 1 1 1 1 0 1 0 0 0 0
440	1	1 1 1 1 0 0 0 0 1 1 1 1 1 1 0 1 1 0 0 0
440	1	1 1 1 1 0 0 0 0 0 1 1 1 0 0 1 1 0 0 0 0
440	1	1 1 1 1 0 1 1 0 1 1 0 1 0 1 1 0 0 0 0 0
440	1	1 1 1 1 1 0 0 1 1 1 1 0 0 1 0 0 0 0 0 0
460	1	1 1 1 1 1 1 0 0 1 1 1 1 1 1 0 1 0 0 0 0
460	1	1 1 1 1 1 0 0 1 1 1 1 0 0 0 0 0 0 0 0 0
460	1	1 1 1 1 0 0 0 0 1 1 1 1 0 1 1 1 0 0 0 0
460	1	1 0 1 1 0 0 0 0 1 1 0 1 1 1 1 1 0 0 0 0
460	1	1 1 1 1 0 0 0 1 1 1 1 1 0 1 0 0 0 0 0 0
460	1	1 1 1 1 0 0 0 0 1 1 1 1 0 0 0 1 0 0 0 0
460	1	1 1 1 1 0 0 0 1 0 1 1 1 0 0 0 1 0 0 0 0
460	1	1 1 1 1 0 1 0 0 1 1 0 1 1 1 0 1 0 0 0 0
460	1	1 1 1 1 0 1 0 0 0 1 1 1 1 1 0 1 0 0 0 0
460	1	1 1 1 1 1 1 0 0 1 1 1 1 0 1 0 0 0 0 0 0
480	2	1 1 1 1 1 1 0 0 1 1 1 1 1 1 0 1 0 0 0 0
480	1	1 1 1 1 0 0 0 0 1 1 0 1 0 0 0 1 0 0 0 0
480	1	1 0 1 1 0 0 0 0 1 1 0 1 1 1 1 1 0 0 0 0
480	1	0 1 1 1 1 0 1 0 1 1 1 1 1 1 0 1 0 0 0 0
480	1	1 1 1 1 0 1 0 0 1 1 0 1 1 1 0 1 0 0 0 0
480	2	1 0 1 1 0 0 0 0 1 1 0 1 0 0 0 0 0 0 0 0
480	1	1 1 1 1 0 0 0 0 1 1 0 1 1 1 1 1 0 0 0 0
480	1	1 1 1 1 0 0 0 0 1 1 0 1 1 0 0 0 0 0 0 0
500	1	1 1 1 1 1 1 0 0 1 1 1 1 1 1 0 1 0 0 0 0
500	1	1 1 1 1 0 0 0 0 1 1 1 1 0 1 0 1 0 0 0 0
500	1	1 1 1 1 0 0 0 0 1 1 0 1 1 1 1 0 0 0 0 0
500	1	1 0 1 1 0 0 0 0 1 1 0 1 0 0 0 1 0 0 0 0
500	1	1 1 0 1 0 0 0 0 1 1 1 1 1 1 0 1 0 0 0 0
500	1	1 1 1 1 1 1 0 0 1 1 1 1 0 1 1 1 0 0 0 0
500	1	1 0 1 1 0 1 0 0 1 1 1 1 1 1 0 1 0 0 0 0
500	1	1 1 1 1 0 0 0 0 1 1 1 1 0 1 0 1 1 0 0 0
500	1	1 1 1 1 0 0 0 0 1 1 1 1 1 1 0 1 0 0 0 0
500	1	1 1 1 1 0 1 0 0 1 1 1 1 0 1 0 1 0 0 0 0
